Processed/SBE19plus_01907321_2022_05_04_Cast08_wfilter.cnv
* Sea-Bird SBE19plus  Data File:
* FileName = E:\Prandtl Daten\2022\CTD\Raw\SBE19plus_01907321_2022_05_04_Cast0708_0008.hex
* Software version 2.6.1.12
* Temperature SN = 7321
* Conductivity SN = 7321
* System UpLoad Time = May 04 2022 06:21:56
* <ApplicationData>
* <Seaterm232>
** Messpraktikum 2022
** CTD 04.05 BW1+2
# nquan = 11
# nvalues = 629                         
# units = specified
# name 0 = timeJ: Julian Days
# name 1 = prdM: Pressure, Strain Gauge [db]
# name 2 = tv290C: Temperature [ITS-90, deg C]
# name 3 = c0mS/cm: Conductivity [mS/cm]
# name 4 = sal00: Salinity, Practical [PSU]
# name 5 = depSM: Depth [salt water, m], lat = 54.00
# name 6 = oxsatMm/Kg: Oxygen Saturation, Weiss [umol/kg]
# name 7 = oxsolMm/Kg: Oxygen Saturation, Garcia & Gordon [umol/kg]
# name 8 = turbWETntu0: Turbidity, WET Labs ECO [NTU]
# name 9 = flECO-AFL: Fluorescence, WET Labs ECO-AFL/FL [mg/m^3]
# name 10 = flag:  0.000e+00
# span 0 = 124.257454, 124.259271       
# span 1 =      0.650,     15.467       
# span 2 =    12.5287,    12.5646       
# span 3 =  31.973103,  32.050381       
# span 4 =    26.9030,    26.9729       
# span 5 =      0.644,     15.328       
# span 6 =  275.30110,  275.50623       
# span 7 =  275.44181,  275.64482       
# span 8 =    34.9218,   236.5093       
# span 9 =    10.8925,    21.0743       
# span 10 = 0.0000e+00, 0.0000e+00      
# interval = seconds: 0.25
# start_time = May 04 2022 06:09:22 [Instrument's time stamp, header]
# bad_flag = -9.990e-29
*END*
[from data line 132]
 124.257836      3.837    12.5353  31.974315    26.9055      3.802  275.47609  275.61511    38.2369    10.9450 0.0000e+00
 124.257839      3.869    12.5348  31.974720    26.9058      3.835  275.47761  275.61658    38.2525    10.9855 0.0000e+00
 124.257841      3.902    12.5344  31.974720    26.9059      3.867  275.47921  275.61816    38.3303    10.9572 0.0000e+00
 124.257844      3.930    12.5342  31.974489    26.9061      3.894  275.48059  275.61953    38.7194    11.3332 -9.990e-29
 124.257847      3.953    12.5337  31.975067    26.9069      3.918  275.48179  275.62069    38.6572    11.3009 -9.990e-29
 124.257850      3.971    12.5338  31.975298    26.9070      3.936  275.48075  275.61966    38.7661    11.3130 -9.990e-29
 124.257853      3.988    12.5341  31.974720    26.9062      3.952  275.48053  275.61947    38.6572    11.3575 -9.990e-29
 124.257856      4.010    12.5343  31.975067    26.9065      3.974  275.47929  275.61823    38.6105    11.3211 -9.990e-29
 124.257859      4.030    12.5342  31.974489    26.9060      3.994  275.48066  275.61960    42.0969    12.0004 -9.990e-29
 124.257862      4.052    12.5337  31.974721    26.9065      4.016  275.48247  275.62138    41.9257    12.0166 -9.990e-29
 124.257865      4.079    12.5333  31.974721    26.9068      4.042  275.48407  275.62296    41.7700    11.9964 -9.990e-29
 124.257867      4.102    12.5330  31.975068    26.9073      4.066  275.48505  275.62391    41.8634    11.9883 -9.990e-29
 124.257870      4.126    12.5328  31.974894    26.9071      4.089  275.48633  275.62517    41.5677    11.9721 -9.990e-29
 124.257873      4.152    12.5323  31.974317    26.9071      4.115  275.48960  275.62841    41.2408    12.0004 0.0000e+00
 124.257876      4.181    12.5314  31.973912    26.9071      4.144  275.49446  275.63322    41.3031    12.0247 -9.990e-29
 124.257879      4.203    12.5306  31.973508    26.9076      4.166  275.49868  275.63739    41.2875    11.9883 -9.990e-29
 124.257882      4.233    12.5297  31.973103    26.9078      4.195  275.50354  275.64219    42.5638    12.1379 -9.990e-29
 124.257885      4.256    12.5291  31.973161    26.9083      4.218  275.50598  275.64460    42.7039    12.1581 -9.990e-29
 124.257888      4.278    12.5287  31.973913    26.9092      4.240  275.50623  275.64482    42.5327    12.1298 -9.990e-29
 124.257891      4.296    12.5288  31.974895    26.9101      4.258  275.50417  275.64275    42.6727    12.0934 -9.990e-29
 124.257894      4.314    12.5292  31.976514    26.9113      4.276  275.49938  275.63797    43.6377    12.7364 -9.990e-29
 124.257896      4.336    12.5301  31.976514    26.9107      4.298  275.49559  275.63425    43.5132    12.7364 -9.990e-29
 124.257899      4.364    12.5314  31.977323    26.9105      4.325  275.48846  275.62719    43.6689    12.7283 -9.990e-29
 124.257902      4.386    12.5323  31.977323    26.9089      4.346  275.48436  275.62315    43.5910    12.7080 -9.990e-29
 124.257905      4.420    12.5330  31.976918    26.9092      4.381  275.48194  275.62078    43.7934    12.7000 0.0000e+00
 124.257908      4.448    12.5333  31.977727    26.9092      4.408  275.47925  275.61810    45.6299    12.5018 0.0000e+00
 124.257911      4.479    12.5335  31.977901    26.9095      4.439  275.47801  275.61687    45.7545    12.5342 -9.990e-29
 124.257914      4.504    12.5334  31.978305    26.9099      4.464  275.47761  275.61647    45.8012    12.5301 -9.990e-29
 124.257917      4.530    12.5336  31.979115    26.9105      4.489  275.47555  275.61440    45.7389    12.5382 -9.990e-29
 124.257920      4.555    12.5341  31.980906    26.9118      4.515  275.46982  275.60870    44.8673    12.2107 -9.990e-29
 124.257922      4.572    12.5347  31.979461    26.9100      4.531  275.46989  275.60882    44.8517    12.1783 -9.990e-29
 124.257925      4.586    12.5348  31.978710    26.9093      4.545  275.47093  275.60987    44.7428    12.2066 -9.990e-29
 124.257928      4.604    12.5345  31.978074    26.9089      4.563  275.47335  275.61227    44.7428    12.1783 -9.990e-29
 124.257931      4.619    12.5339  31.979115    26.9103      4.578  275.47402  275.61290    45.9724    12.9345 -9.990e-29
 124.257934      4.641    12.5341  31.980097    26.9098      4.600  275.47133  275.61021    45.9724    12.9992 -9.990e-29
 124.257937      4.668    12.5345  31.979115    26.9098      4.627  275.47152  275.61044    46.1591    12.9668 0.0000e+00
 124.257940      4.700    12.5345  31.979115    26.9098      4.657  275.47154  275.61046    46.1747    12.9749 0.0000e+00
 124.257943      4.734    12.5344  31.980329    26.9110      4.692  275.46971  275.60861    46.7973    12.4209 0.0000e+00
 124.257946      4.764    12.5348  31.981312    26.9116      4.721  275.46638  275.60530    46.9062    12.4654 0.0000e+00
 124.257948      4.796    12.5356  31.983508    26.9127      4.754  275.45867  275.59762    46.7039    12.4452 0.0000e+00
 124.257951      4.822    12.5367  31.983912    26.9127      4.779  275.45321  275.59223    46.8128    12.4331 0.0000e+00
 124.257954      4.849    12.5378  31.984317    26.9125      4.806  275.44744  275.58653    46.6572    12.4735 0.0000e+00
 124.257957      4.875    12.5386  31.984433    26.9122      4.831  275.44377  275.58291    45.5988    12.3441 -9.990e-29
 124.257960      4.898    12.5391  31.984086    26.9111      4.854  275.44219  275.58136    45.3965    12.3118 -9.990e-29
 124.257963      4.909    12.5392  31.983739    26.9107      4.865  275.44250  275.58168    45.4432    12.3118 -9.990e-29
 124.257966      4.924    12.5390  31.984722    26.9117      4.880  275.44138  275.58055    45.5521    12.3320 -9.990e-29
 124.257969      4.933    12.5393  31.985531    26.9123      4.888  275.43867  275.57785    48.8829    13.3186 -9.990e-29
 124.257972      4.947    12.5396  31.986340    26.9128      4.903  275.43597  275.57515    48.7739    13.2944 -9.990e-29
 124.257975      4.967    12.5404  31.986340    26.9122      4.923  275.43218  275.57142    48.8050    13.3348 -9.990e-29
 124.257977      4.991    12.5407  31.985936    26.9115      4.946  275.43166  275.57092    48.8673    13.3429 -9.990e-29
 124.257980      5.020    12.5409  31.985936    26.9111      4.975  275.43073  275.57000    45.4432    13.0032 0.0000e+00
 124.257983      5.057    12.5408  31.985127    26.9113      5.011  275.43283  275.57211    45.3654    13.0235 0.0000e+00
 124.257986      5.095    12.5406  31.985531    26.9113      5.049  275.43308  275.57234    45.3342    12.9871 0.0000e+00
 124.257989      5.131    12.5404  31.985705    26.9116      5.086  275.43375  275.57299    45.2564    12.9992 0.0000e+00
 124.257992      5.168    12.5403  31.985705    26.9116      5.122  275.43409  275.57332    45.2564    11.8144 0.0000e+00
 124.257995      5.201    12.5406  31.986167    26.9116      5.154  275.43201  275.57127    45.2564    11.8265 -9.990e-29
 124.257998      5.223    12.5407  31.985936    26.9116      5.176  275.43212  275.57138    45.3965    11.8427 -9.990e-29
 124.258001      5.239    12.5407  31.984896    26.9106      5.192  275.43400  275.57327    45.1319    11.7982 -9.990e-29
 124.258003      5.248    12.5404  31.984491    26.9104      5.201  275.43568  275.57494    45.3342    11.8063 -9.990e-29
 124.258006      5.256    12.5402  31.985127    26.9111      5.209  275.43549  275.57473    44.4782    12.8334 -9.990e-29
 124.258009      5.263    12.5400  31.985301    26.9114      5.216  275.43614  275.57536    44.5560    12.8577 -9.990e-29
 124.258012      5.278    12.5401  31.986110    26.9117      5.230  275.43438  275.57360    44.6650    12.8657 -9.990e-29
 124.258015      5.307    12.5407  31.986110    26.9106      5.259  275.43187  275.57113    44.5405    12.8496 0.0000e+00
 124.258018      5.342    12.5409  31.983914    26.9098      5.294  275.43488  275.57417    44.5716    12.6150 0.0000e+00
 124.258021      5.374    12.5409  31.984318    26.9098      5.326  275.43386  275.57315    44.4626    12.5584 0.0000e+00
 124.258024      5.411    12.5406  31.984087    26.9099      5.362  275.43588  275.57515    44.5871    12.5584 0.0000e+00
 124.258027      5.446    12.5400  31.983741    26.9099      5.397  275.43905  275.57829    44.6338    12.5180 0.0000e+00
 124.258030      5.477    12.5392  31.983510    26.9099      5.428  275.44297  275.58216    45.4587    12.2592 -9.990e-29
 124.258032      5.500    12.5388  31.983105    26.9102      5.451  275.44561  275.58478    45.3965    12.2511 -9.990e-29
 124.258035      5.524    12.5387  31.983336    26.9104      5.475  275.44553  275.58469    45.7233    12.2511 -9.990e-29
 124.258038      5.542    12.5384  31.983105    26.9105      5.493  275.44754  275.58668    45.6922    12.2592 -9.990e-29
 124.258041      5.555    12.5382  31.983105    26.9106      5.505  275.44849  275.58762    48.4626    13.5815 -9.990e-29
 124.258044      5.568    12.5377  31.983510    26.9113      5.518  275.44968  275.58877    48.6961    13.5693 -9.990e-29
 124.258047      5.584    12.5373  31.984493    26.9125      5.534  275.44983  275.58888    48.4938    13.5613 -9.990e-29
 124.258050      5.606    12.5372  31.985533    26.9137      5.556  275.44829  275.58733    48.5249    13.6098 -9.990e-29
 124.258053      5.635    12.5375  31.985938    26.9146      5.585  275.44664  275.58569    48.5405    13.5653 0.0000e+00
 124.258056      5.668    12.5378  31.988134    26.9155      5.617  275.44114  275.58019    54.3148    13.5046 0.0000e+00
 124.258058      5.699    12.5385  31.991545    26.9182      5.648  275.43220  275.57126    54.2525    13.5289 0.0000e+00
 124.258061      5.732    12.5396  31.993164    26.9182      5.681  275.42426  275.56338    54.2058    13.4642 0.0000e+00
 124.258064      5.763    12.5410  31.993048    26.9184      5.711  275.41816  275.55737    54.2992    13.5249 0.0000e+00
 124.258067      5.796    12.5419  31.992354    26.9178      5.744  275.41562  275.55490    51.0307    13.1690 -9.990e-29
 124.258070      5.817    12.5419  31.989926    26.9142      5.765  275.41967  275.55898    50.8906    13.1326 -9.990e-29
 124.258073      5.834    12.5414  31.991140    26.9157      5.781  275.42004  275.55930    51.0930    13.1528 -9.990e-29
 124.258076      5.848    12.5409  31.991950    26.9168      5.796  275.42050  275.55972    50.9685    13.1084 -9.990e-29
 124.258079      5.863    12.5410  31.993511    26.9182      5.810  275.41740  275.55661    51.9023    14.2527 -9.990e-29
 124.258082      5.874    12.5416  31.996517    26.9205      5.821  275.40917  275.54839    51.6844    14.2689 -9.990e-29
 124.258084      5.888    12.5425  31.998366    26.9216      5.836  275.40207  275.54133    51.6222    14.2527 -9.990e-29
 124.258087      5.910    12.5440  32.000563    26.9226      5.857  275.39150  275.53084    51.8089    14.2891 -9.990e-29
 124.258090      5.934    12.5454  31.999349    26.9186      5.881  275.38736  275.52681    54.0346    14.0424 -9.990e-29
 124.258093      5.970    12.5458  31.997730    26.9186      5.917  275.38839  275.52787    53.9568    14.0465 0.0000e+00
 124.258096      6.005    12.5456  31.997557    26.9186      5.952  275.38967  275.52915    53.8790    13.9939 0.0000e+00
 124.258099      6.046    12.5453  31.998020    26.9192      5.992  275.39013  275.52959    54.0502    14.0465 0.0000e+00
 124.258102      6.075    12.5453  31.998135    26.9193      6.020  275.39026  275.52971    53.8634    14.0303 0.0000e+00
 124.258105      6.106    12.5454  31.998540    26.9194      6.051  275.38892  275.52838    51.7000    13.1286 0.0000e+00
 124.258108      6.135    12.5456  31.997962    26.9196      6.080  275.38903  275.52850    51.8401    13.1326 -9.990e-29
 124.258111      6.159    12.5455  31.997558    26.9186      6.103  275.39040  275.52987    51.9334    13.1609 -9.990e-29
 124.258113      6.175    12.5450  31.996922    26.9184      6.120  275.39377  275.53321    51.5755    13.1124 -9.990e-29
 124.258116      6.190    12.5451  31.997327    26.9187      6.134  275.39273  275.53218    54.3615    14.3902 -9.990e-29
 124.258119      6.204    12.5448  31.998367    26.9198      6.149  275.39183  275.53125    54.2214    14.4306 -9.990e-29
 124.258122      6.219    12.5452  31.999177    26.9203      6.163  275.38881  275.52824    54.2992    14.4023 -9.990e-29
 124.258125      6.230    12.5458  32.000969    26.9215      6.174  275.38276  275.52222    54.1280    14.3781 -9.990e-29
 124.258128      6.252    12.5467  32.000969    26.9197      6.196  275.37897  275.51849    56.0735    14.7380 -9.990e-29
 124.258131      6.277    12.5475  32.000333    26.9196      6.221  275.37665  275.51622    56.0268    14.7420 0.0000e+00
 124.258134      6.310    12.5477  32.000275    26.9197      6.254  275.37582  275.51541    55.9646    14.7380 0.0000e+00
 124.258137      6.341    12.5475  32.000738    26.9201      6.284  275.37565  275.51522    56.0268    14.7299 0.0000e+00
 124.258139      6.372    12.5474  32.002356    26.9216      6.315  275.37340  275.51295    60.4004    14.3619 0.0000e+00
 124.258142      6.403    12.5476  32.005363    26.9230      6.346  275.36709  275.50662    60.4471    14.3498 0.0000e+00
 124.258145      6.436    12.5482  32.004553    26.9243      6.378  275.36603  275.50561    60.4626    14.3295 -9.990e-29
 124.258148      6.458    12.5486  32.005363    26.9236      6.400  275.36270  275.50229    60.4626    14.3498 -9.990e-29
 124.258151      6.485    12.5487  32.005594    26.9237      6.427  275.36167  275.50127    60.4626    14.3295 -9.990e-29
 124.258154      6.505    12.5487  32.004958    26.9231      6.447  275.36314  275.50274    64.6805    14.9967 -9.990e-29
 124.258157      6.519    12.5484  32.005941    26.9242      6.461  275.36265  275.50223    64.6805    14.9684 -9.990e-29
 124.258160      6.534    12.5485  32.008196    26.9263      6.476  275.35831  275.49787    64.5871    14.9927 -9.990e-29
 124.258163      6.549    12.5490  32.012186    26.9296      6.490  275.34896  275.48851    64.6650    14.9887 -9.990e-29
 124.258166      6.569    12.5501  32.011550    26.9282      6.510  275.34505  275.48468    62.9529    15.1181 -9.990e-29
 124.258168      6.596    12.5507  32.012012    26.9280      6.537  275.34139  275.48106    62.9062    15.1019 0.0000e+00
 124.258171      6.624    12.5510  32.011781    26.9277      6.565  275.34056  275.48025    62.8284    15.1383 0.0000e+00
 124.258174      6.655    12.5508  32.011608    26.9277      6.595  275.34184  275.48152    62.8751    15.0978 0.0000e+00
 124.258177      6.689    12.5507  32.013400    26.9295      6.629  275.33928  275.47894    61.7856    14.3457 0.0000e+00
 124.258180      6.724    12.5509  32.015597    26.9314      6.664  275.33442  275.47407    62.0191    14.3538 0.0000e+00
 124.258183      6.750    12.5514  32.016176    26.9314      6.689  275.33119  275.47086    61.9568    14.3457 0.0000e+00
 124.258186      6.775    12.5520  32.016002    26.9315      6.714  275.32867  275.46839    61.8790    14.3376 -9.990e-29
 124.258189      6.799    12.5521  32.014383    26.9293      6.738  275.33127  275.47101    59.5132    14.6166 -9.990e-29
 124.258192      6.823    12.5520  32.015019    26.9300      6.762  275.33046  275.47019    59.6689    14.6692 -9.990e-29
 124.258194      6.837    12.5519  32.013574    26.9287      6.776  275.33337  275.47311    59.4510    14.6652 -9.990e-29
 124.258197      6.854    12.5515  32.012360    26.9278      6.792  275.33746  275.47718    59.4510    14.6773 -9.990e-29
 124.258200      6.876    12.5517  32.012186    26.9276      6.814  275.33715  275.47688    59.4976    14.6935 -9.990e-29
 124.258203      6.892    12.5517  32.012013    26.9274      6.831  275.33747  275.47721    57.4276    14.7905 -9.990e-29
 124.258206      6.916    12.5516  32.012013    26.9272      6.854  275.33780  275.47753    57.5833    14.8148 -9.990e-29
 124.258209      6.943    12.5516  32.011782    26.9276      6.881  275.33823  275.47797    57.5521    14.7865 0.0000e+00
