Processed/SBE19plus_01907321_2022_05_10_Cast107_wfilter.cnv
* Sea-Bird SBE19plus  Data File:
* FileName = E:\Prandtl_Daten\2022\CTD\Raw\SBE19plus_01907321_2022_05_09_Cast107.hex
* Software version 2.6.1.12
* Temperature SN = 7321
* Conductivity SN = 7321
* System UpLoad Time = May 10 2022 08:20:34
* <ApplicationData>
* <Seaterm232>
** Messpraktikum 2022
** CTD 09.05  BE
** NMEA Latitude = 54 07 547N
** NMEA Longitude = 008 51 781E
# nquan = 11
# nvalues = 625                         
# units = specified
# name 0 = timeJ: Julian Days
# name 1 = prdM: Pressure, Strain Gauge [db]
# name 2 = tv290C: Temperature [ITS-90, deg C]
# name 3 = c0mS/cm: Conductivity [mS/cm]
# name 4 = sal00: Salinity, Practical [PSU]
# name 5 = depSM: Depth [salt water, m], lat = 54.00
# name 6 = oxsatMm/Kg: Oxygen Saturation, Weiss [umol/kg]
# name 7 = oxsolMm/Kg: Oxygen Saturation, Garcia & Gordon [umol/kg]
# name 8 = turbWETntu0: Turbidity, WET Labs ECO [NTU]
# name 9 = flECO-AFL: Fluorescence, WET Labs ECO-AFL/FL [mg/m^3]
# name 10 = flag:  0.000e+00
# span 0 = 130.342222, 130.344028       
# span 1 =      0.504,     15.685       
# span 2 =    13.7491,    13.8342       
# span 3 =  33.011293,  33.122764       
# span 4 =    26.9826,    27.0719       
# span 5 =      0.499,     15.544       
# span 6 =  267.84177,  268.30554       
# span 7 =  268.05215,  268.51289       
# span 8 =     4.2136,    13.1786       
# span 9 =     3.1934,     4.8068       
# span 10 = 0.0000e+00, 0.0000e+00      
# interval = seconds: 0.25
# start_time = May 10 2022 08:11:37 [Instrument's time stamp, header]
# bad_flag = -9.990e-29
*END*
[from data line 525]
 130.343741     13.284    13.7527  33.097738    27.0692     13.165  268.23063  268.43636     8.5249     4.1517 -9.990e-29
 130.343744     13.299    13.7527  33.098499    27.0699     13.180  268.22967  268.43539     8.4626     4.0991 -9.990e-29
 130.343747     13.315    13.7528  33.098499    27.0698     13.196  268.22905  268.43478     8.5871     4.1072 -9.990e-29
 130.343750     13.334    13.7531  33.098558    27.0696     13.214  268.22771  268.43346     9.7389     4.4469 -9.990e-29
 130.343753     13.352    13.7534  33.098324    27.0692     13.232  268.22686  268.43263     9.7545     4.4307 -9.990e-29
 130.343756     13.369    13.7533  33.098089    27.0695     13.249  268.22758  268.43334     9.9724     4.4307 -9.990e-29
 130.343759     13.398    13.7531  33.098382    27.0689     13.278  268.22804  268.43379     9.9101     4.4631 0.0000e+00
 130.343762     13.425    13.7531  33.097094    27.0692     13.305  268.23023  268.43599     8.6650     4.2892 0.0000e+00
 130.343764     13.454    13.7529  33.097972    27.0692     13.334  268.22971  268.43545     8.6961     4.3013 0.0000e+00
 130.343767     13.489    13.7527  33.098500    27.0699     13.368  268.22978  268.43551     8.8517     4.3418 0.0000e+00
 130.343770     13.522    13.7528  33.098734    27.0699     13.400  268.22878  268.43451     8.7895     4.3337 0.0000e+00
 130.343773     13.553    13.7531  33.098734    27.0699     13.431  268.22754  268.43329     9.0541     4.0587 0.0000e+00
 130.343776     13.580    13.7533  33.098090    27.0697     13.458  268.22771  268.43347     9.0229     4.0425 -9.990e-29
 130.343779     13.598    13.7535  33.098324    27.0691     13.476  268.22669  268.43247     9.0852     4.0749 -9.990e-29
 130.343782     13.615    13.7533  33.097973    27.0689     13.493  268.22792  268.43369     9.0696     4.0749 -9.990e-29
 130.343785     13.633    13.7530  33.097504    27.0686     13.511  268.22998  268.43573     8.9296     4.0708 -9.990e-29
 130.343788     13.646    13.7527  33.097563    27.0690     13.523  268.23146  268.43719     9.7545     4.3701 -9.990e-29
 130.343791     13.667    13.7523  33.097915    27.0695     13.545  268.23245  268.43815     9.7233     4.3903 -9.990e-29
 130.343793     13.688    13.7522  33.098501    27.0702     13.565  268.23210  268.43779     9.7700     4.3337 -9.990e-29
 130.343796     13.713    13.7526  33.097973    27.0688     13.590  268.23112  268.43684     9.7700     4.3498 -9.990e-29
 130.343799     13.740    13.7530  33.097680    27.0688     13.617  268.23006  268.43581    10.0502     4.4833 0.0000e+00
 130.343802     13.780    13.7528  33.097505    27.0688     13.657  268.23101  268.43675    10.0657     4.4792 0.0000e+00
 130.343805     13.817    13.7523  33.097388    27.0690     13.693  268.23342  268.43914    10.0191     4.5075 0.0000e+00
 130.343808     13.855    13.7522  33.098501    27.0701     13.731  268.23220  268.43790     9.8945     4.4833 0.0000e+00
 130.343811     13.888    13.7525  33.098970    27.0702     13.764  268.23018  268.43589     9.2564     4.1153 0.0000e+00
 130.343814     13.913    13.7530  33.098970    27.0703     13.789  268.22800  268.43374     9.3187     4.0910 -9.990e-29
 130.343817     13.930    13.7533  33.098735    27.0695     13.805  268.22715  268.43291     9.1941     4.0991 -9.990e-29
 130.343819     13.942    13.7534  33.098384    27.0691     13.817  268.22712  268.43289     9.2253     4.1274 -9.990e-29
 130.343822     13.948    13.7537  33.099790    27.0701     13.823  268.22350  268.42928     8.2292     4.4590 -9.990e-29
 130.343825     13.957    13.7540  33.098736    27.0690     13.832  268.22403  268.42983     8.2914     4.4267 -9.990e-29
 130.343828     13.970    13.7539  33.098736    27.0690     13.844  268.22435  268.43015     8.2447     4.4550 -9.990e-29
 130.343831     13.990    13.7536  33.098326    27.0690     13.864  268.22631  268.43209     8.2914     4.4388 -9.990e-29
 130.343834     14.022    13.7531  33.098150    27.0683     13.897  268.22882  268.43457     8.2447     4.4388 0.0000e+00
 130.343837     14.059    13.7530  33.096451    27.0681     13.933  268.23201  268.43778     8.3381     4.2892 0.0000e+00
 130.343840     14.095    13.7523  33.096452    27.0681     13.969  268.23517  268.44089     8.2603     4.3175 0.0000e+00
 130.343843     14.141    13.7519  33.098561    27.0702     14.014  268.23322  268.43890     8.1980     4.3337 0.0000e+00
 130.343845     14.175    13.7524  33.099967    27.0707     14.048  268.22899  268.43469     8.2914     4.2892 0.0000e+00
 130.343848     14.206    13.7532  33.099146    27.0712     14.079  268.22694  268.43269     9.2875     3.9940 -9.990e-29
 130.343851     14.225    13.7537  33.098151    27.0686     14.097  268.22643  268.43222     9.3187     3.9697 -9.990e-29
 130.343854     14.241    13.7535  33.098971    27.0695     14.113  268.22600  268.43177     9.3031     3.9778 -9.990e-29
 130.343857     14.250    13.7537  33.100552    27.0707     14.122  268.22240  268.42818     9.3187     3.9980 -9.990e-29
 130.343860     14.257    13.7545  33.100845    27.0704     14.130  268.21847  268.42428     8.9451     4.5561 -9.990e-29
 130.343863     14.272    13.7552  33.100377    27.0695     14.144  268.21644  268.42230     9.0385     4.5601 -9.990e-29
 130.343866     14.290    13.7555  33.099732    27.0679     14.162  268.21628  268.42217     8.9918     4.5439 -9.990e-29
 130.343869     14.317    13.7551  33.098502    27.0679     14.189  268.21994  268.42581     9.0852     4.5763 0.0000e+00
 130.343872     14.347    13.7539  33.097507    27.0679     14.218  268.22665  268.43246     8.9607     4.2407 0.0000e+00
 130.343874     14.380    13.7529  33.097741    27.0679     14.251  268.23067  268.43641     9.0696     4.2407 0.0000e+00
 130.343877     14.416    13.7524  33.096453    27.0687     14.287  268.23505  268.44078     8.9918     4.2447 0.0000e+00
 130.343880     14.447    13.7520  33.098737    27.0699     14.317  268.23280  268.43848     9.0074     4.2245 0.0000e+00
 130.343883     14.482    13.7521  33.098503    27.0701     14.352  268.23290  268.43859     9.0696     4.2649 0.0000e+00
 130.343886     14.509    13.7525  33.098737    27.0699     14.379  268.23095  268.43666    10.6883     4.3013 -9.990e-29
 130.343889     14.529    13.7527  33.099148    27.0701     14.399  268.22933  268.43506    10.7817     4.3256 -9.990e-29
 130.343892     14.543    13.7531  33.099382    27.0700     14.413  268.22707  268.43281    10.7973     4.3498 -9.990e-29
 130.343895     14.558    13.7533  33.099792    27.0702     14.427  268.22544  268.43120    10.7350     4.3013 -9.990e-29
 130.343898     14.571    13.7536  33.100319    27.0705     14.440  268.22331  268.42908    10.3303     4.3701 -9.990e-29
 130.343900     14.585    13.7544  33.101022    27.0705     14.455  268.21868  268.42450    10.2214     4.3620 -9.990e-29
 130.343903     14.605    13.7550  33.100319    27.0677     14.474  268.21737  268.42323    10.1591     4.3620 -9.990e-29
 130.343906     14.633    13.7550  33.098327    27.0676     14.501  268.22074  268.42661    10.2836     4.3822 0.0000e+00
 130.343909     14.658    13.7542  33.097508    27.0677     14.527  268.22559  268.43142    11.5599     4.4388 0.0000e+00
 130.343912     14.695    13.7525  33.096571    27.0678     14.563  268.23440  268.44014    11.4821     4.4550 0.0000e+00
 130.343915     14.729    13.7512  33.096044    27.0683     14.597  268.24096  268.44661    11.4510     4.4469 0.0000e+00
 130.343918     14.764    13.7502  33.096454    27.0693     14.632  268.24436  268.44996    11.5443     4.4509 0.0000e+00
 130.343921     14.804    13.7502  33.097567    27.0698     14.671  268.24283  268.44841    10.7194     4.2447 0.0000e+00
 130.343924     14.830    13.7505  33.098973    27.0703     14.697  268.23891  268.44450    10.7350     4.2407 -9.990e-29
 130.343927     14.852    13.7513  33.100203    27.0719     14.718  268.23340  268.43903    10.7506     4.2568 -9.990e-29
 130.343929     14.868    13.7525  33.098563    27.0696     14.735  268.23147  268.43718    10.7194     4.2326 -9.990e-29
 130.343932     14.875    13.7527  33.098739    27.0696     14.742  268.23024  268.43596    10.7194     4.2568 -9.990e-29
 130.343935     14.884    13.7525  33.098739    27.0698     14.751  268.23118  268.43689    10.6727     4.5318 -9.990e-29
 130.343938     14.899    13.7528  33.098973    27.0697     14.765  268.22923  268.43496    10.7506     4.5439 -9.990e-29
 130.343941     14.921    13.7526  33.097919    27.0691     14.787  268.23196  268.43769    10.7661     4.5682 -9.990e-29
 130.343944     14.948    13.7524  33.097977    27.0692     14.814  268.23282  268.43853    10.7506     4.5682 0.0000e+00
 130.343947     14.981    13.7518  33.097685    27.0691     14.847  268.23584  268.44152    11.4976     4.7946 0.0000e+00
 130.343950     15.017    13.7515  33.096455    27.0685     14.883  268.23919  268.44486    11.5599     4.7946 0.0000e+00
 130.343953     15.048    13.7507  33.095986    27.0685     14.914  268.24344  268.44907    11.5443     4.8027 0.0000e+00
 130.343955     15.087    13.7502  33.096455    27.0692     14.952  268.24487  268.45047    11.4510     4.8068 0.0000e+00
 130.343958     15.121    13.7498  33.096162    27.0692     14.986  268.24696  268.45253    11.8556     4.4307 0.0000e+00
 130.343961     15.152    13.7496  33.096865    27.0692     15.017  268.24673  268.45229    11.7467     4.4550 -9.990e-29
 130.343964     15.174    13.7495  33.097275    27.0704     15.038  268.24637  268.45192    11.7778     4.4307 -9.990e-29
 130.343967     15.183    13.7497  33.097744    27.0707     15.047  268.24465  268.45020    11.8556     4.4469 -9.990e-29
 130.343970     15.194    13.7501  33.097920    27.0706     15.058  268.24279  268.44837    12.8517     4.6976 -9.990e-29
 130.343973     15.202    13.7506  33.097685    27.0700     15.065  268.24099  268.44660    12.7117     4.7138 -9.990e-29
 130.343976     15.211    13.7508  33.097568    27.0699     15.074  268.24057  268.44619    12.7272     4.6976 -9.990e-29
 130.343979     15.236    13.7510  33.097920    27.0695     15.100  268.23905  268.44468    12.7272     4.6612 0.0000e+00
 130.343981     15.262    13.7510  33.096983    27.0691     15.125  268.24064  268.44628    12.8673     4.6733 0.0000e+00
 130.343984     15.296    13.7508  33.096631    27.0689     15.159  268.24188  268.44752    13.1319     4.6248 0.0000e+00
 130.343987     15.333    13.7504  33.096046    27.0689     15.195  268.24477  268.45039    13.1319     4.6248 0.0000e+00
 130.343990     15.373    13.7498  33.095987    27.0690     15.235  268.24741  268.45298    13.1630     4.6248 0.0000e+00
 130.343993     15.404    13.7494  33.095812    27.0690     15.266  268.24960  268.45516    13.1786     4.6491 0.0000e+00
 130.343996     15.435    13.7492  33.095167    27.0688     15.296  268.25133  268.45688    12.7895     4.4833 0.0000e+00
 130.343999     15.462    13.7491  33.096163    27.0686     15.324  268.24999  268.45552    12.7584     4.5035 -9.990e-29
 130.344002     15.484    13.7491  33.096632    27.0700     15.345  268.24953  268.45505    12.7739     4.5156 -9.990e-29
 130.344005     15.497    13.7492  33.096573    27.0699     15.358  268.24900  268.45454    12.7584     4.4995 -9.990e-29
 130.344008     15.508    13.7491  33.096632    27.0700     15.369  268.24923  268.45476    10.9218     4.6814 -9.990e-29
 130.344010     15.517    13.7494  33.096222    27.0694     15.378  268.24867  268.45422    11.0307     4.7016 -9.990e-29
 130.344013     15.537    13.7497  33.097159    27.0700     15.398  268.24585  268.45141    11.0152     4.7259 -9.990e-29
 130.344016     15.557    13.7501  33.096046    27.0692     15.417  268.24617  268.45176    11.0152     4.6855 -9.990e-29
 130.344019     15.586    13.7502  33.096632    27.0694     15.446  268.24457  268.45017    12.2603     4.6733 0.0000e+00
 130.344022     15.622    13.7502  33.096984    27.0695     15.482  268.24400  268.44960    12.1669     4.4995 0.0000e+00
 130.344025     15.659    13.7501  33.096867    27.0695     15.519  268.24485  268.45044    12.2603     4.5156 0.0000e+00
 130.344028     15.685    13.7499  33.096750    27.0695     15.544  268.24600  268.45158    12.1980     4.4995 0.0000e+00
