Processed/SBE19plus_01907321_2022_05_11_Cast131_wfilter.cnv
* Sea-Bird SBE19plus  Data File:
* FileName = E:\Prandtl_Daten\2022\CTD\Raw\SBE19plus_01907321_2022_05_11_Cast131.hex
* Software version 2.6.1.12
* Temperature SN = 7321
* Conductivity SN = 7321
* System UpLoad Time = May 11 2022 13:05:17
* <ApplicationData>
* <Seaterm232>
** Messpraktikum 2022
** CTD 10.05  BW2
** NMEA Latitude = 54 07.90N
** NMEA Longitude = 008 45.14E
# nquan = 11
# nvalues = 641                         
# units = specified
# name 0 = timeJ: Julian Days
# name 1 = prdM: Pressure, Strain Gauge [db]
# name 2 = tv290C: Temperature [ITS-90, deg C]
# name 3 = c0mS/cm: Conductivity [mS/cm]
# name 4 = sal00: Salinity, Practical [PSU]
# name 5 = depSM: Depth [salt water, m], lat = 54.00
# name 6 = oxsatMm/Kg: Oxygen Saturation, Weiss [umol/kg]
# name 7 = oxsolMm/Kg: Oxygen Saturation, Garcia & Gordon [umol/kg]
# name 8 = turbWETntu0: Turbidity, WET Labs ECO [NTU]
# name 9 = flECO-AFL: Fluorescence, WET Labs ECO-AFL/FL [mg/m^3]
# name 10 = flag:  0.000e+00
# span 0 = 131.539430, 131.541282       
# span 1 =      0.438,     15.391       
# span 2 =    13.9250,    14.1184       
# span 3 =  33.149408,  33.296361       
# span 4 =    26.9897,    27.0006       
# span 5 =      0.434,     15.253       
# span 6 =  266.34921,  267.41497       
# span 7 =  266.57495,  267.63056       
# span 8 =     8.4471,    98.5482       
# span 9 =     4.4954,    14.7703       
# span 10 = 0.0000e+00, 0.0000e+00      
# interval = seconds: 0.25
# start_time = May 11 2022 12:55:17 [Instrument's time stamp, header]
# bad_flag = -9.990e-29
*END*
[from data line 525]
 131.540949     12.886    13.9394  33.160361    26.9947     12.771  267.33474  267.55108    15.1864     6.0967 -9.990e-29
 131.540952     12.879    13.9394  33.160302    26.9947     12.763  267.33515  267.55149    14.6727     6.2827 -9.990e-29
 131.540955     12.868    13.9391  33.158778    26.9935     12.753  267.33862  267.55496    14.6261     6.2948 -9.990e-29
 131.540958     12.868    13.9391  33.159892    26.9946     12.753  267.33708  267.55341    14.6572     6.2544 -9.990e-29
 131.540961     12.875    13.9391  33.159892    26.9945     12.760  267.33708  267.55341    14.6105     6.2948 -9.990e-29
 131.540964     12.893    13.9390  33.159775    26.9945     12.778  267.33760  267.55393    18.0035     6.4687 -9.990e-29
 131.540966     12.932    13.9385  33.159482    26.9944     12.816  267.34000  267.55630    18.1124     6.4687 0.0000e+00
 131.540969     12.981    13.9382  33.159013    26.9945     12.864  267.34238  267.55866    18.0657     6.4970 0.0000e+00
 131.540972     13.045    13.9379  33.159189    26.9944     12.928  267.34338  267.55965    18.0191     6.4930 0.0000e+00
 131.540975     13.103    13.9376  33.158603    26.9944     12.986  267.34565  267.56190    15.7000     6.1573 0.0000e+00
 131.540978     13.151    13.9370  33.157783    26.9942     13.033  267.34924  267.56547    16.0891     6.1614 0.0000e+00
 131.540981     13.189    13.9369  33.157548    26.9940     13.071  267.35029  267.56651    16.0268     6.1452 -9.990e-29
 131.540984     13.209    13.9368  33.158604    26.9949     13.091  267.34917  267.56537    15.9957     6.1371 -9.990e-29
 131.540987     13.214    13.9367  33.158545    26.9949     13.096  267.34958  267.56578    15.1708     6.4081 -9.990e-29
 131.540990     13.214    13.9366  33.157783    26.9943     13.096  267.35117  267.56737    15.0930     6.4323 -9.990e-29
 131.540992     13.209    13.9364  33.156787    26.9935     13.090  267.35377  267.56996    15.1864     6.3959 -9.990e-29
 131.540995     13.205    13.9357  33.157138    26.9943     13.087  267.35600  267.57216    14.9996     6.3919 -9.990e-29
 131.540998     13.211    13.9355  33.156728    26.9941     13.092  267.35763  267.57378    15.0307     6.4081 -9.990e-29
 131.541001     13.223    13.9352  33.156376    26.9940     13.105  267.35948  267.57561    15.9334     6.5011 -9.990e-29
 131.541004     13.247    13.9349  33.156728    26.9940     13.129  267.36017  267.57627    16.1358     6.4525 -9.990e-29
 131.541007     13.287    13.9346  33.155966    26.9939     13.168  267.36272  267.57881    15.9957     6.4768 0.0000e+00
 131.541010     13.337    13.9342  33.155498    26.9940     13.217  267.36510  267.58118    16.1513     6.4728 0.0000e+00
 131.541013     13.384    13.9338  33.155674    26.9943     13.264  267.36672  267.58277    15.6689     6.3797 0.0000e+00
 131.541016     13.431    13.9335  33.155615    26.9944     13.311  267.36810  267.58413    15.6066     6.4040 0.0000e+00
 131.541019     13.475    13.9333  33.155498    26.9944     13.355  267.36926  267.58529    15.5755     6.3919 0.0000e+00
 131.541021     13.508    13.9330  33.154678    26.9942     13.387  267.37191  267.58792    15.6222     6.4283 0.0000e+00
 131.541024     13.535    13.9328  33.155616    26.9939     13.414  267.37099  267.58698    16.8206     6.3717 -9.990e-29
 131.541027     13.550    13.9325  33.155264    26.9947     13.429  267.37284  267.58882    16.8984     6.4242 -9.990e-29
 131.541030     13.565    13.9325  33.154971    26.9945     13.443  267.37334  267.58932    17.0229     6.4081 -9.990e-29
 131.541033     13.572    13.9324  33.154854    26.9945     13.450  267.37416  267.59014    16.7117     6.4161 -9.990e-29
 131.541036     13.579    13.9321  33.154854    26.9947     13.458  267.37542  267.59138    15.0152     6.7882 -9.990e-29
 131.541039     13.585    13.9322  33.154619    26.9944     13.463  267.37519  267.59116    15.2175     6.8165 -9.990e-29
 131.541042     13.592    13.9321  33.154854    26.9947     13.470  267.37543  267.59139    15.0463     6.8326 -9.990e-29
 131.541045     13.607    13.9319  33.155206    26.9951     13.485  267.37548  267.59143    15.1864     6.7882 -9.990e-29
 131.541047     13.628    13.9321  33.155499    26.9952     13.506  267.37438  267.59033    14.9996     6.7720 -9.990e-29
 131.541050     13.652    13.9322  33.154033    26.9952     13.530  267.37621  267.59218    17.5054     6.7882 -9.990e-29
 131.541053     13.683    13.9324  33.155792    26.9948     13.561  267.37235  267.58833    17.4120     6.8245 0.0000e+00
 131.541056     13.720    13.9327  33.155089    26.9944     13.597  267.37229  267.58829    17.6455     6.7882 0.0000e+00
 131.541059     13.752    13.9326  33.154620    26.9940     13.629  267.37372  267.58971    17.5366     6.8124 0.0000e+00
 131.541062     13.785    13.9322  33.154210    26.9940     13.662  267.37600  267.59197    15.9179     6.5172 0.0000e+00
 131.541065     13.822    13.9317  33.154444    26.9945     13.698  267.37783  267.59376    15.9179     6.5011 0.0000e+00
 131.541068     13.865    13.9315  33.154386    26.9945     13.741  267.37858  267.59451    15.7155     6.5617 0.0000e+00
 131.541071     13.902    13.9315  33.154034    26.9942     13.777  267.37950  267.59543    16.0735     6.5658 0.0000e+00
 131.541073     13.936    13.9315  33.153800    26.9941     13.812  267.37991  267.59584    17.2097     6.8852 0.0000e+00
 131.541076     13.971    13.9313  33.153976    26.9940     13.846  267.38058  267.59650    17.3031     6.8407 -9.990e-29
 131.541079     13.993    13.9311  33.154034    26.9945     13.868  267.38112  267.59703    17.3809     6.8852 -9.990e-29
 131.541082     14.008    13.9307  33.153624    26.9944     13.882  267.38339  267.59928    17.1941     6.8407 -9.990e-29
 131.541085     14.013    13.9306  33.154035    26.9948     13.887  267.38333  267.59921    16.4004     6.4121 -9.990e-29
 131.541088     14.008    13.9306  33.153800    26.9946     13.882  267.38372  267.59960    16.3692     6.3757 -9.990e-29
 131.541091     14.008    13.9307  33.154210    26.9949     13.882  267.38241  267.59829    16.4626     6.3878 -9.990e-29
 131.541094     14.011    13.9307  33.153390    26.9941     13.886  267.38378  267.59967    16.1980     6.4404 -9.990e-29
 131.541097     14.018    13.9307  33.153976    26.9949     13.893  267.38312  267.59900    16.3692     6.4121 -9.990e-29
 131.541100     14.048    13.9307  33.154211    26.9948     13.922  267.38275  267.59863    17.5521     6.7396 0.0000e+00
 131.541102     14.093    13.9306  33.153800    26.9946     13.967  267.38377  267.59965    17.3965     6.7679 0.0000e+00
 131.541105     14.144    13.9307  33.153800    26.9945     14.018  267.38318  267.59907    17.6922     6.7396 0.0000e+00
 131.541108     14.201    13.9307  33.153625    26.9943     14.074  267.38350  267.59939    17.4120     6.7558 0.0000e+00
 131.541111     14.246    13.9307  33.152980    26.9940     14.119  267.38461  267.60050    17.2097     6.5536 0.0000e+00
 131.541114     14.281    13.9303  33.153625    26.9937     14.153  267.38544  267.60130    17.3187     6.5455 -9.990e-29
 131.541117     14.305    13.9299  33.153391    26.9946     14.176  267.38741  267.60326    17.1475     6.5577 -9.990e-29
 131.541120     14.312    13.9300  33.153625    26.9948     14.184  267.38671  267.60256    17.2408     6.5698 -9.990e-29
 131.541123     14.308    13.9298  33.154036    26.9953     14.180  267.38665  267.60249    19.4976     6.7720 -9.990e-29
 131.541126     14.308    13.9301  33.153391    26.9945     14.180  267.38679  267.60264    19.6377     6.7275 -9.990e-29
 131.541128     14.316    13.9298  33.153391    26.9947     14.187  267.38773  267.60357    19.5599     6.7437 -9.990e-29
 131.541131     14.330    13.9296  33.151750    26.9944     14.202  267.39142  267.60726    19.5599     6.7639 -9.990e-29
 131.541134     14.357    13.9294  33.152805    26.9946     14.229  267.39062  267.60644    17.0074     6.9418 0.0000e+00
 131.541137     14.398    13.9292  33.152981    26.9947     14.269  267.39098  267.60679    16.9296     6.9539 0.0000e+00
 131.541140     14.449    13.9292  33.153215    26.9947     14.319  267.39093  267.60673    17.2408     6.9539 0.0000e+00
 131.541143     14.495    13.9292  33.152629    26.9943     14.365  267.39162  267.60743    17.0696     6.9701 0.0000e+00
 131.541146     14.544    13.9290  33.151750    26.9940     14.413  267.39406  267.60987    17.1630     6.9095 0.0000e+00
 131.541149     14.584    13.9289  33.152395    26.9937     14.453  267.39332  267.60912    16.0113     6.5860 -9.990e-29
 131.541152     14.608    13.9284  33.151751    26.9941     14.477  267.39661  267.61238    15.7778     6.6143 -9.990e-29
 131.541155     14.626    13.9283  33.151751    26.9942     14.495  267.39725  267.61301    15.7934     6.6224 -9.990e-29
 131.541157     14.624    13.9281  33.151985    26.9945     14.493  267.39749  267.61324    15.8556     6.5779 -9.990e-29
 131.541160     14.615    13.9281  33.152337    26.9948     14.484  267.39689  267.61264    16.4626     6.5455 -9.990e-29
 131.541163     14.600    13.9281  33.152161    26.9947     14.469  267.39749  267.61324    16.2914     6.5496 -9.990e-29
 131.541166     14.593    13.9280  33.152220    26.9948     14.462  267.39770  267.61344    16.1825     6.5779 -9.990e-29
 131.541169     14.598    13.9279  33.151926    26.9948     14.468  267.39851  267.61425    16.2603     6.5172 -9.990e-29
 131.541172     14.624    13.9278  33.151985    26.9944     14.493  267.39906  267.61478    16.6650     6.5051 0.0000e+00
 131.541175     14.659    13.9278  33.151106    26.9947     14.527  267.40054  267.61628    16.4938     6.4889 0.0000e+00
 131.541178     14.717    13.9275  33.151751    26.9946     14.585  267.40044  267.61616    16.6183     6.4606 0.0000e+00
 131.541181     14.784    13.9275  33.151634    26.9946     14.652  267.40099  267.61671    16.7272     6.4849 0.0000e+00
 131.541183     14.854    13.9272  33.150872    26.9941     14.720  267.40356  267.61927    18.3303     6.2140 0.0000e+00
 131.541186     14.907    13.9269  33.150638    26.9941     14.773  267.40524  267.62093    18.2525     6.2504 0.0000e+00
 131.541189     14.941    13.9265  33.150697    26.9941     14.807  267.40674  267.62240    18.2214     6.1978 -9.990e-29
 131.541192     14.959    13.9263  33.150697    26.9945     14.825  267.40737  267.62303    18.2836     6.2018 -9.990e-29
 131.541195     14.956    13.9260  33.150814    26.9948     14.822  267.40875  267.62438    18.3303     6.2261 -9.990e-29
 131.541198     14.945    13.9262  33.150462    26.9944     14.811  267.40838  267.62403    17.2564     6.5213 -9.990e-29
 131.541201     14.936    13.9259  33.150286    26.9944     14.802  267.40993  267.62556    17.3965     6.5779 -9.990e-29
 131.541204     14.928    13.9255  33.150228    26.9946     14.795  267.41159  267.62720    17.4276     6.5496 -9.990e-29
 131.541207     14.930    13.9254  33.150052    26.9946     14.796  267.41251  267.62812    17.3187     6.5213 -9.990e-29
 131.541209     14.945    13.9252  33.149994    26.9948     14.811  267.41325  267.62884    19.6222     6.6102 -9.990e-29
 131.541212     14.976    13.9250  33.150052    26.9949     14.841  267.41411  267.62969    19.6222     6.6062 0.0000e+00
 131.541215     15.018    13.9251  33.150287    26.9948     14.883  267.41343  267.62902    19.4976     6.5981 0.0000e+00
 131.541218     15.073    13.9252  33.150228    26.9948     14.937  267.41325  267.62884    19.5288     6.5981 0.0000e+00
 131.541221     15.134    13.9251  33.149408    26.9948     14.999  267.41497  267.63056    18.0657     6.5617 0.0000e+00
 131.541224     15.193    13.9252  33.150229    26.9945     15.057  267.41301  267.62860    18.0191     6.5415 0.0000e+00
 131.541227     15.240    13.9251  33.149877    26.9947     15.104  267.41425  267.62984    17.9568     6.5294 0.0000e+00
 131.541230     15.275    13.9252  33.149643    26.9945     15.138  267.41435  267.62994    17.8634     6.5375 -9.990e-29
 131.541233     15.290    13.9251  33.150405    26.9950     15.153  267.41340  267.62898    16.2292     6.7599 -9.990e-29
 131.541236     15.291    13.9252  33.150464    26.9949     15.154  267.41268  267.62827    16.3226     6.8165 -9.990e-29
 131.541238     15.277    13.9252  33.150639    26.9951     15.140  267.41269  267.62827    16.5249     6.7962 -9.990e-29
 131.541241     15.264    13.9254  33.150698    26.9950     15.127  267.41164  267.62724    16.3381     6.7720 -9.990e-29
 131.541244     15.256    13.9255  33.150874    26.9951     15.120  267.41071  267.62632    16.5249     6.7720 -9.990e-29
 131.541247     15.255    13.9260  33.151401    26.9953     15.118  267.40795  267.62358    17.9568     6.3191 -9.990e-29
 131.541250     15.267    13.9261  33.151518    26.9949     15.131  267.40713  267.62277    17.8478     6.3110 -9.990e-29
 131.541253     15.299    13.9266  33.151519    26.9946     15.161  267.40527  267.62093    17.7545     6.2867 0.0000e+00
 131.541256     15.351    13.9267  33.150991    26.9946     15.214  267.40555  267.62123    17.7856     6.3191 0.0000e+00
 131.541259     15.390    13.9266  33.150874    26.9943     15.252  267.40609  267.62176    16.9607     6.5334 -9.990e-29
 131.541262     15.382    13.9263  33.150991    26.9946     15.245  267.40714  267.62280    17.2720     6.5294 -9.990e-29
 131.541264     15.382    13.9263  33.151108    26.9948     15.245  267.40726  267.62291    17.0229     6.5455 -9.990e-29
 131.541267     15.384    13.9261  33.150874    26.9946     15.246  267.40828  267.62392    17.1475     6.5294 -9.990e-29
 131.541270     15.384    13.9262  33.150640    26.9944     15.246  267.40836  267.62401    39.3420     9.1779 -9.990e-29
 131.541273     15.382    13.9260  33.150053    26.9940     15.244  267.41028  267.62592    39.3420     9.1658 -9.990e-29
 131.541276     15.388    13.9258  33.150640    26.9947     15.250  267.41024  267.62587    39.5132     9.1820 -9.990e-29
 131.541279     15.388    13.9258  33.150464    26.9945     15.250  267.41054  267.62616    39.4043     9.1618 -9.990e-29
 131.541282     15.391    13.9256  33.150464    26.9946     15.253  267.41117  267.62678    98.5482    14.7703 -9.990e-29
