Processed/SBE19plus_01907321_2022_05_09_Cast100_wfilter.cnv
* Sea-Bird SBE19plus  Data File:
* FileName = E:\Prandtl_Daten\2022\CTD\Raw\SBE19plus_01907321_2022_05_09_Cast100.hex
* Software version 2.6.1.12
* Temperature SN = 7321
* Conductivity SN = 7321
* System UpLoad Time = May 09 2022 11:38:41
* <ApplicationData>
* <Seaterm232>
** Messpraktikum 2022
** CTD 09.05 SW1
** NMEA Latitude = 54 04.936 N
** NMEA Longitude = 008 29.675 E
# nquan = 11
# nvalues = 479                         
# units = specified
# name 0 = timeJ: Julian Days
# name 1 = prdM: Pressure, Strain Gauge [db]
# name 2 = tv290C: Temperature [ITS-90, deg C]
# name 3 = c0mS/cm: Conductivity [mS/cm]
# name 4 = sal00: Salinity, Practical [PSU]
# name 5 = depSM: Depth [salt water, m], lat = 54.00
# name 6 = oxsatMm/Kg: Oxygen Saturation, Weiss [umol/kg]
# name 7 = oxsolMm/Kg: Oxygen Saturation, Garcia & Gordon [umol/kg]
# name 8 = turbWETntu0: Turbidity, WET Labs ECO [NTU]
# name 9 = flECO-AFL: Fluorescence, WET Labs ECO-AFL/FL [mg/m^3]
# name 10 = flag:  0.000e+00
# span 0 = 129.480512, 129.481895       
# span 1 =      0.431,     12.850       
# span 2 =    12.0876,    12.6962       
# span 3 =  31.117968,  32.021882       
# span 4 =    26.2505,    27.0750       
# span 5 =      0.427,     12.735       
# span 6 =  275.70183,  278.54079       
# span 7 =  275.85622,  278.66543       
# span 8 =     3.4821,    30.9062       
# span 9 =     3.6948,     9.8209       
# span 10 = 0.0000e+00, 0.0000e+00      
# interval = seconds: 0.25
# start_time = May 09 2022 11:30:52 [Instrument's time stamp, header]
# bad_flag = -9.990e-29
*END*
 129.480512      0.431    12.6896  31.447642    26.3091      0.427  275.72331  275.87747     4.0891     4.5237 0.0000e+00
 129.480515      0.464    12.6935  31.449824    26.3084      0.460  275.70183  275.85622     4.0424     4.4833 0.0000e+00
 129.480518      0.497    12.6962  31.438398    26.3022      0.493  275.71032  275.86500     4.2447     4.3013 0.0000e+00
 129.480521      0.528    12.6929  31.442934    26.2960      0.523  275.71701  275.87143     4.3226     4.3134 -9.990e-29
 129.480524      0.548    12.6914  31.446264    26.3066      0.543  275.71783  275.87212     4.3070     4.2973 -9.990e-29
 129.480527      0.553    12.6926  31.445116    26.3047      0.548  275.71443  275.86881     4.3226     4.2973 -9.990e-29
 129.480530      0.548    12.6935  31.445690    26.3046      0.543  275.70956  275.86399     3.7778     3.8161 -9.990e-29
 129.480532      0.530    12.6939  31.447642    26.3061      0.525  275.70415  275.85859     3.9957     3.8161 -9.990e-29
 129.480535      0.508    12.6950  31.444886    26.3028      0.504  275.70391  275.85845     3.9957     3.8080 -9.990e-29
 129.480538      0.501    12.6948  31.444714    26.3028      0.496  275.70550  275.86002     3.7467     3.8120 -9.990e-29
 129.480541      0.514    12.6940  31.442934    26.3017      0.509  275.71220  275.86669     3.4821     3.7635 -9.990e-29
 129.480544      0.539    12.6925  31.441384    26.3013      0.534  275.72138  275.87579     3.5288     3.6948 -9.990e-29
 129.480547      0.563    12.6905  31.438341    26.3017      0.558  275.73579  275.89010     3.4976     3.7433 -9.990e-29
 129.480550      0.603    12.6877  31.438227    26.3011      0.598  275.74883  275.90297     3.5755     3.7312 0.0000e+00
 129.480553      0.647    12.6858  31.435471    26.3005      0.641  275.76242  275.91646     3.5599     3.7393 0.0000e+00
 129.480556      0.689    12.6825  31.427836    26.3005      0.683  275.79079  275.94468     3.8401     3.9293 0.0000e+00
 129.480558      0.724    12.6775  31.438400    26.3089      0.717  275.79443  275.94790     3.8556     3.9050 0.0000e+00
 129.480561      0.758    12.6794  31.440180    26.3089      0.752  275.78295  275.93653     3.7934     3.9414 0.0000e+00
 129.480564      0.786    12.6824  31.435874    26.3031      0.779  275.77686  275.93067     3.7622     3.9091 0.0000e+00
 129.480567      0.811    12.6819  31.433922    26.3024      0.804  275.78259  275.93639     3.8401     4.2447 0.0000e+00
 129.480570      0.837    12.6795  31.424852    26.3017      0.830  275.80966  275.96339     3.8556     4.2488 -9.990e-29
 129.480573      0.861    12.6735  31.424278    26.2986      0.853  275.83762  275.99097     3.8089     4.2447 -9.990e-29
 129.480576      0.878    12.6675  31.424279    26.3028      0.870  275.86455  276.01752     3.6844     4.2285 -9.990e-29
 129.480579      0.889    12.6650  31.423303    26.3036      0.881  275.87751  276.03033     4.0580     4.7582 -9.990e-29
 129.480582      0.899    12.6642  31.416415    26.2978      0.891  275.89332  276.04616     4.0424     4.7502 -9.990e-29
 129.480584      0.902    12.6607  31.423878    26.3071      0.894  275.89605  276.04858     4.1047     4.7582 -9.990e-29
 129.480587      0.907    12.6603  31.427839    26.3111      0.899  275.89091  276.04338     4.1358     4.7542 -9.990e-29
 129.480590      0.921    12.6638  31.427035    26.3019      0.913  275.87633  276.02904     5.0852     5.2880 -9.990e-29
 129.480593      0.949    12.6658  31.422040    26.2979      0.940  275.87628  276.02916     4.9607     5.3041 0.0000e+00
 129.480596      0.984    12.6641  31.412111    26.2938      0.975  275.90169  276.05456     5.1008     5.3001 0.0000e+00
 129.480599      1.024    12.6565  31.390533    26.2853      1.015  275.97417  276.12676     5.0852     5.2961 0.0000e+00
 129.480602      1.070    12.6407  31.385256    26.2853      1.060  276.05512  276.20674     5.1630     5.3163 0.0000e+00
 129.480605      1.110    12.6261  31.388356    26.2983      1.100  276.11502  276.26567     4.0735     5.3729 0.0000e+00
 129.480608      1.145    12.6187  31.395415    26.2983      1.134  276.13609  276.28619     4.0891     5.3931 0.0000e+00
 129.480611      1.190    12.6187  31.369539    26.2860      1.180  276.18235  276.33270     3.9490     5.4012 0.0000e+00
 129.480613      1.225    12.6058  31.334096    26.2622      1.214  276.30379  276.45365     3.9801     5.3769 0.0000e+00
 129.480616      1.267    12.5767  31.296951    26.2505      1.256  276.50187  276.65020     4.3226     5.8864 0.0000e+00
 129.480619      1.309    12.5367  31.269621    26.2505      1.297  276.73164  276.87765     4.2914     5.8986 0.0000e+00
 129.480622      1.342    12.4954  31.243273    26.2526      1.330  276.96586  277.10945     4.2914     5.9309 0.0000e+00
 129.480625      1.371    12.4549  31.225810    26.2548      1.359  277.18099  277.32211     4.3226     5.8541 -9.990e-29
 129.480628      1.391    12.4214  31.222206    26.2869      1.379  277.33970  277.47866     4.8362     6.9256 -9.990e-29
 129.480631      1.404    12.4015  31.238415    26.3158      1.391  277.40062  277.53812     4.6650     6.9580 -9.990e-29
 129.480634      1.413    12.3974  31.220262    26.3018      1.401  277.45236  277.58977     4.7895     6.9337 -9.990e-29
 129.480637      1.415    12.3887  31.213449    26.3016      1.402  277.50416  277.64106     4.7895     6.9459 -9.990e-29
 129.480639      1.415    12.3775  31.210129    26.3063      1.402  277.56088  277.69708     5.3965     7.1521 -9.990e-29
 129.480642      1.419    12.3678  31.202344    26.3058      1.406  277.61926  277.75490     5.2564     7.1319 -9.990e-29
 129.480645      1.428    12.3578  31.190839    26.3021      1.415  277.68568  277.82077     5.3498     7.0874 -9.990e-29
 129.480648      1.449    12.3464  31.195477    26.3125      1.436  277.72898  277.86327     5.4276     7.1521 -9.990e-29
 129.480651      1.477    12.3420  31.190097    26.3149      1.463  277.75897  277.89302     5.3187     7.1359 0.0000e+00
 129.480654      1.507    12.3374  31.191815    26.3157      1.494  277.77642  277.91016     7.0930     7.7708 0.0000e+00
 129.480657      1.551    12.3348  31.188152    26.3157      1.537  277.79528  277.92888     7.1397     7.7627 0.0000e+00
 129.480660      1.593    12.3320  31.175676    26.3094      1.579  277.83045  277.96400     7.1241     7.7910 0.0000e+00
 129.480663      1.633    12.3250  31.174131    26.3092      1.619  277.86538  277.99848     7.0307     7.7869 0.0000e+00
 129.480666      1.671    12.3168  31.167723    26.3092      1.656  277.91428  278.04690     6.3926     7.8516 0.0000e+00
 129.480668      1.710    12.3074  31.155079    26.3066      1.695  277.98028  278.11240     6.6105     7.8557 0.0000e+00
 129.480671      1.741    12.2955  31.151018    26.3040      1.725  278.04194  278.17332     6.4548     7.8678 -9.990e-29
 129.480674      1.765    12.2848  31.147301    26.3125      1.749  278.09752  278.22823     6.4860     7.8355 -9.990e-29
 129.480677      1.785    12.2768  31.146100    26.3170      1.769  278.13600  278.26619     7.2486     7.7748 -9.990e-29
 129.480680      1.803    12.2715  31.146902    26.3215      1.787  278.15896  278.28878     7.4043     7.7627 -9.990e-29
 129.480683      1.825    12.2689  31.144156    26.3207      1.808  278.17584  278.30553     7.2953     7.7788 -9.990e-29
 129.480686      1.849    12.2655  31.141639    26.3228      1.832  278.19553  278.32502     7.2175     7.7829 -9.990e-29
 129.480689      1.876    12.2620  31.141239    26.3235      1.859  278.21265  278.34190     6.2836     8.0012 0.0000e+00
 129.480692      1.909    12.2594  31.140782    26.3240      1.892  278.22506  278.35415     6.2214     7.9770 0.0000e+00
 129.480694      1.940    12.2582  31.139695    26.3242      1.923  278.23284  278.36186     6.2836     7.9810 0.0000e+00
 129.480697      1.975    12.2570  31.139524    26.3247      1.957  278.23863  278.36757     6.2992     7.9487 0.0000e+00
 129.480700      2.013    12.2560  31.138952    26.3248      1.995  278.24419  278.37307     6.3459     7.9770 0.0000e+00
 129.480703      2.050    12.2548  31.139925    26.3259      2.031  278.24791  278.37670     6.9373     8.6038 0.0000e+00
 129.480706      2.084    12.2539  31.138552    26.3263      2.065  278.25460  278.38335     6.9062     8.6159 0.0000e+00
 129.480709      2.113    12.2522  31.140269    26.3259      2.094  278.25920  278.38782     7.0619     8.5876 -9.990e-29
 129.480712      2.137    12.2518  31.140383    26.3290      2.118  278.26061  278.38920     7.0619     8.6199 -9.990e-29
 129.480715      2.152    12.2523  31.138953    26.3274      2.132  278.26098  278.38962     6.4860     8.3247 -9.990e-29
 129.480718      2.159    12.2515  31.136608    26.3258      2.140  278.26911  278.39771     6.5949     8.2843 -9.990e-29
 129.480720      2.164    12.2494  31.137009    26.3276      2.145  278.27769  278.40616     6.4548     8.2722 -9.990e-29
 129.480723      2.175    12.2478  31.134263    26.3262      2.156  278.29040  278.41879     6.5171     8.2843 -9.990e-29
 129.480726      2.183    12.2449  31.135064    26.3289      2.163  278.30211  278.43030     7.5288     8.0983 -9.990e-29
 129.480729      2.201    12.2423  31.133692    26.3294      2.182  278.31618  278.44421     7.5910     8.0902 -9.990e-29
 129.480732      2.223    12.2399  31.133006    26.3305      2.203  278.32869  278.45656     7.5910     8.0902 -9.990e-29
 129.480735      2.245    12.2387  31.134264    26.3309      2.225  278.33187  278.45964     7.5599     8.1226 -9.990e-29
 129.480738      2.280    12.2376  31.131748    26.3326      2.259  278.34129  278.46902     7.2175     8.3692 0.0000e+00
 129.480741      2.313    12.2353  31.133693    26.3343      2.292  278.34836  278.47592     7.3887     8.9919 0.0000e+00
 129.480744      2.351    12.2348  31.134837    26.3343      2.330  278.34855  278.47606     7.2486     9.0000 0.0000e+00
 129.480747      2.389    12.2357  31.132320    26.3327      2.368  278.34899  278.47659     7.2798     9.0243 0.0000e+00
 129.480749      2.424    12.2344  31.129804    26.3313      2.402  278.35969  278.48723     7.2486     8.9555 0.0000e+00
 129.480752      2.453    12.2322  31.125858    26.3298      2.431  278.37686  278.50429     7.9179     8.4865 0.0000e+00
 129.480755      2.486    12.2279  31.123399    26.3298      2.464  278.40095  278.52812     8.0580     8.4946 0.0000e+00
 129.480758      2.515    12.2222  31.122027    26.3326      2.493  278.42980  278.55660     8.0113     8.5188 0.0000e+00
 129.480761      2.548    12.2177  31.121284    26.3339      2.525  278.45172  278.57823     8.1047     8.4865 0.0000e+00
 129.480764      2.582    12.2149  31.117968    26.3350      2.559  278.47064  278.59700     8.9451     8.4946 0.0000e+00
 129.480767      2.621    12.2129  31.118940    26.3362      2.598  278.47788  278.60410     8.9918     8.4744 0.0000e+00
 129.480770      2.659    12.2110  31.118940    26.3368      2.636  278.48657  278.61266     9.0074     8.5148 0.0000e+00
 129.480773      2.692    12.2091  31.119684    26.3375      2.668  278.49391  278.61986     9.0385     8.4865 -9.990e-29
 129.480775      2.717    12.2079  31.119684    26.3404      2.693  278.49970  278.62558     8.4938     7.5322 -9.990e-29
 129.480778      2.747    12.2068  31.119913    26.3413      2.722  278.50412  278.62992     8.4938     7.5079 -9.990e-29
 129.480781      2.768    12.2063  31.120485    26.3422      2.743  278.50534  278.63110     8.4782     7.4958 -9.990e-29
 129.480784      2.790    12.2058  31.119914    26.3420      2.765  278.50864  278.63438     8.4626     7.5281 -9.990e-29
 129.480787      2.808    12.2046  31.123231    26.3459      2.783  278.50806  278.63368     8.4626     7.5241 -9.990e-29
 129.480790      2.821    12.2046  31.124661    26.3473      2.796  278.50546  278.63106     8.5093     8.1792 -9.990e-29
 129.480793      2.840    12.2055  31.126891    26.3487      2.814  278.49755  278.62319     8.4315     8.1468 -9.990e-29
 129.480796      2.849    12.2067  31.127063    26.3480      2.823  278.49146  278.61719     8.4782     8.1711 -9.990e-29
 129.480799      2.865    12.2085  31.126490    26.3462      2.839  278.48449  278.61034     8.4626     8.1670 -9.990e-29
 129.480802      2.883    12.2095  31.125747    26.3448      2.858  278.48137  278.60729     8.7584     7.9770 -9.990e-29
 129.480804      2.904    12.2099  31.125918    26.3447      2.878  278.47914  278.60509     8.8984     7.9851 -9.990e-29
 129.480807      2.926    12.2107  31.130380    26.3483      2.900  278.46749  278.59344     8.8050     7.9649 -9.990e-29
 129.480810      2.951    12.2128  31.131981    26.3483      2.925  278.45495  278.58103     8.7272     7.9810 -9.990e-29
 129.480813      2.975    12.2161  31.130379    26.3445      2.949  278.44280  278.56911     8.7739     8.3409 -9.990e-29
 129.480816      2.997    12.2159  31.128034    26.3430      2.970  278.44774  278.57406     8.8050     8.3369 -9.990e-29
 129.480819      3.026    12.2133  31.126719    26.3440      2.999  278.46203  278.58820     8.7272     8.3490 0.0000e+00
 129.480822      3.053    12.2110  31.127291    26.3451      3.026  278.47160  278.59761     8.8984     8.3571 0.0000e+00
 129.480825      3.088    12.2088  31.128035    26.3474      3.061  278.48022  278.60607     9.3342     8.0457 0.0000e+00
 129.480828      3.117    12.2062  31.128036    26.3492      3.089  278.49211  278.61779     9.2097     8.0781 0.0000e+00
 129.480830      3.147    12.2045  31.128322    26.3507      3.119  278.49963  278.62519     9.2564     8.0296 0.0000e+00
 129.480833      3.183    12.2029  31.127464    26.3509      3.155  278.50829  278.63375     9.2564     8.0336 0.0000e+00
 129.480836      3.218    12.2008  31.128666    26.3535      3.189  278.51575  278.64106     9.2253     8.0457 0.0000e+00
 129.480839      3.260    12.1992  31.129810    26.3558      3.231  278.52139  278.64658     9.3809     8.3571 0.0000e+00
 129.480842      3.304    12.1970  31.130611    26.3580      3.274  278.52991  278.65494     9.2875     8.3652 0.0000e+00
 129.480845      3.346    12.1953  31.132728    26.3612      3.316  278.53377  278.65867     9.2875     8.3409 0.0000e+00
 129.480848      3.386    12.1949  31.134272    26.3629      3.356  278.53290  278.65776     9.2253     8.3530 0.0000e+00
 129.480851      3.420    12.1945  31.135874    26.3638      3.390  278.53161  278.65642     8.4938     7.2410 0.0000e+00
 129.480854      3.446    12.1939  31.135416    26.3646      3.415  278.53535  278.66013     8.4471     7.2653 -9.990e-29
 129.480856      3.468    12.1931  31.134673    26.3645      3.437  278.54057  278.66530     8.5716     7.2451 -9.990e-29
 129.480859      3.479    12.1921  31.137018    26.3674      3.448  278.54079  278.66543     8.6027     7.2653 -9.990e-29
 129.480862      3.488    12.1915  31.139135    26.3698      3.457  278.53950  278.66408     9.3187     8.6240 -9.990e-29
 129.480865      3.490    12.1920  31.141652    26.3718      3.459  278.53266  278.65724     9.2720     8.6240 -9.990e-29
 129.480868      3.488    12.1926  31.143253    26.3728      3.457  278.52684  278.65146     9.1941     8.6159 -9.990e-29
 129.480871      3.488    12.1931  31.140908    26.3703      3.457  278.52888  278.65355     9.2564     8.6199 -9.990e-29
 129.480874      3.490    12.1938  31.143196    26.3720      3.459  278.52181  278.64650     8.5093     7.6292 -9.990e-29
 129.480877      3.506    12.1940  31.143425    26.3790      3.475  278.52012  278.64483     8.4938     7.6131 -9.990e-29
 129.480880      3.536    12.1928  31.150004    26.3804      3.504  278.51391  278.63846     8.6183     7.6454 0.0000e+00
 129.480883      3.576    12.1908  31.151377    26.3817      3.544  278.52041  278.64482     8.6494     7.6252 0.0000e+00
 129.480885      3.632    12.1898  31.154124    26.3839      3.600  278.52024  278.64455     8.4626     7.6414 0.0000e+00
 129.480888      3.690    12.1884  31.151950    26.3850      3.657  278.53035  278.65459     8.4782     7.5524 0.0000e+00
