Processed/SBE19plus_01907321_2022_05_09_Cast98_wfilter.cnv
* Sea-Bird SBE19plus  Data File:
* FileName = E:\Prandtl_Daten\2022\CTD\Raw\SBE19plus_01907321_2022_05_09_Cast98.hex
* Software version 2.6.1.12
* Temperature SN = 7321
* Conductivity SN = 7321
* System UpLoad Time = May 09 2022 10:51:15
* <ApplicationData>
* <Seaterm232>
** Messpraktikum 2022
** CTD 09.05 SW3
** NMEA Latitude = 54 02.519 N
** NMEA Longitude = 008 29.775 E
# nquan = 11
# nvalues = 456                         
# units = specified
# name 0 = timeJ: Julian Days
# name 1 = prdM: Pressure, Strain Gauge [db]
# name 2 = tv290C: Temperature [ITS-90, deg C]
# name 3 = c0mS/cm: Conductivity [mS/cm]
# name 4 = sal00: Salinity, Practical [PSU]
# name 5 = depSM: Depth [salt water, m], lat = 54.00
# name 6 = oxsatMm/Kg: Oxygen Saturation, Weiss [umol/kg]
# name 7 = oxsolMm/Kg: Oxygen Saturation, Garcia & Gordon [umol/kg]
# name 8 = turbWETntu0: Turbidity, WET Labs ECO [NTU]
# name 9 = flECO-AFL: Fluorescence, WET Labs ECO-AFL/FL [mg/m^3]
# name 10 = flag:  0.000e+00
# span 0 = 129.447245, 129.448562       
# span 1 =      0.435,     10.795       
# span 2 =    11.5067,    12.0010       
# span 3 =  29.108877,  31.636932       
# span 4 =    24.6067,    27.3308       
# span 5 =      0.431,     10.698       
# span 6 =  280.70780,  283.23642       
# span 7 =  280.78618,  283.36766       
# span 8 =    -6.3389,    32.8206       
# span 9 =    -0.1831,    14.9320       
# span 10 = 0.0000e+00, 0.0000e+00      
# interval = seconds: 0.25
# start_time = May 09 2022 10:42:51 [Instrument's time stamp, header]
# bad_flag = -9.990e-29
*END*
 129.447245      0.435    11.9774  29.150244    24.6595      0.431  283.19761  283.32878    -6.3234    -0.1265 0.0000e+00
 129.447248      0.479    11.9771  29.148682    24.6582      0.475  283.20187  283.33303    -6.2922    -0.1831 0.0000e+00
 129.447251      0.557    11.9759  29.133124    24.6582      0.552  283.23642  283.36766    -6.2922    -0.1386 0.0000e+00
 129.447254      0.632    11.9752  29.149519    24.6602      0.626  283.20974  283.34077    -6.2767    -0.1467 0.0000e+00
 129.447257      0.687    11.9749  29.165026    24.6675      0.681  283.18237  283.31322    -6.3389    -0.1426 0.0000e+00
 129.447260      0.731    11.9749  29.161400    24.6748      0.724  283.18912  283.32000     6.4548     6.6224 -9.990e-29
 129.447263      0.752    11.9746  29.168652    24.6784      0.746  283.17736  283.30814     6.6105     6.5779 -9.990e-29
 129.447266      0.769    11.9749  29.160117    24.6702      0.762  283.19152  283.32242     6.4548     6.6143 -9.990e-29
 129.447269      0.778    11.9758  29.160284    24.6698      0.771  283.18688  283.31784     6.4704     6.6305 -9.990e-29
 129.447271      0.796    11.9767  29.162683    24.6714      0.789  283.17812  283.30911    10.2525     8.9192 -9.990e-29
 129.447274      0.812    11.9776  29.158220    24.6667      0.805  283.18240  283.31349    10.2836     8.9515 -9.990e-29
 129.447277      0.820    11.9784  29.157440    24.6654      0.812  283.17986  283.31101    10.3615     8.9111 -9.990e-29
 129.447280      0.824    11.9793  29.154204    24.6618      0.816  283.18153  283.31277    10.2525     8.9272 -9.990e-29
 129.447283      0.816    11.9802  29.159782    24.6664      0.809  283.16685  283.29810    10.0346     8.5188 -9.990e-29
 129.447286      0.809    11.9810  29.160451    24.6665      0.802  283.16161  283.29291    10.0191     8.5835 -9.990e-29
 129.447289      0.813    11.9818  29.161399    24.6669      0.806  283.15619  283.28753    10.0035     8.5714 -9.990e-29
 129.447292      0.822    11.9824  29.163240    24.6646      0.815  283.14979  283.28115    10.1280     8.5512 -9.990e-29
 129.447295      0.848    11.9828  29.159726    24.6605      0.840  283.15432  283.28574     9.5521     8.3045 0.0000e+00
 129.447297      0.873    11.9821  29.150412    24.6608      0.866  283.17526  283.30672     9.5210     8.3207 0.0000e+00
 129.447300      0.906    11.9815  29.154762    24.6608      0.898  283.16988  283.30127     9.4899     8.3086 0.0000e+00
 129.447303      0.937    11.9806  29.154372    24.6608      0.929  283.17496  283.30629     9.4899     8.2843 0.0000e+00
 129.447306      0.976    11.9805  29.145114    24.6611      0.967  283.19247  283.32389     9.4276     8.2722 0.0000e+00
 129.447309      1.019    11.9809  29.154763    24.6612      1.010  283.17295  283.30430    10.0346     8.7493 0.0000e+00
 129.447312      1.067    11.9801  29.154763    24.6617      1.057  283.17665  283.30794     9.9724     8.7574 0.0000e+00
 129.447315      1.109    11.9792  29.154986    24.6621      1.099  283.18093  283.31215     9.9879     8.7412 0.0000e+00
 129.447318      1.147    11.9783  29.156548    24.6625      1.137  283.18205  283.31321    10.0502     8.7736 -9.990e-29
 129.447321      1.172    11.9773  29.158556    24.6670      1.162  283.18301  283.31409    10.3615     8.0983 -9.990e-29
 129.447323      1.194    11.9771  29.160118    24.6687      1.184  283.18146  283.31250    10.2214     8.1145 -9.990e-29
 129.447326      1.203    11.9781  29.154038    24.6623      1.193  283.18774  283.31891    10.2681     8.0902 -9.990e-29
 129.447329      1.205    11.9794  29.154206    24.6616      1.195  283.18110  283.31236    10.2681     8.0862 -9.990e-29
 129.447332      1.211    11.9803  29.150803    24.6578      1.200  283.18308  283.31443    10.0502     8.4946 -9.990e-29
 129.447335      1.227    11.9815  29.148070    24.6545      1.216  283.18249  283.31394    10.0813     8.4784 -9.990e-29
 129.447338      1.251    11.9824  29.146063    24.6521      1.240  283.18223  283.31375     9.9879     8.4784 -9.990e-29
 129.447341      1.275    11.9827  29.144892    24.6484      1.263  283.18274  283.31431     9.9879     8.4986 -9.990e-29
 129.447344      1.302    11.9833  29.142884    24.6497      1.290  283.18348  283.31511    10.5638     8.7331 0.0000e+00
 129.447347      1.330    11.9840  29.146230    24.6496      1.318  283.17397  283.30560    10.5171     8.7210 0.0000e+00
 129.447350      1.359    11.9850  29.145282    24.6504      1.347  283.17108  283.30279    10.4860     8.7695 0.0000e+00
 129.447352      1.386    11.9857  29.148517    24.6496      1.374  283.16177  283.29349    10.4548     8.7898 -9.990e-29
 129.447355      1.401    11.9860  29.143609    24.6473      1.389  283.16954  283.30133    10.4704     8.7534 -9.990e-29
 129.447358      1.418    11.9870  29.150971    24.6535      1.405  283.15125  283.28303     9.6922     8.0902 -9.990e-29
 129.447361      1.416    11.9879  29.147568    24.6498      1.403  283.15322  283.28509     9.5054     8.0902 -9.990e-29
 129.447364      1.418    11.9879  29.151695    24.6536      1.405  283.14557  283.27740     9.4276     8.1064 -9.990e-29
 129.447367      1.416    11.9873  29.149632    24.6521      1.403  283.15206  283.28387     9.3965     8.1185 -9.990e-29
 129.447370      1.427    11.9864  29.150580    24.6535      1.414  283.15464  283.28639     9.2564     7.8516 -9.990e-29
 129.447373      1.443    11.9856  29.147011    24.6504      1.430  283.16493  283.29666     9.2875     7.8435 -9.990e-29
 129.447376      1.478    11.9849  29.146230    24.6493      1.464  283.16973  283.30143     9.1941     7.8557 0.0000e+00
 129.447378      1.516    11.9849  29.143944    24.6483      1.502  283.17432  283.30604     9.3965     7.8557 0.0000e+00
 129.447381      1.563    11.9846  29.142160    24.6469      1.549  283.17899  283.31071    10.1280     8.3328 0.0000e+00
 129.447384      1.614    11.9845  29.141714    24.6469      1.600  283.18018  283.31190     9.9724     8.2803 0.0000e+00
 129.447387      1.665    11.9845  29.142829    24.6469      1.651  283.17815  283.30986    10.0969     8.3126 0.0000e+00
 129.447390      1.706    11.9844  29.142160    24.6475      1.691  283.17975  283.31146    10.0502     8.2803 0.0000e+00
 129.447393      1.740    11.9846  29.145116    24.6482      1.725  283.17363  283.30531     9.7856     8.9919 0.0000e+00
 129.447396      1.766    11.9849  29.144893    24.6495      1.750  283.17273  283.30443     9.6922     8.9798 -9.990e-29
 129.447399      1.782    11.9851  29.146287    24.6503      1.766  283.16882  283.30053     9.8945     8.9960 -9.990e-29
 129.447402      1.791    11.9855  29.145506    24.6493      1.775  283.16861  283.30035     9.9257     8.9717 -9.990e-29
 129.447405      1.789    11.9861  29.148685    24.6518      1.773  283.15972  283.29147     9.7078     8.9717 -9.990e-29
 129.447407      1.800    11.9865  29.148462    24.6514      1.784  283.15814  283.28992     9.8323     9.1901 -9.990e-29
 129.447410      1.808    11.9870  29.149633    24.6522      1.792  283.15398  283.28577     9.8323     9.2831 -9.990e-29
 129.447413      1.828    11.9874  29.141881    24.6447      1.811  283.16635  283.29825     9.7078     9.2548 -9.990e-29
 129.447416      1.844    11.9874  29.141881    24.6446      1.828  283.16602  283.29793     9.7700     9.2346 -9.990e-29
 129.447419      1.855    11.9871  29.147904    24.6505      1.839  283.15654  283.28836     9.7700     8.7776 -9.990e-29
 129.447422      1.875    11.9874  29.146789    24.6492      1.859  283.15695  283.28881     9.8945     8.7372 -9.990e-29
 129.447425      1.892    11.9878  29.147570    24.6497      1.875  283.15385  283.28572     9.7700     8.6968 -9.990e-29
 129.447428      1.912    11.9879  29.145395    24.6475      1.895  283.15723  283.28913     9.6922     8.7898 -9.990e-29
 129.447431      1.936    11.9885  29.146622    24.6528      1.919  283.15230  283.28423     9.3654     9.0405 -9.990e-29
 129.447433      1.964    11.9892  29.151920    24.6505      1.946  283.13918  283.27109     9.2253     9.0526 0.0000e+00
 129.447436      1.996    11.9896  29.147347    24.6482      1.978  283.14567  283.27766     9.3031     9.0688 0.0000e+00
 129.447439      2.031    11.9890  29.143945    24.6455      2.012  283.15499  283.28697     9.1941     9.0445 0.0000e+00
 129.447442      2.067    11.9881  29.143220    24.6454      2.049  283.16069  283.29262     9.1319     9.3478 0.0000e+00
 129.447445      2.098    11.9877  29.139261    24.6437      2.080  283.17004  283.30199     8.9607     9.3437 0.0000e+00
 129.447448      2.127    11.9875  29.143778    24.6420      2.108  283.16236  283.29425     9.0541     9.3599 -9.990e-29
 129.447451      2.151    11.9876  29.144726    24.6471      2.132  283.16028  283.29217     9.1163     9.3963 -9.990e-29
 129.447454      2.162    11.9877  29.142663    24.6451      2.143  283.16345  283.29536     9.0852     9.3720 -9.990e-29
 129.447457      2.165    11.9875  29.143946    24.6464      2.146  283.16207  283.29396     9.5210     9.0283 -9.990e-29
 129.447459      2.167    11.9870  29.142273    24.6452      2.148  283.16751  283.29938     9.5833     9.0000 -9.990e-29
 129.447462      2.176    11.9865  29.142328    24.6455      2.157  283.16974  283.30158     9.7078     9.0324 -9.990e-29
 129.447465      2.195    11.9865  29.144894    24.6459      2.175  283.16500  283.29682     9.5677     9.0486 -9.990e-29
 129.447468      2.228    11.9868  29.142998    24.6446      2.208  283.16720  283.29905     9.5833     9.1416 0.0000e+00
 129.447471      2.266    11.9863  29.139987    24.6459      2.245  283.17514  283.30699     9.6299     9.1860 0.0000e+00
 129.447474      2.318    11.9858  29.142273    24.6459      2.297  283.17327  283.30506     9.6611     9.1739 0.0000e+00
 129.447477      2.367    11.9855  29.144894    24.6485      2.346  283.17011  283.30186     9.6455     9.1416 0.0000e+00
 129.447480      2.417    11.9847  29.148687    24.6526      2.395  283.16678  283.29844     9.8790     8.9111 0.0000e+00
 129.447483      2.455    11.9834  29.150974    24.6541      2.433  283.16890  283.30045     9.7856     8.9030 0.0000e+00
 129.447486      2.484    11.9830  29.153261    24.6556      2.462  283.16668  283.29818     9.7078     8.9111 -9.990e-29
 129.447488      2.495    11.9828  29.155157    24.6598      2.473  283.16384  283.29531     9.7545     8.9475 -9.990e-29
 129.447491      2.501    11.9828  29.155492    24.6602      2.479  283.16355  283.29502     9.5054     8.9919 -9.990e-29
 129.447494      2.492    11.9831  29.145508    24.6506      2.470  283.18038  283.31197     9.4276     8.9636 -9.990e-29
 129.447497      2.478    11.9847  29.148910    24.6528      2.455  283.16640  283.29806     9.5677     8.9434 -9.990e-29
 129.447500      2.465    11.9861  29.147014    24.6501      2.443  283.16324  283.29501     9.5521     8.9555 -9.990e-29
 129.447503      2.461    11.9872  29.141883    24.6446      2.439  283.16775  283.29964     9.6144     9.0162 -9.990e-29
 129.447506      2.476    11.9890  29.137310    24.6315      2.454  283.16756  283.29962     9.6922     8.8423 -9.990e-29
 129.447509      2.503    11.9909  29.130452    24.6290      2.481  283.17095  283.30320     9.7389     8.8262 0.0000e+00
 129.447512      2.545    11.9926  29.126326    24.6265      2.523  283.17062  283.30302     9.8167     8.8059 0.0000e+00
 129.447514      2.589    11.9943  29.124988    24.6241      2.566  283.16512  283.29765     9.7856     8.7898 0.0000e+00
 129.447517      2.639    11.9957  29.120695    24.6225      2.615  283.16610  283.29877     8.9918     9.2952 0.0000e+00
 129.447520      2.684    11.9968  29.124988    24.6225      2.661  283.15318  283.28587     9.0541     9.3033 0.0000e+00
 129.447523      2.724    11.9964  29.133742    24.6308      2.700  283.13867  283.27124     9.0852     9.2993 0.0000e+00
 129.447526      2.755    11.9946  29.136753    24.6328      2.731  283.14211  283.27453     8.8673     9.3114 0.0000e+00
 129.447529      2.781    11.9930  29.129003    24.6349      2.756  283.16381  283.29621     8.8362     9.5985 -9.990e-29
 129.447532      2.799    11.9929  29.130118    24.6298      2.774  283.16242  283.29481     8.7584     9.6551 -9.990e-29
 129.447535      2.808    11.9931  29.127274    24.6270      2.783  283.16670  283.29912     8.6650     9.6551 -9.990e-29
 129.447538      2.819    11.9936  29.121587    24.6214      2.794  283.17490  283.30741     8.7739     9.6268 -9.990e-29
 129.447541      2.835    11.9948  29.115121    24.6113      2.810  283.18088  283.31355     8.9918     9.4408 -9.990e-29
 129.447543      2.861    11.9966  29.112891    24.6098      2.835  283.17669  283.30949     9.0852     9.2588 0.0000e+00
 129.447546      2.894    11.9982  29.110828    24.6083      2.868  283.17286  283.30579     9.0385     9.2507 0.0000e+00
 129.447549      2.928    11.9996  29.108877    24.6078      2.902  283.16983  283.30286     8.9918     9.2346 0.0000e+00
 129.447552      2.966    12.0005  29.111943    24.6067      2.940  283.15984  283.29290     9.1008     9.2224 0.0000e+00
 129.447555      2.996    12.0008  29.113337    24.6078      2.969  283.15561  283.28868     9.1630     9.5540 -9.990e-29
 129.447558      3.021    12.0010  29.114563    24.6099      2.994  283.15269  283.28576     8.9607     9.4974 -9.990e-29
 129.447561      3.041    12.0010  29.118354    24.6134      3.014  283.14535  283.27838     9.1008     9.4853 -9.990e-29
 129.447564      3.054    12.0006  29.118354    24.6137      3.027  283.14769  283.28069     8.9918     9.4731 -9.990e-29
 129.447567      3.061    12.0001  29.121755    24.6172      3.034  283.14374  283.27667     9.0229     9.1779 -9.990e-29
 129.447569      3.059    11.9995  29.123873    24.6195      3.032  283.14248  283.27536     9.0385     9.1577 -9.990e-29
 129.447572      3.054    11.9992  29.121811    24.6178      3.027  283.14763  283.28051     8.9296     9.1618 -9.990e-29
 129.447575      3.056    11.9993  29.121978    24.6179      3.028  283.14699  283.27987     9.1163     9.1618 -9.990e-29
 129.447578      3.060    11.9994  29.119692    24.6157      3.032  283.15089  283.28380     8.8206     9.4529 -9.990e-29
 129.447581      3.074    11.9991  29.120473    24.6166      3.047  283.15079  283.28367     8.8206     9.4246 -9.990e-29
 129.447584      3.090    11.9985  29.120863    24.6168      3.063  283.15308  283.28591     8.8829     9.4650 -9.990e-29
 129.447587      3.116    11.9976  29.119692    24.6174      3.088  283.15926  283.29206     8.6961     9.4327 0.0000e+00
 129.447590      3.149    11.9970  29.120473    24.6180      3.120  283.16084  283.29358     8.8673     9.4206 0.0000e+00
 129.447593      3.187    11.9966  29.120529    24.6180      3.159  283.16276  283.29548     8.8050     9.7643 0.0000e+00
 129.447595      3.220    11.9966  29.120250    24.6183      3.191  283.16296  283.29569     8.7895     9.7562 0.0000e+00
 129.447598      3.260    11.9967  29.120808    24.6184      3.231  283.16162  283.29435     8.6961     9.7279 0.0000e+00
 129.447601      3.300    11.9969  29.121811    24.6192      3.271  283.15879  283.29152     8.7272     9.7602 0.0000e+00
 129.447604      3.340    11.9965  29.147963    24.6438      3.311  283.11240  283.24483     9.4899     9.7805 0.0000e+00
 129.447607      3.377    11.9929  29.177751    24.6740      3.347  283.07459  283.20648     9.5833     9.7643 0.0000e+00
 129.447610      3.415    11.9865  29.195384    24.6841      3.385  283.07226  283.20355     9.4587     9.7521 0.0000e+00
 129.447613      3.444    11.9801  29.179649    24.6841      3.413  283.13206  283.26310     9.5677     9.7683 0.0000e+00
 129.447616      3.477    11.9787  29.167711    24.6761      3.446  283.16119  283.29226    10.6572    10.7105 0.0000e+00
 129.447619      3.503    11.9803  29.171169    24.6750      3.471  283.14681  283.27795    10.5638    10.7145 0.0000e+00
 129.447622      3.530    11.9796  29.213133    24.6761      3.498  283.07240  283.20306    10.5482    10.7145 -9.990e-29
