Processed/SBE19plus_01907321_2022_05_06_Cast46_wfilter.cnv
* Sea-Bird SBE19plus  Data File:
* FileName = E:\Prandtl Daten\2022\CTD\Raw\SBE19plus_01907321_2022_05_06_Cast46.hex
* Software version 2.6.1.12
* Temperature SN = 7321
* Conductivity SN = 7321
* System UpLoad Time = May 06 2022 10:47:30
* <ApplicationData>
* <Seaterm232>
** Messpraktikum 2022
** CTD 06.05 MP2
** NMEA Latitude = 54 04.058 N
** NMEA Longitude = 008 41.139 E
# nquan = 11
# nvalues = 457                         
# units = specified
# name 0 = timeJ: Julian Days
# name 1 = prdM: Pressure, Strain Gauge [db]
# name 2 = tv290C: Temperature [ITS-90, deg C]
# name 3 = c0mS/cm: Conductivity [mS/cm]
# name 4 = sal00: Salinity, Practical [PSU]
# name 5 = depSM: Depth [salt water, m], lat = 54.00
# name 6 = oxsatMm/Kg: Oxygen Saturation, Weiss [umol/kg]
# name 7 = oxsolMm/Kg: Oxygen Saturation, Garcia & Gordon [umol/kg]
# name 8 = turbWETntu0: Turbidity, WET Labs ECO [NTU]
# name 9 = flECO-AFL: Fluorescence, WET Labs ECO-AFL/FL [mg/m^3]
# name 10 = flag:  0.000e+00
# span 0 = 126.445188, 126.446508       
# span 1 =      0.622,     12.251       
# span 2 =    12.7026,    12.8816       
# span 3 =  32.103792,  32.318142       
# span 4 =    26.9053,    26.9746       
# span 5 =      0.617,     12.141       
# span 6 =  273.33853,  274.49627       
# span 7 =  273.49685,  274.64499       
# span 8 =    11.5132,    59.7778       
# span 9 =     7.8395,    12.7485       
# span 10 = 0.0000e+00, 0.0000e+00      
# interval = seconds: 0.25
# start_time = May 06 2022 10:39:42 [Instrument's time stamp, header]
# bad_flag = -9.990e-29
*END*
[from data line 394]
 126.446328     11.063    12.8805  32.317558    26.9746     10.964  273.34199  273.50025    29.4587    11.9600 0.0000e+00
 126.446331     11.094    12.8806  32.318138    26.9746     10.994  273.34035  273.49863    29.1941    12.0368 0.0000e+00
 126.446334     11.123    12.8808  32.317732    26.9745     11.023  273.34014  273.49843    29.3342    11.9681 0.0000e+00
 126.446337     11.152    12.8810  32.317732    26.9744     11.052  273.33953  273.49783    29.4587    12.0206 0.0000e+00
 126.446340     11.181    12.8810  32.317152    26.9744     11.081  273.34025  273.49856    28.6494    12.2309 -9.990e-29
 126.446343     11.205    12.8808  32.317326    26.9741     11.105  273.34091  273.49920    28.4626    12.1379 -9.990e-29
 126.446345     11.225    12.8808  32.316920    26.9737     11.125  273.34164  273.49993    28.6027    12.1541 -9.990e-29
 126.446348     11.247    12.8806  32.316514    26.9735     11.147  273.34331  273.50160    28.6027    12.1783 -9.990e-29
 126.446351     11.265    12.8805  32.317327    26.9743     11.165  273.34221  273.50049    26.5015    12.1096 -9.990e-29
 126.446354     11.288    12.8807  32.317327    26.9740     11.186  273.34159  273.49988    26.3926    12.0732 -9.990e-29
 126.446357     11.319    12.8807  32.317153    26.9735     11.217  273.34192  273.50021    26.4704    12.0651 0.0000e+00
 126.446360     11.349    12.8809  32.316340    26.9740     11.248  273.34242  273.50073    26.3926    12.0772 0.0000e+00
 126.446363     11.382    12.8808  32.317327    26.9731     11.280  273.34134  273.49963    26.5794    12.0975 0.0000e+00
 126.446366     11.417    12.8807  32.315934    26.9735     11.315  273.34413  273.50243    27.7622    12.3805 0.0000e+00
 126.446369     11.446    12.8808  32.316747    26.9728     11.344  273.34240  273.50070    27.6222    12.2956 0.0000e+00
 126.446372     11.479    12.8808  32.315934    26.9730     11.376  273.34385  273.50215    27.6533    12.3077 0.0000e+00
 126.446374     11.507    12.8808  32.316225    26.9730     11.404  273.34336  273.50166    27.6066    12.2916 0.0000e+00
 126.446377     11.534    12.8806  32.316109    26.9730     11.431  273.34421  273.50250    27.8401    11.9398 0.0000e+00
 126.446380     11.561    12.8803  32.315528    26.9730     11.458  273.34651  273.50479    27.7155    11.9034 -9.990e-29
 126.446383     11.585    12.8803  32.315296    26.9725     11.481  273.34725  273.50553    27.5599    11.9802 -9.990e-29
 126.446386     11.605    12.8800  32.314484    26.9719     11.501  273.34964  273.50791    27.6689    11.9640 -9.990e-29
 126.446389     11.623    12.8800  32.314716    26.9721     11.519  273.34956  273.50782    29.2097    12.3279 -9.990e-29
 126.446392     11.645    12.8800  32.315064    26.9725     11.541  273.34864  273.50691    29.4120    12.3118 -9.990e-29
 126.446395     11.672    12.8800  32.315123    26.9727     11.568  273.34888  273.50714    29.3809    12.2916 0.0000e+00
 126.446398     11.698    12.8801  32.315703    26.9729     11.593  273.34724  273.50550    29.2720    12.2916 0.0000e+00
 126.446400     11.729    12.8800  32.315529    26.9729     11.624  273.34820  273.50645    33.4899    12.5220 0.0000e+00
 126.446403     11.765    12.8799  32.315529    26.9729     11.660  273.34854  273.50679    33.3965    12.4371 0.0000e+00
 126.446406     11.793    12.8798  32.315297    26.9729     11.687  273.34959  273.50784    33.4120    12.4048 0.0000e+00
 126.446409     11.826    12.8797  32.315413    26.9729     11.720  273.34973  273.50797    33.6299    12.4654 0.0000e+00
 126.446412     11.859    12.8795  32.315529    26.9731     11.752  273.35017  273.50840    33.5054    12.4735 0.0000e+00
 126.446415     11.886    12.8795  32.315936    26.9733     11.779  273.34948  273.50770    35.4354    11.7133 0.0000e+00
 126.446418     11.913    12.8798  32.315936    26.9735     11.807  273.34855  273.50679    35.4665    11.6405 -9.990e-29
 126.446421     11.935    12.8797  32.315123    26.9726     11.828  273.35031  273.50855    35.5599    11.7133 -9.990e-29
 126.446424     11.959    12.8796  32.315704    26.9732     11.852  273.34962  273.50785    35.3264    11.7376 -9.990e-29
 126.446427     11.981    12.8796  32.315994    26.9735     11.873  273.34912  273.50735    38.2836    11.9034 -9.990e-29
 126.446429     12.002    12.8795  32.315704    26.9733     11.895  273.35027  273.50850    38.1280    11.8670 -9.990e-29
 126.446432     12.026    12.8797  32.315530    26.9741     11.918  273.34965  273.50789    38.2836    11.8629 -9.990e-29
 126.446435     12.057    12.8797  32.316749    26.9740     11.949  273.34752  273.50575    38.2369    11.9195 0.0000e+00
 126.446438     12.088    12.8798  32.316517    26.9738     11.980  273.34764  273.50587    38.9529    11.7295 0.0000e+00
 126.446441     12.118    12.8801  32.316517    26.9738     12.009  273.34608  273.50434    38.8751    11.6890 0.0000e+00
 126.446444     12.151    12.8806  32.317968    26.9743     12.042  273.34134  273.49961    38.9062    11.6527 0.0000e+00
 126.446447     12.184    12.8811  32.318142    26.9744     12.074  273.33884  273.49715    38.9685    11.7052 0.0000e+00
 126.446450     12.209    12.8813  32.317968    26.9743     12.100  273.33853  273.49685    38.9996    11.4505 -9.990e-29
 126.446453     12.218    12.8811  32.317736    26.9739     12.109  273.33958  273.49789    38.9996    11.4869 -9.990e-29
 126.446455     12.233    12.8811  32.317155    26.9734     12.123  273.34061  273.49893    38.8128    11.5111 -9.990e-29
 126.446458     12.234    12.8809  32.317155    26.9735     12.125  273.34156  273.49986    38.9996    11.5313 -9.990e-29
 126.446461     12.240    12.8810  32.317155    26.9734     12.130  273.34093  273.49924    39.1085    11.4909 -9.990e-29
 126.446464     12.242    12.8813  32.316923    26.9730     12.132  273.34008  273.49841    48.5405    12.2592 -9.990e-29
 126.446467     12.240    12.8814  32.316923    26.9730     12.130  273.33976  273.49810    48.4938    12.2754 -9.990e-29
 126.446470     12.242    12.8816  32.316343    26.9723     12.132  273.34015  273.49851    48.3692    12.2552 -9.990e-29
 126.446473     12.244    12.8816  32.316517    26.9725     12.134  273.33985  273.49820    48.4159    12.2511 -9.990e-29
 126.446476     12.244    12.8813  32.315937    26.9721     12.134  273.34182  273.50016    57.3965    12.6838 -9.990e-29
 126.446479     12.246    12.8810  32.315821    26.9722     12.136  273.34328  273.50161    57.5054    12.6757 -9.990e-29
 126.446481     12.246    12.8810  32.315530    26.9719     12.136  273.34379  273.50212    57.5833    12.7323 -9.990e-29
 126.446484     12.244    12.8810  32.314312    26.9708     12.134  273.34625  273.50459    57.6922    12.7485 -9.990e-29
 126.446487     12.247    12.8807  32.315531    26.9722     12.138  273.34537  273.50368    59.7778    12.5463 -9.990e-29
 126.446490     12.245    12.8805  32.314892    26.9717     12.136  273.34744  273.50574    59.7467    12.5665 -9.990e-29
 126.446493     12.249    12.8803  32.314486    26.9715     12.139  273.34879  273.50708    59.7622    12.6150 -9.990e-29
 126.446496     12.247    12.8802  32.314834    26.9719     12.137  273.34881  273.50709    59.7467    12.5746 -9.990e-29
 126.446499     12.247    12.8799  32.313325    26.9707     12.138  273.35273  273.51100    49.4743    12.5706 -9.990e-29
 126.446502     12.249    12.8796  32.313906    26.9714     12.139  273.35297  273.51122    49.1941    11.9357 -9.990e-29
 126.446505     12.249    12.8793  32.314312    26.9721     12.140  273.35383  273.51206    49.1630    11.8953 -9.990e-29
 126.446508     12.251    12.8788  32.312281    26.9705     12.141  273.35930  273.51752    49.2253    11.8306 -9.990e-29
