Processed/SBE19plus_01907321_2022_05_10_Cast116_wfilter.cnv
* Sea-Bird SBE19plus  Data File:
* FileName = E:\Prandtl_Daten\2022\CTD\Raw\SBE19plus_01907321_2022_05_10_Cast116.hex
* Software version 2.6.1.12
* Temperature SN = 7321
* Conductivity SN = 7321
* System UpLoad Time = May 10 2022 13:36:28
* <ApplicationData>
* <Seaterm232>
** Messpraktikum 2022
** CTD 10.05  Mp2
** NMEA Latitude = 54 04.13N
** NMEA Longitude = 008 42.08E
# nquan = 11
# nvalues = 445                         
# units = specified
# name 0 = timeJ: Julian Days
# name 1 = prdM: Pressure, Strain Gauge [db]
# name 2 = tv290C: Temperature [ITS-90, deg C]
# name 3 = c0mS/cm: Conductivity [mS/cm]
# name 4 = sal00: Salinity, Practical [PSU]
# name 5 = depSM: Depth [salt water, m], lat = 54.00
# name 6 = oxsatMm/Kg: Oxygen Saturation, Weiss [umol/kg]
# name 7 = oxsolMm/Kg: Oxygen Saturation, Garcia & Gordon [umol/kg]
# name 8 = turbWETntu0: Turbidity, WET Labs ECO [NTU]
# name 9 = flECO-AFL: Fluorescence, WET Labs ECO-AFL/FL [mg/m^3]
# name 10 = flag:  0.000e+00
# span 0 = 130.562833, 130.564117       
# span 1 =      0.250,      9.775       
# span 2 =    14.0787,    14.1803       
# span 3 =  33.123911,  33.251693       
# span 4 =    26.8670,    26.9160       
# span 5 =      0.248,      9.687       
# span 6 =  266.16444,  266.79832       
# span 7 =  266.39411,  267.02308       
# span 8 =     1.5366,    41.4120       
# span 9 =     4.8472,    15.7003       
# span 10 = 0.0000e+00, 0.0000e+00      
# interval = seconds: 0.25
# start_time = May 10 2022 13:29:18 [Instrument's time stamp, header]
# bad_flag = -9.990e-29
*END*
[from data line 132]
 130.563215      3.206    14.1621  33.227632    26.9029      3.177  266.27951  266.50832     4.2292     6.2261 -9.990e-29
 130.563218      3.224    14.1627  33.229510    26.9042      3.195  266.27423  266.50305     3.1552     6.2382 -9.990e-29
 130.563220      3.241    14.1635  33.228630    26.9028      3.212  266.27192  266.50080     3.2798     6.1937 -9.990e-29
 130.563223      3.251    14.1642  33.229275    26.9029      3.222  266.26803  266.49695     3.1241     6.1978 -9.990e-29
 130.563226      3.275    14.1644  33.224464    26.8984      3.246  266.27535  266.50431     3.4665     6.1735 -9.990e-29
 130.563229      3.297    14.1634  33.223408    26.8982      3.268  266.28119  266.51011     3.5599     5.7530 -9.990e-29
 130.563232      3.319    14.1623  33.225110    26.9005      3.289  266.28311  266.51195     3.5910     5.7530 -9.990e-29
 130.563235      3.344    14.1620  33.223291    26.8980      3.315  266.28739  266.51622     3.6844     5.7611 -9.990e-29
 130.563238      3.370    14.1612  33.221532    26.8969      3.340  266.29376  266.52256     3.4043     5.7611 0.0000e+00
 130.563241      3.401    14.1603  33.218305    26.8969      3.371  266.30288  266.53164     3.5910     5.7934 0.0000e+00
 130.563244      3.426    14.1586  33.216487    26.8957      3.396  266.31281  266.54149     3.0774     6.0199 -9.990e-29
 130.563247      3.446    14.1572  33.215901    26.8957      3.416  266.31976  266.54837     3.0930     5.9956 -9.990e-29
 130.563249      3.470    14.1555  33.214317    26.8954      3.439  266.32930  266.55782     3.1085     6.0239 -9.990e-29
 130.563252      3.492    14.1542  33.213144    26.8953      3.461  266.33690  266.56536     2.8751     6.0441 -9.990e-29
 130.563255      3.512    14.1534  33.213320    26.8960      3.481  266.33977  266.56818     3.4510     5.9430 -9.990e-29
 130.563258      3.522    14.1528  33.212323    26.8956      3.490  266.34425  266.57263     3.3420     5.9875 -9.990e-29
 130.563261      3.538    14.1521  33.211267    26.8951      3.506  266.34883  266.57718     3.2331     5.9754 -9.990e-29
 130.563264      3.554    14.1510  33.209508    26.8942      3.523  266.35614  266.58445     3.4198     5.9390 -9.990e-29
 130.563267      3.574    14.1502  33.207924    26.8917      3.543  266.36223  266.59050     2.6572     5.8622 -9.990e-29
 130.563270      3.600    14.1493  33.205343    26.8911      3.568  266.37028  266.59851     2.7506     5.8419 0.0000e+00
 130.563273      3.626    14.1477  33.202704    26.8904      3.593  266.38156  266.60972     2.8751     5.7975 0.0000e+00
 130.563275      3.656    14.1457  33.200417    26.8897      3.624  266.39353  266.62160     2.7661     5.7651 0.0000e+00
 130.563278      3.689    14.1441  33.198951    26.8897      3.656  266.40289  266.63087     3.6689     6.3353 0.0000e+00
 130.563281      3.715    14.1425  33.196606    26.8896      3.682  266.41338  266.64129     3.7311     6.3272 -9.990e-29
 130.563284      3.737    14.1412  33.194788    26.8878      3.703  266.42205  266.64990     3.4821     6.3272 -9.990e-29
 130.563287      3.760    14.1397  33.197486    26.8913      3.727  266.42389  266.65163     3.5910     6.3797 -9.990e-29
 130.563290      3.786    14.1396  33.199363    26.8930      3.752  266.42112  266.64884     3.6844     6.3636 -9.990e-29
 130.563293      3.808    14.1401  33.200360    26.8936      3.774  266.41760  266.64534     3.6533     5.9713 -9.990e-29
 130.563296      3.819    14.1408  33.200829    26.8935      3.785  266.41369  266.64147     3.9023     5.9794 -9.990e-29
 130.563299      3.837    14.1413  33.203703    26.8957      3.803  266.40676  266.63454     3.9646     5.9996 -9.990e-29
 130.563302      3.852    14.1426  33.206870    26.8976      3.817  266.39619  266.62403     3.9801     5.9309 -9.990e-29
 130.563304      3.873    14.1440  33.206870    26.8966      3.839  266.39023  266.61815     4.0113     6.2746 -9.990e-29
 130.563307      3.895    14.1456  33.211680    26.8999      3.861  266.37570  266.60368     4.1825     6.2746 -9.990e-29
 130.563310      3.919    14.1478  33.217370    26.9017      3.884  266.35721  266.58527     4.0580     6.2948 -9.990e-29
 130.563313      3.946    14.1505  33.217487    26.9018      3.911  266.34572  266.57393     3.8556     6.2867 0.0000e+00
 130.563316      3.974    14.1528  33.219422    26.9018      3.938  266.33280  266.56113     3.1864     6.0280 0.0000e+00
 130.563319      4.001    14.1546  33.220302    26.9018      3.965  266.32382  266.55225     3.3887     6.0441 -9.990e-29
 130.563322      4.023    14.1557  33.220068    26.9003      3.987  266.31951  266.54800     3.3887     6.0805 -9.990e-29
 130.563325      4.049    14.1563  33.216079    26.8963      4.012  266.32360  266.55215     3.2019     6.0927 -9.990e-29
 130.563328      4.069    14.1555  33.214084    26.8951      4.032  266.33036  266.55888     3.4510     6.1371 -9.990e-29
 130.563330      4.091    14.1539  33.210213    26.8927      4.054  266.34336  266.57182     3.8556     6.2423 -9.990e-29
 130.563333      4.105    14.1518  33.207926    26.8921      4.068  266.35594  266.58430     3.7467     6.1978 -9.990e-29
 130.563336      4.123    14.1494  33.204700    26.8909      4.087  266.37134  266.59958     3.7622     6.2220 -9.990e-29
 130.563339      4.140    14.1469  33.203117    26.8912      4.103  266.38433  266.61245     3.5599     6.2140 -9.990e-29
 130.563342      4.162    14.1451  33.204700    26.8938      4.125  266.38928  266.61728     3.8868     6.5900 -9.990e-29
 130.563345      4.184    14.1443  33.207927    26.8973      4.146  266.38742  266.61535     3.9646     6.5900 -9.990e-29
 130.563348      4.205    14.1456  33.215024    26.9027      4.168  266.37037  266.59832     4.0113     6.5738 -9.990e-29
 130.563351      4.235    14.1483  33.218896    26.9043      4.197  266.35268  266.58076     4.0424     6.5819 -9.990e-29
 130.563354      4.260    14.1516  33.222357    26.9051      4.222  266.33284  266.56109     4.8362     6.3555 -9.990e-29
 130.563356      4.285    14.1550  33.222650    26.9030      4.247  266.31823  266.54667     4.7584     6.3070 -9.990e-29
 130.563359      4.307    14.1571  33.229514    26.9077      4.269  266.29812  266.52663     4.7117     6.3514 -9.990e-29
 130.563362      4.336    14.1602  33.231802    26.9076      4.298  266.28148  266.51015     4.7428     6.3191 -9.990e-29
 130.563365      4.360    14.1636  33.233268    26.9065      4.321  266.26462  266.49348     5.3965     6.3636 -9.990e-29
 130.563368      4.386    14.1659  33.236378    26.9077      4.346  266.24977  266.47873     5.5521     6.4687 -9.990e-29
 130.563371      4.404    14.1681  33.236847    26.9066      4.365  266.23989  266.46898     5.3498     6.4202 -9.990e-29
 130.563374      4.420    14.1697  33.239781    26.9081      4.381  266.22847  266.45762     5.0852     6.4323 -9.990e-29
 130.563377      4.439    14.1713  33.240368    26.9075      4.399  266.22091  266.45015     5.4276     6.4121 -9.990e-29
 130.563380      4.459    14.1727  33.242832    26.9087      4.419  266.21089  266.44020     5.3031     6.7760 -9.990e-29
 130.563383      4.475    14.1740  33.243947    26.9088      4.435  266.20372  266.43309     5.2875     6.8326 -9.990e-29
 130.563385      4.497    14.1749  33.245590    26.9096      4.457  266.19694  266.42636     5.3809     6.7679 -9.990e-29
 130.563388      4.520    14.1760  33.246881    26.9100      4.480  266.19043  266.41989     5.2097     6.7720 -9.990e-29
 130.563391      4.546    14.1765  33.247820    26.9105      4.505  266.18670  266.41619     5.3342     6.6021 -9.990e-29
 130.563394      4.568    14.1773  33.246881    26.9091      4.527  266.18512  266.41466     5.1941     6.5860 -9.990e-29
 130.563397      4.593    14.1775  33.248348    26.9103      4.552  266.18177  266.41131     5.3965     6.5860 -9.990e-29
 130.563400      4.617    14.1776  33.249404    26.9111      4.576  266.17942  266.40896     5.4276     6.6021 -9.990e-29
 130.563403      4.644    14.1781  33.249405    26.9108      4.603  266.17755  266.40711     5.4120     6.5536 -9.990e-29
 130.563406      4.668    14.1786  33.249815    26.9108      4.626  266.17469  266.40428     5.3187     6.4970 -9.990e-29
 130.563409      4.690    14.1789  33.250226    26.9109      4.648  266.17277  266.40237     5.1475     6.5455 -9.990e-29
 130.563411      4.712    14.1793  33.249815    26.9103      4.670  266.17157  266.40121     5.2097     6.5658 -9.990e-29
 130.563414      4.728    14.1797  33.251224    26.9113      4.686  266.16769  266.39734     5.4899     6.6385 -9.990e-29
 130.563417      4.746    14.1800  33.250872    26.9107      4.704  266.16702  266.39669     5.4899     6.6668 -9.990e-29
 130.563420      4.763    14.1802  33.251576    26.9112      4.720  266.16493  266.39460     5.5521     6.6547 -9.990e-29
 130.563423      4.786    14.1803  33.251693    26.9094      4.744  266.16444  266.39411     5.3965     6.6507 -9.990e-29
 130.563426      4.812    14.1802  33.249581    26.9098      4.769  266.16856  266.39825     5.5366     6.7073 0.0000e+00
 130.563429      4.838    14.1793  33.249816    26.9100      4.794  266.17165  266.40128     6.0657     6.9742 0.0000e+00
 130.563432      4.863    14.1786  33.248994    26.9101      4.820  266.17616  266.40576     6.1124     6.9620 0.0000e+00
 130.563435      4.889    14.1774  33.248232    26.9100      4.845  266.18246  266.41199     6.0502     6.9620 0.0000e+00
 130.563437      4.920    14.1764  33.247293    26.9101      4.876  266.18842  266.41790     6.1903     6.9742 0.0000e+00
 130.563440      4.947    14.1753  33.247234    26.9104      4.903  266.19293  266.42235     6.2369     6.9297 0.0000e+00
 130.563443      4.976    14.1743  33.246237    26.9107      4.932  266.19868  266.42805     6.1903     6.9297 -9.990e-29
 130.563446      5.000    14.1734  33.243303    26.9084      4.955  266.20730  266.43664     6.1903     6.9176 -9.990e-29
 130.563449      5.014    14.1719  33.244242    26.9103      4.970  266.21204  266.44129     6.2525     6.9095 -9.990e-29
 130.563452      5.029    14.1709  33.243714    26.9106      4.984  266.21732  266.44651     5.8634     6.7599 -9.990e-29
 130.563455      5.044    14.1703  33.242834    26.9102      4.998  266.22129  266.45046     6.0191     6.6992 -9.990e-29
 130.563458      5.058    14.1695  33.242893    26.9108      5.013  266.22435  266.45347     6.0657     6.7437 -9.990e-29
 130.563461      5.071    14.1688  33.243128    26.9115      5.026  266.22711  266.45619     6.0191     6.7437 -9.990e-29
 130.563464      5.093    14.1686  33.242600    26.9112      5.047  266.22893  266.45800     7.0463     7.3098 -9.990e-29
 130.563466      5.113    14.1683  33.242717    26.9113      5.067  266.23001  266.45906     7.0152     7.2815 -9.990e-29
 130.563469      5.142    14.1683  33.242600    26.9102      5.096  266.22991  266.45896     6.9062     7.3219 0.0000e+00
 130.563472      5.169    14.1681  33.239960    26.9097      5.123  266.23522  266.46428     7.1241     7.3421 0.0000e+00
 130.563475      5.200    14.1676  33.240194    26.9093      5.154  266.23705  266.46608     6.9996     7.3057 0.0000e+00
 130.563478      5.228    14.1664  33.238845    26.9095      5.181  266.24432  266.47329     7.8089     7.4554 0.0000e+00
 130.563481      5.253    14.1647  33.235970    26.9093      5.206  266.25599  266.48489     7.9646     7.4715 -9.990e-29
 130.563484      5.277    14.1626  33.231277    26.9051      5.230  266.27286  266.50167     7.7311     7.4918 -9.990e-29
 130.563487      5.292    14.1585  33.226759    26.9039      5.244  266.29760  266.52621     7.7311     7.4715 -9.990e-29
 130.563490      5.310    14.1542  33.226877    26.9070      5.262  266.31533  266.54369     8.0268     7.4554 -9.990e-29
 130.563492      5.326    14.1516  33.227640    26.9095      5.278  266.32508  266.55328     8.1669     7.4109 -9.990e-29
 130.563495      5.337    14.1500  33.225294    26.9085      5.289  266.33555  266.56368     7.9179     7.4554 -9.990e-29
 130.563498      5.357    14.1487  33.223886    26.9082      5.309  266.34355  266.57161     8.1047     7.4392 -9.990e-29
 130.563501      5.379    14.1470  33.223827    26.9099      5.331  266.35057  266.57853     7.4976     7.4109 -9.990e-29
 130.563504      5.408    14.1456  33.223476    26.9096      5.360  266.35714  266.58502     7.5910     7.3704 0.0000e+00
 130.563507      5.436    14.1446  33.222185    26.9096      5.387  266.36337  266.59121     7.5755     7.3704 0.0000e+00
 130.563510      5.469    14.1436  33.222361    26.9094      5.420  266.36718  266.59496     7.3887     7.4028 -9.990e-29
 130.563513      5.494    14.1431  33.222890    26.9111      5.445  266.36852  266.59627     5.8634     6.8488 -9.990e-29
 130.563516      5.523    14.1427  33.223828    26.9122      5.474  266.36856  266.59628     5.7700     6.8043 -9.990e-29
 130.563519      5.547    14.1435  33.225647    26.9133      5.497  266.36243  266.59018     5.8167     6.8407 -9.990e-29
 130.563521      5.573    14.1448  33.228228    26.9147      5.523  266.35253  266.58034     5.7856     6.8124 -9.990e-29
 130.563524      5.591    14.1475  33.231807    26.9160      5.541  266.33532  266.56326     5.9257     6.8205 -9.990e-29
 130.563527      5.600    14.1512  33.233039    26.9145      5.550  266.31790  266.54604     7.6533     7.1602 -9.990e-29
 130.563530      5.613    14.1540  33.232863    26.9124      5.562  266.30626  266.53457     7.5755     7.1602 -9.990e-29
 130.563533      5.622    14.1555  33.231454    26.9101      5.572  266.30231  266.53071     7.6533     7.0914 -9.990e-29
 130.563536      5.642    14.1555  33.228638    26.9075      5.591  266.30697  266.53539     7.4821     7.1278 -9.990e-29
 130.563539      5.660    14.1541  33.227406    26.9074      5.609  266.31498  266.54333     8.2759     7.6292 -9.990e-29
 130.563542      5.685    14.1521  33.223887    26.9050      5.635  266.32929  266.55755     8.3226     7.6292 -9.990e-29
 130.563545      5.716    14.1492  33.220895    26.9053      5.665  266.34650  266.57462     8.3848     7.6292 0.0000e+00
 130.563547      5.747    14.1459  33.218901    26.9053      5.696  266.36364  266.59158     8.2759     7.6737 0.0000e+00
 130.563550      5.777    14.1429  33.218608    26.9055      5.725  266.37671  266.60448     8.1358     7.7182 -9.990e-29
 130.563553      5.797    14.1409  33.217142    26.9074      5.745  266.38762  266.61529     8.3226     7.7344 -9.990e-29
 130.563556      5.826    14.1395  33.217318    26.9085      5.774  266.39301  266.62059     8.3226     7.6858 -9.990e-29
 130.563559      5.846    14.1390  33.216907    26.9085      5.793  266.39590  266.62345     8.1980     7.6737 -9.990e-29
 130.563562      5.870    14.1383  33.217318    26.9093      5.817  266.39806  266.62557     6.5949     6.6507 -9.990e-29
 130.563565      5.884    14.1382  33.217553    26.9096      5.831  266.39831  266.62581     6.6261     6.6790 -9.990e-29
 130.563568      5.901    14.1382  33.218198    26.9102      5.848  266.39725  266.62475     6.6572     6.6507 -9.990e-29
 130.563571      5.917    14.1386  33.219489    26.9110      5.864  266.39325  266.62076     6.6883     6.6830 -9.990e-29
 130.563573      5.935    14.1401  33.223419    26.9136      5.882  266.38080  266.60836     6.5949     6.6749 -9.990e-29
 130.563576      5.959    14.1432  33.225296    26.9130      5.905  266.36451  266.59225     6.2836     6.7639 -9.990e-29
 130.563579      5.988    14.1464  33.226998    26.9123      5.934  266.34821  266.57612     6.1280     6.7720 -9.990e-29
 130.563582      6.013    14.1493  33.229051    26.9101      5.960  266.33290  266.56096     6.2992     6.8326 -9.990e-29
 130.563585      6.044    14.1517  33.228640    26.9101      5.990  266.32323  266.55143     6.3770     6.8043 0.0000e+00
 130.563588      6.070    14.1534  33.228464    26.9101      6.016  266.31631  266.54461     6.8751     6.7275 -9.990e-29
