Processed/SBE19plus_01907321_2022_05_09_Cast100_wfilter.cnv
* Sea-Bird SBE19plus  Data File:
* FileName = E:\Prandtl_Daten\2022\CTD\Raw\SBE19plus_01907321_2022_05_09_Cast100.hex
* Software version 2.6.1.12
* Temperature SN = 7321
* Conductivity SN = 7321
* System UpLoad Time = May 09 2022 11:38:41
* <ApplicationData>
* <Seaterm232>
** Messpraktikum 2022
** CTD 09.05 SW1
** NMEA Latitude = 54 04.936 N
** NMEA Longitude = 008 29.675 E
# nquan = 11
# nvalues = 479                         
# units = specified
# name 0 = timeJ: Julian Days
# name 1 = prdM: Pressure, Strain Gauge [db]
# name 2 = tv290C: Temperature [ITS-90, deg C]
# name 3 = c0mS/cm: Conductivity [mS/cm]
# name 4 = sal00: Salinity, Practical [PSU]
# name 5 = depSM: Depth [salt water, m], lat = 54.00
# name 6 = oxsatMm/Kg: Oxygen Saturation, Weiss [umol/kg]
# name 7 = oxsolMm/Kg: Oxygen Saturation, Garcia & Gordon [umol/kg]
# name 8 = turbWETntu0: Turbidity, WET Labs ECO [NTU]
# name 9 = flECO-AFL: Fluorescence, WET Labs ECO-AFL/FL [mg/m^3]
# name 10 = flag:  0.000e+00
# span 0 = 129.480512, 129.481895       
# span 1 =      0.431,     12.850       
# span 2 =    12.0876,    12.6962       
# span 3 =  31.117968,  32.021882       
# span 4 =    26.2505,    27.0750       
# span 5 =      0.427,     12.735       
# span 6 =  275.70183,  278.54079       
# span 7 =  275.85622,  278.66543       
# span 8 =     3.4821,    30.9062       
# span 9 =     3.6948,     9.8209       
# span 10 = 0.0000e+00, 0.0000e+00      
# interval = seconds: 0.25
# start_time = May 09 2022 11:30:52 [Instrument's time stamp, header]
# bad_flag = -9.990e-29
*END*
[from data line 263]
 129.481273      7.217    12.0962  31.544594    26.8162      7.152  278.23463  278.34853     9.5677     6.5698 -9.990e-29
 129.481276      7.209    12.0969  31.544594    26.8157      7.145  278.23145  278.34540     9.5521     6.6183 -9.990e-29
 129.481279      7.200    12.0976  31.542237    26.8130      7.136  278.23290  278.34692     9.5521     6.6305 -9.990e-29
 129.481282      7.196    12.0978  31.544766    26.8152      7.132  278.22699  278.34100    10.9218     6.5496 -9.990e-29
 129.481285      7.204    12.0982  31.549308    26.8192      7.140  278.21708  278.33106    11.0774     6.5375 -9.990e-29
 129.481288      7.220    12.0992  31.551090    26.8237      7.156  278.20937  278.32340    11.0307     6.5900 -9.990e-29
 129.481291      7.250    12.1002  31.555632    26.8240      7.185  278.19630  278.31035    10.9840     6.5779 0.0000e+00
 129.481293      7.288    12.1007  31.556610    26.8240      7.223  278.19231  278.30638     9.2875     6.5496 0.0000e+00
 129.481296      7.337    12.1015  31.557013    26.8242      7.271  278.18779  278.30192     9.2253     6.5213 0.0000e+00
 129.481299      7.397    12.1022  31.560003    26.8244      7.331  278.17917  278.29332     9.3187     6.5375 0.0000e+00
 129.481302      7.457    12.1031  31.558623    26.8256      7.391  278.17792  278.29214     9.2875     6.5455 0.0000e+00
 129.481305      7.517    12.1039  31.560578    26.8254      7.450  278.17056  278.28482     9.6455     5.8500 0.0000e+00
 129.481308      7.572    12.1048  31.561153    26.8254      7.504  278.16541  278.27973     9.7545     5.8703 0.0000e+00
 129.481311      7.616    12.1054  31.560003    26.8247      7.547  278.16501  278.27937     9.8167     5.8945 0.0000e+00
 129.481314      7.650    12.1058  31.561556    26.8240      7.581  278.16028  278.27465     9.7389     5.8945 -9.990e-29
 129.481317      7.675    12.1059  31.562533    26.8260      7.607  278.15818  278.27256    10.8284     6.4404 -9.990e-29
 129.481319      7.692    12.1059  31.563166    26.8265      7.623  278.15704  278.27140    10.7661     6.8569 -9.990e-29
 129.481322      7.703    12.1062  31.564316    26.8274      7.634  278.15367  278.26804    10.8284     6.8569 -9.990e-29
 129.481325      7.708    12.1066  31.565121    26.8279      7.640  278.15029  278.26468    10.7350     6.8448 -9.990e-29
 129.481328      7.716    12.1069  31.566501    26.8289      7.647  278.14617  278.26058    10.8128     6.8812 -9.990e-29
 129.481331      7.717    12.1072  31.564316    26.8267      7.648  278.14891  278.26335    10.1903     7.1440 -9.990e-29
 129.481334      7.723    12.1073  31.565696    26.8279      7.654  278.14606  278.26050    10.2214     7.0995 -9.990e-29
 129.481337      7.732    12.1078  31.565523    26.8274      7.663  278.14416  278.25863    10.3615     7.1602 -9.990e-29
 129.481340      7.750    12.1078  31.565121    26.8270      7.681  278.14459  278.25907    10.2214     7.1359 -9.990e-29
 129.481343      7.771    12.1080  31.567076    26.8310      7.701  278.14039  278.25486    11.7622     7.5201 -9.990e-29
 129.481345      7.802    12.1083  31.569837    26.8313      7.732  278.13376  278.24823    11.6533     7.5039 0.0000e+00
 129.481348      7.837    12.1091  31.571044    26.8316      7.766  278.12808  278.24258    11.7934     7.4998 0.0000e+00
 129.481351      7.873    12.1099  31.575012    26.8348      7.803  278.11734  278.23185    11.8556     7.5281 0.0000e+00
 129.481354      7.909    12.1114  31.577773    26.8352      7.839  278.10531  278.21990    10.7506     6.3797 0.0000e+00
 129.481357      7.950    12.1129  31.577773    26.8362      7.878  278.09866  278.21335    10.7661     6.3676 0.0000e+00
 129.481360      7.990    12.1134  31.581281    26.8373      7.918  278.08972  278.20441    10.7817     6.3636 0.0000e+00
 129.481363      8.025    12.1147  31.581512    26.8380      7.953  278.08360  278.19838    10.7973     6.3353 0.0000e+00
 129.481366      8.057    12.1164  31.584675    26.8382      7.985  278.07021  278.18506    11.0619     6.3717 0.0000e+00
 129.481369      8.083    12.1179  31.580131    26.8391      8.010  278.07155  278.18656    11.7467     6.3878 -9.990e-29
 129.481372      8.104    12.1181  31.583467    26.8367      8.032  278.06450  278.17949    11.8556     6.4242 -9.990e-29
 129.481374      8.125    12.1180  31.589622    26.8426      8.052  278.05388  278.16880    11.7467     6.3959 -9.990e-29
 129.481377      8.143    12.1193  31.595949    26.8476      8.070  278.03659  278.15153    11.8089     6.3919 -9.990e-29
 129.481380      8.169    12.1214  31.599113    26.8491      8.095  278.02128  278.13633    10.0657     6.8043 -9.990e-29
 129.481383      8.187    12.1232  31.597962    26.8466      8.113  278.01482  278.13001     9.9257     6.8043 -9.990e-29
 129.481386      8.210    12.1247  31.601242    26.8505      8.137  278.00216  278.11742     9.9724     6.8124 -9.990e-29
 129.481389      8.238    12.1257  31.604003    26.8512      8.164  277.99268  278.10797    10.0035     6.7841 0.0000e+00
 129.481392      8.263    12.1272  31.606592    26.8505      8.189  277.98129  278.09665    11.0152     6.6830 0.0000e+00
 129.481395      8.289    12.1291  31.606189    26.8519      8.215  277.97315  278.08865    11.0307     6.6426 0.0000e+00
 129.481398      8.319    12.1306  31.612345    26.8544      8.245  277.95523  278.07077    11.1397     6.6628 0.0000e+00
 129.481400      8.352    12.1321  31.613093    26.8544      8.277  277.94689  278.06253    10.9840     6.6790 0.0000e+00
 129.481403      8.391    12.1339  31.614302    26.8544      8.315  277.93677  278.05251    11.1864     6.6588 0.0000e+00
 129.481406      8.425    12.1351  31.616258    26.8544      8.350  277.92781  278.04361    11.2642     6.6588 0.0000e+00
 129.481409      8.456    12.1358  31.615913    26.8552      8.380  277.92529  278.04114    11.2175     6.6668 0.0000e+00
 129.481412      8.491    12.1362  31.618445    26.8564      8.415  277.91877  278.03463    11.3420     6.6668 0.0000e+00
 129.481415      8.522    12.1368  31.622012    26.8580      8.446  277.90941  278.02527    11.2642     6.6547 0.0000e+00
 129.481418      8.557    12.1377  31.621207    26.8593      8.480  277.90710  278.02302    12.5405     6.9499 0.0000e+00
 129.481421      8.586    12.1383  31.624199    26.8592      8.509  277.89878  278.01472    12.4938     6.9378 0.0000e+00
 129.481424      8.617    12.1391  31.625005    26.8603      8.539  277.89384  278.00982    12.4626     6.8852 -9.990e-29
 129.481427      8.638    12.1396  31.627940    26.8628      8.561  277.88594  278.00193    12.4315     6.9014 -9.990e-29
 129.481429      8.662    12.1407  31.628573    26.8627      8.584  277.88004  277.99609    11.2953     7.0955 -9.990e-29
 129.481432      8.673    12.1415  31.629724    26.8632      8.595  277.87445  277.99054    11.3264     7.1319 -9.990e-29
 129.481435      8.684    12.1421  31.631738    26.8646      8.606  277.86791  277.98403    11.1241     7.0995 -9.990e-29
 129.481438      8.691    12.1429  31.634903    26.8670      8.613  277.85832  277.97446    11.2331     7.1359 -9.990e-29
 129.481441      8.702    12.1440  31.630932    26.8625      8.624  277.86050  277.97676    11.5443     7.8435 -9.990e-29
 129.481444      8.704    12.1445  31.634500    26.8655      8.626  277.85176  277.96801    11.3887     7.8435 -9.990e-29
 129.481447      8.711    12.1450  31.634500    26.8652      8.633  277.84986  277.96614    11.4510     7.7991 -9.990e-29
 129.481450      8.723    12.1454  31.638644    26.8687      8.644  277.84038  277.95665    11.5599     7.8355 -9.990e-29
 129.481453      8.746    12.1461  31.642788    26.8767      8.668  277.82933  277.94561    12.4004     8.2924 -9.990e-29
 129.481455      8.777    12.1475  31.648717    26.8810      8.699  277.81248  277.92879    12.3848     8.2681 0.0000e+00
 129.481458      8.816    12.1492  31.659252    26.8853      8.737  277.78563  277.90194    12.5871     8.2883 0.0000e+00
 129.481461      8.858    12.1513  31.663973    26.8853      8.778  277.76719  277.88360    12.5249     8.2883 0.0000e+00
 129.481464      8.903    12.1534  31.660633    26.8853      8.823  277.76380  277.88039    12.5249     8.3045 0.0000e+00
 129.481467      8.949    12.1546  31.663397    26.8853      8.868  277.75338  277.87002    11.9179     6.2059 0.0000e+00
 129.481470      8.994    12.1556  31.666564    26.8875      8.914  277.74318  277.85986    12.1358     6.2140 0.0000e+00
 129.481473      9.041    12.1566  31.672494    26.8924      8.960  277.72794  277.84462    11.9179     6.2099 0.0000e+00
 129.481476      9.079    12.1582  31.678425    26.8966      8.998  277.70983  277.82655    12.0268     6.2059 0.0000e+00
 129.481479      9.118    12.1599  31.679635    26.8968      9.036  277.69971  277.81654    12.0268     6.0846 0.0000e+00
 129.481481      9.149    12.1614  31.684184    26.8982      9.067  277.68507  277.80196    12.0580     6.0846 0.0000e+00
 129.481484      9.174    12.1626  31.682399    26.8999      9.092  277.68264  277.79963    11.9957     6.1048 -9.990e-29
 129.481487      9.187    12.1635  31.680844    26.8952      9.105  277.68168  277.79874    11.9646     6.0927 -9.990e-29
 129.481490      9.206    12.1635  31.685969    26.9000      9.123  277.67233  277.78934    10.2214     6.4081 -9.990e-29
 129.481493      9.225    12.1641  31.691555    26.9054      9.143  277.65929  277.77628    10.3148     6.4161 -9.990e-29
 129.481496      9.253    12.1656  31.693341    26.9047      9.170  277.64906  277.76614    10.2992     6.3959 0.0000e+00
 129.481499      9.284    12.1675  31.693341    26.9040      9.201  277.64084  277.75804    10.2525     6.4242 0.0000e+00
 129.481502      9.316    12.1682  31.692938    26.9040      9.233  277.63810  277.75536    12.3226     6.9095 0.0000e+00
 129.481505      9.351    12.1688  31.694896    26.9040      9.267  277.63201  277.74929    12.2447     6.9095 0.0000e+00
 129.481508      9.380    12.1692  31.694723    26.9042      9.296  277.63044  277.74775    12.1358     6.9095 0.0000e+00
 129.481510      9.407    12.1698  31.694896    26.9040      9.323  277.62729  277.74464    12.3381     6.9337 -9.990e-29
 129.481513      9.424    12.1700  31.691901    26.9008      9.339  277.63214  277.74953    12.1980     6.9095 -9.990e-29
 129.481516      9.440    12.1696  31.692938    26.9021      9.355  277.63216  277.74951    11.8401     6.6952 -9.990e-29
 129.481519      9.447    12.1691  31.692304    26.9018      9.362  277.63554  277.75286    11.7934     6.7356 -9.990e-29
 129.481522      9.443    12.1693  31.690346    26.8999      9.359  277.63816  277.75552    11.7934     6.7356 -9.990e-29
 129.481525      9.438    12.1693  31.693514    26.9028      9.353  277.63206  277.74939    11.7622     6.7679 -9.990e-29
 129.481528      9.430    12.1696  31.693111    26.9023      9.346  277.63184  277.74918    15.6377     6.6628 -9.990e-29
 129.481531      9.436    12.1700  31.695472    26.9041      9.351  277.62531  277.74266    15.6844     6.6668 -9.990e-29
 129.481534      9.454    12.1700  31.697085    26.9052      9.370  277.62238  277.73972    15.6222     6.6466 -9.990e-29
 129.481536      9.485    12.1700  31.696682    26.9051      9.400  277.62313  277.74048    15.6222     6.6749 0.0000e+00
 129.481539      9.531    12.1705  31.696682    26.9052      9.445  277.62126  277.73863    12.2136     6.8892 0.0000e+00
 129.481542      9.583    12.1709  31.698698    26.9054      9.498  277.61571  277.73309    12.2914     6.8771 0.0000e+00
 129.481545      9.642    12.1713  31.697892    26.9054      9.556  277.61532  277.73274    12.1669     6.8731 0.0000e+00
 129.481548      9.702    12.1717  31.698065    26.9054      9.615  277.61346  277.73090    12.2914     6.8367 0.0000e+00
 129.481551      9.756    12.1721  31.699850    26.9067      9.668  277.60833  277.72578    12.0268     6.0320 0.0000e+00
 129.481554      9.799    12.1725  31.704804    26.9101      9.711  277.59741  277.71484    12.0891     6.0522 0.0000e+00
 129.481557      9.837    12.1737  31.704804    26.9106      9.749  277.59204  277.70955    11.8556     6.0320 0.0000e+00
 129.481560      9.868    12.1752  31.706417    26.9101      9.780  277.58246  277.70005    11.9957     6.0037 -9.990e-29
 129.481563      9.885    12.1760  31.702039    26.9058      9.796  277.58665  277.70435    11.9334     6.0158 -9.990e-29
 129.481565      9.899    12.1756  31.702270    26.9064      9.811  277.58815  277.70581    10.7350     6.4161 -9.990e-29
 129.481568      9.914    12.1753  31.706014    26.9101      9.825  277.58259  277.70020    10.8595     6.4081 -9.990e-29
 129.481571      9.930    12.1760  31.709758    26.9118      9.842  277.57260  277.69021    10.8284     6.4161 -9.990e-29
 129.481574      9.956    12.1773  31.709355    26.9112      9.867  277.56764  277.68535    10.7506     6.4444 0.0000e+00
 129.481577      9.983    12.1784  31.709009    26.9106      9.894  277.56321  277.68100    10.9529     6.9256 0.0000e+00
 129.481580     10.012    12.1789  31.707569    26.9106      9.923  277.56364  277.68147    11.0930     6.9176 0.0000e+00
 129.481583     10.050    12.1790  31.711544    26.9126      9.960  277.55609  277.67389    10.9529     6.9095 0.0000e+00
 129.481586     10.080    12.1797  31.714540    26.9133      9.989  277.54748  277.66529    11.0307     6.9256 0.0000e+00
 129.481589     10.109    12.1808  31.713733    26.9141     10.018  277.54389  277.66179    12.7272     6.5375 0.0000e+00
 129.481591     10.138    12.1813  31.712351    26.9133     10.048  277.54421  277.66216    12.7272     6.5658 -9.990e-29
 129.481594     10.162    12.1811  31.709009    26.9087     10.071  277.55128  277.66925    12.8050     6.5091 -9.990e-29
 129.481597     10.177    12.1804  31.709010    26.9092     10.086  277.55446  277.67238    12.6183     6.5455 -9.990e-29
 129.481600     10.192    12.1798  31.710795    26.9112     10.101  277.55375  277.67161    12.2603     7.1683 -9.990e-29
 129.481603     10.203    12.1796  31.711544    26.9121     10.112  277.55334  277.67118    12.2914     7.2208 -9.990e-29
 129.481606     10.205    12.1798  31.713157    26.9134     10.113  277.54945  277.66729    12.2292     7.1966 -9.990e-29
 129.481609     10.218    12.1805  31.714713    26.9144     10.126  277.54345  277.66132    12.1825     7.1804 -9.990e-29
 129.481612     10.227    12.1818  31.715519    26.9142     10.135  277.53627  277.65422    12.1513     7.1966 -9.990e-29
 129.481615     10.240    12.1832  31.718342    26.9159     10.148  277.52479  277.64280    12.0580     7.6090 -9.990e-29
 129.481617     10.258    12.1844  31.722087    26.9185     10.166  277.51226  277.63032    11.9646     7.5645 -9.990e-29
 129.481620     10.280    12.1860  31.723297    26.9185     10.188  277.50309  277.62124    11.9646     7.5564 -9.990e-29
 129.481623     10.303    12.1876  31.727272    26.9219     10.211  277.48824  277.60647    11.9957     7.5848 -9.990e-29
 129.481626     10.338    12.1900  31.730038    26.9239     10.246  277.47244  277.59080    12.4626     6.8205 0.0000e+00
 129.481629     10.373    12.1923  31.735973    26.9258     10.280  277.45117  277.56963    12.4315     6.7962 0.0000e+00
 129.481632     10.419    12.1949  31.742543    26.9300     10.326  277.42749  277.54606    12.5716     6.7882 0.0000e+00
 129.481635     10.465    12.1986  31.747095    26.9300     10.371  277.40274  277.52150    12.5249     6.7882 0.0000e+00
 129.481638     10.516    12.2020  31.745251    26.9303     10.422  277.39091  277.50993    13.4276     6.2180 0.0000e+00
 129.481641     10.567    12.2038  31.749689    26.9303     10.472  277.37462  277.49371    13.3654     6.2059 0.0000e+00
 129.481644     10.616    12.2062  31.757239    26.9357     10.521  277.35011  277.46929    13.4587     6.2382 0.0000e+00
 129.481646     10.665    12.2092  31.762023    26.9369     10.569  277.32780  277.44713    13.4120     6.2261 0.0000e+00
