Processed/SBE19plus_01907321_2022_05_05_Cast30_wfilter.cnv
* Sea-Bird SBE19plus  Data File:
* FileName = E:\Prandtl Daten\2022\CTD\Raw\SBE19plus_01907321_2022_05_05_Cast30.hex
* Software version 2.6.1.12
* Temperature SN = 7321
* Conductivity SN = 7321
* System UpLoad Time = May 05 2022 10:56:23
* <ApplicationData>
* <Seaterm232>
** Messpraktikum 2022
** CTD 05.05 Schnitt5_1
# nquan = 11
# nvalues = 332                         
# units = specified
# name 0 = timeJ: Julian Days
# name 1 = prdM: Pressure, Strain Gauge [db]
# name 2 = tv290C: Temperature [ITS-90, deg C]
# name 3 = c0mS/cm: Conductivity [mS/cm]
# name 4 = sal00: Salinity, Practical [PSU]
# name 5 = depSM: Depth [salt water, m], lat = 54.00
# name 6 = oxsatMm/Kg: Oxygen Saturation, Weiss [umol/kg]
# name 7 = oxsolMm/Kg: Oxygen Saturation, Garcia & Gordon [umol/kg]
# name 8 = turbWETntu0: Turbidity, WET Labs ECO [NTU]
# name 9 = flECO-AFL: Fluorescence, WET Labs ECO-AFL/FL [mg/m^3]
# name 10 = flag:  0.000e+00
# span 0 = 125.452445, 125.453403       
# span 1 =      0.569,      8.203       
# span 2 =    11.7377,    11.8636       
# span 3 =  32.777092,  32.801635       
# span 4 =    28.1641,    28.2698       
# span 5 =      0.564,      8.129       
# span 6 =  276.98320,  277.53440       
# span 7 =  277.06709,  277.60912       
# span 8 =    18.3615,    56.5560       
# span 9 =     5.3567,    11.9155       
# span 10 = 0.0000e+00, 0.0000e+00      
# interval = seconds: 0.25
# start_time = May 05 2022 10:50:21 [Instrument's time stamp, header]
# bad_flag = -9.990e-29
*END*
[from data line 263]
 125.453206      6.668    11.7454  32.800055    28.2636      6.609  277.49667  277.57188    43.9957    10.5083 0.0000e+00
 125.453209      6.697    11.7454  32.800464    28.2640      6.637  277.49624  277.57144    44.1047    10.5487 0.0000e+00
 125.453212      6.726    11.7451  32.800639    28.2642      6.666  277.49717  277.57235    44.2136    10.5528 0.0000e+00
 125.453215      6.757    11.7449  32.799647    28.2643      6.697  277.49996  277.57514    44.1358    10.5285 -9.990e-29
 125.453218      6.777    11.7450  32.800639    28.2644      6.717  277.49752  277.57269    40.8517    10.4436 -9.990e-29
 125.453220      6.796    11.7449  32.801048    28.2648      6.735  277.49708  277.57224    40.8673    10.4719 -9.990e-29
 125.453223      6.816    11.7446  32.800056    28.2641      6.755  277.50048  277.57563    40.8829    10.4436 -9.990e-29
 125.453226      6.823    11.7443  32.800231    28.2645      6.762  277.50140  277.57652    41.0229    10.4396 -9.990e-29
 125.453229      6.829    11.7440  32.800873    28.2654      6.768  277.50175  277.57684    40.9451    10.4557 -9.990e-29
 125.453232      6.835    11.7437  32.800231    28.2650      6.774  277.50418  277.57927    41.9568    10.4517 -9.990e-29
 125.453235      6.840    11.7433  32.800873    28.2658      6.779  277.50454  277.57959    41.9257    10.4153 -9.990e-29
 125.453238      6.848    11.7429  32.800873    28.2662      6.787  277.50640  277.58141    41.9101    10.4477 -9.990e-29
 125.453241      6.859    11.7426  32.799823    28.2654      6.798  277.50990  277.58491    41.9879    10.4800 -9.990e-29
 125.453244      6.879    11.7422  32.800873    28.2667      6.818  277.50951  277.58447    48.9918    10.8965 -9.990e-29
 125.453247      6.899    11.7418  32.800640    28.2667      6.837  277.51181  277.58675    49.0852    10.9127 -9.990e-29
 125.453249      6.930    11.7416  32.800465    28.2670      6.868  277.51308  277.58801    49.0852    10.9127 0.0000e+00
 125.453252      6.955    11.7411  32.800640    28.2673      6.893  277.51493  277.58982    48.9918    10.9248 0.0000e+00
 125.453255      6.985    11.7407  32.800640    28.2673      6.922  277.51681  277.59167    43.1708    10.5083 0.0000e+00
 125.453258      7.014    11.7405  32.800232    28.2676      6.951  277.51852  277.59336    43.1397    10.5245 0.0000e+00
 125.453261      7.043    11.7404  32.800641    28.2674      6.980  277.51808  277.59292    43.1864    10.5326 0.0000e+00
 125.453264      7.071    11.7404  32.800232    28.2674      7.007  277.51886  277.59371    43.0774    10.5124 0.0000e+00
 125.453267      7.111    11.7402  32.799649    28.2674      7.047  277.52091  277.59574    44.4938    10.5204 0.0000e+00
 125.453270      7.149    11.7400  32.800875    28.2677      7.085  277.51989  277.59469    44.6027    10.9855 0.0000e+00
 125.453273      7.195    11.7399  32.800233    28.2682      7.130  277.52142  277.59623    44.4938    10.9774 0.0000e+00
 125.453275      7.229    11.7395  32.800466    28.2680      7.164  277.52256  277.59733    44.4938    11.0016 0.0000e+00
 125.453278      7.262    11.7393  32.800058    28.2681      7.197  277.52427  277.59903    44.6027    10.9855 0.0000e+00
 125.453281      7.293    11.7391  32.800466    28.2680      7.228  277.52476  277.59950    45.0852    10.5407 -9.990e-29
 125.453284      7.317    11.7389  32.800233    28.2685      7.251  277.52614  277.60087    45.1475    10.5326 -9.990e-29
 125.453287      7.335    11.7389  32.799825    28.2681      7.269  277.52691  277.60165    45.0696    10.5609 -9.990e-29
 125.453290      7.346    11.7388  32.800058    28.2683      7.280  277.52680  277.60152    45.0541    10.5609 -9.990e-29
 125.453293      7.350    11.7388  32.800233    28.2685      7.284  277.52647  277.60120    43.9023    10.3344 -9.990e-29
 125.453296      7.355    11.7388  32.800467    28.2687      7.289  277.52604  277.60076    43.8245    10.3425 -9.990e-29
 125.453299      7.361    11.7389  32.800642    28.2688      7.295  277.52510  277.59983    43.9646    10.3061 -9.990e-29
 125.453302      7.371    11.7392  32.800875    28.2688      7.306  277.52344  277.59819    43.8712    10.3344 -9.990e-29
 125.453304      7.386    11.7395  32.800233    28.2680      7.320  277.52341  277.59819    44.9451    11.8387 -9.990e-29
 125.453307      7.404    11.7398  32.800875    28.2684      7.338  277.52099  277.59578    45.0229    11.8912 -9.990e-29
 125.453310      7.424    11.7399  32.801459    28.2688      7.358  277.51930  277.59410    45.1163    11.8710 -9.990e-29
 125.453313      7.443    11.7398  32.801051    28.2685      7.376  277.52069  277.59548    44.9607    11.9155 -9.990e-29
 125.453316      7.465    11.7394  32.800876    28.2686      7.398  277.52258  277.59734    45.0852    11.8872 -9.990e-29
 125.453319      7.487    11.7395  32.800467    28.2682      7.420  277.52305  277.59782    46.0346    10.7226 -9.990e-29
 125.453322      7.510    11.7393  32.800642    28.2682      7.443  277.52336  277.59812    46.0035    10.7307 -9.990e-29
 125.453325      7.541    11.7391  32.800234    28.2682      7.474  277.52537  277.60012    46.0191    10.7428 0.0000e+00
 125.453328      7.577    11.7391  32.800234    28.2682      7.509  277.52540  277.60014    45.9879    10.7388 0.0000e+00
 125.453330      7.612    11.7390  32.801635    28.2691      7.544  277.52312  277.59785    46.8284    10.7873 0.0000e+00
 125.453333      7.646    11.7389  32.801051    28.2696      7.577  277.52485  277.59957    46.7194    10.7914 0.0000e+00
 125.453336      7.684    11.7386  32.801460    28.2691      7.616  277.52535  277.60005    46.7661    10.7833 0.0000e+00
 125.453339      7.717    11.7383  32.800234    28.2695      7.648  277.52889  277.60358    46.8595    10.7873 0.0000e+00
 125.453342      7.746    11.7382  32.800877    28.2691      7.677  277.52834  277.60301    50.0191    11.0340 0.0000e+00
 125.453345      7.777    11.7380  32.800877    28.2695      7.708  277.52898  277.60364    50.0657    11.0259 -9.990e-29
 125.453348      7.794    11.7380  32.801052    28.2698      7.724  277.52897  277.60363    50.0657    11.0380 -9.990e-29
 125.453351      7.817    11.7377  32.800643    28.2695      7.747  277.53068  277.60532    50.0346    11.0542 -9.990e-29
 125.453354      7.835    11.7380  32.801052    28.2697      7.765  277.52900  277.60366    55.1241    11.1755 -9.990e-29
 125.453356      7.848    11.7379  32.800060    28.2688      7.778  277.53117  277.60583    55.3264    11.1957 -9.990e-29
 125.453359      7.866    11.7380  32.800060    28.2688      7.796  277.53087  277.60554    55.3264    11.1674 -9.990e-29
 125.453362      7.892    11.7380  32.800060    28.2688      7.821  277.53089  277.60556    55.2175    11.1512 -9.990e-29
 125.453365      7.915    11.7380  32.799418    28.2681      7.844  277.53179  277.60647    55.2331    11.1674 -9.990e-29
 125.453368      7.934    11.7382  32.800060    28.2686      7.863  277.52999  277.60467    56.0580    11.0865 -9.990e-29
 125.453371      7.952    11.7382  32.799885    28.2684      7.881  277.53002  277.60471    55.9646    11.0987 -9.990e-29
 125.453374      7.961    11.7383  32.798601    28.2671      7.890  277.53211  277.60682    55.9334    11.1068 -9.990e-29
 125.453377      7.974    11.7383  32.797375    28.2659      7.903  277.53440  277.60912    56.0735    11.0946 -9.990e-29
 125.453380      7.985    11.7385  32.798718    28.2670      7.914  277.53098  277.60571    52.5405    11.2726 -9.990e-29
 125.453383      7.998    11.7382  32.799652    28.2682      7.927  277.53080  277.60548    52.4938    11.2968 -9.990e-29
 125.453385      8.013    11.7383  32.799185    28.2676      7.941  277.53106  277.60576    52.4471    11.3049 -9.990e-29
 125.453388      8.029    11.7382  32.799827    28.2683      7.957  277.53018  277.60488    52.4626    11.3049 -9.990e-29
 125.453391      8.047    11.7383  32.798893    28.2681      7.975  277.53163  277.60633    53.5054    11.1755 -9.990e-29
 125.453394      8.073    11.7383  32.799652    28.2680      8.001  277.53023  277.60493    53.4432    11.1755 0.0000e+00
 125.453397      8.100    11.7382  32.799418    28.2680      8.028  277.53099  277.60569    53.5054    11.2079 0.0000e+00
 125.453400      8.154    11.7383  32.799652    28.2679      8.081  277.53029  277.60499    53.5833    11.1715 0.0000e+00
 125.453403      8.203    11.7383  32.799419    28.2678      8.129  277.53076  277.60546    56.5560    11.3089 0.0000e+00
