Processed/SBE19plus_01907321_2022_05_04_Cast18_wfilter.cnv
* Sea-Bird SBE19plus  Data File:
* FileName = E:\Prandtl Daten\2022\CTD\Raw\SBE19plus_01907321_2022_05_04_Cast18.hex
* Software version 2.6.1.12
* Temperature SN = 7321
* Conductivity SN = 7321
* System UpLoad Time = May 04 2022 12:26:59
* <ApplicationData>
* <Seaterm232>
** Messpraktikum 2022
** CTD 04.05 KFN
# nquan = 11
# nvalues = 723                         
# units = specified
# name 0 = timeJ: Julian Days
# name 1 = prdM: Pressure, Strain Gauge [db]
# name 2 = tv290C: Temperature [ITS-90, deg C]
# name 3 = c0mS/cm: Conductivity [mS/cm]
# name 4 = sal00: Salinity, Practical [PSU]
# name 5 = depSM: Depth [salt water, m], lat = 54.00
# name 6 = oxsatMm/Kg: Oxygen Saturation, Weiss [umol/kg]
# name 7 = oxsolMm/Kg: Oxygen Saturation, Garcia & Gordon [umol/kg]
# name 8 = turbWETntu0: Turbidity, WET Labs ECO [NTU]
# name 9 = flECO-AFL: Fluorescence, WET Labs ECO-AFL/FL [mg/m^3]
# name 10 = flag:  0.000e+00
# span 0 = 124.512410, 124.514499       
# span 1 =      0.637,     19.285       
# span 2 =    11.3679,    11.9226       
# span 3 =  31.270882,  31.553677       
# span 4 =    26.8980,    27.1661       
# span 5 =      0.632,     19.112       
# span 6 =  279.01093,  281.93464       
# span 7 =  279.11276,  281.99910       
# span 8 =    28.0268,   130.2525       
# span 9 =     9.4853,    16.1937       
# span 10 = 0.0000e+00, 0.0000e+00      
# interval = seconds: 0.25
# start_time = May 04 2022 12:16:45 [Instrument's time stamp, header]
# bad_flag = -9.990e-29
*END*
 124.512410      0.637    11.9034  31.529993    26.9434      0.632  279.13566  279.23638    28.9918     9.8573 0.0000e+00
 124.512413      0.685    11.9013  31.528211    26.9434      0.679  279.14884  279.24943    29.0852     9.9058 0.0000e+00
 124.512416      0.747    11.8991  31.536316    26.9478      0.740  279.14371  279.24407    29.1786     9.9018 0.0000e+00
 124.512419      0.807    11.9007  31.537696    26.9524      0.800  279.13422  279.23466    28.0580     9.5176 -9.990e-29
 124.512422      0.832    11.9035  31.542640    26.9552      0.825  279.11207  279.21266    28.2914     9.4853 -9.990e-29
 124.512425      0.843    11.9072  31.547584    26.9572      0.836  279.08610  279.18689    28.0268     9.4974 -9.990e-29
 124.512428      0.829    11.9116  31.547583    26.9541      0.821  279.06610  279.16719    28.1358     9.4934 -9.990e-29
 124.512431      0.792    11.9148  31.552470    26.9563      0.785  279.04212  279.14338    29.1630     9.6025 -9.990e-29
 124.512433      0.769    11.9182  31.553677    26.9550      0.762  279.02431  279.12581    29.3809     9.6227 -9.990e-29
 124.512436      0.765    11.9210  31.553446    26.9485      0.758  279.01204  279.11373    29.5210     9.6227 -9.990e-29
 124.512439      0.791    11.9226  31.550112    26.9474      0.784  279.01093  279.11276    29.2253     9.5864 0.0000e+00
 124.512442      0.845    11.9221  31.547352    26.9463      0.838  279.01861  279.12043    29.4743     9.8411 0.0000e+00
 124.512445      0.922    11.9201  31.545168    26.9456      0.914  279.03159  279.13330    29.5210     9.8371 0.0000e+00
 124.512448      0.997    11.9178  31.541662    26.9452      0.988  279.04892  279.15051    29.4276     9.8735 0.0000e+00
 124.512451      1.048    11.9147  31.540627    26.9446      1.039  279.06483  279.16622    29.3654     9.8371 0.0000e+00
 124.512454      1.079    11.9125  31.536489    26.9452      1.069  279.08235  279.18364    29.5988     9.8047 -9.990e-29
 124.512457      1.093    11.9092  31.529419    26.9385      1.084  279.11068  279.21181    30.0346     9.9098 -9.990e-29
 124.512459      1.095    11.9044  31.527063    26.9398      1.086  279.13696  279.23778    30.0035     9.8896 -9.990e-29
 124.512462      1.088    11.8998  31.524879    26.9410      1.078  279.16195  279.26247    29.9568     9.8371 -9.990e-29
 124.512465      1.085    11.8963  31.525282    26.9439      1.075  279.17708  279.27736    29.9568     9.8775 -9.990e-29
 124.512468      1.083    11.8944  31.523500    26.9436      1.073  279.18927  279.28943    29.8634    10.0635 -9.990e-29
 124.512471      1.103    11.8927  31.519362    26.9398      1.093  279.20488  279.30497    29.6611    10.0716 -9.990e-29
 124.512474      1.152    11.8900  31.516087    26.9410      1.142  279.22337  279.32330    29.6766    10.0756 0.0000e+00
 124.512477      1.211    11.8868  31.516202    26.9422      1.200  279.23748  279.33720    29.9101    10.0999 0.0000e+00
 124.512480      1.265    11.8848  31.518559    26.9458      1.254  279.24236  279.34191    30.0502     9.9018 0.0000e+00
 124.512483      1.307    11.8852  31.524881    26.9487      1.296  279.22877  279.32828    29.8323     9.8896 0.0000e+00
 124.512486      1.336    11.8881  31.524881    26.9515      1.325  279.21577  279.31548    29.8167     9.9058 -9.990e-29
 124.512488      1.360    11.8901  31.523501    26.9466      1.348  279.20914  279.30900    29.6455     9.8815 -9.990e-29
 124.512491      1.375    11.8907  31.523904    26.9466      1.362  279.20555  279.30545    29.2875     9.8573 -9.990e-29
 124.512494      1.388    11.8910  31.523674    26.9461      1.375  279.20471  279.30463    29.2875     9.8411 -9.990e-29
 124.512497      1.404    11.8911  31.523501    26.9472      1.391  279.20472  279.30465    29.2875     9.8735 -9.990e-29
 124.512500      1.435    11.8913  31.525053    26.9472      1.422  279.20092  279.30085    29.3498     9.9341 0.0000e+00
 124.512503      1.470    11.8918  31.524478    26.9472      1.456  279.19947  279.29944    29.3654     9.9018 -9.990e-29
 124.512506      1.488    11.8923  31.524881    26.9463      1.475  279.19651  279.29651    30.2214    10.1282 -9.990e-29
 124.512509      1.499    11.8925  31.524881    26.9462      1.486  279.19588  279.29590    30.4393    10.1403 -9.990e-29
 124.512512      1.515    11.8929  31.524306    26.9453      1.502  279.19505  279.29510    30.3926    10.1403 -9.990e-29
 124.512514      1.525    11.8926  31.522697    26.9440      1.511  279.19931  279.29936    30.5171    10.1161 -9.990e-29
 124.512517      1.541    11.8915  31.521950    26.9421      1.527  279.20579  279.30576    31.8401    10.6215 -9.990e-29
 124.512520      1.567    11.8906  31.519191    26.9414      1.553  279.21472  279.31467    31.9646    10.5932 0.0000e+00
 124.512523      1.605    11.8888  31.516203    26.9406      1.590  279.22886  279.32871    31.6377    10.6215 0.0000e+00
 124.512526      1.650    11.8863  31.508330    26.9350      1.636  279.25491  279.35467    31.7934    10.6013 0.0000e+00
 124.512529      1.694    11.8810  31.497299    26.9319      1.679  279.29952  279.39903    31.1397    10.3142 0.0000e+00
 124.512532      1.743    11.8732  31.495116    26.9301      1.728  279.33917  279.43817    31.2331    10.2819 0.0000e+00
 124.512535      1.778    11.8674  31.497530    26.9319      1.762  279.36140  279.45996    30.8751    10.2697 -9.990e-29
 124.512538      1.803    11.8649  31.497703    26.9403      1.787  279.37221  279.47061    30.9996    10.2495 -9.990e-29
 124.512541      1.823    11.8638  31.500174    26.9435      1.807  279.37304  279.47133    30.4548    10.1767 -9.990e-29
 124.512543      1.838    11.8640  31.500059    26.9432      1.822  279.37231  279.47061    30.5482    10.2333 -9.990e-29
 124.512546      1.854    11.8643  31.498278    26.9412      1.838  279.37404  279.47238    30.5015    10.2293 -9.990e-29
 124.512549      1.880    11.8639  31.499484    26.9427      1.863  279.37373  279.47203    30.4237    10.2050 -9.990e-29
 124.512552      1.902    11.8639  31.500461    26.9436      1.885  279.37193  279.47022    30.5171    10.1767 -9.990e-29
 124.512555      1.924    11.8645  31.500634    26.9433      1.906  279.36908  279.46741    31.1241    10.3789 -9.990e-29
 124.512558      1.945    11.8650  31.500864    26.9432      1.928  279.36613  279.46449    31.4354    10.4396 -9.990e-29
 124.512561      1.963    11.8654  31.503622    26.9455      1.946  279.35912  279.45748    31.2642    10.4193 -9.990e-29
 124.512564      1.971    11.8668  31.504598    26.9454      1.953  279.35096  279.44941    31.2019    10.3910 -9.990e-29
 124.512567      1.984    11.8683  31.505403    26.9451      1.966  279.34281  279.44135    32.6961    10.6660 -9.990e-29
 124.512569      1.996    11.8697  31.506552    26.9433      1.978  279.33434  279.43297    33.0385    10.6701 -9.990e-29
 124.512572      2.025    11.8708  31.505403    26.9425      2.007  279.33141  279.43013    32.7428    10.6822 0.0000e+00
 124.512575      2.071    11.8708  31.503621    26.9416      2.053  279.33474  279.43348    32.7428    10.6620 0.0000e+00
 124.512578      2.126    11.8702  31.502817    26.9416      2.107  279.33881  279.43752    36.7895    11.0704 0.0000e+00
 124.512581      2.177    11.8691  31.503047    26.9412      2.158  279.34350  279.44213    36.5093    11.1068 0.0000e+00
 124.512584      2.228    11.8688  31.501036    26.9414      2.208  279.34885  279.44748    36.8050    11.0987 0.0000e+00
 124.512587      2.263    11.8677  31.499658    26.9405      2.243  279.35620  279.45477    36.7739    11.0946 -9.990e-29
 124.512590      2.283    11.8663  31.495923    26.9375      2.262  279.36981  279.46831    42.9529    11.6527 -9.990e-29
 124.512593      2.287    11.8640  31.484893    26.9286      2.266  279.40043  279.49891    43.0619    11.6001 -9.990e-29
 124.512595      2.285    11.8578  31.467603    26.9168      2.265  279.46110  279.55933    43.3264    11.6446 -9.990e-29
 124.512598      2.281    11.8466  31.459162    26.9170      2.261  279.52825  279.62578    43.1085    11.6203 -9.990e-29
 124.512601      2.292    11.8353  31.453535    26.9197      2.272  279.59019  279.68700    43.2642    11.6607 -9.990e-29
 124.512604      2.311    11.8265  31.447736    26.9213      2.290  279.64134  279.73759    40.6027    11.8872 -9.990e-29
 124.512607      2.344    11.8189  31.442627    26.9222      2.323  279.68582  279.78159    40.6338    11.8629 0.0000e+00
 124.512610      2.382    11.8125  31.439699    26.9231      2.361  279.72053  279.81589    40.8050    11.9559 0.0000e+00
 124.512613      2.424    11.8073  31.438322    26.9255      2.402  279.74695  279.84197    40.6183    11.8953 0.0000e+00
 124.512616      2.468    11.8036  31.438093    26.9279      2.446  279.76425  279.85901    41.0696    11.8589 0.0000e+00
 124.512619      2.506    11.8012  31.436141    26.9279      2.484  279.77903  279.87364    41.0852    11.8791 0.0000e+00
 124.512622      2.548    11.7994  31.434763    26.9278      2.525  279.78989  279.88439    41.2097    11.9114 0.0000e+00
 124.512624      2.575    11.7978  31.435166    26.9278      2.552  279.79647  279.89085    41.0852    11.9155 -9.990e-29
 124.512627      2.599    11.7968  31.432640    26.9277      2.576  279.80564  279.89998    41.2564    11.9802 -9.990e-29
 124.512630      2.612    11.7959  31.433214    26.9289      2.588  279.80903  279.90329    41.3498    11.9842 -9.990e-29
 124.512633      2.623    11.7950  31.432008    26.9284      2.599  279.81541  279.90963    41.3809    11.9034 -9.990e-29
 124.512636      2.630    11.7943  31.434362    26.9311      2.607  279.81421  279.90835    41.1319    11.9276 -9.990e-29
 124.512639      2.643    11.7945  31.435970    26.9325      2.619  279.81027  279.90441    40.9918    12.4493 -9.990e-29
 124.512642      2.659    11.7953  31.435166    26.9311      2.635  279.80797  279.90217    40.7895    12.4695 -9.990e-29
 124.512645      2.681    11.7957  31.434592    26.9297      2.657  279.80746  279.90170    40.8050    12.4856 -9.990e-29
 124.512648      2.711    11.7954  31.433731    26.9297      2.686  279.81036  279.90458    40.9140    12.4856 0.0000e+00
 124.512650      2.743    11.7950  31.433387    26.9296      2.719  279.81261  279.90682    41.0696    12.4856 0.0000e+00
 124.512653      2.774    11.7945  31.432640    26.9293      2.750  279.81656  279.91074    40.8362    12.2835 0.0000e+00
 124.512656      2.813    11.7940  31.432239    26.9293      2.788  279.81956  279.91371    40.9140    12.3279 0.0000e+00
 124.512659      2.851    11.7935  31.431263    26.9287      2.826  279.82395  279.91807    41.0541    12.3805 0.0000e+00
 124.512662      2.891    11.7927  31.430632    26.9287      2.865  279.82864  279.92272    40.8673    12.3077 0.0000e+00
 124.512665      2.924    11.7920  31.430058    26.9287      2.898  279.83291  279.92694    40.7584    12.1460 0.0000e+00
 124.512668      2.951    11.7912  31.429886    26.9288      2.925  279.83675  279.93073    40.8362    12.1783 0.0000e+00
 124.512671      2.981    11.7909  31.429254    26.9290      2.954  279.83953  279.93350    40.6494    12.1298 -9.990e-29
 124.512674      2.999    11.7907  31.429656    26.9291      2.972  279.83975  279.93369    40.8206    12.1500 -9.990e-29
 124.512677      3.014    11.7902  31.427934    26.9279      2.987  279.84519  279.93912    42.5638    12.5342 -9.990e-29
 124.512679      3.034    11.7897  31.426901    26.9272      3.007  279.84936  279.94326    42.5327    12.6110 -9.990e-29
 124.512682      3.056    11.7888  31.426729    26.9277      3.028  279.85382  279.94767    42.6105    12.5706 -9.990e-29
 124.512685      3.081    11.7879  31.425523    26.9277      3.054  279.86022  279.95401    42.5327    12.5867 -9.990e-29
 124.512688      3.107    11.7873  31.425524    26.9280      3.079  279.86309  279.95685    45.3965    12.5625 0.0000e+00
 124.512691      3.136    11.7869  31.425868    26.9281      3.108  279.86438  279.95810    45.3654    12.6070 0.0000e+00
 124.512694      3.167    11.7867  31.425524    26.9281      3.138  279.86600  279.95970    45.3809    12.5665 0.0000e+00
 124.512697      3.194    11.7863  31.423170    26.9271      3.165  279.87199  279.96570    45.1630    12.5867 0.0000e+00
 124.512700      3.221    11.7854  31.421793    26.9261      3.192  279.87870  279.97236    45.1630    12.6070 -9.990e-29
 124.512703      3.239    11.7847  31.422826    26.9269      3.211  279.87997  279.97357    45.2253    12.5059 -9.990e-29
 124.512705      3.258    11.7845  31.424376    26.9285      3.228  279.87805  279.97162    45.3809    12.4614 -9.990e-29
 124.512708      3.272    11.7847  31.423802    26.9279      3.243  279.87849  279.97208    45.3187    12.4614 -9.990e-29
 124.512711      3.287    11.7845  31.419841    26.9243      3.258  279.88683  279.98045    45.4587    12.4573 -9.990e-29
 124.512714      3.307    11.7831  31.417316    26.9228      3.277  279.89759  279.99114    48.8206    12.9507 -9.990e-29
 124.512717      3.329    11.7815  31.412782    26.9202      3.299  279.91368  280.00717    48.7584    12.9507 -9.990e-29
 124.512720      3.360    11.7787  31.411232    26.9188      3.330  279.92930  280.02261    48.7428    12.9749 0.0000e+00
 124.512723      3.395    11.7758  31.406125    26.9175      3.364  279.95220  280.04536    48.6961    13.0073 0.0000e+00
 124.512726      3.436    11.7721  31.396713    26.9134      3.406  279.98662  280.07962    50.8128    12.5220 0.0000e+00
 124.512729      3.482    11.7669  31.395107    26.9124      3.451  280.01349  280.10615    51.1241    12.5342 0.0000e+00
 124.512731      3.519    11.7622  31.390345    26.9124      3.487  280.04434  280.13671    50.9685    12.5099 0.0000e+00
 124.512734      3.555    11.7580  31.387075    26.9123      3.523  280.06954  280.16166    50.8751    12.4573 0.0000e+00
 124.512737      3.584    11.7540  31.384149    26.9122      3.552  280.09346  280.18533    51.1241    12.5503 -9.990e-29
 124.512740      3.608    11.7506  31.380994    26.9118      3.576  280.11495  280.20661    50.3926    12.6636 -9.990e-29
 124.512743      3.625    11.7476  31.376921    26.9101      3.592  280.13655  280.22805    50.5949    12.6555 -9.990e-29
 124.512746      3.635    11.7445  31.374340    26.9099      3.603  280.15569  280.24700    50.4393    12.6636 -9.990e-29
 124.512749      3.648    11.7410  31.371013    26.9093      3.616  280.17781  280.26891    50.5482    12.6757 -9.990e-29
 124.512752      3.663    11.7380  31.371243    26.9117      3.630  280.19138  280.28227    51.9023    12.5180 -9.990e-29
 124.512755      3.688    11.7362  31.370612    26.9124      3.655  280.20085  280.29161    51.9490    12.5342 -9.990e-29
 124.512758      3.708    11.7350  31.368661    26.9131      3.675  280.20991  280.30061    52.0891    12.5706 -9.990e-29
 124.512760      3.741    11.7337  31.369465    26.9132      3.708  280.21448  280.30508    51.9957    12.5220 0.0000e+00
 124.512763      3.769    11.7330  31.369236    26.9133      3.735  280.21810  280.30866    51.8089    13.1892 0.0000e+00
 124.512766      3.800    11.7326  31.368891    26.9133      3.766  280.22036  280.31089    51.7000    13.1205 0.0000e+00
 124.512769      3.827    11.7325  31.367515    26.9122      3.793  280.22358  280.31412    51.6844    13.1650 0.0000e+00
 124.512772      3.854    11.7317  31.367113    26.9121      3.820  280.22785  280.31834    51.7622    13.1165 0.0000e+00
 124.512775      3.884    11.7312  31.367286    26.9122      3.849  280.22978  280.32023    49.1319    12.7849 -9.990e-29
 124.512778      3.909    11.7308  31.367515    26.9132      3.874  280.23127  280.32170    49.1941    12.7404 -9.990e-29
 124.512781      3.940    11.7306  31.367114    26.9130      3.905  280.23300  280.32341    49.3654    12.8051 -9.990e-29
 124.512784      3.964    11.7306  31.367114    26.9130      3.928  280.23301  280.32343    49.3031    12.8132 -9.990e-29
 124.512786      3.984    11.7305  31.367286    26.9132      3.948  280.23334  280.32375    49.1475    12.7566 -9.990e-29
