Processed/SBE19plus_01907321_2022_05_11_Cast129_wfilter.cnv
* Sea-Bird SBE19plus  Data File:
* FileName = E:\Prandtl_Daten\2022\CTD\Raw\SBE19plus_01907321_2022_05_11_Cast129.hex
* Software version 2.6.1.12
* Temperature SN = 7321
* Conductivity SN = 7321
* System UpLoad Time = May 11 2022 11:50:05
* <ApplicationData>
* <Seaterm232>
** Messpraktikum 2022
** CTD 10.05  KFN2
** NMEA Latitude = 54 06.15N
** NMEA Longitude = 008 35.88E
# nquan = 11
# nvalues = 590                         
# units = specified
# name 0 = timeJ: Julian Days
# name 1 = prdM: Pressure, Strain Gauge [db]
# name 2 = tv290C: Temperature [ITS-90, deg C]
# name 3 = c0mS/cm: Conductivity [mS/cm]
# name 4 = sal00: Salinity, Practical [PSU]
# name 5 = depSM: Depth [salt water, m], lat = 54.00
# name 6 = oxsatMm/Kg: Oxygen Saturation, Weiss [umol/kg]
# name 7 = oxsolMm/Kg: Oxygen Saturation, Garcia & Gordon [umol/kg]
# name 8 = turbWETntu0: Turbidity, WET Labs ECO [NTU]
# name 9 = flECO-AFL: Fluorescence, WET Labs ECO-AFL/FL [mg/m^3]
# name 10 = flag:  0.000e+00
# span 0 = 131.487948, 131.489653       
# span 1 =      0.543,     14.932       
# span 2 =    13.1829,    13.2574       
# span 3 =  31.424236,  31.954220       
# span 4 =    25.9453,    26.3963       
# span 5 =      0.538,     14.798       
# span 6 =  272.37830,  273.55382       
# span 7 =  272.56339,  273.73921       
# span 8 =     3.9490,    42.5794       
# span 9 =     5.2880,    11.6324       
# span 10 = 0.0000e+00, 0.0000e+00      
# interval = seconds: 0.25
# start_time = May 11 2022 11:41:27 [Instrument's time stamp, header]
# bad_flag = -9.990e-29
*END*
[from data line 263]
 131.488709      7.020    13.2548  31.836356    26.2734      6.957  272.53222  272.71831     7.8401     7.0146 0.0000e+00
 131.488712      7.073    13.2549  31.840741    26.2763      7.010  272.52402  272.71009     7.7778     7.0995 0.0000e+00
 131.488715      7.115    13.2550  31.843684    26.2789      7.051  272.51864  272.70468     8.6961     7.1763 0.0000e+00
 131.488718      7.146    13.2551  31.847319    26.2805      7.082  272.51205  272.69807     8.8984     7.2047 0.0000e+00
 131.488721      7.172    13.2552  31.853321    26.2821      7.107  272.50105  272.68702     8.8984     7.1521 -9.990e-29
 131.488724      7.186    13.2551  31.857303    26.2912      7.122  272.49449  272.68043     8.8984     7.1440 -9.990e-29
 131.488727      7.195    13.2548  31.859496    26.2934      7.131  272.49199  272.67788     8.6961     7.2006 -9.990e-29
 131.488730      7.206    13.2545  31.862843    26.2967      7.142  272.48780  272.67365    10.0035     7.0914 -9.990e-29
 131.488733      7.212    13.2542  31.864863    26.2987      7.147  272.48559  272.67140     9.7233     7.0914 -9.990e-29
 131.488736      7.221    13.2543  31.869250    26.3026      7.156  272.47737  272.66315     9.7233     7.0793 -9.990e-29
 131.488738      7.239    13.2543  31.873060    26.3061      7.174  272.47111  272.65686     9.7856     7.0914 -9.990e-29
 131.488741      7.257    13.2545  31.876638    26.3111      7.192  272.46366  272.64939    10.0813     7.1359 -9.990e-29
 131.488744      7.292    13.2550  31.879063    26.3126      7.227  272.45757  272.64330    10.0191     7.1116 0.0000e+00
 131.488747      7.334    13.2557  31.883046    26.3134      7.268  272.44751  272.63326    10.0969     7.1602 0.0000e+00
 131.488750      7.383    13.2563  31.882642    26.3142      7.317  272.44568  272.63147     9.9568     7.1521 0.0000e+00
 131.488753      7.429    13.2569  31.889801    26.3195      7.362  272.43046  272.61622    10.3615     7.6171 0.0000e+00
 131.488756      7.467    13.2574  31.891822    26.3203      7.400  272.42507  272.61085    10.2525     7.6009 0.0000e+00
 131.488759      7.493    13.2569  31.894016    26.3210      7.426  272.42321  272.60894    10.2214     7.6980 -9.990e-29
 131.488762      7.509    13.2559  31.893785    26.3238      7.442  272.42841  272.61407    10.2836     7.6414 -9.990e-29
 131.488764      7.525    13.2551  31.895402    26.3259      7.458  272.42914  272.61474    10.5949     7.5524 -9.990e-29
 131.488767      7.538    13.2543  31.898000    26.3287      7.470  272.42785  272.61338    10.5949     7.5645 -9.990e-29
 131.488770      7.552    13.2540  31.898462    26.3293      7.485  272.42833  272.61385    10.5015     7.5888 -9.990e-29
 131.488773      7.560    13.2537  31.900021    26.3310      7.492  272.42692  272.61240    10.4860     7.6090 -9.990e-29
 131.488776      7.574    13.2539  31.901580    26.3323      7.507  272.42360  272.60907    10.5171     7.6171 -9.990e-29
 131.488779      7.589    13.2537  31.901234    26.3321      7.521  272.42484  272.61031    11.3887     7.7708 -9.990e-29
 131.488782      7.611    13.2540  31.900021    26.3321      7.543  272.42599  272.61149    11.4198     7.6656 -9.990e-29
 131.488785      7.642    13.2541  31.901580    26.3323      7.574  272.42268  272.60817    11.3576     7.7546 0.0000e+00
 131.488788      7.688    13.2545  31.902216    26.3321      7.619  272.42001  272.60552    11.3576     7.6980 0.0000e+00
 131.488791      7.741    13.2551  31.901985    26.3324      7.671  272.41757  272.60312    10.7817     7.5443 0.0000e+00
 131.488793      7.788    13.2555  31.903602    26.3323      7.718  272.41321  272.59876    10.6883     7.5767 0.0000e+00
 131.488796      7.821    13.2558  31.902793    26.3329      7.751  272.41335  272.59893    10.8440     7.5564 -9.990e-29
 131.488799      7.844    13.2552  31.903602    26.3331      7.774  272.41452  272.60006    10.8440     7.5767 -9.990e-29
 131.488802      7.855    13.2545  31.904411    26.3343      7.785  272.41600  272.60149    12.1047     7.2370 -9.990e-29
 131.488805      7.853    13.2545  31.904006    26.3340      7.783  272.41702  272.60251    12.0580     7.2491 -9.990e-29
 131.488808      7.842    13.2540  31.903429    26.3338      7.772  272.41993  272.60540    12.2292     7.2855 -9.990e-29
 131.488811      7.830    13.2541  31.904180    26.3344      7.759  272.41830  272.60377    11.9334     7.2734 -9.990e-29
 131.488814      7.820    13.2540  31.903775    26.3342      7.750  272.41963  272.60509    12.8517     7.7505 -9.990e-29
 131.488817      7.809    13.2540  31.907991    26.3379      7.740  272.41202  272.59745    12.8984     7.6778 -9.990e-29
 131.488819      7.819    13.2546  31.911167    26.3438      7.749  272.40398  272.58941    12.9607     7.7344 -9.990e-29
 131.488822      7.851    13.2551  31.915209    26.3449      7.781  272.39477  272.58020    13.0385     7.7061 0.0000e+00
 131.488825      7.908    13.2551  31.917577    26.3459      7.837  272.39071  272.57612    12.9140     7.7748 0.0000e+00
 131.488828      7.984    13.2553  31.919599    26.3476      7.913  272.38663  272.57203    11.7311     7.2168 0.0000e+00
 131.488831      8.070    13.2547  31.921794    26.3498      7.998  272.38544  272.57079    11.7934     7.2491 0.0000e+00
 131.488834      8.159    13.2542  31.921217    26.3500      8.086  272.38873  272.57405    11.9179     7.2208 0.0000e+00
 131.488837      8.239    13.2536  31.922603    26.3501      8.166  272.38893  272.57421    11.8401     7.2815 0.0000e+00
 131.488840      8.307    13.2533  31.920986    26.3508      8.233  272.39305  272.57832    12.1358     6.8933 0.0000e+00
 131.488843      8.340    13.2528  31.919600    26.3501      8.265  272.39770  272.58295    12.4782     6.8731 -9.990e-29
 131.488845      8.343    13.2524  31.915615    26.3458      8.269  272.40619  272.59145    12.1980     6.8690 -9.990e-29
 131.488848      8.323    13.2517  31.915384    26.3461      8.249  272.40977  272.59499    12.3537     6.8771 -9.990e-29
 131.488851      8.279    13.2516  31.914980    26.3458      8.205  272.41076  272.59598    12.1980     7.3543 -9.990e-29
 131.488854      8.227    13.2518  31.909782    26.3410      8.153  272.41908  272.60435    12.4938     7.3624 -9.990e-29
 131.488857      8.179    13.2519  31.904585    26.3362      8.106  272.42772  272.61304    12.0580     7.3907 -9.990e-29
 131.488860      8.150    13.2513  31.908396    26.3401      8.077  272.42334  272.60860    12.2603     7.3381 -9.990e-29
 131.488863      8.150    13.2508  31.912785    26.3444      8.077  272.41799  272.60318    12.0580     7.3340 -9.990e-29
 131.488866      8.183    13.2508  31.917290    26.3486      8.110  272.41053  272.59568    11.9957     7.3421 -9.990e-29
 131.488869      8.239    13.2505  31.921622    26.3542      8.166  272.40435  272.58945    11.9957     7.2815 -9.990e-29
 131.488872      8.316    13.2507  31.923412    26.3540      8.242  272.40035  272.58544    11.9179     7.2896 0.0000e+00
 131.488874      8.400    13.2508  31.923182    26.3538      8.325  272.40016  272.58526    12.0580     7.2977 0.0000e+00
 131.488877      8.489    13.2509  31.922200    26.3528      8.413  272.40159  272.58671    13.2253     6.8326 0.0000e+00
 131.488880      8.564    13.2509  31.921969    26.3528      8.487  272.40204  272.58716    13.2875     6.7518 0.0000e+00
 131.488883      8.615    13.2511  31.923413    26.3532      8.538  272.39894  272.58405    13.0229     6.8407 0.0000e+00
 131.488886      8.643    13.2515  31.923182    26.3538      8.565  272.39744  272.58258    13.2564     6.8367 -9.990e-29
 131.488889      8.653    13.2515  31.923818    26.3539      8.576  272.39635  272.58148    11.2175     7.0914 -9.990e-29
 131.488892      8.648    13.2517  31.924395    26.3542      8.571  272.39439  272.57953    11.3420     7.0914 -9.990e-29
 131.488895      8.637    13.2520  31.925781    26.3553      8.560  272.39071  272.57586    11.2019     7.1602 -9.990e-29
 131.488898      8.628    13.2524  31.925377    26.3546      8.551  272.38948  272.57467    11.4043     7.0995 -9.990e-29
 131.488900      8.619    13.2527  31.923182    26.3525      8.542  272.39232  272.57753    11.0152     7.5564 -9.990e-29
 131.488903      8.624    13.2528  31.925204    26.3542      8.547  272.38819  272.57339    11.1552     7.4877 -9.990e-29
 131.488906      8.642    13.2527  31.927398    26.3577      8.565  272.38504  272.57022    11.1397     7.5726 -9.990e-29
 131.488909      8.671    13.2526  31.928900    26.3586      8.594  272.38278  272.56794    10.9218     7.5241 0.0000e+00
 131.488912      8.715    13.2524  31.930576    26.3594      8.637  272.38087  272.56600    11.7622     7.5484 0.0000e+00
 131.488915      8.768    13.2520  31.933002    26.3619      8.690  272.37830  272.56339    12.5871     7.6252 0.0000e+00
 131.488918      8.823    13.2512  31.934388    26.3637      8.744  272.37945  272.56448    12.4626     7.6090 0.0000e+00
 131.488921      8.878    13.2507  31.935197    26.3642      8.798  272.38032  272.56531    12.5249     7.5848 0.0000e+00
 131.488924      8.918    13.2507  31.935371    26.3647      8.838  272.38004  272.56503    12.5249     7.6211 -9.990e-29
 131.488927      8.941    13.2510  31.933985    26.3634      8.861  272.38118  272.56620    11.5599     7.3219 -9.990e-29
 131.488929      8.945    13.2510  31.934620    26.3640      8.865  272.38008  272.56509    11.5599     7.3300 -9.990e-29
 131.488932      8.949    13.2505  31.934216    26.3640      8.869  272.38301  272.56800    11.5910     7.2936 -9.990e-29
 131.488935      8.941    13.2503  31.933580    26.3635      8.861  272.38507  272.57005    11.6844     7.2815 -9.990e-29
 131.488938      8.932    13.2500  31.935024    26.3650      8.852  272.38352  272.56847    13.0852     8.1670 -9.990e-29
 131.488941      8.925    13.2500  31.936180    26.3661      8.845  272.38152  272.56646    13.0229     8.2075 -9.990e-29
 131.488944      8.939    13.2498  31.935371    26.3653      8.859  272.38388  272.56882    13.2097     8.1387 -9.990e-29
 131.488947      8.979    13.2498  31.935198    26.3656      8.899  272.38453  272.56946    13.2097     8.1064 0.0000e+00
 131.488950      9.032    13.2494  31.935602    26.3659      8.952  272.38546  272.57036    13.6299     7.5969 0.0000e+00
 131.488953      9.085    13.2494  31.936700    26.3662      9.004  272.38359  272.56849    13.5366     7.5767 0.0000e+00
 131.488955      9.138    13.2492  31.935776    26.3668      9.056  272.38618  272.57107    13.6922     7.5403 0.0000e+00
 131.488958      9.187    13.2488  31.936181    26.3668      9.105  272.38711  272.57197    13.7233     7.5928 0.0000e+00
 131.488961      9.226    13.2484  31.937625    26.3676      9.143  272.38623  272.57106    13.7078     7.6009 0.0000e+00
 131.488964      9.257    13.2487  31.937972    26.3684      9.174  272.38437  272.56922    11.7622     7.6009 -9.990e-29
 131.488967      9.269    13.2491  31.936585    26.3670      9.186  272.38518  272.57006    11.7622     7.6009 -9.990e-29
 131.488970      9.280    13.2494  31.937221    26.3673      9.197  272.38281  272.56771    11.7000     7.5767 -9.990e-29
 131.488973      9.297    13.2493  31.936816    26.3670      9.214  272.38384  272.56873    11.8712     7.5928 -9.990e-29
 131.488976      9.320    13.2493  31.935199    26.3655      9.237  272.38665  272.57156    11.2331     7.4190 -9.990e-29
 131.488979      9.342    13.2490  31.937394    26.3677      9.259  272.38415  272.56902    11.2486     7.4190 -9.990e-29
 131.488981      9.360    13.2490  31.937394    26.3678      9.277  272.38448  272.56934    11.2798     7.4109 -9.990e-29
 131.488984      9.377    13.2488  31.936990    26.3675      9.293  272.38582  272.57068    11.2953     7.4715 -9.990e-29
 131.488987      9.392    13.2490  31.938203    26.3685      9.307  272.38310  272.56796     7.3576     7.3098 -9.990e-29
 131.488990      9.402    13.2489  31.935777    26.3663      9.318  272.38762  272.57249     7.3264     7.2572 -9.990e-29
 131.488993      9.410    13.2488  31.931791    26.3627      9.326  272.39484  272.57974     7.2642     7.3138 -9.990e-29
 131.488996      9.411    13.2491  31.934044    26.3646      9.327  272.38966  272.57457     7.3887     7.2977 -9.990e-29
 131.488999      9.424    13.2490  31.924398    26.3449      9.340  272.40668  272.59166     9.5677     7.2491 -9.990e-29
 131.489002      9.450    13.2492  31.912616    26.3385      9.365  272.42611  272.61121     9.6611     7.2491 0.0000e+00
 131.489005      9.481    13.2498  31.898988    26.3321      9.396  272.44715  272.63240     9.6922     7.2774 0.0000e+00
 131.489008      9.519    13.2507  31.895639    26.3284      9.434  272.44913  272.63447     9.6922     7.2734 0.0000e+00
 131.489010      9.562    13.2516  31.889404    26.3221      9.477  272.45611  272.64156     9.7078     7.2734 0.0000e+00
 131.489013      9.606    13.2522  31.886806    26.3193      9.520  272.45776  272.64326     8.5871     7.0550 0.0000e+00
 131.489016      9.650    13.2526  31.881437    26.3141      9.564  272.46547  272.65105     8.5249     7.0308 0.0000e+00
 131.489019      9.683    13.2529  31.877454    26.3102      9.596  272.47078  272.65642     8.7272     7.0550 0.0000e+00
 131.489022      9.712    13.2535  31.873471    26.3082      9.625  272.47513  272.66084     8.5871     7.0308 0.0000e+00
 131.489025      9.739    13.2537  31.868277    26.3062      9.652  272.48318  272.66894     7.6844     6.9863 -9.990e-29
 131.489028      9.763    13.2539  31.864698    26.2979      9.676  272.48874  272.67454     7.9179     7.0308 -9.990e-29
 131.489031      9.783    13.2536  31.865448    26.2988      9.696  272.48873  272.67451     7.7934     6.9620 -9.990e-29
 131.489034      9.799    13.2535  31.865275    26.2987      9.712  272.48968  272.67545     7.8556     6.9944 -9.990e-29
 131.489036      9.825    13.2532  31.861466    26.2954      9.737  272.49756  272.68335     9.5677     7.2208 -9.990e-29
 131.489039      9.843    13.2534  31.862505    26.2962      9.755  272.49482  272.68061     9.6766     7.2734 -9.990e-29
 131.489042      9.869    13.2533  31.861466    26.2953      9.780  272.49695  272.68275     9.4276     7.2896 -9.990e-29
 131.489045      9.891    13.2535  31.862101    26.2958      9.802  272.49491  272.68071     9.6299     7.2815 -9.990e-29
 131.489048      9.911    13.2538  31.862101    26.2955      9.822  272.49364  272.67946     9.0541     8.3854 -9.990e-29
 131.489051      9.927    13.2540  31.864468    26.2976      9.838  272.48892  272.67473     9.1941     8.4703 -9.990e-29
 131.489054      9.938    13.2539  31.868277    26.3011      9.849  272.48266  272.66843     9.1319     8.4056 -9.990e-29
 131.489057      9.954    13.2538  31.873068    26.3055      9.865  272.47470  272.66043     9.0541     8.4380 -9.990e-29
 131.489060      9.965    13.2540  31.871683    26.3042      9.876  272.47647  272.66221     9.1319     8.4016 -9.990e-29
 131.489062      9.985    13.2548  31.875030    26.3066      9.896  272.46686  272.65263    11.4510     7.1966 -9.990e-29
 131.489065     10.009    13.2555  31.879649    26.3113      9.920  272.45601  272.64178    11.2798     7.1440 -9.990e-29
 131.489068     10.040    13.2551  31.880457    26.3136      9.950  272.45623  272.64197    11.2175     7.1763 0.0000e+00
 131.489071     10.078    13.2549  31.885422    26.3160      9.988  272.44862  272.63431    11.3576     7.1804 0.0000e+00
 131.489074     10.117    13.2543  31.891599    26.3221     10.026  272.44084  272.62643    12.1513     7.5484 0.0000e+00
 131.489077     10.160    13.2536  31.894429    26.3251     10.069  272.43885  272.62438    12.2603     7.5160 0.0000e+00
 131.489080     10.195    13.2532  31.899394    26.3299     10.104  272.43188  272.61734    12.3848     7.5322 0.0000e+00
 131.489083     10.230    13.2533  31.902801    26.3314     10.138  272.42569  272.61113    12.3226     7.4998 0.0000e+00
