Processed/SBE19plus_01907321_2022_05_04_Cast13_wfilter.cnv
* Sea-Bird SBE19plus  Data File:
* FileName = E:\Prandtl Daten\2022\CTD\Raw\SBE19plus_01907321_2022_05_04_Cast13.hex
* Software version 2.6.1.12
* Temperature SN = 7321
* Conductivity SN = 7321
* System UpLoad Time = May 04 2022 08:45:43
* <ApplicationData>
* <Seaterm232>
** Messpraktikum 2022
** CTD 04.05 SW3
# nquan = 11
# nvalues = 328                         
# units = specified
# name 0 = timeJ: Julian Days
# name 1 = prdM: Pressure, Strain Gauge [db]
# name 2 = tv290C: Temperature [ITS-90, deg C]
# name 3 = c0mS/cm: Conductivity [mS/cm]
# name 4 = sal00: Salinity, Practical [PSU]
# name 5 = depSM: Depth [salt water, m], lat = 54.00
# name 6 = oxsatMm/Kg: Oxygen Saturation, Weiss [umol/kg]
# name 7 = oxsolMm/Kg: Oxygen Saturation, Garcia & Gordon [umol/kg]
# name 8 = turbWETntu0: Turbidity, WET Labs ECO [NTU]
# name 9 = flECO-AFL: Fluorescence, WET Labs ECO-AFL/FL [mg/m^3]
# name 10 = flag:  0.000e+00
# span 0 = 124.359644, 124.360590       
# span 1 =      0.535,      9.145       
# span 2 =    10.8977,    11.0680       
# span 3 =  28.383388,  30.234899       
# span 4 =    24.5426,    26.4292       
# span 5 =      0.530,      9.063       
# span 6 =  286.31435,  289.24907       
# span 7 =  286.35795,  289.32580       
# span 8 =    26.0969,    74.7194       
# span 9 =     9.4650,    14.6166       
# span 10 = 0.0000e+00, 0.0000e+00      
# interval = seconds: 0.25
# start_time = May 04 2022 08:36:24 [Instrument's time stamp, header]
# bad_flag = -9.990e-29
*END*
[from data line 263]
 124.360405      7.402    11.0147  28.477878    24.6653      7.336  289.17002  289.24419    52.1202    13.2216 -9.990e-29
 124.360408      7.442    11.0148  28.480255    24.6668      7.376  289.16474  289.23889    49.0385    13.7958 0.0000e+00
 124.360411      7.495    11.0154  28.483904    24.6684      7.428  289.15499  289.22913    48.9451    13.8200 0.0000e+00
 124.360414      7.566    11.0158  28.492086    24.6743      7.499  289.13674  289.21082    48.8673    13.7392 0.0000e+00
 124.360417      7.641    11.0160  28.490594    24.6758      7.573  289.13903  289.21313    49.0696    13.7513 0.0000e+00
 124.360420      7.714    11.0160  28.494851    24.6783      7.645  289.13078  289.20484    48.3070    11.7214 0.0000e+00
 124.360422      7.787    11.0158  28.499662    24.6830      7.717  289.12213  289.19611    48.3070    11.6769 0.0000e+00
 124.360425      7.853    11.0156  28.500547    24.6839      7.783  289.12145  289.19541    48.1513    11.6648 0.0000e+00
 124.360428      7.911    11.0149  28.505358    24.6890      7.840  289.11580  289.18965    48.3381    11.6729 0.0000e+00
 124.360431      7.958    11.0143  28.507073    24.6900      7.887  289.11551  289.18929    49.3965    11.9519 0.0000e+00
 124.360434      7.986    11.0141  28.504253    24.6910      7.914  289.12203  289.19583    49.1941    11.8872 -9.990e-29
 124.360437      7.999    11.0139  28.502041    24.6864      7.927  289.12702  289.20084    49.3342    11.9317 -9.990e-29
 124.360440      8.004    11.0143  28.499442    24.6837      7.933  289.13041  289.20429    49.2720    11.9761 -9.990e-29
 124.360443      8.003    11.0145  28.499829    24.6840      7.931  289.12865  289.20254    51.4043    14.0546 -9.990e-29
 124.360446      7.997    11.0146  28.498778    24.6829      7.926  289.13002  289.20394    51.4354    14.0546 -9.990e-29
 124.360448      7.997    11.0144  28.498723    24.6830      7.926  289.13114  289.20503    51.6533    14.0788 -9.990e-29
 124.360451      7.995    11.0145  28.499442    24.6836      7.924  289.12906  289.20296    51.6689    14.1233 -9.990e-29
 124.360454      7.999    11.0143  28.504087    24.6881      7.927  289.12102  289.19485    51.6689    14.0546 -9.990e-29
 124.360457      8.002    11.0144  28.501709    24.6858      7.931  289.12532  289.19918    53.7700    13.7149 -9.990e-29
 124.360460      8.006    11.0141  28.498723    24.6831      7.934  289.13248  289.20636    53.6922    13.7432 -9.990e-29
 124.360463      8.012    11.0139  28.498170    24.6828      7.940  289.13490  289.20877    53.6144    13.6745 -9.990e-29
 124.360466      8.019    11.0137  28.501930    24.6865      7.947  289.12825  289.20206    53.6611    13.6704 -9.990e-29
 124.360469      8.028    11.0136  28.510391    24.6946      7.956  289.11244  289.18614    52.4938    14.6166 -9.990e-29
 124.360472      8.048    11.0130  28.531133    24.7148      7.976  289.07504  289.14844    52.5405    14.5034 -9.990e-29
 124.360475      8.066    11.0125  28.535946    24.7275      7.994  289.06802  289.14133    52.3381    14.5600 -9.990e-29
 124.360477      8.097    11.0120  28.543692    24.7409      8.025  289.05562  289.12880    52.4938    14.5398 0.0000e+00
 124.360480      8.127    11.0119  28.571915    24.7544      8.054  289.00098  289.07380    52.2914    12.9628 0.0000e+00
 124.360483      8.172    11.0111  28.666123    24.8155      8.099  288.82144  288.89304    52.3070    12.9790 0.0000e+00
 124.360486      8.230    11.0085  28.633545    24.8449      8.157  288.89766  288.96949    52.0735    12.9790 0.0000e+00
 124.360489      8.300    11.0064  28.708808    24.8888      8.225  288.76139  288.83213    52.3381    12.9668 0.0000e+00
 124.360492      8.378    11.0039  28.740366    24.9206      8.303  288.71262  288.78279    49.7078    11.2523 0.0000e+00
 124.360495      8.457    11.0004  28.840061    25.0182      8.381  288.53537  288.60406    49.5366    11.2564 0.0000e+00
 124.360498      8.535    10.9955  29.043519    25.2161      8.459  288.16320  288.22901    49.6299    11.2968 0.0000e+00
 124.360501      8.606    10.9877  29.124709    25.2991      8.529  288.04311  288.10736    49.4743    11.2968 0.0000e+00
 124.360503      8.664    10.9795  29.141829    25.3101      8.587  288.05014  288.11358    49.5366    11.2928 0.0000e+00
 124.360506      8.703    10.9745  29.017127    25.3211      8.625  288.31785  288.38250    43.0307    11.2362 -9.990e-29
 124.360509      8.719    10.9752  29.060232    25.2460      8.641  288.23047  288.29463    43.2642    11.2079 -9.990e-29
 124.360512      8.717    10.9755  29.150696    25.3324      8.639  288.05272  288.11576    43.1397    11.1998 -9.990e-29
 124.360515      8.697    10.9732  29.113004    25.2978      8.619  288.13713  288.20049    42.9996    11.2281 -9.990e-29
 124.360518      8.668    10.9720  29.084635    25.2715      8.591  288.19840  288.26203    40.8829    11.0461 -9.990e-29
 124.360521      8.637    10.9722  29.074717    25.2619      8.560  288.21673  288.28050    41.1008    11.0178 -9.990e-29
 124.360524      8.615    10.9728  29.065078    25.2523      8.538  288.23254  288.29647    40.9296    11.0502 -9.990e-29
 124.360527      8.597    10.9736  29.060231    25.2471      8.520  288.23834  288.30238    40.9762    11.0299 -9.990e-29
 124.360530      8.594    10.9740  29.130621    25.3142      8.517  288.09873  288.16192    43.9646    11.5556 -9.990e-29
 124.360532      8.597    10.9728  29.176914    25.3594      8.520  288.01473  288.07725    43.9334    11.5839 -9.990e-29
 124.360535      8.621    10.9703  29.221839    25.4041      8.544  287.93903  288.00081    44.0268    11.5475 -9.990e-29
 124.360538      8.648    10.9671  29.237583    25.4722      8.571  287.92418  287.98554    43.9023    11.5475 -9.990e-29
 124.360541      8.685    10.9644  29.288634    25.5406      8.607  287.83783  287.89834    42.8128    12.3522 0.0000e+00
 124.360544      8.725    10.9614  29.429115    25.6091      8.647  287.57868  287.63721    42.8284    12.3360 0.0000e+00
 124.360547      8.761    10.9561  29.663724    25.8380      8.683  287.14679  287.20198    42.7350    12.3765 0.0000e+00
 124.360550      8.798    10.9470  29.838081    26.0120      8.719  286.85093  286.90324    42.8751    12.4129 0.0000e+00
 124.360553      8.842    10.9360  29.927491    26.1058      8.763  286.72967  286.78004    42.9685    12.3643 0.0000e+00
 124.360556      8.889    10.9265  30.002002    26.1842      8.810  286.63016  286.67888    48.8673    11.7861 0.0000e+00
 124.360558      8.928    10.9191  30.012267    26.1994      8.848  286.64588  286.69392    48.9451    11.7578 0.0000e+00
 124.360561      8.979    10.9139  30.079069    26.2334      8.898  286.54082  286.58762    48.7895    11.7699 0.0000e+00
 124.360564      9.033    10.9087  30.154233    26.2675      8.953  286.41875  286.46420    48.7739    11.7376 -9.990e-29
 124.360567      9.032    10.9037  30.058132    26.2545      8.951  286.63071  286.67703    63.3731    12.0651 -9.990e-29
 124.360570      9.037    10.9030  30.077941    26.2742      8.956  286.59559  286.64160    63.3264    12.0692 -9.990e-29
 124.360573      9.048    10.9034  30.106168    26.3010      8.967  286.53820  286.58388    63.4198    12.0853 -9.990e-29
 124.360576      9.066    10.9028  30.090077    26.2860      8.985  286.57288  286.61871    63.2019    12.0489 -9.990e-29
 124.360579      9.083    10.9025  30.075288    26.2719      9.002  286.60275  286.64876    74.6416    12.9304 -9.990e-29
 124.360582      9.105    10.9026  30.115146    26.3102      9.023  286.52459  286.57009    74.6727    12.9062 -9.990e-29
 124.360584      9.128    10.9013  30.110290    26.3065      9.047  286.54025  286.58572    74.5482    12.8819 -9.990e-29
 124.360587      9.145    10.9004  30.174463    26.3690      9.063  286.41945  286.46403    74.7194    12.9143 -9.990e-29
 124.360590      9.145    10.8977  30.234899    26.4292      9.063  286.31435  286.35795    70.3770    13.5855 -9.990e-29
