Processed/SBE19plus_01907321_2022_05_08_Cast82_wfilter.cnv
* Sea-Bird SBE19plus  Data File:
* FileName = E:\Prandtl Daten\2022\CTD\Raw\SBE19plus_01907321_2022_05_08_Cast82.hex
* Software version 2.6.1.12
* Temperature SN = 7321
* Conductivity SN = 7321
* System UpLoad Time = May 08 2022 10:41:33
* <ApplicationData>
* <Seaterm232>
** Messpraktikum 2022
** CTD 08.05 Schnitt5_1
** NMEA Latitude = 54 11.98 N
** NMEA Longitude = 008 33.69 E
# nquan = 11
# nvalues = 252                         
# units = specified
# name 0 = timeJ: Julian Days
# name 1 = prdM: Pressure, Strain Gauge [db]
# name 2 = tv290C: Temperature [ITS-90, deg C]
# name 3 = c0mS/cm: Conductivity [mS/cm]
# name 4 = sal00: Salinity, Practical [PSU]
# name 5 = depSM: Depth [salt water, m], lat = 54.00
# name 6 = oxsatMm/Kg: Oxygen Saturation, Weiss [umol/kg]
# name 7 = oxsolMm/Kg: Oxygen Saturation, Garcia & Gordon [umol/kg]
# name 8 = turbWETntu0: Turbidity, WET Labs ECO [NTU]
# name 9 = flECO-AFL: Fluorescence, WET Labs ECO-AFL/FL [mg/m^3]
# name 10 = flag:  0.000e+00
# span 0 = 128.441253, 128.441979       
# span 1 =      0.273,      7.193       
# span 2 =    11.9370,    12.5686       
# span 3 =  33.095090,  33.335847       
# span 4 =    27.9370,    28.6265       
# span 5 =      0.270,      7.129       
# span 6 =  273.28725,  275.67761       
# span 7 =  273.41705,  275.76093       
# span 8 =    -0.8759,   113.1475       
# span 9 =     1.4303,    22.3926       
# span 10 = 0.0000e+00, 0.0000e+00      
# interval = seconds: 0.25
# start_time = May 08 2022 10:34:20 [Instrument's time stamp, header]
# bad_flag = -9.990e-29
*END*
[from data line 132]
 128.441635      3.851    12.4949  33.118231    28.0018      3.817  273.60492  273.72979     0.2603     1.8630 -9.990e-29
 128.441638      3.829    12.4922  33.124501    28.0097      3.795  273.60543  273.73005    -0.2378     2.2067 -9.990e-29
 128.441641      3.820    12.4882  33.127197    28.0153      3.786  273.61822  273.74253    -0.2066     2.2148 -9.990e-29
 128.441644      3.815    12.4836  33.124268    28.0159      3.781  273.64356  273.76759    -0.1911     2.1744 -9.990e-29
 128.441646      3.811    12.4811  33.120928    28.0147      3.777  273.66036  273.78426    -0.1755     2.2148 -9.990e-29
 128.441649      3.821    12.4809  33.118233    28.0123      3.786  273.66613  273.79004    -0.2689     2.2269 -9.990e-29
 128.441652      3.861    12.4822  33.111963    27.9992      3.826  273.67183  273.79588    -0.1599     2.1258 -9.990e-29
 128.441655      3.924    12.4856  33.108038    27.9947      3.889  273.66375  273.78809    -0.0821     2.0652 0.0000e+00
 128.441658      4.010    12.4904  33.102179    27.9901      3.975  273.65358  273.77830    -0.0977     2.0531 0.0000e+00
 128.441661      4.116    12.4970  33.100070    27.9832      4.079  273.62835  273.75354    -0.1132     2.0692 0.0000e+00
 128.441664      4.220    12.5050  33.100948    27.9781      4.182  273.59219  273.71792    -0.1755     1.9884 0.0000e+00
 128.441667      4.329    12.5117  33.102588    27.9745      4.291  273.55993  273.68611    -0.1599     2.0045 0.0000e+00
 128.441670      4.434    12.5153  33.100655    27.9701      4.394  273.54799  273.67443    -0.0821     2.0369 0.0000e+00
 128.441672      4.516    12.5160  33.100479    27.9694      4.475  273.54527  273.67176    -0.1444     2.0045 0.0000e+00
 128.441675      4.570    12.5144  33.098253    27.9689      4.530  273.55609  273.68250     0.5716     2.0854 0.0000e+00
 128.441678      4.600    12.5120  33.097785    27.9684      4.558  273.56747  273.69372     0.5560     2.0814 -9.990e-29
 128.441681      4.585    12.5104  33.097199    27.9704      4.544  273.57563  273.70177     0.5716     2.0894 -9.990e-29
 128.441684      4.545    12.5092  33.096848    27.9710      4.504  273.58149  273.70755     0.6183     2.0894 -9.990e-29
 128.441687      4.483    12.5077  33.098195    27.9734      4.443  273.58554  273.71148     0.1202     2.0692 -9.990e-29
 128.441690      4.415    12.5075  33.096320    27.9718      4.376  273.58978  273.71573     0.1513     2.0773 -9.990e-29
 128.441693      4.348    12.5079  33.096086    27.9713      4.309  273.58829  273.71427    -0.0043     2.0854 -9.990e-29
 128.441696      4.289    12.5074  33.095090    27.9708      4.251  273.59220  273.71816     0.1669     2.0490 -9.990e-29
 128.441698      4.269    12.5058  33.096496    27.9732      4.231  273.59648  273.72232     0.1202     2.0814 -9.990e-29
 128.441701      4.279    12.5029  33.095910    27.9749      4.241  273.61022  273.73587     0.5871     2.1097 -9.990e-29
 128.441704      4.319    12.4988  33.097375    27.9793      4.280  273.62557  273.75092     0.6027     2.1663 -9.990e-29
 128.441707      4.379    12.4952  33.102238    27.9865      4.340  273.63268  273.75774     0.6183     2.1461 -9.990e-29
 128.441710      4.459    12.4922  33.103000    27.9894      4.419  273.64437  273.76921     0.5249     2.1420 -9.990e-29
 128.441713      4.545    12.4907  33.103645    27.9928      4.504  273.64977  273.77450    -0.3311     1.9884 -9.990e-29
 128.441716      4.626    12.4910  33.105813    27.9945      4.584  273.64470  273.76943    -0.4090     2.0005 0.0000e+00
 128.441719      4.693    12.4902  33.108626    27.9961      4.651  273.64342  273.76806    -0.4712     2.0207 0.0000e+00
 128.441722      4.748    12.4866  33.115130    28.0005      4.705  273.64727  273.77161    -0.3778     2.0005 0.0000e+00
 128.441725      4.780    12.4803  33.124095    28.0048      4.738  273.65875  273.78256     0.1202     2.1541 -9.990e-29
 128.441727      4.804    12.4711  33.124917    28.0255      4.761  273.69748  273.82066     0.1358     2.1824 -9.990e-29
 128.441730      4.813    12.4647  33.124918    28.0303      4.770  273.72562  273.84835     0.0268     2.1622 -9.990e-29
 128.441733      4.821    12.4606  33.131364    28.0394      4.778  273.73199  273.85438    -0.0510     2.1056 -9.990e-29
 128.441736      4.826    12.4544  33.138690    28.0508      4.783  273.74574  273.86762     0.2914     2.3523 -9.990e-29
 128.441739      4.848    12.4459  33.145373    28.0716      4.805  273.77083  273.89207     0.3537     2.3482 -9.990e-29
 128.441742      4.877    12.4368  33.146839    28.0759      4.834  273.80807  273.92866     0.3226     2.2957 0.0000e+00
 128.441745      4.914    12.4285  33.149537    28.0803      4.870  273.83939  273.95939     0.3848     2.3321 0.0000e+00
 128.441748      4.959    12.4209  33.149362    28.0858      4.915  273.87309  273.99256     0.3226     2.3240 0.0000e+00
 128.441751      5.014    12.4164  33.151004    28.0907      4.969  273.88994  274.00908     0.2447     2.2674 0.0000e+00
 128.441753      5.067    12.4129  33.150125    28.0924      5.022  273.90669  274.02560     0.2603     2.2633 0.0000e+00
 128.441756      5.116    12.4096  33.154991    28.0960      5.070  273.91249  274.03112     0.3848     2.2431 0.0000e+00
 128.441759      5.149    12.4055  33.157336    28.0995      5.103  273.92589  274.04422     0.3226     2.2957 -9.990e-29
 128.441762      5.167    12.4010  33.161499    28.1119      5.121  273.93817  274.05615     1.2564     2.3604 -9.990e-29
 128.441765      5.177    12.3951  33.171115    28.1254      5.130  273.94680  274.06427     1.3031     2.3968 -9.990e-29
 128.441768      5.171    12.3869  33.177624    28.1376      5.125  273.97088  274.08771     1.4120     2.4008 -9.990e-29
 128.441771      5.153    12.3783  33.180498    28.1468      5.107  274.00333  274.11953     1.3187     2.4008 -9.990e-29
 128.441774      5.122    12.3700  33.183196    28.1556      5.076  274.03485  274.15045     4.0580     2.8860 -9.990e-29
 128.441777      5.095    12.3617  33.188768    28.1670      5.049  274.06087  274.17584     4.0113     2.8941 -9.990e-29
 128.441780      5.089    12.3513  33.193871    28.1796      5.044  274.09699  274.21119     4.0268     2.9103 -9.990e-29
 128.441782      5.099    12.3347  33.194576    28.1927      5.053  274.16849  274.28152     4.0735     2.8699 -9.990e-29
 128.441785      5.118    12.3162  33.195751    28.2198      5.073  274.24744  274.35917     3.1397     2.7566 -9.990e-29
 128.441788      5.153    12.3012  33.196633    28.2252      5.107  274.31120  274.42188     2.9996     2.7688 0.0000e+00
 128.441791      5.201    12.2876  33.197338    28.2307      5.154  274.36974  274.47945     2.9840     2.7809 0.0000e+00
 128.441794      5.270    12.2727  33.201446    28.2457      5.223  274.42735  274.53598     3.0619     2.7930 0.0000e+00
 128.441797      5.340    12.2561  33.200744    28.2576      5.292  274.50166  274.60913     2.9840     2.7809 0.0000e+00
 128.441800      5.400    12.2381  33.201215    28.2716      5.352  274.57968  274.68587     2.5171     2.9710 0.0000e+00
 128.441803      5.445    12.2273  33.201862    28.2803      5.397  274.62564  274.73107     2.6261     2.9467 0.0000e+00
 128.441806      5.485    12.2204  33.202156    28.2857      5.436  274.65531  274.76025     2.4704     2.9831 0.0000e+00
 128.441808      5.529    12.2107  33.203741    28.2946      5.480  274.69525  274.79948     2.4548     2.9629 0.0000e+00
 128.441811      5.571    12.2021  33.203918    28.3012      5.521  274.73250  274.83613     4.6650     3.3996 0.0000e+00
 128.441814      5.613    12.1948  33.204388    28.3042      5.563  274.76368  274.86679     4.5560     3.4036 0.0000e+00
 128.441817      5.644    12.1876  33.206911    28.3071      5.594  274.79081  274.89339     4.4626     3.4279 -9.990e-29
 128.441820      5.668    12.1815  33.207146    28.3226      5.617  274.81717  274.91931     4.5249     3.4319 -9.990e-29
 128.441823      5.699    12.1793  33.208378    28.3226      5.648  274.82449  274.92646    14.6883     6.2665 0.0000e+00
 128.441826      5.739    12.1792  33.213892    28.3226      5.688  274.81510  274.91700    14.6105     6.3191 -9.990e-29
 128.441829      5.761    12.1745  33.218586    28.3359      5.710  274.82719  274.92871    14.5638     6.2706 -9.990e-29
 128.441832      5.770    12.1664  33.221755    28.3449      5.719  274.85680  274.95771    14.5949     6.2746 -9.990e-29
 128.441834      5.772    12.1583  33.227094    28.3561      5.720  274.88275  274.98303    34.1591    11.3009 -9.990e-29
 128.441837      5.792    12.1489  33.236424    28.3721      5.740  274.90697  275.00648    34.2836    11.3049 -9.990e-29
 128.441840      5.819    12.1361  33.244230    28.3891      5.767  274.94870  275.04722    34.2525    11.2887 -9.990e-29
 128.441843      5.838    12.1244  33.244583    28.3983      5.786  274.99938  275.09706    34.1903    11.2766 -9.990e-29
 128.441846      5.834    12.1147  33.254033    28.4146      5.782  275.02484  275.12173    34.3615    11.2887 -9.990e-29
 128.441849      5.814    12.1052  33.257379    28.4250      5.762  275.06049  275.15666    38.9840    11.4505 -9.990e-29
 128.441852      5.796    12.0957  33.269119    28.4434      5.744  275.08080  275.17616    38.9685    11.4545 -9.990e-29
 128.441855      5.785    12.0832  33.276810    28.4601      5.733  275.12138  275.21577    39.0463    11.4869 -9.990e-29
 128.441858      5.772    12.0698  33.283798    28.4770      5.720  275.16752  275.26086    38.9373    11.4707 -9.990e-29
 128.441861      5.767    12.0567  33.285971    28.4890      5.715  275.22091  275.31329    40.3070    11.6769 -9.990e-29
 128.441863      5.759    12.0461  33.291198    28.5020      5.708  275.25796  275.34952    40.4315    11.6567 -9.990e-29
 128.441866      5.774    12.0373  33.297892    28.5327      5.722  275.28435  275.37521    40.4471    11.7214 -9.990e-29
 128.441869      5.821    12.0263  33.307583    28.5399      5.769  275.31507  275.40502    40.4938    11.7012 0.0000e+00
 128.441872      5.898    12.0117  33.310932    28.5470      5.845  275.37304  275.46190    45.3031    12.6312 0.0000e+00
 128.441875      5.976    11.9989  33.317218    28.5627      5.923  275.41764  275.50551    45.4120    12.6474 0.0000e+00
 128.441878      6.051    11.9866  33.319745    28.5745      5.997  275.46728  275.55422    45.2720    12.6717 0.0000e+00
 128.441881      6.126    11.9776  33.322801    28.5842      6.071  275.50123  275.58749    45.2097    12.6312 0.0000e+00
 128.441884      6.199    11.9712  33.326443    28.5926      6.143  275.52276  275.60852    60.6650    13.1690 0.0000e+00
 128.441887      6.268    11.9645  33.325446    28.5967      6.212  275.55404  275.63932    60.6338    14.6813 0.0000e+00
 128.441889      6.323    11.9588  33.325035    28.6007      6.266  275.57994  275.66481    60.6805    14.6409 0.0000e+00
 128.441892      6.370    11.9546  33.323744    28.6026      6.313  275.60072  275.68530    60.7117    14.6692 0.0000e+00
 128.441895      6.418    11.9514  33.321395    28.6029      6.360  275.61946  275.70384    60.5871    14.6692 0.0000e+00
 128.441898      6.471    11.9494  33.322452    28.6054      6.413  275.62613  275.71035    54.9840    15.0857 0.0000e+00
 128.441901      6.513    11.9487  33.323216    28.6060      6.454  275.62782  275.71198    54.9996    15.0493 0.0000e+00
 128.441904      6.544    11.9482  33.323921    28.6066      6.485  275.62899  275.71310    54.9373    15.0574 -9.990e-29
 128.441907      6.547    11.9476  33.324215    28.6084      6.489  275.63090  275.71497    54.9529    15.0493 -9.990e-29
 128.441910      6.538    11.9471  33.324391    28.6090      6.480  275.63271  275.71674    48.8829    13.2661 -9.990e-29
 128.441913      6.518    11.9466  33.324978    28.6099      6.460  275.63407  275.71805    48.8984    13.2782 -9.990e-29
 128.441916      6.493    11.9462  33.325448    28.6107      6.435  275.63472  275.71867    49.0385    13.2782 -9.990e-29
 128.441918      6.456    11.9457  33.325448    28.6111      6.399  275.63714  275.72105    49.1475    13.2539 -9.990e-29
 128.441921      6.423    11.9450  33.325801    28.6120      6.366  275.63953  275.72339    48.0268    12.4331 -9.990e-29
 128.441924      6.393    11.9443  33.327328    28.6139      6.335  275.63945  275.72325    48.0735    12.4493 -9.990e-29
 128.441927      6.376    11.9434  33.328444    28.6157      6.319  275.64137  275.72508    47.9334    12.4573 -9.990e-29
 128.441930      6.380    11.9424  33.329443    28.6174      6.323  275.64413  275.72775    47.9957    12.4533 -9.990e-29
 128.441933      6.394    11.9412  33.330441    28.6193      6.337  275.64750  275.73103    47.9957    12.4654 -9.990e-29
 128.441936      6.416    11.9403  33.330853    28.6204      6.359  275.65074  275.73420    44.4004    12.8617 -9.990e-29
 128.441939      6.431    11.9399  33.331910    28.6216      6.373  275.65033  275.73376    44.2914    12.8253 -9.990e-29
 128.441942      6.464    11.9394  33.332850    28.6229      6.406  275.65108  275.73445    44.1980    12.8253 -9.990e-29
 128.441944      6.506    11.9388  33.332792    28.6245      6.448  275.65397  275.73730    44.2759    12.8132 -9.990e-29
 128.441947      6.562    11.9381  33.333438    28.6243      6.504  275.65588  275.73915    34.9996    10.8116 0.0000e+00
 128.441950      6.625    11.9379  33.332968    28.6245      6.565  275.65740  275.74066    35.0307    10.7792 0.0000e+00
 128.441953      6.703    11.9383  33.335730    28.6265      6.643  275.65084  275.73410    34.8906    10.7914 0.0000e+00
 128.441956      6.798    11.9378  33.335847    28.6265      6.737  275.65284  275.73606    34.9840    10.7631 0.0000e+00
 128.441959      6.909    11.9370  33.330032    28.6220      6.847  275.66729  275.75052    64.6650    14.1759 0.0000e+00
 128.441962      7.026    11.9372  33.323806    28.6189      6.963  275.67761  275.76093    64.6494    14.1718 0.0000e+00
 128.441965      7.108    11.9384  33.321457    28.6158      7.044  275.67679  275.76022    64.6494    14.1476 -9.990e-29
 128.441968      7.112    11.9396  33.326038    28.6161      7.048  275.66315  275.74662    64.7117    14.1557 -9.990e-29
 128.441970      7.133    11.9396  33.329210    28.6191      7.069  275.65733  275.74076   113.1319    22.3764 -9.990e-29
 128.441973      7.157    11.9390  33.329857    28.6202      7.093  275.65891  275.74229   113.1163    22.3360 -9.990e-29
 128.441976      7.184    11.9383  33.327037    28.6180      7.120  275.66718  275.75054   113.1475    22.3764 -9.990e-29
 128.441979      7.193    11.9382  33.324981    28.6161      7.129  275.67128  275.75466   113.1008    22.3926 -9.990e-29
