Processed/SBE19plus_01907321_2022_05_09_Cast102_wfilter.cnv
* Sea-Bird SBE19plus  Data File:
* FileName = E:\Prandtl_Daten\2022\CTD\Raw\SBE19plus_01907321_2022_05_09_102.hex
* Software version 2.6.1.12
* Temperature SN = 7321
* Conductivity SN = 7321
* System UpLoad Time = May 09 2022 13:10:44
* <ApplicationData>
* <Seaterm232>
** Messpraktikum 2022
** CTD 09.05 SW1
** NMEA Latitude = 54 07 576N
** NMEA Longitude = 008 42 336E
# nquan = 11
# nvalues = 383                         
# units = specified
# name 0 = timeJ: Julian Days
# name 1 = prdM: Pressure, Strain Gauge [db]
# name 2 = tv290C: Temperature [ITS-90, deg C]
# name 3 = c0mS/cm: Conductivity [mS/cm]
# name 4 = sal00: Salinity, Practical [PSU]
# name 5 = depSM: Depth [salt water, m], lat = 54.00
# name 6 = oxsatMm/Kg: Oxygen Saturation, Weiss [umol/kg]
# name 7 = oxsolMm/Kg: Oxygen Saturation, Garcia & Gordon [umol/kg]
# name 8 = turbWETntu0: Turbidity, WET Labs ECO [NTU]
# name 9 = flECO-AFL: Fluorescence, WET Labs ECO-AFL/FL [mg/m^3]
# name 10 = flag:  0.000e+00
# span 0 = 129.544922, 129.546027       
# span 1 =      0.557,      9.254       
# span 2 =    13.1081,    14.1448       
# span 3 =  32.548536,  33.359208       
# span 4 =    26.9395,    27.0415       
# span 5 =      0.552,      9.172       
# span 6 =  266.14294,  271.93938       
# span 7 =  266.36971,  272.11005       
# span 8 =     1.5210,    39.3264       
# span 9 =     1.7134,    10.1727       
# span 10 = 0.0000e+00, 0.0000e+00      
# interval = seconds: 0.25
# start_time = May 09 2022 13:03:27 [Instrument's time stamp, header]
# bad_flag = -9.990e-29
*END*
[from data line 263]
 129.545683      6.567    13.1154  32.553592    27.0264      6.508  271.89825  272.06933    17.6144     6.2665 -9.990e-29
 129.545686      6.585    13.1145  32.553767    27.0272      6.527  271.90174  272.07276    13.8478     5.3041 -9.990e-29
 129.545689      6.606    13.1141  32.553185    27.0269      6.547  271.90465  272.07565    13.8167     5.3324 -9.990e-29
 129.545692      6.629    13.1140  32.555397    27.0290      6.570  271.90113  272.07211    13.6299     5.3001 -9.990e-29
 129.545694      6.653    13.1146  32.556037    27.0292      6.594  271.89752  272.06853    13.6455     5.3324 -9.990e-29
 129.545697      6.679    13.1155  32.555397    27.0279      6.619  271.89487  272.06594    11.5910     5.4012 -9.990e-29
 129.545700      6.702    13.1161  32.556735    27.0287      6.642  271.88972  272.06082    11.6689     5.3891 -9.990e-29
 129.545703      6.724    13.1170  32.556619    27.0279      6.664  271.88585  272.05700    11.3887     5.3527 -9.990e-29
 129.545706      6.748    13.1176  32.556852    27.0278      6.688  271.88325  272.05444    11.5132     5.4093 -9.990e-29
 129.545709      6.770    13.1176  32.556444    27.0281      6.709  271.88366  272.05486    13.6611     5.5912 -9.990e-29
 129.545712      6.795    13.1177  32.557317    27.0281      6.734  271.88184  272.05304    13.6144     5.5468 0.0000e+00
 129.545715      6.824    13.1178  32.556852    27.0281      6.763  271.88236  272.05356    13.6299     5.5185 -9.990e-29
 129.545718      6.848    13.1178  32.555804    27.0266      6.787  271.88388  272.05509    13.6611     5.6034 -9.990e-29
 129.545720      6.870    13.1173  32.555804    27.0269      6.808  271.88610  272.05728    13.4276     5.4618 -9.990e-29
 129.545723      6.892    13.1169  32.555513    27.0270      6.830  271.88850  272.05966    13.2253     5.4093 -9.990e-29
 129.545726      6.912    13.1167  32.556852    27.0291      6.850  271.88713  272.05827    13.4587     5.4174 -9.990e-29
 129.545729      6.938    13.1171  32.558074    27.0291      6.875  271.88314  272.05429    13.4587     5.4416 0.0000e+00
 129.545732      6.965    13.1178  32.557260    27.0291      6.903  271.88174  272.05294    13.5521     5.4821 -9.990e-29
 129.545735      6.989    13.1185  32.558715    27.0287      6.926  271.87607  272.04731    12.6494     5.3648 -9.990e-29
 129.545738      7.012    13.1192  32.558482    27.0280      6.950  271.87335  272.04463    12.6338     5.4254 -9.990e-29
 129.545741      7.036    13.1197  32.557667    27.0269      6.973  271.87289  272.04420    12.4159     5.3850 -9.990e-29
 129.545744      7.054    13.1197  32.556852    27.0262      6.991  271.87432  272.04564    12.6183     5.3931 -9.990e-29
 129.545747      7.080    13.1191  32.556852    27.0266      7.016  271.87685  272.04814    14.2214     5.3931 -9.990e-29
 129.545749      7.102    13.1185  32.557900    27.0279      7.038  271.87756  272.04880    14.1903     5.3729 -9.990e-29
 129.545752      7.123    13.1186  32.557842    27.0278      7.060  271.87736  272.04861    14.2058     5.3527 -9.990e-29
 129.545755      7.145    13.1189  32.558482    27.0282      7.081  271.87500  272.04626    14.3303     5.4052 -9.990e-29
 129.545758      7.165    13.1194  32.557435    27.0269      7.101  271.87463  272.04593    14.0502     5.8864 -9.990e-29
 129.545761      7.182    13.1191  32.556154    27.0259      7.118  271.87813  272.04942    13.9568     5.8986 -9.990e-29
 129.545764      7.202    13.1183  32.556213    27.0265      7.137  271.88150  272.05275    13.9568     5.8703 -9.990e-29
 129.545767      7.222    13.1178  32.556620    27.0272      7.157  271.88270  272.05391    13.8634     5.9026 -9.990e-29
 129.545770      7.246    13.1174  32.556038    27.0270      7.181  271.88561  272.05680    14.2992     5.9754 -9.990e-29
 129.545773      7.269    13.1173  32.555747    27.0268      7.204  271.88676  272.05795    14.5327     5.9713 -9.990e-29
 129.545775      7.293    13.1174  32.555398    27.0278      7.228  271.88676  272.05795    14.2992     5.9511 -9.990e-29
 129.545778      7.320    13.1175  32.557028    27.0277      7.255  271.88363  272.05481    14.3770     5.9673 0.0000e+00
 129.545781      7.350    13.1175  32.556853    27.0276      7.284  271.88395  272.05513    14.2525     5.9794 0.0000e+00
 129.545784      7.379    13.1179  32.556621    27.0271      7.313  271.88248  272.05370    15.0774     5.8258 0.0000e+00
 129.545787      7.410    13.1178  32.555922    27.0265      7.343  271.88403  272.05525    14.8595     5.8419 0.0000e+00
 129.545790      7.439    13.1173  32.555224    27.0264      7.372  271.88747  272.05866    14.7661     5.8743 0.0000e+00
 129.545793      7.464    13.1167  32.555224    27.0262      7.398  271.89032  272.06147    14.7973     5.8581 -9.990e-29
 129.545796      7.484    13.1162  32.554177    27.0260      7.417  271.89436  272.06548    17.4587     6.0967 -9.990e-29
 129.545799      7.504    13.1152  32.554002    27.0265      7.437  271.89877  272.06984    17.2875     6.1331 -9.990e-29
 129.545802      7.515    13.1144  32.551965    27.0253      7.448  271.90609  272.07713    17.4120     6.1695 -9.990e-29
 129.545804      7.534    13.1136  32.553188    27.0270      7.466  271.90744  272.07841    17.3965     6.1452 -9.990e-29
 129.545807      7.552    13.1129  32.552140    27.0265      7.484  271.91242  272.08336    17.0852     6.0724 -9.990e-29
 129.545810      7.570    13.1122  32.552606    27.0274      7.502  271.91446  272.08535    17.1319     5.9794 -9.990e-29
 129.545813      7.590    13.1121  32.552548    27.0287      7.522  271.91489  272.08578    17.1786     6.0603 -9.990e-29
 129.545816      7.617    13.1123  32.554178    27.0287      7.549  271.91113  272.08201    17.1319     5.9875 0.0000e+00
 129.545819      7.643    13.1133  32.554585    27.0287      7.575  271.90634  272.07728    23.9646     6.3029 -9.990e-29
 129.545822      7.665    13.1138  32.554585    27.0281      7.596  271.90415  272.07513    23.6377     6.7801 -9.990e-29
 129.545825      7.694    13.1140  32.554760    27.0280      7.625  271.90292  272.07391    23.6533     6.6992 -9.990e-29
 129.545828      7.718    13.1144  32.554178    27.0272      7.649  271.90237  272.07339    23.7622     6.7477 -9.990e-29
 129.545830      7.747    13.1147  32.554411    27.0272      7.677  271.90073  272.07176    23.6066     6.7760 -9.990e-29
 129.545833      7.763    13.1147  32.554993    27.0277      7.694  271.89941  272.07044    20.9451     6.7356 -9.990e-29
 129.545836      7.782    13.1149  32.555749    27.0283      7.712  271.89748  272.06851    20.9451     6.6992 -9.990e-29
 129.545839      7.798    13.1155  32.555400    27.0276      7.728  271.89558  272.06665    21.1008     6.7639 -9.990e-29
 129.545842      7.818    13.1156  32.552781    27.0251      7.748  271.89951  272.07062    20.9762     6.7882 -9.990e-29
 129.545845      7.840    13.1152  32.554993    27.0278      7.770  271.89726  272.06832    20.6183     6.7639 -9.990e-29
 129.545848      7.865    13.1155  32.555749    27.0276      7.795  271.89470  272.06577    20.4315     6.7275 0.0000e+00
 129.545851      7.892    13.1160  32.555633    27.0274      7.822  271.89303  272.06413    20.4938     6.7962 0.0000e+00
 129.545854      7.923    13.1161  32.554993    27.0267      7.853  271.89353  272.06465    20.4938     6.7599 0.0000e+00
 129.545856      7.956    13.1159  32.553596    27.0267      7.885  271.89693  272.06804    22.3148     7.1238 0.0000e+00
 129.545859      7.982    13.1155  32.554586    27.0262      7.910  271.89711  272.06819    22.0969     7.1602 0.0000e+00
 129.545862      8.011    13.1151  32.554353    27.0268      7.939  271.89911  272.07017    22.2214     7.2047 -9.990e-29
 129.545865      8.035    13.1150  32.552956    27.0256      7.963  271.90187  272.07294    22.0969     7.1642 -9.990e-29
 129.545868      8.053    13.1144  32.552375    27.0255      7.981  271.90572  272.07676    23.9334     7.1521 -9.990e-29
 129.545871      8.067    13.1132  32.551560    27.0255      7.995  271.91219  272.08315    27.2019     8.2641 -9.990e-29
 129.545874      8.084    13.1121  32.550105    27.0250      8.011  271.91945  272.09036    27.4665     8.2277 -9.990e-29
 129.545877      8.100    13.1110  32.550280    27.0259      8.028  271.92388  272.09472    27.2019     8.2358 -9.990e-29
 129.545880      8.122    13.1102  32.550105    27.0263      8.049  271.92766  272.09845    27.3264     8.2600 -9.990e-29
 129.545883      8.142    13.1095  32.550688    27.0268      8.069  271.92981  272.10055    27.5910     8.6159 -9.990e-29
 129.545885      8.168    13.1095  32.550106    27.0272      8.095  271.93084  272.10159    27.2953     8.6523 0.0000e+00
 129.545888      8.195    13.1095  32.551037    27.0268      8.122  271.92924  272.09998    27.4976     8.5754 0.0000e+00
 129.545891      8.224    13.1095  32.549698    27.0270      8.151  271.93158  272.10233    27.3576     8.6240 0.0000e+00
 129.545894      8.253    13.1100  32.550688    27.0264      8.180  271.92768  272.09845    22.4082     7.2168 -9.990e-29
 129.545897      8.277    13.1100  32.550513    27.0268      8.203  271.92800  272.09877    22.4237     7.1440 -9.990e-29
 129.545900      8.303    13.1100  32.551852    27.0280      8.228  271.92568  272.09645    22.3615     7.2249 -9.990e-29
 129.545903      8.323    13.1106  32.552783    27.0284      8.248  271.92156  272.09235    22.4860     7.1683 -9.990e-29
 129.545906      8.348    13.1119  32.554413    27.0290      8.273  271.91307  272.08393    24.4471     7.7505 -9.990e-29
 129.545909      8.368    13.1131  32.554005    27.0278      8.294  271.90876  272.07969    24.6183     7.7384 -9.990e-29
 129.545911      8.390    13.1136  32.552434    27.0259      8.315  271.90899  272.07997    24.6183     7.7586 -9.990e-29
 129.545914      8.409    13.1129  32.551154    27.0253      8.333  271.91437  272.08533    24.7272     7.7667 -9.990e-29
 129.545917      8.427    13.1121  32.551154    27.0258      8.351  271.91785  272.08875    24.3226     7.7142 -9.990e-29
 129.545920      8.445    13.1113  32.550514    27.0258      8.369  271.92275  272.09360    26.9062     8.2803 -9.990e-29
 129.545923      8.470    13.1108  32.551561    27.0272      8.395  271.92315  272.09396    26.6883     8.2883 -9.990e-29
 129.545926      8.494    13.1106  32.550456    27.0262      8.418  271.92572  272.09653    26.7350     8.3005 -9.990e-29
 129.545929      8.521    13.1105  32.550689    27.0265      8.445  271.92596  272.09676    26.7506     8.2398 -9.990e-29
 129.545932      8.545    13.1102  32.550689    27.0266      8.469  271.92723  272.09802    29.6299     8.7615 -9.990e-29
 129.545935      8.572    13.1102  32.550514    27.0271      8.496  271.92755  272.09834    29.6299     8.7574 0.0000e+00
 129.545938      8.600    13.1105  32.552027    27.0271      8.523  271.92368  272.09447    29.6611     8.7493 0.0000e+00
 129.545940      8.629    13.1109  32.552377    27.0277      8.552  271.92120  272.09202    29.4432     8.7574 -9.990e-29
 129.545943      8.653    13.1113  32.551737    27.0269      8.575  271.92076  272.09160    30.0035     8.3086 -9.990e-29
 129.545946      8.675    13.1121  32.553773    27.0282      8.597  271.91376  272.08464    30.2214     8.2883 -9.990e-29
 129.545949      8.695    13.1129  32.552842    27.0268      8.617  271.91193  272.08287    30.1280     8.3247 -9.990e-29
 129.545952      8.709    13.1131  32.552144    27.0259      8.631  271.91190  272.08286    30.0969     8.3733 -9.990e-29
 129.545955      8.722    13.1126  32.551155    27.0254      8.644  271.91583  272.08677    31.5910     9.0849 -9.990e-29
 129.545958      8.740    13.1118  32.549467    27.0244      8.662  271.92256  272.09345    31.3576     9.1496 -9.990e-29
 129.545961      8.764    13.1104  32.549060    27.0255      8.685  271.92926  272.10007    31.5755     9.0769 -9.990e-29
 129.545964      8.789    13.1091  32.548536    27.0260      8.711  271.93586  272.10659    31.5910     9.1011 0.0000e+00
 129.545966      8.818    13.1084  32.549060    27.0264      8.739  271.93780  272.10849    31.3109     9.0809 0.0000e+00
 129.545969      8.849    13.1082  32.548886    27.0264      8.770  271.93938  272.11005    32.9607     9.0849 0.0000e+00
 129.545972      8.880    13.1081  32.549701    27.0268      8.801  271.93830  272.10896    32.9140     9.1213 0.0000e+00
 129.545975      8.906    13.1084  32.549875    27.0272      8.826  271.93675  272.10743    33.1786     9.1213 -9.990e-29
 129.545978      8.926    13.1086  32.548886    27.0261      8.846  271.93754  272.10824    32.8984     9.1496 -9.990e-29
 129.545981      8.952    13.1084  32.549293    27.0266      8.871  271.93748  272.10816    39.2642    10.1525 -9.990e-29
 129.545984      8.966    13.1083  32.549294    27.0267      8.886  271.93812  272.10879    39.3264    10.1363 -9.990e-29
 129.545987      8.983    13.1085  32.551039    27.0281      8.902  271.93414  272.10482    39.2642    10.1727 -9.990e-29
 129.545990      8.992    13.1091  32.551330    27.0279      8.911  271.93112  272.10184    39.2486    10.1161 -9.990e-29
 129.545992      9.008    13.1100  32.551156    27.0271      8.928  271.92735  272.09812    36.5093    10.0473 -9.990e-29
 129.545995      9.030    13.1104  32.549061    27.0249      8.949  271.92943  272.10024    36.6183    10.0433 -9.990e-29
 129.545998      9.052    13.1100  32.549468    27.0270      8.971  271.93062  272.10141    36.3537    10.0716 -9.990e-29
 129.546001      9.085    13.1093  32.550458    27.0273      9.003  271.93176  272.10249    36.6338    10.0918 0.0000e+00
 129.546004      9.114    13.1097  32.551564    27.0270      9.033  271.92796  272.09871    30.3459     8.9758 0.0000e+00
 129.546007      9.145    13.1105  32.550691    27.0270      9.063  271.92604  272.09685    30.4548     9.0202 0.0000e+00
 129.546010      9.176    13.1108  32.550691    27.0263      9.094  271.92511  272.09594    30.3303     8.9636 -9.990e-29
 129.546013      9.200    13.1109  32.549119    27.0246      9.117  271.92723  272.09808    30.3303     8.9636 -9.990e-29
 129.546016      9.225    13.1105  32.549701    27.0254      9.143  271.92813  272.09894    30.3926     8.9879 -9.990e-29
 129.546019      9.240    13.1101  32.550284    27.0262      9.157  271.92870  272.09948    36.8984     9.0202 -9.990e-29
 129.546021      9.249    13.1100  32.552553    27.0283      9.166  271.92507  272.09583    37.0229     9.0486 -9.990e-29
 129.546024      9.249    13.1116  32.551855    27.0266      9.166  271.91967  272.09053    37.0852     9.0607 -9.990e-29
 129.546027      9.254    13.1123  32.553193    27.0273      9.172  271.91420  272.08510    36.9918     9.0324 -9.990e-29
