Processed/SBE19plus_01907321_2022_05_08_Cast75_wfilter.cnv
* Sea-Bird SBE19plus  Data File:
* FileName = E:\Prandtl Daten\2022\CTD\Raw\SBE19plus_01907321_2022_05_08_Cast75.hex
* Software version 2.6.1.12
* Temperature SN = 7321
* Conductivity SN = 7321
* System UpLoad Time = May 08 2022 07:30:08
* <ApplicationData>
* <Seaterm232>
** Messpraktikum 2022
** CTD 08.05 BE
** NMEA Latitude = 54 07.48 N
** NMEA Longitude = 008 50.23 E
# nquan = 11
# nvalues = 701                         
# units = specified
# name 0 = timeJ: Julian Days
# name 1 = prdM: Pressure, Strain Gauge [db]
# name 2 = tv290C: Temperature [ITS-90, deg C]
# name 3 = c0mS/cm: Conductivity [mS/cm]
# name 4 = sal00: Salinity, Practical [PSU]
# name 5 = depSM: Depth [salt water, m], lat = 54.00
# name 6 = oxsatMm/Kg: Oxygen Saturation, Weiss [umol/kg]
# name 7 = oxsolMm/Kg: Oxygen Saturation, Garcia & Gordon [umol/kg]
# name 8 = turbWETntu0: Turbidity, WET Labs ECO [NTU]
# name 9 = flECO-AFL: Fluorescence, WET Labs ECO-AFL/FL [mg/m^3]
# name 10 = flag:  0.000e+00
# span 0 = 128.305972, 128.307998       
# span 1 =      0.401,     17.999       
# span 2 =    13.1129,    13.1569       
# span 3 =  32.520097,  32.592175       
# span 4 =    26.9931,    27.0383       
# span 5 =      0.398,     17.838       
# span 6 =  271.65111,  271.95963       
# span 7 =  271.82445,  272.13105       
# span 8 =    24.8673,    98.5638       
# span 9 =     7.6211,    17.0630       
# span 10 = 0.0000e+00, 0.0000e+00      
# interval = seconds: 0.25
# start_time = May 08 2022 07:19:30 [Instrument's time stamp, header]
# bad_flag = -9.990e-29
*END*
 128.305972      0.401    13.1564  32.576037    27.0199      0.398  271.67681  271.85026    26.4393     7.9932 0.0000e+00
 128.305975      0.449    13.1553  32.575397    27.0199      0.445  271.68299  271.85637    26.4082     8.0336 0.0000e+00
 128.305978      0.524    13.1543  32.574233    27.0202      0.519  271.68915  271.86248    26.4548     8.0296 0.0000e+00
 128.305981      0.610    13.1534  32.576270    27.0222      0.604  271.68944  271.86270    26.3303     8.0012 0.0000e+00
 128.305984      0.675    13.1531  32.576678    27.0225      0.669  271.69035  271.86359    26.9218     8.2115 0.0000e+00
 128.305987      0.725    13.1537  32.577959    27.0228      0.718  271.68564  271.85890    26.9529     8.1953 -9.990e-29
 128.305990      0.740    13.1543  32.578134    27.0232      0.733  271.68252  271.85581    26.9840     8.2156 -9.990e-29
 128.305992      0.738    13.1547  32.577901    27.0228      0.731  271.68134  271.85467    26.9218     8.1913 -9.990e-29
 128.305995      0.723    13.1550  32.577668    27.0224      0.717  271.68048  271.85382    26.1124     8.4177 -9.990e-29
 128.305998      0.705    13.1552  32.577959    27.0225      0.698  271.67902  271.85237    26.1591     8.4218 -9.990e-29
 128.306001      0.674    13.1551  32.578308    27.0229      0.668  271.67871  271.85205    26.1591     8.4177 -9.990e-29
 128.306004      0.643    13.1553  32.578133    27.0226      0.637  271.67805  271.85141    26.1903     8.4177 -9.990e-29
 128.306007      0.635    13.1556  32.578715    27.0229      0.630  271.67577  271.84915    26.2681     7.9972 -9.990e-29
 128.306010      0.672    13.1555  32.576678    27.0214      0.666  271.67965  271.85304    26.1124     8.0296 -9.990e-29
 128.306013      0.734    13.1549  32.576562    27.0217      0.727  271.68272  271.85607    26.1591     8.0093 0.0000e+00
 128.306016      0.809    13.1544  32.576853    27.0220      0.801  271.68447  271.85778    26.1591     7.9932 0.0000e+00
 128.306019      0.887    13.1540  32.578134    27.0234      0.879  271.68418  271.85746    26.5949     7.7788 0.0000e+00
 128.306021      0.951    13.1541  32.579124    27.0240      0.943  271.68188  271.85515    26.3926     7.7950 0.0000e+00
 128.306024      0.989    13.1548  32.579473    27.0241      0.980  271.67815  271.85147    26.4237     7.7344 0.0000e+00
 128.306027      1.016    13.1553  32.578134    27.0240      1.007  271.67860  271.85196    26.3459     7.7627 -9.990e-29
 128.306030      1.027    13.1552  32.577261    27.0217      1.018  271.68044  271.85380    26.2992     7.7586 -9.990e-29
 128.306033      1.035    13.1545  32.577087    27.0221      1.026  271.68389  271.85721    26.3615     7.7425 -9.990e-29
 128.306036      1.039    13.1541  32.577145    27.0224      1.030  271.68537  271.85866    26.2214     7.7667 -9.990e-29
 128.306039      1.042    13.1538  32.577902    27.0233      1.033  271.68531  271.85858    26.3926     7.7667 -9.990e-29
 128.306042      1.044    13.1541  32.578717    27.0238      1.035  271.68264  271.85592    26.3459     7.7950 -9.990e-29
 128.306045      1.047    13.1544  32.577087    27.0221      1.037  271.68421  271.85753    26.0813     7.9163 -9.990e-29
 128.306047      1.047    13.1545  32.578135    27.0230      1.037  271.68176  271.85508    26.2681     7.8719 -9.990e-29
 128.306050      1.061    13.1544  32.578135    27.0232      1.052  271.68240  271.85571    26.1591     7.8880 -9.990e-29
 128.306053      1.098    13.1544  32.578309    27.0228      1.088  271.68212  271.85543    26.1591     7.8961 0.0000e+00
 128.306056      1.149    13.1543  32.577495    27.0231      1.139  271.68389  271.85719    26.6261     8.0781 0.0000e+00
 128.306059      1.209    13.1540  32.577902    27.0231      1.198  271.68479  271.85807    26.6727     8.0983 0.0000e+00
 128.306062      1.275    13.1537  32.578543    27.0238      1.263  271.68466  271.85793    26.6727     8.1226 0.0000e+00
 128.306065      1.339    13.1542  32.579533    27.0238      1.327  271.68110  271.85438    26.5327     8.0781 0.0000e+00
 128.306068      1.389    13.1549  32.579125    27.0239      1.377  271.67869  271.85202    26.9529     7.9770 0.0000e+00
 128.306071      1.420    13.1551  32.577262    27.0235      1.408  271.68100  271.85436    26.8284     7.9406 -9.990e-29
 128.306073      1.426    13.1550  32.578718    27.0231      1.413  271.67911  271.85244    26.8595     7.9851 -9.990e-29
 128.306076      1.406    13.1548  32.579358    27.0238      1.393  271.67861  271.85193    26.9996     7.9325 -9.990e-29
 128.306079      1.378    13.1550  32.579125    27.0235      1.366  271.67837  271.85170    26.7817     7.9406 -9.990e-29
 128.306082      1.358    13.1552  32.578951    27.0232      1.346  271.67771  271.85106    27.0307     8.0174 -9.990e-29
 128.306085      1.356    13.1551  32.576564    27.0210      1.344  271.68217  271.85554    27.0619     8.0215 -9.990e-29
 128.306088      1.372    13.1541  32.576447    27.0212      1.360  271.68679  271.86009    26.9062     8.0457 -9.990e-29
 128.306091      1.411    13.1531  32.575225    27.0226      1.398  271.69334  271.86659    26.9218     8.0093 0.0000e+00
 128.306094      1.464    13.1519  32.577496    27.0240      1.451  271.69447  271.86763    26.1903     8.0296 0.0000e+00
 128.306097      1.524    13.1523  32.577729    27.0240      1.511  271.69253  271.86571    26.0657     8.0134 0.0000e+00
 128.306100      1.572    13.1526  32.574003    27.0204      1.558  271.69746  271.87069    26.1436     8.0417 0.0000e+00
 128.306102      1.615    13.1519  32.572606    27.0200      1.601  271.70337  271.87657    26.2058     8.0174 0.0000e+00
 128.306105      1.650    13.1508  32.573596    27.0196      1.635  271.70608  271.87921    26.6572     8.0255 -9.990e-29
 128.306108      1.672    13.1507  32.575226    27.0228      1.657  271.70390  271.87700    26.5638     7.9851 -9.990e-29
 128.306111      1.692    13.1509  32.576274    27.0236      1.677  271.70115  271.87425    26.5482     8.0376 -9.990e-29
 128.306114      1.707    13.1513  32.575052    27.0222      1.692  271.70170  271.87484    26.5638     8.0174 -9.990e-29
 128.306117      1.720    13.1511  32.574237    27.0216      1.705  271.70407  271.87720    25.4120     8.0255 -9.990e-29
 128.306120      1.744    13.1503  32.573596    27.0213      1.728  271.70835  271.88144    25.5988     8.0457 -9.990e-29
 128.306123      1.773    13.1493  32.572491    27.0213      1.757  271.71469  271.88773    25.2875     8.0093 0.0000e+00
 128.306126      1.804    13.1479  32.570104    27.0213      1.788  271.72515  271.89812    25.3342     8.0700 -9.990e-29
 128.306128      1.828    13.1464  32.570104    27.0211      1.812  271.73146  271.90434    25.1630     8.0093 -9.990e-29
 128.306131      1.848    13.1456  32.570512    27.0220      1.832  271.73423  271.90705    24.9296     7.9406 -9.990e-29
 128.306134      1.861    13.1455  32.572666    27.0241      1.844  271.73113  271.90392    24.9296     7.9689 -9.990e-29
 128.306137      1.877    13.1463  32.574005    27.0248      1.860  271.72535  271.89819    24.9451     7.9406 -9.990e-29
 128.306140      1.888    13.1475  32.572782    27.0228      1.871  271.72213  271.89505    24.8673     7.9568 -9.990e-29
 128.306143      1.904    13.1476  32.571793    27.0207      1.887  271.72354  271.89648    24.9762     8.1468 -9.990e-29
 128.306146      1.937    13.1472  32.570337    27.0208      1.920  271.72767  271.90059    24.8984     8.1347 0.0000e+00
 128.306149      1.970    13.1465  32.569930    27.0207      1.953  271.73154  271.90443    24.9762     8.1428 0.0000e+00
 128.306152      2.009    13.1456  32.568883    27.0205      1.991  271.73748  271.91031    24.8829     8.1306 0.0000e+00
 128.306155      2.042    13.1448  32.566845    27.0192      2.023  271.74419  271.91699    25.5988     7.6414 0.0000e+00
 128.306157      2.078    13.1437  32.564692    27.0180      2.059  271.75267  271.92543    25.5210     7.6414 0.0000e+00
 128.306160      2.107    13.1426  32.562538    27.0174      2.088  271.76147  271.93417    25.6611     7.6373 0.0000e+00
 128.306163      2.138    13.1411  32.562131    27.0171      2.119  271.76849  271.94111    25.7545     7.6211 0.0000e+00
 128.306166      2.165    13.1400  32.560094    27.0174      2.146  271.77708  271.94965    25.4587     7.7667 -9.990e-29
 128.306169      2.187    13.1389  32.560327    27.0174      2.167  271.78142  271.95391    25.4587     7.7667 -9.990e-29
 128.306172      2.196    13.1382  32.561200    27.0187      2.176  271.78305  271.95549    25.4587     7.7344 -9.990e-29
 128.306175      2.203    13.1378  32.560910    27.0187      2.184  271.78514  271.95756    25.3498     7.7748 -9.990e-29
 128.306178      2.203    13.1379  32.561550    27.0192      2.184  271.78371  271.95613    25.4899     7.7182 -9.990e-29
 128.306181      2.209    13.1381  32.562365    27.0198      2.189  271.78136  271.95378    25.1008     7.8799 -9.990e-29
 128.306183      2.227    13.1387  32.562132    27.0192      2.208  271.77925  271.95171    25.3342     7.8961 -9.990e-29
 128.306186      2.251    13.1396  32.562947    27.0185      2.231  271.77376  271.94627    25.1319     7.9042 -9.990e-29
 128.306189      2.293    13.1406  32.562947    27.0178      2.272  271.76969  271.94227    25.1319     7.9163 0.0000e+00
 128.306192      2.342    13.1409  32.561725    27.0171      2.321  271.77027  271.94288    25.5210     7.8031 0.0000e+00
 128.306195      2.402    13.1406  32.559979    27.0164      2.380  271.77460  271.94721    25.3654     7.8476 0.0000e+00
 128.306198      2.463    13.1393  32.559688    27.0164      2.441  271.78113  271.95365    25.3965     7.8314 0.0000e+00
 128.306201      2.514    13.1383  32.559688    27.0168      2.492  271.78525  271.95772    25.3654     7.8314 0.0000e+00
 128.306204      2.547    13.1380  32.560329    27.0171      2.524  271.78574  271.95817    26.2214     7.9163 -9.990e-29
 128.306207      2.558    13.1379  32.559514    27.0172      2.535  271.78747  271.95991    26.1124     7.8840 -9.990e-29
 128.306209      2.554    13.1377  32.559805    27.0176      2.531  271.78791  271.96033    26.2525     7.8880 -9.990e-29
 128.306212      2.534    13.1376  32.560096    27.0180      2.512  271.78771  271.96012    26.1903     7.9082 -9.990e-29
 128.306215      2.514    13.1374  32.560911    27.0188      2.492  271.78691  271.95931    25.3498     8.0174 -9.990e-29
 128.306218      2.507    13.1376  32.560328    27.0182      2.484  271.78729  271.95970    25.3654     8.0215 -9.990e-29
 128.306221      2.509    13.1375  32.561376    27.0208      2.486  271.78578  271.95818    25.3965     8.0053 -9.990e-29
 128.306224      2.538    13.1378  32.563355    27.0210      2.515  271.78110  271.95350    25.3031     7.9972 0.0000e+00
 128.306227      2.584    13.1386  32.564403    27.0208      2.561  271.77585  271.94829    25.4899     8.0093 0.0000e+00
 128.306230      2.642    13.1395  32.564403    27.0205      2.618  271.77211  271.94460    26.9062     8.0781 0.0000e+00
 128.306233      2.700    13.1401  32.563530    27.0192      2.676  271.77083  271.94337    26.9996     8.0821 0.0000e+00
 128.306236      2.755    13.1399  32.563356    27.0192      2.731  271.77211  271.94464    26.9529     8.0943 0.0000e+00
 128.306238      2.803    13.1398  32.563763    27.0194      2.778  271.77206  271.94458    26.9840     8.0781 0.0000e+00
 128.306241      2.841    13.1398  32.565044    27.0197      2.816  271.76955  271.94206    25.6299     8.0255 -9.990e-29
 128.306244      2.865    13.1403  32.565451    27.0209      2.840  271.76697  271.93950    25.6611     8.0619 -9.990e-29
 128.306247      2.878    13.1408  32.565859    27.0209      2.853  271.76406  271.93663    25.6611     8.0255 -9.990e-29
 128.306250      2.880    13.1411  32.565626    27.0204      2.855  271.76290  271.93548    25.6299     8.0376 -9.990e-29
 128.306253      2.879    13.1416  32.567256    27.0216      2.853  271.75817  271.93077    26.4860     8.2883 -9.990e-29
 128.306256      2.873    13.1420  32.566848    27.0209      2.847  271.75699  271.92962    26.4082     8.2964 -9.990e-29
 128.306259      2.881    13.1422  32.567780    27.0216      2.855  271.75475  271.92738    26.4704     8.2883 -9.990e-29
 128.306262      2.891    13.1428  32.568478    27.0216      2.866  271.75071  271.92337    26.4082     8.2762 -9.990e-29
 128.306264      2.924    13.1432  32.568478    27.0217      2.898  271.74915  271.92184    26.4237     8.1306 0.0000e+00
 128.306267      2.964    13.1432  32.568886    27.0219      2.938  271.74816  271.92085    26.3615     8.1590 0.0000e+00
 128.306270      3.008    13.1435  32.570167    27.0223      2.981  271.74470  271.91740    26.4237     8.1306 0.0000e+00
 128.306273      3.058    13.1441  32.570108    27.0223      3.030  271.74232  271.91505    26.4237     8.1549 0.0000e+00
 128.306276      3.096    13.1446  32.569701    27.0220      3.068  271.74084  271.91361    26.4393     8.1185 0.0000e+00
 128.306279      3.127    13.1445  32.570109    27.0220      3.099  271.74047  271.91323    27.1241     8.0174 0.0000e+00
 128.306282      3.163    13.1447  32.570516    27.0222      3.135  271.73916  271.91192    27.3264     8.0376 0.0000e+00
 128.306285      3.189    13.1446  32.571157    27.0223      3.160  271.73838  271.91113    27.1397     8.0336 -9.990e-29
 128.306288      3.211    13.1448  32.571157    27.0227      3.182  271.73744  271.91022    27.2486     8.0174 -9.990e-29
 128.306291      3.231    13.1449  32.573020    27.0244      3.202  271.73391  271.90667    26.7973     8.1994 -9.990e-29
 128.306293      3.249    13.1456  32.573660    27.0245      3.220  271.72966  271.90246    26.7039     8.2115 -9.990e-29
 128.306296      3.269    13.1464  32.573834    27.0241      3.240  271.72622  271.89906    26.5482     8.2439 -9.990e-29
 128.306299      3.287    13.1467  32.574009    27.0240      3.258  271.72436  271.89722    26.8128     8.1994 -9.990e-29
 128.306302      3.309    13.1468  32.574650    27.0245      3.280  271.72294  271.89581    26.4860     8.2398 -9.990e-29
 128.306305      3.329    13.1471  32.574824    27.0245      3.299  271.72139  271.89427    26.4237     8.2156 -9.990e-29
 128.306308      3.344    13.1474  32.574999    27.0244      3.314  271.71984  271.89274    26.4548     8.2236 -9.990e-29
 128.306311      3.360    13.1474  32.575232    27.0246      3.330  271.71945  271.89234    26.4393     8.2115 -9.990e-29
 128.306314      3.378    13.1477  32.575465    27.0255      3.348  271.71779  271.89071    26.4393     8.5593 -9.990e-29
 128.306317      3.410    13.1480  32.576687    27.0254      3.379  271.71412  271.88704    26.3926     8.5552 0.0000e+00
 128.306319      3.442    13.1486  32.576978    27.0253      3.412  271.71111  271.88407    26.4548     8.5471 0.0000e+00
 128.306322      3.473    13.1488  32.576280    27.0245      3.442  271.71140  271.88438    26.4237     8.5310 0.0000e+00
 128.306325      3.512    13.1490  32.576047    27.0242      3.480  271.71120  271.88419    26.4082     8.5593 0.0000e+00
 128.306328      3.548    13.1484  32.575232    27.0238      3.517  271.71484  271.88781    27.1708     8.6118 0.0000e+00
 128.306331      3.577    13.1478  32.574417    27.0237      3.545  271.71911  271.89204    27.0930     8.6240 0.0000e+00
 128.306334      3.603    13.1467  32.573195    27.0235      3.571  271.72597  271.89884    27.1397     8.6240 -9.990e-29
 128.306337      3.623    13.1457  32.573836    27.0244      3.591  271.72928  271.90208    27.2331     8.6240 -9.990e-29
 128.306340      3.643    13.1452  32.573603    27.0246      3.611  271.73190  271.90467    28.4471     9.4287 -9.990e-29
 128.306343      3.658    13.1453  32.572846    27.0238      3.625  271.73291  271.90569    28.5249     9.4327 -9.990e-29
 128.306345      3.667    13.1453  32.573836    27.0247      3.634  271.73120  271.90397    28.4159     9.4287 -9.990e-29
 128.306348      3.685    13.1455  32.574418    27.0251      3.652  271.72925  271.90204    28.1825     9.4367 -9.990e-29
