Processed/SBE19plus_01907321_2022_05_06_Cast52_wfilter.cnv
* Sea-Bird SBE19plus  Data File:
* FileName = E:\Prandtl Daten\2022\CTD\Raw\SBE19plus_01907321_2022_05_06_Cast52.hex
* Software version 2.6.1.12
* Temperature SN = 7321
* Conductivity SN = 7321
* System UpLoad Time = May 06 2022 12:21:00
* <ApplicationData>
* <Seaterm232>
** Messpraktikum 2022
** CTD 06.05 MP2
** NMEA Latitude = 54 04.017 N
** NMEA Longitude = 008 42.129 E
# nquan = 11
# nvalues = 604                         
# units = specified
# name 0 = timeJ: Julian Days
# name 1 = prdM: Pressure, Strain Gauge [db]
# name 2 = tv290C: Temperature [ITS-90, deg C]
# name 3 = c0mS/cm: Conductivity [mS/cm]
# name 4 = sal00: Salinity, Practical [PSU]
# name 5 = depSM: Depth [salt water, m], lat = 54.00
# name 6 = oxsatMm/Kg: Oxygen Saturation, Weiss [umol/kg]
# name 7 = oxsolMm/Kg: Oxygen Saturation, Garcia & Gordon [umol/kg]
# name 8 = turbWETntu0: Turbidity, WET Labs ECO [NTU]
# name 9 = flECO-AFL: Fluorescence, WET Labs ECO-AFL/FL [mg/m^3]
# name 10 = flag:  0.000e+00
# span 0 = 126.509737, 126.511481       
# span 1 =      0.310,     13.409       
# span 2 =    12.2750,    13.2718       
# span 3 =  31.560981,  32.292129       
# span 4 =    26.6359,    26.8136       
# span 5 =      0.307,     13.289       
# span 6 =  271.68800,  277.39639       
# span 7 =  271.87126,  277.52228       
# span 8 =    26.9996,   111.3731       
# span 9 =     8.4703,    13.3348       
# span 10 = 0.0000e+00, 0.0000e+00      
# interval = seconds: 0.25
# start_time = May 06 2022 12:12:54 [Instrument's time stamp, header]
# bad_flag = -9.990e-29
*END*
 126.510012      0.359    13.2152  32.226542    26.6584      0.356  272.02637  272.20659    42.4704    12.2107 -9.990e-29
 126.510014      0.374    13.2020  32.217268    26.6592      0.370  272.10017  272.27966    40.6027    11.7861 -9.990e-29
 126.510017      0.397    13.1898  32.226371    26.6760      0.394  272.13769  272.31634    40.5249    11.8144 -9.990e-29
 126.510020      0.415    13.1858  32.230835    26.6829      0.412  272.14772  272.32607    40.4782    11.8265 -9.990e-29
 126.510023      0.432    13.1867  32.218082    26.6632      0.428  272.16572  272.34425    40.4938    11.8346 -9.990e-29
 126.510026      0.463    13.1810  32.205679    26.6572      0.459  272.21199  272.39028    40.4938    11.7982 0.0000e+00
 126.510029      0.494    13.1694  32.183776    26.6572      0.490  272.30109  272.47885    38.8751    11.6527 0.0000e+00
 126.510032      0.527    13.1508  32.176072    26.6513      0.522  272.39604  272.57270    38.9840    11.7214 -9.990e-29
 126.510035      0.549    13.1330  32.157942    26.6531      0.544  272.50562  272.68133    38.8284    11.6890 -9.990e-29
 126.510038      0.574    13.1129  32.132346    26.6437      0.569  272.63840  272.81308    38.8440    11.6769 -9.990e-29
 126.510041      0.591    13.0868  32.122853    26.6533      0.585  272.76954  272.94267    36.9296    10.8641 -9.990e-29
 126.510043      0.614    13.0639  32.113593    26.6609      0.609  272.88633  273.05810    36.8673    10.8358 -9.990e-29
 126.510046      0.640    13.0454  32.096113    26.6578      0.634  272.99812  273.16889    36.9607    10.8358 -9.990e-29
 126.510049      0.664    13.0253  32.082862    26.6597      0.658  273.10986  273.27948    37.0385    10.8439 -9.990e-29
 126.510052      0.691    13.0049  32.060935    26.6539      0.685  273.23809  273.40663    37.3031    11.3211 -9.990e-29
 126.510055      0.711    12.9811  32.038840    26.6502      0.705  273.38160  273.54883    37.5366    11.3292 -9.990e-29
 126.510058      0.733    12.9537  32.022939    26.6631      0.727  273.53051  273.69615    37.3031    11.3292 -9.990e-29
 126.510061      0.760    12.9275  32.011955    26.6675      0.754  273.66543  273.82951    37.5677    11.3089 0.0000e+00
 126.510064      0.789    12.9059  32.004904    26.6718      0.782  273.77344  273.93621    35.2953    10.9652 0.0000e+00
 126.510067      0.822    12.8897  32.000916    26.6757      0.815  273.85225  274.01402    35.3731    10.3708 0.0000e+00
 126.510069      0.852    12.8778  31.992478    26.6796      0.844  273.91952  274.08062    35.2019    10.4113 -9.990e-29
 126.510072      0.873    12.8676  31.992883    26.6876      0.866  273.96392  274.12435    35.3264    10.3951 -9.990e-29
 126.510075      0.897    12.8607  31.985081    26.6857      0.889  274.00849  274.16855    35.2331    10.3910 -9.990e-29
 126.510078      0.928    12.8524  31.979070    26.6857      0.920  274.05594  274.21553    32.8206     9.9543 0.0000e+00
 126.510081      0.954    12.8432  31.971674    26.6857      0.945  274.10966  274.26873    32.8362     9.9341 -9.990e-29
 126.510084      0.978    12.8320  31.962660    26.6848      0.969  274.17513  274.33357    32.7895     9.9098 -9.990e-29
 126.510087      1.000    12.8202  31.961852    26.6924      0.991  274.22898  274.38666    32.7895     9.9786 -9.990e-29
 126.510090      1.029    12.8120  31.952435    26.6895      1.020  274.28184  274.43909    29.0852     9.3276 -9.990e-29
 126.510093      1.049    12.8024  31.945445    26.6898      1.039  274.33709  274.49379    28.8984     9.3640 -9.990e-29
 126.510095      1.071    12.7913  31.932449    26.6881      1.061  274.40901  274.56512    28.9918     9.3154 -9.990e-29
 126.510098      1.105    12.7772  31.924421    26.6876      1.095  274.48614  274.64142    29.0229     9.3276 0.0000e+00
 126.510101      1.138    12.7632  31.912641    26.6881      1.128  274.56898  274.72347    28.3381     8.9960 0.0000e+00
 126.510104      1.167    12.7479  31.907214    26.6928      1.157  274.64661  274.80016    28.4938     8.9313 0.0000e+00
 126.510107      1.202    12.7344  31.901037    26.6938      1.191  274.71795  274.87068    28.4471     9.0243 0.0000e+00
 126.510110      1.235    12.7224  31.888856    26.6950      1.224  274.79265  274.94473    28.3381     8.9475 0.0000e+00
 126.510113      1.266    12.7094  31.880256    26.6944      1.255  274.86578  275.01710    28.1358     8.9879 0.0000e+00
 126.510116      1.299    12.6946  31.868886    26.6950      1.287  274.95210  275.10257    27.3731     8.4824 -9.990e-29
 126.510119      1.317    12.6795  31.865309    26.7023      1.306  275.02584  275.17536    26.9996     8.4703 -9.990e-29
 126.510122      1.336    12.6670  31.848343    26.6954      1.324  275.11166  275.26054    27.2798     8.5148 -9.990e-29
 126.510124      1.358    12.6494  31.831613    26.6924      1.345  275.21999  275.36788    27.2331     8.5148 -9.990e-29
 126.510127      1.376    12.6308  31.857523    26.7295      1.363  275.25674  275.40316    35.6844    11.2564 -9.990e-29
 126.510130      1.394    12.6332  31.898450    26.7658      1.381  275.17327  275.31946    35.7155    11.2442 -9.990e-29
 126.510133      1.412    12.6626  31.949158    26.7920      1.399  274.95188  275.09950    35.8556    11.2402 -9.990e-29
 126.510136      1.434    12.7133  31.995907    26.7993      1.421  274.64331  274.79377    35.5910    11.1998 -9.990e-29
 126.510139      1.454    12.7706  32.009314    26.7711      1.441  274.36525  274.51929    39.4821    11.9883 -9.990e-29
 126.510142      1.478    12.8167  32.025962    26.7343      1.465  274.13157  274.28843    39.3576    11.9640 -9.990e-29
 126.510145      1.507    12.8539  32.033188    26.7366      1.494  273.95389  274.11307    39.5443    11.9398 0.0000e+00
 126.510148      1.538    12.8806  32.058694    26.7343      1.524  273.79096  273.95162    39.3731    11.9721 0.0000e+00
 126.510150      1.567    12.9074  32.063320    26.7316      1.553  273.66452  273.82685    38.0969    11.5233 0.0000e+00
 126.510153      1.593    12.9293  32.065516    26.7243      1.578  273.56392  273.72762    38.0035    11.5718 -9.990e-29
 126.510156      1.617    12.9420  32.071995    26.7079      1.602  273.49640  273.66085    38.0035    11.5597 -9.990e-29
 126.510159      1.636    12.9525  32.081021    26.7088      1.622  273.43424  273.59928    38.0969    11.5354 -9.990e-29
 126.510162      1.662    12.9640  32.078647    26.6986      1.647  273.38798  273.55376    37.8167    11.5920 -9.990e-29
 126.510165      1.682    12.9704  32.065744    26.6683      1.667  273.38206  273.54837    33.8790    10.3021 -9.990e-29
 126.510168      1.707    12.9661  32.047463    26.6694      1.692  273.43317  273.59938    33.8945    10.3385 0.0000e+00
 126.510171      1.738    12.9520  32.039020    26.6683      1.723  273.51055  273.67594    33.8945    10.3506 0.0000e+00
 126.510174      1.769    12.9355  32.017161    26.6620      1.754  273.62167  273.78621    33.8012    10.3263 0.0000e+00
 126.510177      1.804    12.9125  31.991494    26.6545      1.788  273.76845  273.93177    30.1436     9.5217 0.0000e+00
 126.510179      1.833    12.8808  31.949599    26.6428      1.817  273.98266  274.14434    30.0657     9.5217 0.0000e+00
 126.510182      1.868    12.8377  31.921818    26.6382      1.851  274.22239  274.38158    30.0035     9.4853 0.0000e+00
 126.510185      1.897    12.7913  31.878864    26.6359      1.880  274.50468  274.66129    30.1280     9.4853 0.0000e+00
 126.510188      1.926    12.7401  31.839798    26.6359      1.909  274.80165  274.95533    29.4587     9.4731 0.0000e+00
 126.510191      1.959    12.6846  31.807903    26.6406      1.941  275.10583  275.25623    29.1630     9.4044 0.0000e+00
 126.510194      1.986    12.6328  31.785821    26.6454      1.969  275.37614  275.52339    29.2720     9.4448 -9.990e-29
 126.510197      2.008    12.5885  31.763918    26.6725      1.990  275.61377  275.75834    29.1630     9.4529 -9.990e-29
 126.510200      2.032    12.5510  31.744440    26.6809      2.014  275.81629  275.95859    31.0463     9.6066 -9.990e-29
 126.510203      2.050    12.5172  31.732169    26.6934      2.032  275.98971  276.12992    31.0152     9.6025 -9.990e-29
 126.510205      2.065    12.4905  31.722837    26.7037      2.046  276.12671  276.26525    31.0463     9.6147 -9.990e-29
 126.510208      2.092    12.4698  31.709128    26.7056      2.074  276.24425  276.38156    30.9373     9.6147 -9.990e-29
 126.510211      2.114    12.4506  31.698646    26.7165      2.095  276.34933  276.48547    31.0774     9.6672 -9.990e-29
 126.510214      2.145    12.4335  31.693292    26.7163      2.126  276.43566  276.57072    30.7973     9.7360 0.0000e+00
 126.510217      2.171    12.4201  31.682581    26.7160      2.152  276.51542  276.64970    30.6261     9.7400 0.0000e+00
 126.510220      2.202    12.4068  31.671872    26.7160      2.182  276.59456  276.72807    30.9218     9.7966 0.0000e+00
 126.510223      2.229    12.3932  31.669282    26.7226      2.209  276.66065  276.79328    30.8284     9.7077 0.0000e+00
 126.510226      2.260    12.3827  31.661165    26.7228      2.240  276.72273  276.85474    31.4198     9.7966 0.0000e+00
 126.510229      2.293    12.3736  31.656388    26.7246      2.272  276.77211  276.90356    31.7000     9.7926 0.0000e+00
 126.510231      2.320    12.3653  31.654835    26.7268      2.300  276.81247  276.94339    31.4976     9.7643 0.0000e+00
 126.510234      2.346    12.3594  31.653454    26.7291      2.325  276.84139  276.97193    31.3887     9.8128 -9.990e-29
 126.510237      2.366    12.3552  31.651439    26.7331      2.345  276.86414  276.99441    33.2253     9.9260 -9.990e-29
 126.510240      2.390    12.3516  31.650058    26.7343      2.369  276.88287  277.01292    32.8517     9.8451 -9.990e-29
 126.510243      2.415    12.3486  31.648102    26.7346      2.394  276.90011  277.02998    32.7895     9.8856 -9.990e-29
 126.510246      2.435    12.3459  31.643555    26.7323      2.414  276.92044  277.05017    33.2564     9.8492 -9.990e-29
 126.510249      2.459    12.3424  31.641771    26.7347      2.437  276.93959  277.06911    34.8595    10.0190 -9.990e-29
 126.510252      2.486    12.3389  31.640793    26.7354      2.464  276.95729  277.08658    34.9218    10.0109 0.0000e+00
 126.510255      2.519    12.3366  31.640563    26.7355      2.497  276.96791  277.09705    34.6727     9.9988 0.0000e+00
 126.510258      2.550    12.3353  31.639009    26.7355      2.527  276.97647  277.10554    34.6883     9.9867 0.0000e+00
 126.510260      2.579    12.3336  31.637398    26.7352      2.556  276.98704  277.11601    34.6572    10.0029 0.0000e+00
 126.510263      2.612    12.3315  31.635614    26.7352      2.589  276.99984  277.12869    33.4120     9.9139 0.0000e+00
 126.510266      2.642    12.3295  31.635211    26.7356      2.618  277.00949  277.13822    33.3342     9.9462 0.0000e+00
 126.510269      2.673    12.3283  31.632679    26.7361      2.649  277.01951  277.14818    33.1786     9.9786 -9.990e-29
 126.510272      2.696    12.3273  31.634636    26.7371      2.672  277.02075  277.14933    33.1319     9.9301 -9.990e-29
 126.510275      2.716    12.3267  31.636248    26.7390      2.692  277.02039  277.14891    32.6805    10.0716 -9.990e-29
 126.510278      2.734    12.3274  31.637802    26.7400      2.710  277.01440  277.14296    32.4471    10.1039 -9.990e-29
 126.510281      2.749    12.3288  31.636996    26.7382      2.724  277.00983  277.13848    32.3692    10.0837 -9.990e-29
 126.510284      2.767    12.3293  31.634636    26.7356      2.742  277.01157  277.14029    32.5560    10.0392 -9.990e-29
 126.510286      2.789    12.3283  31.633485    26.7353      2.764  277.01813  277.14679    36.7895    10.3263 -9.990e-29
 126.510289      2.813    12.3269  31.630090    26.7336      2.788  277.03097  277.15957    36.8517    10.3344 -9.990e-29
 126.510292      2.840    12.3242  31.628536    26.7342      2.815  277.04590  277.17433    36.8362    10.3021 0.0000e+00
 126.510295      2.871    12.3221  31.628134    26.7347      2.846  277.05619  277.18449    36.8050    10.3425 0.0000e+00
 126.510298      2.902    12.3207  31.627156    26.7347      2.876  277.06403  277.19225    34.6105    10.1403 0.0000e+00
 126.510301      2.933    12.3192  31.625717    26.7347      2.907  277.07366  277.20179    34.5015    10.1484 0.0000e+00
 126.510304      2.968    12.3178  31.625545    26.7353      2.942  277.08036  277.20839    34.4704    10.1686 0.0000e+00
 126.510307      3.001    12.3167  31.626351    26.7360      2.974  277.08401  277.21196    34.5015    10.1363 0.0000e+00
 126.510310      3.028    12.3167  31.626523    26.7368      3.001  277.08371  277.21166    34.3926    10.1606 -9.990e-29
 126.510313      3.052    12.3169  31.627502    26.7377      3.025  277.08100  277.20895    33.7700     9.9786 -9.990e-29
 126.510315      3.070    12.3174  31.627156    26.7370      3.043  277.07909  277.20709    33.8634     9.9867 -9.990e-29
 126.510318      3.090    12.3181  31.627732    26.7370      3.063  277.07488  277.20292    33.8167     9.9948 -9.990e-29
 126.510321      3.111    12.3189  31.627905    26.7367      3.083  277.07108  277.19917    33.7856    10.0473 -9.990e-29
 126.510324      3.132    12.3197  31.627502    26.7369      3.104  277.06833  277.19647    34.5327    10.2778 -9.990e-29
 126.510327      3.162    12.3207  31.629516    26.7368      3.133  277.06024  277.18843    34.6416    10.2697 0.0000e+00
 126.510330      3.189    12.3217  31.630091    26.7367      3.161  277.05476  277.18301    34.6261    10.2899 0.0000e+00
 126.510333      3.222    12.3229  31.630322    26.7361      3.193  277.04896  277.17729    34.5949    10.2657 0.0000e+00
 126.510336      3.251    12.3239  31.629919    26.7349      3.222  277.04494  277.17334    34.9840    10.1282 0.0000e+00
 126.510339      3.286    12.3240  31.627905    26.7330      3.256  277.04829  277.17672    35.0307    10.1282 0.0000e+00
 126.510341      3.317    12.3233  31.625142    26.7319      3.287  277.05618  277.18460    34.9840    10.1484 0.0000e+00
 126.510344      3.350    12.3217  31.624740    26.7308      3.320  277.06457  277.19287    35.1708    10.1444 -9.990e-29
 126.510347      3.375    12.3205  31.625546    26.7332      3.345  277.06822  277.19644    34.6572    10.1686 -9.990e-29
 126.510350      3.397    12.3202  31.626351    26.7342      3.367  277.06836  277.19655    34.5949    10.1969 -9.990e-29
 126.510353      3.413    12.3202  31.627905    26.7356      3.383  277.06555  277.19373    34.4704    10.2131 -9.990e-29
 126.510356      3.434    12.3206  31.626524    26.7340      3.403  277.06616  277.19438    34.2681    10.1929 -9.990e-29
 126.510359      3.448    12.3212  31.627157    26.7342      3.417  277.06248  277.19073    34.6261    10.1646 -9.990e-29
 126.510362      3.468    12.3210  31.625546    26.7329      3.437  277.06637  277.19462    36.0891    10.4477 -9.990e-29
 126.510365      3.490    12.3202  31.623762    26.7316      3.459  277.07280  277.20102    35.8556    10.4598 -9.990e-29
 126.510367      3.519    12.3191  31.622784    26.7319      3.488  277.07968  277.20784    36.0735    10.4477 0.0000e+00
 126.510370      3.554    12.3183  31.622784    26.7316      3.522  277.08320  277.21131    36.1513    10.4598 0.0000e+00
 126.510373      3.588    12.3171  31.620598    26.7310      3.556  277.09260  277.22064    35.4976    10.2778 0.0000e+00
 126.510376      3.623    12.3160  31.619792    26.7310      3.591  277.09917  277.22715    35.7311    10.2859 0.0000e+00
 126.510379      3.652    12.3148  31.619793    26.7314      3.620  277.10492  277.23281    35.3420    10.2293 0.0000e+00
 126.510382      3.689    12.3138  31.619620    26.7318      3.656  277.10971  277.23754    35.5910    10.3142 -9.990e-29
 126.510385      3.714    12.3130  31.620023    26.7333      3.681  277.11250  277.24027    35.8556    10.4396 -9.990e-29
 126.510388      3.740    12.3127  31.619390    26.7329      3.706  277.11493  277.24270    35.7778    10.4598 -9.990e-29
