Processed/SBE19plus_01907321_2022_05_10_Cast108_wfilter.cnv
* Sea-Bird SBE19plus  Data File:
* FileName = E:\Prandtl_Daten\2022\CTD\Raw\SBE19plus_01907321_2022_05_10_Cast108.hex
* Software version 2.6.1.12
* Temperature SN = 7321
* Conductivity SN = 7321
* System UpLoad Time = May 10 2022 08:41:15
* <ApplicationData>
* <Seaterm232>
** Messpraktikum 2022
** CTD 09.05  BM
** NMEA Latitude = 54 07.80N
** NMEA Longitude = 008 4712E
# nquan = 11
# nvalues = 519                         
# units = specified
# name 0 = timeJ: Julian Days
# name 1 = prdM: Pressure, Strain Gauge [db]
# name 2 = tv290C: Temperature [ITS-90, deg C]
# name 3 = c0mS/cm: Conductivity [mS/cm]
# name 4 = sal00: Salinity, Practical [PSU]
# name 5 = depSM: Depth [salt water, m], lat = 54.00
# name 6 = oxsatMm/Kg: Oxygen Saturation, Weiss [umol/kg]
# name 7 = oxsolMm/Kg: Oxygen Saturation, Garcia & Gordon [umol/kg]
# name 8 = turbWETntu0: Turbidity, WET Labs ECO [NTU]
# name 9 = flECO-AFL: Fluorescence, WET Labs ECO-AFL/FL [mg/m^3]
# name 10 = flag:  0.000e+00
# span 0 = 130.357118, 130.358617       
# span 1 =      0.559,     15.035       
# span 2 =    13.5981,    13.7066       
# span 3 =  32.925677,  33.075139       
# span 4 =    27.0185,    27.0815       
# span 5 =      0.554,     14.901       
# span 6 =  268.46669,  269.16912       
# span 7 =  268.66983,  269.36687       
# span 8 =     0.9607,   305.4587       
# span 9 =     2.5989,     8.9555       
# span 10 = 0.0000e+00, 0.0000e+00      
# interval = seconds: 0.25
# start_time = May 10 2022 08:32:41 [Instrument's time stamp, header]
# bad_flag = -9.990e-29
*END*
[from data line 132]
 130.357500      4.302    13.6095  32.943567    27.0327      4.264  269.09571  269.29403     1.3965     3.2742 0.0000e+00
 130.357503      4.332    13.6122  32.948421    27.0334      4.293  269.07588  269.27432     1.6299     3.1974 -9.990e-29
 130.357506      4.350    13.6162  32.950876    27.0353      4.311  269.05476  269.25343     1.5833     3.2298 -9.990e-29
 130.357509      4.370    13.6196  32.950876    27.0329      4.331  269.04033  269.23921     1.4899     3.2581 -9.990e-29
 130.357512      4.388    13.6218  32.949765    27.0304      4.349  269.03280  269.23182     1.6299     3.2581 -9.990e-29
 130.357514      4.412    13.6226  32.949180    27.0298      4.372  269.03035  269.22943     1.6766     3.2378 -9.990e-29
 130.357517      4.439    13.6228  32.949999    27.0299      4.399  269.02804  269.22712     1.5210     3.5371 0.0000e+00
 130.357520      4.472    13.6228  32.949999    27.0298      4.432  269.02838  269.22745     1.6922     3.5209 0.0000e+00
 130.357523      4.507    13.6228  32.948595    27.0285      4.466  269.03046  269.22955     1.6922     3.5128 0.0000e+00
 130.357526      4.545    13.6222  32.945029    27.0272      4.504  269.03904  269.23813     1.5521     3.5573 0.0000e+00
 130.357529      4.578    13.6201  32.945029    27.0272      4.537  269.04817  269.24713     1.8323     3.1651 0.0000e+00
 130.357532      4.611    13.6183  32.945439    27.0288      4.569  269.05535  269.25419     1.7856     3.1529 0.0000e+00
 130.357535      4.642    13.6175  32.945030    27.0290      4.600  269.05920  269.25800     1.7545     3.1570 0.0000e+00
 130.357538      4.673    13.6170  32.945030    27.0292      4.631  269.06142  269.26019     1.7545     3.1974 0.0000e+00
 130.357541      4.704    13.6168  32.943393    27.0293      4.662  269.06516  269.26393     1.9257     3.5047 -9.990e-29
 130.357543      4.727    13.6156  32.942574    27.0281      4.685  269.07159  269.27029     1.7233     3.4764 -9.990e-29
 130.357546      4.747    13.6145  32.941873    27.0283      4.705  269.07781  269.27645     1.9879     3.4966 -9.990e-29
 130.357549      4.771    13.6133  32.941522    27.0287      4.728  269.08313  269.28171     1.8634     3.5007 -9.990e-29
 130.357552      4.791    13.6125  32.941288    27.0291      4.748  269.08731  269.28584     1.7078     3.4926 -9.990e-29
 130.357555      4.815    13.6116  32.940704    27.0303      4.772  269.09209  269.29056     1.6922     3.2581 -9.990e-29
 130.357558      4.842    13.6107  32.941289    27.0311      4.799  269.09488  269.29330     1.5210     3.2257 0.0000e+00
 130.357561      4.873    13.6105  32.942751    27.0318      4.830  269.09336  269.29176     1.5210     3.1974 0.0000e+00
 130.357564      4.908    13.6113  32.946434    27.0346      4.864  269.08368  269.28209     1.5988     3.2378 0.0000e+00
 130.357567      4.944    13.6136  32.948773    27.0346      4.900  269.07000  269.26853     1.5521     3.2136 0.0000e+00
 130.357569      4.977    13.6164  32.949007    27.0333      4.932  269.05738  269.25608     1.5833     3.2298 0.0000e+00
 130.357572      5.012    13.6186  32.948188    27.0309      4.967  269.04937  269.24821     1.5366     3.2257 0.0000e+00
 130.357575      5.042    13.6194  32.948773    27.0309      4.997  269.04494  269.24383     1.6144     3.2540 0.0000e+00
 130.357578      5.072    13.6203  32.948130    27.0303      5.026  269.04259  269.24154     1.6299     3.1651 0.0000e+00
 130.357581      5.099    13.6205  32.947253    27.0297      5.054  269.04316  269.24212     1.5677     3.1570 -9.990e-29
 130.357584      5.123    13.6208  32.945265    27.0267      5.077  269.04497  269.24397     1.8945     3.1448 -9.990e-29
 130.357587      5.145    13.6196  32.943803    27.0262      5.099  269.05280  269.25174     1.7856     3.1570 -9.990e-29
 130.357590      5.163    13.6178  32.940529    27.0245      5.117  269.06590  269.26476     1.5366     3.2823 -9.990e-29
 130.357593      5.188    13.6152  32.937606    27.0251      5.142  269.08218  269.28090     1.3342     3.2945 -9.990e-29
 130.357595      5.214    13.6120  32.936729    27.0249      5.167  269.09719  269.29573     1.4587     3.3349 0.0000e+00
 130.357598      5.247    13.6096  32.934215    27.0249      5.200  269.11184  269.31025     1.5833     3.3389 0.0000e+00
 130.357601      5.274    13.6070  32.932579    27.0249      5.227  269.12563  269.32390     1.5988     3.3308 0.0000e+00
 130.357604      5.312    13.6051  32.934275    27.0277      5.265  269.13094  269.32908     1.5833     3.1570 0.0000e+00
 130.357607      5.351    13.6047  32.934216    27.0277      5.303  269.13264  269.33075     1.6455     3.1974 0.0000e+00
 130.357610      5.380    13.6049  32.933222    27.0279      5.332  269.13371  269.33185     1.5833     3.1651 0.0000e+00
 130.357613      5.418    13.6044  32.934275    27.0282      5.370  269.13415  269.33224     1.5521     3.1044 0.0000e+00
 130.357616      5.449    13.6047  32.936555    27.0292      5.401  269.12904  269.32714     1.7700     3.2095 0.0000e+00
 130.357619      5.480    13.6058  32.937374    27.0301      5.431  269.12296  269.32112     1.7856     3.2581 -9.990e-29
 130.357622      5.504    13.6070  32.936555    27.0284      5.455  269.11903  269.31726     1.8323     3.2298 -9.990e-29
 130.357624      5.524    13.6077  32.936146    27.0276      5.475  269.11691  269.31519     1.7545     3.2864 -9.990e-29
 130.357627      5.542    13.6077  32.936321    27.0277      5.493  269.11662  269.31490     1.2875     3.2055 -9.990e-29
 130.357630      5.566    13.6076  32.936321    27.0278      5.516  269.11695  269.31522     1.3187     3.2217 -9.990e-29
 130.357633      5.588    13.6076  32.936555    27.0280      5.538  269.11657  269.31484     1.4899     3.2338 -9.990e-29
 130.357636      5.614    13.6076  32.936555    27.0274      5.563  269.11658  269.31485     1.2253     3.2540 0.0000e+00
 130.357639      5.645    13.6077  32.935328    27.0269      5.594  269.11837  269.31665     1.7078     3.3632 0.0000e+00
 130.357642      5.676    13.6072  32.935152    27.0269      5.625  269.12057  269.31883     1.8167     3.3551 0.0000e+00
 130.357645      5.716    13.6067  32.934860    27.0271      5.665  269.12360  269.32183     1.7856     3.3753 0.0000e+00
 130.357648      5.749    13.6062  32.935328    27.0278      5.697  269.12472  269.32291     1.9257     3.3511 0.0000e+00
 130.357650      5.783    13.6061  32.936381    27.0288      5.731  269.12358  269.32176     1.7078     3.3632 0.0000e+00
 130.357653      5.812    13.6063  32.936732    27.0289      5.760  269.12206  269.32025     2.0191     3.2136 0.0000e+00
 130.357656      5.843    13.6070  32.936732    27.0290      5.791  269.11925  269.31748     2.2214     3.2621 -9.990e-29
 130.357659      5.867    13.6070  32.937141    27.0288      5.814  269.11826  269.31649     1.9568     3.1893 -9.990e-29
 130.357662      5.900    13.6068  32.937375    27.0292      5.847  269.11882  269.31704     2.2836     3.2621 -9.990e-29
 130.357665      5.920    13.6064  32.939246    27.0311      5.867  269.11723  269.31541     3.8245     3.3955 -9.990e-29
 130.357668      5.942    13.6062  32.944275    27.0398      5.889  269.10966  269.30778     3.7155     3.3955 -9.990e-29
 130.357671      5.971    13.6064  32.948777    27.0416      5.918  269.10141  269.29951     3.8401     3.4319 0.0000e+00
 130.357674      5.998    13.6075  32.953572    27.0433      5.945  269.08827  269.28640     3.7934     3.3996 0.0000e+00
 130.357677      6.026    13.6095  32.957900    27.0458      5.972  269.07247  269.27068     2.1280     3.3875 0.0000e+00
 130.357679      6.055    13.6127  32.961233    27.0458      6.001  269.05334  269.25171     1.8945     3.3308 0.0000e+00
 130.357682      6.090    13.6164  32.959771    27.0426      6.035  269.03982  269.23844     2.2681     3.3106 0.0000e+00
 130.357685      6.121    13.6192  32.960882    27.0417      6.066  269.02603  269.22480     2.0191     3.3551 0.0000e+00
 130.357688      6.153    13.6217  32.962870    27.0417      6.098  269.01200  269.21091     1.6766     3.2581 0.0000e+00
 130.357691      6.188    13.6251  32.965794    27.0417      6.133  268.99262  269.19172     1.6922     3.1934 0.0000e+00
 130.357694      6.219    13.6295  32.966379    27.0394      6.164  268.97281  269.17217     1.4743     3.2136 0.0000e+00
 130.357697      6.245    13.6331  32.968484    27.0391      6.189  268.95419  269.15374     1.7700     3.2621 0.0000e+00
 130.357700      6.272    13.6359  32.970355    27.0388      6.216  268.93910  269.13881     1.5833     3.2014 -9.990e-29
 130.357703      6.290    13.6382  32.971350    27.0377      6.234  268.92738  269.12722     1.5833     3.1772 -9.990e-29
 130.357705      6.311    13.6404  32.971817    27.0366      6.254  268.91718  269.11715     1.5210     3.2419 -9.990e-29
 130.357708      6.336    13.6420  32.972461    27.0360      6.279  268.90920  269.10926     1.6766     3.2419 -9.990e-29
 130.357711      6.360    13.6435  32.973104    27.0354      6.303  268.90185  269.10199     1.5833     3.2378 -9.990e-29
 130.357714      6.387    13.6450  32.974098    27.0352      6.330  268.89359  269.09382     1.5521     3.1084 0.0000e+00
 130.357717      6.416    13.6464  32.974742    27.0350      6.359  268.88686  269.08717     1.6611     3.0518 0.0000e+00
 130.357720      6.451    13.6481  32.974098    27.0332      6.393  268.88044  269.08086     1.4899     3.0963 0.0000e+00
 130.357723      6.485    13.6492  32.974274    27.0326      6.427  268.87577  269.07625     1.6455     3.0680 0.0000e+00
 130.357726      6.518    13.6494  32.974098    27.0326      6.460  268.87514  269.07564     2.6416     3.2581 0.0000e+00
 130.357729      6.555    13.6495  32.974508    27.0326      6.496  268.87416  269.07465     2.5171     3.1812 0.0000e+00
 130.357731      6.595    13.6489  32.974508    27.0330      6.536  268.87669  269.07715     2.6416     3.2419 0.0000e+00
 130.357734      6.626    13.6478  32.975152    27.0337      6.567  268.88033  269.08072     2.6261     3.2257 0.0000e+00
 130.357737      6.655    13.6464  32.975269    27.0343      6.595  268.88581  269.08611     2.7817     3.2540 -9.990e-29
 130.357740      6.679    13.6448  32.974099    27.0354      6.619  268.89471  269.09493     3.0463     3.2783 -9.990e-29
 130.357743      6.697    13.6427  32.972228    27.0352      6.637  268.90699  269.10710     2.7194     3.3025 -9.990e-29
 130.357746      6.717    13.6403  32.968368    27.0334      6.657  268.92359  269.12359     2.9062     3.3187 -9.990e-29
 130.357749      6.739    13.6374  32.961642    27.0295      6.678  268.94756  269.14743     2.5949     3.3268 -9.990e-29
 130.357752      6.764    13.6323  32.957900    27.0313      6.704  268.97558  269.17518     2.6883     3.0518 0.0000e+00
 130.357755      6.793    13.6273  32.957900    27.0330      6.733  268.99695  269.19625     2.8128     3.0963 0.0000e+00
 130.357758      6.826    13.6252  32.959597    27.0361      6.765  269.00321  269.20236     2.5171     3.1367 0.0000e+00
 130.357760      6.863    13.6250  32.961234    27.0377      6.801  269.00140  269.20052     2.6416     3.0761 0.0000e+00
 130.357763      6.901    13.6259  32.962813    27.0384      6.840  268.99466  269.19383     4.3070     3.3996 0.0000e+00
 130.357766      6.936    13.6274  32.964743    27.0391      6.874  268.98513  269.18438     4.2292     3.3106 0.0000e+00
 130.357769      6.970    13.6287  32.968896    27.0406      6.908  268.97247  269.17176     4.2914     3.3591 0.0000e+00
 130.357772      6.996    13.6303  32.970358    27.0420      6.933  268.96310  269.16247     4.1513     3.3470 -9.990e-29
 130.357775      7.021    13.6318  32.968487    27.0394      6.959  268.96001  269.15948     4.6494     3.5209 -9.990e-29
 130.357778      7.040    13.6320  32.968311    27.0391      6.977  268.95969  269.15917     4.7428     3.4602 -9.990e-29
 130.357781      7.056    13.6315  32.967785    27.0390      6.993  268.96247  269.16194     4.4315     3.5128 -9.990e-29
 130.357784      7.078    13.6297  32.967668    27.0401      7.015  268.97022  269.16958     4.4938     3.4724 -9.990e-29
 130.357786      7.096    13.6271  32.969950    27.0477      7.033  268.97767  269.17685     5.7233     3.8242 -9.990e-29
 130.357789      7.125    13.6257  32.972933    27.0474      7.062  268.97860  269.17767     5.7856     3.8889 0.0000e+00
 130.357792      7.154    13.6259  32.972465    27.0477      7.090  268.97847  269.17756     5.6766     3.8323 0.0000e+00
 130.357795      7.187    13.6269  32.978256    27.0517      7.123  268.96459  269.16369     5.8634     3.8525 0.0000e+00
 130.357798      7.224    13.6285  32.983579    27.0554      7.159  268.94869  269.14784     5.7856     3.8403 0.0000e+00
 130.357801      7.264    13.6310  32.987382    27.0554      7.199  268.93160  269.13088     5.5521     3.7514 0.0000e+00
 130.357804      7.301    13.6334  32.987147    27.0551      7.235  268.92166  269.12109     5.6611     3.7797 0.0000e+00
 130.357807      7.331    13.6350  32.985919    27.0537      7.266  268.91717  269.11670     5.4899     3.7635 0.0000e+00
 130.357810      7.361    13.6360  32.987615    27.0533      7.295  268.90992  269.10950     5.4899     3.7797 0.0000e+00
 130.357812      7.388    13.6367  32.991535    27.0537      7.322  268.90016  269.09975     5.5833     3.6867 -9.990e-29
 130.357815      7.410    13.6375  32.993817    27.0583      7.343  268.89317  269.09278     5.5677     3.6786 -9.990e-29
 130.357818      7.433    13.6386  32.994460    27.0581      7.367  268.88739  269.08706     5.5210     3.6948 -9.990e-29
 130.357821      7.452    13.6389  32.995455    27.0593      7.385  268.88446  269.08414     5.6611     3.6746 -9.990e-29
 130.357824      7.477    13.6392  32.996333    27.0599      7.410  268.88142  269.08112     5.9101     3.7797 0.0000e+00
 130.357827      7.506    13.6395  32.997971    27.0605      7.439  268.87741  269.07711     5.8634     3.7716 0.0000e+00
 130.357830      7.535    13.6403  33.000838    27.0626      7.468  268.86912  269.06885     5.9879     3.6988 0.0000e+00
 130.357833      7.568    13.6419  33.004232    27.0645      7.501  268.85680  269.05660     6.0969     3.6988 0.0000e+00
 130.357836      7.603    13.6439  33.007977    27.0665      7.535  268.84201  269.04190     8.8050     4.1234 0.0000e+00
 130.357839      7.639    13.6464  33.011312    27.0678      7.571  268.82572  269.02573     8.8517     4.1517 0.0000e+00
 130.357841      7.670    13.6489  33.014004    27.0678      7.602  268.81020  269.01034     8.6805     4.1072 0.0000e+00
 130.357844      7.705    13.6513  33.014999    27.0680      7.636  268.79850  268.99877     8.8984     4.0708 0.0000e+00
 130.357847      7.734    13.6534  33.017632    27.0676      7.665  268.78496  268.98534     8.7272     4.1153 -9.990e-29
 130.357850      7.758    13.6555  33.022490    27.0714      7.689  268.76797  268.96844    10.5171     4.3256 -9.990e-29
 130.357853      7.776    13.6583  33.029396    27.0757      7.707  268.74438  268.94496    10.6105     4.3215 -9.990e-29
 130.357856      7.796    13.6619  33.033668    27.0770      7.726  268.72179  268.92256    10.3303     4.2892 -9.990e-29
 130.357859      7.818    13.6662  33.036009    27.0761      7.748  268.69965  268.90065    10.4237     4.2730 -9.990e-29
 130.357862      7.840    13.6693  33.038292    27.0725      7.770  268.68263  268.88380     9.6299     4.1719 -9.990e-29
 130.357865      7.868    13.6716  33.036243    27.0741      7.797  268.67607  268.87740     9.4899     4.0991 0.0000e+00
 130.357867      7.900    13.6729  33.040809    27.0754      7.830  268.66273  268.86410     9.3965     4.1436 0.0000e+00
 130.357870      7.933    13.6746  33.041804    27.0757      7.862  268.65385  268.85532     9.5210     4.1517 0.0000e+00
 130.357873      7.966    13.6760  33.043326    27.0754      7.895  268.64534  268.84688     9.0852     4.1598 0.0000e+00
