Processed/SBE19plus_01907321_2022_05_10_Cast117_wfilter.cnv
* Sea-Bird SBE19plus  Data File:
* FileName = E:\Prandtl_Daten\2022\CTD\Raw\SBE19plus_01907321_2022_05_10_Cast117.hex
* Software version 2.6.1.12
* Temperature SN = 7321
* Conductivity SN = 7321
* System UpLoad Time = May 10 2022 14:41:10
* <ApplicationData>
* <Seaterm232>
** Messpraktikum 2022
** CTD 10.05  TS
** NMEA Latitude = 54 04.75N
** NMEA Longitude = 008 42.30E
# nquan = 11
# nvalues = 414                         
# units = specified
# name 0 = timeJ: Julian Days
# name 1 = prdM: Pressure, Strain Gauge [db]
# name 2 = tv290C: Temperature [ITS-90, deg C]
# name 3 = c0mS/cm: Conductivity [mS/cm]
# name 4 = sal00: Salinity, Practical [PSU]
# name 5 = depSM: Depth [salt water, m], lat = 54.00
# name 6 = oxsatMm/Kg: Oxygen Saturation, Weiss [umol/kg]
# name 7 = oxsolMm/Kg: Oxygen Saturation, Garcia & Gordon [umol/kg]
# name 8 = turbWETntu0: Turbidity, WET Labs ECO [NTU]
# name 9 = flECO-AFL: Fluorescence, WET Labs ECO-AFL/FL [mg/m^3]
# name 10 = flag:  0.000e+00
# span 0 = 130.607347, 130.608542       
# span 1 =      0.544,     12.931       
# span 2 =    13.5099,    13.5720       
# span 3 =  32.827072,  32.870034       
# span 4 =    26.9875,    27.0012       
# span 5 =      0.540,     12.815       
# span 6 =  269.37900,  269.72008       
# span 7 =  269.57564,  269.91333       
# span 8 =    -2.7903,    33.0229       
# span 9 =     1.7174,     8.1185       
# span 10 = 0.0000e+00, 0.0000e+00      
# interval = seconds: 0.25
# start_time = May 10 2022 14:33:26 [Instrument's time stamp, header]
# bad_flag = -9.990e-29
*END*
[from data line 394]
 130.608487     12.338    13.5426  32.858332    27.0001     12.228  269.53178  269.72677    24.1669     6.9459 0.0000e+00
 130.608490     12.371    13.5429  32.858099    27.0004     12.261  269.53125  269.72626    24.2292     6.9054 0.0000e+00
 130.608492     12.408    13.5435  32.859267    27.0006     12.297  269.52646  269.72149    24.9296     7.2653 0.0000e+00
 130.608495     12.444    13.5439  32.859734    27.0008     12.333  269.52411  269.71917    24.8362     7.2491 0.0000e+00
 130.608498     12.477    13.5443  32.860143    27.0008     12.365  269.52155  269.71663    24.9918     7.2572 0.0000e+00
 130.608501     12.504    13.5450  32.859910    27.0006     12.392  269.51914  269.71426    25.0541     7.2653 0.0000e+00
 130.608504     12.539    13.5454  32.860377    27.0002     12.427  269.51648  269.71162    29.8323     7.4837 -9.990e-29
 130.608507     12.561    13.5459  32.861020    27.0005     12.449  269.51351  269.70868    29.8012     7.4513 -9.990e-29
 130.608510     12.587    13.5463  32.861429    27.0006     12.474  269.51094  269.70613    29.7700     7.4311 -9.990e-29
 130.608513     12.609    13.5467  32.861487    27.0004     12.496  269.50929  269.70450    29.8634     7.4675 -9.990e-29
 130.608516     12.632    13.5470  32.861604    26.9994     12.519  269.50784  269.70307    29.8634     7.4473 -9.990e-29
 130.608519     12.658    13.5472  32.860786    26.9997     12.544  269.50831  269.70356    29.2564     7.3179 0.0000e+00
 130.608521     12.689    13.5473  32.861487    26.9994     12.575  269.50651  269.70176    29.3654     7.3502 0.0000e+00
 130.608524     12.720    13.5476  32.861195    26.9999     12.606  269.50576  269.70104    29.2564     7.3098 0.0000e+00
 130.608527     12.756    13.5478  32.862013    26.9999     12.642  269.50345  269.69873    29.3654     7.3017 0.0000e+00
 130.608530     12.792    13.5480  32.862072    27.0000     12.678  269.50275  269.69803    24.7584     6.8569 0.0000e+00
 130.608533     12.825    13.5479  32.862247    26.9999     12.711  269.50278  269.69807    24.8362     6.8690 0.0000e+00
 130.608536     12.864    13.5481  32.862013    26.9999     12.749  269.50226  269.69756    24.6961     6.8731 0.0000e+00
 130.608539     12.915    13.5481  32.861838    26.9997     12.799  269.50291  269.69820    24.7428     6.8569 -9.990e-29
 130.608542     12.931    13.5480  32.861605    26.9994     12.815  269.50363  269.69892    33.0229     8.1185 -9.990e-29
