Processed/SBE19plus_01907321_2022_05_09_Cast99_wfilter.cnv
* Sea-Bird SBE19plus  Data File:
* FileName = E:\Prandtl_Daten\2022\CTD\Raw\SBE19plus_01907321_2022_05_09_Cast99.hex
* Software version 2.6.1.12
* Temperature SN = 7321
* Conductivity SN = 7321
* System UpLoad Time = May 09 2022 11:28:20
* <ApplicationData>
* <Seaterm232>
** Messpraktikum 2022
** CTD 09.05 SW2
** NMEA Latitude = 54 04.851 N
** NMEA Longitude = 008 29.692 E
# nquan = 11
# nvalues = 483                         
# units = specified
# name 0 = timeJ: Julian Days
# name 1 = prdM: Pressure, Strain Gauge [db]
# name 2 = tv290C: Temperature [ITS-90, deg C]
# name 3 = c0mS/cm: Conductivity [mS/cm]
# name 4 = sal00: Salinity, Practical [PSU]
# name 5 = depSM: Depth [salt water, m], lat = 54.00
# name 6 = oxsatMm/Kg: Oxygen Saturation, Weiss [umol/kg]
# name 7 = oxsolMm/Kg: Oxygen Saturation, Garcia & Gordon [umol/kg]
# name 8 = turbWETntu0: Turbidity, WET Labs ECO [NTU]
# name 9 = flECO-AFL: Fluorescence, WET Labs ECO-AFL/FL [mg/m^3]
# name 10 = flag:  0.000e+00
# span 0 = 129.465072, 129.466467       
# span 1 =      0.383,     10.896       
# span 2 =    11.9687,    12.7454       
# span 3 =  30.981231,  31.630717       
# span 4 =    26.0874,    26.9719       
# span 5 =      0.380,     10.799       
# span 6 =  275.78652,  278.71647       
# span 7 =  275.94591,  278.84128       
# span 8 =    21.0229,    49.1319       
# span 9 =     8.7331,    18.0780       
# span 10 = 0.0000e+00, 0.0000e+00      
# interval = seconds: 0.25
# start_time = May 09 2022 11:08:32 [Instrument's time stamp, header]
# bad_flag = -9.990e-29
*END*
[from data line 263]
 129.465833      5.243    12.2175  31.038867    26.2572      5.197  278.60446  278.73182    34.9996    17.1480 -9.990e-29
 129.465836      5.249    12.2172  31.039838    26.2583      5.202  278.60430  278.73163    34.9840    17.1480 -9.990e-29
 129.465839      5.260    12.2166  31.040809    26.2596      5.213  278.60511  278.73239    34.9218    17.1237 -9.990e-29
 129.465842      5.278    12.2163  31.039953    26.2586      5.231  278.60829  278.73556    35.0930    17.1197 -9.990e-29
 129.465845      5.305    12.2158  31.039039    26.2596      5.258  278.61223  278.73947    36.5405    16.4969 0.0000e+00
 129.465848      5.336    12.2152  31.040810    26.2606      5.288  278.61159  278.73878    36.4004    16.4525 0.0000e+00
 129.465851      5.372    12.2149  31.044466    26.2642      5.324  278.60655  278.73368    36.4471    16.4525 0.0000e+00
 129.465854      5.414    12.2146  31.044467    26.2644      5.366  278.60786  278.73497    36.3537    16.4686 0.0000e+00
 129.465856      5.453    12.2134  31.044295    26.2644      5.404  278.61367  278.74070    36.4004    16.4929 0.0000e+00
 129.465859      5.493    12.2117  31.041953    26.2651      5.444  278.62601  278.75294    36.2447    16.3958 0.0000e+00
 129.465862      5.535    12.2104  31.045267    26.2681      5.485  278.62578  278.75260    36.2136    16.3999 0.0000e+00
 129.465865      5.579    12.2098  31.045039    26.2683      5.529  278.62912  278.75590    36.1825    16.3837 0.0000e+00
 129.465868      5.617    12.2093  31.047382    26.2708      5.567  278.62712  278.75384    36.2603    16.3999 0.0000e+00
 129.465871      5.657    12.2088  31.049096    26.2728      5.606  278.62627  278.75294    35.2019    16.0279 0.0000e+00
 129.465874      5.691    12.2078  31.049096    26.2734      5.640  278.63079  278.75740    35.1552    16.0279 0.0000e+00
 129.465877      5.717    12.2057  31.054239    26.2766      5.666  278.63107  278.75748    35.0930    16.0036 0.0000e+00
 129.465880      5.746    12.2015  31.055154    26.2797      5.694  278.64870  278.77483    35.2331    16.0157 -9.990e-29
 129.465883      5.767    12.1968  31.057269    26.2887      5.716  278.66607  278.79187    34.6727    15.6599 -9.990e-29
 129.465885      5.787    12.1931  31.057041    26.2911      5.736  278.68386  278.80940    34.4082    15.6680 -9.990e-29
 129.465888      5.802    12.1902  31.054527    26.2908      5.750  278.70132  278.82670    34.5171    15.6761 -9.990e-29
 129.465891      5.811    12.1878  31.060756    26.2983      5.759  278.70120  278.82635    34.5015    15.7206 -9.990e-29
 129.465894      5.822    12.1855  31.064013    26.3030      5.770  278.70586  278.83082    34.4548    15.5507 -9.990e-29
 129.465897      5.828    12.1842  31.064071    26.3039      5.776  278.71154  278.83642    34.4704    15.5507 -9.990e-29
 129.465900      5.839    12.1832  31.063842    26.3044      5.787  278.71647  278.84128    34.4548    15.5467 -9.990e-29
 129.465903      5.854    12.1820  31.069272    26.3103      5.802  278.71202  278.83670    34.5638    15.5629 -9.990e-29
 129.465906      5.878    12.1818  31.078760    26.3193      5.826  278.69566  278.82023    34.5015    15.5709 -9.990e-29
 129.465909      5.900    12.1811  31.082475    26.3336      5.847  278.69210  278.81658    31.5910    14.9037 -9.990e-29
 129.465911      5.927    12.1801  31.092765    26.3359      5.874  278.67814  278.80244    31.4665    14.9361 0.0000e+00
 129.465914      5.956    12.1791  31.096825    26.3381      5.903  278.67523  278.79943    31.5288    14.9159 0.0000e+00
 129.465917      5.988    12.1776  31.110776    26.3522      5.934  278.65650  278.78046    31.4976    14.9442 0.0000e+00
 129.465920      6.015    12.1752  31.116037    26.3588      5.961  278.65814  278.78188    29.3031    13.3389 0.0000e+00
 129.465923      6.050    12.1731  31.131937    26.3752      5.996  278.63874  278.76216    29.2564    13.3146 0.0000e+00
 129.465926      6.075    12.1710  31.146524    26.3828      6.021  278.62172  278.74485    29.3965    13.3146 0.0000e+00
 129.465929      6.105    12.1686  31.151559    26.3903      6.050  278.62344  278.74636    29.3342    13.2944 -9.990e-29
 129.465932      6.130    12.1666  31.158196    26.4227      6.075  278.62030  278.74303    24.4782    11.3130 -9.990e-29
 129.465935      6.158    12.1650  31.176679    26.4470      6.103  278.59391  278.71633    24.4782    11.3049 0.0000e+00
 129.465938      6.189    12.1621  31.226370    26.4712      6.133  278.51622  278.63793    24.4626    11.2968 0.0000e+00
 129.465940      6.222    12.1571  31.232211    26.4802      6.166  278.52829  278.64961    24.4159    11.3130 0.0000e+00
 129.465943      6.260    12.1532  31.257357    26.5065      6.204  278.50026  278.62104    23.8868    11.4909 0.0000e+00
 129.465946      6.302    12.1492  31.279015    26.5296      6.245  278.47891  278.59920    23.9957    11.4747 0.0000e+00
 129.465949      6.347    12.1454  31.305206    26.5569      6.290  278.44861  278.56837    23.9490    11.4666 0.0000e+00
 129.465952      6.389    12.1412  31.323781    26.5692      6.332  278.43383  278.55311    24.0113    11.4828 0.0000e+00
 129.465955      6.429    12.1375  31.312430    26.5692      6.372  278.47125  278.59040    23.9490    11.4950 0.0000e+00
 129.465958      6.460    12.1365  31.300450    26.5639      6.402  278.49799  278.61720    24.4626    11.3575 0.0000e+00
 129.465961      6.489    12.1372  31.302685    26.5587      6.431  278.49040  278.60964    24.5405    11.3736 -9.990e-29
 129.465964      6.513    12.1372  31.303660    26.5611      6.455  278.48863  278.60786    24.5093    11.3494 -9.990e-29
 129.465966      6.528    12.1364  31.321030    26.5780      6.470  278.46069  278.57967    24.4938    11.3736 -9.990e-29
 129.465969      6.527    12.1342  31.355322    26.6117      6.468  278.40782  278.52630    23.5910    10.9046 -9.990e-29
 129.465972      6.525    12.1305  31.378612    26.6362      6.467  278.38243  278.50041    23.7000    10.8965 -9.990e-29
 129.465975      6.514    12.1263  31.388424    26.6483      6.456  278.38329  278.50088    23.6533    10.9329 -9.990e-29
 129.465978      6.505    12.1230  31.393760    26.6557      6.447  278.38883  278.50614    23.7467    10.9127 -9.990e-29
 129.465981      6.505    12.1207  31.410977    26.6735      6.447  278.36750  278.48448    26.0191    10.7267 -9.990e-29
 129.465984      6.513    12.1182  31.421596    26.6853      6.454  278.35954  278.47624    25.9101    10.7509 -9.990e-29
 129.465987      6.536    12.1157  31.428084    26.7024      6.478  278.35915  278.47561    25.8945    10.7428 -9.990e-29
 129.465990      6.574    12.1137  31.436523    26.7060      6.515  278.35264  278.46888    25.8945    10.7428 0.0000e+00
 129.465992      6.616    12.1116  31.442437    26.7095      6.557  278.35172  278.46774    22.9529    10.9329 0.0000e+00
 129.465995      6.671    12.1102  31.445883    26.7128      6.611  278.35182  278.46771    22.9062    10.9329 0.0000e+00
 129.465998      6.731    12.1085  31.443586    26.7137      6.671  278.36371  278.47952    23.0307    10.9410 0.0000e+00
 129.466001      6.790    12.1070  31.446917    26.7169      6.729  278.36434  278.48001    23.0619    10.9450 0.0000e+00
 129.466004      6.841    12.1057  31.450478    26.7211      6.780  278.36359  278.47913    22.9373    10.9127 0.0000e+00
 129.466007      6.881    12.1049  31.449904    26.7212      6.819  278.36849  278.48398    25.9101    10.2374 0.0000e+00
 129.466010      6.913    12.1041  31.452430    26.7212      6.851  278.36739  278.48280    25.8634    10.2819 -9.990e-29
 129.466013      6.931    12.1035  31.458920    26.7306      6.869  278.35837  278.47367    25.9568    10.2374 -9.990e-29
 129.466016      6.948    12.1025  31.461677    26.7339      6.885  278.35779  278.47300    25.9568    10.2495 -9.990e-29
 129.466019      6.962    12.1018  31.468971    26.7412      6.899  278.34762  278.46270    22.4548     9.8775 -9.990e-29
 129.466021      6.978    12.1008  31.476610    26.7544      6.916  278.33808  278.45302    22.5171     9.9139 -9.990e-29
 129.466024      7.004    12.0997  31.481378    26.7578      6.941  278.33446  278.44926    22.6261     9.8937 0.0000e+00
 129.466027      7.029    12.0986  31.487870    26.7578      6.966  278.32767  278.44233    22.4237     9.9018 0.0000e+00
 129.466030      7.060    12.0981  31.487468    26.7613      6.997  278.33097  278.44560    24.2603    10.1727 -9.990e-29
 129.466033      7.083    12.0979  31.491203    26.7649      7.020  278.32478  278.43936    24.2914    10.1727 -9.990e-29
 129.466036      7.113    12.0976  31.493960    26.7677      7.049  278.32102  278.43555    24.2759    10.2333 -9.990e-29
 129.466039      7.131    12.0974  31.495110    26.7689      7.067  278.31988  278.43438    24.1202    10.2091 -9.990e-29
 129.466042      7.143    12.0975  31.499879    26.7733      7.080  278.31082  278.42528    23.5443    10.1565 -9.990e-29
 129.466045      7.155    12.0974  31.501028    26.7745      7.091  278.30936  278.42380    23.5910    10.1080 -9.990e-29
 129.466047      7.156    12.0974  31.503901    26.7772      7.092  278.30410  278.41850    23.4976    10.0352 -9.990e-29
 129.466050      7.158    12.0974  31.503614    26.7769      7.094  278.30462  278.41904    23.5132    10.0473 -9.990e-29
 129.466053      7.164    12.0973  31.507923    26.7810      7.100  278.29705  278.41141    23.4665    10.0918 -9.990e-29
 129.466056      7.180    12.0971  31.506372    26.7849      7.116  278.30086  278.41522    23.2019     9.7036 -9.990e-29
 129.466059      7.208    12.0972  31.512061    26.7857      7.143  278.28981  278.40412    23.3264     9.6672 0.0000e+00
 129.466062      7.244    12.0969  31.513440    26.7865      7.179  278.28890  278.40317    23.2642     9.6915 0.0000e+00
 129.466065      7.295    12.0965  31.517406    26.7904      7.230  278.28325  278.39746    23.3576     9.6672 0.0000e+00
 129.466068      7.348    12.0959  31.524705    26.7977      7.283  278.27277  278.38686    21.7700     9.7602 0.0000e+00
 129.466071      7.410    12.0950  31.527234    26.8007      7.344  278.27199  278.38600    21.6922     9.7683 0.0000e+00
 129.466073      7.466    12.0941  31.534132    26.8078      7.399  278.26352  278.37739    21.6766     9.7602 0.0000e+00
 129.466076      7.517    12.0930  31.536317    26.8106      7.450  278.26464  278.37841    21.7700     9.7602 0.0000e+00
 129.466079      7.565    12.0920  31.542411    26.8170      7.497  278.25795  278.37159    23.2486     9.3640 0.0000e+00
 129.466082      7.599    12.0908  31.541664    26.8171      7.531  278.26507  278.37863    23.2642     9.3518 0.0000e+00
 129.466085      7.626    12.0899  31.546378    26.8172      7.558  278.26057  278.37402    23.1864     9.3801 -9.990e-29
 129.466088      7.632    12.0891  31.550690    26.8269      7.564  278.25617  278.36952    23.2486     9.3640 -9.990e-29
 129.466091      7.635    12.0876  31.555462    26.8324      7.567  278.25410  278.36730    23.1864     9.3801 -9.990e-29
 129.466094      7.634    12.0858  31.559775    26.8378      7.565  278.25445  278.36748    23.0307     9.2507 -9.990e-29
 129.466097      7.635    12.0843  31.564145    26.8430      7.567  278.25343  278.36631    22.9373     9.2386 -9.990e-29
 129.466100      7.641    12.0825  31.570471    26.8502      7.572  278.24978  278.36247    22.9529     9.2184 -9.990e-29
 129.466102      7.652    12.0811  31.571047    26.8518      7.583  278.25540  278.36799    23.0930     9.2305 -9.990e-29
 129.466105      7.666    12.0804  31.575015    26.8559      7.597  278.25099  278.36349    22.6727     8.9151 -9.990e-29
 129.466108      7.685    12.0800  31.573980    26.8553      7.616  278.25481  278.36729    22.7039     8.8949 -9.990e-29
 129.466111      7.707    12.0799  31.576740    26.8558      7.638  278.25040  278.36284    22.7194     8.9313 -9.990e-29
 129.466114      7.732    12.0798  31.574383    26.8584      7.663  278.25506  278.36752    22.6572     8.9272 0.0000e+00
 129.466117      7.761    12.0801  31.580134    26.8610      7.691  278.24326  278.35568    23.2331     9.3195 0.0000e+00
 129.466120      7.795    12.0799  31.580939    26.8619      7.725  278.24276  278.35515    23.1864     9.2952 0.0000e+00
 129.466123      7.828    12.0792  31.582895    26.8642      7.757  278.24237  278.35469    23.2642     9.2790 0.0000e+00
 129.466126      7.859    12.0782  31.588820    26.8663      7.788  278.23597  278.34816    23.1864     9.3114 0.0000e+00
 129.466128      7.892    12.0768  31.583298    26.8705      7.821  278.25247  278.36463    21.0385     9.0607 0.0000e+00
 129.466131      7.923    12.0753  31.588360    26.8721      7.852  278.24988  278.36188    21.0229     9.0324 0.0000e+00
 129.466134      7.957    12.0741  31.590373    26.8744      7.886  278.25161  278.36351    21.0852     9.0566 0.0000e+00
 129.466137      7.995    12.0734  31.589396    26.8748      7.924  278.25660  278.36847    21.0696     9.0486 0.0000e+00
 129.466140      8.032    12.0733  31.590201    26.8752      7.960  278.25579  278.36763    21.0229     9.0445 0.0000e+00
 129.466143      8.079    12.0729  31.591582    26.8768      8.007  278.25519  278.36699    24.4315     9.2548 0.0000e+00
 129.466146      8.125    12.0722  31.594746    26.8792      8.052  278.25259  278.36431    24.5716     9.2507 0.0000e+00
 129.466149      8.169    12.0711  31.592790    26.8793      8.096  278.26097  278.37265    24.4626     9.2346 0.0000e+00
 129.466152      8.213    12.0701  31.592158    26.8793      8.139  278.26693  278.37854    24.4626     9.2265 0.0000e+00
 129.466155      8.249    12.0687  31.595322    26.8813      8.175  278.26750  278.37898    23.0463     9.0930 0.0000e+00
 129.466157      8.279    12.0672  31.597911    26.8833      8.205  278.26944  278.38079    22.9529     9.0526 -9.990e-29
 129.466160      8.297    12.0659  31.596128    26.8860      8.223  278.27875  278.39003    22.9996     9.0445 -9.990e-29
 129.466163      8.297    12.0644  31.597336    26.8883      8.223  278.28352  278.39468    22.9218     9.0769 -9.990e-29
 129.466166      8.292    12.0625  31.596128    26.8885      8.218  278.29431  278.40536    22.7973     9.1213 -9.990e-29
 129.466169      8.288    12.0609  31.599695    26.8930      8.214  278.29507  278.40596    22.7661     9.1456 -9.990e-29
 129.466172      8.281    12.0592  31.598314    26.8929      8.207  278.30522  278.41601    22.7973     9.1254 -9.990e-29
 129.466175      8.283    12.0578  31.602284    26.8976      8.209  278.30428  278.41494    22.7661     9.1011 -9.990e-29
 129.466178      8.288    12.0567  31.602284    26.8984      8.214  278.30936  278.41994    23.6377     8.9636 -9.990e-29
 129.466181      8.305    12.0564  31.600501    26.8986      8.231  278.31392  278.42450    23.4198     8.9798 -9.990e-29
 129.466183      8.336    12.0561  31.602054    26.8972      8.261  278.31236  278.42290    23.4665     8.9677 0.0000e+00
 129.466186      8.369    12.0560  31.598890    26.8981      8.294  278.31851  278.42908    23.4665     9.0445 0.0000e+00
 129.466189      8.407    12.0557  31.601249    26.8981      8.332  278.31579  278.42631    23.5755     8.9919 0.0000e+00
 129.466192      8.445    12.0549  31.603666    26.9010      8.370  278.31519  278.42563    23.6066     9.2588 0.0000e+00
 129.466195      8.493    12.0528  31.602285    26.9011      8.417  278.32696  278.43728    23.7934     9.2426 0.0000e+00
 129.466198      8.537    12.0508  31.603436    26.9026      8.460  278.33409  278.44425    23.8401     9.2507 0.0000e+00
 129.466201      8.575    12.0489  31.600848    26.9036      8.498  278.34744  278.45750    23.7311     9.2224 0.0000e+00
 129.466204      8.604    12.0476  31.602056    26.9046      8.527  278.35127  278.46123    23.0307     9.4165 0.0000e+00
 129.466207      8.633    12.0463  31.603667    26.9071      8.556  278.35437  278.46421    23.2642     9.4246 0.0000e+00
