Processed/SBE19plus_01907321_2022_05_07_Cast71_wfilter.cnv
* Sea-Bird SBE19plus  Data File:
* FileName = E:\Prandtl Daten\2022\CTD\Raw\SBE19plus_01907321_2022_05_07_Cast71.hex
* Software version 2.6.1.12
* Temperature SN = 7321
* Conductivity SN = 7321
* System UpLoad Time = May 07 2022 12:53:36
* <ApplicationData>
* <Seaterm232>
** Messpraktikum 2022
** CTD 07.05 BW2
** NMEA Latitude = 54 07.826 N
** NMEA Longitude = 008 45.210 E
# nquan = 11
# nvalues = 575                         
# units = specified
# name 0 = timeJ: Julian Days
# name 1 = prdM: Pressure, Strain Gauge [db]
# name 2 = tv290C: Temperature [ITS-90, deg C]
# name 3 = c0mS/cm: Conductivity [mS/cm]
# name 4 = sal00: Salinity, Practical [PSU]
# name 5 = depSM: Depth [salt water, m], lat = 54.00
# name 6 = oxsatMm/Kg: Oxygen Saturation, Weiss [umol/kg]
# name 7 = oxsolMm/Kg: Oxygen Saturation, Garcia & Gordon [umol/kg]
# name 8 = turbWETntu0: Turbidity, WET Labs ECO [NTU]
# name 9 = flECO-AFL: Fluorescence, WET Labs ECO-AFL/FL [mg/m^3]
# name 10 = flag:  0.000e+00
# span 0 = 127.531166, 127.532827       
# span 1 =      0.422,     16.116       
# span 2 =    12.9342,    13.0936       
# span 3 =  32.329322,  32.516162       
# span 4 =    26.9797,    27.0135       
# span 5 =      0.419,     15.972       
# span 6 =  272.05471,  273.04300       
# span 7 =  272.22473,  273.20518       
# span 8 =     8.2447,   138.0035       
# span 9 =     4.3579,    13.6866       
# span 10 = 0.0000e+00, 0.0000e+00      
# interval = seconds: 0.25
# start_time = May 07 2022 12:43:40 [Instrument's time stamp, header]
# bad_flag = -9.990e-29
*END*
 127.531166      0.422    13.0934  32.515754    27.0093      0.419  272.05590  272.22591     9.0852     4.4954 0.0000e+00
 127.531169      0.457    13.0933  32.515987    27.0095      0.453  272.05583  272.22583     8.8984     4.4873 0.0000e+00
 127.531172      0.493    13.0934  32.516161    27.0096      0.489  272.05523  272.22524     8.2914     4.4145 -9.990e-29
 127.531175      0.517    13.0936  32.515929    27.0090      0.512  272.05471  272.22473     8.3381     4.4348 -9.990e-29
 127.531178      0.555    13.0936  32.515521    27.0091      0.550  272.05576  272.22578     8.4471     4.4307 0.0000e+00
 127.531181      0.592    13.0935  32.515754    27.0091      0.586  272.05569  272.22570     8.2447     4.4348 0.0000e+00
 127.531183      0.630    13.0931  32.515987    27.0092      0.624  272.05688  272.22687     9.0385     4.7340 -9.990e-29
 127.531186      0.652    13.0933  32.516162    27.0097      0.646  272.05596  272.22596     9.0229     4.7502 -9.990e-29
 127.531189      0.670    13.0932  32.515522    27.0092      0.664  272.05740  272.22740     9.0696     4.7299 -9.990e-29
 127.531192      0.697    13.0931  32.515347    27.0091      0.691  272.05804  272.22804     9.0229     4.7421 -9.990e-29
 127.531195      0.719    13.0930  32.514824    27.0089      0.713  272.05960  272.22959     9.0074     4.7421 -9.990e-29
 127.531198      0.763    13.0925  32.514708    27.0089      0.757  272.06172  272.23168     9.3187     4.7582 0.0000e+00
 127.531201      0.805    13.0924  32.514126    27.0089      0.798  272.06339  272.23335     9.2564     4.7421 -9.990e-29
 127.531204      0.829    13.0924  32.514534    27.0088      0.822  272.06269  272.23265     9.3031     4.7461 -9.990e-29
 127.531207      0.840    13.0920  32.513719    27.0084      0.832  272.06601  272.23594     9.2875     4.7502 -9.990e-29
 127.531209      0.847    13.0912  32.513312    27.0085      0.839  272.07018  272.24008     8.7428     4.4388 -9.990e-29
 127.531212      0.869    13.0906  32.513312    27.0086      0.861  272.07272  272.24257     8.7428     4.4307 -9.990e-29
 127.531215      0.903    13.0902  32.512672    27.0091      0.895  272.07543  272.24527     8.8362     4.4388 0.0000e+00
 127.531218      0.951    13.0902  32.513720    27.0091      0.942  272.07395  272.24378     8.7895     4.4307 0.0000e+00
 127.531221      0.991    13.0900  32.514651    27.0096      0.982  272.07299  272.24279     9.6611     4.4348 -9.990e-29
 127.531224      1.009    13.0906  32.514534    27.0100      1.000  272.07068  272.24053     9.5210     4.4105 -9.990e-29
 127.531227      1.024    13.0907  32.514302    27.0097      1.015  272.07078  272.24063     9.4587     4.4307 -9.990e-29
 127.531230      1.044    13.0907  32.513894    27.0093      1.035  272.07150  272.24136     9.5833     4.4307 -9.990e-29
 127.531233      1.077    13.0904  32.513720    27.0097      1.067  272.07277  272.24261     8.8984     4.5844 0.0000e+00
 127.531236      1.117    13.0902  32.514244    27.0094      1.107  272.07283  272.24265     9.0385     4.5520 0.0000e+00
 127.531238      1.155    13.0903  32.513720    27.0097      1.145  272.07345  272.24329     8.9140     4.5682 0.0000e+00
 127.531241      1.194    13.0902  32.514128    27.0094      1.183  272.07340  272.24322     9.0074     4.5520 -9.990e-29
 127.531244      1.215    13.0902  32.514302    27.0100      1.204  272.07311  272.24293     9.0541     4.5682 -9.990e-29
 127.531247      1.223    13.0903  32.514651    27.0103      1.212  272.07187  272.24170     9.0852     4.5884 -9.990e-29
 127.531250      1.234    13.0904  32.515117    27.0106      1.223  272.07075  272.24058     9.0385     4.5965 -9.990e-29
 127.531253      1.254    13.0907  32.515117    27.0104      1.242  272.06951  272.23935     9.1941     4.5884 -9.990e-29
 127.531256      1.276    13.0910  32.514535    27.0082      1.264  272.06927  272.23914     8.9918     4.6208 -9.990e-29
 127.531259      1.306    13.0910  32.512906    27.0082      1.295  272.07213  272.24201     9.2564     4.6936 0.0000e+00
 127.531262      1.337    13.0907  32.513895    27.0082      1.326  272.07137  272.24123     9.2564     4.6814 -9.990e-29
 127.531264      1.359    13.0904  32.513721    27.0096      1.347  272.07327  272.24311     9.3342     4.6733 -9.990e-29
 127.531267      1.396    13.0902  32.513896    27.0095      1.383  272.07361  272.24344     9.2720     4.6936 0.0000e+00
 127.531270      1.432    13.0900  32.513489    27.0093      1.420  272.07529  272.24511    10.2058     4.6086 0.0000e+00
 127.531273      1.469    13.0896  32.512907    27.0091      1.456  272.07822  272.24801    10.2214     4.6410 0.0000e+00
 127.531276      1.507    13.0893  32.512500    27.0091      1.494  272.08021  272.24999    10.1903     4.6167 0.0000e+00
 127.531279      1.534    13.0889  32.512500    27.0092      1.521  272.08212  272.25187    10.3926     4.6289 0.0000e+00
 127.531282      1.560    13.0886  32.512907    27.0095      1.546  272.08269  272.25242    10.0969     4.6976 0.0000e+00
 127.531285      1.586    13.0885  32.512907    27.0098      1.571  272.08302  272.25275    10.0657     4.6491 -9.990e-29
 127.531288      1.609    13.0884  32.512908    27.0099      1.595  272.08366  272.25338    10.0502     4.6814 -9.990e-29
 127.531291      1.635    13.0884  32.512908    27.0099      1.620  272.08368  272.25340     9.9568     4.6814 0.0000e+00
 127.531293      1.664    13.0884  32.512675    27.0099      1.649  272.08410  272.25382     9.9879     4.6895 -9.990e-29
 127.531296      1.684    13.0881  32.512908    27.0100      1.669  272.08465  272.25436     8.7117     4.4550 -9.990e-29
 127.531299      1.708    13.0882  32.512501    27.0096      1.693  272.08506  272.25478     8.7272     4.4428 -9.990e-29
 127.531302      1.731    13.0878  32.511337    27.0088      1.716  272.08868  272.25838     8.7117     4.4388 -9.990e-29
 127.531305      1.755    13.0875  32.511861    27.0098      1.740  272.08936  272.25903     8.7584     4.4186 -9.990e-29
 127.531308      1.785    13.0873  32.512094    27.0102      1.769  272.08960  272.25926     9.2564     4.3579 0.0000e+00
 127.531311      1.814    13.0875  32.513083    27.0100      1.798  272.08727  272.25693     9.2875     4.3620 0.0000e+00
 127.531314      1.845    13.0881  32.512908    27.0100      1.828  272.08507  272.25477     9.3187     4.3862 0.0000e+00
 127.531317      1.878    13.0881  32.512908    27.0100      1.861  272.08509  272.25479     9.3498     4.3741 0.0000e+00
 127.531319      1.912    13.0881  32.512676    27.0098      1.895  272.08552  272.25522     9.2875     4.4752 0.0000e+00
 127.531322      1.941    13.0882  32.512676    27.0097      1.924  272.08491  272.25462     9.1941     4.4226 0.0000e+00
 127.531325      1.970    13.0879  32.511862    27.0097      1.953  272.08760  272.25731     9.1630     4.4307 -9.990e-29
 127.531328      1.983    13.0874  32.511338    27.0090      1.966  272.09073  272.26040     9.3965     4.4428 -9.990e-29
 127.531331      2.003    13.0871  32.510640    27.0086      1.986  272.09322  272.26288     8.6961     4.4631 -9.990e-29
 127.531334      2.016    13.0863  32.510059    27.0086      1.998  272.09770  272.26732     8.8206     4.4833 -9.990e-29
 127.531337      2.038    13.0856  32.509419    27.0091      2.020  272.10198  272.27156     8.6805     4.4833 -9.990e-29
 127.531340      2.065    13.0850  32.509594    27.0093      2.047  272.10422  272.27376     8.7739     4.4954 0.0000e+00
 127.531343      2.102    13.0846  32.509826    27.0096      2.083  272.10572  272.27523     8.8362     4.5075 0.0000e+00
 127.531345      2.138    13.0847  32.510059    27.0096      2.119  272.10471  272.27423     9.3187     4.5237 0.0000e+00
 127.531348      2.178    13.0846  32.509594    27.0093      2.159  272.10618  272.27569     9.2875     4.5399 0.0000e+00
 127.531351      2.213    13.0845  32.509187    27.0090      2.193  272.10722  272.27674     9.3809     4.5601 0.0000e+00
 127.531354      2.245    13.0844  32.507442    27.0083      2.225  272.11091  272.28043     9.1163     4.5601 0.0000e+00
 127.531357      2.280    13.0838  32.508373    27.0075      2.260  272.11184  272.28131     8.2759     4.5682 -9.990e-29
 127.531360      2.304    13.0834  32.507151    27.0079      2.284  272.11555  272.28502     8.2603     4.5601 -9.990e-29
 127.531363      2.322    13.0830  32.507966    27.0089      2.302  272.11604  272.28546     8.3226     4.5399 -9.990e-29
 127.531366      2.341    13.0826  32.508024    27.0092      2.320  272.11752  272.28693     8.2914     4.5682 -9.990e-29
 127.531369      2.355    13.0825  32.507966    27.0094      2.334  272.11826  272.28766     8.3848     4.4469 -9.990e-29
 127.531372      2.384    13.0824  32.507966    27.0091      2.363  272.11891  272.28830     8.4626     4.4307 0.0000e+00
 127.531374      2.414    13.0825  32.507559    27.0089      2.392  272.11901  272.28841     8.6494     4.4267 0.0000e+00
 127.531377      2.445    13.0823  32.507385    27.0089      2.423  272.12028  272.28966     8.6183     4.4428 0.0000e+00
 127.531380      2.479    13.0825  32.508432    27.0097      2.457  272.11753  272.28692     8.7895     4.5763 0.0000e+00
 127.531383      2.512    13.0826  32.508781    27.0097      2.490  272.11663  272.28602     8.7584     4.5601 0.0000e+00
 127.531386      2.540    13.0827  32.508199    27.0093      2.517  272.11703  272.28644     8.7895     4.5520 0.0000e+00
 127.531389      2.567    13.0828  32.507967    27.0091      2.544  272.11714  272.28655     8.9140     4.5844 0.0000e+00
 127.531392      2.598    13.0828  32.508374    27.0090      2.575  272.11645  272.28586     8.6027     4.5520 -9.990e-29
 127.531395      2.621    13.0826  32.508607    27.0092      2.598  272.11669  272.28609    11.3887     5.0939 -9.990e-29
 127.531398      2.651    13.0829  32.508374    27.0092      2.627  272.11585  272.28527    11.3420     5.0939 0.0000e+00
 127.531400      2.678    13.0829  32.505931    27.0092      2.654  272.12012  272.28957    11.2486     5.1141 -9.990e-29
 127.531403      2.701    13.0817  32.497149    26.9998      2.677  272.14079  272.31024    11.2642     5.1181 -9.990e-29
 127.531406      2.722    13.0773  32.488774    26.9952      2.697  272.17462  272.34386    14.1591     5.6276 -9.990e-29
 127.531409      2.745    13.0701  32.484937    26.9968      2.721  272.21283  272.38165    14.2525     5.6519 -9.990e-29
 127.531412      2.769    13.0626  32.480053    26.9963      2.744  272.25382  272.42221    14.1747     5.6519 -9.990e-29
 127.531415      2.802    13.0568  32.474123    26.9944      2.777  272.28971  272.45778    14.0657     5.6317 0.0000e+00
 127.531418      2.829    13.0512  32.465752    26.9945      2.804  272.32860  272.49640    15.1552     5.5670 0.0000e+00
 127.531421      2.864    13.0432  32.461625    26.9945      2.838  272.37112  272.53844    15.0619     5.5589 0.0000e+00
 127.531424      2.900    13.0352  32.459824    26.9984      2.874  272.40896  272.57579    14.9373     5.5548 0.0000e+00
 127.531427      2.930    13.0302  32.457789    26.9984      2.903  272.43428  272.60081    15.0619     5.5832 0.0000e+00
 127.531429      2.957    13.0264  32.448838    26.9987      2.931  272.46664  272.63301    14.1280     5.4578 0.0000e+00
 127.531432      2.983    13.0205  32.448839    26.9966      2.956  272.49250  272.65849    13.9879     5.4942 0.0000e+00
 127.531435      3.010    13.0162  32.445700    26.9987      2.983  272.51691  272.68266    14.1280     5.5225 -9.990e-29
 127.531438      3.034    13.0126  32.440470    26.9967      3.007  272.54183  272.70740    14.0969     5.4497 -9.990e-29
 127.531441      3.058    13.0081  32.438843    26.9983      3.031  272.56423  272.72953    14.1124     5.5306 -9.990e-29
 127.531444      3.076    13.0042  32.435996    26.9985      3.048  272.58656  272.75163    14.8595     5.5387 -9.990e-29
 127.531447      3.100    13.0005  32.434601    26.9998      3.072  272.60509  272.76994    14.9373     5.5185 -9.990e-29
 127.531450      3.125    12.9976  32.437333    27.0044      3.097  272.61294  272.77758    14.9529     5.5144 -9.990e-29
 127.531453      3.153    12.9970  32.438844    27.0062      3.124  272.61283  272.77742    14.9218     5.4942 -9.990e-29
 127.531455      3.176    12.9978  32.437043    27.0032      3.148  272.61253  272.77719    15.2486     5.8056 -9.990e-29
 127.531458      3.204    12.9978  32.436229    27.0027      3.175  272.61397  272.77864    15.3887     5.8298 0.0000e+00
 127.531461      3.236    12.9972  32.434776    27.0023      3.207  272.61937  272.78401    15.2175     5.8177 0.0000e+00
 127.531464      3.262    12.9962  32.433672    27.0023      3.233  272.62573  272.79032    15.5132     5.8258 0.0000e+00
 127.531467      3.295    12.9949  32.433382    27.0026      3.265  272.63193  272.79644    16.9918     5.8743 0.0000e+00
 127.531470      3.326    12.9938  32.432743    27.0026      3.296  272.63780  272.80224    17.0696     5.8864 0.0000e+00
 127.531473      3.358    12.9929  32.429314    27.0014      3.328  272.64760  272.81202    16.9607     5.8905 0.0000e+00
 127.531476      3.389    12.9910  32.429082    27.0009      3.359  272.65654  272.82084    16.9296     5.8743 0.0000e+00
 127.531479      3.415    12.9891  32.428792    27.0014      3.384  272.66526  272.82944    15.0307     5.7287 -9.990e-29
 127.531481      3.433    12.9882  32.427688    27.0021      3.402  272.67099  272.83512    14.8906     5.6398 -9.990e-29
 127.531484      3.446    12.9872  32.427863    27.0029      3.415  272.67510  272.83917    14.7194     5.5912 -9.990e-29
 127.531487      3.469    12.9866  32.426642    27.0023      3.438  272.68009  272.84413    14.7817     5.6074 -9.990e-29
 127.531490      3.491    12.9864  32.427688    27.0039      3.460  272.67922  272.84323    14.8595     5.6438 -9.990e-29
 127.531493      3.524    12.9863  32.428212    27.0054      3.493  272.67864  272.84264    14.5482     5.6195 0.0000e+00
 127.531496      3.561    12.9869  32.431931    27.0069      3.529  272.66963  272.83364    14.6416     5.5912 0.0000e+00
 127.531499      3.597    12.9883  32.435592    27.0077      3.565  272.65694  272.82101    14.6572     5.6357 0.0000e+00
 127.531502      3.637    12.9910  32.435999    27.0077      3.605  272.64460  272.80883    14.6105     5.6317 0.0000e+00
 127.531505      3.670    12.9930  32.437452    27.0076      3.637  272.63325  272.79760    13.5988     5.3082 0.0000e+00
 127.531508      3.705    12.9949  32.438323    27.0074      3.672  272.62355  272.78801    13.7233     5.2961 0.0000e+00
 127.531510      3.734    12.9964  32.439660    27.0071      3.701  272.61430  272.77885    13.6922     5.3001 -9.990e-29
 127.531513      3.759    12.9977  32.445182    27.0113      3.726  272.59898  272.76356    13.5366     5.3082 -9.990e-29
 127.531516      3.783    13.0012  32.450296    27.0135      3.750  272.57492  272.73968    13.2564     5.3486 -9.990e-29
 127.531519      3.800    13.0057  32.450296    27.0104      3.766  272.55540  272.72044    13.2875     5.3931 -9.990e-29
 127.531522      3.822    13.0091  32.453086    27.0105      3.787  272.53541  272.70064    13.4587     5.3729 -9.990e-29
 127.531525      3.844    13.0119  32.456399    27.0115      3.809  272.51734  272.68272    13.2875     5.3648 -9.990e-29
 127.531528      3.864    13.0150  32.457794    27.0096      3.829  272.50136  272.66693    13.2720     5.3688 -9.990e-29
 127.531531      3.891    13.0175  32.458608    27.0097      3.856  272.48924  272.65496    13.3031     5.5023 0.0000e+00
 127.531534      3.922    13.0199  32.460642    27.0096      3.887  272.47531  272.64116    13.3187     5.4942 0.0000e+00
 127.531536      3.949    13.0216  32.461223    27.0090      3.914  272.46675  272.63270    13.1319     5.4740 0.0000e+00
 127.531539      3.984    13.0229  32.460468    27.0074      3.948  272.46242  272.62847    13.3187     5.5265 0.0000e+00
 127.531542      4.015    13.0233  32.460468    27.0074      3.979  272.46086  272.62693    12.8984     5.2718 0.0000e+00
