Processed/SBE19plus_01907321_2022_05_07_Cast69_wfilter.cnv
* Sea-Bird SBE19plus  Data File:
* FileName = E:\Prandtl Daten\2022\CTD\Raw\SBE19plus_01907321_2022_05_07_Cast69.hex
* Software version 2.6.1.12
* Temperature SN = 7321
* Conductivity SN = 7321
* System UpLoad Time = May 07 2022 11:30:14
* <ApplicationData>
* <Seaterm232>
** Messpraktikum 2022
** CTD 07.05 MP1
** NMEA Latitude = 54 09.612 N
** NMEA Longitude = 008 41.865 E
# nquan = 11
# nvalues = 231                         
# units = specified
# name 0 = timeJ: Julian Days
# name 1 = prdM: Pressure, Strain Gauge [db]
# name 2 = tv290C: Temperature [ITS-90, deg C]
# name 3 = c0mS/cm: Conductivity [mS/cm]
# name 4 = sal00: Salinity, Practical [PSU]
# name 5 = depSM: Depth [salt water, m], lat = 54.00
# name 6 = oxsatMm/Kg: Oxygen Saturation, Weiss [umol/kg]
# name 7 = oxsolMm/Kg: Oxygen Saturation, Garcia & Gordon [umol/kg]
# name 8 = turbWETntu0: Turbidity, WET Labs ECO [NTU]
# name 9 = flECO-AFL: Fluorescence, WET Labs ECO-AFL/FL [mg/m^3]
# name 10 = flag:  0.000e+00
# span 0 = 127.474308, 127.474974       
# span 1 =      0.607,      6.820       
# span 2 =    12.8146,    13.1356       
# span 3 =  31.934067,  32.366627       
# span 4 =    26.6683,    26.8419       
# span 5 =      0.602,      6.759       
# span 6 =  272.13885,  274.29904       
# span 7 =  272.31281,  274.45669       
# span 8 =    25.0229,    48.1358       
# span 9 =    10.3789,    12.9871       
# span 10 = 0.0000e+00, 0.0000e+00      
# interval = seconds: 0.25
# start_time = May 07 2022 11:21:31 [Instrument's time stamp, header]
# bad_flag = -9.990e-29
*END*
[from data line 132]
 127.474690      4.144    12.9143  32.086473    26.7399      4.107  273.59502  273.75758    37.3654    12.5099 -9.990e-29
 127.474693      4.166    12.9183  32.100942    26.7446      4.129  273.55184  273.71452    37.2875    12.5382 -9.990e-29
 127.474696      4.199    12.9258  32.100362    26.7434      4.161  273.51991  273.68307    37.3965    12.4937 0.0000e+00
 127.474699      4.226    12.9304  32.101346    26.7422      4.188  273.49791  273.66135    37.2720    12.5220 0.0000e+00
 127.474702      4.255    12.9329  32.099146    26.7422      4.217  273.49069  273.65432    34.0969    11.6203 0.0000e+00
 127.474705      4.292    12.9343  32.107366    26.7450      4.254  273.47025  273.63389    34.0035    11.6082 0.0000e+00
 127.474708      4.325    12.9369  32.117670    26.7526      4.286  273.44045  273.60417    34.1436    11.6082 0.0000e+00
 127.474711      4.352    12.9412  32.125428    26.7568      4.313  273.40815  273.57206    33.8634    11.6527 0.0000e+00
 127.474714      4.385    12.9475  32.135155    26.7590      4.346  273.36320  273.52743    37.3809    11.3615 0.0000e+00
 127.474716      4.412    12.9537  32.126121    26.7612      4.373  273.35181  273.51652    37.4743    11.3534 -9.990e-29
 127.474719      4.434    12.9548  32.119058    26.7412      4.395  273.35915  273.52399    37.6299    11.3332 -9.990e-29
 127.474722      4.456    12.9528  32.136197    26.7584      4.416  273.33797  273.50253    37.3654    11.3736 -9.990e-29
 127.474725      4.476    12.9556  32.143262    26.7629      4.436  273.31323  273.47790    37.5210    11.3534 -9.990e-29
 127.474728      4.496    12.9614  32.172454    26.7858      4.456  273.23670  273.40147    36.1202    11.8589 -9.990e-29
 127.474731      4.521    12.9724  32.180970    26.7808      4.481  273.17333  273.33872    36.0891    11.8872 -9.990e-29
 127.474734      4.549    12.9829  32.183634    26.7820      4.508  273.12244  273.28847    36.3070    11.9276 0.0000e+00
 127.474737      4.580    12.9898  32.191629    26.7808      4.539  273.07805  273.24445    36.1513    11.8953 0.0000e+00
 127.474740      4.609    12.9957  32.193483    26.7825      4.568  273.04885  273.21561    34.1591    11.0218 0.0000e+00
 127.474742      4.642    13.0007  32.199104    26.7808      4.600  273.01718  273.18421    34.2681    10.9774 0.0000e+00
 127.474745      4.673    13.0044  32.193888    26.7751      4.631  273.01018  273.17748    34.0346    10.9855 0.0000e+00
 127.474748      4.702    13.0055  32.186181    26.7672      4.660  273.01862  273.18606    34.3303    10.9572 0.0000e+00
 127.474751      4.731    13.0030  32.178128    26.7644      4.689  273.04381  273.21117    33.5833    11.2119 0.0000e+00
 127.474754      4.758    12.9986  32.180156    26.7615      4.716  273.05961  273.22667    33.8012    11.2159 -9.990e-29
 127.474757      4.782    12.9964  32.181373    26.7692      4.740  273.06731  273.23422    33.7078    11.2604 -9.990e-29
 127.474760      4.806    12.9957  32.182996    26.7711      4.763  273.06734  273.23419    33.6922    11.2281 -9.990e-29
 127.474763      4.824    12.9957  32.183401    26.7715      4.781  273.06664  273.23349    34.6416    11.6405 -9.990e-29
 127.474766      4.843    12.9961  32.184213    26.7720      4.799  273.06365  273.23051    34.5638    11.6607 -9.990e-29
 127.474769      4.870    12.9965  32.184560    26.7720      4.827  273.06116  273.22805    34.9218    11.6769 -9.990e-29
 127.474771      4.894    12.9968  32.184213    26.7714      4.850  273.06051  273.22742    34.7350    11.6769 -9.990e-29
 127.474774      4.919    12.9972  32.183807    26.7735      4.875  273.05965  273.22659    34.5327    11.6931 -9.990e-29
 127.474777      4.952    12.9974  32.186878    26.7745      4.908  273.05335  273.22027    37.5833    12.1500 0.0000e+00
 127.474780      4.985    12.9978  32.189428    26.7755      4.941  273.04701  273.21394    37.6611    12.1298 0.0000e+00
 127.474783      5.018    12.9990  32.192441    26.7765      4.973  273.03669  273.20366    37.7233    12.1622 0.0000e+00
 127.474786      5.054    13.0007  32.197077    26.7774      5.009  273.02100  273.18804    37.7233    12.1500 -9.990e-29
 127.474789      5.078    13.0033  32.196903    26.7790      5.033  273.00991  273.17712    37.1786    12.0004 -9.990e-29
 127.474792      5.109    13.0052  32.198931    26.7809      5.064  272.99815  273.16546    37.3965    12.0328 0.0000e+00
 127.474795      5.138    13.0065  32.204147    26.7809      5.092  272.98303  273.15037    37.4432    12.0570 0.0000e+00
 127.474797      5.164    13.0088  32.207276    26.7828      5.118  272.96743  273.13490    37.1786    11.9883 -9.990e-29
 127.474800      5.188    13.0112  32.212840    26.7875      5.141  272.94727  273.11483    37.2564    12.2956 -9.990e-29
 127.474803      5.208    13.0147  32.214289    26.7864      5.161  272.92955  273.09732    37.6299    12.2916 -9.990e-29
 127.474806      5.228    13.0175  32.217708    26.7875      5.181  272.91123  273.07915    37.5988    12.2147 -9.990e-29
 127.474809      5.250    13.0206  32.223389    26.7931      5.203  272.88770  273.05576    37.3965    12.2430 -9.990e-29
 127.474812      5.277    13.0236  32.228432    26.8045      5.230  272.86561  273.03382    40.9296    12.6878 0.0000e+00
 127.474815      5.308    13.0279  32.256553    26.8159      5.260  272.79780  272.96603    40.9918    12.6595 0.0000e+00
 127.474818      5.337    13.0374  32.271225    26.8189      5.289  272.73043  272.89912    40.9296    12.6838 0.0000e+00
 127.474821      5.370    13.0496  32.276560    26.8189      5.322  272.66767  272.83708    40.8362    12.6393 0.0000e+00
 127.474823      5.399    13.0586  32.280214    26.8159      5.351  272.62176  272.79172    40.9762    12.6353 0.0000e+00
 127.474826      5.432    13.0644  32.281838    26.8159      5.383  272.59333  272.76363    46.0969    12.1258 0.0000e+00
 127.474829      5.465    13.0687  32.308990    26.8352      5.416  272.52733  272.69766    45.8945    12.1460 0.0000e+00
 127.474832      5.492    13.0783  32.321583    26.8376      5.443  272.46334  272.63416    46.0657    12.1419 0.0000e+00
 127.474835      5.517    13.0894  32.331448    26.8400      5.468  272.39748  272.56891    46.0657    12.1379 -9.990e-29
 127.474838      5.534    13.0990  32.336556    26.8391      5.484  272.34655  272.51854    47.2642    12.2754 -9.990e-29
 127.474841      5.552    13.1064  32.345321    26.8419      5.502  272.29905  272.47144    47.2486    12.3320 -9.990e-29
 127.474844      5.572    13.1136  32.357512    26.8417      5.522  272.24624  272.41897    47.2019    12.3522 -9.990e-29
 127.474847      5.598    13.1215  32.356698    26.8410      5.548  272.21322  272.38646    47.2798    12.2996 0.0000e+00
 127.474850      5.627    13.1271  32.359543    26.8408      5.576  272.18396  272.35751    46.0035    12.5544 0.0000e+00
 127.474852      5.654    13.1296  32.361982    26.8408      5.604  272.16867  272.34237    46.0502    12.5342 0.0000e+00
 127.474855      5.683    13.1312  32.364420    26.8419      5.633  272.15750  272.33127    46.0035    12.5059 0.0000e+00
 127.474858      5.718    13.1327  32.366627    26.8419      5.667  272.14736  272.32121    45.9257    12.4937 0.0000e+00
 127.474861      5.749    13.1346  32.366627    26.8415      5.698  272.13885  272.31281    43.0307    11.9559 0.0000e+00
 127.474864      5.786    13.1356  32.361168    26.8357      5.734  272.14393  272.31801    43.1085    11.9802 0.0000e+00
 127.474867      5.815    13.1338  32.343809    26.8211      5.763  272.18202  272.35615    43.2331    11.9236 0.0000e+00
 127.474870      5.842    13.1277  32.328659    26.8163      5.790  272.23526  272.40913    43.0463    11.9357 0.0000e+00
 127.474873      5.868    13.1186  32.321347    26.8115      5.815  272.28753  272.46090    43.1241    11.9357 -9.990e-29
 127.474876      5.888    13.1104  32.320768    26.8165      5.835  272.32461  272.49746    43.8868    12.3886 -9.990e-29
 127.474878      5.906    13.1053  32.315661    26.8153      5.853  272.35565  272.52823    43.8868    12.3522 -9.990e-29
 127.474881      5.932    13.1016  32.309220    26.8120      5.878  272.38301  272.55542    43.8868    12.4048 -9.990e-29
 127.474884      5.953    13.0975  32.311542    26.8170      5.900  272.39701  272.56914    44.0735    12.3724 -9.990e-29
 127.474887      5.975    13.0959  32.320770    26.8306      5.922  272.38823  272.56017    41.2720    12.5503 -9.990e-29
 127.474890      6.006    13.0980  32.326632    26.8331      5.952  272.36887  272.54089    41.2253    12.5180 0.0000e+00
 127.474893      6.037    13.1015  32.334757    26.8318      5.983  272.33925  272.51142    41.1008    12.5059 0.0000e+00
 127.474896      6.070    13.1060  32.334177    26.8318      6.016  272.32068  272.49313    41.0852    12.5018 0.0000e+00
 127.474899      6.105    13.1088  32.335802    26.8313      6.050  272.30554  272.47816    43.0930    11.9276 0.0000e+00
 127.474902      6.132    13.1107  32.334525    26.8288      6.078  272.29956  272.47231    43.0774    11.9357 0.0000e+00
 127.474905      6.163    13.1112  32.333770    26.8288      6.108  272.29868  272.47147    43.2019    12.0125 0.0000e+00
 127.474907      6.189    13.1116  32.339633    26.8287      6.133  272.28691  272.45967    43.1241    11.9559 0.0000e+00
 127.474910      6.214    13.1129  32.336208    26.8308      6.159  272.28688  272.45976    43.8868    12.5018 0.0000e+00
 127.474913      6.240    13.1134  32.336382    26.8287      6.184  272.28438  272.45729    43.8868    12.5544 -9.990e-29
 127.474916      6.262    13.1136  32.336556    26.8285      6.206  272.28314  272.45606    43.9334    12.5220 -9.990e-29
 127.474919      6.280    13.1135  32.335511    26.8277      6.224  272.28560  272.45852    43.9023    12.5180 -9.990e-29
 127.474922      6.302    13.1129  32.331913    26.8243      6.245  272.29441  272.46732    43.9023    12.5018 -9.990e-29
 127.474925      6.329    13.1119  32.330694    26.8252      6.273  272.30097  272.47384    44.1980    12.8374 0.0000e+00
 127.474928      6.355    13.1108  32.331739    26.8261      6.298  272.30423  272.47701    43.9957    12.8496 0.0000e+00
 127.474931      6.388    13.1103  32.332726    26.8273      6.330  272.30443  272.47718    44.0268    12.8738 0.0000e+00
 127.474933      6.421    13.1102  32.332784    26.8274      6.363  272.30498  272.47772    44.2292    12.8334 0.0000e+00
 127.474936      6.455    13.1103  32.333539    26.8280      6.397  272.30306  272.47580    47.0307    12.2228 0.0000e+00
 127.474939      6.484    13.1103  32.335570    26.8299      6.426  272.29954  272.47226    46.9218    12.2188 0.0000e+00
 127.474942      6.513    13.1110  32.338589    26.8310      6.455  272.29146  272.46420    46.9840    12.1581 0.0000e+00
 127.474945      6.546    13.1126  32.347123    26.8322      6.488  272.26936  272.44213    46.9685    12.1702 -9.990e-29
 127.474948      6.570    13.1159  32.344684    26.8343      6.511  272.25940  272.43238    47.7311    12.0449 -9.990e-29
 127.474951      6.599    13.1177  32.349386    26.8373      6.540  272.24333  272.41639    47.6377    12.0368 -9.990e-29
 127.474954      6.621    13.1197  32.353044    26.8393      6.562  272.22845  272.40160    47.7311    12.0692 -9.990e-29
 127.474957      6.641    13.1222  32.348573    26.8334      6.582  272.22517  272.39852    47.7311    12.0894 -9.990e-29
 127.474959      6.661    13.1226  32.352637    26.8368      6.601  272.21622  272.38956    47.7934    12.9466 -9.990e-29
 127.474962      6.687    13.1235  32.355076    26.8384      6.627  272.20820  272.38158    47.8245    12.9507 -9.990e-29
 127.474965      6.712    13.1250  32.358908    26.8388      6.652  272.19492  272.36835    47.7155    12.9709 -9.990e-29
 127.474968      6.743    13.1274  32.358501    26.8387      6.683  272.18521  272.35880    47.8868    12.9871 0.0000e+00
 127.474971      6.772    13.1288  32.359546    26.8388      6.712  272.17709  272.35076    47.9179    12.9466 0.0000e+00
 127.474974      6.820    13.1294  32.362159    26.8407      6.759  272.17005  272.34373    48.1358    12.5867 0.0000e+00
