Processed/SBE19plus_01907321_2022_05_05_Cast26_wfilter.cnv
* Sea-Bird SBE19plus  Data File:
* FileName = E:\Prandtl Daten\2022\CTD\Raw\SBE19plus_01907321_2022_05_05_Cast26.hex
* Software version 2.6.1.12
* Temperature SN = 7321
* Conductivity SN = 7321
* System UpLoad Time = May 05 2022 09:06:09
* <ApplicationData>
* <Seaterm232>
** Messpraktikum 2022
** CTD 05.05 NP2
# nquan = 11
# nvalues = 458                         
# units = specified
# name 0 = timeJ: Julian Days
# name 1 = prdM: Pressure, Strain Gauge [db]
# name 2 = tv290C: Temperature [ITS-90, deg C]
# name 3 = c0mS/cm: Conductivity [mS/cm]
# name 4 = sal00: Salinity, Practical [PSU]
# name 5 = depSM: Depth [salt water, m], lat = 54.00
# name 6 = oxsatMm/Kg: Oxygen Saturation, Weiss [umol/kg]
# name 7 = oxsolMm/Kg: Oxygen Saturation, Garcia & Gordon [umol/kg]
# name 8 = turbWETntu0: Turbidity, WET Labs ECO [NTU]
# name 9 = flECO-AFL: Fluorescence, WET Labs ECO-AFL/FL [mg/m^3]
# name 10 = flag:  0.000e+00
# span 0 = 125.375339, 125.376661       
# span 1 =      0.644,     11.302       
# span 2 =    11.5811,    12.0826       
# span 3 =  31.754515,  32.074924       
# span 4 =    27.2046,    27.5568       
# span 5 =      0.638,     11.200       
# span 6 =  277.53706,  280.08330       
# span 7 =  277.64557,  280.15796       
# span 8 =     5.7078,    32.0580       
# span 9 =     4.4024,    10.8722       
# span 10 = 0.0000e+00, 0.0000e+00      
# interval = seconds: 0.25
# start_time = May 05 2022 08:59:12 [Instrument's time stamp, header]
# bad_flag = -9.990e-29
*END*
 125.375339      0.644    12.0815  31.956728    27.2167      0.638  277.54155  277.65002     6.8284     4.4995 -9.990e-29
 125.375341      0.664    12.0815  31.955919    27.2160      0.658  277.54304  277.65153     7.5755     4.4792 -9.990e-29
 125.375344      0.681    12.0818  31.955514    27.2154      0.675  277.54254  277.65104     7.4198     4.4954 -9.990e-29
 125.375347      0.693    12.0815  31.957710    27.2176      0.687  277.53947  277.64793     7.5755     4.4833 -9.990e-29
 125.375350      0.708    12.0818  31.956728    27.2165      0.701  277.54033  277.64882     7.5443     4.4833 -9.990e-29
 125.375353      0.730    12.0818  31.956092    27.2151      0.723  277.54119  277.64970     5.7078     4.4105 -9.990e-29
 125.375356      0.757    12.0813  31.954879    27.2160      0.750  277.54564  277.65413     5.8012     4.4469 0.0000e+00
 125.375359      0.784    12.0807  31.956324    27.2169      0.777  277.54585  277.65428     5.9257     4.4226 0.0000e+00
 125.375362      0.813    12.0808  31.957306    27.2171      0.806  277.54344  277.65187     5.9257     4.4226 0.0000e+00
 125.375365      0.844    12.0815  31.957133    27.2171      0.837  277.54094  277.64941     5.7545     4.4024 0.0000e+00
 125.375367      0.870    12.0821  31.957711    27.2171      0.862  277.53706  277.64557     6.3926     4.8998 0.0000e+00
 125.375370      0.895    12.0826  31.956324    27.2155      0.887  277.53741  277.64597     6.4237     4.8917 0.0000e+00
 125.375373      0.923    12.0823  31.955919    27.2154      0.914  277.53943  277.64798     6.4393     4.9079 0.0000e+00
 125.375376      0.954    12.0817  31.954880    27.2153      0.945  277.54420  277.65271     6.5638     4.9281 -9.990e-29
 125.375379      0.977    12.0807  31.954302    27.2149      0.968  277.54969  277.65814     7.4510     4.9200 -9.990e-29
 125.375382      1.004    12.0798  31.953089    27.2144      0.996  277.55603  277.66443     7.4976     4.8876 -9.990e-29
 125.375385      1.021    12.0785  31.952049    27.2143      1.012  277.56362  277.67195     7.4354     4.9402 -9.990e-29
 125.375388      1.037    12.0772  31.951876    27.2151      1.028  277.56994  277.67818     7.4821     4.9119 -9.990e-29
 125.375391      1.062    12.0760  31.948698    27.2130      1.053  277.58146  277.68964     7.2331     4.7663 -9.990e-29
 125.375394      1.080    12.0741  31.948930    27.2146      1.071  277.58956  277.69761     7.3264     4.7744 -9.990e-29
 125.375396      1.104    12.0727  31.948294    27.2136      1.095  277.59674  277.70470     7.3576     4.7825 -9.990e-29
 125.375399      1.130    12.0718  31.946099    27.2137      1.120  277.60519  277.71311     7.2175     4.7744 0.0000e+00
 125.375402      1.155    12.0707  31.945522    27.2136      1.145  277.61100  277.71885     6.6572     4.8513 0.0000e+00
 125.375405      1.186    12.0690  31.943673    27.2135      1.176  277.62198  277.72973     6.4082     4.8472 0.0000e+00
 125.375408      1.212    12.0674  31.946273    27.2133      1.201  277.62480  277.73241     6.5171     4.8674 -9.990e-29
 125.375411      1.232    12.0674  31.944482    27.2153      1.221  277.62778  277.73541     6.4548     4.8513 -9.990e-29
 125.375414      1.259    12.0671  31.944309    27.2153      1.248  277.62938  277.73700     6.5638     4.8755 0.0000e+00
 125.375417      1.288    12.0664  31.943096    27.2153      1.277  277.63509  277.74267     8.2292     5.5629 -9.990e-29
 125.375420      1.305    12.0651  31.942923    27.2154      1.293  277.64110  277.74859     8.2914     5.5387 -9.990e-29
 125.375422      1.323    12.0643  31.943905    27.2169      1.311  277.64309  277.75051     8.3226     5.5427 -9.990e-29
 125.375425      1.341    12.0646  31.941017    27.2140      1.329  277.64714  277.75461     8.3848     5.5629 -9.990e-29
 125.375428      1.358    12.0634  31.930908    27.2053      1.345  277.67075  277.77825     9.2564     5.5993 -9.990e-29
 125.375431      1.378    12.0573  31.931486    27.2103      1.365  277.69745  277.80452     9.2408     5.6195 -9.990e-29
 125.375434      1.400    12.0520  31.931487    27.2153      1.387  277.72144  277.82814     9.1630     5.6559 -9.990e-29
 125.375437      1.426    12.0494  31.930678    27.2103      1.413  277.73461  277.84114     9.3187     5.6276 0.0000e+00
 125.375440      1.457    12.0466  31.918087    27.2098      1.444  277.77036  277.87684     9.0696     5.9188 0.0000e+00
 125.375443      1.486    12.0386  31.916529    27.2054      1.472  277.80952  277.91545     9.0229     5.9188 0.0000e+00
 125.375446      1.515    12.0304  31.904691    27.2075      1.501  277.86820  277.97369     8.9918     5.8824 0.0000e+00
 125.375448      1.544    12.0215  31.900939    27.2046      1.530  277.91550  278.02041     9.0074     5.8783 0.0000e+00
 125.375451      1.575    12.0121  31.884716    27.2075      1.561  277.98763  278.09207     9.7233     5.8783 0.0000e+00
 125.375454      1.602    11.9967  31.885930    27.2052      1.588  278.05515  278.15850     9.8634     5.8783 0.0000e+00
 125.375457      1.628    11.9867  31.884950    27.2114      1.613  278.10240  278.20506     9.7233     5.8824 -9.990e-29
 125.375460      1.646    11.9814  31.878370    27.2154      1.631  278.13851  278.24088     9.7233     5.8743 -9.990e-29
 125.375463      1.664    11.9746  31.877158    27.2192      1.649  278.17168  278.27357     9.8167     5.8945 -9.990e-29
 125.375466      1.679    11.9695  31.865788    27.2122      1.664  278.21568  278.31734     8.8050     5.8622 -9.990e-29
 125.375469      1.697    11.9606  31.858805    27.2121      1.681  278.26896  278.37008     8.7428     5.8783 -9.990e-29
 125.375472      1.719    11.9493  31.852227    27.2140      1.703  278.33191  278.43232     8.7272     5.8743 -9.990e-29
 125.375475      1.742    11.9390  31.848535    27.2247      1.727  278.38576  278.48549     8.7895     5.8864 -9.990e-29
 125.375477      1.770    11.9312  31.849633    27.2254      1.754  278.41878  278.51795    11.0619     6.0765 0.0000e+00
 125.375480      1.799    11.9280  31.848652    27.2262      1.783  278.43544  278.53439    11.0619     5.9996 0.0000e+00
 125.375483      1.826    11.9262  31.857597    27.2314      1.810  278.42682  278.52555    11.0930     6.0118 0.0000e+00
 125.375486      1.852    11.9291  31.855000    27.2314      1.835  278.41870  278.51766    11.0930     6.0118 0.0000e+00
 125.375489      1.879    11.9317  31.854596    27.2291      1.862  278.40780  278.50694    10.5015     6.1533 0.0000e+00
 125.375492      1.905    11.9324  31.851018    27.2271      1.888  278.41095  278.51019    10.5949     6.1210 0.0000e+00
 125.375495      1.931    11.9303  31.848999    27.2251      1.913  278.42448  278.52359    10.4860     6.1776 -9.990e-29
 125.375498      1.951    11.9271  31.847845    27.2260      1.933  278.44082  278.53973    10.5638     6.1654 -9.990e-29
 125.375501      1.967    11.9245  31.845826    27.2260      1.950  278.45656  278.55529    10.3459     6.0846 -9.990e-29
 125.375503      1.987    11.9223  31.841037    27.2231      1.969  278.47552  278.57415    10.2525     6.0603 -9.990e-29
 125.375506      2.005    11.9182  31.834056    27.2195      1.987  278.50705  278.60547    10.2836     6.1048 -9.990e-29
 125.375509      2.023    11.9107  31.830480    27.2222      2.005  278.54776  278.64569    10.1903     6.0805 -9.990e-29
 125.375512      2.055    11.9030  31.825288    27.2248      2.036  278.59210  278.68955    10.2214     6.0563 0.0000e+00
 125.375515      2.086    11.8959  31.825116    27.2273      2.067  278.62494  278.72190    10.0191     6.1776 0.0000e+00
 125.375518      2.113    11.8916  31.831463    27.2340      2.094  278.63247  278.72905    10.0969     6.1735 0.0000e+00
 125.375521      2.143    11.8920  31.829270    27.2340      2.124  278.63465  278.73129    10.0191     6.1533 0.0000e+00
 125.375524      2.172    11.8925  31.823501    27.2282      2.152  278.64345  278.74019     9.9568     6.1452 0.0000e+00
 125.375527      2.199    11.8893  31.817560    27.2249      2.179  278.66899  278.76556    10.8440     6.3555 0.0000e+00
 125.375530      2.228    11.8831  31.808563    27.2229      2.208  278.71344  278.80968    10.6883     6.3717 0.0000e+00
 125.375532      2.254    11.8733  31.809372    27.2208      2.233  278.75678  278.85232    10.7039     6.3474 -9.990e-29
 125.375535      2.276    11.8672  31.811968    27.2357      2.255  278.77976  278.87484    10.7506     6.3434 -9.990e-29
 125.375538      2.294    11.8655  31.811968    27.2369      2.273  278.78734  278.88230    10.2836     6.3959 -9.990e-29
 125.375541      2.307    11.8656  31.809372    27.2344      2.286  278.79153  278.88653    10.3770     6.3919 -9.990e-29
 125.375544      2.323    11.8639  31.807008    27.2334      2.303  278.80382  278.89872    10.2681     6.4161 -9.990e-29
 125.375547      2.345    11.8614  31.803779    27.2321      2.324  278.82118  278.91594    10.4082     6.4283 -9.990e-29
 125.375550      2.369    11.8583  31.801414    27.2322      2.348  278.83978  278.93435    12.1513     6.3514 -9.990e-29
 125.375553      2.391    11.8539  31.801992    27.2359      2.369  278.85861  278.95286    12.2447     6.3474 -9.990e-29
 125.375556      2.422    11.8506  31.801415    27.2378      2.400  278.87485  278.96887    12.1513     6.3595 -9.990e-29
 125.375558      2.446    11.8492  31.801243    27.2395      2.424  278.88150  278.97543    12.1358     6.3353 -9.990e-29
 125.375561      2.475    11.8484  31.801589    27.2389      2.453  278.88435  278.97822    12.1513     6.3353 0.0000e+00
 125.375564      2.502    11.8481  31.800205    27.2389      2.480  278.88851  278.98237    11.7622     6.5213 0.0000e+00
 125.375567      2.530    11.8470  31.796860    27.2384      2.507  278.89947  278.99329    11.7622     6.5536 -9.990e-29
 125.375570      2.553    11.8444  31.795822    27.2370      2.531  278.91340  279.00705    11.7778     6.5738 -9.990e-29
 125.375573      2.577    11.8415  31.795823    27.2391      2.554  278.92667  279.02012    11.6689     6.5253 -9.990e-29
 125.375576      2.601    11.8402  31.796227    27.2404      2.578  278.93162  279.02497    10.9840     6.4566 -9.990e-29
 125.375579      2.619    11.8391  31.794266    27.2393      2.596  278.94032  279.03362    11.0619     6.5132 -9.990e-29
 125.375582      2.639    11.8376  31.793863    27.2400      2.616  278.94803  279.04122    11.0152     6.4768 -9.990e-29
 125.375584      2.656    11.8365  31.791441    27.2386      2.632  278.95759  279.05073    10.9996     6.4889 -9.990e-29
 125.375587      2.679    11.8348  31.790692    27.2404      2.655  278.96657  279.05960    10.8440     6.6062 -9.990e-29
 125.375590      2.708    11.8330  31.790692    27.2407      2.684  278.97511  279.06801    11.0619     6.6183 0.0000e+00
 125.375593      2.734    11.8314  31.790058    27.2407      2.710  278.98325  279.07605    10.9529     6.6143 0.0000e+00
 125.375596      2.767    11.8307  31.790289    27.2409      2.742  278.98631  279.07905    11.0307     6.5819 -9.990e-29
 125.375599      2.792    11.8298  31.789654    27.2417      2.767  278.99129  279.08399    11.6844     6.7194 -9.990e-29
 125.375602      2.816    11.8281  31.790462    27.2437      2.791  278.99770  279.09026    11.7000     6.6952 -9.990e-29
 125.375605      2.851    11.8260  31.790693    27.2454      2.825  279.00676  279.09917    11.7311     6.7032 -9.990e-29
 125.375608      2.876    11.8242  31.792884    27.2488      2.850  279.01092  279.10317    11.7467     6.7437 -9.990e-29
 125.375611      2.900    11.8230  31.791674    27.2486      2.874  279.01886  279.11105    11.7311     6.7032 -9.990e-29
 125.375613      2.916    11.8226  31.791443    27.2487      2.890  279.02120  279.11335    11.7467     6.5698 -9.990e-29
 125.375616      2.936    11.8224  31.792654    27.2499      2.910  279.01959  279.11172    11.7311     6.5941 -9.990e-29
 125.375619      2.952    11.8221  31.792481    27.2499      2.926  279.02119  279.11330    11.7155     6.5981 -9.990e-29
 125.375622      2.965    11.8219  31.794673    27.2521      2.939  279.01807  279.11015    11.7311     6.5738 -9.990e-29
 125.375625      2.981    11.8212  31.796230    27.2542      2.955  279.01866  279.11067    11.0774     6.7113 -9.990e-29
 125.375628      3.005    11.8195  31.799633    27.2623      2.979  279.01993  279.11178    11.0152     6.7113 -9.990e-29
 125.375631      3.034    11.8178  31.802228    27.2614      3.007  279.02301  279.11471    11.1552     6.7275 0.0000e+00
 125.375634      3.062    11.8166  31.799402    27.2610      3.034  279.03365  279.12529    10.9840     6.7518 0.0000e+00
 125.375637      3.092    11.8164  31.799806    27.2610      3.065  279.03386  279.12549    10.2836     6.5334 0.0000e+00
 125.375639      3.122    11.8172  31.801709    27.2621      3.094  279.02688  279.11854    10.2681     6.5375 0.0000e+00
 125.375642      3.149    11.8183  31.802401    27.2622      3.121  279.02056  279.11229    10.2525     6.5455 0.0000e+00
 125.375645      3.176    11.8187  31.804016    27.2621      3.148  279.01569  279.10743    10.2214     6.5375 -9.990e-29
 125.375648      3.201    11.8204  31.807592    27.2654      3.173  279.00118  279.09300    10.7506     6.6062 -9.990e-29
 125.375651      3.221    11.8246  31.807765    27.2625      3.193  278.98163  279.07375    10.5794     6.6345 -9.990e-29
 125.375654      3.241    11.8291  31.810763    27.2621      3.213  278.95588  279.04828    10.7194     6.5900 -9.990e-29
 125.375657      3.260    11.8338  31.814166    27.2618      3.231  278.92812  279.02082    10.8595     6.5779 -9.990e-29
 125.375660      3.276    11.8405  31.816934    27.2596      3.247  278.89271  278.98585    10.7817     6.6588 -9.990e-29
 125.375663      3.301    11.8479  31.815145    27.2524      3.272  278.86198  278.95567    10.6572     6.4768 -9.990e-29
 125.375666      3.320    11.8511  31.814741    27.2501      3.290  278.84823  278.94215    10.6416     6.4728 -9.990e-29
 125.375668      3.349    11.8521  31.815953    27.2501      3.319  278.84158  278.93556    10.6572     6.4849 0.0000e+00
 125.375671      3.378    11.8528  31.816529    27.2501      3.348  278.83738  278.93140    10.7817     6.4687 0.0000e+00
 125.375674      3.404    11.8527  31.814165    27.2501      3.374  278.84210  278.93614    10.6883     6.5617 -9.990e-29
 125.375677      3.428    11.8514  31.815780    27.2517      3.397  278.84511  278.93904    10.7194     6.5860 -9.990e-29
 125.375680      3.455    11.8502  31.816126    27.2517      3.424  278.85017  278.94401    10.6883     6.6385 0.0000e+00
 125.375683      3.485    11.8500  31.816761    27.2517      3.454  278.84996  278.94377    10.7506     6.6102 -9.990e-29
 125.375686      3.507    11.8500  31.819530    27.2550      3.475  278.84452  278.93831    10.9529     6.5375 -9.990e-29
 125.375689      3.536    11.8507  31.820510    27.2554      3.504  278.83957  278.93340    11.0930     6.5294 -9.990e-29
 125.375692      3.553    11.8518  31.819760    27.2539      3.521  278.83624  278.93015    10.9685     6.5375 -9.990e-29
 125.375694      3.567    11.8525  31.821145    27.2547      3.536  278.83053  278.92447    10.9529     6.4889 -9.990e-29
 125.375697      3.582    11.8530  31.823741    27.2567      3.550  278.82320  278.91715    11.8556     6.5455 -9.990e-29
 125.375700      3.599    11.8533  31.825702    27.2584      3.566  278.81831  278.91226    11.6377     6.5375 -9.990e-29
 125.375703      3.617    11.8533  31.826914    27.2613      3.584  278.81608  278.91002    11.5288     6.5334 -9.990e-29
 125.375706      3.644    11.8522  31.827894    27.2624      3.612  278.81932  278.91317    11.7467     6.5011 0.0000e+00
 125.375709      3.675    11.8499  31.828529    27.2635      3.643  278.82858  278.92226    11.7000     6.5132 0.0000e+00
 125.375712      3.706    11.8475  31.831126    27.2677      3.673  278.83451  278.92799    12.2292     6.5294 0.0000e+00
 125.375715      3.741    11.8445  31.832511    27.2694      3.707  278.84584  278.93909    12.1669     6.5294 0.0000e+00
