Processed/SBE19plus_01907321_2022_05_06_Cast39_wfilter.cnv
* Sea-Bird SBE19plus  Data File:
* FileName = E:\Prandtl Daten\2022\CTD\Raw\SBE19plus_01907321_2022_05_05_Cast39.hex
* Software version 2.6.1.12
* Temperature SN = 7321
* Conductivity SN = 7321
* System UpLoad Time = May 06 2022 07:37:29
* <ApplicationData>
* <Seaterm232>
** Messpraktikum 2022
** CTD 06.05 BE
# nquan = 11
# nvalues = 391                         
# units = specified
# name 0 = timeJ: Julian Days
# name 1 = prdM: Pressure, Strain Gauge [db]
# name 2 = tv290C: Temperature [ITS-90, deg C]
# name 3 = c0mS/cm: Conductivity [mS/cm]
# name 4 = sal00: Salinity, Practical [PSU]
# name 5 = depSM: Depth [salt water, m], lat = 54.00
# name 6 = oxsatMm/Kg: Oxygen Saturation, Weiss [umol/kg]
# name 7 = oxsolMm/Kg: Oxygen Saturation, Garcia & Gordon [umol/kg]
# name 8 = turbWETntu0: Turbidity, WET Labs ECO [NTU]
# name 9 = flECO-AFL: Fluorescence, WET Labs ECO-AFL/FL [mg/m^3]
# name 10 = flag:  0.000e+00
# span 0 = 123.329933, 123.331062       
# span 1 =      0.532,      9.366       
# span 2 =    11.8133,    11.9479       
# span 3 =  31.728262,  32.324441       
# span 4 =    27.1827,    27.6588       
# span 5 =      0.527,      9.282       
# span 6 =  277.47277,  279.09579       
# span 7 =  277.56793,  279.18929       
# span 8 =    11.8868,    22.5949       
# span 9 =     3.9050,     9.8128       
# span 10 = 0.0000e+00, 0.0000e+00      
# interval = seconds: 0.25
# start_time = May 03 2022 07:53:18 [Instrument's time stamp, header]
# bad_flag = -9.990e-29
*END*
[from data line 132]
 123.330315      3.568    11.8196  32.148937    27.5896      3.536  278.37103  278.45898    14.1124     6.6709 -9.990e-29
 123.330318      3.585    11.8205  32.149806    27.5898      3.553  278.36567  278.45367    14.1280     6.6709 -9.990e-29
 123.330321      3.599    11.8210  32.150038    27.5896      3.567  278.36275  278.45079    14.2058     6.6507 -9.990e-29
 123.330324      3.612    11.8216  32.152412    27.5914      3.580  278.35584  278.44389    14.1591     6.6830 -9.990e-29
 123.330327      3.627    11.8222  32.156235    27.5946      3.594  278.34594  278.43399    14.6727     6.5294 -9.990e-29
 123.330330      3.649    11.8233  32.159884    27.5972      3.616  278.33448  278.42257    14.7350     6.5415 -9.990e-29
 123.330333      3.669    11.8250  32.162085    27.5980      3.636  278.32258  278.41077    14.5015     6.5455 -9.990e-29
 123.330336      3.694    11.8265  32.166372    27.6010      3.661  278.30775  278.39600    14.6261     6.5294 -9.990e-29
 123.330339      3.720    11.8282  32.166835    27.6002      3.686  278.29940  278.38776    14.5794     6.5375 -9.990e-29
 123.330341      3.742    11.8294  32.167125    27.5995      3.708  278.29324  278.38169    13.9568     6.7154 -9.990e-29
 123.330344      3.767    11.8300  32.167530    27.5999      3.733  278.28968  278.37817    13.9412     6.7356 -9.990e-29
 123.330347      3.793    11.8302  32.168167    27.6007      3.759  278.28789  278.37639    13.8634     6.7194 0.0000e+00
 123.330350      3.824    11.8306  32.170195    27.6015      3.789  278.28227  278.37077    13.8167     6.7396 0.0000e+00
 123.330353      3.856    11.8312  32.171412    27.6023      3.822  278.27753  278.36606    14.9529     7.1885 0.0000e+00
 123.330356      3.887    11.8317  32.173208    27.6027      3.852  278.27172  278.36026    14.9840     7.1925 0.0000e+00
 123.330359      3.918    11.8323  32.172802    27.6031      3.883  278.26967  278.35827    14.7194     7.1763 0.0000e+00
 123.330362      3.947    11.8328  32.173150    27.6027      3.912  278.26686  278.35548    14.7661     7.1602 -9.990e-29
 123.330365      3.971    11.8330  32.174598    27.6038      3.936  278.26325  278.35187    15.3264     7.1804 -9.990e-29
 123.330367      3.984    11.8332  32.176452    27.6054      3.949  278.25888  278.34750    15.4510     7.2047 -9.990e-29
 123.330370      4.002    11.8339  32.178248    27.6067      3.966  278.25274  278.34139    15.2331     7.1844 -9.990e-29
 123.330373      4.008    11.8349  32.178827    27.6065      3.972  278.24698  278.33569    15.3576     7.2127 -9.990e-29
 123.330376      4.015    11.8356  32.180044    27.6071      3.979  278.24159  278.33034    16.0891     7.3340 -9.990e-29
 123.330379      4.021    11.8363  32.181898    27.6083      3.985  278.23503  278.32380    16.0113     7.3260 -9.990e-29
 123.330382      4.032    11.8371  32.189083    27.6145      3.996  278.21795  278.30671    16.1047     7.3179 -9.990e-29
 123.330385      4.048    11.8393  32.197021    27.6194      4.012  278.19354  278.28236    16.0424     7.3340 -9.990e-29
 123.330388      4.078    11.8425  32.198412    27.6198      4.041  278.17627  278.26531    16.0268     7.3017 0.0000e+00
 123.330391      4.118    11.8453  32.201483    27.6194      4.081  278.15808  278.24729    15.6689     7.3785 0.0000e+00
 123.330394      4.159    11.8479  32.202468    27.6202      4.122  278.14471  278.23408    15.6844     7.3826 0.0000e+00
 123.330396      4.199    11.8498  32.205076    27.6201      4.162  278.13114  278.22062    15.6844     7.4028 0.0000e+00
 123.330399      4.241    11.8515  32.206293    27.6202      4.203  278.12140  278.21099    15.6844     7.4068 0.0000e+00
 123.330402      4.278    11.8525  32.209539    27.6213      4.240  278.11072  278.20034    15.9179     7.4918 0.0000e+00
 123.330405      4.307    11.8539  32.208553    27.6224      4.269  278.10630  278.19604    15.9646     7.5160 -9.990e-29
 123.330408      4.324    11.8552  32.212958    27.6237      4.285  278.09252  278.18230    15.9023     7.5403 -9.990e-29
 123.330411      4.338    11.8568  32.213190    27.6227      4.299  278.08490  278.17479    15.8868     7.5160 -9.990e-29
 123.330414      4.347    11.8578  32.212552    27.6214      4.308  278.08139  278.17137    17.0385     7.3179 -9.990e-29
 123.330417      4.354    11.8584  32.214175    27.6224      4.315  278.07558  278.16557    17.1319     7.2896 -9.990e-29
 123.330420      4.360    11.8590  32.214581    27.6224      4.321  278.07201  278.16205    17.0385     7.2896 -9.990e-29
 123.330422      4.374    11.8597  32.215624    27.6226      4.335  278.06696  278.15704    17.0229     7.3300 -9.990e-29
 123.330425      4.400    11.8602  32.215682    27.6234      4.360  278.06499  278.15510    16.8206     7.5120 0.0000e+00
 123.330428      4.429    11.8606  32.217827    27.6243      4.389  278.05916  278.14927    16.8206     7.5322 0.0000e+00
 123.330431      4.463    11.8616  32.219044    27.6247      4.423  278.05224  278.14241    16.8206     7.5322 0.0000e+00
 123.330434      4.492    11.8627  32.221885    27.6256      4.452  278.04199  278.13221    16.8050     7.5201 0.0000e+00
 123.330437      4.525    11.8640  32.221885    27.6260      4.485  278.03638  278.12669    16.9607     7.4918 0.0000e+00
 123.330440      4.564    11.8652  32.223913    27.6256      4.523  278.02733  278.11770    16.3226     8.1468 -9.990e-29
 123.330443      4.586    11.8663  32.224725    27.6265      4.545  278.02084  278.11128    16.3226     8.1306 -9.990e-29
 123.330446      4.610    11.8672  32.226058    27.6271      4.568  278.01400  278.10450    16.4315     8.1590 -9.990e-29
 123.330448      4.620    11.8683  32.225710    27.6259      4.579  278.00965  278.10023    16.4626     8.1994 -9.990e-29
 123.330451      4.637    11.8693  32.230986    27.6303      4.595  277.99583  278.08641    17.8634     8.2520 -9.990e-29
 123.330454      4.646    11.8708  32.231971    27.6300      4.605  277.98681  278.07750    17.7700     8.2196 -9.990e-29
 123.330457      4.661    11.8726  32.236029    27.6326      4.619  277.97149  278.06225    17.7856     8.2520 -9.990e-29
 123.330460      4.681    11.8747  32.241479    27.6362      4.639  277.95203  278.04288    17.7700     8.2277 -9.990e-29
 123.330463      4.703    11.8783  32.249133    27.6406      4.661  277.92161  278.01264    16.7895     8.0457 -9.990e-29
 123.330466      4.732    11.8824  32.252206    27.6397      4.689  277.89718  277.98847    16.7428     8.0417 0.0000e+00
 123.330469      4.758    11.8865  32.253423    27.6387      4.715  277.87680  277.96837    16.8517     8.0457 0.0000e+00
 123.330472      4.785    11.8893  32.252205    27.6354      4.742  277.86625  277.95803    16.8206     8.0417 0.0000e+00
 123.330475      4.811    11.8904  32.252785    27.6353      4.768  277.86019  277.95204    16.1980     7.8961 0.0000e+00
 123.330477      4.836    11.8913  32.253191    27.6352      4.793  277.85570  277.94761    16.1980     7.9002 -9.990e-29
 123.330480      4.858    11.8915  32.251973    27.6336      4.815  277.85703  277.94897    16.0891     7.9042 -9.990e-29
 123.330483      4.887    11.8913  32.251858    27.6339      4.844  277.85821  277.95013    16.1358     7.9002 0.0000e+00
 123.330486      4.915    11.8911  32.252206    27.6341      4.871  277.85852  277.95042    16.1047     7.8880 0.0000e+00
 123.330489      4.944    11.8909  32.252206    27.6343      4.900  277.85948  277.95137    17.3498     8.0821 0.0000e+00
 123.330492      4.978    11.8908  32.252380    27.6343      4.934  277.85949  277.95138    17.3809     8.0902 0.0000e+00
 123.330495      5.006    11.8913  32.237826    27.6345      4.961  277.88424  277.97632    17.3187     8.1145 0.0000e+00
 123.330498      5.032    11.8922  32.253830    27.6275      4.987  277.85059  277.94256    17.2564     8.1064 0.0000e+00
 123.330501      5.061    11.8922  32.253598    27.6348      5.016  277.85073  277.94270    17.0696     8.2883 -9.990e-29
 123.330503      5.078    11.8925  32.254757    27.6354      5.032  277.84766  277.93963    17.0229     8.2964 -9.990e-29
 123.330506      5.094    11.8929  32.255047    27.6354      5.048  277.84526  277.93726    17.0229     8.2803 -9.990e-29
 123.330509      5.107    11.8930  32.251974    27.6324      5.061  277.85032  277.94237    17.0541     8.2803 -9.990e-29
 123.330512      5.112    11.8924  32.253830    27.6346      5.066  277.84971  277.94169    17.3498     7.6858 -9.990e-29
 123.330515      5.114    11.8920  32.253424    27.6345      5.068  277.85203  277.94399    17.2564     7.6980 -9.990e-29
 123.330518      5.123    11.8920  32.253018    27.6341      5.077  277.85310  277.94506    17.3187     7.7101 -9.990e-29
 123.330521      5.134    11.8918  32.254004    27.6352      5.088  277.85191  277.94385    17.3031     7.7101 -9.990e-29
 123.330524      5.153    11.8922  32.254816    27.6347      5.106  277.84854  277.94050    18.0969     8.2600 -9.990e-29
 123.330527      5.180    11.8925  32.254004    27.6346      5.133  277.84912  277.94111    18.1280     8.2722 0.0000e+00
 123.330530      5.214    11.8925  32.253830    27.6345      5.168  277.84947  277.94145    18.0657     8.3045 0.0000e+00
 123.330532      5.249    11.8921  32.253192    27.6342      5.202  277.85224  277.94420    17.9568     8.2843 0.0000e+00
 123.330535      5.286    11.8916  32.251221    27.6337      5.238  277.85810  277.95005    18.1903     8.2883 0.0000e+00
 123.330538      5.320    11.8911  32.251975    27.6332      5.273  277.85892  277.95083    16.8517     7.8719 0.0000e+00
 123.330541      5.360    11.8904  32.250873    27.6335      5.312  277.86411  277.95599    16.8984     7.8274 0.0000e+00
 123.330544      5.391    11.8897  32.250584    27.6332      5.343  277.86779  277.95963    16.8517     7.8355 -9.990e-29
 123.330547      5.411    11.8891  32.248554    27.6319      5.363  277.87438  277.96619    16.8984     7.8314 -9.990e-29
 123.330550      5.430    11.8884  32.247742    27.6317      5.381  277.87902  277.97079    16.8984     8.1145 -9.990e-29
 123.330553      5.449    11.8878  32.238059    27.6229      5.401  277.89976  277.99159    16.6650     8.1104 -9.990e-29
 123.330556      5.462    11.8872  32.247743    27.6325      5.413  277.88436  277.97604    16.8673     8.1185 -9.990e-29
 123.330558      5.479    11.8870  32.248207    27.6332      5.430  277.88477  277.97642    16.8050     8.1266 -9.990e-29
 123.330561      5.502    11.8870  32.248381    27.6333      5.453  277.88446  277.97612    16.9607     8.1428 -9.990e-29
 123.330564      5.520    11.8868  32.247975    27.6331      5.471  277.88616  277.97781    17.0696     8.1387 -9.990e-29
 123.330567      5.546    11.8867  32.248381    27.6335      5.496  277.88574  277.97738    17.1630     8.1590 -9.990e-29
 123.330570      5.569    11.8865  32.248555    27.6335      5.519  277.88606  277.97769    16.9296     8.1590 -9.990e-29
 123.330573      5.599    11.8866  32.248381    27.6341      5.549  277.88609  277.97772    17.4743     7.9487 0.0000e+00
 123.330576      5.630    11.8868  32.249599    27.6337      5.579  277.88323  277.97486    17.4899     7.9487 0.0000e+00
 123.330579      5.655    11.8869  32.248787    27.6341      5.604  277.88413  277.97578    17.5521     7.9891 0.0000e+00
 123.330582      5.682    11.8872  32.250005    27.6337      5.631  277.88064  277.97230    17.5833     7.9770 -9.990e-29
 123.330584      5.700    11.8875  32.250585    27.6349      5.649  277.87802  277.96969    17.4899     7.9487 -9.990e-29
 123.330587      5.711    11.8881  32.250817    27.6347      5.660  277.87509  277.96680    16.3070     8.2317 -9.990e-29
 123.330590      5.718    11.8885  32.250179    27.6338      5.667  277.87440  277.96615    16.2914     8.2317 -9.990e-29
 123.330593      5.727    11.8891  32.250179    27.6333      5.676  277.87159  277.96338    16.2914     8.1994 -9.990e-29
 123.330596      5.740    11.8893  32.250817    27.6347      5.689  277.86980  277.96159    16.3226     8.1913 -9.990e-29
 123.330599      5.766    11.8894  32.251860    27.6341      5.714  277.86726  277.95905    17.0541     8.0862 0.0000e+00
 123.330602      5.806    11.8895  32.250817    27.6336      5.754  277.86859  277.96041    17.0385     8.1023 0.0000e+00
 123.330605      5.853    11.8894  32.244902    27.6294      5.801  277.88019  277.97206    17.0541     8.1226 0.0000e+00
 123.330608      5.899    11.8879  32.245135    27.6294      5.847  277.88667  277.97843    17.1163     8.0821 0.0000e+00
 123.330611      5.950    11.8863  32.247570    27.6328      5.897  277.88909  277.98071    17.5988     7.8719 0.0000e+00
 123.330613      5.989    11.8861  32.247570    27.6329      5.935  277.89005  277.98166    17.4276     7.8516 0.0000e+00
 123.330616      6.022    11.8859  32.242990    27.6330      5.968  277.89949  277.99113    17.5677     7.8274 -9.990e-29
 123.330619      6.036    11.8847  32.243280    27.6300      5.982  277.90459  277.99614    17.5521     7.8516 -9.990e-29
 123.330622      6.036    11.8840  32.245947    27.6330      5.982  277.90278  277.99426    17.0541     7.7748 -9.990e-29
 123.330625      6.029    11.8843  32.244903    27.6318      5.975  277.90346  277.99496    16.8673     7.7627 -9.990e-29
 123.330628      6.019    11.8846  32.244497    27.6312      5.965  277.90264  277.99417    16.9918     7.7263 -9.990e-29
 123.330631      6.009    11.8844  32.245947    27.6327      5.956  277.90089  277.99239    17.0229     7.7505 -9.990e-29
 123.330634      6.013    11.8847  32.247745    27.6342      5.959  277.89600  277.98751    17.0541     7.7950 -9.990e-29
 123.330637      6.035    11.8857  32.248034    27.6331      5.981  277.89110  277.98268    17.2720     7.9689 -9.990e-29
 123.330639      6.070    11.8864  32.247977    27.6336      6.015  277.88810  277.97973    17.3187     7.9689 0.0000e+00
 123.330642      6.120    11.8871  32.249600    27.6341      6.066  277.88201  277.97366    17.2875     7.9851 0.0000e+00
 123.330645      6.171    11.8879  32.251224    27.6351      6.116  277.87560  277.96729    17.2097     7.9770 0.0000e+00
 123.330648      6.221    11.8886  32.252384    27.6356      6.165  277.87005  277.96178    16.9296     7.5645 0.0000e+00
 123.330651      6.259    11.8895  32.253428    27.6358      6.203  277.86439  277.95617    16.8829     7.5767 0.0000e+00
 123.330654      6.292    11.8902  32.252210    27.6360      6.235  277.86322  277.95507    16.7895     7.6009 -9.990e-29
 123.330657      6.312    11.8906  32.251456    27.6332      6.255  277.86275  277.95464    16.7895     7.5767 -9.990e-29
 123.330660      6.323    11.8908  32.253196    27.6347      6.266  277.85892  277.95080    18.9996     8.4218 -9.990e-29
 123.330663      6.321    11.8909  32.252616    27.6341      6.264  277.85937  277.95126    18.9840     8.4177 -9.990e-29
 123.330666      6.319    11.8909  32.253022    27.6345      6.263  277.85893  277.95081    19.0619     8.4097 -9.990e-29
 123.330668      6.315    11.8910  32.255051    27.6364      6.259  277.85454  277.94642    19.0152     8.4016 -9.990e-29
 123.330671      6.324    11.8916  32.254413    27.6353      6.268  277.85292  277.94484    20.3537     8.4905 -9.990e-29
 123.330674      6.341    11.8922  32.254355    27.6348      6.284  277.85053  277.94250    20.3226     8.4946 -9.990e-29
 123.330677      6.364    11.8925  32.254819    27.6344      6.308  277.84813  277.94011    20.3226     8.4622 -9.990e-29
 123.330680      6.401    11.8926  32.254240    27.6346      6.344  277.84891  277.94091    20.2603     8.4946 0.0000e+00
 123.330683      6.436    11.8925  32.254646    27.6348      6.378  277.84881  277.94079    20.3226     8.4905 0.0000e+00
 123.330686      6.476    11.8927  32.259111    27.6389      6.418  277.83933  277.93128    20.3848     8.6644 0.0000e+00
 123.330689      6.516    11.8941  32.260735    27.6394      6.458  277.83041  277.92244    20.2292     8.6725 0.0000e+00
