Processed/SBE19plus_01907321_2022_05_04_Cast14_wfilter.cnv
* Sea-Bird SBE19plus  Data File:
* FileName = E:\Prandtl Daten\2022\CTD\Raw\SBE19plus_01907321_2022_05_04_Cast14.hex
* Software version 2.6.1.12
* Temperature SN = 7321
* Conductivity SN = 7321
* System UpLoad Time = May 04 2022 08:58:03
* <ApplicationData>
* <Seaterm232>
** Messpraktikum 2022
** CTD 04.05 SW4
# nquan = 11
# nvalues = 416                         
# units = specified
# name 0 = timeJ: Julian Days
# name 1 = prdM: Pressure, Strain Gauge [db]
# name 2 = tv290C: Temperature [ITS-90, deg C]
# name 3 = c0mS/cm: Conductivity [mS/cm]
# name 4 = sal00: Salinity, Practical [PSU]
# name 5 = depSM: Depth [salt water, m], lat = 54.00
# name 6 = oxsatMm/Kg: Oxygen Saturation, Weiss [umol/kg]
# name 7 = oxsolMm/Kg: Oxygen Saturation, Garcia & Gordon [umol/kg]
# name 8 = turbWETntu0: Turbidity, WET Labs ECO [NTU]
# name 9 = flECO-AFL: Fluorescence, WET Labs ECO-AFL/FL [mg/m^3]
# name 10 = flag:  0.000e+00
# span 0 = 124.367911, 124.369112       
# span 1 =      0.676,     10.897       
# span 2 =    10.9032,    11.0265       
# span 3 =  28.531283,  30.177913       
# span 4 =    24.7107,    26.3597       
# span 5 =      0.670,     10.799       
# span 6 =  286.35821,  289.07618       
# span 7 =  286.40394,  289.14931       
# span 8 =    32.6961,    63.8089       
# span 9 =    10.2495,    14.7703       
# span 10 = 0.0000e+00, 0.0000e+00      
# interval = seconds: 0.25
# start_time = May 04 2022 08:48:40 [Instrument's time stamp, header]
# bad_flag = -9.990e-29
*END*
[from data line 132]
 124.368293      4.077    11.0070  28.560559    24.7492      4.041  289.04480  289.11740    38.4860    11.8912 -9.990e-29
 124.368296      4.104    11.0069  28.561500    24.7492      4.068  289.04332  289.11590    38.4237    11.8670 0.0000e+00
 124.368299      4.132    11.0070  28.562994    24.7492      4.095  289.03975  289.11233    39.2175    12.5787 -9.990e-29
 124.368302      4.155    11.0073  28.562219    24.7496      4.118  289.04028  289.11287    39.2331    12.5787 -9.990e-29
 124.368304      4.166    11.0075  28.560559    24.7479      4.129  289.04252  289.11515    39.1085    12.6070 -9.990e-29
 124.368307      4.172    11.0076  28.562053    24.7492      4.134  289.03894  289.11156    39.2019    12.5625 -9.990e-29
 124.368310      4.177    11.0076  28.562440    24.7496      4.140  289.03819  289.11080    40.2447    13.0477 -9.990e-29
 124.368313      4.190    11.0077  28.562219    24.7494      4.153  289.03829  289.11092    40.1513    13.0801 -9.990e-29
 124.368316      4.198    11.0076  28.562441    24.7496      4.160  289.03820  289.11082    40.1513    13.0720 -9.990e-29
 124.368319      4.214    11.0073  28.560780    24.7482      4.176  289.04279  289.11541    40.1980    13.0639 -9.990e-29
 124.368322      4.232    11.0072  28.561334    24.7487      4.194  289.04239  289.11499    39.6689    13.2014 -9.990e-29
 124.368325      4.262    11.0068  28.560947    24.7495      4.223  289.04484  289.11742    39.7000    13.1852 0.0000e+00
 124.368328      4.309    11.0064  28.562441    24.7504      4.271  289.04430  289.11683    39.6689    13.2014 0.0000e+00
 124.368330      4.351    11.0059  28.563382    24.7516      4.312  289.04484  289.11732    39.7155    13.2216 0.0000e+00
 124.368333      4.391    11.0059  28.563714    24.7519      4.352  289.04422  289.11670    39.5443    13.1892 0.0000e+00
 124.368336      4.428    11.0062  28.564821    24.7523      4.389  289.04041  289.11290    41.3187    11.9640 0.0000e+00
 124.368339      4.461    11.0064  28.563714    24.7527      4.421  289.04158  289.11411    41.1319    11.9236 -9.990e-29
 124.368342      4.481    11.0066  28.563714    24.7514      4.441  289.04059  289.11313    41.2875    11.9478 -9.990e-29
 124.368345      4.493    11.0067  28.563493    24.7511      4.452  289.04070  289.11324    41.1630    11.9478 -9.990e-29
 124.368348      4.509    11.0065  28.563382    24.7511      4.468  289.04193  289.11446    38.9373    13.3146 -9.990e-29
 124.368351      4.521    11.0063  28.563548    24.7514      4.481  289.04262  289.11513    38.9685    13.3429 -9.990e-29
 124.368354      4.545    11.0061  28.564821    24.7528      4.505  289.04116  289.11364    38.9996    13.3227 -9.990e-29
 124.368356      4.567    11.0061  28.563383    24.7524      4.526  289.04398  289.11648    38.8440    13.3065 -9.990e-29
 124.368359      4.600    11.0062  28.564489    24.7532      4.559  289.04151  289.11400    39.4665    13.2742 0.0000e+00
 124.368362      4.627    11.0062  28.566150    24.7540      4.586  289.03829  289.11076    39.4665    13.2701 0.0000e+00
 124.368365      4.666    11.0062  28.567035    24.7544      4.624  289.03659  289.10905    39.4510    13.2620 0.0000e+00
 124.368368      4.699    11.0064  28.566870    24.7544      4.657  289.03559  289.10808    39.5288    13.2459 0.0000e+00
 124.368371      4.735    11.0064  28.566150    24.7538      4.693  289.03736  289.10985    40.2136    11.9357 0.0000e+00
 124.368374      4.774    11.0065  28.565929    24.7537      4.731  289.03714  289.10965    40.2447    11.9640 0.0000e+00
 124.368377      4.804    11.0065  28.565929    24.7535      4.761  289.03717  289.10967    40.2136    11.9600 -9.990e-29
 124.368380      4.824    11.0065  28.566538    24.7540      4.781  289.03599  289.10849    40.1825    11.9276 -9.990e-29
 124.368383      4.837    11.0063  28.564213    24.7519      4.793  289.04154  289.11404    40.0891    11.9317 -9.990e-29
 124.368385      4.846    11.0060  28.566538    24.7543      4.803  289.03835  289.11081    39.6844    12.9709 -9.990e-29
 124.368388      4.853    11.0062  28.566870    24.7546      4.810  289.03704  289.10950    39.7934    12.9385 -9.990e-29
 124.368391      4.865    11.0062  28.566704    24.7544      4.822  289.03703  289.10951    39.6844    12.9507 -9.990e-29
 124.368394      4.880    11.0062  28.567424    24.7557      4.837  289.03598  289.10844    39.7622    12.9709 -9.990e-29
 124.368397      4.908    11.0063  28.568198    24.7560      4.864  289.03381  289.10627    39.6844    14.0788 0.0000e+00
 124.368400      4.943    11.0066  28.568973    24.7557      4.898  289.03099  289.10346    39.6844    14.1031 0.0000e+00
 124.368403      4.981    11.0067  28.568365    24.7563      4.936  289.03153  289.10402    39.6689    14.0708 0.0000e+00
 124.368406      5.025    11.0066  28.569306    24.7566      4.980  289.03040  289.10286    39.7155    14.0950 0.0000e+00
 124.368409      5.063    11.0066  28.569472    24.7567      5.017  289.03010  289.10256    40.1825    12.5787 0.0000e+00
 124.368411      5.097    11.0066  28.570800    24.7573      5.052  289.02753  289.09998    40.1669    12.5706 0.0000e+00
 124.368414      5.123    11.0064  28.570247    24.7580      5.077  289.02930  289.10174    40.1980    12.5989 -9.990e-29
 124.368417      5.135    11.0064  28.570358    24.7577      5.089  289.02943  289.10186    40.0735    12.5787 -9.990e-29
 124.368420      5.137    11.0064  28.569472    24.7568      5.091  289.03115  289.10360    42.1591    13.0477 -9.990e-29
 124.368423      5.132    11.0062  28.570247    24.7577      5.086  289.03031  289.10274    42.2369    13.0720 -9.990e-29
 124.368426      5.121    11.0060  28.570966    24.7585      5.075  289.02990  289.10231    42.2681    13.0558 -9.990e-29
 124.368429      5.129    11.0059  28.571907    24.7595      5.083  289.02874  289.10113    42.2369    13.0720 -9.990e-29
 124.368432      5.139    11.0058  28.572461    24.7620      5.093  289.02800  289.10038    42.1591    13.0760 -9.990e-29
 124.368435      5.169    11.0058  28.574509    24.7623      5.122  289.02403  289.09638    42.9529    14.2689 0.0000e+00
 124.368438      5.211    11.0058  28.575118    24.7626      5.164  289.02321  289.09555    42.9062    14.2608 0.0000e+00
 124.368440      5.265    11.0056  28.575229    24.7628      5.218  289.02370  289.09602    42.8906    14.2608 0.0000e+00
 124.368443      5.327    11.0054  28.580266    24.7677      5.280  289.01526  289.08750    42.8906    14.2446 0.0000e+00
 124.368446      5.386    11.0052  28.583422    24.7708      5.338  289.00982  289.08201    45.2720    12.0692 0.0000e+00
 124.368449      5.437    11.0050  28.588017    24.7753      5.388  289.00190  289.07402    45.2720    12.0408 0.0000e+00
 124.368452      5.479    11.0050  28.588958    24.7758      5.430  289.00042  289.07253    45.3965    12.0692 0.0000e+00
 124.368455      5.513    11.0048  28.588017    24.7763      5.464  289.00295  289.07506    45.2564    12.0611 -9.990e-29
 124.368458      5.528    11.0048  28.589346    24.7768      5.478  289.00070  289.07280    43.4043    12.2916 -9.990e-29
 124.368461      5.533    11.0050  28.592667    24.7797      5.484  288.99289  289.06496    43.4198    12.3360 -9.990e-29
 124.368464      5.533    11.0050  28.592667    24.7798      5.484  288.99323  289.06529    43.4665    12.3118 -9.990e-29
 124.368466      5.533    11.0048  28.592667    24.7799      5.484  288.99423  289.06628    43.4821    12.3118 -9.990e-29
 124.368469      5.543    11.0046  28.593443    24.7808      5.493  288.99340  289.06543    42.7039    13.2297 -9.990e-29
 124.368472      5.551    11.0045  28.595436    24.7827      5.502  288.99019  289.06218    42.7039    13.2701 -9.990e-29
 124.368475      5.568    11.0045  28.597152    24.7844      5.518  288.98685  289.05883    42.5482    13.2499 -9.990e-29
 124.368478      5.592    11.0044  28.595270    24.7836      5.542  288.99087  289.06287    42.6105    13.2903 -9.990e-29
 124.368481      5.619    11.0043  28.596211    24.7843      5.569  288.98972  289.06170    42.5638    13.2661 0.0000e+00
 124.368484      5.654    11.0043  28.597706    24.7837      5.603  288.98683  289.05879    43.1708    12.9668 0.0000e+00
 124.368487      5.685    11.0041  28.596211    24.7837      5.634  288.99044  289.06240    43.1397    12.9588 0.0000e+00
 124.368490      5.714    11.0040  28.594883    24.7833      5.663  288.99372  289.06569    43.0774    12.9466 0.0000e+00
 124.368492      5.747    11.0036  28.595492    24.7829      5.696  288.99456  289.06649    43.1708    12.9709 0.0000e+00
 124.368495      5.773    11.0031  28.595658    24.7833      5.721  288.99693  289.06882    41.9412    12.4493 -9.990e-29
 124.368498      5.795    11.0030  28.595104    24.7833      5.743  288.99835  289.07025    41.7856    12.4412 -9.990e-29
 124.368501      5.818    11.0027  28.593997    24.7825      5.766  289.00187  289.07376    41.7856    12.4735 -9.990e-29
 124.368504      5.834    11.0028  28.594883    24.7833      5.782  288.99982  289.07170    41.9724    12.4695 -9.990e-29
 124.368507      5.849    11.0026  28.595215    24.7837      5.796  289.00018  289.07205    42.0035    13.3348 -9.990e-29
 124.368510      5.867    11.0027  28.596378    24.7847      5.815  288.99726  289.06912    41.8634    13.3186 -9.990e-29
 124.368513      5.889    11.0027  28.594163    24.7842      5.836  289.00159  289.07348    41.9412    13.3429 -9.990e-29
 124.368516      5.917    11.0027  28.595825    24.7844      5.864  288.99871  289.07057    41.8634    13.3348 0.0000e+00
 124.368519      5.950    11.0027  28.596212    24.7846      5.896  288.99797  289.06983    40.9607    12.4290 0.0000e+00
 124.368521      5.988    11.0029  28.598815    24.7869      5.934  288.99192  289.06376    40.9140    12.4856 0.0000e+00
 124.368524      6.032    11.0031  28.599811    24.7877      5.978  288.98867  289.06052    40.9140    12.4654 0.0000e+00
 124.368527      6.072    11.0033  28.602525    24.7901      6.017  288.98240  289.05424    40.8984    12.4695 0.0000e+00
 124.368530      6.116    11.0033  28.603466    24.7901      6.061  288.98093  289.05275    40.9918    12.4654 0.0000e+00
 124.368533      6.159    11.0033  28.601584    24.7901      6.104  288.98463  289.05647    44.2914    11.9276 0.0000e+00
 124.368536      6.186    11.0033  28.599369    24.7892      6.131  288.98897  289.06083    44.3381    11.9600 -9.990e-29
 124.368539      6.197    11.0034  28.599369    24.7870      6.142  288.98831  289.06018    44.3381    11.9398 -9.990e-29
 124.368542      6.208    11.0038  28.599646    24.7870      6.153  288.98577  289.05767    44.2914    11.9438 -9.990e-29
 124.368545      6.210    11.0039  28.599535    24.7868      6.154  288.98532  289.05723    42.5015    13.0801 -9.990e-29
 124.368547      6.215    11.0039  28.597874    24.7852      6.160  288.98856  289.06049    42.3615    13.1043 -9.990e-29
 124.368550      6.225    11.0041  28.596213    24.7835      6.169  288.99080  289.06277    42.4237    13.1084 -9.990e-29
 124.368553      6.238    11.0040  28.597874    24.7852      6.182  288.98824  289.06018    42.2369    13.0639 -9.990e-29
 124.368556      6.260    11.0041  28.595659    24.7829      6.204  288.99224  289.06421    43.7622    13.3025 -9.990e-29
 124.368559      6.285    11.0041  28.595604    24.7848      6.229  288.99236  289.06433    43.6377    13.3065 0.0000e+00
 124.368562      6.311    11.0040  28.599369    24.7866      6.254  288.98537  289.05729    43.5288    13.2256 0.0000e+00
 124.368565      6.343    11.0037  28.601584    24.7888      6.286  288.98242  289.05429    43.7155    13.2701 0.0000e+00
 124.368568      6.369    11.0033  28.601584    24.7890      6.312  288.98477  289.05661    43.3264    12.5867 0.0000e+00
 124.368571      6.394    11.0031  28.602913    24.7892      6.337  288.98320  289.05501    43.3264    12.5948 -9.990e-29
 124.368573      6.416    11.0029  28.609946    24.7974      6.358  288.97051  289.04222    43.4665    12.5867 -9.990e-29
 124.368576      6.432    11.0027  28.617145    24.8044      6.375  288.95749  289.02909    43.4354    12.6029 -9.990e-29
 124.368579      6.453    11.0023  28.623348    24.8105      6.395  288.94708  289.01858    43.2642    12.5948 -9.990e-29
 124.368582      6.475    11.0018  28.641905    24.8389      6.417  288.91359  288.98483    45.8012    13.2095 -9.990e-29
 124.368585      6.500    11.0010  28.652155    24.8556      6.442  288.89763  288.96869    45.7389    13.1892 0.0000e+00
 124.368588      6.546    11.0002  28.686627    24.8724      6.487  288.83413  288.90471    45.6922    13.2135 0.0000e+00
 124.368591      6.590    10.9992  28.698824    24.8847      6.531  288.81539  288.88574    45.8323    13.1933 0.0000e+00
 124.368594      6.639    10.9981  28.728381    24.9136      6.580  288.76314  288.83305    44.1669    11.9802 0.0000e+00
 124.368597      6.683    10.9968  28.739807    24.9195      6.623  288.74756  288.81724    44.3070    12.0045 0.0000e+00
 124.368600      6.719    10.9956  28.745188    24.9254      6.659  288.74310  288.81262    44.1358    12.0166 -9.990e-29
 124.368602      6.743    10.9949  28.731765    24.9190      6.683  288.77262  288.84226    44.1825    12.0045 -9.990e-29
 124.368605      6.760    10.9948  28.744745    24.9315      6.699  288.74766  288.81713    44.1669    12.4735 -9.990e-29
 124.368608      6.771    10.9948  28.750792    24.9372      6.710  288.73588  288.80527    44.1202    12.4452 -9.990e-29
 124.368611      6.778    10.9945  28.762943    24.9491      6.717  288.71386  288.78308    44.1358    12.4654 -9.990e-29
 124.368614      6.784    10.9940  28.800741    24.9855      6.723  288.64250  288.71122    44.1513    12.4412 -9.990e-29
 124.368617      6.789    10.9927  28.817787    25.0027      6.728  288.61559  288.68401    43.4043    12.6514 -9.990e-29
 124.368620      6.796    10.9916  28.810679    24.9967      6.735  288.63512  288.70354    43.3264    12.6595 -9.990e-29
 124.368623      6.816    10.9908  28.814011    25.0003      6.755  288.63230  288.70063    43.3887    12.5948 -9.990e-29
 124.368626      6.840    10.9903  28.868780    25.0531      6.779  288.52818  288.59579    43.3576    12.6312 -9.990e-29
 124.368628      6.863    10.9890  28.868558    25.0537      6.802  288.53495  288.60247    43.4665    12.6636 -9.990e-29
 124.368631      6.889    10.9877  28.852501    25.0393      6.828  288.57293  288.64056    43.6689    12.3603 -9.990e-29
 124.368634      6.914    10.9873  28.845502    25.0504      6.852  288.58826  288.65595    43.7000    12.3765 -9.990e-29
 124.368637      6.940    10.9871  28.863724    25.0631      6.878  288.55374  288.62119    43.6066    12.3967 0.0000e+00
 124.368640      6.971    10.9867  28.890010    25.0758      6.909  288.50450  288.57159    43.6066    12.3886 0.0000e+00
 124.368643      7.004    10.9859  28.912413    25.0977      6.941  288.46482  288.53158    46.2525    12.3724 0.0000e+00
 124.368646      7.035    10.9848  28.968422    25.1520      6.972  288.36095  288.42693    46.2681    12.4209 0.0000e+00
 124.368649      7.075    10.9834  28.997081    25.1804      7.011  288.31206  288.37758    46.3303    12.3846 0.0000e+00
 124.368652      7.111    10.9815  29.021799    25.2054      7.048  288.27317  288.33825    46.2992    12.3967 0.0000e+00
 124.368655      7.148    10.9800  29.055548    25.2387      7.084  288.21468  288.27923    42.8751    12.0772 0.0000e+00
 124.368657      7.184    10.9786  29.076439    25.2597      7.120  288.18125  288.24543    42.7973    12.0692 0.0000e+00
 124.368660      7.225    10.9775  29.089701    25.2731      7.160  288.16071  288.22465    42.9840    12.0772 0.0000e+00
 124.368663      7.258    10.9765  29.106422    25.2898      7.193  288.13276  288.19643    42.9062    12.0651 0.0000e+00
 124.368666      7.285    10.9758  29.106756    25.2902      7.220  288.13577  288.19938    46.0191    12.4735 0.0000e+00
