Processed/SBE19plus_01907321_2022_05_12_Cast132_wfilter.cnv
* Sea-Bird SBE19plus  Data File:
* FileName = E:\Prandtl_Daten\2022\CTD\Raw\SBE19plus_01907321_2022_05_12_Cast132.hex
* Software version 2.6.1.12
* Temperature SN = 7321
* Conductivity SN = 7321
* System UpLoad Time = May 12 2022 07:28:49
* <ApplicationData>
* <Seaterm232>
** Messpraktikum 2022
** CTD 10.05  M1
** NMEA Latitude = 54 10.79N
** NMEA Longitude = 008 36.62E
# nquan = 11
# nvalues = 564                         
# units = specified
# name 0 = timeJ: Julian Days
# name 1 = prdM: Pressure, Strain Gauge [db]
# name 2 = tv290C: Temperature [ITS-90, deg C]
# name 3 = c0mS/cm: Conductivity [mS/cm]
# name 4 = sal00: Salinity, Practical [PSU]
# name 5 = depSM: Depth [salt water, m], lat = 54.00
# name 6 = oxsatMm/Kg: Oxygen Saturation, Weiss [umol/kg]
# name 7 = oxsolMm/Kg: Oxygen Saturation, Garcia & Gordon [umol/kg]
# name 8 = turbWETntu0: Turbidity, WET Labs ECO [NTU]
# name 9 = flECO-AFL: Fluorescence, WET Labs ECO-AFL/FL [mg/m^3]
# name 10 = flag:  0.000e+00
# span 0 = 132.306872, 132.308501       
# span 1 =      0.616,     13.427       
# span 2 =    13.3711,    13.4959       
# span 3 =  33.342837,  33.385762       
# span 4 =    27.4842,    27.6003       
# span 5 =      0.610,     13.307       
# span 6 =  268.88909,  269.37349       
# span 7 =  269.07701,  269.55340       
# span 8 =     9.1008,    56.9140       
# span 9 =     3.7554,    10.8722       
# span 10 = 0.0000e+00, 0.0000e+00      
# interval = seconds: 0.25
# start_time = May 12 2022 07:20:40 [Instrument's time stamp, header]
# bad_flag = -9.990e-29
*END*
[from data line 394]
 132.308012      9.645    13.3895  33.382943    27.5894      9.559  269.28859  269.46962    11.6844     4.7825 0.0000e+00
 132.308015      9.727    13.3881  33.382591    27.5897      9.640  269.29515  269.47609    11.7467     4.8189 0.0000e+00
 132.308018      9.797    13.3868  33.384002    27.5919      9.709  269.29837  269.47921    11.7155     4.8149 0.0000e+00
 132.308021      9.855    13.3855  33.383179    27.5920      9.767  269.30541  269.48618    11.7934     4.8270 0.0000e+00
 132.308024      9.888    13.3845  33.382945    27.5921      9.799  269.31018  269.49089    12.1047     4.7744 -9.990e-29
 132.308027      9.900    13.3831  33.383180    27.5938      9.812  269.31569  269.49631    12.1202     4.7906 -9.990e-29
 132.308030      9.889    13.3818  33.383356    27.5949      9.801  269.32097  269.50150    12.0113     4.7785 -9.990e-29
 132.308032      9.873    13.3809  33.382181    27.5945      9.785  269.32670  269.50719    11.9957     4.7461 -9.990e-29
 132.308035      9.846    13.3800  33.383121    27.5960      9.757  269.32880  269.50923    15.0152     5.0615 -9.990e-29
 132.308038      9.826    13.3790  33.382063    27.5958      9.738  269.33495  269.51532    15.0930     5.0939 -9.990e-29
 132.308041      9.813    13.3777  33.382592    27.5972      9.725  269.33962  269.51991    15.1241     5.0332 -9.990e-29
 132.308044      9.813    13.3765  33.382475    27.5980      9.725  269.34511  269.52531    15.2019     5.0292 -9.990e-29
 132.308047      9.811    13.3752  33.382181    27.5986      9.723  269.35089  269.53102    15.1241     5.0534 -9.990e-29
 132.308050      9.820    13.3745  33.382299    27.5993      9.732  269.35380  269.53389    12.7272     4.7582 -9.990e-29
 132.308053      9.833    13.3741  33.381182    27.5986      9.745  269.35759  269.53765    12.5560     4.6612 -9.990e-29
 132.308056      9.839    13.3738  33.381241    27.5988      9.750  269.35842  269.53847    12.9296     4.6814 -9.990e-29
 132.308058      9.846    13.3738  33.382181    27.5996      9.758  269.35681  269.53686    12.7428     4.6895 -9.990e-29
 132.308061      9.860    13.3741  33.382064    27.5993      9.772  269.35609  269.53615    11.5910     4.5965 -9.990e-29
 132.308064      9.886    13.3743  33.382182    27.5989      9.797  269.35497  269.53505    11.5599     4.5763 0.0000e+00
 132.308067      9.933    13.3746  33.381653    27.5986      9.844  269.35436  269.53446    11.4976     4.5278 0.0000e+00
 132.308070      9.993    13.3746  33.381653    27.5986      9.904  269.35471  269.53480    11.6377     4.5965 0.0000e+00
 132.308073     10.063    13.3750  33.382358    27.5987      9.972  269.35168  269.53180    11.4043     4.7461 0.0000e+00
 132.308076     10.139    13.3762  33.383123    27.5987     10.048  269.34545  269.52563    11.4510     4.7138 0.0000e+00
 132.308079     10.210    13.3780  33.383181    27.5974     10.119  269.33763  269.51793    11.5910     4.8068 0.0000e+00
 132.308082     10.276    13.3798  33.383123    27.5960     10.184  269.33000  269.51042    11.5599     4.7866 0.0000e+00
 132.308084     10.327    13.3811  33.383593    27.5958     10.235  269.32364  269.50413    11.3576     4.7663 0.0000e+00
 132.308087     10.356    13.3824  33.381653    27.5955     10.264  269.32170  269.50229    11.3887     4.7946 -9.990e-29
 132.308090     10.362    13.3841  33.383769    27.5935     10.269  269.31093  269.49161    11.0619     4.7785 -9.990e-29
 132.308093     10.342    13.3857  33.382946    27.5916     10.249  269.30519  269.48597    11.3887     4.7582 -9.990e-29
 132.308096     10.316    13.3873  33.383122    27.5906     10.224  269.29803  269.47892    11.0463     4.8149 -9.990e-29
 132.308099     10.285    13.3879  33.383357    27.5904     10.193  269.29513  269.47605    11.2331     4.4145 -9.990e-29
 132.308102     10.256    13.3880  33.383768    27.5907     10.164  269.29409  269.47501    11.4043     4.3458 -9.990e-29
 132.308105     10.240    13.3880  33.384180    27.5911     10.148  269.29338  269.47430    11.3576     4.3539 -9.990e-29
 132.308108     10.238    13.3881  33.383357    27.5903     10.146  269.29448  269.47541    11.2019     4.4226 -9.990e-29
 132.308111     10.253    13.3884  33.384003    27.5907     10.161  269.29213  269.47308    10.4548     4.4145 -9.990e-29
 132.308113     10.293    13.3888  33.384003    27.5892     10.201  269.29030  269.47127    10.3303     4.4712 -9.990e-29
 132.308116     10.347    13.3895  33.383357    27.5891     10.255  269.28864  269.46966    10.4237     4.4428 0.0000e+00
 132.308119     10.413    13.3906  33.384004    27.5890     10.320  269.28261  269.46369    10.4860     4.4712 0.0000e+00
 132.308122     10.484    13.3916  33.384415    27.5886     10.390  269.27760  269.45874    11.0619     4.6976 0.0000e+00
 132.308125     10.543    13.3924  33.383357    27.5879     10.448  269.27634  269.45754    11.0463     4.7178 0.0000e+00
 132.308128     10.592    13.3926  33.384415    27.5875     10.497  269.27363  269.45483    11.0619     4.7016 0.0000e+00
 132.308131     10.625    13.3925  33.384592    27.5879     10.530  269.27366  269.45486    11.0307     4.6895 -9.990e-29
 132.308134     10.641    13.3922  33.383769    27.5875     10.546  269.27632  269.45751    12.8050     4.7582 -9.990e-29
 132.308137     10.648    13.3916  33.383593    27.5878     10.553  269.27911  269.46026    12.6650     4.7421 -9.990e-29
 132.308139     10.633    13.3912  33.384181    27.5886     10.538  269.27996  269.46108    12.6961     4.7542 -9.990e-29
 132.308142     10.628    13.3905  33.383593    27.5886     10.533  269.28407  269.46515    12.7272     4.7582 -9.990e-29
 132.308145     10.615    13.3892  33.384004    27.5900     10.520  269.28895  269.46994    12.9296     4.7502 -9.990e-29
 132.308148     10.615    13.3879  33.383358    27.5903     10.520  269.29565  269.47656    13.5210     4.5318 -9.990e-29
 132.308151     10.622    13.3865  33.383770    27.5917     10.527  269.30085  269.48167    13.0852     4.5075 -9.990e-29
 132.308154     10.641    13.3854  33.383123    27.5925     10.546  269.30663  269.48739    13.4432     4.4954 -9.990e-29
 132.308157     10.672    13.3843  33.383006    27.5929     10.576  269.31120  269.49190    13.4743     4.4914 0.0000e+00
 132.308160     10.712    13.3832  33.382947    27.5933     10.616  269.31629  269.49692    12.7895     4.7785 0.0000e+00
 132.308163     10.765    13.3823  33.383359    27.5943     10.668  269.31935  269.49992    12.5871     4.8068 0.0000e+00
 132.308166     10.820    13.3808  33.383359    27.5953     10.723  269.32560  269.50607    12.6650     4.7582 0.0000e+00
 132.308168     10.880    13.3799  33.383183    27.5953     10.783  269.32997  269.51040    12.9762     4.7906 0.0000e+00
 132.308171     10.936    13.3797  33.382067    27.5954     10.839  269.33286  269.51327    11.1708     4.8391 0.0000e+00
 132.308174     10.978    13.3801  33.383360    27.5949     10.880  269.32880  269.50924    11.2331     4.8189 -9.990e-29
 132.308177     11.002    13.3815  33.383536    27.5949     10.903  269.32261  269.50313    11.1864     4.8715 -9.990e-29
 132.308180     11.015    13.3830  33.382067    27.5925     10.916  269.31862  269.49924    11.3731     4.8917 -9.990e-29
 132.308183     11.011    13.3842  33.383183    27.5926     10.913  269.31173  269.49242    13.4432     4.9887 -9.990e-29
 132.308186     11.006    13.3853  33.383771    27.5924     10.907  269.30606  269.48682    13.7856     5.0211 -9.990e-29
 132.308189     10.998    13.3857  33.382772    27.5912     10.900  269.30621  269.48700    13.5988     4.9968 -9.990e-29
 132.308192     10.991    13.3860  33.383359    27.5916     10.893  269.30396  269.48476    13.7233     5.0009 -9.990e-29
 132.308194     10.991    13.3862  33.383183    27.5912     10.893  269.30302  269.48384    13.5833     5.0090 -9.990e-29
 132.308197     10.991    13.3865  33.382301    27.5902     10.893  269.30360  269.48444    13.6144     4.6208 -9.990e-29
 132.308200     11.002    13.3862  33.383771    27.5918     10.904  269.30233  269.48314    13.6922     4.6046 -9.990e-29
 132.308203     11.015    13.3858  33.383124    27.5922     10.916  269.30500  269.48579    13.4743     4.6005 -9.990e-29
 132.308206     11.042    13.3853  33.383536    27.5925     10.943  269.30649  269.48724    13.6611     4.6612 0.0000e+00
 132.308209     11.084    13.3843  33.383595    27.5925     10.985  269.31076  269.49145    14.4548     4.7663 0.0000e+00
 132.308212     11.124    13.3834  33.382478    27.5929     11.025  269.31643  269.49708    14.2525     4.7866 0.0000e+00
 132.308215     11.174    13.3825  33.382773    27.5934     11.074  269.31968  269.50027    14.2992     4.7057 0.0000e+00
 132.308218     11.229    13.3814  33.382949    27.5944     11.128  269.32408  269.50460    14.3770     4.7623 0.0000e+00
 132.308220     11.283    13.3806  33.383185    27.5949     11.182  269.32712  269.50759    14.9529     5.5387 0.0000e+00
 132.308223     11.342    13.3800  33.382479    27.5951     11.240  269.33085  269.51129    14.9373     5.4659 0.0000e+00
 132.308226     11.389    13.3796  33.382774    27.5952     11.287  269.33224  269.51265    14.9996     5.4780 0.0000e+00
 132.308229     11.420    13.3791  33.381892    27.5955     11.318  269.33595  269.51633    14.9062     5.5468 -9.990e-29
 132.308232     11.440    13.3790  33.383126    27.5962     11.338  269.33447  269.51483    15.6222     5.4295 -9.990e-29
 132.308235     11.444    13.3787  33.381363    27.5948     11.341  269.33873  269.51910    15.8556     5.4578 -9.990e-29
 132.308238     11.433    13.3785  33.383126    27.5966     11.330  269.33633  269.51666    15.9646     5.4214 -9.990e-29
 132.308241     11.416    13.3783  33.381187    27.5950     11.314  269.34057  269.52091    15.8089     5.4538 -9.990e-29
 132.308244     11.402    13.3780  33.382950    27.5968     11.300  269.33878  269.51909    15.8245     5.4295 -9.990e-29
 132.308247     11.397    13.3779  33.381775    27.5958     11.294  269.34142  269.52172    14.6572     5.0453 -9.990e-29
 132.308249     11.397    13.3777  33.382950    27.5970     11.294  269.34002  269.52031    14.6572     5.0332 -9.990e-29
 132.308252     11.404    13.3775  33.381598    27.5975     11.302  269.34328  269.52356    14.5327     5.0696 -9.990e-29
 132.308255     11.431    13.3771  33.382950    27.5975     11.329  269.34284  269.52309    14.5794     5.0534 0.0000e+00
 132.308258     11.462    13.3768  33.382715    27.5975     11.359  269.34451  269.52474    14.6572     5.1586 0.0000e+00
 132.308261     11.509    13.3763  33.382774    27.5978     11.406  269.34661  269.52681    14.5638     5.1828 0.0000e+00
 132.308264     11.562    13.3760  33.382716    27.5978     11.459  269.34768  269.52786    14.4237     5.1222 0.0000e+00
 132.308267     11.615    13.3759  33.375545    27.5979     11.511  269.36062  269.54086    14.6261     5.0898 0.0000e+00
 132.308270     11.670    13.3762  33.382951    27.5978     11.565  269.34672  269.52691    13.6922     5.0696 0.0000e+00
 132.308273     11.719    13.3765  33.383010    27.5979     11.614  269.34541  269.52562    13.5988     5.0979 0.0000e+00
 132.308275     11.757    13.3769  33.383128    27.5978     11.652  269.34337  269.52360    13.7856     5.0817 -9.990e-29
 132.308278     11.781    13.3776  33.383186    27.5971     11.676  269.34017  269.52046    13.7389     5.0777 -9.990e-29
 132.308281     11.790    13.3782  33.383128    27.5967     11.685  269.33780  269.51811    15.2642     5.0453 -9.990e-29
 132.308284     11.787    13.3787  33.383128    27.5963     11.681  269.33562  269.51597    15.3731     5.0817 -9.990e-29
 132.308287     11.779    13.3790  33.383186    27.5961     11.674  269.33427  269.51464    15.3264     5.0696 -9.990e-29
 132.308290     11.763    13.3791  33.383127    27.5960     11.657  269.33405  269.51442    15.4198     5.0534 -9.990e-29
 132.308293     11.755    13.3788  33.381188    27.5945     11.650  269.33861  269.51898    15.4976     5.0696 -9.990e-29
 132.308296     11.761    13.3786  33.383128    27.5967     11.656  269.33622  269.51657    18.0657     5.2192 -9.990e-29
 132.308299     11.792    13.3782  33.383186    27.5968     11.686  269.33770  269.51801    18.2214     5.2677 0.0000e+00
 132.308302     11.838    13.3779  33.383128    27.5967     11.732  269.33907  269.51937    18.1903     5.2677 0.0000e+00
 132.308304     11.896    13.3776  33.382188    27.5968     11.790  269.34227  269.52256    18.0657     5.2637 0.0000e+00
 132.308307     11.958    13.3772  33.382952    27.5971     11.851  269.34255  269.52281    15.9334     5.3729 0.0000e+00
 132.308310     12.022    13.3765  33.382364    27.5972     11.914  269.34640  269.52662    15.8245     5.3486 0.0000e+00
 132.308313     12.066    13.3760  33.382717    27.5975     11.958  269.34830  269.52849    15.9334     5.3648 0.0000e+00
 132.308316     12.100    13.3755  33.382717    27.5978     11.992  269.35050  269.53065    15.7778     5.3405 -9.990e-29
 132.308319     12.112    13.3749  33.382600    27.5984     12.003  269.35288  269.53300    18.7194     5.6074 -9.990e-29
 132.308322     12.108    13.3747  33.382071    27.5981     11.999  269.35472  269.53483    18.6261     5.6438 -9.990e-29
 132.308325     12.092    13.3742  33.382012    27.5984     11.983  269.35698  269.53706    18.9218     5.6074 -9.990e-29
 132.308328     12.072    13.3736  33.381660    27.5985     11.964  269.36006  269.54011    18.7039     5.6317 -9.990e-29
 132.308330     12.039    13.3735  33.381777    27.5988     11.931  269.36046  269.54049    20.1669     5.6155 -9.990e-29
 132.308333     12.015    13.3731  33.382071    27.5993     11.907  269.36149  269.54150    20.0891     5.5589 -9.990e-29
 132.308336     12.008    13.3729  33.382012    27.5994     11.900  269.36252  269.54252    19.9490     5.5832 -9.990e-29
 132.308339     12.013    13.3725  33.381895    27.5996     11.906  269.36428  269.54425    20.0580     5.5670 -9.990e-29
 132.308342     12.046    13.3723  33.380602    27.5992     11.938  269.36745  269.54742    20.0891     5.5468 -9.990e-29
 132.308345     12.103    13.3721  33.381190    27.5993     11.994  269.36741  269.54736    20.9918     6.1129 0.0000e+00
 132.308348     12.179    13.3719  33.381249    27.5992     12.070  269.36829  269.54823    21.0229     6.1007 0.0000e+00
 132.308351     12.267    13.3716  33.380779    27.5994     12.157  269.37039  269.55032    21.1163     6.1007 0.0000e+00
 132.308354     12.363    13.3715  33.381896    27.6002     12.253  269.36885  269.54876    21.1163     6.0684 0.0000e+00
 132.308356     12.449    13.3714  33.382014    27.6003     12.338  269.36901  269.54892    20.5871     5.6802 0.0000e+00
 132.308359     12.509    13.3713  33.381896    27.6003     12.397  269.36988  269.54977    20.6961     5.6964 0.0000e+00
 132.308362     12.540    13.3713  33.381191    27.6003     12.428  269.37110  269.55101    20.5249     5.6681 -9.990e-29
 132.308365     12.538    13.3711  33.381661    27.6002     12.426  269.37123  269.55111    20.5716     5.6357 -9.990e-29
 132.308368     12.522    13.3712  33.380603    27.5992     12.410  269.37241  269.55231    28.4471     6.8205 -9.990e-29
 132.308371     12.482    13.3712  33.379957    27.5986     12.370  269.37349  269.55340    28.2447     6.8448 -9.990e-29
 132.308374     12.433    13.3713  33.381485    27.5999     12.322  269.37053  269.55043    28.5249     6.8407 -9.990e-29
 132.308377     12.395    13.3714  33.380368    27.5989     12.283  269.37211  269.55203    28.5249     6.9054 -9.990e-29
 132.308380     12.382    13.3714  33.381249    27.5996     12.271  269.37028  269.55019    28.2759     6.7962 -9.990e-29
 132.308383     12.395    13.3717  33.381191    27.5994     12.283  269.36946  269.54938    28.3226     6.8124 -9.990e-29
 132.308385     12.429    13.3718  33.381250    27.5994     12.318  269.36876  269.54869    28.4626     6.8407 -9.990e-29
