Processed/SBE19plus_01907321_2022_05_05_Cast27_wfilter.cnv
* Sea-Bird SBE19plus  Data File:
* FileName = E:\Prandtl Daten\2022\CTD\Raw\SBE19plus_01907321_2022_05_05_Cast27.hex
* Software version 2.6.1.12
* Temperature SN = 7321
* Conductivity SN = 7321
* System UpLoad Time = May 05 2022 09:29:00
* <ApplicationData>
* <Seaterm232>
** Messpraktikum 2022
** CTD 05.05 NP3
# nquan = 11
# nvalues = 482                         
# units = specified
# name 0 = timeJ: Julian Days
# name 1 = prdM: Pressure, Strain Gauge [db]
# name 2 = tv290C: Temperature [ITS-90, deg C]
# name 3 = c0mS/cm: Conductivity [mS/cm]
# name 4 = sal00: Salinity, Practical [PSU]
# name 5 = depSM: Depth [salt water, m], lat = 54.00
# name 6 = oxsatMm/Kg: Oxygen Saturation, Weiss [umol/kg]
# name 7 = oxsolMm/Kg: Oxygen Saturation, Garcia & Gordon [umol/kg]
# name 8 = turbWETntu0: Turbidity, WET Labs ECO [NTU]
# name 9 = flECO-AFL: Fluorescence, WET Labs ECO-AFL/FL [mg/m^3]
# name 10 = flag:  0.000e+00
# span 0 = 125.388238, 125.389630       
# span 1 =      0.661,     13.835       
# span 2 =    11.7454,    11.7928       
# span 3 =  31.790289,  32.017891       
# span 4 =    27.2723,    27.4851       
# span 5 =      0.655,     13.711       
# span 6 =  278.74495,  279.30779       
# span 7 =  278.83251,  279.39413       
# span 8 =     7.2175,    37.9568       
# span 9 =     4.7582,    10.3951       
# span 10 = 0.0000e+00, 0.0000e+00      
# interval = seconds: 0.25
# start_time = May 05 2022 09:17:23 [Instrument's time stamp, header]
# bad_flag = -9.990e-29
*END*
[from data line 132]
 125.388620      4.301    11.7530  31.824561    27.3305      4.263  279.27716  279.36401    12.6805     6.6507 -9.990e-29
 125.388623      4.325    11.7532  31.825311    27.3303      4.287  279.27483  279.36169    12.2603     6.7962 -9.990e-29
 125.388626      4.353    11.7536  31.824734    27.3300      4.314  279.27435  279.36124    12.3226     6.8205 0.0000e+00
 125.388628      4.378    11.7537  31.824157    27.3303      4.339  279.27513  279.36203    12.2292     6.8043 0.0000e+00
 125.388631      4.411    11.7534  31.825138    27.3296      4.372  279.27459  279.36145    12.3226     6.8124 0.0000e+00
 125.388634      4.444    11.7533  31.823350    27.3306      4.404  279.27826  279.36514    12.2447     6.8286 0.0000e+00
 125.388637      4.477    11.7529  31.824561    27.3306      4.437  279.27791  279.36475    12.1825     6.8367 0.0000e+00
 125.388640      4.511    11.7525  31.824273    27.3306      4.471  279.28036  279.36717    12.2292     6.8650 0.0000e+00
 125.388643      4.537    11.7519  31.823350    27.3306      4.496  279.28462  279.37140    12.2759     6.8771 0.0000e+00
 125.388646      4.568    11.7515  31.823927    27.3305      4.527  279.28546  279.37221    12.2447     6.8407 0.0000e+00
 125.388649      4.597    11.7513  31.823350    27.3309      4.556  279.28750  279.37424    12.2914     6.8731 -9.990e-29
 125.388652      4.621    11.7510  31.822139    27.3296      4.579  279.29104  279.37777    12.1513     6.8569 -9.990e-29
 125.388655      4.646    11.7507  31.823927    27.3315      4.605  279.28930  279.37598    12.2292     6.8812 -9.990e-29
 125.388657      4.664    11.7507  31.823351    27.3310      4.623  279.29038  279.37708    12.6805     6.8407 -9.990e-29
 125.388660      4.686    11.7504  31.823755    27.3311      4.644  279.29091  279.37758    12.6805     6.8407 -9.990e-29
 125.388663      4.713    11.7505  31.823351    27.3312      4.671  279.29136  279.37804    12.5871     6.8448 0.0000e+00
 125.388666      4.739    11.7503  31.823351    27.3311      4.697  279.29201  279.37868    12.6961     6.8529 0.0000e+00
 125.388669      4.766    11.7501  31.822716    27.3312      4.724  279.29416  279.38082    12.7584     6.8609 0.0000e+00
 125.388672      4.795    11.7503  31.823755    27.3316      4.752  279.29130  279.37796    12.2759     6.7154 0.0000e+00
 125.388675      4.832    11.7500  31.823524    27.3316      4.789  279.29333  279.37997    12.1202     6.7194 0.0000e+00
 125.388678      4.861    11.7499  31.823351    27.3316      4.818  279.29399  279.38063    12.1980     6.7477 0.0000e+00
 125.388681      4.894    11.7496  31.823755    27.3318      4.850  279.29452  279.38113    12.3537     6.7437 0.0000e+00
 125.388683      4.923    11.7496  31.823525    27.3318      4.879  279.29528  279.38190    11.6844     6.8529 0.0000e+00
 125.388686      4.956    11.7494  31.822544    27.3315      4.912  279.29808  279.38469    11.7311     6.8326 0.0000e+00
 125.388689      4.985    11.7491  31.822717    27.3311      4.940  279.29904  279.38562    11.6689     6.8488 -9.990e-29
 125.388692      5.007    11.7492  31.824159    27.3327      4.962  279.29605  279.38262    11.7155     6.8973 -9.990e-29
 125.388695      5.033    11.7492  31.823756    27.3323      4.988  279.29682  279.38340    12.4782     6.8852 -9.990e-29
 125.388698      5.053    11.7490  31.824160    27.3328      5.008  279.29671  279.38328    12.4626     6.8448 -9.990e-29
 125.388701      5.073    11.7490  31.824333    27.3330      5.028  279.29640  279.38297    12.6183     6.8609 -9.990e-29
 125.388704      5.097    11.7489  31.823352    27.3329      5.051  279.29888  279.38544    12.5871     6.8650 -9.990e-29
 125.388707      5.124    11.7488  31.824160    27.3321      5.079  279.29770  279.38426    12.5560     6.9701 0.0000e+00
 125.388709      5.157    11.7489  31.822545    27.3329      5.111  279.30042  279.38700    12.5249     6.9944 0.0000e+00
 125.388712      5.192    11.7488  31.824333    27.3320      5.145  279.29743  279.38398    12.4626     6.9661 0.0000e+00
 125.388715      5.223    11.7487  31.823122    27.3324      5.176  279.30002  279.38658    12.4782     6.9661 0.0000e+00
 125.388718      5.259    11.7489  31.823699    27.3324      5.212  279.29834  279.38491    12.4938     6.9984 0.0000e+00
 125.388721      5.287    11.7487  31.824333    27.3331      5.239  279.29781  279.38436    12.7584     6.9742 0.0000e+00
 125.388724      5.319    11.7486  31.824737    27.3336      5.272  279.29771  279.38424    12.7584     6.9903 0.0000e+00
 125.388727      5.347    11.7486  31.824911    27.3336      5.299  279.29741  279.38394    12.7428     6.9863 0.0000e+00
 125.388730      5.374    11.7487  31.825314    27.3337      5.326  279.29636  279.38289    12.7272     6.9701 -9.990e-29
 125.388733      5.394    11.7488  31.825545    27.3342      5.346  279.29531  279.38185    12.9296     7.1966 -9.990e-29
 125.388736      5.414    11.7488  31.824911    27.3335      5.366  279.29651  279.38305    12.9918     7.1521 -9.990e-29
 125.388738      5.436    11.7488  31.825949    27.3345      5.388  279.29459  279.38112    12.9296     7.1683 -9.990e-29
 125.388741      5.456    11.7488  31.824911    27.3343      5.407  279.29654  279.38308    12.9918     7.1966 -9.990e-29
 125.388744      5.489    11.7487  31.825719    27.3342      5.440  279.29537  279.38190    12.6650     7.1157 0.0000e+00
 125.388747      5.514    11.7485  31.825315    27.3343      5.465  279.29708  279.38360    12.6961     7.0955 0.0000e+00
 125.388750      5.549    11.7485  31.825546    27.3344      5.499  279.29699  279.38351    12.7117     7.1278 0.0000e+00
 125.388753      5.580    11.7483  31.827103    27.3359      5.530  279.29474  279.38123    12.6961     7.1116 0.0000e+00
 125.388756      5.617    11.7481  31.827738    27.3359      5.566  279.29453  279.38099    13.1008     7.2289 0.0000e+00
 125.388759      5.648    11.7483  31.826931    27.3363      5.597  279.29511  279.38160    13.1630     7.2330 0.0000e+00
 125.388762      5.677    11.7483  31.827508    27.3360      5.626  279.29437  279.38085    13.1319     7.2572 0.0000e+00
 125.388764      5.711    11.7481  31.827104    27.3363      5.660  279.29578  279.38225    13.1475     7.2208 -9.990e-29
 125.388767      5.733    11.7481  31.827335    27.3363      5.682  279.29568  279.38214    13.1008     7.2532 -9.990e-29
 125.388770      5.757    11.7480  31.827912    27.3369      5.706  279.29493  279.38139    13.5988     7.1359 -9.990e-29
 125.388773      5.775    11.7479  31.828142    27.3371      5.724  279.29483  279.38128    13.6611     7.1319 -9.990e-29
 125.388776      5.792    11.7480  31.827912    27.3369      5.740  279.29496  279.38141    13.5054     7.1278 -9.990e-29
 125.388779      5.819    11.7478  31.828316    27.3373      5.767  279.29485  279.38129    13.6766     7.0914 -9.990e-29
 125.388782      5.843    11.7481  31.828316    27.3367      5.791  279.29392  279.38038    13.3965     7.3179 -9.990e-29
 125.388785      5.874    11.7481  31.827912    27.3366      5.821  279.29438  279.38085    13.3187     7.3179 0.0000e+00
 125.388788      5.908    11.7481  31.827739    27.3367      5.855  279.29504  279.38151    13.2564     7.3340 0.0000e+00
 125.388791      5.939    11.7478  31.827681    27.3367      5.886  279.29612  279.38257    13.3187     7.3300 0.0000e+00
 125.388793      5.974    11.7476  31.827739    27.3369      5.920  279.29698  279.38341    14.1436     7.4796 0.0000e+00
 125.388796      6.001    11.7473  31.828143    27.3369      5.947  279.29782  279.38422    14.1280     7.4392 0.0000e+00
 125.388799      6.036    11.7470  31.826932    27.3375      5.982  279.30136  279.38776    14.0657     7.4311 0.0000e+00
 125.388802      6.063    11.7469  31.827913    27.3370      6.008  279.29987  279.38625    14.1903     7.4473 0.0000e+00
 125.388805      6.088    11.7467  31.827336    27.3375      6.034  279.30222  279.38859    13.6766     7.3098 -9.990e-29
 125.388808      6.112    11.7463  31.827336    27.3375      6.057  279.30413  279.39047    13.5988     7.3098 -9.990e-29
 125.388811      6.134    11.7461  31.825721    27.3360      6.079  279.30779  279.39413    13.7545     7.3340 -9.990e-29
 125.388814      6.156    11.7460  31.827509    27.3378      6.101  279.30478  279.39110    13.5677     7.3381 -9.990e-29
 125.388817      6.175    11.7458  31.827913    27.3378      6.120  279.30530  279.39160    13.6455     7.3138 -9.990e-29
 125.388819      6.201    11.7458  31.827336    27.3379      6.146  279.30640  279.39270    14.7506     7.2532 0.0000e+00
 125.388822      6.232    11.7457  31.827510    27.3380      6.176  279.30641  279.39271    14.7194     7.2694 0.0000e+00
 125.388825      6.265    11.7456  31.827510    27.3380      6.209  279.30675  279.39304    14.6261     7.2491 0.0000e+00
 125.388828      6.294    11.7456  31.827510    27.3381      6.238  279.30708  279.39337    14.5949     7.2249 0.0000e+00
 125.388831      6.334    11.7455  31.828952    27.3382      6.278  279.30474  279.39100    14.1747     7.2491 0.0000e+00
 125.388834      6.360    11.7454  31.827510    27.3395      6.303  279.30776  279.39404    14.0813     7.2572 0.0000e+00
 125.388837      6.391    11.7456  31.829125    27.3396      6.334  279.30414  279.39041    14.1280     7.2370 0.0000e+00
 125.388840      6.420    11.7458  31.829529    27.3397      6.363  279.30246  279.38874    14.0657     7.2410 0.0000e+00
 125.388843      6.449    11.7458  31.829299    27.3398      6.392  279.30291  279.38919    15.0619     7.5443 -9.990e-29
 125.388845      6.471    11.7456  31.829126    27.3396      6.413  279.30419  279.39047    15.0930     7.5241 -9.990e-29
 125.388848      6.495    11.7457  31.828549    27.3389      6.437  279.30466  279.39094    15.1241     7.4918 -9.990e-29
 125.388851      6.517    11.7458  31.829703    27.3399      6.459  279.30189  279.38817    15.0619     7.4998 -9.990e-29
 125.388854      6.539    11.7459  31.830337    27.3404      6.480  279.30041  279.38669    14.4548     7.1925 -9.990e-29
 125.388857      6.563    11.7460  31.830337    27.3407      6.504  279.30011  279.38640    14.4082     7.1966 -9.990e-29
 125.388860      6.588    11.7460  31.830741    27.3403      6.529  279.29937  279.38566    14.2992     7.1521 0.0000e+00
 125.388863      6.621    11.7460  31.829818    27.3403      6.562  279.30112  279.38741    14.3459     7.1723 0.0000e+00
 125.388866      6.652    11.7460  31.830338    27.3403      6.592  279.30017  279.38646    14.4237     7.1925 0.0000e+00
 125.388869      6.686    11.7460  31.831318    27.3412      6.626  279.29805  279.38433    13.9724     7.3704 0.0000e+00
 125.388872      6.719    11.7460  31.831896    27.3417      6.659  279.29700  279.38327    13.9257     7.3826 0.0000e+00
 125.388874      6.750    11.7459  31.832299    27.3422      6.690  279.29690  279.38316    13.8945     7.3704 0.0000e+00
 125.388877      6.783    11.7461  31.832703    27.3422      6.722  279.29522  279.38149    13.8634     7.3583 0.0000e+00
 125.388880      6.810    11.7464  31.832300    27.3422      6.749  279.29473  279.38103    15.4043     7.6737 0.0000e+00
 125.388883      6.838    11.7465  31.832704    27.3420      6.776  279.29368  279.37998    15.3264     7.6939 0.0000e+00
 125.388886      6.865    11.7463  31.832531    27.3422      6.804  279.29465  279.38094    15.3109     7.6818 -9.990e-29
 125.388889      6.887    11.7463  31.832300    27.3419      6.826  279.29510  279.38139    15.2953     7.7101 -9.990e-29
 125.388892      6.905    11.7464  31.833338    27.3428      6.844  279.29286  279.37915    14.6105     7.5322 -9.990e-29
 125.388895      6.932    11.7464  31.834723    27.3441      6.870  279.29030  279.37657    14.6883     7.4796 -9.990e-29
 125.388898      6.957    11.7467  31.834492    27.3453      6.894  279.28949  279.37578    14.5327     7.5079 -9.990e-29
 125.388900      6.986    11.7468  31.836281    27.3455      6.923  279.28554  279.37182    14.6727     7.5241 0.0000e+00
 125.388903      7.017    11.7472  31.836916    27.3456      6.954  279.28280  279.36910    14.7194     7.2410 0.0000e+00
 125.388906      7.046    11.7474  31.837897    27.3461      6.983  279.27974  279.36604    14.7506     7.2613 0.0000e+00
 125.388909      7.080    11.7477  31.837897    27.3463      7.017  279.27850  279.36483    14.7661     7.2572 0.0000e+00
 125.388912      7.108    11.7478  31.839916    27.3479      7.044  279.27412  279.36044    14.8128     7.2653 0.0000e+00
 125.388915      7.135    11.7483  31.841070    27.3485      7.072  279.27010  279.35643    14.8284     7.2532 0.0000e+00
 125.388918      7.166    11.7485  31.841070    27.3486      7.102  279.26886  279.35521    14.0191     7.4311 0.0000e+00
 125.388921      7.194    11.7486  31.841705    27.3485      7.129  279.26738  279.35373    14.0191     7.4392 -9.990e-29
 125.388924      7.217    11.7487  31.840263    27.3476      7.153  279.26977  279.35614    14.2214     7.4432 -9.990e-29
 125.388927      7.243    11.7488  31.843090    27.3502      7.178  279.26389  279.35024    14.1280     7.4837 -9.990e-29
 125.388929      7.260    11.7488  31.840898    27.3481      7.195  279.26799  279.35436    14.8595     7.3664 -9.990e-29
 125.388932      7.285    11.7490  31.841359    27.3483      7.220  279.26620  279.35258    14.8906     7.3907 -9.990e-29
 125.388935      7.309    11.7489  31.840263    27.3474      7.243  279.26889  279.35528    14.8595     7.3907 -9.990e-29
 125.388938      7.335    11.7486  31.840090    27.3469      7.269  279.27049  279.35686    14.8595     7.4149 0.0000e+00
 125.388941      7.369    11.7484  31.838878    27.3464      7.303  279.27372  279.36009    14.1903     7.3098 0.0000e+00
 125.388944      7.404    11.7483  31.837494    27.3458      7.337  279.27695  279.36333    14.0969     7.3179 0.0000e+00
 125.388947      7.437    11.7480  31.837898    27.3452      7.370  279.27748  279.36383    14.1591     7.3057 0.0000e+00
 125.388950      7.471    11.7479  31.836282    27.3458      7.404  279.28084  279.36720    14.0969     7.3057 0.0000e+00
 125.388953      7.501    11.7479  31.837898    27.3458      7.434  279.27784  279.36419    14.0035     7.6131 0.0000e+00
 125.388955      7.530    11.7477  31.838071    27.3461      7.463  279.27849  279.36481    14.1591     7.6778 0.0000e+00
 125.388958      7.557    11.7479  31.838706    27.3463      7.490  279.27638  279.36271    14.1280     7.6131 0.0000e+00
 125.388961      7.583    11.7478  31.838475    27.3465      7.515  279.27746  279.36378    14.1747     7.6171 -9.990e-29
 125.388964      7.607    11.7480  31.837494    27.3453      7.539  279.27836  279.36471    14.1280     7.6373 -9.990e-29
 125.388967      7.627    11.7481  31.837725    27.3455      7.558  279.27762  279.36398    13.8945     7.4351 -9.990e-29
 125.388970      7.647    11.7480  31.839283    27.3470      7.578  279.27505  279.36138    13.9257     7.4634 -9.990e-29
 125.388973      7.674    11.7481  31.839687    27.3473      7.605  279.27400  279.36033    13.8945     7.4311 -9.990e-29
 125.388976      7.698    11.7482  31.838706    27.3491      7.629  279.27521  279.36157    13.8323     7.4271 -9.990e-29
 125.388979      7.727    11.7482  31.841707    27.3494      7.658  279.26964  279.35596    14.3926     7.1197 0.0000e+00
 125.388981      7.762    11.7483  31.842457    27.3498      7.692  279.26795  279.35427    14.3926     7.0914 0.0000e+00
 125.388984      7.793    11.7485  31.843265    27.3504      7.723  279.26552  279.35185    14.4237     7.1197 0.0000e+00
 125.388987      7.824    11.7486  31.844304    27.3508      7.754  279.26298  279.34930    14.3148     7.1319 0.0000e+00
 125.388990      7.857    11.7487  31.845689    27.3512      7.786  279.25979  279.34611    14.7194     7.2694 -9.990e-29
 125.388993      7.882    11.7492  31.849439    27.3557      7.812  279.25093  279.33723    14.7661     7.2572 -9.990e-29
