Processed/SBE19plus_01907321_2022_05_05_Cast24_wfilter.cnv
* Sea-Bird SBE19plus  Data File:
* FileName = E:\Prandtl Daten\2022\CTD\Raw\SBE19plus_01907321_2022_05_05_Cast24.hex
* Software version 2.6.1.12
* Temperature SN = 7321
* Conductivity SN = 7321
* System UpLoad Time = May 05 2022 08:32:15
* <ApplicationData>
* <Seaterm232>
** Messpraktikum 2022
** CTD 05.05 BW2
# nquan = 11
# nvalues = 565                         
# units = specified
# name 0 = timeJ: Julian Days
# name 1 = prdM: Pressure, Strain Gauge [db]
# name 2 = tv290C: Temperature [ITS-90, deg C]
# name 3 = c0mS/cm: Conductivity [mS/cm]
# name 4 = sal00: Salinity, Practical [PSU]
# name 5 = depSM: Depth [salt water, m], lat = 54.00
# name 6 = oxsatMm/Kg: Oxygen Saturation, Weiss [umol/kg]
# name 7 = oxsolMm/Kg: Oxygen Saturation, Garcia & Gordon [umol/kg]
# name 8 = turbWETntu0: Turbidity, WET Labs ECO [NTU]
# name 9 = flECO-AFL: Fluorescence, WET Labs ECO-AFL/FL [mg/m^3]
# name 10 = flag:  0.000e+00
# span 0 = 125.348964, 125.350596       
# span 1 =      0.591,     15.558       
# span 2 =    12.2376,    12.3436       
# span 3 =  31.849528,  31.924299       
# span 4 =    26.9910,    27.0024       
# span 5 =      0.586,     15.419       
# span 6 =  276.42410,  277.04350       
# span 7 =  276.55083,  277.16388       
# span 8 =    20.2292,    96.8517       
# span 9 =     9.6308,    16.7840       
# span 10 = 0.0000e+00, 0.0000e+00      
# interval = seconds: 0.25
# start_time = May 05 2022 08:21:10 [Instrument's time stamp, header]
# bad_flag = -9.990e-29
*END*
[from data line 394]
 125.350104     11.200    12.2776  31.879523    26.9987     11.100  276.80632  276.92908    42.3926    13.0639 -9.990e-29
 125.350107     11.224    12.2777  31.878541    26.9977     11.124  276.80748  276.93026    42.4237    13.0639 -9.990e-29
 125.350110     11.240    12.2775  31.878945    26.9982     11.140  276.80771  276.93047    42.2992    13.0720 -9.990e-29
 125.350113     11.259    12.2772  31.878137    26.9977     11.158  276.81046  276.93320    41.6766    14.2285 -9.990e-29
 125.350116     11.275    12.2769  31.878368    26.9981     11.174  276.81131  276.93404    41.6455    14.2770 -9.990e-29
 125.350119     11.297    12.2768  31.878137    26.9979     11.196  276.81238  276.93510    41.6922    14.2972 -9.990e-29
 125.350122     11.321    12.2764  31.878138    26.9980     11.219  276.81429  276.93698    41.6766    14.2810 -9.990e-29
 125.350124     11.350    12.2760  31.877618    26.9975     11.248  276.81684  276.93951    45.3031    14.0991 0.0000e+00
 125.350127     11.383    12.2759  31.876348    26.9969     11.281  276.81980  276.94247    45.2408    14.0991 0.0000e+00
 125.350130     11.421    12.2760  31.876175    26.9969     11.319  276.81982  276.94250    45.3342    14.1193 0.0000e+00
 125.350133     11.457    12.2756  31.876926    26.9976     11.355  276.82007  276.94272    45.2253    14.0869 0.0000e+00
 125.350136     11.490    12.2754  31.876926    26.9976     11.388  276.82104  276.94367    41.6922    13.4480 0.0000e+00
 125.350139     11.521    12.2750  31.875368    26.9972     11.418  276.82579  276.94841    41.8167    13.4642 0.0000e+00
 125.350142     11.554    12.2748  31.875945    26.9969     11.451  276.82539  276.94800    41.6611    13.4683 0.0000e+00
 125.350145     11.585    12.2746  31.876926    26.9972     11.482  276.82490  276.94748    41.6455    13.4399 -9.990e-29
 125.350148     11.604    12.2745  31.875945    26.9975     11.500  276.82701  276.94959    42.5015    13.6623 -9.990e-29
 125.350150     11.626    12.2742  31.875541    26.9973     11.522  276.82902  276.95159    42.4860    13.7028 -9.990e-29
 125.350153     11.643    12.2737  31.875137    26.9972     11.538  276.83198  276.95452    42.4237    13.7149 -9.990e-29
 125.350156     11.661    12.2730  31.873579    26.9963     11.556  276.83799  276.96050    42.3615    13.7068 -9.990e-29
 125.350159     11.681    12.2724  31.873579    26.9972     11.576  276.84085  276.96332    42.5015    13.7109 -9.990e-29
 125.350162     11.708    12.2715  31.873348    26.9975     11.603  276.84540  276.96781    37.9257    14.4630 0.0000e+00
 125.350165     11.741    12.2703  31.873175    26.9976     11.636  276.85080  276.97313    37.8478    14.4711 0.0000e+00
 125.350168     11.772    12.2698  31.872540    26.9976     11.667  276.85419  276.97649    37.8945    14.4630 0.0000e+00
 125.350171     11.809    12.2694  31.871559    26.9974     11.703  276.85789  276.98018    37.8634    14.5156 0.0000e+00
 125.350174     11.840    12.2687  31.871560    26.9974     11.734  276.86108  276.98332    43.5910    13.5734 0.0000e+00
 125.350177     11.869    12.2678  31.871387    26.9977     11.763  276.86553  276.98771    43.6222    13.5653 0.0000e+00
 125.350179     11.902    12.2672  31.870810    26.9979     11.795  276.86945  276.99159    43.6222    13.6057 -9.990e-29
 125.350182     11.925    12.2666  31.870579    26.9980     11.819  276.87241  276.99452    43.5910    13.5936 -9.990e-29
 125.350185     11.946    12.2663  31.871156    26.9987     11.839  276.87264  276.99472    40.9607    14.7258 -9.990e-29
 125.350188     11.962    12.2663  31.870983    26.9986     11.855  276.87329  276.99536    40.9918    14.7177 -9.990e-29
 125.350191     11.977    12.2663  31.871156    26.9987     11.870  276.87266  276.99475    40.9140    14.7299 -9.990e-29
 125.350194     11.995    12.2665  31.870983    26.9984     11.888  276.87204  276.99414    40.9918    14.7380 -9.990e-29
 125.350197     12.019    12.2667  31.871387    26.9984     11.911  276.87069  276.99279    42.1591    14.7299 -9.990e-29
 125.350200     12.044    12.2667  31.871156    26.9984     11.936  276.87081  276.99292    44.6338    14.7946 0.0000e+00
 125.350203     12.079    12.2666  31.871156    26.9984     11.970  276.87147  276.99357    44.5405    14.7824 0.0000e+00
 125.350205     12.112    12.2665  31.870983    26.9984     12.003  276.87244  276.99453    44.6027    14.7622 0.0000e+00
 125.350208     12.154    12.2661  31.870175    26.9979     12.045  276.87551  276.99759    44.5716    14.7743 0.0000e+00
 125.350211     12.188    12.2655  31.869194    26.9975     12.079  276.87985  277.00190    41.8790    13.5249 0.0000e+00
 125.350214     12.223    12.2648  31.868791    26.9974     12.113  276.88409  277.00609    41.8945    13.4844 0.0000e+00
 125.350217     12.256    12.2639  31.867348    26.9975     12.146  276.89084  277.01280    41.9568    13.5006 0.0000e+00
 125.350220     12.285    12.2630  31.868156    26.9975     12.175  276.89319  277.01508    41.9257    13.5006 0.0000e+00
 125.350223     12.312    12.2626  31.866598    26.9982     12.202  276.89794  277.01982    41.4276    13.1003 -9.990e-29
 125.350226     12.327    12.2624  31.867752    26.9982     12.216  276.89680  277.01866    41.4276    13.1569 -9.990e-29
 125.350229     12.341    12.2624  31.867002    26.9975     12.231  276.89818  277.02004    41.3654    13.1326 -9.990e-29
 125.350231     12.358    12.2622  31.867752    26.9984     12.247  276.89777  277.01961    41.3809    13.1326 -9.990e-29
 125.350234     12.376    12.2620  31.867752    26.9985     12.265  276.89874  277.02056    41.1008    14.9684 -9.990e-29
 125.350237     12.398    12.2618  31.867579    26.9987     12.287  276.90001  277.02182    41.1475    14.9725 -9.990e-29
 125.350240     12.427    12.2618  31.867753    26.9986     12.316  276.89972  277.02153    41.1630    14.9806 0.0000e+00
 125.350243     12.460    12.2618  31.867579    26.9984     12.348  276.89974  277.02155    41.1941    15.0008 0.0000e+00
 125.350246     12.487    12.2618  31.867349    26.9982     12.375  276.90018  277.02199    41.1786    15.0048 0.0000e+00
 125.350249     12.520    12.2618  31.867002    26.9979     12.408  276.90083  277.02265    47.2953    13.9818 0.0000e+00
 125.350252     12.553    12.2618  31.866195    26.9979     12.440  276.90263  277.02446    47.2642    13.9899 0.0000e+00
 125.350255     12.589    12.2614  31.867580    26.9979     12.476  276.90172  277.02351    47.2642    13.9575 0.0000e+00
 125.350258     12.624    12.2615  31.867176    26.9987     12.511  276.90185  277.02365    47.3264    13.9737 -9.990e-29
 125.350260     12.649    12.2618  31.867984    26.9987     12.536  276.89913  277.02094    41.3654    13.0720 -9.990e-29
 125.350263     12.679    12.2620  31.867984    26.9986     12.565  276.89820  277.02003    41.3809    13.0720 -9.990e-29
 125.350266     12.697    12.2620  31.867984    26.9986     12.583  276.89821  277.02004    41.3809    13.0841 -9.990e-29
 125.350269     12.713    12.2620  31.867176    26.9978     12.599  276.89969  277.02153    41.3654    13.0558 -9.990e-29
 125.350272     12.735    12.2619  31.867176    26.9979     12.621  276.90034  277.02216    42.9840    14.7258 -9.990e-29
 125.350275     12.759    12.2616  31.867580    26.9985     12.644  276.90089  277.02269    42.7817    14.7663 -9.990e-29
 125.350278     12.784    12.2616  31.867985    26.9989     12.670  276.90017  277.02197    42.8906    14.7137 -9.990e-29
 125.350281     12.808    12.2618  31.868158    26.9983     12.693  276.89924  277.02104    42.8751    14.7663 -9.990e-29
 125.350284     12.843    12.2619  31.867581    26.9983     12.728  276.89968  277.02150    41.4587    14.3053 0.0000e+00
 125.350286     12.872    12.2618  31.867581    26.9983     12.757  276.90001  277.02183    41.3965    14.2648 0.0000e+00
 125.350289     12.901    12.2619  31.867754    26.9983     12.786  276.89940  277.02122    41.3965    14.2446 0.0000e+00
 125.350292     12.932    12.2618  31.866773    26.9976     12.817  276.90184  277.02366    41.4276    14.2932 0.0000e+00
 125.350295     12.962    12.2613  31.866023    26.9976     12.846  276.90512  277.02692    41.3965    14.3053 0.0000e+00
 125.350298     12.989    12.2610  31.866773    26.9977     12.873  276.90504  277.02681    40.3692    14.4185 0.0000e+00
 125.350301     13.016    12.2608  31.865792    26.9981     12.900  276.90811  277.02987    40.5249    14.4064 -9.990e-29
 125.350304     13.031    12.2607  31.866600    26.9981     12.914  276.90696  277.02872    40.4315    14.4104 -9.990e-29
 125.350307     13.057    12.2608  31.869371    27.0007     12.940  276.90163  277.02336    40.3537    14.3983 -9.990e-29
 125.350310     13.077    12.2619  31.869948    27.0004     12.960  276.89553  277.01733    40.1358    14.2527 -9.990e-29
 125.350313     13.104    12.2635  31.871160    27.0003     12.987  276.88607  277.00797    40.0891    14.2851 -9.990e-29
 125.350315     13.128    12.2650  31.871391    26.9974     13.010  276.87902  277.00101    40.1825    14.2810 -9.990e-29
 125.350318     13.163    12.2658  31.869775    26.9975     13.045  276.87818  277.00025    40.1358    14.2932 0.0000e+00
 125.350321     13.197    12.2654  31.869775    26.9974     13.079  276.88010  277.00214    40.6650    13.9414 0.0000e+00
 125.350324     13.226    12.2648  31.868794    26.9975     13.108  276.88475  277.00676    40.7117    13.9737 0.0000e+00
 125.350327     13.256    12.2643  31.868794    26.9973     13.137  276.88699  277.00896    40.8050    13.9616 0.0000e+00
 125.350330     13.283    12.2638  31.868390    26.9975     13.164  276.88996  277.01190    40.6338    13.9737 -9.990e-29
 125.350333     13.307    12.2636  31.868967    26.9981     13.188  276.88956  277.01148    37.6922    13.7796 -9.990e-29
 125.350336     13.331    12.2639  31.870987    26.9998     13.211  276.88464  277.00656    37.6766    13.7877 -9.990e-29
 125.350339     13.352    12.2647  31.869948    26.9983     13.233  276.88306  277.00505    37.6299    13.7473 -9.990e-29
 125.350341     13.373    12.2653  31.870756    26.9986     13.253  276.87876  277.00078    37.8012    13.7473 -9.990e-29
 125.350344     13.396    12.2656  31.871391    26.9989     13.276  276.87635  276.99839    37.5988    13.7675 -9.990e-29
 125.350347     13.417    12.2667  31.873585    27.0021     13.296  276.86763  276.98972    39.3109    14.2689 -9.990e-29
 125.350350     13.442    12.2687  31.877164    27.0024     13.322  276.85198  276.97416    39.3264    14.2891 0.0000e+00
 125.350353     13.471    12.2717  31.880107    27.0021     13.351  276.83336  276.95572    39.5599    14.2972 0.0000e+00
 125.350356     13.502    12.2746  31.878779    26.9994     13.381  276.82282  276.94538    39.3887    14.2891 0.0000e+00
 125.350359     13.535    12.2756  31.876182    26.9971     13.414  276.82281  276.94547    41.8634    13.8281 0.0000e+00
 125.350362     13.572    12.2749  31.876586    26.9967     13.450  276.82526  276.94788    41.8634    13.8281 0.0000e+00
 125.350365     13.605    12.2742  31.876759    26.9971     13.483  276.82814  276.95070    41.8790    13.8443 -9.990e-29
 125.350367     13.629    12.2739  31.875951    26.9969     13.506  276.83088  276.95344    41.9568    13.8564 -9.990e-29
 125.350370     13.660    12.2735  31.875374    26.9965     13.537  276.83385  276.95638    41.3654    13.2580 0.0000e+00
 125.350373     13.685    12.2729  31.874162    26.9962     13.563  276.83892  276.96142    41.4120    13.2620 0.0000e+00
 125.350376     13.713    12.2717  31.872950    26.9961     13.590  276.84652  276.96895    41.3809    13.2742 0.0000e+00
 125.350379     13.741    12.2705  31.873181    26.9959     13.618  276.85150  276.97384    41.4120    13.2822 -9.990e-29
 125.350382     13.764    12.2696  31.872373    26.9969     13.640  276.85709  276.97939    38.6261    13.8969 -9.990e-29
 125.350385     13.782    12.2686  31.871161    26.9965     13.658  276.86374  276.98598    38.6105    13.8888 -9.990e-29
 125.350388     13.805    12.2674  31.870180    26.9947     13.682  276.87060  276.99277    38.7350    13.8888 -9.990e-29
 125.350391     13.831    12.2661  31.867352    26.9958     13.707  276.88176  277.00388    38.7350    13.9090 0.0000e+00
 125.350394     13.856    12.2645  31.868565    26.9969     13.732  276.88686  277.00885    38.7973    13.9050 0.0000e+00
 125.350396     13.886    12.2634  31.869373    26.9985     13.761  276.89016  277.01207    40.1825    14.0950 0.0000e+00
 125.350399     13.915    12.2630  31.869604    26.9990     13.790  276.89166  277.01354    40.1669    14.0546 0.0000e+00
 125.350402     13.948    12.2632  31.869777    26.9990     13.823  276.89073  277.01262    40.1669    14.0627 0.0000e+00
 125.350405     13.975    12.2635  31.870354    26.9990     13.850  276.88812  277.01002    40.1825    14.0950 0.0000e+00
 125.350408     14.008    12.2639  31.869835    26.9988     13.883  276.88750  277.00944    39.6689    13.8120 0.0000e+00
 125.350411     14.039    12.2642  31.870355    26.9988     13.913  276.88500  277.00695    39.7000    13.8443 0.0000e+00
 125.350414     14.065    12.2646  31.871567    26.9992     13.939  276.88123  277.00319    39.7000    13.8605 0.0000e+00
 125.350417     14.094    12.2652  31.870990    26.9996     13.968  276.87945  277.00146    39.6533    13.8524 -9.990e-29
 125.350420     14.111    12.2657  31.870759    26.9981     13.984  276.87766  276.99971    39.3264    14.4832 -9.990e-29
 125.350422     14.131    12.2657  31.871394    26.9986     14.004  276.87652  276.99857    39.4198    14.4751 -9.990e-29
 125.350425     14.149    12.2658  31.870759    26.9980     14.022  276.87737  276.99943    39.4354    14.4872 -9.990e-29
 125.350428     14.173    12.2659  31.871567    26.9986     14.046  276.87529  276.99734    39.3731    14.4953 -9.990e-29
 125.350431     14.200    12.2659  31.871567    26.9986     14.073  276.87531  276.99736    42.8906    14.6490 0.0000e+00
 125.350434     14.229    12.2658  31.871394    26.9986     14.102  276.87627  276.99832    42.8906    14.6652 0.0000e+00
 125.350437     14.264    12.2660  31.869951    26.9986     14.136  276.87765  276.99973    42.9373    14.6773 0.0000e+00
 125.350440     14.297    12.2665  31.872144    26.9978     14.169  276.87179  276.99388    42.8906    14.6935 0.0000e+00
 125.350443     14.330    12.2665  31.871163    26.9987     14.201  276.87359  276.99569    42.8751    14.6490 0.0000e+00
 125.350446     14.362    12.2665  31.872376    26.9985     14.234  276.87110  276.99319    41.3809    13.5168 0.0000e+00
 125.350448     14.393    12.2667  31.872145    26.9987     14.264  276.87059  276.99270    41.3498    13.5329 0.0000e+00
 125.350451     14.420    12.2667  31.871394    26.9985     14.291  276.87229  276.99440    41.4120    13.4723 -9.990e-29
 125.350454     14.444    12.2665  31.870990    26.9976     14.314  276.87398  276.99609    41.4120    13.5046 -9.990e-29
 125.350457     14.469    12.2662  31.869952    26.9968     14.340  276.87715  276.99925    43.4043    14.5641 -9.990e-29
 125.350460     14.488    12.2659  31.870760    26.9978     14.358  276.87696  276.99903    43.4354    14.5317 -9.990e-29
 125.350463     14.511    12.2655  31.868971    26.9963     14.381  276.88181  277.00387    43.4043    14.5358 -9.990e-29
 125.350466     14.529    12.2643  31.866777    26.9947     14.399  276.89150  277.01350    43.4043    14.5358 -9.990e-29
 125.350469     14.559    12.2620  31.864585    26.9945     14.428  276.90564  277.02750    41.9101    14.8067 0.0000e+00
 125.350472     14.584    12.2598  31.862392    26.9947     14.454  276.91976  277.04150    41.9568    14.8027 0.0000e+00
 125.350475     14.619    12.2573  31.862796    26.9962     14.488  276.93013  277.05170    41.9412    14.8027 0.0000e+00
 125.350477     14.647    12.2556  31.861180    26.9962     14.515  276.94100  277.06246    41.9257    14.8067 0.0000e+00
