Processed/SBE19plus_01907321_2022_05_09_Cast106_wfilter.cnv
* Sea-Bird SBE19plus  Data File:
* FileName = E:\Prandtl_Daten\2022\CTD\Raw\SBE19plus_01907321_2022_05_09_Cast106.hex
* Software version 2.6.1.12
* Temperature SN = 7321
* Conductivity SN = 7321
* System UpLoad Time = May 09 2022 14:26:08
* <ApplicationData>
* <Seaterm232>
** Messpraktikum 2022
** CTD 09.05  BE
** NMEA Latitude = 54 07 414N
** NMEA Longitude = 008 50 409E
# nquan = 11
# nvalues = 609                         
# units = specified
# name 0 = timeJ: Julian Days
# name 1 = prdM: Pressure, Strain Gauge [db]
# name 2 = tv290C: Temperature [ITS-90, deg C]
# name 3 = c0mS/cm: Conductivity [mS/cm]
# name 4 = sal00: Salinity, Practical [PSU]
# name 5 = depSM: Depth [salt water, m], lat = 54.00
# name 6 = oxsatMm/Kg: Oxygen Saturation, Weiss [umol/kg]
# name 7 = oxsolMm/Kg: Oxygen Saturation, Garcia & Gordon [umol/kg]
# name 8 = turbWETntu0: Turbidity, WET Labs ECO [NTU]
# name 9 = flECO-AFL: Fluorescence, WET Labs ECO-AFL/FL [mg/m^3]
# name 10 = flag:  0.000e+00
# span 0 = 129.589436, 129.591195       
# span 1 =      0.294,     18.055       
# span 2 =    12.8891,    14.4140       
# span 3 =  32.371551,  33.560437       
# span 4 =    26.9493,    27.0620       
# span 5 =      0.291,     17.893       
# span 6 =  264.68313,  273.20837       
# span 7 =  264.92388,  273.36672       
# span 8 =    -0.5802,   223.0307       
# span 9 =     1.7174,    22.2268       
# span 10 = 0.0000e+00, 0.0000e+00      
# interval = seconds: 0.25
# start_time = May 09 2022 14:07:33 [Instrument's time stamp, header]
# bad_flag = -9.990e-29
*END*
[from data line 263]
 129.590197      7.950    13.0530  32.513920    27.0336      7.879  272.24029  272.40777    10.5794     6.2220 -9.990e-29
 129.590200      7.975    13.0516  32.511710    27.0328      7.904  272.25014  272.41756    10.2992     6.1816 -9.990e-29
 129.590203      7.999    13.0499  32.511303    27.0336      7.927  272.25811  272.42543    10.4860     6.1776 -9.990e-29
 129.590205      8.019    13.0485  32.511070    27.0364      7.947  272.26483  272.43205    10.0657     6.1816 -9.990e-29
 129.590208      8.046    13.0478  32.512699    27.0365      7.974  272.26515  272.43232    10.3770     6.1937 0.0000e+00
 129.590211      8.078    13.0481  32.513106    27.0364      8.005  272.26288  272.43007    10.1280     5.9835 0.0000e+00
 129.590214      8.110    13.0488  32.511478    27.0345      8.038  272.26291  272.43016    10.5327     6.0320 0.0000e+00
 129.590217      8.141    13.0486  32.510896    27.0341      8.068  272.26489  272.43213     9.9724     6.0320 0.0000e+00
 129.590220      8.178    13.0480  32.510489    27.0341      8.105  272.26815  272.43535    10.3926     6.0199 0.0000e+00
 129.590223      8.212    13.0476  32.511362    27.0352      8.139  272.26822  272.43539    10.4082     6.0684 0.0000e+00
 129.590226      8.249    13.0476  32.512293    27.0360      8.175  272.26693  272.43409    10.3303     6.1331 0.0000e+00
 129.590229      8.280    13.0480  32.512525    27.0360      8.206  272.26466  272.43184    10.3770     6.0563 0.0000e+00
 129.590231      8.311    13.0483  32.512525    27.0359      8.236  272.26342  272.43062    10.3615     6.0765 0.0000e+00
 129.590234      8.338    13.0484  32.512293    27.0358      8.263  272.26321  272.43042     9.3965     6.0603 -9.990e-29
 129.590237      8.360    13.0486  32.512118    27.0351      8.285  272.26259  272.42981     9.3965     5.9916 -9.990e-29
 129.590240      8.382    13.0488  32.510664    27.0326      8.307  272.26451  272.43176     9.4276     6.0522 -9.990e-29
 129.590243      8.407    13.0478  32.508803    27.0331      8.332  272.27186  272.43907     9.4899     6.0886 0.0000e+00
 129.590246      8.438    13.0463  32.508803    27.0337      8.363  272.27850  272.44561     9.7078     6.0239 0.0000e+00
 129.590249      8.469    13.0452  32.509211    27.0346      8.394  272.28253  272.44957    10.0969     6.2261 0.0000e+00
 129.590252      8.506    13.0448  32.508629    27.0348      8.430  272.28546  272.45247    10.1903     6.2180 0.0000e+00
 129.590255      8.542    13.0448  32.509618    27.0354      8.466  272.28376  272.45076    10.3303     6.2099 0.0000e+00
 129.590258      8.586    13.0452  32.509851    27.0354      8.509  272.28180  272.44883    10.2369     6.2059 0.0000e+00
 129.590260      8.623    13.0454  32.509851    27.0354      8.545  272.28088  272.44792    10.6883     6.0401 0.0000e+00
 129.590263      8.654    13.0459  32.511771    27.0352      8.576  272.27535  272.44240    10.9996     6.0643 0.0000e+00
 129.590266      8.686    13.0473  32.510084    27.0354      8.608  272.27233  272.43949    10.6261     6.0522 0.0000e+00
 129.590269      8.716    13.0476  32.509618    27.0341      8.638  272.27158  272.43877    10.5171     6.0441 -9.990e-29
 129.590272      8.739    13.0469  32.507990    27.0324      8.661  272.27759  272.44475    12.1513     6.3029 -9.990e-29
 129.590275      8.761    13.0455  32.505721    27.0313      8.683  272.28755  272.45464    12.0424     6.2584 -9.990e-29
 129.590278      8.779    13.0437  32.505373    27.0323      8.701  272.29635  272.46333    11.9179     6.2948 -9.990e-29
 129.590281      8.801    13.0420  32.504559    27.0327      8.723  272.30503  272.47191    12.0268     6.2423 -9.990e-29
 129.590284      8.823    13.0408  32.503512    27.0338      8.744  272.31223  272.47904    11.8089     6.1978 -9.990e-29
 129.590286      8.849    13.0395  32.503745    27.0331      8.770  272.31751  272.48423    11.4510     6.1816 0.0000e+00
 129.590289      8.880    13.0387  32.501651    27.0324      8.800  272.32465  272.49134    11.4354     6.1129 0.0000e+00
 129.590292      8.907    13.0378  32.500662    27.0324      8.828  272.33017  272.49681    11.5755     6.1129 0.0000e+00
 129.590295      8.940    13.0368  32.501070    27.0332      8.860  272.33389  272.50047    11.5599     6.1897 0.0000e+00
 129.590298      8.968    13.0361  32.501477    27.0332      8.887  272.33634  272.50287    12.5405     6.8812 0.0000e+00
 129.590301      8.995    13.0364  32.499907    27.0323      8.914  272.33753  272.50409    12.6805     6.9580 0.0000e+00
 129.590304      9.024    13.0358  32.494323    27.0277      8.943  272.35013  272.51670    12.9762     6.9620 0.0000e+00
 129.590307      9.055    13.0337  32.490660    27.0258      8.974  272.36568  272.53216    12.5871     6.9944 0.0000e+00
 129.590310      9.083    13.0301  32.486182    27.0250      9.001  272.38927  272.55555    15.5443     7.1885 0.0000e+00
 129.590313      9.113    13.0253  32.481066    27.0242      9.032  272.41901  272.58505    15.3576     7.1521 -9.990e-29
 129.590315      9.137    13.0204  32.479089    27.0214      9.055  272.44422  272.60995    15.3887     7.2087 -9.990e-29
 129.590318      9.166    13.0160  32.472287    27.0200      9.084  272.47534  272.64086    15.3731     7.2047 0.0000e+00
 129.590321      9.195    13.0109  32.465369    27.0214      9.113  272.50951  272.67476    16.4626     7.3502 0.0000e+00
 129.590324      9.221    13.0043  32.464148    27.0222      9.138  272.54064  272.70549    16.1358     7.3260 0.0000e+00
 129.590327      9.254    13.0000  32.462521    27.0230      9.171  272.56210  272.72669    16.3848     7.3219 0.0000e+00
 129.590330      9.281    12.9964  32.458917    27.0238      9.198  272.58417  272.74856    16.5560     7.3179 0.0000e+00
 129.590333      9.314    12.9931  32.461708    27.0277      9.231  272.59380  272.75796    18.7661     7.9123 0.0000e+00
 129.590336      9.348    12.9920  32.460662    27.0277      9.265  272.60038  272.76448    18.8751     7.8799 0.0000e+00
 129.590339      9.380    12.9913  32.453338    27.0248      9.296  272.61669  272.78080    18.6416     7.8880 0.0000e+00
 129.590341      9.410    12.9887  32.454966    27.0215      9.326  272.62520  272.78913    18.5949     7.8719 0.0000e+00
 129.590344      9.438    12.9859  32.445317    27.0213      9.353  272.65439  272.81823    18.7194     7.9285 0.0000e+00
 129.590347      9.473    12.9810  32.438285    27.0179      9.388  272.68816  272.85175    19.2798     7.7950 -9.990e-29
 129.590350      9.496    12.9741  32.438285    27.0198      9.411  272.71811  272.88126    19.4665     7.7708 -9.990e-29
 129.590353      9.518    12.9692  32.435845    27.0211      9.433  272.74414  272.90700    19.3264     7.7748 -9.990e-29
 129.590356      9.538    12.9653  32.431952    27.0203      9.453  272.76799  272.93064    19.1864     7.7950 -9.990e-29
 129.590359      9.560    12.9615  32.428814    27.0200      9.475  272.78989  272.95233    25.1008     8.7736 -9.990e-29
 129.590362      9.584    12.9576  32.423178    27.0209      9.498  272.81680  272.97904    25.3187     8.8019 -9.990e-29
 129.590365      9.611    12.9535  32.423585    27.0206      9.525  272.83439  272.99635    25.3187     8.8059 0.0000e+00
 129.590367      9.642    12.9509  32.420971    27.0203      9.556  272.85034  273.01216    25.0541     8.7857 0.0000e+00
 129.590370      9.668    12.9483  32.415044    27.0167      9.581  272.87209  273.03381    26.3615     8.7898 0.0000e+00
 129.590373      9.706    12.9440  32.409235    27.0144      9.619  272.90122  273.06271    26.1903     8.8342 0.0000e+00
 129.590376      9.744    12.9384  32.401044    27.0144      9.657  272.93988  273.10110    26.2214     8.7978 0.0000e+00
 129.590379      9.783    12.9321  32.402265    27.0164      9.695  272.96551  273.12630    26.1436     8.8342 0.0000e+00
 129.590382      9.816    12.9279  32.401452    27.0187      9.728  272.98555  273.14608    21.1630     8.8423 0.0000e+00
 129.590385      9.849    12.9256  32.406100    27.0216      9.760  272.98718  273.14753    21.0541     8.0457 0.0000e+00
 129.590388      9.880    12.9261  32.405751    27.0245      9.791  272.98592  273.14630    21.1008     8.0296 -9.990e-29
 129.590391      9.901    12.9267  32.403079    27.0210      9.813  272.98811  273.14855    21.0229     8.0093 -9.990e-29
 129.590394      9.925    12.9258  32.403079    27.0216      9.836  272.99191  273.15229    21.1163     8.0457 -9.990e-29
 129.590396      9.945    12.9248  32.400814    27.0202      9.856  273.00031  273.16065    23.6844     8.4946 -9.990e-29
 129.590399      9.965    12.9237  32.401046    27.0212      9.876  273.00464  273.16491    23.7934     8.4865 -9.990e-29
 129.590402      9.989    12.9226  32.399594    27.0207      9.899  273.01225  273.17246    23.5910     8.4784 -9.990e-29
 129.590405     10.013    12.9214  32.398607    27.0217      9.923  273.01904  273.17919    23.6689     8.4258 -9.990e-29
 129.590408     10.045    12.9203  32.399013    27.0219      9.955  273.02308  273.18315    27.5288     8.9030 0.0000e+00
 129.590411     10.078    12.9198  32.399014    27.0217      9.988  273.02531  273.18534    27.3887     8.8666 0.0000e+00
 129.590414     10.106    12.9193  32.397387    27.0214     10.015  273.03039  273.19041    27.4976     8.8989 0.0000e+00
 129.590417     10.137    12.9191  32.397794    27.0209     10.046  273.03064  273.19064    27.5443     8.8787 0.0000e+00
 129.590420     10.164    12.9189  32.397039    27.0211     10.073  273.03293  273.19292    24.2914     8.4784 0.0000e+00
 129.590422     10.193    12.9189  32.398607    27.0209     10.102  273.03019  273.19017    24.5871     8.5027 -9.990e-29
 129.590425     10.217    12.9191  32.396574    27.0203     10.126  273.03283  273.19285    24.5093     8.4177 -9.990e-29
 129.590428     10.243    12.9181  32.395935    27.0204     10.151  273.03838  273.19834    24.4159     8.5027 -9.990e-29
 129.590431     10.266    12.9172  32.396749    27.0218     10.175  273.04107  273.20096    24.4315     8.4703 -9.990e-29
 129.590434     10.288    12.9175  32.396865    27.0212     10.196  273.03962  273.19952    28.2914     8.9394 -9.990e-29
 129.590437     10.314    12.9177  32.396575    27.0208     10.222  273.03888  273.19881    28.1825     8.9555 0.0000e+00
 129.590440     10.345    12.9172  32.395355    27.0208     10.252  273.04357  273.20347    27.9957     8.9394 0.0000e+00
 129.590443     10.381    12.9164  32.395123    27.0205     10.288  273.04715  273.20701    27.9490     8.8868 0.0000e+00
 129.590446     10.420    12.9159  32.394310    27.0204     10.326  273.05081  273.21064    34.4082    10.2010 0.0000e+00
 129.590448     10.453    12.9150  32.392974    27.0198     10.359  273.05727  273.21706    34.5015    10.1848 0.0000e+00
 129.590451     10.489    12.9143  32.391696    27.0191     10.395  273.06270  273.22245    34.5015    10.2172 0.0000e+00
 129.590454     10.522    12.9133  32.390883    27.0191     10.428  273.06856  273.22825    34.6883    10.2374 0.0000e+00
 129.590457     10.555    12.9124  32.390477    27.0191     10.460  273.07308  273.23272    36.1669    10.5892 0.0000e+00
 129.590460     10.587    12.9117  32.388037    27.0176     10.493  273.08054  273.24016    36.3381    10.5649 0.0000e+00
 129.590463     10.617    12.9101  32.386586    27.0175     10.522  273.09004  273.24957    36.1047    10.6094 0.0000e+00
 129.590466     10.648    12.9080  32.385076    27.0173     10.552  273.10217  273.26158    36.0891    10.5851 -9.990e-29
 129.590469     10.671    12.9063  32.384960    27.0185     10.576  273.10964  273.26894    40.2759    10.5811 -9.990e-29
 129.590472     10.697    12.9052  32.383334    27.0178     10.601  273.11724  273.27649    40.3848    10.5326 -9.990e-29
 129.590475     10.721    12.9036  32.380314    27.0162     10.625  273.12982  273.28899    40.5249    10.5892 -9.990e-29
 129.590477     10.742    12.9017  32.380314    27.0189     10.646  273.13834  273.29739    40.4938    10.6296 -9.990e-29
 129.590480     10.772    12.9001  32.380605    27.0190     10.675  273.14447  273.30342    40.2603    10.6013 0.0000e+00
 129.590483     10.797    12.8992  32.380082    27.0191     10.700  273.14951  273.30840    35.7155    10.0150 0.0000e+00
 129.590486     10.830    12.8987  32.380489    27.0194     10.733  273.15102  273.30987    35.7622     9.9948 0.0000e+00
 129.590489     10.861    12.8985  32.379908    27.0194     10.764  273.15300  273.31185    35.5599    10.0190 0.0000e+00
 129.590492     10.894    12.8983  32.379676    27.0194     10.796  273.15438  273.31321    35.7000    10.0231 0.0000e+00
 129.590495     10.928    12.8981  32.380780    27.0204     10.830  273.15309  273.31191    35.0463    10.2253 0.0000e+00
 129.590498     10.961    12.8983  32.381302    27.0205     10.863  273.15156  273.31038    35.1552    10.2293 0.0000e+00
 129.590501     10.994    12.8990  32.381535    27.0205     10.895  273.14802  273.30689    34.9529    10.1969 0.0000e+00
 129.590503     11.027    12.8996  32.379909    27.0195     10.928  273.14807  273.30699    35.1552    10.1686 0.0000e+00
 129.590506     11.052    12.8994  32.379270    27.0185     10.953  273.15015  273.30907    37.6922    10.6701 -9.990e-29
 129.590509     11.076    12.8984  32.377237    27.0180     10.977  273.15816  273.31702    37.6766    10.7307 -9.990e-29
 129.590512     11.107    12.8972  32.377528    27.0181     11.008  273.16302  273.32181    37.5521    10.6054 0.0000e+00
 129.590515     11.134    12.8961  32.376831    27.0181     11.035  273.16900  273.32772    37.7856    10.6296 0.0000e+00
 129.590518     11.165    12.8957  32.376657    27.0181     11.065  273.17121  273.32991    50.4237    12.1783 0.0000e+00
 129.590521     11.196    12.8955  32.375612    27.0183     11.096  273.17370  273.33240    50.2992    12.1015 0.0000e+00
 129.590524     11.231    12.8944  32.375844    27.0184     11.131  273.17836  273.33698    50.4237    12.1905 0.0000e+00
 129.590527     11.266    12.8938  32.375961    27.0184     11.165  273.18070  273.33928    50.3926    12.1096 0.0000e+00
 129.590530     11.304    12.8939  32.375438    27.0189     11.203  273.18133  273.33992    50.0191    12.1298 0.0000e+00
 129.590532     11.337    12.8938  32.376251    27.0184     11.236  273.18055  273.33913    35.6533    10.0635 0.0000e+00
 129.590535     11.372    12.8943  32.375438    27.0183     11.270  273.17948  273.33810    35.3731    10.0716 0.0000e+00
 129.590538     11.405    12.8942  32.375613    27.0183     11.302  273.17983  273.33844    35.4354    10.0918 0.0000e+00
 129.590541     11.432    12.8935  32.375206    27.0183     11.330  273.18339  273.34197    35.5132    10.0878 0.0000e+00
 129.590544     11.457    12.8930  32.375206    27.0184     11.355  273.18593  273.34447    42.4393    11.4869 -9.990e-29
 129.590547     11.480    12.8926  32.375613    27.0194     11.377  273.18681  273.34532    42.5638    11.5435 -9.990e-29
 129.590550     11.500    12.8928  32.375613    27.0192     11.397  273.18588  273.34440    42.4704    11.4545 -9.990e-29
 129.590553     11.523    12.8931  32.376659    27.0200     11.420  273.18279  273.34132    42.2992    11.5233 -9.990e-29
 129.590556     11.553    12.8933  32.376833    27.0200     11.449  273.18187  273.34041    34.2214     9.8775 -9.990e-29
 129.590558     11.578    12.8939  32.376368    27.0194     11.474  273.17987  273.33846    33.9101     9.8937 -9.990e-29
 129.590561     11.613    12.8942  32.376833    27.0196     11.509  273.17781  273.33641    34.0035     9.8573 0.0000e+00
 129.590564     11.646    12.8943  32.377240    27.0197     11.541  273.17680  273.33541    34.0035     9.8896 0.0000e+00
 129.590567     11.678    12.8945  32.377472    27.0197     11.574  273.17547  273.33408    29.9568     9.2588 0.0000e+00
 129.590570     11.709    12.8944  32.376833    27.0195     11.605  273.17693  273.33554    29.9879     9.2831 0.0000e+00
