Processed/SBE19plus_01907321_2022_05_10_Cast118_wfilter.cnv
* Sea-Bird SBE19plus  Data File:
* FileName = E:\Prandtl_Daten\2022\CTD\Raw\SBE19plus_01907321_2022_05_10_Cast118.hex
* Software version 2.6.1.12
* Temperature SN = 7321
* Conductivity SN = 7321
* System UpLoad Time = May 10 2022 15:05:54
* <ApplicationData>
* <Seaterm232>
** Messpraktikum 2022
** CTD 10.05  BW2
** NMEA Latitude = 54 07.90N
** NMEA Longitude = 008 45.45E
# nquan = 11
# nvalues = 690                         
# units = specified
# name 0 = timeJ: Julian Days
# name 1 = prdM: Pressure, Strain Gauge [db]
# name 2 = tv290C: Temperature [ITS-90, deg C]
# name 3 = c0mS/cm: Conductivity [mS/cm]
# name 4 = sal00: Salinity, Practical [PSU]
# name 5 = depSM: Depth [salt water, m], lat = 54.00
# name 6 = oxsatMm/Kg: Oxygen Saturation, Weiss [umol/kg]
# name 7 = oxsolMm/Kg: Oxygen Saturation, Garcia & Gordon [umol/kg]
# name 8 = turbWETntu0: Turbidity, WET Labs ECO [NTU]
# name 9 = flECO-AFL: Fluorescence, WET Labs ECO-AFL/FL [mg/m^3]
# name 10 = flag:  0.000e+00
# span 0 = 130.623374, 130.625367       
# span 1 =      0.269,     15.758       
# span 2 =    13.8094,    13.8556       
# span 3 =  33.114092,  33.134778       
# span 4 =    27.0273,    27.0564       
# span 5 =      0.266,     15.616       
# span 6 =  267.72559,  267.94426       
# span 7 =  267.93714,  268.15318       
# span 8 =    -2.0276,    21.1319       
# span 9 =     2.1784,     5.4578       
# span 10 = 0.0000e+00, 0.0000e+00      
# interval = seconds: 0.25
# start_time = May 10 2022 14:56:22 [Instrument's time stamp, header]
# bad_flag = -9.990e-29
*END*
 130.623374      0.269    13.8407  33.115380    27.0276      0.266  267.81997  268.03078    -1.8720     2.7081 -9.990e-29
 130.623377      0.283    13.8406  33.115380    27.0278      0.281  267.82029  268.03110    -2.0276     2.7000 -9.990e-29
 130.623380      0.318    13.8408  33.115614    27.0277      0.315  267.81929  268.03010    -1.9498     2.7081 0.0000e+00
 130.623383      0.371    13.8407  33.115556    27.0277      0.368  267.81973  268.03054    -1.9187     2.7405 0.0000e+00
 130.623385      0.418    13.8408  33.115380    27.0276      0.415  267.81974  268.03056    -1.7475     2.7566 0.0000e+00
 130.623388      0.447    13.8409  33.115380    27.0275      0.443  267.81913  268.02996    -1.8097     2.8052 -9.990e-29
 130.623391      0.460    13.8407  33.115380    27.0276      0.456  267.82008  268.03090    -1.5918     2.7850 -9.990e-29
 130.623394      0.462    13.8408  33.115380    27.0275      0.458  267.81977  268.03059    -1.6230     2.7850 -9.990e-29
 130.623397      0.467    13.8405  33.114970    27.0273      0.463  267.82140  268.03221    -1.4051     2.7607 -9.990e-29
 130.623400      0.485    13.8403  33.115146    27.0276      0.481  267.82206  268.03285    -1.3117     2.7647 -9.990e-29
 130.623403      0.500    13.8403  33.114970    27.0273      0.496  267.82236  268.03316    -1.3895     2.8173 -9.990e-29
 130.623406      0.533    13.8400  33.114560    27.0274      0.528  267.82433  268.03511    -1.3739     2.7445 0.0000e+00
 130.623409      0.573    13.8394  33.114385    27.0274      0.568  267.82716  268.03790    -1.1405     2.7486 0.0000e+00
 130.623411      0.617    13.8385  33.114561    27.0275      0.612  267.83065  268.04134    -1.0471     2.6475 -9.990e-29
 130.623414      0.641    13.8381  33.114092    27.0282      0.635  267.83334  268.04401    -1.1094     2.6596 -9.990e-29
 130.623417      0.645    13.8380  33.114620    27.0287      0.639  267.83277  268.04343    -1.3117     2.6556 -9.990e-29
 130.623420      0.643    13.8381  33.114737    27.0287      0.637  267.83226  268.04292    -1.1560     2.6394 -9.990e-29
 130.623423      0.643    13.8381  33.114971    27.0289      0.637  267.83186  268.04253    -1.1094     2.6353 -9.990e-29
 130.623426      0.666    13.8379  33.115616    27.0301      0.661  267.83142  268.04207    -1.1249     2.6434 -9.990e-29
 130.623429      0.712    13.8379  33.116202    27.0301      0.706  267.83047  268.04111    -1.1249     2.6879 0.0000e+00
 130.623432      0.756    13.8379  33.115968    27.0301      0.749  267.83120  268.04184    -1.1716     2.6273 0.0000e+00
 130.623435      0.785    13.8378  33.115382    27.0300      0.778  267.83252  268.04316    -0.8759     2.7041 -9.990e-29
 130.623437      0.805    13.8381  33.116202    27.0300      0.798  267.82990  268.04055    -0.8759     2.6839 -9.990e-29
 130.623440      0.820    13.8388  33.116378    27.0296      0.813  267.82648  268.03717    -0.9848     2.7405 -9.990e-29
 130.623443      0.831    13.8393  33.115968    27.0290      0.824  267.82529  268.03601    -0.9693     2.6960 -9.990e-29
 130.623446      0.850    13.8396  33.116436    27.0291      0.842  267.82326  268.03400    -1.0004     2.6353 -9.990e-29
 130.623449      0.882    13.8394  33.116202    27.0292      0.874  267.82461  268.03534    -0.8136     2.6434 0.0000e+00
 130.623452      0.915    13.8391  33.116202    27.0292      0.907  267.82557  268.03629    -0.9848     2.6556 0.0000e+00
 130.623455      0.944    13.8385  33.115968    27.0294      0.936  267.82881  268.03949    -1.0938     2.6192 0.0000e+00
 130.623458      0.970    13.8379  33.115558    27.0295      0.961  267.83171  268.04236    -0.8448     2.7769 -9.990e-29
 130.623461      0.990    13.8371  33.115382    27.0299      0.981  267.83547  268.04607    -0.8915     2.8011 -9.990e-29
 130.623464      1.012    13.8360  33.115383    27.0307      1.003  267.84019  268.05072    -0.9848     2.8497 -9.990e-29
 130.623466      1.036    13.8351  33.115559    27.0314      1.027  267.84367  268.05415    -0.9848     2.8497 -9.990e-29
 130.623469      1.058    13.8344  33.115969    27.0323      1.048  267.84613  268.05657    -0.8292     2.8416 -9.990e-29
 130.623472      1.088    13.8337  33.116555    27.0333      1.079  267.84799  268.05838    -1.0315     2.6434 -9.990e-29
 130.623475      1.110    13.8335  33.117668    27.0345      1.100  267.84708  268.05745    -1.2650     2.6434 -9.990e-29
 130.623478      1.130    13.8341  33.119368    27.0356      1.120  267.84173  268.05212    -1.2339     2.6192 -9.990e-29
 130.623481      1.145    13.8355  33.118489    27.0338      1.135  267.83726  268.04774    -1.0938     2.6394 -9.990e-29
 130.623484      1.152    13.8370  33.120774    27.0348      1.142  267.82715  268.03771    -1.4362     2.5989 -9.990e-29
 130.623487      1.159    13.8390  33.121945    27.0344      1.149  267.81672  268.02738    -1.3428     2.5868 -9.990e-29
 130.623490      1.170    13.8409  33.126223    27.0370      1.160  267.80140  268.01214    -1.4051     2.5989 -9.990e-29
 130.623492      1.194    13.8434  33.126105    27.0363      1.183  267.79095  268.00184    -1.2806     2.5383 -9.990e-29
 130.623495      1.221    13.8456  33.129152    27.0361      1.211  267.77644  267.98744    -1.3739     2.7647 0.0000e+00
 130.623498      1.260    13.8479  33.130617    27.0360      1.249  267.76460  267.97572    -1.3428     2.7809 0.0000e+00
 130.623501      1.292    13.8500  33.131496    27.0353      1.281  267.75405  267.96529    -1.3428     2.7728 0.0000e+00
 130.623504      1.334    13.8518  33.132493    27.0352      1.322  267.74488  267.95622    -1.3273     2.7890 0.0000e+00
 130.623507      1.362    13.8530  33.133723    27.0350      1.349  267.73781  267.94921    -1.2494     2.9265 0.0000e+00
 130.623510      1.391    13.8542  33.134485    27.0352      1.378  267.73153  267.94300    -1.2027     3.0114 -9.990e-29
 130.623513      1.411    13.8553  33.134778    27.0345      1.398  267.72635  267.93788    -1.1716     3.0397 -9.990e-29
 130.623516      1.425    13.8556  33.134485    27.0340      1.413  267.72559  267.93714    -1.1716     3.0437 -9.990e-29
 130.623519      1.438    13.8551  33.133958    27.0339      1.425  267.72837  267.93990    -1.1094     3.0437 -9.990e-29
 130.623521      1.456    13.8541  33.130207    27.0312      1.443  267.73905  267.95055    -0.5179     2.3887 -9.990e-29
 130.623524      1.473    13.8513  33.126516    27.0298      1.460  267.75717  267.96853    -0.4245     2.3644 -9.990e-29
 130.623527      1.489    13.8468  33.124993    27.0316      1.476  267.77887  267.98997    -0.2533     2.3846 -9.990e-29
 130.623530      1.508    13.8423  33.124114    27.0339      1.494  267.79918  268.01003    -0.4090     2.3765 -9.990e-29
 130.623533      1.524    13.8389  33.123118    27.0362      1.510  267.81529  268.02594    -0.1911     2.3159 -9.990e-29
 130.623536      1.553    13.8364  33.122064    27.0367      1.539  267.82775  268.03825    -0.1599     2.3280 0.0000e+00
 130.623539      1.580    13.8337  33.120951    27.0371      1.566  267.84092  268.05128    -0.1444     2.3482 0.0000e+00
 130.623542      1.607    13.8302  33.119780    27.0385      1.593  267.85765  268.06781    -0.1444     2.3240 0.0000e+00
 130.623545      1.640    13.8268  33.119311    27.0404      1.626  267.87289  268.08285    -0.4712     2.4008 0.0000e+00
 130.623547      1.668    13.8242  33.118960    27.0412      1.653  267.88447  268.09428    -0.4245     2.4008 0.0000e+00
 130.623550      1.699    13.8224  33.118316    27.0419      1.684  267.89342  268.10312    -0.4090     2.4129 -9.990e-29
 130.623553      1.721    13.8213  33.118199    27.0433      1.705  267.89833  268.10797    -0.3467     2.3765 -9.990e-29
 130.623556      1.737    13.8205  33.118082    27.0437      1.721  267.90168  268.11127    -0.7047     2.4453 -9.990e-29
 130.623559      1.750    13.8202  33.118492    27.0443      1.734  267.90225  268.11182    -0.9848     2.4453 -9.990e-29
 130.623562      1.759    13.8210  33.118961    27.0442      1.743  267.89833  268.10795    -0.9848     2.4615 -9.990e-29
 130.623565      1.777    13.8221  33.119137    27.0436      1.761  267.89334  268.10302    -0.9070     2.4655 -9.990e-29
 130.623568      1.797    13.8232  33.119547    27.0425      1.781  267.88796  268.09770    -0.9070     2.4695 -9.990e-29
 130.623571      1.825    13.8241  33.119547    27.0421      1.808  267.88421  268.09401    -1.0938     2.3927 0.0000e+00
 130.623573      1.852    13.8248  33.119312    27.0418      1.835  267.88180  268.09164    -0.9070     2.3765 0.0000e+00
 130.623576      1.881    13.8251  33.119195    27.0415      1.865  267.88076  268.09062    -0.9693     2.3685 0.0000e+00
 130.623579      1.910    13.8252  33.119137    27.0413      1.893  267.88025  268.09011    -0.8292     2.3927 0.0000e+00
 130.623582      1.938    13.8252  33.118316    27.0408      1.921  267.88164  268.09151    -0.6736     2.4089 0.0000e+00
 130.623585      1.967    13.8250  33.118375    27.0408      1.950  267.88250  268.09236    -0.6424     2.3725 0.0000e+00
 130.623588      1.996    13.8246  33.118317    27.0409      1.979  267.88419  268.09402    -0.6113     2.3806 0.0000e+00
 130.623591      2.024    13.8246  33.118317    27.0410      2.006  267.88420  268.09404    -0.6736     2.3846 -9.990e-29
 130.623594      2.049    13.8243  33.118375    27.0412      2.031  267.88538  268.09519    -0.9693     2.3118 -9.990e-29
 130.623597      2.076    13.8243  33.118083    27.0410      2.058  267.88588  268.09571    -0.8759     2.2997 -9.990e-29
 130.623600      2.093    13.8243  33.117204    27.0402      2.074  267.88737  268.09720    -0.9070     2.3644 -9.990e-29
 130.623602      2.111    13.8242  33.118083    27.0410      2.092  267.88622  268.09604    -0.9070     2.3159 -9.990e-29
 130.623605      2.126    13.8242  33.118317    27.0413      2.107  267.88615  268.09596    -0.8448     2.5221 -9.990e-29
 130.623608      2.138    13.8242  33.118376    27.0413      2.119  267.88574  268.09556    -0.8915     2.5423 -9.990e-29
 130.623611      2.155    13.8242  33.118317    27.0412      2.136  267.88585  268.09567    -0.9848     2.5383 -9.990e-29
 130.623614      2.171    13.8243  33.118317    27.0411      2.152  267.88555  268.09537    -0.8915     2.5100 -9.990e-29
 130.623617      2.189    13.8244  33.118376    27.0411      2.170  267.88515  268.09497    -0.9070     2.5221 -9.990e-29
 130.623620      2.211    13.8242  33.117907    27.0408      2.192  267.88658  268.09639    -1.1560     2.4170 -9.990e-29
 130.623623      2.233    13.8239  33.117966    27.0411      2.213  267.88806  268.09785    -1.0782     2.3806 -9.990e-29
 130.623626      2.258    13.8239  33.118083    27.0411      2.238  267.88788  268.09767    -0.9848     2.4008 -9.990e-29
 130.623628      2.288    13.8237  33.117908    27.0408      2.267  267.88882  268.09861    -1.1560     2.4129 0.0000e+00
 130.623631      2.326    13.8239  33.117380    27.0406      2.305  267.88910  268.09890    -0.9070     2.4210 0.0000e+00
 130.623634      2.353    13.8242  33.117673    27.0406      2.332  267.88737  268.09718    -0.8136     2.3765 0.0000e+00
 130.623637      2.382    13.8242  33.117673    27.0406      2.361  267.88739  268.09720    -1.0160     2.4129 -9.990e-29
 130.623640      2.404    13.8241  33.117556    27.0405      2.383  267.88791  268.09772    -0.9381     2.3806 -9.990e-29
 130.623643      2.424    13.8240  33.117674    27.0407      2.403  267.88835  268.09816    -1.1872     2.4372 -9.990e-29
 130.623646      2.448    13.8240  33.117556    27.0406      2.426  267.88825  268.09806    -1.2027     2.4655 -9.990e-29
 130.623649      2.468    13.8239  33.117674    27.0408      2.446  267.88869  268.09849    -1.2494     2.4453 -9.990e-29
 130.623652      2.489    13.8237  33.117674    27.0409      2.466  267.88933  268.09912    -1.1716     2.4453 -9.990e-29
 130.623655      2.507    13.8237  33.118201    27.0414      2.484  267.88877  268.09855    -0.7047     2.4453 -9.990e-29
 130.623657      2.526    13.8240  33.118318    27.0412      2.504  267.88702  268.09682    -0.7047     2.4736 -9.990e-29
 130.623660      2.545    13.8242  33.117967    27.0407      2.522  267.88668  268.09650    -0.6891     2.4210 -9.990e-29
 130.623663      2.565    13.8245  33.117908    27.0405      2.542  267.88585  268.09568    -0.5335     2.4615 -9.990e-29
 130.623666      2.594    13.8242  33.117908    27.0407      2.571  267.88681  268.09663    -0.7047     2.4776 -9.990e-29
 130.623669      2.618    13.8241  33.117791    27.0407      2.595  267.88765  268.09746    -0.8759     2.3644 -9.990e-29
 130.623672      2.644    13.8236  33.117909    27.0411      2.620  267.88966  268.09944    -0.8136     2.4008 -9.990e-29
 130.623675      2.669    13.8234  33.117909    27.0413      2.645  267.89062  268.10039    -0.9537     2.3927 -9.990e-29
 130.623678      2.695    13.8234  33.117967    27.0413      2.671  267.89054  268.10030    -0.9070     2.4129 -9.990e-29
 130.623681      2.717    13.8234  33.117440    27.0408      2.692  267.89143  268.10120    -1.6074     2.2027 -9.990e-29
 130.623683      2.738    13.8236  33.117557    27.0408      2.714  267.89031  268.10009    -1.5607     2.1824 -9.990e-29
 130.623686      2.759    13.8235  33.117675    27.0409      2.734  267.89044  268.10022    -1.6230     2.2108 -9.990e-29
 130.623689      2.784    13.8234  33.117440    27.0408      2.759  267.89148  268.10125    -1.6385     2.2027 -9.990e-29
 130.623692      2.804    13.8233  33.117206    27.0407      2.779  267.89219  268.10196    -1.1094     2.4493 -9.990e-29
 130.623695      2.828    13.8231  33.116210    27.0398      2.803  267.89451  268.10427    -1.1560     2.4534 -9.990e-29
 130.623698      2.842    13.8231  33.115976    27.0397      2.817  267.89522  268.10499    -1.1872     2.4695 -9.990e-29
 130.623701      2.858    13.8229  33.116972    27.0407      2.833  267.89419  268.10394    -1.0471     2.4493 -9.990e-29
 130.623704      2.875    13.8230  33.116210    27.0399      2.850  267.89516  268.10492    -1.1249     2.6030 -9.990e-29
 130.623707      2.895    13.8228  33.116972    27.0407      2.869  267.89453  268.10427    -1.1716     2.6030 -9.990e-29
 130.623709      2.917    13.8231  33.117031    27.0406      2.891  267.89350  268.10326    -1.1872     2.5585 -9.990e-29
 130.623712      2.943    13.8231  33.117265    27.0408      2.917  267.89281  268.10257    -1.0782     2.5909 -9.990e-29
 130.623715      2.965    13.8232  33.117382    27.0409      2.938  267.89231  268.10207    -1.1094     2.5787 -9.990e-29
 130.623718      2.990    13.8235  33.117675    27.0407      2.963  267.89058  268.10036    -0.8759     2.4372 0.0000e+00
 130.623721      3.021    13.8237  33.117441    27.0408      2.994  267.89005  268.09984    -0.9381     2.4412 0.0000e+00
 130.623724      3.052    13.8242  33.118203    27.0406      3.025  267.88691  268.09672    -0.9226     2.4817 0.0000e+00
 130.623727      3.080    13.8246  33.118320    27.0407      3.052  267.88485  268.09469    -1.0315     2.4453 0.0000e+00
 130.623730      3.113    13.8251  33.118555    27.0406      3.085  267.88259  268.09246    -0.8759     2.4412 -9.990e-29
 130.623733      3.136    13.8254  33.118086    27.0399      3.108  267.88214  268.09202    -0.9070     2.4372 -9.990e-29
 130.623736      3.162    13.8257  33.118730    27.0402      3.134  267.87950  268.08941    -0.8759     2.4898 -9.990e-29
 130.623738      3.180    13.8257  33.118789    27.0402      3.152  267.87942  268.08932    -0.8136     2.4615 -9.990e-29
 130.623741      3.200    13.8258  33.118906    27.0403      3.171  267.87892  268.08882    -1.0938     2.5221 -9.990e-29
 130.623744      3.218    13.8259  33.118906    27.0402      3.190  267.87862  268.08853    -1.1872     2.5221 -9.990e-29
 130.623747      3.233    13.8259  33.118789    27.0401      3.204  267.87851  268.08842    -1.1716     2.5100 -9.990e-29
 130.623750      3.246    13.8259  33.118906    27.0402      3.217  267.87863  268.08854    -1.0782     2.4979 -9.990e-29
