Processed/SBE19plus_01907321_2022_05_04_Cast14_wfilter.cnv
* Sea-Bird SBE19plus  Data File:
* FileName = E:\Prandtl Daten\2022\CTD\Raw\SBE19plus_01907321_2022_05_04_Cast14.hex
* Software version 2.6.1.12
* Temperature SN = 7321
* Conductivity SN = 7321
* System UpLoad Time = May 04 2022 08:58:03
* <ApplicationData>
* <Seaterm232>
** Messpraktikum 2022
** CTD 04.05 SW4
# nquan = 11
# nvalues = 416                         
# units = specified
# name 0 = timeJ: Julian Days
# name 1 = prdM: Pressure, Strain Gauge [db]
# name 2 = tv290C: Temperature [ITS-90, deg C]
# name 3 = c0mS/cm: Conductivity [mS/cm]
# name 4 = sal00: Salinity, Practical [PSU]
# name 5 = depSM: Depth [salt water, m], lat = 54.00
# name 6 = oxsatMm/Kg: Oxygen Saturation, Weiss [umol/kg]
# name 7 = oxsolMm/Kg: Oxygen Saturation, Garcia & Gordon [umol/kg]
# name 8 = turbWETntu0: Turbidity, WET Labs ECO [NTU]
# name 9 = flECO-AFL: Fluorescence, WET Labs ECO-AFL/FL [mg/m^3]
# name 10 = flag:  0.000e+00
# span 0 = 124.367911, 124.369112       
# span 1 =      0.676,     10.897       
# span 2 =    10.9032,    11.0265       
# span 3 =  28.531283,  30.177913       
# span 4 =    24.7107,    26.3597       
# span 5 =      0.670,     10.799       
# span 6 =  286.35821,  289.07618       
# span 7 =  286.40394,  289.14931       
# span 8 =    32.6961,    63.8089       
# span 9 =    10.2495,    14.7703       
# span 10 = 0.0000e+00, 0.0000e+00      
# interval = seconds: 0.25
# start_time = May 04 2022 08:48:40 [Instrument's time stamp, header]
# bad_flag = -9.990e-29
*END*
 124.367911      0.676    11.0127  28.539965    24.7259      0.670  289.05418  289.12742    37.9568    11.2079 0.0000e+00
 124.367914      0.745    11.0131  28.541846    24.7266      0.739  289.04856  289.12180    37.9568    11.2159 0.0000e+00
 124.367917      0.833    11.0137  28.541459    24.7266      0.825  289.04669  289.11998    36.0113    11.3009 0.0000e+00
 124.367920      0.911    11.0142  28.538859    24.7252      0.903  289.04913  289.12249    36.0113    11.2887 0.0000e+00
 124.367922      0.959    11.0146  28.539412    24.7238      0.950  289.04608  289.11946    36.0268    11.2968 -9.990e-29
 124.367925      0.970    11.0151  28.540353    24.7246      0.961  289.04191  289.11531    36.0268    11.2766 -9.990e-29
 124.367928      0.960    11.0153  28.539191    24.7233      0.952  289.04316  289.11659    34.9996    10.9733 -9.990e-29
 124.367931      0.947    11.0161  28.538139    24.7218      0.939  289.04118  289.11468    34.9218    10.9733 -9.990e-29
 124.367934      0.951    11.0168  28.537033    24.7195      0.943  289.03966  289.11322    34.9840    10.9652 -9.990e-29
 124.367937      0.986    11.0179  28.537033    24.7186      0.977  289.03433  289.10797    34.9373    10.9935 0.0000e+00
 124.367940      1.053    11.0194  28.536258    24.7177      1.044  289.02851  289.10227    35.0307    11.0623 0.0000e+00
 124.367943      1.132    11.0206  28.535539    24.7170      1.122  289.02428  289.09812    35.0930    11.0946 0.0000e+00
 124.367946      1.188    11.0212  28.536535    24.7162      1.177  289.01936  289.09323    35.0307    11.0946 -9.990e-29
 124.367948      1.206    11.0215  28.535927    24.7160      1.195  289.01888  289.09279    35.0930    11.1149 -9.990e-29
 124.367951      1.203    11.0212  28.535374    24.7157      1.192  289.02163  289.09552    34.9218    11.0946 -9.990e-29
 124.367954      1.173    11.0216  28.536093    24.7161      1.163  289.01820  289.09211    33.4899    10.9612 -9.990e-29
 124.367957      1.119    11.0217  28.536092    24.7160      1.109  289.01750  289.09141    33.5521    10.9855 -9.990e-29
 124.367960      1.071    11.0218  28.534986    24.7149      1.062  289.01895  289.09289    33.5677    10.9693 -9.990e-29
 124.367963      1.066    11.0222  28.535926    24.7156      1.056  289.01544  289.08939    33.4120    10.9733 -9.990e-29
 124.367966      1.110    11.0225  28.536369    24.7150      1.100  289.01293  289.08690    34.2992    11.1512 -9.990e-29
 124.367969      1.185    11.0235  28.536258    24.7137      1.174  289.00851  289.08255    34.2214    11.1229 0.0000e+00
 124.367972      1.265    11.0244  28.534267    24.7131      1.253  289.00776  289.08189    34.3459    11.1108 0.0000e+00
 124.367975      1.345    11.0249  28.535374    24.7128      1.333  289.00331  289.07746    34.2681    11.0946 0.0000e+00
 124.367977      1.403    11.0252  28.535927    24.7131      1.391  289.00060  289.07476    34.5794    10.7833 -9.990e-29
 124.367980      1.423    11.0252  28.536480    24.7139      1.411  288.99953  289.07369    34.6261    10.7509 -9.990e-29
 124.367983      1.420    11.0254  28.535927    24.7133      1.407  288.99960  289.07378    34.5171    10.7833 -9.990e-29
 124.367986      1.416    11.0256  28.536038    24.7133      1.403  288.99872  289.07290    34.4704    10.8116 -9.990e-29
 124.367989      1.420    11.0256  28.536093    24.7133      1.407  288.99828  289.07247    32.7428    11.3898 -9.990e-29
 124.367992      1.432    11.0259  28.535540    24.7125      1.420  288.99802  289.07224    32.7584    11.3413 -9.990e-29
 124.367995      1.467    11.0260  28.535540    24.7121      1.454  288.99771  289.07193    32.6961    11.3777 0.0000e+00
 124.367998      1.520    11.0256  28.534434    24.7125      1.507  289.00191  289.07612    32.7272    11.3817 0.0000e+00
 124.368001      1.568    11.0249  28.534821    24.7125      1.554  289.00454  289.07869    32.7428    11.3251 0.0000e+00
 124.368003      1.606    11.0239  28.534987    24.7129      1.591  289.00926  289.08335    32.9762    10.9733 0.0000e+00
 124.368006      1.637    11.0235  28.535706    24.7133      1.622  289.00989  289.08394    32.9607    10.9774 -9.990e-29
 124.368009      1.659    11.0235  28.535541    24.7141      1.644  289.00990  289.08395    32.9607    10.9976 -9.990e-29
 124.368012      1.668    11.0237  28.536260    24.7147      1.653  289.00783  289.08188    33.0229    11.0016 -9.990e-29
 124.368015      1.669    11.0243  28.536647    24.7146      1.654  289.00373  289.07783    33.1319    11.0542 -9.990e-29
 124.368018      1.687    11.0256  28.537200    24.7129      1.672  288.99664  289.07081    33.1475    11.0218 -9.990e-29
 124.368021      1.713    11.0263  28.536260    24.7128      1.697  288.99480  289.06904    32.8984    11.0016 0.0000e+00
 124.368024      1.740    11.0265  28.536204    24.7127      1.725  288.99392  289.06818    33.1008    11.0340 0.0000e+00
 124.368027      1.775    11.0264  28.535541    24.7124      1.759  288.99591  289.07016    33.7389    11.5233 0.0000e+00
 124.368030      1.812    11.0262  28.534600    24.7121      1.796  288.99844  289.07269    33.7233    11.5597 -9.990e-29
 124.368032      1.837    11.0256  28.534434    24.7116      1.821  289.00179  289.07600    33.8012    11.5718 -9.990e-29
 124.368035      1.852    11.0254  28.536481    24.7137      1.836  288.99915  289.07332    33.7700    11.5597 -9.990e-29
 124.368038      1.858    11.0252  28.536647    24.7139      1.841  288.99950  289.07366    33.4432    10.9046 -9.990e-29
 124.368041      1.856    11.0253  28.535928    24.7132      1.839  289.00057  289.07474    33.5833    10.9450 -9.990e-29
 124.368044      1.852    11.0254  28.534822    24.7121      1.835  289.00238  289.07657    33.4899    10.9086 -9.990e-29
 124.368047      1.859    11.0254  28.535707    24.7129      1.843  289.00033  289.07451    33.5366    10.9329 -9.990e-29
 124.368050      1.874    11.0255  28.536260    24.7129      1.857  288.99893  289.07311    33.3965    10.8965 -9.990e-29
 124.368053      1.905    11.0260  28.536094    24.7127      1.888  288.99693  289.07115    34.4237    11.8225 0.0000e+00
 124.368056      1.949    11.0264  28.535928    24.7124      1.931  288.99527  289.06952    34.4704    11.8104 0.0000e+00
 124.368058      1.996    11.0261  28.533882    24.7118      1.978  289.00063  289.07488    34.5171    11.8144 0.0000e+00
 124.368061      2.049    11.0254  28.534601    24.7107      2.031  289.00261  289.07681    34.4704    11.8063 0.0000e+00
 124.368064      2.106    11.0248  28.532388    24.7112      2.087  289.00997  289.08416    34.9062    11.5475 0.0000e+00
 124.368067      2.160    11.0245  28.533329    24.7112      2.141  289.00985  289.08400    34.9685    11.5637 0.0000e+00
 124.368070      2.208    11.0238  28.532942    24.7112      2.188  289.01399  289.08810    35.0619    11.5556 0.0000e+00
 124.368073      2.244    11.0229  28.532389    24.7112      2.224  289.01944  289.09350    34.9840    11.5394 -9.990e-29
 124.368076      2.267    11.0222  28.532942    24.7123      2.247  289.02173  289.09573    35.4821    11.2362 -9.990e-29
 124.368079      2.277    11.0219  28.532776    24.7123      2.256  289.02373  289.09771    35.5443    11.2402 -9.990e-29
 124.368082      2.277    11.0214  28.531283    24.7113      2.256  289.02932  289.10328    35.6066    11.1998 -9.990e-29
 124.368084      2.277    11.0206  28.532389    24.7128      2.256  289.03085  289.10474    35.4198    11.2119 -9.990e-29
 124.368087      2.291    11.0201  28.532002    24.7128      2.271  289.03430  289.10815    36.2136    12.3279 -9.990e-29
 124.368090      2.306    11.0197  28.532777    24.7138      2.285  289.03481  289.10863    36.1669    12.3320 -9.990e-29
 124.368093      2.324    11.0193  28.532777    24.7141      2.303  289.03683  289.11062    36.0891    12.3401 -9.990e-29
 124.368096      2.344    11.0191  28.532943    24.7144      2.323  289.03752  289.11130    36.2914    12.3360 -9.990e-29
 124.368099      2.361    11.0187  28.532002    24.7137      2.340  289.04104  289.11480    36.4159    12.3441 -9.990e-29
 124.368102      2.381    11.0181  28.532168    24.7142      2.359  289.04374  289.11746    36.9918    12.2309 -9.990e-29
 124.368105      2.402    11.0172  28.531283    24.7140      2.381  289.04984  289.12351    36.8984    12.2228 -9.990e-29
 124.368108      2.424    11.0166  28.532224    24.7153      2.403  289.05137  289.12498    37.0385    12.2713 -9.990e-29
 124.368111      2.448    11.0159  28.532224    24.7158      2.426  289.05473  289.12830    36.9296    12.2511 -9.990e-29
 124.368113      2.463    11.0157  28.531671    24.7154      2.441  289.05682  289.13038    35.7000    11.9276 -9.990e-29
 124.368116      2.483    11.0152  28.532224    24.7163      2.461  289.05844  289.13195    35.7000    11.9276 -9.990e-29
 124.368119      2.506    11.0148  28.532335    24.7167      2.484  289.05991  289.13340    35.7934    11.9600 -9.990e-29
 124.368122      2.541    11.0145  28.532224    24.7166      2.518  289.06183  289.13529    35.7155    11.9681 0.0000e+00
 124.368125      2.583    11.0141  28.531837    24.7165      2.560  289.06428  289.13773    37.5677    11.6850 0.0000e+00
 124.368128      2.630    11.0142  28.531838    24.7165      2.607  289.06398  289.13743    37.8012    11.6648 0.0000e+00
 124.368131      2.681    11.0141  28.533719    24.7183      2.657  289.06068  289.13411    37.6922    11.7254 0.0000e+00
 124.368134      2.729    11.0139  28.534604    24.7189      2.704  289.06033  289.13372    37.6611    11.7012 0.0000e+00
 124.368137      2.763    11.0137  28.534051    24.7191      2.738  289.06210  289.13549    36.3381    11.5111 0.0000e+00
 124.368139      2.789    11.0134  28.534272    24.7189      2.764  289.06336  289.13673    36.5560    11.3009 -9.990e-29
 124.368142      2.811    11.0132  28.532225    24.7175      2.786  289.06837  289.14175    36.4626    11.2928 -9.990e-29
 124.368145      2.813    11.0129  28.534272    24.7196      2.788  289.06606  289.13938    36.3692    11.3089 -9.990e-29
 124.368148      2.811    11.0127  28.533885    24.7194      2.786  289.06748  289.14080    36.4471    11.2968 -9.990e-29
 124.368151      2.816    11.0126  28.537204    24.7226      2.791  289.06168  289.13496    37.7078    12.8779 -9.990e-29
 124.368154      2.831    11.0125  28.536264    24.7218      2.806  289.06386  289.13714    37.6922    12.8496 -9.990e-29
 124.368157      2.855    11.0126  28.537204    24.7226      2.829  289.06171  289.13498    37.7078    12.8657 -9.990e-29
 124.368160      2.878    11.0125  28.537094    24.7221      2.853  289.06261  289.13587    37.8167    12.8577 -9.990e-29
 124.368163      2.910    11.0125  28.536651    24.7225      2.884  289.06316  289.13643    37.4276    12.6474 0.0000e+00
 124.368166      2.950    11.0124  28.537426    24.7229      2.924  289.06235  289.13560    37.5054    12.6433 0.0000e+00
 124.368168      2.988    11.0120  28.538145    24.7234      2.962  289.06264  289.13587    37.3809    12.6555 0.0000e+00
 124.368171      3.021    11.0118  28.538146    24.7238      2.994  289.06400  289.13721    37.5054    12.6555 -9.990e-29
 124.368174      3.044    11.0116  28.535711    24.7218      3.017  289.06943  289.14266    38.3926    12.1177 -9.990e-29
 124.368177      3.066    11.0114  28.537260    24.7234      3.039  289.06743  289.14063    38.5638    12.1460 -9.990e-29
 124.368180      3.080    11.0112  28.537592    24.7238      3.052  289.06780  289.14098    38.5482    12.1419 -9.990e-29
 124.368183      3.093    11.0110  28.537593    24.7240      3.065  289.06915  289.14231    38.5015    12.1298 -9.990e-29
 124.368186      3.104    11.0109  28.536652    24.7231      3.076  289.07132  289.14449    38.0969    12.1460 -9.990e-29
 124.368189      3.112    11.0104  28.537205    24.7240      3.085  289.07260  289.14572    35.8868    12.0813 -9.990e-29
 124.368192      3.120    11.0103  28.535712    24.7226      3.092  289.07618  289.14931    35.9023    12.0772 -9.990e-29
 124.368194      3.132    11.0107  28.539086    24.7261      3.104  289.06760  289.14072    35.7778    12.0489 -9.990e-29
 124.368197      3.162    11.0115  28.540248    24.7257      3.133  289.06134  289.13450    36.0891    12.1096 0.0000e+00
 124.368200      3.207    11.0128  28.540359    24.7255      3.179  289.05479  289.12804    38.7506    13.1326 0.0000e+00
 124.368203      3.262    11.0132  28.540746    24.7255      3.233  289.05207  289.12534    38.6261    13.1690 0.0000e+00
 124.368206      3.311    11.0135  28.541134    24.7255      3.282  289.04967  289.12296    38.6261    13.1205 0.0000e+00
 124.368209      3.357    11.0136  28.540193    24.7256      3.327  289.05120  289.12451    38.7039    13.1488 0.0000e+00
 124.368212      3.393    11.0136  28.541687    24.7253      3.363  289.04831  289.12161    37.4587    11.5030 0.0000e+00
 124.368215      3.420    11.0135  28.541134    24.7260      3.390  289.05008  289.12337    37.4276    11.5111 -9.990e-29
 124.368218      3.439    11.0132  28.541466    24.7261      3.408  289.05078  289.12405    37.4587    11.4788 -9.990e-29
 124.368220      3.456    11.0127  28.541853    24.7268      3.425  289.05272  289.12594    37.4276    11.4788 -9.990e-29
 124.368223      3.468    11.0120  28.542960    24.7283      3.437  289.05392  289.12708    36.6027    12.7606 -9.990e-29
 124.368226      3.479    11.0116  28.542407    24.7281      3.448  289.05701  289.13015    36.7117    12.7647 -9.990e-29
 124.368229      3.495    11.0112  28.544454    24.7303      3.464  289.05504  289.12813    36.7428    12.8051 -9.990e-29
 124.368232      3.516    11.0110  28.545008    24.7310      3.484  289.05465  289.12772    36.6961    12.7647 -9.990e-29
 124.368235      3.545    11.0111  28.545174    24.7303      3.513  289.05401  289.12708    36.6805    12.7444 0.0000e+00
 124.368238      3.578    11.0111  28.543680    24.7310      3.546  289.05694  289.13004    37.2253    12.5261 0.0000e+00
 124.368241      3.611    11.0108  28.545727    24.7307      3.579  289.05465  289.12769    37.2253    12.5018 0.0000e+00
 124.368244      3.637    11.0107  28.546668    24.7317      3.604  289.05317  289.12620    37.1630    12.5463 -9.990e-29
 124.368247      3.649    11.0106  28.545727    24.7318      3.617  289.05568  289.12871    37.2253    12.5220 -9.990e-29
 124.368249      3.659    11.0106  28.546115    24.7322      3.626  289.05493  289.12796    37.1008    12.5059 -9.990e-29
 124.368252      3.666    11.0104  28.546613    24.7328      3.633  289.05463  289.12764    37.3031    12.5180 -9.990e-29
 124.368255      3.668    11.0102  28.546115    24.7325      3.635  289.05695  289.12994    37.1008    12.5180 -9.990e-29
 124.368258      3.679    11.0100  28.544621    24.7312      3.646  289.06087  289.13387    37.2408    12.5261 -9.990e-29
 124.368261      3.701    11.0100  28.547775    24.7341      3.668  289.05474  289.12770    41.1630    12.9143 -9.990e-29
 124.368264      3.730    11.0101  28.547775    24.7347      3.697  289.05409  289.12706    41.1630    12.9224 0.0000e+00
 124.368267      3.766    11.0097  28.548715    24.7352      3.733  289.05429  289.12722    41.1163    12.8941 0.0000e+00
 124.368270      3.813    11.0092  28.552036    24.7387      3.779  289.05019  289.12305    41.2720    12.8941 0.0000e+00
 124.368273      3.857    11.0089  28.556961    24.7436      3.823  289.04196  289.11474    39.9334    12.1985 0.0000e+00
 124.368275      3.899    11.0087  28.557072    24.7438      3.864  289.04277  289.11554    39.9023    12.2066 0.0000e+00
 124.368278      3.939    11.0085  28.559673    24.7458      3.904  289.03874  289.11145    39.9179    12.1702 0.0000e+00
 124.368281      3.974    11.0083  28.558898    24.7461      3.938  289.04127  289.11398    39.9646    12.1783 0.0000e+00
 124.368284      4.010    11.0081  28.559286    24.7458      3.974  289.04155  289.11424    39.9023    12.1985 -9.990e-29
 124.368287      4.032    11.0079  28.559064    24.7462      3.996  289.04300  289.11568    38.5638    11.8670 -9.990e-29
