Processed/SBE19plus_01907321_2022_05_07_Cast68_wfilter.cnv
* Sea-Bird SBE19plus  Data File:
* FileName = E:\Prandtl Daten\2022\CTD\Raw\SBE19plus_01907321_2022_05_07_Cast68.hex
* Software version 2.6.1.12
* Temperature SN = 7321
* Conductivity SN = 7321
* System UpLoad Time = May 07 2022 11:13:31
* <ApplicationData>
* <Seaterm232>
** Messpraktikum 2022
** CTD 07.05 MP2
** NMEA Latitude = 54 03.01 N
** NMEA Longitude = 008 42.12 E
# nquan = 11
# nvalues = 465                         
# units = specified
# name 0 = timeJ: Julian Days
# name 1 = prdM: Pressure, Strain Gauge [db]
# name 2 = tv290C: Temperature [ITS-90, deg C]
# name 3 = c0mS/cm: Conductivity [mS/cm]
# name 4 = sal00: Salinity, Practical [PSU]
# name 5 = depSM: Depth [salt water, m], lat = 54.00
# name 6 = oxsatMm/Kg: Oxygen Saturation, Weiss [umol/kg]
# name 7 = oxsolMm/Kg: Oxygen Saturation, Garcia & Gordon [umol/kg]
# name 8 = turbWETntu0: Turbidity, WET Labs ECO [NTU]
# name 9 = flECO-AFL: Fluorescence, WET Labs ECO-AFL/FL [mg/m^3]
# name 10 = flag:  0.000e+00
# span 0 = 127.463371, 127.464714       
# span 1 =      0.538,     12.971       
# span 2 =    13.4845,    13.7080       
# span 3 =  32.692523,  32.901435       
# span 4 =    26.8427,    26.9530       
# span 5 =      0.534,     12.855       
# span 6 =  268.75387,  270.03829       
# span 7 =  268.95846,  270.23102       
# span 8 =    12.4626,    84.8206       
# span 9 =     8.6442,    14.5722       
# span 10 = 0.0000e+00, 0.0000e+00      
# interval = seconds: 0.25
# start_time = May 07 2022 11:06:00 [Instrument's time stamp, header]
# bad_flag = -9.990e-29
*END*
 127.463371      0.538    13.5111  32.722541    26.9031      0.534  269.89106  270.08523    12.5249     8.6887 0.0000e+00
 127.463374      0.564    13.5090  32.722774    26.9040      0.559  269.89981  270.09386    15.9801     9.2952 0.0000e+00
 127.463377      0.590    13.5073  32.719800    26.9048      0.584  269.91215  270.10611    15.9646     9.2548 -9.990e-29
 127.463380      0.597    13.5059  32.721958    26.9062      0.591  269.91446  270.10832    15.9646     9.2507 -9.990e-29
 127.463383      0.604    13.5058  32.724816    26.9089      0.599  269.91022  270.10405    15.9179     9.1941 -9.990e-29
 127.463385      0.624    13.5067  32.731931    26.9148      0.618  269.89432  270.08814    16.7584     9.3882 -9.990e-29
 127.463388      0.641    13.5110  32.747271    26.9254      0.635  269.84959  270.04355    16.7584     9.4489 -9.990e-29
 127.463391      0.666    13.5194  32.753454    26.9263      0.660  269.80285  269.99727    16.8673     9.4327 0.0000e+00
 127.463394      0.695    13.5280  32.762088    26.9272      0.689  269.75131  269.94618    16.9607     9.3963 0.0000e+00
 127.463397      0.734    13.5382  32.777434    26.9289      0.727  269.68144  269.87680    18.8751     9.8654 0.0000e+00
 127.463400      0.785    13.5505  32.781459    26.9340      0.778  269.62172  269.81780    18.8284     9.8451 0.0000e+00
 127.463403      0.823    13.5608  32.799435    26.9380      0.816  269.54678  269.74334    18.7661     9.8654 0.0000e+00
 127.463406      0.850    13.5738  32.811634    26.9389      0.843  269.47035  269.66759    18.8751     9.8654 0.0000e+00
 127.463409      0.876    13.5878  32.813851    26.9399      0.868  269.40679  269.60486    21.2408    10.4800 -9.990e-29
 127.463411      0.892    13.5973  32.813033    26.9246      0.884  269.36726  269.56592    21.1319    10.4800 -9.990e-29
 127.463414      0.914    13.6019  32.812390    26.9209      0.906  269.34885  269.54779    21.3654    10.5124 -9.990e-29
 127.463417      0.930    13.6032  32.810464    26.9182      0.922  269.34646  269.54550    21.3031    10.5245 -9.990e-29
 127.463420      0.949    13.6030  32.811573    26.9221      0.940  269.34554  269.54455    21.1630    10.5649 -9.990e-29
 127.463423      0.974    13.6034  32.814901    26.9224      0.966  269.33833  269.53734    20.8362    10.5892 0.0000e+00
 127.463426      1.003    13.6047  32.816535    26.9226      0.994  269.32991  269.52898    20.9451    10.6256 0.0000e+00
 127.463429      1.036    13.6063  32.820681    26.9252      1.027  269.31597  269.51511    20.6338    10.5690 0.0000e+00
 127.463432      1.064    13.6087  32.822724    26.9254      1.054  269.30213  269.50140    20.7428    10.5609 0.0000e+00
 127.463435      1.100    13.6120  32.831132    26.9307      1.090  269.27404  269.47344    21.8323    10.8722 0.0000e+00
 127.463438      1.137    13.6175  32.837205    26.9316      1.126  269.24016  269.43984    21.6611    10.8641 0.0000e+00
 127.463440      1.166    13.6241  32.849994    26.9324      1.155  269.19017  269.39014    21.7078    10.8318 -9.990e-29
 127.463443      1.186    13.6339  32.862376    26.9437      1.175  269.12735  269.32781    21.7389    10.8439 -9.990e-29
 127.463446      1.206    13.6461  32.868684    26.9408      1.195  269.06444  269.26559    21.6611    11.1108 -9.990e-29
 127.463449      1.230    13.6567  32.868800    26.9334      1.219  269.01895  269.22074    21.7856    11.0704 -9.990e-29
 127.463452      1.250    13.6631  32.876687    26.9361      1.239  268.97824  269.18035    21.7389    10.9814 -9.990e-29
 127.463455      1.272    13.6698  32.878731    26.9332      1.260  268.94617  269.14866    21.9257    11.0299 -9.990e-29
 127.463458      1.299    13.6752  32.882879    26.9332      1.287  268.91620  269.11899    21.8478    10.9976 0.0000e+00
 127.463461      1.328    13.6794  32.883930    26.9332      1.316  268.89619  269.09922    21.7078    10.9855 -9.990e-29
 127.463464      1.352    13.6830  32.888780    26.9330      1.340  268.87259  269.07580    21.7545    10.9572 -9.990e-29
 127.463466      1.377    13.6874  32.890941    26.9333      1.365  268.85039  269.05384    21.5833    10.9895 -9.990e-29
 127.463469      1.406    13.6918  32.895908    26.9328      1.394  268.82314  269.02682    21.7233    11.0016 0.0000e+00
 127.463472      1.432    13.6965  32.898479    26.9328      1.419  268.79867  269.00262    22.4082    11.2523 0.0000e+00
 127.463475      1.458    13.7014  32.899648    26.9323      1.445  268.77595  268.98018    22.1903    11.2766 -9.990e-29
 127.463478      1.481    13.7054  32.899413    26.9269      1.468  268.75937  268.96384    22.2992    11.2240 -9.990e-29
 127.463481      1.505    13.7073  32.897835    26.9219      1.492  268.75387  268.95846    22.2525    11.2604 -9.990e-29
 127.463484      1.538    13.7080  32.895907    26.9213      1.525  268.75431  268.95896    22.4860    11.0704 0.0000e+00
 127.463487      1.567    13.7070  32.893862    26.9207      1.553  268.76187  268.96648    22.5327    11.0218 0.0000e+00
 127.463490      1.595    13.7052  32.891174    26.9196      1.580  268.77429  268.97882    22.6883    10.9612 0.0000e+00
 127.463492      1.626    13.7026  32.888662    26.9196      1.611  268.78957  268.99396    22.3459    11.0097 0.0000e+00
 127.463495      1.655    13.7000  32.888896    26.9201      1.640  268.80021  269.00444    22.4237    11.2766 0.0000e+00
 127.463498      1.684    13.6979  32.886208    26.9211      1.669  268.81389  269.01801    22.3926    11.2685 -9.990e-29
 127.463501      1.708    13.6962  32.887611    26.9226      1.692  268.81846  269.02247    22.3926    11.2928 -9.990e-29
 127.463504      1.731    13.6953  32.890299    26.9257      1.716  268.81802  269.02196    22.4237    11.3089 -9.990e-29
 127.463507      1.753    13.6964  32.892169    26.9266      1.737  268.81016  269.01415    22.5171    11.2726 -9.990e-29
 127.463510      1.773    13.6982  32.893337    26.9252      1.757  268.80065  269.00473    22.6105    11.2645 -9.990e-29
 127.463513      1.801    13.7002  32.893629    26.9252      1.784  268.79136  268.99557    22.6261    11.1796 0.0000e+00
 127.463516      1.826    13.7016  32.894681    26.9252      1.810  268.78362  268.98790    22.4860    11.2079 -9.990e-29
 127.463519      1.851    13.7030  32.894740    26.9240      1.835  268.77756  268.98192    22.6883    11.2240 -9.990e-29
 127.463521      1.881    13.7038  32.895090    26.9239      1.864  268.77352  268.97793    23.4821    11.2887 0.0000e+00
 127.463524      1.913    13.7046  32.895499    26.9237      1.896  268.76939  268.97385    23.1552    11.3534 0.0000e+00
 127.463527      1.944    13.7053  32.894915    26.9227      1.927  268.76756  268.97207    23.2642    11.3494 0.0000e+00
 127.463530      1.979    13.7057  32.894681    26.9223      1.961  268.76641  268.97093    23.2175    11.3211 0.0000e+00
 127.463533      2.006    13.7057  32.894039    26.9220      1.988  268.76751  268.97204    23.7778    11.4788 0.0000e+00
 127.463536      2.037    13.7054  32.893513    26.9217      2.019  268.76967  268.97419    23.7000    11.5394 -9.990e-29
 127.463539      2.056    13.7048  32.892403    26.9208      2.037  268.77408  268.97857    23.7622    11.4747 -9.990e-29
 127.463542      2.078    13.7038  32.890124    26.9194      2.059  268.78203  268.98648    23.7622    11.4505 -9.990e-29
 127.463545      2.096    13.7025  32.889014    26.9193      2.077  268.78958  268.99396    24.0891    11.4383 -9.990e-29
 127.463547      2.120    13.7011  32.889306    26.9205      2.101  268.79508  268.99938    23.9801    11.4707 -9.990e-29
 127.463550      2.141    13.7001  32.888488    26.9217      2.122  268.80088  269.00512    24.0268    11.3615 -9.990e-29
 127.463553      2.173    13.6991  32.889014    26.9213      2.153  268.80410  269.00828    23.9646    11.4020 0.0000e+00
 127.463556      2.209    13.6989  32.888021    26.9217      2.189  268.80675  269.01092    22.6261    11.1189 0.0000e+00
 127.463559      2.244    13.6986  32.889073    26.9221      2.224  268.80625  269.01040    22.5949    11.1108 0.0000e+00
 127.463562      2.271    13.6987  32.889365    26.9222      2.251  268.80514  269.00930    22.7506    11.0865 0.0000e+00
 127.463565      2.308    13.6990  32.890125    26.9227      2.287  268.80294  269.00710    22.8284    11.1149 0.0000e+00
 127.463568      2.338    13.6995  32.890943    26.9229      2.318  268.79937  269.00356    22.6572    11.1149 0.0000e+00
 127.463571      2.373    13.7004  32.892930    26.9231      2.352  268.79226  268.99649    23.8556    11.2604 -9.990e-29
 127.463573      2.397    13.7021  32.892988    26.9231      2.375  268.78494  268.98927    23.5443    11.2523 -9.990e-29
 127.463576      2.411    13.7033  32.893631    26.9228      2.390  268.77852  268.98291    23.8089    11.2523 -9.990e-29
 127.463579      2.429    13.7043  32.893456    26.9220      2.408  268.77473  268.97919    23.5443    11.3292 -9.990e-29
 127.463582      2.449    13.7047  32.892345    26.9207      2.427  268.77473  268.97922    23.9646    11.3211 -9.990e-29
 127.463585      2.470    13.7043  32.891995    26.9206      2.448  268.77722  268.98169    23.8245    11.3373 -9.990e-29
 127.463588      2.493    13.7038  32.891352    26.9208      2.471  268.78021  268.98466    23.9957    11.2887 -9.990e-29
 127.463591      2.526    13.7032  32.891352    26.9211      2.503  268.78306  268.98747    24.1513    11.2604 0.0000e+00
 127.463594      2.559    13.7028  32.891586    26.9213      2.536  268.78426  268.98864    23.9957    11.3292 0.0000e+00
 127.463597      2.590    13.7027  32.892171    26.9213      2.567  268.78361  268.98798    23.9490    11.4020 0.0000e+00
 127.463600      2.623    13.7027  32.891353    26.9217      2.599  268.78501  268.98939    23.8868    11.3130 0.0000e+00
 127.463602      2.654    13.7029  32.892171    26.9214      2.630  268.78302  268.98740    23.8401    11.3170 0.0000e+00
 127.463605      2.686    13.7030  32.891996    26.9217      2.662  268.78270  268.98710    24.1358    11.6001 -9.990e-29
 127.463608      2.710    13.7032  32.892171    26.9215      2.686  268.78179  268.98619    24.1980    11.6041 -9.990e-29
 127.463611      2.736    13.7031  32.893457    26.9227      2.711  268.77995  268.98434    24.1980    11.6163 -9.990e-29
 127.463614      2.754    13.7034  32.893632    26.9226      2.730  268.77841  268.98281    24.1358    11.6284 -9.990e-29
 127.463617      2.778    13.7033  32.893515    26.9226      2.753  268.77894  268.98333    23.9646    11.5960 -9.990e-29
 127.463620      2.794    13.7029  32.892814    26.9223      2.769  268.78202  268.98640    21.0385    10.5124 -9.990e-29
 127.463623      2.818    13.7023  32.891353    26.9190      2.793  268.78702  268.99137    20.9451    10.5326 -9.990e-29
 127.463626      2.849    13.7013  32.888023    26.9149      2.824  268.79675  269.00107    21.0696    10.5730 0.0000e+00
 127.463628      2.880    13.6984  32.876688    26.9107      2.854  268.82819  269.03243    21.1008    10.5204 0.0000e+00
 127.463631      2.918    13.6917  32.870905    26.9102      2.892  268.86662  269.07051    12.5871     8.6604 0.0000e+00
 127.463634      2.948    13.6838  32.846840    26.8940      2.921  268.94131  269.14492    12.4626     8.6442 0.0000e+00
 127.463637      2.986    13.6688  32.800831    26.8687      2.959  269.08339  269.28647    12.5249     8.6684 0.0000e+00
 127.463640      3.019    13.6411  32.786009    26.8657      2.992  269.22699  269.42853    12.5560     8.6523 0.0000e+00
 127.463643      3.052    13.6120  32.739218    26.8687      3.024  269.43116  269.63132    16.2603     9.7198 -9.990e-29
 127.463646      3.075    13.5754  32.708430    26.8444      3.048  269.64050  269.83871    16.0580     9.7602 -9.990e-29
 127.463649      3.103    13.5388  32.702837    26.8650      3.075  269.80740  270.00343    16.0580     9.7683 -9.990e-29
 127.463652      3.124    13.5129  32.702023    26.8824      3.097  269.92009  270.11455    15.9957     9.7562 -9.990e-29
 127.463655      3.143    13.4992  32.710246    26.8995      3.115  269.96501  270.15857    22.8128     9.7481 -9.990e-29
 127.463657      3.159    13.4959  32.728441    26.9183      3.131  269.94816  270.14136    22.9218    11.1472 -9.990e-29
 127.463660      3.181    13.5023  32.743139    26.9272      3.153  269.89570  270.08917    22.7817    11.0987 -9.990e-29
 127.463663      3.205    13.5149  32.766240    26.9420      3.176  269.80216  269.99621    22.8284    11.1432 -9.990e-29
 127.463666      3.236    13.5327  32.782986    26.9414      3.207  269.69715  269.89214    23.0619    11.1310 0.0000e+00
 127.463669      3.263    13.5511  32.795883    26.9412      3.234  269.59589  269.79190    25.2875    11.7295 0.0000e+00
 127.463672      3.298    13.5682  32.809541    26.9412      3.268  269.49966  269.69659    25.4587    11.7254 0.0000e+00
 127.463675      3.327    13.5849  32.827697    26.9412      3.297  269.39707  269.59486    25.5210    11.7901 0.0000e+00
 127.463678      3.360    13.6025  32.835812    26.9408      3.330  269.30779  269.50658    25.2564    11.7295 0.0000e+00
 127.463681      3.387    13.6175  32.838029    26.9348      3.357  269.24015  269.43983    25.1941    11.5920 0.0000e+00
 127.463683      3.413    13.6270  32.848132    26.9336      3.382  269.18213  269.38230    25.2253    11.5233 0.0000e+00
 127.463686      3.442    13.6365  32.858294    26.9348      3.411  269.12433  269.32500    25.3342    11.5839 -9.990e-29
 127.463689      3.467    13.6470  32.862207    26.9335      3.436  269.07272  269.27399    25.2720    11.5718 -9.990e-29
 127.463692      3.489    13.6554  32.863024    26.9284      3.458  269.03579  269.23755    25.4120    11.7942 -9.990e-29
 127.463695      3.508    13.6609  32.867931    26.9289      3.476  269.00358  269.20564    25.3965    11.7335 -9.990e-29
 127.463698      3.529    13.6662  32.870909    26.9279      3.498  268.97621  269.17856    25.5054    11.7699 -9.990e-29
 127.463701      3.553    13.6707  32.870675    26.9248      3.521  268.95742  269.16005    25.3965    11.7578 -9.990e-29
 127.463704      3.580    13.6738  32.873421    26.9242      3.548  268.93958  269.14237    25.3965    11.7174 0.0000e+00
 127.463707      3.609    13.6763  32.874005    26.9236      3.577  268.92791  269.13084    25.3342    11.9155 0.0000e+00
 127.463709      3.641    13.6782  32.874998    26.9232      3.608  268.91807  269.12111    25.6299    11.9600 0.0000e+00
 127.463712      3.675    13.6796  32.874998    26.9223      3.642  268.91211  269.11523    25.4743    11.9438 0.0000e+00
 127.463715      3.706    13.6807  32.876050    26.9223      3.673  268.90563  269.10881    25.3031    11.9681 0.0000e+00
 127.463718      3.739    13.6822  32.878095    26.9228      3.706  268.89590  269.09915    24.8673    11.5071 0.0000e+00
 127.463721      3.765    13.6833  32.878562    26.9228      3.731  268.89040  269.09372    24.8984    11.4707 0.0000e+00
 127.463724      3.794    13.6844  32.877569    26.9219      3.760  268.88738  269.09077    24.7272    11.4828 0.0000e+00
 127.463727      3.821    13.6852  32.878971    26.9211      3.787  268.88157  269.08499    24.9607    11.4909 -9.990e-29
 127.463730      3.836    13.6858  32.879380    26.9217      3.802  268.87837  269.08183    25.8945    11.6648 -9.990e-29
 127.463733      3.858    13.6864  32.879964    26.9218      3.823  268.87487  269.07837    25.7545    11.6527 -9.990e-29
 127.463736      3.880    13.6869  32.879789    26.9213      3.845  268.87267  269.07619    25.7856    11.7012 -9.990e-29
 127.463738      3.903    13.6872  32.879380    26.9200      3.868  268.87243  269.07597    25.8478    11.6729 -9.990e-29
 127.463741      3.930    13.6869  32.878387    26.9203      3.895  268.87507  269.07861    25.4899    11.9195 0.0000e+00
 127.463744      3.958    13.6864  32.878738    26.9202      3.923  268.87669  269.08020    25.8634    11.9114 0.0000e+00
 127.463747      3.994    13.6861  32.877920    26.9206      3.959  268.87967  269.08316    25.5988    11.8589 0.0000e+00
