Processed/SBE19plus_01907321_2022_05_05_Cast33_wfilter.cnv
* Sea-Bird SBE19plus  Data File:
* FileName = E:\Prandtl Daten\2022\CTD\Raw\SBE19plus_01907321_2022_05_05_Cast33.hex
* Software version 2.6.1.12
* Temperature SN = 7321
* Conductivity SN = 7321
* System UpLoad Time = May 05 2022 11:57:31
* <ApplicationData>
* <Seaterm232>
** Messpraktikum 2022
** CTD 05.05 NP5
# nquan = 11
# nvalues = 485                         
# units = specified
# name 0 = timeJ: Julian Days
# name 1 = prdM: Pressure, Strain Gauge [db]
# name 2 = tv290C: Temperature [ITS-90, deg C]
# name 3 = c0mS/cm: Conductivity [mS/cm]
# name 4 = sal00: Salinity, Practical [PSU]
# name 5 = depSM: Depth [salt water, m], lat = 54.00
# name 6 = oxsatMm/Kg: Oxygen Saturation, Weiss [umol/kg]
# name 7 = oxsolMm/Kg: Oxygen Saturation, Garcia & Gordon [umol/kg]
# name 8 = turbWETntu0: Turbidity, WET Labs ECO [NTU]
# name 9 = flECO-AFL: Fluorescence, WET Labs ECO-AFL/FL [mg/m^3]
# name 10 = flag:  0.000e+00
# span 0 = 125.494227, 125.495628       
# span 1 =      0.577,     13.116       
# span 2 =    11.9647,    12.1172       
# span 3 =  32.684509,  32.832828       
# span 4 =    27.8950,    28.1057       
# span 5 =      0.572,     12.998       
# span 6 =  276.00606,  276.51475       
# span 7 =  276.10896,  276.60590       
# span 8 =    10.1903,    74.4704       
# span 9 =     4.3337,    10.0352       
# span 10 = 0.0000e+00, 0.0000e+00      
# interval = seconds: 0.25
# start_time = May 05 2022 11:50:20 [Instrument's time stamp, header]
# bad_flag = -9.990e-29
*END*
[from data line 132]
 125.494609      3.997    12.0323  32.824186    28.0708      3.961  276.17342  276.26909    16.8673     5.3203 0.0000e+00
 125.494612      4.027    12.0324  32.824945    28.0714      3.991  276.17143  276.26710    16.8517     5.3001 0.0000e+00
 125.494615      4.057    12.0329  32.827631    28.0725      4.020  276.16436  276.26004    15.4043     5.0413 0.0000e+00
 125.494618      4.084    12.0340  32.829091    28.0735      4.048  276.15706  276.25279    15.3887     5.0494 -9.990e-29
 125.494621      4.108    12.0356  32.829733    28.0735      4.071  276.14847  276.24431    15.3887     5.0575 -9.990e-29
 125.494624      4.130    12.0368  32.830726    28.0736      4.094  276.14171  276.23762    15.4354     5.0453 -9.990e-29
 125.494627      4.145    12.0377  32.831368    28.0734      4.108  276.13621  276.23219    15.4198     5.0453 -9.990e-29
 125.494630      4.159    12.0389  32.830667    28.0719      4.122  276.13255  276.22861    15.3576     5.0292 -9.990e-29
 125.494633      4.178    12.0399  32.832828    28.0732      4.140  276.12396  276.22007    15.2953     5.0170 -9.990e-29
 125.494635      4.200    12.0410  32.832010    28.0709      4.162  276.12083  276.21703    15.3264     5.0656 -9.990e-29
 125.494638      4.229    12.0421  32.832244    28.0704      4.191  276.11516  276.21144    15.2953     5.0292 0.0000e+00
 125.494641      4.262    12.0430  32.831776    28.0698      4.223  276.11232  276.20867    15.8868     5.2192 0.0000e+00
 125.494644      4.305    12.0437  32.830725    28.0686      4.267  276.11087  276.20729    15.9490     5.2314 0.0000e+00
 125.494647      4.338    12.0441  32.831368    28.0684      4.299  276.10817  276.20460    15.8556     5.2516 0.0000e+00
 125.494650      4.374    12.0447  32.830492    28.0686      4.335  276.10732  276.20380    15.8401     5.2516 -9.990e-29
 125.494653      4.396    12.0447  32.830317    28.0672      4.357  276.10766  276.20414    17.5988     5.5872 -9.990e-29
 125.494656      4.413    12.0446  32.829499    28.0664      4.373  276.10948  276.20597    17.5210     5.5670 -9.990e-29
 125.494659      4.422    12.0444  32.830317    28.0674      4.382  276.10892  276.20538    17.5210     5.5710 -9.990e-29
 125.494661      4.436    12.0442  32.829324    28.0665      4.397  276.11136  276.20783    17.5054     5.5589 -9.990e-29
 125.494664      4.453    12.0439  32.828916    28.0664      4.413  276.11367  276.21012    31.2953     7.4311 -9.990e-29
 125.494667      4.469    12.0426  32.828332    28.0668      4.429  276.12064  276.21699    31.3887     7.4554 -9.990e-29
 125.494670      4.487    12.0405  32.824770    28.0650      4.447  276.13647  276.23271    31.1864     7.4392 -9.990e-29
 125.494673      4.512    12.0368  32.817940    28.0613      4.472  276.16542  276.26147    31.2486     7.4109 -9.990e-29
 125.494676      4.547    12.0303  32.812803    28.0636      4.507  276.20335  276.29901    28.1358     7.0833 0.0000e+00
 125.494679      4.591    12.0227  32.811811    28.0660      4.550  276.23896  276.33408    28.1513     7.0753 0.0000e+00
 125.494682      4.644    12.0161  32.808017    28.0674      4.602  276.27537  276.37007    28.1513     7.0550 0.0000e+00
 125.494685      4.693    12.0096  32.806384    28.0707      4.651  276.30721  276.40145    28.1202     7.0753 0.0000e+00
 125.494688      4.742    12.0046  32.806092    28.0742      4.700  276.33007  276.42396    28.1047     7.0469 0.0000e+00
 125.494690      4.781    12.0017  32.806210    28.0753      4.738  276.34258  276.43626    26.8595     7.3300 0.0000e+00
 125.494693      4.813    11.9987  32.803116    28.0764      4.770  276.36160  276.45510    27.0307     7.3421 -9.990e-29
 125.494696      4.836    11.9962  32.801599    28.0762      4.792  276.37555  276.46889    26.8751     7.3098 -9.990e-29
 125.494699      4.852    11.9932  32.800023    28.0769      4.809  276.39177  276.48491    26.9218     7.3179 -9.990e-29
 125.494702      4.863    11.9904  32.798331    28.0775      4.819  276.40758  276.50054    27.3731     7.1966 -9.990e-29
 125.494705      4.875    11.9878  32.798331    28.0794      4.832  276.41904  276.51182    27.4976     7.1966 -9.990e-29
 125.494708      4.885    11.9858  32.797105    28.0797      4.841  276.42997  276.52263    27.4354     7.1723 -9.990e-29
 125.494711      4.890    11.9843  32.797514    28.0813      4.846  276.43604  276.52858    27.3264     7.1885 -9.990e-29
 125.494714      4.899    11.9836  32.796289    28.0806      4.855  276.44139  276.53390    25.2720     6.7558 -9.990e-29
 125.494716      4.914    11.9831  32.796464    28.0812      4.870  276.44356  276.53602    25.2875     6.7356 -9.990e-29
 125.494719      4.930    11.9829  32.796464    28.0813      4.886  276.44419  276.53664    25.1941     6.7032 -9.990e-29
 125.494722      4.948    11.9824  32.796055    28.0808      4.904  276.44712  276.53954    25.1163     6.7194 -9.990e-29
 125.494725      4.977    11.9824  32.795530    28.0810      4.933  276.44842  276.54084    26.0813     7.0995 0.0000e+00
 125.494728      5.010    11.9826  32.796289    28.0808      4.965  276.44581  276.53824    25.9412     7.0267 0.0000e+00
 125.494731      5.046    11.9828  32.794013    28.0809      5.001  276.44940  276.54186    25.8323     7.0510 0.0000e+00
 125.494734      5.086    11.9826  32.795881    28.0809      5.041  276.44661  276.53905    26.0346     7.0550 0.0000e+00
 125.494737      5.130    11.9825  32.797107    28.0811      5.084  276.44501  276.53742    25.8945     7.0591 0.0000e+00
 125.494740      5.178    11.9826  32.796056    28.0821      5.131  276.44666  276.53909    30.7973     7.8395 0.0000e+00
 125.494742      5.219    11.9824  32.797515    28.0816      5.173  276.44494  276.53734    30.6883     7.8193 0.0000e+00
 125.494745      5.261    11.9821  32.796290    28.0826      5.214  276.44846  276.54085    30.6727     7.8314 0.0000e+00
 125.494748      5.293    11.9815  32.796932    28.0821      5.245  276.44977  276.54212    30.8128     7.8435 0.0000e+00
 125.494751      5.322    11.9803  32.796057    28.0826      5.274  276.45698  276.54924    33.2253     8.0902 -9.990e-29
 125.494754      5.342    11.9788  32.795473    28.0833      5.294  276.46457  276.55674    33.2720     8.0781 -9.990e-29
 125.494757      5.368    11.9776  32.795532    28.0843      5.320  276.47005  276.56213    33.2720     8.0781 -9.990e-29
 125.494760      5.384    11.9763  32.794423    28.0842      5.335  276.47767  276.56967    33.2564     8.1145 -9.990e-29
 125.494763      5.402    11.9755  32.795474    28.0858      5.354  276.47947  276.57140    32.1358     8.1792 -9.990e-29
 125.494766      5.420    11.9750  32.795299    28.0859      5.372  276.48166  276.57356    32.2292     8.1670 -9.990e-29
 125.494769      5.439    11.9743  32.794015    28.0853      5.390  276.48744  276.57930    32.2136     8.1387 -9.990e-29
 125.494771      5.457    11.9739  32.794015    28.0856      5.408  276.48931  276.58114    32.1980     8.1590 -9.990e-29
 125.494774      5.479    11.9734  32.793140    28.0851      5.430  276.49280  276.58461    34.1591     8.3247 -9.990e-29
 125.494777      5.502    11.9730  32.793198    28.0855      5.453  276.49487  276.58665    34.1591     8.3571 -9.990e-29
 125.494780      5.525    11.9723  32.791972    28.0848      5.475  276.49993  276.59167    34.2992     8.3490 -9.990e-29
 125.494783      5.537    11.9716  32.793607    28.0868      5.488  276.50003  276.59170    34.2058     8.3409 -9.990e-29
 125.494786      5.548    11.9710  32.794541    28.0882      5.499  276.50110  276.59272    34.2525     8.3571 -9.990e-29
 125.494789      5.567    11.9706  32.794658    28.0886      5.517  276.50276  276.59435    34.1591     7.9689 -9.990e-29
 125.494792      5.587    11.9704  32.794658    28.0875      5.537  276.50370  276.59528    34.2214     7.9649 -9.990e-29
 125.494795      5.614    11.9704  32.793374    28.0873      5.564  276.50608  276.59767    34.2369     7.9406 0.0000e+00
 125.494797      5.651    11.9704  32.792965    28.0875      5.600  276.50686  276.59845    34.2525     7.9568 0.0000e+00
 125.494800      5.689    11.9704  32.793607    28.0877      5.638  276.50540  276.59699    28.9918     7.6373 0.0000e+00
 125.494803      5.733    11.9707  32.794833    28.0886      5.681  276.50193  276.59353    29.0074     7.6373 0.0000e+00
 125.494806      5.775    11.9712  32.795300    28.0887      5.723  276.49894  276.59056    29.1163     7.6292 0.0000e+00
 125.494809      5.817    11.9719  32.795884    28.0887      5.765  276.49480  276.58647    29.1008     7.6373 0.0000e+00
 125.494812      5.862    11.9725  32.796293    28.0886      5.810  276.49160  276.58331    29.5988     7.5686 0.0000e+00
 125.494815      5.901    11.9730  32.795709    28.0881      5.848  276.49022  276.58198    29.4899     7.5686 0.0000e+00
 125.494818      5.939    11.9735  32.794659    28.0877      5.886  276.49001  276.58182    29.5210     7.5767 -9.990e-29
 125.494821      5.963    11.9740  32.795884    28.0871      5.909  276.48561  276.57743    29.5366     7.6009 -9.990e-29
 125.494823      5.985    11.9743  32.795301    28.0863      5.931  276.48546  276.57731    29.7389     7.5726 -9.990e-29
 125.494826      5.999    11.9743  32.796059    28.0870      5.946  276.48376  276.57561    29.6766     7.5645 -9.990e-29
 125.494829      6.014    11.9742  32.795242    28.0863      5.960  276.48590  276.57774    29.6922     7.6292 -9.990e-29
 125.494832      6.029    11.9741  32.796293    28.0873      5.975  276.48428  276.57611    29.7389     7.5807 -9.990e-29
 125.494835      6.047    11.9741  32.795534    28.0866      5.993  276.48569  276.57753    29.8012     7.5686 -9.990e-29
 125.494838      6.058    11.9743  32.795885    28.0868      6.003  276.48444  276.57628    30.5015     7.6980 -9.990e-29
 125.494841      6.076    11.9739  32.797110    28.0882      6.022  276.48374  276.57555    30.5794     7.7061 -9.990e-29
 125.494844      6.092    11.9737  32.796118    28.0875      6.038  276.48651  276.57831    30.4548     7.7344 -9.990e-29
 125.494847      6.109    11.9738  32.795243    28.0866      6.054  276.48782  276.57964    30.6261     7.6939 -9.990e-29
 125.494850      6.123    11.9734  32.796469    28.0880      6.069  276.48712  276.57890    34.2681     7.8961 -9.990e-29
 125.494852      6.141    11.9736  32.794659    28.0862      6.087  276.48985  276.58165    34.2369     7.9487 -9.990e-29
 125.494855      6.165    11.9732  32.794951    28.0867      6.110  276.49087  276.58265    34.2214     7.8840 -9.990e-29
 125.494858      6.189    11.9730  32.795477    28.0880      6.134  276.49116  276.58292    34.2681     7.9123 -9.990e-29
 125.494861      6.220    11.9726  32.795885    28.0880      6.165  276.49198  276.58370    30.9529     7.8516 0.0000e+00
 125.494864      6.256    11.9724  32.795710    28.0880      6.200  276.49326  276.58497    31.1241     7.8355 0.0000e+00
 125.494867      6.298    11.9720  32.796294    28.0888      6.242  276.49376  276.58544    31.0930     7.8193 0.0000e+00
 125.494870      6.344    11.9718  32.797111    28.0897      6.287  276.49353  276.58518    31.0307     7.8233 0.0000e+00
 125.494873      6.393    11.9716  32.796878    28.0897      6.336  276.49492  276.58656    29.7078     7.7061 0.0000e+00
 125.494876      6.444    11.9714  32.796703    28.0897      6.387  276.49621  276.58783    29.8634     7.7222 0.0000e+00
 125.494878      6.488    11.9711  32.796470    28.0897      6.430  276.49790  276.58951    29.8478     7.7061 0.0000e+00
 125.494881      6.523    11.9710  32.796704    28.0898      6.464  276.49781  276.58941    29.9257     7.7061 0.0000e+00
 125.494884      6.552    11.9709  32.798280    28.0899      6.493  276.49524  276.58682    29.7545     7.6980 -9.990e-29
 125.494887      6.570    11.9706  32.798572    28.0920      6.511  276.49626  276.58781    29.3031     7.5322 -9.990e-29
 125.494890      6.590    11.9704  32.798163    28.0917      6.531  276.49796  276.58950    29.3654     7.5201 -9.990e-29
 125.494893      6.601    11.9704  32.799447    28.0929      6.542  276.49560  276.58713    29.3342     7.5039 -9.990e-29
 125.494896      6.605    11.9701  32.798338    28.0921      6.546  276.49888  276.59040    29.2253     7.5241 -9.990e-29
 125.494899      6.610    11.9701  32.799798    28.0935      6.551  276.49620  276.58770    30.6261     7.6495 -9.990e-29
 125.494902      6.616    11.9696  32.799623    28.0937      6.556  276.49869  276.59016    30.5794     7.6292 -9.990e-29
 125.494905      6.621    11.9694  32.799623    28.0938      6.562  276.49963  276.59108    30.4237     7.6535 -9.990e-29
 125.494907      6.636    11.9691  32.799389    28.0938      6.576  276.50130  276.59274    30.5015     7.6535 -9.990e-29
 125.494910      6.657    11.9690  32.799798    28.0941      6.598  276.50119  276.59261    29.8323     7.2451 -9.990e-29
 125.494913      6.683    11.9686  32.799273    28.0940      6.623  276.50403  276.59543    29.8012     7.2532 0.0000e+00
 125.494916      6.720    11.9685  32.798981    28.0941      6.660  276.50490  276.59630    29.8634     7.2734 0.0000e+00
 125.494919      6.754    11.9685  32.800615    28.0948      6.694  276.50192  276.59330    29.8323     7.2855 0.0000e+00
 125.494922      6.787    11.9685  32.800032    28.0954      6.726  276.50301  276.59440    29.5833     7.5564 0.0000e+00
 125.494925      6.818    11.9684  32.801024    28.0948      6.757  276.50183  276.59319    29.4899     7.5848 0.0000e+00
 125.494928      6.846    11.9684  32.798748    28.0949      6.784  276.50573  276.59712    29.5677     7.5686 0.0000e+00
 125.494931      6.878    11.9684  32.800032    28.0948      6.817  276.50370  276.59507    29.6299     7.6050 0.0000e+00
 125.494933      6.911    11.9683  32.799857    28.0949      6.849  276.50435  276.59573    29.5677     7.5767 0.0000e+00
 125.494936      6.939    11.9683  32.800032    28.0948      6.877  276.50405  276.59542    32.7584     7.9163 0.0000e+00
 125.494939      6.975    11.9681  32.798982    28.0949      6.913  276.50694  276.59830    32.7584     7.9163 0.0000e+00
 125.494942      7.012    11.9681  32.799857    28.0949      6.949  276.50535  276.59671    32.7739     7.9082 0.0000e+00
 125.494945      7.052    11.9677  32.800441    28.0957      6.989  276.50585  276.59718    32.7739     7.9082 0.0000e+00
 125.494948      7.092    11.9675  32.800850    28.0962      7.029  276.50606  276.59737    31.7311     7.9608 0.0000e+00
 125.494951      7.133    11.9674  32.801259    28.0967      7.069  276.50595  276.59725    31.8712     7.9406 0.0000e+00
 125.494954      7.165    11.9670  32.801201    28.0968      7.101  276.50763  276.59890    31.7934     7.9851 0.0000e+00
 125.494957      7.193    11.9670  32.800617    28.0969      7.128  276.50903  276.60030    31.7467     7.9527 -9.990e-29
 125.494959      7.205    11.9669  32.800442    28.0963      7.141  276.50967  276.60094    29.4899     7.5322 -9.990e-29
 125.494962      7.216    11.9668  32.800617    28.0965      7.152  276.50967  276.60093    29.4587     7.5443 -9.990e-29
 125.494965      7.226    11.9667  32.801259    28.0972      7.161  276.50911  276.60036    29.4899     7.5362 -9.990e-29
 125.494968      7.227    11.9668  32.801026    28.0969      7.163  276.50892  276.60018    29.6299     7.5241 -9.990e-29
 125.494971      7.237    11.9669  32.802602    28.0983      7.172  276.50572  276.59697    29.1008     7.1076 -9.990e-29
 125.494974      7.245    11.9670  32.801434    28.0971      7.181  276.50726  276.59852    29.1163     7.1440 -9.990e-29
 125.494977      7.260    11.9670  32.802252    28.0979      7.195  276.50607  276.59733    29.1163     7.0914 -9.990e-29
 125.494980      7.284    11.9668  32.801434    28.0985      7.219  276.50821  276.59946    29.1319     7.1238 -9.990e-29
 125.494983      7.315    11.9668  32.802777    28.0982      7.249  276.50576  276.59700    29.0229     7.1359 0.0000e+00
