Processed/SBE19plus_01907321_2022_05_07_Cast72_wfilter.cnv
* Sea-Bird SBE19plus  Data File:
* FileName = E:\Prandtl Daten\2022\CTD\Raw\SBE19plus_01907321_2022_05_07_Cast72.hex
* Software version 2.6.1.12
* Temperature SN = 7321
* Conductivity SN = 7321
* System UpLoad Time = May 07 2022 13:09:25
* <ApplicationData>
* <Seaterm232>
** Messpraktikum 2022
** CTD 07.05 BM
** NMEA Latitude = 54 07.834 N
** NMEA Longitude = 008 45.258 E
# nquan = 11
# nvalues = 533                         
# units = specified
# name 0 = timeJ: Julian Days
# name 1 = prdM: Pressure, Strain Gauge [db]
# name 2 = tv290C: Temperature [ITS-90, deg C]
# name 3 = c0mS/cm: Conductivity [mS/cm]
# name 4 = sal00: Salinity, Practical [PSU]
# name 5 = depSM: Depth [salt water, m], lat = 54.00
# name 6 = oxsatMm/Kg: Oxygen Saturation, Weiss [umol/kg]
# name 7 = oxsolMm/Kg: Oxygen Saturation, Garcia & Gordon [umol/kg]
# name 8 = turbWETntu0: Turbidity, WET Labs ECO [NTU]
# name 9 = flECO-AFL: Fluorescence, WET Labs ECO-AFL/FL [mg/m^3]
# name 10 = flag:  0.000e+00
# span 0 = 127.543354, 127.544893       
# span 1 =      0.773,     16.522       
# span 2 =    13.1141,    13.1823       
# span 3 =  32.541299,  32.605197       
# span 4 =    27.0125,    27.0260       
# span 5 =      0.766,     16.374       
# span 6 =  271.52969,  271.91926       
# span 7 =  271.70458,  272.09040       
# span 8 =     8.7584,   436.8206       
# span 9 =     3.7271,     9.6187       
# span 10 = 0.0000e+00, 0.0000e+00      
# interval = seconds: 0.25
# start_time = May 07 2022 13:00:48 [Instrument's time stamp, header]
# bad_flag = -9.990e-29
*END*
 127.543354      0.773    13.1235  32.550256    27.0195      0.766  271.86508  272.03669    11.0930     4.1881 -9.990e-29
 127.543356      0.778    13.1231  32.550081    27.0196      0.771  271.86696  272.03855    10.9685     4.2488 -9.990e-29
 127.543359      0.786    13.1228  32.549266    27.0191      0.779  271.86965  272.04122    10.9840     4.2771 -9.990e-29
 127.543362      0.796    13.1225  32.549034    27.0191      0.789  271.87163  272.04318    10.9529     4.2851 -9.990e-29
 127.543365      0.793    13.1221  32.549034    27.0194      0.786  271.87320  272.04473    10.4237     4.0264 -9.990e-29
 127.543368      0.775    13.1220  32.549034    27.0195      0.768  271.87382  272.04534    10.0969     4.0102 -9.990e-29
 127.543371      0.778    13.1217  32.548685    27.0193      0.771  271.87538  272.04688    10.3148     4.0061 -9.990e-29
 127.543374      0.787    13.1215  32.548045    27.0189      0.780  271.87775  272.04925    10.2525     4.0021 -9.990e-29
 127.543377      0.791    13.1212  32.547230    27.0184      0.784  271.88043  272.05192    10.2214     4.0102 -9.990e-29
 127.543380      0.785    13.1204  32.546997    27.0187      0.778  271.88398  272.05542     8.7739     3.8363 -9.990e-29
 127.543383      0.778    13.1201  32.546764    27.0187      0.771  271.88596  272.05738     8.7895     3.8646 -9.990e-29
 127.543385      0.780    13.1197  32.546823    27.0191      0.773  271.88775  272.05914     8.7895     3.8484 -9.990e-29
 127.543388      0.783    13.1196  32.546823    27.0192      0.776  271.88806  272.05945     8.7584     3.8403 -9.990e-29
 127.543391      0.792    13.1194  32.546182    27.0187      0.785  271.88981  272.06119     9.5833     3.8929 -9.990e-29
 127.543394      0.796    13.1194  32.546590    27.0191      0.789  271.88942  272.06080     9.5366     3.8161 -9.990e-29
 127.543397      0.798    13.1192  32.546357    27.0190      0.791  271.89046  272.06182     9.4276     3.8565 -9.990e-29
 127.543400      0.793    13.1192  32.546415    27.0190      0.786  271.89035  272.06172     9.4120     3.8080 -9.990e-29
 127.543403      0.789    13.1191  32.546415    27.0191      0.782  271.89066  272.06203    11.9801     4.2568 -9.990e-29
 127.543406      0.796    13.1190  32.546183    27.0190      0.789  271.89170  272.06306    11.9490     4.2892 -9.990e-29
 127.543409      0.809    13.1186  32.545775    27.0189      0.802  271.89431  272.06564    11.9957     4.2609 -9.990e-29
 127.543411      0.813    13.1185  32.546183    27.0193      0.806  271.89392  272.06524    11.9646     4.2204 -9.990e-29
 127.543414      0.802    13.1183  32.546008    27.0193      0.795  271.89516  272.06647     9.3809     3.9374 -9.990e-29
 127.543417      0.807    13.1181  32.546008    27.0192      0.800  271.89611  272.06741     9.6144     3.8848 -9.990e-29
 127.543420      0.846    13.1178  32.545601    27.0189      0.838  271.89778  272.06907     9.6299     3.8970 0.0000e+00
 127.543423      0.884    13.1178  32.544786    27.0185      0.876  271.89954  272.07083     9.5988     3.9414 0.0000e+00
 127.543426      0.921    13.1175  32.544146    27.0185      0.912  271.90194  272.07321     9.4587     3.9172 0.0000e+00
 127.543429      0.990    13.1172  32.544961    27.0190      0.981  271.90182  272.07308     9.3965     4.0708 0.0000e+00
 127.543432      1.081    13.1172  32.544962    27.0190      1.071  271.90188  272.07313     9.4120     4.0587 0.0000e+00
 127.543435      1.163    13.1169  32.543856    27.0188      1.153  271.90511  272.07636     9.4276     4.0385 0.0000e+00
 127.543438      1.240    13.1167  32.544380    27.0188      1.228  271.90520  272.07642     9.4587     4.0466 0.0000e+00
 127.543440      1.329    13.1164  32.544148    27.0188      1.317  271.90692  272.07813     9.2408     4.0061 0.0000e+00
 127.543443      1.426    13.1163  32.544381    27.0188      1.413  271.90689  272.07809     9.2875     3.9778 0.0000e+00
 127.543446      1.513    13.1161  32.543043    27.0181      1.500  271.91022  272.08142     9.2875     4.0142 0.0000e+00
 127.543449      1.593    13.1157  32.542927    27.0181      1.579  271.91236  272.08354     9.2408     3.9778 0.0000e+00
 127.543452      1.677    13.1152  32.544149    27.0194      1.662  271.91218  272.08332    10.2836     4.2568 0.0000e+00
 127.543455      1.771    13.1151  32.543975    27.0194      1.755  271.91317  272.08430    10.2525     4.2083 0.0000e+00
 127.543458      1.862    13.1149  32.543742    27.0192      1.845  271.91426  272.08539    10.0502     4.2285 0.0000e+00
 127.543461      1.953    13.1147  32.543451    27.0191      1.935  271.91577  272.08688    10.2369     4.2164 0.0000e+00
 127.543464      2.046    13.1148  32.541299    27.0180      2.028  271.91926  272.09040    10.4548     4.4550 0.0000e+00
 127.543466      2.144    13.1145  32.542114    27.0180      2.125  271.91916  272.09028    10.5015     4.3822 0.0000e+00
 127.543469      2.232    13.1142  32.543743    27.0195      2.212  271.91796  272.08904    10.3303     4.4065 0.0000e+00
 127.543472      2.331    13.1142  32.543627    27.0197      2.310  271.91822  272.08930    10.6105     4.4307 0.0000e+00
 127.543475      2.429    13.1144  32.544151    27.0197      2.407  271.91643  272.08752    10.5171     4.4145 0.0000e+00
 127.543478      2.528    13.1146  32.544152    27.0197      2.505  271.91555  272.08665    11.0774     4.4348 0.0000e+00
 127.543481      2.621    13.1145  32.543337    27.0195      2.597  271.91734  272.08844    11.2642     4.4550 0.0000e+00
 127.543484      2.701    13.1145  32.544036    27.0195      2.677  271.91618  272.08728    11.0463     4.4631 0.0000e+00
 127.543487      2.770    13.1147  32.544560    27.0195      2.746  271.91468  272.08578    11.0619     4.4105 0.0000e+00
 127.543490      2.822    13.1147  32.543512    27.0194      2.797  271.91653  272.08765    11.4198     4.4914 0.0000e+00
 127.543492      2.864    13.1146  32.543978    27.0194      2.838  271.91607  272.08717    11.3731     4.4792 0.0000e+00
 127.543495      2.895    13.1144  32.543978    27.0194      2.869  271.91703  272.08812    11.3576     4.4712 0.0000e+00
 127.543498      2.928    13.1141  32.543629    27.0195      2.902  271.91892  272.08999    11.2798     4.4995 0.0000e+00
 127.543501      2.960    13.1142  32.544386    27.0194      2.934  271.91699  272.08807    11.2642     4.6127 0.0000e+00
 127.543504      2.990    13.1142  32.543746    27.0195      2.963  271.91812  272.08921    11.3576     4.6127 0.0000e+00
 127.543507      3.026    13.1144  32.543979    27.0195      2.999  271.91711  272.08820    11.3109     4.6208 0.0000e+00
 127.543510      3.055    13.1147  32.544619    27.0195      3.028  271.91476  272.08586    11.3264     4.6289 0.0000e+00
 127.543513      3.085    13.1147  32.543979    27.0196      3.057  271.91589  272.08700    11.2953     4.5601 0.0000e+00
 127.543516      3.112    13.1147  32.544386    27.0193      3.084  271.91520  272.08631    11.0619     4.5682 -9.990e-29
 127.543519      3.136    13.1147  32.544153    27.0194      3.108  271.91562  272.08673    11.2019     4.5439 -9.990e-29
 127.543521      3.161    13.1145  32.544154    27.0191      3.133  271.91627  272.08736    11.2642     4.5439 -9.990e-29
 127.543524      3.187    13.1142  32.543455    27.0194      3.158  271.91907  272.09015    11.2019     4.5439 0.0000e+00
 127.543527      3.218    13.1143  32.544387    27.0198      3.189  271.91684  272.08792    13.8167     5.0858 0.0000e+00
 127.543530      3.249    13.1144  32.546016    27.0213      3.220  271.91371  272.08479    13.8945     5.0777 0.0000e+00
 127.543533      3.284    13.1150  32.547413    27.0221      3.254  271.90847  272.07957    13.8945     5.0453 0.0000e+00
 127.543536      3.320    13.1162  32.548519    27.0223      3.290  271.90153  272.07270    13.9568     5.0615 0.0000e+00
 127.543539      3.358    13.1175  32.549857    27.0223      3.328  271.89356  272.06480    13.5988     5.0777 0.0000e+00
 127.543542      3.391    13.1188  32.549275    27.0214      3.361  271.88893  272.06025    13.7233     5.0534 0.0000e+00
 127.543545      3.428    13.1201  32.550672    27.0211      3.397  271.88086  272.05225    13.6766     5.0575 0.0000e+00
 127.543547      3.464    13.1207  32.550439    27.0207      3.433  271.87845  272.04989    13.5988     5.0251 0.0000e+00
 127.543550      3.497    13.1212  32.550497    27.0204      3.466  271.87617  272.04763    14.0502     5.0453 0.0000e+00
 127.543553      3.526    13.1214  32.550497    27.0204      3.494  271.87555  272.04703    14.0035     5.0413 0.0000e+00
 127.543556      3.552    13.1213  32.550265    27.0203      3.520  271.87629  272.04776    14.2525     5.0817 -9.990e-29
 127.543559      3.575    13.1213  32.550090    27.0200      3.543  271.87661  272.04809    14.1280     5.0211 -9.990e-29
 127.543562      3.599    13.1210  32.549857    27.0200      3.567  271.87829  272.04975    13.7545     5.1424 -9.990e-29
 127.543565      3.623    13.1210  32.549683    27.0211      3.590  271.87892  272.05038    13.6299     5.1545 -9.990e-29
 127.543568      3.652    13.1208  32.550905    27.0209      3.619  271.87744  272.04888    13.5833     5.1667 0.0000e+00
 127.543571      3.685    13.1211  32.550905    27.0208      3.652  271.87621  272.04766    13.6144     5.1141 0.0000e+00
 127.543573      3.718    13.1214  32.551022    27.0207      3.684  271.87476  272.04624    13.6299     5.0817 0.0000e+00
 127.543576      3.752    13.1215  32.550673    27.0203      3.719  271.87476  272.04625    14.2369     5.0858 0.0000e+00
 127.543579      3.787    13.1216  32.549858    27.0202      3.753  271.87589  272.04739    14.1280     5.0251 0.0000e+00
 127.543582      3.816    13.1214  32.550498    27.0201      3.782  271.87574  272.04722    14.2525     5.0939 0.0000e+00
 127.543585      3.852    13.1214  32.550440    27.0202      3.818  271.87586  272.04734    14.1436     5.0494 0.0000e+00
 127.543588      3.883    13.1215  32.551313    27.0208      3.849  271.87373  272.04521    15.2642     5.3729 0.0000e+00
 127.543591      3.912    13.1218  32.551546    27.0208      3.878  271.87209  272.04359    15.3109     5.3850 0.0000e+00
 127.543594      3.940    13.1224  32.552535    27.0208      3.905  271.86787  272.03939    15.1864     5.3729 -9.990e-29
 127.543597      3.965    13.1231  32.554165    27.0215      3.930  271.86190  272.03346    15.3109     5.3850 -9.990e-29
 127.543600      3.991    13.1242  32.554165    27.0217      3.955  271.85719  272.02882    15.6377     5.3850 0.0000e+00
 127.543602      4.022    13.1251  32.555387    27.0215      3.986  271.85100  272.02267    15.7778     5.3931 0.0000e+00
 127.543605      4.055    13.1259  32.555213    27.0212      4.018  271.84786  272.01958    15.7311     5.4295 0.0000e+00
 127.543608      4.091    13.1267  32.555795    27.0212      4.054  271.84372  272.01549    15.8245     5.4659 0.0000e+00
 127.543611      4.128    13.1271  32.556319    27.0212      4.091  271.84094  272.01273    14.5949     5.3284 0.0000e+00
 127.543614      4.160    13.1278  32.556202    27.0209      4.123  271.83833  272.01016    14.6416     5.3931 0.0000e+00
 127.543617      4.195    13.1279  32.556435    27.0208      4.158  271.83732  272.00916    14.4237     5.3365 0.0000e+00
 127.543620      4.228    13.1278  32.556202    27.0208      4.190  271.83838  272.01021    14.4393     5.3850 0.0000e+00
 127.543623      4.264    13.1278  32.555737    27.0203      4.226  271.83921  272.01104    14.5638     5.3729 0.0000e+00
 127.543626      4.295    13.1276  32.555621    27.0203      4.257  271.84006  272.01189    13.4899     5.3405 0.0000e+00
 127.543628      4.325    13.1274  32.555388    27.0203      4.286  271.84143  272.01324    13.6144     5.3122 -9.990e-29
 127.543631      4.348    13.1272  32.554806    27.0198      4.309  271.84308  272.01490    13.6299     5.3041 -9.990e-29
 127.543634      4.370    13.1266  32.553351    27.0189      4.331  271.84846  272.02024    13.6611     5.3041 -9.990e-29
 127.543637      4.392    13.1262  32.554166    27.0200      4.353  271.84895  272.02070    14.5949     5.3041 -9.990e-29
 127.543640      4.419    13.1257  32.553584    27.0198      4.380  271.85187  272.02359    14.6883     5.2839 -9.990e-29
 127.543643      4.443    13.1252  32.552944    27.0203      4.404  271.85520  272.02690    14.5949     5.3527 -9.990e-29
 127.543646      4.471    13.1249  32.553584    27.0204      4.431  271.85536  272.02704    14.6261     5.2880 0.0000e+00
 127.543649      4.505    13.1246  32.553410    27.0203      4.465  271.85726  272.02892    15.3264     5.4052 0.0000e+00
 127.543652      4.540    13.1244  32.552537    27.0202      4.500  271.85975  272.03140    15.4354     5.4295 0.0000e+00
 127.543655      4.578    13.1242  32.552945    27.0202      4.538  271.85969  272.03133    15.3420     5.3931 0.0000e+00
 127.543657      4.613    13.1240  32.552945    27.0202      4.572  271.86066  272.03228    15.3887     5.4012 0.0000e+00
 127.543660      4.648    13.1241  32.552828    27.0202      4.606  271.86057  272.03220    15.9334     5.7287 0.0000e+00
 127.543663      4.684    13.1239  32.551956    27.0202      4.642  271.86274  272.03437    15.9179     5.6721 0.0000e+00
 127.543666      4.710    13.1241  32.553352    27.0206      4.668  271.85970  272.03132    15.8089     5.6923 0.0000e+00
 127.543669      4.739    13.1241  32.553585    27.0207      4.697  271.85931  272.03093    15.9957     5.6681 0.0000e+00
 127.543672      4.765    13.1241  32.553760    27.0208      4.722  271.85902  272.03064    15.7311     5.7530 -9.990e-29
 127.543675      4.786    13.1242  32.554575    27.0216      4.744  271.85699  272.02861    15.9646     5.5306 -9.990e-29
 127.543678      4.812    13.1248  32.554982    27.0216      4.769  271.85378  272.02544    15.8089     5.5710 -9.990e-29
 127.543681      4.837    13.1253  32.555390    27.0217      4.794  271.85088  272.02257    15.9490     5.6195 -9.990e-29
 127.543683      4.867    13.1259  32.556030    27.0215      4.823  271.84696  272.01868    15.7311     5.5589 0.0000e+00
 127.543686      4.899    13.1265  32.556146    27.0217      4.856  271.84426  272.01601    17.4276     5.9188 0.0000e+00
 127.543689      4.934    13.1270  32.557252    27.0219      4.890  271.84047  272.01224    17.2720     5.9592 0.0000e+00
 127.543692      4.969    13.1274  32.557427    27.0221      4.924  271.83830  272.01010    17.4587     5.9471 0.0000e+00
 127.543695      5.005    13.1280  32.558300    27.0220      4.961  271.83397  272.00580    17.3654     5.9633 0.0000e+00
 127.543698      5.040    13.1288  32.558649    27.0220      4.995  271.83023  272.00211    17.7233     5.8622 0.0000e+00
 127.543701      5.065    13.1296  32.559290    27.0220      5.020  271.82536  271.99728    17.6611     5.9309 0.0000e+00
 127.543704      5.100    13.1304  32.559290    27.0215      5.055  271.82192  271.99389    17.9257     5.8541 0.0000e+00
 127.543707      5.129    13.1308  32.559697    27.0215      5.083  271.81965  271.99165    17.9257     5.9026 0.0000e+00
 127.543709      5.157    13.1310  32.559115    27.0215      5.111  271.81974  271.99175    19.1241     6.0765 -9.990e-29
 127.543712      5.175    13.1311  32.559988    27.0216      5.129  271.81792  271.98993    19.1552     6.1129 -9.990e-29
 127.543715      5.197    13.1314  32.560745    27.0229      5.150  271.81536  271.98738    19.2953     6.0643 -9.990e-29
 127.543718      5.222    13.1317  32.561967    27.0228      5.176  271.81168  271.98371    19.0930     6.1048 0.0000e+00
 127.543721      5.253    13.1326  32.562549    27.0228      5.206  271.80691  271.97899    19.3887     6.0927 0.0000e+00
 127.543724      5.283    13.1335  32.563131    27.0227      5.235  271.80182  271.97396    17.2564     5.8622 0.0000e+00
 127.543727      5.319    13.1343  32.563364    27.0224      5.271  271.79829  271.97047    17.2564     5.9026 0.0000e+00
 127.543730      5.359    13.1347  32.562957    27.0217      5.311  271.79714  271.96935    17.2253     5.8864 0.0000e+00
