Processed/SBE19plus_01907321_2022_05_04_Cast08_wfilter.cnv
* Sea-Bird SBE19plus  Data File:
* FileName = E:\Prandtl Daten\2022\CTD\Raw\SBE19plus_01907321_2022_05_04_Cast0708_0008.hex
* Software version 2.6.1.12
* Temperature SN = 7321
* Conductivity SN = 7321
* System UpLoad Time = May 04 2022 06:21:56
* <ApplicationData>
* <Seaterm232>
** Messpraktikum 2022
** CTD 04.05 BW1+2
# nquan = 11
# nvalues = 629                         
# units = specified
# name 0 = timeJ: Julian Days
# name 1 = prdM: Pressure, Strain Gauge [db]
# name 2 = tv290C: Temperature [ITS-90, deg C]
# name 3 = c0mS/cm: Conductivity [mS/cm]
# name 4 = sal00: Salinity, Practical [PSU]
# name 5 = depSM: Depth [salt water, m], lat = 54.00
# name 6 = oxsatMm/Kg: Oxygen Saturation, Weiss [umol/kg]
# name 7 = oxsolMm/Kg: Oxygen Saturation, Garcia & Gordon [umol/kg]
# name 8 = turbWETntu0: Turbidity, WET Labs ECO [NTU]
# name 9 = flECO-AFL: Fluorescence, WET Labs ECO-AFL/FL [mg/m^3]
# name 10 = flag:  0.000e+00
# span 0 = 124.257454, 124.259271       
# span 1 =      0.650,     15.467       
# span 2 =    12.5287,    12.5646       
# span 3 =  31.973103,  32.050381       
# span 4 =    26.9030,    26.9729       
# span 5 =      0.644,     15.328       
# span 6 =  275.30110,  275.50623       
# span 7 =  275.44181,  275.64482       
# span 8 =    34.9218,   236.5093       
# span 9 =    10.8925,    21.0743       
# span 10 = 0.0000e+00, 0.0000e+00      
# interval = seconds: 0.25
# start_time = May 04 2022 06:09:22 [Instrument's time stamp, header]
# bad_flag = -9.990e-29
*END*
 124.257454      0.650    12.5573  31.994360    26.9091      0.644  275.33964  275.47990    42.7039    12.0732 0.0000e+00
 124.257457      0.701    12.5578  31.993320    26.9078      0.695  275.33964  275.47994    42.6727    12.0732 0.0000e+00
 124.257459      0.745    12.5575  31.991123    26.9076      0.738  275.34455  275.48486    42.7039    12.0772 0.0000e+00
 124.257462      0.783    12.5572  31.992742    26.9067      0.776  275.34326  275.48353    44.0113    11.3373 0.0000e+00
 124.257465      0.810    12.5568  31.992106    26.9076      0.803  275.34600  275.48625    43.8401    11.3413 -9.990e-29
 124.257468      0.825    12.5564  31.992337    26.9078      0.818  275.34749  275.48771    43.9957    11.3817 -9.990e-29
 124.257471      0.838    12.5563  31.992337    26.9079      0.830  275.34813  275.48835    43.9334    11.3332 -9.990e-29
 124.257474      0.852    12.5563  31.992106    26.9077      0.845  275.34856  275.48877    43.8712    11.3736 -9.990e-29
 124.257477      0.874    12.5560  31.992106    26.9078      0.866  275.34984  275.49003    44.4626    11.7821 -9.990e-29
 124.257480      0.900    12.5558  31.991933    26.9083      0.891  275.35080  275.49099    44.4626    11.7659 0.0000e+00
 124.257483      0.925    12.5564  31.993320    26.9083      0.917  275.34580  275.48601    44.6027    11.7537 0.0000e+00
 124.257486      0.954    12.5569  31.992742    26.9087      0.946  275.34464  275.48489    44.5716    11.7133 -9.990e-29
 124.257488      0.974    12.5573  31.993956    26.9087      0.966  275.34089  275.48116    45.5833    11.8872 -9.990e-29
 124.257491      1.001    12.5573  31.992916    26.9076      0.993  275.34246  275.48274    45.6299    11.8831 -9.990e-29
 124.257494      1.023    12.5571  31.992107    26.9071      1.014  275.34519  275.48545    45.5054    11.9034 -9.990e-29
 124.257497      1.051    12.5566  31.992916    26.9081      1.041  275.34565  275.48589    45.5054    11.8993 -9.990e-29
 124.257500      1.071    12.5565  31.993147    26.9084      1.061  275.34589  275.48611    44.9762    11.8144 -9.990e-29
 124.257503      1.098    12.5566  31.993726    26.9089      1.088  275.34424  275.48446    45.1319    11.8063 -9.990e-29
 124.257506      1.118    12.5567  31.993494    26.9086      1.108  275.34435  275.48458    45.0385    11.8144 -9.990e-29
 124.257509      1.140    12.5569  31.993726    26.9086      1.130  275.34300  275.48324    45.1163    11.8346 -9.990e-29
 124.257512      1.162    12.5571  31.994130    26.9089      1.152  275.34134  275.48159    45.8323    11.8104 -9.990e-29
 124.257514      1.180    12.5575  31.993321    26.9078      1.170  275.34090  275.48119    45.7545    11.8306 -9.990e-29
 124.257517      1.200    12.5574  31.993726    26.9083      1.190  275.34082  275.48110    45.7545    11.8306 -9.990e-29
 124.257520      1.219    12.5573  31.994304    26.9088      1.208  275.34012  275.48038    45.6611    11.8346 -9.990e-29
 124.257523      1.242    12.5576  31.995518    26.9119      1.231  275.33669  275.47696    45.7700    11.7901 -9.990e-29
 124.257526      1.275    12.5585  31.998524    26.9125      1.264  275.32722  275.46752    45.9257    11.5758 0.0000e+00
 124.257529      1.308    12.5607  32.001530    26.9119      1.297  275.31237  275.45278    46.0035    11.5637 0.0000e+00
 124.257532      1.348    12.5632  32.001357    26.9122      1.336  275.30162  275.44220    46.0346    11.5637 0.0000e+00
 124.257535      1.376    12.5646  31.997946    26.9112      1.363  275.30110  275.44181    45.9257    11.5597 -9.990e-29
 124.257538      1.400    12.5645  31.997541    26.9067      1.387  275.30247  275.44318    44.7584    11.4020 -9.990e-29
 124.257541      1.412    12.5632  31.995345    26.9056      1.400  275.31242  275.45306    44.8050    11.4586 -9.990e-29
 124.257543      1.425    12.5613  31.992917    26.9046      1.412  275.32501  275.46555    44.8362    11.4222 -9.990e-29
 124.257546      1.433    12.5595  31.993726    26.9067      1.420  275.33179  275.47221    44.7584    11.4303 -9.990e-29
 124.257549      1.447    12.5583  31.993148    26.9070      1.434  275.33790  275.47825    43.1864    11.6163 -9.990e-29
 124.257552      1.465    12.5575  31.990316    26.9049      1.452  275.34647  275.48678    43.0152    11.6324 -9.990e-29
 124.257555      1.485    12.5562  31.984883    26.9030      1.472  275.36222  275.50250    43.0930    11.6082 -9.990e-29
 124.257558      1.514    12.5534  31.985172    26.9038      1.501  275.37407  275.51417    43.0930    11.6163 0.0000e+00
 124.257561      1.555    12.5512  31.985288    26.9047      1.541  275.38370  275.52365    43.3731    11.3898 0.0000e+00
 124.257564      1.589    12.5504  31.986329    26.9063      1.575  275.38566  275.52555    43.4510    11.3413 0.0000e+00
 124.257567      1.625    12.5502  31.986734    26.9063      1.611  275.38591  275.52578    43.4043    11.3494 0.0000e+00
 124.257569      1.658    12.5501  31.985693    26.9064      1.643  275.38811  275.52798    43.5288    11.3615 0.0000e+00
 124.257572      1.684    12.5497  31.985693    26.9059      1.669  275.39003  275.52987    43.4354    11.3575 -9.990e-29
 124.257575      1.695    12.5497  31.988294    26.9086      1.679  275.38538  275.52519    40.4315    11.0663 -9.990e-29
 124.257578      1.706    12.5504  31.988526    26.9082      1.690  275.38149  275.52136    40.6650    11.0340 -9.990e-29
 124.257581      1.711    12.5514  31.985289    26.9045      1.696  275.38317  275.52313    40.6650    11.0542 -9.990e-29
 124.257584      1.722    12.5514  31.987312    26.9064      1.706  275.37956  275.51950    40.6027    11.0542 -9.990e-29
 124.257587      1.740    12.5514  31.986907    26.9061      1.724  275.38029  275.52024    40.9607    11.4747 -9.990e-29
 124.257590      1.767    12.5514  31.987081    26.9065      1.752  275.37968  275.51963    40.9296    11.4950 0.0000e+00
 124.257593      1.800    12.5515  31.988063    26.9067      1.784  275.37763  275.51757    40.9918    11.5394 0.0000e+00
 124.257595      1.838    12.5519  31.988121    26.9067      1.822  275.37565  275.51562    40.9607    11.4869 0.0000e+00
 124.257598      1.871    12.5519  31.986908    26.9061      1.855  275.37816  275.51814    42.0035    11.1351 0.0000e+00
 124.257601      1.908    12.5514  31.987081    26.9059      1.891  275.38009  275.52004    41.9257    11.1068 0.0000e+00
 124.257604      1.939    12.5511  31.988526    26.9061      1.922  275.37879  275.51870    41.8478    11.0946 -9.990e-29
 124.257607      1.959    12.5515  31.990723    26.9094      1.942  275.37297  275.51289    41.8945    11.0785 -9.990e-29
 124.257610      1.983    12.5526  31.990723    26.9086      1.965  275.36824  275.50823    39.4198    11.1917 -9.990e-29
 124.257613      2.001    12.5534  31.990492    26.9078      1.983  275.36487  275.50491    39.4354    11.1432 -9.990e-29
 124.257616      2.017    12.5540  31.988526    26.9056      1.999  275.36586  275.50597    39.4354    11.1553 -9.990e-29
 124.257619      2.034    12.5536  31.988122    26.9055      2.016  275.36850  275.50858    39.2642    11.1917 -9.990e-29
 124.257622      2.048    12.5529  31.987486    26.9054      2.030  275.37281  275.51285    39.5443    11.1553 -9.990e-29
 124.257624      2.072    12.5520  31.986330    26.9049      2.054  275.37869  275.51869    39.8401    11.3170 -9.990e-29
 124.257627      2.093    12.5507  31.985405    26.9050      2.074  275.38606  275.52598    39.9334    11.2968 -9.990e-29
 124.257630      2.118    12.5497  31.984712    26.9051      2.099  275.39207  275.53192    39.9646    11.3170 -9.990e-29
 124.257633      2.145    12.5487  31.983903    26.9050      2.126  275.39797  275.53777    40.0268    11.3130 -9.990e-29
 124.257636      2.169    12.5475  31.982111    26.9042      2.149  275.40657  275.54631    40.1047    11.0987 -9.990e-29
 124.257639      2.193    12.5457  31.980320    26.9038      2.173  275.41771  275.55735    40.0580    11.1391 -9.990e-29
 124.257642      2.217    12.5441  31.979684    26.9053      2.197  275.42615  275.56568    40.1669    11.1068 -9.990e-29
 124.257645      2.246    12.5425  31.979511    26.9057      2.226  275.43344  275.57288    40.1669    11.1432 0.0000e+00
 124.257648      2.284    12.5416  31.979511    26.9060      2.264  275.43758  275.57696    39.6533    11.0057 0.0000e+00
 124.257650      2.317    12.5407  31.978876    26.9060      2.296  275.44254  275.58187    39.7311    10.9491 0.0000e+00
 124.257653      2.350    12.5402  31.978298    26.9059      2.329  275.44582  275.58511    39.7622    10.9693 0.0000e+00
 124.257656      2.379    12.5393  31.977085    26.9058      2.358  275.45212  275.59137    39.8556    10.9531 -9.990e-29
 124.257659      2.394    12.5383  31.978298    26.9071      2.372  275.45439  275.59356    41.4587    11.3089 -9.990e-29
 124.257662      2.408    12.5381  31.978703    26.9077      2.386  275.45463  275.59378    41.5677    11.3413 -9.990e-29
 124.257665      2.423    12.5387  31.978876    26.9074      2.401  275.45179  275.59098    41.5521    11.2968 -9.990e-29
 124.257668      2.436    12.5388  31.977721    26.9062      2.414  275.45324  275.59245    41.4276    11.3089 -9.990e-29
 124.257671      2.450    12.5384  31.976912    26.9058      2.428  275.45660  275.59579    41.4120    11.2968 -9.990e-29
 124.257674      2.474    12.5373  31.976103    26.9061      2.452  275.46281  275.60194    39.2486    11.3615 -9.990e-29
 124.257677      2.501    12.5365  31.975872    26.9061      2.479  275.46673  275.60580    39.2175    11.3170 0.0000e+00
 124.257679      2.539    12.5360  31.975294    26.9061      2.517  275.47032  275.60936    39.2019    11.4181 0.0000e+00
 124.257682      2.574    12.5355  31.975467    26.9063      2.551  275.47225  275.61126    39.1708    11.3575 0.0000e+00
 124.257685      2.605    12.5350  31.974080    26.9065      2.582  275.47697  275.61596    38.5015    10.8925 -9.990e-29
 124.257688      2.629    12.5347  31.974485    26.9061      2.605  275.47753  275.61650    38.5638    10.9086 -9.990e-29
 124.257691      2.645    12.5343  31.975468    26.9073      2.622  275.47768  275.61661    38.5015    10.9248 -9.990e-29
 124.257694      2.658    12.5343  31.975063    26.9069      2.634  275.47841  275.61734    38.4704    10.9329 -9.990e-29
 124.257697      2.673    12.5341  31.975063    26.9071      2.649  275.47937  275.61829    38.1436    11.1432 -9.990e-29
 124.257700      2.687    12.5337  31.974890    26.9072      2.663  275.48127  275.62017    38.1591    11.1836 -9.990e-29
 124.257703      2.707    12.5331  31.974717    26.9079      2.683  275.48413  275.62299    38.1436    11.1755 -9.990e-29
 124.257705      2.742    12.5324  31.974717    26.9079      2.717  275.48732  275.62613    38.2369    11.1634 0.0000e+00
 124.257708      2.784    12.5320  31.974312    26.9078      2.759  275.48997  275.62876    37.7078    11.1553 0.0000e+00
 124.257711      2.820    12.5319  31.973908    26.9078      2.795  275.49135  275.63014    37.7233    10.9733 0.0000e+00
 124.257714      2.850    12.5320  31.974486    26.9077      2.824  275.48970  275.62849    37.8012    10.9895 0.0000e+00
 124.257717      2.879    12.5324  31.974717    26.9079      2.853  275.48772  275.62654    37.7078    10.9733 -9.990e-29
 124.257720      2.897    12.5329  31.974313    26.9071      2.871  275.48593  275.62478    37.8167    10.9410 -9.990e-29
 124.257723      2.912    12.5334  31.974486    26.9069      2.886  275.48341  275.62230    38.4704    11.0421 -9.990e-29
 124.257726      2.923    12.5337  31.974717    26.9069      2.896  275.48174  275.62064    38.4548    11.0542 -9.990e-29
 124.257729      2.933    12.5338  31.974717    26.9068      2.907  275.48111  275.62002    38.5171    11.0461 -9.990e-29
 124.257731      2.948    12.5340  31.974486    26.9065      2.922  275.48090  275.61982    38.4704    11.0785 -9.990e-29
 124.257734      2.966    12.5339  31.974313    26.9063      2.940  275.48154  275.62046    38.0346    11.1553 -9.990e-29
 124.257737      2.995    12.5341  31.974313    26.9063      2.969  275.48093  275.61986    37.9879    11.1553 0.0000e+00
 124.257740      3.032    12.5341  31.974313    26.9062      3.005  275.48063  275.61957    38.0035    11.2038 0.0000e+00
 124.257743      3.066    12.5338  31.974082    26.9062      3.039  275.48265  275.62157    37.8790    11.1715 0.0000e+00
 124.257746      3.112    12.5335  31.973909    26.9062      3.084  275.48426  275.62316    40.7272    11.1593 0.0000e+00
 124.257749      3.147    12.5330  31.973504    26.9062      3.119  275.48722  275.62609    40.6961    11.0906 0.0000e+00
 124.257752      3.178    12.5329  31.973504    26.9062      3.149  275.48756  275.62642    40.6650    11.1149 -9.990e-29
 124.257755      3.202    12.5327  31.974314    26.9071      3.173  275.48708  275.62592    40.5871    11.1149 -9.990e-29
 124.257758      3.214    12.5329  31.973678    26.9064      3.186  275.48727  275.62614    40.5560    11.1229 -9.990e-29
 124.257760      3.220    12.5328  31.974083    26.9068      3.191  275.48687  275.62572    44.3692    12.1905 -9.990e-29
 124.257763      3.227    12.5328  31.974487    26.9072      3.198  275.48615  275.62500    44.3381    12.1985 -9.990e-29
 124.257766      3.238    12.5330  31.975874    26.9084      3.209  275.48304  275.62188    44.2603    12.2309 -9.990e-29
 124.257769      3.256    12.5331  31.977319    26.9097      3.227  275.48014  275.61898    44.2759    12.2066 -9.990e-29
 124.257772      3.282    12.5331  31.977493    26.9098      3.253  275.47953  275.61837    43.0619    12.4048 -9.990e-29
 124.257775      3.307    12.5334  31.977204    26.9086      3.278  275.47880  275.61766    43.0930    12.3724 -9.990e-29
 124.257778      3.338    12.5337  31.976684    26.9085      3.309  275.47849  275.61737    43.1708    12.4169 0.0000e+00
 124.257781      3.379    12.5346  31.977088    26.9086      3.348  275.47367  275.61261    43.1864    12.4209 0.0000e+00
 124.257784      3.415    12.5349  31.977724    26.9087      3.384  275.47129  275.61024    41.8323    11.3453 0.0000e+00
 124.257786      3.448    12.5348  31.977897    26.9087      3.417  275.47132  275.61027    41.8012    11.3494 0.0000e+00
 124.257789      3.477    12.5345  31.977493    26.9088      3.446  275.47364  275.61257    41.9568    11.3777 0.0000e+00
 124.257792      3.506    12.5341  31.976915    26.9087      3.475  275.47660  275.61551    41.8012    11.3170 -9.990e-29
 124.257795      3.524    12.5338  31.976280    26.9081      3.493  275.47902  275.61791    37.3654    11.4950 -9.990e-29
 124.257798      3.545    12.5334  31.975702    26.9078      3.513  275.48165  275.62052    37.4899    11.4869 -9.990e-29
 124.257801      3.568    12.5333  31.976511    26.9086      3.537  275.48053  275.61939    37.4743    11.5394 -9.990e-29
 124.257804      3.590    12.5331  31.976511    26.9088      3.558  275.48181  275.62066    37.4899    11.4950 -9.990e-29
 124.257807      3.616    12.5332  31.975875    26.9081      3.584  275.48233  275.62119    37.3965    11.4950 -9.990e-29
 124.257810      3.636    12.5331  31.974893    26.9073      3.604  275.48474  275.62360    35.7000    11.3130 -9.990e-29
 124.257813      3.654    12.5324  31.974142    26.9070      3.621  275.48895  275.62777    35.7778    11.3413 -9.990e-29
 124.257815      3.669    12.5322  31.975298    26.9083      3.636  275.48784  275.62664    35.7467    11.2887 -9.990e-29
 124.257818      3.694    12.5326  31.975876    26.9085      3.661  275.48492  275.62374    35.6844    11.2968 -9.990e-29
 124.257821      3.711    12.5336  31.975876    26.9078      3.678  275.48050  275.61939    34.9218    11.3656 -9.990e-29
 124.257824      3.731    12.5343  31.974893    26.9063      3.698  275.47910  275.61805    34.9373    11.3736 -9.990e-29
 124.257827      3.755    12.5348  31.976107    26.9071      3.721  275.47473  275.61370    34.9996    11.4100 -9.990e-29
 124.257830      3.784    12.5355  31.975702    26.9062      3.750  275.47231  275.61132    34.9685    11.3615 -9.990e-29
