Processed/SBE19plus_01907321_2022_05_05_Cast30_wfilter.cnv
* Sea-Bird SBE19plus  Data File:
* FileName = E:\Prandtl Daten\2022\CTD\Raw\SBE19plus_01907321_2022_05_05_Cast30.hex
* Software version 2.6.1.12
* Temperature SN = 7321
* Conductivity SN = 7321
* System UpLoad Time = May 05 2022 10:56:23
* <ApplicationData>
* <Seaterm232>
** Messpraktikum 2022
** CTD 05.05 Schnitt5_1
# nquan = 11
# nvalues = 332                         
# units = specified
# name 0 = timeJ: Julian Days
# name 1 = prdM: Pressure, Strain Gauge [db]
# name 2 = tv290C: Temperature [ITS-90, deg C]
# name 3 = c0mS/cm: Conductivity [mS/cm]
# name 4 = sal00: Salinity, Practical [PSU]
# name 5 = depSM: Depth [salt water, m], lat = 54.00
# name 6 = oxsatMm/Kg: Oxygen Saturation, Weiss [umol/kg]
# name 7 = oxsolMm/Kg: Oxygen Saturation, Garcia & Gordon [umol/kg]
# name 8 = turbWETntu0: Turbidity, WET Labs ECO [NTU]
# name 9 = flECO-AFL: Fluorescence, WET Labs ECO-AFL/FL [mg/m^3]
# name 10 = flag:  0.000e+00
# span 0 = 125.452445, 125.453403       
# span 1 =      0.569,      8.203       
# span 2 =    11.7377,    11.8636       
# span 3 =  32.777092,  32.801635       
# span 4 =    28.1641,    28.2698       
# span 5 =      0.564,      8.129       
# span 6 =  276.98320,  277.53440       
# span 7 =  277.06709,  277.60912       
# span 8 =    18.3615,    56.5560       
# span 9 =     5.3567,    11.9155       
# span 10 = 0.0000e+00, 0.0000e+00      
# interval = seconds: 0.25
# start_time = May 05 2022 10:50:21 [Instrument's time stamp, header]
# bad_flag = -9.990e-29
*END*
 125.452445      0.569    11.8354  32.778957    28.1775      0.564  277.13006  277.21205    20.0580     5.4942 0.0000e+00
 125.452448      0.602    11.8352  32.779190    28.1775      0.597  277.13027  277.21224    20.0268     5.5144 -9.990e-29
 125.452451      0.626    11.8352  32.779015    28.1777      0.620  277.13092  277.21289    19.9646     5.4982 -9.990e-29
 125.452454      0.638    11.8357  32.779774    28.1780      0.633  277.12705  277.20905    19.9646     5.4901 -9.990e-29
 125.452457      0.666    11.8370  32.783509    28.1806      0.660  277.11458  277.19664    18.5638     5.3850 -9.990e-29
 125.452459      0.691    11.8407  32.787185    28.1769      0.685  277.09140  277.17368    18.4548     5.3769 -9.990e-29
 125.452462      0.735    11.8463  32.787068    28.1769      0.729  277.06629  277.14899    18.3615     5.3567 0.0000e+00
 125.452465      0.761    11.8506  32.786776    28.1769      0.754  277.04799  277.13100    18.4082     5.3688 -9.990e-29
 125.452468      0.775    11.8529  32.788643    28.1734      0.768  277.03434  277.11749    20.2603     5.7651 -9.990e-29
 125.452471      0.779    11.8552  32.789986    28.1729      0.772  277.02134  277.10465    20.2914     5.7409 -9.990e-29
 125.452474      0.788    11.8579  32.789693    28.1706      0.781  277.01014  277.09364    20.2292     5.7489 -9.990e-29
 125.452477      0.801    11.8598  32.790277    28.1697      0.793  277.00041  277.08405    20.1980     5.7772 -9.990e-29
 125.452480      0.819    11.8612  32.789460    28.1679      0.811  276.99575  277.07950    22.8751     6.5941 -9.990e-29
 125.452483      0.833    11.8622  32.790394    28.1680      0.826  276.98939  277.07320    22.9529     6.5900 -9.990e-29
 125.452486      0.850    11.8631  32.790510    28.1675      0.842  276.98548  277.06935    22.9996     6.5779 -9.990e-29
 125.452488      0.857    11.8633  32.790744    28.1675      0.849  276.98412  277.06801    22.9996     6.6264 -9.990e-29
 125.452491      0.867    11.8633  32.789810    28.1666      0.860  276.98586  277.06975    25.6299     7.4473 -9.990e-29
 125.452494      0.873    11.8633  32.790277    28.1671      0.865  276.98500  277.06889    25.6455     7.4392 -9.990e-29
 125.452497      0.882    11.8634  32.790919    28.1676      0.874  276.98320  277.06709    25.6922     7.4715 -9.990e-29
 125.452500      0.902    11.8636  32.790510    28.1642      0.894  276.98335  277.06726    25.6766     7.4513 -9.990e-29
 125.452503      0.933    11.8633  32.787242    28.1641      0.925  276.99065  277.07458    25.7233     7.4554 0.0000e+00
 125.452506      0.982    11.8617  32.785783    28.1642      0.973  277.00050  277.08432    28.6338     7.1157 0.0000e+00
 125.452509      1.033    11.8572  32.784967    28.1665      1.024  277.02184  277.10535    28.6494     7.1036 0.0000e+00
 125.452512      1.090    11.8521  32.783742    28.1692      1.080  277.04703  277.13019    28.4938     7.1076 0.0000e+00
 125.452514      1.144    11.8472  32.781642    28.1701      1.134  277.07292  277.15574    28.6183     7.1521 0.0000e+00
 125.452517      1.184    11.8421  32.781234    28.1709      1.174  277.09628  277.17873    27.8712     7.1885 -9.990e-29
 125.452520      1.208    11.8375  32.780593    28.1773      1.197  277.11820  277.20033    27.9023     7.1966 -9.990e-29
 125.452523      1.223    11.8343  32.780418    28.1794      1.212  277.13245  277.21435    27.9179     7.1804 -9.990e-29
 125.452526      1.223    11.8325  32.781235    28.1816      1.212  277.13929  277.22104    28.0268     7.1885 -9.990e-29
 125.452529      1.221    11.8316  32.780418    28.1815      1.210  277.14482  277.22652    27.2486     7.3260 -9.990e-29
 125.452532      1.238    11.8314  32.780768    28.1820      1.227  277.14480  277.22649    27.0930     7.3260 -9.990e-29
 125.452535      1.260    11.8308  32.780418    28.1821      1.249  277.14825  277.22989    27.0463     7.3260 -9.990e-29
 125.452538      1.279    11.8299  32.780010    28.1824      1.267  277.15304  277.23462    27.1085     7.3381 -9.990e-29
 125.452541      1.299    11.8294  32.779602    28.1804      1.287  277.15628  277.23783    26.1903     7.4109 -9.990e-29
 125.452543      1.326    11.8289  32.777092    28.1804      1.314  277.16312  277.24466    26.1747     7.3785 0.0000e+00
 125.452546      1.352    11.8280  32.778551    28.1804      1.340  277.16414  277.24561    26.1903     7.3624 -9.990e-29
 125.452549      1.370    11.8276  32.778552    28.1827      1.358  277.16601  277.24744    26.2214     7.3785 -9.990e-29
 125.452552      1.389    11.8271  32.779194    28.1837      1.376  277.16731  277.24869    26.3615     7.3987 -9.990e-29
 125.452555      1.399    11.8269  32.779602    28.1842      1.387  277.16718  277.24855    25.9257     7.3907 -9.990e-29
 125.452558      1.416    11.8265  32.779602    28.1845      1.403  277.16904  277.25038    25.9724     7.3624 -9.990e-29
 125.452561      1.430    11.8251  32.779427    28.1855      1.417  277.17587  277.25711    25.8634     7.3866 -9.990e-29
 125.452564      1.445    11.8235  32.779194    28.1864      1.432  277.18342  277.26455    25.9412     7.3826 -9.990e-29
 125.452567      1.468    11.8228  32.778144    28.1871      1.455  277.18817  277.26926    26.8595     7.1359 -9.990e-29
 125.452569      1.498    11.8225  32.779194    28.1876      1.484  277.18779  277.26884    26.9685     7.1157 0.0000e+00
 125.452572      1.530    11.8222  32.780012    28.1881      1.517  277.18754  277.26856    26.8906     7.1400 0.0000e+00
 125.452575      1.570    11.8217  32.781004    28.1891      1.556  277.18789  277.26887    26.8906     7.1278 0.0000e+00
 125.452578      1.618    11.8214  32.780420    28.1894      1.603  277.19024  277.27121    25.7389     7.1804 0.0000e+00
 125.452581      1.658    11.8216  32.782580    28.1910      1.643  277.18565  277.26660    25.7545     7.2208 0.0000e+00
 125.452584      1.692    11.8217  32.783105    28.1914      1.677  277.18408  277.26504    25.7700     7.1440 0.0000e+00
 125.452587      1.721    11.8217  32.783105    28.1914      1.706  277.18441  277.26536    25.6922     7.1844 0.0000e+00
 125.452590      1.747    11.8211  32.782872    28.1914      1.731  277.18733  277.26825    27.1552     7.4392 -9.990e-29
 125.452593      1.761    11.8199  32.783164    28.1928      1.745  277.19206  277.27288    27.1397     7.4634 -9.990e-29
 125.452595      1.770    11.8192  32.782464    28.1926      1.755  277.19646  277.27724    27.0930     7.4675 -9.990e-29
 125.452598      1.769    11.8179  32.783106    28.1942      1.753  277.20114  277.28182    27.0619     7.4392 -9.990e-29
 125.452601      1.777    11.8157  32.782931    28.1957      1.762  277.21136  277.29188    27.1241     7.4837 -9.990e-29
 125.452604      1.787    11.8140  32.783515    28.1976      1.771  277.21771  277.29810    26.3303     7.3138 -9.990e-29
 125.452607      1.809    11.8132  32.783282    28.1975      1.793  277.22186  277.30220    26.5015     7.2977 -9.990e-29
 125.452610      1.836    11.8128  32.782465    28.1975      1.820  277.22525  277.30557    26.3926     7.3421 0.0000e+00
 125.452613      1.869    11.8126  32.782348    28.1975      1.852  277.22642  277.30672    26.2681     7.3340 0.0000e+00
 125.452616      1.900    11.8122  32.782698    28.1975      1.883  277.22734  277.30761    25.4432     7.4230 -9.990e-29
 125.452619      1.924    11.8119  32.782698    28.1984      1.907  277.22890  277.30915    25.5054     7.4796 -9.990e-29
 125.452622      1.942    11.8120  32.781765    28.1974      1.925  277.23003  277.31029    25.4276     7.4392 -9.990e-29
 125.452624      1.955    11.8123  32.782874    28.1982      1.937  277.22674  277.30702    25.3965     7.4392 -9.990e-29
 125.452627      1.969    11.8126  32.782699    28.1978      1.952  277.22553  277.30583    25.4587     7.5767 -9.990e-29
 125.452630      1.988    11.8133  32.783165    28.1977      1.970  277.22159  277.30193    25.4899     7.6009 -9.990e-29
 125.452633      2.009    11.8138  32.783691    28.1974      1.992  277.21877  277.29915    25.3965     7.5726 -9.990e-29
 125.452636      2.039    11.8144  32.783691    28.1972      2.020  277.21601  277.29643    25.4587     7.5605 0.0000e+00
 125.452639      2.075    11.8153  32.783924    28.1969      2.057  277.21159  277.29207    26.6572     7.8557 0.0000e+00
 125.452642      2.119    11.8158  32.783924    28.1965      2.100  277.20945  277.28997    26.5327     7.8112 0.0000e+00
 125.452645      2.170    11.8156  32.783691    28.1965      2.150  277.21085  277.29135    26.6416     7.8314 0.0000e+00
 125.452648      2.212    11.8145  32.783691    28.1968      2.192  277.21552  277.29594    26.7661     7.8557 0.0000e+00
 125.452650      2.248    11.8138  32.783516    28.1972      2.228  277.21927  277.29964    26.6572     7.8395 -9.990e-29
 125.452653      2.272    11.8129  32.783692    28.1984      2.252  277.22298  277.30328    24.3848     7.1116 -9.990e-29
 125.452656      2.283    11.8122  32.783108    28.1984      2.263  277.22685  277.30712    24.4471     7.1157 -9.990e-29
 125.452659      2.280    11.8117  32.783517    28.1991      2.259  277.22825  277.30848    24.4471     7.1076 -9.990e-29
 125.452662      2.280    11.8112  32.782933    28.1990      2.260  277.23181  277.31200    24.3226     7.1197 -9.990e-29
 125.452665      2.276    11.8107  32.783517    28.1999      2.256  277.23289  277.31304    26.9062     7.2653 -9.990e-29
 125.452668      2.275    11.8104  32.783517    28.2001      2.254  277.23412  277.31426    26.9218     7.2653 -9.990e-29
 125.452671      2.289    11.8099  32.783517    28.2005      2.268  277.23630  277.31639    26.8440     7.2532 -9.990e-29
 125.452674      2.314    11.8098  32.781007    28.1967      2.294  277.24159  277.32170    26.9840     7.2896 -9.990e-29
 125.452677      2.349    11.8095  32.779198    28.1983      2.328  277.24620  277.32632    25.8945     7.2936 0.0000e+00
 125.452679      2.395    11.8093  32.782467    28.1999      2.373  277.24110  277.32117    25.9568     7.3340 0.0000e+00
 125.452682      2.437    11.8092  32.783167    28.1999      2.415  277.24045  277.32050    25.9879     7.3260 0.0000e+00
 125.452685      2.473    11.8095  32.782058    28.2000      2.451  277.24099  277.32107    25.8790     7.2896 0.0000e+00
 125.452688      2.506    11.8105  32.783284    28.1993      2.484  277.23441  277.31455    25.1630     7.3098 -9.990e-29
 125.452691      2.530    11.8120  32.782759    28.1981      2.508  277.22860  277.30886    25.1008     7.4513 -9.990e-29
 125.452694      2.548    11.8132  32.783284    28.1977      2.525  277.22238  277.30272    25.2720     7.4473 -9.990e-29
 125.452697      2.555    11.8143  32.783109    28.1967      2.533  277.21777  277.29819    25.1786     7.4311 -9.990e-29
 125.452700      2.568    11.8153  32.781591    28.1944      2.545  277.21595  277.29646    25.1786     7.4594 -9.990e-29
 125.452703      2.581    11.8163  32.782700    28.1948      2.558  277.20958  277.29015    25.9568     7.2532 -9.990e-29
 125.452705      2.603    11.8168  32.783109    28.1948      2.579  277.20667  277.28727    25.8945     7.2289 -9.990e-29
 125.452708      2.628    11.8174  32.782467    28.1944      2.605  277.20510  277.28575    25.8634     7.2451 -9.990e-29
 125.452711      2.661    11.8175  32.783342    28.1950      2.637  277.20319  277.28384    26.0346     7.2653 0.0000e+00
 125.452714      2.699    11.8169  32.784101    28.1956      2.675  277.20459  277.28519    23.8868     7.0591 0.0000e+00
 125.452717      2.739    11.8163  32.784101    28.1960      2.715  277.20709  277.28765    23.9490     7.0389 0.0000e+00
 125.452720      2.776    11.8158  32.784743    28.1968      2.751  277.20840  277.28891    23.9957     7.0469 0.0000e+00
 125.452723      2.810    11.8158  32.784568    28.1970      2.785  277.20844  277.28896    24.0268     7.0914 0.0000e+00
 125.452726      2.840    11.8163  32.784568    28.1968      2.814  277.20630  277.28685    23.7155     6.9903 -9.990e-29
 125.452729      2.858    11.8170  32.784743    28.1961      2.832  277.20289  277.28349    23.7934     6.9661 -9.990e-29
 125.452731      2.861    11.8182  32.784510    28.1950      2.836  277.19807  277.27876    23.7155     6.9984 -9.990e-29
 125.452734      2.861    11.8194  32.783926    28.1935      2.835  277.19359  277.27438    23.6222     7.0186 -9.990e-29
 125.452737      2.852    11.8206  32.784568    28.1932      2.826  277.18714  277.26800    23.6377     6.9782 -9.990e-29
 125.452740      2.843    11.8211  32.784510    28.1928      2.818  277.18508  277.26598    26.1591     7.3017 -9.990e-29
 125.452743      2.847    11.8216  32.784743    28.1926      2.821  277.18248  277.26341    26.1124     7.3138 -9.990e-29
 125.452746      2.863    11.8221  32.783692    28.1911      2.838  277.18197  277.26295    26.1591     7.3179 -9.990e-29
 125.452749      2.892    11.8233  32.784568    28.1905      2.866  277.17511  277.25617    26.2214     7.2977 0.0000e+00
 125.452752      2.938    11.8251  32.784743    28.1899      2.912  277.16678  277.24797    26.4548     7.5160 0.0000e+00
 125.452755      2.994    11.8262  32.781241    28.1896      2.967  277.16867  277.24997    26.3926     7.5160 0.0000e+00
 125.452758      3.045    11.8257  32.784977    28.1896      3.018  277.16364  277.24487    26.3459     7.4998 0.0000e+00
 125.452760      3.096    11.8238  32.785677    28.1917      3.069  277.17103  277.25212    26.4237     7.5241 0.0000e+00
 125.452763      3.140    11.8200  32.786203    28.1934      3.112  277.18709  277.26789    26.5949     7.4554 0.0000e+00
 125.452766      3.175    11.8173  32.786203    28.1951      3.147  277.19917  277.27978    26.5327     7.4594 -9.990e-29
 125.452769      3.194    11.8163  32.785970    28.1977      3.165  277.20426  277.28479    26.6883     7.4351 -9.990e-29
 125.452772      3.194    11.8156  32.786496    28.1987      3.165  277.20607  277.28655    26.7194     7.4634 -9.990e-29
 125.452775      3.192    11.8142  32.786379    28.1996      3.163  277.21246  277.29284    27.6222     7.7546 -9.990e-29
 125.452778      3.195    11.8129  32.786204    28.2005      3.167  277.21897  277.29926    27.6222     7.7748 -9.990e-29
 125.452781      3.197    11.8110  32.786905    28.2026      3.169  277.22602  277.30616    27.7000     7.7667 -9.990e-29
 125.452784      3.210    11.8091  32.786788    28.2063      3.182  277.23459  277.31460    27.7000     7.7708 -9.990e-29
 125.452786      3.237    11.8070  32.787664    28.2071      3.208  277.24226  277.32210    27.6533     7.7708 0.0000e+00
 125.452789      3.274    11.8045  32.787489    28.2080      3.245  277.25405  277.33371    26.9685     7.9770 0.0000e+00
 125.452792      3.307    11.8020  32.787840    28.2102      3.277  277.26455  277.34402    26.9062     7.9446 0.0000e+00
 125.452795      3.347    11.7996  32.788074    28.2122      3.317  277.27465  277.35395    26.9062     7.9568 0.0000e+00
 125.452798      3.382    11.7981  32.787198    28.2125      3.351  277.28310  277.36230    26.9685     7.9608 0.0000e+00
 125.452801      3.411    11.7973  32.786498    28.2125      3.381  277.28813  277.36727    27.9646     7.9163 0.0000e+00
 125.452804      3.438    11.7966  32.787199    28.2125      3.408  277.28994  277.36903    27.8556     7.9244 -9.990e-29
 125.452807      3.462    11.7960  32.788074    28.2149      3.431  277.29081  277.36984    27.8712     7.9082 -9.990e-29
 125.452810      3.475    11.7953  32.787082    28.2146      3.444  277.29606  277.37505    27.8868     7.8961 -9.990e-29
 125.452812      3.491    11.7946  32.788075    28.2160      3.460  277.29701  277.37594    29.3809     7.7829 -9.990e-29
 125.452815      3.504    11.7945  32.788075    28.2161      3.472  277.29763  277.37656    29.2097     7.7829 -9.990e-29
 125.452818      3.524    11.7943  32.788075    28.2162      3.492  277.29858  277.37748    29.3342     7.7505 -9.990e-29
 125.452821      3.540    11.7939  32.787841    28.2163      3.508  277.30057  277.37945    29.3654     7.7708 -9.990e-29
