Processed/SBE19plus_01907321_2022_05_04_Cast21_wfilter.cnv
* Sea-Bird SBE19plus  Data File:
* FileName = E:\Prandtl Daten\2022\CTD\Raw\SBE19plus_01907321_2022_05_04_Cast21.hex
* Software version 2.6.1.12
* Temperature SN = 7321
* Conductivity SN = 7321
* System UpLoad Time = May 04 2022 13:58:17
* <ApplicationData>
* <Seaterm232>
** Messpraktikum 2022
** CTD 04.05 BE
# nquan = 11
# nvalues = 750                         
# units = specified
# name 0 = timeJ: Julian Days
# name 1 = prdM: Pressure, Strain Gauge [db]
# name 2 = tv290C: Temperature [ITS-90, deg C]
# name 3 = c0mS/cm: Conductivity [mS/cm]
# name 4 = sal00: Salinity, Practical [PSU]
# name 5 = depSM: Depth [salt water, m], lat = 54.00
# name 6 = oxsatMm/Kg: Oxygen Saturation, Weiss [umol/kg]
# name 7 = oxsolMm/Kg: Oxygen Saturation, Garcia & Gordon [umol/kg]
# name 8 = turbWETntu0: Turbidity, WET Labs ECO [NTU]
# name 9 = flECO-AFL: Fluorescence, WET Labs ECO-AFL/FL [mg/m^3]
# name 10 = flag:  0.000e+00
# span 0 = 124.576525, 124.578692       
# span 1 =      0.523,     19.258       
# span 2 =    12.2850,    12.3929       
# span 3 =  31.914939,  31.979526       
# span 4 =    27.0024,    27.0281       
# span 5 =      0.518,     19.085       
# span 6 =  276.10529,  276.70758       
# span 7 =  276.23478,  276.83046       
# span 8 =    16.4315,   312.7584       
# span 9 =     7.2977,    22.9263       
# span 10 = 0.0000e+00, 0.0000e+00      
# interval = seconds: 0.25
# start_time = May 04 2022 13:48:50 [Instrument's time stamp, header]
# bad_flag = -9.990e-29
*END*
[from data line 525]
 124.578044     13.862    12.2909  31.919486    27.0253     13.737  276.67548  276.79874    62.1124    12.2754 0.0000e+00
 124.578047     13.906    12.2909  31.918908    27.0252     13.781  276.67656  276.79982    62.0969    12.2511 0.0000e+00
 124.578050     13.944    12.2907  31.918909    27.0251     13.819  276.67753  276.80078    62.1747    12.2592 0.0000e+00
 124.578053     13.977    12.2905  31.918735    27.0252     13.851  276.67882  276.80206    63.9334    11.4100 -9.990e-29
 124.578056     13.999    12.2901  31.919140    27.0258     13.873  276.68000  276.80320    63.8712    11.4222 -9.990e-29
 124.578058     14.013    12.2900  31.918909    27.0257     13.887  276.68106  276.80426    63.9179    11.4262 -9.990e-29
 124.578061     14.015    12.2897  31.918909    27.0259     13.889  276.68232  276.80550    63.9646    11.4383 -9.990e-29
 124.578064     14.020    12.2893  31.919140    27.0264     13.895  276.68381  276.80696    65.1008    12.8091 -9.990e-29
 124.578067     14.030    12.2893  31.918736    27.0260     13.904  276.68455  276.80770    65.1475    12.8536 -9.990e-29
 124.578070     14.050    12.2891  31.919313    27.0273     13.924  276.68414  276.80728    65.2253    12.8374 -9.990e-29
 124.578073     14.083    12.2893  31.920064    27.0272     13.957  276.68217  276.80531    65.1319    12.8577 0.0000e+00
 124.578076     14.118    12.2892  31.919891    27.0271     13.991  276.68283  276.80596    71.0930    12.3239 0.0000e+00
 124.578079     14.158    12.2891  31.919487    27.0268     14.031  276.68390  276.80704    71.2019    12.3522 0.0000e+00
 124.578082     14.205    12.2891  31.918910    27.0268     14.078  276.68498  276.80812    71.1708    12.3441 0.0000e+00
 124.578084     14.242    12.2893  31.919892    27.0270     14.114  276.68259  276.80573    71.0774    12.3360 0.0000e+00
 124.578087     14.273    12.2893  31.920123    27.0271     14.145  276.68188  276.80502    71.1397    12.3320 0.0000e+00
 124.578090     14.304    12.2893  31.919487    27.0272     14.176  276.68305  276.80620    62.9062    11.5475 -9.990e-29
 124.578093     14.318    12.2896  31.919314    27.0262     14.190  276.68211  276.80528    62.9685    11.5677 -9.990e-29
 124.578096     14.333    12.2895  31.918737    27.0258     14.204  276.68380  276.80697    62.8906    11.5475 -9.990e-29
 124.578099     14.344    12.2892  31.918910    27.0261     14.215  276.68476  276.80790    62.9529    11.5556 -9.990e-29
 124.578102     14.353    12.2893  31.919314    27.0265     14.224  276.68371  276.80686    66.4393    12.4735 -9.990e-29
 124.578105     14.366    12.2893  31.919892    27.0270     14.237  276.68267  276.80582    66.4548    12.4654 -9.990e-29
 124.578108     14.388    12.2893  31.919892    27.0268     14.259  276.68269  276.80583    66.2992    12.4493 -9.990e-29
 124.578111     14.417    12.2893  31.919719    27.0271     14.288  276.68302  276.80617    66.4237    12.4209 0.0000e+00
 124.578113     14.448    12.2893  31.920296    27.0273     14.318  276.68168  276.80482    61.6299    12.3522 0.0000e+00
 124.578116     14.490    12.2893  31.920297    27.0273     14.360  276.68202  276.80516    61.7389    12.3199 0.0000e+00
 124.578119     14.526    12.2893  31.920470    27.0275     14.396  276.68173  276.80487    61.7700    12.3077 0.0000e+00
 124.578122     14.559    12.2889  31.920297    27.0276     14.428  276.68365  276.80676    61.8323    12.3279 0.0000e+00
 124.578125     14.590    12.2889  31.920528    27.0277     14.459  276.68325  276.80636    62.3926    11.8387 0.0000e+00
 124.578128     14.616    12.2888  31.920528    27.0278     14.485  276.68358  276.80669    62.3615    11.7901 -9.990e-29
 124.578131     14.635    12.2888  31.920528    27.0278     14.504  276.68360  276.80671    62.5015    11.8184 -9.990e-29
 124.578134     14.661    12.2888  31.920297    27.0276     14.530  276.68435  276.80746    62.4860    11.8265 -9.990e-29
 124.578137     14.676    12.2884  31.920124    27.0277     14.544  276.68626  276.80934    62.3459    11.8063 -9.990e-29
 124.578139     14.692    12.2884  31.919893    27.0275     14.560  276.68668  276.80977    64.4471    13.1771 -9.990e-29
 124.578142     14.708    12.2882  31.919489    27.0273     14.577  276.68838  276.81145    64.4626    13.2135 -9.990e-29
 124.578145     14.732    12.2881  31.920297    27.0281     14.600  276.68756  276.81062    64.3381    13.2175 -9.990e-29
 124.578148     14.756    12.2879  31.920124    27.0281     14.624  276.68884  276.81188    64.3537    13.2014 -9.990e-29
 124.578151     14.783    12.2878  31.920124    27.0278     14.651  276.68917  276.81221    67.8712    12.6393 0.0000e+00
 124.578154     14.821    12.2876  31.919316    27.0275     14.689  276.69161  276.81465    67.9023    12.6555 0.0000e+00
 124.578157     14.849    12.2876  31.918912    27.0271     14.716  276.69205  276.81509    67.9334    12.6312 0.0000e+00
 124.578160     14.884    12.2881  31.918334    27.0267     14.750  276.69122  276.81430    67.9334    12.6636 0.0000e+00
 124.578163     14.917    12.2883  31.918912    27.0262     14.783  276.68925  276.81234    68.1202    12.6070 -9.990e-29
 124.578166     14.940    12.2884  31.918739    27.0263     14.806  276.68895  276.81204    68.0891    12.5989 -9.990e-29
 124.578168     14.958    12.2882  31.918508    27.0263     14.824  276.69032  276.81341    68.0735    12.5787 -9.990e-29
 124.578171     14.984    12.2881  31.918739    27.0265     14.850  276.69024  276.81332    68.1669    12.5544 -9.990e-29
 124.578174     15.006    12.2879  31.918739    27.0267     14.871  276.69120  276.81427    71.5443    13.5896 -9.990e-29
 124.578177     15.026    12.2879  31.918104    27.0261     14.891  276.69268  276.81575    71.5443    13.5855 -9.990e-29
 124.578180     15.041    12.2878  31.918104    27.0262     14.906  276.69301  276.81607    71.6377    13.5774 -9.990e-29
 124.578183     15.063    12.2877  31.918104    27.0257     14.928  276.69334  276.81640    71.7155    13.5855 -9.990e-29
 124.578186     15.090    12.2876  31.917526    27.0260     14.955  276.69472  276.81778    71.5755    13.5734 0.0000e+00
 124.578189     15.117    12.2878  31.918335    27.0257     14.982  276.69264  276.81570    70.3303    12.8941 0.0000e+00
 124.578192     15.150    12.2878  31.917296    27.0261     15.014  276.69455  276.81762    70.4237    12.8779 0.0000e+00
 124.578194     15.181    12.2881  31.918335    27.0254     15.045  276.69142  276.81450    70.3770    12.8981 0.0000e+00
 124.578197     15.214    12.2882  31.917700    27.0255     15.078  276.69196  276.81506    70.3770    12.9102 0.0000e+00
 124.578200     15.242    12.2883  31.917931    27.0254     15.105  276.69093  276.81403    66.4082    12.5342 0.0000e+00
 124.578203     15.273    12.2886  31.918104    27.0255     15.136  276.68937  276.81249    66.5171    12.5261 -9.990e-29
 124.578206     15.295    12.2887  31.917931    27.0253     15.157  276.68938  276.81251    66.4860    12.5423 -9.990e-29
 124.578209     15.320    12.2888  31.917758    27.0250     15.183  276.68940  276.81253    66.4082    12.5301 -9.990e-29
 124.578212     15.342    12.2883  31.916892    27.0245     15.204  276.69288  276.81600    69.7233    13.2256 -9.990e-29
 124.578215     15.362    12.2883  31.917527    27.0252     15.224  276.69206  276.81516    69.6299    13.2216 -9.990e-29
 124.578218     15.384    12.2881  31.917700    27.0255     15.246  276.69271  276.81579    69.5677    13.2135 -9.990e-29
 124.578220     15.400    12.2881  31.918336    27.0260     15.262  276.69125  276.81433    69.4743    13.1852 -9.990e-29
 124.578223     15.424    12.2882  31.916719    27.0244     15.286  276.69388  276.81699    72.4004    13.3267 -9.990e-29
 124.578226     15.446    12.2883  31.917701    27.0241     15.307  276.69180  276.81490    72.4315    13.3389 -9.990e-29
 124.578229     15.473    12.2886  31.916719    27.0243     15.335  276.69202  276.81515    72.2447    13.3308 0.0000e+00
 124.578232     15.504    12.2885  31.917123    27.0246     15.365  276.69194  276.81506    72.3692    13.3227 0.0000e+00
 124.578235     15.533    12.2886  31.917932    27.0253     15.394  276.69017  276.81329    72.3381    13.3227 0.0000e+00
 124.578238     15.561    12.2885  31.918105    27.0255     15.422  276.69019  276.81331    66.8906    12.5180 0.0000e+00
 124.578241     15.594    12.2884  31.918336    27.0255     15.454  276.69011  276.81322    66.8595    12.5099 0.0000e+00
 124.578244     15.625    12.2883  31.917124    27.0256     15.485  276.69265  276.81576    66.8595    12.5099 0.0000e+00
 124.578247     15.652    12.2882  31.918106    27.0256     15.512  276.69152  276.81461    66.8751    12.5018 0.0000e+00
 124.578249     15.681    12.2882  31.918106    27.0256     15.541  276.69154  276.81463    64.6494    12.9143 0.0000e+00
 124.578252     15.708    12.2881  31.918106    27.0256     15.568  276.69187  276.81496    64.6183    12.9143 -9.990e-29
 124.578255     15.725    12.2879  31.918164    27.0259     15.584  276.69304  276.81611    64.7428    12.9183 -9.990e-29
 124.578258     15.738    12.2877  31.917528    27.0254     15.597  276.69484  276.81790    64.6650    12.9021 -9.990e-29
 124.578261     15.754    12.2878  31.917933    27.0258     15.613  276.69380  276.81687    63.8245    13.1165 -9.990e-29
 124.578264     15.770    12.2876  31.917124    27.0251     15.629  276.69622  276.81929    63.9179    13.1448 -9.990e-29
 124.578267     15.794    12.2876  31.917933    27.0264     15.653  276.69477  276.81783    64.0113    13.1245 -9.990e-29
 124.578270     15.820    12.2874  31.918337    27.0258     15.678  276.69469  276.81773    63.8245    13.1528 0.0000e+00
 124.578273     15.849    12.2874  31.917124    27.0254     15.707  276.69723  276.82027    69.9724    13.1003 0.0000e+00
 124.578275     15.884    12.2874  31.917298    27.0254     15.741  276.69662  276.81967    74.3615    12.9466 0.0000e+00
 124.578278     15.917    12.2874  31.918106    27.0258     15.774  276.69517  276.81822    74.3459    12.9466 0.0000e+00
 124.578281     15.951    12.2874  31.917702    27.0261     15.808  276.69625  276.81929    74.3770    12.9507 0.0000e+00
 124.578284     15.984    12.2874  31.918107    27.0261     15.841  276.69553  276.81857    74.3615    12.9749 0.0000e+00
 124.578287     16.013    12.2874  31.918338    27.0262     15.869  276.69482  276.81786    71.3420    12.4007 0.0000e+00
 124.578290     16.039    12.2875  31.918338    27.0263     15.895  276.69452  276.81756    71.4043    12.3967 -9.990e-29
 124.578293     16.055    12.2874  31.918338    27.0263     15.911  276.69485  276.81789    71.4665    12.3765 -9.990e-29
 124.578296     16.066    12.2874  31.917703    27.0257     15.922  276.69601  276.81905    71.4354    12.4048 -9.990e-29
 124.578299     16.075    12.2877  31.917934    27.0257     15.931  276.69433  276.81739    67.6066    13.0113 -9.990e-29
 124.578302     16.085    12.2877  31.918338    27.0261     15.940  276.69360  276.81666    67.5755    13.0032 -9.990e-29
 124.578304     16.103    12.2877  31.918107    27.0260     15.959  276.69403  276.81709    67.6689    12.9790 -9.990e-29
 124.578307     16.129    12.2877  31.918338    27.0258     15.984  276.69363  276.81669    67.7622    13.0275 0.0000e+00
 124.578310     16.163    12.2878  31.917934    27.0256     16.018  276.69407  276.81714    68.1047    12.9466 0.0000e+00
 124.578313     16.202    12.2879  31.917934    27.0256     16.056  276.69378  276.81685    68.0580    12.9385 0.0000e+00
 124.578316     16.244    12.2878  31.918338    27.0255     16.098  276.69339  276.81645    68.1358    12.9830 0.0000e+00
 124.578319     16.286    12.2879  31.917703    27.0252     16.140  276.69394  276.81702    68.1047    12.9709 0.0000e+00
 124.578322     16.324    12.2881  31.917299    27.0250     16.177  276.69406  276.81716    68.1669    12.9345 0.0000e+00
 124.578325     16.357    12.2880  31.918339    27.0248     16.210  276.69252  276.81560    69.2253    11.7254 -9.990e-29
 124.578328     16.380    12.2878  31.917299    27.0249     16.233  276.69537  276.81844    69.0696    11.7376 -9.990e-29
 124.578330     16.400    12.2880  31.917530    27.0250     16.253  276.69401  276.81710    69.0229    11.7295 -9.990e-29
 124.578333     16.404    12.2879  31.918108    27.0256     16.257  276.69360  276.81667    69.0696    11.7295 -9.990e-29
 124.578336     16.411    12.2877  31.917704    27.0254     16.264  276.69497  276.81804    68.6183    13.0235 -9.990e-29
 124.578339     16.419    12.2876  31.918108    27.0258     16.271  276.69456  276.81762    68.5560    13.0356 -9.990e-29
 124.578342     16.437    12.2877  31.918108    27.0263     16.290  276.69425  276.81732    68.6650    13.0235 -9.990e-29
 124.578345     16.464    12.2877  31.918743    27.0258     16.317  276.69312  276.81618    68.7428    12.9790 0.0000e+00
 124.578348     16.495    12.2876  31.917588    27.0263     16.347  276.69555  276.81862    70.6105    13.1084 0.0000e+00
 124.578351     16.534    12.2876  31.918917    27.0262     16.385  276.69317  276.81622    70.5015    13.1407 0.0000e+00
 124.578354     16.574    12.2878  31.918744    27.0262     16.425  276.69288  276.81594    70.6727    13.1205 0.0000e+00
 124.578356     16.610    12.2876  31.918513    27.0261     16.461  276.69395  276.81701    70.7039    13.1326 0.0000e+00
 124.578359     16.643    12.2876  31.918340    27.0260     16.494  276.69429  276.81734    64.1513    11.9398 0.0000e+00
 124.578362     16.670    12.2877  31.917704    27.0259     16.521  276.69514  276.81821    64.1980    11.9074 -9.990e-29
 124.578365     16.694    12.2878  31.918340    27.0258     16.544  276.69369  276.81676    64.1358    11.9398 -9.990e-29
 124.578368     16.710    12.2878  31.917127    27.0247     16.561  276.69590  276.81898    64.1669    11.9236 -9.990e-29
 124.578371     16.722    12.2881  31.918744    27.0259     16.572  276.69139  276.81448    64.0735    11.9114 -9.990e-29
 124.578374     16.733    12.2883  31.918744    27.0258     16.582  276.69077  276.81386    68.1202    13.1165 -9.990e-29
 124.578377     16.747    12.2883  31.918917    27.0260     16.597  276.69046  276.81356    68.1047    13.1245 -9.990e-29
 124.578380     16.771    12.2883  31.918109    27.0255     16.620  276.69163  276.81474    68.0735    13.1528 -9.990e-29
 124.578383     16.802    12.2881  31.918340    27.0260     16.651  276.69218  276.81527    68.1047    13.1245 0.0000e+00
 124.578385     16.835    12.2880  31.919149    27.0262     16.684  276.69137  276.81444    69.1630    13.1690 0.0000e+00
 124.578388     16.869    12.2879  31.918918    27.0262     16.718  276.69212  276.81520    69.1941    13.1367 0.0000e+00
 124.578391     16.911    12.2881  31.918918    27.0261     16.760  276.69152  276.81460    69.1319    13.1245 0.0000e+00
 124.578394     16.942    12.2880  31.918572    27.0260     16.790  276.69249  276.81556    69.1630    13.1326 0.0000e+00
 124.578397     16.968    12.2884  31.918745    27.0258     16.815  276.69029  276.81340    67.7000    12.4573 -9.990e-29
 124.578400     16.992    12.2887  31.918514    27.0252     16.839  276.68946  276.81259    67.6689    12.4331 -9.990e-29
 124.578403     17.015    12.2888  31.918514    27.0251     16.863  276.68884  276.81198    67.6689    12.4412 -9.990e-29
 124.578406     17.032    12.2888  31.917532    27.0242     16.879  276.69064  276.81378    67.6689    12.4169 -9.990e-29
 124.578409     17.046    12.2888  31.918110    27.0248     16.893  276.68991  276.81305    75.5288    13.2539 -9.990e-29
 124.578411     17.055    12.2889  31.917937    27.0245     16.902  276.68960  276.81275    75.4354    13.2944 -9.990e-29
 124.578414     17.070    12.2893  31.918341    27.0246     16.917  276.68698  276.81015    75.5910    13.2539 -9.990e-29
 124.578417     17.092    12.2899  31.917532    27.0237     16.938  276.68593  276.80915    75.7000    13.2903 -9.990e-29
