Processed/SBE19plus_01907321_2022_05_11_Cast126_wfilter.cnv
* Sea-Bird SBE19plus  Data File:
* FileName = E:\Prandtl_Daten\2022\CTD\Raw\SBE19plus_01907321_2022_05_126.hex
* Software version 2.6.1.12
* Temperature SN = 7321
* Conductivity SN = 7321
* System UpLoad Time = May 11 2022 09:58:38
* <ApplicationData>
* <Seaterm232>
** Messpraktikum 2022
** CTD 10.05  SW1
** NMEA Latitude = 54 06.01N
** NMEA Longitude = 008 29.42E
# nquan = 11
# nvalues = 422                         
# units = specified
# name 0 = timeJ: Julian Days
# name 1 = prdM: Pressure, Strain Gauge [db]
# name 2 = tv290C: Temperature [ITS-90, deg C]
# name 3 = c0mS/cm: Conductivity [mS/cm]
# name 4 = sal00: Salinity, Practical [PSU]
# name 5 = depSM: Depth [salt water, m], lat = 54.00
# name 6 = oxsatMm/Kg: Oxygen Saturation, Weiss [umol/kg]
# name 7 = oxsolMm/Kg: Oxygen Saturation, Garcia & Gordon [umol/kg]
# name 8 = turbWETntu0: Turbidity, WET Labs ECO [NTU]
# name 9 = flECO-AFL: Fluorescence, WET Labs ECO-AFL/FL [mg/m^3]
# name 10 = flag:  0.000e+00
# span 0 = 131.410327, 131.411545       
# span 1 =      0.395,     13.601       
# span 2 =    11.4063,    12.6937       
# span 3 =  31.987315,  33.145318       
# span 4 =    26.8390,    28.8473       
# span 5 =      0.391,     13.479       
# span 6 =  274.67456,  278.38566       
# span 7 =  274.82345,  278.43156       
# span 8 =    -2.0588,    11.6222       
# span 9 =     2.6798,     8.7129       
# span 10 = 0.0000e+00, 0.0000e+00      
# interval = seconds: 0.25
# start_time = May 11 2022 09:49:14 [Instrument's time stamp, header]
# bad_flag = -9.990e-29
*END*
[from data line 263]
 131.411088      8.662    11.4461  33.142328    28.8199      8.584  278.19305  278.24183    -2.0276     3.1206 0.0000e+00
 131.411091      8.688    11.4438  33.142973    28.8210      8.610  278.20225  278.25083    -2.0588     3.1125 -9.990e-29
 131.411094      8.713    11.4431  33.140511    28.8216      8.635  278.20997  278.25853    -1.7475     3.1044 -9.990e-29
 131.411097      8.737    11.4428  33.143090    28.8243      8.659  278.20665  278.25515    -1.3739     3.1853 -9.990e-29
 131.411100      8.760    11.4416  33.141743    28.8262      8.682  278.21440  278.26284    -1.3273     3.1731 -9.990e-29
 131.411102      8.790    11.4403  33.143091    28.8271      8.711  278.21769  278.26601    -1.2961     3.1448 0.0000e+00
 131.411105      8.817    11.4399  33.144673    28.8280      8.738  278.21655  278.26482    -1.3895     3.1812 0.0000e+00
 131.411108      8.844    11.4399  33.145318    28.8283      8.765  278.21536  278.26362    -0.4401     3.2338 0.0000e+00
 131.411111      8.873    11.4409  33.143501    28.8286      8.794  278.21422  278.26259    -0.4401     3.2136 -9.990e-29
 131.411114      8.895    11.4402  33.144850    28.8281      8.816  278.21506  278.26334    -0.4401     3.2419 -9.990e-29
 131.411117      8.923    11.4393  33.144264    28.8284      8.843  278.22015  278.26838    -0.2845     3.2055 0.0000e+00
 131.411120      8.956    11.4371  33.143092    28.8286      8.875  278.23217  278.28025    -0.5179     3.4683 0.0000e+00
 131.411123      8.985    11.4337  33.141510    28.8297      8.904  278.25015  278.29799    -0.3778     3.4400 0.0000e+00
 131.411126      9.025    11.4306  33.143503    28.8341      8.944  278.26048  278.30805    -0.3778     3.5047 0.0000e+00
 131.411128      9.061    11.4300  33.144851    28.8347      8.980  278.26040  278.30792    -0.4401     3.4683 0.0000e+00
 131.411131      9.100    11.4307  33.144265    28.8347      9.018  278.25848  278.30606    -0.5179     3.4805 0.0000e+00
 131.411134      9.138    11.4295  33.141921    28.8334      9.056  278.26844  278.31595    -0.5335     3.6179 0.0000e+00
 131.411137      9.178    11.4269  33.139870    28.8334      9.096  278.28395  278.33129    -0.3934     3.6260 0.0000e+00
 131.411140      9.215    11.4232  33.142098    28.8384      9.132  278.29597  278.34300    -0.5024     3.5977 0.0000e+00
 131.411143      9.246    11.4211  33.142391    28.8397      9.163  278.30491  278.35178    -0.3778     3.6099 0.0000e+00
 131.411146      9.277    11.4201  33.140926    28.8400      9.194  278.31229  278.35909    -1.4051     3.4198 0.0000e+00
 131.411149      9.302    11.4191  33.141512    28.8397      9.219  278.31548  278.36220    -1.6385     3.4077 -9.990e-29
 131.411152      9.315    11.4184  33.141102    28.8411      9.231  278.31962  278.36629    -1.4362     3.4238 -9.990e-29
 131.411155      9.342    11.4178  33.141512    28.8420      9.259  278.32131  278.36793    -1.4206     3.4077 -9.990e-29
 131.411157      9.364    11.4174  33.140340    28.8408      9.280  278.32537  278.37198    -1.3117     3.3268 -9.990e-29
 131.411160      9.408    11.4170  33.139637    28.8411      9.324  278.32887  278.37545    -1.5140     3.2702 0.0000e+00
 131.411163      9.446    11.4164  33.139931    28.8415      9.361  278.33079  278.37733    -1.4829     3.2823 0.0000e+00
 131.411166      9.482    11.4167  33.141337    28.8425      9.398  278.32663  278.37318    -1.3273     3.2904 0.0000e+00
 131.411169      9.523    11.4174  33.141748    28.8425      9.437  278.32314  278.36972    -0.8448     2.9669 0.0000e+00
 131.411172      9.555    11.4174  33.140341    28.8425      9.470  278.32582  278.37242    -1.0160     2.9750 0.0000e+00
 131.411175      9.586    11.4172  33.143858    28.8429      9.500  278.32011  278.36666    -1.0004     3.0154 0.0000e+00
 131.411178      9.615    11.4178  33.143506    28.8447      9.529  278.31774  278.36434    -0.9070     2.9871 -9.990e-29
 131.411181      9.637    11.4191  33.143447    28.8427      9.551  278.31207  278.35877    -0.9381     2.9588 -9.990e-29
 131.411183      9.658    11.4196  33.143213    28.8421      9.571  278.31038  278.35712    -1.2027     3.2217 -9.990e-29
 131.411186      9.679    11.4196  33.141924    28.8439      9.593  278.31314  278.35989    -1.0782     3.1287 -9.990e-29
 131.411189      9.705    11.4191  33.144679    28.8411      9.618  278.31010  278.35678    -1.2339     3.1731 0.0000e+00
 131.411192      9.736    11.4195  33.139228    28.8405      9.649  278.31858  278.36536    -1.0938     3.1610 0.0000e+00
 131.411195      9.767    11.4186  33.140752    28.8404      9.680  278.31970  278.36639    -1.5763     3.4562 0.0000e+00
 131.411198      9.807    11.4178  33.140107    28.8405      9.720  278.32431  278.37095    -1.5918     3.5128 0.0000e+00
 131.411201      9.851    11.4171  33.142921    28.8431      9.763  278.32238  278.36894    -1.6385     3.4683 0.0000e+00
 131.411204      9.886    11.4174  33.142569    28.8431      9.797  278.32155  278.36813    -1.7786     3.4643 0.0000e+00
 131.411207      9.922    11.4176  33.141104    28.8416      9.833  278.32373  278.37034    -1.7631     3.2378 0.0000e+00
 131.411209      9.959    11.4173  33.137353    28.8400      9.869  278.33207  278.37870    -1.5296     3.2257 0.0000e+00
 131.411212      9.997    11.4159  33.138174    28.8400      9.907  278.33666  278.38318    -1.7319     3.2176 0.0000e+00
 131.411215     10.035    11.4142  33.137940    28.8411      9.945  278.34477  278.39116    -1.6074     3.2217 0.0000e+00
 131.411218     10.070    11.4130  33.137764    28.8414      9.980  278.35063  278.39692    -1.5140     3.7514 0.0000e+00
 131.411221     10.101    11.4128  33.137178    28.8419     10.010  278.35237  278.39866    -1.3739     3.7433 0.0000e+00
 131.411224     10.128    11.4134  33.138761    28.8420     10.037  278.34695  278.39327    -1.4051     3.7433 0.0000e+00
 131.411227     10.154    11.4135  33.139054    28.8425     10.063  278.34580  278.39213    -1.5140     3.7109 -9.990e-29
 131.411230     10.175    11.4134  33.139464    28.8431     10.084  278.34566  278.39197    -1.5607     3.7150 -9.990e-29
 131.411233     10.197    11.4144  33.140754    28.8412     10.106  278.33896  278.38533    -1.3117     3.5613 -9.990e-29
 131.411236     10.225    11.4151  33.138820    28.8412     10.133  278.33927  278.38572    -1.3895     3.5371 0.0000e+00
 131.411238     10.252    11.4150  33.141105    28.8412     10.160  278.33528  278.38169    -1.3584     3.5815 -9.990e-29
 131.411241     10.277    11.4158  33.143626    28.8429     10.185  278.32717  278.37362    -1.4518     3.5452 -9.990e-29
 131.411244     10.308    11.4170  33.142160    28.8420     10.216  278.32446  278.37102     0.6183     4.3741 0.0000e+00
 131.411247     10.336    11.4180  33.141105    28.8411     10.243  278.32220  278.36884     0.6027     4.3781 0.0000e+00
 131.411250     10.365    11.4177  33.140695    28.8409     10.272  278.32422  278.37085     0.6805     4.3701 0.0000e+00
 131.411253     10.396    11.4166  33.139523    28.8409     10.303  278.33135  278.37790     0.7272     4.3620 0.0000e+00
 131.411256     10.427    11.4155  33.140696    28.8421     10.334  278.33404  278.38050    -0.1444     3.9778 0.0000e+00
 131.411259     10.462    11.4154  33.140110    28.8421     10.368  278.33548  278.38194    -0.1444     3.9697 0.0000e+00
 131.411262     10.493    11.4150  33.139113    28.8417     10.399  278.33922  278.38566    -0.1755     3.9778 0.0000e+00
 131.411264     10.522    11.4148  33.139231    28.8414     10.428  278.33994  278.38636    -0.0666     3.9980 0.0000e+00
 131.411267     10.560    11.4142  33.137590    28.8417     10.466  278.34581  278.39221    -1.2494     3.6018 0.0000e+00
 131.411270     10.600    11.4135  33.140755    28.8435     10.505  278.34322  278.38953    -1.3428     3.5815 0.0000e+00
 131.411273     10.638    11.4137  33.140286    28.8442     10.543  278.34322  278.38955    -1.6230     3.6341 0.0000e+00
 131.411276     10.679    11.4145  33.142513    28.8435     10.583  278.33537  278.38173    -1.4673     3.5815 0.0000e+00
 131.411279     10.719    11.4155  33.140697    28.8425     10.623  278.33425  278.38072    -1.5452     3.5896 0.0000e+00
 131.411282     10.753    11.4150  33.138411    28.8409     10.657  278.34104  278.38749    -0.8448     3.6220 0.0000e+00
 131.411285     10.784    11.4136  33.137532    28.8409     10.688  278.34884  278.39519    -0.7825     3.5977 0.0000e+00
 131.411288     10.819    11.4125  33.139056    28.8427     10.722  278.35087  278.39712    -1.0160     3.6179 0.0000e+00
 131.411291     10.846    11.4122  33.138353    28.8427     10.749  278.35345  278.39968    -0.9848     3.6260 0.0000e+00
 131.411293     10.879    11.4124  33.137591    28.8425     10.782  278.35430  278.40056    -0.2845     3.9212 0.0000e+00
 131.411296     10.910    11.4125  33.138412    28.8420     10.812  278.35216  278.39842    -0.3000     3.9657 0.0000e+00
 131.411299     10.941    11.4118  33.137357    28.8425     10.843  278.35723  278.40345    -0.2845     3.9374 0.0000e+00
 131.411302     10.972    11.4112  33.139233    28.8432     10.874  278.35646  278.40261    -0.3778     3.9293 0.0000e+00
 131.411305     10.999    11.4111  33.139057    28.8443     10.901  278.35742  278.40356    -1.3428     3.6826 -9.990e-29
 131.411308     11.023    11.4114  33.142515    28.8473     10.924  278.34938  278.39550    -1.6385     3.6665 -9.990e-29
 131.411311     11.043    11.4137  33.144449    28.8473     10.944  278.33535  278.38163    -1.4206     3.6948 -9.990e-29
 131.411314     11.063    11.4161  33.140522    28.8417     10.964  278.33239  278.37890    -1.4206     3.6826 -9.990e-29
 131.411317     11.082    11.4163  33.138646    28.8397     10.982  278.33473  278.38128    -1.1716     3.7635 -9.990e-29
 131.411319     11.102    11.4156  33.141108    28.8427     11.002  278.33345  278.37992    -1.3273     3.8120 -9.990e-29
 131.411322     11.123    11.4150  33.141753    28.8404     11.024  278.33500  278.38141    -1.1249     3.7959 -9.990e-29
 131.411325     11.153    11.4149  33.138178    28.8411     11.053  278.34208  278.38853    -1.1716     3.7878 0.0000e+00
 131.411328     11.189    11.4146  33.139526    28.8414     11.089  278.34079  278.38719    -1.1249     3.7878 0.0000e+00
 131.411331     11.231    11.4141  33.138647    28.8419     11.131  278.34492  278.39130    -0.5490     3.9900 0.0000e+00
 131.411334     11.286    11.4128  33.138178    28.8418     11.185  278.35165  278.39794    -0.6891     3.9819 0.0000e+00
 131.411337     11.335    11.4114  33.136948    28.8418     11.234  278.36013  278.40632    -0.7047     3.9617 0.0000e+00
 131.411340     11.379    11.4102  33.133198    28.8418     11.277  278.37244  278.41860    -0.6736     3.9900 0.0000e+00
 131.411343     11.423    11.4094  33.135308    28.8418     11.321  278.37246  278.41852    -1.1094     3.1165 0.0000e+00
 131.411345     11.463    11.4087  33.136773    28.8437     11.361  278.37278  278.41876    -1.1716     3.1206 0.0000e+00
 131.411348     11.505    11.4084  33.137183    28.8443     11.402  278.37325  278.41922    -1.1405     3.1125 0.0000e+00
 131.411351     11.538    11.4086  33.137359    28.8443     11.435  278.37203  278.41800    -1.2183     3.0882 0.0000e+00
 131.411354     11.567    11.4090  33.138824    28.8443     11.464  278.36745  278.41344    -0.7514     3.5654 -9.990e-29
 131.411357     11.589    11.4098  33.139235    28.8452     11.486  278.36333  278.40937    -0.9070     3.5007 -9.990e-29
 131.411360     11.611    11.4107  33.138121    28.8434     11.507  278.36147  278.40760    -0.8292     3.5249 -9.990e-29
 131.411363     11.633    11.4108  33.138180    28.8434     11.529  278.36077  278.40690    -0.8292     3.5371 -9.990e-29
 131.411366     11.646    11.4105  33.137770    28.8432     11.542  278.36308  278.40919    -0.4401     3.8727 -9.990e-29
 131.411369     11.666    11.4102  33.138121    28.8437     11.562  278.36335  278.40944    -0.4401     3.8323 -9.990e-29
 131.411372     11.683    11.4100  33.138825    28.8446     11.578  278.36295  278.40902    -0.3467     3.8242 -9.990e-29
 131.411374     11.704    11.4102  33.137360    28.8430     11.600  278.36512  278.41122    -0.3156     3.8363 -9.990e-29
 131.411377     11.724    11.4105  33.139469    28.8448     11.619  278.35993  278.40602    -0.3778     3.8646 -9.990e-29
 131.411380     11.748    11.4109  33.139470    28.8445     11.643  278.35780  278.40393     0.3070     3.9697 -9.990e-29
 131.411383     11.779    11.4113  33.139763    28.8444     11.674  278.35575  278.40190     0.3848     3.9778 0.0000e+00
 131.411386     11.817    11.4116  33.139880    28.8443     11.711  278.35402  278.40020     0.2759     4.0142 0.0000e+00
 131.411389     11.861    11.4118  33.138356    28.8427     11.755  278.35602  278.40223     0.2914     3.9778 0.0000e+00
 131.411392     11.910    11.4115  33.137360    28.8419     11.804  278.35947  278.40566    -0.4090     4.1072 0.0000e+00
 131.411395     11.956    11.4108  33.136774    28.8419     11.849  278.36366  278.40982    -0.4712     4.0830 0.0000e+00
 131.411398     12.000    11.4103  33.136950    28.8424     11.892  278.36550  278.41162    -0.3311     4.1274 0.0000e+00
 131.411400     12.034    11.4094  33.136950    28.8431     11.927  278.36950  278.41555    -0.3778     4.0951 0.0000e+00
 131.411403     12.069    11.4092  33.138826    28.8431     11.961  278.36690  278.41290     0.8206     3.1651 0.0000e+00
 131.411406     12.100    11.4098  33.136951    28.8428     11.992  278.36771  278.41379     0.8517     3.1691 0.0000e+00
 131.411409     12.129    11.4098  33.136540    28.8424     12.021  278.36851  278.41459     0.7739     3.1651 0.0000e+00
 131.411412     12.157    11.4092  33.134958    28.8424     12.048  278.37427  278.42033     0.8517     3.1934 0.0000e+00
 131.411415     12.189    11.4081  33.135720    28.8429     12.080  278.37805  278.42401     0.2759     3.9617 0.0000e+00
 131.411418     12.220    11.4076  33.135896    28.8429     12.111  278.37988  278.42580     0.3537     3.9536 0.0000e+00
 131.411421     12.253    11.4072  33.134783    28.8435     12.143  278.38354  278.42944     0.4159     3.9697 0.0000e+00
 131.411424     12.280    11.4070  33.135486    28.8435     12.170  278.38345  278.42933     0.4626     4.0183 0.0000e+00
 131.411427     12.309    11.4074  33.136776    28.8440     12.199  278.37889  278.42479     0.3070     3.9657 0.0000e+00
 131.411429     12.338    11.4079  33.136776    28.8444     12.228  278.37708  278.42301     0.3537     3.5452 -9.990e-29
 131.411432     12.362    11.4079  33.136952    28.8442     12.252  278.37677  278.42269     0.3381     3.5209 -9.990e-29
 131.411435     12.386    11.4080  33.136952    28.8441     12.275  278.37617  278.42211     0.3226     3.5815 -9.990e-29
 131.411438     12.406    11.4080  33.137186    28.8443     12.295  278.37574  278.42168     0.1513     3.5452 -9.990e-29
 131.411441     12.431    11.4081  33.135897    28.8430     12.320  278.37789  278.42385     0.8829     4.0668 -9.990e-29
 131.411444     12.455    11.4080  33.134784    28.8446     12.343  278.38032  278.42629     0.8829     4.0547 -9.990e-29
 131.411447     12.488    11.4079  33.137362    28.8441     12.376  278.37608  278.42201     0.8050     4.0587 0.0000e+00
 131.411450     12.526    11.4084  33.136952    28.8446     12.414  278.37444  278.42041     0.6961     4.0385 0.0000e+00
 131.411453     12.559    11.4085  33.138183    28.8448     12.446  278.37153  278.41749     1.8945     4.1517 0.0000e+00
 131.411455     12.597    11.4088  33.138417    28.8448     12.484  278.36989  278.41587     1.8945     4.1517 0.0000e+00
 131.411458     12.641    11.4092  33.137773    28.8439     12.527  278.36961  278.41563     1.8478     4.1113 0.0000e+00
 131.411461     12.679    11.4091  33.135898    28.8436     12.565  278.37349  278.41953     1.8012     4.1072 0.0000e+00
