Processed/SBE19plus_01907321_2022_05_07_Cast65_wfilter.cnv
* Sea-Bird SBE19plus  Data File:
* FileName = E:\Prandtl Daten\2022\CTD\Raw\SBE19plus_01907321_2022_05_07_Cast65.hex
* Software version 2.6.1.12
* Temperature SN = 7321
* Conductivity SN = 7321
* System UpLoad Time = May 07 2022 09:44:39
* <ApplicationData>
* <Seaterm232>
** Messpraktikum 2022
** CTD 07.05 DB
** NMEA Latitude = 54 03.26 N
** NMEA Longitude = 008 43.70 E
# nquan = 11
# nvalues = 225                         
# units = specified
# name 0 = timeJ: Julian Days
# name 1 = prdM: Pressure, Strain Gauge [db]
# name 2 = tv290C: Temperature [ITS-90, deg C]
# name 3 = c0mS/cm: Conductivity [mS/cm]
# name 4 = sal00: Salinity, Practical [PSU]
# name 5 = depSM: Depth [salt water, m], lat = 54.00
# name 6 = oxsatMm/Kg: Oxygen Saturation, Weiss [umol/kg]
# name 7 = oxsolMm/Kg: Oxygen Saturation, Garcia & Gordon [umol/kg]
# name 8 = turbWETntu0: Turbidity, WET Labs ECO [NTU]
# name 9 = flECO-AFL: Fluorescence, WET Labs ECO-AFL/FL [mg/m^3]
# name 10 = flag:  0.000e+00
# span 0 = 127.400692, 127.401340       
# span 1 =      0.496,      4.744       
# span 2 =    12.9844,    13.1410       
# span 3 =  32.139426,  32.329867       
# span 4 =    26.7344,    26.8161       
# span 5 =      0.491,      4.702       
# span 6 =  272.17596,  273.18832       
# span 7 =  272.35066,  273.35485       
# span 8 =    14.2992,    45.1475       
# span 9 =     7.8193,    13.4157       
# span 10 = 0.0000e+00, 0.0000e+00      
# interval = seconds: 0.25
# start_time = May 07 2022 09:35:36 [Instrument's time stamp, header]
# bad_flag = -9.990e-29
*END*
 127.400692      0.496    13.0023  32.158940    26.7458      0.491  273.07754  273.24502    14.2992     7.8638 -9.990e-29
 127.400694      0.517    13.0034  32.159346    26.7454      0.513  273.07241  273.23995    14.8284     7.8557 -9.990e-29
 127.400697      0.537    13.0039  32.161141    26.7467      0.533  273.06674  273.23430    15.0307     7.8193 -9.990e-29
 127.400700      0.561    13.0050  32.166007    26.7523      0.556  273.05349  273.22107    14.8128     7.8355 -9.990e-29
 127.400703      0.589    13.0072  32.169830    26.7517      0.583  273.03699  273.20469    14.9373     7.8274 0.0000e+00
 127.400706      0.618    13.0099  32.170467    26.7510      0.612  273.02417  273.19203    14.4548     8.0983 0.0000e+00
 127.400709      0.651    13.0120  32.170525    26.7496      0.645  273.01490  273.18289    14.4237     8.0821 0.0000e+00
 127.400712      0.682    13.0136  32.170467    26.7485      0.675  273.00805  273.17614    14.3148     8.1226 0.0000e+00
 127.400715      0.711    13.0142  32.171046    26.7484      0.704  273.00452  273.17264    14.4548     8.0740 0.0000e+00
 127.400718      0.738    13.0147  32.172437    26.7485      0.732  272.99989  273.16803    14.9996     7.9002 -9.990e-29
 127.400720      0.762    13.0154  32.176087    26.7523      0.755  272.99035  273.15850    14.8128     7.8961 -9.990e-29
 127.400723      0.786    13.0170  32.175276    26.7504      0.779  272.98482  273.15308    14.8284     7.8921 -9.990e-29
 127.400726      0.809    13.0178  32.176318    26.7507      0.802  272.97921  273.14751    14.9996     7.9163 -9.990e-29
 127.400729      0.820    13.0187  32.175507    26.7494      0.813  272.97683  273.14520    14.8284     8.1064 -9.990e-29
 127.400732      0.840    13.0193  32.176492    26.7499      0.833  272.97258  273.14098    14.8906     8.0862 -9.990e-29
 127.400735      0.862    13.0200  32.176492    26.7455      0.854  272.96943  273.13787    14.8906     8.0821 -9.990e-29
 127.400738      0.888    13.0202  32.172437    26.7424      0.880  272.97590  273.14439    15.0307     8.0943 0.0000e+00
 127.400741      0.913    13.0184  32.164211    26.7398      0.905  272.99791  273.16636    14.8284     8.0902 0.0000e+00
 127.400744      0.946    13.0146  32.161952    26.7392      0.938  273.01868  273.18691    16.3226     8.2115 0.0000e+00
 127.400747      0.979    13.0107  32.154944    26.7388      0.970  273.04808  273.21612    16.3226     8.2115 0.0000e+00
 127.400749      1.005    13.0060  32.154308    26.7388      0.996  273.06981  273.23757    16.3226     8.2358 0.0000e+00
 127.400752      1.032    13.0023  32.152107    26.7388      1.023  273.08984  273.25739    16.2759     8.2034 0.0000e+00
 127.400755      1.061    12.9995  32.144579    26.7369      1.052  273.11572  273.28315    17.7700     8.4218 0.0000e+00
 127.400758      1.090    12.9954  32.148459    26.7344      1.081  273.12669  273.29383    17.9101     8.4016 -9.990e-29
 127.400761      1.112    12.9936  32.147880    26.7416      1.102  273.13596  273.30299    17.7700     8.4097 -9.990e-29
 127.400764      1.138    12.9926  32.149097    26.7434      1.128  273.13797  273.30493    17.8790     8.4258 -9.990e-29
 127.400767      1.154    12.9920  32.147475    26.7423      1.144  273.14367  273.31060    18.9840     8.8706 -9.990e-29
 127.400770      1.169    12.9914  32.142842    26.7385      1.158  273.15433  273.32127    19.0307     8.8585 -9.990e-29
 127.400773      1.187    12.9893  32.141800    26.7390      1.176  273.16536  273.33217    19.0930     8.8989 -9.990e-29
 127.400775      1.211    12.9873  32.139426    26.7424      1.200  273.17841  273.34511    18.9685     8.8423 -9.990e-29
 127.400778      1.240    12.9853  32.142496    26.7447      1.229  273.18193  273.34848    17.7545     8.3814 0.0000e+00
 127.400781      1.271    12.9844  32.146666    26.7469      1.260  273.17844  273.34490    17.7700     8.3571 0.0000e+00
 127.400784      1.297    12.9852  32.148866    26.7483      1.285  273.17112  273.33761    17.7700     8.3126 0.0000e+00
 127.400787      1.329    12.9867  32.151473    26.7496      1.318  273.15992  273.32648    17.8012     8.3530 0.0000e+00
 127.400790      1.357    12.9887  32.152921    26.7497      1.345  273.14884  273.31552    17.7545     8.3450 0.0000e+00
 127.400793      1.386    12.9902  32.155121    26.7501      1.374  273.13804  273.30479    18.0346     8.4501 0.0000e+00
 127.400796      1.413    12.9914  32.148287    26.7505      1.401  273.14495  273.31184    18.0969     8.3935 -9.990e-29
 127.400799      1.437    12.9908  32.146434    26.7421      1.424  273.15075  273.31761    18.1591     8.4380 -9.990e-29
 127.400802      1.461    12.9889  32.143423    26.7407      1.448  273.16459  273.33137    18.0813     8.4258 -9.990e-29
 127.400804      1.476    12.9869  32.142612    26.7413      1.462  273.17490  273.34155    21.6299     9.1779 -9.990e-29
 127.400807      1.496    12.9855  32.142207    26.7419      1.482  273.18164  273.34821    21.6611     9.1658 -9.990e-29
 127.400810      1.512    12.9848  32.142612    26.7428      1.499  273.18411  273.35063    21.7700     9.1901 -9.990e-29
 127.400813      1.538    12.9846  32.143018    26.7433      1.524  273.18405  273.35056    21.6611     9.1820 -9.990e-29
 127.400816      1.561    12.9847  32.140412    26.7458      1.547  273.18832  273.35485    23.9179     9.7562 -9.990e-29
 127.400819      1.589    12.9848  32.145856    26.7489      1.574  273.17848  273.34497    23.9023     9.7683 0.0000e+00
 127.400822      1.618    12.9859  32.153501    26.7520      1.603  273.16004  273.32653    23.9801     9.7602 0.0000e+00
 127.400825      1.647    12.9890  32.156107    26.7522      1.632  273.14218  273.30884    23.8556     9.7724 0.0000e+00
 127.400828      1.680    12.9923  32.166417    26.7593      1.665  273.10925  273.27604    24.1980     9.6430 0.0000e+00
 127.400830      1.705    12.9976  32.184203    26.7657      1.690  273.05501  273.22196    24.0891     9.6066 0.0000e+00
 127.400833      1.738    13.0060  32.204948    26.7720      1.723  272.98199  273.14928    24.2136     9.6106 -9.990e-29
 127.400836      1.762    13.0180  32.208424    26.7798      1.746  272.92304  273.09106    24.2292     9.6066 -9.990e-29
 127.400839      1.784    13.0292  32.212828    26.7760      1.768  272.86627  273.03496    24.2603     9.6389 -9.990e-29
 127.400842      1.804    13.0357  32.205582    26.7648      1.788  272.85044  273.01961    22.7194     9.5014 -9.990e-29
 127.400845      1.826    13.0368  32.203032    26.7616      1.809  272.84984  273.01910    22.6883     9.4772 -9.990e-29
 127.400848      1.840    13.0366  32.220942    26.7782      1.824  272.81951  272.98860    22.7817     9.4974 -9.990e-29
 127.400851      1.860    13.0432  32.255323    26.8051      1.843  272.73035  272.89955    22.7973     9.5095 -9.990e-29
 127.400854      1.889    13.0574  32.252886    26.7929      1.872  272.67259  272.84270    25.5988    10.5487 -9.990e-29
 127.400856      1.913    13.0678  32.266049    26.7853      1.896  272.60375  272.77440    25.8167    10.5932 -9.990e-29
 127.400859      1.944    13.0783  32.260771    26.7804      1.927  272.56708  272.73844    25.7856    10.5770 0.0000e+00
 127.400862      1.971    13.0822  32.253057    26.7755      1.954  272.56345  272.73513    25.7233    10.5730 0.0000e+00
 127.400865      1.999    13.0805  32.245345    26.7743      1.981  272.58451  272.75614    26.3926     9.9260 0.0000e+00
 127.400868      2.026    13.0765  32.247433    26.7743      2.008  272.59830  272.76967    26.4237     9.9705 0.0000e+00
 127.400871      2.057    13.0748  32.270515    26.7855      2.039  272.56567  272.73672    26.3770     9.9179 0.0000e+00
 127.400874      2.086    13.0802  32.271907    26.7967      2.068  272.53953  272.71091    26.3148     9.9341 -9.990e-29
 127.400877      2.110    13.0869  32.283043    26.7997      2.091  272.49071  272.66241    24.7739     9.9382 -9.990e-29
 127.400880      2.128    13.0935  32.282231    26.7943      2.109  272.46334  272.63546    24.7739    10.2697 -9.990e-29
 127.400883      2.145    13.0972  32.284145    26.7934      2.126  272.44388  272.61622    24.6338    10.2819 -9.990e-29
 127.400885      2.167    13.0988  32.284435    26.7926      2.147  272.43643  272.60886    24.6961    10.2899 -9.990e-29
 127.400888      2.183    13.1016  32.308977    26.8131      2.164  272.38105  272.55345    24.7117    10.2657 -9.990e-29
 127.400891      2.209    13.1123  32.320524    26.8161      2.189  272.31447  272.48743    24.6650    11.3009 -9.990e-29
 127.400894      2.234    13.1235  32.322554    26.8046      2.214  272.26193  272.43558    24.6961    11.2968 -9.990e-29
 127.400897      2.267    13.1305  32.321973    26.7992      2.247  272.23228  272.40637    24.7584    11.2887 0.0000e+00
 127.400900      2.295    13.1337  32.312688    26.8013      2.274  272.23452  272.40890    24.6961    11.3049 0.0000e+00
 127.400903      2.326    13.1325  32.319942    26.7947      2.305  272.22699  272.40123    27.9179    10.7064 0.0000e+00
 127.400906      2.353    13.1327  32.312862    26.7982      2.332  272.23868  272.41300    27.9957    10.6943 0.0000e+00
 127.400909      2.384    13.1327  32.316692    26.7965      2.363  272.23173  272.40601    27.7934    10.7064 0.0000e+00
 127.400911      2.411    13.1328  32.328648    26.7982      2.390  272.21064  272.38483    28.0113    10.6741 -9.990e-29
 127.400914      2.435    13.1363  32.326849    26.8049      2.413  272.19860  272.37302    26.6261    10.4881 -9.990e-29
 127.400917      2.461    13.1385  32.327951    26.8044      2.439  272.18722  272.36176    26.5794    10.5447 -9.990e-29
 127.400920      2.477    13.1396  32.329867    26.8054      2.455  272.17884  272.35343    26.6261    10.5690 -9.990e-29
 127.400923      2.492    13.1410  32.328067    26.8027      2.469  272.17596  272.35066    26.6572    10.5366 -9.990e-29
 127.400926      2.514    13.1409  32.326036    26.8009      2.491  272.17982  272.35454    26.7506    10.5083 -9.990e-29
 127.400929      2.534    13.1399  32.321567    26.7953      2.511  272.19203  272.36672    25.2564    11.3736 -9.990e-29
 127.400932      2.559    13.1377  32.317505    26.7949      2.536  272.20860  272.38319    25.1008    11.3413 0.0000e+00
 127.400935      2.588    13.1349  32.314429    26.7953      2.565  272.22630  272.40074    25.1319    11.3373 0.0000e+00
 127.400938      2.618    13.1323  32.316867    26.7964      2.594  272.23347  272.40773    25.0852    11.3494 0.0000e+00
 127.400940      2.649    13.1312  32.313676    26.7974      2.625  272.24410  272.41831    26.2525    10.2657 0.0000e+00
 127.400943      2.680    13.1299  32.312631    26.7964      2.656  272.25163  272.42577    26.1280    10.2657 -9.990e-29
 127.400946      2.703    13.1284  32.314256    26.7989      2.679  272.25515  272.42918    26.2369    10.2495 -9.990e-29
 127.400949      2.732    13.1280  32.313676    26.7986      2.708  272.25807  272.43208    26.2058    10.3183 -9.990e-29
 127.400952      2.756    13.1281  32.312690    26.7976      2.731  272.25917  272.43320    24.2759    10.2576 -9.990e-29
 127.400955      2.783    13.1277  32.311645    26.7970      2.758  272.26290  272.43691    24.2447    10.3061 -9.990e-29
 127.400958      2.800    13.1270  32.311645    26.7974      2.775  272.26576  272.43973    24.2292    10.2293 -9.990e-29
 127.400961      2.820    13.1264  32.310021    26.7963      2.795  272.27113  272.44508    24.1980    10.2414 -9.990e-29
 127.400964      2.836    13.1259  32.307351    26.7942      2.811  272.27799  272.45194    25.1319    10.7631 -9.990e-29
 127.400966      2.860    13.1244  32.296037    26.7850      2.834  272.30465  272.47859    25.2720    10.7631 -9.990e-29
 127.400969      2.884    13.1185  32.282172    26.7759      2.858  272.35441  272.52812    25.1786    10.8197 -9.990e-29
 127.400972      2.911    13.1089  32.274342    26.7790      2.885  272.41016  272.58332    25.1630    10.8116 0.0000e+00
 127.400975      2.942    13.1006  32.274749    26.7822      2.916  272.44587  272.61851    25.2408    10.7914 0.0000e+00
 127.400978      2.969    13.0954  32.275330    26.7863      2.943  272.46767  272.63997    25.1008    10.2778 0.0000e+00
 127.400981      2.998    13.0931  32.277187    26.7896      2.972  272.47426  272.64641    25.2875    10.3708 0.0000e+00
 127.400984      3.026    13.0925  32.276781    26.7897      2.999  272.47783  272.64995    25.2097    10.3627 0.0000e+00
 127.400987      3.057    13.0922  32.278115    26.7897      3.030  272.47680  272.64888    25.1630    10.3061 -9.990e-29
 127.400990      3.082    13.0921  32.223954    26.7415      3.055  272.57148  272.74405    24.6338    10.3506 -9.990e-29
 127.400992      3.106    13.0925  32.281248    26.7937      3.078  272.46979  272.64187    24.7584    10.3385 -9.990e-29
 127.400995      3.126    13.0938  32.281828    26.7934      3.098  272.46341  272.63556    24.6650    10.2940 -9.990e-29
 127.400998      3.146    13.0943  32.282466    26.7935      3.118  272.45978  272.63196    24.7272    10.3385 -9.990e-29
 127.401001      3.159    13.0948  32.282466    26.7932      3.131  272.45789  272.63010    25.9879    10.8844 -9.990e-29
 127.401004      3.181    13.0952  32.279391    26.7901      3.153  272.46136  272.63362    26.0035    10.8884 -9.990e-29
 127.401007      3.205    13.0942  32.274693    26.7865      3.176  272.47399  272.64623    26.0346    10.9005 -9.990e-29
 127.401010      3.230    13.0917  32.270285    26.7857      3.201  272.49276  272.66488    25.9568    10.8925 -9.990e-29
 127.401013      3.259    13.0885  32.269473    26.7871      3.230  272.50812  272.68005    27.4354    10.7307 0.0000e+00
 127.401016      3.288    13.0863  32.270692    26.7884      3.259  272.51583  272.68761    27.3887    10.7186 0.0000e+00
 127.401019      3.316    13.0856  32.271504    26.7891      3.286  272.51728  272.68901    27.3887    10.7307 0.0000e+00
 127.401021      3.347    13.0855  32.270924    26.7896      3.317  272.51863  272.69036    27.6066    10.7024 0.0000e+00
 127.401024      3.374    13.0852  32.273128    26.7891      3.344  272.51607  272.68776    27.3887    10.7307 0.0000e+00
 127.401027      3.407    13.0854  32.269300    26.7895      3.377  272.52213  272.69386    32.6027    10.6620 0.0000e+00
 127.401030      3.433    13.0845  32.262978    26.7877      3.402  272.53696  272.70870    32.5249    10.6498 -9.990e-29
 127.401033      3.451    13.0821  32.261413    26.7827      3.420  272.55014  272.72175    32.4626    10.6822 -9.990e-29
 127.401036      3.475    13.0791  32.259152    26.7828      3.444  272.56740  272.73883    32.5093    10.6822 -9.990e-29
 127.401039      3.490    13.0768  32.261008    26.7861      3.459  272.57430  272.74557    31.1552    11.3049 -9.990e-29
 127.401042      3.510    13.0759  32.255904    26.7821      3.478  272.58732  272.75858    31.3264    11.3089 -9.990e-29
 127.401045      3.531    13.0736  32.241350    26.7670      3.500  272.62253  272.79377    31.2798    11.2887 -9.990e-29
 127.401047      3.557    13.0669  32.232654    26.7705      3.525  272.66716  272.83806    31.2331    11.3089 0.0000e+00
 127.401050      3.586    13.0595  32.234452    26.7739      3.554  272.69666  272.86707    31.8401    11.4788 0.0000e+00
 127.401053      3.617    13.0556  32.240946    26.7804      3.585  272.70213  272.87224    31.6844    11.3898 0.0000e+00
 127.401056      3.643    13.0555  32.238511    26.7825      3.610  272.70703  272.87715    31.9490    11.3858 0.0000e+00
 127.401059      3.676    13.0561  32.243150    26.7842      3.643  272.69610  272.86623    31.6066    11.4020 0.0000e+00
 127.401062      3.703    13.0577  32.248252    26.7860      3.670  272.68025  272.85043    31.0774    10.8075 0.0000e+00
 127.401065      3.732    13.0603  32.249064    26.7878      3.699  272.66777  272.83811    31.1241    10.8601 -9.990e-29
 127.401068      3.756    13.0624  32.250282    26.7863      3.722  272.65617  272.82663    30.9529    10.8197 -9.990e-29
