Processed/SBE19plus_01907321_2022_05_05_Cast26_wfilter.cnv
* Sea-Bird SBE19plus  Data File:
* FileName = E:\Prandtl Daten\2022\CTD\Raw\SBE19plus_01907321_2022_05_05_Cast26.hex
* Software version 2.6.1.12
* Temperature SN = 7321
* Conductivity SN = 7321
* System UpLoad Time = May 05 2022 09:06:09
* <ApplicationData>
* <Seaterm232>
** Messpraktikum 2022
** CTD 05.05 NP2
# nquan = 11
# nvalues = 458                         
# units = specified
# name 0 = timeJ: Julian Days
# name 1 = prdM: Pressure, Strain Gauge [db]
# name 2 = tv290C: Temperature [ITS-90, deg C]
# name 3 = c0mS/cm: Conductivity [mS/cm]
# name 4 = sal00: Salinity, Practical [PSU]
# name 5 = depSM: Depth [salt water, m], lat = 54.00
# name 6 = oxsatMm/Kg: Oxygen Saturation, Weiss [umol/kg]
# name 7 = oxsolMm/Kg: Oxygen Saturation, Garcia & Gordon [umol/kg]
# name 8 = turbWETntu0: Turbidity, WET Labs ECO [NTU]
# name 9 = flECO-AFL: Fluorescence, WET Labs ECO-AFL/FL [mg/m^3]
# name 10 = flag:  0.000e+00
# span 0 = 125.375339, 125.376661       
# span 1 =      0.644,     11.302       
# span 2 =    11.5811,    12.0826       
# span 3 =  31.754515,  32.074924       
# span 4 =    27.2046,    27.5568       
# span 5 =      0.638,     11.200       
# span 6 =  277.53706,  280.08330       
# span 7 =  277.64557,  280.15796       
# span 8 =     5.7078,    32.0580       
# span 9 =     4.4024,    10.8722       
# span 10 = 0.0000e+00, 0.0000e+00      
# interval = seconds: 0.25
# start_time = May 05 2022 08:59:12 [Instrument's time stamp, header]
# bad_flag = -9.990e-29
*END*
[from data line 132]
 125.375720      3.795    11.8344  31.834301    27.2833      3.761  278.88828  278.98080    12.2914     6.5415 -9.990e-29
 125.375723      3.823    11.8294  31.833667    27.2833      3.789  278.91218  279.00436    12.3226     6.5132 0.0000e+00
 125.375726      3.852    11.8235  31.831129    27.2833      3.818  278.94372  279.03550    12.2603     6.4687 -9.990e-29
 125.375729      3.872    11.8165  31.820342    27.2801      3.838  278.99562  279.08703    12.2603     6.4808 -9.990e-29
 125.375732      3.889    11.8047  31.815786    27.2844      3.854  279.05771  279.14833    12.2759     6.4566 -9.990e-29
 125.375735      3.905    11.7921  31.815960    27.2939      3.870  279.11510  279.20483    11.2486     6.5213 -9.990e-29
 125.375738      3.929    11.7849  31.816538    27.2997      3.894  279.14684  279.23604    11.2798     6.5172 -9.990e-29
 125.375741      3.950    11.7818  31.815962    27.3014      3.915  279.16211  279.25110    11.3109     6.5415 -9.990e-29
 125.375744      3.968    11.7811  31.817173    27.3020      3.933  279.16303  279.25195    11.1864     6.5698 -9.990e-29
 125.375747      3.998    11.7822  31.816942    27.3017      3.962  279.15843  279.24744    11.0619     6.5132 0.0000e+00
 125.375749      4.025    11.7846  31.818154    27.3017      3.989  279.14516  279.23433    10.8284     6.5900 0.0000e+00
 125.375752      4.053    11.7881  31.819365    27.3014      4.016  279.12685  279.21625    10.6572     6.5819 -9.990e-29
 125.375755      4.075    11.7972  31.818556    27.2862      4.038  279.08706  279.17712    10.7973     6.5900 -9.990e-29
 125.375758      4.104    11.8057  31.818555    27.2862      4.068  279.04830  279.13896    10.7350     6.5900 0.0000e+00
 125.375761      4.131    11.8117  31.819766    27.2862      4.094  279.01863  279.10971    11.2642     6.4930 -9.990e-29
 125.375764      4.153    11.8177  31.820516    27.2793      4.116  278.99013  279.08162    11.2175     6.4768 -9.990e-29
 125.375767      4.172    11.8230  31.820919    27.2758      4.134  278.96542  279.05729    11.2175     6.4566 -9.990e-29
 125.375770      4.192    11.8262  31.819534    27.2722      4.154  278.95350  279.04560    11.3264     6.4647 -9.990e-29
 125.375773      4.205    11.8276  31.817342    27.2690      4.167  278.95096  279.04319    11.9801     6.6062 -9.990e-29
 125.375775      4.228    11.8244  31.813189    27.2675      4.190  278.97351  279.06556    12.0268     6.5981 -9.990e-29
 125.375778      4.248    11.8171  31.813190    27.2736      4.210  279.00664  279.09817    12.0113     6.5738 -9.990e-29
 125.375781      4.278    11.8116  31.809788    27.2759      4.240  279.03790  279.12908    11.9957     6.6021 0.0000e+00
 125.375784      4.303    11.8073  31.811403    27.2782      4.265  279.05447  279.14533    10.5949     6.7275 0.0000e+00
 125.375787      4.332    11.8056  31.813768    27.2805      4.294  279.05798  279.14869    10.4860     6.7437 0.0000e+00
 125.375790      4.364    11.8080  31.814345    27.2805      4.325  279.04589  279.13677    10.5638     6.7356 0.0000e+00
 125.375793      4.391    11.8118  31.815787    27.2791      4.352  279.02589  279.11702    10.5171     6.7235 0.0000e+00
 125.375796      4.425    11.8160  31.816479    27.2779      4.386  279.00570  279.09712    10.5482     6.7437 0.0000e+00
 125.375799      4.453    11.8202  31.816767    27.2767      4.413  278.98595  279.07766    11.2642     6.5375 -9.990e-29
 125.375802      4.478    11.8237  31.818324    27.2728      4.438  278.96730  279.05924    11.2331     6.5294 -9.990e-29
 125.375804      4.501    11.8257  31.818958    27.2718      4.461  278.95668  279.04876    11.1864     6.5213 -9.990e-29
 125.375807      4.522    11.8273  31.818324    27.2701      4.481  278.95093  279.04313    11.2642     6.5455 -9.990e-29
 125.375810      4.543    11.8288  31.818958    27.2696      4.503  278.94283  279.03513    12.7895     6.6911 -9.990e-29
 125.375813      4.558    11.8299  31.817747    27.2676      4.517  278.94004  279.03243    12.8206     6.6628 -9.990e-29
 125.375816      4.579    11.8301  31.813190    27.2631      4.538  278.94757  279.04002    12.8517     6.6749 -9.990e-29
 125.375819      4.598    11.8251  31.808172    27.2621      4.556  278.97993  279.07208    13.0074     6.6749 -9.990e-29
 125.375822      4.621    11.8146  31.799811    27.2618      4.580  279.04312  279.13462    13.6611     7.0308 -9.990e-29
 125.375825      4.650    11.7982  31.795834    27.2700      4.609  279.12499  279.21537    13.6299     7.0146 -9.990e-29
 125.375828      4.675    11.7820  31.794278    27.2866      4.634  279.20203  279.29128    13.6299     6.9944 -9.990e-29
 125.375830      4.703    11.7689  31.790704    27.2895      4.661  279.26800  279.35637    13.6611     6.9944 0.0000e+00
 125.375833      4.732    11.7582  31.788687    27.2925      4.690  279.32098  279.40860    14.0657     7.2734 0.0000e+00
 125.375836      4.759    11.7506  31.791456    27.2984      4.717  279.35022  279.43727    14.1124     7.2330 0.0000e+00
 125.375839      4.785    11.7485  31.787478    27.2996      4.742  279.36712  279.45406    14.1591     7.2127 0.0000e+00
 125.375842      4.811    11.7442  31.786498    27.2984      4.768  279.38851  279.47516    14.2525     7.2896 -9.990e-29
 125.375845      4.833    11.7400  31.785691    27.3030      4.790  279.40927  279.49563    14.1124     7.2491 -9.990e-29
 125.375848      4.847    11.7352  31.779926    27.3010      4.804  279.44211  279.52819    15.0152     7.6333 -9.990e-29
 125.375851      4.861    11.7270  31.779120    27.3062      4.817  279.48084  279.56635    15.0307     7.6454 -9.990e-29
 125.375854      4.877    11.7212  31.780331    27.3117      4.833  279.50540  279.59047    15.1397     7.6495 -9.990e-29
 125.375856      4.897    11.7185  31.778775    27.3102      4.853  279.52030  279.60520    14.9529     7.6252 -9.990e-29
 125.375859      4.928    11.7158  31.774566    27.3108      4.884  279.54079  279.62554    15.1708     7.6899 0.0000e+00
 125.375862      4.954    11.7096  31.771166    27.3115      4.910  279.57555  279.65989    15.1241     7.7101 0.0000e+00
 125.375865      4.987    11.7037  31.771570    27.3161      4.942  279.60130  279.68523    15.0307     7.6818 0.0000e+00
 125.375868      5.018    11.6982  31.769207    27.3179      4.973  279.63097  279.71452    15.1085     7.7142 0.0000e+00
 125.375871      5.045    11.6924  31.767593    27.3193      5.000  279.66049  279.74365    15.1241     7.1844 0.0000e+00
 125.375874      5.075    11.6870  31.766038    27.3206      5.029  279.68802  279.77081    15.1241     7.1602 -9.990e-29
 125.375877      5.097    11.6822  31.766038    27.3266      5.051  279.71011  279.79255    15.0307     7.2208 -9.990e-29
 125.375880      5.122    11.6793  31.767422    27.3301      5.076  279.72078  279.80300    15.1552     7.1602 -9.990e-29
 125.375883      5.142    11.6792  31.767192    27.3300      5.096  279.72185  279.80406    15.0930     7.4554 -9.990e-29
 125.375885      5.162    11.6797  31.767422    27.3298      5.116  279.71923  279.80147    15.1241     7.4473 -9.990e-29
 125.375888      5.179    11.6796  31.765635    27.3282      5.133  279.72290  279.80516    15.1085     7.4351 -9.990e-29
 125.375891      5.192    11.6788  31.764021    27.3272      5.145  279.72971  279.81193    15.0619     7.4634 -9.990e-29
 125.375894      5.210    11.6770  31.764252    27.3288      5.163  279.73749  279.81958    15.0307     7.4554 -9.990e-29
 125.375897      5.230    11.6748  31.764022    27.3301      5.183  279.74771  279.82965    14.3615     7.5160 -9.990e-29
 125.375900      5.261    11.6733  31.763618    27.3308      5.214  279.75542  279.83725    14.3303     7.5079 -9.990e-29
 125.375903      5.286    11.6714  31.762466    27.3322      5.239  279.76611  279.84782    14.2992     7.5322 -9.990e-29
 125.375906      5.312    11.6694  31.762063    27.3325      5.264  279.77634  279.85791    14.3303     7.5201 0.0000e+00
 125.375909      5.341    11.6677  31.761429    27.3329      5.293  279.78543  279.86688    15.6222     7.3704 0.0000e+00
 125.375911      5.372    11.6665  31.761833    27.3341      5.324  279.79006  279.87142    15.5755     7.3785 0.0000e+00
 125.375914      5.401    11.6659  31.762467    27.3344      5.353  279.79173  279.87304    15.5288     7.3785 0.0000e+00
 125.375917      5.428    11.6658  31.761660    27.3348      5.380  279.79357  279.87489    15.5755     7.3543 0.0000e+00
 125.375920      5.454    11.6652  31.758490    27.3344      5.405  279.80205  279.88336    14.9529     7.1561 -9.990e-29
 125.375923      5.476    11.6631  31.757279    27.3322      5.427  279.81411  279.89528    14.9529     7.1278 -9.990e-29
 125.375926      5.492    11.6589  31.756473    27.3345      5.443  279.83486  279.91574    14.9373     7.1238 -9.990e-29
 125.375929      5.514    11.6552  31.756704    27.3374      5.465  279.85115  279.93177    14.8906     7.1238 -9.990e-29
 125.375932      5.534    11.6528  31.755090    27.3377      5.484  279.86554  279.94599    15.3731     7.6697 -9.990e-29
 125.375935      5.552    11.6494  31.755494    27.3406      5.502  279.88025  279.96045    15.4198     7.6575 -9.990e-29
 125.375938      5.575    11.6471  31.755091    27.3439      5.526  279.89142  279.97147    15.3264     7.6414 -9.990e-29
 125.375940      5.606    11.6443  31.755091    27.3443      5.556  279.90406  279.98390    15.3576     7.6292 0.0000e+00
 125.375943      5.639    11.6424  31.754515    27.3448      5.589  279.91399  279.99370    15.2331     7.6454 0.0000e+00
 125.375946      5.668    11.6412  31.755899    27.3469      5.618  279.91677  279.99639    15.3576     7.2572 0.0000e+00
 125.375949      5.698    11.6408  31.756072    27.3471      5.647  279.91836  279.99794    15.3264     7.2491 0.0000e+00
 125.375952      5.725    11.6402  31.755899    27.3474      5.674  279.92154  280.00108    15.3576     7.2410 -9.990e-29
 125.375955      5.748    11.6399  31.756476    27.3485      5.696  279.92205  280.00156    15.4665     7.2572 -9.990e-29
 125.375958      5.770    11.6401  31.757283    27.3490      5.719  279.91929  279.99881    14.2369     6.9176 -9.990e-29
 125.375961      5.788    11.6404  31.756706    27.3483      5.737  279.91913  279.99867    14.1591     6.8973 -9.990e-29
 125.375964      5.805    11.6402  31.755669    27.3474      5.753  279.92203  280.00157    14.1591     6.9378 -9.990e-29
 125.375966      5.814    11.6386  31.756476    27.3493      5.762  279.92777  280.00719    14.1903     6.9620 -9.990e-29
 125.375969      5.836    11.6375  31.758090    27.3517      5.784  279.93012  280.00944    13.9101     7.2289 -9.990e-29
 125.375972      5.860    11.6365  31.758897    27.3532      5.807  279.93304  280.01227    13.9257     7.2491 -9.990e-29
 125.375975      5.883    11.6342  31.761261    27.3597      5.830  279.93902  280.01807    13.8634     7.2896 -9.990e-29
 125.375978      5.912    11.6319  31.762241    27.3623      5.860  279.94761  280.02648    13.8323     7.2289 0.0000e+00
 125.375981      5.940    11.6304  31.766450    27.3649      5.887  279.94698  280.02569    13.4432     6.9337 0.0000e+00
 125.375984      5.973    11.6292  31.773368    27.3723      5.919  279.93939  280.01793    13.4276     6.9135 0.0000e+00
 125.375987      5.998    11.6277  31.774579    27.3745      5.944  279.94375  280.02218    13.3654     6.9256 0.0000e+00
 125.375990      6.024    11.6264  31.777173    27.3780      5.970  279.94489  280.02319    13.2408     6.8812 0.0000e+00
 125.375992      6.049    11.6259  31.781152    27.3801      5.995  279.93965  280.01787    13.3809     6.9337 0.0000e+00
 125.375995      6.075    11.6255  31.786514    27.3821      6.020  279.93181  280.00994    13.1319     6.7437 -9.990e-29
 125.375998      6.097    11.6259  31.784957    27.3858      6.042  279.93286  280.01103    13.1786     6.7154 -9.990e-29
 125.376001      6.123    11.6266  31.777750    27.3784      6.068  279.94325  280.02155    13.3187     6.7356 -9.990e-29
 125.376004      6.145    11.6273  31.784957    27.3847      6.090  279.92628  280.00455    13.0541     6.7396 -9.990e-29
 125.376007      6.163    11.6277  31.790897    27.3901      6.107  279.91357  279.99181    11.6689     6.9580 -9.990e-29
 125.376010      6.179    11.6279  31.796086    27.3948      6.124  279.90259  279.98078    11.6533     6.9337 -9.990e-29
 125.376013      6.202    11.6279  31.803238    27.4043      6.147  279.88919  279.96730    11.8401     6.9297 -9.990e-29
 125.376016      6.228    11.6278  31.806006    27.4031      6.172  279.88465  279.96272    11.7311     6.9337 0.0000e+00
 125.376019      6.257    11.6275  31.803238    27.4031      6.201  279.89144  279.96951    12.3848     6.8084 0.0000e+00
 125.376021      6.283    11.6273  31.804045    27.4019      6.227  279.89057  279.96863    12.4938     6.7599 -9.990e-29
 125.376024      6.308    11.6273  31.809640    27.4072      6.252  279.88009  279.95809    12.5560     6.7962 -9.990e-29
 125.376027      6.338    11.6273  31.808602    27.4101      6.281  279.88238  279.96038    12.5560     6.8043 0.0000e+00
 125.376030      6.364    11.6271  31.814601    27.4101      6.307  279.87177  279.94969    12.9451     6.7396 0.0000e+00
 125.376033      6.393    11.6268  31.811832    27.4130      6.336  279.87856  279.95649    12.9762     6.7396 -9.990e-29
 125.376036      6.411    11.6265  31.815005    27.4138      6.354  279.87388  279.95175    12.9140     6.7599 -9.990e-29
 125.376039      6.430    11.6265  31.815005    27.4138      6.372  279.87389  279.95177    12.8829     6.7235 -9.990e-29
 125.376042      6.446    11.6262  31.818177    27.4170      6.389  279.86921  279.94703    12.9918     6.7315 -9.990e-29
 125.376045      6.463    11.6261  31.815005    27.4141      6.405  279.87581  279.95365    13.6922     7.6292 -9.990e-29
 125.376047      6.475    11.6263  31.816966    27.4203      6.417  279.87119  279.94903    13.5988     7.6656 -9.990e-29
 125.376050      6.500    11.6262  31.821581    27.4219      6.442  279.86318  279.94095    13.6922     7.6252 0.0000e+00
 125.376053      6.529    11.6256  31.824581    27.4235      6.471  279.86010  279.93779    13.7233     7.6373 0.0000e+00
 125.376056      6.559    11.6244  31.825158    27.4246      6.500  279.86438  279.94199    12.5249     7.2653 0.0000e+00
 125.376059      6.590    11.6237  31.824177    27.4250      6.531  279.86971  279.94727    12.4782     7.2370 0.0000e+00
 125.376062      6.623    11.6229  31.826139    27.4270      6.563  279.86951  279.94700    12.4938     7.2289 0.0000e+00
 125.376065      6.655    11.6224  31.827524    27.4286      6.596  279.86914  279.94658    12.5093     7.2734 0.0000e+00
 125.376068      6.683    11.6224  31.828735    27.4292      6.623  279.86720  279.94462    12.9140     6.3434 0.0000e+00
 125.376071      6.715    11.6217  31.829947    27.4298      6.655  279.86810  279.94545    12.8362     6.3312 -9.990e-29
 125.376073      6.737    11.6210  31.829543    27.4316      6.677  279.87202  279.94933    12.9762     6.3555 -9.990e-29
 125.376076      6.757    11.6205  31.828966    27.4314      6.697  279.87532  279.95260    12.8673     6.3353 -9.990e-29
 125.376079      6.769    11.6206  31.828563    27.4309      6.709  279.87546  279.95275    12.9607     6.6830 -9.990e-29
 125.376082      6.786    11.6211  31.828159    27.4302      6.725  279.87402  279.95135    12.8829     6.6668 -9.990e-29
 125.376085      6.804    11.6212  31.829313    27.4312      6.743  279.87156  279.94888    12.8673     6.6709 -9.990e-29
 125.376088      6.828    11.6202  31.829543    27.4321      6.767  279.87554  279.95280    12.8517     6.6790 -9.990e-29
 125.376091      6.850    11.6179  31.829140    27.4343      6.789  279.88702  279.96410    12.9140     6.6790 -9.990e-29
 125.376094      6.879    11.6164  31.828852    27.4347      6.818  279.89450  279.97148    12.0891     7.0065 0.0000e+00
