Processed/SBE19plus_01907321_2022_05_08_Cast84_wfilter.cnv
* Sea-Bird SBE19plus  Data File:
* FileName = E:\Prandtl Daten\2022\CTD\Raw\SBE19plus_01907321_2022_05_08_Cast84.hex
* Software version 2.6.1.12
* Temperature SN = 7321
* Conductivity SN = 7321
* System UpLoad Time = May 08 2022 11:20:46
* <ApplicationData>
* <Seaterm232>
** Messpraktikum 2022
** CTD 08.05 Schnitt5_2
** NMEA Latitude = 54 18 N
** NMEA Longitude = 008 56 E
# nquan = 11
# nvalues = 218                         
# units = specified
# name 0 = timeJ: Julian Days
# name 1 = prdM: Pressure, Strain Gauge [db]
# name 2 = tv290C: Temperature [ITS-90, deg C]
# name 3 = c0mS/cm: Conductivity [mS/cm]
# name 4 = sal00: Salinity, Practical [PSU]
# name 5 = depSM: Depth [salt water, m], lat = 54.00
# name 6 = oxsatMm/Kg: Oxygen Saturation, Weiss [umol/kg]
# name 7 = oxsolMm/Kg: Oxygen Saturation, Garcia & Gordon [umol/kg]
# name 8 = turbWETntu0: Turbidity, WET Labs ECO [NTU]
# name 9 = flECO-AFL: Fluorescence, WET Labs ECO-AFL/FL [mg/m^3]
# name 10 = flag:  0.000e+00
# span 0 = 128.469633, 128.470260       
# span 1 =      0.584,      5.838       
# span 2 =    12.5024,    12.8227       
# span 3 =  33.021143,  33.284180       
# span 4 =    27.8649,    27.9356       
# span 5 =      0.578,      5.786       
# span 6 =  271.89656,  273.73250       
# span 7 =  272.04174,  273.85891       
# span 8 =     0.3226,   160.8829       
# span 9 =     2.0086,    23.8725       
# span 10 = 0.0000e+00, 0.0000e+00      
# interval = seconds: 0.25
# start_time = May 08 2022 11:15:09 [Instrument's time stamp, header]
# bad_flag = -9.990e-29
*END*
 128.469633      0.584    12.8037  33.256348    27.9031      0.578  272.01592  272.16023     1.3654     2.0975 0.0000e+00
 128.469635      0.656    12.8014  33.251829    27.9031      0.650  272.03383  272.17804     1.1630     2.0652 0.0000e+00
 128.469638      0.751    12.7973  33.251537    27.9015      0.745  272.05205  272.19599     1.1008     2.0611 0.0000e+00
 128.469641      0.843    12.7943  33.247253    27.9015      0.836  272.07298  272.21675     1.0385     2.0652 0.0000e+00
 128.469644      0.913    12.7903  33.241973    27.9005      0.904  272.09936  272.24292     0.9451     2.0531 0.0000e+00
 128.469647      0.949    12.7861  33.245553    27.8995      0.941  272.11133  272.25457     0.9762     2.0733 -9.990e-29
 128.469650      0.938    12.7846  33.248722    27.9100      0.930  272.11222  272.25534     1.0852     2.0652 -9.990e-29
 128.469653      0.913    12.7861  33.247959    27.9082      0.905  272.10705  272.25028     1.1163     2.2795 -9.990e-29
 128.469656      0.886    12.7875  33.253299    27.9121      0.878  272.09142  272.23469     1.0852     2.2633 -9.990e-29
 128.469659      0.855    12.7902  33.256526    27.9131      0.847  272.07426  272.21767     1.1163     2.2633 -9.990e-29
 128.469661      0.827    12.7933  33.257113    27.9114      0.820  272.05990  272.20352     1.0541     2.2593 -9.990e-29
 128.469664      0.820    12.7957  33.256643    27.9092      0.813  272.05021  272.19399     1.6144     2.1299 -9.990e-29
 128.469667      0.827    12.7968  33.255762    27.9075      0.820  272.04681  272.19068     1.5054     2.1461 -9.990e-29
 128.469670      0.875    12.7968  33.256232    27.9090      0.867  272.04602  272.18988     1.6611     2.1501 -9.990e-29
 128.469673      0.950    12.7970  33.257524    27.9089      0.941  272.04317  272.18703     1.4743     2.1622 0.0000e+00
 128.469676      1.033    12.7973  33.257524    27.9088      1.024  272.04199  272.18586     1.7545     2.1784 0.0000e+00
 128.469679      1.101    12.7978  33.257289    27.9085      1.091  272.04028  272.18419     1.8945     2.1986 0.0000e+00
 128.469682      1.137    12.7980  33.257759    27.9082      1.127  272.03855  272.18247     1.8323     2.2027 -9.990e-29
 128.469685      1.154    12.7984  33.259402    27.9096      1.143  272.03380  272.17774     1.7389     2.2067 -9.990e-29
 128.469688      1.150    12.7993  33.257759    27.9075      1.140  272.03299  272.17700     1.3187     2.2471 -9.990e-29
 128.469690      1.141    12.7997  33.258580    27.9079      1.131  272.02968  272.17370     1.3031     2.2714 -9.990e-29
 128.469693      1.128    12.7998  33.258345    27.9077      1.118  272.02977  272.17381     1.3965     2.2876 -9.990e-29
 128.469696      1.113    12.7994  33.254355    27.9043      1.103  272.03866  272.18270     1.3031     2.2552 -9.990e-29
 128.469699      1.091    12.7976  33.248251    27.8999      1.082  272.05684  272.20083     1.3342     2.2471 -9.990e-29
 128.469702      1.053    12.7946  33.248545    27.9024      1.044  272.06960  272.21338     1.1163     2.1339 -9.990e-29
 128.469705      1.024    12.7913  33.249719    27.9059      1.015  272.08143  272.22499     1.0541     2.1420 -9.990e-29
 128.469708      1.031    12.7910  33.253768    27.9099      1.022  272.07584  272.21933     1.1786     2.0975 -9.990e-29
 128.469711      1.087    12.7915  33.253710    27.9065      1.078  272.07382  272.21734     1.1630     2.1622 -9.990e-29
 128.469714      1.188    12.7921  33.251010    27.9075      1.177  272.07586  272.21946     1.1163     2.2471 0.0000e+00
 128.469716      1.302    12.7921  33.253124    27.9084      1.291  272.07252  272.21609     1.0541     2.2552 0.0000e+00
 128.469719      1.419    12.7924  33.253711    27.9084      1.406  272.07001  272.21360     0.9918     2.2714 0.0000e+00
 128.469722      1.505    12.7931  33.253946    27.9085      1.491  272.06656  272.21020     1.1475     2.2714 0.0000e+00
 128.469725      1.552    12.7934  33.255178    27.9083      1.538  272.06318  272.20682     1.5366     2.3078 -9.990e-29
 128.469728      1.556    12.7938  33.255002    27.9088      1.542  272.06195  272.20562     1.6299     2.3118 -9.990e-29
 128.469731      1.531    12.7941  33.254943    27.9085      1.517  272.06049  272.20418     1.5677     2.3159 -9.990e-29
 128.469734      1.500    12.7946  33.255824    27.9090      1.486  272.05706  272.20077     1.5833     2.3321 -9.990e-29
 128.469737      1.488    12.7953  33.256528    27.9092      1.475  272.05271  272.19647     1.5833     2.2512 -9.990e-29
 128.469740      1.507    12.7961  33.257701    27.9074      1.493  272.04694  272.19074     1.6455     2.2108 -9.990e-29
 128.469742      1.565    12.7966  33.255765    27.9070      1.551  272.04823  272.19208     1.5054     2.1784 0.0000e+00
 128.469745      1.638    12.7966  33.255002    27.9074      1.624  272.04993  272.19379     1.4743     2.1744 0.0000e+00
 128.469748      1.702    12.7967  33.257702    27.9079      1.687  272.04459  272.18843     1.5988     2.1663 0.0000e+00
 128.469751      1.737    12.7968  33.257526    27.9091      1.721  272.04462  272.18846     1.4276     2.1824 -9.990e-29
 128.469754      1.744    12.7969  33.257291    27.9086      1.728  272.04442  272.18828     1.2875     2.2027 -9.990e-29
 128.469757      1.731    12.7968  33.258113    27.9094      1.716  272.04358  272.18742     1.3809     2.2391 -9.990e-29
 128.469760      1.707    12.7972  33.258582    27.9096      1.692  272.04088  272.18474     1.3654     2.1946 -9.990e-29
 128.469763      1.693    12.7982  33.259404    27.9096      1.678  272.03509  272.17901     0.8984     2.2269 -9.990e-29
 128.469766      1.704    12.7989  33.258523    27.9096      1.688  272.03386  272.17784     0.7739     2.1865 -9.990e-29
 128.469769      1.733    12.7995  33.260460    27.9074      1.717  272.02768  272.17168     0.7739     2.2067 0.0000e+00
 128.469771      1.767    12.8001  33.256117    27.9071      1.751  272.03289  272.17697     0.8206     2.2229 0.0000e+00
 128.469774      1.805    12.7989  33.257291    27.9061      1.789  272.03611  272.18009     0.7895     2.1420 0.0000e+00
 128.469777      1.831    12.7986  33.261106    27.9071      1.815  272.03063  272.17456     0.9607     2.1501 -9.990e-29
 128.469780      1.823    12.7991  33.258583    27.9081      1.807  272.03260  272.17659     0.8206     2.1339 -9.990e-29
 128.469783      1.798    12.7987  33.250601    27.9010      1.782  272.04852  272.19256     0.7895     2.1056 -9.990e-29
 128.469786      1.765    12.7964  33.251129    27.9032      1.749  272.05747  272.20135     0.9451     2.2310 -9.990e-29
 128.469789      1.745    12.7942  33.253536    27.9071      1.729  272.06280  272.20652     0.8829     2.1905 -9.990e-29
 128.469792      1.749    12.7933  33.260520    27.9143      1.733  272.05451  272.19809     0.8362     2.2027 -9.990e-29
 128.469795      1.787    12.7968  33.267798    27.9045      1.771  272.02622  272.16998     0.8206     2.1946 -9.990e-29
 128.469797      1.862    12.8021  33.257115    27.9031      1.845  272.02222  272.16643     0.7739     2.2027 0.0000e+00
 128.469800      1.949    12.8007  33.252949    27.9036      1.932  272.03582  272.17997     0.9762     2.1946 0.0000e+00
 128.469803      2.048    12.7964  33.251658    27.9036      2.030  272.05672  272.20060     0.8984     2.1865 0.0000e+00
 128.469806      2.133    12.7935  33.254124    27.9080      2.114  272.06512  272.20878     1.0696     2.2108 0.0000e+00
 128.469809      2.194    12.7924  33.254359    27.9090      2.174  272.06938  272.21297     1.0541     2.2108 0.0000e+00
 128.469812      2.237    12.7930  33.255004    27.9091      2.217  272.06580  272.20942     1.8790     2.3118 0.0000e+00
 128.469815      2.272    12.7939  33.256941    27.9092      2.252  272.05838  272.20205     1.8945     2.3078 -9.990e-29
 128.469818      2.292    12.7949  33.258115    27.9106      2.272  272.05199  272.19571     1.9257     2.3118 -9.990e-29
 128.469821      2.316    12.7959  33.258350    27.9101      2.295  272.04726  272.19105     1.7233     2.3199 -9.990e-29
 128.469823      2.336    12.7966  33.255004    27.9064      2.315  272.05008  272.19395     1.4743     2.1137 -9.990e-29
 128.469826      2.352    12.7963  33.256354    27.9080      2.331  272.04926  272.19309     1.6611     2.1663 -9.990e-29
 128.469829      2.361    12.7958  33.256648    27.9086      2.340  272.05092  272.19470     1.5833     2.1420 -9.990e-29
 128.469832      2.363    12.7955  33.257293    27.9094      2.342  272.05102  272.19478     1.6455     2.1299 -9.990e-29
 128.469835      2.356    12.7958  33.256120    27.9081      2.335  272.05184  272.19564     0.7584     2.0247 -9.990e-29
 128.469838      2.347    12.7961  33.257939    27.9095      2.326  272.04708  272.19088     0.5560     2.0086 -9.990e-29
 128.469841      2.329    12.7970  33.259113    27.9100      2.308  272.04129  272.18513     0.5716     2.0288 -9.990e-29
 128.469844      2.314    12.7979  33.260462    27.9106      2.293  272.03487  272.17877     0.5560     2.0086 -9.990e-29
 128.469847      2.304    12.7989  33.260462    27.9099      2.283  272.03084  272.17480     0.6961     2.0450 -9.990e-29
 128.469850      2.309    12.7994  33.257528    27.9068      2.288  272.03386  272.17788     0.4004     2.0854 -9.990e-29
 128.469852      2.323    12.7983  33.255004    27.9072      2.303  272.04265  272.18663     0.3226     2.1097 -9.990e-29
 128.469855      2.360    12.7966  33.255767    27.9085      2.339  272.04906  272.19291     0.3226     2.0814 0.0000e+00
 128.469858      2.414    12.7956  33.257704    27.9097      2.393  272.04971  272.19348     0.4471     2.0652 0.0000e+00
 128.469861      2.482    12.7961  33.258350    27.9099      2.460  272.04645  272.19024     1.0229     2.2310 0.0000e+00
 128.469864      2.550    12.7969  33.259818    27.9106      2.527  272.04050  272.18433     1.0385     2.2714 0.0000e+00
 128.469867      2.619    12.7981  33.261931    27.9106      2.596  272.03187  272.17576     1.2097     2.2755 0.0000e+00
 128.469870      2.679    12.7999  33.260346    27.9089      2.655  272.02666  272.17069     1.0385     2.2471 0.0000e+00
 128.469873      2.727    12.8001  33.259583    27.9081      2.703  272.02742  272.17146     0.8829     2.1258 0.0000e+00
 128.469876      2.763    12.7997  33.259348    27.9081      2.739  272.02940  272.17343     0.8984     2.1258 0.0000e+00
 128.469878      2.789    12.7997  33.259818    27.9081      2.764  272.02859  272.17261     0.8206     2.1420 -9.990e-29
 128.469881      2.807    12.7999  33.261285    27.9097      2.782  272.02540  272.16941     0.7739     2.1258 -9.990e-29
 128.469884      2.816    12.8004  33.263105    27.9110      2.791  272.01972  272.16376     1.0852     2.1339 -9.990e-29
 128.469887      2.823    12.8020  33.263574    27.9103      2.798  272.01209  272.15623     1.0541     2.1380 -9.990e-29
 128.469890      2.825    12.8029  33.262342    27.9084      2.800  272.01024  272.15445     1.0074     2.1137 -9.990e-29
 128.469893      2.825    12.8031  33.264455    27.9102      2.800  272.00559  272.14979     1.0852     2.1461 -9.990e-29
 128.469896      2.835    12.8038  33.263750    27.9091      2.809  272.00405  272.14831     1.0852     2.1461 -9.990e-29
 128.469899      2.829    12.8046  33.265452    27.9101      2.804  271.99733  272.14163     1.8478     2.1946 -9.990e-29
 128.469902      2.823    12.8059  33.264865    27.9086      2.798  271.99280  272.13718     1.8478     2.2067 -9.990e-29
 128.469905      2.818    12.8072  33.269150    27.9116      2.793  271.97967  272.12410     1.9257     2.1946 -9.990e-29
 128.469907      2.809    12.8089  33.271322    27.9124      2.784  271.96872  272.11324     1.8167     2.1905 -9.990e-29
 128.469910      2.802    12.8114  33.275489    27.9144      2.777  271.95054  272.09519     2.5171     2.0531 -9.990e-29
 128.469913      2.811    12.8149  33.275547    27.9119      2.786  271.93528  272.08016     2.5638     2.0854 -9.990e-29
 128.469916      2.836    12.8175  33.274902    27.9074      2.811  271.92530  272.07036     2.6883     2.0652 -9.990e-29
 128.469919      2.880    12.8184  33.273493    27.9078      2.854  271.92379  272.06893     2.5171     2.0450 0.0000e+00
 128.469922      2.935    12.8180  33.274080    27.9082      2.909  271.92434  272.06944     1.1319     2.1339 0.0000e+00
 128.469925      2.999    12.8175  33.274902    27.9085      2.972  271.92541  272.07047     1.1163     2.1622 0.0000e+00
 128.469928      3.063    12.8175  33.274080    27.9085      3.035  271.92659  272.07166     1.0385     2.1339 0.0000e+00
 128.469931      3.125    12.8172  33.273728    27.9085      3.097  271.92849  272.07355     1.0541     2.1420 0.0000e+00
 128.469933      3.185    12.8170  33.274316    27.9084      3.157  271.92873  272.07376     0.8984     2.1501 0.0000e+00
 128.469936      3.256    12.8170  33.272614    27.9087      3.227  271.93178  272.07683     0.7739     2.1461 0.0000e+00
 128.469939      3.314    12.8169  33.273905    27.9075      3.285  271.92985  272.07488     0.8517     2.1582 0.0000e+00
 128.469942      3.364    12.8164  33.271323    27.9077      3.334  271.93660  272.08162     0.8206     2.1501 0.0000e+00
 128.469945      3.395    12.8155  33.269327    27.9067      3.364  271.94385  272.08884     0.7739     2.1541 -9.990e-29
 128.469948      3.412    12.8142  33.268858    27.9060      3.381  271.95057  272.09547     1.5210     2.0652 -9.990e-29
 128.469951      3.406    12.8130  33.270912    27.9088      3.376  271.95189  272.09670     1.5521     2.0571 -9.990e-29
 128.469954      3.390    12.8126  33.271499    27.9096      3.359  271.95270  272.09747     1.6299     2.0975 -9.990e-29
 128.469957      3.370    12.8127  33.271969    27.9100      3.340  271.95124  272.09602     1.5833     2.0652 -9.990e-29
 128.469959      3.356    12.8132  33.271499    27.9092      3.326  271.95021  272.09501     2.8595     2.4938 -9.990e-29
 128.469962      3.345    12.8134  33.270912    27.9085      3.316  271.95031  272.09513     2.8906     2.5423 -9.990e-29
 128.469965      3.343    12.8133  33.272321    27.9099      3.314  271.94813  272.09294     2.9840     2.5221 -9.990e-29
 128.469968      3.358    12.8140  33.271792    27.9089      3.328  271.94629  272.09114     2.7817     2.4979 -9.990e-29
 128.469971      3.376    12.8138  33.271969    27.9092      3.346  271.94661  272.09145     1.0696     2.1824 -9.990e-29
 128.469974      3.394    12.8140  33.274493    27.9113      3.364  271.94124  272.08608     1.0541     2.1824 -9.990e-29
 128.469977      3.418    12.8152  33.276371    27.9122      3.388  271.93300  272.07789     0.9918     2.1946 -9.990e-29
 128.469980      3.440    12.8167  33.276489    27.9109      3.409  271.92600  272.07100     1.1630     2.1784 -9.990e-29
 128.469983      3.466    12.8183  33.277428    27.9101      3.435  271.91787  272.06295     0.8206     2.2755 0.0000e+00
 128.469986      3.495    12.8197  33.276782    27.9098      3.464  271.91284  272.05803     0.8517     2.2512 0.0000e+00
 128.469988      3.524    12.8203  33.277897    27.9093      3.493  271.90811  272.05333     0.7739     2.2431 0.0000e+00
 128.469991      3.559    12.8212  33.277839    27.9091      3.527  271.90452  272.04980     0.7272     2.2552 0.0000e+00
 128.469994      3.601    12.8214  33.275138    27.9076      3.569  271.90838  272.05370     0.8206     2.2552 0.0000e+00
 128.469997      3.645    12.8208  33.275960    27.9076      3.612  271.90943  272.05471     1.0852     2.2593 0.0000e+00
 128.470000      3.698    12.8205  33.277135    27.9089      3.665  271.90895  272.05419     1.1941     2.2552 0.0000e+00
 128.470003      3.741    12.8205  33.284180    27.9089      3.708  271.89656  272.04174     1.1475     2.2876 0.0000e+00
 128.470006      3.785    12.8227  33.265923    27.8985      3.751  271.91917  272.06466     0.9918     2.2471 0.0000e+00
 128.470009      3.823    12.8177  33.263752    27.8985      3.789  271.94468  272.08986     2.2214     2.3078 0.0000e+00
