Processed/SBE19plus_01907321_2022_05_10_Cast107_wfilter.cnv
* Sea-Bird SBE19plus  Data File:
* FileName = E:\Prandtl_Daten\2022\CTD\Raw\SBE19plus_01907321_2022_05_09_Cast107.hex
* Software version 2.6.1.12
* Temperature SN = 7321
* Conductivity SN = 7321
* System UpLoad Time = May 10 2022 08:20:34
* <ApplicationData>
* <Seaterm232>
** Messpraktikum 2022
** CTD 09.05  BE
** NMEA Latitude = 54 07 547N
** NMEA Longitude = 008 51 781E
# nquan = 11
# nvalues = 625                         
# units = specified
# name 0 = timeJ: Julian Days
# name 1 = prdM: Pressure, Strain Gauge [db]
# name 2 = tv290C: Temperature [ITS-90, deg C]
# name 3 = c0mS/cm: Conductivity [mS/cm]
# name 4 = sal00: Salinity, Practical [PSU]
# name 5 = depSM: Depth [salt water, m], lat = 54.00
# name 6 = oxsatMm/Kg: Oxygen Saturation, Weiss [umol/kg]
# name 7 = oxsolMm/Kg: Oxygen Saturation, Garcia & Gordon [umol/kg]
# name 8 = turbWETntu0: Turbidity, WET Labs ECO [NTU]
# name 9 = flECO-AFL: Fluorescence, WET Labs ECO-AFL/FL [mg/m^3]
# name 10 = flag:  0.000e+00
# span 0 = 130.342222, 130.344028       
# span 1 =      0.504,     15.685       
# span 2 =    13.7491,    13.8342       
# span 3 =  33.011293,  33.122764       
# span 4 =    26.9826,    27.0719       
# span 5 =      0.499,     15.544       
# span 6 =  267.84177,  268.30554       
# span 7 =  268.05215,  268.51289       
# span 8 =     4.2136,    13.1786       
# span 9 =     3.1934,     4.8068       
# span 10 = 0.0000e+00, 0.0000e+00      
# interval = seconds: 0.25
# start_time = May 10 2022 08:11:37 [Instrument's time stamp, header]
# bad_flag = -9.990e-29
*END*
[from data line 132]
 130.342604      3.657    13.7836  33.080073    27.0342      3.624  268.12358  268.33128     6.2836     4.2892 -9.990e-29
 130.342607      3.689    13.7847  33.080366    27.0328      3.656  268.11840  268.32616     6.2525     4.3337 0.0000e+00
 130.342610      3.722    13.7859  33.078258    27.0314      3.689  268.11663  268.32448     6.3926     4.3215 0.0000e+00
 130.342613      3.753    13.7859  33.074685    27.0298      3.720  268.12265  268.33054     6.3303     4.3094 0.0000e+00
 130.342616      3.783    13.7834  33.074510    27.0290      3.749  268.13364  268.34137     6.3770     4.2811 0.0000e+00
 130.342619      3.814    13.7815  33.075506    27.0298      3.779  268.14014  268.34775     5.9879     4.4105 -9.990e-29
 130.342622      3.835    13.7809  33.075330    27.0323      3.801  268.14296  268.35054     6.0502     4.4267 -9.990e-29
 130.342624      3.856    13.7806  33.074511    27.0317      3.821  268.14561  268.35317     6.0502     4.4509 -9.990e-29
 130.342627      3.879    13.7801  33.074686    27.0322      3.845  268.14752  268.35506     5.9879     4.4226 -9.990e-29
 130.342630      3.897    13.7796  33.074511    27.0324      3.863  268.14971  268.35722     6.0657     4.0668 -9.990e-29
 130.342633      3.914    13.7791  33.074101    27.0324      3.879  268.15292  268.36040     6.0502     4.0951 -9.990e-29
 130.342636      3.936    13.7783  33.073925    27.0328      3.901  268.15637  268.36380     5.9724     4.0344 -9.990e-29
 130.342639      3.960    13.7780  33.073691    27.0328      3.924  268.15803  268.36545     5.9101     4.0749 -9.990e-29
 130.342642      3.983    13.7776  33.073926    27.0342      3.948  268.15922  268.36662     6.0813     4.1274 -9.990e-29
 130.342645      4.014    13.7773  33.074746    27.0340      3.978  268.15943  268.36680     5.8945     4.1436 0.0000e+00
 130.342648      4.045    13.7773  33.074336    27.0341      4.009  268.16014  268.36751     6.0969     4.1032 0.0000e+00
 130.342650      4.082    13.7771  33.074512    27.0338      4.045  268.16050  268.36785     6.0813     4.1072 0.0000e+00
 130.342653      4.114    13.7768  33.073926    27.0339      4.078  268.16307  268.37041     6.8595     4.1800 0.0000e+00
 130.342656      4.140    13.7760  33.074102    27.0338      4.103  268.16593  268.37322     6.8751     4.1638 -9.990e-29
 130.342659      4.160    13.7748  33.075508    27.0366      4.123  268.16860  268.37581     6.7973     4.1396 -9.990e-29
 130.342662      4.173    13.7746  33.076211    27.0374      4.135  268.16837  268.37556     6.8595     4.2204 -9.990e-29
 130.342665      4.187    13.7741  33.074747    27.0364      4.150  268.17303  268.38021     6.7973     4.1881 -9.990e-29
 130.342668      4.196    13.7737  33.075918    27.0377      4.159  268.17264  268.37978     6.5327     4.2730 -9.990e-29
 130.342671      4.209    13.7738  33.076211    27.0379      4.172  268.17184  268.37898     6.5949     4.2447 -9.990e-29
 130.342674      4.228    13.7743  33.077675    27.0389      4.190  268.16719  268.37436     6.5638     4.2568 -9.990e-29
 130.342677      4.249    13.7756  33.079549    27.0379      4.211  268.15872  268.36594     6.5171     4.2568 -9.990e-29
 130.342679      4.279    13.7772  33.078905    27.0369      4.240  268.15292  268.36024     5.8634     4.1153 0.0000e+00
 130.342682      4.315    13.7783  33.077499    27.0359      4.277  268.15060  268.35800     5.8323     4.0991 0.0000e+00
 130.342685      4.353    13.7782  33.075801    27.0344      4.314  268.15410  268.36151     5.8478     4.1517 0.0000e+00
 130.342688      4.395    13.7767  33.074513    27.0344      4.356  268.16257  268.36990     5.7233     4.1072 0.0000e+00
 130.342691      4.432    13.7748  33.073342    27.0345      4.392  268.17272  268.37995     6.4860     4.1517 0.0000e+00
 130.342694      4.463    13.7728  33.073283    27.0346      4.423  268.18100  268.38811     6.5794     4.1113 -9.990e-29
 130.342697      4.478    13.7714  33.073928    27.0374      4.438  268.18589  268.39291     6.5794     4.1153 -9.990e-29
 130.342700      4.492    13.7710  33.073928    27.0377      4.452  268.18778  268.39477     6.5171     4.1355 -9.990e-29
 130.342703      4.503    13.7708  33.074514    27.0384      4.463  268.18774  268.39472     7.2175     4.1355 -9.990e-29
 130.342705      4.516    13.7712  33.075099    27.0386      4.475  268.18488  268.39188     7.2953     4.1315 -9.990e-29
 130.342708      4.530    13.7717  33.074514    27.0378      4.490  268.18399  268.39102     7.1864     4.1194 -9.990e-29
 130.342711      4.552    13.7719  33.075978    27.0388      4.512  268.18060  268.38763     7.3420     4.1234 -9.990e-29
 130.342714      4.581    13.7728  33.076505    27.0386      4.540  268.17597  268.38305     7.3420     4.1032 0.0000e+00
 130.342717      4.612    13.7734  33.076622    27.0385      4.571  268.17328  268.38040     6.6105     4.0466 0.0000e+00
 130.342720      4.651    13.7736  33.073694    27.0373      4.609  268.17729  268.38444     6.5794     4.0344 0.0000e+00
 130.342723      4.689    13.7723  33.074514    27.0373      4.647  268.18127  268.38834     6.5794     4.0830 0.0000e+00
 130.342726      4.725    13.7717  33.075803    27.0380      4.683  268.18163  268.38866     6.4548     4.0466 0.0000e+00
 130.342729      4.760    13.7727  33.075510    27.0388      4.717  268.17807  268.38515     7.2331     4.2649 -9.990e-29
 130.342731      4.776    13.7734  33.073050    27.0351      4.734  268.17907  268.38622     7.3264     4.3013 -9.990e-29
 130.342734      4.785    13.7728  33.073050    27.0356      4.743  268.18190  268.38901     7.2798     4.3256 -9.990e-29
 130.342737      4.796    13.7720  33.070708    27.0340      4.754  268.18899  268.39607     7.2331     4.2892 -9.990e-29
 130.342740      4.802    13.7710  33.071176    27.0351      4.759  268.19260  268.39962     5.9879     4.0587 -9.990e-29
 130.342743      4.813    13.7703  33.073285    27.0376      4.770  268.19220  268.39915     6.0502     4.0789 -9.990e-29
 130.342746      4.831    13.7708  33.072348    27.0344      4.788  268.19159  268.39858     6.0813     4.0749 -9.990e-29
 130.342749      4.859    13.7713  33.070591    27.0354      4.815  268.19236  268.39940     5.9879     4.0264 0.0000e+00
 130.342752      4.895    13.7709  33.072465    27.0359      4.851  268.19080  268.39781     7.4976     4.1719 0.0000e+00
 130.342755      4.935    13.7711  33.072114    27.0359      4.891  268.19079  268.39781     7.5599     4.1800 0.0000e+00
 130.342758      4.973    13.7714  33.072465    27.0359      4.929  268.18865  268.39569     7.4821     4.1638 0.0000e+00
 130.342760      5.014    13.7717  33.071119    27.0346      4.969  268.19000  268.39706     7.5910     4.1881 0.0000e+00
 130.342763      5.046    13.7717  33.070123    27.0341      5.001  268.19170  268.39876     7.5599     4.1638 0.0000e+00
 130.342766      5.072    13.7711  33.069128    27.0336      5.027  268.19590  268.40294     5.9568     4.1194 -9.990e-29
 130.342769      5.085    13.7703  33.069948    27.0345      5.039  268.19798  268.40496     6.0813     4.1234 -9.990e-29
 130.342772      5.096    13.7701  33.069948    27.0346      5.050  268.19861  268.40559     6.0502     4.1194 -9.990e-29
 130.342775      5.101    13.7699  33.069714    27.0345      5.056  268.19995  268.40692     6.0191     4.1436 -9.990e-29
 130.342778      5.108    13.7698  33.068777    27.0337      5.063  268.20185  268.40881     7.2175     4.0547 -9.990e-29
 130.342781      5.125    13.7691  33.069304    27.0361      5.079  268.20411  268.41103     7.3420     4.0304 -9.990e-29
 130.342784      5.150    13.7689  33.070768    27.0363      5.104  268.20229  268.40919     7.2953     4.0668 0.0000e+00
 130.342786      5.185    13.7694  33.071705    27.0363      5.139  268.19854  268.40546     7.2953     4.0830 0.0000e+00
 130.342789      5.227    13.7703  33.072056    27.0363      5.180  268.19420  268.40118     6.9840     4.1234 0.0000e+00
 130.342792      5.274    13.7709  33.070710    27.0346      5.227  268.19399  268.40101     7.0930     4.0991 0.0000e+00
 130.342795      5.316    13.7707  33.069714    27.0346      5.269  268.19663  268.40365     7.0930     4.1194 0.0000e+00
 130.342798      5.346    13.7703  33.071003    27.0346      5.298  268.19605  268.40303     7.0930     4.0991 0.0000e+00
 130.342801      5.373    13.7703  33.070359    27.0353      5.325  268.19746  268.40445     6.0191     4.0506 -9.990e-29
 130.342804      5.386    13.7703  33.069539    27.0340      5.338  268.19885  268.40584     6.1280     4.0304 -9.990e-29
 130.342807      5.393    13.7697  33.070593    27.0354      5.345  268.19959  268.40654     5.9879     4.0627 -9.990e-29
 130.342810      5.400    13.7695  33.069363    27.0343      5.352  268.20229  268.40924     6.0813     4.0344 -9.990e-29
 130.342813      5.402    13.7693  33.070769    27.0358      5.354  268.20087  268.40779     5.9879     4.0304 -9.990e-29
 130.342815      5.420    13.7696  33.070710    27.0355      5.372  268.19973  268.40667     5.8167     4.0061 -9.990e-29
 130.342818      5.439    13.7703  33.070769    27.0346      5.390  268.19650  268.40349     5.7856     3.9980 -9.990e-29
 130.342821      5.470    13.7704  33.070359    27.0344      5.421  268.19690  268.40389     5.7856     4.0061 0.0000e+00
 130.342824      5.504    13.7706  33.069949    27.0341      5.455  268.19698  268.40398     5.7700     3.9576 0.0000e+00
 130.342827      5.544    13.7698  33.068895    27.0341      5.495  268.20192  268.40888     6.7350     4.3660 0.0000e+00
 130.342830      5.579    13.7692  33.069130    27.0340      5.529  268.20405  268.41098     6.7194     4.3579 0.0000e+00
 130.342833      5.610    13.7689  33.069364    27.0343      5.560  268.20493  268.41185     6.7973     4.3620 -9.990e-29
 130.342836      5.634    13.7688  33.069540    27.0349      5.584  268.20528  268.41218     6.7973     4.3660 -9.990e-29
 130.342839      5.658    13.7688  33.068896    27.0344      5.607  268.20638  268.41329     6.7039     4.0789 -9.990e-29
 130.342841      5.681    13.7684  33.068134    27.0339      5.630  268.20924  268.41613     6.8906     4.0991 -9.990e-29
 130.342844      5.705    13.7680  33.069540    27.0355      5.654  268.20878  268.41563     6.8284     4.1274 -9.990e-29
 130.342847      5.725    13.7680  33.069130    27.0351      5.674  268.20916  268.41602     6.8440     4.1194 -9.990e-29
 130.342850      5.745    13.7683  33.011293    26.9826      5.694  268.30554  268.51289     6.7039     4.0587 -9.990e-29
 130.342853      5.756    13.7682  33.068896    27.0347      5.705  268.20895  268.41582     6.8751     4.0506 -9.990e-29
 130.342856      5.772    13.7681  33.068369    27.0343      5.721  268.21016  268.41703     6.7506     4.0385 -9.990e-29
 130.342859      5.791    13.7677  33.068252    27.0345      5.739  268.21194  268.41879     6.8595     4.0466 -9.990e-29
 130.342862      5.813    13.7676  33.068896    27.0343      5.761  268.21149  268.41833     6.8284     4.0668 -9.990e-29
 130.342865      5.838    13.7676  33.067959    27.0346      5.786  268.21309  268.41993     6.7506     4.3741 0.0000e+00
 130.342867      5.871    13.7672  33.068252    27.0348      5.818  268.21418  268.42100     6.8906     4.3781 0.0000e+00
 130.342870      5.906    13.7669  33.068721    27.0355      5.853  268.21498  268.42178     6.8595     4.3498 0.0000e+00
 130.342873      5.942    13.7671  33.069365    27.0359      5.889  268.21298  268.41978     6.8595     4.3862 0.0000e+00
 130.342876      5.982    13.7674  33.069717    27.0359      5.929  268.21116  268.41798     6.5171     4.2488 0.0000e+00
 130.342879      6.015    13.7680  33.070127    27.0360      5.961  268.20767  268.41452     6.5638     4.2407 0.0000e+00
 130.342882      6.040    13.7684  33.072059    27.0359      5.986  268.20286  268.40972     6.6572     4.2447 -9.990e-29
 130.342885      6.053    13.7695  33.070771    27.0354      5.999  268.20033  268.40727     6.5638     4.2326 -9.990e-29
 130.342888      6.059    13.7694  33.068780    27.0336      6.005  268.20400  268.41094     6.7661     4.0466 -9.990e-29
 130.342891      6.066    13.7682  33.067257    27.0332      6.012  268.21190  268.41878     6.7973     4.0708 -9.990e-29
 130.342894      6.075    13.7670  33.067667    27.0344      6.021  268.21623  268.42305     6.8595     4.0425 -9.990e-29
 130.342896      6.084    13.7661  33.068546    27.0356      6.030  268.21853  268.42528     6.8284     4.0749 -9.990e-29
 130.342899      6.114    13.7657  33.068078    27.0361      6.059  268.22090  268.42764     6.4082     4.1962 0.0000e+00
 130.342902      6.145    13.7653  33.068898    27.0366      6.090  268.22143  268.42813     6.4548     4.1760 0.0000e+00
 130.342905      6.188    13.7655  33.069952    27.0371      6.133  268.21874  268.42544     6.6261     4.1881 0.0000e+00
 130.342908      6.228    13.7659  33.069952    27.0371      6.173  268.21719  268.42392     6.6105     4.1598 0.0000e+00
 130.342911      6.272    13.7660  33.069542    27.0371      6.216  268.21760  268.42433     6.5794     4.1962 0.0000e+00
 130.342914      6.305    13.7655  33.069542    27.0369      6.249  268.21981  268.42652     6.5482     4.1113 0.0000e+00
 130.342917      6.336    13.7652  33.070596    27.0371      6.279  268.21900  268.42568     6.5638     4.1153 -9.990e-29
 130.342920      6.358    13.7655  33.070128    27.0376      6.301  268.21886  268.42556     6.5794     4.1234 -9.990e-29
 130.342922      6.374    13.7648  33.069952    27.0379      6.317  268.22199  268.42865     6.6572     4.0830 -9.990e-29
 130.342925      6.382    13.7640  33.070597    27.0390      6.325  268.22436  268.43097     6.5638     4.0466 -9.990e-29
 130.342928      6.385    13.7632  33.071358    27.0403      6.328  268.22653  268.43309     6.6572     4.0627 -9.990e-29
 130.342931      6.394    13.7632  33.071827    27.0407      6.337  268.22575  268.43230     6.5171     4.0223 -9.990e-29
 130.342934      6.409    13.7635  33.072881    27.0411      6.352  268.22242  268.42898     6.6261     4.0304 -9.990e-29
 130.342937      6.434    13.7638  33.072705    27.0414      6.377  268.22179  268.42837     5.9879     3.9900 0.0000e+00
 130.342940      6.462    13.7635  33.073291    27.0418      6.404  268.22207  268.42863     5.9412     3.9657 0.0000e+00
 130.342943      6.498    13.7635  33.074286    27.0424      6.440  268.22011  268.42666     6.0813     3.9980 0.0000e+00
 130.342946      6.536    13.7636  33.074111    27.0426      6.478  268.22011  268.42667     6.0191     3.9940 0.0000e+00
 130.342948      6.571    13.7633  33.075985    27.0434      6.512  268.21824  268.42476     5.0696     3.9374 0.0000e+00
 130.342951      6.602    13.7631  33.076922    27.0443      6.543  268.21762  268.42412     5.0074     3.9172 -9.990e-29
 130.342954      6.627    13.7632  33.077449    27.0457      6.568  268.21643  268.42294     5.0852     3.9212 -9.990e-29
 130.342957      6.651    13.7636  33.080143    27.0478      6.592  268.21003  268.41654     5.0696     3.9333 -9.990e-29
 130.342960      6.669    13.7635  33.081081    27.0488      6.610  268.20909  268.41559     5.0074     3.9253 -9.990e-29
 130.342963      6.682    13.7631  33.081432    27.0494      6.622  268.21008  268.41655     5.7856     3.7959 -9.990e-29
 130.342966      6.693    13.7628  33.083424    27.0514      6.633  268.20799  268.41442     5.8167     3.8039 -9.990e-29
 130.342969      6.704    13.7632  33.084536    27.0521      6.644  268.20456  268.41100     5.8634     3.7878 -9.990e-29
 130.342972      6.718    13.7637  33.084771    27.0520      6.658  268.20197  268.40845     5.8012     3.7716 -9.990e-29
 130.342975      6.742    13.7642  33.085005    27.0523      6.682  268.19940  268.40590     5.3498     3.6826 -9.990e-29
 130.342977      6.775    13.7647  33.086001    27.0525      6.714  268.19555  268.40207     5.3342     3.6826 0.0000e+00
