Processed/SBE19plus_01907321_2022_05_05_Cast36_wfilter.cnv
* Sea-Bird SBE19plus  Data File:
* FileName = E:\Prandtl Daten\2022\CTD\Raw\SBE19plus_01907321_2022_05_05_Cast36.hex
* Software version 2.6.1.12
* Temperature SN = 7321
* Conductivity SN = 7321
* System UpLoad Time = May 05 2022 13:09:53
* <ApplicationData>
* <Seaterm232>
** Messpraktikum 2022
** CTD 05.05 BW2
# nquan = 11
# nvalues = 624                         
# units = specified
# name 0 = timeJ: Julian Days
# name 1 = prdM: Pressure, Strain Gauge [db]
# name 2 = tv290C: Temperature [ITS-90, deg C]
# name 3 = c0mS/cm: Conductivity [mS/cm]
# name 4 = sal00: Salinity, Practical [PSU]
# name 5 = depSM: Depth [salt water, m], lat = 54.00
# name 6 = oxsatMm/Kg: Oxygen Saturation, Weiss [umol/kg]
# name 7 = oxsolMm/Kg: Oxygen Saturation, Garcia & Gordon [umol/kg]
# name 8 = turbWETntu0: Turbidity, WET Labs ECO [NTU]
# name 9 = flECO-AFL: Fluorescence, WET Labs ECO-AFL/FL [mg/m^3]
# name 10 = flag:  0.000e+00
# span 0 = 125.543194, 125.544997       
# span 1 =      0.607,     17.041       
# span 2 =    12.0157,    12.0776       
# span 3 =  31.611361,  32.354812       
# span 4 =    26.9335,    27.5973       
# span 5 =      0.602,     16.888       
# span 6 =  276.88973,  278.42769       
# span 7 =  276.99390,  278.53605       
# span 8 =    19.4976,    35.3576       
# span 9 =     7.1036,     9.8492       
# span 10 = 0.0000e+00, 0.0000e+00      
# interval = seconds: 0.25
# start_time = May 05 2022 13:00:30 [Instrument's time stamp, header]
# bad_flag = -9.990e-29
*END*
[from data line 394]
 125.544334     10.673    12.0701  32.152640    27.4076     10.578  277.24058  277.34621    21.7389     7.7101 0.0000e+00
 125.544337     10.710    12.0716  32.156868    27.4090     10.614  277.22626  277.33195    21.7856     7.7020 0.0000e+00
 125.544340     10.743    12.0725  32.160517    27.4117     10.647  277.21520  277.32091    21.7078     7.6414 0.0000e+00
 125.544343     10.778    12.0734  32.162313    27.4127     10.681  277.20817  277.31392    21.5521     7.6495 0.0000e+00
 125.544346     10.810    12.0737  32.162950    27.4131     10.714  277.20545  277.31122    21.6299     7.6373 0.0000e+00
 125.544349     10.838    12.0734  32.165557    27.4157     10.741  277.20195  277.30767    21.6766     7.6535 0.0000e+00
 125.544352     10.871    12.0734  32.176622    27.4262     10.773  277.18201  277.28760    22.0035     7.7829 0.0000e+00
 125.544355     10.900    12.0738  32.180678    27.4280     10.802  277.17271  277.27829    21.9568     7.7344 0.0000e+00
 125.544358     10.927    12.0743  32.183690    27.4297     10.829  277.16501  277.27060    21.8945     7.7708 -9.990e-29
 125.544361     10.951    12.0748  32.193599    27.4411     10.853  277.14467  277.25019    21.9879     7.7748 -9.990e-29
 125.544363     10.975    12.0755  32.199220    27.4459     10.876  277.13094  277.23644    23.6377     7.8395 -9.990e-29
 125.544366     11.000    12.0760  32.204088    27.4501     10.902  277.11984  277.22533    23.7311     7.8557 -9.990e-29
 125.544369     11.024    12.0768  32.207508    27.4539     10.925  277.11014  277.21565    23.7467     7.8395 -9.990e-29
 125.544372     11.053    12.0774  32.209130    27.4543     10.954  277.10468  277.21020    23.6533     7.8435 0.0000e+00
 125.544375     11.084    12.0774  32.209942    27.4539     10.985  277.10290  277.20842    23.6844     7.8355 0.0000e+00
 125.544378     11.117    12.0774  32.202060    27.4471     11.017  277.11736  277.22297    22.7817     7.6535 0.0000e+00
 125.544381     11.150    12.0770  32.189775    27.4358     11.050  277.14178  277.24749    22.7194     7.6454 0.0000e+00
 125.544384     11.179    12.0764  32.176854    27.4257     11.079  277.16829  277.27410    22.8595     7.6373 0.0000e+00
 125.544387     11.212    12.0754  32.177839    27.4257     11.111  277.17091  277.27663    22.5949     7.6131 0.0000e+00
 125.544389     11.243    12.0745  32.189891    27.4378     11.142  277.15292  277.25846    24.3226     8.0457 0.0000e+00
 125.544392     11.276    12.0743  32.203915    27.4445     11.175  277.12787  277.23325    24.1047     8.0376 0.0000e+00
 125.544395     11.303    12.0745  32.208552    27.4511     11.202  277.11877  277.22410    24.2292     8.0336 -9.990e-29
 125.544398     11.328    12.0750  32.209943    27.4562     11.227  277.11373  277.21909    24.2759     7.9932 -9.990e-29
 125.544401     11.345    12.0753  32.211160    27.4572     11.243  277.11057  277.21593    24.3226     8.1832 -9.990e-29
 125.544404     11.365    12.0754  32.211972    27.4579     11.263  277.10847  277.21383    24.3537     8.1509 -9.990e-29
 125.544407     11.387    12.0753  32.197425    27.4419     11.285  277.13577  277.24127    24.6027     8.1670 -9.990e-29
 125.544410     11.418    12.0747  32.194470    27.4379     11.316  277.14371  277.24921    24.4159     8.2115 0.0000e+00
 125.544413     11.449    12.0739  32.185488    27.4339     11.346  277.16364  277.26919    21.1630     7.9325 0.0000e+00
 125.544416     11.483    12.0733  32.168571    27.4184     11.381  277.19749  277.30318    21.2720     7.8840 0.0000e+00
 125.544418     11.517    12.0722  32.164516    27.4154     11.413  277.20997  277.31562    21.4432     7.9123 0.0000e+00
 125.544421     11.547    12.0711  32.153221    27.4056     11.444  277.23572  277.34141    21.3654     7.8880 0.0000e+00
 125.544424     11.580    12.0700  32.147604    27.4011     11.476  277.25075  277.35643    21.3498     7.8840 0.0000e+00
 125.544427     11.613    12.0694  32.142739    27.3981     11.509  277.26252  277.36820    21.3809     8.0296 0.0000e+00
 125.544430     11.644    12.0688  32.143550    27.3969     11.540  277.26388  277.36951    21.3809     8.0296 0.0000e+00
 125.544433     11.673    12.0688  32.141060    27.3958     11.569  277.26846  277.37412    21.4276     8.0174 0.0000e+00
 125.544436     11.699    12.0689  32.137296    27.3940     11.594  277.27475  277.38046    21.3498     8.0538 0.0000e+00
 125.544439     11.724    12.0694  32.135906    27.3921     11.619  277.27512  277.38088    21.8634     7.9689 -9.990e-29
 125.544442     11.745    12.0699  32.134690    27.3889     11.640  277.27485  277.38066    21.8478     7.9527 -9.990e-29
 125.544444     11.768    12.0702  32.138512    27.3923     11.663  277.26692  277.37270    21.6299     7.9729 -9.990e-29
 125.544447     11.792    12.0708  32.145983    27.4053     11.687  277.25041  277.35616    21.5521     7.9487 -9.990e-29
 125.544450     11.818    12.0717  32.153454    27.4071     11.712  277.23265  277.33838    23.1085     8.3167 0.0000e+00
 125.544453     11.849    12.0729  32.158261    27.4089     11.743  277.21852  277.32429    23.2642     8.3045 0.0000e+00
 125.544456     11.878    12.0736  32.173728    27.4229     11.772  277.18674  277.29240    23.0307     8.2924 0.0000e+00
 125.544459     11.909    12.0746  32.177031    27.4229     11.802  277.17663  277.28231    23.3576     8.3086 0.0000e+00
 125.544462     11.944    12.0753  32.171816    27.4199     11.837  277.18307  277.28886    24.4938     8.1670 0.0000e+00
 125.544465     11.976    12.0751  32.169383    27.4185     11.869  277.18818  277.29398    24.5249     8.1509 0.0000e+00
 125.544468     12.013    12.0747  32.169963    27.4185     11.905  277.18903  277.29479    24.4782     8.1509 0.0000e+00
 125.544470     12.044    12.0742  32.180449    27.4237     11.936  277.17203  277.27765    24.4626     8.1630 0.0000e+00
 125.544473     12.075    12.0739  32.192154    27.4288     11.967  277.15217  277.25764    24.4626     8.1509 -9.990e-29
 125.544476     12.095    12.0736  32.193545    27.4415     11.986  277.15058  277.25602    22.9685     8.1023 -9.990e-29
 125.544479     12.120    12.0736  32.193197    27.4388     12.012  277.15123  277.25668    23.1552     8.1064 -9.990e-29
 125.544482     12.146    12.0737  32.190763    27.4372     12.037  277.15540  277.26087    22.9373     8.0983 0.0000e+00
 125.544485     12.173    12.0735  32.187345    27.4357     12.064  277.16262  277.26812    22.9062     8.1023 0.0000e+00
 125.544488     12.200    12.0732  32.176626    27.4258     12.091  277.18354  277.28913    22.9840     8.0417 0.0000e+00
 125.544491     12.228    12.0726  32.164345    27.4147     12.118  277.20889  277.31457    22.9996     8.0376 0.0000e+00
 125.544494     12.261    12.0716  32.157278    27.4122     12.151  277.22657  277.33226    23.1241     8.0417 0.0000e+00
 125.544497     12.295    12.0706  32.160117    27.4122     12.185  277.22579  277.33138    22.9840     8.0255 0.0000e+00
 125.544499     12.326    12.0704  32.163534    27.4156     12.216  277.22049  277.32602    24.4159     8.1630 0.0000e+00
 125.544502     12.361    12.0704  32.169791    27.4214     12.250  277.20905  277.31451    24.4626     8.1468 0.0000e+00
 125.544505     12.390    12.0707  32.171587    27.4224     12.279  277.20420  277.30968    24.4782     8.1751 0.0000e+00
 125.544508     12.427    12.0711  32.171413    27.4226     12.315  277.20298  277.30848    24.4315     8.1832 0.0000e+00
 125.544511     12.461    12.0713  32.175816    27.4224     12.350  277.19399  277.29946    26.4237     8.3490 -9.990e-29
 125.544514     12.485    12.0714  32.182305    27.4324     12.373  277.18149  277.28689    26.4082     8.3733 -9.990e-29
 125.544517     12.512    12.0716  32.189780    27.4394     12.400  277.16718  277.27251    26.4393     8.3490 -9.990e-29
 125.544520     12.534    12.0720  32.204905    27.4616     12.422  277.13759  277.24279    26.5015     8.3814 -9.990e-29
 125.544523     12.560    12.0722  32.213946    27.4710     12.447  277.11978  277.22491    26.4237     8.3773 0.0000e+00
 125.544525     12.587    12.0723  32.233830    27.4803     12.475  277.08305  277.18797    25.1941     8.3490 0.0000e+00
 125.544528     12.618    12.0727  32.238062    27.4840     12.505  277.07375  277.17865    25.1319     8.3490 0.0000e+00
 125.544531     12.648    12.0729  32.245542    27.4909     12.534  277.05912  277.16395    25.3031     8.3692 0.0000e+00
 125.544534     12.682    12.0730  32.245948    27.4909     12.569  277.05778  277.16261    25.1786     8.3490 0.0000e+00
 125.544537     12.713    12.0731  32.241309    27.4867     12.599  277.06598  277.17088    24.9140     8.2277 0.0000e+00
 125.544540     12.742    12.0732  32.235859    27.4819     12.628  277.07568  277.18063    25.1475     8.2277 0.0000e+00
 125.544543     12.773    12.0734  32.236439    27.4815     12.659  277.07370  277.17866    25.1008     8.2600 0.0000e+00
 125.544546     12.801    12.0732  32.233193    27.4789     12.686  277.08029  277.18528    24.8984     8.2236 0.0000e+00
 125.544549     12.828    12.0731  32.228729    27.4768     12.713  277.08912  277.19414    24.4004     8.2398 0.0000e+00
 125.544552     12.853    12.0729  32.225135    27.4748     12.738  277.09635  277.20140    24.3537     8.2358 -9.990e-29
 125.544554     12.877    12.0729  32.229541    27.4757     12.762  277.08829  277.19330    24.4938     8.2398 -9.990e-29
 125.544557     12.899    12.0731  32.234179    27.4825     12.783  277.07918  277.18415    24.5093     8.2358 -9.990e-29
 125.544560     12.925    12.0733  32.237019    27.4841     12.809  277.07305  277.17800    25.6922     8.2075 0.0000e+00
 125.544563     12.956    12.0735  32.240498    27.4856     12.840  277.06576  277.17069    25.8323     8.2358 0.0000e+00
 125.544566     12.983    12.0737  32.242702    27.4875     12.867  277.06080  277.16572    25.6299     8.2439 0.0000e+00
 125.544569     13.020    12.0740  32.245543    27.4899     12.903  277.05436  277.15927    25.7233     8.2196 0.0000e+00
 125.544572     13.053    12.0741  32.248558    27.4927     12.936  277.04855  277.15343    25.6922     8.2600 0.0000e+00
 125.544575     13.095    12.0740  32.249776    27.4939     12.977  277.04666  277.15152    26.1903     8.5027 0.0000e+00
 125.544578     13.133    12.0741  32.255865    27.4996     13.015  277.03521  277.14002    26.1903     8.4703 0.0000e+00
 125.544580     13.168    12.0741  32.257431    27.5011     13.050  277.03237  277.13716    26.3303     8.4905 0.0000e+00
 125.544583     13.197    12.0739  32.261317    27.5048     13.078  277.02590  277.13063    26.3148     8.4865 0.0000e+00
 125.544586     13.230    12.0739  32.268219    27.5081     13.111  277.01359  277.11824    28.4471     8.6199 0.0000e+00
 125.544589     13.257    12.0737  32.271467    27.5114     13.138  277.00828  277.11289    28.4004     8.6199 -9.990e-29
 125.544592     13.279    12.0736  32.275063    27.5179     13.160  277.00202  277.10659    28.3226     8.6240 -9.990e-29
 125.544595     13.302    12.0735  32.283590    27.5261     13.183  276.98704  277.09151    28.3692     8.6240 -9.990e-29
 125.544598     13.317    12.0734  32.296818    27.5386     13.198  276.96313  277.06745    28.2759     8.1670 -9.990e-29
 125.544601     13.341    12.0731  32.302446    27.5454     13.221  276.95440  277.05863    28.1980     8.1832 -9.990e-29
 125.544604     13.368    12.0732  32.303839    27.5462     13.248  276.95155  277.05578    28.0891     8.1509 0.0000e+00
 125.544606     13.396    12.0732  32.305464    27.5456     13.276  276.94828  277.05249    28.1669     8.1792 0.0000e+00
 125.544609     13.428    12.0736  32.304477    27.5469     13.308  276.94823  277.05249    25.1941     8.1185 0.0000e+00
 125.544612     13.461    12.0740  32.307495    27.5478     13.340  276.94116  277.04541    25.3498     8.1387 0.0000e+00
 125.544615     13.492    12.0742  32.307205    27.5478     13.371  276.94077  277.04504    25.1941     8.1509 0.0000e+00
 125.544618     13.527    12.0748  32.306276    27.5464     13.405  276.93968  277.04400    25.1941     8.1711 0.0000e+00
 125.544621     13.563    12.0756  32.306102    27.5464     13.442  276.93658  277.04096    25.1630     8.1549 0.0000e+00
 125.544624     13.593    12.0761  32.308133    27.5457     13.471  276.93069  277.03508    26.7973     8.3611 0.0000e+00
 125.544627     13.622    12.0767  32.306683    27.5463     13.500  276.93086  277.03530    26.5638     8.3530 0.0000e+00
 125.544630     13.651    12.0769  32.309526    27.5454     13.529  276.92442  277.02885    26.6572     8.3733 -9.990e-29
 125.544633     13.675    12.0770  32.311093    27.5493     13.552  276.92125  277.02567    26.5482     8.3490 -9.990e-29
 125.544635     13.697    12.0771  32.311789    27.5524     13.574  276.91968  277.02410    26.0657     8.3167 -9.990e-29
 125.544638     13.726    12.0772  32.314575    27.5526     13.603  276.91397  277.01837    26.0657     8.2560 0.0000e+00
 125.544641     13.759    12.0771  32.314981    27.5528     13.635  276.91356  277.01795    26.1124     8.3167 0.0000e+00
 125.544644     13.792    12.0774  32.317012    27.5546     13.668  276.90893  277.01331    26.1903     8.3086 0.0000e+00
 125.544647     13.825    12.0774  32.318870    27.5563     13.701  276.90523  277.00960    26.9996     8.2883 0.0000e+00
 125.544650     13.863    12.0773  32.318812    27.5563     13.739  276.90599  277.01035    26.8906     8.2883 0.0000e+00
 125.544653     13.896    12.0775  32.319857    27.5571     13.771  276.90316  277.00752    26.9218     8.2964 0.0000e+00
 125.544656     13.932    12.0776  32.320263    27.5575     13.808  276.90213  277.00649    27.0463     8.2883 0.0000e+00
 125.544659     13.969    12.0773  32.320263    27.5577     13.844  276.90341  277.00775    28.0891     8.5633 0.0000e+00
 125.544661     13.998    12.0773  32.322294    27.5596     13.873  276.89971  277.00403    28.1669     8.5471 0.0000e+00
 125.544664     14.025    12.0774  32.323920    27.5603     13.900  276.89644  277.00074    28.1513     8.5512 0.0000e+00
 125.544667     14.051    12.0772  32.324790    27.5610     13.925  276.89548  276.99977    28.1513     8.5310 -9.990e-29
 125.544670     14.074    12.0772  32.325139    27.5623     13.948  276.89486  276.99915    28.1047     8.5310 -9.990e-29
 125.544673     14.093    12.0769  32.326996    27.5642     13.966  276.89273  276.99697    27.6533     8.3975 -9.990e-29
 125.544676     14.109    12.0767  32.327983    27.5675     13.983  276.89187  276.99609    27.6222     8.4097 -9.990e-29
 125.544679     14.138    12.0764  32.330014    27.5678     14.011  276.88973  276.99390    27.6689     8.4137 0.0000e+00
 125.544682     14.165    12.0760  32.330421    27.5681     14.038  276.89057  276.99471    27.6066     8.4016 0.0000e+00
 125.544685     14.198    12.0755  32.331176    27.5683     14.071  276.89140  276.99550    27.9957     8.4986 0.0000e+00
 125.544687     14.237    12.0751  32.330015    27.5683     14.109  276.89543  276.99952    28.0424     8.4784 0.0000e+00
 125.544690     14.267    12.0748  32.329028    27.5676     14.140  276.89851  277.00259    27.8245     8.4865 0.0000e+00
 125.544693     14.308    12.0744  32.326358    27.5654     14.179  276.90531  277.00938    27.9957     8.5067 0.0000e+00
 125.544696     14.337    12.0743  32.323515    27.5627     14.208  276.91085  277.01495    27.1085     8.7898 0.0000e+00
 125.544699     14.373    12.0743  32.321716    27.5620     14.244  276.91448  277.01860    27.1708     8.8059 0.0000e+00
 125.544702     14.404    12.0740  32.322470    27.5618     14.275  276.91437  277.01846    27.2019     8.8019 0.0000e+00
 125.544705     14.434    12.0741  32.322296    27.5618     14.304  276.91440  277.01850    27.0463     8.7978 0.0000e+00
 125.544708     14.459    12.0741  32.322122    27.5617     14.329  276.91474  277.01883    29.8323     8.7857 0.0000e+00
