Processed/SBE19plus_01907321_2022_05_05_Cast35_wfilter.cnv
* Sea-Bird SBE19plus  Data File:
* FileName = E:\Prandtl Daten\2022\CTD\Raw\SBE19plus_01907321_2022_05_05_Cast35.hex
* Software version 2.6.1.12
* Temperature SN = 7321
* Conductivity SN = 7321
* System UpLoad Time = May 05 2022 12:41:53
* <ApplicationData>
* <Seaterm232>
** Messpraktikum 2022
** CTD 05.05 NP1
# nquan = 11
# nvalues = 337                         
# units = specified
# name 0 = timeJ: Julian Days
# name 1 = prdM: Pressure, Strain Gauge [db]
# name 2 = tv290C: Temperature [ITS-90, deg C]
# name 3 = c0mS/cm: Conductivity [mS/cm]
# name 4 = sal00: Salinity, Practical [PSU]
# name 5 = depSM: Depth [salt water, m], lat = 54.00
# name 6 = oxsatMm/Kg: Oxygen Saturation, Weiss [umol/kg]
# name 7 = oxsolMm/Kg: Oxygen Saturation, Garcia & Gordon [umol/kg]
# name 8 = turbWETntu0: Turbidity, WET Labs ECO [NTU]
# name 9 = flECO-AFL: Fluorescence, WET Labs ECO-AFL/FL [mg/m^3]
# name 10 = flag:  0.000e+00
# span 0 = 125.525726, 125.526698       
# span 1 =      0.588,      8.763       
# span 2 =    12.0505,    12.1136       
# span 3 =  32.538724,  32.560637       
# span 4 =    27.7450,    27.8048       
# span 5 =      0.583,      8.684       
# span 6 =  276.30876,  276.58465       
# span 7 =  276.41310,  276.68452       
# span 8 =     7.1708,    40.2914       
# span 9 =     3.3551,     9.3276       
# span 10 = 0.0000e+00, 0.0000e+00      
# interval = seconds: 0.25
# start_time = May 05 2022 12:35:23 [Instrument's time stamp, header]
# bad_flag = -9.990e-29
*END*
[from data line 132]
 125.526108      3.836    12.0697  32.555091    27.7882      3.801  276.50004  276.60128    20.1513     6.0158 0.0000e+00
 125.526111      3.863    12.0693  32.554102    27.7885      3.829  276.50374  276.60496    19.9957     6.0280 -9.990e-29
 125.526114      3.883    12.0690  32.554509    27.7885      3.849  276.50456  276.60575    20.0113     6.0239 -9.990e-29
 125.526117      3.900    12.0687  32.554509    27.7887      3.865  276.50582  276.60699    19.9801     5.9916 -9.990e-29
 125.526120      3.912    12.0684  32.555091    27.7894      3.878  276.50601  276.60715    20.0268     5.9996 -9.990e-29
 125.526123      3.923    12.0680  32.553695    27.7884      3.888  276.51044  276.61157    19.1708     6.1129 -9.990e-29
 125.526126      3.940    12.0678  32.555033    27.7898      3.905  276.50862  276.60973    19.1708     6.0846 -9.990e-29
 125.526128      3.956    12.0675  32.553695    27.7888      3.921  276.51264  276.61374    19.3109     6.0684 -9.990e-29
 125.526131      3.980    12.0671  32.554510    27.7899      3.944  276.51273  276.61379    19.2953     6.1007 -9.990e-29
 125.526134      4.009    12.0670  32.554510    27.7893      3.973  276.51337  276.61442    25.6299     7.3300 0.0000e+00
 125.526137      4.045    12.0670  32.553288    27.7899      4.009  276.51563  276.61670    25.6922     7.2936 0.0000e+00
 125.526140      4.078    12.0667  32.555325    27.7909      4.042  276.51348  276.61450    25.6766     7.3179 0.0000e+00
 125.526143      4.109    12.0655  32.555907    27.7923      4.073  276.51773  276.61866    25.7078     7.3017 0.0000e+00
 125.526146      4.140    12.0641  32.555325    27.7928      4.103  276.52505  276.62589    29.1008     7.7869 0.0000e+00
 125.526149      4.168    12.0620  32.556257    27.7952      4.130  276.53270  276.63338    29.0074     7.7910 0.0000e+00
 125.526152      4.197    12.0597  32.556548    27.7962      4.159  276.54246  276.64298    29.1786     7.7586 0.0000e+00
 125.526155      4.222    12.0583  32.554919    27.7972      4.185  276.55138  276.65182    29.1319     7.7748 -9.990e-29
 125.526157      4.246    12.0576  32.556316    27.7985      4.208  276.55227  276.65264    27.6689     7.9527 -9.990e-29
 125.526160      4.270    12.0569  32.556316    27.7990      4.231  276.55540  276.65572    27.7622     7.9689 -9.990e-29
 125.526163      4.292    12.0562  32.556258    27.7995      4.253  276.55863  276.65890    27.7622     7.9568 -9.990e-29
 125.526166      4.308    12.0558  32.556724    27.8002      4.269  276.55966  276.65990    27.6377     7.9568 -9.990e-29
 125.526169      4.328    12.0552  32.556142    27.8001      4.289  276.56323  276.66343    27.6066     7.9770 -9.990e-29
 125.526172      4.350    12.0546  32.555502    27.8012      4.311  276.56691  276.66708    30.8906     8.4258 -9.990e-29
 125.526175      4.379    12.0543  32.556607    27.8012      4.340  276.56646  276.66660    30.6727     8.4016 0.0000e+00
 125.526178      4.408    12.0540  32.556317    27.8012      4.369  276.56826  276.66838    30.7973     8.4097 0.0000e+00
 125.526181      4.438    12.0538  32.556957    27.8016      4.398  276.56804  276.66814    30.7973     8.4137 0.0000e+00
 125.526183      4.463    12.0536  32.556550    27.8019      4.423  276.56974  276.66983    33.2564     8.5916 0.0000e+00
 125.526186      4.494    12.0531  32.556433    27.8017      4.454  276.57215  276.67221    33.2097     8.5391 0.0000e+00
 125.526189      4.520    12.0527  32.557365    27.8019      4.479  276.57233  276.67235    33.3654     8.5714 -9.990e-29
 125.526192      4.543    12.0525  32.555328    27.8013      4.503  276.57701  276.67704    33.2253     8.5431 -9.990e-29
 125.526195      4.564    12.0523  32.557132    27.8031      4.523  276.57434  276.67434    30.0657     7.9163 -9.990e-29
 125.526198      4.587    12.0523  32.556725    27.8027      4.546  276.57542  276.67541    29.9879     7.9325 -9.990e-29
 125.526201      4.611    12.0518  32.557423    27.8037      4.570  276.57602  276.67598    30.0969     7.9123 -9.990e-29
 125.526204      4.633    12.0519  32.556725    27.8030      4.592  276.57701  276.67698    30.0346     7.9042 -9.990e-29
 125.526207      4.657    12.0517  32.555095    27.8016      4.615  276.58094  276.68092    24.9451     6.9256 -9.990e-29
 125.526209      4.681    12.0516  32.556143    27.8026      4.639  276.57935  276.67931    24.9140     6.9459 -9.990e-29
 125.526212      4.706    12.0516  32.556609    27.8031      4.664  276.57883  276.67877    25.0385     6.9054 -9.990e-29
 125.526215      4.726    12.0523  32.554514    27.8006      4.684  276.57957  276.67959    24.8517     6.9216 -9.990e-29
 125.526218      4.754    12.0527  32.555910    27.8016      4.711  276.57516  276.67519    25.0385     6.9176 -9.990e-29
 125.526221      4.777    12.0535  32.556958    27.8015      4.735  276.56983  276.66990    29.8323     8.0215 -9.990e-29
 125.526224      4.803    12.0540  32.556842    27.7999      4.760  276.56757  276.66768    29.7545     8.0174 0.0000e+00
 125.526227      4.830    12.0544  32.553873    27.7999      4.787  276.57116  276.67134    29.7856     8.0174 0.0000e+00
 125.526230      4.855    12.0549  32.556958    27.7983      4.812  276.56365  276.66383    29.8323     8.0296 -9.990e-29
 125.526233      4.879    12.0553  32.556318    27.8000      4.835  276.56298  276.66319    27.7778     7.5807 -9.990e-29
 125.526236      4.903    12.0552  32.556609    27.8003      4.859  276.56277  276.66297    27.6222     7.5848 -9.990e-29
 125.526238      4.919    12.0555  32.556725    27.8002      4.875  276.56101  276.66124    27.7000     7.5605 -9.990e-29
 125.526241      4.938    12.0551  32.556551    27.8003      4.893  276.56321  276.66341    27.7311     7.5524 -9.990e-29
 125.526244      4.954    12.0552  32.556144    27.7999      4.910  276.56366  276.66387    25.7078     7.4230 -9.990e-29
 125.526247      4.974    12.0552  32.556144    27.8000      4.929  276.56367  276.66388    25.7078     7.4918 -9.990e-29
 125.526250      5.001    12.0551  32.556260    27.8000      4.957  276.56379  276.66399    25.5988     7.4432 0.0000e+00
 125.526253      5.029    12.0551  32.556144    27.7999      4.984  276.56402  276.66423    25.6611     7.4432 0.0000e+00
 125.526256      5.063    12.0555  32.556551    27.7999      5.018  276.56143  276.66166    29.8323     7.7222 0.0000e+00
 125.526259      5.096    12.0560  32.556726    27.7998      5.050  276.55926  276.65952    29.8478     7.7303 0.0000e+00
 125.526262      5.125    12.0563  32.557192    27.7998      5.079  276.55687  276.65715    29.8167     7.7142 -9.990e-29
 125.526264      5.149    12.0565  32.556959    27.7996      5.103  276.55638  276.65668    29.8012     7.6899 -9.990e-29
 125.526267      5.176    12.0566  32.555329    27.7980      5.130  276.55908  276.65939    29.7078     7.6980 -9.990e-29
 125.526270      5.198    12.0565  32.555911    27.7986      5.152  276.55865  276.65895    31.3420     8.3126 -9.990e-29
 125.526273      5.222    12.0565  32.555853    27.7986      5.175  276.55877  276.65907    31.3576     8.2883 -9.990e-29
 125.526276      5.240    12.0562  32.555330    27.7983      5.193  276.56099  276.66128    31.3264     8.3045 -9.990e-29
 125.526279      5.257    12.0560  32.557367    27.8003      5.210  276.55820  276.65845    31.3109     8.2883 -9.990e-29
 125.526282      5.282    12.0558  32.557134    27.8002      5.235  276.55927  276.65951    28.4626     7.6252 -9.990e-29
 125.526285      5.300    12.0554  32.555912    27.7994      5.253  276.56339  276.66362    28.4315     7.6454 -9.990e-29
 125.526288      5.326    12.0555  32.557192    27.8005      5.278  276.56044  276.66066    28.4004     7.6292 -9.990e-29
 125.526291      5.348    12.0552  32.557367    27.8009      5.300  276.56169  276.66189    28.3226     7.6535 -9.990e-29
 125.526293      5.379    12.0549  32.556727    27.8005      5.331  276.56413  276.66431    17.1941     5.4335 -9.990e-29
 125.526296      5.403    12.0549  32.555505    27.7984      5.354  276.56639  276.66658    17.0852     5.4457 -9.990e-29
 125.526299      5.430    12.0558  32.555272    27.7975      5.382  276.56278  276.66305    16.8517     5.4618 0.0000e+00
 125.526302      5.457    12.0569  32.554282    27.7966      5.409  276.55963  276.65999    17.1008     5.4659 0.0000e+00
 125.526305      5.483    12.0582  32.553468    27.7949      5.434  276.55554  276.65599    13.4120     4.9564 0.0000e+00
 125.526308      5.509    12.0594  32.552653    27.7941      5.459  276.55175  276.65230    13.3654     4.8796 0.0000e+00
 125.526311      5.536    12.0608  32.549801    27.7933      5.486  276.55077  276.65144    13.4899     4.8998 -9.990e-29
 125.526314      5.549    12.0629  32.549393    27.7876      5.499  276.54218  276.64301    13.3498     4.9483 -9.990e-29
 125.526317      5.567    12.0646  32.548986    27.7859      5.517  276.53515  276.63611    13.3187     4.9038 -9.990e-29
 125.526319      5.583    12.0664  32.547531    27.7831      5.533  276.52973  276.63083    17.3809     5.6195 -9.990e-29
 125.526322      5.607    12.0679  32.546716    27.7823      5.557  276.52470  276.62591    17.4276     5.6276 -9.990e-29
 125.526325      5.633    12.0692  32.548811    27.7820      5.582  276.51496  276.61624    17.3654     5.6398 0.0000e+00
 125.526328      5.660    12.0699  32.548753    27.7817      5.609  276.51228  276.61361    17.1475     5.6398 0.0000e+00
 125.526331      5.689    12.0699  32.548171    27.7812      5.638  276.51306  276.61439    16.9607     5.7449 0.0000e+00
 125.526334      5.716    12.0701  32.548346    27.7811      5.665  276.51213  276.61348    17.0541     5.7813 0.0000e+00
 125.526337      5.749    12.0702  32.547065    27.7810      5.697  276.51388  276.61525    16.9451     5.7570 0.0000e+00
 125.526340      5.776    12.0706  32.548579    27.7810      5.725  276.50957  276.61095    17.1008     5.7489 0.0000e+00
 125.526343      5.802    12.0705  32.548986    27.7812      5.750  276.50915  276.61052    22.5015     6.5941 0.0000e+00
 125.526345      5.829    12.0704  32.548346    27.7814      5.777  276.51065  276.61202    22.5949     6.6305 -9.990e-29
 125.526348      5.853    12.0703  32.549394    27.7820      5.800  276.50937  276.61072    22.4237     6.6143 -9.990e-29
 125.526351      5.876    12.0699  32.550558    27.7833      5.824  276.50882  276.61013    22.4237     6.5900 -9.990e-29
 125.526354      5.896    12.0692  32.551023    27.7843      5.844  276.51109  276.61235    24.7272     6.7962 -9.990e-29
 125.526357      5.913    12.0683  32.551256    27.7851      5.860  276.51473  276.61592    24.5560     6.7801 -9.990e-29
 125.526360      5.927    12.0677  32.552479    27.7868      5.874  276.51530  276.61643    24.7739     6.7639 -9.990e-29
 125.526363      5.951    12.0667  32.552944    27.7880      5.898  276.51914  276.62019    24.6961     6.8124 -9.990e-29
 125.526366      5.975    12.0658  32.553294    27.7891      5.921  276.52256  276.62355    24.6027     6.7962 -9.990e-29
 125.526369      6.002    12.0651  32.552887    27.7900      5.949  276.52644  276.62738    26.8906     7.4634 0.0000e+00
 125.526372      6.037    12.0644  32.554284    27.7908      5.983  276.52702  276.62790    26.9373     7.4190 0.0000e+00
 125.526374      6.066    12.0638  32.553702    27.7909      6.012  276.53060  276.63144    26.7973     7.4554 0.0000e+00
 125.526377      6.095    12.0633  32.553702    27.7911      6.041  276.53280  276.63361    27.0619     7.4513 0.0000e+00
 125.526380      6.123    12.0628  32.555099    27.7920      6.068  276.53244  276.63320    29.1630     8.0012 0.0000e+00
 125.526383      6.154    12.0622  32.555506    27.7928      6.099  276.53452  276.63523    29.0074     8.0255 -9.990e-29
 125.526386      6.176    12.0615  32.554692    27.7934      6.120  276.53914  276.63981    29.0385     8.0296 -9.990e-29
 125.526389      6.196    12.0610  32.556845    27.7958      6.140  276.53739  276.63800    28.9918     8.0174 -9.990e-29
 125.526392      6.210    12.0601  32.556554    27.7962      6.155  276.54198  276.64253    30.0969     8.3490 -9.990e-29
 125.526395      6.232    12.0593  32.558184    27.7983      6.176  276.54243  276.64291    30.0502     8.3490 -9.990e-29
 125.526398      6.250    12.0583  32.557952    27.7988      6.194  276.54754  276.64795    30.0035     8.3328 -9.990e-29
 125.526400      6.274    12.0572  32.558359    27.7989      6.218  276.55148  276.65181    30.2214     8.3450 -9.990e-29
 125.526403      6.305    12.0565  32.556730    27.7996      6.249  276.55760  276.65790    28.1513     7.7708 0.0000e+00
 125.526406      6.331    12.0559  32.557545    27.8002      6.274  276.55893  276.65918    28.1358     7.8072 0.0000e+00
 125.526409      6.365    12.0553  32.557545    27.8006      6.308  276.56176  276.66196    28.2292     7.7748 0.0000e+00
 125.526412      6.391    12.0549  32.558011    27.8013      6.334  276.56248  276.66265    28.2292     7.7586 0.0000e+00
 125.526415      6.418    12.0549  32.558418    27.8015      6.361  276.56175  276.66192    28.1358     7.7910 0.0000e+00
 125.526418      6.444    12.0548  32.558418    27.8017      6.386  276.56239  276.66255    29.8790     7.8719 -9.990e-29
 125.526421      6.468    12.0549  32.555508    27.7990      6.410  276.56743  276.66762    29.8012     7.8961 -9.990e-29
 125.526424      6.491    12.0547  32.557196    27.8007      6.433  276.56497  276.66514    29.7856     7.8799 -9.990e-29
 125.526427      6.509    12.0547  32.557138    27.8006      6.451  276.56509  276.66526    29.8790     7.8719 -9.990e-29
 125.526429      6.528    12.0544  32.557545    27.8012      6.469  276.56560  276.66575    28.1980     7.7344 -9.990e-29
 125.526432      6.542    12.0546  32.557953    27.8015      6.484  276.56424  276.66440    28.2136     7.7505 -9.990e-29
 125.526435      6.561    12.0544  32.557953    27.8016      6.502  276.56519  276.66533    28.4004     7.7627 -9.990e-29
 125.526438      6.583    12.0544  32.556614    27.8003      6.524  276.56766  276.66781    28.2914     7.7667 -9.990e-29
 125.526441      6.608    12.0546  32.556964    27.8006      6.549  276.56579  276.66596    23.3887     6.9742 -9.990e-29
 125.526444      6.641    12.0550  32.557371    27.8004      6.582  276.56351  276.66370    23.2798     7.0065 0.0000e+00
 125.526447      6.676    12.0555  32.557371    27.8002      6.616  276.56136  276.66158    23.4510     6.9823 0.0000e+00
 125.526450      6.705    12.0560  32.557604    27.8000      6.645  276.55877  276.65902    23.3887     6.9863 0.0000e+00
 125.526453      6.740    12.0563  32.556149    27.7988      6.679  276.55990  276.66020    25.5988     6.9661 0.0000e+00
 125.526455      6.772    12.0565  32.556731    27.7988      6.712  276.55824  276.65853    25.8478     7.2491 0.0000e+00
 125.526458      6.802    12.0567  32.556964    27.7989      6.741  276.55689  276.65720    25.7389     7.2977 0.0000e+00
 125.526461      6.831    12.0569  32.557197    27.7989      6.770  276.55524  276.65557    25.6144     7.2613 -9.990e-29
 125.526464      6.856    12.0572  32.557546    27.7990      6.795  276.55369  276.65402    25.5210     7.2653 -9.990e-29
 125.526467      6.876    12.0574  32.555102    27.7966      6.815  276.55724  276.65763    28.0580     7.8840 -9.990e-29
 125.526470      6.893    12.0574  32.556731    27.7981      6.831  276.55396  276.65433    28.1202     7.8476 -9.990e-29
 125.526473      6.906    12.0573  32.556731    27.7982      6.844  276.55459  276.65495    28.2914     7.8274 -9.990e-29
 125.526476      6.922    12.0571  32.558012    27.7995      6.860  276.55319  276.65352    28.1047     7.8233 -9.990e-29
 125.526479      6.944    12.0569  32.557954    27.7996      6.882  276.55393  276.65425    29.2408     7.9002 -9.990e-29
 125.526481      6.968    12.0566  32.558187    27.8000      6.905  276.55508  276.65537    29.2875     7.9082 -9.990e-29
