Processed/SBE19plus_01907321_2022_05_10_Cast109_wfilter.cnv
* Sea-Bird SBE19plus  Data File:
* FileName = E:\Prandtl_Daten\2022\CTD\Raw\SBE19plus_01907321_2022_05_10_Cast109.hex
* Software version 2.6.1.12
* Temperature SN = 7321
* Conductivity SN = 7321
* System UpLoad Time = May 10 2022 09:07:53
* <ApplicationData>
* <Seaterm232>
** Messpraktikum 2022
** CTD 09.05  BW2
** NMEA Latitude = 54 07.81N
** NMEA Longitude = 008 44 81E
# nquan = 11
# nvalues = 570                         
# units = specified
# name 0 = timeJ: Julian Days
# name 1 = prdM: Pressure, Strain Gauge [db]
# name 2 = tv290C: Temperature [ITS-90, deg C]
# name 3 = c0mS/cm: Conductivity [mS/cm]
# name 4 = sal00: Salinity, Practical [PSU]
# name 5 = depSM: Depth [salt water, m], lat = 54.00
# name 6 = oxsatMm/Kg: Oxygen Saturation, Weiss [umol/kg]
# name 7 = oxsolMm/Kg: Oxygen Saturation, Garcia & Gordon [umol/kg]
# name 8 = turbWETntu0: Turbidity, WET Labs ECO [NTU]
# name 9 = flECO-AFL: Fluorescence, WET Labs ECO-AFL/FL [mg/m^3]
# name 10 = flag:  0.000e+00
# span 0 = 130.375177, 130.376823       
# span 1 =      0.409,     17.194       
# span 2 =    13.5611,    13.6419       
# span 3 =  32.854740,  33.008527       
# span 4 =    26.9736,    27.0664       
# span 5 =      0.406,     17.040       
# span 6 =  268.85513,  269.43988       
# span 7 =  269.05491,  269.63594       
# span 8 =    -6.3856,    45.9101       
# span 9 =    -0.1790,     6.9337       
# span 10 = 0.0000e+00, 0.0000e+00      
# interval = seconds: 0.25
# start_time = May 10 2022 08:59:02 [Instrument's time stamp, header]
# bad_flag = -9.990e-29
*END*
[from data line 394]
 130.376317     12.025    13.6322  32.986168    27.0535     11.917  268.93159  269.13096    15.1397     4.8836 0.0000e+00
 130.376319     12.050    13.6325  32.986344    27.0535     11.942  268.92974  269.12913    15.2642     4.8715 0.0000e+00
 130.376322     12.077    13.6326  32.986578    27.0534     11.969  268.92905  269.12844    13.6144     4.8229 0.0000e+00
 130.376325     12.108    13.6328  32.985993    27.0529     12.000  268.92912  269.12853    13.6922     4.8634 0.0000e+00
 130.376328     12.134    13.6329  32.985934    27.0527     12.025  268.92892  269.12833    13.5833     4.8634 0.0000e+00
 130.376331     12.170    13.6329  32.985759    27.0527     12.061  268.92924  269.12865    13.7233     4.8472 0.0000e+00
 130.376334     12.200    13.6328  32.985174    27.0526     12.090  268.93056  269.12998    15.9179     4.9523 -9.990e-29
 130.376337     12.223    13.6329  32.984296    27.0512     12.114  268.93175  269.13118    16.2292     5.0090 -9.990e-29
 130.376340     12.252    13.6329  32.986754    27.0534     12.143  268.92760  269.12701    16.1513     4.9928 -9.990e-29
 130.376343     12.276    13.6331  32.986754    27.0536     12.166  268.92699  269.12641    16.1980     4.9847 -9.990e-29
 130.376345     12.302    13.6335  32.987397    27.0542     12.191  268.92403  269.12347    15.2642     5.0979 0.0000e+00
 130.376348     12.333    13.6336  32.988860    27.0548     12.222  268.92095  269.12038    15.4665     5.1100 0.0000e+00
 130.376351     12.362    13.6339  32.989972    27.0556     12.251  268.91782  269.11727    15.3731     5.1262 0.0000e+00
 130.376354     12.400    13.6343  32.990498    27.0558     12.289  268.91539  269.11485    15.3887     5.1262 0.0000e+00
 130.376357     12.429    13.6347  32.991142    27.0561     12.318  268.91275  269.11223    18.3303     5.3203 0.0000e+00
 130.376360     12.464    13.6350  32.992605    27.0572     12.352  268.90872  269.10821    18.3303     5.3244 0.0000e+00
 130.376363     12.495    13.6355  32.994243    27.0583     12.383  268.90408  269.10359    18.1591     5.3122 0.0000e+00
 130.376366     12.526    13.6358  32.995472    27.0592     12.414  268.90077  269.10028    18.2836     5.3082 0.0000e+00
 130.376369     12.559    13.6362  32.996115    27.0594     12.446  268.89781  269.09735    18.2992     5.3041 0.0000e+00
 130.376372     12.592    13.6364  32.996934    27.0595     12.479  268.89582  269.09535    17.3187     5.3729 -9.990e-29
 130.376374     12.616    13.6370  32.997285    27.0598     12.503  268.89273  269.09230    17.1941     5.3891 -9.990e-29
 130.376377     12.643    13.6372  32.997168    27.0600     12.530  268.89200  269.09158    17.3654     5.3688 0.0000e+00
 130.376380     12.670    13.6373  32.997812    27.0602     12.557  268.89030  269.08989    17.2408     5.3931 0.0000e+00
 130.376383     12.699    13.6375  32.998456    27.0606     12.586  268.88860  269.08819    19.4354     5.4618 0.0000e+00
 130.376386     12.732    13.6375  32.998397    27.0607     12.618  268.88841  269.08800    19.6222     5.4457 0.0000e+00
 130.376389     12.767    13.6378  32.999275    27.0612     12.653  268.88569  269.08529    19.4198     5.4780 0.0000e+00
 130.376392     12.803    13.6381  32.999860    27.0615     12.689  268.88346  269.08308    19.5288     5.4578 0.0000e+00
 130.376395     12.834    13.6380  32.999860    27.0616     12.720  268.88411  269.08372    21.6922     6.0724 0.0000e+00
 130.376398     12.876    13.6381  33.000270    27.0618     12.761  268.88281  269.08243    21.7545     6.1088 0.0000e+00
 130.376400     12.909    13.6383  33.000446    27.0619     12.794  268.88191  269.08153    21.6299     6.1290 0.0000e+00
 130.376403     12.942    13.6383  33.001558    27.0627     12.826  268.88005  269.07966    21.7856     6.0805 0.0000e+00
 130.376406     12.975    13.6385  33.001558    27.0629     12.859  268.87913  269.07875    21.5521     6.0927 0.0000e+00
 130.376409     13.004    13.6387  33.002611    27.0631     12.888  268.87642  269.07605    21.4276     6.0927 0.0000e+00
 130.376412     13.035    13.6388  33.001733    27.0635     12.918  268.87761  269.07725    21.3498     6.0886 -9.990e-29
 130.376415     13.059    13.6389  33.003430    27.0640     12.942  268.87412  269.07376    21.4899     6.0765 -9.990e-29
 130.376418     13.083    13.6389  33.003430    27.0640     12.965  268.87414  269.07378    21.5054     6.0765 -9.990e-29
 130.376421     13.101    13.6391  33.003606    27.0641     12.983  268.87322  269.07287    21.0852     5.7894 -9.990e-29
 130.376424     13.125    13.6392  33.002962    27.0642     13.007  268.87370  269.07336    20.8984     5.7409 -9.990e-29
 130.376427     13.154    13.6392  33.003782    27.0641     13.036  268.87265  269.07230    20.9607     5.7489 0.0000e+00
 130.376429     13.179    13.6390  33.003431    27.0642     13.061  268.87388  269.07353    20.9140     5.7651 0.0000e+00
 130.376432     13.217    13.6390  33.004016    27.0645     13.099  268.87292  269.07256    20.0113     5.8379 0.0000e+00
 130.376435     13.258    13.6391  33.004250    27.0645     13.139  268.87223  269.07187    20.1669     5.8419 0.0000e+00
 130.376438     13.298    13.6392  33.003431    27.0642     13.179  268.87302  269.07267    20.0735     5.8339 0.0000e+00
 130.376441     13.336    13.6391  33.003782    27.0642     13.217  268.87307  269.07272    19.9334     5.8419 0.0000e+00
 130.376444     13.374    13.6393  33.004660    27.0647     13.255  268.87067  269.07032    17.3187     5.2354 0.0000e+00
 130.376447     13.402    13.6394  33.004660    27.0648     13.282  268.87037  269.07003    17.3031     5.2718 0.0000e+00
 130.376450     13.433    13.6397  33.004777    27.0647     13.312  268.86894  269.06861    17.3342     5.2556 -9.990e-29
 130.376453     13.455    13.6397  33.003607    27.0635     13.334  268.87062  269.07031    17.2253     5.2435 -9.990e-29
 130.376455     13.478    13.6399  33.004660    27.0643     13.357  268.86822  269.06791    18.3303     5.6600 -9.990e-29
 130.376458     13.500    13.6401  33.004017    27.0636     13.379  268.86838  269.06809    18.1591     5.7206 -9.990e-29
 130.376461     13.520    13.6404  33.004836    27.0643     13.399  268.86575  269.06547    18.2214     5.6802 -9.990e-29
 130.376464     13.553    13.6404  33.005070    27.0639     13.431  268.86538  269.06509    18.2214     5.6802 0.0000e+00
 130.376467     13.580    13.6405  33.004368    27.0636     13.459  268.86627  269.06600    18.2525     5.6883 0.0000e+00
 130.376470     13.619    13.6406  33.004251    27.0636     13.497  268.86586  269.06560    18.1747     5.4093 0.0000e+00
 130.376473     13.661    13.6406  33.004427    27.0636     13.538  268.86559  269.06533    18.0035     5.3769 0.0000e+00
 130.376476     13.697    13.6408  33.004778    27.0638     13.574  268.86439  269.06413    18.0035     5.3405 0.0000e+00
 130.376479     13.739    13.6407  33.004837    27.0638     13.616  268.86463  269.06437    18.1591     5.3567 0.0000e+00
 130.376481     13.772    13.6406  33.004661    27.0639     13.648  268.86526  269.06500    19.4198     5.7004 0.0000e+00
 130.376484     13.805    13.6407  33.005188    27.0637     13.681  268.86408  269.06381    19.2331     5.7004 0.0000e+00
 130.376487     13.838    13.6408  33.004427    27.0641     13.714  268.86507  269.06482    19.3264     5.6964 0.0000e+00
 130.376490     13.863    13.6409  33.006007    27.0641     13.739  268.86210  269.06184    19.3731     5.7085 0.0000e+00
 130.376493     13.889    13.6411  33.006300    27.0648     13.764  268.86036  269.06012    17.6922     5.5589 -9.990e-29
 130.376496     13.909    13.6413  33.006300    27.0647     13.784  268.85975  269.05951    17.8478     5.5468 -9.990e-29
 130.376499     13.929    13.6414  33.006183    27.0645     13.804  268.85965  269.05941    17.7233     5.5751 -9.990e-29
 130.376502     13.954    13.6414  33.006125    27.0642     13.829  268.85976  269.05953    17.7856     5.5670 0.0000e+00
 130.376505     13.983    13.6413  33.005481    27.0644     13.858  268.86118  269.06095    19.7934     5.7449 0.0000e+00
 130.376508     14.018    13.6415  33.006183    27.0644     13.892  268.85907  269.05885    19.7622     5.7247 0.0000e+00
 130.376510     14.054    13.6415  33.006300    27.0645     13.928  268.85890  269.05867    19.8556     5.7125 0.0000e+00
 130.376513     14.091    13.6415  33.006535    27.0647     13.964  268.85852  269.05830    19.9334     5.6438 0.0000e+00
 130.376516     14.131    13.6416  33.006769    27.0648     14.004  268.85784  269.05761    19.7622     5.6802 0.0000e+00
 130.376519     14.167    13.6419  33.007354    27.0648     14.040  268.85562  269.05540    19.0930     5.8177 0.0000e+00
 130.376522     14.202    13.6419  33.006945    27.0648     14.075  268.85633  269.05612    18.9529     5.8177 0.0000e+00
 130.376525     14.235    13.6419  33.005774    27.0643     14.107  268.85833  269.05813    19.1397     5.8217 0.0000e+00
 130.376528     14.270    13.6417  33.007120    27.0637     14.142  268.85670  269.05648    19.1552     5.8339 -9.990e-29
 130.376531     14.293    13.6416  33.006535    27.0646     14.165  268.85833  269.05811    19.9801     6.0077 -9.990e-29
 130.376534     14.321    13.6415  33.005599    27.0638     14.192  268.86025  269.06003    20.0580     5.9633 -9.990e-29
 130.376536     14.344    13.6414  33.006535    27.0647     14.216  268.85931  269.05907    20.0268     5.9835 -9.990e-29
 130.376539     14.364    13.6412  33.006711    27.0650     14.236  268.85965  269.05941    20.0268     5.9713 -9.990e-29
 130.376542     14.392    13.6411  33.006594    27.0650     14.263  268.86049  269.06024    20.2603     5.9956 0.0000e+00
 130.376545     14.424    13.6411  33.006711    27.0651     14.295  268.86031  269.06006    20.2603     6.0320 0.0000e+00
 130.376548     14.454    13.6413  33.007355    27.0653     14.324  268.85830  269.05806    20.1358     6.0199 0.0000e+00
 130.376551     14.485    13.6413  33.007180    27.0655     14.355  268.85862  269.05837    20.4004     6.0401 0.0000e+00
 130.376554     14.523    13.6414  33.007765    27.0657     14.393  268.85702  269.05678    21.1630     6.2746 0.0000e+00
 130.376557     14.561    13.6415  33.007941    27.0658     14.431  268.85644  269.05620    21.2564     6.2908 0.0000e+00
 130.376560     14.598    13.6416  33.008175    27.0658     14.467  268.85575  269.05551    21.3965     6.2787 0.0000e+00
 130.376563     14.638    13.6418  33.007999    27.0656     14.507  268.85513  269.05491    21.3342     6.3029 0.0000e+00
 130.376565     14.676    13.6418  33.007590    27.0653     14.545  268.85585  269.05563    21.0541     6.2665 0.0000e+00
 130.376568     14.706    13.6417  33.006303    27.0648     14.574  268.85867  269.05846    22.0191     6.1412 0.0000e+00
 130.376571     14.733    13.6414  33.007356    27.0642     14.601  268.85785  269.05761    22.0813     6.1452 -9.990e-29
 130.376574     14.758    13.6413  33.007590    27.0656     14.626  268.85809  269.05785    22.0346     6.1371 -9.990e-29
 130.376577     14.782    13.6411  33.007356    27.0655     14.649  268.85945  269.05919    21.9568     6.1493 -9.990e-29
 130.376580     14.804    13.6409  33.007766    27.0650     14.671  268.85939  269.05912    20.8829     6.1290 -9.990e-29
 130.376583     14.835    13.6408  33.006596    27.0656     14.702  268.86202  269.06175    20.8362     6.1533 0.0000e+00
 130.376586     14.866    13.6407  33.007766    27.0660     14.733  268.86037  269.06009    20.7895     6.1493 0.0000e+00
 130.376589     14.901    13.6409  33.007766    27.0660     14.767  268.85977  269.05949    20.9451     6.1290 0.0000e+00
 130.376591     14.939    13.6409  33.007766    27.0659     14.805  268.85948  269.05921    21.1008     5.9673 0.0000e+00
 130.376594     14.979    13.6408  33.007357    27.0659     14.845  268.86082  269.06055    21.0074     5.9471 0.0000e+00
 130.376597     15.015    13.6409  33.008001    27.0662     14.881  268.85944  269.05916    20.8517     5.9794 0.0000e+00
 130.376600     15.057    13.6409  33.008527    27.0664     14.922  268.85826  269.05799    20.9296     5.9592 0.0000e+00
 130.376603     15.090    13.6411  33.008410    27.0664     14.955  268.85785  269.05759    21.1319     6.1654 0.0000e+00
 130.376606     15.121    13.6413  33.007591    27.0660     14.986  268.85832  269.05807    21.3654     6.1533 0.0000e+00
 130.376609     15.149    13.6411  33.007591    27.0655     15.013  268.85927  269.05902    21.2253     6.1290 -9.990e-29
 130.376612     15.172    13.6411  33.006948    27.0650     15.036  268.86038  269.06013    21.3031     6.1573 -9.990e-29
 130.376615     15.200    13.6409  33.006772    27.0650     15.063  268.86163  269.06137    21.3965     6.1735 0.0000e+00
 130.376617     15.231    13.6408  33.007358    27.0650     15.094  268.86098  269.06070    23.0307     6.2423 -9.990e-29
 130.376620     15.254    13.6408  33.006538    27.0659     15.117  268.86238  269.06211    23.0930     6.2625 -9.990e-29
 130.376623     15.292    13.6409  33.007767    27.0658     15.155  268.86001  269.05973    23.0307     6.3070 0.0000e+00
 130.376626     15.334    13.6407  33.007592    27.0658     15.197  268.86096  269.06068    23.0463     6.2827 0.0000e+00
 130.376629     15.374    13.6408  33.006948    27.0656     15.237  268.86176  269.06149    23.8089     6.5900 0.0000e+00
 130.376632     15.414    13.6405  33.007183    27.0652     15.276  268.86264  269.06235    23.9646     6.6143 0.0000e+00
 130.376635     15.449    13.6406  33.006129    27.0655     15.311  268.86382  269.06355    23.7311     6.5860 0.0000e+00
 130.376638     15.489    13.6404  33.007124    27.0655     15.350  268.86310  269.06281    23.9490     6.5981 0.0000e+00
 130.376641     15.518    13.6403  33.007183    27.0656     15.379  268.86333  269.06303    23.1864     6.4000 0.0000e+00
 130.376644     15.546    13.6406  33.006949    27.0656     15.406  268.86281  269.06252    23.1552     6.3959 -9.990e-29
 130.376646     15.566    13.6404  33.006715    27.0651     15.426  268.86384  269.06355    23.1397     6.3838 -9.990e-29
 130.376649     15.584    13.6403  33.006774    27.0652     15.444  268.86407  269.06377    23.3420     6.3878 -9.990e-29
 130.376652     15.608    13.6403  33.007125    27.0656     15.468  268.86349  269.06319    25.2253     6.4970 -9.990e-29
 130.376655     15.631    13.6404  33.007359    27.0646     15.491  268.86279  269.06250    25.0541     6.4768 -9.990e-29
 130.376658     15.662    13.6407  33.006364    27.0649     15.522  268.86324  269.06297    25.2564     6.4647 0.0000e+00
 130.376661     15.699    13.6405  33.006715    27.0651     15.558  268.86361  269.06332    25.2253     6.4566 0.0000e+00
 130.376664     15.739    13.6404  33.006950    27.0651     15.598  268.86355  269.06326    25.1630     6.4808 0.0000e+00
 130.376667     15.778    13.6403  33.005604    27.0646     15.636  268.86617  269.06588    25.2875     6.6749 0.0000e+00
 130.376670     15.818    13.6400  33.005897    27.0646     15.676  268.86727  269.06696    25.2564     6.6830 0.0000e+00
 130.376672     15.849    13.6400  33.006014    27.0646     15.707  268.86709  269.06678    25.2720     6.6709 0.0000e+00
 130.376675     15.878    13.6400  33.005721    27.0646     15.736  268.86760  269.06729    25.2408     6.6628 0.0000e+00
 130.376678     15.913    13.6400  33.006716    27.0645     15.770  268.86562  269.06531    23.8089     6.6264 -9.990e-29
 130.376681     15.936    13.6403  33.006775    27.0651     15.793  268.86428  269.06399    23.6222     6.6385 -9.990e-29
 130.376684     15.962    13.6403  33.006541    27.0650     15.819  268.86501  269.06471    23.7311     6.6264 -9.990e-29
 130.376687     15.984    13.6403  33.005487    27.0640     15.840  268.86681  269.06652    23.6222     6.5779 -9.990e-29
 130.376690     16.004    13.6398  33.006365    27.0650     15.860  268.86722  269.06689    24.6338     6.6305 -9.990e-29
