Processed/SBE19plus_01907321_2022_05_04_Cast09_wfilter.cnv
* Sea-Bird SBE19plus  Data File:
* FileName = E:\Prandtl Daten\2022\CTD\Raw\SBE19plus_01907321_2022_05_04_Cast09.hex
* Software version 2.6.1.12
* Temperature SN = 7321
* Conductivity SN = 7321
* System UpLoad Time = May 04 2022 07:04:40
* <ApplicationData>
* <Seaterm232>
** Messpraktikum 2022
** CTD 04.05 KFN Anfang
# nquan = 11
# nvalues = 328                         
# units = specified
# name 0 = timeJ: Julian Days
# name 1 = prdM: Pressure, Strain Gauge [db]
# name 2 = tv290C: Temperature [ITS-90, deg C]
# name 3 = c0mS/cm: Conductivity [mS/cm]
# name 4 = sal00: Salinity, Practical [PSU]
# name 5 = depSM: Depth [salt water, m], lat = 54.00
# name 6 = oxsatMm/Kg: Oxygen Saturation, Weiss [umol/kg]
# name 7 = oxsolMm/Kg: Oxygen Saturation, Garcia & Gordon [umol/kg]
# name 8 = turbWETntu0: Turbidity, WET Labs ECO [NTU]
# name 9 = flECO-AFL: Fluorescence, WET Labs ECO-AFL/FL [mg/m^3]
# name 10 = flag:  0.000e+00
# span 0 = 124.290136, 124.291082       
# span 1 =      0.676,      8.469       
# span 2 =    11.7874,    11.9313       
# span 3 =  31.820739,  32.049790       
# span 4 =    27.3020,    27.4135       
# span 5 =      0.670,      8.393       
# span 6 =  278.05420,  279.12166       
# span 7 =  278.15120,  279.21103       
# span 8 =    29.6455,    40.7739       
# span 9 =     8.7817,    11.9681       
# span 10 = 0.0000e+00, 0.0000e+00      
# interval = seconds: 0.25
# start_time = May 04 2022 06:56:32 [Instrument's time stamp, header]
# bad_flag = -9.990e-29
*END*
 124.290136      0.676    11.7877  31.822700    27.3046      0.670  279.12019  279.20951    30.4237     8.9070 -9.990e-29
 124.290139      0.689    11.7885  31.821719    27.3031      0.683  279.11824  279.20763    30.5482     8.8868 -9.990e-29
 124.290142      0.705    11.7887  31.820739    27.3020      0.699  279.11944  279.20886    30.5171     8.8747 -9.990e-29
 124.290145      0.725    11.7881  31.820912    27.3041      0.719  279.12166  279.21103    30.6883     9.3720 -9.990e-29
 124.290148      0.751    11.7878  31.822354    27.3043      0.745  279.12025  279.20959    30.7817     9.3559 0.0000e+00
 124.290150      0.790    11.7886  31.823335    27.3041      0.783  279.11499  279.20437    30.7350     9.3640 0.0000e+00
 124.290153      0.823    11.7891  31.822354    27.3039      0.816  279.11463  279.20405    30.8440     9.3882 0.0000e+00
 124.290156      0.855    11.7892  31.821720    27.3032      0.847  279.11520  279.20464    31.1708     9.6672 -9.990e-29
 124.290159      0.866    11.7883  31.821547    27.3030      0.858  279.11963  279.20901    31.3264     9.6511 -9.990e-29
 124.290162      0.875    11.7881  31.823335    27.3049      0.867  279.11757  279.20691    31.2953     9.6753 -9.990e-29
 124.290165      0.877    11.7883  31.823508    27.3049      0.869  279.11630  279.20566    31.3887     9.6834 -9.990e-29
 124.290168      0.895    11.7886  31.825527    27.3099      0.887  279.11098  279.20034    31.7311     9.0849 -9.990e-29
 124.290171      0.933    11.7899  31.830085    27.3113      0.925  279.09654  279.18594    31.8868     9.1213 0.0000e+00
 124.290174      0.990    11.7921  31.834700    27.3127      0.981  279.07822  279.16772    31.8868     9.0809 0.0000e+00
 124.290177      1.046    11.7948  31.837297    27.3127      1.037  279.06114  279.15080    31.7000     9.1254 0.0000e+00
 124.290179      1.090    11.7970  31.834527    27.3110      1.080  279.05623  279.14609    31.7000     9.1213 0.0000e+00
 124.290182      1.123    11.7975  31.833892    27.3089      1.113  279.05492  279.14481    30.5015     8.8181 -9.990e-29
 124.290185      1.137    11.7973  31.830892    27.3051      1.127  279.06145  279.15137    30.5949     8.8140 -9.990e-29
 124.290188      1.139    11.7962  31.830316    27.3055      1.129  279.06788  279.15772    30.5327     8.7817 -9.990e-29
 124.290191      1.141    11.7948  31.831123    27.3072      1.130  279.07269  279.16242    30.5327     8.8059 -9.990e-29
 124.290194      1.155    11.7944  31.830316    27.3068      1.145  279.07609  279.16580    31.0152     9.0041 -9.990e-29
 124.290197      1.175    11.7943  31.830489    27.3067      1.164  279.07610  279.16580    30.9996     8.9596 -9.990e-29
 124.290200      1.204    11.7941  31.830085    27.3070      1.193  279.07781  279.16751    31.0463     8.9636 0.0000e+00
 124.290203      1.240    11.7941  31.830720    27.3067      1.229  279.07666  279.16635    31.2019     8.9879 0.0000e+00
 124.290205      1.273    11.7941  31.829105    27.3057      1.262  279.07937  279.16908    29.6922     8.7978 0.0000e+00
 124.290208      1.301    11.7937  31.826509    27.3047      1.289  279.08611  279.17582    29.6455     8.8221 0.0000e+00
 124.290211      1.328    11.7921  31.825701    27.3036      1.316  279.09520  279.18480    29.6922     8.7898 -9.990e-29
 124.290214      1.344    11.7903  31.825298    27.3049      1.332  279.10384  279.19332    29.6922     8.8059 -9.990e-29
 124.290217      1.358    11.7894  31.826509    27.3067      1.346  279.10569  279.19510    30.7506     9.0324 -9.990e-29
 124.290220      1.369    11.7894  31.824894    27.3052      1.357  279.10902  279.19844    30.8284     9.0486 -9.990e-29
 124.290223      1.390    11.7890  31.825529    27.3078      1.377  279.10975  279.19913    30.7506     9.0566 -9.990e-29
 124.290226      1.417    11.7890  31.827317    27.3083      1.404  279.10644  279.19580    30.7350     9.0486 0.0000e+00
 124.290229      1.449    11.7898  31.828933    27.3078      1.436  279.09967  279.18908    30.8128     9.0405 0.0000e+00
 124.290231      1.483    11.7910  31.828702    27.3082      1.469  279.09477  279.18426    29.8323     9.0243 0.0000e+00
 124.290234      1.510    11.7918  31.827721    27.3076      1.496  279.09283  279.18239    29.8012     9.0607 -9.990e-29
 124.290237      1.532    11.7920  31.827087    27.3053      1.518  279.09308  279.18266    29.8323     9.0324 -9.990e-29
 124.290240      1.552    11.7921  31.827490    27.3056      1.538  279.09171  279.18130    29.8012     9.0647 -9.990e-29
 124.290243      1.563    11.7923  31.827490    27.3054      1.549  279.09077  279.18037    30.4548     8.9798 -9.990e-29
 124.290246      1.576    11.7920  31.828529    27.3067      1.562  279.09042  279.17999    30.4393     8.9555 -9.990e-29
 124.290249      1.594    11.7924  31.828298    27.3068      1.580  279.08897  279.17857    30.5015     8.9677 -9.990e-29
 124.290252      1.620    11.7927  31.829221    27.3061      1.605  279.08601  279.17562    30.5015     8.9555 0.0000e+00
 124.290255      1.652    11.7931  31.828125    27.3065      1.638  279.08618  279.17583    30.2214     8.9232 0.0000e+00
 124.290258      1.689    11.7930  31.829106    27.3059      1.674  279.08502  279.17464    30.2214     8.9192 0.0000e+00
 124.290260      1.729    11.7932  31.828702    27.3059      1.714  279.08485  279.17450    30.2992     8.9192 0.0000e+00
 124.290263      1.762    11.7932  31.827895    27.3051      1.746  279.08606  279.17572    30.2058     8.9111 0.0000e+00
 124.290266      1.799    11.7932  31.827318    27.3049      1.782  279.08747  279.17714    30.3615     8.9717 0.0000e+00
 124.290269      1.830    11.7927  31.826741    27.3046      1.813  279.09077  279.18041    30.3148     8.9677 -9.990e-29
 124.290272      1.854    11.7922  31.827088    27.3050      1.837  279.09235  279.18195    30.1903     8.9758 -9.990e-29
 124.290275      1.872    11.7920  31.826741    27.3049      1.855  279.09395  279.18354    30.3303     8.9919 -9.990e-29
 124.290278      1.886    11.7916  31.826107    27.3046      1.869  279.09704  279.18660    30.3303     8.9636 -9.990e-29
 124.290281      1.901    11.7910  31.826742    27.3056      1.884  279.09839  279.18791    30.4237     9.0526 -9.990e-29
 124.290284      1.917    11.7910  31.826915    27.3058      1.900  279.09839  279.18790    30.2992     9.0486 -9.990e-29
 124.290286      1.931    11.7910  31.827896    27.3067      1.914  279.09658  279.18608    30.3303     9.0526 -9.990e-29
 124.290289      1.950    11.7912  31.828126    27.3068      1.932  279.09521  279.18473    30.2681     9.0486 -9.990e-29
 124.290292      1.971    11.7905  31.824723    27.3040      1.954  279.10471  279.19422    29.8167     8.9798 -9.990e-29
 124.290295      1.992    11.7892  31.824723    27.3049      1.974  279.11040  279.19982    30.0035     8.9677 -9.990e-29
 124.290298      2.012    11.7882  31.823512    27.3045      1.994  279.11740  279.20675    29.7545     8.9839 -9.990e-29
 124.290301      2.032    11.7874  31.824550    27.3061      2.014  279.11926  279.20855    29.7545     8.9636 -9.990e-29
 124.290304      2.057    11.7876  31.825531    27.3058      2.039  279.11651  279.20580    30.3303     8.8828 -9.990e-29
 124.290307      2.083    11.7881  31.824723    27.3057      2.064  279.11582  279.20515    30.2681     8.8504 0.0000e+00
 124.290310      2.116    11.7881  31.824550    27.3058      2.097  279.11585  279.20519    30.2681     8.8504 0.0000e+00
 124.290313      2.147    11.7877  31.826512    27.3077      2.127  279.11412  279.20340    30.3303     8.8706 0.0000e+00
 124.290315      2.181    11.7888  31.827493    27.3078      2.162  279.10727  279.19663    30.0346     9.1820 0.0000e+00
 124.290318      2.214    11.7901  31.829108    27.3078      2.194  279.09862  279.18804    30.0657     9.1456 0.0000e+00
 124.290321      2.252    11.7916  31.829281    27.3074      2.232  279.09139  279.18092    30.0191     9.1860 0.0000e+00
 124.290324      2.283    11.7926  31.829973    27.3074      2.263  279.08539  279.17499    30.1124     9.1456 0.0000e+00
 124.290327      2.312    11.7935  31.831300    27.3073      2.291  279.07884  279.16849    30.0657     9.1739 -9.990e-29
 124.290330      2.332    11.7946  31.833493    27.3092      2.312  279.07005  279.15975    31.6689     9.6632 -9.990e-29
 124.290333      2.347    11.7955  31.833896    27.3089      2.326  279.06521  279.15497    31.8245     9.6955 -9.990e-29
 124.290336      2.362    11.7964  31.833896    27.3083      2.341  279.06113  279.15095    31.7778     9.6915 -9.990e-29
 124.290339      2.374    11.7964  31.834704    27.3090      2.353  279.05932  279.14913    31.7311     9.6834 -9.990e-29
 124.290341      2.387    11.7968  31.834704    27.3087      2.366  279.05775  279.14759    32.2292     9.4772 -9.990e-29
 124.290344      2.411    11.7968  31.834473    27.3054      2.389  279.05788  279.14773    32.3226     9.5014 -9.990e-29
 124.290347      2.438    11.7967  31.831127    27.3048      2.416  279.06475  279.15463    32.1980     9.4974 0.0000e+00
 124.290350      2.467    11.7949  31.828531    27.3054      2.445  279.07780  279.16757    32.2292     9.4650 0.0000e+00
 124.290353      2.507    11.7921  31.830089    27.3078      2.485  279.08785  279.17741    32.2447    10.1080 0.0000e+00
 124.290356      2.538    11.7907  31.830494    27.3091      2.516  279.09343  279.18288    32.1980    10.1242 0.0000e+00
 124.290359      2.571    11.7907  31.834475    27.3110      2.548  279.08604  279.17545    32.1202    10.1444 0.0000e+00
 124.290362      2.601    11.7921  31.841283    27.3129      2.578  279.06710  279.15653    32.3848    10.1322 -9.990e-29
 124.290365      2.622    11.7947  31.845264    27.3202      2.599  279.04773  279.13731    33.8323    10.2253 -9.990e-29
 124.290367      2.635    11.7979  31.848033    27.3205      2.612  279.02809  279.11786    33.7700    10.2293 -9.990e-29
 124.290370      2.650    11.8007  31.848264    27.3186      2.626  279.01507  279.10503    33.7856    10.1848 -9.990e-29
 124.290373      2.655    11.8023  31.849014    27.3182      2.632  279.00643  279.09650    33.7545    10.2050 -9.990e-29
 124.290376      2.665    11.8032  31.851438    27.3198      2.641  278.99752  279.08763    33.8634    10.1969 -9.990e-29
 124.290379      2.677    11.8043  31.858593    27.3258      2.653  278.97950  279.06960    33.0385    10.1525 -9.990e-29
 124.290382      2.697    11.8064  31.865173    27.3268      2.673  278.95752  279.04770    33.0541    10.1080 -9.990e-29
 124.290385      2.730    11.8094  31.863614    27.3267      2.706  278.94689  279.03730    32.9918    10.1363 0.0000e+00
 124.290388      2.763    11.8116  31.865172    27.3266      2.738  278.93393  279.02449    32.9918    10.1484 0.0000e+00
 124.290391      2.799    11.8130  31.863210    27.3266      2.774  278.93130  279.02198    33.1941     9.9705 0.0000e+00
 124.290394      2.832    11.8139  31.869963    27.3294      2.807  278.91468  279.00535    33.2720     9.9907 0.0000e+00
 124.290396      2.867    11.8155  31.871579    27.3296      2.841  278.90446  278.99522    33.2564    10.0190 0.0000e+00
 124.290399      2.900    11.8172  31.872156    27.3298      2.874  278.89585  278.98672    33.2253    10.0109 -9.990e-29
 124.290402      2.923    11.8187  31.872560    27.3283      2.897  278.88787  278.97885    33.9257    10.2293 -9.990e-29
 124.290405      2.949    11.8201  31.876370    27.3309      2.922  278.87482  278.96585    33.9724    10.1969 -9.990e-29
 124.290408      2.970    11.8214  31.873368    27.3271      2.944  278.87411  278.96528    33.9568    10.2293 -9.990e-29
 124.290411      2.993    11.8219  31.870771    27.3243      2.966  278.87706  278.96828    33.9257    10.1686 -9.990e-29
 124.290414      3.011    11.8212  31.871406    27.3254      2.984  278.87905  278.97021    34.2992    10.0837 -9.990e-29
 124.290417      3.033    11.8208  31.871810    27.3260      3.006  278.87989  278.97102    34.3615    10.0918 -9.990e-29
 124.290420      3.059    11.8205  31.871810    27.3263      3.031  278.88148  278.97259    34.2058    10.0473 -9.990e-29
 124.290422      3.084    11.8201  31.872791    27.3275      3.056  278.88156  278.97264    34.3770    10.0554 -9.990e-29
 124.290425      3.117    11.8203  31.874408    27.3288      3.089  278.87732  278.96840    34.2369    10.0837 -9.990e-29
 124.290428      3.140    11.8208  31.875158    27.3292      3.112  278.87406  278.96515    34.2369    10.2940 -9.990e-29
 124.290431      3.165    11.8208  31.876370    27.3304      3.136  278.87182  278.96290    34.3148    10.2374 -9.990e-29
 124.290434      3.183    11.8208  31.875966    27.3300      3.154  278.87259  278.96367    34.2525    10.2778 -9.990e-29
 124.290437      3.205    11.8208  31.874985    27.3290      3.176  278.87442  278.96552    34.3926    10.3142 -9.990e-29
 124.290440      3.220    11.8207  31.875967    27.3300      3.191  278.87293  278.96401    34.1436    10.0554 -9.990e-29
 124.290443      3.235    11.8203  31.875967    27.3303      3.206  278.87483  278.96588    34.2836    10.0433 -9.990e-29
 124.290446      3.253    11.8203  31.873773    27.3282      3.224  278.87891  278.96999    34.2836    10.1201 -9.990e-29
 124.290448      3.272    11.8194  31.875390    27.3304      3.242  278.87970  278.97070    34.2214    10.0797 -9.990e-29
 124.290451      3.292    11.8190  31.876602    27.3316      3.262  278.87936  278.97031    31.9646     9.7643 -9.990e-29
 124.290454      3.319    11.8195  31.876775    27.3317      3.289  278.87685  278.96784    32.0268     9.7562 0.0000e+00
 124.290457      3.346    11.8200  31.877352    27.3316      3.316  278.87359  278.96461    32.1047     9.7441 0.0000e+00
 124.290460      3.380    11.8205  31.876602    27.3307      3.350  278.87280  278.96386    31.9957     9.7441 0.0000e+00
 124.290463      3.411    11.8204  31.874582    27.3307      3.381  278.87689  278.96797    34.8284     9.7279 0.0000e+00
 124.290466      3.448    11.8200  31.876198    27.3307      3.417  278.87580  278.96683    35.5599    11.3736 0.0000e+00
 124.290469      3.487    11.8199  31.877180    27.3316      3.455  278.87432  278.96534    35.5288    11.4181 0.0000e+00
 124.290472      3.520    11.8210  31.882144    27.3356      3.488  278.86040  278.95143    35.4821    11.3615 0.0000e+00
 124.290475      3.555    11.8230  31.885146    27.3369      3.523  278.84540  278.93655    35.5599    11.3413 0.0000e+00
 124.290477      3.582    11.8255  31.889533    27.3381      3.550  278.82593  278.91721    33.2564    10.2738 0.0000e+00
 124.290480      3.611    11.8285  31.901370    27.3392      3.578  278.79075  278.88210    33.2408    10.2778 -9.990e-29
 124.290483      3.636    11.8333  31.902755    27.3460      3.604  278.76615  278.85783    33.2564    10.3021 -9.990e-29
 124.290486      3.649    11.8368  31.894555    27.3356      3.616  278.76532  278.85734    33.2097    10.2455 -9.990e-29
 124.290489      3.659    11.8372  31.892535    27.3335      3.627  278.76750  278.85957    32.4938    10.1242 -9.990e-29
 124.290492      3.668    11.8360  31.890168    27.3321      3.635  278.77726  278.86927    32.4938    10.1565 -9.990e-29
 124.290495      3.676    11.8342  31.884972    27.3285      3.643  278.79509  278.88704    32.4626    10.1282 -9.990e-29
 124.290498      3.689    11.8319  31.880989    27.3264      3.656  278.81321  278.90502    32.4471    10.1201 -9.990e-29
 124.290501      3.710    11.8290  31.876314    27.3241      3.677  278.83482  278.92649    38.4237    11.0340 -9.990e-29
 124.290503      3.727    11.8257  31.876603    27.3268      3.694  278.84941  278.94084    38.4704    11.0380 -9.990e-29
 124.290506      3.751    11.8233  31.878796    27.3409      3.717  278.85607  278.94731    38.5327    11.0582 -9.990e-29
 124.290509      3.782    11.8226  31.889130    27.3415      3.748  278.84005  278.93112    38.4082    11.0178 0.0000e+00
 124.290512      3.813    11.8249  31.892132    27.3409      3.779  278.82410  278.91531    38.4393    11.0461 0.0000e+00
