Processed/SBE19plus_01907321_2022_05_08_Cast86_wfilter.cnv
* Sea-Bird SBE19plus  Data File:
* FileName = E:\Prandtl Daten\2022\CTD\Raw\SBE19plus_01907321_2022_05_08_Cast86.hex
* Software version 2.6.1.12
* Temperature SN = 7321
* Conductivity SN = 7321
* System UpLoad Time = May 08 2022 12:02:41
* <ApplicationData>
* <Seaterm232>
** Messpraktikum 2022
** CTD 08.05 NP4
** NMEA Latitude = 54 10.44 N
** NMEA Longitude = 008 38.53 E
# nquan = 11
# nvalues = 628                         
# units = specified
# name 0 = timeJ: Julian Days
# name 1 = prdM: Pressure, Strain Gauge [db]
# name 2 = tv290C: Temperature [ITS-90, deg C]
# name 3 = c0mS/cm: Conductivity [mS/cm]
# name 4 = sal00: Salinity, Practical [PSU]
# name 5 = depSM: Depth [salt water, m], lat = 54.00
# name 6 = oxsatMm/Kg: Oxygen Saturation, Weiss [umol/kg]
# name 7 = oxsolMm/Kg: Oxygen Saturation, Garcia & Gordon [umol/kg]
# name 8 = turbWETntu0: Turbidity, WET Labs ECO [NTU]
# name 9 = flECO-AFL: Fluorescence, WET Labs ECO-AFL/FL [mg/m^3]
# name 10 = flag:  0.000e+00
# span 0 = 128.496617, 128.498432       
# span 1 =      0.669,     14.436       
# span 2 =    12.5539,    12.6548       
# span 3 =  32.927617,  32.978340       
# span 4 =    27.7519,    27.7804       
# span 5 =      0.663,     14.307       
# span 6 =  273.15763,  273.68994       
# span 7 =  273.29472,  273.82076       
# span 8 =     2.9529,    72.8984       
# span 9 =     3.2661,    16.4039       
# span 10 = 0.0000e+00, 0.0000e+00      
# interval = seconds: 0.25
# start_time = May 08 2022 11:53:38 [Instrument's time stamp, header]
# bad_flag = -9.990e-29
*END*
[from data line 525]
 128.498137     12.179    12.5821  32.944755    27.7722     12.070  273.53965  273.67221    34.3459    11.7335 -9.990e-29
 128.498139     12.201    12.5825  32.944579    27.7722     12.092  273.53842  273.67101    34.3615    11.7821 -9.990e-29
 128.498142     12.228    12.5829  32.945398    27.7713     12.118  273.53512  273.66773    34.3303    11.7740 0.0000e+00
 128.498145     12.259    12.5835  32.943936    27.7709     12.149  273.53495  273.66762    34.2214    11.7537 0.0000e+00
 128.498148     12.295    12.5842  32.944989    27.7707     12.185  273.53030  273.66300    46.3926    12.3886 0.0000e+00
 128.498151     12.326    12.5844  32.945574    27.7709     12.216  273.52835  273.66106    46.2681    12.4048 -9.990e-29
 128.498154     12.350    12.5846  32.945574    27.7711     12.240  273.52743  273.66015    46.1280    12.3805 -9.990e-29
 128.498157     12.376    12.5848  32.945808    27.7712     12.265  273.52641  273.65914    46.0969    12.3724 -9.990e-29
 128.498160     12.394    12.5850  32.945574    27.7708     12.283  273.52591  273.65865    46.2681    12.4169 -9.990e-29
 128.498163     12.411    12.5853  32.945398    27.7705     12.299  273.52499  273.65776    51.6377    12.9426 -9.990e-29
 128.498166     12.429    12.5853  32.943586    27.7687     12.318  273.52792  273.66071    51.5288    12.8577 -9.990e-29
 128.498168     12.442    12.5859  32.945574    27.7701     12.330  273.52190  273.65471    51.4976    12.9588 -9.990e-29
 128.498171     12.456    12.5863  32.943703    27.7681     12.344  273.52338  273.65624    51.4510    12.8819 -9.990e-29
 128.498174     12.471    12.5870  32.945165    27.7689     12.359  273.51768  273.65057    50.9996    13.6987 -9.990e-29
 128.498177     12.489    12.5878  32.945983    27.7691     12.377  273.51281  273.64575    50.8128    13.7230 -9.990e-29
 128.498180     12.509    12.5881  32.945808    27.7682     12.397  273.51190  273.64485    50.7350    13.7553 -9.990e-29
 128.498183     12.535    12.5883  32.945398    27.7682     12.422  273.51171  273.64469    50.6727    13.7109 0.0000e+00
 128.498186     12.564    12.5884  32.945574    27.7682     12.451  273.51111  273.64408    51.0930    13.0235 -9.990e-29
 128.498189     12.586    12.5883  32.945574    27.7683     12.473  273.51143  273.64441    50.8751    13.1003 -9.990e-29
 128.498192     12.617    12.5885  32.945574    27.7681     12.504  273.51052  273.64351    51.0152    13.0922 -9.990e-29
 128.498194     12.635    12.5890  32.945808    27.7680     12.522  273.50794  273.64096    50.9685    13.0720 -9.990e-29
 128.498197     12.657    12.5892  32.944580    27.7667     12.544  273.50921  273.64226    52.4626    13.4319 -9.990e-29
 128.498200     12.677    12.5893  32.946159    27.7681     12.564  273.50610  273.63914    52.4626    13.4925 -9.990e-29
 128.498203     12.703    12.5894  32.946218    27.7681     12.589  273.50570  273.63874    52.6961    13.4480 -9.990e-29
 128.498206     12.723    12.5894  32.945399    27.7673     12.609  273.50686  273.63992    52.4782    13.4197 -9.990e-29
 128.498209     12.741    12.5897  32.946393    27.7680     12.627  273.50417  273.63723    52.5405    13.4885 -9.990e-29
 128.498212     12.768    12.5898  32.946218    27.7677     12.654  273.50388  273.63695    52.5871    13.4440 -9.990e-29
 128.498215     12.787    12.5899  32.946393    27.7678     12.672  273.50296  273.63604    52.7739    13.4561 -9.990e-29
 128.498218     12.810    12.5901  32.945984    27.7673     12.696  273.50308  273.63617    52.7117    13.4076 -9.990e-29
 128.498220     12.834    12.5902  32.946218    27.7664     12.719  273.50206  273.63516    52.6961    13.4036 -9.990e-29
 128.498223     12.861    12.5902  32.945165    27.7664     12.746  273.50396  273.63706    44.3692    11.5839 0.0000e+00
 128.498226     12.887    12.5903  32.945809    27.7664     12.771  273.50251  273.63562    44.3381    11.5556 -9.990e-29
 128.498229     12.907    12.5904  32.946218    27.7673     12.791  273.50149  273.63460    44.3381    11.5394 -9.990e-29
 128.498232     12.932    12.5904  32.946394    27.7674     12.817  273.50119  273.63430    44.3226    11.5758 -9.990e-29
 128.498235     12.956    12.5904  32.945984    27.7670     12.840  273.50163  273.63474    45.3342    12.1824 -9.990e-29
 128.498238     12.976    12.5902  32.946218    27.7674     12.860  273.50247  273.63556    45.3498    12.1864 -9.990e-29
 128.498241     12.998    12.5899  32.945575    27.7670     12.882  273.50456  273.63765    45.3654    12.1824 -9.990e-29
 128.498244     13.020    12.5899  32.946160    27.7675     12.903  273.50384  273.63692    45.2253    12.2390 -9.990e-29
 128.498247     13.042    12.5896  32.946219    27.7678     12.925  273.50499  273.63805    48.9607    13.0315 -9.990e-29
 128.498249     13.058    12.5896  32.946862    27.7684     12.941  273.50386  273.63691    49.1008    12.9871 -9.990e-29
 128.498252     13.078    12.5896  32.946570    27.7681     12.961  273.50439  273.63745    48.9918    13.0275 -9.990e-29
 128.498255     13.100    12.5897  32.946862    27.7683     12.983  273.50358  273.63663    49.0074    12.9426 -9.990e-29
 128.498258     13.122    12.5897  32.945809    27.7673     13.005  273.50516  273.63823    49.0074    13.0194 -9.990e-29
 128.498261     13.148    12.5898  32.946160    27.7676     13.030  273.50424  273.63731    51.6689    13.2337 -9.990e-29
 128.498264     13.172    12.5899  32.946394    27.7677     13.054  273.50321  273.63629    51.6222    13.1933 -9.990e-29
 128.498267     13.194    12.5901  32.946628    27.7678     13.075  273.50219  273.63528    51.3264    13.2256 -9.990e-29
 128.498270     13.215    12.5901  32.946570    27.7677     13.097  273.50231  273.63540    51.6377    13.2175 -9.990e-29
 128.498273     13.233    12.5903  32.947038    27.7680     13.115  273.50056  273.63365    45.7856    12.7161 -9.990e-29
 128.498275     13.252    12.5904  32.946862    27.7677     13.133  273.50026  273.63337    45.8634    12.7080 -9.990e-29
 128.498278     13.274    12.5905  32.946570    27.7674     13.155  273.50048  273.63360    45.8478    12.6757 -9.990e-29
 128.498281     13.290    12.5906  32.946629    27.7674     13.171  273.50008  273.63320    45.6299    12.7000 -9.990e-29
 128.498284     13.314    12.5907  32.946629    27.7673     13.194  273.49979  273.63291    54.8906    14.1840 -9.990e-29
 128.498287     13.337    12.5907  32.946395    27.7670     13.218  273.49991  273.63304    54.9062    14.1314 -9.990e-29
 128.498290     13.361    12.5907  32.947447    27.7680     13.241  273.49805  273.63117    54.9529    14.1557 -9.990e-29
 128.498293     13.388    12.5908  32.946220    27.7668     13.268  273.49994  273.63308    54.9373    14.1557 -9.990e-29
 128.498296     13.410    12.5907  32.947155    27.7677     13.290  273.49860  273.63172    56.2292    13.7392 -9.990e-29
 128.498299     13.443    12.5907  32.945401    27.7661     13.322  273.50206  273.63520    56.4626    13.7513 -9.990e-29
 128.498302     13.463    12.5908  32.946863    27.7674     13.342  273.49885  273.63198    56.2914    13.6340 -9.990e-29
 128.498304     13.488    12.5909  32.946980    27.7674     13.368  273.49803  273.63117    56.1980    13.6623 -9.990e-29
 128.498307     13.507    12.5909  32.946863    27.7672     13.386  273.49825  273.63140    56.2292    13.7068 -9.990e-29
 128.498310     13.523    12.5909  32.946863    27.7672     13.402  273.49826  273.63141    58.2214    14.6126 -9.990e-29
 128.498313     13.540    12.5911  32.945811    27.7661     13.418  273.49953  273.63269    58.2369    14.6005 -9.990e-29
 128.498316     13.560    12.5912  32.947039    27.7672     13.438  273.49673  273.62989    58.2836    14.5641 -9.990e-29
 128.498319     13.583    12.5914  32.946396    27.7665     13.462  273.49727  273.63045    58.2058    14.6005 -9.990e-29
 128.498322     13.609    12.5914  32.946396    27.7664     13.487  273.49698  273.63016    52.0735    13.3914 -9.990e-29
 128.498325     13.629    12.5914  32.946630    27.7666     13.507  273.49658  273.62976    52.2759    13.4076 -9.990e-29
 128.498328     13.653    12.5914  32.946396    27.7664     13.530  273.49701  273.63019    51.8868    13.3510 -9.990e-29
 128.498330     13.673    12.5914  32.946981    27.7669     13.550  273.49598  273.62916    52.1669    13.3955 -9.990e-29
 128.498333     13.695    12.5914  32.947039    27.7670     13.572  273.49589  273.62907    53.1319    13.6826 -9.990e-29
 128.498336     13.720    12.5917  32.945987    27.7658     13.597  273.49654  273.62975    53.1163    13.7190 -9.990e-29
 128.498339     13.742    12.5919  32.945577    27.7653     13.619  273.49666  273.62988    52.8050    13.6785 -9.990e-29
 128.498342     13.760    12.5920  32.946864    27.7664     13.637  273.49376  273.62698    52.9762    13.6947 -9.990e-29
 128.498345     13.784    12.5919  32.946864    27.7665     13.661  273.49440  273.62760    58.4860    15.0534 -9.990e-29
 128.498348     13.804    12.5919  32.946572    27.7662     13.681  273.49493  273.62814    58.5015    15.0614 -9.990e-29
 128.498351     13.826    12.5919  32.946864    27.7665     13.702  273.49443  273.62763    58.4082    14.9967 -9.990e-29
 128.498354     13.850    12.5920  32.946396    27.7659     13.726  273.49466  273.62788    58.6416    15.0453 -9.990e-29
 128.498356     13.874    12.5918  32.946572    27.7658     13.749  273.49529  273.62849    58.5171    15.0331 -9.990e-29
 128.498359     13.903    12.5919  32.946221    27.7658     13.778  273.49563  273.62884    56.4782    14.4266 0.0000e+00
 128.498362     13.930    12.5918  32.946630    27.7658     13.805  273.49522  273.62843    56.5871    14.4549 -9.990e-29
 128.498365     13.951    12.5921  32.945812    27.7653     13.826  273.49545  273.62869    56.4782    14.3619 -9.990e-29
 128.498368     13.971    12.5922  32.946631    27.7659     13.845  273.49339  273.62662    56.5560    14.4064 -9.990e-29
 128.498371     13.991    12.5925  32.946631    27.7657     13.865  273.49216  273.62541    58.7194    14.8350 -9.990e-29
 128.498374     14.009    12.5928  32.945812    27.7647     13.883  273.49239  273.62567    58.6727    14.7824 -9.990e-29
 128.498377     14.023    12.5928  32.946631    27.7655     13.898  273.49094  273.62421    58.5794    14.7582 -9.990e-29
 128.498380     14.042    12.5930  32.947040    27.7657     13.916  273.48929  273.62257    58.7194    14.7743 -9.990e-29
 128.498383     14.060    12.5930  32.947157    27.7658     13.934  273.48909  273.62237    67.9334    16.1007 -9.990e-29
 128.498385     14.080    12.5931  32.947274    27.7658     13.954  273.48827  273.62156    67.9334    16.1411 -9.990e-29
 128.498388     14.102    12.5932  32.946397    27.7660     13.976  273.48954  273.62284    67.8556    16.1371 -9.990e-29
 128.498391     14.129    12.5933  32.947567    27.7657     14.003  273.48716  273.62046    67.9490    16.1330 0.0000e+00
 128.498394     14.156    12.5934  32.947040    27.7654     14.030  273.48781  273.62112    70.7973    16.4039 0.0000e+00
 128.498397     14.191    12.5933  32.946631    27.7654     14.064  273.48887  273.62218    70.7973    16.3999 0.0000e+00
 128.498400     14.219    12.5933  32.947157    27.7653     14.091  273.48795  273.62125    70.7350    16.3918 0.0000e+00
 128.498403     14.244    12.5934  32.945988    27.7655     14.116  273.48943  273.62275    70.7350    16.3878 -9.990e-29
 128.498406     14.264    12.5934  32.946397    27.7648     14.136  273.48903  273.62234    70.7973    16.3918 -9.990e-29
 128.498409     14.277    12.5934  32.944819    27.7632     14.149  273.49154  273.62487    69.0074    15.6397 -9.990e-29
 128.498411     14.293    12.5935  32.946398    27.7646     14.165  273.48843  273.62175    69.1786    15.6033 -9.990e-29
 128.498414     14.306    12.5935  32.946222    27.7645     14.178  273.48875  273.62207    69.1630    15.6033 -9.990e-29
 128.498417     14.323    12.5936  32.945404    27.7636     14.194  273.48960  273.62294    69.0385    15.5993 -9.990e-29
 128.498420     14.341    12.5934  32.944994    27.7634     14.212  273.49127  273.62460    68.6027    16.0238 -9.990e-29
 128.498423     14.358    12.5935  32.946222    27.7631     14.229  273.48878  273.62211    68.5716    16.0036 -9.990e-29
 128.498426     14.385    12.5936  32.944819    27.7634     14.256  273.49099  273.62433    68.5249    15.9996 0.0000e+00
 128.498429     14.410    12.5935  32.945579    27.7638     14.281  273.48996  273.62329    68.6338    16.0279 0.0000e+00
 128.498432     14.436    12.5936  32.945813    27.7640     14.307  273.48925  273.62259    72.8984    15.3243 0.0000e+00
