Processed/SBE19plus_01907321_2022_05_06_Cast54_wfilter.cnv
* Sea-Bird SBE19plus  Data File:
* FileName = E:\Prandtl Daten\2022\CTD\Raw\SBE19plus_01907321_2022_05_06_Cast54.hex
* Software version 2.6.1.12
* Temperature SN = 7321
* Conductivity SN = 7321
* System UpLoad Time = May 06 2022 13:17:19
* <ApplicationData>
* <Seaterm232>
** Messpraktikum 2022
** CTD 06.05 TS
** NMEA Latitude = 54 07,63 N
** NMEA Longitude = 008 42.13 E
# nquan = 11
# nvalues = 467                         
# units = specified
# name 0 = timeJ: Julian Days
# name 1 = prdM: Pressure, Strain Gauge [db]
# name 2 = tv290C: Temperature [ITS-90, deg C]
# name 3 = c0mS/cm: Conductivity [mS/cm]
# name 4 = sal00: Salinity, Practical [PSU]
# name 5 = depSM: Depth [salt water, m], lat = 54.00
# name 6 = oxsatMm/Kg: Oxygen Saturation, Weiss [umol/kg]
# name 7 = oxsolMm/Kg: Oxygen Saturation, Garcia & Gordon [umol/kg]
# name 8 = turbWETntu0: Turbidity, WET Labs ECO [NTU]
# name 9 = flECO-AFL: Fluorescence, WET Labs ECO-AFL/FL [mg/m^3]
# name 10 = flag:  0.000e+00
# span 0 = 126.549418, 126.550767       
# span 1 =      0.541,     12.204       
# span 2 =    12.1096,    12.3938       
# span 3 =  31.489011,  31.927277       
# span 4 =    26.7128,    27.0250       
# span 5 =      0.536,     12.095       
# span 6 =  276.60775,  278.26976       
# span 7 =  276.73172,  278.38514       
# span 8 =    13.4587,    72.1358       
# span 9 =     7.4715,    15.5912       
# span 10 = 0.0000e+00, 0.0000e+00      
# interval = seconds: 0.25
# start_time = May 06 2022 13:09:56 [Instrument's time stamp, header]
# bad_flag = -9.990e-29
*END*
[from data line 263]
 126.550179      7.106    12.1170  31.497865    26.7575      7.042  278.22567  278.34148    34.7661    12.5342 -9.990e-29
 126.550182      7.126    12.1174  31.498095    26.7574      7.062  278.22335  278.33919    34.7973    12.5746 -9.990e-29
 126.550185      7.144    12.1175  31.498095    26.7573      7.080  278.22305  278.33889    34.7661    12.5220 -9.990e-29
 126.550188      7.164    12.1177  31.497866    26.7568      7.100  278.22253  278.33839    31.8556    12.2349 -9.990e-29
 126.550191      7.195    12.1176  31.497693    26.7572      7.131  278.22318  278.33904    31.9646    12.2430 0.0000e+00
 126.550194      7.228    12.1176  31.498498    26.7576      7.163  278.22173  278.33758    32.2292    12.2511 0.0000e+00
 126.550197      7.259    12.1177  31.499072    26.7576      7.194  278.22038  278.33623    32.0735    12.2592 0.0000e+00
 126.550200      7.286    12.1177  31.497694    26.7574      7.221  278.22292  278.33879    29.8634    12.2673 0.0000e+00
 126.550203      7.312    12.1176  31.498096    26.7568      7.246  278.22284  278.33869    29.8012    12.2390 -9.990e-29
 126.550205      7.332    12.1169  31.496487    26.7562      7.266  278.22898  278.34480    29.8323    12.3077 -9.990e-29
 126.550208      7.350    12.1165  31.497119    26.7571      7.284  278.22975  278.34553    29.5988    12.2996 -9.990e-29
 126.550211      7.368    12.1160  31.496890    26.7572      7.302  278.23209  278.34785    29.8167    12.2673 -9.990e-29
 126.550214      7.383    12.1159  31.497292    26.7576      7.317  278.23200  278.34775    30.0969    11.7295 -9.990e-29
 126.550217      7.396    12.1160  31.497694    26.7580      7.330  278.23096  278.34670    30.3148    11.7457 -9.990e-29
 126.550220      7.421    12.1162  31.496717    26.7568      7.355  278.23149  278.34726    30.3926    11.7578 -9.990e-29
 126.550223      7.445    12.1162  31.497292    26.7574      7.379  278.23077  278.34653    30.1124    11.7821 -9.990e-29
 126.550226      7.476    12.1160  31.497120    26.7574      7.409  278.23206  278.34781    35.4976    12.4290 0.0000e+00
 126.550229      7.516    12.1161  31.497120    26.7574      7.449  278.23145  278.34721    35.5443    12.4129 0.0000e+00
 126.550231      7.560    12.1163  31.498499    26.7584      7.493  278.22800  278.34376    35.4665    12.4290 0.0000e+00
 126.550234      7.604    12.1164  31.503613    26.7631      7.536  278.21835  278.33406    35.5910    12.4048 0.0000e+00
 126.550237      7.637    12.1170  31.506141    26.7641      7.569  278.21087  278.32660    36.1825    12.0651 0.0000e+00
 126.550240      7.664    12.1181  31.510911    26.7651      7.596  278.19738  278.31313    36.0891    11.9721 -9.990e-29
 126.550243      7.680    12.1195  31.512865    26.7696      7.612  278.18713  278.30296    36.1669    11.9478 -9.990e-29
 126.550246      7.690    12.1205  31.512175    26.7682      7.621  278.18394  278.29985    36.0891    12.0328 -9.990e-29
 126.550249      7.703    12.1212  31.510508    26.7661      7.634  278.18382  278.29979    36.4315    11.9883 -9.990e-29
 126.550252      7.712    12.1213  31.511083    26.7666      7.643  278.18246  278.29842    38.9685    13.0032 -9.990e-29
 126.550255      7.724    12.1211  31.512290    26.7678      7.655  278.18089  278.29684    38.9373    12.9345 -9.990e-29
 126.550258      7.746    12.1213  31.514014    26.7694      7.677  278.17711  278.29305    38.8751    12.9466 -9.990e-29
 126.550260      7.774    12.1216  31.514244    26.7696      7.704  278.17544  278.29139    38.8595    12.9992 0.0000e+00
 126.550263      7.810    12.1222  31.515221    26.7698      7.740  278.17081  278.28679    39.9490    12.4331 0.0000e+00
 126.550266      7.846    12.1225  31.526428    26.7801      7.776  278.14904  278.26493    39.9801    12.4493 0.0000e+00
 126.550269      7.888    12.1243  31.537522    26.7892      7.817  278.12049  278.23638    39.9646    12.4614 0.0000e+00
 126.550272      7.919    12.1276  31.548157    26.7930      7.848  278.08609  278.20210    39.9957    12.4573 0.0000e+00
 126.550275      7.950    12.1315  31.551089    26.7968      7.879  278.06293  278.17918    39.1552    12.1541 -9.990e-29
 126.550278      7.974    12.1347  31.553446    26.7967      7.902  278.04432  278.16075    39.1397    12.0975 -9.990e-29
 126.550281      7.988    12.1369  31.560978    26.8022      7.917  278.02038  278.13688    39.2642    12.1985 -9.990e-29
 126.550284      8.005    12.1391  31.562761    26.8023      7.933  278.00727  278.12390    39.2175    12.1905 -9.990e-29
 126.550286      8.017    12.1408  31.568051    26.8061      7.946  277.98997  278.10666    40.2914    12.8253 -9.990e-29
 126.550289      8.035    12.1428  31.570639    26.8070      7.964  277.97602  278.09283    40.0268    12.8779 -9.990e-29
 126.550292      8.059    12.1445  31.576390    26.8112      7.987  277.95789  278.07475    40.2292    12.8738 -9.990e-29
 126.550295      8.081    12.1464  31.577367    26.8108      8.009  277.94754  278.06451    40.2914    12.8698 -9.990e-29
 126.550298      8.110    12.1474  31.578173    26.8118      8.038  277.94131  278.05835    40.2136    12.7606 0.0000e+00
 126.550301      8.139    12.1482  31.580933    26.8127      8.067  277.93247  278.04954    41.3031    12.7364 0.0000e+00
 126.550304      8.169    12.1491  31.588411    26.8191      8.096  277.91501  278.03205    41.5210    12.8132 0.0000e+00
 126.550307      8.200    12.1506  31.593760    26.8230      8.126  277.89825  278.01535    41.5988    12.8132 0.0000e+00
 126.550310      8.232    12.1532  31.607567    26.8341      8.159  277.86128  277.97841    41.4743    12.7444 0.0000e+00
 126.550313      8.258    12.1571  31.610731    26.8342      8.184  277.83804  277.95540    40.1669    12.3441 0.0000e+00
 126.550315      8.287    12.1604  31.609178    26.8343      8.213  277.82596  277.94356    40.1825    12.4048 -9.990e-29
 126.550318      8.309    12.1619  31.613896    26.8338      8.235  277.81036  277.92802    40.0891    12.4129 -9.990e-29
 126.550321      8.335    12.1633  31.621434    26.8399      8.260  277.79026  277.90793    40.2603    12.3926 -9.990e-29
 126.550324      8.356    12.1655  31.622814    26.8396      8.282  277.77790  277.89570    39.3264    12.8132 -9.990e-29
 126.550327      8.388    12.1673  31.622987    26.8385      8.312  277.76934  277.88727    39.0774    12.8577 -9.990e-29
 126.550330      8.411    12.1684  31.625749    26.8402      8.336  277.75923  277.87721    39.1241    12.8132 -9.990e-29
 126.550333      8.437    12.1693  31.622239    26.8363      8.361  277.76153  277.87960    39.2953    12.7727 -9.990e-29
 126.550336      8.453    12.1695  31.619074    26.8332      8.378  277.76668  277.88480    39.1241    12.7606 -9.990e-29
 126.550339      8.475    12.1686  31.618441    26.8332      8.399  277.77167  277.88973    39.1241    12.7889 -9.990e-29
 126.550341      8.489    12.1680  31.620628    26.8357      8.414  277.77054  277.88854    39.2331    12.7930 -9.990e-29
 126.550344      8.504    12.1679  31.622584    26.8376      8.428  277.76730  277.88527    39.2175    12.7444 -9.990e-29
 126.550347      8.528    12.1685  31.626383    26.8407      8.451  277.75784  277.87581    39.2798    12.7202 -9.990e-29
 126.550350      8.552    12.1696  31.626383    26.8444      8.475  277.75277  277.87082    38.8595    12.7404 -9.990e-29
 126.550353      8.579    12.1704  31.631735    26.8477      8.502  277.73952  277.85756    38.9062    12.7566 0.0000e+00
 126.550356      8.612    12.1716  31.639620    26.8509      8.535  277.71974  277.83779    38.8284    12.6919 0.0000e+00
 126.550359      8.645    12.1739  31.647735    26.8552      8.567  277.69447  277.81258    38.9840    12.6757 0.0000e+00
 126.550362      8.683    12.1770  31.648311    26.8552      8.605  277.67947  277.79779    40.7739    12.3563 0.0000e+00
 126.550365      8.714    12.1792  31.644799    26.8504      8.636  277.67573  277.79424    40.9918    12.3441 0.0000e+00
 126.550367      8.745    12.1798  31.645375    26.8503      8.666  277.67216  277.79071    40.9918    12.3401 0.0000e+00
 126.550370      8.774    12.1800  31.645548    26.8504      8.695  277.67091  277.78947    40.7584    12.3239 -9.990e-29
 126.550373      8.794    12.1801  31.648138    26.8527      8.715  277.66557  277.78410    40.9451    12.4331 -9.990e-29
 126.550376      8.814    12.1806  31.651880    26.8559      8.735  277.65653  277.77506    40.8517    12.4654 -9.990e-29
 126.550379      8.832    12.1818  31.654873    26.8579      8.753  277.64600  277.76457    40.8984    12.4129 -9.990e-29
 126.550382      8.851    12.1832  31.656658    26.8585      8.771  277.63640  277.75505    40.9918    12.4654 -9.990e-29
 126.550385      8.869    12.1844  31.660400    26.8612      8.790  277.62419  277.74288    38.8595    12.7525 -9.990e-29
 126.550388      8.893    12.1858  31.659824    26.8596      8.813  277.61890  277.73770    38.8751    12.7808 -9.990e-29
 126.550391      8.913    12.1865  31.659594    26.8588      8.833  277.61584  277.73469    38.9996    12.7404 -9.990e-29
 126.550394      8.933    12.1869  31.662991    26.8656      8.853  277.60807  277.72691    38.8906    12.6878 -9.990e-29
 126.550396      8.958    12.1877  31.667769    26.8665      8.878  277.59556  277.71441    38.8906    12.7364 0.0000e+00
 126.550399      8.989    12.1890  31.670533    26.8673      8.909  277.58482  277.70373    38.5327    12.7444 0.0000e+00
 126.550402      9.018    12.1905  31.672318    26.8678      8.938  277.57460  277.69359    38.5949    12.7202 0.0000e+00
 126.550405      9.051    12.1916  31.673067    26.8679      8.970  277.56850  277.68755    38.4860    12.8132 0.0000e+00
 126.550408      9.084    12.1924  31.676291    26.8695      9.003  277.55883  277.67791    38.3615    12.8051 0.0000e+00
 126.550411      9.113    12.1931  31.676061    26.8699      9.032  277.55609  277.67522    39.5599    12.5059 0.0000e+00
 126.550414      9.139    12.1939  31.675485    26.8695      9.057  277.55367  277.67286    39.5755    12.5625 -9.990e-29
 126.550417      9.157    12.1941  31.674679    26.8675      9.075  277.55420  277.67341    39.5288    12.5625 -9.990e-29
 126.550420      9.175    12.1943  31.671282    26.8641      9.093  277.55945  277.67871    39.5288    12.5867 -9.990e-29
 126.550422      9.191    12.1937  31.664545    26.8582      9.109  277.57461  277.69389    39.4976    12.5584 -9.990e-29
 126.550425      9.215    12.1919  31.664948    26.8599      9.133  277.58183  277.70099    39.5132    12.5180 -9.990e-29
 126.550428      9.233    12.1907  31.666330    26.8620      9.151  277.58472  277.70378    39.3887    12.5584 -9.990e-29
 126.550431      9.257    12.1902  31.665582    26.8594      9.174  277.58832  277.70736    39.5288    12.5706 -9.990e-29
 126.550434      9.283    12.1902  31.663164    26.8582      9.200  277.59306  277.71213    42.8906    12.6757 0.0000e+00
 126.550437      9.317    12.1896  31.659998    26.8569      9.234  277.60140  277.72046    42.9373    12.6757 0.0000e+00
 126.550440      9.348    12.1886  31.658041    26.8569      9.265  277.60976  277.72877    43.0619    12.6757 0.0000e+00
 126.550443      9.387    12.1875  31.662013    26.8602      9.303  277.60730  277.72620    42.8284    12.6838 0.0000e+00
 126.550446      9.423    12.1878  31.669728    26.8673      9.339  277.59198  277.71081    42.6727    12.6070 0.0000e+00
 126.550448      9.452    12.1891  31.671110    26.8674      9.368  277.58376  277.70267    40.6650    12.5746 0.0000e+00
 126.550451      9.478    12.1905  31.673701    26.8676      9.393  277.57239  277.69137    40.7584    12.6272 -9.990e-29
 126.550454      9.500    12.1919  31.673701    26.8680      9.415  277.56637  277.68544    40.6805    12.6070 -9.990e-29
 126.550457      9.509    12.1928  31.678423    26.8718      9.424  277.55364  277.67272    40.7584    12.6070 -9.990e-29
 126.550460      9.527    12.1942  31.680035    26.8723      9.442  277.54436  277.66352    41.3654    12.8738 -9.990e-29
 126.550463      9.544    12.1953  31.684412    26.8756      9.458  277.53131  277.65050    41.4587    12.8051 -9.990e-29
 126.550466      9.564    12.1969  31.688328    26.8781      9.478  277.51688  277.63614    41.4743    12.8294 -9.990e-29
 126.550469      9.582    12.1983  31.687349    26.8762      9.496  277.51233  277.63170    41.5521    12.8253 -9.990e-29
 126.550472      9.606    12.1991  31.686773    26.8754      9.520  277.50991  277.62933    41.9412    12.5180 -9.990e-29
 126.550475      9.633    12.1994  31.687349    26.8751      9.547  277.50761  277.62704    42.1436    12.5463 0.0000e+00
 126.550477      9.666    12.1995  31.686773    26.8750      9.580  277.50804  277.62750    42.0035    12.5180 0.0000e+00
 126.550480      9.697    12.1996  31.687176    26.8750      9.610  277.50669  277.62615    41.9568    12.5180 0.0000e+00
 126.550483      9.728    12.1996  31.688155    26.8755      9.641  277.50525  277.62469    40.8984    12.6474 0.0000e+00
 126.550486      9.759    12.1999  31.687752    26.8760      9.672  277.50473  277.62420    40.9762    12.6514 -9.990e-29
 126.550489      9.783    12.1999  31.685967    26.8736      9.695  277.50769  277.62718    40.9918    12.6231 -9.990e-29
 126.550492      9.805    12.1998  31.683606    26.8715      9.717  277.51264  277.63215    41.1008    12.6474 -9.990e-29
 126.550495      9.828    12.1993  31.677847    26.8665      9.740  277.52538  277.64491    40.9296    12.6070 -9.990e-29
 126.550498      9.852    12.1977  31.674278    26.8643      9.764  277.53920  277.65866    39.4976    12.8779 -9.990e-29
 126.550501      9.876    12.1961  31.675487    26.8666      9.787  277.54432  277.66365    39.5132    12.8294 -9.990e-29
 126.550503      9.903    12.1954  31.677675    26.8691      9.814  277.54320  277.66247    39.5132    12.8577 -9.990e-29
 126.550506      9.925    12.1953  31.672493    26.8643      9.836  277.55330  277.67262    39.4198    12.9143 -9.990e-29
 126.550509      9.949    12.1946  31.672090    26.8644      9.860  277.55723  277.67650    40.8673    12.7202 -9.990e-29
 126.550512      9.970    12.1938  31.669729    26.8638      9.881  277.56504  277.68429    40.9762    12.6838 -9.990e-29
 126.550515      9.999    12.1928  31.670133    26.8651      9.910  277.56877  277.68794    40.9918    12.7000 0.0000e+00
 126.550518     10.029    12.1924  31.672494    26.8663      9.939  277.56639  277.68551    41.1319    12.7444 0.0000e+00
 126.550521     10.065    12.1926  31.677676    26.8711      9.975  277.55633  277.67540    40.1047    12.4331 0.0000e+00
 126.550524     10.091    12.1937  31.681246    26.8723     10.000  277.54475  277.66387    40.2447    12.3279 0.0000e+00
 126.550527     10.118    12.1950  31.682225    26.8736     10.027  277.53695  277.65615    40.1358    12.3643 -9.990e-29
 126.550530     10.140    12.1961  31.687754    26.8780     10.049  277.52213  277.64134    40.1513    12.4209 -9.990e-29
 126.550532     10.156    12.1975  31.691324    26.8803     10.065  277.50896  277.62824    40.1513    12.0934 -9.990e-29
 126.550535     10.174    12.1991  31.691900    26.8797     10.083  277.50094  277.62031    40.3692    12.1460 -9.990e-29
 126.550538     10.189    12.2003  31.692131    26.8790     10.098  277.49482  277.61427    40.3537    12.1622 -9.990e-29
 126.550541     10.211    12.2011  31.694319    26.8805     10.119  277.48767  277.60715    40.1358    12.1622 -9.990e-29
 126.550544     10.231    12.2016  31.693686    26.8795     10.139  277.48630  277.60582    40.2292    12.1783 -9.990e-29
 126.550547     10.255    12.2020  31.694319    26.8850     10.163  277.48357  277.60312    40.3070    12.7040 -9.990e-29
 126.550550     10.282    12.2023  31.700079    26.8856     10.190  277.47150  277.59101    40.2136    12.7121 0.0000e+00
 126.550553     10.307    12.2034  31.702268    26.8863     10.215  277.46277  277.58233    40.2603    12.7161 0.0000e+00
