Processed/SBE19plus_01907321_2022_05_04_Cast20_wfilter.cnv
* Sea-Bird SBE19plus  Data File:
* FileName = E:\Prandtl Daten\2022\CTD\Raw\SBE19plus_01907321_2022_05_04_Cast20.hex
* Software version 2.6.1.12
* Temperature SN = 7321
* Conductivity SN = 7321
* System UpLoad Time = May 04 2022 13:37:05
* <ApplicationData>
* <Seaterm232>
** Messpraktikum 2022
** CTD 04.05 BM
# nquan = 11
# nvalues = 704                         
# units = specified
# name 0 = timeJ: Julian Days
# name 1 = prdM: Pressure, Strain Gauge [db]
# name 2 = tv290C: Temperature [ITS-90, deg C]
# name 3 = c0mS/cm: Conductivity [mS/cm]
# name 4 = sal00: Salinity, Practical [PSU]
# name 5 = depSM: Depth [salt water, m], lat = 54.00
# name 6 = oxsatMm/Kg: Oxygen Saturation, Weiss [umol/kg]
# name 7 = oxsolMm/Kg: Oxygen Saturation, Garcia & Gordon [umol/kg]
# name 8 = turbWETntu0: Turbidity, WET Labs ECO [NTU]
# name 9 = flECO-AFL: Fluorescence, WET Labs ECO-AFL/FL [mg/m^3]
# name 10 = flag:  0.000e+00
# span 0 = 124.562098, 124.564132       
# span 1 =      0.536,     17.069       
# span 2 =    12.0286,    12.2025       
# span 3 =  31.895318,  32.177687       
# span 4 =    27.0719,    27.4579       
# span 5 =      0.531,     16.916       
# span 6 =  277.07742,  277.47168       
# span 7 =  277.19414,  277.57859       
# span 8 =    12.8206,    33.5677       
# span 9 =     6.6668,     9.7158       
# span 10 = 0.0000e+00, 0.0000e+00      
# interval = seconds: 0.25
# start_time = May 04 2022 13:28:06 [Instrument's time stamp, header]
# bad_flag = -9.990e-29
*END*
[from data line 132]
 124.562480      3.673    12.1174  31.930909    27.1653      3.640  277.42906  277.54031    17.8945     7.3745 -9.990e-29
 124.562483      3.685    12.1176  31.931718    27.1659      3.652  277.42665  277.53789    17.8012     7.3704 -9.990e-29
 124.562486      3.705    12.1176  31.932873    27.1670      3.672  277.42455  277.53578    16.6183     7.5241 -9.990e-29
 124.562488      3.721    12.1176  31.934491    27.1685      3.688  277.42128  277.53250    16.4938     7.4998 -9.990e-29
 124.562491      3.749    12.1172  31.935704    27.1699      3.715  277.42097  277.53216    16.5249     7.5039 -9.990e-29
 124.562494      3.774    12.1165  31.936108    27.1696      3.740  277.42341  277.53454    16.4938     7.4998 -9.990e-29
 124.562497      3.800    12.1165  31.934895    27.1690      3.766  277.42564  277.53679    16.3537     7.3664 0.0000e+00
 124.562500      3.834    12.1166  31.933740    27.1690      3.800  277.42747  277.53862    16.1980     7.3947 0.0000e+00
 124.562503      3.865    12.1166  31.933278    27.1685      3.831  277.42833  277.53950    16.3692     7.3704 -9.990e-29
 124.562506      3.889    12.1167  31.934491    27.1686      3.854  277.42581  277.53697    16.3848     7.3866 -9.990e-29
 124.562509      3.917    12.1167  31.933914    27.1686      3.882  277.42689  277.53805    16.6183     7.2896 0.0000e+00
 124.562512      3.942    12.1166  31.934318    27.1686      3.907  277.42648  277.53763    16.5093     7.3179 -9.990e-29
 124.562514      3.964    12.1167  31.934087    27.1687      3.929  277.42629  277.53745    16.4938     7.2694 -9.990e-29
 124.562517      3.984    12.1166  31.934491    27.1691      3.948  277.42619  277.53734    16.6650     7.3340 -9.990e-29
 124.562520      4.001    12.1163  31.934723    27.1695      3.965  277.42704  277.53817    16.7584     7.1925 -9.990e-29
 124.562523      4.017    12.1161  31.934723    27.1697      3.981  277.42800  277.53912    16.7895     7.1763 -9.990e-29
 124.562526      4.039    12.1161  31.934896    27.1698      4.003  277.42770  277.53881    16.7895     7.1763 -9.990e-29
 124.562529      4.061    12.1160  31.934087    27.1692      4.025  277.42982  277.54094    16.7272     7.2127 -9.990e-29
 124.562532      4.085    12.1156  31.934896    27.1702      4.049  277.42994  277.54102    16.7739     7.1602 -9.990e-29
 124.562535      4.111    12.1155  31.934896    27.1698      4.074  277.43027  277.54135    15.3109     7.0389 0.0000e+00
 124.562538      4.138    12.1155  31.933914    27.1693      4.101  277.43209  277.54317    15.3420     7.0550 0.0000e+00
 124.562541      4.169    12.1156  31.933683    27.1692      4.132  277.43221  277.54331    15.3264     7.0631 0.0000e+00
 124.562543      4.195    12.1157  31.934319    27.1690      4.157  277.43075  277.54184    15.2798     7.0550 -9.990e-29
 124.562546      4.219    12.1158  31.941482    27.1762      4.181  277.41703  277.52806    15.5599     7.1804 -9.990e-29
 124.562549      4.242    12.1145  31.940905    27.1766      4.204  277.42410  277.53504    15.5910     7.1885 -9.990e-29
 124.562552      4.262    12.1133  31.941078    27.1776      4.224  277.42916  277.54001    15.4821     7.1642 -9.990e-29
 124.562555      4.277    12.1128  31.941483    27.1783      4.238  277.43064  277.54145    15.5755     7.1683 -9.990e-29
 124.562558      4.291    12.1125  31.939692    27.1769      4.253  277.43550  277.54631    14.8906     7.1359 -9.990e-29
 124.562561      4.304    12.1123  31.943331    27.1804      4.265  277.42948  277.54024    14.7506     7.1319 -9.990e-29
 124.562564      4.326    12.1116  31.950496    27.1877      4.287  277.41985  277.53049    14.9218     7.1278 -9.990e-29
 124.562567      4.346    12.1099  31.953905    27.1931      4.307  277.42120  277.53168    14.7973     7.1359 -9.990e-29
 124.562569      4.375    12.1081  31.953501    27.1924      4.336  277.43016  277.54052    15.6844     7.5524 0.0000e+00
 124.562572      4.404    12.1073  31.951305    27.1920      4.365  277.43767  277.54800    15.5599     7.5281 0.0000e+00
 124.562575      4.433    12.1072  31.951710    27.1920      4.393  277.43726  277.54758    15.5910     7.4998 0.0000e+00
 124.562578      4.466    12.1073  31.951883    27.1921      4.426  277.43665  277.54698    15.6377     7.5039 0.0000e+00
 124.562581      4.493    12.1073  31.952114    27.1921      4.453  277.43625  277.54657    15.4198     7.5160 0.0000e+00
 124.562584      4.519    12.1073  31.949399    27.1897      4.479  277.44124  277.55159    16.2759     7.1116 0.0000e+00
 124.562587      4.553    12.1075  31.947897    27.1889      4.513  277.44306  277.55344    16.2914     7.1440 0.0000e+00
 124.562590      4.583    12.1080  31.948937    27.1881      4.542  277.43897  277.54938    16.2759     7.1157 -9.990e-29
 124.562593      4.604    12.1083  31.949110    27.1887      4.563  277.43741  277.54783    16.3070     7.1036 -9.990e-29
 124.562595      4.623    12.1083  31.948128    27.1878      4.581  277.43922  277.54965    15.8868     7.1278 -9.990e-29
 124.562598      4.639    12.1083  31.947724    27.1873      4.598  277.43965  277.55009    15.8868     7.1238 -9.990e-29
 124.562601      4.657    12.1085  31.946106    27.1857      4.616  277.44168  277.55215    15.8868     7.1036 -9.990e-29
 124.562604      4.672    12.1085  31.946510    27.1861      4.631  277.44126  277.55173    15.7622     7.1197 -9.990e-29
 124.562607      4.694    12.1078  31.948533    27.1884      4.652  277.44042  277.55082    16.3537     7.4271 -9.990e-29
 124.562610      4.720    12.1075  31.950497    27.1905      4.678  277.43841  277.54877    16.4159     7.4473 -9.990e-29
 124.562613      4.738    12.1071  31.951884    27.1942      4.696  277.43747  277.54778    16.3692     7.4311 -9.990e-29
 124.562616      4.765    12.1068  31.953906    27.1939      4.723  277.43536  277.54563    16.2759     7.4351 0.0000e+00
 124.562619      4.793    12.1069  31.953329    27.1939      4.750  277.43580  277.54609    16.3226     7.2127 0.0000e+00
 124.562622      4.820    12.1069  31.955293    27.1936      4.777  277.43254  277.54280    16.4004     7.1763 -9.990e-29
 124.562624      4.843    12.1069  31.956044    27.1962      4.800  277.43118  277.54144    16.3537     7.1885 -9.990e-29
 124.562627      4.867    12.1065  31.956507    27.1968      4.823  277.43193  277.54215    16.3226     7.1966 -9.990e-29
 124.562630      4.892    12.1064  31.954716    27.1952      4.849  277.43586  277.54609    16.2603     7.1804 -9.990e-29
 124.562633      4.907    12.1061  31.954716    27.1954      4.863  277.43713  277.54734    16.4938     7.1157 -9.990e-29
 124.562636      4.925    12.1059  31.954889    27.1958      4.881  277.43777  277.54797    16.5405     7.1278 -9.990e-29
 124.562639      4.938    12.1060  31.955525    27.1963      4.894  277.43630  277.54650    16.5560     7.1319 -9.990e-29
 124.562642      4.960    12.1060  31.956912    27.1975      4.916  277.43346  277.54365    16.6494     7.1157 -9.990e-29
 124.562645      4.984    12.1058  31.958703    27.2016      4.939  277.43114  277.54130    16.8206     7.7344 -9.990e-29
 124.562648      5.013    12.1050  31.960494    27.2020      4.968  277.43135  277.54143    16.9451     7.7829 0.0000e+00
 124.562650      5.040    12.1044  31.960899    27.2024      4.995  277.43347  277.54350    16.7117     7.7627 0.0000e+00
 124.562653      5.076    12.1037  31.963153    27.2051      5.031  277.43252  277.54248    16.7739     7.7546 0.0000e+00
 124.562656      5.106    12.1030  31.962748    27.2051      5.060  277.43643  277.54635    16.5871     7.4634 0.0000e+00
 124.562659      5.135    12.1028  31.962517    27.2051      5.089  277.43782  277.54773    16.7584     7.4554 0.0000e+00
 124.562662      5.164    12.1029  31.961593    27.2047      5.118  277.43922  277.54914    16.6183     7.4554 0.0000e+00
 124.562665      5.191    12.1031  31.960495    27.2042      5.145  277.44030  277.55025    16.5249     7.4311 -9.990e-29
 124.562668      5.211    12.1034  31.959744    27.2020      5.165  277.44011  277.55009    16.0735     7.2613 -9.990e-29
 124.562671      5.231    12.1037  31.958935    27.2010      5.185  277.44035  277.55035    16.0735     7.2370 -9.990e-29
 124.562674      5.246    12.1041  31.958704    27.2006      5.199  277.43920  277.54924    16.1202     7.2734 -9.990e-29
 124.562677      5.263    12.1043  31.958126    27.1999      5.215  277.43933  277.54938    16.1047     7.2491 -9.990e-29
 124.562679      5.279    12.1043  31.958935    27.2006      5.232  277.43786  277.54790    16.0735     7.2491 -9.990e-29
 124.562682      5.299    12.1041  31.959109    27.2009      5.251  277.43818  277.54822    15.2331     7.3947 -9.990e-29
 124.562685      5.325    12.1042  31.959340    27.2010      5.277  277.43746  277.54750    15.1552     7.4028 -9.990e-29
 124.562688      5.346    12.1043  31.959918    27.2092      5.298  277.43610  277.54614    14.9996     7.3866 -9.990e-29
 124.562691      5.374    12.1043  31.968123    27.2121      5.326  277.42110  277.53105    15.1552     7.3785 0.0000e+00
 124.562694      5.399    12.1031  31.973325    27.2121      5.351  277.41695  277.52677    15.4354     7.2572 0.0000e+00
 124.562697      5.426    12.1011  31.979740    27.2150      5.378  277.41405  277.52366    15.3576     7.2572 -9.990e-29
 124.562700      5.446    12.0988  31.981995    27.2321      5.397  277.42066  277.53008    15.4198     7.2370 -9.990e-29
 124.562703      5.474    12.0961  31.986157    27.2321      5.425  277.42503  277.53422    15.3887     7.2613 0.0000e+00
 124.562705      5.501    12.0943  31.982747    27.2321      5.451  277.43949  277.54859    16.4159     7.5079 -9.990e-29
 124.562708      5.521    12.0933  31.975753    27.2243      5.472  277.45673  277.56583    16.4471     7.5241 -9.990e-29
 124.562711      5.541    12.0934  31.981938    27.2300      5.492  277.44478  277.55383    16.3848     7.5079 -9.990e-29
 124.562714      5.559    12.0933  31.986157    27.2341      5.510  277.43770  277.54669    16.3070     7.5281 -9.990e-29
 124.562717      5.574    12.0921  31.992400    27.2409      5.524  277.43163  277.54048    15.8245     8.2843 -9.990e-29
 124.562720      5.596    12.0900  31.997199    27.2469      5.546  277.43231  277.54096    15.8245     8.2924 -9.990e-29
 124.562723      5.619    12.0876  31.999569    27.2489      5.569  277.43869  277.54716    15.9023     8.2803 -9.990e-29
 124.562726      5.647    12.0860  31.996216    27.2474      5.597  277.45242  277.56080    15.7467     8.2803 0.0000e+00
 124.562729      5.674    12.0854  31.992575    27.2459      5.624  277.46163  277.57001    15.7467     8.2964 0.0000e+00
 124.562731      5.707    12.0857  31.989800    27.2438      5.656  277.46547  277.57391    16.2136     7.2451 0.0000e+00
 124.562734      5.737    12.0864  31.991187    27.2438      5.685  277.45980  277.56827    16.3381     7.2451 0.0000e+00
 124.562737      5.766    12.0869  31.993962    27.2449      5.714  277.45253  277.56100    16.2292     7.2653 0.0000e+00
 124.562740      5.791    12.0867  31.995581    27.2461      5.740  277.45053  277.55897    16.3848     7.2330 -9.990e-29
 124.562743      5.815    12.0860  31.996968    27.2495      5.763  277.45084  277.55922    16.3537     7.1400 -9.990e-29
 124.562746      5.835    12.0852  31.996969    27.2501      5.783  277.45463  277.56295    16.4159     7.1238 -9.990e-29
 124.562749      5.852    12.0849  31.998009    27.2513      5.800  277.45400  277.56229    16.3848     7.1238 -9.990e-29
 124.562752      5.866    12.0845  31.999801    27.2533      5.814  277.45261  277.56086    16.4004     7.1319 -9.990e-29
 124.562755      5.885    12.0839  32.002981    27.2567      5.832  277.44932  277.55749    15.4976     7.7061 -9.990e-29
 124.562758      5.903    12.0828  32.015065    27.2689      5.850  277.43223  277.54019    15.4976     7.6980 -9.990e-29
 124.562760      5.927    12.0804  32.022641    27.2806      5.874  277.42938  277.53710    15.5755     7.7142 -9.990e-29
 124.562763      5.952    12.0776  32.023451    27.2806      5.899  277.44051  277.54802    15.7311     7.6939 0.0000e+00
 124.562766      5.980    12.0759  32.018478    27.2806      5.926  277.45720  277.56465    17.6611     7.1844 -9.990e-29
 124.562769      6.005    12.0755  32.011828    27.2711      5.951  277.47098  277.57848    17.7389     7.1683 -9.990e-29
 124.562772      6.025    12.0762  32.014662    27.2757      5.971  277.46266  277.57017    17.8790     7.2289 -9.990e-29
 124.562775      6.056    12.0767  32.017669    27.2757      6.002  277.45527  277.56278    17.8323     7.1723 0.0000e+00
 124.562778      6.081    12.0762  32.017264    27.2757      6.027  277.45792  277.56541    17.8634     7.1966 -9.990e-29
 124.562781      6.105    12.0756  32.024666    27.2831      6.050  277.44721  277.55457    15.1552     7.1359 -9.990e-29
 124.562784      6.128    12.0744  32.021659    27.2811      6.074  277.45809  277.56540    15.2642     7.1440 -9.990e-29
 124.562786      6.150    12.0738  32.023278    27.2831      6.095  277.45797  277.56522    15.0930     7.1116 -9.990e-29
 124.562789      6.165    12.0736  32.022295    27.2822      6.110  277.46041  277.56766    15.0930     7.1076 -9.990e-29
 124.562792      6.190    12.0732  32.023683    27.2838      6.135  277.45977  277.56698    15.5132     7.1885 -9.990e-29
 124.562795      6.209    12.0732  32.026459    27.2865      6.153  277.45501  277.56218    15.5443     7.1885 -9.990e-29
 124.562798      6.232    12.0729  32.027095    27.2873      6.177  277.45512  277.56227    15.6377     7.1804 -9.990e-29
 124.562801      6.261    12.0723  32.026691    27.2879      6.205  277.45840  277.56551    15.6533     7.1683 0.0000e+00
 124.562804      6.291    12.0721  32.027905    27.2885      6.235  277.45714  277.56422    15.9023     7.0469 0.0000e+00
 124.562807      6.320    12.0720  32.027674    27.2886      6.264  277.45821  277.56529    15.7934     7.0712 0.0000e+00
 124.562810      6.351    12.0720  32.028889    27.2896      6.294  277.45600  277.56307    15.9490     7.0672 0.0000e+00
 124.562813      6.378    12.0715  32.028715    27.2897      6.321  277.45854  277.56558    15.8868     7.0469 0.0000e+00
 124.562815      6.404    12.0713  32.027674    27.2898      6.346  277.46141  277.56845    15.3264     7.1278 -9.990e-29
 124.562818      6.427    12.0713  32.026865    27.2882      6.370  277.46292  277.56995    15.3887     7.1278 -9.990e-29
 124.562821      6.450    12.0713  32.026460    27.2878      6.392  277.46367  277.57072    15.4510     7.1157 -9.990e-29
 124.562824      6.470    12.0712  32.026691    27.2881      6.412  277.46358  277.57061    15.4043     7.1440 -9.990e-29
 124.562827      6.483    12.0712  32.026460    27.2878      6.425  277.46401  277.57105    15.2798     7.1359 -9.990e-29
 124.562830      6.497    12.0713  32.025304    27.2867      6.439  277.46583  277.57288    15.2953     7.5079 -9.990e-29
 124.562833      6.510    12.0709  32.027675    27.2892      6.452  277.46306  277.57007    15.3731     7.5322 -9.990e-29
 124.562836      6.528    12.0709  32.028311    27.2898      6.470  277.46191  277.56891    15.4043     7.5241 -9.990e-29
 124.562839      6.550    12.0709  32.028080    27.2891      6.492  277.46266  277.56966    15.3420     7.5160 -9.990e-29
 124.562841      6.579    12.0708  32.027501    27.2893      6.520  277.46406  277.57105    15.1864     7.5645 0.0000e+00
 124.562844      6.605    12.0702  32.027502    27.2894      6.546  277.46659  277.57355    15.0619     7.5564 0.0000e+00
 124.562847      6.634    12.0699  32.027097    27.2895      6.575  277.46893  277.57587    15.1552     7.5726 0.0000e+00
 124.562850      6.661    12.0698  32.028716    27.2902      6.602  277.46629  277.57321    15.0463     7.5524 0.0000e+00
 124.562853      6.694    12.0697  32.028312    27.2909      6.634  277.46737  277.57429    16.1513     7.5969 -9.990e-29
