Processed/SBE19plus_01907321_2022_05_09_Cast100_wfilter.cnv
* Sea-Bird SBE19plus  Data File:
* FileName = E:\Prandtl_Daten\2022\CTD\Raw\SBE19plus_01907321_2022_05_09_Cast100.hex
* Software version 2.6.1.12
* Temperature SN = 7321
* Conductivity SN = 7321
* System UpLoad Time = May 09 2022 11:38:41
* <ApplicationData>
* <Seaterm232>
** Messpraktikum 2022
** CTD 09.05 SW1
** NMEA Latitude = 54 04.936 N
** NMEA Longitude = 008 29.675 E
# nquan = 11
# nvalues = 479                         
# units = specified
# name 0 = timeJ: Julian Days
# name 1 = prdM: Pressure, Strain Gauge [db]
# name 2 = tv290C: Temperature [ITS-90, deg C]
# name 3 = c0mS/cm: Conductivity [mS/cm]
# name 4 = sal00: Salinity, Practical [PSU]
# name 5 = depSM: Depth [salt water, m], lat = 54.00
# name 6 = oxsatMm/Kg: Oxygen Saturation, Weiss [umol/kg]
# name 7 = oxsolMm/Kg: Oxygen Saturation, Garcia & Gordon [umol/kg]
# name 8 = turbWETntu0: Turbidity, WET Labs ECO [NTU]
# name 9 = flECO-AFL: Fluorescence, WET Labs ECO-AFL/FL [mg/m^3]
# name 10 = flag:  0.000e+00
# span 0 = 129.480512, 129.481895       
# span 1 =      0.431,     12.850       
# span 2 =    12.0876,    12.6962       
# span 3 =  31.117968,  32.021882       
# span 4 =    26.2505,    27.0750       
# span 5 =      0.427,     12.735       
# span 6 =  275.70183,  278.54079       
# span 7 =  275.85622,  278.66543       
# span 8 =     3.4821,    30.9062       
# span 9 =     3.6948,     9.8209       
# span 10 = 0.0000e+00, 0.0000e+00      
# interval = seconds: 0.25
# start_time = May 09 2022 11:30:52 [Instrument's time stamp, header]
# bad_flag = -9.990e-29
*END*
[from data line 132]
 129.480894      3.822    12.1891  31.159960    26.3908      3.788  278.51260  278.63680     8.5405     7.5686 0.0000e+00
 129.480897      3.875    12.1879  31.164996    26.3964      3.840  278.50921  278.63328     8.4471     7.5807 0.0000e+00
 129.480900      3.913    12.1857  31.164424    26.3969      3.878  278.52022  278.64415     8.4626     7.1197 0.0000e+00
 129.480903      3.939    12.1841  31.162879    26.3974      3.903  278.53044  278.65427     8.5871     7.1359 -9.990e-29
 129.480906      3.944    12.1831  31.165397    26.4001      3.909  278.53033  278.65408     8.5093     7.1116 -9.990e-29
 129.480909      3.943    12.1827  31.168316    26.4031      3.907  278.52692  278.65061     8.5249     7.0833 -9.990e-29
 129.480911      3.932    12.1825  31.174381    26.4090      3.897  278.51680  278.64041     9.8012     8.1792 -9.990e-29
 129.480914      3.921    12.1814  31.180562    26.4155      3.886  278.51031  278.63378     9.7856     8.1953 -9.990e-29
 129.480917      3.912    12.1796  31.189491    26.4251      3.877  278.50233  278.62559     9.7545     8.1509 -9.990e-29
 129.480920      3.915    12.1773  31.193613    26.4306      3.880  278.50505  278.62812     9.8323     8.1792 -9.990e-29
 129.480923      3.928    12.1754  31.200597    26.4385      3.893  278.50127  278.62414     8.2914     7.4554 -9.990e-29
 129.480926      3.950    12.1743  31.212104    26.4568      3.915  278.48507  278.60774     8.2914     7.4271 -9.990e-29
 129.480929      3.983    12.1729  31.218345    26.4618      3.947  278.48009  278.60261     8.2136     7.4554 0.0000e+00
 129.480932      4.017    12.1711  31.227508    26.4667      3.981  278.47170  278.59399     8.2914     7.4634 0.0000e+00
 129.480935      4.056    12.1684  31.230371    26.4712      4.019  278.47866  278.60075     8.3226     7.4634 0.0000e+00
 129.480938      4.105    12.1660  31.233922    26.4763      4.068  278.48341  278.60529     8.0580     7.6818 0.0000e+00
 129.480940      4.149    12.1646  31.240394    26.4833      4.112  278.47801  278.59973     7.9957     7.6899 0.0000e+00
 129.480943      4.191    12.1630  31.241139    26.4851      4.153  278.48372  278.60533     8.1513     7.6939 0.0000e+00
 129.480946      4.229    12.1616  31.248757    26.4910      4.191  278.47622  278.59766     7.9646     7.7101 0.0000e+00
 129.480949      4.266    12.1601  31.245264    26.4910      4.227  278.48968  278.61105     9.0541     7.1723 0.0000e+00
 129.480952      4.296    12.1599  31.239593    26.4901      4.258  278.50071  278.62213     9.0696     7.2047 0.0000e+00
 129.480955      4.331    12.1609  31.244863    26.4901      4.292  278.48693  278.60836     9.0541     7.2047 0.0000e+00
 129.480958      4.369    12.1604  31.249216    26.4944      4.330  278.48092  278.60227     9.0074     7.1925 0.0000e+00
 129.480961      4.409    12.1588  31.255002    26.5010      4.370  278.47805  278.59923     7.5132     7.5079 0.0000e+00
 129.480964      4.448    12.1565  31.260101    26.5042      4.408  278.47899  278.59996     7.5132     7.5120 0.0000e+00
 129.480966      4.482    12.1543  31.264742    26.5074      4.442  278.48045  278.60123     7.5910     7.4998 -9.990e-29
 129.480969      4.506    12.1525  31.267893    26.5175      4.466  278.48334  278.60396     7.5443     7.4877 -9.990e-29
 129.480972      4.530    12.1506  31.269669    26.5205      4.489  278.48842  278.60890     8.1047     7.8274 -9.990e-29
 129.480975      4.541    12.1498  31.272993    26.5242      4.500  278.48619  278.60658     7.9801     7.8638 -9.990e-29
 129.480978      4.550    12.1492  31.279983    26.5311      4.509  278.47597  278.59624     7.9490     7.8395 -9.990e-29
 129.480981      4.554    12.1482  31.282161    26.5339      4.513  278.47678  278.59696     7.9957     7.8072 -9.990e-29
 129.480984      4.555    12.1474  31.281760    26.5341      4.514  278.48104  278.60117     8.0268     7.8274 -9.990e-29
 129.480987      4.557    12.1473  31.298552    26.5498      4.516  278.45064  278.57059     9.2720     7.1278 -9.990e-29
 129.480990      4.559    12.1457  31.306749    26.5587      4.518  278.44300  278.56276     9.2720     7.1238 -9.990e-29
 129.480992      4.568    12.1430  31.315004    26.5683      4.527  278.44036  278.55985     9.2720     7.1116 -9.990e-29
 129.480995      4.590    12.1414  31.323603    26.5865      4.548  278.43199  278.55128     9.2564     7.1076 -9.990e-29
 129.480998      4.619    12.1396  31.331803    26.5909      4.577  278.42532  278.54440     9.0074     7.2127 0.0000e+00
 129.481001      4.653    12.1366  31.339028    26.5954      4.612  278.42553  278.54434     8.9607     7.2006 0.0000e+00
 129.481004      4.692    12.1336  31.343559    26.5985      4.650  278.43100  278.54956     9.0229     7.2127 0.0000e+00
 129.481007      4.734    12.1312  31.338284    26.5997      4.691  278.45187  278.57031     9.0541     7.2047 0.0000e+00
 129.481010      4.772    12.1297  31.338456    26.5997      4.729  278.45829  278.57663     7.7155     6.6830 0.0000e+00
 129.481013      4.817    12.1290  31.350384    26.6114      4.774  278.43967  278.55784     7.7311     6.6628 0.0000e+00
 129.481016      4.858    12.1274  31.357898    26.6195      4.814  278.43296  278.55095     7.8868     6.6507 0.0000e+00
 129.481019      4.900    12.1250  31.368052    26.6307      4.856  278.42558  278.54329     7.7622     6.6628 0.0000e+00
 129.481021      4.936    12.1225  31.371207    26.6355      4.892  278.43131  278.54882     8.8517     7.1400 0.0000e+00
 129.481024      4.969    12.1199  31.377633    26.6433      4.925  278.43138  278.54864     8.8673     7.1925 0.0000e+00
 129.481027      4.995    12.1173  31.380617    26.6480      4.950  278.43773  278.55479     8.7117     7.2087 0.0000e+00
 129.481030      5.028    12.1150  31.381191    26.6501      4.983  278.44724  278.56413     8.8206     7.1966 0.0000e+00
 129.481033      5.055    12.1137  31.383715    26.6535      5.010  278.44869  278.56547     8.8362     7.2006 0.0000e+00
 129.481036      5.083    12.1127  31.389798    26.6598      5.037  278.44171  278.55837     7.9957     7.0025 0.0000e+00
 129.481039      5.113    12.1113  31.390601    26.6607      5.068  278.44696  278.56351     8.0580     6.9944 0.0000e+00
 129.481042      5.139    12.1097  31.394102    26.6616      5.093  278.44758  278.56399     8.0268     6.9782 -9.990e-29
 129.481045      5.161    12.1083  31.398234    26.6708      5.115  278.44641  278.56267     8.1669     7.0065 -9.990e-29
 129.481047      5.183    12.1073  31.402768    26.6758      5.137  278.44290  278.55904     8.5093     6.5900 -9.990e-29
 129.481050      5.194    12.1059  31.405695    26.6796      5.148  278.44392  278.55994     8.2603     6.5981 -9.990e-29
 129.481053      5.209    12.1051  31.409311    26.6835      5.162  278.44081  278.55674     8.2292     6.6143 -9.990e-29
 129.481056      5.218    12.1048  31.409425    26.6839      5.171  278.44220  278.55810     8.2292     6.6102 -9.990e-29
 129.481059      5.227    12.1043  31.412180    26.6868      5.180  278.43939  278.55523     8.7739     6.7962 -9.990e-29
 129.481062      5.231    12.1042  31.410803    26.6855      5.184  278.44223  278.55809     8.7272     6.7962 -9.990e-29
 129.481065      5.240    12.1046  31.411951    26.6863      5.193  278.43822  278.55409     8.8206     6.8124 -9.990e-29
 129.481068      5.254    12.1054  31.412754    26.6865      5.207  278.43325  278.54916     8.7895     6.8124 -9.990e-29
 129.481071      5.273    12.1070  31.418265    26.6935      5.226  278.41583  278.53180     8.7895     7.8516 -9.990e-29
 129.481073      5.311    12.1078  31.421996    26.6969      5.264  278.40551  278.52149     8.7272     7.8799 0.0000e+00
 129.481076      5.351    12.1070  31.428655    26.7003      5.303  278.39684  278.51270     8.6183     7.8476 0.0000e+00
 129.481079      5.402    12.1048  31.434741    26.7076      5.354  278.39592  278.51156     8.6961     7.8435 0.0000e+00
 129.481082      5.457    12.1022  31.436923    26.7114      5.408  278.40375  278.51919     8.6183     7.8314 0.0000e+00
 129.481085      5.515    12.1007  31.436349    26.7119      5.466  278.41154  278.52688     9.2564     6.3474 0.0000e+00
 129.481088      5.568    12.0997  31.442435    26.7183      5.518  278.40488  278.52009     9.2253     6.3434 0.0000e+00
 129.481091      5.622    12.0992  31.449326    26.7241      5.571  278.39451  278.50962     9.2720     6.3636 0.0000e+00
 129.481094      5.663    12.0978  31.447144    26.7246      5.613  278.40491  278.51995     9.2564     6.3353 0.0000e+00
 129.481097      5.691    12.0967  31.451279    26.7241      5.640  278.40245  278.51737     9.2408     6.2261 -9.990e-29
 129.481100      5.706    12.0957  31.453806    26.7318      5.655  278.40261  278.51742     9.3342     6.2059 -9.990e-29
 129.481102      5.711    12.0948  31.453634    26.7323      5.660  278.40675  278.52151     9.3031     6.1978 -9.990e-29
 129.481105      5.713    12.0945  31.456562    26.7353      5.662  278.40297  278.51768     9.2564     6.2625 -9.990e-29
 129.481108      5.704    12.0947  31.457137    26.7357      5.653  278.40096  278.51567     8.2292     6.6305 -9.990e-29
 129.481111      5.707    12.0943  31.457941    26.7367      5.656  278.40140  278.51607     8.2292     6.6143 -9.990e-29
 129.481114      5.711    12.0953  31.459893    26.7378      5.660  278.39304  278.50777     8.3226     6.6224 -9.990e-29
 129.481117      5.720    12.0962  31.460870    26.7381      5.669  278.38712  278.50190     8.3848     6.6224 -9.990e-29
 129.481120      5.740    12.0962  31.462650    26.7423      5.689  278.38418  278.49894     8.1825     6.9823 -9.990e-29
 129.481123      5.771    12.0953  31.464660    26.7435      5.720  278.38434  278.49902     8.2292     6.9944 0.0000e+00
 129.481126      5.803    12.0945  31.466613    26.7447      5.751  278.38460  278.49920     8.2603     6.9944 0.0000e+00
 129.481128      5.844    12.0939  31.468566    26.7470      5.792  278.38392  278.49845     8.3226     7.0227 0.0000e+00
 129.481131      5.885    12.0937  31.468968    26.7474      5.832  278.38384  278.49837     8.2914     7.0065 0.0000e+00
 129.481134      5.928    12.0935  31.474655    26.7522      5.875  278.37440  278.48885     8.1358     6.3191 0.0000e+00
 129.481137      5.965    12.0932  31.473679    26.7529      5.911  278.37781  278.49224     8.0735     6.3514 0.0000e+00
 129.481140      5.991    12.0927  31.476264    26.7535      5.937  278.37500  278.48938     8.0268     6.3272 0.0000e+00
 129.481143      6.016    12.0926  31.476436    26.7549      5.962  278.37533  278.48970     8.0268     6.3555 -9.990e-29
 129.481146      6.040    12.0920  31.477642    26.7568      5.986  278.37600  278.49032     8.3381     6.3353 -9.990e-29
 129.481149      6.063    12.0915  31.480055    26.7589      6.009  278.37382  278.48808     8.2603     6.3717 -9.990e-29
 129.481152      6.096    12.0912  31.479366    26.7593      6.041  278.37638  278.49063     8.2603     6.3110 0.0000e+00
 129.481155      6.124    12.0913  31.480170    26.7596      6.069  278.37461  278.48885     8.3070     6.3555 0.0000e+00
 129.481157      6.158    12.0909  31.481147    26.7608      6.103  278.37443  278.48864     8.8362     6.9944 0.0000e+00
 129.481160      6.191    12.0907  31.485283    26.7647      6.135  278.36782  278.48197     8.7584     7.0065 0.0000e+00
 129.481163      6.229    12.0903  31.484881    26.7647      6.173  278.37050  278.48462     8.6338     7.0065 0.0000e+00
 129.481166      6.264    12.0901  31.486662    26.7647      6.208  278.36821  278.48230     8.8829     6.9863 -9.990e-29
 129.481169      6.289    12.0898  31.488443    26.7684      6.233  278.36623  278.48029    10.0346     7.6373 -9.990e-29
 129.481172      6.311    12.0899  31.490397    26.7701      6.255  278.36235  278.47638    10.0969     7.6697 -9.990e-29
 129.481175      6.326    12.0897  31.489822    26.7697      6.269  278.36437  278.47839     9.9724     7.6333 -9.990e-29
 129.481178      6.337    12.0892  31.489995    26.7703      6.280  278.36629  278.48028    10.0969     7.6373 -9.990e-29
 129.481181      6.342    12.0897  31.489248    26.7692      6.286  278.36543  278.47946     9.9724     7.6535 -9.990e-29
 129.481183      6.357    12.0903  31.489650    26.7691      6.300  278.36184  278.47591     9.2564     7.3866 -9.990e-29
 129.481186      6.366    12.0902  31.495912    26.7751      6.309  278.35068  278.46468     9.2875     7.3583 -9.990e-29
 129.481189      6.390    12.0892  31.498900    26.7792      6.333  278.34967  278.46357     9.2875     7.3462 -9.990e-29
 129.481192      6.426    12.0883  31.498901    26.7810      6.369  278.35383  278.46767     9.2720     7.3866 0.0000e+00
 129.481195      6.461    12.0877  31.502233    26.7828      6.403  278.35061  278.46437     9.5210     6.5011 0.0000e+00
 129.481198      6.501    12.0882  31.502636    26.7828      6.443  278.34767  278.46146     9.5677     6.5294 0.0000e+00
 129.481201      6.549    12.0890  31.504762    26.7828      6.490  278.33998  278.45381     9.5366     6.5617 0.0000e+00
 129.481204      6.593    12.0897  31.502234    26.7842      6.534  278.34178  278.45568     9.5210     6.5334 0.0000e+00
 129.481207      6.631    12.0898  31.507578    26.7838      6.572  278.33137  278.44522     9.2720     6.0320 0.0000e+00
 129.481209      6.666    12.0898  31.512635    26.7862      6.606  278.32212  278.43592     9.2720     6.0522 -9.990e-29
 129.481212      6.688    12.0890  31.509532    26.7886      6.628  278.33165  278.44542     9.1941     6.0280 -9.990e-29
 129.481215      6.705    12.0882  31.511888    26.7914      6.645  278.33084  278.44453     9.2253     6.0239 -9.990e-29
 129.481218      6.709    12.0878  31.517003    26.7965      6.649  278.32337  278.43698     9.8790     7.1440 -9.990e-29
 129.481221      6.718    12.0876  31.518554    26.7981      6.658  278.32117  278.43475     9.6611     7.1116 -9.990e-29
 129.481224      6.722    12.0881  31.521313    26.8003      6.662  278.31388  278.42747     9.8012     7.1319 -9.990e-29
 129.481227      6.731    12.0886  31.522118    26.8007      6.671  278.31018  278.42380     9.7545     7.1157 -9.990e-29
 129.481230      6.744    12.0888  31.521543    26.8000      6.683  278.31029  278.42393     9.7233     7.1521 -9.990e-29
 129.481233      6.765    12.0892  31.524474    26.8025      6.705  278.30334  278.41697     9.8478     6.7194 -9.990e-29
 129.481236      6.789    12.0893  31.526658    26.8049      6.729  278.29872  278.41233     9.7389     6.7315 -9.990e-29
 129.481238      6.824    12.0894  31.527233    26.8043      6.763  278.29737  278.41098     9.8634     6.7599 0.0000e+00
 129.481241      6.862    12.0897  31.526256    26.8049      6.801  278.29791  278.41156     9.7700     6.7275 0.0000e+00
 129.481244      6.906    12.0901  31.531200    26.8081      6.844  278.28665  278.40028    10.2836     6.3878 0.0000e+00
 129.481247      6.955    12.0910  31.532004    26.8082      6.893  278.28139  278.39507    10.3303     6.4566 0.0000e+00
 129.481250      7.004    12.0918  31.533959    26.8094      6.942  278.27402  278.38773    10.2525     6.3959 0.0000e+00
 129.481253      7.057    12.0932  31.537695    26.8120      6.994  278.26117  278.37493    10.2369     6.4283 0.0000e+00
 129.481256      7.101    12.0943  31.539477    26.8120      7.037  278.25284  278.36666    10.2836     6.2261 0.0000e+00
 129.481259      7.141    12.0953  31.539075    26.8117      7.077  278.24915  278.36304    10.3615     6.2220 0.0000e+00
 129.481262      7.172    12.0957  31.537695    26.8109      7.108  278.24979  278.36373    10.2836     6.2261 0.0000e+00
 129.481264      7.198    12.0956  31.538500    26.8101      7.134  278.24865  278.36257    10.3615     6.2099 -9.990e-29
 129.481267      7.211    12.0955  31.541432    26.8138      7.146  278.24392  278.35780     9.5210     6.5981 -9.990e-29
