Processed/SBE19plus_01907321_2022_05_06_Cast43_wfilter.cnv
* Sea-Bird SBE19plus  Data File:
* FileName = E:\Prandtl Daten\2022\CTD\Raw\SBE19plus_01907321_2022_05_06_Cast43.hex
* Software version 2.6.1.12
* Temperature SN = 7321
* Conductivity SN = 7321
* System UpLoad Time = May 06 2022 09:08:50
* <ApplicationData>
* <Seaterm232>
** Messpraktikum 2022
** CTD 06.05 TS
** NMEA Latitude = 54 07.625 N
** NMEA Longitude = 008 42.144 E
# nquan = 11
# nvalues = 335                         
# units = specified
# name 0 = timeJ: Julian Days
# name 1 = prdM: Pressure, Strain Gauge [db]
# name 2 = tv290C: Temperature [ITS-90, deg C]
# name 3 = c0mS/cm: Conductivity [mS/cm]
# name 4 = sal00: Salinity, Practical [PSU]
# name 5 = depSM: Depth [salt water, m], lat = 54.00
# name 6 = oxsatMm/Kg: Oxygen Saturation, Weiss [umol/kg]
# name 7 = oxsolMm/Kg: Oxygen Saturation, Garcia & Gordon [umol/kg]
# name 8 = turbWETntu0: Turbidity, WET Labs ECO [NTU]
# name 9 = flECO-AFL: Fluorescence, WET Labs ECO-AFL/FL [mg/m^3]
# name 10 = flag:  0.000e+00
# span 0 = 126.376453, 126.377419       
# span 1 =      0.620,      8.948       
# span 2 =    12.5848,    12.6202       
# span 3 =  32.142260,  32.165876       
# span 4 =    27.0198,    27.0309       
# span 5 =      0.614,      8.868       
# span 6 =  274.75412,  274.95422       
# span 7 =  274.89684,  275.09488       
# span 8 =    15.5599,    28.4315       
# span 9 =     7.6535,    10.3506       
# span 10 = 0.0000e+00, 0.0000e+00      
# interval = seconds: 0.25
# start_time = May 06 2022 09:00:25 [Instrument's time stamp, header]
# bad_flag = -9.990e-29
*END*
[from data line 263]
 126.377214      7.236    12.5921  32.153559    27.0299      7.171  274.90444  275.04547    23.0619    10.1242 -9.990e-29
 126.377216      7.260    12.5920  32.152575    27.0291      7.195  274.90685  275.04787    23.2642    10.1242 -9.990e-29
 126.377219      7.283    12.5919  32.153386    27.0297      7.218  274.90605  275.04705    23.3264    10.2738 -9.990e-29
 126.377222      7.313    12.5921  32.153386    27.0297      7.247  274.90480  275.04583    23.1708    10.3021 0.0000e+00
 126.377225      7.343    12.5922  32.153386    27.0297      7.278  274.90451  275.04554    23.1864    10.2374 0.0000e+00
 126.377228      7.378    12.5922  32.153675    27.0299      7.312  274.90401  275.04504    23.2798    10.2697 0.0000e+00
 126.377231      7.411    12.5924  32.153965    27.0300      7.345  274.90257  275.04361    23.3576    10.2657 0.0000e+00
 126.377234      7.442    12.5923  32.153965    27.0301      7.375  274.90322  275.04425    23.9334    10.0231 0.0000e+00
 126.377237      7.468    12.5926  32.154197    27.0301      7.401  274.90156  275.04261    23.7934    10.0109 0.0000e+00
 126.377240      7.493    12.5925  32.154371    27.0301      7.426  274.90158  275.04262    23.9490     9.9786 -9.990e-29
 126.377242      7.513    12.5926  32.153560    27.0295      7.446  274.90241  275.04347    23.8868    10.0109 -9.990e-29
 126.377245      7.533    12.5928  32.154603    27.0303      7.466  274.89993  275.04099    24.6027    10.0716 -9.990e-29
 126.377248      7.555    12.5928  32.154603    27.0303      7.487  274.89995  275.04100    24.8517    10.0999 -9.990e-29
 126.377251      7.572    12.5927  32.154429    27.0302      7.504  274.90059  275.04164    24.8829    10.0837 -9.990e-29
 126.377254      7.590    12.5929  32.153966    27.0304      7.522  274.90079  275.04186    24.7117    10.0109 -9.990e-29
 126.377257      7.617    12.5929  32.154777    27.0304      7.549  274.89905  275.04011    24.1513    10.3385 0.0000e+00
 126.377260      7.644    12.5929  32.154777    27.0304      7.576  274.89938  275.04044    24.3226    10.3425 0.0000e+00
 126.377263      7.673    12.5929  32.154603    27.0304      7.605  274.89939  275.04046    24.1047    10.3506 0.0000e+00
 126.377266      7.708    12.5930  32.155009    27.0305      7.639  274.89838  275.03944    24.2292    10.3385 0.0000e+00
 126.377269      7.737    12.5931  32.155182    27.0305      7.668  274.89777  275.03884    24.6494    10.2859 0.0000e+00
 126.377271      7.763    12.5931  32.154603    27.0300      7.694  274.89851  275.03959    24.3848    10.1322 0.0000e+00
 126.377274      7.789    12.5933  32.154661    27.0299      7.719  274.89779  275.03888    24.4004    10.0716 0.0000e+00
 126.377277      7.816    12.5931  32.155183    27.0299      7.746  274.89751  275.03858    24.4782    10.0716 -9.990e-29
 126.377280      7.836    12.5931  32.155009    27.0304      7.766  274.89815  275.03922    24.3070    10.0635 -9.990e-29
 126.377283      7.860    12.5933  32.155183    27.0304      7.789  274.89690  275.03799    24.6027    10.1444 -9.990e-29
 126.377286      7.882    12.5933  32.155009    27.0302      7.811  274.89723  275.03831    24.7895    10.1201 -9.990e-29
 126.377289      7.896    12.5934  32.155183    27.0303      7.826  274.89630  275.03739    24.6338    10.1161 -9.990e-29
 126.377292      7.914    12.5934  32.155415    27.0305      7.844  274.89589  275.03698    24.6338    10.1242 -9.990e-29
 126.377295      7.942    12.5933  32.155183    27.0304      7.871  274.89696  275.03804    24.1825    10.1161 -9.990e-29
 126.377297      7.967    12.5934  32.154256    27.0303      7.896  274.89831  275.03941    24.1980    10.0837 -9.990e-29
 126.377300      7.997    12.5933  32.155183    27.0303      7.925  274.89699  275.03808    24.3226    10.1242 0.0000e+00
 126.377303      8.028    12.5932  32.155183    27.0303      7.956  274.89733  275.03841    24.1980    10.1525 0.0000e+00
 126.377306      8.060    12.5932  32.155010    27.0302      7.988  274.89766  275.03874    24.0580    10.0271 0.0000e+00
 126.377309      8.093    12.5931  32.154604    27.0300      8.021  274.89904  275.04011    24.1980    10.0756 0.0000e+00
 126.377312      8.126    12.5930  32.154604    27.0300      8.053  274.89937  275.04045    24.3381    10.0675 0.0000e+00
 126.377315      8.159    12.5930  32.155010    27.0303      8.086  274.89867  275.03974    24.0580    10.0352 0.0000e+00
 126.377318      8.186    12.5929  32.155010    27.0303      8.113  274.89901  275.04007    24.2292    10.0473 0.0000e+00
 126.377321      8.212    12.5929  32.154257    27.0304      8.138  274.90037  275.04144    23.9957    10.0231 -9.990e-29
 126.377323      8.234    12.5928  32.154605    27.0301      8.160  274.90039  275.04145    24.1513     9.9907 -9.990e-29
 126.377326      8.246    12.5928  32.155184    27.0306      8.173  274.89937  275.04042    24.3070     9.9786 -9.990e-29
 126.377329      8.263    12.5930  32.154605    27.0299      8.189  274.89946  275.04054    24.2603    10.0231 -9.990e-29
 126.377332      8.274    12.5927  32.155010    27.0305      8.200  274.90001  275.04106    23.8556    10.2131 -9.990e-29
 126.377335      8.292    12.5929  32.154779    27.0301      8.218  274.89949  275.04055    23.9646    10.2899 -9.990e-29
 126.377338      8.312    12.5929  32.155010    27.0302      8.238  274.89909  275.04015    23.7934    10.2536 -9.990e-29
 126.377341      8.340    12.5928  32.154779    27.0299      8.265  274.90015  275.04121    24.1669    10.2576 0.0000e+00
 126.377344      8.371    12.5928  32.154084    27.0302      8.296  274.90141  275.04248    25.1475    10.2697 0.0000e+00
 126.377347      8.403    12.5927  32.155185    27.0298      8.328  274.89978  275.04083    25.3965    10.2374 0.0000e+00
 126.377350      8.438    12.5928  32.154374    27.0301      8.363  274.90094  275.04200    25.2253    10.2778 0.0000e+00
 126.377352      8.469    12.5927  32.154606    27.0300      8.393  274.90086  275.04191    25.0385    10.2738 0.0000e+00
 126.377355      8.506    12.5924  32.154374    27.0301      8.430  274.90256  275.04360    24.7428     9.9341 0.0000e+00
 126.377358      8.536    12.5924  32.153158    27.0300      8.460  274.90475  275.04580    24.8362     9.9584 -9.990e-29
 126.377361      8.560    12.5922  32.154374    27.0302      8.484  274.90354  275.04457    24.9607     9.9665 -9.990e-29
 126.377364      8.580    12.5923  32.154374    27.0301      8.504  274.90324  275.04427    24.7895     9.9422 -9.990e-29
 126.377367      8.600    12.5921  32.154258    27.0301      8.523  274.90441  275.04542    24.7895     9.9584 -9.990e-29
 126.377370      8.620    12.5920  32.153969    27.0299      8.543  274.90525  275.04627    26.0346     9.9907 -9.990e-29
 126.377373      8.639    12.5916  32.153795    27.0301      8.561  274.90747  275.04846    26.0657    10.0109 -9.990e-29
 126.377376      8.662    12.5913  32.153969    27.0304      8.585  274.90844  275.04940    26.3303     9.9826 -9.990e-29
 126.377378      8.691    12.5911  32.153969    27.0306      8.614  274.90940  275.05036    26.3303     9.9665 -9.990e-29
 126.377381      8.715    12.5911  32.153390    27.0300      8.637  274.91045  275.05141    25.5833    10.1929 -9.990e-29
 126.377384      8.746    12.5910  32.153796    27.0304      8.668  274.91007  275.05102    25.3342    10.1767 -9.990e-29
 126.377387      8.770    12.5910  32.153969    27.0306      8.691  274.90977  275.05072    25.4276    10.1848 -9.990e-29
 126.377390      8.795    12.5908  32.153680    27.0305      8.717  274.91125  275.05219    25.3187    10.1969 -9.990e-29
 126.377393      8.817    12.5907  32.152985    27.0299      8.738  274.91282  275.05376    24.8984     9.8209 -9.990e-29
 126.377396      8.830    12.5906  32.153564    27.0305      8.751  274.91243  275.05335    25.0385     9.7805 -9.990e-29
 126.377399      8.837    12.5907  32.153796    27.0307      8.758  274.91170  275.05263    24.8673     9.8735 -9.990e-29
 126.377402      8.846    12.5907  32.153564    27.0304      8.767  274.91212  275.05305    25.0385     9.8209 -9.990e-29
 126.377405      8.841    12.5907  32.153391    27.0303      8.762  274.91243  275.05336    26.1124    10.0190 -9.990e-29
 126.377407      8.841    12.5907  32.153564    27.0304      8.762  274.91212  275.05305    26.2525     9.9705 -9.990e-29
 126.377410      8.852    12.5906  32.153101    27.0301      8.772  274.91327  275.05420    26.2992    10.0312 -9.990e-29
 126.377413      8.872    12.5903  32.152754    27.0303      8.792  274.91517  275.05608    26.2992     9.9705 -9.990e-29
 126.377416      8.910    12.5901  32.152985    27.0303      8.830  274.91572  275.05662    26.2058     9.9948 0.0000e+00
 126.377419      8.948    12.5902  32.153159    27.0303      8.868  274.91481  275.05571    28.4315     9.9786 0.0000e+00
