Processed/SBE19plus_01907321_2022_05_09_Cast104_wfilter.cnv
* Sea-Bird SBE19plus  Data File:
* FileName = E:\Prandtl_Daten\2022\CTD\Raw\SBE19plus_01907321_2022_05_09_Cast104.hex
* Software version 2.6.1.12
* Temperature SN = 7321
* Conductivity SN = 7321
* System UpLoad Time = May 09 2022 13:53:17
* <ApplicationData>
* <Seaterm232>
** Messpraktikum 2022
** CTD 09.05  BM
** NMEA Latitude = 54 07 838N
** NMEA Longitude = 008 47 148E
# nquan = 11
# nvalues = 513                         
# units = specified
# name 0 = timeJ: Julian Days
# name 1 = prdM: Pressure, Strain Gauge [db]
# name 2 = tv290C: Temperature [ITS-90, deg C]
# name 3 = c0mS/cm: Conductivity [mS/cm]
# name 4 = sal00: Salinity, Practical [PSU]
# name 5 = depSM: Depth [salt water, m], lat = 54.00
# name 6 = oxsatMm/Kg: Oxygen Saturation, Weiss [umol/kg]
# name 7 = oxsolMm/Kg: Oxygen Saturation, Garcia & Gordon [umol/kg]
# name 8 = turbWETntu0: Turbidity, WET Labs ECO [NTU]
# name 9 = flECO-AFL: Fluorescence, WET Labs ECO-AFL/FL [mg/m^3]
# name 10 = flag:  0.000e+00
# span 0 = 129.573605, 129.575087       
# span 1 =      0.493,     15.420       
# span 2 =    13.1314,    14.5070       
# span 3 =  32.621565,  33.654308       
# span 4 =    27.0053,    27.1251       
# span 5 =      0.489,     15.282       
# span 6 =  264.14874,  271.71590       
# span 7 =  264.39407,  271.88742       
# span 8 =    -1.0627,   290.4548       
# span 9 =     1.3535,    12.2835       
# span 10 = 0.0000e+00, 0.0000e+00      
# interval = seconds: 0.25
# start_time = May 09 2022 13:44:34 [Instrument's time stamp, header]
# bad_flag = -9.990e-29
*END*
[from data line 394]
 129.574745     12.075    13.1463  32.640253    27.0821     11.966  271.61685  271.78912    21.3187     7.4998 0.0000e+00
 129.574748     12.109    13.1463  32.639437    27.0821     12.001  271.61829  271.79057    21.1941     7.5120 0.0000e+00
 129.574751     12.146    13.1458  32.640253    27.0824     12.037  271.61878  271.79103    21.2875     7.5039 0.0000e+00
 129.574754     12.177    13.1458  32.640428    27.0824     12.068  271.61850  271.79074    22.0346     7.2330 0.0000e+00
 129.574757     12.209    13.1463  32.640253    27.0823     12.100  271.61693  271.78921    22.2369     7.2532 0.0000e+00
 129.574760     12.242    13.1461  32.640428    27.0821     12.133  271.61728  271.78954    22.3148     7.2815 0.0000e+00
 129.574763     12.270    13.1459  32.640020    27.0822     12.160  271.61895  271.79120    22.1124     7.2491 0.0000e+00
 129.574766     12.297    13.1456  32.639438    27.0821     12.187  271.62155  271.79378    21.6611     7.2734 -9.990e-29
 129.574769     12.319    13.1450  32.639030    27.0818     12.209  271.62447  271.79668    21.7545     7.2330 -9.990e-29
 129.574771     12.339    13.1445  32.637574    27.0813     12.229  271.62921  271.80140    21.6455     7.2572 -9.990e-29
 129.574774     12.367    13.1435  32.637341    27.0819     12.256  271.63435  271.80647    21.8323     7.2532 0.0000e+00
 129.574777     12.394    13.1427  32.638215    27.0826     12.283  271.63600  271.80807    21.7233     7.2208 0.0000e+00
 129.574780     12.430    13.1427  32.638856    27.0833     12.319  271.63522  271.80728    20.8829     7.3260 0.0000e+00
 129.574783     12.461    13.1428  32.639031    27.0833     12.350  271.63431  271.80638    20.8050     7.3260 0.0000e+00
 129.574786     12.494    13.1430  32.639031    27.0831     12.382  271.63339  271.80547    20.6961     7.2977 0.0000e+00
 129.574789     12.525    13.1433  32.638390    27.0831     12.413  271.63326  271.80537    20.8984     7.2815 0.0000e+00
 129.574792     12.562    13.1433  32.639264    27.0831     12.449  271.63177  271.80386    20.5405     7.3381 0.0000e+00
 129.574795     12.591    13.1434  32.639847    27.0836     12.478  271.63046  271.80256    20.5560     7.3098 0.0000e+00
 129.574797     12.622    13.1438  32.640255    27.0836     12.509  271.62788  271.80000    20.4004     7.3098 0.0000e+00
 129.574800     12.649    13.1446  32.640255    27.0834     12.536  271.62444  271.79661    20.5249     7.2977 0.0000e+00
 129.574803     12.676    13.1449  32.639847    27.0831     12.563  271.62391  271.79610    19.9957     7.1359 -9.990e-29
 129.574806     12.700    13.1444  32.639439    27.0825     12.586  271.62683  271.79900    20.0424     7.1197 -9.990e-29
 129.574809     12.724    13.1442  32.639614    27.0830     12.610  271.62749  271.79964    20.0424     7.1157 -9.990e-29
 129.574812     12.751    13.1438  32.639614    27.0832     12.637  271.62908  271.80120    20.0735     7.1157 0.0000e+00
 129.574815     12.778    13.1437  32.639847    27.0830     12.664  271.62932  271.80144    20.9762     7.4190 0.0000e+00
 129.574818     12.813    13.1439  32.639614    27.0833     12.698  271.62880  271.80093    20.9607     7.4473 0.0000e+00
 129.574821     12.846    13.1440  32.640022    27.0830     12.731  271.62780  271.79993    20.8984     7.4634 0.0000e+00
 129.574823     12.877    13.1442  32.639207    27.0830     12.761  271.62829  271.80045    21.0541     7.4190 0.0000e+00
 129.574826     12.913    13.1441  32.639848    27.0827     12.798  271.62752  271.79966    20.9607     7.4715 0.0000e+00
 129.574829     12.946    13.1439  32.639440    27.0828     12.830  271.62919  271.80132    23.2798     7.4877 0.0000e+00
 129.574832     12.976    13.1437  32.639440    27.0827     12.859  271.62984  271.80196    23.2019     7.5403 0.0000e+00
 129.574835     13.005    13.1436  32.639032    27.0827     12.888  271.63119  271.80331    23.1241     7.4918 0.0000e+00
 129.574838     13.040    13.1436  32.639848    27.0826     12.923  271.62980  271.80191    23.2953     7.4998 -9.990e-29
 129.574841     13.059    13.1437  32.639848    27.0832     12.942  271.62950  271.80161    21.1630     7.4432 -9.990e-29
 129.574844     13.087    13.1439  32.639848    27.0831     12.970  271.62857  271.80070    21.3031     7.4473 -9.990e-29
 129.574847     13.103    13.1441  32.639615    27.0821     12.986  271.62804  271.80019    21.3187     7.4311 -9.990e-29
 129.574850     13.129    13.1443  32.639033    27.0827     13.011  271.62844  271.80060    21.2875     7.4473 0.0000e+00
 129.574852     13.154    13.1439  32.640023    27.0825     13.036  271.62831  271.80044    19.8401     7.1440 0.0000e+00
 129.574855     13.185    13.1439  32.639208    27.0831     13.067  271.62975  271.80188    19.8089     7.1076 0.0000e+00
 129.574858     13.220    13.1437  32.639849    27.0831     13.102  271.62929  271.80141    19.9646     7.1278 0.0000e+00
 129.574861     13.258    13.1437  32.640024    27.0831     13.139  271.62932  271.80144    19.7155     7.1440 0.0000e+00
 129.574864     13.293    13.1437  32.639616    27.0829     13.174  271.62974  271.80186    20.9918     7.4554 0.0000e+00
 129.574867     13.330    13.1437  32.639441    27.0829     13.210  271.63038  271.80250    21.0852     7.4473 0.0000e+00
 129.574870     13.368    13.1435  32.640432    27.0838     13.248  271.62963  271.80172    20.9607     7.4311 0.0000e+00
 129.574873     13.397    13.1437  32.640840    27.0838     13.277  271.62768  271.79979    21.0541     7.4311 0.0000e+00
 129.574876     13.426    13.1443  32.640024    27.0834     13.306  271.62691  271.79906    21.0696     7.4634 0.0000e+00
 129.574878     13.457    13.1443  32.639441    27.0829     13.337  271.62763  271.79979    29.5366     8.9111 -9.990e-29
 129.574881     13.481    13.1445  32.639616    27.0823     13.360  271.62671  271.79888    29.5677     8.9475 -9.990e-29
 129.574884     13.501    13.1440  32.639267    27.0823     13.380  271.62953  271.80167    29.6299     8.9272 -9.990e-29
 129.574887     13.519    13.1437  32.639209    27.0824     13.398  271.63059  271.80272    29.5677     8.9070 -9.990e-29
 129.574890     13.541    13.1435  32.638626    27.0818     13.420  271.63256  271.80468    38.4704     9.7198 -9.990e-29
 129.574893     13.569    13.1431  32.637985    27.0816     13.447  271.63557  271.80767    38.4704     9.7036 0.0000e+00
 129.574896     13.601    13.1427  32.637286    27.0814     13.479  271.63838  271.81046    38.3615     9.6672 0.0000e+00
 129.574899     13.632    13.1423  32.636529    27.0810     13.510  271.64160  271.81366    38.3459     9.6713 0.0000e+00
 129.574902     13.671    13.1422  32.636355    27.0809     13.548  271.64224  271.81430    42.7817    10.2212 0.0000e+00
 129.574905     13.698    13.1417  32.634491    27.0795     13.575  271.64770  271.81974    42.7194    10.1767 0.0000e+00
 129.574907     13.735    13.1411  32.633617    27.0795     13.612  271.65175  271.82377    42.6572    10.2374 0.0000e+00
 129.574910     13.767    13.1404  32.633675    27.0796     13.644  271.65482  271.82679    42.6572    10.2414 0.0000e+00
 129.574913     13.800    13.1398  32.633268    27.0797     13.677  271.65838  271.83031    46.7194    10.8763 0.0000e+00
 129.574916     13.833    13.1393  32.634316    27.0797     13.709  271.65878  271.83067    46.8128    10.8399 -9.990e-29
 129.574919     13.853    13.1395  32.635715    27.0822     13.729  271.65542  271.82731    46.7039    10.8197 -9.990e-29
 129.574922     13.880    13.1401  32.633676    27.0798     13.756  271.65615  271.82810    46.9373    10.8358 -9.990e-29
 129.574925     13.904    13.1402  32.632860    27.0778     13.780  271.65726  271.82923    46.7817    10.8278 -9.990e-29
 129.574928     13.934    13.1395  32.630996    27.0780     13.809  271.66335  271.83529    35.9646     9.1739 0.0000e+00
 129.574931     13.963    13.1385  32.630647    27.0779     13.837  271.66838  271.84025    36.0268     9.1496 0.0000e+00
 129.574933     13.992    13.1380  32.630006    27.0780     13.867  271.67171  271.84356    35.9646     9.1618 0.0000e+00
 129.574936     14.025    13.1376  32.629773    27.0780     13.899  271.67402  271.84585    36.0113     9.1699 0.0000e+00
 129.574939     14.061    13.1373  32.630414    27.0788     13.935  271.67419  271.84599    30.8906     8.7898 0.0000e+00
 129.574942     14.096    13.1372  32.631055    27.0792     13.969  271.67341  271.84521    30.8595     8.7938 0.0000e+00
 129.574945     14.123    13.1377  32.631230    27.0792     13.997  271.67124  271.84306    30.8906     8.8059 0.0000e+00
 129.574948     14.156    13.1376  32.630822    27.0792     14.029  271.67229  271.84410    30.8751     8.8342 0.0000e+00
 129.574951     14.183    13.1380  32.631813    27.0792     14.056  271.66901  271.84084    38.4548     9.9705 0.0000e+00
 129.574954     14.213    13.1382  32.631230    27.0795     14.085  271.66910  271.84095    38.5327     9.9584 -9.990e-29
 129.574957     14.235    13.1386  32.632221    27.0794     14.107  271.66550  271.83737    38.3926     9.9705 -9.990e-29
 129.574959     14.253    13.1388  32.631230    27.0784     14.125  271.66661  271.83849    38.3303     9.9382 -9.990e-29
 129.574962     14.273    13.1390  32.632221    27.0792     14.145  271.66396  271.83585    35.0307     9.0405 -9.990e-29
 129.574965     14.302    13.1390  32.631638    27.0786     14.174  271.66499  271.83688    35.0152     9.0122 -9.990e-29
 129.574968     14.324    13.1387  32.631405    27.0793     14.196  271.66666  271.83854    34.8906     9.0526 -9.990e-29
 129.574971     14.357    13.1388  32.632221    27.0793     14.228  271.66495  271.83683    34.9685     9.0849 0.0000e+00
 129.574974     14.388    13.1387  32.632046    27.0793     14.259  271.66559  271.83747    35.0152     9.0324 0.0000e+00
 129.574977     14.426    13.1386  32.632396    27.0792     14.297  271.66532  271.83719    36.1980     9.4489 0.0000e+00
 129.574980     14.459    13.1388  32.632046    27.0794     14.329  271.66501  271.83689    36.2136     9.4367 0.0000e+00
 129.574983     14.497    13.1390  32.632629    27.0794     14.367  271.66308  271.83497    36.3070     9.4206 0.0000e+00
 129.574986     14.532    13.1394  32.633270    27.0797     14.402  271.66041  271.83232    36.2759     9.4570 0.0000e+00
 129.574988     14.563    13.1396  32.633387    27.0797     14.432  271.65929  271.83121    46.8128    10.7671 0.0000e+00
 129.574991     14.596    13.1399  32.632862    27.0793     14.465  271.65896  271.83091    46.8595    10.7550 0.0000e+00
 129.574994     14.625    13.1396  32.632222    27.0790     14.494  271.66135  271.83328    46.7661    10.7671 -9.990e-29
 129.574997     14.647    13.1395  32.632222    27.0787     14.516  271.66199  271.83392    46.8284    10.7105 -9.990e-29
 129.575000     14.669    13.1391  32.632397    27.0791     14.537  271.66327  271.83517    51.2642    11.2240 -9.990e-29
 129.575003     14.692    13.1391  32.631814    27.0776     14.561  271.66430  271.83621    51.1397    11.2159 -9.990e-29
 129.575006     14.718    13.1391  32.630824    27.0778     14.586  271.66604  271.83795    51.2642    11.2726 0.0000e+00
 129.575009     14.751    13.1388  32.630824    27.0779     14.619  271.66763  271.83952    51.0930    11.2281 0.0000e+00
 129.575012     14.776    13.1383  32.630649    27.0780     14.644  271.66984  271.84170    47.5910    11.2240 0.0000e+00
 129.575014     14.815    13.1382  32.630999    27.0780     14.682  271.66988  271.84174    46.7039    10.6701 0.0000e+00
 129.575017     14.847    13.1382  32.630417    27.0779     14.714  271.67092  271.84277    46.9529    10.6377 0.0000e+00
 129.575020     14.880    13.1381  32.629193    27.0772     14.747  271.67338  271.84524    46.6727    10.6822 0.0000e+00
 129.575023     14.915    13.1377  32.629310    27.0772     14.781  271.67508  271.84692    46.8284    10.6539 0.0000e+00
 129.575026     14.946    13.1371  32.628961    27.0773     14.812  271.67822  271.85003    41.8790    10.1242 0.0000e+00
 129.575029     14.975    13.1366  32.629602    27.0778     14.841  271.67933  271.85110    41.9257    10.1242 0.0000e+00
 129.575032     15.005    13.1366  32.629194    27.0780     14.870  271.68006  271.85183    42.0346    10.1322 0.0000e+00
 129.575035     15.032    13.1366  32.628146    27.0778     14.897  271.68190  271.85368    42.0502    10.1242 -9.990e-29
 129.575038     15.050    13.1361  32.627097    27.0762     14.915  271.68562  271.85738    46.2992    10.5892 -9.990e-29
 129.575041     15.074    13.1354  32.627738    27.0778     14.939  271.68766  271.85937    46.2214    10.5609 -9.990e-29
 129.575043     15.099    13.1353  32.628146    27.0776     14.964  271.68760  271.85930    46.4393    10.5851 0.0000e+00
 129.575046     15.125    13.1352  32.627738    27.0778     14.989  271.68864  271.86033    46.4082    10.6296 0.0000e+00
 129.575049     15.156    13.1351  32.628379    27.0781     15.020  271.68786  271.85955    53.7389    11.2321 0.0000e+00
 129.575052     15.191    13.1353  32.628787    27.0781     15.054  271.68623  271.85793    53.7700    11.2119 0.0000e+00
 129.575055     15.227    13.1353  32.628379    27.0780     15.091  271.68728  271.85897    53.6766    11.2442 0.0000e+00
 129.575058     15.262    13.1353  32.628496    27.0780     15.125  271.68678  271.85848    53.6766    11.2847 0.0000e+00
 129.575061     15.297    13.1355  32.628787    27.0780     15.159  271.68567  271.85737    53.6299    11.2321 0.0000e+00
 129.575064     15.331    13.1356  32.628787    27.0780     15.194  271.68506  271.85678    62.2058    12.2471 0.0000e+00
 129.575067     15.373    13.1356  32.628380    27.0778     15.235  271.68580  271.85751    62.0969    12.2835 0.0000e+00
 129.575069     15.404    13.1354  32.626574    27.0776     15.266  271.68990  271.86162    62.1280    12.2835 -9.990e-29
 129.575072     15.413    13.1348  32.624652    27.0748     15.275  271.69576  271.86746    62.1124    12.2511 -9.990e-29
 129.575075     15.408    13.1341  32.623254    27.0740     15.270  271.70133  271.87299   133.1786    11.9438 -9.990e-29
 129.575078     15.415    13.1330  32.622380    27.0740     15.277  271.70756  271.87917   133.1163    11.9317 -9.990e-29
 129.575081     15.411    13.1320  32.623079    27.0753     15.273  271.71075  271.88229   133.2875    11.9802 -9.990e-29
 129.575084     15.415    13.1317  32.623254    27.0758     15.277  271.71202  271.88354   133.2253    11.9195 -9.990e-29
 129.575087     15.420    13.1314  32.621565    27.0744     15.282  271.71590  271.88742   290.4548     5.0656 -9.990e-29
