Processed/SBE19plus_01907321_2022_05_10_Cast115_wfilter.cnv
* Sea-Bird SBE19plus  Data File:
* FileName = E:\Prandtl_Daten\2022\CTD\Raw\SBE19plus_01907321_2022_05_10_Cast115.hex
* Software version 2.6.1.12
* Temperature SN = 7321
* Conductivity SN = 7321
* System UpLoad Time = May 10 2022 13:23:39
* <ApplicationData>
* <Seaterm232>
** Messpraktikum 2022
** CTD 10.05  Mp3
** NMEA Latitude = 54 03.50N
** NMEA Longitude = 008 42.83E
# nquan = 11
# nvalues = 396                         
# units = specified
# name 0 = timeJ: Julian Days
# name 1 = prdM: Pressure, Strain Gauge [db]
# name 2 = tv290C: Temperature [ITS-90, deg C]
# name 3 = c0mS/cm: Conductivity [mS/cm]
# name 4 = sal00: Salinity, Practical [PSU]
# name 5 = depSM: Depth [salt water, m], lat = 54.00
# name 6 = oxsatMm/Kg: Oxygen Saturation, Weiss [umol/kg]
# name 7 = oxsolMm/Kg: Oxygen Saturation, Garcia & Gordon [umol/kg]
# name 8 = turbWETntu0: Turbidity, WET Labs ECO [NTU]
# name 9 = flECO-AFL: Fluorescence, WET Labs ECO-AFL/FL [mg/m^3]
# name 10 = flag:  0.000e+00
# span 0 = 130.552688, 130.553831       
# span 1 =      0.552,      8.219       
# span 2 =    14.3850,    14.4804       
# span 3 =  33.428548,  33.590794       
# span 4 =    26.9261,    27.0051       
# span 5 =      0.547,      8.145       
# span 6 =  264.36156,  265.01349       
# span 7 =  264.60586,  265.25354       
# span 8 =     4.2447,    51.6533       
# span 9 =     6.6385,    14.4145       
# span 10 = 0.0000e+00, 0.0000e+00      
# interval = seconds: 0.25
# start_time = May 10 2022 13:14:37 [Instrument's time stamp, header]
# bad_flag = -9.990e-29
*END*
 130.552688      0.552    14.3875  33.435075    26.9325      0.547  264.99598  265.23613     5.5054     7.3138 -9.990e-29
 130.552691      0.568    14.3870  33.433840    26.9317      0.563  264.99988  265.24002     5.4276     6.9539 -9.990e-29
 130.552694      0.588    14.3866  33.433134    26.9314      0.583  265.00293  265.24305     5.5521     6.9903 -9.990e-29
 130.552697      0.607    14.3866  33.435017    26.9310      0.601  264.99987  265.23998     5.6299     6.9782 -9.990e-29
 130.552700      0.632    14.3871  33.433135    26.9316      0.626  265.00076  265.24091     5.5677     6.9782 0.0000e+00
 130.552703      0.658    14.3877  33.434840    26.9316      0.652  264.99548  265.23565     5.5210     6.8245 0.0000e+00
 130.552705      0.683    14.3882  33.431664    26.9321      0.677  264.99848  265.23871     5.6766     6.8731 -9.990e-29
 130.552708      0.698    14.3883  33.436840    26.9335      0.691  264.98973  265.22993     5.5210     6.8731 -9.990e-29
 130.552711      0.710    14.3884  33.435722    26.9324      0.704  264.99125  265.23145     5.5210     6.8326 -9.990e-29
 130.552714      0.727    14.3883  33.436428    26.9331      0.720  264.99042  265.23062     5.1630     7.2451 -9.990e-29
 130.552717      0.745    14.3881  33.437193    26.9334      0.738  264.98981  265.22999     5.1630     7.2613 -9.990e-29
 130.552720      0.778    14.3888  33.437252    26.9334      0.771  264.98691  265.22713     5.1163     7.2572 0.0000e+00
 130.552723      0.809    14.3900  33.438016    26.9334      0.802  264.98098  265.22126     5.0696     7.2289 -9.990e-29
 130.552726      0.831    14.3906  33.436722    26.9317      0.823  264.98028  265.22060     4.4315     6.8448 -9.990e-29
 130.552729      0.856    14.3901  33.432606    26.9284      0.849  264.98920  265.22953     4.4626     6.8731 -9.990e-29
 130.552731      0.869    14.3897  33.436135    26.9318      0.861  264.98502  265.22530     4.5560     6.8367 -9.990e-29
 130.552734      0.882    14.3893  33.436252    26.9322      0.874  264.98672  265.22698     4.6183     6.9176 -9.990e-29
 130.552737      0.887    14.3886  33.435076    26.9316      0.879  264.99147  265.23169     4.5716     6.8933 -9.990e-29
 130.552740      0.894    14.3881  33.436841    26.9335      0.886  264.99048  265.23066     5.3187     7.0955 -9.990e-29
 130.552743      0.905    14.3881  33.428548    26.9261      0.897  265.00401  265.24426     5.3187     7.0591 -9.990e-29
 130.552746      0.922    14.3881  33.436076    26.9329      0.914  264.99205  265.23224     5.2564     7.0550 -9.990e-29
 130.552749      0.940    14.3884  33.437370    26.9320      0.931  264.98838  265.22858     5.2564     7.0631 -9.990e-29
 130.552752      0.967    14.3887  33.435664    26.9320      0.959  264.98993  265.23016     4.8206     6.8448 0.0000e+00
 130.552755      0.995    14.3885  33.428725    26.9320      0.986  265.00221  265.24247     4.7428     6.7801 -9.990e-29
 130.552758      1.019    14.3881  33.430430    26.9278      1.010  265.00132  265.24155     4.7739     6.8245 -9.990e-29
 130.552760      1.046    14.3878  33.432959    26.9302      1.037  264.99815  265.23835     4.7272     6.7720 -9.990e-29
 130.552763      1.064    14.3878  33.430842    26.9284      1.055  265.00193  265.24214     5.0074     6.9014 -9.990e-29
 130.552766      1.077    14.3873  33.434018    26.9315      1.067  264.99864  265.23880     5.1163     6.8973 -9.990e-29
 130.552769      1.086    14.3872  33.434665    26.9322      1.077  264.99822  265.23836     5.2097     6.8731 -9.990e-29
 130.552772      1.092    14.3869  33.435018    26.9327      1.082  264.99859  265.23872     5.0541     6.8933 -9.990e-29
 130.552775      1.105    14.3867  33.434665    26.9325      1.095  265.00011  265.24023     5.0541     6.9863 -9.990e-29
 130.552778      1.115    14.3864  33.435253    26.9332      1.105  265.00041  265.24051     5.0229     6.9580 -9.990e-29
 130.552781      1.143    14.3865  33.435254    26.9329      1.133  265.00011  265.24022     5.0852     7.0025 0.0000e+00
 130.552784      1.179    14.3867  33.434666    26.9325      1.169  265.00015  265.24027     5.0385     7.0389 0.0000e+00
 130.552786      1.206    14.3866  33.432960    26.9310      1.196  265.00358  265.24370     4.9451     6.9863 0.0000e+00
 130.552789      1.241    14.3865  33.432843    26.9310      1.230  265.00411  265.24423     5.2720     6.9337 0.0000e+00
 130.552792      1.267    14.3863  33.434019    26.9316      1.256  265.00314  265.24324     5.3498     6.9378 0.0000e+00
 130.552795      1.296    14.3864  33.430020    26.9322      1.285  265.00906  265.24920     5.3187     6.9216 -9.990e-29
 130.552798      1.314    14.3864  33.436254    26.9341      1.303  264.99890  265.23899     5.1319     6.9661 -9.990e-29
 130.552801      1.332    14.3872  33.437195    26.9344      1.321  264.99424  265.23436     5.1008     6.9539 -9.990e-29
 130.552804      1.340    14.3878  33.436077    26.9329      1.328  264.99355  265.23372     4.9762     6.9459 -9.990e-29
 130.552807      1.345    14.3881  33.435725    26.9324      1.333  264.99288  265.23307     4.9918     6.9054 -9.990e-29
 130.552810      1.358    14.3875  33.435666    26.9327      1.346  264.99518  265.23534     5.1941     6.9176 -9.990e-29
 130.552812      1.372    14.3872  33.435725    26.9330      1.360  264.99666  265.23680     5.0541     7.0550 -9.990e-29
 130.552815      1.392    14.3870  33.435666    26.9331      1.380  264.99739  265.23752     4.9607     7.0469 -9.990e-29
 130.552818      1.416    14.3872  33.433784    26.9313      1.403  264.99985  265.24000     5.1630     7.0146 -9.990e-29
 130.552821      1.438    14.3872  33.431843    26.9296      1.425  265.00303  265.24320     5.0541     7.0308 -9.990e-29
 130.552824      1.462    14.3866  33.430844    26.9290      1.449  265.00687  265.24702     5.3498     7.1076 -9.990e-29
 130.552827      1.491    14.3863  33.433255    26.9314      1.478  265.00452  265.24463     5.2564     7.1157 -9.990e-29
 130.552830      1.507    14.3859  33.434431    26.9327      1.494  265.00418  265.24426     5.3654     7.1197 -9.990e-29
 130.552833      1.524    14.3862  33.434667    26.9327      1.510  265.00255  265.24264     5.2875     7.1400 -9.990e-29
 130.552836      1.544    14.3863  33.434667    26.9327      1.530  265.00225  265.24235     5.2875     7.1278 -9.990e-29
 130.552839      1.557    14.3865  33.434843    26.9327      1.543  265.00103  265.24114     5.3187     7.0146 -9.990e-29
 130.552841      1.580    14.3866  33.434843    26.9326      1.566  265.00073  265.24084     5.2720     6.9903 -9.990e-29
 130.552844      1.599    14.3866  33.434667    26.9324      1.584  265.00103  265.24114     5.4120     6.9944 -9.990e-29
 130.552847      1.617    14.3864  33.434255    26.9322      1.602  265.00234  265.24245     5.2564     6.9742 -9.990e-29
 130.552850      1.633    14.3863  33.434020    26.9321      1.619  265.00336  265.24346     5.5677     7.0348 -9.990e-29
 130.552853      1.655    14.3863  33.428610    26.9272      1.640  265.01220  265.25234     5.5677     7.0550 -9.990e-29
 130.552856      1.679    14.3861  33.432726    26.9310      1.664  265.00612  265.24623     5.5988     7.0146 -9.990e-29
 130.552859      1.699    14.3863  33.434256    26.9322      1.684  265.00270  265.24280     5.4743     7.0267 -9.990e-29
 130.552862      1.721    14.3863  33.434844    26.9328      1.705  265.00207  265.24216     6.2836     7.1157 -9.990e-29
 130.552865      1.737    14.3865  33.434432    26.9322      1.722  265.00181  265.24192     6.2681     7.0753 -9.990e-29
 130.552867      1.762    14.3866  33.433609    26.9314      1.747  265.00285  265.24297     6.2525     7.0874 -9.990e-29
 130.552870      1.784    14.3868  33.432727    26.9305      1.768  265.00336  265.24350     6.2836     7.1076 -9.990e-29
 130.552873      1.808    14.3866  33.433256    26.9311      1.792  265.00314  265.24327     5.3498     6.9863 -9.990e-29
 130.552876      1.830    14.3866  33.434021    26.9317      1.813  265.00191  265.24203     5.2875     6.9337 -9.990e-29
 130.552879      1.855    14.3863  33.434668    26.9325      1.839  265.00212  265.24222     5.2564     6.9135 -9.990e-29
 130.552882      1.875    14.3863  33.434668    26.9326      1.859  265.00245  265.24254     5.3342     6.9095 -9.990e-29
 130.552885      1.888    14.3863  33.433021    26.9310      1.871  265.00483  265.24494     5.3654     6.9176 -9.990e-29
 130.552888      1.897    14.3861  33.432551    26.9308      1.880  265.00654  265.24664     5.5366     7.1521 -9.990e-29
 130.552891      1.906    14.3863  33.435021    26.9328      1.889  265.00158  265.24167     5.5210     7.1440 -9.990e-29
 130.552894      1.919    14.3864  33.435727    26.9334      1.902  265.00012  265.24021     5.5366     7.1480 -9.990e-29
 130.552896      1.938    14.3866  33.436079    26.9335      1.920  264.99861  265.23872     5.6144     7.1238 -9.990e-29
 130.552899      1.956    14.3867  33.435080    26.9326      1.938  264.99994  265.24006     5.0541     6.9620 -9.990e-29
 130.552902      1.979    14.3872  33.434433    26.9328      1.962  264.99913  265.23928     5.0852     7.0065 -9.990e-29
 130.552905      2.011    14.3872  33.435727    26.9323      1.993  264.99703  265.23717     4.9140     7.0227 0.0000e+00
 130.552908      2.038    14.3870  33.434433    26.9328      2.020  264.99979  265.23993     5.1319     7.0025 0.0000e+00
 130.552911      2.063    14.3866  33.435433    26.9324      2.045  265.00006  265.24016     5.0852     6.9539 0.0000e+00
 130.552914      2.089    14.3865  33.435727    26.9330      2.070  264.99990  265.24001     5.0229     6.9095 -9.990e-29
 130.552917      2.113    14.3866  33.436080    26.9335      2.094  264.99903  265.23913     4.9762     6.9459 -9.990e-29
 130.552920      2.129    14.3867  33.436315    26.9336      2.110  264.99803  265.23814     5.1319     6.9014 -9.990e-29
 130.552922      2.140    14.3873  33.436845    26.9337      2.121  264.99466  265.23480     4.8517     6.8569 -9.990e-29
 130.552925      2.149    14.3877  33.436551    26.9332      2.130  264.99358  265.23374     4.7895     6.8286 -9.990e-29
 130.552928      2.162    14.3877  33.436433    26.9330      2.143  264.99378  265.23394     4.8206     6.8124 -9.990e-29
 130.552931      2.177    14.3874  33.435257    26.9322      2.157  264.99696  265.23712     4.7584     6.8650 -9.990e-29
 130.552934      2.201    14.3874  33.435257    26.9322      2.181  264.99697  265.23713     4.7739     6.8771 -9.990e-29
 130.552937      2.222    14.3875  33.434434    26.9336      2.202  264.99801  265.23818     4.9607     6.9297 -9.990e-29
 130.552940      2.251    14.3878  33.437257    26.9331      2.231  264.99186  265.23203     5.0541     6.9297 0.0000e+00
 130.552943      2.279    14.3884  33.436551    26.9331      2.258  264.99052  265.23072     5.0229     6.9539 0.0000e+00
 130.552946      2.308    14.3888  33.437198    26.9326      2.287  264.98791  265.22813     5.0229     6.9297 -9.990e-29
 130.552948      2.328    14.3897  33.439080    26.9340      2.307  264.98140  265.22166     4.7428     6.9742 -9.990e-29
 130.552951      2.346    14.3904  33.438257    26.9327      2.325  264.97962  265.21992     4.7584     6.9863 -9.990e-29
 130.552954      2.362    14.3907  33.437433    26.9318      2.341  264.97971  265.22004     4.7895     6.9823 -9.990e-29
 130.552957      2.377    14.3901  33.437198    26.9320      2.356  264.98262  265.22291     4.8206     7.0065 -9.990e-29
 130.552960      2.394    14.3897  33.437257    26.9323      2.372  264.98441  265.22468     5.3498     7.0267 -9.990e-29
 130.552963      2.406    14.3891  33.435257    26.9309      2.385  264.98988  265.23013     5.3965     7.0065 -9.990e-29
 130.552966      2.419    14.3883  33.435846    26.9320      2.398  264.99238  265.23258     5.3031     6.9580 -9.990e-29
 130.552969      2.437    14.3875  33.436316    26.9330      2.416  264.99476  265.23492     5.4432     7.0186 -9.990e-29
 130.552972      2.465    14.3871  33.436081    26.9331      2.443  264.99704  265.23717     5.4587     6.7437 -9.990e-29
 130.552975      2.488    14.3872  33.436140    26.9330      2.466  264.99664  265.23678     5.2875     6.7194 -9.990e-29
 130.552977      2.516    14.3875  33.436081    26.9328      2.493  264.99550  265.23566     5.3498     6.6911 -9.990e-29
 130.552980      2.539    14.3876  33.436317    26.9329      2.517  264.99450  265.23467     5.2408     6.7194 -9.990e-29
 130.552983      2.563    14.3877  33.436552    26.9330      2.540  264.99382  265.23399     5.1630     6.7518 -9.990e-29
 130.552986      2.585    14.3879  33.437081    26.9333      2.562  264.99203  265.23220     5.2253     7.1116 -9.990e-29
 130.552989      2.609    14.3884  33.437375    26.9333      2.585  264.98968  265.22988     5.3965     7.1642 -9.990e-29
 130.552992      2.632    14.3891  33.437434    26.9328      2.609  264.98646  265.22670     5.3809     7.1116 -9.990e-29
 130.552995      2.654    14.3906  33.437611    26.9319      2.631  264.98023  265.22055     5.4276     7.1036 -9.990e-29
 130.552998      2.670    14.3912  33.438669    26.9325      2.647  264.97600  265.21635     5.0696     7.0348 -9.990e-29
 130.553001      2.689    14.3909  33.438022    26.9320      2.665  264.97801  265.21834     5.1008     7.0550 -9.990e-29
 130.553003      2.705    14.3901  33.437258    26.9319      2.681  264.98271  265.22301     5.0229     7.0914 -9.990e-29
 130.553006      2.727    14.3896  33.438258    26.9332      2.703  264.98329  265.22355     5.0385     7.0550 -9.990e-29
 130.553009      2.745    14.3896  33.436846    26.9319      2.721  264.98560  265.22588     5.6922     6.9176 -9.990e-29
 130.553012      2.767    14.3897  33.436317    26.9314      2.743  264.98617  265.22645     5.5988     6.9863 -9.990e-29
 130.553015      2.786    14.3897  33.437082    26.9337      2.761  264.98462  265.22490     5.5677     6.9539 -9.990e-29
 130.553018      2.813    14.3898  33.439082    26.9337      2.788  264.98106  265.22133     5.6611     6.9135 0.0000e+00
 130.553021      2.841    14.3906  33.439317    26.9337      2.815  264.97755  265.21786     5.4743     7.2168 -9.990e-29
 130.553024      2.860    14.3909  33.438493    26.9324      2.835  264.97734  265.21768     5.2564     7.2572 -9.990e-29
 130.553027      2.888    14.3908  33.438023    26.9321      2.862  264.97875  265.21908     5.2875     7.2694 -9.990e-29
 130.553030      2.912    14.3903  33.436435    26.9310      2.886  264.98355  265.22386     5.2253     7.2572 -9.990e-29
 130.553032      2.935    14.3896  33.435906    26.9310      2.909  264.98725  265.22753     5.3809     7.2410 -9.990e-29
 130.553035      2.952    14.3886  33.434847    26.9307      2.925  264.99307  265.23330     5.3031     6.8488 -9.990e-29
 130.553038      2.970    14.3880  33.436141    26.9323      2.944  264.99348  265.23366     5.2564     6.8933 -9.990e-29
 130.553041      2.978    14.3879  33.435024    26.9314      2.951  264.99562  265.23581     5.3654     6.9014 -9.990e-29
 130.553044      2.992    14.3874  33.434848    26.9316      2.965  264.99811  265.23827     5.2720     6.8731 -9.990e-29
 130.553047      3.000    14.3871  33.435024    26.9319      2.973  264.99908  265.23923     5.0541     6.9054 -9.990e-29
 130.553050      3.014    14.3869  33.434024    26.9312      2.987  265.00166  265.24180     5.1008     6.9459 -9.990e-29
 130.553053      3.030    14.3863  33.433378    26.9310      3.003  265.00492  265.24504     5.0229     6.9014 -9.990e-29
 130.553056      3.052    14.3860  33.434025    26.9318      3.025  265.00545  265.24554     5.0229     6.9256 -9.990e-29
 130.553058      3.072    14.3856  33.432554    26.9308      3.045  265.00943  265.24951     5.0541     6.7356 -9.990e-29
 130.553061      3.096    14.3852  33.432613    26.9311      3.068  265.01092  265.25097     5.0074     6.7315 -9.990e-29
 130.553064      3.116    14.3850  33.432731    26.9313      3.088  265.01168  265.25172     5.0541     6.7396 -9.990e-29
