Processed/SBE19plus_01907321_2022_05_12_Cast134_wfilter.cnv
* Sea-Bird SBE19plus  Data File:
* FileName = E:\Prandtl_Daten\2022\CTD\Raw\SBE19plus_01907321_2022_05_12_Cast134.hex
* Software version 2.6.1.12
* Temperature SN = 7321
* Conductivity SN = 7321
* System UpLoad Time = May 12 2022 12:25:43
* <ApplicationData>
* <Seaterm232>
** Messpraktikum 2022
** CTD 10.05  M1
** NMEA Latitude = 54 06.03N
** NMEA Longitude = 008 38.82E
# nquan = 11
# nvalues = 439                         
# units = specified
# name 0 = timeJ: Julian Days
# name 1 = prdM: Pressure, Strain Gauge [db]
# name 2 = tv290C: Temperature [ITS-90, deg C]
# name 3 = c0mS/cm: Conductivity [mS/cm]
# name 4 = sal00: Salinity, Practical [PSU]
# name 5 = depSM: Depth [salt water, m], lat = 54.00
# name 6 = oxsatMm/Kg: Oxygen Saturation, Weiss [umol/kg]
# name 7 = oxsolMm/Kg: Oxygen Saturation, Garcia & Gordon [umol/kg]
# name 8 = turbWETntu0: Turbidity, WET Labs ECO [NTU]
# name 9 = flECO-AFL: Fluorescence, WET Labs ECO-AFL/FL [mg/m^3]
# name 10 = flag:  0.000e+00
# span 0 = 132.513547, 132.514815       
# span 1 =      0.987,     11.148       
# span 2 =    13.5842,    13.7224       
# span 3 =  31.829905,  32.131259       
# span 4 =    26.0434,    26.2197       
# span 5 =      0.978,     11.048       
# span 6 =  269.98797,  271.09525       
# span 7 =  270.19969,  271.30124       
# span 8 =    23.3731,   228.3381       
# span 9 =    10.6296,    24.1718       
# span 10 = 0.0000e+00, 0.0000e+00      
# interval = seconds: 0.25
# start_time = May 12 2022 12:18:16 [Instrument's time stamp, header]
# bad_flag = -9.990e-29
*END*
[from data line 394]
 132.514688     10.285    13.6757  32.064886    26.1900     10.193  270.30319  270.51270   154.6105    21.4221 -9.990e-29
 132.514690     10.256    13.6751  32.062456    26.1883     10.164  270.31017  270.51966   151.1864    21.7577 -9.990e-29
 132.514693     10.221    13.6741  32.063093    26.1895     10.130  270.31323  270.52265   151.3576    21.7335 -9.990e-29
 132.514696     10.192    13.6735  32.066159    26.1927     10.101  270.31057  270.51994   151.2486    21.7496 -9.990e-29
 132.514699     10.174    13.6738  32.067085    26.1934     10.083  270.30804  270.51741   151.2331    21.7577 -9.990e-29
 132.514702     10.165    13.6746  32.067316    26.1931     10.074  270.30412  270.51354   155.1552    22.1216 -9.990e-29
 132.514705     10.176    13.6749  32.064481    26.1902     10.085  270.30733  270.51679   155.0619    22.1257 -9.990e-29
 132.514708     10.202    13.6749  32.064481    26.1903     10.110  270.30767  270.51713   155.1397    22.0974 -9.990e-29
 132.514711     10.242    13.6746  32.066506    26.1895     10.150  270.30522  270.51465   155.1241    22.1378 -9.990e-29
 132.514714     10.300    13.6749  32.063672    26.1882     10.208  270.30878  270.51825   155.1241    22.1419 0.0000e+00
 132.514716     10.366    13.6742  32.060258    26.1869     10.273  270.31779  270.52725   167.9646    22.4451 0.0000e+00
 132.514719     10.432    13.6731  32.056672    26.1844     10.338  270.32870  270.53812   167.9801    22.4573 0.0000e+00
 132.514722     10.493    13.6713  32.055457    26.1844     10.399  270.33847  270.54779   167.9801    22.4370 0.0000e+00
 132.514725     10.554    13.6699  32.053722    26.1838     10.459  270.34752  270.55678   167.8245    22.4330 0.0000e+00
 132.514728     10.610    13.6688  32.051813    26.1829     10.515  270.35590  270.56510   168.6027    22.4411 0.0000e+00
 132.514731     10.661    13.6679  32.050425    26.1825     10.566  270.36180  270.57097   168.8206    22.4492 0.0000e+00
 132.514734     10.689    13.6669  32.048401    26.1822     10.593  270.36972  270.57885   168.6183    22.4451 -9.990e-29
 132.514737     10.707    13.6662  32.051236    26.1841     10.611  270.36813  270.57719   168.6650    22.4532 -9.990e-29
 132.514740     10.712    13.6661  32.049442    26.1825     10.616  270.37149  270.58056   185.6611    23.0153 -9.990e-29
 132.514742     10.716    13.6659  32.049037    26.1823     10.620  270.37314  270.58219   185.7233    23.0355 -9.990e-29
 132.514745     10.709    13.6659  32.050021    26.1832     10.613  270.37147  270.58052   185.6611    23.0274 -9.990e-29
 132.514748     10.697    13.6660  32.045798    26.1793     10.602  270.37830  270.58738   185.6611    23.0436 -9.990e-29
 132.514751     10.687    13.6655  32.047186    26.1809     10.591  270.37786  270.58690   185.0229    23.3913 -9.990e-29
 132.514754     10.679    13.6648  32.046434    26.1807     10.584  270.38200  270.59102   184.8673    23.3307 -9.990e-29
 132.514757     10.677    13.6643  32.046203    26.1808     10.582  270.38463  270.59362   184.9296    23.3550 -9.990e-29
 132.514760     10.686    13.6643  32.046203    26.1817     10.591  270.38496  270.59394   184.8984    23.3550 -9.990e-29
 132.514763     10.712    13.6641  32.047013    26.1818     10.616  270.38424  270.59321   184.9140    23.3105 0.0000e+00
 132.514766     10.747    13.6641  32.047187    26.1817     10.650  270.38397  270.59293   167.9646    22.6958 0.0000e+00
 132.514769     10.796    13.6640  32.045625    26.1805     10.699  270.38728  270.59625   167.9646    22.6958 0.0000e+00
 132.514771     10.861    13.6639  32.044179    26.1792     10.764  270.39009  270.59907   167.9023    22.6878 0.0000e+00
 132.514774     10.927    13.6635  32.043370    26.1792     10.829  270.39310  270.60206   167.8245    22.6878 0.0000e+00
 132.514777     10.987    13.6634  32.044585    26.1787     10.889  270.39172  270.60066   197.2253    22.8859 0.0000e+00
 132.514780     11.044    13.6634  32.040189    26.1779     10.945  270.39920  270.60818   197.3498    22.9142 0.0000e+00
 132.514783     11.086    13.6633  32.041461    26.1759     10.987  270.39739  270.60636   197.3031    22.8980 -9.990e-29
 132.514786     11.110    13.6628  32.040594    26.1767     11.010  270.40111  270.61006   197.2097    22.8859 -9.990e-29
 132.514789     11.117    13.6624  32.040363    26.1767     11.017  270.40311  270.61203   213.3342    23.8928 -9.990e-29
 132.514792     11.104    13.6624  32.041404    26.1776     11.005  270.40134  270.61025   213.3498    23.9453 -9.990e-29
 132.514795     11.080    13.6627  32.042792    26.1787     10.981  270.39769  270.60661   213.2875    23.9130 -9.990e-29
 132.514797     11.062    13.6630  32.039610    26.1756     10.963  270.40179  270.61075   213.1941    23.9008 -9.990e-29
 132.514800     11.051    13.6629  32.042792    26.1786     10.952  270.39671  270.60565   213.2253    23.6137 -9.990e-29
 132.514803     11.056    13.6629  32.039610    26.1757     10.957  270.40243  270.61138   213.3031    23.6057 -9.990e-29
 132.514806     11.073    13.6627  32.040594    26.1765     10.974  270.40141  270.61035   213.1786    23.5935 -9.990e-29
 132.514809     11.102    13.6627  32.040363    26.1765     11.003  270.40182  270.61076   213.2875    23.5976 0.0000e+00
 132.514812     11.146    13.6623  32.037586    26.1765     11.046  270.40847  270.61741   213.3342    23.5854 -9.990e-29
 132.514815     11.148    13.6618  32.033827    26.1712     11.048  270.41708  270.62602   228.3381    24.1718 -9.990e-29
