Processed/SBE19plus_01907321_2022_05_07_Cast70_wfilter.cnv
* Sea-Bird SBE19plus  Data File:
* FileName = E:\Prandtl Daten\2022\CTD\Raw\SBE19plus_01907321_2022_05_07_Cast70.hex
* Software version 2.6.1.12
* Temperature SN = 7321
* Conductivity SN = 7321
* System UpLoad Time = May 07 2022 12:26:13
* <ApplicationData>
* <Seaterm232>
** Messpraktikum 2022
** CTD 07.05 TS
** NMEA Latitude = 54 07.61 N
** NMEA Longitude = 008 42.25 E
# nquan = 11
# nvalues = 424                         
# units = specified
# name 0 = timeJ: Julian Days
# name 1 = prdM: Pressure, Strain Gauge [db]
# name 2 = tv290C: Temperature [ITS-90, deg C]
# name 3 = c0mS/cm: Conductivity [mS/cm]
# name 4 = sal00: Salinity, Practical [PSU]
# name 5 = depSM: Depth [salt water, m], lat = 54.00
# name 6 = oxsatMm/Kg: Oxygen Saturation, Weiss [umol/kg]
# name 7 = oxsolMm/Kg: Oxygen Saturation, Garcia & Gordon [umol/kg]
# name 8 = turbWETntu0: Turbidity, WET Labs ECO [NTU]
# name 9 = flECO-AFL: Fluorescence, WET Labs ECO-AFL/FL [mg/m^3]
# name 10 = flag:  0.000e+00
# span 0 = 127.513964, 127.515188       
# span 1 =      0.620,     10.923       
# span 2 =    12.7359,    12.7695       
# span 3 =  32.135980,  32.232708       
# span 4 =    26.9066,    26.9755       
# span 5 =      0.614,     10.826       
# span 6 =  273.98134,  274.27476       
# span 7 =  274.13324,  274.42526       
# span 8 =    14.0035,    66.5171       
# span 9 =     5.4416,     9.5985       
# span 10 = 0.0000e+00, 0.0000e+00      
# interval = seconds: 0.25
# start_time = May 07 2022 12:19:01 [Instrument's time stamp, header]
# bad_flag = -9.990e-29
*END*
[from data line 132]
 127.514346      3.530    12.7371  32.152722    26.9269      3.498  274.26096  274.41148    19.9957     6.7235 -9.990e-29
 127.514349      3.551    12.7373  32.154344    26.9277      3.520  274.25715  274.40767    18.6572     6.2140 -9.990e-29
 127.514352      3.577    12.7375  32.153938    26.9286      3.545  274.25694  274.40747    18.5638     6.2180 0.0000e+00
 127.514355      3.605    12.7375  32.155734    26.9294      3.572  274.25377  274.40429    18.4860     6.2261 0.0000e+00
 127.514358      3.632    12.7375  32.157356    26.9308      3.599  274.25091  274.40141    18.4393     6.2261 0.0000e+00
 127.514361      3.659    12.7376  32.157472    26.9308      3.627  274.25009  274.40060    17.6455     5.9188 0.0000e+00
 127.514363      3.690    12.7379  32.156139    26.9294      3.657  274.25121  274.40175    17.5521     5.9026 0.0000e+00
 127.514366      3.717    12.7384  32.154981    26.9280      3.684  274.25107  274.40165    17.5833     5.8945 0.0000e+00
 127.514369      3.743    12.7393  32.154981    26.9273      3.710  274.24729  274.39793    17.5677     5.8783 0.0000e+00
 127.514372      3.774    12.7398  32.152549    26.9247      3.740  274.24941  274.40011    17.6144     5.8703 0.0000e+00
 127.514375      3.805    12.7403  32.152317    26.9241      3.771  274.24763  274.39836    15.7311     6.1937 0.0000e+00
 127.514378      3.840    12.7406  32.152317    26.9240      3.805  274.24607  274.39683    15.8556     6.1371 0.0000e+00
 127.514381      3.865    12.7412  32.151101    26.9239      3.831  274.24572  274.39652    15.9957     6.1654 -9.990e-29
 127.514384      3.882    12.7419  32.150753    26.9215      3.847  274.24350  274.39435    15.8868     6.1169 -9.990e-29
 127.514387      3.896    12.7422  32.150116    26.9207      3.861  274.24306  274.39393    22.4393     6.7801 -9.990e-29
 127.514389      3.901    12.7423  32.149537    26.9201      3.867  274.24377  274.39466    22.3615     6.7720 -9.990e-29
 127.514392      3.916    12.7423  32.150522    26.9210      3.881  274.24203  274.39291    22.5327     6.7639 -9.990e-29
 127.514395      3.940    12.7422  32.152317    26.9227      3.905  274.23918  274.39004    22.5327     6.7801 -9.990e-29
 127.514398      3.957    12.7421  32.153533    26.9244      3.921  274.23735  274.38819    22.4393     6.7841 -9.990e-29
 127.514401      3.984    12.7419  32.153939    26.9255      3.948  274.23760  274.38842    22.4860     6.7882 0.0000e+00
 127.514404      4.017    12.7419  32.156372    26.9266      3.981  274.23331  274.38411    22.4393     6.7801 0.0000e+00
 127.514407      4.059    12.7419  32.160774    26.9307      4.022  274.22553  274.37629    22.2992     6.7760 0.0000e+00
 127.514410      4.097    12.7420  32.162802    26.9325      4.060  274.22165  274.37239    21.0229     6.7396 0.0000e+00
 127.514413      4.137    12.7418  32.163439    26.9329      4.100  274.22149  274.37221    21.0229     6.3878 0.0000e+00
 127.514416      4.175    12.7420  32.167030    26.9332      4.138  274.21420  274.36490    21.1008     6.4081 -9.990e-29
 127.514418      4.197    12.7421  32.169058    26.9382      4.160  274.21030  274.36099    21.0229     6.4161 -9.990e-29
 127.514421      4.221    12.7421  32.169695    26.9388      4.183  274.20919  274.35987    21.1630     6.3797 -9.990e-29
 127.514424      4.230    12.7420  32.169464    26.9386      4.192  274.20992  274.36060    20.7739     6.7882 -9.990e-29
 127.514427      4.238    12.7419  32.166857    26.9363      4.200  274.21518  274.36588    20.7739     6.7760 -9.990e-29
 127.514430      4.243    12.7417  32.166915    26.9365      4.205  274.21571  274.36640    20.7739     6.7801 -9.990e-29
 127.514433      4.267    12.7416  32.166278    26.9360      4.229  274.21749  274.36817    20.8362     6.7882 -9.990e-29
 127.514436      4.289    12.7414  32.165061    26.9361      4.250  274.22029  274.37098    23.0463     6.6668 -9.990e-29
 127.514439      4.321    12.7414  32.166278    26.9370      4.283  274.21816  274.36883    23.0307     6.6426 0.0000e+00
 127.514442      4.360    12.7413  32.168074    26.9378      4.321  274.21563  274.36628    23.0307     6.6466 0.0000e+00
 127.514444      4.396    12.7416  32.171724    26.9410      4.357  274.20792  274.35855    22.9840     6.6790 0.0000e+00
 127.514447      4.436    12.7419  32.173114    26.9421      4.397  274.20422  274.35485    24.8206     6.4687 0.0000e+00
 127.514450      4.469    12.7424  32.174736    26.9426      4.429  274.19884  274.34949    24.6961     6.4930 0.0000e+00
 127.514453      4.502    12.7429  32.176301    26.9431      4.462  274.19387  274.34455    24.7584     6.4849 -9.990e-29
 127.514456      4.524    12.7431  32.176359    26.9441      4.483  274.19283  274.34353    24.6027     6.4889 -9.990e-29
 127.514459      4.542    12.7433  32.180762    26.9481      4.501  274.18441  274.33507    24.7739     6.4566 -9.990e-29
 127.514462      4.553    12.7441  32.182790    26.9493      4.512  274.17703  274.32772    24.4004     6.8609 -9.990e-29
 127.514465      4.564    12.7445  32.182790    26.9491      4.523  274.17546  274.32618    24.4782     6.8448 -9.990e-29
 127.514468      4.583    12.7452  32.187251    26.9528      4.542  274.16472  274.31543    24.4004     6.8245 -9.990e-29
 127.514470      4.604    12.7457  32.187657    26.9532      4.563  274.16149  274.31224    24.4626     6.8529 -9.990e-29
 127.514473      4.637    12.7463  32.188642    26.9538      4.596  274.15723  274.30801    25.0541     6.8933 0.0000e+00
 127.514476      4.678    12.7466  32.190264    26.9535      4.636  274.15312  274.30390    24.9918     6.8812 0.0000e+00
 127.514479      4.712    12.7469  32.189453    26.9542      4.670  274.15300  274.30381    24.9607     6.8852 0.0000e+00
 127.514482      4.745    12.7472  32.190496    26.9538      4.703  274.14991  274.30073    24.8362     6.8650 0.0000e+00
 127.514485      4.782    12.7472  32.190496    26.9542      4.739  274.14993  274.30076    24.1669     6.7194 -9.990e-29
 127.514488      4.804    12.7474  32.191250    26.9547      4.761  274.14767  274.29849    24.1669     6.7356 -9.990e-29
 127.514491      4.826    12.7477  32.192872    26.9561      4.782  274.14386  274.29468    24.1358     6.7558 -9.990e-29
 127.514494      4.840    12.7480  32.193104    26.9560      4.797  274.14188  274.29272    24.2603     6.7113 -9.990e-29
 127.514497      4.853    12.7482  32.193220    26.9560      4.810  274.14073  274.29159    22.9218     6.7194 -9.990e-29
 127.514499      4.871    12.7483  32.193915    26.9566      4.828  274.13919  274.29005    22.9529     6.7275 -9.990e-29
 127.514502      4.888    12.7486  32.193915    26.9564      4.844  274.13794  274.28882    22.9685     6.7518 -9.990e-29
 127.514505      4.911    12.7487  32.192872    26.9539      4.867  274.13949  274.29038    23.0774     6.7437 -9.990e-29
 127.514508      4.946    12.7485  32.191250    26.9541      4.902  274.14302  274.29392    22.8284     6.7113 0.0000e+00
 127.514511      4.981    12.7484  32.191656    26.9539      4.936  274.14295  274.29384    22.2525     6.6911 0.0000e+00
 127.514514      5.021    12.7479  32.189454    26.9527      4.976  274.14878  274.29966    22.3926     6.6830 0.0000e+00
 127.514517      5.052    12.7476  32.187890    26.9521      5.007  274.15315  274.30402    22.1436     6.6668 0.0000e+00
 127.514520      5.081    12.7473  32.186209    26.9514      5.035  274.15741  274.30828    22.2214     6.6507 -9.990e-29
 127.514523      5.106    12.7469  32.186210    26.9504      5.061  274.15932  274.31016    21.5210     6.4970 -9.990e-29
 127.514525      5.121    12.7464  32.184993    26.9496      5.075  274.16338  274.31421    21.5833     6.5091 -9.990e-29
 127.514528      5.132    12.7464  32.184008    26.9486      5.086  274.16514  274.31597    21.5054     6.4687 -9.990e-29
 127.514531      5.150    12.7461  32.183023    26.9480      5.104  274.16847  274.31929    21.4899     6.5132 -9.990e-29
 127.514534      5.178    12.7457  32.182791    26.9479      5.131  274.17048  274.32128    21.8945     6.9459 0.0000e+00
 127.514537      5.205    12.7455  32.182386    26.9478      5.158  274.17217  274.32296    22.0191     6.9459 0.0000e+00
 127.514540      5.232    12.7455  32.180358    26.9459      5.185  274.17578  274.32659    21.9412     6.9054 0.0000e+00
 127.514543      5.261    12.7451  32.179373    26.9453      5.214  274.17944  274.33023    21.9879     6.9095 0.0000e+00
 127.514546      5.294    12.7450  32.179142    26.9453      5.247  274.18019  274.33097    21.9724     6.7841 0.0000e+00
 127.514549      5.325    12.7447  32.180185    26.9457      5.278  274.17962  274.33038    21.9568     6.7962 0.0000e+00
 127.514552      5.354    12.7446  32.178563    26.9463      5.306  274.18283  274.33360    22.0502     6.8084 -9.990e-29
 127.514554      5.376    12.7447  32.179374    26.9455      5.328  274.18109  274.33186    22.0657     6.8245 -9.990e-29
 127.514557      5.394    12.7446  32.178563    26.9448      5.346  274.18317  274.33394    21.9724     6.8084 -9.990e-29
 127.514560      5.411    12.7444  32.179200    26.9455      5.363  274.18269  274.33344    21.2253     6.9216 -9.990e-29
 127.514563      5.429    12.7445  32.178331    26.9447      5.380  274.18392  274.33469    21.1786     6.9539 -9.990e-29
 127.514566      5.447    12.7441  32.178563    26.9442      5.398  274.18542  274.33615    21.1475     6.9418 -9.990e-29
 127.514569      5.482    12.7441  32.177578    26.9439      5.433  274.18687  274.33762    21.2253     6.9256 0.0000e+00
 127.514572      5.522    12.7441  32.176941    26.9436      5.473  274.18803  274.33878    24.1513     6.9539 0.0000e+00
 127.514575      5.551    12.7440  32.176767    26.9436      5.502  274.18899  274.33973    24.0891     6.9701 0.0000e+00
 127.514578      5.584    12.7439  32.177347    26.9435      5.534  274.18830  274.33903    24.1202     6.9823 -9.990e-29
 127.514580      5.608    12.7439  32.176767    26.9436      5.558  274.18934  274.34008    24.1825     7.0065 -9.990e-29
 127.514583      5.626    12.7439  32.178621    26.9453      5.576  274.18607  274.33679    21.4743     6.6830 -9.990e-29
 127.514586      5.643    12.7441  32.178158    26.9447      5.592  274.18627  274.33700    21.4743     6.6871 -9.990e-29
 127.514589      5.665    12.7441  32.178564    26.9451      5.614  274.18556  274.33629    21.4587     6.6668 -9.990e-29
 127.514592      5.679    12.7444  32.178332    26.9446      5.628  274.18440  274.33516    21.4432     6.6911 -9.990e-29
 127.514595      5.696    12.7444  32.178564    26.9450      5.645  274.18400  274.33476    21.9257     6.8771 -9.990e-29
 127.514598      5.728    12.7444  32.178738    26.9446      5.677  274.18371  274.33447    21.8790     6.8569 0.0000e+00
 127.514601      5.758    12.7444  32.177753    26.9441      5.706  274.18548  274.33624    21.8945     6.8488 0.0000e+00
 127.514604      5.800    12.7443  32.176884    26.9440      5.748  274.18768  274.33844    22.0657     6.8609 0.0000e+00
 127.514606      5.834    12.7442  32.177579    26.9433      5.782  274.18678  274.33754    22.1124     6.8367 0.0000e+00
 127.514609      5.873    12.7441  32.170685    26.9408      5.820  274.19966  274.35047    22.9529     6.8852 0.0000e+00
 127.514612      5.907    12.7438  32.174509    26.9377      5.854  274.19417  274.34493    22.9218     6.8286 -9.990e-29
 127.514615      5.927    12.7435  32.174509    26.9417      5.874  274.19545  274.34618    23.1864     6.8407 -9.990e-29
 127.514618      5.944    12.7431  32.173292    26.9408      5.891  274.19919  274.34992    23.0307     6.8569 -9.990e-29
 127.514621      5.951    12.7429  32.173930    26.9415      5.898  274.19902  274.34972    22.4237     6.6830 -9.990e-29
 127.514624      5.958    12.7428  32.173698    26.9414      5.905  274.20007  274.35076    22.3926     6.6830 -9.990e-29
 127.514627      5.969    12.7426  32.173640    26.9415      5.916  274.20112  274.35181    22.4548     6.6749 -9.990e-29
 127.514630      5.987    12.7426  32.173930    26.9415      5.934  274.20031  274.35099    22.4860     6.6668 -9.990e-29
 127.514633      6.016    12.7426  32.173698    26.9419      5.963  274.20105  274.35173    23.5910     6.9135 0.0000e+00
 127.514635      6.049    12.7427  32.174741    26.9424      5.995  274.19859  274.34927    23.5443     6.9337 0.0000e+00
 127.514638      6.091    12.7427  32.174915    26.9425      6.037  274.19831  274.34899    23.4198     6.9216 0.0000e+00
 127.514641      6.128    12.7428  32.176364    26.9438      6.073  274.19545  274.34612    23.5599     6.9095 0.0000e+00
 127.514644      6.164    12.7430  32.176537    26.9438      6.109  274.19422  274.34490    23.0619     6.6588 0.0000e+00
 127.514647      6.197    12.7433  32.176769    26.9438      6.142  274.19256  274.34327    23.0774     6.6668 0.0000e+00
 127.514650      6.224    12.7434  32.176885    26.9438      6.169  274.19206  274.34277    22.9373     6.6588 -9.990e-29
 127.514653      6.244    12.7434  32.177175    26.9441      6.189  274.19156  274.34226    22.9996     6.6668 -9.990e-29
 127.514656      6.254    12.7434  32.177349    26.9442      6.198  274.19094  274.34165    22.8751     6.6507 -9.990e-29
 127.514659      6.259    12.7436  32.177754    26.9445      6.203  274.18959  274.34031    21.6144     6.8731 -9.990e-29
 127.514661      6.272    12.7437  32.177986    26.9446      6.216  274.18856  274.33928    21.5054     6.8488 -9.990e-29
 127.514664      6.292    12.7437  32.179145    26.9455      6.236  274.18652  274.33723    21.5210     6.8448 -9.990e-29
 127.514667      6.323    12.7437  32.178971    26.9451      6.267  274.18685  274.33756    21.3031     6.8771 0.0000e+00
 127.514670      6.363    12.7438  32.178276    26.9449      6.306  274.18779  274.33851    24.2292     6.9337 0.0000e+00
 127.514673      6.407    12.7439  32.178566    26.9449      6.350  274.18667  274.33740    24.1669     6.9459 0.0000e+00
 127.514676      6.445    12.7439  32.179377    26.9455      6.388  274.18526  274.33598    24.2603     6.9297 0.0000e+00
 127.514679      6.478    12.7439  32.179145    26.9456      6.420  274.18569  274.33641    24.1669     6.9297 0.0000e+00
 127.514682      6.504    12.7439  32.179146    26.9455      6.446  274.18571  274.33643    23.7467     6.8731 -9.990e-29
 127.514685      6.525    12.7439  32.179783    26.9460      6.467  274.18459  274.33531    23.7000     6.8569 -9.990e-29
 127.514687      6.545    12.7440  32.179957    26.9461      6.487  274.18398  274.33470    23.6222     6.8650 -9.990e-29
 127.514690      6.555    12.7441  32.181985    26.9480      6.496  274.18008  274.33078    23.7000     6.8488 -9.990e-29
 127.514693      6.567    12.7444  32.182274    26.9480      6.509  274.17831  274.32903    24.0424     7.2370 -9.990e-29
 127.514696      6.584    12.7446  32.183028    26.9486      6.525  274.17604  274.32676    23.9334     7.2572 -9.990e-29
 127.514699      6.606    12.7450  32.183839    26.9491      6.547  274.17272  274.32346    23.9957     7.2572 -9.990e-29
 127.514702      6.637    12.7451  32.184013    26.9489      6.577  274.17211  274.32286    23.7934     7.2047 0.0000e+00
 127.514705      6.673    12.7451  32.183607    26.9491      6.613  274.17285  274.32361    24.0268     7.2370 0.0000e+00
 127.514708      6.711    12.7452  32.184824    26.9497      6.651  274.17009  274.32084    24.4938     7.2047 0.0000e+00
 127.514711      6.748    12.7454  32.186041    26.9503      6.687  274.16701  274.31776    24.5560     7.2451 0.0000e+00
 127.514714      6.775    12.7457  32.185751    26.9505      6.715  274.16659  274.31736    24.4938     7.2330 0.0000e+00
 127.514716      6.801    12.7460  32.185809    26.9503      6.740  274.16493  274.31572    24.4938     7.2815 -9.990e-29
 127.514719      6.815    12.7462  32.185809    26.9499      6.754  274.16430  274.31511    24.2914     7.0914 -9.990e-29
