Processed/SBE19plus_01907321_2022_05_05_Cast34_wfilter.cnv
* Sea-Bird SBE19plus  Data File:
* FileName = E:\Prandtl Daten\2022\CTD\Raw\SBE19plus_01907321_2022_05_05_Cast34.hex
* Software version 2.6.1.12
* Temperature SN = 7321
* Conductivity SN = 7321
* System UpLoad Time = May 05 2022 12:23:13
* <ApplicationData>
* <Seaterm232>
** Messpraktikum 2022
** CTD 05.05 NP3
# nquan = 11
# nvalues = 733                         
# units = specified
# name 0 = timeJ: Julian Days
# name 1 = prdM: Pressure, Strain Gauge [db]
# name 2 = tv290C: Temperature [ITS-90, deg C]
# name 3 = c0mS/cm: Conductivity [mS/cm]
# name 4 = sal00: Salinity, Practical [PSU]
# name 5 = depSM: Depth [salt water, m], lat = 54.00
# name 6 = oxsatMm/Kg: Oxygen Saturation, Weiss [umol/kg]
# name 7 = oxsolMm/Kg: Oxygen Saturation, Garcia & Gordon [umol/kg]
# name 8 = turbWETntu0: Turbidity, WET Labs ECO [NTU]
# name 9 = flECO-AFL: Fluorescence, WET Labs ECO-AFL/FL [mg/m^3]
# name 10 = flag:  0.000e+00
# span 0 = 125.509201, 125.511319       
# span 1 =      0.584,     15.553       
# span 2 =    12.0531,    12.1128       
# span 3 =  32.652644,  32.712610       
# span 4 =    27.8818,    27.9241       
# span 5 =      0.579,     15.414       
# span 6 =  276.05988,  276.37828       
# span 7 =  276.16262,  276.47740       
# span 8 =     3.0152,    24.4626       
# span 9 =     2.5666,     4.6450       
# span 10 = 0.0000e+00, 0.0000e+00      
# interval = seconds: 0.25
# start_time = May 05 2022 12:11:28 [Instrument's time stamp, header]
# bad_flag = -9.990e-29
*END*
[from data line 525]
 125.510720     10.361    12.0557  32.674919    27.9098     10.268  276.34757  276.44655    11.2486     4.3094 -9.990e-29
 125.510723     10.379    12.0560  32.677717    27.9122     10.286  276.34121  276.44018    11.2798     4.3134 -9.990e-29
 125.510726     10.397    12.0558  32.677309    27.9119     10.304  276.34259  276.44156    11.2486     4.2730 -9.990e-29
 125.510729     10.421    12.0562  32.677309    27.9099     10.328  276.34106  276.44004    10.2369     4.3498 -9.990e-29
 125.510732     10.446    12.0562  32.675444    27.9105     10.353  276.34449  276.44350    10.3303     4.3903 0.0000e+00
 125.510735     10.477    12.0562  32.676668    27.9110     10.383  276.34227  276.44126    10.1436     4.3579 0.0000e+00
 125.510738     10.504    12.0561  32.677076    27.9113     10.410  276.34185  276.44084    10.1280     4.3418 0.0000e+00
 125.510741     10.543    12.0562  32.677076    27.9115     10.448  276.34126  276.44025    10.1591     4.3741 0.0000e+00
 125.510744     10.568    12.0565  32.677484    27.9113     10.474  276.33959  276.43860    11.9957     4.2285 0.0000e+00
 125.510747     10.607    12.0568  32.677484    27.9113     10.512  276.33807  276.43710    12.0580     4.2447 0.0000e+00
 125.510749     10.634    12.0572  32.677309    27.9109     10.539  276.33685  276.43591    11.8556     4.2447 0.0000e+00
 125.510752     10.661    12.0573  32.676726    27.9106     10.566  276.33732  276.43639    12.1669     4.2488 0.0000e+00
 125.510755     10.691    12.0572  32.677076    27.9102     10.595  276.33701  276.43607    10.8440     4.2973 -9.990e-29
 125.510758     10.710    12.0574  32.677076    27.9104     10.615  276.33640  276.43548    10.6572     4.3054 -9.990e-29
 125.510761     10.729    12.0576  32.678533    27.9117     10.633  276.33281  276.43189    10.8751     4.3013 -9.990e-29
 125.510764     10.742    12.0578  32.678883    27.9118     10.646  276.33125  276.43033    10.8906     4.2892 -9.990e-29
 125.510767     10.763    12.0581  32.679758    27.9124     10.667  276.32811  276.42721    10.4548     4.1274 -9.990e-29
 125.510770     10.784    12.0583  32.679583    27.9112     10.687  276.32782  276.42693    10.3926     4.1194 -9.990e-29
 125.510773     10.811    12.0585  32.678767    27.9118     10.714  276.32840  276.42754    10.4393     4.1113 0.0000e+00
 125.510775     10.838    12.0588  32.680399    27.9124     10.741  276.32388  276.42302    10.5638     4.0830 0.0000e+00
 125.510778     10.871    12.0590  32.680807    27.9127     10.774  276.32222  276.42138     9.1008     4.0466 0.0000e+00
 125.510781     10.908    12.0592  32.681798    27.9128     10.810  276.31981  276.41896     9.2097     4.0587 0.0000e+00
 125.510784     10.937    12.0595  32.681390    27.9132     10.839  276.31903  276.41821     9.1941     4.0587 0.0000e+00
 125.510787     10.970    12.0599  32.682206    27.9128     10.871  276.31600  276.41520     9.2875     4.0668 -9.990e-29
 125.510790     10.995    12.0602  32.682031    27.9129     10.897  276.31510  276.41432     9.3031     4.0466 -9.990e-29
 125.510793     11.019    12.0604  32.681623    27.9124     10.920  276.31493  276.41417    10.3926     4.2771 -9.990e-29
 125.510796     11.041    12.0605  32.681623    27.9123     10.942  276.31432  276.41357    10.6883     4.3175 -9.990e-29
 125.510799     11.061    12.0606  32.680399    27.9111     10.962  276.31627  276.41553    10.4860     4.3094 -9.990e-29
 125.510802     11.079    12.0608  32.683081    27.9134     10.980  276.31044  276.40969    10.5638     4.3175 -9.990e-29
 125.510804     11.099    12.0610  32.682673    27.9129     11.000  276.31026  276.40954    12.1047     4.2973 -9.990e-29
 125.510807     11.115    12.0610  32.682556    27.9128     11.016  276.31049  276.40976    11.8556     4.3377 -9.990e-29
 125.510810     11.147    12.0611  32.682207    27.9124     11.047  276.31084  276.41012    12.0735     4.2811 -9.990e-29
 125.510813     11.170    12.0608  32.682032    27.9136     11.070  276.31242  276.41169    12.0268     4.3175 -9.990e-29
 125.510816     11.203    12.0605  32.683081    27.9130     11.103  276.31176  276.41100    11.0619     4.3054 0.0000e+00
 125.510819     11.231    12.0604  32.681799    27.9125     11.130  276.31475  276.41399    11.1552     4.2892 0.0000e+00
 125.510822     11.262    12.0601  32.680400    27.9125     11.161  276.31858  276.41781    11.0152     4.3094 0.0000e+00
 125.510825     11.295    12.0600  32.682440    27.9124     11.193  276.31518  276.41438    11.2019     4.3418 0.0000e+00
 125.510828     11.322    12.0600  32.683256    27.9133     11.221  276.31401  276.41320    12.3848     4.2043 -9.990e-29
 125.510830     11.346    12.0600  32.682790    27.9136     11.244  276.31457  276.41377    12.1980     4.2285 -9.990e-29
 125.510833     11.370    12.0598  32.683665    27.9146     11.268  276.31392  276.41310    12.3226     4.1598 -9.990e-29
 125.510836     11.388    12.0599  32.682033    27.9130     11.286  276.31661  276.41581    12.1358     4.2285 -9.990e-29
 125.510839     11.401    12.0598  32.681974    27.9130     11.298  276.31703  276.41623    12.2914     4.1679 -9.990e-29
 125.510842     11.417    12.0598  32.682849    27.9138     11.315  276.31544  276.41463    11.4821     4.3741 -9.990e-29
 125.510845     11.432    12.0600  32.683490    27.9143     11.329  276.31335  276.41254    11.3576     4.4267 -9.990e-29
 125.510848     11.455    12.0600  32.682849    27.9134     11.353  276.31454  276.41374    11.5910     4.3539 -9.990e-29
 125.510851     11.481    12.0600  32.682557    27.9132     11.378  276.31540  276.41460    11.5910     4.3620 0.0000e+00
 125.510854     11.510    12.0602  32.682441    27.9134     11.407  276.31470  276.41392    10.5949     4.2568 0.0000e+00
 125.510856     11.545    12.0600  32.682849    27.9131     11.441  276.31460  276.41380    10.7194     4.2932 0.0000e+00
 125.510859     11.574    12.0599  32.682208    27.9131     11.470  276.31642  276.41562    10.8906     4.3175 0.0000e+00
 125.510862     11.607    12.0595  32.681975    27.9131     11.503  276.31842  276.41760    10.8440     4.2973 0.0000e+00
 125.510865     11.634    12.0594  32.681800    27.9131     11.530  276.31938  276.41855    10.1280     4.2811 -9.990e-29
 125.510868     11.656    12.0593  32.682675    27.9140     11.551  276.31841  276.41757    10.3303     4.2447 -9.990e-29
 125.510871     11.679    12.0593  32.682850    27.9141     11.575  276.31811  276.41726    10.2369     4.2609 -9.990e-29
 125.510874     11.696    12.0594  32.682208    27.9134     11.591  276.31867  276.41784    10.3459     4.2124 -9.990e-29
 125.510877     11.708    12.0595  32.683258    27.9143     11.604  276.31614  276.41530    10.3148     4.1557 -9.990e-29
 125.510880     11.725    12.0596  32.682034    27.9131     11.620  276.31808  276.41727    10.2992     4.1598 -9.990e-29
 125.510883     11.739    12.0598  32.683782    27.9146     11.634  276.31396  276.41314    10.1591     4.1679 -9.990e-29
 125.510885     11.765    12.0600  32.683899    27.9138     11.659  276.31314  276.41233    10.2525     4.2124 0.0000e+00
 125.510888     11.792    12.0599  32.682209    27.9139     11.686  276.31657  276.41577    10.2836     4.1719 0.0000e+00
 125.510891     11.823    12.0598  32.683083    27.9139     11.717  276.31530  276.41448    10.8595     4.2285 0.0000e+00
 125.510894     11.852    12.0599  32.683550    27.9142     11.746  276.31415  276.41334    10.7973     4.2488 0.0000e+00
 125.510897     11.882    12.0600  32.683608    27.9143     11.775  276.31344  276.41264    10.7973     4.1962 0.0000e+00
 125.510900     11.916    12.0599  32.683375    27.9142     11.809  276.31452  276.41371    10.8595     4.2811 -9.990e-29
 125.510903     11.940    12.0600  32.683666    27.9143     11.833  276.31369  276.41288    10.6727     4.4307 -9.990e-29
 125.510906     11.964    12.0600  32.683492    27.9141     11.857  276.31402  276.41322    10.6416     4.4267 -9.990e-29
 125.510909     11.990    12.0599  32.682209    27.9130     11.882  276.31670  276.41590    10.7817     4.4226 -9.990e-29
 125.510911     12.008    12.0600  32.683375    27.9140     11.900  276.31396  276.41316    10.7506     4.4388 -9.990e-29
 125.510914     12.030    12.0600  32.683667    27.9143     11.922  276.31375  276.41294    10.0969     4.2407 -9.990e-29
 125.510917     12.046    12.0598  32.682851    27.9136     11.938  276.31588  276.41507    10.3615     4.2609 -9.990e-29
 125.510920     12.068    12.0599  32.683142    27.9138     11.960  276.31505  276.41424    10.3615     4.2730 -9.990e-29
 125.510923     12.092    12.0597  32.681219    27.9142     11.983  276.31921  276.41841    10.2836     4.2568 -9.990e-29
 125.510926     12.119    12.0598  32.683492    27.9143     12.010  276.31475  276.41394    11.3264     4.3862 0.0000e+00
 125.510929     12.148    12.0599  32.683667    27.9143     12.039  276.31414  276.41333    11.1864     4.3903 0.0000e+00
 125.510932     12.183    12.0596  32.683551    27.9143     12.074  276.31562  276.41479    11.0619     4.3498 0.0000e+00
 125.510935     12.212    12.0594  32.683259    27.9142     12.103  276.31711  276.41626    11.2953     4.3903 0.0000e+00
 125.510938     12.243    12.0595  32.683259    27.9142     12.133  276.31682  276.41598    11.1864     4.3579 0.0000e+00
 125.510940     12.269    12.0595  32.683668    27.9145     12.159  276.31609  276.41525    11.9334     4.3822 0.0000e+00
 125.510943     12.298    12.0594  32.683959    27.9147     12.188  276.31588  276.41503    11.9801     4.4145 0.0000e+00
 125.510946     12.327    12.0595  32.683668    27.9149     12.216  276.31613  276.41529    12.0424     4.3822 -9.990e-29
 125.510949     12.351    12.0595  32.683493    27.9143     12.240  276.31615  276.41532    12.1513     4.4307 -9.990e-29
 125.510952     12.373    12.0596  32.684309    27.9150     12.262  276.31436  276.41353    12.3537     4.4469 -9.990e-29
 125.510955     12.398    12.0595  32.682968    27.9138     12.287  276.31715  276.41632    12.2603     4.4631 -9.990e-29
 125.510958     12.416    12.0594  32.682677    27.9136     12.305  276.31831  276.41748    12.3848     4.4145 -9.990e-29
 125.510961     12.438    12.0595  32.683493    27.9139     12.327  276.31652  276.41569    12.1358     4.4428 -9.990e-29
 125.510964     12.466    12.0593  32.682852    27.9145     12.354  276.31865  276.41780    12.3226     4.3215 0.0000e+00
 125.510966     12.497    12.0592  32.683960    27.9142     12.385  276.31695  276.41609    12.4782     4.3215 0.0000e+00
 125.510969     12.522    12.0590  32.683085    27.9147     12.410  276.31919  276.41833    12.4004     4.3337 0.0000e+00
 125.510972     12.555    12.0592  32.683668    27.9142     12.443  276.31753  276.41667    12.3537     4.3296 0.0000e+00
 125.510975     12.584    12.0591  32.682969    27.9147     12.472  276.31914  276.41828    12.8050     4.3903 0.0000e+00
 125.510978     12.617    12.0591  32.684077    27.9151     12.504  276.31713  276.41626    12.8984     4.4065 0.0000e+00
 125.510981     12.645    12.0593  32.684718    27.9153     12.532  276.31505  276.41418    12.8362     4.4145 0.0000e+00
 125.510984     12.674    12.0594  32.684718    27.9155     12.560  276.31476  276.41390    12.9607     4.3701 -9.990e-29
 125.510987     12.698    12.0593  32.684951    27.9157     12.584  276.31465  276.41379    12.8984     4.3741 -9.990e-29
 125.510990     12.718    12.0593  32.684893    27.9157     12.604  276.31478  276.41391    13.3965     4.4631 -9.990e-29
 125.510992     12.736    12.0593  32.684893    27.9156     12.622  276.31479  276.41393    13.3965     4.4105 -9.990e-29
 125.510995     12.754    12.0593  32.684893    27.9156     12.640  276.31480  276.41394    13.3809     4.3943 -9.990e-29
 125.510998     12.770    12.0594  32.684718    27.9154     12.656  276.31482  276.41397    13.5054     4.4509 -9.990e-29
 125.511001     12.791    12.0595  32.685126    27.9159     12.676  276.31347  276.41262    10.5482     4.0385 -9.990e-29
 125.511004     12.816    12.0594  32.685301    27.9158     12.701  276.31379  276.41292    10.6883     4.0668 0.0000e+00
 125.511007     12.844    12.0596  32.685301    27.9159     12.729  276.31287  276.41203    10.6416     4.0102 0.0000e+00
 125.511010     12.869    12.0595  32.685535    27.9158     12.754  276.31277  276.41192    10.7039     4.0304 0.0000e+00
 125.511013     12.902    12.0597  32.685302    27.9160     12.786  276.31260  276.41176     8.9296     3.8161 0.0000e+00
 125.511016     12.927    12.0599  32.686759    27.9163     12.811  276.30902  276.40818     9.0074     3.7959 0.0000e+00
 125.511019     12.953    12.0601  32.687459    27.9169     12.837  276.30682  276.40599     9.1008     3.8039 -9.990e-29
 125.511021     12.977    12.0606  32.688391    27.9179     12.860  276.30265  276.40184     8.9451     3.7959 -9.990e-29
 125.511024     13.002    12.0613  32.691481    27.9203     12.886  276.29421  276.39341    10.3615     4.0506 -9.990e-29
 125.511027     13.024    12.0621  32.691481    27.9197     12.907  276.29050  276.38976    10.6572     4.0668 -9.990e-29
 125.511030     13.042    12.0628  32.692006    27.9196     12.925  276.28644  276.38575    10.4704     4.0668 -9.990e-29
 125.511033     13.057    12.0635  32.692530    27.9196     12.940  276.28239  276.38174    10.4860     4.0385 -9.990e-29
 125.511036     13.074    12.0639  32.693346    27.9201     12.957  276.27935  276.37872    10.4860     4.0223 -9.990e-29
 125.511039     13.095    12.0641  32.694571    27.9196     12.978  276.27588  276.37526     8.7584     3.9333 -9.990e-29
 125.511042     13.121    12.0643  32.693172    27.9196     13.004  276.27784  276.37724     8.9918     3.9010 0.0000e+00
 125.511045     13.156    12.0646  32.693347    27.9196     13.038  276.27630  276.37572     8.7272     3.9293 -9.990e-29
 125.511047     13.181    12.0646  32.694979    27.9215     13.063  276.27333  276.37273     8.6650     3.9172 -9.990e-29
 125.511050     13.214    12.0648  32.695620    27.9215     13.096  276.27125  276.37065     8.6650     3.7999 0.0000e+00
 125.511053     13.247    12.0648  32.695504    27.9215     13.128  276.27117  276.37059     8.6650     3.8039 0.0000e+00
 125.511056     13.275    12.0651  32.696437    27.9217     13.156  276.26855  276.36797     8.8206     3.8039 0.0000e+00
 125.511059     13.306    12.0651  32.696029    27.9221     13.187  276.26901  276.36844     8.8206     3.7716 -9.990e-29
 125.511062     13.320    12.0652  32.695912    27.9215     13.201  276.26892  276.36836     9.2097     3.7878 -9.990e-29
 125.511065     13.339    12.0653  32.694571    27.9201     13.219  276.27108  276.37053     8.8984     3.7797 -9.990e-29
 125.511068     13.353    12.0652  32.695388    27.9210     13.234  276.26990  276.36935     9.0541     3.7959 -9.990e-29
 125.511071     13.371    12.0652  32.694397    27.9200     13.252  276.27173  276.37118     8.9451     3.7959 -9.990e-29
 125.511073     13.383    12.0650  32.694921    27.9207     13.263  276.27171  276.37114     8.9296     3.7231 -9.990e-29
 125.511076     13.405    12.0651  32.694980    27.9206     13.285  276.27100  276.37044     8.9918     3.7150 -9.990e-29
 125.511079     13.427    12.0648  32.695621    27.9214     13.306  276.27108  276.37050     9.1163     3.7393 -9.990e-29
 125.511082     13.452    12.0649  32.695621    27.9217     13.331  276.27079  276.37021     9.0074     3.7190 0.0000e+00
 125.511085     13.483    12.0649  32.696263    27.9214     13.362  276.26963  276.36905     8.9451     3.7150 0.0000e+00
 125.511088     13.516    12.0650  32.695388    27.9219     13.395  276.27095  276.37038    10.1280     3.6665 0.0000e+00
 125.511091     13.541    12.0648  32.696613    27.9224     13.420  276.26966  276.36905    10.0502     3.6826 0.0000e+00
 125.511094     13.568    12.0648  32.697021    27.9226     13.447  276.26862  276.36802     9.9412     3.6826 0.0000e+00
