Processed/SBE19plus_01907321_2022_05_05_Cast29_wfilter.cnv
* Sea-Bird SBE19plus  Data File:
* FileName = E:\Prandtl Daten\2022\CTD\Raw\SBE19plus_01907321_2022_05_05_Cast29.hex
* Software version 2.6.1.12
* Temperature SN = 7321
* Conductivity SN = 7321
* System UpLoad Time = May 05 2022 10:05:19
* <ApplicationData>
* <Seaterm232>
** Messpraktikum 2022
** CTD 05.05 NP5
# nquan = 11
# nvalues = 436                         
# units = specified
# name 0 = timeJ: Julian Days
# name 1 = prdM: Pressure, Strain Gauge [db]
# name 2 = tv290C: Temperature [ITS-90, deg C]
# name 3 = c0mS/cm: Conductivity [mS/cm]
# name 4 = sal00: Salinity, Practical [PSU]
# name 5 = depSM: Depth [salt water, m], lat = 54.00
# name 6 = oxsatMm/Kg: Oxygen Saturation, Weiss [umol/kg]
# name 7 = oxsolMm/Kg: Oxygen Saturation, Garcia & Gordon [umol/kg]
# name 8 = turbWETntu0: Turbidity, WET Labs ECO [NTU]
# name 9 = flECO-AFL: Fluorescence, WET Labs ECO-AFL/FL [mg/m^3]
# name 10 = flag:  0.000e+00
# span 0 = 125.416438, 125.417697       
# span 1 =      0.594,     12.111       
# span 2 =    11.6583,    11.9287       
# span 3 =  32.063045,  32.331599       
# span 4 =    27.5633,    27.7409       
# span 5 =      0.589,     12.003       
# span 6 =  277.75307,  279.24445       
# span 7 =  277.84803,  279.32171       
# span 8 =     5.9101,    42.2369       
# span 9 =     4.2730,    11.0016       
# span 10 = 0.0000e+00, 0.0000e+00      
# interval = seconds: 0.25
# start_time = May 05 2022 09:58:20 [Instrument's time stamp, header]
# bad_flag = -9.990e-29
*END*
[from data line 394]
 125.417578     11.036    11.8393  32.318886    27.7336     10.938  277.97249  278.05998    29.0852     9.3963 0.0000e+00
 125.417581     11.066    11.8392  32.318654    27.7336     10.967  277.97325  278.06074    28.9918     9.3640 -9.990e-29
 125.417584     11.091    11.8391  32.318886    27.7337     10.992  277.97347  278.06094    29.1163     9.3801 -9.990e-29
 125.417587     11.107    11.8392  32.318480    27.7332     11.008  277.97361  278.06109    28.9918     9.3316 -9.990e-29
 125.417590     11.127    11.8391  32.318828    27.7336     11.028  277.97329  278.06076    29.2253     9.5742 -9.990e-29
 125.417593     11.142    11.8391  32.318886    27.7337     11.042  277.97350  278.06097    29.3187     9.5702 -9.990e-29
 125.417595     11.166    11.8391  32.321324    27.7360     11.066  277.96900  278.05644    29.2875     9.5540 -9.990e-29
 125.417598     11.187    11.8396  32.322717    27.7369     11.087  277.96394  278.05140    29.2875     9.5297 -9.990e-29
 125.417601     11.218    11.8405  32.323355    27.7364     11.118  277.95903  278.04655    28.3848     9.6753 0.0000e+00
 125.417604     11.250    11.8409  32.322543    27.7359     11.149  277.95837  278.04593    28.3692     9.6915 0.0000e+00
 125.417607     11.279    11.8409  32.322717    27.7358     11.178  277.95807  278.04563    28.3537     9.6591 0.0000e+00
 125.417610     11.314    11.8408  32.322137    27.7356     11.213  277.95979  278.04735    28.4004     9.6753 0.0000e+00
 125.417613     11.339    11.8406  32.322137    27.7356     11.238  277.96075  278.04829    31.9490     9.6349 0.0000e+00
 125.417616     11.370    11.8408  32.323356    27.7366     11.269  277.95757  278.04512    32.1202     9.6308 0.0000e+00
 125.417619     11.398    11.8409  32.324575    27.7371     11.296  277.95471  278.04225    32.0268     9.6268 0.0000e+00
 125.417622     11.428    11.8414  32.323936    27.7376     11.325  277.95404  278.04162    32.1047     9.5985 -9.990e-29
 125.417624     11.451    11.8416  32.323878    27.7365     11.349  277.95322  278.04082    36.5249    10.1889 -9.990e-29
 125.417627     11.473    11.8414  32.324575    27.7372     11.370  277.95257  278.04015    36.4626    10.2131 -9.990e-29
 125.417630     11.493    11.8416  32.324575    27.7371     11.390  277.95165  278.03924    36.4938    10.1889 -9.990e-29
 125.417633     11.517    11.8417  32.324981    27.7374     11.414  277.95060  278.03820    36.5405    10.2172 -9.990e-29
 125.417636     11.539    11.8417  32.325562    27.7383     11.436  277.94954  278.03713    36.5249    10.1767 -9.990e-29
 125.417639     11.564    11.8420  32.326200    27.7385     11.461  277.94713  278.03473    33.1786     9.9341 0.0000e+00
 125.417642     11.593    11.8422  32.326781    27.7386     11.490  277.94514  278.03274    33.3031     9.9462 0.0000e+00
 125.417645     11.621    11.8423  32.326781    27.7386     11.517  277.94453  278.03215    33.3031     9.9503 0.0000e+00
 125.417648     11.654    11.8426  32.327013    27.7386     11.549  277.94287  278.03051    33.3031     9.9462 0.0000e+00
 125.417650     11.679    11.8431  32.326781    27.7386     11.575  277.94114  278.02881    37.8012     9.9503 0.0000e+00
 125.417653     11.712    11.8437  32.328638    27.7388     11.607  277.93491  278.02260    37.7078     9.9624 0.0000e+00
 125.417656     11.741    11.8440  32.328290    27.7390     11.635  277.93432  278.02205    37.7389     9.9422 0.0000e+00
 125.417659     11.773    11.8441  32.328638    27.7388     11.668  277.93308  278.02080    37.6766     9.9341 -9.990e-29
 125.417662     11.795    11.8443  32.329219    27.7394     11.689  277.93108  278.01882    40.6961    10.6660 -9.990e-29
 125.417665     11.813    11.8445  32.328232    27.7383     11.707  277.93230  278.02005    40.7584    10.6498 -9.990e-29
 125.417668     11.828    11.8443  32.328406    27.7386     11.722  277.93261  278.02035    40.6338    10.6377 -9.990e-29
 125.417671     11.846    11.8445  32.329451    27.7395     11.740  277.93006  278.01780    40.6027    10.6701 -9.990e-29
 125.417674     11.870    11.8445  32.330438    27.7402     11.764  277.92794  278.01567    42.1903    10.9652 -9.990e-29
 125.417677     11.897    11.8447  32.330438    27.7403     11.791  277.92733  278.01508    42.2369    11.0016 0.0000e+00
 125.417679     11.926    11.8448  32.330670    27.7402     11.819  277.92630  278.01405    42.1903    10.9855 0.0000e+00
 125.417682     11.954    11.8450  32.330438    27.7403     11.847  277.92581  278.01358    42.1903    10.9855 0.0000e+00
 125.417685     11.990    11.8450  32.331483    27.7408     11.883  277.92421  278.01197    42.0813    10.9693 0.0000e+00
 125.417688     12.024    11.8452  32.331483    27.7409     11.916  277.92298  278.01076    41.1008    10.3304 0.0000e+00
 125.417691     12.055    11.8453  32.331599    27.7408     11.947  277.92248  278.01026    41.1008    10.3344 -9.990e-29
 125.417694     12.078    11.8455  32.330845    27.7406     11.970  277.92296  278.01076    41.1941    10.3587 -9.990e-29
 125.417697     12.111    11.8454  32.331483    27.7406     12.003  277.92211  278.00990    41.1163    10.3668 0.0000e+00
