Processed/SBE19plus_01907321_2022_05_04_Cast08_wfilter.cnv
* Sea-Bird SBE19plus  Data File:
* FileName = E:\Prandtl Daten\2022\CTD\Raw\SBE19plus_01907321_2022_05_04_Cast0708_0008.hex
* Software version 2.6.1.12
* Temperature SN = 7321
* Conductivity SN = 7321
* System UpLoad Time = May 04 2022 06:21:56
* <ApplicationData>
* <Seaterm232>
** Messpraktikum 2022
** CTD 04.05 BW1+2
# nquan = 11
# nvalues = 629                         
# units = specified
# name 0 = timeJ: Julian Days
# name 1 = prdM: Pressure, Strain Gauge [db]
# name 2 = tv290C: Temperature [ITS-90, deg C]
# name 3 = c0mS/cm: Conductivity [mS/cm]
# name 4 = sal00: Salinity, Practical [PSU]
# name 5 = depSM: Depth [salt water, m], lat = 54.00
# name 6 = oxsatMm/Kg: Oxygen Saturation, Weiss [umol/kg]
# name 7 = oxsolMm/Kg: Oxygen Saturation, Garcia & Gordon [umol/kg]
# name 8 = turbWETntu0: Turbidity, WET Labs ECO [NTU]
# name 9 = flECO-AFL: Fluorescence, WET Labs ECO-AFL/FL [mg/m^3]
# name 10 = flag:  0.000e+00
# span 0 = 124.257454, 124.259271       
# span 1 =      0.650,     15.467       
# span 2 =    12.5287,    12.5646       
# span 3 =  31.973103,  32.050381       
# span 4 =    26.9030,    26.9729       
# span 5 =      0.644,     15.328       
# span 6 =  275.30110,  275.50623       
# span 7 =  275.44181,  275.64482       
# span 8 =    34.9218,   236.5093       
# span 9 =    10.8925,    21.0743       
# span 10 = 0.0000e+00, 0.0000e+00      
# interval = seconds: 0.25
# start_time = May 04 2022 06:09:22 [Instrument's time stamp, header]
# bad_flag = -9.990e-29
*END*
[from data line 394]
 124.258594     10.149    12.5367  32.048112    26.9706     10.058  275.34171  275.48011   149.4120    18.6401 -9.990e-29
 124.258597     10.174    12.5365  32.047129    26.9697     10.083  275.34412  275.48252   139.7311    18.9433 -9.990e-29
 124.258600     10.198    12.5365  32.048459    26.9710     10.107  275.34207  275.48045   139.7467    18.9433 -9.990e-29
 124.258602     10.225    12.5365  32.048344    26.9709     10.134  275.34230  275.48068   139.7000    18.9474 -9.990e-29
 124.258605     10.249    12.5367  32.048112    26.9707     10.157  275.34178  275.48018   139.7467    18.9231 -9.990e-29
 124.258608     10.280    12.5370  32.048517    26.9708     10.188  275.33981  275.47822   154.6261    19.0323 0.0000e+00
 124.258611     10.309    12.5372  32.048922    26.9707     10.217  275.33815  275.47658   154.5171    18.9959 0.0000e+00
 124.258614     10.337    12.5373  32.047534    26.9702     10.244  275.34002  275.47847   154.5482    19.0080 0.0000e+00
 124.258617     10.366    12.5373  32.048749    26.9695     10.273  275.33787  275.47631   154.6261    18.9959 -9.990e-29
 124.258620     10.384    12.5372  32.048923    26.9708     10.291  275.33789  275.47632   152.7272    19.0000 -9.990e-29
 124.258623     10.406    12.5370  32.048344    26.9704     10.313  275.33988  275.47831   152.5716    19.0363 -9.990e-29
 124.258626     10.421    12.5371  32.047303    26.9694     10.327  275.34144  275.47988   152.6338    18.9959 -9.990e-29
 124.258628     10.435    12.5370  32.047708    26.9699     10.342  275.34136  275.47978   152.6494    19.0323 -9.990e-29
 124.258631     10.454    12.5368  32.048287    26.9706     10.360  275.34128  275.47969   152.6338    18.9838 -9.990e-29
 124.258634     10.472    12.5366  32.048749    26.9699     10.378  275.34110  275.47949   142.8595    19.0687 -9.990e-29
 124.258637     10.501    12.5364  32.047303    26.9703     10.407  275.34466  275.48305   142.8906    19.0606 0.0000e+00
 124.258640     10.531    12.5363  32.048113    26.9706     10.436  275.34386  275.48223   143.0152    19.0930 0.0000e+00
 124.258643     10.562    12.5362  32.047940    26.9707     10.467  275.34451  275.48288   142.9840    19.0808 0.0000e+00
 124.258646     10.593    12.5360  32.048114    26.9709     10.498  275.34485  275.48321   133.8634    18.6684 0.0000e+00
 124.258649     10.620    12.5363  32.049328    26.9710     10.525  275.34142  275.47979   133.8478    18.6724 0.0000e+00
 124.258652     10.651    12.5367  32.048750    26.9714     10.556  275.34090  275.47930   133.9724    18.6967 0.0000e+00
 124.258655     10.676    12.5368  32.048750    26.9710     10.581  275.34028  275.47869   133.8012    18.6845 -9.990e-29
 124.258657     10.697    12.5371  32.048519    26.9704     10.601  275.33945  275.47787   127.2175    18.0214 -9.990e-29
 124.258660     10.715    12.5375  32.048866    26.9705     10.619  275.33694  275.47539   127.2486    18.0254 -9.990e-29
 124.258663     10.729    12.5379  32.048924    26.9703     10.633  275.33527  275.47374   127.1864    18.0295 -9.990e-29
 124.258666     10.748    12.5382  32.048750    26.9699     10.651  275.33432  275.47282   127.2019    18.0335 -9.990e-29
 124.258669     10.766    12.5382  32.048924    26.9691     10.669  275.33402  275.47252   136.2447    18.2276 -9.990e-29
 124.258672     10.791    12.5382  32.047940    26.9693     10.695  275.33549  275.47400   136.2136    19.5741 0.0000e+00
 124.258675     10.824    12.5385  32.048519    26.9694     10.727  275.33321  275.47173   136.3070    19.5661 0.0000e+00
 124.258678     10.855    12.5385  32.048519    26.9694     10.758  275.33354  275.47206   136.2292    19.5620 0.0000e+00
 124.258681     10.892    12.5383  32.049155    26.9701     10.794  275.33306  275.47156   136.3692    19.6065 0.0000e+00
 124.258683     10.919    12.5385  32.049329    26.9701     10.821  275.33182  275.47033   138.2369    18.2681 0.0000e+00
 124.258686     10.950    12.5387  32.049560    26.9701     10.852  275.33048  275.46900   138.1903    18.2842 0.0000e+00
 124.258689     10.977    12.5390  32.049271    26.9702     10.879  275.32975  275.46830   138.2836    18.2802 -9.990e-29
 124.258692     10.997    12.5392  32.048751    26.9691     10.899  275.33006  275.46862   138.4237    18.2681 -9.990e-29
 124.258695     11.014    12.5392  32.048751    26.9691     10.915  275.33007  275.46863   141.4899    18.6926 -9.990e-29
 124.258698     11.027    12.5390  32.049156    26.9696     10.928  275.33030  275.46885   141.5988    18.6562 -9.990e-29
 124.258701     11.041    12.5390  32.047536    26.9681     10.942  275.33321  275.47177   141.3965    18.7007 -9.990e-29
 124.258704     11.059    12.5388  32.049734    26.9702     10.960  275.32992  275.46845   141.5366    18.6805 -9.990e-29
 124.258707     11.079    12.5389  32.049966    26.9704     10.980  275.32920  275.46773   154.7194    19.2547 -9.990e-29
 124.258709     11.103    12.5385  32.049735    26.9699     11.004  275.33153  275.47004   154.8440    19.2790 -9.990e-29
 124.258712     11.141    12.5382  32.048925    26.9699     11.041  275.33395  275.47245   154.9218    19.2385 0.0000e+00
 124.258715     11.167    12.5380  32.048925    26.9699     11.067  275.33492  275.47341   154.7973    19.2709 0.0000e+00
 124.258718     11.201    12.5379  32.048694    26.9700     11.101  275.33599  275.47447   154.7817    19.2871 -9.990e-29
 124.258721     11.223    12.5379  32.048520    26.9703     11.123  275.33631  275.47479   151.0930    18.2478 -9.990e-29
 124.258724     11.253    12.5378  32.049157    26.9701     11.152  275.33551  275.47398   151.0930    18.2074 0.0000e+00
 124.258727     11.280    12.5375  32.048347    26.9701     11.179  275.33824  275.47670   151.1085    18.2074 0.0000e+00
 124.258730     11.305    12.5373  32.049157    26.9698     11.204  275.33776  275.47619   151.1708    18.2155 -9.990e-29
 124.258733     11.329    12.5371  32.049157    26.9708     11.227  275.33872  275.47714   145.8634    18.5592 -9.990e-29
 124.258736     11.349    12.5370  32.048926    26.9707     11.248  275.33946  275.47789   145.9101    18.5511 -9.990e-29
 124.258738     11.366    12.5369  32.049157    26.9710     11.264  275.33969  275.47810   145.9568    18.5552 -9.990e-29
 124.258741     11.386    12.5371  32.049157    26.9708     11.284  275.33876  275.47718   145.9257    18.5511 -9.990e-29
 124.258744     11.406    12.5370  32.048926    26.9707     11.303  275.33982  275.47823   147.4510    19.4569 -9.990e-29
 124.258747     11.428    12.5369  32.048694    26.9705     11.325  275.34056  275.47898   147.4821    19.4528 -9.990e-29
 124.258750     11.448    12.5366  32.049157    26.9712     11.345  275.34101  275.47940   147.3576    19.4407 -9.990e-29
 124.258753     11.475    12.5367  32.049331    26.9708     11.372  275.34040  275.47880   147.4821    19.4609 0.0000e+00
 124.258756     11.501    12.5367  32.048348    26.9712     11.398  275.34218  275.48058   144.9296    18.8220 0.0000e+00
 124.258759     11.530    12.5365  32.049562    26.9704     11.427  275.34097  275.47935   144.8206    18.8220 0.0000e+00
 124.258762     11.559    12.5368  32.048521    26.9714     11.455  275.34159  275.48000   144.9140    18.8220 0.0000e+00
 124.258764     11.588    12.5365  32.049331    26.9710     11.484  275.34142  275.47981   144.9918    18.8180 0.0000e+00
 124.258767     11.614    12.5364  32.048926    26.9712     11.510  275.34248  275.48086   145.2408    18.8220 0.0000e+00
 124.258770     11.641    12.5364  32.048117    26.9710     11.537  275.34395  275.48234   154.7194    18.7735 -9.990e-29
 124.258773     11.659    12.5361  32.047538    26.9699     11.555  275.34626  275.48464   154.5949    18.7371 -9.990e-29
 124.258776     11.670    12.5357  32.047538    26.9702     11.566  275.34817  275.48652   154.6883    18.7492 -9.990e-29
 124.258779     11.685    12.5355  32.047886    26.9707     11.580  275.34850  275.48683   154.6261    18.7533 -9.990e-29
 124.258782     11.700    12.5355  32.049332    26.9709     11.595  275.34561  275.48393   157.1786    19.5378 -9.990e-29
 124.258785     11.729    12.5358  32.048348    26.9710     11.624  275.34644  275.48478   157.1786    19.5297 0.0000e+00
 124.258788     11.755    12.5360  32.048753    26.9711     11.649  275.34478  275.48314   157.0385    19.5216 0.0000e+00
 124.258791     11.789    12.5358  32.049158    26.9711     11.684  275.34503  275.48336   157.1163    19.5256 0.0000e+00
 124.258793     11.820    12.5358  32.048349    26.9709     11.714  275.34650  275.48484   158.3615    18.4177 0.0000e+00
 124.258796     11.856    12.5355  32.047713    26.9709     11.750  275.34861  275.48695   158.3615    18.4177 0.0000e+00
 124.258799     11.889    12.5355  32.048522    26.9712     11.783  275.34750  275.48582   158.3770    18.4379 0.0000e+00
 124.258802     11.920    12.5354  32.048523    26.9712     11.814  275.34783  275.48615   158.3615    18.4379 0.0000e+00
 124.258805     11.950    12.5352  32.048118    26.9712     11.842  275.34953  275.48784   158.5327    18.1710 -9.990e-29
 124.258808     11.968    12.5351  32.046556    26.9696     11.861  275.35265  275.49097   158.6261    18.1791 -9.990e-29
 124.258811     11.985    12.5350  32.047539    26.9706     11.877  275.35122  275.48952   158.5482    18.1589 -9.990e-29
 124.258814     11.994    12.5348  32.046730    26.9700     11.886  275.35362  275.49192   158.5949    18.1670 -9.990e-29
 124.258817     12.003    12.5346  32.046903    26.9703     11.895  275.35427  275.49255   158.4860    18.2074 -9.990e-29
 124.258819     12.012    12.5346  32.045746    26.9692     11.904  275.35635  275.49464   165.9879    19.8208 -9.990e-29
 124.258822     12.028    12.5345  32.046903    26.9704     11.920  275.35492  275.49319   166.0035    19.8370 -9.990e-29
 124.258825     12.050    12.5346  32.048350    26.9720     11.942  275.35171  275.48998   165.9257    19.8289 -9.990e-29
 124.258828     12.079    12.5348  32.048928    26.9719     11.971  275.35006  275.48833   165.8790    19.8168 0.0000e+00
 124.258831     12.112    12.5350  32.048928    26.9718     12.004  275.34882  275.48711   167.9179    19.3396 0.0000e+00
 124.258834     12.152    12.5353  32.048118    26.9710     12.044  275.34934  275.48766   167.9957    19.3517 0.0000e+00
 124.258837     12.187    12.5351  32.048119    26.9709     12.078  275.35000  275.48830   167.8712    19.3396 0.0000e+00
 124.258840     12.224    12.5349  32.047714    26.9708     12.114  275.35170  275.48999   167.8245    19.3154 0.0000e+00
 124.258843     12.255    12.5348  32.048119    26.9707     12.145  275.35162  275.48991   170.2369    17.8839 -9.990e-29
 124.258845     12.280    12.5346  32.046731    26.9700     12.170  275.35476  275.49305   170.4082    17.9446 -9.990e-29
 124.258848     12.299    12.5348  32.047309    26.9704     12.189  275.35310  275.49139   170.2836    17.9203 -9.990e-29
 124.258851     12.313    12.5348  32.046904    26.9700     12.203  275.35352  275.49182   170.1280    17.9122 -9.990e-29
 124.258854     12.322    12.5346  32.046904    26.9702     12.212  275.35479  275.49307   170.7817    18.9676 -9.990e-29
 124.258857     12.333    12.5342  32.046557    26.9701     12.223  275.35700  275.49526   170.9840    18.9474 -9.990e-29
 124.258860     12.342    12.5342  32.047309    26.9724     12.232  275.35566  275.49391   170.8906    18.9353 -9.990e-29
 124.258863     12.368    12.5341  32.048929    26.9722     12.257  275.35309  275.49133   170.6572    18.9231 0.0000e+00
 124.258866     12.393    12.5341  32.048466    26.9720     12.282  275.35425  275.49249   170.7973    18.9353 0.0000e+00
 124.258869     12.425    12.5342  32.047309    26.9711     12.313  275.35572  275.49397   170.3926    19.5337 0.0000e+00
 124.258872     12.461    12.5343  32.047715    26.9708     12.349  275.35438  275.49264   170.4704    19.5216 0.0000e+00
 124.258874     12.499    12.5343  32.047310    26.9710     12.387  275.35513  275.49339   170.4237    19.4973 0.0000e+00
 124.258877     12.536    12.5341  32.047541    26.9709     12.424  275.35569  275.49394   170.4860    19.4973 0.0000e+00
 124.258880     12.569    12.5341  32.047310    26.9710     12.456  275.35644  275.49469   168.3692    17.2571 0.0000e+00
 124.258883     12.598    12.5339  32.047541    26.9709     12.485  275.35668  275.49491   168.3537    17.2571 -9.990e-29
 124.258886     12.620    12.5341  32.046905    26.9705     12.507  275.35720  275.49545   168.3226    17.2854 -9.990e-29
 124.258889     12.627    12.5342  32.046905    26.9704     12.514  275.35657  275.49483   168.4471    17.2491 -9.990e-29
 124.258892     12.634    12.5342  32.047137    26.9706     12.521  275.35616  275.49442   164.2914    18.8220 -9.990e-29
 124.258895     12.638    12.5341  32.046558    26.9701     12.525  275.35752  275.49577   164.3226    18.8059 -9.990e-29
 124.258898     12.649    12.5339  32.047310    26.9709     12.536  275.35713  275.49536   164.1358    18.8584 -9.990e-29
 124.258900     12.669    12.5340  32.047542    26.9711     12.556  275.35641  275.49465   164.2136    18.7654 -9.990e-29
 124.258903     12.691    12.5340  32.047947    26.9716     12.577  275.35570  275.49393   170.6883    18.9191 -9.990e-29
 124.258906     12.726    12.5341  32.048120    26.9709     12.612  275.35509  275.49333   170.5482    18.9029 0.0000e+00
 124.258909     12.762    12.5341  32.046732    26.9713     12.648  275.35729  275.49554   170.7973    18.9393 0.0000e+00
 124.258912     12.797    12.5342  32.047947    26.9708     12.682  275.35482  275.49307   170.5171    18.9191 0.0000e+00
 124.258915     12.837    12.5340  32.047311    26.9708     12.722  275.35693  275.49517   170.3615    18.9757 0.0000e+00
 124.258918     12.868    12.5339  32.046328    26.9703     12.753  275.35903  275.49728   171.9646    17.3340 0.0000e+00
 124.258921     12.901    12.5340  32.046733    26.9701     12.785  275.35801  275.49626   172.0268    17.3744 0.0000e+00
 124.258924     12.926    12.5342  32.045923    26.9703     12.810  275.35853  275.49680   171.8868    17.3299 -9.990e-29
 124.258927     12.950    12.5339  32.046791    26.9703     12.834  275.35826  275.49650   171.9646    17.3704 -9.990e-29
 124.258929     12.966    12.5338  32.046906    26.9706     12.850  275.35869  275.49692   172.3226    17.5281 -9.990e-29
 124.258932     12.985    12.5337  32.046906    26.9706     12.868  275.35902  275.49725   172.2603    17.5159 -9.990e-29
 124.258935     12.994    12.5339  32.047138    26.9707     12.877  275.35766  275.49590   172.2914    17.5200 -9.990e-29
 124.258938     13.010    12.5341  32.048353    26.9716     12.893  275.35455  275.49279   172.2136    17.5240 -9.990e-29
 124.258941     13.026    12.5341  32.047948    26.9713     12.910  275.35560  275.49384   169.7078    19.0808 -9.990e-29
 124.258944     13.052    12.5342  32.048353    26.9716     12.935  275.35426  275.49251   169.6922    19.0566 -9.990e-29
 124.258947     13.076    12.5341  32.048931    26.9721     12.958  275.35356  275.49179   169.7856    19.0566 -9.990e-29
 124.258950     13.105    12.5341  32.048931    26.9717     12.987  275.35357  275.49181   169.7545    19.0647 0.0000e+00
 124.258953     13.132    12.5342  32.048122    26.9718     13.015  275.35473  275.49297   169.4899    17.7949 0.0000e+00
 124.258955     13.161    12.5343  32.048700    26.9717     13.043  275.35339  275.49164   169.5366    17.7909 0.0000e+00
 124.258958     13.190    12.5342  32.048527    26.9717     13.072  275.35404  275.49228   169.6299    17.7949 0.0000e+00
 124.258961     13.224    12.5341  32.047948    26.9714     13.105  275.35541  275.49366   169.3031    17.7990 0.0000e+00
 124.258964     13.249    12.5341  32.048122    26.9712     13.130  275.35544  275.49367   169.5833    17.7747 -9.990e-29
 124.258967     13.269    12.5343  32.047717    26.9708     13.150  275.35523  275.49348   171.4043    17.7788 -9.990e-29
