Processed/SBE19plus_01907321_2022_05_10_Cast120_wfilter.cnv
* Sea-Bird SBE19plus  Data File:
* FileName = E:\Prandtl_Daten\2022\CTD\Raw\SBE19plus_01907321_2022_05_10_Cast120.hex
* Software version 2.6.1.12
* Temperature SN = 7321
* Conductivity SN = 7321
* System UpLoad Time = May 10 2022 15:34:08
* <ApplicationData>
* <Seaterm232>
** Messpraktikum 2022
** CTD 10.05  BE
** NMEA Latitude = 54 07.51N
** NMEA Longitude = 008 50.04E
# nquan = 11
# nvalues = 607                         
# units = specified
# name 0 = timeJ: Julian Days
# name 1 = prdM: Pressure, Strain Gauge [db]
# name 2 = tv290C: Temperature [ITS-90, deg C]
# name 3 = c0mS/cm: Conductivity [mS/cm]
# name 4 = sal00: Salinity, Practical [PSU]
# name 5 = depSM: Depth [salt water, m], lat = 54.00
# name 6 = oxsatMm/Kg: Oxygen Saturation, Weiss [umol/kg]
# name 7 = oxsolMm/Kg: Oxygen Saturation, Garcia & Gordon [umol/kg]
# name 8 = turbWETntu0: Turbidity, WET Labs ECO [NTU]
# name 9 = flECO-AFL: Fluorescence, WET Labs ECO-AFL/FL [mg/m^3]
# name 10 = flag:  0.000e+00
# span 0 = 130.643168, 130.644922       
# span 1 =      0.375,     17.864       
# span 2 =    13.8919,    13.9396       
# span 3 =  33.165662,  33.232664       
# span 4 =    27.0366,    27.0623       
# span 5 =      0.372,     17.704       
# span 6 =  267.21229,  267.51799       
# span 7 =  267.42807,  267.73144       
# span 8 =     6.4548,    53.4276       
# span 9 =     3.7190,    11.4343       
# span 10 = 0.0000e+00, 0.0000e+00      
# interval = seconds: 0.25
# start_time = May 10 2022 15:24:57 [Instrument's time stamp, header]
# bad_flag = -9.990e-29
*END*
[from data line 132]
 130.643550      4.175    13.8998  33.180624    27.0433      4.137  267.46313  267.67695    11.4510     5.0737 0.0000e+00
 130.643553      4.206    13.9006  33.180331    27.0428      4.168  267.46019  267.67406    11.4976     5.0292 0.0000e+00
 130.643556      4.244    13.9007  33.179862    27.0423      4.206  267.46037  267.67425     8.6338     4.6046 0.0000e+00
 130.643559      4.279    13.9008  33.179099    27.0416      4.241  267.46135  267.67524     8.6183     4.6289 0.0000e+00
 130.643562      4.315    13.9006  33.177634    27.0407      4.277  267.46477  267.67865     8.5093     4.6005 0.0000e+00
 130.643565      4.344    13.9001  33.177634    27.0406      4.305  267.46698  267.68084     8.6027     4.6329 0.0000e+00
 130.643568      4.375    13.8995  33.176579    27.0407      4.336  267.47096  267.68479    11.2486     5.2435 -9.990e-29
 130.643571      4.399    13.8993  33.176579    27.0408      4.360  267.47191  267.68573    11.2953     5.2637 -9.990e-29
 130.643573      4.426    13.8989  33.176872    27.0408      4.387  267.47332  267.68711    11.2953     5.2152 0.0000e+00
 130.643576      4.456    13.8986  33.176755    27.0408      4.416  267.47479  267.68856    11.4354     5.2314 0.0000e+00
 130.643579      4.483    13.8986  33.177283    27.0409      4.443  267.47392  267.68770    11.1864     5.2435 -9.990e-29
 130.643582      4.503    13.8987  33.177634    27.0417      4.463  267.47303  267.68681    12.3226     5.6438 -9.990e-29
 130.643585      4.527    13.8988  33.177810    27.0417      4.486  267.47213  267.68591    12.3070     5.6195 -9.990e-29
 130.643588      4.547    13.8987  33.178280    27.0422      4.506  267.47167  267.68544    12.1980     5.6236 -9.990e-29
 130.643591      4.570    13.8990  33.178221    27.0418      4.529  267.47053  267.68432    12.2603     5.6074 -9.990e-29
 130.643594      4.603    13.8992  33.178280    27.0416      4.562  267.46982  267.68362    13.0229     5.7045 0.0000e+00
 130.643597      4.632    13.8991  33.177811    27.0416      4.591  267.47094  267.68474    12.9607     5.7045 0.0000e+00
 130.643600      4.672    13.8993  33.178045    27.0416      4.631  267.46994  267.68375    13.0229     5.7247 0.0000e+00
 130.643602      4.705    13.8990  33.178866    27.0424      4.663  267.46953  267.68332    12.8984     5.7004 0.0000e+00
 130.643605      4.741    13.8993  33.179687    27.0430      4.699  267.46693  267.68072    15.2953     5.9633 0.0000e+00
 130.643608      4.773    13.8996  33.182443    27.0452      4.730  267.46108  267.67488    15.1241     5.9996 0.0000e+00
 130.643611      4.802    13.9006  33.185141    27.0461      4.759  267.45252  267.66635    15.1085     5.9511 0.0000e+00
 130.643614      4.833    13.9021  33.185551    27.0470      4.790  267.44558  267.65949    15.1241     5.9633 -9.990e-29
 130.643617      4.855    13.9033  33.189011    27.0486      4.812  267.43479  267.64875    14.7194     5.8419 -9.990e-29
 130.643620      4.873    13.9050  33.194113    27.0520      4.830  267.41907  267.63309    14.6261     5.8460 -9.990e-29
 130.643623      4.903    13.9076  33.194171    27.0501      4.859  267.40770  267.62188    14.7350     5.8136 -9.990e-29
 130.643626      4.926    13.9093  33.197925    27.0489      4.882  267.39455  267.60879    14.5482     5.8339 -9.990e-29
 130.643628      4.961    13.9110  33.195403    27.0489      4.917  267.39157  267.60593    14.6572     5.8096 0.0000e+00
 130.643631      4.998    13.9118  33.196165    27.0490      4.953  267.38687  267.60128    15.3264     6.3353 0.0000e+00
 130.643634      5.034    13.9123  33.196869    27.0490      4.989  267.38352  267.59795    15.3264     6.3353 0.0000e+00
 130.643637      5.067    13.9125  33.195990    27.0483      5.022  267.38407  267.59852    15.4198     6.3272 0.0000e+00
 130.643640      5.098    13.9124  33.194758    27.0473      5.053  267.38677  267.60123    15.4043     6.3676 0.0000e+00
 130.643643      5.131    13.9120  33.194348    27.0473      5.085  267.38905  267.60348    16.2914     5.7772 0.0000e+00
 130.643646      5.160    13.9118  33.195814    27.0479      5.114  267.38756  267.60197    16.4004     5.7570 0.0000e+00
 130.643649      5.186    13.9119  33.196225    27.0486      5.140  267.38626  267.60067    16.4159     5.7570 -9.990e-29
 130.643652      5.208    13.9122  33.196987    27.0494      5.161  267.38406  267.59848    16.3537     5.7732 -9.990e-29
 130.643655      5.215    13.9126  33.197280    27.0493      5.169  267.38169  267.59614    11.9957     5.1586 -9.990e-29
 130.643657      5.213    13.9131  33.196049    27.0479      5.167  267.38155  267.59604    12.1358     5.1667 -9.990e-29
 130.643660      5.212    13.9128  33.195990    27.0480      5.165  267.38290  267.59737    12.0735     5.1747 -9.990e-29
 130.643663      5.213    13.9125  33.195579    27.0479      5.167  267.38484  267.59930    11.9957     5.1747 -9.990e-29
 130.643666      5.211    13.9123  33.194993    27.0475      5.165  267.38676  267.60121     9.5833     4.4833 -9.990e-29
 130.643669      5.209    13.9120  33.193292    27.0462      5.163  267.39086  267.60530     9.5833     4.5156 -9.990e-29
 130.643672      5.204    13.9112  33.190595    27.0443      5.157  267.39881  267.61322     9.5366     4.5156 -9.990e-29
 130.643675      5.200    13.9103  33.189598    27.0440      5.154  267.40423  267.61861     9.4899     4.4873 -9.990e-29
 130.643678      5.206    13.9093  33.188894    27.0441      5.159  267.40980  267.62412     9.5210     4.4954 -9.990e-29
 130.643681      5.213    13.9082  33.188015    27.0441      5.166  267.41598  267.63024     8.2603     4.1274 -9.990e-29
 130.643683      5.218    13.9076  33.186607    27.0420      5.171  267.42084  267.63508     8.3226     4.1072 -9.990e-29
 130.643686      5.243    13.9067  33.184497    27.0417      5.196  267.42815  267.64235     8.2292     4.0951 0.0000e+00
 130.643689      5.271    13.9056  33.183031    27.0417      5.224  267.43501  267.64915     8.3537     4.1072 0.0000e+00
 130.643692      5.299    13.9044  33.179689    27.0414      5.251  267.44562  267.65973     8.8517     4.3984 -9.990e-29
 130.643695      5.324    13.9030  33.179454    27.0400      5.276  267.45199  267.66601     8.8673     4.3741 -9.990e-29
 130.643698      5.345    13.9019  33.179279    27.0408      5.298  267.45700  267.67096     8.9140     4.4024 -9.990e-29
 130.643701      5.371    13.9011  33.178868    27.0406      5.323  267.46115  267.67506     8.9296     4.3781 0.0000e+00
 130.643704      5.404    13.9008  33.178282    27.0408      5.355  267.46341  267.67731     9.5054     4.9281 0.0000e+00
 130.643707      5.433    13.9004  33.178458    27.0409      5.384  267.46501  267.67888     9.5521     4.9240 0.0000e+00
 130.643709      5.469    13.9001  33.179924    27.0420      5.421  267.46384  267.67768     9.5210     4.9321 0.0000e+00
 130.643712      5.500    13.9002  33.179631    27.0424      5.451  267.46372  267.67757     9.4899     4.9240 0.0000e+00
 130.643715      5.530    13.9005  33.180745    27.0428      5.480  267.46062  267.67448     9.4587     4.8472 0.0000e+00
 130.643718      5.559    13.9009  33.182622    27.0437      5.509  267.45594  267.66981     9.5210     4.8634 0.0000e+00
 130.643721      5.588    13.9015  33.182446    27.0437      5.538  267.45374  267.66764     9.5833     4.8755 0.0000e+00
 130.643724      5.621    13.9020  33.181801    27.0432      5.571  267.45264  267.66658     9.5677     4.8351 0.0000e+00
 130.643727      5.654    13.9021  33.181625    27.0427      5.603  267.45264  267.66659     9.5210     4.8634 -9.990e-29
 130.643730      5.672    13.9018  33.180980    27.0421      5.622  267.45467  267.66861     9.8945     4.8553 -9.990e-29
 130.643733      5.698    13.9016  33.180863    27.0421      5.647  267.45582  267.66975     9.7233     4.8796 -9.990e-29
 130.643736      5.714    13.9016  33.180980    27.0422      5.663  267.45595  267.66987     9.7545     4.8917 -9.990e-29
 130.643738      5.736    13.9014  33.180570    27.0420      5.684  267.45728  267.67119     9.7856     4.8310 -9.990e-29
 130.643741      5.754    13.9012  33.180277    27.0419      5.703  267.45872  267.67263    10.7661     4.8432 -9.990e-29
 130.643744      5.782    13.9010  33.180160    27.0420      5.730  267.45987  267.67377    10.7194     4.8472 0.0000e+00
 130.643747      5.811    13.9010  33.180277    27.0420      5.759  267.45970  267.67359    10.8440     4.8634 0.0000e+00
 130.643750      5.847    13.9008  33.180160    27.0420      5.795  267.46054  267.67443    10.6883     4.8553 0.0000e+00
 130.643753      5.885    13.9007  33.181157    27.0429      5.833  267.45921  267.67308    21.0385     6.7518 0.0000e+00
 130.643756      5.920    13.9010  33.182036    27.0435      5.867  267.45682  267.67070    21.0696     6.7356 0.0000e+00
 130.643759      5.955    13.9013  33.184734    27.0458      5.902  267.45108  267.66496    21.0696     6.7154 0.0000e+00
 130.643762      5.986    13.9022  33.187021    27.0471      5.933  267.44320  267.65712    20.9762     6.7275 0.0000e+00
 130.643764      6.012    13.9035  33.190363    27.0482      5.958  267.43230  267.64626    26.7350     7.9002 0.0000e+00
 130.643767      6.039    13.9056  33.197518    27.0493      5.985  267.41127  267.62530    26.7506     7.8961 -9.990e-29
 130.643770      6.061    13.9090  33.207958    27.0612      6.007  267.37942  267.59358    26.6883     7.8840 -9.990e-29
 130.643773      6.079    13.9142  33.212357    27.0615      6.025  267.35014  267.56457    26.6416     7.8840 -9.990e-29
 130.643776      6.105    13.9190  33.213119    27.0588      6.050  267.32882  267.54353    26.6727     7.8880 -9.990e-29
 130.643779      6.129    13.9219  33.211535    27.0590      6.074  267.31926  267.53414    24.4159     7.2653 -9.990e-29
 130.643782      6.160    13.9234  33.216756    27.0589      6.105  267.30429  267.51922    24.4315     7.2410 0.0000e+00
 130.643785      6.187    13.9252  33.217929    27.0590      6.132  267.29483  267.50985    24.4004     7.2532 0.0000e+00
 130.643788      6.216    13.9269  33.220921    27.0595      6.160  267.28264  267.49775    24.4315     7.2613 0.0000e+00
 130.643791      6.253    13.9283  33.221097    27.0603      6.197  267.27641  267.49160    24.6961     7.7869 0.0000e+00
 130.643793      6.287    13.9294  33.223033    27.0600      6.231  267.26850  267.48374    24.6805     7.7627 0.0000e+00
 130.643796      6.315    13.9304  33.221977    27.0604      6.258  267.26589  267.48120    24.6494     7.7465 -9.990e-29
 130.643799      6.340    13.9311  33.223091    27.0607      6.284  267.26123  267.47657    24.6805     7.7425 -9.990e-29
 130.643802      6.370    13.9316  33.225145    27.0606      6.313  267.25562  267.47098    22.4237     7.2289 0.0000e+00
 130.643805      6.400    13.9326  33.225673    27.0605      6.343  267.25069  267.46609    22.3926     7.2370 0.0000e+00
 130.643808      6.429    13.9333  33.225731    27.0603      6.372  267.24779  267.46323    22.4548     7.2532 0.0000e+00
 130.643811      6.456    13.9339  33.226377    27.0601      6.399  267.24422  267.45969    22.4082     7.2613 -9.990e-29
 130.643814      6.475    13.9341  33.227491    27.0604      6.417  267.24143  267.45691    23.4665     6.9944 -9.990e-29
 130.643817      6.502    13.9347  33.227198    27.0602      6.444  267.23943  267.45495    23.5599     6.9863 0.0000e+00
 130.643819      6.531    13.9349  33.226905    27.0601      6.473  267.23899  267.45453    23.4665     6.9701 0.0000e+00
 130.643822      6.560    13.9350  33.227198    27.0601      6.501  267.23789  267.45344    23.4354     6.9863 0.0000e+00
 130.643825      6.587    13.9350  33.227198    27.0601      6.528  267.23791  267.45345    23.5443     6.9701 0.0000e+00
 130.643828      6.622    13.9351  33.227316    27.0601      6.563  267.23742  267.45297    23.3109     7.3421 0.0000e+00
 130.643831      6.658    13.9350  33.226201    27.0592      6.599  267.23993  267.45548    23.2798     7.4149 0.0000e+00
 130.643834      6.695    13.9347  33.225908    27.0592      6.635  267.24170  267.45723    23.1864     7.4109 0.0000e+00
 130.643837      6.722    13.9346  33.225556    27.0590      6.662  267.24261  267.45814    23.2175     7.3745 0.0000e+00
 130.643840      6.753    13.9346  33.225087    27.0589      6.693  267.24342  267.45895    29.7545     8.1549 -9.990e-29
 130.643843      6.778    13.9347  33.224911    27.0582      6.718  267.24341  267.45895    29.7545     8.1630 -9.990e-29
 130.643845      6.806    13.9346  33.224911    27.0583      6.745  267.24374  267.45928    29.8478     8.1347 -9.990e-29
 130.643848      6.828    13.9344  33.225322    27.0587      6.766  267.24370  267.45922    29.8634     8.1792 -9.990e-29
 130.643851      6.844    13.9345  33.224911    27.0583      6.783  267.24408  267.45961    32.0580     8.6927 -9.990e-29
 130.643854      6.875    13.9348  33.226085    27.0592      6.814  267.24089  267.45642    32.0735     8.6604 -9.990e-29
 130.643857      6.899    13.9353  33.225557    27.0582      6.837  267.23959  267.45516    31.9179     8.6523 -9.990e-29
 130.643860      6.934    13.9356  33.225733    27.0585      6.872  267.23806  267.45365    32.0891     8.6644 0.0000e+00
 130.643863      6.965    13.9359  33.226495    27.0587      6.902  267.23587  267.45146    20.4938     6.9984 0.0000e+00
 130.643866      7.000    13.9362  33.226613    27.0587      6.937  267.23444  267.45005    20.4938     6.9944 0.0000e+00
 130.643869      7.029    13.9364  33.225909    27.0579      6.966  267.23469  267.45032    20.4315     7.0065 0.0000e+00
 130.643872      7.058    13.9364  33.224912    27.0574      6.995  267.23637  267.45201    20.4938     7.0065 0.0000e+00
 130.643874      7.089    13.9361  33.224090    27.0569      7.026  267.23901  267.45464    20.5249     6.9863 -9.990e-29
 130.643877      7.111    13.9352  33.223915    27.0571      7.047  267.24308  267.45866    26.6416     7.6333 -9.990e-29
 130.643880      7.145    13.9348  33.223856    27.0571      7.082  267.24477  267.46032    26.6261     7.6737 0.0000e+00
 130.643883      7.180    13.9343  33.223504    27.0571      7.116  267.24757  267.46310    26.5482     7.6171 0.0000e+00
 130.643886      7.207    13.9341  33.223680    27.0573      7.143  267.24823  267.46375    26.6883     7.6656 0.0000e+00
 130.643889      7.233    13.9339  33.223856    27.0574      7.168  267.24890  267.46440    32.4938     8.6321 -9.990e-29
 130.643892      7.253    13.9340  33.224502    27.0582      7.188  267.24720  267.46271    32.5560     8.6361 -9.990e-29
 130.643895      7.277    13.9341  33.224737    27.0582      7.212  267.24651  267.46202    32.5560     8.6361 -9.990e-29
 130.643898      7.304    13.9344  33.224913    27.0583      7.239  267.24467  267.46020    32.4938     8.6118 0.0000e+00
 130.643900      7.331    13.9347  33.225147    27.0583      7.266  267.24335  267.45889    27.7311     8.1630 0.0000e+00
 130.643903      7.359    13.9350  33.225734    27.0585      7.293  267.24083  267.45638    27.6689     8.1670 0.0000e+00
 130.643906      7.392    13.9352  33.226321    27.0585      7.325  267.23924  267.45480    27.6533     8.1549 0.0000e+00
 130.643909      7.426    13.9355  33.225969    27.0586      7.360  267.23859  267.45417    27.7155     8.1509 0.0000e+00
 130.643912      7.465    13.9359  33.226497    27.0586      7.398  267.23617  267.45177    28.6961     8.2277 0.0000e+00
 130.643915      7.497    13.9361  33.227846    27.0597      7.430  267.23300  267.44860    28.6494     8.2317 0.0000e+00
 130.643918      7.526    13.9365  33.228492    27.0600      7.459  267.23037  267.44599    28.6338     8.2156 0.0000e+00
 130.643921      7.559    13.9364  33.229079    27.0603      7.492  267.22973  267.44533    28.5249     8.2398 0.0000e+00
 130.643924      7.588    13.9369  33.229548    27.0605      7.520  267.22677  267.44240    28.5560     8.2358 -9.990e-29
