Processed/SBE19plus_01907321_2022_05_11_Cast130_wfilter.cnv
* Sea-Bird SBE19plus  Data File:
* FileName = E:\Prandtl_Daten\2022\CTD\Raw\SBE19plus_01907321_2022_05_11_Cast130.hex
* Software version 2.6.1.12
* Temperature SN = 7321
* Conductivity SN = 7321
* System UpLoad Time = May 11 2022 12:39:17
* <ApplicationData>
* <Seaterm232>
** Messpraktikum 2022
** CTD 10.05  TS
** NMEA Latitude = 54 07.73N
** NMEA Longitude = 008 42.56E
# nquan = 11
# nvalues = 472                         
# units = specified
# name 0 = timeJ: Julian Days
# name 1 = prdM: Pressure, Strain Gauge [db]
# name 2 = tv290C: Temperature [ITS-90, deg C]
# name 3 = c0mS/cm: Conductivity [mS/cm]
# name 4 = sal00: Salinity, Practical [PSU]
# name 5 = depSM: Depth [salt water, m], lat = 54.00
# name 6 = oxsatMm/Kg: Oxygen Saturation, Weiss [umol/kg]
# name 7 = oxsolMm/Kg: Oxygen Saturation, Garcia & Gordon [umol/kg]
# name 8 = turbWETntu0: Turbidity, WET Labs ECO [NTU]
# name 9 = flECO-AFL: Fluorescence, WET Labs ECO-AFL/FL [mg/m^3]
# name 10 = flag:  0.000e+00
# span 0 = 131.522182, 131.523545       
# span 1 =      0.549,     11.528       
# span 2 =    13.7535,    13.8832       
# span 3 =  32.994456,  33.080761       
# span 4 =    26.9548,    26.9784       
# span 5 =      0.544,     11.424       
# span 6 =  267.70152,  268.39813       
# span 7 =  267.91513,  268.60474       
# span 8 =     5.6611,    21.3654       
# span 9 =     3.5452,     7.4554       
# span 10 = 0.0000e+00, 0.0000e+00      
# interval = seconds: 0.25
# start_time = May 11 2022 12:30:07 [Instrument's time stamp, header]
# bad_flag = -9.990e-29
*END*
[from data line 394]
 131.523322      9.670    13.7552  32.996737    26.9773      9.584  268.38808  268.59477    14.8595     6.1695 0.0000e+00
 131.523325      9.743    13.7551  32.996328    26.9770      9.656  268.38913  268.59581    15.0307     5.9996 0.0000e+00
 131.523328      9.811    13.7548  32.995684    26.9770      9.723  268.39151  268.59818    14.9529     5.8015 0.0000e+00
 131.523330      9.864    13.7545  32.996504    26.9770      9.775  268.39142  268.59807    14.8751     5.8541 0.0000e+00
 131.523333      9.904    13.7545  32.996328    26.9775      9.815  268.39174  268.59839    14.9218     5.8015 -9.990e-29
 131.523336      9.915    13.7544  32.995451    26.9766      9.826  268.39354  268.60019    14.8906     5.8096 -9.990e-29
 131.523339      9.906    13.7543  32.995919    26.9771      9.817  268.39337  268.60002    14.4704     6.2382 -9.990e-29
 131.523342      9.882    13.7539  32.996094    26.9775      9.793  268.39463  268.60125    14.2214     6.2342 -9.990e-29
 131.523345      9.851    13.7539  32.995860    26.9773      9.763  268.39501  268.60163    14.3615     6.1897 -9.990e-29
 131.523348      9.842    13.7542  32.996328    26.9776      9.754  268.39327  268.59990    14.4860     6.2099 -9.990e-29
 131.523351      9.849    13.7543  32.994456    26.9763      9.761  268.39580  268.60246    15.6533     6.2544 -9.990e-29
 131.523354      9.876    13.7541  32.994865    26.9769      9.788  268.39607  268.60271    15.5599     6.1735 0.0000e+00
 131.523356      9.936    13.7542  32.996328    26.9773      9.847  268.39301  268.59965    15.4976     6.2584 0.0000e+00
 131.523359     10.009    13.7542  32.996036    26.9773      9.920  268.39387  268.60050    15.7000     6.2180 0.0000e+00
 131.523362     10.086    13.7541  32.995510    26.9768      9.996  268.39511  268.60175    14.8751     5.8541 0.0000e+00
 131.523365     10.155    13.7540  32.994866    26.9768     10.064  268.39655  268.60319    14.9218     5.8460 0.0000e+00
 131.523368     10.208    13.7541  32.995861    26.9767     10.117  268.39460  268.60123    14.9996     5.7975 0.0000e+00
 131.523371     10.243    13.7540  32.995920    26.9771     10.151  268.39483  268.60146    14.8751     5.7813 -9.990e-29
 131.523374     10.246    13.7538  32.995920    26.9773     10.155  268.39578  268.60239    15.0463     5.8339 -9.990e-29
 131.523377     10.223    13.7536  32.995861    26.9775     10.131  268.39681  268.60341    15.3109     6.2140 -9.990e-29
 131.523380     10.184    13.7536  32.995920    26.9775     10.093  268.39637  268.60297    15.3109     6.2544 -9.990e-29
 131.523383     10.150    13.7536  32.995510    26.9772     10.059  268.39735  268.60396    15.5288     6.1978 -9.990e-29
 131.523385     10.128    13.7535  32.995861    26.9775     10.037  268.39706  268.60366    15.4043     6.2342 -9.990e-29
 131.523388     10.135    13.7536  32.995042    26.9767     10.044  268.39813  268.60474    14.7661     5.9754 -9.990e-29
 131.523391     10.166    13.7538  32.996505    26.9776     10.075  268.39474  268.60135    14.8284     5.9875 -9.990e-29
 131.523394     10.228    13.7539  32.996271    26.9773     10.136  268.39486  268.60148    14.6883     6.0280 0.0000e+00
 131.523397     10.297    13.7540  32.995686    26.9772     10.205  268.39526  268.60189    14.9218     6.0239 0.0000e+00
 131.523400     10.365    13.7540  32.995920    26.9772     10.272  268.39491  268.60154    16.1047     6.1210 0.0000e+00
 131.523403     10.431    13.7539  32.996271    26.9774     10.337  268.39499  268.60160    16.0735     6.1088 0.0000e+00
 131.523406     10.482    13.7538  32.996330    26.9776     10.388  268.39523  268.60184    16.2603     6.0563 -9.990e-29
 131.523409     10.505    13.7538  32.995921    26.9773     10.411  268.39594  268.60255    16.0580     6.1452 -9.990e-29
 131.523411     10.509    13.7540  32.995686    26.9769     10.415  268.39539  268.60202    15.9801     6.4808 -9.990e-29
 131.523414     10.496    13.7540  32.995920    26.9771     10.402  268.39499  268.60162    16.1825     6.5011 -9.990e-29
 131.523417     10.478    13.7539  32.995686    26.9770     10.384  268.39600  268.60262    16.2136     6.5294 -9.990e-29
 131.523420     10.458    13.7536  32.995862    26.9773     10.364  268.39663  268.60324    16.1980     6.4970 -9.990e-29
 131.523423     10.454    13.7536  32.995920    26.9774     10.360  268.39653  268.60314    16.1980     6.5051 -9.990e-29
 131.523426     10.474    13.7536  32.996096    26.9781     10.380  268.39625  268.60286    16.1980     6.4404 -9.990e-29
 131.523429     10.503    13.7536  32.996681    26.9778     10.409  268.39560  268.60219    16.0268     6.4242 0.0000e+00
 131.523432     10.554    13.7540  32.996330    26.9775     10.460  268.39433  268.60096    16.1047     6.4404 0.0000e+00
 131.523435     10.607    13.7542  32.995862    26.9772     10.512  268.39453  268.60116    16.0891     6.4404 0.0000e+00
 131.523438     10.664    13.7543  32.996331    26.9771     10.568  268.39314  268.59979    15.8712     6.4889 0.0000e+00
 131.523440     10.718    13.7541  32.996097    26.9772     10.622  268.39451  268.60115    15.7467     6.5213 0.0000e+00
 131.523443     10.758    13.7541  32.996038    26.9771     10.662  268.39464  268.60127    15.7934     6.4889 -9.990e-29
 131.523446     10.780    13.7540  32.996331    26.9774     10.684  268.39447  268.60110    15.9179     6.5334 -9.990e-29
 131.523449     10.791    13.7541  32.996506    26.9775     10.694  268.39387  268.60050    16.5093     6.5617 -9.990e-29
 131.523452     10.789    13.7542  32.996682    26.9775     10.693  268.39294  268.59958    16.5871     6.5132 -9.990e-29
 131.523455     10.784    13.7545  32.995512    26.9763     10.687  268.39365  268.60032    16.6961     6.5617 -9.990e-29
 131.523458     10.776    13.7545  32.995687    26.9764     10.680  268.39335  268.60002    16.4782     6.5577 -9.990e-29
 131.523461     10.776    13.7547  32.997033    26.9775     10.680  268.39015  268.59681    16.0735     6.4525 -9.990e-29
 131.523464     10.789    13.7550  32.996506    26.9773     10.693  268.39010  268.59678    15.9957     6.4283 -9.990e-29
 131.523466     10.822    13.7551  32.997150    26.9774     10.725  268.38841  268.59509    16.1513     6.4485 0.0000e+00
 131.523469     10.855    13.7551  32.997443    26.9774     10.758  268.38793  268.59462    16.1980     6.4364 0.0000e+00
 131.523472     10.902    13.7553  32.997384    26.9774     10.805  268.38712  268.59381    16.0735     6.4808 0.0000e+00
 131.523475     10.948    13.7553  32.997385    26.9774     10.850  268.38746  268.59415    16.5871     6.8165 0.0000e+00
 131.523478     10.995    13.7553  32.996449    26.9768     10.897  268.38906  268.59576    16.6650     6.8124 0.0000e+00
 131.523481     11.032    13.7552  32.996741    26.9765     10.933  268.38891  268.59560    16.6494     6.8165 0.0000e+00
 131.523484     11.061    13.7549  32.996098    26.9766     10.962  268.39127  268.59795    16.4782     6.8650 0.0000e+00
 131.523487     11.086    13.7548  32.996858    26.9765     10.987  268.39032  268.59699    19.1552     7.0267 -9.990e-29
 131.523490     11.099    13.7550  32.996917    26.9771     11.000  268.38960  268.59628    19.3264     7.0389 -9.990e-29
 131.523492     11.112    13.7547  32.996507    26.9769     11.012  268.39124  268.59791    19.3264     6.9620 -9.990e-29
 131.523495     11.115    13.7547  32.996683    26.9771     11.016  268.39094  268.59761    19.1864     6.9459 -9.990e-29
 131.523498     11.123    13.7547  32.996332    26.9768     11.023  268.39185  268.59852    19.1241     7.0995 -9.990e-29
 131.523501     11.141    13.7547  32.997151    26.9775     11.041  268.39049  268.59714    19.0463     7.1521 -9.990e-29
 131.523504     11.168    13.7548  32.997268    26.9773     11.068  268.38968  268.59634    18.9996     7.0833 0.0000e+00
 131.523507     11.197    13.7550  32.996917    26.9771     11.097  268.38966  268.59634    18.9218     7.1197 0.0000e+00
 131.523510     11.225    13.7551  32.996859    26.9771     11.124  268.38914  268.59583    19.2175     7.0914 0.0000e+00
 131.523513     11.250    13.7549  32.997386    26.9772     11.149  268.38921  268.59589    19.3264     7.1238 0.0000e+00
 131.523516     11.275    13.7550  32.996508    26.9776     11.175  268.39008  268.59677    19.3420     7.1278 -9.990e-29
 131.523519     11.294    13.7552  32.997269    26.9772     11.193  268.38818  268.59487    19.2953     7.1561 -9.990e-29
 131.523521     11.310    13.7553  32.995923    26.9760     11.209  268.39014  268.59685    19.3576     7.1116 -9.990e-29
 131.523524     11.323    13.7553  32.997152    26.9771     11.222  268.38808  268.59478    18.0969     7.0389 -9.990e-29
 131.523527     11.338    13.7553  32.997035    26.9770     11.236  268.38829  268.59498    17.9412     7.0550 -9.990e-29
 131.523530     11.352    13.7553  32.996742    26.9767     11.251  268.38879  268.59549    18.1903     7.0672 -9.990e-29
 131.523533     11.374    13.7550  32.996742    26.9771     11.272  268.38975  268.59643    18.0969     7.0672 -9.990e-29
 131.523536     11.414    13.7547  32.996859    26.9769     11.312  268.39083  268.59750    21.2097     7.4554 0.0000e+00
 131.523539     11.465    13.7548  32.996509    26.9769     11.363  268.39114  268.59781    21.3654     7.3987 0.0000e+00
 131.523542     11.524    13.7547  32.995690    26.9767     11.421  268.39287  268.59954    21.3187     7.3866 -9.990e-29
 131.523545     11.528    13.7543  32.995280    26.9760     11.424  268.39544  268.60210    21.3031     7.3421 -9.990e-29
