Processed/SBE19plus_01907321_2022_05_11_Cast121_wfilter.cnv
* Sea-Bird SBE19plus  Data File:
* FileName = E:\Prandtl_Daten\2022\CTD\Raw\SBE19plus_01907321_2022_05_11_Cast121.hex
* Software version 2.6.1.12
* Temperature SN = 7321
* Conductivity SN = 7321
* System UpLoad Time = May 11 2022 07:22:44
* <ApplicationData>
* <Seaterm232>
** Messpraktikum 2022
** CTD 10.05  BE
** NMEA Latitude = 54 07.49N
** NMEA Longitude = 008 50.28E
# nquan = 11
# nvalues = 678                         
# units = specified
# name 0 = timeJ: Julian Days
# name 1 = prdM: Pressure, Strain Gauge [db]
# name 2 = tv290C: Temperature [ITS-90, deg C]
# name 3 = c0mS/cm: Conductivity [mS/cm]
# name 4 = sal00: Salinity, Practical [PSU]
# name 5 = depSM: Depth [salt water, m], lat = 54.00
# name 6 = oxsatMm/Kg: Oxygen Saturation, Weiss [umol/kg]
# name 7 = oxsolMm/Kg: Oxygen Saturation, Garcia & Gordon [umol/kg]
# name 8 = turbWETntu0: Turbidity, WET Labs ECO [NTU]
# name 9 = flECO-AFL: Fluorescence, WET Labs ECO-AFL/FL [mg/m^3]
# name 10 = flag:  0.000e+00
# span 0 = 131.301470, 131.303429       
# span 1 =      0.300,     15.645       
# span 2 =    13.6783,    13.7183       
# span 3 =  32.978813,  33.005176       
# span 4 =    26.9898,    27.0344       
# span 5 =      0.298,     15.504       
# span 6 =  268.56827,  268.71065       
# span 7 =  268.77285,  268.91269       
# span 8 =     0.7584,     4.1513       
# span 9 =     2.3280,     3.4400       
# span 10 = 0.0000e+00, 0.0000e+00      
# interval = seconds: 0.25
# start_time = May 11 2022 07:12:51 [Instrument's time stamp, header]
# bad_flag = -9.990e-29
*END*
 131.301470      0.300    13.7158  32.979863    26.9928      0.298  268.57822  268.78266     1.3498     2.5828 -9.990e-29
 131.301473      0.320    13.7154  32.980506    26.9937      0.317  268.57903  268.78344     0.7584     2.5545 -9.990e-29
 131.301476      0.342    13.7147  32.979395    26.9931      0.339  268.58375  268.78813     0.8206     2.4574 -9.990e-29
 131.301479      0.357    13.7149  32.981325    26.9948      0.354  268.57987  268.78424     0.7895     2.4291 -9.990e-29
 131.301481      0.375    13.7147  32.981559    26.9951      0.372  268.58012  268.78448     0.8673     2.4655 -9.990e-29
 131.301484      0.399    13.7143  32.980974    26.9949      0.396  268.58301  268.78734     0.7739     2.4372 -9.990e-29
 131.301487      0.417    13.7142  32.981560    26.9954      0.414  268.58234  268.78667     1.2875     2.6556 -9.990e-29
 131.301490      0.435    13.7140  32.981560    26.9956      0.432  268.58330  268.78761     1.2564     2.5949 -9.990e-29
 131.301493      0.448    13.7140  32.981618    26.9956      0.444  268.58321  268.78752     1.3498     2.6232 -9.990e-29
 131.301496      0.457    13.7139  32.980916    26.9958      0.453  268.58471  268.78903     1.3187     2.6475 -9.990e-29
 131.301499      0.484    13.7139  32.981735    26.9961      0.480  268.58335  268.78765     1.3187     2.6111 0.0000e+00
 131.301502      0.528    13.7136  32.982203    26.9964      0.523  268.58384  268.78813     1.2408     2.5747 0.0000e+00
 131.301505      0.578    13.7132  32.982145    26.9965      0.572  268.58585  268.79011     1.2564     2.5787 0.0000e+00
 131.301508      0.616    13.7130  32.982555    26.9966      0.610  268.58581  268.79006     1.3498     2.5828 -9.990e-29
 131.301510      0.634    13.7128  32.981970    26.9967      0.629  268.58776  268.79200     1.0229     2.5989 -9.990e-29
 131.301513      0.638    13.7126  32.982145    26.9970      0.632  268.58840  268.79263     0.8829     2.5504 -9.990e-29
 131.301516      0.634    13.7130  32.981560    26.9962      0.629  268.58782  268.79207     1.0852     2.5828 -9.990e-29
 131.301519      0.638    13.7136  32.981794    26.9960      0.632  268.58460  268.78889     1.0852     2.5706 -9.990e-29
 131.301522      0.654    13.7139  32.980741    26.9956      0.648  268.58544  268.78975     1.5210     2.5545 -9.990e-29
 131.301525      0.696    13.7136  32.981326    26.9960      0.690  268.58574  268.79003     1.3342     2.5059 0.0000e+00
 131.301528      0.738    13.7131  32.981795    26.9960      0.732  268.58686  268.79112     1.2408     2.5221 0.0000e+00
 131.301531      0.764    13.7129  32.981970    26.9963      0.757  268.58752  268.79177     1.3031     2.4979 -9.990e-29
 131.301534      0.787    13.7130  32.982204    26.9967      0.780  268.58651  268.79076     1.3342     2.5221 -9.990e-29
 131.301536      0.800    13.7128  32.982380    26.9970      0.793  268.58717  268.79140     2.2836     2.6111 -9.990e-29
 131.301539      0.820    13.7129  32.982555    26.9974      0.813  268.58657  268.79081     2.4237     2.5747 -9.990e-29
 131.301542      0.848    13.7130  32.982965    26.9973      0.840  268.58527  268.78951     2.2836     2.5909 0.0000e+00
 131.301545      0.886    13.7130  32.982556    26.9973      0.878  268.58629  268.79054     2.3770     2.5787 0.0000e+00
 131.301548      0.919    13.7128  32.982380    26.9971      0.911  268.58724  268.79148     2.0502     2.7203 -9.990e-29
 131.301551      0.941    13.7127  32.982790    26.9974      0.933  268.58688  268.79111     2.2058     2.7203 -9.990e-29
 131.301554      0.943    13.7123  32.982556    26.9975      0.934  268.58916  268.79336     2.1280     2.7203 -9.990e-29
 131.301557      0.946    13.7122  32.981737    26.9968      0.938  268.59085  268.79506     1.9257     2.7162 -9.990e-29
 131.301560      0.959    13.7124  32.982790    26.9977      0.951  268.58846  268.79267     1.2564     2.5140 -9.990e-29
 131.301562      0.983    13.7124  32.981971    26.9969      0.974  268.58985  268.79407     1.3187     2.5383 -9.990e-29
 131.301565      1.010    13.7126  32.982147    26.9966      1.001  268.58863  268.79286     1.3498     2.5221 0.0000e+00
 131.301568      1.049    13.7130  32.981796    26.9964      1.039  268.58768  268.79193     1.3187     2.5140 0.0000e+00
 131.301571      1.078    13.7133  32.982147    26.9964      1.068  268.58553  268.78980     1.3654     2.5464 0.0000e+00
 131.301574      1.107    13.7143  32.982147    26.9964      1.097  268.58147  268.78579     1.4899     2.5383 -9.990e-29
 131.301577      1.129    13.7146  32.981796    26.9952      1.119  268.58081  268.78516     1.2875     2.5302 -9.990e-29
 131.301580      1.147    13.7153  32.980099    26.9931      1.137  268.58055  268.78495     1.2408     2.5342 -9.990e-29
 131.301583      1.169    13.7158  32.981328    26.9937      1.159  268.57629  268.78072     1.3187     2.5504 -9.990e-29
 131.301586      1.195    13.7164  32.981620    26.9937      1.184  268.57361  268.77807     1.4276     2.6758 0.0000e+00
 131.301589      1.222    13.7166  32.980509    26.9937      1.211  268.57456  268.77904     1.3031     2.6434 -9.990e-29
 131.301591      1.240    13.7167  32.980743    26.9927      1.229  268.57355  268.77803     1.3031     2.6353 -9.990e-29
 131.301594      1.253    13.7172  32.980626    26.9922      1.242  268.57187  268.77638     1.2875     2.6273 -9.990e-29
 131.301597      1.269    13.7175  32.981328    26.9927      1.258  268.56944  268.77396     0.8829     2.6192 -9.990e-29
 131.301600      1.284    13.7175  32.980509    26.9919      1.273  268.57051  268.77505     0.8517     2.6151 -9.990e-29
 131.301603      1.306    13.7175  32.980802    26.9922      1.294  268.57035  268.77488     0.7895     2.6434 -9.990e-29
 131.301606      1.337    13.7175  32.980275    26.9917      1.325  268.57125  268.77579     0.7584     2.6273 -9.990e-29
 131.301609      1.359    13.7177  32.979456    26.9911      1.347  268.57171  268.77626     0.8517     3.0397 -9.990e-29
 131.301612      1.388    13.7176  32.979807    26.9911      1.376  268.57145  268.77600     0.8673     3.0437 0.0000e+00
 131.301615      1.425    13.7177  32.979866    26.9911      1.412  268.57106  268.77561     0.8206     3.0235 -9.990e-29
 131.301617      1.448    13.7178  32.980509    26.9917      1.435  268.56967  268.77422     0.8517     3.0518 -9.990e-29
 131.301620      1.474    13.7178  32.980627    26.9917      1.460  268.56949  268.77404     0.8206     2.8133 -9.990e-29
 131.301623      1.498    13.7180  32.980100    26.9911      1.484  268.56945  268.77402     1.0074     2.8052 -9.990e-29
 131.301626      1.518    13.7180  32.979691    26.9907      1.504  268.57015  268.77472     0.8206     2.7809 -9.990e-29
 131.301629      1.530    13.7181  32.980042    26.9910      1.517  268.56925  268.77383     0.8517     2.7728 -9.990e-29
 131.301632      1.547    13.7181  32.979866    26.9908      1.533  268.56925  268.77383     0.8050     2.7769 -9.990e-29
 131.301635      1.565    13.7180  32.979457    26.9905      1.551  268.57058  268.77515     0.7584     2.6515 -9.990e-29
 131.301638      1.592    13.7181  32.978813    26.9898      1.578  268.57105  268.77564     0.8829     2.6353 -9.990e-29
 131.301641      1.614    13.7183  32.979281    26.9901      1.600  268.56965  268.77424     0.9296     2.6475 -9.990e-29
 131.301644      1.636    13.7181  32.979633    26.9906      1.621  268.57001  268.77459     0.7895     2.6313 -9.990e-29
 131.301646      1.658    13.7180  32.979691    26.9907      1.643  268.57024  268.77481     1.3965     2.5666 -9.990e-29
 131.301649      1.676    13.7181  32.980101    26.9910      1.661  268.56924  268.77382     1.3498     2.5747 -9.990e-29
 131.301652      1.699    13.7181  32.979808    26.9907      1.684  268.56944  268.77402     1.3031     2.6111 -9.990e-29
 131.301655      1.731    13.7181  32.980510    26.9913      1.715  268.56827  268.77285     1.3031     2.5868 -9.990e-29
 131.301658      1.756    13.7179  32.980276    26.9912      1.740  268.56963  268.77419     1.0852     2.5747 -9.990e-29
 131.301661      1.789    13.7176  32.980628    26.9917      1.773  268.57031  268.77485     1.0541     2.5909 -9.990e-29
 131.301664      1.813    13.7173  32.980745    26.9921      1.796  268.57138  268.77591     0.9918     2.5828 -9.990e-29
 131.301667      1.838    13.7167  32.980920    26.9927      1.822  268.57393  268.77841     1.0541     2.5747 -9.990e-29
 131.301670      1.860    13.7168  32.981388    26.9930      1.843  268.57253  268.77702     2.4082     2.8658 -9.990e-29
 131.301672      1.871    13.7165  32.981739    26.9935      1.854  268.57320  268.77767     2.3615     2.8537 -9.990e-29
 131.301675      1.884    13.7164  32.982149    26.9940      1.867  268.57314  268.77760     2.2525     2.8699 -9.990e-29
 131.301678      1.904    13.7156  32.982793    26.9951      1.887  268.57553  268.77993     2.2836     2.8133 -9.990e-29
 131.301681      1.931    13.7147  32.983202    26.9961      1.914  268.57862  268.78297     2.2058     2.8537 -9.990e-29
 131.301684      1.955    13.7136  32.983612    26.9972      1.938  268.58234  268.78662     1.0852     2.4412 -9.990e-29
 131.301687      1.979    13.7131  32.983788    26.9977      1.961  268.58426  268.78851     1.0385     2.4534 -9.990e-29
 131.301690      2.005    13.7127  32.983846    26.9981      1.987  268.58606  268.79028     1.1941     2.4534 -9.990e-29
 131.301693      2.027    13.7123  32.984256    26.9987      2.009  268.58696  268.79115     1.1319     2.4736 -9.990e-29
 131.301696      2.051    13.7122  32.984373    26.9989      2.032  268.58740  268.79159     1.7545     2.6556 -9.990e-29
 131.301698      2.076    13.7120  32.983612    26.9990      2.057  268.58933  268.79351     1.5677     2.6515 -9.990e-29
 131.301701      2.105    13.7118  32.984256    26.9990      2.086  268.58920  268.79337     1.5833     2.6758 0.0000e+00
 131.301704      2.131    13.7118  32.984373    26.9990      2.112  268.58902  268.79319     1.5833     2.6434 -9.990e-29
 131.301707      2.151    13.7120  32.984666    26.9992      2.131  268.58760  268.79177     1.3342     2.7486 -9.990e-29
 131.301710      2.173    13.7121  32.984666    26.9992      2.153  268.58730  268.79148     1.3187     2.7809 -9.990e-29
 131.301713      2.189    13.7122  32.984783    26.9992      2.169  268.58648  268.79067     1.3342     2.7566 -9.990e-29
 131.301716      2.204    13.7125  32.984900    26.9991      2.184  268.58535  268.78955     1.3187     2.7930 -9.990e-29
 131.301719      2.224    13.7125  32.984900    26.9991      2.204  268.58505  268.78925     1.5521     2.6717 -9.990e-29
 131.301722      2.242    13.7123  32.984549    26.9989      2.222  268.58660  268.79079     1.5210     2.6556 -9.990e-29
 131.301725      2.260    13.7121  32.984666    26.9991      2.240  268.58735  268.79153     1.4587     2.6030 -9.990e-29
 131.301727      2.289    13.7116  32.984666    26.9994      2.269  268.58925  268.79341     1.6299     2.6394 -9.990e-29
 131.301730      2.314    13.7115  32.984959    26.9994      2.294  268.58940  268.79355     1.5521     2.6677 -9.990e-29
 131.301733      2.345    13.7116  32.984666    26.9992      2.324  268.58929  268.79344     0.9762     2.5302 0.0000e+00
 131.301736      2.380    13.7120  32.984432    26.9989      2.358  268.58813  268.79231     1.0541     2.4979 0.0000e+00
 131.301739      2.407    13.7125  32.984783    26.9989      2.385  268.58536  268.78956     1.0852     2.5140 0.0000e+00
 131.301742      2.434    13.7132  32.983847    26.9989      2.413  268.58413  268.78838     1.1630     2.5666 -9.990e-29
 131.301745      2.456    13.7135  32.983380    26.9969      2.434  268.58367  268.78795     1.3498     2.4453 -9.990e-29
 131.301748      2.471    13.7137  32.983438    26.9968      2.449  268.58264  268.78693     1.4432     2.4493 -9.990e-29
 131.301751      2.489    13.7140  32.983204    26.9964      2.467  268.58179  268.78610     1.3187     2.4695 -9.990e-29
 131.301753      2.502    13.7142  32.982970    26.9961      2.480  268.58157  268.78588     1.2564     2.4574 -9.990e-29
 131.301756      2.518    13.7145  32.982795    26.9956      2.496  268.58030  268.78464     1.9257     2.5706 -9.990e-29
 131.301759      2.542    13.7148  32.983438    26.9951      2.520  268.57797  268.78233     1.9257     2.5909 -9.990e-29
 131.301762      2.568    13.7153  32.982795    26.9950      2.545  268.57688  268.78127     1.7233     2.5868 0.0000e+00
 131.301765      2.597    13.7156  32.982795    26.9949      2.574  268.57595  268.78035     1.8167     2.5949 0.0000e+00
 131.301768      2.630    13.7158  32.983029    26.9949      2.607  268.57432  268.77874     2.0035     2.6232 0.0000e+00
 131.301771      2.658    13.7160  32.983204    26.9949      2.634  268.57341  268.77784     2.0346     2.6636 -9.990e-29
 131.301774      2.683    13.7164  32.982561    26.9940      2.659  268.57263  268.77709     2.0502     2.6515 -9.990e-29
 131.301777      2.709    13.7166  32.983029    26.9943      2.685  268.57123  268.77569     2.2058     2.6434 -9.990e-29
 131.301780      2.731    13.7166  32.982971    26.9943      2.707  268.57134  268.77580     2.0502     2.6636 -9.990e-29
 131.301782      2.749    13.7167  32.983439    26.9946      2.725  268.57025  268.77471     1.8167     2.7728 -9.990e-29
 131.301785      2.770    13.7167  32.982561    26.9938      2.745  268.57174  268.77621     1.8634     2.7930 -9.990e-29
 131.301788      2.784    13.7167  32.982971    26.9942      2.759  268.57106  268.77553     1.9101     2.7728 -9.990e-29
 131.301791      2.800    13.7166  32.982795    26.9941      2.775  268.57168  268.77614     1.8478     2.7566 -9.990e-29
 131.301794      2.817    13.7161  32.982795    26.9944      2.792  268.57357  268.77801     1.3809     2.3402 -9.990e-29
 131.301797      2.833    13.7160  32.982795    26.9945      2.808  268.57421  268.77864     1.3342     2.3442 -9.990e-29
 131.301800      2.857    13.7158  32.983030    26.9951      2.831  268.57446  268.77888     1.3031     2.3563 -9.990e-29
 131.301803      2.884    13.7156  32.983205    26.9952      2.859  268.57512  268.77953     1.4432     2.3280 0.0000e+00
 131.301806      2.912    13.7155  32.983381    26.9954      2.885  268.57547  268.77987     2.1436     2.8133 0.0000e+00
 131.301808      2.944    13.7156  32.983615    26.9954      2.918  268.57447  268.77887     2.0657     2.7728 0.0000e+00
 131.301811      2.971    13.7157  32.983615    26.9954      2.945  268.57417  268.77858     2.0657     2.7809 0.0000e+00
 131.301814      2.997    13.7156  32.982972    26.9952      2.970  268.57559  268.77999     2.0813     2.7809 0.0000e+00
 131.301817      3.026    13.7158  32.983849    26.9949      2.999  268.57349  268.77790     1.1163     2.5989 -9.990e-29
 131.301820      3.050    13.7157  32.983206    26.9950      3.023  268.57491  268.77932     0.9762     2.5747 -9.990e-29
 131.301823      3.068    13.7150  32.983557    26.9958      3.040  268.57716  268.78152     1.0074     2.5989 -9.990e-29
 131.301826      3.086    13.7145  32.982387    26.9951      3.059  268.58134  268.78569     1.0696     2.5747 -9.990e-29
 131.301829      3.097    13.7139  32.983440    26.9965      3.069  268.58208  268.78639     1.1941     2.5949 -9.990e-29
 131.301832      3.115    13.7134  32.982797    26.9962      3.088  268.58538  268.78966     2.2836     2.5504 -9.990e-29
 131.301834      3.136    13.7132  32.983440    26.9970      3.108  268.58525  268.78951     2.2836     2.5059 -9.990e-29
 131.301837      3.158    13.7127  32.983616    26.9974      3.130  268.58685  268.79108     2.4237     2.5221 -9.990e-29
 131.301840      3.185    13.7126  32.983557    26.9975      3.156  268.58759  268.79182     2.2836     2.5828 -9.990e-29
 131.301843      3.210    13.7125  32.983850    26.9980      3.182  268.58743  268.79165     1.7078     2.8497 -9.990e-29
 131.301846      3.240    13.7127  32.984201    26.9980      3.211  268.58623  268.79045     1.6144     2.8699 0.0000e+00
