Processed/SBE19plus_01907321_2022_05_04_Cast18_wfilter.cnv
* Sea-Bird SBE19plus  Data File:
* FileName = E:\Prandtl Daten\2022\CTD\Raw\SBE19plus_01907321_2022_05_04_Cast18.hex
* Software version 2.6.1.12
* Temperature SN = 7321
* Conductivity SN = 7321
* System UpLoad Time = May 04 2022 12:26:59
* <ApplicationData>
* <Seaterm232>
** Messpraktikum 2022
** CTD 04.05 KFN
# nquan = 11
# nvalues = 723                         
# units = specified
# name 0 = timeJ: Julian Days
# name 1 = prdM: Pressure, Strain Gauge [db]
# name 2 = tv290C: Temperature [ITS-90, deg C]
# name 3 = c0mS/cm: Conductivity [mS/cm]
# name 4 = sal00: Salinity, Practical [PSU]
# name 5 = depSM: Depth [salt water, m], lat = 54.00
# name 6 = oxsatMm/Kg: Oxygen Saturation, Weiss [umol/kg]
# name 7 = oxsolMm/Kg: Oxygen Saturation, Garcia & Gordon [umol/kg]
# name 8 = turbWETntu0: Turbidity, WET Labs ECO [NTU]
# name 9 = flECO-AFL: Fluorescence, WET Labs ECO-AFL/FL [mg/m^3]
# name 10 = flag:  0.000e+00
# span 0 = 124.512410, 124.514499       
# span 1 =      0.637,     19.285       
# span 2 =    11.3679,    11.9226       
# span 3 =  31.270882,  31.553677       
# span 4 =    26.8980,    27.1661       
# span 5 =      0.632,     19.112       
# span 6 =  279.01093,  281.93464       
# span 7 =  279.11276,  281.99910       
# span 8 =    28.0268,   130.2525       
# span 9 =     9.4853,    16.1937       
# span 10 = 0.0000e+00, 0.0000e+00      
# interval = seconds: 0.25
# start_time = May 04 2022 12:16:45 [Instrument's time stamp, header]
# bad_flag = -9.990e-29
*END*
[from data line 656]
 124.514308     17.620    11.3702  31.360710    27.1646     17.462  281.91988  281.98448   119.7155    15.3324 0.0000e+00
 124.514311     17.655    11.3700  31.360538    27.1646     17.497  281.92150  281.98608   119.5443    15.3081 0.0000e+00
 124.514314     17.686    11.3699  31.360308    27.1645     17.527  281.92227  281.98686   115.1397    15.0695 0.0000e+00
 124.514317     17.715    11.3696  31.360308    27.1644     17.557  281.92356  281.98812   115.2486    15.0574 -9.990e-29
 124.514320     17.739    11.3696  31.360309    27.1646     17.580  281.92358  281.98814   115.3109    15.0331 -9.990e-29
 124.514323     17.765    11.3696  31.359907    27.1642     17.605  281.92436  281.98893   115.1708    15.0210 -9.990e-29
 124.514326     17.779    11.3694  31.359334    27.1639     17.620  281.92673  281.99128   115.1085    15.0655 -9.990e-29
 124.514329     17.794    11.3694  31.359162    27.1637     17.634  281.92707  281.99162   107.1241    15.2475 -9.990e-29
 124.514332     17.808    11.3692  31.360137    27.1647     17.649  281.92585  281.99039   107.2019    15.2475 -9.990e-29
 124.514334     17.819    11.3693  31.359563    27.1641     17.660  281.92664  281.99119   107.0463    15.2515 -9.990e-29
 124.514337     17.839    11.3692  31.360309    27.1649     17.679  281.92555  281.99008   107.0774    15.2151 -9.990e-29
 124.514340     17.861    11.3694  31.360710    27.1651     17.701  281.92385  281.98840   109.9412    15.4941 -9.990e-29
 124.514343     17.881    11.3698  31.360883    27.1650     17.721  281.92195  281.98652   109.9568    15.4860 -9.990e-29
 124.514346     17.899    11.3698  31.360883    27.1652     17.739  281.92165  281.98622   109.9412    15.4820 -9.990e-29
 124.514349     17.929    11.3700  31.361284    27.1644     17.768  281.92027  281.98485   110.0035    15.5184 0.0000e+00
 124.514352     17.956    11.3700  31.359736    27.1652     17.795  281.92292  281.98752   113.1163    15.6842 0.0000e+00
 124.514355     17.986    11.3700  31.361284    27.1645     17.824  281.92031  281.98489   113.0229    15.6559 0.0000e+00
 124.514358     18.016    11.3700  31.360539    27.1652     17.855  281.92175  281.98634   113.1786    15.6720 0.0000e+00
 124.514361     18.049    11.3700  31.361285    27.1651     17.888  281.92035  281.98493   113.1163    15.7044 0.0000e+00
 124.514363     18.077    11.3699  31.361113    27.1652     17.914  281.92102  281.98559   114.4704    15.7408 0.0000e+00
 124.514366     18.104    11.3700  31.361686    27.1651     17.942  281.91931  281.98389   114.5171    15.7448 0.0000e+00
 124.514369     18.132    11.3698  31.361113    27.1651     17.969  281.92137  281.98595   114.3770    15.7448 0.0000e+00
 124.514372     18.161    11.3698  31.360310    27.1645     17.998  281.92324  281.98782   114.3926    15.7610 0.0000e+00
 124.514375     18.194    11.3696  31.360310    27.1645     18.031  281.92390  281.98846   114.4082    15.7206 0.0000e+00
 124.514378     18.230    11.3696  31.361285    27.1651     18.067  281.92238  281.98693   111.3576    15.7650 0.0000e+00
 124.514381     18.263    11.3695  31.360884    27.1654     18.099  281.92349  281.98804   111.4976    15.7529 0.0000e+00
 124.514384     18.300    11.3694  31.361285    27.1653     18.135  281.92307  281.98761   111.5443    15.7448 0.0000e+00
 124.514387     18.327    11.3694  31.361687    27.1655     18.163  281.92264  281.98717   111.3109    15.7448 -9.990e-29
 124.514389     18.351    11.3695  31.361916    27.1660     18.186  281.92159  281.98612   115.3109    15.5467 -9.990e-29
 124.514392     18.364    11.3695  31.361286    27.1654     18.199  281.92279  281.98734   115.3420    15.5507 -9.990e-29
 124.514395     18.388    11.3695  31.360884    27.1650     18.223  281.92357  281.98813   115.4821    15.5426 -9.990e-29
 124.514398     18.404    11.3696  31.361687    27.1658     18.239  281.92174  281.98629   115.4976    15.5426 -9.990e-29
 124.514401     18.419    11.3694  31.361286    27.1655     18.253  281.92347  281.98800   119.8245    15.3890 -9.990e-29
 124.514404     18.433    11.3694  31.360712    27.1650     18.268  281.92457  281.98911   119.8401    15.3688 -9.990e-29
 124.514407     18.453    11.3694  31.361515    27.1657     18.288  281.92274  281.98728   119.9490    15.3566 -9.990e-29
 124.514410     18.472    11.3692  31.361917    27.1661     18.306  281.92326  281.98777   119.9179    15.3485 -9.990e-29
 124.514413     18.503    11.3691  31.361688    27.1660     18.337  281.92403  281.98854   124.0268    15.7933 0.0000e+00
 124.514416     18.539    11.3690  31.361516    27.1659     18.373  281.92470  281.98921   124.0268    15.7489 0.0000e+00
 124.514418     18.572    11.3688  31.361114    27.1658     18.405  281.92644  281.99094   124.0113    15.7367 0.0000e+00
 124.514421     18.610    11.3688  31.361286    27.1657     18.443  281.92614  281.99063   123.9490    15.7610 0.0000e+00
 124.514424     18.652    11.3687  31.360885    27.1656     18.485  281.92757  281.99206   124.0735    15.7529 0.0000e+00
 124.514427     18.685    11.3685  31.360713    27.1655     18.517  281.92855  281.99303   123.8401    15.3000 -9.990e-29
 124.514430     18.709    11.3685  31.360713    27.1655     18.541  281.92888  281.99336   123.8089    15.2798 -9.990e-29
 124.514433     18.733    11.3685  31.359337    27.1642     18.564  281.93152  281.99601   123.7000    15.3283 -9.990e-29
 124.514436     18.747    11.3685  31.360312    27.1651     18.579  281.92967  281.99416   123.7467    15.2879 -9.990e-29
 124.514439     18.765    11.3683  31.359738    27.1647     18.597  281.93141  281.99589   122.1280    15.7327 -9.990e-29
 124.514442     18.782    11.3683  31.360312    27.1653     18.613  281.93065  281.99512   122.1591    15.7246 -9.990e-29
 124.514444     18.796    11.3682  31.359910    27.1649     18.627  281.93174  281.99621   122.1124    15.7448 -9.990e-29
 124.514447     18.820    11.3682  31.360541    27.1656     18.651  281.93056  281.99502   122.0346    15.7448 -9.990e-29
 124.514450     18.847    11.3680  31.360541    27.1656     18.678  281.93153  281.99597   129.8478    16.1937 0.0000e+00
 124.514453     18.885    11.3680  31.360542    27.1656     18.716  281.93155  281.99600   129.8945    16.1654 0.0000e+00
 124.514456     18.924    11.3681  31.360140    27.1656     18.754  281.93203  281.99648   129.8634    16.1896 0.0000e+00
 124.514459     18.962    11.3680  31.360714    27.1652     18.792  281.93128  281.99573   130.0191    16.1654 0.0000e+00
 124.514462     19.000    11.3680  31.360140    27.1655     18.830  281.93240  281.99685   126.5482    15.6478 0.0000e+00
 124.514465     19.030    11.3681  31.359165    27.1652     18.859  281.93396  281.99843   126.4860    15.6356 -9.990e-29
 124.514468     19.050    11.3679  31.360141    27.1652     18.879  281.93275  281.99720   126.4860    15.6114 -9.990e-29
 124.514470     19.064    11.3679  31.359739    27.1649     18.893  281.93352  281.99798   126.4704    15.6073 -9.990e-29
 124.514473     19.077    11.3679  31.359567    27.1647     18.906  281.93386  281.99831   126.4704    15.6478 -9.990e-29
 124.514476     19.090    11.3680  31.359854    27.1649     18.919  281.93301  281.99746   122.5171    15.6235 -9.990e-29
 124.514479     19.095    11.3679  31.359166    27.1643     18.924  281.93464  281.99910   122.5949    15.6397 -9.990e-29
 124.514482     19.101    11.3681  31.359739    27.1647     18.929  281.93260  281.99707   122.6572    15.6073 -9.990e-29
 124.514485     19.116    11.3681  31.360714    27.1657     18.944  281.93107  281.99552   122.5949    15.6235 -9.990e-29
 124.514488     19.136    11.3681  31.359739    27.1660     18.964  281.93262  281.99709   130.2214    16.1532 -9.990e-29
 124.514491     19.161    11.3681  31.361116    27.1660     18.989  281.93002  281.99447   130.2214    16.1492 0.0000e+00
 124.514494     19.194    11.3681  31.361116    27.1660     19.022  281.93005  281.99450   130.2525    16.1330 0.0000e+00
 124.514497     19.236    11.3683  31.360141    27.1649     19.063  281.93130  281.99577   130.1903    16.1087 0.0000e+00
 124.514499     19.285    11.3683  31.360141    27.1649     19.112  281.93133  281.99580   124.0735    15.0574 0.0000e+00
