Processed/SBE19plus_01907321_2022_05_07_Cast68_wfilter.cnv
* Sea-Bird SBE19plus  Data File:
* FileName = E:\Prandtl Daten\2022\CTD\Raw\SBE19plus_01907321_2022_05_07_Cast68.hex
* Software version 2.6.1.12
* Temperature SN = 7321
* Conductivity SN = 7321
* System UpLoad Time = May 07 2022 11:13:31
* <ApplicationData>
* <Seaterm232>
** Messpraktikum 2022
** CTD 07.05 MP2
** NMEA Latitude = 54 03.01 N
** NMEA Longitude = 008 42.12 E
# nquan = 11
# nvalues = 465                         
# units = specified
# name 0 = timeJ: Julian Days
# name 1 = prdM: Pressure, Strain Gauge [db]
# name 2 = tv290C: Temperature [ITS-90, deg C]
# name 3 = c0mS/cm: Conductivity [mS/cm]
# name 4 = sal00: Salinity, Practical [PSU]
# name 5 = depSM: Depth [salt water, m], lat = 54.00
# name 6 = oxsatMm/Kg: Oxygen Saturation, Weiss [umol/kg]
# name 7 = oxsolMm/Kg: Oxygen Saturation, Garcia & Gordon [umol/kg]
# name 8 = turbWETntu0: Turbidity, WET Labs ECO [NTU]
# name 9 = flECO-AFL: Fluorescence, WET Labs ECO-AFL/FL [mg/m^3]
# name 10 = flag:  0.000e+00
# span 0 = 127.463371, 127.464714       
# span 1 =      0.538,     12.971       
# span 2 =    13.4845,    13.7080       
# span 3 =  32.692523,  32.901435       
# span 4 =    26.8427,    26.9530       
# span 5 =      0.534,     12.855       
# span 6 =  268.75387,  270.03829       
# span 7 =  268.95846,  270.23102       
# span 8 =    12.4626,    84.8206       
# span 9 =     8.6442,    14.5722       
# span 10 = 0.0000e+00, 0.0000e+00      
# interval = seconds: 0.25
# start_time = May 07 2022 11:06:00 [Instrument's time stamp, header]
# bad_flag = -9.990e-29
*END*
[from data line 263]
 127.464132      7.566    13.6727  32.882665    26.9326      7.499  268.93082  269.13348    29.2875    12.7283 0.0000e+00
 127.464135      7.603    13.6736  32.883483    26.9327      7.535  268.92568  269.12839    29.3187    12.7930 0.0000e+00
 127.464138      7.637    13.6746  32.884535    26.9330      7.569  268.91983  269.12259    29.2253    12.8172 0.0000e+00
 127.464141      7.668    13.6752  32.885178    26.9330      7.600  268.91625  269.11903    29.1630    12.7930 0.0000e+00
 127.464144      7.701    13.6757  32.885178    26.9328      7.632  268.91407  269.11688    29.2564    12.7161 0.0000e+00
 127.464146      7.730    13.6760  32.885470    26.9328      7.661  268.91202  269.11485    29.3187    12.7364 0.0000e+00
 127.464149      7.756    13.6761  32.886814    26.9328      7.686  268.90944  269.11228    29.1319    12.8334 -9.990e-29
 127.464152      7.781    13.6763  32.887223    26.9342      7.712  268.90814  269.11098    29.2720    12.8294 -9.990e-29
 127.464155      7.801    13.6764  32.886639    26.9336      7.732  268.90851  269.11136    29.3654    12.8657 -9.990e-29
 127.464158      7.823    13.6764  32.886814    26.9337      7.753  268.90823  269.11108    29.0852    12.8213 -9.990e-29
 127.464161      7.841    13.6763  32.885996    26.9317      7.771  268.91025  269.11310    29.4120    12.5746 -9.990e-29
 127.464164      7.867    13.6763  32.884477    26.9326      7.796  268.91283  269.11569    29.4120    12.6150 0.0000e+00
 127.464167      7.896    13.6763  32.886639    26.9335      7.825  268.90920  269.11204    29.1630    12.5706 0.0000e+00
 127.464170      7.927    13.6765  32.886639    26.9335      7.856  268.90827  269.11113    29.3654    12.5584 0.0000e+00
 127.464172      7.956    13.6764  32.886639    26.9335      7.885  268.90860  269.11146    29.5677    12.7404 0.0000e+00
 127.464175      7.987    13.6765  32.887224    26.9340      7.915  268.90732  269.11017    29.4743    12.6959 0.0000e+00
 127.464178      8.025    13.6769  32.888042    26.9343      7.953  268.90439  269.10726    29.3654    12.7444 0.0000e+00
 127.464181      8.054    13.6773  32.888217    26.9343      7.982  268.90222  269.10511    29.5210    12.6797 0.0000e+00
 127.464184      8.085    13.6777  32.888276    26.9342      8.013  268.90057  269.10348    30.1280    12.8415 0.0000e+00
 127.464187      8.113    13.6779  32.889737    26.9341      8.040  268.89717  269.10009    29.7700    12.8819 -9.990e-29
 127.464190      8.136    13.6782  32.890379    26.9356      8.064  268.89484  269.09777    30.1280    12.8051 -9.990e-29
 127.464193      8.158    13.6783  32.890788    26.9359      8.085  268.89385  269.09678    29.8945    12.8577 -9.990e-29
 127.464196      8.182    13.6779  32.890964    26.9363      8.109  268.89514  269.09805    30.0657    12.8051 -9.990e-29
 127.464198      8.204    13.6774  32.891373    26.9370      8.131  268.89635  269.09923    30.8906    12.9547 -9.990e-29
 127.464201      8.226    13.6769  32.891782    26.9383      8.152  268.89819  269.10103    30.9218    12.9668 -9.990e-29
 127.464204      8.255    13.6764  32.892016    26.9385      8.181  268.89970  269.10251    31.1397    12.9749 0.0000e+00
 127.464207      8.286    13.6762  32.892425    26.9387      8.212  268.89997  269.10276    31.2019    13.0032 0.0000e+00
 127.464210      8.317    13.6757  32.891958    26.9388      8.243  268.90298  269.10575    28.9140    12.7364 0.0000e+00
 127.464213      8.350    13.6756  32.892016    26.9388      8.275  268.90322  269.10598    29.0541    12.6919 0.0000e+00
 127.464216      8.379    13.6752  32.892426    26.9390      8.304  268.90412  269.10685    28.9451    12.7080 0.0000e+00
 127.464219      8.412    13.6750  32.891783    26.9394      8.337  268.90617  269.10889    28.9296    12.6797 0.0000e+00
 127.464222      8.442    13.6752  32.892835    26.9391      8.366  268.90346  269.10620    29.8790    12.6757 0.0000e+00
 127.464225      8.473    13.6756  32.892426    26.9395      8.397  268.90260  269.10536    29.9568    12.6555 0.0000e+00
 127.464227      8.500    13.6756  32.892192    26.9391      8.424  268.90301  269.10577    30.1280    12.6353 -9.990e-29
 127.464230      8.519    13.6753  32.890965    26.9380      8.442  268.90636  269.10911    30.1903    12.5908 -9.990e-29
 127.464233      8.540    13.6743  32.889095    26.9370      8.464  268.91362  269.11633    29.5833    12.6231 -9.990e-29
 127.464236      8.559    13.6729  32.888453    26.9374      8.482  268.92101  269.12364    29.7233    12.8415 -9.990e-29
 127.464239      8.581    13.6711  32.887226    26.9375      8.504  268.93065  269.13318    29.6455    12.8657 -9.990e-29
 127.464242      8.604    13.6693  32.884947    26.9370      8.527  268.94239  269.14482    29.4899    12.8374 -9.990e-29
 127.464245      8.637    13.6673  32.883721    26.9374      8.560  268.95298  269.15530    29.4432    12.8455 0.0000e+00
 127.464248      8.668    13.6651  32.882903    26.9378      8.591  268.96382  269.16602    30.9218    12.9992 0.0000e+00
 127.464251      8.699    13.6632  32.883546    26.9398      8.621  268.97093  269.17301    31.1085    13.0154 0.0000e+00
 127.464253      8.735    13.6622  32.885066    26.9418      8.657  268.97247  269.17448    31.1241    13.0194 0.0000e+00
 127.464256      8.765    13.6623  32.886819    26.9433      8.686  268.96890  269.17090    30.9685    12.9951 0.0000e+00
 127.464259      8.797    13.6630  32.887870    26.9437      8.719  268.96431  269.16634    30.0657    12.8374 0.0000e+00
 127.464262      8.828    13.6637  32.888805    26.9441      8.749  268.95991  269.16198    29.7078    12.8738 0.0000e+00
 127.464265      8.856    13.6645  32.890149    26.9445      8.776  268.95420  269.15630    29.7700    12.8657 0.0000e+00
 127.464268      8.881    13.6654  32.889916    26.9448      8.802  268.95083  269.15299    29.6611    12.8374 -9.990e-29
 127.464271      8.899    13.6659  32.890617    26.9442      8.820  268.94745  269.14964    26.0035    11.9681 -9.990e-29
 127.464274      8.916    13.6663  32.889740    26.9431      8.836  268.94706  269.14928    25.8945    11.9802 -9.990e-29
 127.464277      8.941    13.6664  32.887461    26.9409      8.861  268.95061  269.15286    25.6922    12.0247 -9.990e-29
 127.464280      8.963    13.6654  32.882261    26.9372      8.883  268.96351  269.16574    25.6144    11.9802 -9.990e-29
 127.464282      8.994    13.6632  32.880918    26.9379      8.913  268.97525  269.17735    26.0346    11.9883 0.0000e+00
 127.464285      9.023    13.6609  32.880626    26.9377      8.942  268.98551  269.18748    27.3576    12.1905 0.0000e+00
 127.464288      9.052    13.6598  32.878756    26.9377      8.971  268.99373  269.19564    27.3264    12.1985 0.0000e+00
 127.464291      9.084    13.6583  32.877179    26.9373      9.002  269.00271  269.20455    27.4976    12.2147 0.0000e+00
 127.464294      9.113    13.6573  32.875018    26.9373      9.031  269.01079  269.21258    27.5599    12.1702 0.0000e+00
 127.464297      9.146    13.6561  32.876303    26.9380      9.064  269.01367  269.21538    28.3070    12.5787 0.0000e+00
 127.464300      9.178    13.6558  32.877589    26.9387      9.096  269.01277  269.21446    28.4626    12.5503 0.0000e+00
 127.464303      9.208    13.6565  32.880627    26.9394      9.125  269.00482  269.20652    28.5093    12.5099 -9.990e-29
 127.464306      9.228    13.6581  32.881679    26.9415      9.145  268.99613  269.19792    28.6650    12.5261 -9.990e-29
 127.464308      9.255    13.6600  32.882321    26.9407      9.172  268.98688  269.18878    30.5794    12.9951 -9.990e-29
 127.464311      9.275    13.6612  32.883548    26.9409      9.192  268.97946  269.18143    30.3615    12.9426 -9.990e-29
 127.464314      9.295    13.6623  32.884366    26.9408      9.212  268.97337  269.17540    30.3459    12.9588 -9.990e-29
 127.464317      9.321    13.6633  32.885067    26.9416      9.237  268.96811  269.17019    30.5638    12.9507 0.0000e+00
 127.464320      9.350    13.6640  32.887463    26.9415      9.266  268.96125  269.16335    30.9996    12.9709 0.0000e+00
 127.464323      9.381    13.6651  32.887229    26.9415      9.297  268.95663  269.15880    30.9373    12.9911 0.0000e+00
 127.464326      9.414    13.6657  32.886879    26.9415      9.330  268.95472  269.15693    31.0463    13.0598 0.0000e+00
 127.464329      9.449    13.6665  32.889917    26.9430      9.364  268.94646  269.14869    31.2019    13.0032 0.0000e+00
 127.464332      9.483    13.6670  32.890560    26.9431      9.398  268.94319  269.14545    30.9685    13.0396 0.0000e+00
 127.464334      9.518    13.6674  32.890794    26.9432      9.433  268.94124  269.14352    30.6416    13.0922 0.0000e+00
 127.464337      9.551    13.6679  32.892196    26.9440      9.465  268.93669  269.13899    30.8128    13.1245 0.0000e+00
 127.464340      9.578    13.6684  32.892605    26.9440      9.492  268.93381  269.13614    30.6261    13.0760 0.0000e+00
 127.464343      9.604    13.6690  32.892606    26.9440      9.518  268.93100  269.13336    30.8284    13.1731 -9.990e-29
 127.464346      9.625    13.6697  32.893365    26.9437      9.539  268.92690  269.12929    29.5366    12.8657 -9.990e-29
 127.464349      9.653    13.6700  32.893015    26.9432      9.566  268.92625  269.12866    29.6922    12.8496 -9.990e-29
 127.464352      9.669    13.6704  32.892430    26.9424      9.582  268.92536  269.12781    29.7856    12.8334 -9.990e-29
 127.464355      9.689    13.6708  32.893541    26.9427      9.602  268.92192  269.12438    29.8790    12.8334 -9.990e-29
 127.464358      9.715    13.6713  32.893482    26.9423      9.628  268.92015  269.12264    28.8206    12.7444 0.0000e+00
 127.464361      9.740    13.6717  32.893015    26.9420      9.653  268.91906  269.12158    28.8517    12.7364 0.0000e+00
 127.464363      9.771    13.6719  32.892781    26.9416      9.684  268.91854  269.12107    28.8050    12.7404 0.0000e+00
 127.464366      9.802    13.6719  32.891203    26.9402      9.715  268.92122  269.12377    28.9607    12.7121 0.0000e+00
 127.464369      9.833    13.6716  32.889100    26.9389      9.745  268.92637  269.12891    27.8245    12.3967 0.0000e+00
 127.464372      9.866    13.6707  32.888808    26.9389      9.778  268.93066  269.13315    27.7622    12.3967 0.0000e+00
 127.464375      9.897    13.6698  32.889100    26.9389      9.808  268.93396  269.13640    27.7311    12.3765 0.0000e+00
 127.464378      9.924    13.6691  32.886821    26.9389      9.835  268.94066  269.14308    27.8556    12.3967 0.0000e+00
 127.464381      9.955    13.6684  32.886471    26.9381      9.866  268.94442  269.14680    27.7622    12.3724 -9.990e-29
 127.464384      9.975    13.6678  32.885361    26.9377      9.886  268.94883  269.15118    28.8984    12.8779 -9.990e-29
 127.464387      9.999    13.6671  32.884543    26.9375      9.910  268.95337  269.15568    29.1163    12.8698 -9.990e-29
 127.464389     10.019    13.6661  32.883725    26.9374      9.929  268.95886  269.16112    29.0541    12.9264 -9.990e-29
 127.464392     10.037    13.6652  32.883083    26.9388      9.947  268.96373  269.16594    29.0229    12.8860 -9.990e-29
 127.464395     10.065    13.6646  32.884135    26.9385      9.975  268.96480  269.16697    31.3420    13.1892 0.0000e+00
 127.464398     10.092    13.6643  32.883317    26.9388     10.002  268.96746  269.16961    31.2486    13.1973 0.0000e+00
 127.464401     10.127    13.6640  32.884485    26.9396     10.036  268.96676  269.16889    31.4043    13.1973 0.0000e+00
 127.464404     10.154    13.6639  32.885829    26.9408     10.063  268.96482  269.16693    31.5132    13.2135 0.0000e+00
 127.464407     10.187    13.6646  32.889744    26.9439     10.096  268.95539  269.15751    30.5327    12.9749 0.0000e+00
 127.464410     10.218    13.6656  32.891381    26.9439     10.127  268.94824  269.15040    30.3926    12.9668 0.0000e+00
 127.464413     10.251    13.6668  32.891205    26.9446     10.159  268.94320  269.14545    30.6727    12.9183 0.0000e+00
 127.464416     10.278    13.6676  32.893017    26.9447     10.186  268.93670  269.13897    30.5327    12.9507 0.0000e+00
 127.464418     10.308    13.6682  32.893543    26.9447     10.215  268.93331  269.13562    31.5288    13.0518 0.0000e+00
 127.464421     10.333    13.6685  32.894712    26.9447     10.241  268.93009  269.13241    31.5288    13.0801 -9.990e-29
 127.464424     10.353    13.6690  32.895764    26.9462     10.261  268.92644  269.12877    31.6533    13.0275 -9.990e-29
 127.464427     10.370    13.6697  32.896348    26.9462     10.277  268.92231  269.12469    31.5599    13.0437 -9.990e-29
 127.464430     10.388    13.6702  32.897400    26.9461     10.295  268.91866  269.12105    31.3887    13.0639 -9.990e-29
 127.464433     10.414    13.6708  32.897166    26.9459     10.321  268.91624  269.11867    29.8323    12.9749 0.0000e+00
 127.464436     10.439    13.6713  32.896932    26.9456     10.346  268.91445  269.11691    29.9101    12.9304 0.0000e+00
 127.464439     10.470    13.6716  32.896582    26.9450     10.376  268.91380  269.11629    30.0191    13.0032 0.0000e+00
 127.464442     10.501    13.6718  32.896348    26.9447     10.407  268.91327  269.11577    30.0657    13.0032 0.0000e+00
 127.464444     10.536    13.6713  32.895705    26.9444     10.442  268.91658  269.11906    33.1630    13.5734 0.0000e+00
 127.464447     10.567    13.6708  32.895296    26.9444     10.472  268.91949  269.12194    32.9607    13.6300 0.0000e+00
 127.464450     10.598    13.6702  32.895939    26.9454     10.503  268.92094  269.12335    33.2564    13.5653 0.0000e+00
 127.464453     10.629    13.6699  32.896524    26.9458     10.534  268.92154  269.12393    32.8673    13.5774 0.0000e+00
 127.464456     10.662    13.6695  32.895940    26.9462     10.566  268.92413  269.12649    32.2447    13.5693 -9.990e-29
 127.464459     10.684    13.6693  32.897167    26.9471     10.588  268.92301  269.12535    32.2136    13.5774 -9.990e-29
 127.464462     10.711    13.6691  32.897284    26.9473     10.615  268.92346  269.12579    32.2759    13.5936 -9.990e-29
 127.464465     10.728    13.6692  32.897576    26.9475     10.632  268.92266  269.12499    32.3381    13.6098 -9.990e-29
 127.464468     10.748    13.6689  32.897810    26.9480     10.652  268.92353  269.12585    31.5443    13.2378 -9.990e-29
 127.464470     10.772    13.6690  32.897401    26.9475     10.675  268.92361  269.12594    31.3887    13.2337 -9.990e-29
 127.464473     10.793    13.6690  32.899096    26.9496     10.697  268.92107  269.12338    31.3887    13.1771 -9.990e-29
 127.464476     10.819    13.6690  32.899680    26.9496     10.722  268.92010  269.12240    31.2642    13.2297 0.0000e+00
 127.464479     10.852    13.6689  32.899681    26.9496     10.755  268.92043  269.12273    31.2642    13.1407 0.0000e+00
 127.464482     10.885    13.6690  32.899096    26.9490     10.787  268.92113  269.12344    33.0229    13.3752 0.0000e+00
 127.464485     10.916    13.6688  32.898863    26.9490     10.818  268.92217  269.12447    32.8517    13.3874 0.0000e+00
 127.464488     10.947    13.6687  32.900733    26.9501     10.849  268.91966  269.12194    32.8517    13.3672 0.0000e+00
 127.464491     10.974    13.6687  32.900090    26.9507     10.876  268.92076  269.12304    33.0696    13.3712 0.0000e+00
 127.464494     11.003    13.6686  32.900733    26.9504     10.905  268.92001  269.12228    33.3342    13.7513 0.0000e+00
 127.464497     11.031    13.6687  32.900499    26.9507     10.932  268.92010  269.12238    33.6455    13.6704 -9.990e-29
 127.464499     11.056    13.6686  32.901435    26.9514     10.957  268.91885  269.12112    33.7389    13.6704 -9.990e-29
 127.464502     11.082    13.6686  32.900733    26.9507     10.983  268.92005  269.12233    33.4587    13.7715 -9.990e-29
 127.464505     11.100    13.6684  32.900909    26.9510     11.001  268.92071  269.12297    34.1124    13.4966 -9.990e-29
