Processed/SBE19plus_01907321_2022_05_04_Cast05_wfilter.cnv
* Sea-Bird SBE19plus  Data File:
* FileName = E:\Prandtl Daten\2022\CTD\Raw\SBE19plus_01907321_2022_05_04_Cast04.hex
* Software version 2.6.1.12
* Temperature SN = 7321
* Conductivity SN = 7321
* System UpLoad Time = May 04 2022 05:37:21
* <ApplicationData>
* <Seaterm232>
** Messpraktikum 2022
** CTD 04.05 BE
# nquan = 11
# nvalues = 545                         
# units = specified
# name 0 = timeJ: Julian Days
# name 1 = prdM: Pressure, Strain Gauge [db]
# name 2 = tv290C: Temperature [ITS-90, deg C]
# name 3 = c0mS/cm: Conductivity [mS/cm]
# name 4 = sal00: Salinity, Practical [PSU]
# name 5 = depSM: Depth [salt water, m], lat = 54.00
# name 6 = oxsatMm/Kg: Oxygen Saturation, Weiss [umol/kg]
# name 7 = oxsolMm/Kg: Oxygen Saturation, Garcia & Gordon [umol/kg]
# name 8 = turbWETntu0: Turbidity, WET Labs ECO [NTU]
# name 9 = flECO-AFL: Fluorescence, WET Labs ECO-AFL/FL [mg/m^3]
# name 10 = flag:  0.000e+00
# span 0 = 124.226701, 124.228275       
# span 1 =      0.588,     14.051       
# span 2 =    12.5729,    12.5966       
# span 3 =  31.986943,  32.020234       
# span 4 =    26.8865,    26.9127       
# span 5 =      0.582,     13.925       
# span 6 =  275.12560,  275.29238       
# span 7 =  275.26823,  275.43378       
# span 8 =    63.1085,   177.6611       
# span 9 =    11.2685,    15.7772       
# span 10 = 0.0000e+00, 0.0000e+00      
# interval = seconds: 0.25
# start_time = May 04 2022 05:24:57 [Instrument's time stamp, header]
# bad_flag = -9.990e-29
*END*
[from data line 525]
 124.228220     13.603    12.5738  32.011626    26.9094     13.481  275.24383  275.38505   146.8906    14.4792 0.0000e+00
 124.228223     13.630    12.5739  32.010412    26.9089     13.508  275.24570  275.38694   147.0463    14.4711 -9.990e-29
 124.228226     13.652    12.5740  32.009198    26.9065     13.530  275.24725  275.38852   146.9840    14.4549 -9.990e-29
 124.228229     13.674    12.5740  32.008794    26.9062     13.552  275.24831  275.38957   146.9840    14.4549 -9.990e-29
 124.228232     13.692    12.5740  32.007984    26.9054     13.569  275.24945  275.39072   142.9373    14.6086 -9.990e-29
 124.228235     13.716    12.5742  32.007984    26.9052     13.593  275.24883  275.39012   142.8906    14.6005 -9.990e-29
 124.228238     13.736    12.5742  32.004978    26.9024     13.613  275.25422  275.39553   142.9529    14.6005 -9.990e-29
 124.228241     13.760    12.5742  32.004342    26.9018     13.637  275.25537  275.39669   143.0619    14.5843 -9.990e-29
 124.228244     13.784    12.5744  32.007406    26.9045     13.660  275.24896  275.39026   147.9490    14.7096 -9.990e-29
 124.228247     13.800    12.5742  32.007002    26.9043     13.676  275.25064  275.39194   147.8868    14.7258 -9.990e-29
 124.228249     13.820    12.5743  32.007002    26.9042     13.696  275.25002  275.39133   147.8089    14.7177 -9.990e-29
 124.228252     13.831    12.5741  32.006366    26.9037     13.707  275.25212  275.39341   147.9801    14.7258 -9.990e-29
 124.228255     13.855    12.5739  32.004978    26.9026     13.731  275.25556  275.39686   147.8556    14.7380 -9.990e-29
 124.228258     13.877    12.5737  32.003995    26.9018     13.753  275.25828  275.39958   170.3615    14.1476 -9.990e-29
 124.228261     13.895    12.5736  32.002377    26.8981     13.771  275.26151  275.40281   170.3303    14.1476 -9.990e-29
 124.228264     13.925    12.5734  31.999775    26.8970     13.800  275.26713  275.40844   170.3615    14.1799 0.0000e+00
 124.228267     13.959    12.5732  31.997174    26.8958     13.834  275.27244  275.41377   170.2214    14.1435 0.0000e+00
 124.228270     13.989    12.5730  31.995382    26.8950     13.863  275.27661  275.41794   177.5833    13.3591 0.0000e+00
 124.228273     14.049    12.5730  31.994168    26.8942     13.923  275.27914  275.42048   177.6611    13.3955 -9.990e-29
 124.228275     14.051    12.5729  31.986943    26.8865     13.925  275.29238  275.43378   177.5677    13.3995 -9.990e-29
