Processed/SBE19plus_01907321_2022_05_05_Cast26_wfilter.cnv
* Sea-Bird SBE19plus  Data File:
* FileName = E:\Prandtl Daten\2022\CTD\Raw\SBE19plus_01907321_2022_05_05_Cast26.hex
* Software version 2.6.1.12
* Temperature SN = 7321
* Conductivity SN = 7321
* System UpLoad Time = May 05 2022 09:06:09
* <ApplicationData>
* <Seaterm232>
** Messpraktikum 2022
** CTD 05.05 NP2
# nquan = 11
# nvalues = 458                         
# units = specified
# name 0 = timeJ: Julian Days
# name 1 = prdM: Pressure, Strain Gauge [db]
# name 2 = tv290C: Temperature [ITS-90, deg C]
# name 3 = c0mS/cm: Conductivity [mS/cm]
# name 4 = sal00: Salinity, Practical [PSU]
# name 5 = depSM: Depth [salt water, m], lat = 54.00
# name 6 = oxsatMm/Kg: Oxygen Saturation, Weiss [umol/kg]
# name 7 = oxsolMm/Kg: Oxygen Saturation, Garcia & Gordon [umol/kg]
# name 8 = turbWETntu0: Turbidity, WET Labs ECO [NTU]
# name 9 = flECO-AFL: Fluorescence, WET Labs ECO-AFL/FL [mg/m^3]
# name 10 = flag:  0.000e+00
# span 0 = 125.375339, 125.376661       
# span 1 =      0.644,     11.302       
# span 2 =    11.5811,    12.0826       
# span 3 =  31.754515,  32.074924       
# span 4 =    27.2046,    27.5568       
# span 5 =      0.638,     11.200       
# span 6 =  277.53706,  280.08330       
# span 7 =  277.64557,  280.15796       
# span 8 =     5.7078,    32.0580       
# span 9 =     4.4024,    10.8722       
# span 10 = 0.0000e+00, 0.0000e+00      
# interval = seconds: 0.25
# start_time = May 05 2022 08:59:12 [Instrument's time stamp, header]
# bad_flag = -9.990e-29
*END*
[from data line 263]
 125.376100      6.938    11.6160  31.829140    27.4351      6.876  279.89558  279.97253    11.9023     7.0106 0.0000e+00
 125.376102      6.965    11.6158  31.829948    27.4353      6.903  279.89502  279.97195    11.9957     6.9782 0.0000e+00
 125.376105      6.991    11.6157  31.828160    27.4357      6.928  279.89903  279.97597    13.6299     6.8650 -9.990e-29
 125.376108      7.013    11.6151  31.830121    27.4364      6.950  279.89819  279.97506    13.6766     6.8690 -9.990e-29
 125.376111      7.036    11.6144  31.829718    27.4365      6.973  279.90180  279.97863    13.5677     6.8852 -9.990e-29
 125.376114      7.060    11.6141  31.830122    27.4371      6.997  279.90263  279.97943    13.5988     6.8650 -9.990e-29
 125.376117      7.079    11.6142  31.829314    27.4363      7.015  279.90353  279.98035    13.4120     7.0672 -9.990e-29
 125.376120      7.099    11.6149  31.830756    27.4371      7.035  279.89769  279.97455    13.3809     7.0469 -9.990e-29
 125.376123      7.119    11.6152  31.830353    27.4365      7.055  279.89720  279.97408    13.3965     7.0550 -9.990e-29
 125.376126      7.139    11.6151  31.830930    27.4370      7.075  279.89677  279.97363    13.3342     7.0429 -9.990e-29
 125.376128      7.166    11.6151  31.830757    27.4370      7.102  279.89711  279.97397    12.6805     6.8205 0.0000e+00
 125.376131      7.195    11.6146  31.830526    27.4371      7.131  279.89977  279.97660    12.8206     6.7801 0.0000e+00
 125.376134      7.223    11.6135  31.829949    27.4373      7.158  279.90559  279.98235    12.8517     6.7720 0.0000e+00
 125.376137      7.250    11.6127  31.829719    27.4377      7.185  279.90982  279.98652    12.6650     6.8084 0.0000e+00
 125.376140      7.277    11.6121  31.829546    27.4380      7.212  279.91299  279.98966    12.7584     6.7841 0.0000e+00
 125.376143      7.304    11.6115  31.829315    27.4380      7.239  279.91628  279.99290    12.2914     6.7356 0.0000e+00
 125.376146      7.334    11.6107  31.828334    27.4380      7.268  279.92160  279.99818    12.2292     6.7437 0.0000e+00
 125.376149      7.361    11.6102  31.828738    27.4378      7.295  279.92338  279.99991    12.2292     6.7194 -9.990e-29
 125.376152      7.381    11.6096  31.828566    27.4388      7.315  279.92623  280.00273    12.2292     6.7154 -9.990e-29
 125.376155      7.401    11.6091  31.828566    27.4392      7.335  279.92877  280.00522    13.2564     6.6507 -9.990e-29
 125.376157      7.417    11.6084  31.828335    27.4395      7.351  279.93236  280.00877    13.3965     6.6790 -9.990e-29
 125.376160      7.430    11.6078  31.827931    27.4395      7.364  279.93564  280.01202    13.3187     6.6952 -9.990e-29
 125.376163      7.446    11.6073  31.825970    27.4380      7.380  279.94154  280.01790    13.4276     6.6668 -9.990e-29
 125.376166      7.466    11.6058  31.821817    27.4352      7.400  279.95659  280.03288    11.2953     7.0106 -9.990e-29
 125.376169      7.490    11.6022  31.820375    27.4382      7.423  279.97568  280.05173    11.3264     6.9903 -9.990e-29
 125.376172      7.516    11.5989  31.819568    27.4391      7.448  279.99232  280.06814    11.2175     7.0025 0.0000e+00
 125.376175      7.545    11.5963  31.819568    27.4401      7.478  280.00430  280.07993    11.2486     7.0267 0.0000e+00
 125.376178      7.578    11.5946  31.820203    27.4401      7.510  280.01068  280.08619    13.9412     6.6749 0.0000e+00
 125.376181      7.607    11.5943  31.817780    27.4406      7.539  280.01651  280.09203    13.9257     6.6749 0.0000e+00
 125.376183      7.635    11.5932  31.817781    27.4401      7.566  280.02188  280.09731    13.8634     6.6588 0.0000e+00
 125.376186      7.660    11.5923  31.816569    27.4404      7.592  280.02827  280.10365    13.8790     6.6830 0.0000e+00
 125.376189      7.688    11.5910  31.815993    27.4401      7.619  280.03535  280.11064    13.9257     6.6709 -9.990e-29
 125.376192      7.711    11.5890  31.817204    27.4432      7.642  280.04222  280.11735    13.3342     6.6426 -9.990e-29
 125.376195      7.726    11.5886  31.817204    27.4434      7.657  280.04380  280.11891    13.4432     6.6426 -9.990e-29
 125.376198      7.744    11.5887  31.817204    27.4433      7.675  280.04350  280.11861    13.3965     6.6668 -9.990e-29
 125.376201      7.768    11.5891  31.816397    27.4423      7.698  280.04314  280.11830    13.3654     6.6749 -9.990e-29
 125.376204      7.785    11.5887  31.813801    27.4390      7.715  280.04992  280.12507    11.9646     6.8407 -9.990e-29
 125.376207      7.816    11.5868  31.811206    27.4400      7.746  280.06332  280.13837    12.0735     6.8609 0.0000e+00
 125.376209      7.843    11.5840  31.811206    27.4410      7.773  280.07624  280.15108    12.0424     6.8569 0.0000e+00
 125.376212      7.872    11.5818  31.812822    27.4442      7.802  280.08330  280.15796    11.9957     6.8569 0.0000e+00
 125.376215      7.901    11.5811  31.814610    27.4464      7.830  280.08310  280.15770    12.7895     6.6709 0.0000e+00
 125.376218      7.927    11.5814  31.816571    27.4473      7.856  280.07817  280.15277    12.7272     6.7032 0.0000e+00
 125.376221      7.954    11.5824  31.815591    27.4481      7.883  280.07563  280.15030    12.6805     6.6749 -9.990e-29
 125.376224      7.976    11.5828  31.818359    27.4487      7.905  280.06824  280.14291    12.7117     6.6588 -9.990e-29
 125.376227      7.998    11.5836  31.820378    27.4500      7.927  280.06100  280.13570    13.3965     6.9014 -9.990e-29
 125.376230      8.018    11.5847  31.822743    27.4515      7.946  280.05153  280.12629    13.3965     6.9095 -9.990e-29
 125.376233      8.036    11.5857  31.823551    27.4515      7.964  280.04562  280.12044    13.4120     6.9459 -9.990e-29
 125.376236      8.053    11.5868  31.826147    27.4532      7.981  280.03572  280.11059    13.3654     6.9176 -9.990e-29
 125.376238      8.071    11.5877  31.827531    27.4538      7.999  280.02873  280.10365    13.3965     6.9337 -9.990e-29
 125.376241      8.093    11.5891  31.828570    27.4561      8.021  280.02050  280.09551    12.2603     7.0833 -9.990e-29
 125.376244      8.119    11.5901  31.831743    27.4577      8.046  280.01015  280.08519    12.2603     7.1157 0.0000e+00
 125.376247      8.148    11.5910  31.835897    27.4589      8.075  279.99796  280.07303    12.3226     7.1197 0.0000e+00
 125.376250      8.173    11.5924  31.836531    27.4589      8.100  279.99049  280.06565    12.2447     7.1278 0.0000e+00
 125.376253      8.208    11.5939  31.832550    27.4540      8.135  279.99139  280.06670    12.7584     6.6183 0.0000e+00
 125.376256      8.235    11.5940  31.832551    27.4540      8.162  279.99078  280.06610    12.6961     6.6143 0.0000e+00
 125.376259      8.261    11.5937  31.836705    27.4560      8.187  279.98425  280.05950    12.7272     6.6305 0.0000e+00
 125.376262      8.290    11.5942  31.840109    27.4580      8.216  279.97567  280.05092    12.7584     6.6143 -9.990e-29
 125.376264      8.313    11.5953  31.844898    27.4647      8.239  279.96166  280.03693    13.3654     6.5819 -9.990e-29
 125.376267      8.337    11.5974  31.841493    27.4598      8.263  279.95832  280.03379    13.2097     6.6143 -9.990e-29
 125.376270      8.359    11.5983  31.839128    27.4569      8.284  279.95869  280.03425    13.2875     6.6264 -9.990e-29
 125.376273      8.376    11.5975  31.836301    27.4548      8.301  279.96779  280.04332    13.2875     6.6021 -9.990e-29
 125.376276      8.394    11.5963  31.835551    27.4550      8.318  279.97487  280.05032    13.1319     7.1602 -9.990e-29
 125.376279      8.414    11.5954  31.840686    27.4605      8.338  279.96902  280.04435    13.1630     7.2977 -9.990e-29
 125.376282      8.435    11.5965  31.843917    27.4662      8.360  279.95824  280.03361    13.1630     7.3179 -9.990e-29
 125.376285      8.461    11.5983  31.848880    27.4680      8.385  279.94076  280.01620    13.0385     7.3017 0.0000e+00
 125.376288      8.490    11.6005  31.854477    27.4695      8.414  279.91989  279.99543    13.2253     7.2977 0.0000e+00
 125.376291      8.523    11.6033  31.856266    27.4695      8.447  279.90397  279.97970    13.1786     6.7477 0.0000e+00
 125.376293      8.552    11.6057  31.854246    27.4685      8.476  279.89678  279.97270    13.1319     6.7437 0.0000e+00
 125.376296      8.578    11.6071  31.858228    27.4685      8.501  279.88272  279.95870    13.1319     6.7194 0.0000e+00
 125.376299      8.603    11.6090  31.864057    27.4706      8.526  279.86330  279.93935    13.1319     6.6992 0.0000e+00
 125.376302      8.631    11.6116  31.865442    27.4727      8.553  279.84877  279.92499    13.6455     6.5213 -9.990e-29
 125.376305      8.651    11.6140  31.863422    27.4684      8.573  279.84189  279.91830    13.5988     6.5294 -9.990e-29
 125.376308      8.673    11.6144  31.862671    27.4673      8.595  279.84111  279.91756    13.7078     6.5617 -9.990e-29
 125.376311      8.689    11.6144  31.861921    27.4666      8.611  279.84253  279.91899    13.6766     6.5415 -9.990e-29
 125.376314      8.704    11.6140  31.860825    27.4659      8.626  279.84648  279.92293    14.3148     7.1844 -9.990e-29
 125.376317      8.722    11.6133  31.862037    27.4676      8.644  279.84768  279.92406    14.3615     7.1966 -9.990e-29
 125.376319      8.740    11.6133  31.868443    27.4736      8.662  279.83535  279.91167    14.2681     7.2006 -9.990e-29
 125.376322      8.768    11.6155  31.874793    27.4781      8.689  279.81371  279.89010    14.3303     7.1925 -9.990e-29
 125.376325      8.788    11.6192  31.878198    27.4746      8.709  279.79036  279.86698    14.0657     7.2047 -9.990e-29
 125.376328      8.819    11.6222  31.876408    27.4727      8.740  279.77990  279.85677    13.6611     7.1197 0.0000e+00
 125.376331      8.855    11.6238  31.873811    27.4741      8.776  279.77757  279.85458    13.5988     7.1197 0.0000e+00
 125.376334      8.883    11.6244  31.877620    27.4737      8.803  279.76761  279.84462    13.6766     7.1440 0.0000e+00
 125.376337      8.912    11.6257  31.878198    27.4737      8.832  279.76089  279.83798    13.7233     7.1440 0.0000e+00
 125.376340      8.939    11.6266  31.876639    27.4726      8.859  279.75943  279.83661    13.4899     6.8286 0.0000e+00
 125.376343      8.965    11.6266  31.879410    27.4715      8.885  279.75425  279.83140    13.2564     6.7962 -9.990e-29
 125.376345      8.987    11.6272  31.880795    27.4751      8.906  279.74915  279.82633    13.3342     6.7841 -9.990e-29
 125.376348      9.010    11.6280  31.880391    27.4740      8.930  279.74616  279.82339    13.3809     6.7962 -9.990e-29
 125.376351      9.029    11.6281  31.879583    27.4732      8.948  279.74706  279.82431    13.8634     7.1683 -9.990e-29
 125.376354      9.042    11.6276  31.879814    27.4738      8.961  279.74915  279.82636    13.9412     7.1966 -9.990e-29
 125.376357      9.062    11.6276  31.882008    27.4759      8.981  279.74505  279.82224    13.8945     7.1885 -9.990e-29
 125.376360      9.082    11.6286  31.886973    27.4799      9.001  279.73135  279.80855    13.8323     7.2127 -9.990e-29
 125.376363      9.105    11.6314  31.890206    27.4786      9.024  279.71241  279.78978    13.2564     6.9782 -9.990e-29
 125.376366      9.135    11.6345  31.890263    27.4776      9.053  279.69818  279.77577    13.3342     7.0146 0.0000e+00
 125.376369      9.164    11.6363  31.889570    27.4769      9.082  279.69101  279.76875    13.4276     6.9984 0.0000e+00
 125.376372      9.193    11.6368  31.890205    27.4766      9.111  279.68796  279.76571    13.3187     7.0146 0.0000e+00
 125.376374      9.220    11.6369  31.889166    27.4769      9.138  279.68929  279.76707    13.2875     6.9823 0.0000e+00
 125.376377      9.248    11.6368  31.893612    27.4780      9.165  279.68161  279.75933    15.1241     6.8892 0.0000e+00
 125.376380      9.279    11.6380  31.897596    27.4801      9.196  279.66851  279.74627    15.0307     6.8852 -9.990e-29
 125.376383      9.301    11.6405  31.900194    27.4836      9.218  279.65234  279.73025    15.0619     6.8529 -9.990e-29
 125.376386      9.319    11.6433  31.895805    27.4773      9.236  279.64768  279.72585    15.1241     6.8731 -9.990e-29
 125.376389      9.336    11.6437  31.895979    27.4772      9.252  279.64548  279.72368    14.9685     6.8731 -9.990e-29
 125.376392      9.350    11.6432  31.897769    27.4793      9.267  279.64466  279.72279    14.8440     6.8852 -9.990e-29
 125.376395      9.374    11.6441  31.901984    27.4826      9.290  279.63269  279.71084    14.8751     6.8569 -9.990e-29
 125.376398      9.394    11.6459  31.906545    27.4837      9.310  279.61598  279.69421    14.7973     6.8812 -9.990e-29
 125.376400      9.422    11.6484  31.906545    27.4844      9.337  279.60437  279.68279    13.5833     7.2087 0.0000e+00
 125.376403      9.452    11.6506  31.909779    27.4844      9.368  279.58828  279.66682    13.5210     7.1966 0.0000e+00
 125.376406      9.482    11.6524  31.910356    27.4844      9.397  279.57905  279.65771    13.6922     7.1804 0.0000e+00
 125.376409      9.509    11.6537  31.909548    27.4836      9.424  279.57492  279.65368    13.6611     7.2047 0.0000e+00
 125.376412      9.538    11.6544  31.910991    27.4827      9.453  279.56878  279.64758    14.4393     6.9216 -9.990e-29
 125.376415      9.562    11.6551  31.915149    27.4893      9.477  279.55787  279.63667    14.4393     6.9378 -9.990e-29
 125.376418      9.589    11.6560  31.918384    27.4893      9.503  279.54775  279.62658    14.3459     6.9620 0.0000e+00
 125.376421      9.615    11.6574  31.916189    27.4893      9.529  279.54528  279.62423    14.4393     6.9337 -9.990e-29
 125.376424      9.635    11.6584  31.922946    27.4919      9.549  279.52824  279.60719    14.3615     6.9499 -9.990e-29
 125.376427      9.653    11.6601  31.927163    27.4947      9.566  279.51282  279.59184    13.1786     7.3098 -9.990e-29
 125.376429      9.669    11.6629  31.931148    27.4964      9.583  279.49249  279.57166    13.1008     7.3057 -9.990e-29
 125.376432      9.689    11.6672  31.934556    27.4964      9.603  279.46664  279.54609    13.1475     7.3138 -9.990e-29
 125.376435      9.713    11.6706  31.944954    27.5145      9.626  279.43149  279.51107    13.1941     7.2977 -9.990e-29
 125.376438      9.739    11.6733  31.958358    27.5145      9.652  279.39419  279.47381    13.1630     7.6616 0.0000e+00
 125.376441      9.766    11.6788  31.961189    27.5145      9.679  279.36379  279.44377    13.1786     7.6575 -9.990e-29
 125.376444      9.788    11.6843  31.964771    27.5146      9.700  279.33198  279.41232    13.1008     7.6454 -9.990e-29
 125.376447      9.819    11.6904  31.971821    27.5146      9.731  279.29119  279.37189    13.0541     7.6252 0.0000e+00
 125.376450      9.846    11.6966  31.967601    27.5146      9.758  279.27083  279.35202    14.4082     7.2936 -9.990e-29
 125.376453      9.870    11.6991  31.965174    27.5135      9.782  279.26438  279.34579    14.3303     7.3138 -9.990e-29
 125.376455      9.897    11.6995  31.977657    27.5135      9.809  279.23920  279.32049    14.4548     7.3502 0.0000e+00
 125.376458      9.927    11.7026  31.997021    27.5135      9.838  279.18861  279.26990    14.3615     7.2977 -9.990e-29
 125.376461      9.950    11.7111  31.993436    27.5199      9.861  279.15702  279.23896    15.7778     7.6414 -9.990e-29
 125.376464      9.968    11.7156  31.984996    27.5085      9.879  279.15238  279.23474    15.7467     7.6252 -9.990e-29
 125.376467      9.986    11.7146  31.986037    27.5102      9.897  279.15485  279.23713    15.7155     7.6575 -9.990e-29
 125.376470     10.006    11.7117  31.978408    27.5051      9.917  279.18229  279.26445    15.8245     7.6535 -9.990e-29
 125.376473     10.023    11.7077  31.989043    27.5182      9.933  279.18066  279.26241    15.7778     7.6373 -9.990e-29
