Processed/SBE19plus_01907321_2022_05_09_Cast92_wfilter.cnv
* Sea-Bird SBE19plus  Data File:
* FileName = E:\Prandtl Daten\2022\CTD\Raw\SBE19plus_01907321_2022_05_08_Cast92.hex
* Software version 2.6.1.12
* Temperature SN = 7321
* Conductivity SN = 7321
* System UpLoad Time = May 09 2022 06:52:03
* <ApplicationData>
* <Seaterm232>
** Messpraktikum 2022
** CTD 09.05 BW2
** NMEA Latitude = 54 07.846 N
** NMEA Longitude = 008 44.966 E
# nquan = 11
# nvalues = 724                         
# units = specified
# name 0 = timeJ: Julian Days
# name 1 = prdM: Pressure, Strain Gauge [db]
# name 2 = tv290C: Temperature [ITS-90, deg C]
# name 3 = c0mS/cm: Conductivity [mS/cm]
# name 4 = sal00: Salinity, Practical [PSU]
# name 5 = depSM: Depth [salt water, m], lat = 54.00
# name 6 = oxsatMm/Kg: Oxygen Saturation, Weiss [umol/kg]
# name 7 = oxsolMm/Kg: Oxygen Saturation, Garcia & Gordon [umol/kg]
# name 8 = turbWETntu0: Turbidity, WET Labs ECO [NTU]
# name 9 = flECO-AFL: Fluorescence, WET Labs ECO-AFL/FL [mg/m^3]
# name 10 = flag:  0.000e+00
# span 0 = 129.280072, 129.282164       
# span 1 =      0.568,     17.300       
# span 2 =    12.9292,    12.9653       
# span 3 =  32.389814,  32.500524       
# span 4 =    26.9925,    27.1061       
# span 5 =      0.563,     17.145       
# span 6 =  272.75532,  272.93442       
# span 7 =  272.91649,  273.09580       
# span 8 =    -6.3389,    27.3887       
# span 9 =    -0.1709,     6.7639       
# span 10 = 0.0000e+00, 0.0000e+00      
# interval = seconds: 0.25
# start_time = May 09 2022 06:42:01 [Instrument's time stamp, header]
# bad_flag = -9.990e-29
*END*
[from data line 394]
 129.281212      9.736    12.9493  32.469272    27.0680      9.649  272.77263  272.93391     8.9451     4.1113 -9.990e-29
 129.281215      9.758    12.9493  32.468865    27.0656      9.670  272.77336  272.93464     8.8362     4.1153 -9.990e-29
 129.281218      9.776    12.9492  32.469272    27.0660      9.688  272.77297  272.93424     8.9140     4.2488 -9.990e-29
 129.281221      9.792    12.9493  32.468400    27.0651      9.705  272.77419  272.93548     9.0074     4.2488 -9.990e-29
 129.281224      9.807    12.9494  32.467819    27.0645      9.719  272.77459  272.93589     8.9918     4.2285 -9.990e-29
 129.281227      9.825    12.9495  32.469854    27.0663      9.737  272.77072  272.93201     9.1163     4.2730 -9.990e-29
 129.281230      9.847    12.9497  32.470493    27.0668      9.759  272.76898  272.93027     6.6727     3.8889 -9.990e-29
 129.281233      9.871    12.9497  32.470087    27.0675      9.782  272.76971  272.93101     6.7506     3.8646 -9.990e-29
 129.281236      9.898    12.9497  32.471366    27.0671      9.810  272.76717  272.92846     6.8284     3.8444 0.0000e+00
 129.281238      9.929    12.9499  32.470494    27.0666      9.840  272.76809  272.92940     6.6883     3.8686 0.0000e+00
 129.281241      9.957    12.9499  32.468052    27.0644      9.868  272.77239  272.93372     6.7506     3.8282 0.0000e+00
 129.281244      9.988    12.9497  32.466191    27.0636      9.898  272.77662  272.93795     8.9918     4.0991 0.0000e+00
 129.281247     10.015    12.9495  32.465785    27.0628      9.925  272.77798  272.93930     9.0541     4.1315 -9.990e-29
 129.281250     10.039    12.9493  32.464157    27.0611      9.949  272.78179  272.94312     8.9296     4.1355 -9.990e-29
 129.281253     10.061    12.9492  32.465378    27.0623      9.971  272.77998  272.94129     9.0541     4.0951 -9.990e-29
 129.281256     10.083    12.9492  32.462529    27.0597      9.992  272.78499  272.94633    10.0502     4.4752 -9.990e-29
 129.281259     10.097    12.9492  32.458867    27.0564     10.007  272.79174  272.95310    10.0191     4.4914 -9.990e-29
 129.281262     10.115    12.9487  32.457181    27.0551     10.025  272.79659  272.95795    10.0035     4.5116 -9.990e-29
 129.281264     10.128    12.9483  32.457820    27.0560     10.038  272.79737  272.95869     9.9257     4.5035 -9.990e-29
 129.281267     10.147    12.9481  32.458460    27.0578     10.056  272.79721  272.95851     9.0229     4.3822 -9.990e-29
 129.281270     10.176    12.9481  32.459681    27.0578     10.085  272.79508  272.95637     9.0385     4.3701 0.0000e+00
 129.281273     10.201    12.9483  32.459855    27.0578     10.110  272.79385  272.95515     8.9762     4.3822 0.0000e+00
 129.281276     10.231    12.9482  32.459507    27.0576     10.139  272.79479  272.95610     9.0541     4.3620 0.0000e+00
 129.281279     10.258    12.9481  32.459042    27.0576     10.166  272.79594  272.95724    11.9801     4.7825 0.0000e+00
 129.281282     10.284    12.9480  32.459856    27.0576     10.191  272.79516  272.95645    11.9646     4.7704 0.0000e+00
 129.281285     10.311    12.9481  32.460902    27.0580     10.219  272.79303  272.95431    12.0735     4.8108 -9.990e-29
 129.281288     10.335    12.9477  32.462530    27.0607     10.242  272.79176  272.95301    12.0424     4.8108 -9.990e-29
 129.281291     10.358    12.9474  32.463577    27.0619     10.266  272.79152  272.95273    11.9646     4.8108 -9.990e-29
 129.281293     10.375    12.9474  32.464158    27.0624     10.282  272.79051  272.95171    16.5249     5.3891 -9.990e-29
 129.281296     10.391    12.9471  32.465379    27.0637     10.298  272.78932  272.95050    16.6027     5.3648 -9.990e-29
 129.281299     10.407    12.9470  32.467007    27.0653     10.314  272.78711  272.94826    16.6494     5.3810 -9.990e-29
 129.281302     10.420    12.9467  32.469856    27.0681     10.327  272.78338  272.94449    16.6027     5.3486 -9.990e-29
 129.281305     10.440    12.9463  32.472705    27.0710     10.347  272.77997  272.94103    16.4004     5.6479 -9.990e-29
 129.281308     10.462    12.9458  32.472298    27.0710     10.368  272.78290  272.94393    16.4004     5.6802 -9.990e-29
 129.281311     10.486    12.9454  32.472938    27.0736     10.392  272.78368  272.94468    16.3381     5.6964 -9.990e-29
 129.281314     10.513    12.9453  32.474740    27.0759     10.419  272.78086  272.94183    16.3226     5.6923 0.0000e+00
 129.281317     10.544    12.9451  32.479683    27.0783     10.450  272.77347  272.93438    16.6183     5.3041 0.0000e+00
 129.281319     10.571    12.9442  32.483405    27.0824     10.477  272.77073  272.93156    16.6027     5.3324 0.0000e+00
 129.281322     10.604    12.9433  32.484742    27.0842     10.509  272.77250  272.93325    16.5560     5.3001 0.0000e+00
 129.281325     10.631    12.9420  32.487999    27.0862     10.536  272.77216  272.93280    16.6183     5.2961 0.0000e+00
 129.281328     10.662    12.9410  32.489046    27.0881     10.567  272.77506  272.93562    16.8984     5.3810 -9.990e-29
 129.281331     10.682    12.9401  32.488232    27.0897     10.587  272.78028  272.94079    16.8050     5.4093 -9.990e-29
 129.281334     10.704    12.9397  32.487825    27.0896     10.609  272.78289  272.94338    16.7428     5.3405 -9.990e-29
 129.281337     10.717    12.9396  32.487186    27.0891     10.621  272.78434  272.94483    16.8206     5.3729 -9.990e-29
 129.281340     10.734    12.9395  32.490500    27.0922     10.637  272.77885  272.93931    16.8673     5.3729 -9.990e-29
 129.281343     10.744    12.9390  32.490675    27.0927     10.648  272.78075  272.94117    15.0619     5.2394 -9.990e-29
 129.281345     10.768    12.9384  32.491722    27.0941     10.672  272.78145  272.94182    15.0619     5.2556 -9.990e-29
 129.281348     10.786    12.9381  32.490908    27.0930     10.690  272.78446  272.94482    15.2175     5.2718 -9.990e-29
 129.281351     10.814    12.9381  32.490268    27.0930     10.717  272.78560  272.94597    15.0619     5.2516 0.0000e+00
 129.281354     10.841    12.9384  32.490675    27.0931     10.744  272.78365  272.94403    15.0307     5.1667 0.0000e+00
 129.281357     10.868    12.9384  32.492129    27.0939     10.771  272.78080  272.94117    15.2642     5.1869 0.0000e+00
 129.281360     10.899    12.9386  32.491722    27.0941     10.802  272.78090  272.94129    15.1241     5.1828 0.0000e+00
 129.281363     10.927    12.9388  32.492130    27.0940     10.829  272.77926  272.93966    15.0619     5.1667 0.0000e+00
 129.281366     10.952    12.9392  32.492304    27.0941     10.854  272.77708  272.93751    15.5443     5.1181 -9.990e-29
 129.281369     10.976    12.9394  32.492130    27.0936     10.878  272.77646  272.93690    15.7000     5.1181 -9.990e-29
 129.281372     10.996    12.9394  32.492537    27.0940     10.898  272.77576  272.93619    15.5132     5.1060 -9.990e-29
 129.281374     11.012    12.9394  32.492537    27.0941     10.914  272.77609  272.93652    15.5288     5.1100 -9.990e-29
 129.281377     11.031    12.9397  32.492537    27.0939     10.932  272.77484  272.93529    15.3264     5.0898 -9.990e-29
 129.281380     11.045    12.9397  32.492130    27.0935     10.946  272.77556  272.93601    15.4665     5.0211 -9.990e-29
 129.281383     11.065    12.9397  32.492130    27.0934     10.966  272.77526  272.93572    15.3264     5.0696 -9.990e-29
 129.281386     11.091    12.9399  32.492304    27.0934     10.992  272.77403  272.93450    15.3576     5.0211 0.0000e+00
 129.281389     11.120    12.9401  32.492304    27.0933     11.021  272.77342  272.93389    15.4976     5.0413 0.0000e+00
 129.281392     11.147    12.9401  32.492305    27.0933     11.048  272.77343  272.93391    14.4082     5.2799 0.0000e+00
 129.281395     11.178    12.9403  32.491898    27.0928     11.078  272.77322  272.93372    14.3303     5.2799 0.0000e+00
 129.281398     11.211    12.9403  32.491491    27.0926     11.111  272.77396  272.93446    14.3770     5.3082 0.0000e+00
 129.281400     11.239    12.9405  32.491549    27.0924     11.138  272.77293  272.93344    14.4082     5.2677 -9.990e-29
 129.281403     11.264    12.9407  32.492130    27.0927     11.164  272.77130  272.93181    16.1980     5.2475 -9.990e-29
 129.281406     11.288    12.9407  32.492305    27.0928     11.187  272.77101  272.93152    16.0424     5.2273 -9.990e-29
 129.281409     11.310    12.9407  32.491491    27.0921     11.209  272.77245  272.93297    16.1825     5.2435 -9.990e-29
 129.281412     11.326    12.9408  32.492131    27.0926     11.225  272.77071  272.93123    15.9957     5.2597 -9.990e-29
 129.281415     11.343    12.9407  32.492538    27.0930     11.241  272.77032  272.93084    15.8245     5.1586 -9.990e-29
 129.281418     11.357    12.9408  32.492712    27.0931     11.256  272.76971  272.93023    15.9023     5.2030 -9.990e-29
 129.281421     11.374    12.9410  32.492305    27.0926     11.272  272.76980  272.93034    15.8556     5.1869 -9.990e-29
 129.281424     11.398    12.9409  32.492945    27.0932     11.296  272.76901  272.92953    15.8556     5.1667 -9.990e-29
 129.281427     11.420    12.9410  32.491724    27.0920     11.317  272.77054  272.93108    15.5755     5.1667 -9.990e-29
 129.281429     11.451    12.9409  32.492945    27.0932     11.348  272.76904  272.92957    15.5599     5.1747 -9.990e-29
 129.281432     11.474    12.9409  32.492131    27.0927     11.372  272.77049  272.93102    15.6066     5.1747 -9.990e-29
 129.281435     11.504    12.9408  32.492306    27.0932     11.401  272.77051  272.93104    15.7934     5.1747 0.0000e+00
 129.281438     11.529    12.9408  32.493352    27.0932     11.426  272.76869  272.92921    15.6222     5.1828 0.0000e+00
 129.281441     11.555    12.9407  32.492887    27.0936     11.451  272.76984  272.93036    15.3731     5.1141 -9.990e-29
 129.281444     11.576    12.9410  32.493527    27.0937     11.473  272.76779  272.92831    15.4354     5.0898 -9.990e-29
 129.281447     11.602    12.9410  32.493353    27.0934     11.498  272.76780  272.92833    15.3887     5.1343 -9.990e-29
 129.281450     11.618    12.9412  32.492946    27.0929     11.514  272.76789  272.92844    15.4976     5.1060 -9.990e-29
 129.281453     11.635    12.9415  32.492131    27.0920     11.531  272.76807  272.92864    15.0930     4.9928 -9.990e-29
 129.281455     11.649    12.9418  32.493353    27.0929     11.545  272.76437  272.92495    15.2331     4.9443 -9.990e-29
 129.281458     11.671    12.9420  32.492946    27.0924     11.567  272.76447  272.92506    15.2642     4.9523 -9.990e-29
 129.281461     11.695    12.9423  32.492946    27.0921     11.590  272.76291  272.92353    15.2175     4.9847 -9.990e-29
 129.281464     11.719    12.9428  32.492132    27.0905     11.614  272.76246  272.92312    17.3031     5.2233 -9.990e-29
 129.281467     11.750    12.9429  32.491725    27.0901     11.644  272.76257  272.92323    17.3654     5.2354 0.0000e+00
 129.281470     11.777    12.9430  32.490910    27.0905     11.671  272.76338  272.92407    17.4276     5.2354 0.0000e+00
 129.281473     11.810    12.9432  32.492713    27.0905     11.704  272.75961  272.92029    17.4120     5.2435 0.0000e+00
 129.281476     11.835    12.9434  32.492132    27.0909     11.729  272.75970  272.92040    17.4120     5.2637 0.0000e+00
 129.281479     11.861    12.9436  32.493121    27.0905     11.755  272.75704  272.91774    16.5560     5.4416 -9.990e-29
 129.281481     11.883    12.9434  32.493295    27.0916     11.776  272.75770  272.91838    16.6961     5.4538 -9.990e-29
 129.281484     11.905    12.9431  32.492539    27.0911     11.798  272.76029  272.92097    16.5249     5.4052 -9.990e-29
 129.281487     11.923    12.9430  32.493121    27.0917     11.816  272.75960  272.92026    16.5560     5.4457 -9.990e-29
 129.281490     11.937    12.9430  32.492539    27.0912     11.831  272.76094  272.92161    17.3654     5.4578 -9.990e-29
 129.281493     11.954    12.9422  32.494284    27.0933     11.847  272.76136  272.92195    17.3965     5.4335 -9.990e-29
 129.281496     11.968    12.9412  32.492714    27.0926     11.861  272.76821  272.92876    17.3654     5.4497 -9.990e-29
 129.281499     11.985    12.9406  32.493354    27.0936     11.878  272.76993  272.93044    17.3965     5.4093 -9.990e-29
 129.281502     12.010    12.9405  32.494168    27.0944     11.903  272.76883  272.92933    16.5560     5.6479 -9.990e-29
 129.281505     12.032    12.9405  32.494168    27.0952     11.925  272.76916  272.92965    16.5871     5.6438 -9.990e-29
 129.281508     12.063    12.9403  32.494866    27.0955     11.955  272.76859  272.92906    16.4938     5.6195 0.0000e+00
 129.281510     12.089    12.9399  32.495157    27.0958     11.980  272.76998  272.93042    16.7428     5.6317 0.0000e+00
 129.281513     12.118    12.9392  32.495390    27.0964     12.009  272.77242  272.93282    16.3848     5.7732 0.0000e+00
 129.281516     12.145    12.9387  32.495390    27.0968     12.036  272.77464  272.93501    16.3381     5.7611 0.0000e+00
 129.281519     12.171    12.9384  32.495797    27.0971     12.062  272.77520  272.93555    16.3226     5.7328 0.0000e+00
 129.281522     12.200    12.9379  32.494693    27.0973     12.091  272.77936  272.93969    16.4159     5.7651 -9.990e-29
 129.281525     12.222    12.9376  32.495391    27.0975     12.112  272.77941  272.93971    16.2914     5.7489 -9.990e-29
 129.281528     12.242    12.9372  32.495798    27.0982     12.132  272.78060  272.94086    16.7272     5.7045 -9.990e-29
 129.281531     12.257    12.9369  32.495565    27.0982     12.147  272.78228  272.94252    16.8984     5.7287 -9.990e-29
 129.281534     12.277    12.9366  32.496031    27.0988     12.167  272.78273  272.94296    16.8050     5.6883 -9.990e-29
 129.281536     12.295    12.9364  32.496205    27.0991     12.185  272.78338  272.94359    16.7739     5.6964 -9.990e-29
 129.281539     12.319    12.9360  32.496205    27.0999     12.208  272.78528  272.94547    17.1008     5.5548 -9.990e-29
 129.281542     12.348    12.9358  32.496612    27.1001     12.237  272.78553  272.94570    17.1163     5.5710 0.0000e+00
 129.281545     12.375    12.9358  32.497020    27.1001     12.265  272.78483  272.94500    17.0696     5.5912 0.0000e+00
 129.281548     12.406    12.9356  32.496787    27.1003     12.295  272.78589  272.94605    17.0696     5.5710 -9.990e-29
 129.281551     12.428    12.9353  32.496613    27.1002     12.317  272.78747  272.94761    16.8517     5.6276 -9.990e-29
 129.281554     12.454    12.9353  32.496613    27.1003     12.342  272.78780  272.94794    16.8517     5.6681 -9.990e-29
 129.281557     12.477    12.9350  32.497195    27.1010     12.366  272.78805  272.94816    16.9296     5.5912 -9.990e-29
 129.281560     12.499    12.9347  32.497195    27.1012     12.387  272.78933  272.94942    16.8984     5.6155 -9.990e-29
 129.281563     12.521    12.9348  32.497369    27.1013     12.409  272.78872  272.94881    18.8128     5.6883 -9.990e-29
 129.281565     12.537    12.9346  32.497427    27.1014     12.425  272.78926  272.94934    18.7973     5.6600 -9.990e-29
 129.281568     12.548    12.9345  32.497195    27.1013     12.436  272.79030  272.95038    18.8595     5.6964 -9.990e-29
 129.281571     12.567    12.9343  32.496206    27.1005     12.454  272.79268  272.95276    18.7350     5.6721 -9.990e-29
 129.281574     12.587    12.9342  32.497777    27.1019     12.474  272.79057  272.95062    18.8595     5.7206 -9.990e-29
 129.281577     12.612    12.9342  32.497602    27.1017     12.499  272.79089  272.95094    17.2253     5.0453 0.0000e+00
 129.281580     12.638    12.9340  32.497021    27.1015     12.525  272.79287  272.95292    17.3809     5.0251 0.0000e+00
 129.281583     12.669    12.9339  32.496788    27.1013     12.555  272.79361  272.95366    17.3809     5.0858 0.0000e+00
 129.281586     12.700    12.9339  32.495800    27.1010     12.586  272.79537  272.95542    17.3031     5.0170 0.0000e+00
