Processed/SBE19plus_01907321_2022_05_07_Cast67_wfilter.cnv
* Sea-Bird SBE19plus  Data File:
* FileName = E:\Prandtl Daten\2022\CTD\Raw\SBE19plus_01907321_2022_05_07_Cast67.hex
* Software version 2.6.1.12
* Temperature SN = 7321
* Conductivity SN = 7321
* System UpLoad Time = May 07 2022 10:58:39
* <ApplicationData>
* <Seaterm232>
** Messpraktikum 2022
** CTD 07.05 MP3
** NMEA Latitude = 54 03.511 N
** NMEA Longitude = 008 42.838 E
# nquan = 11
# nvalues = 362                         
# units = specified
# name 0 = timeJ: Julian Days
# name 1 = prdM: Pressure, Strain Gauge [db]
# name 2 = tv290C: Temperature [ITS-90, deg C]
# name 3 = c0mS/cm: Conductivity [mS/cm]
# name 4 = sal00: Salinity, Practical [PSU]
# name 5 = depSM: Depth [salt water, m], lat = 54.00
# name 6 = oxsatMm/Kg: Oxygen Saturation, Weiss [umol/kg]
# name 7 = oxsolMm/Kg: Oxygen Saturation, Garcia & Gordon [umol/kg]
# name 8 = turbWETntu0: Turbidity, WET Labs ECO [NTU]
# name 9 = flECO-AFL: Fluorescence, WET Labs ECO-AFL/FL [mg/m^3]
# name 10 = flag:  0.000e+00
# span 0 = 127.452818, 127.453863       
# span 1 =      0.566,      8.946       
# span 2 =    13.3098,    13.4046       
# span 3 =  32.585700,  32.705322       
# span 4 =    26.9016,    27.0042       
# span 5 =      0.561,      8.866       
# span 6 =  270.47943,  270.99174       
# span 7 =  270.66759,  271.17469       
# span 8 =     9.4276,    58.8440       
# span 9 =     7.6778,    14.7501       
# span 10 = 0.0000e+00, 0.0000e+00      
# interval = seconds: 0.25
# start_time = May 07 2022 10:50:55 [Instrument's time stamp, header]
# bad_flag = -9.990e-29
*END*
 127.452818      0.566    13.3489  32.649401    26.9507      0.561  270.71568  270.90051    15.2953     7.8557 -9.990e-29
 127.452821      0.571    13.3491  32.646954    26.9484      0.566  270.71926  270.90412    15.3576     7.8961 -9.990e-29
 127.452824      0.575    13.3491  32.648760    26.9501      0.570  270.71616  270.90100    15.3109     7.6778 -9.990e-29
 127.452827      0.581    13.3493  32.647769    26.9490      0.575  270.71692  270.90179    15.4510     7.6858 -9.990e-29
 127.452830      0.579    13.3491  32.645322    26.9469      0.574  270.72207  270.90694    15.3264     7.7142 -9.990e-29
 127.452833      0.575    13.3490  32.648818    26.9502      0.570  270.71637  270.90121    15.2953     7.7222 -9.990e-29
 127.452836      0.571    13.3489  32.648352    26.9498      0.566  270.71749  270.90233    15.0307     8.2803 -9.990e-29
 127.452839      0.571    13.3489  32.648002    26.9495      0.566  270.71809  270.90293    14.9373     8.2924 -9.990e-29
 127.452841      0.569    13.3487  32.647595    26.9493      0.564  270.71973  270.90456    14.7350     8.2843 -9.990e-29
 127.452844      0.573    13.3488  32.649168    26.9506      0.568  270.71672  270.90154    14.9373     8.2883 -9.990e-29
 127.452847      0.577    13.3486  32.648993    26.9506      0.572  270.71765  270.90246    14.8440     8.2722 -9.990e-29
 127.452850      0.573    13.3484  32.648993    26.9507      0.568  270.71859  270.90339    15.0619     8.4056 -9.990e-29
 127.452853      0.569    13.3484  32.648410    26.9502      0.564  270.71959  270.90440    15.1864     8.4097 -9.990e-29
 127.452856      0.571    13.3483  32.648585    26.9505      0.566  270.71992  270.90472    15.0619     8.4177 -9.990e-29
 127.452859      0.575    13.3480  32.648585    26.9507      0.570  270.72118  270.90596    15.0930     8.4097 -9.990e-29
 127.452862      0.580    13.3482  32.649226    26.9511      0.575  270.71914  270.90393    15.8868    10.0312 -9.990e-29
 127.452865      0.579    13.3481  32.648993    26.9509      0.573  270.71986  270.90464    15.7622    10.0312 -9.990e-29
 127.452867      0.575    13.3482  32.649343    26.9512      0.570  270.71894  270.90372    15.8556     9.9867 -9.990e-29
 127.452870      0.575    13.3481  32.649634    26.9515      0.570  270.71875  270.90353    15.8868    10.0231 -9.990e-29
 127.452873      0.575    13.3479  32.649634    26.9517      0.570  270.71970  270.90446    15.7155     9.8047 -9.990e-29
 127.452876      0.575    13.3480  32.647595    26.9497      0.570  270.72257  270.90736    15.6689     9.8209 -9.990e-29
 127.452879      0.575    13.3478  32.649343    26.9515      0.570  270.72051  270.90527    15.6844     9.8168 -9.990e-29
 127.452882      0.577    13.3475  32.648585    26.9510      0.571  270.72308  270.90783    15.5599     9.8128 -9.990e-29
 127.452885      0.584    13.3475  32.648993    26.9514      0.579  270.72269  270.90744    15.2642     9.9786 -9.990e-29
 127.452888      0.602    13.3474  32.648585    26.9511      0.597  270.72372  270.90846    15.2642    10.0271 -9.990e-29
 127.452891      0.618    13.3472  32.642701    26.9458      0.613  270.73479  270.91957    15.3887     9.9867 -9.990e-29
 127.452894      0.631    13.3473  32.644915    26.9478      0.625  270.73036  270.91513    15.4354    10.0312 -9.990e-29
 127.452896      0.651    13.3477  32.646138    26.9520      0.645  270.72670  270.91148    15.1864    10.0109 -9.990e-29
 127.452899      0.677    13.3476  32.649809    26.9525      0.671  270.72072  270.90546    15.8245     9.6308 0.0000e+00
 127.452902      0.708    13.3474  32.650742    26.9520      0.702  270.72008  270.90480    15.9179     9.6227 0.0000e+00
 127.452905      0.733    13.3473  32.648819    26.9518      0.727  270.72372  270.90845    15.8712     9.6187 0.0000e+00
 127.452908      0.762    13.3471  32.649227    26.9513      0.756  270.72398  270.90870    15.8401     9.6308 0.0000e+00
 127.452911      0.799    13.3469  32.645906    26.9511      0.792  270.73034  270.91508    15.9023     9.3276 0.0000e+00
 127.452914      0.826    13.3469  32.648353    26.9500      0.819  270.72647  270.91118    15.9179     9.3640 0.0000e+00
 127.452917      0.853    13.3466  32.648994    26.9511      0.846  270.72664  270.91133    15.8401     9.3437 -9.990e-29
 127.452920      0.877    13.3462  32.646722    26.9501      0.869  270.73214  270.91682    15.8868     9.3923 -9.990e-29
 127.452922      0.903    13.3461  32.642877    26.9466      0.895  270.73908  270.92379    16.2447     9.2224 -9.990e-29
 127.452925      0.925    13.3460  32.648761    26.9521      0.916  270.72961  270.91426    16.3070     9.2143 -9.990e-29
 127.452928      0.947    13.3463  32.651442    26.9543      0.938  270.72375  270.90840    16.3226     9.2426 -9.990e-29
 127.452931      0.963    13.3461  32.651442    26.9544      0.954  270.72439  270.90903    16.4938     9.2386 -9.990e-29
 127.452934      0.981    13.3460  32.650626    26.9538      0.973  270.72644  270.91108    15.5599     9.4125 -9.990e-29
 127.452937      1.005    13.3459  32.652083    26.9552      0.996  270.72458  270.90920    15.5599     9.4165 -9.990e-29
 127.452940      1.029    13.3457  32.654763    26.9558      1.020  270.72062  270.90520    15.3887     9.4165 -9.990e-29
 127.452943      1.060    13.3463  32.653132    26.9539      1.050  270.72092  270.90555    15.5288     9.4165 0.0000e+00
 127.452946      1.087    13.3467  32.649228    26.9520      1.078  270.72607  270.91076    15.4976     9.4165 0.0000e+00
 127.452948      1.118    13.3476  32.639614    26.9426      1.108  270.73852  270.92336    15.3420     8.9111 0.0000e+00
 127.452951      1.149    13.3499  32.636294    26.9409      1.139  270.73448  270.91949    15.2331     8.9192 0.0000e+00
 127.452954      1.178    13.3519  32.641187    26.9409      1.168  270.71727  270.90235    15.3264     8.8949 0.0000e+00
 127.452957      1.206    13.3523  32.645732    26.9429      1.195  270.70790  270.89297    15.3731     8.9232 0.0000e+00
 127.452960      1.235    13.3515  32.648995    26.9448      1.224  270.70546  270.89046    15.4976     8.9717 -9.990e-29
 127.452963      1.253    13.3504  32.648995    26.9491      1.242  270.71020  270.89513    15.5599     8.9798 -9.990e-29
 127.452966      1.271    13.3497  32.649403    26.9499      1.260  270.71266  270.89754    15.4821     9.0000 -9.990e-29
 127.452969      1.291    13.3493  32.648995    26.9499      1.280  270.71526  270.90012    15.6533     8.9919 -9.990e-29
 127.452972      1.308    13.3490  32.651093    26.9520      1.296  270.71293  270.89775    15.6689     9.1254 -9.990e-29
 127.452975      1.330    13.3489  32.648995    26.9501      1.318  270.71686  270.90169    15.4665     9.0971 -9.990e-29
 127.452977      1.352    13.3497  32.646315    26.9446      1.340  270.71802  270.90292    15.7155     9.0688 -9.990e-29
 127.452980      1.386    13.3519  32.645266    26.9405      1.374  270.71039  270.89544    15.6533     9.0971 0.0000e+00
 127.452983      1.419    13.3571  32.640372    26.9372      1.407  270.69614  270.88155    15.2331     8.9070 0.0000e+00
 127.452986      1.447    13.3637  32.646314    26.9368      1.434  270.65759  270.84336    15.0619     8.9030 0.0000e+00
 127.452989      1.478    13.3690  32.643284    26.9372      1.464  270.64012  270.82625    15.0774     8.9192 -9.990e-29
 127.452992      1.501    13.3684  32.638973    26.9267      1.488  270.64975  270.83588    15.1864     8.9313 -9.990e-29
 127.452995      1.531    13.3666  32.637109    26.9267      1.517  270.66085  270.84688    15.1085     8.8828 0.0000e+00
 127.452998      1.560    13.3640  32.634837    26.9267      1.546  270.67611  270.86200    14.1280     8.7372 -9.990e-29
 127.453001      1.584    13.3617  32.637284    26.9303      1.569  270.68169  270.86742    14.1591     8.7574 -9.990e-29
 127.453003      1.602    13.3600  32.637226    26.9315      1.588  270.68937  270.87499    14.1903     8.7453 -9.990e-29
 127.453006      1.616    13.3586  32.638974    26.9340      1.602  270.69236  270.87788    14.0657     8.7453 -9.990e-29
 127.453009      1.636    13.3574  32.642645    26.9382      1.622  270.69111  270.87652    11.2642     8.4420 -9.990e-29
 127.453012      1.657    13.3559  32.644509    26.9410      1.642  270.69453  270.87984    11.2019     8.4299 -9.990e-29
 127.453015      1.679    13.3542  32.646607    26.9441      1.664  270.69819  270.88337    11.3109     8.3854 -9.990e-29
 127.453018      1.702    13.3532  32.643053    26.9369      1.687  270.70872  270.89387    11.2331     8.4339 -9.990e-29
 127.453021      1.737    13.3534  32.638159    26.9356      1.721  270.71621  270.90142    10.8284     8.1306 0.0000e+00
 127.453024      1.768    13.3554  32.636877    26.9343      1.752  270.70992  270.89526    11.0619     8.1630 0.0000e+00
 127.453027      1.797    13.3598  32.637809    26.9321      1.781  270.68943  270.87504    10.8751     8.1711 0.0000e+00
 127.453030      1.826    13.3643  32.639149    26.9301      1.810  270.66761  270.85348    10.9840     8.1306 0.0000e+00
 127.453032      1.855    13.3684  32.639964    26.9279      1.839  270.64827  270.83439    10.9996     8.2358 0.0000e+00
 127.453035      1.884    13.3732  32.638565    26.9256      1.868  270.63020  270.81663    11.2953     8.1953 0.0000e+00
 127.453038      1.910    13.3762  32.637633    26.9233      1.893  270.61890  270.80552    10.8751     8.2115 -9.990e-29
 127.453041      1.934    13.3764  32.636293    26.9189      1.917  270.62027  270.80691    11.0619     8.2277 -9.990e-29
 127.453044      1.956    13.3752  32.636060    26.9195      1.938  270.62572  270.81230    10.9840     8.2439 -9.990e-29
 127.453047      1.974    13.3727  32.634429    26.9198      1.956  270.63957  270.82600    11.2642     8.4744 -9.990e-29
 127.453050      1.990    13.3701  32.632333    26.9197      1.973  270.65421  270.84050    11.1085     8.4784 -9.990e-29
 127.453053      2.014    13.3687  32.628721    26.9153      1.996  270.66673  270.85296    11.2019     8.4703 -9.990e-29
 127.453056      2.040    13.3690  32.626624    26.9154      2.021  270.66908  270.85535    11.2331     8.4824 0.0000e+00
 127.453058      2.069    13.3695  32.627265    26.9155      2.050  270.66548  270.85178    11.0463     8.3490 0.0000e+00
 127.453061      2.098    13.3701  32.628080    26.9158      2.079  270.66158  270.84791    11.2019     8.3652 0.0000e+00
 127.453064      2.127    13.3708  32.630760    26.9178      2.108  270.65416  270.84050    11.0930     8.3692 0.0000e+00
 127.453067      2.157    13.3728  32.632391    26.9179      2.137  270.64287  270.82932    10.9996     8.3490 0.0000e+00
 127.453070      2.184    13.3746  32.635479    26.9187      2.165  270.62970  270.81624    10.6572     8.3409 0.0000e+00
 127.453073      2.211    13.3772  32.638216    26.9194      2.191  270.61367  270.80035    10.5171     8.3409 -9.990e-29
 127.453076      2.235    13.3806  32.640605    26.9198      2.215  270.59509  270.78196    10.4237     8.3571 -9.990e-29
 127.453079      2.255    13.3841  32.641420    26.9181      2.235  270.57826  270.76534    10.5638     8.3571 -9.990e-29
 127.453082      2.275    13.3865  32.644275    26.9190      2.255  270.56298  270.75018    10.0969     8.3409 -9.990e-29
 127.453084      2.291    13.3891  32.642702    26.9157      2.271  270.55465  270.74203    10.1124     8.3611 -9.990e-29
 127.453087      2.310    13.3900  32.647363    26.9193      2.289  270.54289  270.73028     9.9568     8.3288 -9.990e-29
 127.453090      2.332    13.3926  32.651674    26.9214      2.311  270.52416  270.71167    10.1124     8.3409 -9.990e-29
 127.453093      2.354    13.3975  32.653538    26.9139      2.332  270.49986  270.68766     9.9879     8.3733 -9.990e-29
 127.453096      2.384    13.4030  32.651498    26.9100      2.363  270.47943  270.66759    10.0813     8.2600 0.0000e+00
 127.453099      2.414    13.4046  32.644273    26.9062      2.392  270.48490  270.67322     9.8790     8.2722 0.0000e+00
 127.453102      2.447    13.4010  32.634836    26.9016      2.425  270.51686  270.70503    10.0813     8.3126 0.0000e+00
 127.453105      2.476    13.3943  32.631341    26.9016      2.453  270.55156  270.73935    10.0969     8.2883 0.0000e+00
 127.453108      2.509    13.3879  32.630410    26.9053      2.486  270.58124  270.76864    12.7584     9.0930 0.0000e+00
 127.453111      2.536    13.3834  32.628488    26.9060      2.513  270.60378  270.79093    12.8206     9.0971 0.0000e+00
 127.453113      2.565    13.3802  32.627673    26.9067      2.542  270.61907  270.80602    12.8206     9.1537 -9.990e-29
 127.453116      2.590    13.3781  32.628489    26.9104      2.567  270.62651  270.81333    12.9607     9.0849 -9.990e-29
 127.453119      2.611    13.3776  32.631576    26.9136      2.587  270.62375  270.81051    13.3498     9.4772 -9.990e-29
 127.453122      2.623    13.3785  32.630353    26.9118      2.600  270.62176  270.80858    13.3965     9.5014 -9.990e-29
 127.453125      2.647    13.3794  32.631169    26.9119      2.624  270.61659  270.80346    13.2875     9.5095 -9.990e-29
 127.453128      2.665    13.3793  32.630120    26.9110      2.642  270.61871  270.80560    13.2564     9.4893 -9.990e-29
 127.453131      2.684    13.3792  32.629654    26.9100      2.660  270.62016  270.80703    11.1552     9.0000 -9.990e-29
 127.453134      2.713    13.3787  32.628489    26.9106      2.689  270.62438  270.81123    11.3420     9.0526 0.0000e+00
 127.453137      2.739    13.3777  32.629130    26.9112      2.714  270.62739  270.81418    11.3109     9.0122 0.0000e+00
 127.453139      2.769    13.3768  32.630121    26.9128      2.745  270.62981  270.81654    11.2798     9.0364 0.0000e+00
 127.453142      2.795    13.3760  32.629830    26.9128      2.770  270.63348  270.82016    11.4354     9.0324 0.0000e+00
 127.453145      2.824    13.3752  32.628898    26.9130      2.799  270.63888  270.82552     9.4276     8.2277 0.0000e+00
 127.453148      2.853    13.3744  32.628723    26.9132      2.828  270.64267  270.82925     9.5833     8.1913 0.0000e+00
 127.453151      2.879    13.3748  32.630121    26.9137      2.853  270.63839  270.82499     9.4276     8.2156 0.0000e+00
 127.453154      2.905    13.3753  32.630412    26.9141      2.879  270.63570  270.82233     9.6455     8.2439 -9.990e-29
 127.453157      2.925    13.3757  32.631578    26.9148      2.898  270.63182  270.81847    10.0502     8.4056 -9.990e-29
 127.453160      2.943    13.3764  32.635888    26.9182      2.917  270.62160  270.80825    10.1591     8.4016 -9.990e-29
 127.453163      2.957    13.3776  32.636471    26.9179      2.931  270.61525  270.80197     9.9101     8.4056 -9.990e-29
 127.453166      2.976    13.3790  32.637811    26.9182      2.949  270.60729  270.79408    10.0969     8.4258 -9.990e-29
 127.453168      2.999    13.3799  32.637520    26.9172      2.973  270.60370  270.79056    12.0424     8.8666 -9.990e-29
 127.453171      3.029    13.3798  32.636471    26.9163      3.002  270.60584  270.79269    11.8868     8.8828 -9.990e-29
 127.453174      3.054    13.3797  32.635888    26.9173      3.027  270.60748  270.79434    11.9490     8.8585 -9.990e-29
 127.453177      3.087    13.3802  32.637811    26.9173      3.060  270.60200  270.78887    11.8868     8.8949 0.0000e+00
 127.453180      3.116    13.3814  32.638976    26.9174      3.088  270.59466  270.78159    11.1864     8.8747 0.0000e+00
 127.453183      3.145    13.3819  32.642239    26.9187      3.117  270.58687  270.77381    10.8595     8.9596 0.0000e+00
 127.453186      3.173    13.3822  32.644278    26.9200      3.144  270.58213  270.76907    11.1241     8.9636 -9.990e-29
 127.453189      3.198    13.3844  32.642297    26.9183      3.170  270.57609  270.76318    10.7817     8.9636 -9.990e-29
 127.453192      3.224    13.3850  32.643462    26.9190      3.195  270.57158  270.75870    10.9996     8.9879 -9.990e-29
 127.453194      3.249    13.3860  32.644686    26.9194      3.220  270.56509  270.75226    11.1241     9.3720 -9.990e-29
