Processed/SBE19plus_01907321_2022_05_08_Cast75_wfilter.cnv
* Sea-Bird SBE19plus  Data File:
* FileName = E:\Prandtl Daten\2022\CTD\Raw\SBE19plus_01907321_2022_05_08_Cast75.hex
* Software version 2.6.1.12
* Temperature SN = 7321
* Conductivity SN = 7321
* System UpLoad Time = May 08 2022 07:30:08
* <ApplicationData>
* <Seaterm232>
** Messpraktikum 2022
** CTD 08.05 BE
** NMEA Latitude = 54 07.48 N
** NMEA Longitude = 008 50.23 E
# nquan = 11
# nvalues = 701                         
# units = specified
# name 0 = timeJ: Julian Days
# name 1 = prdM: Pressure, Strain Gauge [db]
# name 2 = tv290C: Temperature [ITS-90, deg C]
# name 3 = c0mS/cm: Conductivity [mS/cm]
# name 4 = sal00: Salinity, Practical [PSU]
# name 5 = depSM: Depth [salt water, m], lat = 54.00
# name 6 = oxsatMm/Kg: Oxygen Saturation, Weiss [umol/kg]
# name 7 = oxsolMm/Kg: Oxygen Saturation, Garcia & Gordon [umol/kg]
# name 8 = turbWETntu0: Turbidity, WET Labs ECO [NTU]
# name 9 = flECO-AFL: Fluorescence, WET Labs ECO-AFL/FL [mg/m^3]
# name 10 = flag:  0.000e+00
# span 0 = 128.305972, 128.307998       
# span 1 =      0.401,     17.999       
# span 2 =    13.1129,    13.1569       
# span 3 =  32.520097,  32.592175       
# span 4 =    26.9931,    27.0383       
# span 5 =      0.398,     17.838       
# span 6 =  271.65111,  271.95963       
# span 7 =  271.82445,  272.13105       
# span 8 =    24.8673,    98.5638       
# span 9 =     7.6211,    17.0630       
# span 10 = 0.0000e+00, 0.0000e+00      
# interval = seconds: 0.25
# start_time = May 08 2022 07:19:30 [Instrument's time stamp, header]
# bad_flag = -9.990e-29
*END*
[from data line 132]
 128.306354      3.727    13.1463  32.575058    27.0253      3.694  271.72470  271.89753    30.0035     9.2507 -9.990e-29
 128.306357      3.760    13.1462  32.575233    27.0258      3.727  271.72474  271.89756    29.9879     9.2426 0.0000e+00
 128.306360      3.789    13.1463  32.576456    27.0259      3.755  271.72232  271.89513    29.9879     9.1982 0.0000e+00
 128.306363      3.826    13.1466  32.576281    27.0259      3.792  271.72107  271.89391    34.4548     9.4893 0.0000e+00
 128.306366      3.857    13.1469  32.576456    27.0259      3.822  271.71953  271.89238    34.5638     9.5095 0.0000e+00
 128.306369      3.890    13.1472  32.580298    27.0259      3.855  271.71162  271.88446    34.3459     9.5014 -9.990e-29
 128.306372      3.913    13.1482  32.582394    27.0304      3.878  271.70359  271.87647    34.4082     9.5095 -9.990e-29
 128.306374      3.935    13.1495  32.584898    27.0318      3.900  271.69390  271.86685    34.4393     9.4853 -9.990e-29
 128.306377      3.963    13.1509  32.585887    27.0317      3.928  271.68591  271.85893    29.8012     9.4246 -9.990e-29
 128.306380      3.987    13.1521  32.588449    27.0332      3.951  271.67644  271.84952    29.7233     9.4408 -9.990e-29
 128.306383      4.005    13.1536  32.589555    27.0331      3.969  271.66792  271.84108    29.8478     9.4529 -9.990e-29
 128.306386      4.021    13.1546  32.590836    27.0336      3.985  271.66130  271.83452    29.7856     9.4408 -9.990e-29
 128.306389      4.040    13.1555  32.591244    27.0333      4.004  271.65652  271.82979    30.0657     8.9555 -9.990e-29
 128.306392      4.058    13.1562  32.592175    27.0337      4.022  271.65208  271.82538    30.0035     8.9555 -9.990e-29
 128.306395      4.078    13.1566  32.591651    27.0329      4.042  271.65111  271.82445    30.1124     8.9758 -9.990e-29
 128.306398      4.102    13.1569  32.590429    27.0305      4.065  271.65199  271.82535    29.8634     8.9798 -9.990e-29
 128.306400      4.138    13.1567  32.589148    27.0303      4.102  271.65518  271.82854    29.8634     9.5944 0.0000e+00
 128.306403      4.173    13.1558  32.587867    27.0300      4.136  271.66152  271.83483    29.8323     9.6147 0.0000e+00
 128.306406      4.210    13.1545  32.586121    27.0300      4.172  271.66992  271.84317    29.7389     9.6066 0.0000e+00
 128.306409      4.241    13.1533  32.586936    27.0308      4.203  271.67388  271.84705    29.8012     9.6349 0.0000e+00
 128.306412      4.277    13.1528  32.586936    27.0312      4.239  271.67610  271.84924    30.0969     9.5985 0.0000e+00
 128.306415      4.305    13.1528  32.587926    27.0316      4.266  271.67440  271.84753    30.0346     9.4934 0.0000e+00
 128.306418      4.332    13.1530  32.588101    27.0321      4.294  271.67317  271.84631    30.0657     9.4529 -9.990e-29
 128.306421      4.351    13.1533  32.588974    27.0327      4.312  271.67041  271.84356    29.9257     9.4772 -9.990e-29
 128.306424      4.361    13.1535  32.589149    27.0327      4.322  271.66917  271.84233    30.0502     9.4570 -9.990e-29
 128.306427      4.374    13.1534  32.588974    27.0326      4.335  271.66980  271.84295    31.1241     9.5459 -9.990e-29
 128.306429      4.383    13.1535  32.588276    27.0319      4.344  271.67070  271.84387    31.0774     9.5500 -9.990e-29
 128.306432      4.409    13.1533  32.588159    27.0319      4.369  271.67186  271.84502    31.0307     9.5500 -9.990e-29
 128.306435      4.432    13.1533  32.588742    27.0309      4.393  271.67087  271.84402    30.9840     9.5378 -9.990e-29
 128.306438      4.463    13.1532  32.586937    27.0311      4.423  271.67465  271.84781    31.5755     9.5661 0.0000e+00
 128.306441      4.500    13.1529  32.587286    27.0309      4.459  271.67501  271.84815    31.9179     9.5500 0.0000e+00
 128.306444      4.532    13.1524  32.584899    27.0307      4.492  271.68169  271.85482    31.8712     9.5742 0.0000e+00
 128.306447      4.567    13.1515  32.585482    27.0300      4.527  271.68448  271.85755    31.8556     9.5581 0.0000e+00
 128.306450      4.600    13.1506  32.584026    27.0303      4.559  271.69080  271.86383    38.0035    10.5973 0.0000e+00
 128.306453      4.626    13.1499  32.582804    27.0300      4.585  271.69609  271.86908    37.9257    10.6215 -9.990e-29
 128.306455      4.648    13.1492  32.583619    27.0305      4.606  271.69752  271.87047    38.0346    10.6539 -9.990e-29
 128.306458      4.664    13.1486  32.584027    27.0314      4.623  271.69966  271.87256    38.1591    10.6417 -9.990e-29
 128.306461      4.679    13.1483  32.584027    27.0316      4.637  271.70093  271.87381    37.9724    10.6296 -9.990e-29
 128.306464      4.688    13.1484  32.584376    27.0318      4.646  271.69970  271.87258    41.4276    10.8641 -9.990e-29
 128.306467      4.707    13.1485  32.584493    27.0318      4.665  271.69919  271.87208    41.3031    10.8641 -9.990e-29
 128.306470      4.723    13.1484  32.584260    27.0306      4.681  271.69992  271.87281    41.5988    10.8682 -9.990e-29
 128.306473      4.754    13.1481  32.582804    27.0307      4.711  271.70404  271.87692    41.4899    10.8641 0.0000e+00
 128.306476      4.786    13.1474  32.582455    27.0308      4.744  271.70781  271.88065    35.3887    10.2172 0.0000e+00
 128.306479      4.823    13.1465  32.582397    27.0313      4.780  271.71172  271.88450    35.2019    10.2212 0.0000e+00
 128.306481      4.858    13.1460  32.581990    27.0313      4.815  271.71465  271.88740    35.2175    10.2374 0.0000e+00
 128.306484      4.893    13.1456  32.583213    27.0322      4.849  271.71444  271.88715    35.2642    10.1767 0.0000e+00
 128.306487      4.922    13.1453  32.582398    27.0324      4.878  271.71713  271.88983    31.7000     9.9948 0.0000e+00
 128.306490      4.949    13.1448  32.582805    27.0322      4.905  271.71833  271.89100    31.7311     9.9948 -9.990e-29
 128.306493      4.969    13.1445  32.582631    27.0329      4.925  271.72022  271.89287    31.7311     9.9907 -9.990e-29
 128.306496      4.990    13.1442  32.583038    27.0335      4.945  271.72078  271.89341    31.9179    10.0231 -9.990e-29
 128.306499      5.004    13.1438  32.582806    27.0335      4.959  271.72277  271.89538    29.7545     9.7441 -9.990e-29
 128.306502      5.021    13.1432  32.582224    27.0334      4.976  271.72631  271.89889    29.8945     9.7117 -9.990e-29
 128.306505      5.035    13.1426  32.581991    27.0336      4.990  271.72955  271.90209    29.8323     9.7805 -9.990e-29
 128.306508      5.055    13.1420  32.578964    27.0313      5.010  271.73734  271.90987    29.9412     9.7279 -9.990e-29
 128.306510      5.081    13.1411  32.580361    27.0332      5.035  271.73902  271.91148    29.6766     9.7360 -9.990e-29
 128.306513      5.104    13.1403  32.579488    27.0320      5.059  271.74402  271.91643    29.2875     9.5540 -9.990e-29
 128.306516      5.137    13.1396  32.577916    27.0322      5.091  271.74960  271.92199    29.2720     9.5661 0.0000e+00
 128.306519      5.170    13.1390  32.577916    27.0324      5.124  271.75246  271.92480    29.2564     9.5621 0.0000e+00
 128.306522      5.207    13.1385  32.577916    27.0327      5.160  271.75468  271.92700    29.3654     9.5500 0.0000e+00
 128.306525      5.241    13.1382  32.577567    27.0327      5.195  271.75657  271.92887    30.1124     9.0809 0.0000e+00
 128.306528      5.274    13.1377  32.577102    27.0326      5.227  271.75960  271.93188    30.0657     9.1456 0.0000e+00
 128.306531      5.304    13.1370  32.576054    27.0326      5.256  271.76427  271.93652    30.1591     9.1011 -9.990e-29
 128.306534      5.324    13.1367  32.575472    27.0318      5.276  271.76687  271.93910    29.9257     9.1173 -9.990e-29
 128.306536      5.337    13.1364  32.575064    27.0316      5.289  271.76885  271.94106    29.1475     9.4044 -9.990e-29
 128.306539      5.347    13.1363  32.574424    27.0311      5.299  271.77028  271.94249    29.2564     9.4165 -9.990e-29
 128.306542      5.355    13.1360  32.574424    27.0313      5.307  271.77154  271.94374    29.3498     9.4165 -9.990e-29
 128.306545      5.375    13.1359  32.574017    27.0309      5.327  271.77258  271.94477    29.3498     9.4448 -9.990e-29
 128.306548      5.396    13.1356  32.573609    27.0302      5.348  271.77456  271.94674    27.9334     9.2224 -9.990e-29
 128.306551      5.430    13.1354  32.572853    27.0303      5.381  271.77684  271.94901    27.9646     9.2224 0.0000e+00
 128.306554      5.464    13.1347  32.572620    27.0302      5.415  271.78041  271.95254    27.9334     9.2548 0.0000e+00
 128.306557      5.501    13.1343  32.571340    27.0296      5.452  271.78455  271.95666    27.8556     9.2426 0.0000e+00
 128.306560      5.536    13.1336  32.570758    27.0296      5.486  271.78842  271.96049    27.9023     9.2063 0.0000e+00
 128.306562      5.572    13.1327  32.570176    27.0295      5.522  271.79323  271.96526    29.0852     9.2386 -9.990e-29
 128.306565      5.596    13.1325  32.569710    27.0294      5.546  271.79531  271.96732    29.1163     9.2507 -9.990e-29
 128.306568      5.619    13.1319  32.569710    27.0298      5.569  271.79785  271.96982    28.9918     9.2669 -9.990e-29
 128.306571      5.641    13.1317  32.570118    27.0303      5.591  271.79778  271.96974    29.0696     9.2063 -9.990e-29
 128.306574      5.663    13.1322  32.570758    27.0305      5.613  271.79448  271.96647    29.5210     9.3640 -9.990e-29
 128.306577      5.679    13.1327  32.570933    27.0303      5.629  271.79230  271.96431    29.5521     9.3518 -9.990e-29
 128.306580      5.697    13.1332  32.570933    27.0300      5.647  271.79011  271.96215    29.6144     9.3559 -9.990e-29
 128.306583      5.714    13.1335  32.570525    27.0294      5.663  271.78957  271.96163    29.3965     9.3518 -9.990e-29
 128.306586      5.733    13.1334  32.569710    27.0287      5.681  271.79131  271.96338    28.6650     9.0324 -9.990e-29
 128.306589      5.756    13.1331  32.568954    27.0283      5.705  271.79390  271.96596    28.5560     9.0081 -9.990e-29
 128.306591      5.782    13.1328  32.568896    27.0284      5.730  271.79527  271.96732    28.5716     9.0526 0.0000e+00
 128.306594      5.808    13.1323  32.568721    27.0285      5.756  271.79780  271.96981    28.6338     9.0202 0.0000e+00
 128.306597      5.840    13.1320  32.568488    27.0285      5.788  271.79948  271.97148    27.4665     8.8504 0.0000e+00
 128.306600      5.873    13.1317  32.567441    27.0278      5.821  271.80290  271.97488    27.3576     8.8747 0.0000e+00
 128.306603      5.910    13.1315  32.567266    27.0277      5.857  271.80385  271.97583    27.3109     8.8545 0.0000e+00
 128.306606      5.942    13.1312  32.566684    27.0274      5.889  271.80646  271.97842    27.4043     8.8909 0.0000e+00
 128.306609      5.977    13.1307  32.565870    27.0272      5.924  271.80979  271.98172    27.4354     8.8625 0.0000e+00
 128.306612      6.014    13.1304  32.566044    27.0270      5.960  271.81076  271.98268    27.4665     8.5148 -9.990e-29
 128.306615      6.036    13.1306  32.566685    27.0278      5.982  271.80904  271.98096    27.3887     8.5471 -9.990e-29
 128.306617      6.057    13.1312  32.566277    27.0269      6.003  271.80692  271.97889    27.4665     8.5552 -9.990e-29
 128.306620      6.072    13.1317  32.565462    27.0258      6.018  271.80615  271.97815    27.2953     8.5431 -9.990e-29
 128.306623      6.087    13.1317  32.566452    27.0268      6.032  271.80475  271.97674    28.4938     8.6078 -9.990e-29
 128.306626      6.103    13.1324  32.566859    27.0266      6.049  271.80091  271.97294    28.5560     8.6240 -9.990e-29
 128.306629      6.125    13.1331  32.566685    27.0260      6.071  271.79807  271.97016    28.5871     8.6442 -9.990e-29
 128.306632      6.142    13.1337  32.566044    27.0250      6.087  271.79668  271.96880    28.5560     8.6240 -9.990e-29
 128.306635      6.162    13.1336  32.565870    27.0248      6.107  271.79731  271.96943    28.1669     8.9030 -9.990e-29
 128.306638      6.180    13.1331  32.564880    27.0243      6.125  271.80124  271.97334    28.1513     8.8949 -9.990e-29
 128.306641      6.193    13.1329  32.566045    27.0257      6.138  271.80017  271.97225    28.0891     8.9111 -9.990e-29
 128.306644      6.220    13.1329  32.566278    27.0258      6.165  271.79979  271.97186    28.2292     8.8949 0.0000e+00
 128.306646      6.248    13.1333  32.566860    27.0260      6.192  271.79722  271.96931    29.8790     9.2871 0.0000e+00
 128.306649      6.286    13.1335  32.567617    27.0265      6.229  271.79467  271.96677    29.9257     9.3114 0.0000e+00
 128.306652      6.319    13.1340  32.568315    27.0266      6.262  271.79127  271.96340    29.8012     9.2710 0.0000e+00
 128.306655      6.351    13.1347  32.569305    27.0267      6.295  271.78674  271.95890    29.6922     9.2831 -9.990e-29
 128.306658      6.375    13.1351  32.569712    27.0272      6.318  271.78416  271.95634    29.7545     9.2831 -9.990e-29
 128.306661      6.396    13.1353  32.567035    27.0246      6.338  271.78819  271.96041    29.5988     9.2467 -9.990e-29
 128.306664      6.421    13.1350  32.568897    27.0266      6.364  271.78623  271.95841    29.3654     9.2143 -9.990e-29
 128.306667      6.446    13.1346  32.568898    27.0269      6.389  271.78814  271.96029    29.5677     9.1739 -9.990e-29
 128.306670      6.476    13.1343  32.569538    27.0276      6.418  271.78830  271.96043    29.5988     9.1901 -9.990e-29
 128.306672      6.499    13.1343  32.569771    27.0277      6.441  271.78791  271.96004    29.7856     9.2871 -9.990e-29
 128.306675      6.536    13.1347  32.569946    27.0276      6.477  271.78575  271.95790    29.8478     9.2912 0.0000e+00
 128.306678      6.567    13.1346  32.569713    27.0277      6.508  271.78648  271.95864    29.7700     9.3073 0.0000e+00
 128.306681      6.600    13.1344  32.569946    27.0279      6.541  271.78704  271.95918    29.7545     9.3559 0.0000e+00
 128.306684      6.633    13.1341  32.570121    27.0281      6.573  271.78802  271.96014    30.4548     9.4165 0.0000e+00
 128.306687      6.662    13.1340  32.570179    27.0282      6.602  271.78825  271.96036    30.5482     9.4044 -9.990e-29
 128.306690      6.680    13.1344  32.571343    27.0291      6.621  271.78467  271.95679    30.7039     9.4489 -9.990e-29
 128.306693      6.697    13.1347  32.571169    27.0288      6.637  271.78372  271.95587    30.4548     9.4165 -9.990e-29
 128.306696      6.702    13.1347  32.570936    27.0285      6.642  271.78413  271.95628    30.0813     9.5540 -9.990e-29
 128.306698      6.713    13.1348  32.571693    27.0292      6.653  271.78251  271.95465    30.1747     9.5459 -9.990e-29
 128.306701      6.726    13.1347  32.571576    27.0291      6.666  271.78303  271.95517    29.9101     9.5459 -9.990e-29
 128.306704      6.742    13.1347  32.571343    27.0289      6.682  271.78345  271.95559    30.0813     9.5378 -9.990e-29
 128.306707      6.760    13.1345  32.570936    27.0287      6.700  271.78511  271.95724    29.9568     9.5459 -9.990e-29
 128.306710      6.779    13.1339  32.571344    27.0296      6.718  271.78693  271.95903    31.8868     9.7441 -9.990e-29
 128.306713      6.811    13.1335  32.571169    27.0297      6.751  271.78915  271.96121    31.7778     9.7441 0.0000e+00
 128.306716      6.852    13.1332  32.571169    27.0296      6.790  271.79043  271.96248    31.8556     9.7441 0.0000e+00
 128.306719      6.892    13.1330  32.570354    27.0295      6.830  271.79250  271.96455    31.5910     9.7441 0.0000e+00
 128.306722      6.940    13.1327  32.570529    27.0295      6.878  271.79380  271.96583    33.8012     9.6106 0.0000e+00
 128.306725      6.983    13.1321  32.570529    27.0299      6.921  271.79635  271.96834    33.6766     9.5944 0.0000e+00
 128.306727      7.020    13.1316  32.570530    27.0301      6.957  271.79858  271.97053    33.8478     9.6106 0.0000e+00
