Processed/SBE19plus_01907321_2022_05_07_Cast60_wfilter.cnv
* Sea-Bird SBE19plus  Data File:
* FileName = E:\Prandtl Daten\2022\CTD\Raw\SBE19plus_01907321_2022_05_07_Cast60.hex
* Software version 2.6.1.12
* Temperature SN = 7321
* Conductivity SN = 7321
* System UpLoad Time = May 07 2022 07:16:06
* <ApplicationData>
* <Seaterm232>
** Messpraktikum 2022
** CTD 07.05 BW2
** NMEA Latitude = 54 07.806 N
** NMEA Longitude = 008 44.895 E
# nquan = 11
# nvalues = 863                         
# units = specified
# name 0 = timeJ: Julian Days
# name 1 = prdM: Pressure, Strain Gauge [db]
# name 2 = tv290C: Temperature [ITS-90, deg C]
# name 3 = c0mS/cm: Conductivity [mS/cm]
# name 4 = sal00: Salinity, Practical [PSU]
# name 5 = depSM: Depth [salt water, m], lat = 54.00
# name 6 = oxsatMm/Kg: Oxygen Saturation, Weiss [umol/kg]
# name 7 = oxsolMm/Kg: Oxygen Saturation, Garcia & Gordon [umol/kg]
# name 8 = turbWETntu0: Turbidity, WET Labs ECO [NTU]
# name 9 = flECO-AFL: Fluorescence, WET Labs ECO-AFL/FL [mg/m^3]
# name 10 = flag:  0.000e+00
# span 0 = 127.296690, 127.299184       
# span 1 =      0.490,     16.138       
# span 2 =    13.0375,    13.1519       
# span 3 =  32.452673,  32.574452       
# span 4 =    26.9883,    27.0210       
# span 5 =      0.485,     15.994       
# span 6 =  271.71109,  272.40879       
# span 7 =  271.88428,  272.57581       
# span 8 =    18.6572,   184.2603       
# span 9 =     6.7032,    20.5810       
# span 10 = 0.0000e+00, 0.0000e+00      
# interval = seconds: 0.25
# start_time = May 07 2022 07:06:04 [Instrument's time stamp, header]
# bad_flag = -9.990e-29
*END*
[from data line 394]
 127.297830     10.107    13.1102  32.543652    27.0197     10.016  271.94047  272.11132    78.4860    15.5629 -9.990e-29
 127.297833     10.127    13.1115  32.544816    27.0199     10.036  271.93279  272.10371    78.4082    15.5912 -9.990e-29
 127.297836     10.141    13.1129  32.544990    27.0191     10.050  271.92651  272.09752    88.8362    16.1290 -9.990e-29
 127.297839     10.154    13.1139  32.544816    27.0181     10.063  271.92210  272.09318    88.8362    16.1411 -9.990e-29
 127.297841     10.163    13.1144  32.546620    27.0195     10.072  271.91708  272.08817    88.8362    16.1532 -9.990e-29
 127.297844     10.182    13.1152  32.548074    27.0202     10.090  271.91110  272.08223    88.8673    16.1007 -9.990e-29
 127.297847     10.200    13.1165  32.548889    27.0201     10.109  271.90403  272.07523    94.7039    16.1815 -9.990e-29
 127.297850     10.224    13.1173  32.548249    27.0188     10.132  271.90137  272.07264    94.8751    16.2018 -9.990e-29
 127.297853     10.253    13.1177  32.548482    27.0192     10.161  271.89941  272.07070    94.9062    16.2018 0.0000e+00
 127.297856     10.286    13.1178  32.549297    27.0195     10.193  271.89770  272.06899    94.7817    16.2058 0.0000e+00
 127.297859     10.320    13.1183  32.551334    27.0208     10.228  271.89166  272.06297    94.8440    16.1937 0.0000e+00
 127.297862     10.351    13.1199  32.552381    27.0209     10.259  271.88325  272.05464    86.7973    15.7529 0.0000e+00
 127.297865     10.382    13.1216  32.554011    27.0209     10.289  271.87288  272.04436    86.7661    15.7448 0.0000e+00
 127.297867     10.411    13.1229  32.554011    27.0210     10.318  271.86723  272.03880    86.7039    15.7529 -9.990e-29
 127.297870     10.435    13.1239  32.553196    27.0186     10.342  271.86425  272.03589    86.7817    15.7933 -9.990e-29
 127.297873     10.453    13.1238  32.553196    27.0187     10.360  271.86490  272.03652    93.8478    16.6385 -9.990e-29
 127.297876     10.473    13.1238  32.553778    27.0193     10.379  271.86390  272.03552    93.9101    16.6870 -9.990e-29
 127.297879     10.491    13.1238  32.553778    27.0192     10.398  271.86359  272.03522    93.9412    16.6708 -9.990e-29
 127.297882     10.506    13.1244  32.554593    27.0196     10.412  271.85998  272.03163    93.9724    16.6587 -9.990e-29
 127.297885     10.522    13.1246  32.555233    27.0200     10.428  271.85793  272.02959   108.5716    18.1872 -9.990e-29
 127.297888     10.546    13.1251  32.554593    27.0187     10.452  271.85654  272.02825   108.6183    18.1750 -9.990e-29
 127.297891     10.574    13.1253  32.554418    27.0189     10.479  271.85623  272.02795   108.7117    18.1791 0.0000e+00
 127.297894     10.601    13.1251  32.554593    27.0190     10.506  271.85658  272.02828   108.8206    18.1629 0.0000e+00
 127.297896     10.628    13.1251  32.554593    27.0190     10.533  271.85660  272.02830   114.7039    17.7343 0.0000e+00
 127.297899     10.659    13.1252  32.555408    27.0197     10.564  271.85488  272.02658   114.5949    17.7181 0.0000e+00
 127.297902     10.692    13.1259  32.556048    27.0197     10.596  271.85064  272.02238   114.5015    17.6939 0.0000e+00
 127.297905     10.720    13.1268  32.557096    27.0199     10.624  271.84506  272.01685   114.4393    17.7141 0.0000e+00
 127.297908     10.752    13.1279  32.557270    27.0201     10.656  271.84006  272.01191   114.8284    17.7383 -9.990e-29
 127.297911     10.776    13.1286  32.556630    27.0183     10.680  271.83803  272.00994   112.2759    17.5968 -9.990e-29
 127.297914     10.800    13.1289  32.557445    27.0189     10.703  271.83537  272.00729   112.1669    17.6049 -9.990e-29
 127.297917     10.816    13.1291  32.557096    27.0184     10.719  271.83536  272.00729   111.9179    17.5847 -9.990e-29
 127.297920     10.833    13.1296  32.558493    27.0193     10.736  271.83043  272.00238   112.2136    17.5645 -9.990e-29
 127.297922     10.844    13.1302  32.559133    27.0195     10.746  271.82680  271.99878   107.3887    17.4795 -9.990e-29
 127.297925     10.863    13.1312  32.559307    27.0172     10.766  271.82242  271.99446   107.3109    17.4391 -9.990e-29
 127.297928     10.889    13.1321  32.558085    27.0174     10.791  271.82046  271.99257   107.2486    17.4593 0.0000e+00
 127.297931     10.914    13.1324  32.558842    27.0172     10.817  271.81791  271.99003   107.3731    17.4553 0.0000e+00
 127.297934     10.942    13.1321  32.557678    27.0173     10.844  271.82120  271.99332   102.4082    17.1561 0.0000e+00
 127.297937     10.973    13.1316  32.557853    27.0168     10.875  271.82313  271.99521   102.3770    17.1561 0.0000e+00
 127.297940     11.006    13.1315  32.556863    27.0173     10.907  271.82518  271.99727   102.3770    17.1399 0.0000e+00
 127.297943     11.031    13.1317  32.558668    27.0174     10.932  271.82143  271.99351   102.4704    17.1318 0.0000e+00
 127.297946     11.060    13.1317  32.558086    27.0176     10.961  271.82246  271.99454    93.3498    16.3675 0.0000e+00
 127.297948     11.088    13.1317  32.558319    27.0175     10.988  271.82207  271.99416    93.4120    16.3837 0.0000e+00
 127.297951     11.113    13.1313  32.557679    27.0176     11.014  271.82478  271.99684    93.4899    16.3595 -9.990e-29
 127.297954     11.128    13.1309  32.558086    27.0180     11.028  271.82597  271.99800    93.4276    16.3797 -9.990e-29
 127.297957     11.143    13.1310  32.557853    27.0176     11.043  271.82575  271.99780    93.4743    16.3756 -9.990e-29
 127.297960     11.161    13.1310  32.558494    27.0178     11.061  271.82465  271.99669    90.0657    16.2543 -9.990e-29
 127.297963     11.186    13.1313  32.558319    27.0180     11.086  271.82371  271.99577    90.0657    16.2260 0.0000e+00
 127.297966     11.214    13.1311  32.558494    27.0181     11.113  271.82437  271.99641    90.0035    16.2543 0.0000e+00
 127.297969     11.245    13.1309  32.558261    27.0182     11.144  271.82574  271.99777    90.0502    16.2503 0.0000e+00
 127.297972     11.276    13.1308  32.558319    27.0182     11.175  271.82597  271.99800   107.8401    17.5928 0.0000e+00
 127.297975     11.307    13.1307  32.558494    27.0183     11.206  271.82600  271.99802   107.7155    17.5928 0.0000e+00
 127.297977     11.334    13.1307  32.558902    27.0184     11.233  271.82531  271.99733   107.8868    17.5604 -9.990e-29
 127.297980     11.358    13.1308  32.557679    27.0176     11.256  271.82714  271.99917   108.0580    17.5402 -9.990e-29
 127.297983     11.375    13.1309  32.558727    27.0185     11.273  271.82501  271.99704   121.5366    17.7990 -9.990e-29
 127.297986     11.395    13.1309  32.559135    27.0188     11.293  271.82432  271.99634   121.3809    17.7909 -9.990e-29
 127.297989     11.413    13.1311  32.558902    27.0185     11.311  271.82379  271.99583   121.2720    17.7788 -9.990e-29
 127.297992     11.427    13.1313  32.559076    27.0185     11.325  271.82255  271.99460   121.4276    17.7949 -9.990e-29
 127.297995     11.448    13.1316  32.559717    27.0188     11.345  271.82019  271.99226   122.8751    18.3530 -9.990e-29
 127.297998     11.468    13.1320  32.559717    27.0187     11.365  271.81831  271.99041   123.0930    18.3570 -9.990e-29
 127.298001     11.499    13.1325  32.560357    27.0186     11.396  271.81502  271.98714   122.9529    18.3813 0.0000e+00
 127.298003     11.528    13.1328  32.560357    27.0185     11.425  271.81378  271.98591   122.9373    18.3449 0.0000e+00
 127.298006     11.566    13.1333  32.560648    27.0185     11.462  271.81109  271.98326   122.9996    18.3691 0.0000e+00
 127.298009     11.597    13.1338  32.561579    27.0186     11.493  271.80729  271.97948   119.6844    17.9122 0.0000e+00
 127.298012     11.630    13.1344  32.561754    27.0187     11.526  271.80449  271.97671   119.5132    17.9243 0.0000e+00
 127.298015     11.659    13.1352  32.561754    27.0186     11.554  271.80104  271.97332   119.6066    17.9203 -9.990e-29
 127.298018     11.679    13.1358  32.560648    27.0166     11.574  271.80046  271.97278   119.3731    17.9163 -9.990e-29
 127.298021     11.701    13.1355  32.560939    27.0171     11.596  271.80122  271.97353   116.7272    17.7100 -9.990e-29
 127.298024     11.719    13.1353  32.561580    27.0178     11.614  271.80075  271.97304   116.7428    17.7343 -9.990e-29
 127.298027     11.732    13.1359  32.561987    27.0178     11.627  271.79785  271.97016   116.6027    17.7100 -9.990e-29
 127.298030     11.745    13.1363  32.561987    27.0175     11.640  271.79597  271.96831   116.5093    17.7181 -9.990e-29
 127.298032     11.756    13.1366  32.561987    27.0173     11.650  271.79471  271.96708   123.3887    18.4419 -9.990e-29
 127.298035     11.770    13.1368  32.562802    27.0179     11.665  271.79236  271.96473   123.3420    18.4177 -9.990e-29
 127.298038     11.794    13.1371  32.562977    27.0174     11.688  271.79082  271.96320   123.3264    18.4258 -9.990e-29
 127.298041     11.830    13.1376  32.562977    27.0172     11.724  271.78863  271.96105   123.2019    18.4379 0.0000e+00
 127.298044     11.867    13.1380  32.562802    27.0174     11.761  271.78739  271.95983   126.0969    18.1710 0.0000e+00
 127.298047     11.911    13.1380  32.563617    27.0177     11.804  271.78568  271.95812   126.1280    18.1427 0.0000e+00
 127.298050     11.949    13.1382  32.564025    27.0177     11.842  271.78437  271.95682   126.2058    18.1629 0.0000e+00
 127.298053     11.987    13.1385  32.564025    27.0178     11.880  271.78314  271.95560   126.0813    18.1508 0.0000e+00
 127.298056     12.013    13.1390  32.564316    27.0177     11.905  271.78044  271.95293   126.2214    18.1872 -9.990e-29
 127.298058     12.033    13.1396  32.563385    27.0163     11.925  271.77924  271.95178   126.6105    17.6494 -9.990e-29
 127.298061     12.049    13.1398  32.563617    27.0164     11.942  271.77790  271.95045   126.6572    17.6575 -9.990e-29
 127.298064     12.057    13.1397  32.563618    27.0165     11.949  271.77853  271.95108   126.7194    17.6615 -9.990e-29
 127.298067     12.068    13.1397  32.563327    27.0162     11.959  271.77905  271.95159   126.8440    17.6332 -9.990e-29
 127.298070     12.075    13.1395  32.563210    27.0162     11.967  271.77988  271.95242   116.8673    17.7464 -9.990e-29
 127.298073     12.086    13.1395  32.563792    27.0167     11.977  271.77888  271.95141   116.9607    17.6817 -9.990e-29
 127.298076     12.102    13.1397  32.565073    27.0168     11.994  271.77604  271.94857   116.8984    17.7383 -9.990e-29
 127.298079     12.130    13.1403  32.564491    27.0168     12.021  271.77455  271.94712   116.8673    17.7141 0.0000e+00
 127.298082     12.162    13.1406  32.564607    27.0167     12.053  271.77310  271.94569   120.5405    18.2923 0.0000e+00
 127.298084     12.202    13.1407  32.564025    27.0165     12.093  271.77351  271.94612   120.5560    18.2761 0.0000e+00
 127.298087     12.243    13.1403  32.564200    27.0165     12.133  271.77481  271.94739   120.5871    18.3247 0.0000e+00
 127.298090     12.283    13.1401  32.564433    27.0169     12.173  271.77569  271.94825   120.6805    18.3085 0.0000e+00
 127.298093     12.317    13.1398  32.564317    27.0170     12.207  271.77717  271.94971   123.3420    18.2802 0.0000e+00
 127.298096     12.345    13.1396  32.563618    27.0170     12.234  271.77903  271.95157   123.4821    18.0254 -9.990e-29
 127.298099     12.367    13.1393  32.563619    27.0166     12.256  271.78031  271.95283   123.5755    18.0497 -9.990e-29
 127.298102     12.387    13.1390  32.562978    27.0162     12.276  271.78269  271.95520   123.4665    18.0578 -9.990e-29
 127.298105     12.398    13.1387  32.563560    27.0170     12.287  271.78326  271.95574   123.6844    18.0699 -9.990e-29
 127.298108     12.411    13.1388  32.563793    27.0172     12.299  271.78255  271.95503   131.4510    19.6672 -9.990e-29
 127.298111     12.420    13.1387  32.563619    27.0170     12.309  271.78317  271.95565   131.2019    19.6388 -9.990e-29
 127.298113     12.436    13.1389  32.563793    27.0170     12.325  271.78193  271.95443   131.6222    19.6550 -9.990e-29
 127.298116     12.457    13.1392  32.564317    27.0173     12.345  271.77978  271.95229   131.4821    19.6186 -9.990e-29
 127.298119     12.482    13.1392  32.564608    27.0175     12.370  271.77929  271.95179   134.5482    18.6522 -9.990e-29
 127.298122     12.515    13.1393  32.564609    27.0174     12.403  271.77868  271.95119   134.6572    18.6118 0.0000e+00
 127.298125     12.546    13.1394  32.564609    27.0174     12.434  271.77838  271.95090   134.6261    18.6320 0.0000e+00
 127.298128     12.583    13.1395  32.564725    27.0174     12.470  271.77789  271.95041   134.6261    18.6279 0.0000e+00
 127.298131     12.619    13.1396  32.565074    27.0176     12.506  271.77668  271.94921   125.4432    18.4541 0.0000e+00
 127.298134     12.650    13.1401  32.565482    27.0176     12.537  271.77410  271.94665   125.4120    18.4985 0.0000e+00
 127.298137     12.681    13.1406  32.565249    27.0174     12.567  271.77201  271.94460   125.2097    18.4985 0.0000e+00
 127.298139     12.707    13.1409  32.565249    27.0171     12.593  271.77076  271.94337   125.4899    18.4985 -9.990e-29
 127.298142     12.729    13.1412  32.564900    27.0163     12.615  271.77012  271.94275   125.4432    18.4985 -9.990e-29
 127.298145     12.747    13.1412  32.564027    27.0155     12.632  271.77165  271.94429   125.8478    18.8463 -9.990e-29
 127.298148     12.759    13.1411  32.564609    27.0161     12.645  271.77128  271.94390   125.8478    18.8059 -9.990e-29
 127.298151     12.770    13.1410  32.564842    27.0164     12.656  271.77120  271.94381   125.6455    18.8463 -9.990e-29
 127.298154     12.779    13.1411  32.565308    27.0168     12.665  271.77008  271.94270   125.7545    18.8139 -9.990e-29
 127.298157     12.798    13.1410  32.565657    27.0171     12.683  271.76980  271.94241   129.8478    18.8301 -9.990e-29
 127.298160     12.821    13.1412  32.565890    27.0171     12.707  271.76846  271.94109   130.0191    18.8746 -9.990e-29
 127.298163     12.847    13.1415  32.566065    27.0170     12.732  271.76692  271.93956   130.1591    18.9069 0.0000e+00
 127.298166     12.878    13.1415  32.565715    27.0168     12.762  271.76754  271.94019   129.9724    18.9312 0.0000e+00
 127.298168     12.916    13.1413  32.565075    27.0168     12.800  271.76962  271.94226   133.1475    18.8544 0.0000e+00
 127.298171     12.951    13.1414  32.566705    27.0175     12.835  271.76650  271.93912   132.9918    18.8463 0.0000e+00
 127.298174     12.987    13.1415  32.566472    27.0175     12.871  271.76630  271.93893   132.9607    18.8018 0.0000e+00
 127.298177     13.020    13.1422  32.566705    27.0174     12.904  271.76308  271.93576   133.1008    18.7735 0.0000e+00
 127.298180     13.046    13.1424  32.567055    27.0172     12.929  271.76155  271.93423   136.7895    18.5309 -9.990e-29
 127.298183     13.068    13.1427  32.567287    27.0173     12.951  271.75958  271.93229   136.8829    18.5188 -9.990e-29
 127.298186     13.084    13.1430  32.565250    27.0152     12.967  271.76187  271.93461   136.9607    18.5349 -9.990e-29
 127.298189     13.093    13.1431  32.567113    27.0169     12.976  271.75833  271.93106   136.9762    18.5349 -9.990e-29
 127.298192     13.101    13.1432  32.567229    27.0169     12.983  271.75750  271.93024   136.8362    18.5349 -9.990e-29
 127.298194     13.115    13.1433  32.567113    27.0167     12.998  271.75740  271.93014   142.0813    19.4448 -9.990e-29
 127.298197     13.133    13.1435  32.566880    27.0164     13.016  271.75687  271.92963   142.2836    19.4852 -9.990e-29
 127.298200     13.159    13.1435  32.567288    27.0167     13.041  271.75618  271.92893   142.3770    19.4892 -9.990e-29
 127.298203     13.183    13.1435  32.566647    27.0162     13.065  271.75762  271.93037   142.1280    19.4731 -9.990e-29
