Processed/SBE19plus_01907321_2022_05_04_Cast16_wfilter.cnv
* Sea-Bird SBE19plus  Data File:
* FileName = E:\Prandtl Daten\2022\CTD\Raw\SBE19plus_01907321_2022_05_04_Cast16.hex
* Software version 2.6.1.12
* Temperature SN = 7321
* Conductivity SN = 7321
* System UpLoad Time = May 04 2022 10:24:03
* <ApplicationData>
* <Seaterm232>
** Messpraktikum 2022
** CTD 04.05 NE2
# nquan = 11
# nvalues = 306                         
# units = specified
# name 0 = timeJ: Julian Days
# name 1 = prdM: Pressure, Strain Gauge [db]
# name 2 = tv290C: Temperature [ITS-90, deg C]
# name 3 = c0mS/cm: Conductivity [mS/cm]
# name 4 = sal00: Salinity, Practical [PSU]
# name 5 = depSM: Depth [salt water, m], lat = 54.00
# name 6 = oxsatMm/Kg: Oxygen Saturation, Weiss [umol/kg]
# name 7 = oxsolMm/Kg: Oxygen Saturation, Garcia & Gordon [umol/kg]
# name 8 = turbWETntu0: Turbidity, WET Labs ECO [NTU]
# name 9 = flECO-AFL: Fluorescence, WET Labs ECO-AFL/FL [mg/m^3]
# name 10 = flag:  0.000e+00
# span 0 = 124.429899, 124.430781       
# span 1 =      0.506,      8.502       
# span 2 =    11.5763,    11.6953       
# span 3 =  26.406858,  27.091405       
# span 4 =    22.2864,    22.9911       
# span 5 =      0.502,      8.425       
# span 6 =  288.93203,  289.77942       
# span 7 =  289.06309,  289.92013       
# span 8 =    44.5249,   144.5249       
# span 9 =    11.2079,    15.5871       
# span 10 = 0.0000e+00, 0.0000e+00      
# interval = seconds: 0.25
# start_time = May 04 2022 10:17:29 [Instrument's time stamp, header]
# bad_flag = -9.990e-29
*END*
[from data line 132]
 124.430281      3.937    11.6607  26.566925    22.4732      3.902  289.59725  289.73570    62.7039    13.4440 0.0000e+00
 124.430284      3.968    11.6590  26.606038    22.4919      3.933  289.53199  289.66991    63.6689    13.0477 0.0000e+00
 124.430286      3.997    11.6569  26.609003    22.4959      3.962  289.53687  289.67464    63.6533    13.0032 0.0000e+00
 124.430289      4.039    11.6557  26.641777    22.5270      4.003  289.48115  289.61849    63.7622    12.9951 0.0000e+00
 124.430292      4.076    11.6548  26.679367    22.5625      4.040  289.41457  289.55145    63.7622    12.9830 0.0000e+00
 124.430295      4.115    11.6536  26.682388    22.5660      4.078  289.41480  289.55158    64.3070    12.9709 0.0000e+00
 124.430298      4.148    11.6525  26.686380    22.5682      4.110  289.41284  289.54951    64.1047    12.9385 0.0000e+00
 124.430301      4.173    11.6514  26.685032    22.5704      4.136  289.42064  289.55726    64.1980    12.9668 -9.990e-29
 124.430304      4.193    11.6510  26.664426    22.5509      4.156  289.46210  289.59891    64.1980    12.9951 -9.990e-29
 124.430307      4.217    11.6514  26.659411    22.5460      4.179  289.46952  289.60640    64.1513    12.9790 -9.990e-29
 124.430310      4.237    11.6524  26.669226    22.5545      4.199  289.44572  289.58256    64.8984    13.2378 -9.990e-29
 124.430313      4.260    11.6528  26.687514    22.5712      4.222  289.40903  289.54570    64.9296    13.2418 -9.990e-29
 124.430315      4.281    11.6527  26.722213    22.6035      4.242  289.34406  289.48036    64.9918    13.2620 -9.990e-29
 124.430318      4.310    11.6516  26.726909    22.6086      4.271  289.34076  289.47694    64.9296    13.2459 -9.990e-29
 124.430321      4.334    11.6507  26.731336    22.6213      4.295  289.33693  289.47300    65.4743    13.5936 -9.990e-29
 124.430324      4.361    11.6498  26.739434    22.6239      4.322  289.32615  289.46208    65.3965    13.5774 0.0000e+00
 124.430327      4.392    11.6490  26.744563    22.6265      4.353  289.32029  289.45612    65.4276    13.5451 0.0000e+00
 124.430330      4.418    11.6483  26.749585    22.6316      4.378  289.31428  289.45002    65.4432    13.5896 0.0000e+00
 124.430333      4.452    11.6479  26.767515    22.6400      4.413  289.28280  289.41831    66.7350    13.4036 0.0000e+00
 124.430336      4.480    11.6468  26.770755    22.6485      4.440  289.28225  289.41766    66.5949    13.3833 -9.990e-29
 124.430339      4.504    11.6453  26.759576    22.6427      4.463  289.31074  289.44618    66.5638    13.3914 -9.990e-29
 124.430341      4.529    11.6448  26.758010    22.6415      4.488  289.31616  289.45159    66.5949    13.4036 -9.990e-29
 124.430344      4.551    11.6447  26.763302    22.6465      4.510  289.30685  289.44221    67.7778    13.7109 -9.990e-29
 124.430347      4.572    11.6450  26.774051    22.6765      4.531  289.28512  289.42038    67.8868    13.6987 -9.990e-29
 124.430350      4.598    11.6448  26.795661    22.6820      4.557  289.24492  289.37994    67.7934    13.7109 0.0000e+00
 124.430353      4.623    11.6435  26.806468    22.6874      4.582  289.23109  289.36591    67.9334    13.7311 0.0000e+00
 124.430356      4.651    11.6413  26.833331    22.7006      4.609  289.19137  289.32577    67.9023    13.6907 0.0000e+00
 124.430359      4.678    11.6394  26.821764    22.7137      4.636  289.22268  289.35709    70.7973    13.9656 -9.990e-29
 124.430362      4.701    11.6378  26.792420    22.6778      4.659  289.28661  289.42124    70.8751    13.9858 -9.990e-29
 124.430365      4.725    11.6372  26.780804    22.6500      4.683  289.31176  289.44647    70.9373    13.9454 -9.990e-29
 124.430367      4.753    11.6369  26.762007    22.6500      4.710  289.34877  289.48366    70.9218    13.9616 0.0000e+00
 124.430370      4.780    11.6370  26.775294    22.6500      4.737  289.32292  289.45768    72.1358    14.7096 -9.990e-29
 124.430373      4.804    11.6375  26.785450    22.6967      4.761  289.30127  289.43595    72.0735    14.7380 -9.990e-29
 124.430376      4.831    11.6375  26.812576    22.6936      4.788  289.25026  289.38464    71.9490    14.7460 0.0000e+00
 124.430379      4.860    11.6369  26.805550    22.6967      4.817  289.26637  289.40079    72.2603    14.6935 0.0000e+00
 124.430382      4.886    11.6373  26.830251    22.7132      4.842  289.21752  289.35170    70.2525    15.3809 0.0000e+00
 124.430385      4.915    11.6363  26.858096    22.7397      4.871  289.16967  289.30350    70.4082    15.3849 0.0000e+00
 124.430388      4.951    11.6334  26.876811    22.7589      4.907  289.14919  289.28263    70.3770    15.3364 0.0000e+00
 124.430391      4.982    11.6297  26.904350    22.7868      4.938  289.11545  289.24837    70.3926    15.3809 0.0000e+00
 124.430394      5.008    11.6266  26.929517    22.8121      4.963  289.08376  289.21621    70.5015    15.0493 0.0000e+00
 124.430396      5.034    11.6248  26.929734    22.8128      4.989  289.09204  289.22438    70.6105    15.0291 0.0000e+00
 124.430399      5.059    11.6243  26.935797    22.8134      5.014  289.08335  289.21558    70.5327    15.0251 -9.990e-29
 124.430402      5.079    11.6242  26.954748    22.8371      5.034  289.04815  289.18017    70.5638    15.0210 -9.990e-29
 124.430405      5.105    11.6237  26.965525    22.8474      5.059  289.02983  289.16171    70.4704    15.0776 -9.990e-29
 124.430408      5.125    11.6229  26.965850    22.8482      5.079  289.03338  289.16521    72.5249    14.2325 -9.990e-29
 124.430411      5.154    11.6225  26.969533    22.8519      5.108  289.02850  289.16027    72.6494    14.2325 -9.990e-29
 124.430414      5.170    11.6222  26.998245    22.8788      5.124  288.97585  289.10728    72.6650    14.2244 -9.990e-29
 124.430417      5.197    11.6208  27.024854    22.9044      5.151  288.93203  289.06309    72.4004    14.2325 -9.990e-29
 124.430420      5.221    11.6188  27.019326    22.9005      5.175  288.95257  289.08356    72.7117    14.2770 -9.990e-29
 124.430422      5.243    11.6178  27.018080    22.8999      5.196  288.96014  289.09108    72.7272    14.2689 -9.990e-29
 124.430425      5.267    11.6175  27.001009    22.8743      5.220  288.99424  289.12534    72.6805    14.2689 -9.990e-29
 124.430428      5.296    11.6179  26.990660    22.8750      5.249  289.01179  289.14303    72.6961    14.2851 0.0000e+00
 124.430431      5.322    11.6187  26.992665    22.8743      5.274  289.00384  289.13512    72.9140    14.7743 0.0000e+00
 124.430434      5.351    11.6190  26.990227    22.8732      5.303  289.00710  289.13841    72.9607    14.7743 0.0000e+00
 124.430437      5.378    11.6191  26.988493    22.8715      5.330  289.00970  289.14105    72.8362    14.7582 0.0000e+00
 124.430440      5.413    11.6190  26.981288    22.8649      5.365  289.02407  289.15549    72.8206    14.7865 0.0000e+00
 124.430443      5.444    11.6191  26.981180    22.8647      5.395  289.02360  289.15503    70.4082    15.2960 0.0000e+00
 124.430446      5.475    11.6186  26.976630    22.8607      5.426  289.03467  289.16612    70.3148    15.3122 0.0000e+00
 124.430448      5.508    11.6185  26.968830    22.8536      5.459  289.05017  289.18169    70.3303    15.3202 0.0000e+00
 124.430451      5.536    11.6190  26.964822    22.8516      5.486  289.05535  289.18695    70.2992    15.2879 0.0000e+00
 124.430454      5.561    11.6192  26.967422    22.8495      5.511  289.04940  289.18098    70.3303    15.3000 -9.990e-29
 124.430457      5.585    11.6192  26.972459    22.8565      5.535  289.03987  289.17139    72.8517    14.1071 -9.990e-29
 124.430460      5.600    11.6184  26.970997    22.8556      5.550  289.04681  289.17830    72.8984    14.0546 -9.990e-29
 124.430463      5.625    11.6176  26.967801    22.8531      5.575  289.05670  289.18817    72.9296    14.0869 -9.990e-29
 124.430466      5.645    11.6169  26.970239    22.8558      5.595  289.05556  289.18696    73.0074    14.0869 -9.990e-29
 124.430469      5.665    11.6163  26.970672    22.8583      5.614  289.05787  289.18923    71.1552    14.4670 -9.990e-29
 124.430472      5.692    11.6159  26.972297    22.8592      5.641  289.05688  289.18820    71.0307    14.4751 0.0000e+00
 124.430475      5.719    11.6160  26.974193    22.8601      5.668  289.05296  289.18427    71.0930    14.4670 0.0000e+00
 124.430477      5.745    11.6162  26.978039    22.8635      5.694  289.04430  289.17558    71.1241    14.5075 0.0000e+00
 124.430480      5.776    11.6162  26.983890    22.8689      5.724  289.03358  289.16479    73.1786    14.9967 0.0000e+00
 124.430483      5.807    11.6155  26.985190    22.8705      5.755  289.03425  289.16541    73.0696    14.9765 0.0000e+00
 124.430486      5.838    11.6145  26.992992    22.8784      5.786  289.02468  289.15570    73.0696    15.0210 0.0000e+00
 124.430489      5.866    11.6138  26.996730    22.8804      5.813  289.02143  289.15235    73.1319    15.0048 0.0000e+00
 124.430492      5.893    11.6130  26.990066    22.8824      5.840  289.03789  289.16884    73.1319    14.6450 -9.990e-29
 124.430495      5.909    11.6123  26.992504    22.8793      5.856  289.03674  289.16762    73.1786    14.6854 -9.990e-29
 124.430498      5.933    11.6116  26.995810    22.8828      5.880  289.03396  289.16476    73.1630    14.6450 -9.990e-29
 124.430501      5.948    11.6110  26.999494    22.8866      5.894  289.03010  289.16082    73.1008    14.6450 -9.990e-29
 124.430503      5.975    11.6115  26.998085    22.8850      5.921  289.03036  289.16113    73.1163    14.6369 -9.990e-29
 124.430506      5.995    11.6122  26.998085    22.8847      5.941  289.02691  289.15772    75.3731    15.1423 -9.990e-29
 124.430509      6.028    11.6129  26.998736    22.8847      5.974  289.02223  289.15308    75.2331    15.0938 0.0000e+00
 124.430512      6.059    11.6133  27.000686    22.8847      6.004  289.01613  289.14698    75.4198    15.0857 -9.990e-29
 124.430515      6.082    11.6129  27.008002    22.8881      6.028  289.00470  289.13545    75.3264    15.0776 -9.990e-29
 124.430518      6.112    11.6118  27.001716    22.8871      6.057  289.02183  289.15258    79.6844    14.4104 0.0000e+00
 124.430521      6.146    11.6108  26.998953    22.8862      6.091  289.03229  289.16300    79.7778    14.4185 0.0000e+00
 124.430524      6.179    11.6106  26.998736    22.8861      6.124  289.03376  289.16446    79.6066    14.4104 0.0000e+00
 124.430527      6.214    11.6110  26.998953    22.8861      6.158  289.03129  289.16202    79.7311    14.3942 0.0000e+00
 124.430530      6.241    11.6111  27.000687    22.8868      6.185  289.02767  289.15839    81.2097    13.7270 0.0000e+00
 124.430532      6.267    11.6102  27.005564    22.8876      6.210  289.02295  289.15355    81.1319    13.7149 -9.990e-29
 124.430535      6.286    11.6091  27.008003    22.8956      6.230  289.02353  289.15405    81.0696    13.7028 -9.990e-29
 124.430538      6.314    11.6078  27.026972    22.9141      6.257  288.99417  289.12439    81.1008    13.6785 -9.990e-29
 124.430541      6.336    11.6067  27.026159    22.9140      6.279  289.00127  289.13143    79.6222    14.7541 -9.990e-29
 124.430544      6.358    11.6057  27.037815    22.9255      6.301  288.98437  289.11435    79.7155    14.7622 -9.990e-29
 124.430547      6.381    11.6050  27.038519    22.9265      6.324  288.98652  289.11644    79.8089    14.7460 -9.990e-29
 124.430550      6.404    11.6043  27.036785    22.9254      6.346  288.99363  289.12352    79.6689    14.7380 -9.990e-29
 124.430553      6.425    11.6040  27.047899    22.9359      6.368  288.97395  289.10371    79.7155    14.7218 -9.990e-29
 124.430556      6.455    11.6038  27.049147    22.9372      6.397  288.97264  289.10237    80.3381    15.5709 -9.990e-29
 124.430558      6.474    11.6034  27.048984    22.9437      6.417  288.97469  289.10440    80.5093    15.5831 -9.990e-29
 124.430561      6.506    11.6029  27.055599    22.9437      6.447  288.96459  289.09420    80.5093    15.5871 0.0000e+00
 124.430564      6.533    11.6023  27.062649    22.9437      6.475  288.95470  289.08419    80.2447    15.5588 -9.990e-29
 124.430567      6.553    11.6020  27.071164    22.9545      6.495  288.93995  289.06933    83.1552    15.3081 -9.990e-29
 124.430570      6.579    11.6020  27.066609    22.9535      6.520  288.94826  289.07769    83.2331    15.3000 0.0000e+00
 124.430573      6.604    11.6021  27.064494    22.9525      6.545  288.95194  289.08140    83.2331    15.3122 0.0000e+00
 124.430576      6.630    11.6020  27.061890    22.9509      6.570  288.95724  289.08672    83.1085    15.3283 0.0000e+00
 124.430579      6.659    11.6018  27.062596    22.9501      6.599  288.95730  289.08676    87.6066    14.7460 0.0000e+00
 124.430582      6.684    11.6014  27.058745    22.9504      6.625  288.96670  289.09617    87.4354    14.7460 0.0000e+00
 124.430584      6.719    11.6004  27.061186    22.9504      6.659  288.96694  289.09632    87.4976    14.7096 0.0000e+00
 124.430587      6.747    11.5993  27.070623    22.9599      6.686  288.95459  289.08381    87.5599    14.7177 0.0000e+00
 124.430590      6.783    11.5984  27.072196    22.9619      6.722  288.95613  289.08527    81.2097    14.9240 0.0000e+00
 124.430593      6.809    11.5976  27.073769    22.9629      6.748  288.95697  289.08605    81.1941    14.9442 0.0000e+00
 124.430596      6.836    11.5974  27.073335    22.9638      6.775  288.95919  289.08826    81.1319    14.9523 -9.990e-29
 124.430599      6.858    11.5981  27.072522    22.9624      6.797  288.95729  289.08641    81.1319    14.9240 -9.990e-29
 124.430602      6.882    11.5985  27.073444    22.9629      6.820  288.95313  289.08227    81.0696    14.9078 -9.990e-29
 124.430605      6.904    11.5987  27.075179    22.9645      6.842  288.94916  289.07829    81.9101    15.2070 -9.990e-29
 124.430608      6.922    11.5985  27.077403    22.9667      6.860  288.94599  289.07508    81.9724    15.2475 -9.990e-29
 124.430611      6.940    11.5987  27.070949    22.9605      6.878  288.95721  289.08638    81.9724    15.2515 -9.990e-29
 124.430613      6.961    11.5992  27.075505    22.9644      6.898  288.94581  289.07497    81.9568    15.2434 -9.990e-29
 124.430616      6.986    11.5999  27.074474    22.9600      6.924  288.94432  289.07354    89.8012    15.2353 -9.990e-29
 124.430619      7.014    11.6006  27.071654    22.9588      6.951  288.94623  289.07552    89.8478    15.2475 0.0000e+00
 124.430622      7.046    11.6009  27.069376    22.9576      6.983  288.94884  289.07817    89.8167    15.2515 0.0000e+00
 124.430625      7.078    11.6012  27.068508    22.9566      7.014  288.94912  289.07848    89.7078    15.2596 0.0000e+00
 124.430628      7.108    11.6010  27.062217    22.9566      7.045  288.96211  289.09152    86.8128    14.7946 0.0000e+00
 124.430631      7.141    11.6003  27.072251    22.9606      7.077  288.94656  289.07582    86.9373    14.7663 0.0000e+00
 124.430634      7.168    11.5995  27.074638    22.9620      7.104  288.94620  289.07539    86.6727    14.7905 0.0000e+00
 124.430637      7.199    11.5987  27.075180    22.9634      7.135  288.94900  289.07813    86.8595    14.7460 -9.990e-29
 124.430639      7.219    11.5985  27.075885    22.9652      7.155  288.94906  289.07817    89.5054    15.2070 -9.990e-29
 124.430642      7.254    11.5979  27.075940    22.9655      7.189  288.95174  289.08082    89.3809    15.1949 -9.990e-29
 124.430645      7.276    11.5973  27.075669    22.9657      7.211  288.95538  289.08442    89.1475    15.1625 -9.990e-29
 124.430648      7.297    11.5964  27.074638    22.9652      7.232  288.96185  289.09084    89.2875    15.1989 -9.990e-29
 124.430651      7.317    11.5955  27.075018    22.9661      7.252  288.96564  289.09457    89.3809    15.1585 -9.990e-29
 124.430654      7.337    11.5952  27.077947    22.9691      7.272  288.96183  289.09070    87.7467    15.2030 -9.990e-29
