Processed/SBE19plus_01907321_2022_05_05_Cast27_wfilter.cnv
* Sea-Bird SBE19plus  Data File:
* FileName = E:\Prandtl Daten\2022\CTD\Raw\SBE19plus_01907321_2022_05_05_Cast27.hex
* Software version 2.6.1.12
* Temperature SN = 7321
* Conductivity SN = 7321
* System UpLoad Time = May 05 2022 09:29:00
* <ApplicationData>
* <Seaterm232>
** Messpraktikum 2022
** CTD 05.05 NP3
# nquan = 11
# nvalues = 482                         
# units = specified
# name 0 = timeJ: Julian Days
# name 1 = prdM: Pressure, Strain Gauge [db]
# name 2 = tv290C: Temperature [ITS-90, deg C]
# name 3 = c0mS/cm: Conductivity [mS/cm]
# name 4 = sal00: Salinity, Practical [PSU]
# name 5 = depSM: Depth [salt water, m], lat = 54.00
# name 6 = oxsatMm/Kg: Oxygen Saturation, Weiss [umol/kg]
# name 7 = oxsolMm/Kg: Oxygen Saturation, Garcia & Gordon [umol/kg]
# name 8 = turbWETntu0: Turbidity, WET Labs ECO [NTU]
# name 9 = flECO-AFL: Fluorescence, WET Labs ECO-AFL/FL [mg/m^3]
# name 10 = flag:  0.000e+00
# span 0 = 125.388238, 125.389630       
# span 1 =      0.661,     13.835       
# span 2 =    11.7454,    11.7928       
# span 3 =  31.790289,  32.017891       
# span 4 =    27.2723,    27.4851       
# span 5 =      0.655,     13.711       
# span 6 =  278.74495,  279.30779       
# span 7 =  278.83251,  279.39413       
# span 8 =     7.2175,    37.9568       
# span 9 =     4.7582,    10.3951       
# span 10 = 0.0000e+00, 0.0000e+00      
# interval = seconds: 0.25
# start_time = May 05 2022 09:17:23 [Instrument's time stamp, header]
# bad_flag = -9.990e-29
*END*
 125.388238      0.661    11.7917  31.798302    27.2785      0.655  279.14728  279.23716     7.5288     4.7582 0.0000e+00
 125.388241      0.699    11.7918  31.797841    27.2783      0.693  279.14785  279.23774     7.2331     4.7906 0.0000e+00
 125.388244      0.738    11.7913  31.797610    27.2780      0.731  279.15051  279.24037     7.2798     4.7785 -9.990e-29
 125.388247      0.760    11.7906  31.797437    27.2785      0.753  279.15400  279.24382     7.2953     4.7785 -9.990e-29
 125.388249      0.776    11.7909  31.796226    27.2752      0.769  279.15501  279.24485     7.2175     4.7785 -9.990e-29
 125.388252      0.809    11.7912  31.794439    27.2746      0.802  279.15709  279.24698     7.9646     4.9806 0.0000e+00
 125.388255      0.850    11.7912  31.793228    27.2741      0.843  279.15906  279.24897     8.0113     4.9928 0.0000e+00
 125.388258      0.891    11.7908  31.793055    27.2741      0.883  279.16130  279.25118     8.0580     4.9928 0.0000e+00
 125.388261      0.929    11.7904  31.793228    27.2746      0.921  279.16290  279.25275     8.0113     4.9928 0.0000e+00
 125.388264      0.956    11.7905  31.793632    27.2747      0.948  279.16185  279.25170     7.6222     4.8229 0.0000e+00
 125.388267      0.984    11.7905  31.794036    27.2749      0.975  279.16080  279.25065     7.7311     4.8432 -9.990e-29
 125.388270      1.004    11.7904  31.794036    27.2753      0.995  279.16145  279.25129     7.7778     4.8391 -9.990e-29
 125.388273      1.018    11.7904  31.794036    27.2753      1.009  279.16146  279.25130     7.8089     4.8715 -9.990e-29
 125.388275      1.031    11.7905  31.793863    27.2750      1.022  279.16116  279.25101     7.4976     4.9240 -9.990e-29
 125.388278      1.046    11.7904  31.793459    27.2748      1.037  279.16255  279.25240     7.5910     4.9038 -9.990e-29
 125.388281      1.071    11.7909  31.794266    27.2752      1.062  279.15886  279.24873     7.5288     4.8998 -9.990e-29
 125.388284      1.095    11.7909  31.792652    27.2748      1.086  279.16188  279.25177     7.4976     4.9483 -9.990e-29
 125.388287      1.128    11.7908  31.793863    27.2747      1.118  279.15996  279.24983     7.4665     4.9160 0.0000e+00
 125.388290      1.168    11.7910  31.793863    27.2747      1.158  279.15936  279.24924     7.5755     5.1586 0.0000e+00
 125.388293      1.208    11.7915  31.794036    27.2744      1.198  279.15654  279.24646     7.5288     5.1667 0.0000e+00
 125.388296      1.247    11.7917  31.794036    27.2743      1.236  279.15562  279.24556     7.6222     5.1505 0.0000e+00
 125.388299      1.278    11.7921  31.793229    27.2743      1.266  279.15525  279.24522     7.4976     5.1747 -9.990e-29
 125.388302      1.300    11.7919  31.794267    27.2744      1.288  279.15460  279.24454     9.4587     5.6438 -9.990e-29
 125.388304      1.316    11.7918  31.794036    27.2742      1.304  279.15536  279.24529     9.5833     5.6074 -9.990e-29
 125.388307      1.331    11.7919  31.793460    27.2736      1.319  279.15612  279.24607     9.5210     5.6155 -9.990e-29
 125.388310      1.347    11.7912  31.791672    27.2723      1.335  279.16230  279.25222     9.5210     5.6236 -9.990e-29
 125.388313      1.373    11.7903  31.791442    27.2728      1.361  279.16716  279.25702     9.6299     5.6276 -9.990e-29
 125.388316      1.395    11.7891  31.791846    27.2746      1.382  279.17179  279.26156     9.5054     5.6195 -9.990e-29
 125.388319      1.424    11.7874  31.791096    27.2750      1.411  279.18077  279.27044     9.5210     5.6276 0.0000e+00
 125.388322      1.453    11.7854  31.790289    27.2753      1.440  279.19144  279.28097     9.4587     5.6398 0.0000e+00
 125.388325      1.490    11.7827  31.790866    27.2778      1.476  279.20270  279.29203    10.7350     5.9996 0.0000e+00
 125.388328      1.524    11.7784  31.793058    27.2830      1.511  279.21852  279.30751    10.7194     5.9552 0.0000e+00
 125.388330      1.562    11.7734  31.792886    27.2865      1.549  279.24157  279.33021    10.7506     5.9835 0.0000e+00
 125.388333      1.590    11.7698  31.795251    27.2914      1.576  279.25359  279.34195    10.8440     5.9107 0.0000e+00
 125.388336      1.619    11.7669  31.796462    27.2946      1.605  279.26428  279.35243    10.7506     5.9552 0.0000e+00
 125.388339      1.647    11.7642  31.798423    27.2966      1.632  279.27326  279.36119    11.1864     5.8783 0.0000e+00
 125.388342      1.678    11.7624  31.798423    27.2985      1.663  279.28148  279.36928    11.2642     5.8783 -9.990e-29
 125.388345      1.702    11.7612  31.798251    27.3005      1.686  279.28718  279.37490    11.2953     5.9026 -9.990e-29
 125.388348      1.727    11.7606  31.801596    27.3040      1.712  279.28349  279.37113    11.2019     5.8905 -9.990e-29
 125.388351      1.747    11.7602  31.802634    27.3053      1.731  279.28346  279.37106    11.0152     5.9026 -9.990e-29
 125.388354      1.771    11.7596  31.804422    27.3103      1.755  279.28298  279.37052    11.0463     5.9026 -9.990e-29
 125.388356      1.802    11.7588  31.806787    27.3113      1.786  279.28207  279.36952    11.1241     5.8622 0.0000e+00
 125.388359      1.835    11.7580  31.808171    27.3113      1.819  279.28329  279.37067    10.9685     5.8905 0.0000e+00
 125.388362      1.864    11.7573  31.809209    27.3122      1.848  279.28453  279.37185    11.5288     5.9956 -9.990e-29
 125.388365      1.887    11.7568  31.809786    27.3146      1.870  279.28599  279.37326    11.5288     6.0118 -9.990e-29
 125.388368      1.907    11.7563  31.809210    27.3144      1.890  279.28929  279.37653    11.4665     6.0441 -9.990e-29
 125.388371      1.928    11.7559  31.808402    27.3147      1.911  279.29239  279.37961    11.5910     6.0441 -9.990e-29
 125.388374      1.961    11.7555  31.808979    27.3153      1.944  279.29323  279.38041    11.6844     5.8541 0.0000e+00
 125.388377      2.003    11.7551  31.809960    27.3153      1.985  279.29332  279.38047    11.7934     5.8177 0.0000e+00
 125.388380      2.030    11.7545  31.810594    27.3159      2.012  279.29499  279.38209    11.7000     5.8096 -9.990e-29
 125.388383      2.050    11.7543  31.813190    27.3196      2.031  279.29080  279.37786    11.8245     5.8056 -9.990e-29
 125.388385      2.062    11.7541  31.813594    27.3201      2.044  279.29100  279.37804    11.7000     5.8460 -9.990e-29
 125.388388      2.075    11.7541  31.814171    27.3207      2.056  279.29025  279.37728    10.7194     5.9633 -9.990e-29
 125.388391      2.095    11.7541  31.815959    27.3227      2.076  279.28693  279.37394    10.7039     5.9835 -9.990e-29
 125.388394      2.130    11.7541  31.816363    27.3233      2.111  279.28589  279.37289    10.7506     5.9552 0.0000e+00
 125.388397      2.168    11.7544  31.817747    27.3227      2.149  279.28207  279.36908    10.7661     5.9188 0.0000e+00
 125.388400      2.203    11.7546  31.814979    27.3231      2.183  279.28631  279.37337     9.5988     5.9592 0.0000e+00
 125.388403      2.237    11.7550  31.817574    27.3231      2.217  279.27961  279.36666     9.5210     5.9026 0.0000e+00
 125.388406      2.272    11.7554  31.818151    27.3233      2.251  279.27698  279.36406     9.6299     5.9390 0.0000e+00
 125.388409      2.303    11.7556  31.817344    27.3234      2.282  279.27756  279.36466     9.5054     5.9471 -9.990e-29
 125.388411      2.324    11.7557  31.817344    27.3224      2.303  279.27694  279.36405    11.7000     6.2382 -9.990e-29
 125.388414      2.346    11.7561  31.817805    27.3221      2.325  279.27452  279.36165    11.7934     6.2706 -9.990e-29
 125.388417      2.372    11.7566  31.817748    27.3213      2.350  279.27244  279.35961    11.8245     6.2908 0.0000e+00
 125.388420      2.399    11.7570  31.816363    27.3205      2.378  279.27283  279.36005    11.6222     6.2827 0.0000e+00
 125.388423      2.425    11.7574  31.815152    27.3191      2.403  279.27353  279.36079    11.5910     6.2827 0.0000e+00
 125.388426      2.454    11.7575  31.814748    27.3188      2.432  279.27368  279.36095    11.5132     5.8743 0.0000e+00
 125.388429      2.482    11.7578  31.814345    27.3186      2.459  279.27319  279.36048    11.4354     5.9026 -9.990e-29
 125.388432      2.507    11.7578  31.814748    27.3183      2.485  279.27245  279.35974    11.5132     5.8824 -9.990e-29
 125.388435      2.535    11.7575  31.814575    27.3184      2.512  279.27405  279.36133    11.4198     5.9066 -9.990e-29
 125.388437      2.559    11.7575  31.815152    27.3185      2.536  279.27331  279.36057    10.7039     6.0158 -9.990e-29
 125.388440      2.588    11.7573  31.814576    27.3191      2.565  279.27504  279.36229    10.7973     6.0320 0.0000e+00
 125.388443      2.615    11.7573  31.815787    27.3191      2.592  279.27280  279.36004    10.6727     6.0522 0.0000e+00
 125.388446      2.646    11.7572  31.815153    27.3196      2.622  279.27463  279.36187    10.7817     6.0158 0.0000e+00
 125.388449      2.675    11.7570  31.815557    27.3196      2.651  279.27484  279.36207    10.2836     6.1735 0.0000e+00
 125.388452      2.700    11.7567  31.815384    27.3197      2.676  279.27644  279.36365    10.1591     6.1371 0.0000e+00
 125.388455      2.731    11.7568  31.815557    27.3197      2.707  279.27583  279.36304    10.3615     6.1452 0.0000e+00
 125.388458      2.761    11.7571  31.817172    27.3198      2.736  279.27126  279.35848    10.2369     6.1412 -9.990e-29
 125.388461      2.786    11.7573  31.816768    27.3205      2.761  279.27109  279.35832    10.9529     6.2140 -9.990e-29
 125.388464      2.806    11.7572  31.816941    27.3208      2.781  279.27141  279.35863    10.9529     6.2423 -9.990e-29
 125.388466      2.835    11.7573  31.817749    27.3215      2.810  279.26961  279.35683    11.0152     6.2423 -9.990e-29
 125.388469      2.855    11.7571  31.818326    27.3219      2.830  279.26918  279.35638    10.9996     6.2504 -9.990e-29
 125.388472      2.884    11.7572  31.818153    27.3218      2.858  279.26921  279.35641    10.9218     6.2059 0.0000e+00
 125.388475      2.913    11.7573  31.818153    27.3219      2.887  279.26891  279.35612    11.7622     6.4647 0.0000e+00
 125.388478      2.944    11.7574  31.819134    27.3224      2.918  279.26647  279.35369    11.7622     6.4566 0.0000e+00
 125.388481      2.977    11.7575  31.818961    27.3226      2.951  279.26619  279.35341    11.7934     6.4525 0.0000e+00
 125.388484      3.012    11.7575  31.820749    27.3241      2.985  279.26320  279.35040    11.7934     6.4444 0.0000e+00
 125.388487      3.050    11.7572  31.821557    27.3249      3.023  279.26298  279.35015    12.2759     6.3717 0.0000e+00
 125.388490      3.081    11.7570  31.821326    27.3251      3.054  279.26406  279.35122    12.1980     6.3353 0.0000e+00
 125.388492      3.112    11.7569  31.822538    27.3256      3.084  279.26245  279.34959    12.2447     6.3191 0.0000e+00
 125.388495      3.143    11.7566  31.823922    27.3262      3.115  279.26116  279.34826    12.3381     6.3474 -9.990e-29
 125.388498      3.167    11.7566  31.823345    27.3272      3.139  279.26256  279.34967    12.9762     6.3919 -9.990e-29
 125.388501      3.185    11.7563  31.823749    27.3278      3.157  279.26308  279.35017    12.8362     6.4000 -9.990e-29
 125.388504      3.205    11.7562  31.824730    27.3287      3.177  279.26158  279.34865    12.8829     6.4081 -9.990e-29
 125.388507      3.224    11.7561  31.825538    27.3295      3.195  279.26041  279.34746    12.8673     6.4283 -9.990e-29
 125.388510      3.245    11.7560  31.826115    27.3295      3.216  279.25998  279.34701    11.2642     6.3555 -9.990e-29
 125.388513      3.275    11.7559  31.825307    27.3300      3.245  279.26182  279.34886    11.0930     6.3474 0.0000e+00
 125.388516      3.311    11.7559  31.826346    27.3304      3.281  279.25991  279.34694    11.2642     6.3393 0.0000e+00
 125.388519      3.342    11.7556  31.826115    27.3304      3.312  279.26194  279.34894    11.2642     6.3272 0.0000e+00
 125.388521      3.377    11.7556  31.826115    27.3304      3.347  279.26196  279.34897    11.2175     6.3636 0.0000e+00
 125.388524      3.406    11.7555  31.826519    27.3306      3.375  279.26186  279.34885    11.2486     6.5536 0.0000e+00
 125.388527      3.435    11.7556  31.826346    27.3308      3.404  279.26157  279.34857    11.2953     6.5536 0.0000e+00
 125.388530      3.466    11.7555  31.827731    27.3306      3.435  279.25964  279.34662    11.2175     6.5536 -9.990e-29
 125.388533      3.490    11.7556  31.827327    27.3315      3.458  279.25978  279.34677    11.2953     6.5415 -9.990e-29
 125.388536      3.519    11.7557  31.827327    27.3315      3.487  279.25948  279.34648    12.5249     6.4808 -9.990e-29
 125.388539      3.541    11.7556  31.826116    27.3304      3.509  279.26207  279.34908    12.4938     6.4930 -9.990e-29
 125.388542      3.566    11.7555  31.824731    27.3291      3.534  279.26499  279.35200    12.4159     6.4485 -9.990e-29
 125.388545      3.584    11.7552  31.825712    27.3303      3.552  279.26475  279.35173    12.5716     6.4849 -9.990e-29
 125.388547      3.606    11.7551  31.825539    27.3302      3.574  279.26540  279.35238    12.4315     6.5981 -9.990e-29
 125.388550      3.635    11.7548  31.825308    27.3304      3.603  279.26742  279.35438    12.4315     6.5981 0.0000e+00
 125.388553      3.666    11.7546  31.825539    27.3302      3.633  279.26796  279.35490    12.4938     6.6021 0.0000e+00
 125.388556      3.699    11.7545  31.825136    27.3305      3.666  279.26905  279.35599    12.5405     6.5941 0.0000e+00
 125.388559      3.732    11.7544  31.825713    27.3302      3.699  279.26831  279.35524    11.7311     6.4849 0.0000e+00
 125.388562      3.768    11.7543  31.824559    27.3297      3.735  279.27080  279.35774    11.7622     6.4606 0.0000e+00
 125.388565      3.798    11.7541  31.824155    27.3296      3.764  279.27252  279.35945    11.7155     6.4849 0.0000e+00
 125.388568      3.831    11.7541  31.824098    27.3295      3.796  279.27297  279.35989    11.6533     6.5172 -9.990e-29
 125.388571      3.854    11.7541  31.825309    27.3306      3.820  279.27073  279.35764    11.6533     6.4728 -9.990e-29
 125.388573      3.882    11.7539  31.824559    27.3300      3.847  279.27277  279.35968    12.4626     6.7275 -9.990e-29
 125.388576      3.905    11.7539  31.824559    27.3300      3.871  279.27279  279.35970    12.4938     6.7437 -9.990e-29
 125.388579      3.927    11.7539  31.824560    27.3300      3.892  279.27281  279.35971    12.4626     6.7396 -9.990e-29
 125.388582      3.942    11.7537  31.825310    27.3309      3.907  279.27268  279.35956    12.4626     6.7275 -9.990e-29
 125.388585      3.962    11.7537  31.824906    27.3303      3.927  279.27344  279.36033    12.7584     6.4728 -9.990e-29
 125.388588      3.990    11.7537  31.824733    27.3304      3.954  279.27379  279.36067    12.8050     6.4849 0.0000e+00
 125.388591      4.019    11.7536  31.824733    27.3303      3.983  279.27412  279.36100    12.6805     6.4849 0.0000e+00
 125.388594      4.048    11.7534  31.824329    27.3304      4.012  279.27584  279.36271    12.7272     6.4566 0.0000e+00
 125.388597      4.081    11.7532  31.824906    27.3306      4.045  279.27573  279.36258    12.5405     6.3555 0.0000e+00
 125.388600      4.118    11.7530  31.824560    27.3308      4.081  279.27735  279.36419    12.5093     6.3474 0.0000e+00
 125.388602      4.145    11.7530  31.824733    27.3308      4.108  279.27704  279.36388    12.4938     6.3353 0.0000e+00
 125.388605      4.178    11.7530  31.824906    27.3308      4.140  279.27674  279.36358    12.5249     6.3353 0.0000e+00
 125.388608      4.209    11.7530  31.824734    27.3308      4.171  279.27709  279.36393    12.7272     6.6588 0.0000e+00
 125.388611      4.234    11.7529  31.823522    27.3308      4.197  279.27968  279.36653    12.7117     6.6749 -9.990e-29
 125.388614      4.258    11.7528  31.824734    27.3308      4.220  279.27775  279.36458    12.7272     6.6749 -9.990e-29
