Processed/SBE19plus_01907321_2022_05_07_Cast72_wfilter.cnv
* Sea-Bird SBE19plus  Data File:
* FileName = E:\Prandtl Daten\2022\CTD\Raw\SBE19plus_01907321_2022_05_07_Cast72.hex
* Software version 2.6.1.12
* Temperature SN = 7321
* Conductivity SN = 7321
* System UpLoad Time = May 07 2022 13:09:25
* <ApplicationData>
* <Seaterm232>
** Messpraktikum 2022
** CTD 07.05 BM
** NMEA Latitude = 54 07.834 N
** NMEA Longitude = 008 45.258 E
# nquan = 11
# nvalues = 533                         
# units = specified
# name 0 = timeJ: Julian Days
# name 1 = prdM: Pressure, Strain Gauge [db]
# name 2 = tv290C: Temperature [ITS-90, deg C]
# name 3 = c0mS/cm: Conductivity [mS/cm]
# name 4 = sal00: Salinity, Practical [PSU]
# name 5 = depSM: Depth [salt water, m], lat = 54.00
# name 6 = oxsatMm/Kg: Oxygen Saturation, Weiss [umol/kg]
# name 7 = oxsolMm/Kg: Oxygen Saturation, Garcia & Gordon [umol/kg]
# name 8 = turbWETntu0: Turbidity, WET Labs ECO [NTU]
# name 9 = flECO-AFL: Fluorescence, WET Labs ECO-AFL/FL [mg/m^3]
# name 10 = flag:  0.000e+00
# span 0 = 127.543354, 127.544893       
# span 1 =      0.773,     16.522       
# span 2 =    13.1141,    13.1823       
# span 3 =  32.541299,  32.605197       
# span 4 =    27.0125,    27.0260       
# span 5 =      0.766,     16.374       
# span 6 =  271.52969,  271.91926       
# span 7 =  271.70458,  272.09040       
# span 8 =     8.7584,   436.8206       
# span 9 =     3.7271,     9.6187       
# span 10 = 0.0000e+00, 0.0000e+00      
# interval = seconds: 0.25
# start_time = May 07 2022 13:00:48 [Instrument's time stamp, header]
# bad_flag = -9.990e-29
*END*
[from data line 263]
 127.544115      8.721    13.1374  32.566867    27.0222      8.643  271.78052  271.95289    19.4510     6.2059 0.0000e+00
 127.544117      8.758    13.1375  32.567100    27.0223      8.679  271.77983  271.95219    17.2875     6.5738 0.0000e+00
 127.544120      8.794    13.1374  32.567216    27.0223      8.715  271.77996  271.95232    17.2564     6.6305 0.0000e+00
 127.544123      8.829    13.1374  32.566693    27.0220      8.750  271.78090  271.95326    17.1941     6.6021 0.0000e+00
 127.544126      8.862    13.1377  32.566052    27.0217      8.782  271.78108  271.95347    17.4120     6.6021 0.0000e+00
 127.544129      8.889    13.1375  32.566460    27.0215      8.810  271.78102  271.95339    17.8012     6.1897 0.0000e+00
 127.544132      8.920    13.1376  32.567100    27.0217      8.840  271.77962  271.95199    17.6766     6.1493 -9.990e-29
 127.544135      8.940    13.1376  32.567042    27.0221      8.860  271.77973  271.95210    17.7700     6.1816 -9.990e-29
 127.544138      8.965    13.1376  32.566868    27.0220      8.885  271.78005  271.95242    17.6611     6.1978 -9.990e-29
 127.544141      8.989    13.1378  32.567683    27.0223      8.909  271.77770  271.95008    19.0307     6.7194 -9.990e-29
 127.544144      9.018    13.1380  32.567508    27.0225      8.937  271.77740  271.94979    19.1708     6.6992 0.0000e+00
 127.544146      9.045    13.1381  32.568032    27.0223      8.964  271.77587  271.94827    19.1864     6.6871 0.0000e+00
 127.544149      9.082    13.1381  32.567683    27.0223      9.001  271.77650  271.94890    19.0930     6.7437 0.0000e+00
 127.544152      9.115    13.1382  32.567683    27.0223      9.033  271.77589  271.94830    18.9996     6.7396 0.0000e+00
 127.544155      9.155    13.1383  32.567916    27.0224      9.073  271.77520  271.94761    20.4315     6.6345 0.0000e+00
 127.544158      9.182    13.1382  32.568033    27.0225      9.100  271.77533  271.94773    20.4626     6.5860 0.0000e+00
 127.544161      9.220    13.1388  32.568906    27.0227      9.138  271.77132  271.94375    20.5716     6.5900 0.0000e+00
 127.544164      9.248    13.1393  32.569139    27.0229      9.165  271.76873  271.94119    20.6027     6.6102 0.0000e+00
 127.544167      9.281    13.1397  32.570128    27.0230      9.198  271.76546  271.93793    19.5599     6.3353 0.0000e+00
 127.544170      9.308    13.1402  32.570536    27.0234      9.225  271.76256  271.93507    19.5132     6.3878 -9.990e-29
 127.544172      9.326    13.1406  32.570361    27.0229      9.243  271.76099  271.93352    19.4198     6.3474 -9.990e-29
 127.544175      9.352    13.1411  32.570943    27.0231      9.268  271.75810  271.93066    19.5288     6.3191 -9.990e-29
 127.544178      9.375    13.1415  32.571176    27.0230      9.291  271.75583  271.92841    19.5755     6.5900 -9.990e-29
 127.544181      9.397    13.1420  32.572632    27.0237      9.313  271.75111  271.92371    19.4665     6.6426 -9.990e-29
 127.544184      9.429    13.1427  32.572864    27.0234      9.344  271.74758  271.92022    19.4198     6.6385 0.0000e+00
 127.544187      9.460    13.1435  32.572806    27.0231      9.375  271.74455  271.91724    19.2953     6.5900 0.0000e+00
 127.544190      9.498    13.1437  32.571817    27.0220      9.413  271.74503  271.91775    19.9957     6.5819 0.0000e+00
 127.544193      9.529    13.1437  32.571584    27.0220      9.444  271.74577  271.91849    19.7622     6.5091 0.0000e+00
 127.544196      9.569    13.1437  32.572690    27.0225      9.484  271.74388  271.91658    19.8245     6.6021 0.0000e+00
 127.544198      9.598    13.1437  32.572399    27.0225      9.512  271.74440  271.91711    19.8245     6.4647 0.0000e+00
 127.544201      9.628    13.1436  32.572225    27.0224      9.542  271.74504  271.91774    19.6533     6.5860 0.0000e+00
 127.544204      9.657    13.1434  32.571352    27.0218      9.571  271.74752  271.92022    20.0268     6.7194 0.0000e+00
 127.544207      9.688    13.1432  32.571352    27.0217      9.602  271.74816  271.92086    20.0113     6.7679 0.0000e+00
 127.544210      9.716    13.1433  32.571992    27.0218      9.629  271.74676  271.91944    19.8712     6.7194 -9.990e-29
 127.544213      9.739    13.1433  32.572632    27.0229      9.652  271.74566  271.91834    19.9801     6.7962 -9.990e-29
 127.544216      9.758    13.1435  32.573040    27.0232      9.670  271.74402  271.91671    21.6611     6.9580 -9.990e-29
 127.544219      9.781    13.1438  32.573855    27.0233      9.694  271.74136  271.91406    21.2253     6.9539 -9.990e-29
 127.544222      9.812    13.1443  32.573855    27.0234      9.725  271.73917  271.91191    21.3965     6.9459 0.0000e+00
 127.544225      9.844    13.1448  32.574437    27.0235      9.755  271.73629  271.90905    21.5988     7.0065 0.0000e+00
 127.544227      9.873    13.1454  32.575485    27.0240      9.784  271.73166  271.90445    23.5599     6.5658 0.0000e+00
 127.544230      9.913    13.1461  32.576475    27.0244      9.824  271.72682  271.89965    23.9179     6.5455 0.0000e+00
 127.544233      9.947    13.1469  32.577174    27.0244      9.858  271.72217  271.89504    23.7934     6.5455 0.0000e+00
 127.544236      9.980    13.1477  32.577290    27.0241      9.891  271.71884  271.89175    23.8868     6.5051 0.0000e+00
 127.544239     10.017    13.1485  32.577698    27.0240      9.927  271.71437  271.88734    25.9568     6.5253 0.0000e+00
 127.544242     10.050    13.1488  32.578163    27.0239      9.960  271.71233  271.88531    26.0346     6.5617 0.0000e+00
 127.544245     10.079    13.1495  32.579735    27.0240      9.989  271.70647  271.87948    25.9412     6.5213 -9.990e-29
 127.544248     10.104    13.1505  32.581598    27.0260     10.014  271.69916  271.87222    25.9879     6.5011 -9.990e-29
 127.544251     10.128    13.1521  32.581016    27.0243     10.037  271.69326  271.86642    26.1280     6.5536 -9.990e-29
 127.544253     10.152    13.1534  32.583054    27.0252     10.061  271.68407  271.85730    25.5210     6.8852 -9.990e-29
 127.544256     10.172    13.1547  32.583985    27.0251     10.081  271.67648  271.84979    25.3809     6.9095 -9.990e-29
 127.544259     10.196    13.1558  32.584276    27.0241     10.104  271.67159  271.84495    25.3809     6.8650 -9.990e-29
 127.544262     10.225    13.1565  32.584276    27.0243     10.133  271.66846  271.84187    25.3809     6.8084 0.0000e+00
 127.544265     10.258    13.1570  32.585091    27.0245     10.166  271.66486  271.83830    23.1241     6.6588 0.0000e+00
 127.544268     10.292    13.1575  32.585732    27.0245     10.200  271.66157  271.83503    23.1864     6.7113 0.0000e+00
 127.544271     10.329    13.1583  32.585906    27.0243     10.236  271.65783  271.83134    23.2486     6.6466 0.0000e+00
 127.544274     10.362    13.1589  32.585906    27.0238     10.269  271.65501  271.82857    23.2642     6.7073 0.0000e+00
 127.544277     10.394    13.1592  32.585091    27.0229     10.301  271.65550  271.82908    23.8245     6.4081 0.0000e+00
 127.544280     10.429    13.1592  32.584509    27.0229     10.335  271.65654  271.83012    24.0580     6.3757 0.0000e+00
 127.544282     10.462    13.1589  32.585150    27.0227     10.368  271.65670  271.83026    23.9023     6.3474 0.0000e+00
 127.544285     10.491    13.1587  32.584684    27.0231     10.397  271.65848  271.83202    23.9334     6.4161 -9.990e-29
 127.544288     10.515    13.1583  32.584684    27.0231     10.420  271.66006  271.83359    22.5327     6.4040 -9.990e-29
 127.544291     10.536    13.1580  32.584510    27.0231     10.442  271.66164  271.83515    22.6727     6.3717 -9.990e-29
 127.544294     10.560    13.1575  32.583986    27.0230     10.466  271.66477  271.83825    22.7039     6.3797 -9.990e-29
 127.544297     10.584    13.1574  32.584044    27.0231     10.489  271.66500  271.83847    22.6572     6.4323 -9.990e-29
 127.544300     10.611    13.1572  32.583870    27.0232     10.516  271.66626  271.83972    22.6883     6.4485 0.0000e+00
 127.544303     10.644    13.1570  32.584044    27.0234     10.549  271.66692  271.84037    23.2953     6.8326 0.0000e+00
 127.544306     10.679    13.1569  32.583986    27.0234     10.583  271.66736  271.84081    23.1552     6.8488 0.0000e+00
 127.544308     10.715    13.1568  32.582647    27.0225     10.619  271.67002  271.84347    23.2953     6.8407 0.0000e+00
 127.544311     10.750    13.1564  32.582648    27.0222     10.653  271.67193  271.84536    23.1241     6.8569 0.0000e+00
 127.544314     10.786    13.1559  32.582007    27.0225     10.690  271.67527  271.84867    20.0268     6.3272 0.0000e+00
 127.544317     10.817    13.1554  32.582473    27.0227     10.720  271.67669  271.85005    19.8868     6.3353 0.0000e+00
 127.544320     10.850    13.1552  32.582008    27.0227     10.753  271.67846  271.85181    19.9334     6.3717 0.0000e+00
 127.544323     10.877    13.1550  32.581018    27.0223     10.780  271.68114  271.85449    20.0735     6.3636 0.0000e+00
 127.544326     10.903    13.1548  32.581426    27.0220     10.805  271.68108  271.85441    22.7817     6.4768 -9.990e-29
 127.544329     10.925    13.1543  32.581484    27.0228     10.827  271.68319  271.85650    22.5949     6.4728 -9.990e-29
 127.544332     10.947    13.1540  32.581193    27.0228     10.849  271.68497  271.85826    22.7506     6.4606 -9.990e-29
 127.544334     10.969    13.1536  32.581193    27.0232     10.870  271.68688  271.86014    22.7350     6.4687 -9.990e-29
 127.544337     10.994    13.1534  32.581193    27.0232     10.896  271.68784  271.86108    22.0969     6.7518 0.0000e+00
 127.544340     11.023    13.1535  32.581426    27.0233     10.924  271.68682  271.86007    22.2058     6.7558 0.0000e+00
 127.544343     11.058    13.1537  32.582241    27.0234     10.959  271.68448  271.85774    22.3148     6.7437 0.0000e+00
 127.544346     11.091    13.1541  32.582008    27.0234     10.992  271.68333  271.85662    22.2681     6.7154 0.0000e+00
 127.544349     11.127    13.1542  32.581193    27.0229     11.028  271.68414  271.85744    22.2214     6.7558 0.0000e+00
 127.544352     11.166    13.1542  32.581601    27.0229     11.066  271.68346  271.85676    20.8206     6.4323 0.0000e+00
 127.544355     11.199    13.1540  32.581485    27.0229     11.098  271.68463  271.85791    21.0541     6.5172 0.0000e+00
 127.544358     11.231    13.1540  32.581194    27.0230     11.131  271.68515  271.85844    21.0229     6.4242 0.0000e+00
 127.544361     11.260    13.1541  32.581601    27.0228     11.160  271.68415  271.85744    20.9918     6.5011 0.0000e+00
 127.544363     11.290    13.1539  32.581602    27.0230     11.189  271.68511  271.85839    21.8945     6.9095 -9.990e-29
 127.544366     11.313    13.1539  32.581660    27.0232     11.212  271.68503  271.85830    21.7700     6.9499 -9.990e-29
 127.544369     11.337    13.1540  32.581602    27.0231     11.236  271.68483  271.85811    21.8478     6.9418 -9.990e-29
 127.544372     11.361    13.1539  32.581020    27.0226     11.259  271.68617  271.85945    21.7700     6.9742 -9.990e-29
 127.544375     11.385    13.1540  32.581020    27.0231     11.283  271.68555  271.85884    21.3031     6.8245 -9.990e-29
 127.544378     11.415    13.1537  32.581486    27.0232     11.313  271.68602  271.85929    21.3342     6.7882 0.0000e+00
 127.544381     11.450    13.1537  32.581602    27.0231     11.347  271.68616  271.85942    21.1319     6.8367 0.0000e+00
 127.544384     11.481    13.1536  32.581428    27.0231     11.378  271.68679  271.86005    21.3031     6.8124 0.0000e+00
 127.544387     11.519    13.1535  32.580787    27.0229     11.416  271.68825  271.86151    22.3615     6.3110 0.0000e+00
 127.544389     11.552    13.1534  32.581078    27.0226     11.449  271.68808  271.86133    22.6261     6.3555 0.0000e+00
 127.544392     11.583    13.1532  32.580380    27.0229     11.480  271.69057  271.86381    22.6261     6.3191 0.0000e+00
 127.544395     11.612    13.1530  32.580788    27.0224     11.508  271.69051  271.86374    22.7350     6.3272 0.0000e+00
 127.544398     11.642    13.1531  32.579973    27.0225     11.537  271.69163  271.86487    22.5171     6.3555 0.0000e+00
 127.544401     11.669    13.1533  32.581428    27.0221     11.565  271.68817  271.86141    23.3264     6.8569 -9.990e-29
 127.544404     11.693    13.1534  32.582069    27.0238     11.588  271.68676  271.86000    23.2331     6.8245 -9.990e-29
 127.544407     11.715    13.1539  32.582651    27.0240     11.610  271.68356  271.85683    23.3731     6.7720 -9.990e-29
 127.544410     11.740    13.1545  32.583641    27.0244     11.635  271.67934  271.85264    23.2175     6.7720 -9.990e-29
 127.544413     11.760    13.1550  32.583466    27.0239     11.655  271.67714  271.85047    23.8556     7.2370 -9.990e-29
 127.544416     11.791    13.1554  32.583815    27.0239     11.686  271.67498  271.84833    24.1358     7.3098 0.0000e+00
 127.544418     11.824    13.1558  32.584048    27.0238     11.718  271.67271  271.84608    23.9646     7.3340 0.0000e+00
 127.544421     11.853    13.1561  32.584048    27.0238     11.747  271.67178  271.84517    23.8556     7.3745 0.0000e+00
 127.544424     11.888    13.1563  32.584922    27.0237     11.782  271.66903  271.84243    23.7000     6.9944 0.0000e+00
 127.544427     11.926    13.1569  32.584398    27.0233     11.820  271.66744  271.84089    23.7155     7.0389 0.0000e+00
 127.544430     11.958    13.1573  32.584281    27.0230     11.851  271.66609  271.83956    23.7000     6.9620 0.0000e+00
 127.544433     11.990    13.1573  32.584282    27.0229     11.883  271.66611  271.83958    23.7155     6.9701 0.0000e+00
 127.544436     12.025    13.1569  32.583641    27.0228     11.917  271.66882  271.84227    22.8595     6.8812 0.0000e+00
 127.544439     12.052    13.1566  32.583816    27.0226     11.944  271.67011  271.84353    23.0619     6.9459 -9.990e-29
 127.544442     12.076    13.1563  32.582826    27.0223     11.968  271.67310  271.84652    22.8595     6.9176 -9.990e-29
 127.544444     12.103    13.1560  32.582652    27.0223     11.995  271.67468  271.84808    23.1241     6.8690 -9.990e-29
 127.544447     12.125    13.1557  32.582011    27.0219     12.017  271.67706  271.85045    22.7817     6.9095 -9.990e-29
 127.544450     12.147    13.1553  32.582827    27.0235     12.038  271.67724  271.85059    22.2525     7.3583 -9.990e-29
 127.544453     12.173    13.1549  32.583060    27.0234     12.064  271.67874  271.85207    22.1436     7.3381 0.0000e+00
 127.544456     12.206    13.1547  32.582827    27.0233     12.096  271.67979  271.85311    22.2525     7.3421 0.0000e+00
 127.544459     12.238    13.1549  32.582652    27.0233     12.129  271.67949  271.85282    22.2525     7.3502 0.0000e+00
 127.544462     12.277    13.1548  32.582827    27.0231     12.167  271.67952  271.85285    24.2759     7.2249 0.0000e+00
 127.544465     12.311    13.1547  32.582653    27.0231     12.201  271.68016  271.85349    24.2292     7.2208 0.0000e+00
 127.544468     12.346    13.1549  32.582012    27.0226     12.235  271.68066  271.85400    24.2447     7.1885 0.0000e+00
 127.544470     12.379    13.1547  32.582012    27.0226     12.268  271.68163  271.85496    24.1669     7.2532 0.0000e+00
 127.544473     12.412    13.1543  32.582245    27.0226     12.301  271.68282  271.85612    26.9685     7.2249 0.0000e+00
 127.544476     12.445    13.1541  32.581663    27.0230     12.333  271.68480  271.85809    26.8595     7.1925 0.0000e+00
 127.544479     12.472    13.1541  32.582653    27.0230     12.360  271.68310  271.85638    27.0152     7.1683 0.0000e+00
 127.544482     12.501    13.1543  32.584691    27.0235     12.389  271.67863  271.85191    26.9218     7.2047 -9.990e-29
 127.544485     12.523    13.1551  32.585739    27.0256     12.411  271.67337  271.84669    26.2681     7.2410 -9.990e-29
 127.544488     12.545    13.1565  32.585564    27.0245     12.432  271.66770  271.84111    26.2836     7.3219 -9.990e-29
