Processed/SBE19plus_01907321_2022_05_04_Cast12_wfilter.cnv
* Sea-Bird SBE19plus  Data File:
* FileName = E:\Prandtl Daten\2022\CTD\Raw\SBE19plus_01907321_2022_05_04_Cast12.hex
* Software version 2.6.1.12
* Temperature SN = 7321
* Conductivity SN = 7321
* System UpLoad Time = May 04 2022 08:13:15
* <ApplicationData>
* <Seaterm232>
** Messpraktikum 2022
** CTD 04.05 SW2
# nquan = 11
# nvalues = 357                         
# units = specified
# name 0 = timeJ: Julian Days
# name 1 = prdM: Pressure, Strain Gauge [db]
# name 2 = tv290C: Temperature [ITS-90, deg C]
# name 3 = c0mS/cm: Conductivity [mS/cm]
# name 4 = sal00: Salinity, Practical [PSU]
# name 5 = depSM: Depth [salt water, m], lat = 54.00
# name 6 = oxsatMm/Kg: Oxygen Saturation, Weiss [umol/kg]
# name 7 = oxsolMm/Kg: Oxygen Saturation, Garcia & Gordon [umol/kg]
# name 8 = turbWETntu0: Turbidity, WET Labs ECO [NTU]
# name 9 = flECO-AFL: Fluorescence, WET Labs ECO-AFL/FL [mg/m^3]
# name 10 = flag:  0.000e+00
# span 0 = 124.337925, 124.338955       
# span 1 =      0.833,     10.365       
# span 2 =    11.0948,    11.7544       
# span 3 =  30.042003,  31.530507       
# span 4 =    25.6601,    27.5345       
# span 5 =      0.826,     10.272       
# span 6 =  282.00451,  283.18347       
# span 7 =  282.10372,  283.23821       
# span 8 =    67.1397,   103.1397       
# span 9 =    11.0946,    21.2887       
# span 10 = 0.0000e+00, 0.0000e+00      
# interval = seconds: 0.25
# start_time = May 04 2022 08:05:23 [Instrument's time stamp, header]
# bad_flag = -9.990e-29
*END*
[from data line 132]
 124.338307      4.263    11.7523  30.225582    25.8185      4.225  282.26612  282.37078    97.6299    20.8843 -9.990e-29
 124.338310      4.267    11.7518  30.228014    25.8211      4.229  282.26385  282.36845    97.6455    20.8398 -9.990e-29
 124.338313      4.272    11.7510  30.225243    25.8190      4.234  282.27262  282.37720   100.4471    19.3194 -9.990e-29
 124.338316      4.278    11.7503  30.224452    25.8188      4.239  282.27736  282.38190   100.4315    19.4367 -9.990e-29
 124.338319      4.283    11.7498  30.226205    25.8208      4.245  282.27636  282.38085   100.5405    19.4124 -9.990e-29
 124.338322      4.296    11.7498  30.227845    25.8223      4.258  282.27363  282.37810   100.4159    19.3922 -9.990e-29
 124.338325      4.321    11.7497  30.231973    25.8412      4.283  282.26625  282.37067   100.5405    19.4003 -9.990e-29
 124.338328      4.352    11.7507  30.248545    25.8467      4.314  282.23039  282.33469   100.2292    19.8370 0.0000e+00
 124.338330      4.400    11.7516  30.260765    25.8521      4.361  282.20366  282.30789   100.1825    19.7723 0.0000e+00
 124.338333      4.458    11.7518  30.271741    25.8623      4.418  282.18220  282.28632   100.2759    19.8249 0.0000e+00
 124.338336      4.517    11.7519  30.273722    25.8641      4.476  282.17821  282.28231   100.2447    19.7844 0.0000e+00
 124.338339      4.575    11.7516  30.282380    25.8724      4.534  282.16336  282.26734    99.4354    18.1548 0.0000e+00
 124.338342      4.630    11.7514  30.282436    25.8726      4.588  282.16426  282.26824    99.4198    18.1629 0.0000e+00
 124.338345      4.681    11.7512  30.284644    25.8747      4.639  282.16082  282.26476    99.4354    18.1791 0.0000e+00
 124.338348      4.717    11.7513  30.289963    25.8797      4.675  282.15057  282.25445    99.3420    18.1750 0.0000e+00
 124.338351      4.750    11.7513  30.293303    25.8827      4.707  282.14435  282.24819    99.6689    19.3841 0.0000e+00
 124.338354      4.775    11.7510  30.292907    25.8828      4.733  282.14673  282.25056    99.6844    19.4367 0.0000e+00
 124.338356      4.802    11.7503  30.299246    25.8827      4.759  282.13814  282.24185    99.7155    19.3841 -9.990e-29
 124.338359      4.824    11.7499  30.302925    25.8928      4.781  282.13290  282.23655    99.6844    19.4488 -9.990e-29
 124.338362      4.839    11.7495  30.305529    25.8956      4.796  282.12999  282.23358    99.3109    20.8762 -9.990e-29
 124.338365      4.859    11.7494  30.304624    25.8948      4.816  282.13235  282.23594    99.2019    21.2603 -9.990e-29
 124.338368      4.875    11.7490  30.304058    25.8945      4.832  282.13504  282.23862    99.2486    21.2482 -9.990e-29
 124.338371      4.894    11.7485  30.308360    25.8989      4.850  282.12928  282.23278    99.2953    21.1633 -9.990e-29
 124.338374      4.912    11.7477  30.310568    25.9049      4.868  282.12907  282.23248    99.3109    21.2887 -9.990e-29
 124.338377      4.939    11.7469  30.313455    25.9049      4.895  282.12758  282.23091    98.5015    21.0218 0.0000e+00
 124.338380      4.964    11.7465  30.315946    25.9049      4.920  282.12457  282.22784    98.6105    21.0177 -9.990e-29
 124.338383      4.986    11.7464  30.318947    25.9104      4.942  282.11962  282.22285    98.4860    21.0016 -9.990e-29
 124.338385      5.014    11.7465  30.320646    25.9119      4.969  282.11581  282.21903    98.3459    20.9935 -9.990e-29
 124.338388      5.034    11.7462  30.321495    25.9129      4.989  282.11586  282.21904   103.1085    21.1350 -9.990e-29
 124.338391      5.052    11.7454  30.327440    25.9190      5.007  282.10832  282.21139   103.0930    21.1754 -9.990e-29
 124.338394      5.072    11.7449  30.331008    25.9228      5.027  282.10426  282.20725   103.1397    21.1714 -9.990e-29
 124.338397      5.087    11.7437  30.344486    25.9363      5.041  282.08458  282.18734   102.9840    21.1512 -9.990e-29
 124.338400      5.091    11.7426  30.360232    25.9519      5.045  282.06032  282.16283    97.2097    20.9571 -9.990e-29
 124.338403      5.104    11.7411  30.375132    25.9670      5.058  282.03927  282.14152    97.3965    20.9369 -9.990e-29
 124.338406      5.118    11.7389  30.387031    25.9881      5.072  282.02741  282.12937    97.2875    20.9328 -9.990e-29
 124.338409      5.149    11.7364  30.394058    25.9917      5.103  282.02596  282.12767    97.3498    20.9530 0.0000e+00
 124.338411      5.189    11.7339  30.399725    25.9952      5.143  282.02706  282.12854    98.5794    20.8924 0.0000e+00
 124.338414      5.240    11.7316  30.399783    25.9968      5.193  282.03801  282.13933   101.0696    20.2333 0.0000e+00
 124.338417      5.295    11.7297  30.401823    26.0001      5.248  282.04299  282.14415   101.3809    20.2656 0.0000e+00
 124.338420      5.348    11.7285  30.412763    26.0112      5.300  282.02838  282.12934   101.2253    20.2413 0.0000e+00
 124.338423      5.397    11.7266  30.417695    26.0172      5.349  282.02794  282.12872   101.1630    20.2494 0.0000e+00
 124.338426      5.434    11.7243  30.418432    26.0183      5.385  282.03728  282.13789    99.7622    18.1023 0.0000e+00
 124.338429      5.470    11.7227  30.414464    26.0195      5.421  282.05219  282.15274    99.8556    18.1306 -9.990e-29
 124.338432      5.487    11.7221  30.418262    26.0208      5.437  282.04801  282.14847    99.7622    18.1225 -9.990e-29
 124.338435      5.510    11.7216  30.418659    26.0216      5.461  282.04988  282.15030    99.5755    18.0901 -9.990e-29
 124.338438      5.519    11.7213  30.420360    26.0234      5.470  282.04800  282.14838    98.3459    20.2939 -9.990e-29
 124.338440      5.531    11.7201  30.428240    26.0317      5.481  282.03908  282.13929    98.1747    20.3424 -9.990e-29
 124.338443      5.547    11.7185  30.438106    26.0564      5.497  282.02775  282.12774    98.2214    20.3707 -9.990e-29
 124.338446      5.572    11.7157  30.451206    26.0652      5.523  282.01652  282.11617    98.3148    20.3829 0.0000e+00
 124.338449      5.611    11.7119  30.467144    26.0741      5.560  282.00451  282.10372    93.1475    21.2320 0.0000e+00
 124.338452      5.653    11.7053  30.481156    26.0919      5.602  282.00905  282.10765    93.0541    21.2037 0.0000e+00
 124.338455      5.700    11.6964  30.491597    26.1080      5.649  282.03127  282.12914    93.1475    21.2240 0.0000e+00
 124.338458      5.746    11.6880  30.493300    26.1155      5.694  282.06759  282.16486    93.2253    21.2280 0.0000e+00
 124.338461      5.785    11.6813  30.496705    26.1195      5.734  282.09262  282.18938    93.1475    21.2442 0.0000e+00
 124.338464      5.815    11.6770  30.506580    26.1234      5.763  282.09450  282.19085    94.3459    18.4419 -9.990e-29
 124.338466      5.831    11.6706  30.512653    26.1460      5.779  282.11287  282.20871    94.4704    18.4864 -9.990e-29
 124.338469      5.850    11.6650  30.505049    26.1428      5.797  282.15368  282.24922    94.3459    18.5268 -9.990e-29
 124.338472      5.853    11.6633  30.510157    26.1488      5.801  282.15186  282.24722    94.4704    18.4945 -9.990e-29
 124.338475      5.851    11.6612  30.514243    26.1541      5.799  282.15388  282.24906   102.2214    20.2616 -9.990e-29
 124.338478      5.851    11.6578  30.512655    26.1550      5.799  282.17304  282.26799   102.1124    20.2697 -9.990e-29
 124.338481      5.849    11.6556  30.515890    26.1596      5.797  282.17731  282.27207   102.1747    20.2252 -9.990e-29
 124.338484      5.857    11.6539  30.514074    26.1591      5.804  282.18849  282.28316   102.1124    20.2090 -9.990e-29
 124.338487      5.869    11.6525  30.521396    26.1871      5.817  282.18121  282.27570    91.3420    19.0485 -9.990e-29
 124.338490      5.895    11.6488  30.539789    26.2036      5.842  282.16445  282.25847    91.1864    19.0121 0.0000e+00
 124.338492      5.930    11.6394  30.567785    26.2201      5.877  282.15548  282.24853    91.3264    18.9797 0.0000e+00
 124.338495      5.983    11.6226  30.587327    26.2505      5.929  282.19788  282.28954    91.2798    19.0040 0.0000e+00
 124.338498      6.037    11.6036  30.595965    26.2721      5.983  282.27043  282.36066    92.5716    17.9526 0.0000e+00
 124.338501      6.101    11.5878  30.620514    26.3065      6.046  282.29843  282.38727    92.4938    17.9850 0.0000e+00
 124.338504      6.163    11.5682  30.656329    26.3544      6.108  282.32283  282.40988    92.3381    17.9163 0.0000e+00
 124.338507      6.229    11.5413  30.664577    26.3813      6.173  282.43327  282.51833    92.5405    17.9810 0.0000e+00
 124.338510      6.283    11.5208  30.672597    26.4035      6.227  282.51444  282.59795    92.4782    17.9607 0.0000e+00
 124.338513      6.326    11.5060  30.676239    26.4105      6.269  282.57712  282.65954    82.6105    16.2018 0.0000e+00
 124.338516      6.355    11.4949  30.701381    26.4175      6.298  282.58137  282.66272    82.6727    16.1371 -9.990e-29
 124.338519      6.370    11.4818  30.715265    26.4718      6.313  282.61653  282.69678    82.7039    16.1168 -9.990e-29
 124.338521      6.368    11.4675  30.700531    26.4680      6.311  282.71166  282.79107    82.7350    16.1573 -9.990e-29
 124.338524      6.366    11.4628  30.704514    26.4751      6.309  282.72598  282.80501    84.6338    16.2018 -9.990e-29
 124.338527      6.353    11.4596  30.721754    26.4939      6.296  282.70839  282.78699    84.5716    16.1775 -9.990e-29
 124.338530      6.346    11.4527  30.736096    26.5125      6.289  282.71365  282.79159    84.6183    16.1775 -9.990e-29
 124.338533      6.347    11.4421  30.764048    26.5466      6.291  282.71010  282.78695    84.5249    16.2098 -9.990e-29
 124.338536      6.351    11.4274  30.781701    26.5741      6.294  282.74594  282.82153    86.1903    15.9672 -9.990e-29
 124.338539      6.367    11.4109  30.819582    26.6633      6.310  282.75131  282.82527    86.3615    15.9753 -9.990e-29
 124.338542      6.396    11.3890  30.846424    26.6824      6.339  282.80256  282.87462    86.2525    15.9713 0.0000e+00
 124.338545      6.440    11.3677  30.870254    26.7014      6.383  282.85718  282.92742    86.4393    15.9794 0.0000e+00
 124.338547      6.495    11.3487  30.900477    26.7440      6.437  282.88863  282.95713    80.5871    15.9187 0.0000e+00
 124.338550      6.555    11.3292  30.909149    26.7664      6.497  282.96363  283.03062    80.6183    15.9066 0.0000e+00
 124.338553      6.610    11.3133  30.927348    26.7954      6.551  283.00377  283.06937    80.6027    15.9551 0.0000e+00
 124.338556      6.658    11.3005  30.923413    26.8008      6.598  283.07110  283.13582    80.5871    15.9106 0.0000e+00
 124.338559      6.697    11.2935  30.927065    26.8094      6.638  283.09708  283.16124    80.4782    15.8823 0.0000e+00
 124.338562      6.728    11.2890  30.940588    26.8175      6.668  283.09234  283.15601    79.6689    15.0291 0.0000e+00
 124.338565      6.754    11.2839  30.945211    26.8256      6.693  283.10717  283.17041    79.2798    15.0817 -9.990e-29
 124.338568      6.768    11.2784  30.951945    26.8441      6.708  283.12018  283.18294    79.4821    15.0089 -9.990e-29
 124.338571      6.776    11.2739  30.955655    26.8510      6.715  283.13449  283.19687    79.4354    15.1019 -9.990e-29
 124.338573      6.783    11.2700  30.958909    26.8569      6.722  283.14615  283.20822    78.3926    15.0210 -9.990e-29
 124.338576      6.799    11.2680  30.966672    26.8658      6.739  283.14089  283.20271    78.4393    15.0331 -9.990e-29
 124.338579      6.816    11.2652  30.984825    26.9054      6.755  283.11925  283.18064    78.2214    14.9482 -9.990e-29
 124.338582      6.849    11.2590  31.001156    26.9180      6.788  283.11706  283.17780    78.5327    14.9765 0.0000e+00
 124.338585      6.887    11.2517  31.021946    26.9306      6.826  283.11141  283.17136    79.3264    14.9967 0.0000e+00
 124.338588      6.935    11.2434  31.054454    26.9679      6.873  283.08840  283.14733    79.6222    15.0938 0.0000e+00
 124.338591      6.985    11.2334  31.076572    26.9964      6.923  283.09288  283.15081    79.6066    15.0129 0.0000e+00
 124.338594      7.033    11.2236  31.095152    27.0214      6.970  283.10316  283.16013    79.3420    15.0776 0.0000e+00
 124.338597      7.071    11.2148  31.100585    27.0272      7.008  283.13383  283.19009    76.1047    13.9090 0.0000e+00
 124.338600      7.102    11.2089  31.102701    27.0330      7.039  283.15748  283.21328    76.0113    13.8847 -9.990e-29
 124.338602      7.127    11.2052  31.109162    27.0482      7.064  283.16228  283.21773    76.0735    13.9090 -9.990e-29
 124.338605      7.144    11.2026  31.112251    27.0531      7.080  283.16877  283.22399    75.9023    13.8847 -9.990e-29
 124.338608      7.148    11.2005  31.119056    27.0612      7.084  283.16526  283.22024    76.1669    13.8564 -9.990e-29
 124.338611      7.146    11.1984  31.121401    27.0650      7.082  283.17062  283.22541    79.7622    13.7634 -9.990e-29
 124.338614      7.144    11.1971  31.117855    27.0625      7.080  283.18347  283.23821    79.4354    13.6745 -9.990e-29
 124.338617      7.137    11.1975  31.131067    27.0749      7.073  283.15651  283.21111    79.6066    13.6866 -9.990e-29
 124.338620      7.140    11.1968  31.151546    27.0951      7.077  283.12006  283.17437    79.7934    13.7068 -9.990e-29
 124.338623      7.153    11.1932  31.164305    27.1256      7.089  283.11274  283.16661    76.0424    12.8294 -9.990e-29
 124.338626      7.184    11.1885  31.176953    27.1329      7.120  283.11040  283.16377    76.2759    12.8253 0.0000e+00
 124.338628      7.225    11.1844  31.189030    27.1402      7.160  283.10629  283.15921    76.1358    12.8253 0.0000e+00
 124.338631      7.277    11.1814  31.201509    27.1544      7.212  283.09665  283.14919    76.1047    12.8374 0.0000e+00
 124.338634      7.339    11.1786  31.216681    27.1710      7.274  283.08025  283.13239    76.5405    13.5087 0.0000e+00
 124.338637      7.402    11.1756  31.224297    27.1804      7.335  283.07994  283.13176    76.2914    13.5046 0.0000e+00
 124.338640      7.462    11.1730  31.222179    27.1806      7.395  283.09611  283.14777    76.4004    13.5451 0.0000e+00
 124.338643      7.518    11.1716  31.230483    27.1894      7.451  283.08686  283.13831    76.4315    13.5329 0.0000e+00
 124.338646      7.559    11.1706  31.233060    27.1910      7.491  283.08669  283.13804    72.1358    12.5584 0.0000e+00
 124.338649      7.593    11.1696  31.237184    27.1926      7.525  283.08324  283.13446    72.4471    12.6110 -9.990e-29
 124.338652      7.608    11.1693  31.238730    27.1990      7.540  283.08186  283.13304    72.2292    12.6150 -9.990e-29
 124.338655      7.617    11.1687  31.244401    27.2049      7.549  283.07382  283.12488    72.2914    12.5867 -9.990e-29
 124.338657      7.620    11.1678  31.253336    27.2142      7.552  283.06077  283.11166    72.3537    12.5706 -9.990e-29
 124.338660      7.617    11.1664  31.264851    27.2263      7.549  283.04530  283.09593    74.5949    12.8213 -9.990e-29
 124.338663      7.626    11.1651  31.265253    27.2276      7.558  283.05024  283.10078    74.4704    12.8496 -9.990e-29
 124.338666      7.633    11.1644  31.273790    27.2364      7.565  283.03732  283.08770    74.6416    12.8213 -9.990e-29
 124.338669      7.650    11.1635  31.279921    27.2429      7.581  283.02967  283.07990    74.5171    12.8374 -9.990e-29
 124.338672      7.675    11.1627  31.283417    27.2585      7.606  283.02677  283.07690    73.6766    12.8536 -9.990e-29
 124.338675      7.704    11.1617  31.294764    27.2615      7.635  283.00941  283.05933    73.4743    12.8253 0.0000e+00
 124.338678      7.739    11.1606  31.300037    27.2644      7.670  283.00469  283.05445    73.5521    12.8172 0.0000e+00
 124.338681      7.777    11.1592  31.303362    27.2686      7.707  283.00497  283.05459    73.6611    12.8374 0.0000e+00
