Processed/SBE19plus_01907321_2022_05_11_Cast121_wfilter.cnv
* Sea-Bird SBE19plus  Data File:
* FileName = E:\Prandtl_Daten\2022\CTD\Raw\SBE19plus_01907321_2022_05_11_Cast121.hex
* Software version 2.6.1.12
* Temperature SN = 7321
* Conductivity SN = 7321
* System UpLoad Time = May 11 2022 07:22:44
* <ApplicationData>
* <Seaterm232>
** Messpraktikum 2022
** CTD 10.05  BE
** NMEA Latitude = 54 07.49N
** NMEA Longitude = 008 50.28E
# nquan = 11
# nvalues = 678                         
# units = specified
# name 0 = timeJ: Julian Days
# name 1 = prdM: Pressure, Strain Gauge [db]
# name 2 = tv290C: Temperature [ITS-90, deg C]
# name 3 = c0mS/cm: Conductivity [mS/cm]
# name 4 = sal00: Salinity, Practical [PSU]
# name 5 = depSM: Depth [salt water, m], lat = 54.00
# name 6 = oxsatMm/Kg: Oxygen Saturation, Weiss [umol/kg]
# name 7 = oxsolMm/Kg: Oxygen Saturation, Garcia & Gordon [umol/kg]
# name 8 = turbWETntu0: Turbidity, WET Labs ECO [NTU]
# name 9 = flECO-AFL: Fluorescence, WET Labs ECO-AFL/FL [mg/m^3]
# name 10 = flag:  0.000e+00
# span 0 = 131.301470, 131.303429       
# span 1 =      0.300,     15.645       
# span 2 =    13.6783,    13.7183       
# span 3 =  32.978813,  33.005176       
# span 4 =    26.9898,    27.0344       
# span 5 =      0.298,     15.504       
# span 6 =  268.56827,  268.71065       
# span 7 =  268.77285,  268.91269       
# span 8 =     0.7584,     4.1513       
# span 9 =     2.3280,     3.4400       
# span 10 = 0.0000e+00, 0.0000e+00      
# interval = seconds: 0.25
# start_time = May 11 2022 07:12:51 [Instrument's time stamp, header]
# bad_flag = -9.990e-29
*END*
[from data line 525]
 131.302989     12.223    13.6844  33.002955    27.0319     12.114  268.68072  268.88311     3.5599     2.9507 -9.990e-29
 131.302992     12.243    13.6839  33.003013    27.0322     12.134  268.68252  268.88488     3.5599     2.9912 -9.990e-29
 131.302995     12.267    13.6838  33.002545    27.0321     12.157  268.68396  268.88631     3.5755     2.9952 -9.990e-29
 131.302998     12.296    13.6839  33.002779    27.0320     12.186  268.68326  268.88562     2.2525     3.1367 0.0000e+00
 131.303001     12.323    13.6838  33.002604    27.0319     12.213  268.68389  268.88625     2.3303     3.1529 0.0000e+00
 131.303003     12.353    13.6839  33.002136    27.0316     12.242  268.68407  268.88644     2.3303     3.1651 0.0000e+00
 131.303006     12.382    13.6841  33.003189    27.0314     12.271  268.68168  268.88405     2.3615     3.1651 -9.990e-29
 131.303009     12.400    13.6839  33.002780    27.0320     12.289  268.68301  268.88538     2.3615     3.1772 -9.990e-29
 131.303012     12.426    13.6838  33.003424    27.0326     12.314  268.68257  268.88492     1.8790     3.4158 -9.990e-29
 131.303015     12.448    13.6837  33.003014    27.0323     12.336  268.68359  268.88594     1.8634     3.4400 -9.990e-29
 131.303018     12.471    13.6834  33.002956    27.0325     12.360  268.68496  268.88729     1.7700     3.4036 -9.990e-29
 131.303021     12.493    13.6831  33.002956    27.0327     12.381  268.68623  268.88854     1.8323     3.4198 -9.990e-29
 131.303024     12.506    13.6830  33.003190    27.0329     12.394  268.68615  268.88846     3.0930     3.0397 -9.990e-29
 131.303027     12.528    13.6830  33.002546    27.0324     12.416  268.68757  268.88988     3.1241     3.0235 -9.990e-29
 131.303030     12.544    13.6829  33.003190    27.0330     12.432  268.68681  268.88910     3.0307     3.0154 -9.990e-29
 131.303032     12.564    13.6830  33.002195    27.0321     12.452  268.68818  268.89050     3.0930     3.0599 -9.990e-29
 131.303035     12.588    13.6829  33.002781    27.0330     12.475  268.68752  268.88983     2.5482     3.0680 -9.990e-29
 131.303038     12.614    13.6826  33.002956    27.0326     12.501  268.68850  268.89078     2.6572     3.0316 0.0000e+00
 131.303041     12.641    13.6822  33.001786    27.0330     12.527  268.69238  268.89464     2.5171     3.0357 0.0000e+00
 131.303044     12.670    13.6820  33.002781    27.0332     12.556  268.69134  268.89359     2.7194     3.0518 0.0000e+00
 131.303047     12.699    13.6819  33.002957    27.0332     12.585  268.69138  268.89362     2.2214     3.2904 0.0000e+00
 131.303050     12.728    13.6819  33.002196    27.0330     12.614  268.69268  268.89493     2.3459     3.2945 0.0000e+00
 131.303053     12.759    13.6816  33.002547    27.0327     12.645  268.69336  268.89559     2.2836     3.3106 -9.990e-29
 131.303056     12.778    13.6814  33.002547    27.0334     12.663  268.69432  268.89653     2.3926     3.3187 -9.990e-29
 131.303058     12.790    13.6811  33.002606    27.0336     12.676  268.69548  268.89768     2.2836     3.2864 -9.990e-29
 131.303061     12.799    13.6811  33.002547    27.0336     12.685  268.69590  268.89809     2.3926     2.7283 -9.990e-29
 131.303064     12.812    13.6812  33.002372    27.0334     12.697  268.69558  268.89778     2.4393     2.7041 -9.990e-29
 131.303067     12.832    13.6810  33.002021    27.0335     12.717  268.69712  268.89932     2.1903     2.7122 -9.990e-29
 131.303070     12.859    13.6811  33.002372    27.0334     12.744  268.69623  268.89843     2.4548     2.7041 0.0000e+00
 131.303073     12.887    13.6808  33.001963    27.0335     12.771  268.69820  268.90038     1.8634     2.8618 0.0000e+00
 131.303076     12.921    13.6809  33.002606    27.0335     12.806  268.69650  268.89869     1.9568     2.8416 0.0000e+00
 131.303079     12.949    13.6809  33.002548    27.0338     12.833  268.69662  268.89880     1.8167     2.8416 -9.990e-29
 131.303082     12.971    13.6809  33.002431    27.0336     12.854  268.69683  268.89902     1.8167     2.8699 -9.990e-29
 131.303084     12.996    13.6808  33.002138    27.0334     12.880  268.69797  268.90015     3.0930     2.9224 -9.990e-29
 131.303087     13.014    13.6808  33.002548    27.0338     12.898  268.69729  268.89946     3.0463     2.9224 -9.990e-29
 131.303090     13.044    13.6805  33.002431    27.0339     12.927  268.69876  268.90092     3.0463     2.8941 -9.990e-29
 131.303093     13.062    13.6805  33.002548    27.0339     12.945  268.69826  268.90042     3.0619     2.9305 -9.990e-29
 131.303096     13.084    13.6805  33.002139    27.0335     12.966  268.69896  268.90113     1.3187     2.7243 -9.990e-29
 131.303099     13.106    13.6805  33.002431    27.0339     12.988  268.69880  268.90096     1.2564     2.7081 -9.990e-29
 131.303102     13.120    13.6805  33.002373    27.0338     13.002  268.69890  268.90106     1.3498     2.7203 -9.990e-29
 131.303105     13.142    13.6805  33.002373    27.0337     13.024  268.69860  268.90077     1.2720     2.7405 -9.990e-29
 131.303108     13.160    13.6806  33.002607    27.0339     13.042  268.69791  268.90007     1.3187     2.7405 -9.990e-29
 131.303111     13.182    13.6808  33.002549    27.0337     13.064  268.69739  268.89957     1.8634     3.0963 -9.990e-29
 131.303113     13.211    13.6808  33.002549    27.0335     13.093  268.69709  268.89928     1.8945     3.1206 0.0000e+00
 131.303116     13.241    13.6810  33.002432    27.0334     13.122  268.69668  268.89887     1.8167     3.0923 0.0000e+00
 131.303119     13.266    13.6811  33.002373    27.0333     13.147  268.69617  268.89837     1.7233     3.0640 0.0000e+00
 131.303122     13.293    13.6813  33.002549    27.0333     13.174  268.69495  268.89716     1.5521     2.8537 -9.990e-29
 131.303125     13.317    13.6816  33.003017    27.0335     13.198  268.69291  268.89514     1.5210     2.8335 -9.990e-29
 131.303128     13.341    13.6817  33.002959    27.0334     13.221  268.69271  268.89495     1.5366     2.8456 -9.990e-29
 131.303131     13.365    13.6815  33.003427    27.0339     13.245  268.69288  268.89509     1.5521     2.8537 -9.990e-29
 131.303134     13.386    13.6819  33.003427    27.0336     13.267  268.69101  268.89325     2.2525     3.0235 -9.990e-29
 131.303137     13.403    13.6821  33.002374    27.0326     13.283  268.69217  268.89443     2.3459     3.0357 -9.990e-29
 131.303139     13.416    13.6822  33.002959    27.0330     13.295  268.69088  268.89313     2.3459     3.0074 -9.990e-29
 131.303142     13.434    13.6820  33.002432    27.0327     13.314  268.69240  268.89466     2.3615     3.0518 -9.990e-29
 131.303145     13.452    13.6819  33.002959    27.0332     13.332  268.69184  268.89409     2.1436     3.0761 -9.990e-29
 131.303148     13.480    13.6819  33.003017    27.0333     13.359  268.69176  268.89400     2.1280     3.0599 0.0000e+00
 131.303151     13.505    13.6819  33.003193    27.0333     13.384  268.69179  268.89403     2.1280     3.1044 0.0000e+00
 131.303154     13.531    13.6820  33.003193    27.0334     13.410  268.69118  268.89343     2.0813     3.1125 0.0000e+00
 131.303157     13.558    13.6819  33.003193    27.0333     13.437  268.69151  268.89375     2.0191     3.0801 0.0000e+00
 131.303160     13.586    13.6818  33.003193    27.0334     13.464  268.69215  268.89439     4.1513     2.9912 -9.990e-29
 131.303163     13.610    13.6819  33.002140    27.0324     13.488  268.69363  268.89588     4.1047     2.9507 -9.990e-29
 131.303166     13.633    13.6817  33.002784    27.0331     13.511  268.69319  268.89542     4.0268     2.9548 -9.990e-29
 131.303168     13.663    13.6816  33.002550    27.0330     13.540  268.69423  268.89646     3.9490     2.9346 -9.990e-29
 131.303171     13.683    13.6815  33.003194    27.0336     13.560  268.69347  268.89569     2.2992     2.9143 -9.990e-29
 131.303174     13.703    13.6816  33.003018    27.0334     13.580  268.69346  268.89569     2.3303     2.9063 -9.990e-29
 131.303177     13.721    13.6816  33.002784    27.0331     13.598  268.69356  268.89579     2.3303     2.8780 -9.990e-29
 131.303180     13.735    13.6811  33.001731    27.0325     13.612  268.69754  268.89975     2.3770     2.9507 -9.990e-29
 131.303183     13.755    13.6809  33.002433    27.0333     13.632  268.69731  268.89950     2.5638     2.9103 -9.990e-29
 131.303186     13.772    13.6806  33.002550    27.0336     13.648  268.69838  268.90055     2.6261     2.9265 -9.990e-29
 131.303189     13.797    13.6805  33.002375    27.0336     13.674  268.69932  268.90148     2.6261     2.9346 0.0000e+00
 131.303192     13.823    13.6805  33.002609    27.0336     13.699  268.69894  268.90110     2.7039     2.9224 -9.990e-29
 131.303194     13.847    13.6804  33.002551    27.0338     13.723  268.69937  268.90152     2.5949     3.2136 -9.990e-29
 131.303197     13.878    13.6804  33.002551    27.0338     13.753  268.69939  268.90154     2.5638     3.2095 0.0000e+00
 131.303200     13.905    13.6804  33.002609    27.0338     13.780  268.69930  268.90146     2.5949     3.2136 0.0000e+00
 131.303203     13.932    13.6803  33.002551    27.0338     13.807  268.69973  268.90189     2.6727     3.2055 0.0000e+00
 131.303206     13.963    13.6802  33.002376    27.0338     13.838  268.70036  268.90251     2.5482     3.2257 -9.990e-29
 131.303209     13.985    13.6801  33.002434    27.0338     13.860  268.70091  268.90305     2.8595     2.8658 -9.990e-29
 131.303212     14.003    13.6801  33.002142    27.0335     13.878  268.70141  268.90355     2.6883     2.8254 -9.990e-29
 131.303215     14.014    13.6802  33.002785    27.0340     13.888  268.69970  268.90185     2.8595     2.8618 -9.990e-29
 131.303218     14.027    13.6802  33.002785    27.0340     13.901  268.69971  268.90186     2.8595     2.8456 -9.990e-29
 131.303220     14.041    13.6805  33.000913    27.0322     13.916  268.70194  268.90412     2.0813     2.8901 -9.990e-29
 131.303223     14.069    13.6802  33.002200    27.0335     13.943  268.70072  268.90288     2.0035     2.8780 -9.990e-29
 131.303226     14.092    13.6799  33.002552    27.0343     13.966  268.70140  268.90353     2.0969     2.9305 -9.990e-29
 131.303229     14.120    13.6798  33.002786    27.0341     13.993  268.70165  268.90377     2.1436     2.9143 0.0000e+00
 131.303232     14.151    13.6801  33.002610    27.0341     14.024  268.70071  268.90285     2.8906     2.9831 0.0000e+00
 131.303235     14.182    13.6801  33.002552    27.0339     14.055  268.70083  268.90297     2.7817     2.9629 -9.990e-29
 131.303238     14.204    13.6800  33.002142    27.0335     14.076  268.70185  268.90399     2.7817     2.9831 -9.990e-29
 131.303241     14.224    13.6799  33.002201    27.0336     14.096  268.70208  268.90421     2.8440     2.9790 -9.990e-29
 131.303244     14.249    13.6797  33.002377    27.0339     14.121  268.70274  268.90486     2.6105     2.7162 -9.990e-29
 131.303247     14.273    13.6797  33.002377    27.0340     14.145  268.70307  268.90518     2.6105     2.6919 -9.990e-29
 131.303249     14.295    13.6794  33.002201    27.0340     14.167  268.70432  268.90642     2.5638     2.7122 -9.990e-29
 131.303252     14.317    13.6797  33.002143    27.0337     14.189  268.70317  268.90530     2.5638     2.7041 -9.990e-29
 131.303255     14.331    13.6796  33.002143    27.0338     14.203  268.70381  268.90592     2.5638     2.7041 -9.990e-29
 131.303258     14.351    13.6797  33.002201    27.0338     14.223  268.70341  268.90553     2.6105     2.9022 -9.990e-29
 131.303261     14.368    13.6797  33.002377    27.0340     14.239  268.70312  268.90524     2.5794     2.9103 -9.990e-29
 131.303264     14.390    13.6797  33.001090    27.0328     14.261  268.70531  268.90744     2.6572     2.9103 -9.990e-29
 131.303267     14.413    13.6797  33.002436    27.0336     14.284  268.70305  268.90517     2.5638     2.9143 -9.990e-29
 131.303270     14.441    13.6796  33.001968    27.0339     14.311  268.70417  268.90629     2.0502     3.0923 0.0000e+00
 131.303273     14.468    13.6795  33.002553    27.0341     14.338  268.70352  268.90562     2.0969     3.0842 0.0000e+00
 131.303275     14.497    13.6797  33.002611    27.0341     14.367  268.70249  268.90461     2.0969     3.0963 0.0000e+00
 131.303278     14.523    13.6799  33.001558    27.0332     14.392  268.70335  268.90549     1.9568     3.1084 0.0000e+00
 131.303281     14.550    13.6797  33.001617    27.0331     14.420  268.70452  268.90664     2.2836     2.9143 0.0000e+00
 131.303284     14.576    13.6799  33.002553    27.0332     14.445  268.70201  268.90414     2.3303     2.8860 -9.990e-29
 131.303287     14.594    13.6798  33.002553    27.0339     14.463  268.70234  268.90446     2.3148     2.8699 -9.990e-29
 131.303290     14.610    13.6797  33.002436    27.0339     14.479  268.70286  268.90498     2.3770     2.9063 -9.990e-29
 131.303293     14.628    13.6797  33.002144    27.0336     14.497  268.70336  268.90549     1.6922     2.7728 -9.990e-29
 131.303296     14.643    13.6795  33.001968    27.0336     14.512  268.70461  268.90672     1.7700     2.7769 -9.990e-29
 131.303299     14.659    13.6794  33.002202    27.0339     14.528  268.70454  268.90665     1.8323     2.7566 -9.990e-29
 131.303302     14.683    13.6791  33.002378    27.0342     14.552  268.70551  268.90760     1.7545     2.7809 -9.990e-29
 131.303304     14.707    13.6794  33.002144    27.0340     14.575  268.70498  268.90708     1.8167     2.7526 -9.990e-29
 131.303307     14.738    13.6792  33.002203    27.0339     14.606  268.70553  268.90762     2.8906     2.7890 0.0000e+00
 131.303310     14.769    13.6793  33.002144    27.0339     14.637  268.70533  268.90743     2.7661     2.8011 0.0000e+00
 131.303313     14.795    13.6793  33.002144    27.0339     14.662  268.70535  268.90745     2.7506     2.7688 0.0000e+00
 131.303316     14.820    13.6792  33.002027    27.0339     14.687  268.70588  268.90797     2.8906     2.7688 0.0000e+00
 131.303319     14.847    13.6791  33.001735    27.0338     14.714  268.70670  268.90879     4.1358     2.9710 -9.990e-29
 131.303322     14.871    13.6791  33.001735    27.0336     14.738  268.70703  268.90912     4.0268     2.9548 -9.990e-29
 131.303325     14.891    13.6790  33.002028    27.0339     14.758  268.70686  268.90894     4.0891     2.9790 -9.990e-29
 131.303328     14.909    13.6788  33.001969    27.0340     14.776  268.70792  268.90998     4.0891     2.9831 -9.990e-29
 131.303330     14.926    13.6787  33.002145    27.0342     14.792  268.70794  268.91000     2.0969     2.6798 -9.990e-29
 131.303333     14.942    13.6788  33.002437    27.0344     14.808  268.70714  268.90921     2.1280     2.6475 -9.990e-29
 131.303336     14.964    13.6791  33.002145    27.0340     14.830  268.70640  268.90848     2.1124     2.6353 -9.990e-29
 131.303339     14.981    13.6789  33.002145    27.0341     14.846  268.70703  268.90911     2.0502     2.6475 -9.990e-29
 131.303342     15.004    13.6789  33.002203    27.0341     14.870  268.70695  268.90902     2.0502     3.2904 -9.990e-29
 131.303345     15.028    13.6788  33.002145    27.0341     14.893  268.70738  268.90945     2.0657     3.2985 -9.990e-29
 131.303348     15.059    13.6789  33.002438    27.0343     14.924  268.70659  268.90866     2.0502     3.3025 -9.990e-29
 131.303351     15.081    13.6788  33.001970    27.0338     14.946  268.70771  268.90978     1.9879     3.2702 -9.990e-29
 131.303354     15.110    13.6790  33.001970    27.0339     14.975  268.70710  268.90918     2.0502     3.3106 0.0000e+00
 131.303356     15.137    13.6789  33.002204    27.0338     15.002  268.70703  268.90911     2.3148     2.9750 0.0000e+00
 131.303359     15.165    13.6788  33.001736    27.0339     15.029  268.70847  268.91054     2.3148     2.9952 0.0000e+00
 131.303362     15.194    13.6788  33.002146    27.0337     15.058  268.70748  268.90955     2.3303     2.9467 -9.990e-29
