Processed/SBE19plus_01907321_2022_05_05_Cast22_wfilter.cnv
* Sea-Bird SBE19plus  Data File:
* FileName = E:\Prandtl Daten\2022\CTD\Raw\SBE19plus_01907321_2022_05_04_Cast22.hex
* Software version 2.6.1.12
* Temperature SN = 7321
* Conductivity SN = 7321
* System UpLoad Time = May 05 2022 07:37:03
* <ApplicationData>
* <Seaterm232>
** Messpraktikum 2022
** CTD 05.05 BE
# nquan = 11
# nvalues = 546                         
# units = specified
# name 0 = timeJ: Julian Days
# name 1 = prdM: Pressure, Strain Gauge [db]
# name 2 = tv290C: Temperature [ITS-90, deg C]
# name 3 = c0mS/cm: Conductivity [mS/cm]
# name 4 = sal00: Salinity, Practical [PSU]
# name 5 = depSM: Depth [salt water, m], lat = 54.00
# name 6 = oxsatMm/Kg: Oxygen Saturation, Weiss [umol/kg]
# name 7 = oxsolMm/Kg: Oxygen Saturation, Garcia & Gordon [umol/kg]
# name 8 = turbWETntu0: Turbidity, WET Labs ECO [NTU]
# name 9 = flECO-AFL: Fluorescence, WET Labs ECO-AFL/FL [mg/m^3]
# name 10 = flag:  0.000e+00
# span 0 = 125.312242, 125.313819       
# span 1 =      0.430,     14.636       
# span 2 =    12.0602,    12.1596       
# span 3 =  31.544004,  31.717142       
# span 4 =    26.8344,    26.9338       
# span 5 =      0.427,     14.505       
# span 6 =  277.64623,  278.35233       
# span 7 =  277.76257,  278.46435       
# span 8 =    19.2331,   118.7194       
# span 9 =     8.2520,    15.6235       
# span 10 = 0.0000e+00, 0.0000e+00      
# interval = seconds: 0.25
# start_time = May 05 2022 07:27:25 [Instrument's time stamp, header]
# bad_flag = -9.990e-29
*END*
[from data line 132]
 125.312624      3.676    12.0766  31.550679    26.8372      3.643  278.31043  278.42291    22.6572     9.0202 -9.990e-29
 125.312627      3.701    12.0763  31.550910    26.8375      3.668  278.31130  278.42375    22.7973     9.0202 -9.990e-29
 125.312630      3.734    12.0762  31.550680    26.8377      3.701  278.31238  278.42483    22.7817     9.0324 0.0000e+00
 125.312633      3.762    12.0757  31.550680    26.8377      3.728  278.31462  278.42704    22.5794     9.0647 0.0000e+00
 125.312636      3.796    12.0755  31.550335    26.8378      3.762  278.31623  278.42864    20.9451     8.5350 0.0000e+00
 125.312639      3.827    12.0749  31.550105    26.8378      3.793  278.31922  278.43159    20.9918     8.5148 0.0000e+00
 125.312642      3.853    12.0745  31.550335    26.8383      3.818  278.32072  278.43306    21.0696     8.5431 0.0000e+00
 125.312645      3.886    12.0742  31.550335    26.8385      3.851  278.32201  278.43433    21.1163     8.5674 0.0000e+00
 125.312648      3.915    12.0741  31.550335    26.8385      3.880  278.32267  278.43498    20.9607     8.5593 0.0000e+00
 125.312650      3.942    12.0736  31.550106    26.8386      3.907  278.32502  278.43730    21.6299     8.8868 -9.990e-29
 125.312653      3.964    12.0734  31.550106    26.8388      3.929  278.32598  278.43825    21.5210     8.8828 -9.990e-29
 125.312656      3.988    12.0729  31.550336    26.8394      3.952  278.32780  278.44004    21.5054     8.8666 -9.990e-29
 125.312659      4.008    12.0729  31.549933    26.8392      3.972  278.32887  278.44111    21.4899     8.8625 -9.990e-29
 125.312662      4.033    12.0727  31.549933    26.8393      3.997  278.32984  278.44206    21.4899     8.6644 0.0000e+00
 125.312665      4.061    12.0725  31.549934    26.8392      4.025  278.33082  278.44302    21.4587     8.6846 0.0000e+00
 125.312668      4.088    12.0722  31.548726    26.8393      4.052  278.33432  278.44652    21.5521     8.6806 0.0000e+00
 125.312671      4.116    12.0718  31.549531    26.8394      4.079  278.33445  278.44662    21.4899     8.6684 0.0000e+00
 125.312674      4.147    12.0722  31.550681    26.8397      4.110  278.33046  278.44264    22.1280     8.7291 0.0000e+00
 125.312677      4.181    12.0732  31.550911    26.8397      4.144  278.32592  278.43817    22.2369     8.7210 0.0000e+00
 125.312679      4.209    12.0741  31.550106    26.8382      4.171  278.32297  278.43529    22.1280     8.7291 0.0000e+00
 125.312682      4.238    12.0747  31.550106    26.8378      4.200  278.32045  278.43280    22.3148     8.7372 0.0000e+00
 125.312685      4.266    12.0753  31.550509    26.8378      4.227  278.31718  278.42957    21.4743     8.7291 0.0000e+00
 125.312688      4.293    12.0760  31.550681    26.8378      4.255  278.31339  278.42583    21.5521     8.7534 -9.990e-29
 125.312691      4.315    12.0762  31.550911    26.8375      4.276  278.31234  278.42479    21.4899     8.6968 -9.990e-29
 125.312694      4.333    12.0761  31.551486    26.8381      4.294  278.31162  278.42406    21.4899     8.7534 -9.990e-29
 125.312697      4.353    12.0764  31.551716    26.8381      4.314  278.30962  278.42208    21.4276     8.7331 -9.990e-29
 125.312700      4.375    12.0767  31.552061    26.8382      4.336  278.30805  278.42052    22.7039     9.1011 -9.990e-29
 125.312703      4.404    12.0774  31.553269    26.8388      4.365  278.30236  278.41487    22.6883     9.1133 -9.990e-29
 125.312705      4.428    12.0790  31.553441    26.8372      4.389  278.29474  278.40736    22.7194     9.0930 -9.990e-29
 125.312708      4.457    12.0802  31.553671    26.8367      4.417  278.28894  278.40164    22.7194     9.0728 0.0000e+00
 125.312711      4.490    12.0810  31.553269    26.8362      4.450  278.28620  278.39896    34.6105    10.9248 0.0000e+00
 125.312714      4.517    12.0810  31.553096    26.8360      4.477  278.28654  278.39929    34.4548    10.9369 0.0000e+00
 125.312717      4.545    12.0809  31.552694    26.8360      4.504  278.28761  278.40037    34.5482    10.9208 0.0000e+00
 125.312720      4.578    12.0801  31.553097    26.8362      4.537  278.29039  278.40309    34.5327    10.9005 0.0000e+00
 125.312723      4.607    12.0796  31.553442    26.8366      4.566  278.29232  278.40498    31.0152    10.7307 -9.990e-29
 125.312726      4.632    12.0793  31.554649    26.8387      4.591  278.29139  278.40402    30.9685    10.7145 -9.990e-29
 125.312729      4.652    12.0789  31.553269    26.8377      4.611  278.29585  278.40846    31.0619    10.7469 -9.990e-29
 125.312731      4.674    12.0786  31.552867    26.8375      4.632  278.29787  278.41047    31.0307    10.7307 -9.990e-29
 125.312734      4.692    12.0790  31.554074    26.8383      4.650  278.29376  278.40637    29.8478    11.4545 -9.990e-29
 125.312737      4.720    12.0792  31.556432    26.8404      4.678  278.28882  278.40142    29.8323    11.4424 -9.990e-29
 125.312740      4.741    12.0783  31.562930    26.8549      4.699  278.28073  278.39320    29.7078    11.4424 -9.990e-29
 125.312743      4.771    12.0764  31.569831    26.8582      4.728  278.27667  278.38893    29.8634    11.4505 0.0000e+00
 125.312746      4.802    12.0736  31.574604    26.8615      4.759  278.28095  278.39298    29.8478    11.4303 0.0000e+00
 125.312749      4.835    12.0710  31.573800    26.8626      4.791  278.29421  278.40606    30.8284    11.1068 0.0000e+00
 125.312752      4.860    12.0706  31.573627    26.8626      4.817  278.29645  278.40828    30.8906    11.0785 0.0000e+00
 125.312755      4.891    12.0711  31.572592    26.8627      4.847  278.29583  278.40770    30.8284    11.1229 0.0000e+00
 125.312758      4.920    12.0718  31.574777    26.8628      4.876  278.28866  278.40056    30.8128    11.1108 0.0000e+00
 125.312760      4.949    12.0722  31.576560    26.8636      4.905  278.28382  278.39572    31.2642    10.8480 0.0000e+00
 125.312763      4.977    12.0724  31.579551    26.8643      4.932  278.27740  278.38928    31.2953    10.8561 -9.990e-29
 125.312766      4.999    12.0721  31.576733    26.8645      4.954  278.28385  278.39575    31.2798    10.8439 -9.990e-29
 125.312769      5.017    12.0716  31.579551    26.8675      4.972  278.28092  278.39275    31.2486    10.8399 -9.990e-29
 125.312772      5.041    12.0712  31.575295    26.8637      4.995  278.29065  278.40250    30.8595    11.1229 -9.990e-29
 125.312775      5.061    12.0711  31.576388    26.8684      5.015  278.28929  278.40112    30.7661    11.1149 -9.990e-29
 125.312778      5.086    12.0707  31.579897    26.8702      5.041  278.28446  278.39623    30.8440    11.1189 0.0000e+00
 125.312781      5.116    12.0695  31.582888    26.8716      5.070  278.28439  278.39605    30.7661    11.0946 0.0000e+00
 125.312784      5.147    12.0684  31.581508    26.8718      5.101  278.29203  278.40362    31.6689    11.1472 0.0000e+00
 125.312786      5.174    12.0677  31.581278    26.8718      5.128  278.29565  278.40719    31.4976    11.1149 0.0000e+00
 125.312789      5.207    12.0676  31.581508    26.8721      5.160  278.29556  278.40711    31.4821    11.0704 0.0000e+00
 125.312792      5.236    12.0671  31.582313    26.8731      5.189  278.29665  278.40814    31.4976    11.0946 0.0000e+00
 125.312795      5.265    12.0664  31.581681    26.8732      5.218  278.30069  278.41214    31.4976    11.0946 0.0000e+00
 125.312798      5.294    12.0658  31.582314    26.8742      5.247  278.30272  278.41412    30.9996    10.6620 0.0000e+00
 125.312801      5.320    12.0654  31.582314    26.8743      5.272  278.30433  278.41571    30.9529    10.6579 0.0000e+00
 125.312804      5.347    12.0651  31.580933    26.8744      5.299  278.30815  278.41953    31.0463    10.6337 -9.990e-29
 125.312807      5.367    12.0651  31.580531    26.8730      5.319  278.30922  278.42059    31.0619    10.6781 -9.990e-29
 125.312810      5.384    12.0656  31.580933    26.8729      5.336  278.30595  278.41736    29.5210    11.0380 -9.990e-29
 125.312813      5.411    12.0663  31.581279    26.8728      5.363  278.30216  278.41361    29.5366    11.0461 -9.990e-29
 125.312815      5.431    12.0665  31.582314    26.8751      5.383  278.29932  278.41078    29.6144    11.0542 -9.990e-29
 125.312818      5.459    12.0654  31.583062    26.8760      5.410  278.30305  278.41442    29.6299    11.0623 0.0000e+00
 125.312821      5.495    12.0634  31.583465    26.8767      5.446  278.31154  278.42277    32.5560    10.8884 0.0000e+00
 125.312824      5.526    12.0625  31.582660    26.8769      5.477  278.31685  278.42804    32.4938    10.9167 0.0000e+00
 125.312827      5.561    12.0620  31.582660    26.8771      5.511  278.31910  278.43025    32.5560    10.9127 0.0000e+00
 125.312830      5.588    12.0616  31.582660    26.8774      5.538  278.32103  278.43214    32.4938    10.8965 0.0000e+00
 125.312833      5.618    12.0615  31.582660    26.8774      5.567  278.32168  278.43279    34.7506    11.2442 0.0000e+00
 125.312836      5.645    12.0612  31.582488    26.8775      5.595  278.32329  278.43438    34.7817    11.2321 0.0000e+00
 125.312839      5.672    12.0610  31.582085    26.8775      5.622  278.32500  278.43608    34.7817    11.2038 -9.990e-29
 125.312841      5.691    12.0606  31.581510    26.8770      5.640  278.32797  278.43903    34.7194    11.2281 -9.990e-29
 125.312844      5.714    12.0602  31.581510    26.8772      5.663  278.32958  278.44061    34.8128    11.2362 -9.990e-29
 125.312847      5.732    12.0604  31.582085    26.8777      5.681  278.32790  278.43893    34.0502    11.7335 -9.990e-29
 125.312850      5.751    12.0606  31.581280    26.8768      5.699  278.32843  278.43950    33.9568    11.7254 -9.990e-29
 125.312853      5.774    12.0611  31.587607    26.8859      5.723  278.31429  278.42532    34.0346    11.7376 -9.990e-29
 125.312856      5.802    12.0625  31.592554    26.8879      5.750  278.29887  278.40995    34.0035    11.7416 0.0000e+00
 125.312859      5.833    12.0647  31.598307    26.8875      5.781  278.27849  278.38965    33.9568    11.6041 0.0000e+00
 125.312862      5.866    12.0678  31.598306    26.8875      5.813  278.26422  278.37560    34.0346    11.6122 0.0000e+00
 125.312865      5.898    12.0708  31.596523    26.8838      5.846  278.25418  278.36578    34.0502    11.6041 0.0000e+00
 125.312867      5.929    12.0722  31.597673    26.8838      5.876  278.24574  278.35742    34.1591    11.6244 0.0000e+00
 125.312870      5.957    12.0726  31.598076    26.8838      5.904  278.24311  278.35482    35.5288    11.6688 0.0000e+00
 125.312873      5.984    12.0734  31.603426    26.8861      5.930  278.22982  278.34152    35.5132    11.6729 0.0000e+00
 125.312876      6.013    12.0749  31.605210    26.8883      5.959  278.21958  278.33137    35.5443    11.6931 -9.990e-29
 125.312879      6.037    12.0767  31.603426    26.8859      5.983  278.21493  278.32686    35.4354    11.6931 -9.990e-29
 125.312882      6.057    12.0778  31.600837    26.8827      6.003  278.21461  278.32664    33.9101    11.3009 -9.990e-29
 125.312885      6.080    12.0776  31.601873    26.8838      6.026  278.21336  278.32537    34.0035    11.2968 -9.990e-29
 125.312888      6.099    12.0770  31.601873    26.8842      6.044  278.21623  278.32820    34.0035    11.2806 -9.990e-29
 125.312891      6.124    12.0768  31.609582    26.8916      6.070  278.20306  278.31493    34.0035    11.2887 -9.990e-29
 125.312894      6.148    12.0790  31.615279    26.8984      6.093  278.18278  278.29474    33.9568    11.2685 -9.990e-29
 125.312896      6.177    12.0827  31.621435    26.8969      6.122  278.15436  278.26652    33.3342    11.8265 0.0000e+00
 125.312899      6.208    12.0874  31.621838    26.8954      6.153  278.13237  278.24485    33.2097    11.7982 0.0000e+00
 125.312902      6.245    12.0901  31.617694    26.8905      6.189  278.12793  278.24063    33.2408    11.8063 0.0000e+00
 125.312905      6.274    12.0901  31.618673    26.8905      6.218  278.12616  278.23885    33.2564    11.8063 0.0000e+00
 125.312908      6.305    12.0901  31.622241    26.8938      6.249  278.11932  278.23197    36.5093    11.4869 0.0000e+00
 125.312911      6.334    12.0913  31.624370    26.8944      6.278  278.11004  278.22275    36.4938    11.5030 0.0000e+00
 125.312914      6.360    12.0930  31.625003    26.8950      6.303  278.10127  278.21410    36.6027    11.5111 -9.990e-29
 125.312917      6.385    12.0943  31.624024    26.8925      6.328  278.09737  278.21029    36.6494    11.5030 -9.990e-29
 125.312920      6.406    12.0952  31.617292    26.8855      6.348  278.10560  278.21865    37.0852    11.8710 -9.990e-29
 125.312922      6.426    12.0932  31.618845    26.8884      6.368  278.11165  278.22456    36.9451    11.8953 -9.990e-29
 125.312925      6.446    12.0912  31.613322    26.8846      6.388  278.13100  278.24383    37.0696    11.8791 -9.990e-29
 125.312928      6.471    12.0886  31.609352    26.8828      6.414  278.15005  278.26274    37.1008    11.8629 -9.990e-29
 125.312931      6.493    12.0860  31.611136    26.9096      6.435  278.15886  278.27134    34.7194    11.5637 -9.990e-29
 125.312934      6.519    12.0855  31.635478    26.9132      6.460  278.11646  278.22865    34.6572    11.5354 0.0000e+00
 125.312937      6.550    12.0929  31.648716    26.9124      6.491  278.05857  278.17113    34.6883    11.5597 0.0000e+00
 125.312940      6.584    12.1029  31.651881    26.9124      6.526  278.00710  278.12032    34.7350    11.5556 0.0000e+00
 125.312943      6.615    12.1113  31.647736    26.9025      6.556  277.97694  278.09078    34.7350    11.5516 0.0000e+00
 125.312946      6.648    12.1140  31.647333    26.9016      6.589  277.96532  278.07935    37.8323    11.7618 0.0000e+00
 125.312948      6.678    12.1153  31.649923    26.9016      6.618  277.95457  278.06866    37.8012    11.7457 0.0000e+00
 125.312951      6.705    12.1169  31.653262    26.9028      6.645  277.94118  278.05534    37.8012    11.7740 0.0000e+00
 125.312954      6.730    12.1183  31.653492    26.9032      6.670  277.93442  278.04868    37.7545    11.7376 0.0000e+00
 125.312957      6.762    12.1194  31.648541    26.9028      6.701  277.93875  278.05313    41.0074    12.1985 -9.990e-29
 125.312960      6.778    12.1185  31.642382    26.8922      6.717  277.95416  278.06855    40.9296    12.1985 -9.990e-29
 125.312963      6.798    12.1151  31.634267    26.8871      6.737  277.98459  278.09882    40.9607    12.1783 -9.990e-29
 125.312966      6.815    12.1097  31.628743    26.8857      6.754  278.01884  278.13278    40.9296    12.1702 -9.990e-29
 125.312969      6.838    12.1046  31.640197    26.9002      6.777  278.02137  278.13483    40.4471    12.3926 -9.990e-29
 125.312972      6.868    12.1048  31.666159    26.9244      6.806  277.97288  278.08608    40.4315    12.3886 -9.990e-29
 125.312975      6.893    12.1148  31.675486    26.9203      6.832  277.91013  278.02392    40.4315    12.3967 -9.990e-29
 125.312977      6.926    12.1268  31.678652    26.9170      6.864  277.85011  277.96469    40.5249    12.3724 0.0000e+00
 125.312980      6.957    12.1350  31.677845    26.9136      6.895  277.81449  277.92963    40.2914    11.9398 0.0000e+00
 125.312983      6.988    12.1389  31.675254    26.9112      6.926  277.80148  277.91692    40.2292    11.9195 0.0000e+00
 125.312986      7.019    12.1396  31.678824    26.9083      6.956  277.79180  277.90725    40.1513    11.9398 0.0000e+00
 125.312989      7.045    12.1405  31.676290    26.9097      6.982  277.79264  277.90818    40.2447    11.9559 0.0000e+00
 125.312992      7.079    12.1408  31.679803    26.9082      7.016  277.78498  277.90049    40.2603    11.9357 -9.990e-29
 125.312995      7.100    12.1416  31.681588    26.9123      7.036  277.77792  277.89347    42.0191    12.3805 -9.990e-29
 125.312998      7.123    12.1435  31.678018    26.9076      7.060  277.77589  277.89161    41.8945    12.4209 -9.990e-29
