Processed/SBE19plus_01907321_2022_05_04_Cast07_wfilter.cnv
* Sea-Bird SBE19plus  Data File:
* FileName = E:\Prandtl Daten\2022\CTD\Raw\SBE19plus_01907321_2022_05_04_Cast0708_0007.hex
* Software version 2.6.1.12
* Temperature SN = 7321
* Conductivity SN = 7321
* System UpLoad Time = May 04 2022 06:21:38
* <ApplicationData>
* <Seaterm232>
** Messpraktikum 2022
** CTD 04.05 BW1+2
# nquan = 11
# nvalues = 561                         
# units = specified
# name 0 = timeJ: Julian Days
# name 1 = prdM: Pressure, Strain Gauge [db]
# name 2 = tv290C: Temperature [ITS-90, deg C]
# name 3 = c0mS/cm: Conductivity [mS/cm]
# name 4 = sal00: Salinity, Practical [PSU]
# name 5 = depSM: Depth [salt water, m], lat = 54.00
# name 6 = oxsatMm/Kg: Oxygen Saturation, Weiss [umol/kg]
# name 7 = oxsolMm/Kg: Oxygen Saturation, Garcia & Gordon [umol/kg]
# name 8 = turbWETntu0: Turbidity, WET Labs ECO [NTU]
# name 9 = flECO-AFL: Fluorescence, WET Labs ECO-AFL/FL [mg/m^3]
# name 10 = flag:  0.000e+00
# span 0 = 124.250527, 124.252147       
# span 1 =      0.518,     14.622       
# span 2 =    12.5145,    12.5672       
# span 3 =  32.018593,  32.048760       
# span 4 =    26.9270,    26.9754       
# span 5 =      0.513,     14.491       
# span 6 =  275.24482,  275.47247       
# span 7 =  275.38545,  275.60970       
# span 8 =    29.4432,   162.0502       
# span 9 =     9.2265,    18.4541       
# span 10 = 0.0000e+00, 0.0000e+00      
# interval = seconds: 0.25
# start_time = May 04 2022 05:59:20 [Instrument's time stamp, header]
# bad_flag = -9.990e-29
*END*
[from data line 263]
 124.251288      7.163    12.5232  32.038503    26.9723      7.099  275.41704  275.55463    84.2447    15.5912 -9.990e-29
 124.251291      7.180    12.5233  32.038676    26.9724      7.116  275.41610  275.55370    84.3070    15.6235 -9.990e-29
 124.251293      7.204    12.5232  32.038098    26.9724      7.139  275.41779  275.55539    84.3692    15.6316 -9.990e-29
 124.251296      7.234    12.5227  32.038271    26.9722      7.170  275.41971  275.55727    89.5054    15.2394 0.0000e+00
 124.251299      7.266    12.5223  32.037462    26.9721      7.201  275.42308  275.56062    89.4743    15.2353 0.0000e+00
 124.251302      7.300    12.5221  32.037462    26.9721      7.235  275.42405  275.56158    89.5521    15.2394 0.0000e+00
 124.251305      7.337    12.5215  32.038272    26.9732      7.271  275.42515  275.56264    89.5521    15.2272 0.0000e+00
 124.251308      7.373    12.5216  32.039082    26.9735      7.307  275.42309  275.56058    91.0930    14.2891 0.0000e+00
 124.251311      7.410    12.5222  32.039660    26.9739      7.344  275.41955  275.55707    91.0619    14.2487 -9.990e-29
 124.251314      7.434    12.5230  32.037867    26.9718      7.367  275.41930  275.55689    90.8440    14.2689 -9.990e-29
 124.251317      7.453    12.5228  32.037694    26.9717      7.387  275.42026  275.55784    90.9529    14.2729 -9.990e-29
 124.251319      7.473    12.5221  32.036248    26.9709      7.406  275.42603  275.56357    91.0307    14.2770 -9.990e-29
 124.251322      7.495    12.5215  32.037058    26.9721      7.428  275.42743  275.56493    91.6066    15.5629 -9.990e-29
 124.251325      7.510    12.5209  32.037289    26.9727      7.443  275.42988  275.56733    91.5755    15.5912 -9.990e-29
 124.251328      7.523    12.5208  32.038273    26.9737      7.456  275.42844  275.56587    91.4354    15.5709 -9.990e-29
 124.251331      7.536    12.5210  32.039892    26.9750      7.468  275.42459  275.56203    91.4976    15.5629 -9.990e-29
 124.251334      7.554    12.5221  32.040702    26.9750      7.486  275.41841  275.55591    98.5949    16.4080 -9.990e-29
 124.251337      7.579    12.5229  32.040875    26.9742      7.512  275.41432  275.55187    98.5638    16.3837 -9.990e-29
 124.251340      7.609    12.5238  32.041222    26.9740      7.540  275.40961  275.54722    98.5015    16.3958 0.0000e+00
 124.251343      7.640    12.5245  32.041280    26.9738      7.571  275.40668  275.54433    98.5327    16.3635 0.0000e+00
 124.251345      7.676    12.5250  32.041512    26.9738      7.607  275.40408  275.54176    94.2058    15.6235 0.0000e+00
 124.251348      7.707    12.5253  32.042495    26.9743      7.638  275.40075  275.53845    94.0813    15.6276 0.0000e+00
 124.251351      7.741    12.5259  32.042900    26.9743      7.672  275.39752  275.53525    94.2058    15.6073 0.0000e+00
 124.251354      7.768    12.5266  32.043305    26.9743      7.699  275.39365  275.53142    94.1591    15.6235 -9.990e-29
 124.251357      7.790    12.5267  32.043131    26.9739      7.720  275.39334  275.53113    92.9762    15.5062 -9.990e-29
 124.251360      7.814    12.5272  32.043305    26.9737      7.744  275.39084  275.52865    92.9140    15.5103 -9.990e-29
 124.251363      7.836    12.5273  32.042322    26.9727      7.766  275.39230  275.53013    92.8362    15.5143 -9.990e-29
 124.251366      7.850    12.5269  32.041685    26.9724      7.780  275.39534  275.53315    92.8362    15.4820 -9.990e-29
 124.251369      7.871    12.5262  32.041975    26.9732      7.800  275.39800  275.53576    92.9762    15.5022 -9.990e-29
 124.251372      7.892    12.5263  32.042727    26.9746      7.822  275.39635  275.53411    95.3420    16.1249 -9.990e-29
 124.251374      7.920    12.5265  32.043710    26.9741      7.849  275.39366  275.53142    95.2798    16.1371 0.0000e+00
 124.251377      7.949    12.5267  32.042900    26.9736      7.878  275.39386  275.53165    95.3887    16.1492 0.0000e+00
 124.251380      7.987    12.5267  32.042322    26.9731      7.915  275.39524  275.53303    95.4665    16.1168 0.0000e+00
 124.251383      8.019    12.5263  32.041108    26.9727      7.948  275.39934  275.53711    91.6066    16.0562 0.0000e+00
 124.251386      8.056    12.5260  32.041513    26.9722      7.984  275.39990  275.53765    91.6222    16.0724 -9.990e-29
 124.251389      8.080    12.5255  32.042901    26.9744      8.007  275.39932  275.53703    91.6844    16.0724 -9.990e-29
 124.251392      8.100    12.5260  32.043479    26.9746      8.027  275.39640  275.53413    91.6222    16.0481 -9.990e-29
 124.251395      8.113    12.5265  32.043479    26.9742      8.040  275.39388  275.53165    90.6105    15.7933 -9.990e-29
 124.251398      8.132    12.5270  32.042901    26.9734      8.060  275.39303  275.53084    90.5015    15.8136 -9.990e-29
 124.251400      8.154    12.5270  32.042149    26.9727      8.081  275.39440  275.53221    90.4704    15.8257 -9.990e-29
 124.251403      8.180    12.5267  32.042323    26.9730      8.106  275.39537  275.53316    90.4082    15.8176 -9.990e-29
 124.251406      8.199    12.5266  32.042496    26.9732      8.126  275.39539  275.53317    88.2292    15.8904 -9.990e-29
 124.251409      8.225    12.5265  32.042323    26.9733      8.151  275.39635  275.53412    88.2603    15.8863 0.0000e+00
 124.251412      8.253    12.5263  32.042497    26.9733      8.179  275.39668  275.53445    88.3692    15.8702 0.0000e+00
 124.251415      8.278    12.5262  32.041108    26.9734      8.204  275.39982  275.53759    88.2759    15.8742 -9.990e-29
 124.251418      8.302    12.5260  32.040704    26.9720      8.227  275.40151  275.53927    88.3070    15.8783 -9.990e-29
 124.251421      8.326    12.5255  32.041918    26.9737      8.251  275.40125  275.53896    89.5988    14.8067 -9.990e-29
 124.251424      8.355    12.5253  32.042092    26.9740      8.280  275.40190  275.53961    89.5677    14.7986 0.0000e+00
 124.251427      8.384    12.5251  32.042497    26.9742      8.309  275.40215  275.53983    89.5833    14.8067 0.0000e+00
 124.251429      8.414    12.5251  32.042729    26.9744      8.338  275.40175  275.53943    89.5833    14.7663 0.0000e+00
 124.251432      8.450    12.5256  32.043133    26.9744      8.375  275.39884  275.53655    90.9840    14.1314 0.0000e+00
 124.251435      8.485    12.5261  32.043307    26.9743      8.409  275.39633  275.53408    90.9996    14.1233 0.0000e+00
 124.251438      8.516    12.5264  32.042902    26.9742      8.439  275.39581  275.53358    91.1864    14.1435 -9.990e-29
 124.251441      8.540    12.5264  32.043134    26.9739      8.463  275.39542  275.53318    91.0152    14.1759 -9.990e-29
 124.251444      8.550    12.5264  32.043134    26.9738      8.474  275.39542  275.53319    90.8128    15.1261 -9.990e-29
 124.251447      8.563    12.5263  32.042902    26.9737      8.487  275.39616  275.53392    90.7350    15.1221 -9.990e-29
 124.251450      8.570    12.5261  32.043307    26.9742      8.494  275.39639  275.53413    90.7039    15.1302 -9.990e-29
 124.251453      8.583    12.5265  32.042093    26.9728      8.506  275.39699  275.53477    90.7661    15.1140 -9.990e-29
 124.251455      8.600    12.5265  32.042498    26.9754      8.523  275.39628  275.53405    88.7895    16.2705 -9.990e-29
 124.251458      8.625    12.5263  32.044696    26.9750      8.548  275.39330  275.53104    88.8517    16.2705 0.0000e+00
 124.251461      8.662    12.5268  32.044291    26.9746      8.584  275.39153  275.52931    88.7272    16.2907 0.0000e+00
 124.251464      8.698    12.5272  32.044291    26.9743      8.620  275.38965  275.52746    88.8673    16.2381 0.0000e+00
 124.251467      8.736    12.5271  32.043134    26.9738      8.658  275.39238  275.53019    88.8673    16.2786 0.0000e+00
 124.251470      8.778    12.5266  32.043308    26.9737      8.699  275.39431  275.53209    90.5794    15.4820 0.0000e+00
 124.251473      8.816    12.5265  32.043135    26.9738      8.737  275.39528  275.53305    90.5482    15.4941 0.0000e+00
 124.251476      8.842    12.5265  32.043308    26.9737      8.763  275.39467  275.53244    90.5015    15.4982 -9.990e-29
 124.251479      8.864    12.5267  32.042498    26.9729      8.784  275.39550  275.53329    90.5327    15.5103 -9.990e-29
 124.251481      8.876    12.5266  32.042325    26.9728      8.797  275.39614  275.53393    90.6883    15.9794 -9.990e-29
 124.251484      8.888    12.5265  32.043482    26.9740      8.808  275.39471  275.53247    90.8128    15.9834 -9.990e-29
 124.251487      8.902    12.5267  32.042903    26.9733      8.823  275.39449  275.53228    90.7973    15.9227 -9.990e-29
 124.251490      8.913    12.5269  32.042903    26.9739      8.833  275.39386  275.53166    90.8440    15.9510 -9.990e-29
 124.251493      8.939    12.5265  32.043482    26.9740      8.859  275.39442  275.53219    88.9451    15.9430 0.0000e+00
 124.251496      8.968    12.5268  32.043887    26.9741      8.888  275.39245  275.53024    89.0385    15.9268 0.0000e+00
 124.251499      9.000    12.5270  32.044118    26.9741      8.919  275.39111  275.52891    88.9607    15.9551 0.0000e+00
 124.251502      9.033    12.5273  32.043887    26.9738      8.952  275.39028  275.52810    89.1008    15.9632 0.0000e+00
 124.251505      9.069    12.5275  32.044118    26.9737      8.988  275.38894  275.52677    88.7117    15.4415 0.0000e+00
 124.251508      9.106    12.5277  32.043714    26.9735      9.024  275.38906  275.52690    88.9140    15.4294 0.0000e+00
 124.251510      9.135    12.5277  32.043887    26.9733      9.053  275.38877  275.52661    88.7739    15.4415 -9.990e-29
 124.251513      9.157    12.5275  32.044119    26.9737      9.075  275.38900  275.52683    88.7739    15.4294 -9.990e-29
 124.251516      9.177    12.5276  32.044119    26.9737      9.095  275.38870  275.52653    88.7739    15.4092 -9.990e-29
 124.251519      9.195    12.5277  32.043714    26.9732      9.113  275.38912  275.52696    87.6222    15.2475 -9.990e-29
 124.251522      9.206    12.5278  32.044292    26.9737      9.124  275.38746  275.52530    87.5132    15.2394 -9.990e-29
 124.251525      9.215    12.5280  32.044119    26.9734      9.133  275.38714  275.52500    87.5443    15.1868 -9.990e-29
 124.251528      9.234    12.5280  32.044292    26.9736      9.151  275.38684  275.52470    87.5132    15.2070 -9.990e-29
 124.251531      9.254    12.5279  32.044524    26.9739      9.171  275.38676  275.52461    87.7778    15.5629 -9.990e-29
 124.251534      9.285    12.5280  32.044698    26.9740      9.202  275.38615  275.52400    87.6689    15.5629 0.0000e+00
 124.251536      9.319    12.5280  32.045103    26.9739      9.236  275.38513  275.52298    87.8089    15.5346 0.0000e+00
 124.251539      9.358    12.5282  32.044293    26.9733      9.274  275.38566  275.52353    87.7467    15.5426 0.0000e+00
 124.251542      9.397    12.5282  32.044119    26.9733      9.313  275.38599  275.52387    86.7194    14.7946 0.0000e+00
 124.251545      9.432    12.5277  32.043888    26.9732      9.348  275.38865  275.52649    86.4860    14.7865 0.0000e+00
 124.251548      9.461    12.5275  32.043310    26.9731      9.376  275.39097  275.52880    86.5794    14.7824 0.0000e+00
 124.251551      9.494    12.5273  32.043888    26.9729      9.409  275.39058  275.52840    86.6883    14.7743 -9.990e-29
 124.251554      9.516    12.5272  32.044525    26.9742      9.431  275.38977  275.52758    81.4432    15.2475 -9.990e-29
 124.251557      9.532    12.5275  32.043310    26.9729      9.447  275.39070  275.52854    81.3654    15.2475 -9.990e-29
 124.251560      9.552    12.5275  32.042905    26.9725      9.467  275.39175  275.52959    81.4120    15.2111 -9.990e-29
 124.251563      9.561    12.5267  32.043137    26.9732      9.476  275.39450  275.53229    81.4432    15.2555 -9.990e-29
 124.251565      9.572    12.5264  32.042501    26.9729      9.487  275.39723  275.53500    81.3809    15.2313 -9.990e-29
 124.251568      9.587    12.5260  32.041922    26.9727      9.501  275.40017  275.53793    81.7078    14.9199 -9.990e-29
 124.251571      9.611    12.5256  32.042501    26.9734      9.525  275.40073  275.53846    81.5988    14.9078 -9.990e-29
 124.251574      9.632    12.5255  32.042906    26.9740      9.546  275.40066  275.53836    81.7078    14.9361 -9.990e-29
 124.251577      9.667    12.5256  32.043137    26.9740      9.580  275.39963  275.53735    81.6144    14.9442 0.0000e+00
 124.251580      9.698    12.5258  32.043137    26.9740      9.611  275.39902  275.53674    80.6961    14.6045 0.0000e+00
 124.251583      9.742    12.5260  32.043889    26.9739      9.655  275.39644  275.53417    80.6494    14.6288 0.0000e+00
 124.251586      9.776    12.5266  32.043484    26.9736      9.689  275.39465  275.53243    80.6650    14.6086 0.0000e+00
 124.251589      9.811    12.5267  32.043311    26.9736      9.723  275.39436  275.53215    80.5716    14.5964 0.0000e+00
 124.251591      9.844    12.5263  32.043311    26.9735      9.756  275.39627  275.53404    85.8945    14.1395 0.0000e+00
 124.251594      9.879    12.5260  32.043138    26.9736      9.790  275.39819  275.53593    85.9412    14.1638 -9.990e-29
 124.251597      9.897    12.5258  32.043138    26.9738      9.808  275.39915  275.53687    85.8790    14.1638 -9.990e-29
 124.251600      9.915    12.5260  32.043311    26.9738      9.827  275.39790  275.53564    85.9101    14.1314 -9.990e-29
 124.251603      9.923    12.5262  32.042502    26.9729      9.834  275.39841  275.53617    87.2019    15.2232 -9.990e-29
 124.251606      9.934    12.5258  32.041923    26.9726      9.845  275.40103  275.53878    87.3420    15.2272 -9.990e-29
 124.251609      9.945    12.5252  32.041981    26.9732      9.856  275.40378  275.54148    87.2331    15.2394 -9.990e-29
 124.251612      9.961    12.5248  32.041924    26.9748      9.872  275.40548  275.54316    87.3264    15.2111 -9.990e-29
 124.251615      9.990    12.5246  32.043312    26.9746      9.901  275.40396  275.54161    87.3264    15.2596 0.0000e+00
 124.251617     10.016    12.5250  32.043138    26.9744      9.926  275.40270  275.54038    88.3381    15.2434 0.0000e+00
 124.251620     10.050    12.5254  32.042907    26.9738      9.961  275.40125  275.53895    88.3226    15.2475 0.0000e+00
 124.251623     10.085    12.5254  32.042734    26.9737      9.995  275.40158  275.53929    88.2603    15.2313 0.0000e+00
 124.251626     10.125    12.5253  32.041519    26.9733     10.035  275.40441  275.54212    88.1669    15.2758 0.0000e+00
 124.251629     10.158    12.5250  32.042098    26.9729     10.067  275.40466  275.54235    89.1786    13.9454 0.0000e+00
 124.251632     10.185    12.5247  32.042503    26.9733     10.094  275.40522  275.54288    89.4120    13.9656 -9.990e-29
 124.251635     10.207    12.5250  32.043717    26.9748     10.116  275.40179  275.53946    89.2564    13.9778 -9.990e-29
 124.251638     10.224    12.5258  32.044296    26.9748     10.132  275.39729  275.53501    89.2097    13.9778 -9.990e-29
 124.251641     10.235    12.5267  32.044469    26.9743     10.143  275.39288  275.53065    85.5210    15.1181 -9.990e-29
 124.251644     10.249    12.5273  32.044296    26.9737     10.157  275.39035  275.52817    85.5677    15.1261 -9.990e-29
 124.251646     10.267    12.5275  32.044932    26.9732     10.175  275.38827  275.52610    85.5677    15.1140 -9.990e-29
 124.251649     10.298    12.5277  32.044122    26.9731     10.206  275.38880  275.52665    85.6455    15.1221 0.0000e+00
 124.251652     10.331    12.5277  32.043891    26.9730     10.238  275.38923  275.52708    90.3459    14.7218 0.0000e+00
 124.251655     10.371    12.5271  32.043313    26.9729     10.278  275.39314  275.53096    90.2369    14.7218 0.0000e+00
 124.251658     10.407    12.5264  32.042735    26.9729     10.314  275.39736  275.53514    90.3148    14.7177 0.0000e+00
 124.251661     10.438    12.5260  32.043718    26.9734     10.345  275.39752  275.53525    90.4082    14.7016 0.0000e+00
