Processed/SBE19plus_01907321_2022_05_08_Cast90_wfilter.cnv
* Sea-Bird SBE19plus  Data File:
* FileName = E:\Prandtl Daten\2022\CTD\Raw\SBE19plus_01907321_2022_05_08_Cast90.hex
* Software version 2.6.1.12
* Temperature SN = 7321
* Conductivity SN = 7321
* System UpLoad Time = May 08 2022 13:17:06
* <ApplicationData>
* <Seaterm232>
** Messpraktikum 2022
** CTD 08.05 BM
** NMEA Latitude = 54 07.82 N
** NMEA Longitude = 008 47.07 E
# nquan = 11
# nvalues = 376                         
# units = specified
# name 0 = timeJ: Julian Days
# name 1 = prdM: Pressure, Strain Gauge [db]
# name 2 = tv290C: Temperature [ITS-90, deg C]
# name 3 = c0mS/cm: Conductivity [mS/cm]
# name 4 = sal00: Salinity, Practical [PSU]
# name 5 = depSM: Depth [salt water, m], lat = 54.00
# name 6 = oxsatMm/Kg: Oxygen Saturation, Weiss [umol/kg]
# name 7 = oxsolMm/Kg: Oxygen Saturation, Garcia & Gordon [umol/kg]
# name 8 = turbWETntu0: Turbidity, WET Labs ECO [NTU]
# name 9 = flECO-AFL: Fluorescence, WET Labs ECO-AFL/FL [mg/m^3]
# name 10 = flag:  0.000e+00
# span 0 = 128.549117, 128.550203       
# span 1 =      0.353,     15.841       
# span 2 =    12.6230,    12.9644       
# span 3 =  32.135009,  32.390847       
# span 4 =    26.9334,    27.0904       
# span 5 =      0.350,     15.699       
# span 6 =  272.84186,  274.75569       
# span 7 =  273.00482,  274.89886       
# span 8 =     5.6766,   387.9023       
# span 9 =     3.6058,    20.1281       
# span 10 = 0.0000e+00, 0.0000e+00      
# interval = seconds: 0.25
# start_time = May 08 2022 13:09:24 [Instrument's time stamp, header]
# bad_flag = -9.990e-29
*END*
[from data line 132]
 128.549499      8.565    12.6885  32.237753    27.0387      8.488  274.32835  274.47490    15.8868     7.9568 -9.990e-29
 128.549502      8.585    12.6878  32.236768    27.0382      8.508  274.33327  274.47978    15.8245     7.9649 -9.990e-29
 128.549505      8.611    12.6868  32.236768    27.0389      8.533  274.33770  274.48415    15.7934     7.9568 -9.990e-29
 128.549508      8.636    12.6863  32.238276    27.0407      8.559  274.33725  274.48365    16.0113     7.8961 -9.990e-29
 128.549511      8.658    12.6863  32.240421    27.0427      8.580  274.33345  274.47983    14.8595     8.2803 -9.990e-29
 128.549514      8.678    12.6871  32.241812    27.0438      8.600  274.32752  274.47393    14.9529     8.3167 -9.990e-29
 128.549517      8.711    12.6883  32.243204    27.0433      8.633  274.31939  274.46588    14.8128     8.2762 0.0000e+00
 128.549520      8.744    12.6896  32.243030    27.0427      8.665  274.31405  274.46062    14.9218     8.2964 0.0000e+00
 128.549523      8.787    12.6903  32.242798    27.0421      8.709  274.31133  274.45795    14.0657     7.8476 0.0000e+00
 128.549525      8.831    12.6908  32.243436    27.0421      8.752  274.30802  274.45466    14.1747     7.8395 0.0000e+00
 128.549528      8.879    12.6912  32.244654    27.0427      8.799  274.30431  274.45097    13.9568     7.8516 0.0000e+00
 128.549531      8.924    12.6915  32.244654    27.0430      8.844  274.30276  274.44944    14.1747     7.8112 0.0000e+00
 128.549534      8.961    12.6918  32.246046    27.0428      8.881  274.29905  274.44574    14.7039     7.2532 0.0000e+00
 128.549537      8.996    12.6927  32.245640    27.0428      8.915  274.29601  274.44276    14.6416     7.2289 0.0000e+00
 128.549540      9.023    12.6932  32.245234    27.0425      8.942  274.29454  274.44132    14.6261     7.2572 0.0000e+00
 128.549543      9.052    12.6933  32.246046    27.0421      8.971  274.29249  274.43927    14.5171     7.2330 -9.990e-29
 128.549546      9.074    12.6933  32.245872    27.0425      8.993  274.29281  274.43960    14.5015     7.2572 -9.990e-29
 128.549549      9.092    12.6930  32.245408    27.0423      9.011  274.29491  274.44168    15.4976     7.4554 -9.990e-29
 128.549552      9.112    12.6930  32.245466    27.0424      9.031  274.29513  274.44190    15.5755     7.4634 -9.990e-29
 128.549554      9.127    12.6930  32.246278    27.0431      9.045  274.29370  274.44046    15.6689     7.4109 -9.990e-29
 128.549557      9.145    12.6933  32.247901    27.0440      9.063  274.28957  274.43633    15.5132     7.4918 -9.990e-29
 128.549560      9.173    12.6938  32.247901    27.0444      9.091  274.28706  274.43386    15.5910     8.1145 0.0000e+00
 128.549563      9.206    12.6944  32.249119    27.0447      9.123  274.28240  274.42922    15.6533     8.0781 0.0000e+00
 128.549566      9.246    12.6951  32.250627    27.0456      9.163  274.27659  274.42345    15.6533     8.1023 0.0000e+00
 128.549569      9.282    12.6966  32.251903    27.0457      9.199  274.26772  274.41467    15.6533     8.0659 0.0000e+00
 128.549572      9.322    12.6982  32.256368    27.0479      9.239  274.25288  274.39988    15.7467     7.3866 0.0000e+00
 128.549575      9.359    12.7001  32.257006    27.0479      9.275  274.24326  274.39038    15.7467     7.3947 0.0000e+00
 128.549578      9.397    12.7017  32.256368    27.0469      9.313  274.23716  274.38440    15.6533     7.3421 0.0000e+00
 128.549580      9.432    12.7025  32.257818    27.0463      9.348  274.23114  274.37841    15.8556     7.3947 0.0000e+00
 128.549583      9.465    12.7033  32.257818    27.0466      9.380  274.22769  274.37502    17.5521     7.7101 0.0000e+00
 128.549586      9.494    12.7040  32.259499    27.0463      9.409  274.22157  274.36893    17.5210     7.7303 -9.990e-29
 128.549589      9.514    12.7049  32.260427    27.0476      9.429  274.21615  274.36356    17.2564     7.7061 -9.990e-29
 128.549592      9.531    12.7057  32.261239    27.0478      9.445  274.21125  274.35870    17.3654     7.6778 -9.990e-29
 128.549595      9.552    12.7064  32.261645    27.0462      9.467  274.20739  274.35488    17.2408     7.7101 -9.990e-29
 128.549598      9.582    12.7069  32.260427    27.0467      9.496  274.20736  274.35490    16.6650     7.7425 0.0000e+00
 128.549601      9.609    12.7074  32.261819    27.0466      9.523  274.20270  274.35026    16.6961     7.7586 0.0000e+00
 128.549604      9.644    12.7077  32.261587    27.0471      9.557  274.20188  274.34945    16.6961     7.8193 0.0000e+00
 128.549606      9.682    12.7079  32.262457    27.0467      9.595  274.19941  274.34699    16.4626     7.7708 0.0000e+00
 128.549609      9.718    12.7081  32.262051    27.0467      9.631  274.19921  274.34681    16.1513     7.6818 0.0000e+00
 128.549612      9.753    12.7081  32.261820    27.0465      9.666  274.19964  274.34725    16.3848     7.6737 0.0000e+00
 128.549615      9.791    12.7082  32.261472    27.0465      9.704  274.19997  274.34758    16.2136     7.6575 0.0000e+00
 128.549618      9.820    12.7082  32.262052    27.0467      9.733  274.19896  274.34656    16.0891     7.6939 0.0000e+00
 128.549621      9.857    12.7080  32.262226    27.0467      9.769  274.19962  274.34721    16.4471     8.1590 0.0000e+00
 128.549624      9.882    12.7079  32.261588    27.0467      9.794  274.20108  274.34868    16.3537     8.1670 0.0000e+00
 128.549627      9.908    12.7082  32.262458    27.0464      9.819  274.19798  274.34559    16.7117     8.1832 -9.990e-29
 128.549630      9.930    12.7085  32.261240    27.0457      9.841  274.19921  274.34684    16.5249     8.1670 -9.990e-29
 128.549633      9.951    12.7082  32.261066    27.0456      9.862  274.20048  274.34810    16.7895     7.6818 -9.990e-29
 128.549635      9.975    12.7076  32.260660    27.0460      9.886  274.20405  274.35164    16.9918     7.6050 -9.990e-29
 128.549638     10.001    12.7072  32.260661    27.0462      9.911  274.20596  274.35352    16.8984     7.6090 0.0000e+00
 128.549641     10.035    12.7071  32.261067    27.0462      9.945  274.20558  274.35313    16.8984     7.6495 0.0000e+00
 128.549644     10.067    12.7072  32.260835    27.0462      9.976  274.20570  274.35325    16.9451     7.6333 0.0000e+00
 128.549647     10.099    12.7070  32.260429    27.0459     10.009  274.20707  274.35462    15.8089     8.0134 0.0000e+00
 128.549650     10.134    12.7069  32.259849    27.0456     10.043  274.20875  274.35630    15.9646     8.0457 0.0000e+00
 128.549653     10.167    12.7064  32.259617    27.0456     10.076  274.21139  274.35891    15.7311     8.0296 0.0000e+00
 128.549656     10.200    12.7060  32.259443    27.0457     10.108  274.21362  274.36110    15.6844     8.0174 0.0000e+00
 128.549659     10.238    12.7057  32.259849    27.0462     10.146  274.21387  274.36133    16.3692     7.8759 0.0000e+00
 128.549661     10.267    12.7057  32.260082    27.0465     10.175  274.21379  274.36125    16.3070     7.9325 0.0000e+00
 128.549664     10.298    12.7061  32.261821    27.0474     10.206  274.20883  274.35630    16.3070     7.8961 0.0000e+00
 128.549667     10.326    12.7070  32.262053    27.0475     10.233  274.20465  274.35218    16.2914     7.8719 0.0000e+00
 128.549670     10.357    12.7077  32.262865    27.0475     10.264  274.19976  274.34733    17.8634     7.7182 0.0000e+00
 128.549673     10.384    12.7082  32.264083    27.0481     10.291  274.19572  274.34331    17.6299     7.6858 0.0000e+00
 128.549676     10.413    12.7087  32.264257    27.0483     10.320  274.19322  274.34084    17.5210     7.7020 0.0000e+00
 128.549679     10.452    12.7094  32.266635    27.0498     10.358  274.18556  274.33321    17.8012     7.6737 0.0000e+00
 128.549682     10.486    12.7104  32.268549    27.0508     10.392  274.17777  274.32546    19.1241     8.0983 0.0000e+00
 128.549685     10.519    12.7116  32.269767    27.0511     10.425  274.17058  274.31834    18.9062     8.1306 0.0000e+00
 128.549688     10.552    12.7129  32.270753    27.0511     10.458  274.16318  274.31101    18.8906     8.0659 0.0000e+00
 128.549690     10.587    12.7144  32.272783    27.0511     10.492  274.15266  274.30058    19.1241     8.0457 0.0000e+00
 128.549693     10.621    12.7155  32.272551    27.0515     10.526  274.14837  274.29635    18.8128     8.0538 0.0000e+00
 128.549696     10.652    12.7164  32.274001    27.0509     10.557  274.14171  274.28975    15.9023     7.8719 0.0000e+00
 128.549699     10.683    12.7176  32.274175    27.0509     10.588  274.13638  274.28449    16.0891     7.8840 0.0000e+00
 128.549702     10.711    12.7179  32.273189    27.0503     10.615  274.13657  274.28471    16.1825     7.8961 0.0000e+00
 128.549705     10.736    12.7184  32.273769    27.0497     10.640  274.13335  274.28152    16.0268     7.9082 -9.990e-29
 128.549708     10.758    12.7183  32.273190    27.0494     10.662  274.13502  274.28319    16.3226     7.9204 -9.990e-29
 128.549711     10.774    12.7182  32.271797    27.0482     10.678  274.13782  274.28599    16.3537     7.9123 -9.990e-29
 128.549714     10.798    12.7177  32.271566    27.0483     10.701  274.14077  274.28891    16.3848     7.8961 -9.990e-29
 128.549716     10.820    12.7172  32.270870    27.0492     10.723  274.14391  274.29203    16.2759     7.9002 -9.990e-29
 128.549719     10.847    12.7167  32.271798    27.0499     10.750  274.14449  274.29256    16.3848     7.9325 0.0000e+00
 128.549722     10.878    12.7167  32.273364    27.0503     10.781  274.14205  274.29010    16.2292     7.9689 0.0000e+00
 128.549725     10.909    12.7172  32.273364    27.0507     10.812  274.13954  274.28764    16.2914     7.9891 0.0000e+00
 128.549728     10.944    12.7179  32.274988    27.0513     10.846  274.13385  274.28197    16.3070     7.9163 0.0000e+00
 128.549731     10.986    12.7186  32.277019    27.0527     10.888  274.12712  274.27527    18.9529     8.0174 0.0000e+00
 128.549734     11.023    12.7197  32.278585    27.0527     10.924  274.11963  274.26784    18.7973     8.0296 0.0000e+00
 128.549737     11.063    12.7207  32.278237    27.0523     10.964  274.11586  274.26413    18.7350     8.0093 0.0000e+00
 128.549740     11.103    12.7214  32.278469    27.0523     11.004  274.11201  274.26033    19.0619     8.0174 0.0000e+00
 128.549742     11.130    12.7220  32.279861    27.0528     11.031  274.10703  274.25538    18.8128     8.0457 0.0000e+00
 128.549745     11.158    12.7229  32.280673    27.0529     11.058  274.10183  274.25022    19.9957     8.2034 0.0000e+00
 128.549748     11.185    12.7235  32.282935    27.0546     11.085  274.09499  274.24341    19.8868     8.1428 0.0000e+00
 128.549751     11.214    12.7247  32.285314    27.0553     11.114  274.08544  274.23390    19.9646     8.2277 0.0000e+00
 128.549754     11.243    12.7264  32.285546    27.0559     11.143  274.07748  274.22606    20.1202     8.1913 -9.990e-29
 128.549757     11.264    12.7279  32.285720    27.0549     11.163  274.07087  274.21955    19.4976     8.5107 -9.990e-29
 128.549760     11.296    12.7287  32.287344    27.0541     11.195  274.06455  274.21325    19.5599     8.4986 0.0000e+00
 128.549763     11.322    12.7293  32.286126    27.0541     11.220  274.06389  274.21265    19.5132     8.4541 0.0000e+00
 128.549766     11.351    12.7296  32.286358    27.0533     11.249  274.06223  274.21101    19.4665     8.5067 -9.990e-29
 128.549769     11.375    12.7298  32.286358    27.0527     11.273  274.06130  274.21009    18.5794     8.2358 -9.990e-29
 128.549771     11.409    12.7298  32.285894    27.0527     11.307  274.06215  274.21094    18.5015     8.2924 0.0000e+00
 128.549774     11.440    12.7295  32.285546    27.0526     11.338  274.06405  274.21283    18.6727     8.3207 0.0000e+00
 128.549777     11.468    12.7292  32.285314    27.0526     11.365  274.06605  274.21481    18.4704     8.2439 0.0000e+00
 128.549780     11.495    12.7290  32.286533    27.0526     11.392  274.06454  274.21328    20.8517     8.6038 -9.990e-29
 128.549783     11.519    12.7291  32.286939    27.0542     11.416  274.06352  274.21226    20.9607     8.6280 -9.990e-29
 128.549786     11.541    12.7294  32.286765    27.0545     11.437  274.06258  274.21134    20.9607     8.5754 -9.990e-29
 128.549789     11.568    12.7299  32.287867    27.0551     11.465  274.05844  274.20722    20.5249     8.6240 0.0000e+00
 128.549792     11.599    12.7303  32.289607    27.0557     11.495  274.05348  274.20227    20.6805     8.5835 0.0000e+00
 128.549795     11.630    12.7314  32.292218    27.0574     11.526  274.04414  274.19298    26.0969     8.8989 0.0000e+00
 128.549797     11.667    12.7330  32.293843    27.0577     11.563  274.03403  274.18297    26.2525     8.9030 0.0000e+00
 128.549800     11.703    12.7347  32.299703    27.0619     11.599  274.01610  274.16509    26.0813     8.8666 0.0000e+00
 128.549803     11.742    12.7371  32.301965    27.0619     11.636  274.00140  274.15052    26.2836     8.9434 0.0000e+00
 128.549806     11.782    12.7392  32.301385    27.0616     11.676  273.99331  274.14258    23.3109     8.6604 0.0000e+00
 128.549809     11.816    12.7406  32.303996    27.0612     11.711  273.98272  274.13205    23.2953     8.5997 0.0000e+00
 128.549812     11.846    12.7419  32.304576    27.0614     11.740  273.97572  274.12513    23.4198     8.6240 0.0000e+00
 128.549815     11.877    12.7431  32.303764    27.0612     11.770  273.97182  274.12132    23.5910     8.5552 -9.990e-29
 128.549818     11.902    12.7439  32.304982    27.0602     11.795  273.96653  274.11606    22.4860     8.4097 -9.990e-29
 128.549821     11.926    12.7443  32.305621    27.0605     11.819  273.96352  274.11307    22.7194     8.3328 -9.990e-29
 128.549823     11.946    12.7449  32.305389    27.0598     11.839  273.96111  274.11071    22.6727     8.3733 -9.990e-29
 128.549826     11.971    12.7454  32.305621    27.0597     11.864  273.95882  274.10845    22.7506     8.3086 -9.990e-29
 128.549829     11.992    12.7457  32.305215    27.0591     11.884  273.95798  274.10763    20.1202     8.1347 -9.990e-29
 128.549832     12.019    12.7458  32.305389    27.0591     11.911  273.95737  274.10703    19.9179     8.0781 0.0000e+00
 128.549835     12.050    12.7459  32.305215    27.0591     11.942  273.95707  274.10674    20.0424     8.1306 -9.990e-29
 128.549838     12.075    12.7460  32.304170    27.0568     11.967  273.95862  274.10830    19.7934     8.0943 -9.990e-29
 128.549841     12.106    12.7455  32.302720    27.0564     11.998  273.96342  274.11308    20.0113     8.1226 0.0000e+00
 128.549844     12.143    12.7445  32.300921    27.0566     12.034  273.97104  274.12066    18.8906     8.6846 0.0000e+00
 128.549847     12.175    12.7438  32.301154    27.0565     12.066  273.97380  274.12337    18.5949     8.6361 0.0000e+00
 128.549850     12.210    12.7429  32.300342    27.0565     12.101  273.97936  274.12888    18.8906     8.5876 0.0000e+00
 128.549852     12.248    12.7421  32.299297    27.0564     12.139  273.98439  274.13387    19.0463     8.6563 0.0000e+00
 128.549855     12.281    12.7416  32.299297    27.0560     12.171  273.98662  274.13607    21.1319     8.2115 0.0000e+00
 128.549858     12.312    12.7409  32.297673    27.0559     12.202  273.99267  274.14209    21.1786     8.2115 0.0000e+00
 128.549861     12.338    12.7401  32.297905    27.0554     12.227  273.99575  274.14511    21.0852     8.2520 -9.990e-29
 128.549864     12.362    12.7399  32.298718    27.0575     12.251  273.99558  274.14492    21.0229     8.2520 -9.990e-29
 128.549867     12.387    12.7397  32.299124    27.0578     12.276  273.99551  274.14483    22.7039     8.4744 0.0000e+00
 128.549870     12.418    12.7397  32.299704    27.0581     12.307  273.99450  274.14382    22.9062     8.5188 0.0000e+00
 128.549873     12.446    12.7400  32.300110    27.0582     12.334  273.99254  274.14187    22.8751     8.4986 0.0000e+00
