Processed/SBE19plus_01907321_2022_05_07_Cast72_wfilter.cnv
* Sea-Bird SBE19plus  Data File:
* FileName = E:\Prandtl Daten\2022\CTD\Raw\SBE19plus_01907321_2022_05_07_Cast72.hex
* Software version 2.6.1.12
* Temperature SN = 7321
* Conductivity SN = 7321
* System UpLoad Time = May 07 2022 13:09:25
* <ApplicationData>
* <Seaterm232>
** Messpraktikum 2022
** CTD 07.05 BM
** NMEA Latitude = 54 07.834 N
** NMEA Longitude = 008 45.258 E
# nquan = 11
# nvalues = 533                         
# units = specified
# name 0 = timeJ: Julian Days
# name 1 = prdM: Pressure, Strain Gauge [db]
# name 2 = tv290C: Temperature [ITS-90, deg C]
# name 3 = c0mS/cm: Conductivity [mS/cm]
# name 4 = sal00: Salinity, Practical [PSU]
# name 5 = depSM: Depth [salt water, m], lat = 54.00
# name 6 = oxsatMm/Kg: Oxygen Saturation, Weiss [umol/kg]
# name 7 = oxsolMm/Kg: Oxygen Saturation, Garcia & Gordon [umol/kg]
# name 8 = turbWETntu0: Turbidity, WET Labs ECO [NTU]
# name 9 = flECO-AFL: Fluorescence, WET Labs ECO-AFL/FL [mg/m^3]
# name 10 = flag:  0.000e+00
# span 0 = 127.543354, 127.544893       
# span 1 =      0.773,     16.522       
# span 2 =    13.1141,    13.1823       
# span 3 =  32.541299,  32.605197       
# span 4 =    27.0125,    27.0260       
# span 5 =      0.766,     16.374       
# span 6 =  271.52969,  271.91926       
# span 7 =  271.70458,  272.09040       
# span 8 =     8.7584,   436.8206       
# span 9 =     3.7271,     9.6187       
# span 10 = 0.0000e+00, 0.0000e+00      
# interval = seconds: 0.25
# start_time = May 07 2022 13:00:48 [Instrument's time stamp, header]
# bad_flag = -9.990e-29
*END*
[from data line 132]
 127.543736      5.426    13.1350  32.562724    27.0210      5.378  271.79632  271.96856    15.3887     5.5872 0.0000e+00
 127.543738      5.457    13.1348  32.561560    27.0203      5.409  271.79931  271.97154    15.4198     5.5751 0.0000e+00
 127.543741      5.494    13.1342  32.560513    27.0200      5.445  271.80367  271.97587    15.3576     5.5791 0.0000e+00
 127.543744      5.521    13.1333  32.560105    27.0198      5.472  271.80817  271.98033    15.4354     5.5751 0.0000e+00
 127.543747      5.550    13.1327  32.559931    27.0200      5.501  271.81133  271.98344    14.9996     5.4214 -9.990e-29
 127.543750      5.570    13.1319  32.559058    27.0200      5.521  271.81601  271.98808    14.8751     5.4012 -9.990e-29
 127.543753      5.592    13.1312  32.558709    27.0202      5.542  271.81978  271.99181    14.7973     5.4052 -9.990e-29
 127.543756      5.614    13.1306  32.557836    27.0184      5.564  271.82383  271.99583    14.7194     5.4052 -9.990e-29
 127.543759      5.645    13.1299  32.555799    27.0187      5.595  271.83085  272.00282    16.1202     5.5306 0.0000e+00
 127.543762      5.673    13.1291  32.555741    27.0189      5.622  271.83412  272.00604    16.0268     5.5468 0.0000e+00
 127.543764      5.702    13.1284  32.555800    27.0195      5.651  271.83718  272.00906    16.1513     5.5306 0.0000e+00
 127.543767      5.742    13.1275  32.556033    27.0203      5.690  271.84090  272.01272    15.9490     5.5548 0.0000e+00
 127.543770      5.775    13.1270  32.556440    27.0210      5.723  271.84210  272.01389    16.0735     5.5508 0.0000e+00
 127.543773      5.808    13.1272  32.557080    27.0215      5.756  271.84038  272.01217    16.7272     5.7975 0.0000e+00
 127.543776      5.844    13.1276  32.558070    27.0218      5.792  271.83679  272.00860    16.5560     5.8096 0.0000e+00
 127.543779      5.879    13.1280  32.558303    27.0221      5.826  271.83484  272.00667    16.5871     5.7853 -9.990e-29
 127.543782      5.903    13.1285  32.558070    27.0214      5.850  271.83274  272.00461    16.6494     5.8217 -9.990e-29
 127.543785      5.934    13.1288  32.559060    27.0221      5.881  271.82978  272.00166    18.3615     5.8945 -9.990e-29
 127.543788      5.957    13.1291  32.559700    27.0224      5.904  271.82742  271.99931    18.1591     5.9147 -9.990e-29
 127.543791      5.981    13.1300  32.559700    27.0218      5.928  271.82366  271.99560    18.2369     5.8986 -9.990e-29
 127.543793      6.005    13.1306  32.560107    27.0220      5.951  271.82045  271.99243    18.2836     5.9066 -9.990e-29
 127.543796      6.034    13.1310  32.560748    27.0219      5.980  271.81746  271.98946    15.6844     5.7045 0.0000e+00
 127.543799      6.063    13.1314  32.560980    27.0219      6.009  271.81519  271.98721    15.9957     5.6883 0.0000e+00
 127.543802      6.098    13.1321  32.561155    27.0218      6.043  271.81207  271.98414    16.0113     5.6600 0.0000e+00
 127.543805      6.136    13.1324  32.561563    27.0218      6.081  271.81013  271.98221    16.0113     5.7045 0.0000e+00
 127.543808      6.175    13.1325  32.561737    27.0218      6.119  271.80922  271.98131    15.0619     5.5387 0.0000e+00
 127.543811      6.209    13.1327  32.560806    27.0208      6.154  271.80992  271.98203    15.0619     5.5710 0.0000e+00
 127.543814      6.242    13.1326  32.560108    27.0202      6.186  271.81178  271.98389    15.1085     5.5710 0.0000e+00
 127.543817      6.277    13.1320  32.558711    27.0194      6.221  271.81675  271.98883    15.1397     5.5710 0.0000e+00
 127.543819      6.306    13.1314  32.557664    27.0191      6.249  271.82111  271.99316    15.1397     5.5912 0.0000e+00
 127.543822      6.331    13.1303  32.557082    27.0188      6.275  271.82717  271.99916    14.7661     5.5346 -9.990e-29
 127.543825      6.355    13.1290  32.555802    27.0188      6.298  271.83508  272.00700    14.6883     5.6074 -9.990e-29
 127.543828      6.375    13.1280  32.556034    27.0197      6.318  271.83878  272.01064    14.5638     5.5468 -9.990e-29
 127.543831      6.399    13.1270  32.555394    27.0198      6.341  271.84432  272.01612    14.5794     5.5791 -9.990e-29
 127.543834      6.421    13.1266  32.556209    27.0201      6.363  271.84480  272.01657    15.0930     5.5993 -9.990e-29
 127.543837      6.448    13.1264  32.555162    27.0202      6.390  271.84759  272.01935    15.0930     5.5832 0.0000e+00
 127.543840      6.479    13.1262  32.555220    27.0202      6.421  271.84813  272.01988    15.1397     5.6074 0.0000e+00
 127.543843      6.515    13.1257  32.554988    27.0204      6.457  271.85108  272.02280    15.0774     5.5710 0.0000e+00
 127.543845      6.555    13.1254  32.554988    27.0205      6.497  271.85205  272.02375    14.8595     5.6762 0.0000e+00
 127.543848      6.592    13.1253  32.554930    27.0206      6.533  271.85280  272.02450    14.9529     5.6681 0.0000e+00
 127.543851      6.630    13.1250  32.555395    27.0206      6.571  271.85328  272.02495    14.9062     5.6964 0.0000e+00
 127.543854      6.665    13.1250  32.554813    27.0212      6.605  271.85431  272.02599    14.6883     5.6964 0.0000e+00
 127.543857      6.701    13.1253  32.556210    27.0211      6.641  271.85065  272.02233    16.3848     5.9996 0.0000e+00
 127.543860      6.732    13.1255  32.556327    27.0217      6.672  271.84952  272.02122    16.4938     6.0077 -9.990e-29
 127.543863      6.737    13.1259  32.557258    27.0222      6.677  271.84602  272.01773    16.2603     5.9875 -9.990e-29
 127.543866      6.739    13.1266  32.558073    27.0225      6.679  271.84177  272.01352    16.3848     5.9996 -9.990e-29
 127.543869      6.745    13.1274  32.558306    27.0221      6.685  271.83790  272.00970    16.3848     5.9633 -9.990e-29
 127.543872      6.747    13.1281  32.558306    27.0216      6.687  271.83476  272.00660    18.3148     6.0158 -9.990e-29
 127.543874      6.747    13.1288  32.558480    27.0213      6.686  271.83162  272.00350    18.4548     6.0563 -9.990e-29
 127.543877      6.747    13.1291  32.559120    27.0217      6.686  271.82925  272.00114    18.3926     6.0441 -9.990e-29
 127.543880      6.748    13.1293  32.558887    27.0213      6.688  271.82871  272.00062    18.5327     6.0563 -9.990e-29
 127.543883      6.750    13.1296  32.559295    27.0214      6.690  271.82643  271.99836    17.1630     5.6317 -9.990e-29
 127.543886      6.750    13.1299  32.559993    27.0219      6.690  271.82427  271.99621    17.0852     5.6034 -9.990e-29
 127.543889      6.750    13.1301  32.560110    27.0218      6.690  271.82281  271.99476    17.0852     5.6115 -9.990e-29
 127.543892      6.754    13.1306  32.559935    27.0213      6.693  271.82091  271.99290    16.9296     5.6115 -9.990e-29
 127.543895      6.754    13.1309  32.559528    27.0208      6.693  271.82067  271.99268    15.2953     5.4214 -9.990e-29
 127.543898      6.752    13.1306  32.559819    27.0212      6.692  271.82111  271.99310    15.4510     5.3850 -9.990e-29
 127.543900      6.750    13.1306  32.559295    27.0208      6.690  271.82233  271.99432    15.4198     5.3567 -9.990e-29
 127.543903      6.749    13.1304  32.558480    27.0202      6.688  271.82469  271.99668    15.3576     5.3729 -9.990e-29
 127.543906      6.749    13.1299  32.558073    27.0202      6.688  271.82760  271.99956    17.6611     5.3850 -9.990e-29
 127.543909      6.745    13.1294  32.558073    27.0205      6.685  271.82949  272.00142    17.4899     5.6923 -9.990e-29
 127.543912      6.745    13.1291  32.557491    27.0202      6.685  271.83208  272.00399    17.5521     5.6600 -9.990e-29
 127.543915      6.743    13.1285  32.557432    27.0205      6.683  271.83438  272.00626    17.5521     5.6721 -9.990e-29
 127.543918      6.745    13.1281  32.557665    27.0210      6.685  271.83587  272.00772    17.5210     5.6519 -9.990e-29
 127.543921      6.743    13.1282  32.558073    27.0213      6.683  271.83484  272.00669    16.9296     5.7975 -9.990e-29
 127.543924      6.762    13.1283  32.559237    27.0218      6.701  271.83220  272.00405    16.6494     5.7692 -9.990e-29
 127.543927      6.798    13.1291  32.559295    27.0217      6.738  271.82898  272.00087    16.9451     5.7611 0.0000e+00
 127.543929      6.833    13.1296  32.559528    27.0217      6.772  271.82639  271.99831    16.9140     5.8541 0.0000e+00
 127.543932      6.860    13.1297  32.559703    27.0217      6.799  271.82547  271.99740    18.3926     5.9835 0.0000e+00
 127.543935      6.895    13.1302  32.560634    27.0217      6.833  271.82167  271.99363    18.2214     6.0482 0.0000e+00
 127.543938      6.921    13.1305  32.560110    27.0219      6.859  271.82134  271.99332    18.3303     5.9552 0.0000e+00
 127.543941      6.948    13.1309  32.560750    27.0215      6.886  271.81867  271.99067    18.2058     6.0522 -9.990e-29
 127.543944      6.968    13.1312  32.560750    27.0216      6.906  271.81711  271.98913    16.4004     6.0280 -9.990e-29
 127.543947      6.992    13.1315  32.561216    27.0219      6.929  271.81506  271.98709    16.6338     6.0239 -9.990e-29
 127.543950      7.017    13.1318  32.561565    27.0217      6.954  271.81321  271.98525    16.5405     6.0563 0.0000e+00
 127.543953      7.046    13.1320  32.561333    27.0215      6.983  271.81268  271.98475    16.4471     6.0280 0.0000e+00
 127.543955      7.083    13.1322  32.561333    27.0214      7.020  271.81208  271.98415    16.4938     5.9794 0.0000e+00
 127.543958      7.114    13.1322  32.561158    27.0212      7.050  271.81209  271.98416    17.0229     6.0927 0.0000e+00
 127.543961      7.152    13.1323  32.560402    27.0212      7.088  271.81311  271.98520    16.9918     6.1169 0.0000e+00
 127.543964      7.189    13.1320  32.561158    27.0208      7.124  271.81308  271.98514    17.1008     6.1048 0.0000e+00
 127.543967      7.222    13.1319  32.560518    27.0208      7.157  271.81484  271.98690    17.2875     6.0765 0.0000e+00
 127.543970      7.249    13.1317  32.560111    27.0208      7.184  271.81651  271.98856    15.6066     5.7287 0.0000e+00
 127.543973      7.280    13.1312  32.559995    27.0207      7.215  271.81894  271.99096    15.4198     5.7085 0.0000e+00
 127.543976      7.311    13.1307  32.558889    27.0208      7.245  271.82277  271.99477    15.5910     5.8015 -9.990e-29
 127.543979      7.333    13.1304  32.559297    27.0207      7.267  271.82365  271.99562    15.5443     5.7489 -9.990e-29
 127.543981      7.355    13.1301  32.558889    27.0205      7.289  271.82531  271.99728    15.8868     6.0563 -9.990e-29
 127.543984      7.376    13.1297  32.558657    27.0206      7.310  271.82762  271.99956    15.8712     6.0158 -9.990e-29
 127.543987      7.396    13.1294  32.558307    27.0201      7.330  271.82950  272.00143    15.7934     5.9633 -9.990e-29
 127.543990      7.424    13.1291  32.557667    27.0202      7.357  271.83189  272.00380    16.0113     6.0320 0.0000e+00
 127.543993      7.455    13.1286  32.557435    27.0202      7.388  271.83452  272.00640    16.4315     6.0927 0.0000e+00
 127.543996      7.491    13.1283  32.557260    27.0203      7.424  271.83642  272.00828    16.4159     6.0603 0.0000e+00
 127.543999      7.530    13.1282  32.558483    27.0214      7.462  271.83463  272.00648    16.3381     6.1412 0.0000e+00
 127.544002      7.568    13.1281  32.558483    27.0214      7.500  271.83497  272.00682    16.4626     6.0805 0.0000e+00
 127.544005      7.606    13.1284  32.557843    27.0215      7.538  271.83485  272.00672    16.3692     6.1007 0.0000e+00
 127.544008      7.641    13.1283  32.558890    27.0217      7.573  271.83337  272.00522    18.3615     6.1533 0.0000e+00
 127.544010      7.674    13.1287  32.559414    27.0217      7.605  271.83090  272.00277    18.3926     6.1533 0.0000e+00
 127.544013      7.707    13.1290  32.559298    27.0217      7.638  271.82987  272.00176    18.2058     6.1614 0.0000e+00
 127.544016      7.732    13.1295  32.560928    27.0216      7.663  271.82485  271.99676    18.1903     6.1654 -9.990e-29
 127.544019      7.754    13.1302  32.560346    27.0216      7.684  271.82272  271.99468    18.2369     6.4242 -9.990e-29
 127.544022      7.774    13.1309  32.561975    27.0226      7.704  271.81675  271.98875    17.9568     6.3878 -9.990e-29
 127.544025      7.798    13.1316  32.563198    27.0233      7.728  271.81181  271.98383    17.9879     6.3838 -9.990e-29
 127.544028      7.816    13.1330  32.563372    27.0221      7.746  271.80554  271.97765    18.0035     6.4040 -9.990e-29
 127.544031      7.845    13.1334  32.563372    27.0220      7.775  271.80367  271.97580    19.4976     6.4404 0.0000e+00
 127.544034      7.880    13.1342  32.563780    27.0221      7.809  271.79952  271.97170    19.3887     6.5011 0.0000e+00
 127.544036      7.913    13.1350  32.565118    27.0219      7.842  271.79375  271.96597    19.1864     6.4404 0.0000e+00
 127.544039      7.947    13.1354  32.564595    27.0219      7.876  271.79279  271.96505    19.2486     6.5091 0.0000e+00
 127.544042      7.987    13.1355  32.564828    27.0219      7.916  271.79210  271.96435    18.5794     6.3797 0.0000e+00
 127.544045      8.018    13.1355  32.565235    27.0219      7.947  271.79141  271.96366    18.3926     6.4081 0.0000e+00
 127.544048      8.050    13.1357  32.564711    27.0222      7.978  271.79140  271.96367    18.4237     6.3797 0.0000e+00
 127.544051      8.084    13.1356  32.565235    27.0222      8.012  271.79114  271.96339    18.6727     6.4323 0.0000e+00
 127.544054      8.111    13.1359  32.565876    27.0224      8.039  271.78878  271.96105    18.4393     6.4404 0.0000e+00
 127.544057      8.139    13.1362  32.566865    27.0226      8.066  271.78551  271.95779    20.1980     6.4687 -9.990e-29
 127.544060      8.157    13.1369  32.567447    27.0232      8.084  271.78136  271.95368    20.3537     6.4606 -9.990e-29
 127.544063      8.181    13.1376  32.566458    27.0225      8.108  271.78026  271.95263    20.3848     6.4647 -9.990e-29
 127.544065      8.208    13.1382  32.567680    27.0223      8.135  271.77532  271.94772    20.1825     6.4970 0.0000e+00
 127.544068      8.237    13.1387  32.567506    27.0220      8.164  271.77375  271.94619    18.4393     6.5900 0.0000e+00
 127.544071      8.270    13.1388  32.566633    27.0218      8.196  271.77466  271.94711    18.6727     6.6264 0.0000e+00
 127.544074      8.307    13.1385  32.567098    27.0218      8.233  271.77545  271.94787    18.4548     6.5900 0.0000e+00
 127.544077      8.349    13.1383  32.567506    27.0223      8.274  271.77540  271.94781    18.5794     6.6021 0.0000e+00
 127.544080      8.387    13.1384  32.567681    27.0223      8.312  271.77480  271.94722    17.4432     6.2584 0.0000e+00
 127.544083      8.418    13.1386  32.567273    27.0222      8.343  271.77459  271.94702    17.3654     6.2504 0.0000e+00
 127.544086      8.451    13.1385  32.567623    27.0218      8.376  271.77463  271.94705    17.4120     6.2423 0.0000e+00
 127.544089      8.482    13.1385  32.567274    27.0218      8.406  271.77494  271.94737    17.1941     6.2140 0.0000e+00
 127.544091      8.511    13.1385  32.566866    27.0217      8.435  271.77598  271.94841    18.8751     6.3353 0.0000e+00
 127.544094      8.537    13.1382  32.567274    27.0215      8.460  271.77624  271.94864    18.6883     6.3151 -9.990e-29
 127.544097      8.555    13.1382  32.566634    27.0215      8.479  271.77768  271.95008    18.7194     6.2746 -9.990e-29
 127.544100      8.575    13.1381  32.566866    27.0217      8.498  271.77760  271.95000    18.7194     6.2423 -9.990e-29
 127.544103      8.601    13.1378  32.566459    27.0216      8.524  271.77958  271.95197    18.6727     6.3272 -9.990e-29
 127.544106      8.625    13.1376  32.565877    27.0221      8.547  271.78155  271.95393    19.4665     6.2220 -9.990e-29
 127.544109      8.656    13.1375  32.566867    27.0221      8.578  271.78017  271.95253    19.6222     6.2220 0.0000e+00
