Processed/SBE19plus_01907321_2022_05_08_Cast79_wfilter.cnv
* Sea-Bird SBE19plus  Data File:
* FileName = E:\Prandtl Daten\2022\CTD\Raw\SBE19plus_01907321_2022_05_08_Cast79.hex
* Software version 2.6.1.12
* Temperature SN = 7321
* Conductivity SN = 7321
* System UpLoad Time = May 08 2022 09:29:10
* <ApplicationData>
* <Seaterm232>
** Messpraktikum 2022
** CTD 08.05 NP2
** NMEA Latitude = 54 09.25 N
** NMEA Longitude = 008 42.16 E
# nquan = 11
# nvalues = 399                         
# units = specified
# name 0 = timeJ: Julian Days
# name 1 = prdM: Pressure, Strain Gauge [db]
# name 2 = tv290C: Temperature [ITS-90, deg C]
# name 3 = c0mS/cm: Conductivity [mS/cm]
# name 4 = sal00: Salinity, Practical [PSU]
# name 5 = depSM: Depth [salt water, m], lat = 54.00
# name 6 = oxsatMm/Kg: Oxygen Saturation, Weiss [umol/kg]
# name 7 = oxsolMm/Kg: Oxygen Saturation, Garcia & Gordon [umol/kg]
# name 8 = turbWETntu0: Turbidity, WET Labs ECO [NTU]
# name 9 = flECO-AFL: Fluorescence, WET Labs ECO-AFL/FL [mg/m^3]
# name 10 = flag:  0.000e+00
# span 0 = 128.391288, 128.392439       
# span 1 =      0.694,     11.416       
# span 2 =    12.0492,    12.6813       
# span 3 =  32.075532,  32.400640       
# span 4 =    27.1958,    27.3583       
# span 5 =      0.687,     11.314       
# span 6 =  274.06773,  277.47318       
# span 7 =  274.21220,  277.57817       
# span 8 =     2.2214,   101.2097       
# span 9 =     2.1865,    19.9785       
# span 10 = 0.0000e+00, 0.0000e+00      
# interval = seconds: 0.25
# start_time = May 08 2022 09:22:04 [Instrument's time stamp, header]
# bad_flag = -9.990e-29
*END*
 128.391288      0.694    12.6800  32.399823    27.1978      0.687  274.07261  274.21701     3.6066     2.2027 0.0000e+00
 128.391291      0.723    12.6802  32.398371    27.1965      0.716  274.07427  274.21869     3.5910     2.1865 0.0000e+00
 128.391293      0.748    12.6795  32.398022    27.1964      0.741  274.07805  274.22243     3.2953     2.2269 0.0000e+00
 128.391296      0.779    12.6789  32.396745    27.1965      0.772  274.08317  274.22752     3.2642     2.2108 -9.990e-29
 128.391299      0.801    12.6776  32.396571    27.1965      0.794  274.08884  274.23311     3.2019     2.2108 -9.990e-29
 128.391302      0.821    12.6771  32.398197    27.1984      0.813  274.08848  274.23269     3.3420     2.2108 -9.990e-29
 128.391305      0.835    12.6775  32.398604    27.1985      0.828  274.08588  274.23012     3.5132     2.3685 -9.990e-29
 128.391308      0.859    12.6781  32.398604    27.1980      0.851  274.08338  274.22766     3.3731     2.3482 -9.990e-29
 128.391311      0.877    12.6784  32.398371    27.1964      0.869  274.08255  274.22684     3.2798     2.2957 -9.990e-29
 128.391314      0.903    12.6782  32.396977    27.1968      0.895  274.08567  274.22997     3.1864     2.3159 0.0000e+00
 128.391317      0.930    12.6781  32.397791    27.1969      0.922  274.08487  274.22916     3.2953     2.3563 0.0000e+00
 128.391319      0.959    12.6777  32.397152    27.1971      0.951  274.08760  274.23187     4.3226     2.4251 0.0000e+00
 128.391322      0.987    12.6773  32.396978    27.1970      0.978  274.08981  274.23405     4.2603     2.3685 0.0000e+00
 128.391325      1.019    12.6768  32.397268    27.1971      1.010  274.09152  274.23572     4.2603     2.4089 -9.990e-29
 128.391328      1.041    12.6765  32.396339    27.1970      1.032  274.09444  274.23864     4.2759     2.4008 -9.990e-29
 128.391331      1.056    12.6766  32.397152    27.1977      1.046  274.09269  274.23688     3.3731     2.3846 -9.990e-29
 128.391334      1.068    12.6764  32.397791    27.1984      1.059  274.09219  274.23637     3.3420     2.3806 -9.990e-29
 128.391337      1.083    12.6770  32.395932    27.1963      1.074  274.09299  274.23722     3.3887     2.4089 -9.990e-29
 128.391340      1.107    12.6771  32.397850    27.1980      1.097  274.08928  274.23350     3.3264     2.4008 -9.990e-29
 128.391343      1.129    12.6771  32.397559    27.1976      1.119  274.08950  274.23373     4.8829     2.5140 -9.990e-29
 128.391345      1.154    12.6769  32.396746    27.1972      1.144  274.09191  274.23613     4.6961     2.5221 -9.990e-29
 128.391348      1.184    12.6764  32.396572    27.1972      1.173  274.09443  274.23863     4.8206     2.5585 0.0000e+00
 128.391351      1.213    12.6761  32.396572    27.1972      1.202  274.09571  274.23988     4.8362     2.5181 -9.990e-29
 128.391354      1.238    12.6759  32.396688    27.1967      1.227  274.09678  274.24093     2.4237     2.5626 -9.990e-29
 128.391357      1.275    12.6758  32.395527    27.1967      1.263  274.09918  274.24334     2.2525     2.5909 0.0000e+00
 128.391360      1.304    12.6761  32.397153    27.1967      1.292  274.09474  274.23891     2.2214     2.5626 -9.990e-29
 128.391363      1.326    12.6763  32.397386    27.1980      1.314  274.09371  274.23789     2.2836     2.5787 -9.990e-29
 128.391366      1.353    12.6767  32.397560    27.1979      1.341  274.09153  274.23573     2.3148     2.5868 -9.990e-29
 128.391369      1.371    12.6771  32.396747    27.1968      1.359  274.09110  274.23534     2.9529     2.7566 -9.990e-29
 128.391372      1.380    12.6772  32.397037    27.1970      1.368  274.09028  274.23452     3.0307     2.7809 -9.990e-29
 128.391374      1.395    12.6771  32.397967    27.1979      1.383  274.08895  274.23318     2.9996     2.7890 -9.990e-29
 128.391377      1.410    12.6773  32.398373    27.1982      1.397  274.08761  274.23184     3.2019     2.7850 -9.990e-29
 128.391380      1.428    12.6776  32.397560    27.1972      1.415  274.08749  274.23176     3.3109     2.8941 -9.990e-29
 128.391383      1.452    12.6779  32.398606    27.1968      1.439  274.08439  274.22866     3.3264     2.8901 -9.990e-29
 128.391386      1.477    12.6782  32.397618    27.1970      1.464  274.08491  274.22921     3.3887     2.9224 0.0000e+00
 128.391389      1.507    12.6783  32.398199    27.1973      1.493  274.08358  274.22788     3.2953     2.9022 0.0000e+00
 128.391392      1.538    12.6781  32.398199    27.1973      1.524  274.08454  274.22883     2.5949     2.8860 0.0000e+00
 128.391395      1.574    12.6779  32.397967    27.1974      1.560  274.08561  274.22989     2.5638     2.9022 0.0000e+00
 128.391398      1.611    12.6776  32.397967    27.1975      1.596  274.08689  274.23115     2.6261     2.9305 0.0000e+00
 128.391400      1.645    12.6776  32.398200    27.1977      1.631  274.08681  274.23107     2.5015     2.8941 0.0000e+00
 128.391403      1.676    12.6776  32.398200    27.1977      1.661  274.08684  274.23109     3.6533     3.1004 0.0000e+00
 128.391406      1.702    12.6779  32.396748    27.1977      1.687  274.08818  274.23246     3.5132     3.0923 -9.990e-29
 128.391409      1.726    12.6779  32.398781    27.1980      1.710  274.08426  274.22853     3.4821     3.0640 -9.990e-29
 128.391412      1.740    12.6784  32.398781    27.1976      1.725  274.08207  274.22637     3.5288     3.0842 -9.990e-29
 128.391415      1.764    12.6789  32.399594    27.1981      1.748  274.07876  274.22308     3.5755     3.0842 -9.990e-29
 128.391418      1.788    12.6794  32.399187    27.1974      1.772  274.07698  274.22134     3.8556     3.2176 -9.990e-29
 128.391421      1.817    12.6795  32.399420    27.1976      1.801  274.07627  274.22064     3.8556     3.2298 0.0000e+00
 128.391424      1.853    12.6797  32.400001    27.1978      1.837  274.07432  274.21869     3.7778     3.2378 0.0000e+00
 128.391427      1.886    12.6801  32.400408    27.1978      1.869  274.07173  274.21613     3.8245     3.2298 0.0000e+00
 128.391429      1.926    12.6807  32.400640    27.1977      1.909  274.06883  274.21326     3.0463     3.2055 0.0000e+00
 128.391432      1.961    12.6811  32.399769    27.1966      1.944  274.06883  274.21330     2.9840     3.2176 0.0000e+00
 128.391435      1.992    12.6813  32.399595    27.1966      1.974  274.06822  274.21270     3.0152     3.1893 0.0000e+00
 128.391438      2.028    12.6811  32.400234    27.1969      2.010  274.06773  274.21220     3.1241     3.2378 0.0000e+00
 128.391441      2.056    12.6809  32.400001    27.1969      2.037  274.06911  274.21356     2.7661     3.4562 0.0000e+00
 128.391444      2.083    12.6808  32.399827    27.1968      2.064  274.06975  274.21420     2.8906     3.4926 0.0000e+00
 128.391447      2.114    12.6804  32.400176    27.1968      2.095  274.07103  274.21546     2.6883     3.5047 -9.990e-29
 128.391450      2.134    12.6805  32.399595    27.1968      2.115  274.07177  274.21620     2.7817     3.4643 -9.990e-29
 128.391453      2.160    12.6803  32.399421    27.1967      2.140  274.07272  274.21715     4.4938     3.6705 -9.990e-29
 128.391455      2.181    12.6797  32.398375    27.1959      2.162  274.07742  274.22182     4.6183     3.6746 -9.990e-29
 128.391458      2.212    12.6788  32.397388    27.1958      2.193  274.08329  274.22763     4.5560     3.6786 0.0000e+00
 128.391461      2.243    12.6777  32.396285    27.1959      2.223  274.08998  274.23427     4.4626     3.6665 0.0000e+00
 128.391464      2.273    12.6763  32.395530    27.1960      2.252  274.09763  274.24183     4.5716     3.6584 0.0000e+00
 128.391467      2.311    12.6750  32.395123    27.1960      2.290  274.10404  274.24816     3.1552     3.5330 0.0000e+00
 128.391470      2.344    12.6737  32.392684    27.1965      2.323  274.11406  274.25811     3.2798     3.5330 0.0000e+00
 128.391473      2.382    12.6716  32.392684    27.1967      2.360  274.12352  274.26743     3.3576     3.5452 0.0000e+00
 128.391476      2.415    12.6699  32.391813    27.1971      2.393  274.13263  274.27644     3.4198     3.5411 0.0000e+00
 128.391479      2.447    12.6687  32.391465    27.1971      2.425  274.13862  274.28235     3.8245     3.6826 0.0000e+00
 128.391481      2.479    12.6674  32.388212    27.1967      2.456  274.14977  274.29345     3.7622     3.6422 0.0000e+00
 128.391484      2.511    12.6652  32.387806    27.1961      2.489  274.16057  274.30411     3.8089     3.6462 0.0000e+00
 128.391487      2.539    12.6631  32.387806    27.1967      2.516  274.16971  274.31311     3.8089     3.6624 -9.990e-29
 128.391490      2.560    12.6618  32.386819    27.1982      2.538  274.17714  274.32047     3.6533     3.5937 -9.990e-29
 128.391493      2.584    12.6608  32.386819    27.1989      2.561  274.18156  274.32482     3.5599     3.6099 -9.990e-29
 128.391496      2.604    12.6596  32.384380    27.1995      2.581  274.19125  274.33446     3.4821     3.6018 -9.990e-29
 128.391499      2.633    12.6574  32.384787    27.1995      2.610  274.20030  274.34335     3.4510     3.5937 0.0000e+00
 128.391502      2.664    12.6560  32.383742    27.1995      2.641  274.20847  274.35144     3.5132     3.6462 0.0000e+00
 128.391505      2.694    12.6549  32.384381    27.2008      2.670  274.21206  274.35496     3.5288     3.6705 0.0000e+00
 128.391508      2.726    12.6548  32.384265    27.2008      2.702  274.21261  274.35550     3.6533     3.6826 0.0000e+00
 128.391510      2.761    12.6545  32.382522    27.1998      2.736  274.21730  274.36019     3.4821     3.6462 0.0000e+00
 128.391513      2.794    12.6532  32.381942    27.1998      2.769  274.22402  274.36682     3.6222     3.6584 0.0000e+00
 128.391516      2.829    12.6516  32.381129    27.1998      2.803  274.23240  274.37511     4.2914     3.7959 0.0000e+00
 128.391519      2.865    12.6501  32.378458    27.1995      2.840  274.24410  274.38673     4.2759     3.7918 0.0000e+00
 128.391522      2.896    12.6475  32.377238    27.1991      2.870  274.25761  274.40009     4.3070     3.7999 0.0000e+00
 128.391525      2.924    12.6446  32.376542    27.1995      2.898  274.27176  274.41405     4.2447     3.7837 -9.990e-29
 128.391528      2.947    12.6423  32.374219    27.2004      2.921  274.28597  274.42814     3.1864     3.6584 -9.990e-29
 128.391531      2.969    12.6395  32.369341    27.2003      2.943  274.30725  274.44928     3.3731     3.6543 -9.990e-29
 128.391534      2.995    12.6358  32.369110    27.2006      2.968  274.32372  274.46550     3.3264     3.6584 0.0000e+00
 128.391536      3.022    12.6313  32.366265    27.2009      2.995  274.34862  274.49013     3.3264     3.6705 0.0000e+00
 128.391539      3.053    12.6271  32.366498    27.2041      3.026  274.36677  274.50801     3.7311     3.7352 0.0000e+00
 128.391542      3.086    12.6246  32.367485    27.2069      3.059  274.37635  274.51741     3.8089     3.7554 0.0000e+00
 128.391545      3.126    12.6239  32.367079    27.2070      3.099  274.38025  274.52126     3.7934     3.7352 0.0000e+00
 128.391548      3.161    12.6235  32.367718    27.2070      3.133  274.38071  274.52169     3.6533     3.7271 0.0000e+00
 128.391551      3.197    12.6233  32.364640    27.2079      3.169  274.38716  274.52816     3.4043     3.7393 0.0000e+00
 128.391554      3.226    12.6231  32.367660    27.2081      3.198  274.38274  274.52370     3.5910     3.6301 0.0000e+00
 128.391557      3.265    12.6232  32.368125    27.2081      3.236  274.38131  274.52227     3.6222     3.6705 0.0000e+00
 128.391560      3.300    12.6239  32.367892    27.2077      3.270  274.37860  274.51961     3.4821     3.6543 0.0000e+00
 128.391563      3.325    12.6247  32.366266    27.2067      3.295  274.37837  274.51944     3.6066     3.6422 0.0000e+00
 128.391565      3.351    12.6248  32.367892    27.2056      3.321  274.37486  274.51593     5.2253     3.9859 -9.990e-29
 128.391568      3.373    12.6249  32.368125    27.2072      3.342  274.37415  274.51522     5.1941     3.9859 -9.990e-29
 128.391571      3.396    12.6254  32.368822    27.2078      3.366  274.37072  274.51182     5.3031     3.9859 -9.990e-29
 128.391574      3.423    12.6261  32.369751    27.2076      3.393  274.36562  274.50676     5.2720     3.9697 0.0000e+00
 128.391577      3.452    12.6277  32.370564    27.2074      3.422  274.35728  274.49851     3.4043     3.6624 0.0000e+00
 128.391580      3.485    12.6290  32.370157    27.2061      3.454  274.35236  274.49369     3.3109     3.6341 0.0000e+00
 128.391583      3.522    12.6300  32.370564    27.2057      3.490  274.34726  274.48865     3.3576     3.6503 0.0000e+00
 128.391586      3.553    12.6306  32.370331    27.2050      3.521  274.34486  274.48630     3.2175     3.6503 0.0000e+00
 128.391589      3.590    12.6308  32.369519    27.2050      3.558  274.34571  274.48716     3.5443     4.1194 0.0000e+00
 128.391591      3.624    12.6308  32.370970    27.2054      3.592  274.34314  274.48458     3.5288     4.0830 0.0000e+00
 128.391594      3.661    12.6311  32.371145    27.2054      3.628  274.34129  274.48274     3.6066     4.0991 0.0000e+00
 128.391597      3.692    12.6318  32.371377    27.2051      3.659  274.33775  274.47925     3.5288     4.1315 0.0000e+00
 128.391600      3.723    12.6324  32.371377    27.2049      3.690  274.33525  274.47679     4.0891     4.0910 0.0000e+00
 128.391603      3.749    12.6328  32.371319    27.2047      3.715  274.33380  274.47536     4.3226     3.7959 -9.990e-29
 128.391606      3.769    12.6327  32.370971    27.2041      3.735  274.33475  274.47631     4.3070     3.7837 -9.990e-29
 128.391609      3.792    12.6324  32.370971    27.2049      3.758  274.33602  274.47757     4.4159     3.8039 -9.990e-29
 128.391612      3.820    12.6323  32.371552    27.2049      3.785  274.33563  274.47716     4.2914     3.7756 0.0000e+00
 128.391615      3.845    12.6329  32.372190    27.2049      3.811  274.33168  274.47325     5.0852     4.3094 0.0000e+00
 128.391617      3.882    12.6338  32.370913    27.2031      3.847  274.32990  274.47153     5.0074     4.2973 0.0000e+00
 128.391620      3.916    12.6338  32.370739    27.2030      3.881  274.33054  274.47218     5.0541     4.2892 0.0000e+00
 128.391623      3.956    12.6328  32.369113    27.2022      3.921  274.33787  274.47945     5.0229     4.3013 0.0000e+00
 128.391626      3.987    12.6305  32.366094    27.2017      3.952  274.35333  274.49480     4.4159     4.0587 0.0000e+00
 128.391629      4.018    12.6266  32.363830    27.2017      3.983  274.37468  274.51591     4.4938     4.0304 0.0000e+00
 128.391632      4.049    12.6224  32.361391    27.2025      4.013  274.39760  274.53857     4.5560     4.0061 0.0000e+00
 128.391635      4.080    12.6183  32.359301    27.2035      4.044  274.41927  274.56000     4.6183     4.0668 0.0000e+00
 128.391638      4.109    12.6138  32.358373    27.2059      4.073  274.44107  274.58150     4.6805     4.5075 0.0000e+00
 128.391641      4.137    12.6105  32.359186    27.2075      4.100  274.45410  274.59431     4.8829     4.4914 0.0000e+00
 128.391644      4.164    12.6100  32.357328    27.2090      4.127  274.45963  274.59983     4.7739     4.4833 -9.990e-29
 128.391646      4.182    12.6084  32.354716    27.2070      4.145  274.47154  274.61165     4.8206     4.5035 -9.990e-29
 128.391649      4.211    12.6043  32.352278    27.2084      4.174  274.49383  274.63370     4.8517     4.4469 0.0000e+00
 128.391652      4.240    12.6001  32.351988    27.2097      4.202  274.51292  274.65251     5.3031     3.9010 0.0000e+00
 128.391655      4.273    12.5974  32.353266    27.2129      4.235  274.52261  274.66201     5.1941     3.9091 0.0000e+00
 128.391658      4.310    12.5964  32.353672    27.2139      4.271  274.52631  274.66564     5.2720     3.9455 0.0000e+00
 128.391661      4.343    12.5966  32.354311    27.2139      4.304  274.52456  274.66390     5.3187     3.9091 0.0000e+00
 128.391664      4.377    12.5971  32.353498    27.2134      4.338  274.52384  274.66321     4.3381     4.2124 0.0000e+00
