Processed/SBE19plus_01907321_2022_05_06_Cast54_wfilter.cnv
* Sea-Bird SBE19plus  Data File:
* FileName = E:\Prandtl Daten\2022\CTD\Raw\SBE19plus_01907321_2022_05_06_Cast54.hex
* Software version 2.6.1.12
* Temperature SN = 7321
* Conductivity SN = 7321
* System UpLoad Time = May 06 2022 13:17:19
* <ApplicationData>
* <Seaterm232>
** Messpraktikum 2022
** CTD 06.05 TS
** NMEA Latitude = 54 07,63 N
** NMEA Longitude = 008 42.13 E
# nquan = 11
# nvalues = 467                         
# units = specified
# name 0 = timeJ: Julian Days
# name 1 = prdM: Pressure, Strain Gauge [db]
# name 2 = tv290C: Temperature [ITS-90, deg C]
# name 3 = c0mS/cm: Conductivity [mS/cm]
# name 4 = sal00: Salinity, Practical [PSU]
# name 5 = depSM: Depth [salt water, m], lat = 54.00
# name 6 = oxsatMm/Kg: Oxygen Saturation, Weiss [umol/kg]
# name 7 = oxsolMm/Kg: Oxygen Saturation, Garcia & Gordon [umol/kg]
# name 8 = turbWETntu0: Turbidity, WET Labs ECO [NTU]
# name 9 = flECO-AFL: Fluorescence, WET Labs ECO-AFL/FL [mg/m^3]
# name 10 = flag:  0.000e+00
# span 0 = 126.549418, 126.550767       
# span 1 =      0.541,     12.204       
# span 2 =    12.1096,    12.3938       
# span 3 =  31.489011,  31.927277       
# span 4 =    26.7128,    27.0250       
# span 5 =      0.536,     12.095       
# span 6 =  276.60775,  278.26976       
# span 7 =  276.73172,  278.38514       
# span 8 =    13.4587,    72.1358       
# span 9 =     7.4715,    15.5912       
# span 10 = 0.0000e+00, 0.0000e+00      
# interval = seconds: 0.25
# start_time = May 06 2022 13:09:56 [Instrument's time stamp, header]
# bad_flag = -9.990e-29
*END*
[from data line 394]
 126.550558     10.371    12.2067  31.712925    26.8938     10.279  277.42816  277.54784    41.4587    12.2673 0.0000e+00
 126.550561     10.399    12.2087  31.715114    26.8938     10.306  277.41531  277.53509    41.4899    12.3360 0.0000e+00
 126.550564     10.439    12.2105  31.715114    26.8932     10.345  277.40740  277.52731    41.3965    12.3279 0.0000e+00
 126.550567     10.468    12.2111  31.715114    26.8929     10.374  277.40457  277.52451    41.5054    12.3360 0.0000e+00
 126.550570     10.503    12.2114  31.720875    26.8927     10.409  277.39282  277.51273    42.5949    12.6555 -9.990e-29
 126.550573     10.526    12.2126  31.721509    26.8976     10.432  277.38629  277.50627    42.4237    12.6272 -9.990e-29
 126.550576     10.554    12.2138  31.723122    26.8982     10.459  277.37766  277.49771    42.3770    12.6393 -9.990e-29
 126.550579     10.576    12.2148  31.729806    26.9038     10.481  277.36106  277.48111    42.3926    12.6231 -9.990e-29
 126.550582     10.594    12.2163  31.732802    26.9055     10.499  277.34895  277.46907    41.6299    12.3926 -9.990e-29
 126.550584     10.610    12.2180  31.736202    26.9075     10.515  277.33516  277.45536    41.9412    12.3967 -9.990e-29
 126.550587     10.627    12.2195  31.742541    26.9123     10.532  277.31665  277.43689    41.8167    12.4290 -9.990e-29
 126.550590     10.645    12.2216  31.751474    26.9192     10.550  277.29088  277.41117    41.5988    12.3926 -9.990e-29
 126.550593     10.669    12.2244  31.750494    26.9163     10.573  277.28032  277.40080    41.7233    12.4088 -9.990e-29
 126.550596     10.692    12.2263  31.753260    26.9203     10.597  277.26674  277.38732    41.0541    12.7323 -9.990e-29
 126.550599     10.720    12.2275  31.757237    26.9187     10.624  277.25381  277.37443    40.7117    12.7525 0.0000e+00
 126.550602     10.751    12.2286  31.754643    26.9171     10.655  277.25348  277.37421    40.9296    12.7000 0.0000e+00
 126.550605     10.782    12.2290  31.751300    26.9154     10.685  277.25800  277.37878    40.8362    12.7242 0.0000e+00
 126.550608     10.811    12.2286  31.753491    26.9137     10.714  277.25593  277.37667    49.6766    12.8657 -9.990e-29
 126.550611     10.835    12.2286  31.764385    26.9262     10.738  277.23612  277.35674    49.4120    12.8657 -9.990e-29
 126.550613     10.848    12.2305  31.772167    26.9321     10.751  277.21309  277.33376    49.5210    12.9628 -9.990e-29
 126.550616     10.868    12.2333  31.775742    26.9335     10.770  277.19423  277.31506    49.5521    12.8819 -9.990e-29
 126.550619     10.886    12.2358  31.790271    26.9453     10.789  277.15640  277.27725    48.2914    13.0235 -9.990e-29
 126.550622     10.908    12.2395  31.803996    26.9555     10.810  277.11497  277.23592    48.1358    13.0639 -9.990e-29
 126.550625     10.926    12.2450  31.823492    26.9698     10.828  277.05451  277.17563    48.3381    13.0275 -9.990e-29
 126.550628     10.948    12.2511  31.827702    26.9670     10.850  277.01963  277.14112    48.1980    13.0113 -9.990e-29
 126.550631     10.983    12.2556  31.828683    26.9716     10.885  276.99760  277.11939    47.8245    13.0356 0.0000e+00
 126.550634     11.018    12.2586  31.840856    26.9759     10.919  276.96189  277.08375    47.9023    12.9830 0.0000e+00
 126.550637     11.061    12.2619  31.843049    26.9762     10.962  276.94305  277.06512    48.0735    13.0396 0.0000e+00
 126.550639     11.102    12.2648  31.855628    26.9855     11.002  276.90693  277.02907    48.2447    12.9790 0.0000e+00
 126.550642     11.138    12.2680  31.860995    26.9869     11.038  276.88296  277.00526    47.9957    13.0518 0.0000e+00
 126.550645     11.169    12.2715  31.865958    26.9883     11.069  276.85846  276.98094    48.7272    12.7364 -9.990e-29
 126.550648     11.185    12.2744  31.869364    26.9915     11.085  276.83899  276.96164    48.7739    12.8011 -9.990e-29
 126.550651     11.204    12.2769  31.874558    26.9945     11.103  276.81818  276.94095    48.5249    12.7727 -9.990e-29
 126.550654     11.212    12.2789  31.881947    27.0000     11.112  276.79592  276.91874    48.6183    12.7444 -9.990e-29
 126.550657     11.231    12.2814  31.886161    27.0021     11.130  276.77689  276.89984    48.7117    13.0841 -9.990e-29
 126.550660     11.240    12.2841  31.892338    27.0060     11.139  276.75366  276.87673    48.8206    13.1771 -9.990e-29
 126.550663     11.262    12.2864  31.894359    27.0063     11.161  276.73989  276.86308    48.7272    13.0922 -9.990e-29
 126.550666     11.278    12.2881  31.894532    27.0052     11.177  276.73199  276.85530    48.7584    13.0962 -9.990e-29
 126.550668     11.300    12.2893  31.896149    27.0083     11.199  276.72369  276.84707    52.6961    13.8120 -9.990e-29
 126.550671     11.329    12.2900  31.899324    27.0089     11.227  276.71479  276.83818    52.5093    13.7715 0.0000e+00
 126.550674     11.362    12.2908  31.901345    27.0096     11.260  276.70735  276.83077    52.5871    13.8120 0.0000e+00
 126.550677     11.398    12.2918  31.902327    27.0098     11.296  276.70116  276.82465    52.4315    13.7594 0.0000e+00
 126.550680     11.433    12.2925  31.906715    27.0134     11.330  276.69006  276.81355    51.0619    13.2742 0.0000e+00
 126.550683     11.469    12.2935  31.909718    27.0155     11.366  276.68021  276.80373    51.0619    13.2135 0.0000e+00
 126.550686     11.497    12.2948  31.912086    27.0161     11.394  276.66993  276.79352    51.0619    13.2297 0.0000e+00
 126.550689     11.524    12.2962  31.913703    27.0167     11.421  276.66100  276.78467    51.0463    13.1609 -9.990e-29
 126.550692     11.542    12.2971  31.913299    27.0161     11.439  276.65732  276.78105    50.9529    13.2135 -9.990e-29
 126.550694     11.558    12.2977  31.914107    27.0165     11.455  276.65334  276.77710    55.2019    13.7998 -9.990e-29
 126.550697     11.575    12.2982  31.915089    27.0170     11.471  276.64935  276.77314    55.1397    13.7756 -9.990e-29
 126.550700     11.584    12.2985  31.914685    27.0165     11.480  276.64883  276.77264    55.2331    13.7796 -9.990e-29
 126.550703     11.600    12.2986  31.915493    27.0172     11.496  276.64706  276.77086    55.3731    13.8120 -9.990e-29
 126.550706     11.622    12.2989  31.916129    27.0175     11.518  276.64434  276.76816    63.9179    14.5277 -9.990e-29
 126.550709     11.646    12.2990  31.916879    27.0189     11.542  276.64236  276.76618    63.7778    14.5762 -9.990e-29
 126.550712     11.679    12.2993  31.917977    27.0193     11.574  276.63913  276.76296    63.9490    14.6207 0.0000e+00
 126.550715     11.717    12.2997  31.919132    27.0191     11.612  276.63516  276.75901    63.7311    14.5641 0.0000e+00
 126.550718     11.755    12.3000  31.918728    27.0197     11.650  276.63465  276.75853    55.7934    13.8200 0.0000e+00
 126.550720     11.794    12.3005  31.921327    27.0202     11.688  276.62807  276.75194    55.7934    13.8443 0.0000e+00
 126.550723     11.828    12.3009  31.921904    27.0212     11.722  276.62515  276.74904    55.6533    13.8160 -9.990e-29
 126.550726     11.852    12.3014  31.923117    27.0221     11.746  276.62043  276.74436    55.7934    13.7877 -9.990e-29
 126.550729     11.878    12.3018  31.923291    27.0220     11.771  276.61856  276.74250    58.7039    13.9009 -9.990e-29
 126.550732     11.899    12.3022  31.922886    27.0213     11.793  276.61741  276.74138    58.6261    13.9494 -9.990e-29
 126.550735     11.919    12.3024  31.922309    27.0207     11.813  276.61783  276.74183    58.5327    13.9131 -9.990e-29
 126.550738     11.938    12.3024  31.921500    27.0199     11.831  276.61900  276.74300    58.3615    13.9131 -9.990e-29
 126.550741     11.951    12.3023  31.921327    27.0198     11.844  276.61995  276.74395    58.6727    13.8888 -9.990e-29
 126.550744     11.961    12.3019  31.920288    27.0191     11.854  276.62342  276.74741    58.9685    13.8888 -9.990e-29
 126.550747     11.976    12.3019  31.920114    27.0190     11.869  276.62406  276.74805    58.7817    13.9211 -9.990e-29
 126.550749     11.998    12.3017  31.919883    27.0189     11.890  276.62545  276.74942    58.9373    13.8888 -9.990e-29
 126.550752     12.020    12.3015  31.920288    27.0197     11.912  276.62536  276.74932    58.5482    13.8847 -9.990e-29
 126.550755     12.051    12.3013  31.920461    27.0204     11.943  276.62601  276.74996    68.1669    15.4294 0.0000e+00
 126.550758     12.085    12.3014  31.922078    27.0211     11.977  276.62279  276.74672    68.2759    15.4658 0.0000e+00
 126.550761     12.124    12.3016  31.923696    27.0223     12.015  276.61893  276.74286    68.3381    15.4901 0.0000e+00
 126.550764     12.155    12.3021  31.923927    27.0225     12.046  276.61601  276.73997    68.1980    15.4577 0.0000e+00
 126.550767     12.204    12.3026  31.927277    27.0250     12.095  276.60775  276.73172    72.1358    15.5912 0.0000e+00
