Processed/SBE19plus_01907321_2022_05_09_Cast106_wfilter.cnv
* Sea-Bird SBE19plus  Data File:
* FileName = E:\Prandtl_Daten\2022\CTD\Raw\SBE19plus_01907321_2022_05_09_Cast106.hex
* Software version 2.6.1.12
* Temperature SN = 7321
* Conductivity SN = 7321
* System UpLoad Time = May 09 2022 14:26:08
* <ApplicationData>
* <Seaterm232>
** Messpraktikum 2022
** CTD 09.05  BE
** NMEA Latitude = 54 07 414N
** NMEA Longitude = 008 50 409E
# nquan = 11
# nvalues = 609                         
# units = specified
# name 0 = timeJ: Julian Days
# name 1 = prdM: Pressure, Strain Gauge [db]
# name 2 = tv290C: Temperature [ITS-90, deg C]
# name 3 = c0mS/cm: Conductivity [mS/cm]
# name 4 = sal00: Salinity, Practical [PSU]
# name 5 = depSM: Depth [salt water, m], lat = 54.00
# name 6 = oxsatMm/Kg: Oxygen Saturation, Weiss [umol/kg]
# name 7 = oxsolMm/Kg: Oxygen Saturation, Garcia & Gordon [umol/kg]
# name 8 = turbWETntu0: Turbidity, WET Labs ECO [NTU]
# name 9 = flECO-AFL: Fluorescence, WET Labs ECO-AFL/FL [mg/m^3]
# name 10 = flag:  0.000e+00
# span 0 = 129.589436, 129.591195       
# span 1 =      0.294,     18.055       
# span 2 =    12.8891,    14.4140       
# span 3 =  32.371551,  33.560437       
# span 4 =    26.9493,    27.0620       
# span 5 =      0.291,     17.893       
# span 6 =  264.68313,  273.20837       
# span 7 =  264.92388,  273.36672       
# span 8 =    -0.5802,   223.0307       
# span 9 =     1.7174,    22.2268       
# span 10 = 0.0000e+00, 0.0000e+00      
# interval = seconds: 0.25
# start_time = May 09 2022 14:07:33 [Instrument's time stamp, header]
# bad_flag = -9.990e-29
*END*
 129.589436      0.294    14.4072  33.557257    27.0278      0.291  264.71450  264.95489    -0.4090     1.8468 -9.990e-29
 129.589439      0.301    14.4091  33.559083    27.0281      0.299  264.70371  264.94419    -0.5802     1.8064 -9.990e-29
 129.589442      0.307    14.4112  33.559613    27.0271      0.304  264.69439  264.93498    -0.5646     1.8104 -9.990e-29
 129.589444      0.329    14.4124  33.558493    27.0219      0.326  264.69091  264.93158    -0.4401     1.8104 -9.990e-29
 129.589447      0.367    14.4124  33.554724    27.0219      0.364  264.69738  264.93808    -0.4401     1.7174 0.0000e+00
 129.589450      0.402    14.4108  33.557669    27.0219      0.398  264.69918  264.93976    -0.2845     1.7255 -9.990e-29
 129.589453      0.425    14.4108  33.559790    27.0275      0.422  264.69574  264.93631    -0.2222     1.7781 -9.990e-29
 129.589456      0.451    14.4121  33.559672    27.0265      0.447  264.69031  264.93096    -0.3000     1.7700 -9.990e-29
 129.589459      0.467    14.4133  33.560437    27.0264      0.463  264.68438  264.92508    -0.3467     1.7336 -9.990e-29
 129.589462      0.489    14.4139  33.559672    27.0252      0.485  264.68313  264.92388    -0.4868     1.8064 -9.990e-29
 129.589465      0.513    14.4140  33.557493    27.0251      0.508  264.68639  264.92715    -0.3156     1.8590 -9.990e-29
 129.589468      0.539    14.4126  33.558494    27.0253      0.534  264.69041  264.93109    -0.5179     1.7862 0.0000e+00
 129.589470      0.568    14.4124  33.558730    27.0251      0.563  264.69098  264.93164    -0.5802     1.8468 0.0000e+00
 129.589473      0.595    14.4122  33.556079    27.0232      0.590  264.69594  264.93661    -0.0043     2.0652 0.0000e+00
 129.589476      0.628    14.4102  33.545184    27.0176      0.622  264.72216  264.96280    -0.1288     2.1339 0.0000e+00
 129.589479      0.663    14.4044  33.543772    27.0149      0.657  264.74860  264.98892     0.0268     2.0935 0.0000e+00
 129.589482      0.699    14.3985  33.530347    27.0108      0.693  264.79493  265.03501     0.0113     2.0814 0.0000e+00
 129.589485      0.730    14.3896  33.524637    27.0098      0.724  264.84122  265.08084     0.0580     2.2593 0.0000e+00
 129.589488      0.757    14.3786  33.486142    26.9973      0.751  264.94946  265.18875     0.1358     2.2795 0.0000e+00
 129.589491      0.783    14.3551  33.482555    26.9973      0.776  265.05342  265.29139     0.0113     2.2674 0.0000e+00
 129.589494      0.812    14.3361  33.487148    27.0146      0.805  265.12488  265.36173     0.1047     2.2714 0.0000e+00
 129.589497      0.840    14.3288  33.488914    27.0146      0.832  265.15208  265.38850     0.4159     2.5302 0.0000e+00
 129.589499      0.867    14.3251  33.473262    27.0155      0.859  265.19337  265.42969     0.4471     2.5949 0.0000e+00
 129.589502      0.898    14.3158  33.437613    27.0099      0.890  265.29059  265.52664     0.6494     2.4938 -9.990e-29
 129.589505      0.921    14.2910  33.415151    26.9599      0.913  265.43054  265.66535     0.7272     2.5464 -9.990e-29
 129.589508      0.952    14.2601  33.366776    26.9811      0.944  265.63881  265.87220     0.7584     2.7405 0.0000e+00
 129.589511      0.987    14.2208  33.383472    26.9918      0.978  265.77572  266.00672     0.8829     2.8941 0.0000e+00
 129.589514      1.016    14.1974  33.353562    26.9918      1.007  265.92278  266.15266     0.8362     2.9467 0.0000e+00
 129.589517      1.044    14.1739  33.323134    26.9845      1.034  266.07141  266.30016     0.7739     2.9386 0.0000e+00
 129.589520      1.075    14.1444  33.304167    26.9810      1.065  266.22631  266.45350     1.0074     2.9305 0.0000e+00
 129.589523      1.100    14.1156  33.245410    26.9586      1.090  266.44424  266.67021     2.4393     3.5047 0.0000e+00
 129.589525      1.128    14.0700  33.217486    26.9519      1.118  266.68199  266.90552     2.1124     3.4602 0.0000e+00
 129.589528      1.160    14.0198  33.144782    26.9493      1.150  267.01436  267.23552     2.3148     3.4764 0.0000e+00
 129.589531      1.195    13.9568  33.119179    26.9493      1.185  267.32280  267.54047     2.2836     3.4602 0.0000e+00
 129.589534      1.232    13.9007  33.103893    26.9748      1.221  267.58550  267.79997     1.9724     3.5007 0.0000e+00
 129.589537      1.263    13.8611  33.100558    26.9872      1.251  267.75909  267.97124     2.0346     3.4683 0.0000e+00
 129.589540      1.296    13.8384  33.105833    26.9996      1.284  267.84633  268.05708     2.0346     3.4966 -9.990e-29
 129.589543      1.319    13.8296  33.088905    27.0112      1.308  267.91208  268.12245     1.8945     3.4683 -9.990e-29
 129.589546      1.341    13.8134  33.017302    26.9578      1.329  268.10105  268.31102     1.7233     3.2459 -9.990e-29
 129.589549      1.365    13.7696  33.001156    26.9740      1.353  268.31425  268.52174     1.6299     3.2095 -9.990e-29
 129.589552      1.385    13.7285  33.016668    27.0168      1.373  268.46280  268.66770     1.6299     3.2419 -9.990e-29
 129.589554      1.413    13.7099  33.025214    27.0377      1.400  268.52783  268.73154     1.6299     3.2217 -9.990e-29
 129.589557      1.438    13.7092  33.058407    27.0462      1.425  268.47466  268.67806     3.1708     3.1974 -9.990e-29
 129.589560      1.471    13.7264  33.047457    27.0254      1.458  268.42004  268.62457     3.2175     4.1881 0.0000e+00
 129.589563      1.504    13.7350  33.008123    27.0045      1.491  268.44963  268.65500     3.5443     4.1557 0.0000e+00
 129.589566      1.539    13.7182  32.957055    26.9701      1.525  268.60741  268.81218     3.2798     4.1679 0.0000e+00
 129.589569      1.575    13.6808  32.927999    26.9701      1.561  268.81588  269.01864     3.2953     4.1962 0.0000e+00
 129.589572      1.613    13.6365  32.901700    26.9773      1.599  269.04967  269.24997     2.5794     3.8201 0.0000e+00
 129.589575      1.643    13.5980  32.902990    27.0056      1.628  269.21222  269.41017     2.5015     3.7797 0.0000e+00
 129.589578      1.674    13.5749  32.889903    27.0078      1.659  269.33346  269.53012     2.6883     3.8403 0.0000e+00
 129.589580      1.701    13.5562  32.888911    27.0100      1.686  269.41498  269.61051     2.6261     3.7635 -9.990e-29
 129.589583      1.721    13.5454  32.906386    27.0458      1.706  269.43176  269.62648     2.4237     3.9617 -9.990e-29
 129.589586      1.741    13.5490  32.927020    27.0620      1.726  269.38097  269.57574     2.2525     3.9293 -9.990e-29
 129.589589      1.765    13.5614  32.916613    27.0228      1.749  269.34561  269.54123     2.3459     3.8970 -9.990e-29
 129.589592      1.792    13.5666  32.897676    27.0163      1.776  269.35552  269.55161     2.4704     3.9455 0.0000e+00
 129.589595      1.821    13.5580  32.876700    27.0104      1.805  269.42828  269.62402     3.4821     4.4954 0.0000e+00
 129.589598      1.854    13.5411  32.864258    27.0104      1.838  269.52176  269.71657     3.6533     4.5237 0.0000e+00
 129.589601      1.893    13.5243  32.866947    27.0213      1.876  269.58918  269.78294     3.7467     4.5237 0.0000e+00
 129.589604      1.926    13.5147  32.855791    27.0213      1.908  269.64937  269.84265     3.6222     4.4550 0.0000e+00
 129.589606      1.959    13.5057  32.843410    27.0197      1.941  269.70916  269.90198     3.5910     4.4914 0.0000e+00
 129.589609      1.993    13.4931  32.837221    27.0164      1.975  269.77380  269.96591     3.5288     4.4873 0.0000e+00
 129.589612      2.024    13.4813  32.821106    27.0165      2.006  269.85193  270.04345     3.6377     4.4631 0.0000e+00
 129.589615      2.050    13.4666  32.815736    27.0133      2.032  269.92431  270.11497     3.6222     4.4792 -9.990e-29
 129.589618      2.070    13.4553  32.814394    27.0255      2.051  269.97503  270.16501     3.6222     4.5035 -9.990e-29
 129.589621      2.094    13.4464  32.788069    27.0079      2.075  270.05872  270.24838     3.7467     4.7057 -9.990e-29
 129.589624      2.116    13.4284  32.764962    26.9995      2.097  270.17564  270.36439     3.5910     4.6895 -9.990e-29
 129.589627      2.139    13.4049  32.759422    27.0166      2.120  270.28643  270.47377     3.7000     4.6976 -9.990e-29
 129.589630      2.165    13.3843  32.749623    27.0128      2.146  270.39162  270.57778     3.9179     4.6855 0.0000e+00
 129.589633      2.198    13.3676  32.728160    27.0166      2.178  270.50051  270.68582     3.6844     4.8593 0.0000e+00
 129.589635      2.230    13.3494  32.725887    27.0197      2.211  270.58307  270.76728     3.6222     4.8149 0.0000e+00
 129.589638      2.269    13.3348  32.718249    27.0230      2.249  270.65945  270.84281     3.4510     4.8472 0.0000e+00
 129.589641      2.305    13.3249  32.727640    27.0326      2.285  270.68609  270.86876     3.6377     4.9079 0.0000e+00
 129.589644      2.340    13.3232  32.719709    27.0326      2.319  270.70699  270.88962     3.5910     4.8513 0.0000e+00
 129.589647      2.371    13.3194  32.706939    27.0236      2.350  270.74534  270.92785     3.7155     4.8472 0.0000e+00
 129.589650      2.402    13.3098  32.689858    27.0188      2.381  270.81630  270.99835     3.6533     4.8553 0.0000e+00
 129.589653      2.429    13.2956  32.683331    27.0168      2.408  270.88891  271.07014     3.4510     4.8755 0.0000e+00
 129.589656      2.457    13.2823  32.674472    27.0188      2.435  270.96177  271.14225     3.7778     4.8593 -9.990e-29
 129.589659      2.480    13.2703  32.672434    27.0268      2.458  271.01722  271.19696     3.9801     5.0453 -9.990e-29
 129.589661      2.508    13.2618  32.668705    27.0294      2.485  271.06048  271.23973     4.0424     5.0453 -9.990e-29
 129.589664      2.531    13.2559  32.664626    27.0255      2.509  271.09333  271.27225     4.2136     5.0575 -9.990e-29
 129.589667      2.557    13.2490  32.654545    27.0270      2.534  271.14065  271.31922     3.9957     5.0939 0.0000e+00
 129.589670      2.586    13.2402  32.651050    27.0285      2.563  271.18446  271.36252     4.2292     4.8836 0.0000e+00
 129.589673      2.617    13.2326  32.652508    27.0352      2.594  271.21500  271.39256     4.1047     4.8674 0.0000e+00
 129.589676      2.652    13.2288  32.650877    27.0352      2.628  271.23420  271.41154     4.1825     4.8270 0.0000e+00
 129.589679      2.687    13.2266  32.643477    27.0315      2.663  271.25677  271.43404     3.9801     4.8876 0.0000e+00
 129.589682      2.719    13.2225  32.640623    27.0312      2.695  271.27966  271.45670     4.2914     5.0898 0.0000e+00
 129.589685      2.752    13.2172  32.636313    27.0315      2.728  271.30979  271.48654     4.2292     5.0939 0.0000e+00
 129.589688      2.782    13.2119  32.633633    27.0319      2.757  271.33773  271.51416     4.3226     5.0777 0.0000e+00
 129.589690      2.811    13.2076  32.635265    27.0326      2.786  271.35349  271.52964     4.4782     5.0939 -9.990e-29
 129.589693      2.836    13.2056  32.632819    27.0362      2.811  271.36624  271.54229     4.2603     5.0009 -9.990e-29
 129.589696      2.866    13.2040  32.628275    27.0333      2.840  271.38136  271.55734     4.1825     5.0090 -9.990e-29
 129.589699      2.887    13.2004  32.625014    27.0328      2.862  271.40244  271.57823     4.3381     4.9483 -9.990e-29
 129.589702      2.911    13.1966  32.622975    27.0343      2.885  271.42266  271.59823     4.3226     4.9766 -9.990e-29
 129.589705      2.937    13.1929  32.620937    27.0360      2.911  271.44194  271.61730     4.1047     4.9766 0.0000e+00
 129.589708      2.963    13.1898  32.622219    27.0377      2.936  271.45327  271.62842     4.6494     5.0009 0.0000e+00
 129.589711      2.990    13.1889  32.622569    27.0387      2.963  271.45677  271.63186     4.8517     4.9766 0.0000e+00
 129.589714      3.025    13.1889  32.622976    27.0387      2.998  271.45609  271.63117     4.7117     4.9645 0.0000e+00
 129.589716      3.056    13.1894  32.622161    27.0379      3.028  271.45532  271.63044     4.8829     4.9887 0.0000e+00
 129.589719      3.092    13.1893  32.621812    27.0377      3.065  271.45626  271.63138     4.7428     5.0817 0.0000e+00
 129.589722      3.127    13.1889  32.621521    27.0377      3.099  271.45867  271.63377     4.7895     5.0696 0.0000e+00
 129.589725      3.160    13.1889  32.621928    27.0377      3.131  271.45767  271.63277     4.6961     5.0332 0.0000e+00
 129.589728      3.193    13.1892  32.617618    27.0339      3.164  271.46422  271.63937     4.7272     5.0615 0.0000e+00
 129.589731      3.222    13.1869  32.614823    27.0339      3.193  271.47883  271.65387     4.8050     5.0777 0.0000e+00
 129.589734      3.249    13.1840  32.614357    27.0337      3.220  271.49225  271.66710     4.7739     5.1141 0.0000e+00
 129.589737      3.278    13.1818  32.613775    27.0345      3.249  271.50303  271.67775     4.9140     5.0979 -9.990e-29
 129.589740      3.295    13.1804  32.614591    27.0373      3.265  271.50760  271.68223     4.8829     5.0858 -9.990e-29
 129.589742      3.324    13.1800  32.615581    27.0385      3.294  271.50779  271.68238     4.8984     5.0373 -9.990e-29
 129.589745      3.346    13.1804  32.614591    27.0350      3.316  271.50764  271.68226     4.9607     5.0696 -9.990e-29
 129.589748      3.380    13.1803  32.612087    27.0359      3.350  271.51231  271.68696     5.0074     5.0494 0.0000e+00
 129.589751      3.411    13.1795  32.613368    27.0365      3.381  271.51357  271.68816     5.1008     5.0817 0.0000e+00
 129.589754      3.448    13.1792  32.612844    27.0367      3.417  271.51608  271.69064     5.0696     5.0170 0.0000e+00
 129.589757      3.481    13.1789  32.613136    27.0365      3.450  271.51685  271.69140     4.8829     4.9726 0.0000e+00
 129.589760      3.517    13.1794  32.612961    27.0364      3.486  271.51498  271.68955     4.9918     4.9564 0.0000e+00
 129.589763      3.552    13.1797  32.613136    27.0364      3.520  271.51344  271.68803     4.9296     4.9847 0.0000e+00
 129.589766      3.583    13.1799  32.614242    27.0364      3.551  271.51059  271.68519     4.8829     4.9766 0.0000e+00
 129.589769      3.614    13.1801  32.611272    27.0358      3.582  271.51482  271.68946     4.9918     4.9766 0.0000e+00
 129.589771      3.641    13.1792  32.610865    27.0343      3.609  271.51963  271.69422     4.6338     4.9928 -9.990e-29
 129.589774      3.665    13.1779  32.609234    27.0340      3.632  271.52783  271.70234     4.7895     4.9887 -9.990e-29
 129.589777      3.685    13.1768  32.609933    27.0355      3.652  271.53166  271.70610     4.7584     4.9604 -9.990e-29
 129.589780      3.707    13.1758  32.609060    27.0356      3.674  271.53760  271.71198     4.9762     5.0737 -9.990e-29
 129.589783      3.734    13.1751  32.608827    27.0364      3.701  271.54085  271.71519     4.7272     5.0534 0.0000e+00
 129.589786      3.762    13.1744  32.610050    27.0364      3.728  271.54189  271.71618     4.7117     5.0211 0.0000e+00
 129.589789      3.795    13.1747  32.609351    27.0364      3.761  271.54187  271.71618     4.5560     5.0373 0.0000e+00
 129.589792      3.826    13.1750  32.609643    27.0364      3.792  271.54012  271.71445     4.6961     5.0211 0.0000e+00
 129.589795      3.860    13.1752  32.607604    27.0354      3.826  271.54273  271.71709     4.7739     5.0130 0.0000e+00
 129.589797      3.893    13.1743  32.608012    27.0354      3.858  271.54582  271.72013     4.7895     4.9685 0.0000e+00
 129.589800      3.926    13.1740  32.610517    27.0376      3.891  271.54276  271.71702     4.7895     5.0009 0.0000e+00
 129.589803      3.959    13.1754  32.611274    27.0376      3.924  271.53549  271.70983     4.6494     5.0009 0.0000e+00
 129.589806      3.988    13.1766  32.607838    27.0356      3.953  271.53612  271.71057     5.5210     4.9443 0.0000e+00
 129.589809      4.018    13.1763  32.606382    27.0335      3.982  271.54023  271.71467     5.5677     4.9079 -9.990e-29
 129.589812      4.041    13.1747  32.604285    27.0317      4.005  271.55081  271.72516     5.4432     4.9564 -9.990e-29
