Processed/SBE19plus_01907321_2022_05_07_Cast70_wfilter.cnv
* Sea-Bird SBE19plus  Data File:
* FileName = E:\Prandtl Daten\2022\CTD\Raw\SBE19plus_01907321_2022_05_07_Cast70.hex
* Software version 2.6.1.12
* Temperature SN = 7321
* Conductivity SN = 7321
* System UpLoad Time = May 07 2022 12:26:13
* <ApplicationData>
* <Seaterm232>
** Messpraktikum 2022
** CTD 07.05 TS
** NMEA Latitude = 54 07.61 N
** NMEA Longitude = 008 42.25 E
# nquan = 11
# nvalues = 424                         
# units = specified
# name 0 = timeJ: Julian Days
# name 1 = prdM: Pressure, Strain Gauge [db]
# name 2 = tv290C: Temperature [ITS-90, deg C]
# name 3 = c0mS/cm: Conductivity [mS/cm]
# name 4 = sal00: Salinity, Practical [PSU]
# name 5 = depSM: Depth [salt water, m], lat = 54.00
# name 6 = oxsatMm/Kg: Oxygen Saturation, Weiss [umol/kg]
# name 7 = oxsolMm/Kg: Oxygen Saturation, Garcia & Gordon [umol/kg]
# name 8 = turbWETntu0: Turbidity, WET Labs ECO [NTU]
# name 9 = flECO-AFL: Fluorescence, WET Labs ECO-AFL/FL [mg/m^3]
# name 10 = flag:  0.000e+00
# span 0 = 127.513964, 127.515188       
# span 1 =      0.620,     10.923       
# span 2 =    12.7359,    12.7695       
# span 3 =  32.135980,  32.232708       
# span 4 =    26.9066,    26.9755       
# span 5 =      0.614,     10.826       
# span 6 =  273.98134,  274.27476       
# span 7 =  274.13324,  274.42526       
# span 8 =    14.0035,    66.5171       
# span 9 =     5.4416,     9.5985       
# span 10 = 0.0000e+00, 0.0000e+00      
# interval = seconds: 0.25
# start_time = May 07 2022 12:19:01 [Instrument's time stamp, header]
# bad_flag = -9.990e-29
*END*
[from data line 394]
 127.515104     10.172    12.7632  32.224242    26.9722     10.081  274.02323  274.17478    51.2642     8.7938 0.0000e+00
 127.515107     10.206    12.7639  32.226040    26.9728     10.115  274.01691  274.16850    51.2953     8.7655 0.0000e+00
 127.515110     10.234    12.7647  32.227315    26.9734     10.142  274.01120  274.16282    51.4198     8.8181 -9.990e-29
 127.515113     10.255    12.7654  32.226851    26.9730     10.164  274.00856  274.16024    51.2953     8.9879 -9.990e-29
 127.515116     10.276    12.7662  32.228242    26.9737     10.184  274.00264  274.15435    51.4510     8.9677 -9.990e-29
 127.515119     10.290    12.7667  32.228648    26.9737     10.198  273.99972  274.15146    51.2019     8.9555 -9.990e-29
 127.515122     10.305    12.7670  32.229286    26.9741     10.212  273.99733  274.14909    51.2331     8.9555 -9.990e-29
 127.515124     10.325    12.7675  32.229866    26.9743     10.232  273.99411  274.14590    51.7934     8.9555 -9.990e-29
 127.515127     10.343    12.7679  32.230272    26.9746     10.250  273.99182  274.14363    51.7778     8.9232 -9.990e-29
 127.515130     10.369    12.7680  32.230619    26.9742     10.276  273.99059  274.14240    51.5755     8.9151 0.0000e+00
 127.515133     10.403    12.7683  32.229866    26.9746     10.310  273.99069  274.14252    51.7467     8.9313 0.0000e+00
 127.515136     10.434    12.7684  32.230909    26.9746     10.341  273.98854  274.14038    51.7311     8.9313 0.0000e+00
 127.515139     10.471    12.7684  32.231489    26.9751     10.377  273.98723  274.13906    46.4393     8.7372 0.0000e+00
 127.515142     10.504    12.7687  32.231895    26.9751     10.410  273.98558  274.13742    46.7506     8.7331 0.0000e+00
 127.515145     10.533    12.7689  32.231316    26.9749     10.438  273.98536  274.13723    46.4704     8.7412 0.0000e+00
 127.515148     10.560    12.7691  32.232127    26.9745     10.466  273.98331  274.13518    46.6572     8.7129 -9.990e-29
 127.515150     10.584    12.7691  32.232301    26.9753     10.489  273.98302  274.13489    46.0502     8.6684 -9.990e-29
 127.515153     10.608    12.7692  32.231895    26.9748     10.513  273.98312  274.13500    46.0657     8.6765 -9.990e-29
 127.515156     10.618    12.7693  32.231896    26.9748     10.523  273.98281  274.13470    46.2058     8.6684 -9.990e-29
 127.515159     10.635    12.7692  32.231490    26.9745     10.540  273.98386  274.13574    46.0035     8.6684 -9.990e-29
 127.515162     10.655    12.7693  32.232707    26.9755     10.560  273.98140  274.13328    47.5288     8.7453 -9.990e-29
 127.515165     10.677    12.7694  32.232533    26.9752     10.581  273.98141  274.13329    47.2953     8.7210 -9.990e-29
 127.515168     10.706    12.7692  32.232302    26.9753     10.610  273.98278  274.13465    47.0774     8.7251 0.0000e+00
 127.515171     10.735    12.7692  32.232708    26.9753     10.639  273.98177  274.13364    47.1864     8.7129 0.0000e+00
 127.515174     10.763    12.7691  32.232302    26.9753     10.667  273.98314  274.13500    60.1358     9.2790 0.0000e+00
 127.515177     10.794    12.7691  32.232128    26.9752     10.697  273.98346  274.13533    60.1980     9.2912 0.0000e+00
 127.515179     10.825    12.7691  32.232302    26.9751     10.728  273.98318  274.13504    60.2292     9.2912 0.0000e+00
 127.515182     10.854    12.7689  32.231896    26.9751     10.757  273.98454  274.13641    60.1358     9.2952 0.0000e+00
 127.515185     10.904    12.7693  32.232128    26.9750     10.806  273.98259  274.13447    60.1980     9.2710 -9.990e-29
 127.515188     10.923    12.7695  32.232302    26.9749     10.826  273.98134  274.13324    66.5171     9.5985 -9.990e-29
