Processed/SBE19plus_01907321_2022_05_07_Cast65_wfilter.cnv
* Sea-Bird SBE19plus  Data File:
* FileName = E:\Prandtl Daten\2022\CTD\Raw\SBE19plus_01907321_2022_05_07_Cast65.hex
* Software version 2.6.1.12
* Temperature SN = 7321
* Conductivity SN = 7321
* System UpLoad Time = May 07 2022 09:44:39
* <ApplicationData>
* <Seaterm232>
** Messpraktikum 2022
** CTD 07.05 DB
** NMEA Latitude = 54 03.26 N
** NMEA Longitude = 008 43.70 E
# nquan = 11
# nvalues = 225                         
# units = specified
# name 0 = timeJ: Julian Days
# name 1 = prdM: Pressure, Strain Gauge [db]
# name 2 = tv290C: Temperature [ITS-90, deg C]
# name 3 = c0mS/cm: Conductivity [mS/cm]
# name 4 = sal00: Salinity, Practical [PSU]
# name 5 = depSM: Depth [salt water, m], lat = 54.00
# name 6 = oxsatMm/Kg: Oxygen Saturation, Weiss [umol/kg]
# name 7 = oxsolMm/Kg: Oxygen Saturation, Garcia & Gordon [umol/kg]
# name 8 = turbWETntu0: Turbidity, WET Labs ECO [NTU]
# name 9 = flECO-AFL: Fluorescence, WET Labs ECO-AFL/FL [mg/m^3]
# name 10 = flag:  0.000e+00
# span 0 = 127.400692, 127.401340       
# span 1 =      0.496,      4.744       
# span 2 =    12.9844,    13.1410       
# span 3 =  32.139426,  32.329867       
# span 4 =    26.7344,    26.8161       
# span 5 =      0.491,      4.702       
# span 6 =  272.17596,  273.18832       
# span 7 =  272.35066,  273.35485       
# span 8 =    14.2992,    45.1475       
# span 9 =     7.8193,    13.4157       
# span 10 = 0.0000e+00, 0.0000e+00      
# interval = seconds: 0.25
# start_time = May 07 2022 09:35:36 [Instrument's time stamp, header]
# bad_flag = -9.990e-29
*END*
[from data line 132]
 127.401073      3.800    13.0644  32.249064    26.7838      3.766  272.64977  272.82037    31.0619    10.8641 -9.990e-29
 127.401076      3.814    13.0644  32.248252    26.7830      3.780  272.65120  272.82180    31.7311    11.2604 -9.990e-29
 127.401079      3.834    13.0640  32.247440    26.7825      3.800  272.65421  272.82480    31.7311    11.2321 -9.990e-29
 127.401082      3.852    13.0631  32.242106    26.7783      3.818  272.66764  272.83822    31.7155    11.2159 -9.990e-29
 127.401085      3.880    13.0608  32.239323    26.7773      3.845  272.68233  272.85279    31.7622    11.2847 -9.990e-29
 127.401088      3.904    13.0580  32.236077    26.7773      3.869  272.70036  272.87067    31.2642    11.2766 -9.990e-29
 127.401091      3.936    13.0560  32.235671    26.7771      3.901  272.70995  272.88014    31.2019    11.3170 0.0000e+00
 127.401094      3.967    13.0541  32.233700    26.7769      3.932  272.72196  272.89204    31.1552    11.2523 0.0000e+00
 127.401097      3.997    13.0520  32.226976    26.7756      3.961  272.74290  272.91291    31.1552    11.3130 0.0000e+00
 127.401100      4.028    13.0485  32.228020    26.7746      3.992  272.75630  272.92608    34.4237    11.1391 0.0000e+00
 127.401102      4.055    13.0464  32.225353    26.7751      4.019  272.77015  272.93983    34.5327    11.1876 0.0000e+00
 127.401105      4.084    13.0444  32.223962    26.7746      4.048  272.78147  272.95103    34.5638    11.1229 -9.990e-29
 127.401108      4.104    13.0428  32.226571    26.7782      4.068  272.78389  272.95333    34.4548    11.1270 -9.990e-29
 127.401111      4.128    13.0429  32.226803    26.7784      4.091  272.78318  272.95262    33.5677    11.4343 -9.990e-29
 127.401114      4.145    13.0431  32.226977    26.7784      4.107  272.78194  272.95139    33.5054    11.4181 -9.990e-29
 127.401117      4.163    13.0435  32.225180    26.7764      4.125  272.78319  272.95269    33.4587    11.4020 -9.990e-29
 127.401120      4.183    13.0429  32.222746    26.7746      4.145  272.78999  272.95947    33.4276    11.3736 -9.990e-29
 127.401123      4.203    13.0415  32.218804    26.7712      4.165  272.80322  272.97264    33.5833    11.4222 -9.990e-29
 127.401126      4.230    13.0388  32.215906    26.7726      4.192  272.82033  272.98961    32.9296    11.8953 0.0000e+00
 127.401128      4.257    13.0362  32.217124    26.7735      4.219  272.82931  272.99841    33.0541    11.8791 0.0000e+00
 127.401131      4.288    13.0351  32.215675    26.7736      4.250  272.83661  273.00566    33.0229    11.8872 0.0000e+00
 127.401134      4.319    13.0346  32.215269    26.7736      4.280  272.83987  273.00889    33.0229    11.8831 0.0000e+00
 127.401137      4.350    13.0341  32.214690    26.7736      4.311  272.84312  273.01211    31.2953    11.4666 -9.990e-29
 127.401140      4.374    13.0333  32.213647    26.7764      4.335  272.84812  273.01708    31.2175    11.5111 -9.990e-29
 127.401143      4.401    13.0327  32.216893    26.7764      4.362  272.84532  273.01421    31.3576    11.5273 0.0000e+00
 127.401146      4.431    13.0336  32.215096    26.7764      4.391  272.84436  273.01332    31.3264    11.4990 -9.990e-29
 127.401149      4.449    13.0337  32.218690    26.7773      4.409  272.83778  273.00671    32.2603    11.2362 -9.990e-29
 127.401152      4.469    13.0346  32.223153    26.7808      4.429  272.82619  272.99514    32.2603    11.2079 -9.990e-29
 127.401155      4.489    13.0367  32.227790    26.7835      4.449  272.80892  272.97796    32.3226    11.2766 -9.990e-29
 127.401157      4.505    13.0399  32.232892    26.7859      4.465  272.78577  272.95497    32.1669    11.1998 -9.990e-29
 127.401160      4.527    13.0434  32.226167    26.7788      4.486  272.78233  272.95181    31.5755    11.5880 -9.990e-29
 127.401163      4.554    13.0437  32.228022    26.7811      4.513  272.77784  272.94732    31.5755    11.6607 0.0000e+00
 127.401166      4.580    13.0439  32.233066    26.7833      4.539  272.76810  272.93755    31.5288    11.6284 0.0000e+00
 127.401169      4.611    13.0457  32.234457    26.7833      4.570  272.75778  272.92733    31.5288    11.5880 0.0000e+00
 127.401172      4.642    13.0477  32.237530    26.7833      4.600  272.74357  272.91322    31.4665    11.5920 0.0000e+00
 127.401175      4.671    13.0499  32.234689    26.7826      4.629  272.73873  272.90855    34.3615    11.2402 0.0000e+00
 127.401178      4.700    13.0507  32.233471    26.7805      4.658  272.73771  272.90758    34.1280    11.2159 -9.990e-29
 127.401181      4.719    13.0504  32.234225    26.7797      4.676  272.73736  272.90721    34.2214    11.2523 -9.990e-29
 127.401183      4.726    13.0509  32.244777    26.7890      4.684  272.71704  272.88682    34.2992    11.1836 -9.990e-29
 127.401186      4.731    13.0542  32.244603    26.7865      4.689  272.70279  272.87278    35.5132    12.0166 -9.990e-29
 127.401189      4.731    13.0566  32.243559    26.7839      4.689  272.69384  272.86400    35.5910    12.0247 -9.990e-29
 127.401192      4.734    13.0574  32.241993    26.7819      4.691  272.69310  272.86332    35.5599    11.9802 -9.990e-29
 127.401195      4.737    13.0574  32.241356    26.7813      4.695  272.69421  272.86444    35.5910    12.0004 -9.990e-29
 127.401198      4.737    13.0568  32.241182    26.7816      4.695  272.69736  272.86755    35.0152    12.3401 -9.990e-29
 127.401201      4.735    13.0569  32.241530    26.7818      4.693  272.69644  272.86663    34.9373    12.3158 -9.990e-29
 127.401204      4.735    13.0567  32.241182    26.7816      4.693  272.69768  272.86786    34.9996    12.3724 -9.990e-29
 127.401207      4.737    13.0565  32.240138    26.7808      4.695  272.70045  272.87063    34.9996    12.3563 -9.990e-29
 127.401209      4.737    13.0559  32.240138    26.7813      4.695  272.70330  272.87344    35.0152    12.4412 -9.990e-29
 127.401212      4.736    13.0557  32.240138    26.7814      4.693  272.70393  272.87406    35.2019    12.4209 -9.990e-29
 127.401215      4.736    13.0554  32.240138    26.7816      4.693  272.70520  272.87531    35.0930    12.4614 -9.990e-29
 127.401218      4.738    13.0552  32.237935    26.7797      4.695  272.71000  272.88011    34.9218    12.4088 -9.990e-29
 127.401221      4.739    13.0547  32.237297    26.7795      4.697  272.71333  272.88342    35.0307    12.4250 -9.990e-29
 127.401224      4.739    13.0543  32.237297    26.7797      4.697  272.71491  272.88498    34.5015    12.3279 -9.990e-29
 127.401227      4.736    13.0537  32.236718    26.7797      4.693  272.71877  272.88880    34.4704    12.3077 -9.990e-29
 127.401230      4.739    13.0533  32.236718    26.7800      4.697  272.72067  272.89068    34.4860    12.3441 -9.990e-29
 127.401233      4.741    13.0530  32.235268    26.7788      4.698  272.72447  272.89447    34.4704    12.3199 -9.990e-29
 127.401236      4.739    13.0520  32.233065    26.7775      4.697  272.73274  272.90270    41.0852    13.1690 -9.990e-29
 127.401238      4.742    13.0510  32.233065    26.7782      4.700  272.73686  272.90676    40.7584    13.1326 -9.990e-29
 127.401241      4.739    13.0507  32.232486    26.7779      4.696  272.73945  272.90934    41.0229    13.1286 -9.990e-29
 127.401244      4.739    13.0500  32.231848    26.7778      4.696  272.74342  272.91326    41.1319    13.1286 -9.990e-29
 127.401247      4.737    13.0496  32.231268    26.7775      4.695  272.74633  272.91615    37.2253    13.4036 -9.990e-29
 127.401250      4.741    13.0489  32.230863    26.7776      4.698  272.74989  272.91968    37.1941    13.4036 -9.990e-29
 127.401253      4.739    13.0484  32.229645    26.7769      4.696  272.75423  272.92400    37.3342    13.3672 -9.990e-29
 127.401256      4.740    13.0478  32.229008    26.7767      4.698  272.75819  272.92792    37.1319    13.3955 -9.990e-29
 127.401259      4.740    13.0468  32.227848    26.7764      4.698  272.76465  272.93433    37.8634    12.6959 -9.990e-29
 127.401262      4.740    13.0460  32.227790    26.7768      4.698  272.76792  272.93755    37.9257    12.6919 -9.990e-29
 127.401264      4.739    13.0461  32.227616    26.7766      4.696  272.76790  272.93754    37.9568    12.7444 -9.990e-29
 127.401267      4.738    13.0462  32.227211    26.7762      4.696  272.76830  272.93794    38.0657    12.6959 -9.990e-29
 127.401270      4.742    13.0458  32.226979    26.7763      4.700  272.77029  272.93991    37.8012    12.6878 -9.990e-29
 127.401273      4.738    13.0455  32.226979    26.7765      4.696  272.77187  272.94147    40.7428    12.8657 -9.990e-29
 127.401276      4.742    13.0452  32.226805    26.7765      4.700  272.77312  272.94271    40.7272    12.8698 -9.990e-29
 127.401279      4.742    13.0451  32.226283    26.7761      4.700  272.77467  272.94425    40.6027    12.8455 -9.990e-29
 127.401282      4.742    13.0447  32.225819    26.7760      4.700  272.77738  272.94694    40.6338    12.8496 -9.990e-29
 127.401285      4.737    13.0442  32.225414    26.7760      4.694  272.78030  272.94983    37.3187    13.1245 -9.990e-29
 127.401288      4.740    13.0436  32.225182    26.7762      4.698  272.78324  272.95274    37.1941    13.0922 -9.990e-29
 127.401291      4.738    13.0432  32.223153    26.7746      4.696  272.78868  272.95817    37.3187    13.1165 -9.990e-29
 127.401293      4.742    13.0423  32.223965    26.7760      4.700  272.79107  272.96050    37.1786    13.1407 -9.990e-29
 127.401296      4.740    13.0419  32.224197    26.7765      4.698  272.79256  272.96196    41.3809    13.1407 -9.990e-29
 127.401299      4.740    13.0414  32.223791    26.7764      4.698  272.79517  272.96455    41.3187    13.1286 -9.990e-29
 127.401302      4.742    13.0411  32.224602    26.7774      4.700  272.79534  272.96468    41.3031    13.1245 -9.990e-29
 127.401305      4.740    13.0411  32.223965    26.7768      4.698  272.79645  272.96580    41.3187    13.1812 -9.990e-29
 127.401308      4.738    13.0410  32.223385    26.7764      4.696  272.79778  272.96713    40.0113    13.4116 -9.990e-29
 127.401311      4.740    13.0409  32.221530    26.7747      4.698  272.80133  272.97070    39.9023    13.3833 -9.990e-29
 127.401314      4.740    13.0408  32.222168    26.7753      4.698  272.80054  272.96989    39.9334    13.4036 -9.990e-29
 127.401317      4.740    13.0406  32.222342    26.7757      4.698  272.80118  272.97052    40.0735    13.4157 -9.990e-29
 127.401319      4.738    13.0404  32.222863    26.7763      4.696  272.80122  272.97054    40.1202    13.3955 -9.990e-29
 127.401322      4.744    13.0401  32.221936    26.7756      4.701  272.80411  272.97342    45.0229    13.1407 -9.990e-29
 127.401325      4.740    13.0399  32.222168    26.7760      4.698  272.80465  272.97395    45.1008    13.1003 -9.990e-29
 127.401328      4.742    13.0398  32.222168    26.7761      4.699  272.80529  272.97457    45.1475    13.1528 -9.990e-29
 127.401331      4.737    13.0396  32.221762    26.7758      4.694  272.80663  272.97591    44.9762    13.1205 -9.990e-29
 127.401334      4.740    13.0396  32.222168    26.7762      4.698  272.80592  272.97520    35.5132    13.1771 -9.990e-29
 127.401337      4.740    13.0398  32.222342    26.7763      4.698  272.80498  272.97427    35.6066    13.2095 -9.990e-29
 127.401340      4.744    13.0395  32.222284    26.7764      4.702  272.80635  272.97562    35.4821    13.1892 -9.990e-29
