Processed/SBE19plus_01907321_2022_05_04_Cast07_wfilter.cnv
* Sea-Bird SBE19plus  Data File:
* FileName = E:\Prandtl Daten\2022\CTD\Raw\SBE19plus_01907321_2022_05_04_Cast0708_0007.hex
* Software version 2.6.1.12
* Temperature SN = 7321
* Conductivity SN = 7321
* System UpLoad Time = May 04 2022 06:21:38
* <ApplicationData>
* <Seaterm232>
** Messpraktikum 2022
** CTD 04.05 BW1+2
# nquan = 11
# nvalues = 561                         
# units = specified
# name 0 = timeJ: Julian Days
# name 1 = prdM: Pressure, Strain Gauge [db]
# name 2 = tv290C: Temperature [ITS-90, deg C]
# name 3 = c0mS/cm: Conductivity [mS/cm]
# name 4 = sal00: Salinity, Practical [PSU]
# name 5 = depSM: Depth [salt water, m], lat = 54.00
# name 6 = oxsatMm/Kg: Oxygen Saturation, Weiss [umol/kg]
# name 7 = oxsolMm/Kg: Oxygen Saturation, Garcia & Gordon [umol/kg]
# name 8 = turbWETntu0: Turbidity, WET Labs ECO [NTU]
# name 9 = flECO-AFL: Fluorescence, WET Labs ECO-AFL/FL [mg/m^3]
# name 10 = flag:  0.000e+00
# span 0 = 124.250527, 124.252147       
# span 1 =      0.518,     14.622       
# span 2 =    12.5145,    12.5672       
# span 3 =  32.018593,  32.048760       
# span 4 =    26.9270,    26.9754       
# span 5 =      0.513,     14.491       
# span 6 =  275.24482,  275.47247       
# span 7 =  275.38545,  275.60970       
# span 8 =    29.4432,   162.0502       
# span 9 =     9.2265,    18.4541       
# span 10 = 0.0000e+00, 0.0000e+00      
# interval = seconds: 0.25
# start_time = May 04 2022 05:59:20 [Instrument's time stamp, header]
# bad_flag = -9.990e-29
*END*
[from data line 132]
 124.250909      3.860    12.5169  32.032478    26.9723      3.825  275.45380  275.59102    75.0307    14.0141 -9.990e-29
 124.250911      3.887    12.5172  32.032652    26.9715      3.852  275.45224  275.58948    75.1085    14.0384 0.0000e+00
 124.250914      3.918    12.5175  32.031264    26.9714      3.883  275.45317  275.59044    80.8206    14.0829 0.0000e+00
 124.250917      3.956    12.5173  32.031842    26.9711      3.921  275.45311  275.59036    80.9762    14.0829 0.0000e+00
 124.250920      4.002    12.5170  32.031264    26.9714      3.966  275.45544  275.59268    80.8984    14.0950 0.0000e+00
 124.250923      4.044    12.5167  32.032479    26.9724      4.007  275.45487  275.59208    80.9607    14.0869 0.0000e+00
 124.250926      4.075    12.5168  32.032652    26.9725      4.038  275.45394  275.59116    88.1202    13.8969 0.0000e+00
 124.250929      4.104    12.5174  32.032652    26.9725      4.067  275.45143  275.58869    87.9801    13.9090 -9.990e-29
 124.250932      4.124    12.5177  32.031438    26.9707      4.087  275.45236  275.58964    87.9334    13.8807 -9.990e-29
 124.250935      4.140    12.5179  32.033057    26.9721      4.103  275.44852  275.58580    87.9957    13.8807 -9.990e-29
 124.250938      4.149    12.5178  32.033057    26.9721      4.112  275.44884  275.58612    87.9957    13.8807 -9.990e-29
 124.250940      4.160    12.5181  32.033231    26.9721      4.123  275.44727  275.58457    92.4004    14.4832 -9.990e-29
 124.250943      4.182    12.5185  32.035082    26.9735      4.144  275.44207  275.57938    92.3692    14.4872 -9.990e-29
 124.250946      4.200    12.5194  32.035486    26.9733      4.162  275.43756  275.57492    92.5093    14.4832 -9.990e-29
 124.250949      4.223    12.5204  32.037684    26.9744      4.186  275.42921  275.56661    92.4004    14.4630 -9.990e-29
 124.250952      4.256    12.5219  32.038667    26.9741      4.218  275.42083  275.55832    91.0463    14.6813 0.0000e+00
 124.250955      4.287    12.5231  32.038899    26.9738      4.249  275.41506  275.55263    91.0463    14.6369 0.0000e+00
 124.250958      4.324    12.5240  32.038494    26.9727      4.285  275.41170  275.54933    91.1708    14.6773 0.0000e+00
 124.250961      4.353    12.5245  32.038262    26.9724      4.314  275.40992  275.54759    91.0307    14.6611 0.0000e+00
 124.250964      4.380    12.5244  32.037453    26.9721      4.341  275.41171  275.54938    93.9101    14.1233 -9.990e-29
 124.250966      4.400    12.5239  32.036643    26.9710      4.361  275.41538  275.55303    94.2058    14.1880 -9.990e-29
 124.250969      4.422    12.5236  32.037684    26.9725      4.383  275.41511  275.55273    94.0657    14.1314 -9.990e-29
 124.250972      4.455    12.5236  32.038089    26.9725      4.415  275.41409  275.55171    94.1436    14.1355 0.0000e+00
 124.250975      4.481    12.5238  32.038494    26.9725      4.440  275.41244  275.55006    92.6027    14.7622 -9.990e-29
 124.250978      4.504    12.5242  32.038899    26.9729      4.464  275.41014  275.54779    92.7117    14.7541 -9.990e-29
 124.250981      4.526    12.5247  32.039709    26.9733      4.486  275.40649  275.54416    92.5716    14.7177 -9.990e-29
 124.250984      4.548    12.5251  32.040056    26.9733      4.508  275.40399  275.54168    92.6338    14.6935 -9.990e-29
 124.250987      4.565    12.5258  32.038899    26.9717      4.524  275.40323  275.54098    92.6494    14.7016 -9.990e-29
 124.250990      4.583    12.5258  32.039073    26.9719      4.542  275.40293  275.54068    87.8868    14.8754 -9.990e-29
 124.250992      4.605    12.5258  32.039073    26.9719      4.563  275.40294  275.54069    87.7934    14.8957 -9.990e-29
 124.250995      4.630    12.5251  32.038263    26.9708      4.589  275.40726  275.54497    87.6066    14.9280 -9.990e-29
 124.250998      4.661    12.5245  32.037049    26.9706      4.619  275.41198  275.54967    87.8089    14.9320 0.0000e+00
 124.251001      4.694    12.5240  32.036239    26.9708      4.652  275.41599  275.55364    86.5327    15.0331 0.0000e+00
 124.251004      4.730    12.5233  32.037859    26.9720      4.688  275.41627  275.55386    86.5015    15.0574 0.0000e+00
 124.251007      4.765    12.5231  32.037165    26.9725      4.722  275.41848  275.55607    86.4393    15.0331 0.0000e+00
 124.251010      4.797    12.5229  32.037686    26.9723      4.755  275.41821  275.55578    86.6727    15.0412 0.0000e+00
 124.251013      4.831    12.5231  32.037281    26.9726      4.787  275.41832  275.55591    85.9879    13.9535 -9.990e-29
 124.251016      4.852    12.5228  32.037050    26.9720      4.809  275.41970  275.55727    86.0035    13.9575 -9.990e-29
 124.251019      4.872    12.5226  32.036240    26.9714      4.829  275.42243  275.55999    86.0657    13.9616 -9.990e-29
 124.251021      4.879    12.5222  32.035257    26.9708      4.836  275.42578  275.56333    86.0035    13.9575 -9.990e-29
 124.251024      4.883    12.5216  32.035488    26.9714      4.839  275.42789  275.56540    91.2331    15.3688 -9.990e-29
 124.251027      4.899    12.5211  32.036472    26.9727      4.855  275.42835  275.56582    91.2953    15.3607 -9.990e-29
 124.251030      4.915    12.5214  32.036240    26.9720      4.871  275.42751  275.56500    91.1864    15.3930 -9.990e-29
 124.251033      4.943    12.5215  32.036067    26.9724      4.899  275.42753  275.56502    91.2798    15.3405 0.0000e+00
 124.251036      4.976    12.5214  32.036819    26.9720      4.931  275.42652  275.56400    91.3731    15.3809 0.0000e+00
 124.251039      5.014    12.5219  32.036240    26.9719      4.969  275.42568  275.56320    93.1786    15.1949 0.0000e+00
 124.251042      5.056    12.5221  32.036241    26.9717      5.011  275.42444  275.56198    93.1475    15.1908 0.0000e+00
 124.251045      5.096    12.5221  32.036241    26.9717      5.051  275.42479  275.56232    93.1475    15.1544 0.0000e+00
 124.251047      5.127    12.5220  32.036646    26.9719      5.082  275.42440  275.56192    93.1008    15.2030 0.0000e+00
 124.251050      5.153    12.5223  32.035894    26.9721      5.107  275.42418  275.56174    89.6144    14.1597 -9.990e-29
 124.251053      5.177    12.5224  32.034853    26.9701      5.131  275.42575  275.56332    89.5988    14.1233 -9.990e-29
 124.251056      5.193    12.5217  32.035489    26.9712      5.147  275.42778  275.56530    89.5521    14.1759 -9.990e-29
 124.251059      5.202    12.5212  32.036877    26.9729      5.156  275.42751  275.56498    89.6611    14.1233 -9.990e-29
 124.251062      5.219    12.5214  32.037456    26.9733      5.172  275.42585  275.56332    89.7233    15.1868 -9.990e-29
 124.251065      5.234    12.5222  32.037340    26.9718      5.187  275.42227  275.55981    89.7856    15.1868 -9.990e-29
 124.251068      5.261    12.5223  32.036646    26.9719      5.214  275.42290  275.56045    89.7389    15.1989 0.0000e+00
 124.251071      5.287    12.5223  32.036877    26.9720      5.239  275.42251  275.56005    89.8012    15.1706 0.0000e+00
 124.251073      5.318    12.5222  32.037282    26.9725      5.270  275.42243  275.55996    89.2097    14.5924 0.0000e+00
 124.251076      5.347    12.5223  32.037861    26.9729      5.299  275.42078  275.55832    89.2564    14.5843 0.0000e+00
 124.251079      5.374    12.5226  32.038092    26.9729      5.326  275.41944  275.55699    89.4743    14.5964 0.0000e+00
 124.251082      5.401    12.5228  32.037861    26.9730      5.353  275.41861  275.55617    89.2875    14.5803 -9.990e-29
 124.251085      5.425    12.5233  32.038497    26.9728      5.376  275.41527  275.55286    89.3965    14.5722 -9.990e-29
 124.251088      5.447    12.5236  32.038497    26.9726      5.398  275.41402  275.55163    89.7700    14.9806 -9.990e-29
 124.251091      5.478    12.5238  32.038092    26.9721      5.429  275.41413  275.55176    89.8012    14.9684 -9.990e-29
 124.251094      5.502    12.5238  32.038497    26.9725      5.452  275.41342  275.55104    89.7856    14.9887 -9.990e-29
 124.251097      5.529    12.5236  32.038498    26.9726      5.479  275.41407  275.55169    89.7545    14.9887 -9.990e-29
 124.251100      5.552    12.5236  32.037861    26.9720      5.503  275.41554  275.55316    91.8712    14.4792 -9.990e-29
 124.251102      5.583    12.5233  32.037688    26.9721      5.534  275.41714  275.55474    92.0424    14.4792 0.0000e+00
 124.251105      5.611    12.5231  32.037688    26.9721      5.561  275.41779  275.55538    91.8245    14.4428 0.0000e+00
 124.251108      5.638    12.5230  32.037862    26.9721      5.588  275.41813  275.55571    92.0113    14.4509 -9.990e-29
 124.251111      5.660    12.5228  32.036474    26.9712      5.609  275.42158  275.55916    92.2447    15.1100 -9.990e-29
 124.251114      5.682    12.5226  32.036879    26.9717      5.631  275.42150  275.55907    92.1202    15.1059 -9.990e-29
 124.251117      5.697    12.5222  32.037052    26.9722      5.646  275.42310  275.56063    92.0424    15.0776 -9.990e-29
 124.251120      5.713    12.5219  32.035259    26.9707      5.662  275.42790  275.56543    92.1669    15.1302 -9.990e-29
 124.251123      5.733    12.5214  32.036474    26.9722      5.682  275.42763  275.56512    89.2720    15.8055 -9.990e-29
 124.251126      5.753    12.5211  32.036821    26.9739      5.702  275.42829  275.56576    89.3809    15.8136 -9.990e-29
 124.251128      5.785    12.5211  32.038094    26.9734      5.733  275.42635  275.56380    89.3187    15.7853 0.0000e+00
 124.251131      5.821    12.5218  32.037458    26.9728      5.769  275.42435  275.56185    89.3498    15.8297 0.0000e+00
 124.251134      5.856    12.5224  32.037458    26.9728      5.803  275.42153  275.55907    89.2564    15.7893 0.0000e+00
 124.251137      5.888    12.5228  32.038672    26.9727      5.836  275.41747  275.55503    89.0696    14.6045 0.0000e+00
 124.251140      5.916    12.5232  32.038094    26.9732      5.863  275.41695  275.55454    89.0229    14.6166 -9.990e-29
 124.251143      5.937    12.5234  32.037053    26.9712      5.884  275.41788  275.55549    88.9607    14.6166 -9.990e-29
 124.251146      5.959    12.5231  32.035896    26.9704      5.906  275.42155  275.55915    89.0852    14.5803 -9.990e-29
 124.251149      5.979    12.5224  32.036070    26.9710      5.925  275.42409  275.56165    88.6494    15.6397 -9.990e-29
 124.251152      5.995    12.5220  32.037053    26.9722      5.942  275.42424  275.56176    88.5871    15.6114 -9.990e-29
 124.251155      6.017    12.5223  32.037458    26.9724      5.964  275.42226  275.55980    88.5871    15.6397 -9.990e-29
 124.251157      6.039    12.5224  32.037574    26.9724      5.985  275.42144  275.55898    88.5405    15.6195 -9.990e-29
 124.251160      6.063    12.5226  32.037690    26.9718      6.009  275.42061  275.55817    87.0619    15.5709 -9.990e-29
 124.251163      6.092    12.5225  32.037053    26.9714      6.038  275.42209  275.55965    87.0774    15.5507 0.0000e+00
 124.251166      6.121    12.5223  32.036070    26.9718      6.066  275.42450  275.56206    87.0774    15.5507 0.0000e+00
 124.251169      6.154    12.5220  32.036880    26.9720      6.099  275.42465  275.56218    86.9373    15.5629 0.0000e+00
 124.251172      6.179    12.5218  32.037690    26.9725      6.124  275.42417  275.56167    83.3420    14.4589 0.0000e+00
 124.251175      6.207    12.5221  32.038268    26.9729      6.151  275.42157  275.55909    83.3264    14.4549 -9.990e-29
 124.251178      6.230    12.5227  32.038673    26.9731      6.175  275.41833  275.55588    83.3731    14.4549 -9.990e-29
 124.251181      6.249    12.5235  32.039309    26.9732      6.193  275.41372  275.55132    83.2798    14.4670 -9.990e-29
 124.251183      6.269    12.5240  32.038500    26.9720      6.213  275.41297  275.55061    83.4354    14.4589 -9.990e-29
 124.251186      6.289    12.5238  32.038153    26.9717      6.233  275.41456  275.55219    80.5093    14.6086 -9.990e-29
 124.251189      6.318    12.5233  32.037690    26.9717      6.262  275.41730  275.55491    80.6183    14.6247 0.0000e+00
 124.251192      6.344    12.5229  32.036244    26.9717      6.287  275.42181  275.55940    80.6650    14.6005 -9.990e-29
 124.251195      6.366    12.5223  32.037864    26.9723      6.309  275.42145  275.55899    80.6027    14.6166 -9.990e-29
 124.251198      6.399    12.5223  32.037459    26.9722      6.342  275.42251  275.56005    83.5443    14.1557 0.0000e+00
 124.251201      6.426    12.5225  32.037459    26.9721      6.368  275.42158  275.55914    83.7000    14.1476 0.0000e+00
 124.251204      6.460    12.5227  32.037691    26.9721      6.403  275.42024  275.55781    83.6377    14.1678 0.0000e+00
 124.251207      6.486    12.5228  32.038269    26.9723      6.428  275.41859  275.55616    83.5910    14.1476 0.0000e+00
 124.251209      6.513    12.5230  32.038096    26.9726      6.455  275.41829  275.55587    84.7739    14.4023 -9.990e-29
 124.251212      6.533    12.5228  32.038269    26.9726      6.475  275.41894  275.55650    84.8829    14.4226 -9.990e-29
 124.251215      6.546    12.5231  32.038674    26.9728      6.487  275.41695  275.55453    84.8673    14.3942 -9.990e-29
 124.251218      6.566    12.5233  32.037922    26.9719      6.507  275.41705  275.55466    84.8050    14.3902 -9.990e-29
 124.251221      6.584    12.5233  32.037286    26.9713      6.526  275.41852  275.55613    82.2058    14.7541 -9.990e-29
 124.251224      6.612    12.5226  32.037055    26.9715      6.553  275.42180  275.55936    82.2369    15.1868 -9.990e-29
 124.251227      6.636    12.5222  32.036882    26.9727      6.576  275.42402  275.56156    82.1747    15.1828 -9.990e-29
 124.251230      6.669    12.5220  32.037865    26.9727      6.609  275.42323  275.56075    82.1436    15.1787 0.0000e+00
 124.251233      6.699    12.5221  32.037865    26.9727      6.639  275.42293  275.56045    82.0502    15.1989 0.0000e+00
 124.251236      6.727    12.5222  32.038270    26.9728      6.667  275.42159  275.55912    85.4120    14.6126 0.0000e+00
 124.251238      6.760    12.5223  32.038675    26.9729      6.699  275.42026  275.55779    85.2875    14.5964 -9.990e-29
 124.251241      6.780    12.5225  32.038270    26.9727      6.719  275.42036  275.55791    85.4587    14.6247 -9.990e-29
 124.251244      6.801    12.5226  32.039311    26.9736      6.741  275.41788  275.55542    85.4120    14.6288 -9.990e-29
 124.251247      6.822    12.5233  32.039311    26.9731      6.761  275.41473  275.55232    85.6144    15.4941 -9.990e-29
 124.251250      6.847    12.5236  32.038675    26.9723      6.786  275.41494  275.55255    85.5054    15.4941 -9.990e-29
 124.251253      6.869    12.5236  32.039890    26.9728      6.808  275.41246  275.55007    85.5521    15.5022 -9.990e-29
 124.251256      6.897    12.5237  32.039311    26.9727      6.835  275.41320  275.55081    85.5677    15.5022 0.0000e+00
 124.251259      6.924    12.5240  32.039485    26.9728      6.863  275.41164  275.54927    87.5443    15.3566 0.0000e+00
 124.251262      6.957    12.5241  32.039716    26.9727      6.895  275.41093  275.54857    87.4821    15.3607 0.0000e+00
 124.251264      6.992    12.5242  32.039080    26.9725      6.929  275.41146  275.54911    87.6377    15.3688 0.0000e+00
 124.251267      7.023    12.5238  32.038502    26.9722      6.960  275.41410  275.55173    87.5288    15.3647 -9.990e-29
 124.251270      7.046    12.5235  32.038676    26.9723      6.983  275.41538  275.55299    87.6066    15.3526 -9.990e-29
 124.251273      7.067    12.5230  32.038676    26.9726      7.003  275.41761  275.55519    83.5132    15.5103 -9.990e-29
 124.251276      7.085    12.5228  32.037288    26.9715      7.021  275.42074  275.55832    83.4043    15.4982 -9.990e-29
 124.251279      7.101    12.5228  32.037751    26.9719      7.038  275.42024  275.55781    83.2953    15.4779 -9.990e-29
 124.251282      7.123    12.5227  32.038502    26.9727      7.059  275.41922  275.55678    83.2642    15.5224 -9.990e-29
