Processed/SBE19plus_01907321_2022_05_04_Cast20_wfilter.cnv
* Sea-Bird SBE19plus  Data File:
* FileName = E:\Prandtl Daten\2022\CTD\Raw\SBE19plus_01907321_2022_05_04_Cast20.hex
* Software version 2.6.1.12
* Temperature SN = 7321
* Conductivity SN = 7321
* System UpLoad Time = May 04 2022 13:37:05
* <ApplicationData>
* <Seaterm232>
** Messpraktikum 2022
** CTD 04.05 BM
# nquan = 11
# nvalues = 704                         
# units = specified
# name 0 = timeJ: Julian Days
# name 1 = prdM: Pressure, Strain Gauge [db]
# name 2 = tv290C: Temperature [ITS-90, deg C]
# name 3 = c0mS/cm: Conductivity [mS/cm]
# name 4 = sal00: Salinity, Practical [PSU]
# name 5 = depSM: Depth [salt water, m], lat = 54.00
# name 6 = oxsatMm/Kg: Oxygen Saturation, Weiss [umol/kg]
# name 7 = oxsolMm/Kg: Oxygen Saturation, Garcia & Gordon [umol/kg]
# name 8 = turbWETntu0: Turbidity, WET Labs ECO [NTU]
# name 9 = flECO-AFL: Fluorescence, WET Labs ECO-AFL/FL [mg/m^3]
# name 10 = flag:  0.000e+00
# span 0 = 124.562098, 124.564132       
# span 1 =      0.536,     17.069       
# span 2 =    12.0286,    12.2025       
# span 3 =  31.895318,  32.177687       
# span 4 =    27.0719,    27.4579       
# span 5 =      0.531,     16.916       
# span 6 =  277.07742,  277.47168       
# span 7 =  277.19414,  277.57859       
# span 8 =    12.8206,    33.5677       
# span 9 =     6.6668,     9.7158       
# span 10 = 0.0000e+00, 0.0000e+00      
# interval = seconds: 0.25
# start_time = May 04 2022 13:28:06 [Instrument's time stamp, header]
# bad_flag = -9.990e-29
*END*
[from data line 263]
 124.562859      6.747    12.0697  32.028717    27.2910      6.687  277.46698  277.57389    16.0891     7.5524 0.0000e+00
 124.562862      6.772    12.0697  32.028832    27.2910      6.712  277.46678  277.57369    16.0735     7.5726 -9.990e-29
 124.562865      6.791    12.0697  32.026461    27.2888      6.730  277.47083  277.57777    16.5560     7.6858 -9.990e-29
 124.562867      6.813    12.0694  32.026866    27.2894      6.752  277.47168  277.57859    16.5871     7.6980 -9.990e-29
 124.562870      6.831    12.0691  32.027907    27.2906      6.770  277.47104  277.57792    16.5093     7.6899 -9.990e-29
 124.562873      6.853    12.0690  32.027907    27.2907      6.791  277.47168  277.57855    16.6183     7.7465 -9.990e-29
 124.562876      6.873    12.0690  32.028312    27.2951      6.811  277.47064  277.57751    16.5093     7.6899 -9.990e-29
 124.562879      6.900    12.0688  32.032534    27.2951      6.838  277.46386  277.57067    17.0852     7.6980 0.0000e+00
 124.562882      6.926    12.0685  32.033113    27.2951      6.864  277.46439  277.57117    17.0541     7.7020 -9.990e-29
 124.562885      6.949    12.0681  32.039359    27.3021      6.887  277.45453  277.56122    17.0229     7.7263 -9.990e-29
 124.562888      6.977    12.0674  32.041557    27.3047      6.915  277.45398  277.56059    17.0229     7.7182 -9.990e-29
 124.562891      7.002    12.0667  32.041731    27.3054      6.940  277.45682  277.56339    16.0891     7.5039 -9.990e-29
 124.562894      7.022    12.0663  32.049308    27.3127      6.959  277.44452  277.55097    16.0580     7.5322 -9.990e-29
 124.562896      7.048    12.0655  32.054399    27.3181      6.985  277.43866  277.54501    15.9646     7.4877 -9.990e-29
 124.562899      7.066    12.0644  32.055614    27.3201      7.003  277.44179  277.54804    16.0424     7.5322 -9.990e-29
 124.562902      7.085    12.0634  32.048788    27.3143      7.022  277.45841  277.56468    16.1202     7.3219 -9.990e-29
 124.562905      7.098    12.0634  32.053416    27.3187      7.034  277.44993  277.55615    16.0891     7.3179 -9.990e-29
 124.562908      7.116    12.0631  32.057639    27.3229      7.052  277.44377  277.54992    16.1513     7.3260 -9.990e-29
 124.562911      7.132    12.0626  32.061631    27.3274      7.068  277.43867  277.54473    16.0580     7.3421 -9.990e-29
 124.562914      7.158    12.0621  32.061631    27.3275      7.094  277.44089  277.54692    16.6338     7.8961 0.0000e+00
 124.562917      7.187    12.0618  32.061632    27.3274      7.123  277.44248  277.54849    16.5405     7.8880 0.0000e+00
 124.562920      7.220    12.0616  32.061053    27.3276      7.156  277.44419  277.55020    16.6650     7.9244 0.0000e+00
 124.562922      7.249    12.0615  32.061516    27.3277      7.184  277.44399  277.54998    16.5560     7.8880 0.0000e+00
 124.562925      7.282    12.0614  32.062210    27.3284      7.217  277.44305  277.54903    16.4471     7.9163 0.0000e+00
 124.562928      7.311    12.0610  32.063657    27.3300      7.246  277.44231  277.54824    16.1358     7.1763 0.0000e+00
 124.562931      7.342    12.0608  32.065046    27.3307      7.276  277.44073  277.54663    16.1513     7.1885 0.0000e+00
 124.562934      7.371    12.0602  32.065277    27.3315      7.305  277.44284  277.54870    16.0891     7.1763 -9.990e-29
 124.562937      7.395    12.0600  32.063831    27.3309      7.328  277.44677  277.55262    16.1202     7.2047 -9.990e-29
 124.562940      7.419    12.0597  32.065277    27.3325      7.352  277.44539  277.55121    17.0852     7.7667 -9.990e-29
 124.562943      7.431    12.0596  32.065046    27.3323      7.365  277.44613  277.55196    17.0852     7.7586 -9.990e-29
 124.562946      7.446    12.0590  32.069848    27.3373      7.379  277.43985  277.54558    17.1630     7.7829 -9.990e-29
 124.562948      7.458    12.0588  32.070890    27.3384      7.392  277.43921  277.54491    17.0541     7.7991 -9.990e-29
 124.562951      7.476    12.0584  32.072047    27.3398      7.410  277.43867  277.54433    16.2292     7.9487 -9.990e-29
 124.562954      7.497    12.0583  32.071295    27.3398      7.430  277.44069  277.54635    16.3537     7.9487 -9.990e-29
 124.562957      7.528    12.0582  32.071874    27.3398      7.460  277.43997  277.54562    16.2914     7.9932 0.0000e+00
 124.562960      7.557    12.0579  32.071700    27.3398      7.489  277.44156  277.54720    16.3537     7.9487 -9.990e-29
 124.562963      7.582    12.0580  32.072684    27.3411      7.514  277.43946  277.54509    16.7584     7.9568 -9.990e-29
 124.562966      7.611    12.0579  32.073089    27.3411      7.543  277.43905  277.54467    16.8517     7.8557 0.0000e+00
 124.562969      7.639    12.0580  32.072106    27.3411      7.570  277.44056  277.54620    16.7584     7.8274 -9.990e-29
 124.562972      7.662    12.0579  32.072916    27.3409      7.594  277.43972  277.54534    16.8050     7.8031 -9.990e-29
 124.562975      7.690    12.0575  32.073495    27.3417      7.621  277.44025  277.54583    16.9140     7.8597 -9.990e-29
 124.562977      7.708    12.0576  32.073032    27.3412      7.639  277.44080  277.54639    15.7778     7.9608 -9.990e-29
 124.562980      7.722    12.0574  32.071875    27.3403      7.653  277.44387  277.54947    15.7778     7.9770 -9.990e-29
 124.562983      7.741    12.0574  32.073090    27.3414      7.672  277.44165  277.54724    15.8712     7.9649 -9.990e-29
 124.562986      7.754    12.0572  32.072916    27.3414      7.684  277.44293  277.54849    15.8245     7.9932 -9.990e-29
 124.562989      7.773    12.0571  32.074479    27.3429      7.704  277.44039  277.54593    16.3848     8.0498 -9.990e-29
 124.562992      7.797    12.0569  32.074710    27.3432      7.727  277.44061  277.54614    16.3381     8.0174 -9.990e-29
 124.562995      7.821    12.0569  32.074074    27.3430      7.751  277.44179  277.54733    16.3848     8.0417 -9.990e-29
 124.562998      7.848    12.0569  32.074479    27.3432      7.778  277.44107  277.54660    16.3848     8.0579 0.0000e+00
 124.563001      7.877    12.0569  32.074710    27.3430      7.807  277.44098  277.54651    17.9101     8.0457 0.0000e+00
 124.563003      7.905    12.0570  32.073090    27.3424      7.834  277.44334  277.54890    18.0969     8.0457 0.0000e+00
 124.563006      7.936    12.0570  32.073958    27.3424      7.865  277.44177  277.54732    18.1280     8.0174 0.0000e+00
 124.563009      7.965    12.0570  32.075289    27.3430      7.894  277.43935  277.54488    17.9568     8.0215 0.0000e+00
 124.563012      7.994    12.0572  32.075116    27.3437      7.923  277.43905  277.54460    18.0346     8.0255 -9.990e-29
 124.563015      8.018    12.0569  32.075116    27.3436      7.946  277.44001  277.54555    17.7856     7.6090 -9.990e-29
 124.563018      8.040    12.0569  32.074074    27.3426      7.968  277.44225  277.54779    17.8945     7.5645 -9.990e-29
 124.563021      8.056    12.0567  32.074711    27.3434      7.984  277.44204  277.54756    17.7856     7.5888 -9.990e-29
 124.563024      8.073    12.0568  32.074306    27.3429      8.000  277.44217  277.54770    17.8323     7.5928 -9.990e-29
 124.563027      8.095    12.0569  32.074480    27.3429      8.022  277.44123  277.54677    18.6416     7.9770 -9.990e-29
 124.563030      8.113    12.0573  32.073322    27.3416      8.040  277.44180  277.54737    18.6727     7.9568 -9.990e-29
 124.563032      8.135    12.0576  32.073901    27.3419      8.062  277.43949  277.54508    18.5949     7.9891 -9.990e-29
 124.563035      8.158    12.0578  32.074364    27.3422      8.085  277.43772  277.54331    18.5015     7.9446 -9.990e-29
 124.563038      8.186    12.0580  32.073091    27.3408      8.113  277.43913  277.54475    18.8440     7.7142 -9.990e-29
 124.563041      8.210    12.0582  32.072686    27.3403      8.137  277.43894  277.54459    18.7973     7.6939 -9.990e-29
 124.563044      8.235    12.0583  32.072108    27.3397      8.162  277.43971  277.54536    18.7817     7.6939 -9.990e-29
 124.563047      8.257    12.0582  32.071066    27.3387      8.183  277.44195  277.54761    18.7973     7.7222 -9.990e-29
 124.563050      8.281    12.0582  32.071703    27.3393      8.207  277.44079  277.54645    16.9762     7.5726 -9.990e-29
 124.563053      8.304    12.0584  32.071066    27.3386      8.230  277.44103  277.54671    16.9762     7.5807 -9.990e-29
 124.563056      8.319    12.0583  32.070893    27.3384      8.245  277.44168  277.54735    16.9918     7.5848 -9.990e-29
 124.563058      8.341    12.0584  32.071471    27.3389      8.266  277.44032  277.54599    17.0852     7.6009 -9.990e-29
 124.563061      8.357    12.0584  32.070314    27.3378      8.282  277.44245  277.54814    17.0541     7.5524 -9.990e-29
 124.563064      8.381    12.0583  32.071298    27.3382      8.306  277.44098  277.54665    16.8517     7.8395 -9.990e-29
 124.563067      8.406    12.0581  32.070488    27.3385      8.331  277.44374  277.54940    16.7895     7.8314 0.0000e+00
 124.563070      8.434    12.0579  32.071067    27.3382      8.358  277.44332  277.54897    16.7895     7.8274 0.0000e+00
 124.563073      8.463    12.0579  32.070083    27.3389      8.387  277.44515  277.55080    16.8517     7.8638 0.0000e+00
 124.563076      8.490    12.0577  32.071472    27.3387      8.414  277.44356  277.54919    17.7856     7.6211 0.0000e+00
 124.563079      8.525    12.0579  32.070893    27.3392      8.448  277.44370  277.54935    17.8167     7.6414 0.0000e+00
 124.563082      8.550    12.0579  32.071472    27.3387      8.474  277.44266  277.54830    17.8167     7.6292 0.0000e+00
 124.563084      8.578    12.0580  32.070894    27.3386      8.501  277.44343  277.54908    17.8634     7.6373 0.0000e+00
 124.563087      8.603    12.0581  32.070894    27.3385      8.526  277.44281  277.54848    16.8050     7.7586 0.0000e+00
 124.563090      8.629    12.0582  32.071299    27.3385      8.551  277.44177  277.54744    16.8362     7.7586 -9.990e-29
 124.563093      8.645    12.0580  32.070662    27.3384      8.568  277.44390  277.54955    16.8673     7.7586 -9.990e-29
 124.563096      8.662    12.0582  32.070257    27.3378      8.584  277.44371  277.54938    16.8517     7.7748 -9.990e-29
 124.563099      8.676    12.0582  32.069852    27.3374      8.599  277.44446  277.55014    17.4276     7.7950 -9.990e-29
 124.563102      8.695    12.0584  32.069679    27.3371      8.617  277.44385  277.54954    17.5210     7.7667 -9.990e-29
 124.563105      8.711    12.0588  32.070084    27.3372      8.633  277.44154  277.54726    17.5054     7.7829 -9.990e-29
 124.563108      8.731    12.0589  32.069852    27.3369      8.653  277.44135  277.54708    17.5677     7.7708 -9.990e-29
 124.563111      8.755    12.0586  32.068869    27.3370      8.677  277.44443  277.55015    17.5054     7.7748 -9.990e-29
 124.563113      8.784    12.0585  32.069679    27.3370      8.706  277.44359  277.54929    16.0424     8.0457 0.0000e+00
 124.563116      8.812    12.0583  32.069448    27.3370      8.733  277.44498  277.55067    16.1047     8.0579 -9.990e-29
 124.563119      8.835    12.0582  32.069969    27.3368      8.756  277.44435  277.55003    16.1513     8.0376 -9.990e-29
 124.563122      8.861    12.0582  32.069274    27.3363      8.782  277.44565  277.55133    16.0268     8.0457 0.0000e+00
 124.563125      8.889    12.0579  32.067886    27.3363      8.809  277.44947  277.55515    16.6183     7.8355 0.0000e+00
 124.563128      8.916    12.0581  32.068464    27.3357      8.836  277.44748  277.55317    16.5871     7.8638 -9.990e-29
 124.563131      8.940    12.0583  32.068696    27.3362      8.860  277.44613  277.55183    16.5560     7.8476 -9.990e-29
 124.563134      8.960    12.0584  32.068291    27.3357      8.880  277.44657  277.55228    16.5560     7.8476 -9.990e-29
 124.563137      8.980    12.0584  32.069101    27.3365      8.900  277.44510  277.55080    15.9957     7.6616 -9.990e-29
 124.563139      8.996    12.0583  32.071300    27.3386      8.916  277.44139  277.54707    16.1825     7.6697 -9.990e-29
 124.563142      9.018    12.0581  32.072920    27.3418      8.938  277.43969  277.54533    16.0268     7.6373 -9.990e-29
 124.563145      9.046    12.0579  32.074367    27.3424      8.965  277.43800  277.54361    16.1047     7.6333 0.0000e+00
 124.563148      9.073    12.0576  32.075524    27.3426      8.992  277.43684  277.54242    17.1630     7.5686 0.0000e+00
 124.563151      9.104    12.0572  32.074714    27.3431      9.023  277.44055  277.54611    17.1008     7.5807 0.0000e+00
 124.563154      9.133    12.0572  32.075698    27.3436      9.052  277.43877  277.54431    17.0385     7.5564 0.0000e+00
 124.563157      9.160    12.0571  32.079517    27.3454      9.079  277.43209  277.53759    17.1630     7.5767 0.0000e+00
 124.563160      9.190    12.0568  32.078534    27.3472      9.107  277.43517  277.54066    17.1475     7.5807 -9.990e-29
 124.563163      9.212    12.0563  32.084147    27.3521      9.129  277.42709  277.53249    17.3965     7.5686 -9.990e-29
 124.563166      9.243    12.0557  32.084552    27.3529      9.160  277.42920  277.53455    17.3654     7.5686 -9.990e-29
 124.563168      9.265    12.0551  32.084784    27.3536      9.182  277.43162  277.53692    17.2875     7.5605 -9.990e-29
 124.563171      9.284    12.0545  32.083974    27.3532      9.201  277.43564  277.54091    17.3809     7.5767 -9.990e-29
 124.563174      9.297    12.0546  32.087967    27.3569      9.214  277.42769  277.53293    16.7895     7.9608 -9.990e-29
 124.563177      9.310    12.0544  32.092018    27.3609      9.227  277.42121  277.52639    16.9140     7.9568 -9.990e-29
 124.563180      9.326    12.0538  32.094623    27.3638      9.243  277.41927  277.52438    16.8362     7.9770 -9.990e-29
 124.563183      9.345    12.0532  32.095607    27.3652      9.261  277.42031  277.52536    16.7272     7.9527 -9.990e-29
 124.563186      9.364    12.0528  32.096823    27.3662      9.281  277.41998  277.52499    17.7856     7.6131 -9.990e-29
 124.563189      9.392    12.0525  32.096244    27.3659      9.308  277.42200  277.52700    17.7856     7.6373 0.0000e+00
 124.563192      9.417    12.0525  32.095434    27.3662      9.333  277.42382  277.52882    17.6922     7.6495 0.0000e+00
 124.563194      9.445    12.0523  32.096418    27.3655      9.360  277.42266  277.52765    17.8012     7.6535 0.0000e+00
 124.563197      9.472    12.0521  32.095202    27.3661      9.387  277.42617  277.53115    21.1786     7.9446 0.0000e+00
 124.563200      9.501    12.0518  32.095608    27.3661      9.416  277.42638  277.53135    21.2097     7.9487 0.0000e+00
 124.563203      9.529    12.0516  32.095434    27.3661      9.443  277.42766  277.53261    21.2564     7.9689 0.0000e+00
 124.563206      9.554    12.0516  32.094797    27.3661      9.469  277.42916  277.53412    21.2408     7.9689 -9.990e-29
 124.563209      9.578    12.0512  32.096245    27.3671      9.492  277.42810  277.53301    21.2097     7.9568 -9.990e-29
 124.563212      9.598    12.0511  32.097634    27.3685      9.512  277.42588  277.53077    16.7895     7.7061 -9.990e-29
 124.563215      9.614    12.0511  32.098213    27.3691      9.528  277.42514  277.53002    16.7739     7.7142 -9.990e-29
 124.563218      9.638    12.0508  32.098849    27.3698      9.552  277.42524  277.53010    16.8206     7.7020 -9.990e-29
 124.563220      9.658    12.0509  32.097865    27.3706      9.572  277.42675  277.53162    16.8984     7.6737 -9.990e-29
 124.563223      9.687    12.0510  32.099834    27.3705      9.601  277.42253  277.52739    19.5288     7.8516 0.0000e+00
 124.563226      9.716    12.0511  32.099660    27.3706      9.629  277.42255  277.52742    19.5599     7.8678 0.0000e+00
 124.563229      9.746    12.0510  32.100876    27.3716      9.658  277.42066  277.52551    19.4510     7.8476 0.0000e+00
 124.563232      9.771    12.0511  32.102438    27.3723      9.684  277.41718  277.52202    19.6377     7.8233 0.0000e+00
