Processed/SBE19plus_01907321_2022_05_04_Cast19_wfilter.cnv
* Sea-Bird SBE19plus  Data File:
* FileName = E:\Prandtl Daten\2022\CTD\Raw\SBE19plus_01907321_2022_05_04_Cast19.hex
* Software version 2.6.1.12
* Temperature SN = 7321
* Conductivity SN = 7321
* System UpLoad Time = May 04 2022 13:20:22
* <ApplicationData>
* <Seaterm232>
** Messpraktikum 2022
** CTD 04.05 BW2
# nquan = 11
# nvalues = 742                         
# units = specified
# name 0 = timeJ: Julian Days
# name 1 = prdM: Pressure, Strain Gauge [db]
# name 2 = tv290C: Temperature [ITS-90, deg C]
# name 3 = c0mS/cm: Conductivity [mS/cm]
# name 4 = sal00: Salinity, Practical [PSU]
# name 5 = depSM: Depth [salt water, m], lat = 54.00
# name 6 = oxsatMm/Kg: Oxygen Saturation, Weiss [umol/kg]
# name 7 = oxsolMm/Kg: Oxygen Saturation, Garcia & Gordon [umol/kg]
# name 8 = turbWETntu0: Turbidity, WET Labs ECO [NTU]
# name 9 = flECO-AFL: Fluorescence, WET Labs ECO-AFL/FL [mg/m^3]
# name 10 = flag:  0.000e+00
# span 0 = 124.549896, 124.552040       
# span 1 =      0.581,     17.829       
# span 2 =    11.9223,    12.0681       
# span 3 =  31.541257,  32.546987       
# span 4 =    26.9391,    27.7895       
# span 5 =      0.576,     17.669       
# span 6 =  276.60278,  279.02710       
# span 7 =  276.70297,  279.12901       
# span 8 =    27.8868,    73.6299       
# span 9 =     9.4044,    15.0170       
# span 10 = 0.0000e+00, 0.0000e+00      
# interval = seconds: 0.25
# start_time = May 04 2022 13:08:04 [Instrument's time stamp, header]
# bad_flag = -9.990e-29
*END*
[from data line 525]
 124.551415     12.860    12.0662  32.288869    27.5366     12.745  277.00995  277.11384    29.3342     9.6066 -9.990e-29
 124.551418     12.880    12.0661  32.290493    27.5382     12.764  277.00730  277.11117    29.3498     9.6470 -9.990e-29
 124.551421     12.905    12.0662  32.290493    27.5381     12.790  277.00700  277.11088    29.1941     9.6227 -9.990e-29
 124.551424     12.925    12.0661  32.293917    27.5414     12.809  277.00106  277.10489    29.3654     9.6227 -9.990e-29
 124.551427     12.942    12.0660  32.293917    27.5415     12.826  277.00138  277.10521    30.6416     9.6268 -9.990e-29
 124.551429     12.958    12.0661  32.294323    27.5418     12.842  277.00033  277.10417    30.5638     9.6308 -9.990e-29
 124.551432     12.975    12.0661  32.293336    27.5408     12.858  277.00215  277.10600    30.5327     9.6389 -9.990e-29
 124.551435     12.989    12.0661  32.293511    27.5410     12.873  277.00184  277.10569    30.5638     9.6066 -9.990e-29
 124.551438     13.007    12.0660  32.294323    27.5419     12.891  277.00099  277.10482    29.1319     9.6308 -9.990e-29
 124.551441     13.031    12.0660  32.296586    27.5440     12.914  276.99686  277.10066    29.2720     9.6268 -9.990e-29
 124.551444     13.057    12.0661  32.297572    27.5448     12.940  276.99445  277.09824    29.3809     9.6591 -9.990e-29
 124.551447     13.080    12.0662  32.298559    27.5451     12.963  276.99203  277.09583    29.2875     9.6389 -9.990e-29
 124.551450     13.106    12.0664  32.298152    27.5425     12.989  276.99216  277.09598    29.2875     9.7077 0.0000e+00
 124.551453     13.133    12.0667  32.292931    27.5399     13.016  277.00019  277.10408    29.3342     9.6672 0.0000e+00
 124.551455     13.163    12.0668  32.290262    27.5374     13.045  277.00478  277.10871    29.3809     9.6955 0.0000e+00
 124.551458     13.197    12.0666  32.284809    27.5324     13.079  277.01574  277.11971    29.2253     9.6915 0.0000e+00
 124.551461     13.234    12.0664  32.277500    27.5256     13.116  277.03010  277.13414    29.3654     9.7117 0.0000e+00
 124.551464     13.267    12.0660  32.269206    27.5181     13.148  277.04721  277.15130    29.1941     9.5540 0.0000e+00
 124.551467     13.302    12.0655  32.266306    27.5156     13.183  277.05443  277.15852    29.3498     9.5419 0.0000e+00
 124.551470     13.333    12.0651  32.258302    27.5120     13.214  277.07100  277.17515    29.3654     9.5742 0.0000e+00
 124.551473     13.359    12.0647  32.251981    27.5084     13.239  277.08448  277.18868    29.3654     9.5783 -9.990e-29
 124.551476     13.377    12.0643  32.248966    27.5002     13.257  277.09190  277.19610    32.6183     9.4893 -9.990e-29
 124.551479     13.391    12.0637  32.247981    27.4997     13.271  277.09623  277.20039    32.5405     9.5055 -9.990e-29
 124.551481     13.402    12.0635  32.250996    27.5027     13.282  277.09165  277.19577    32.4471     9.5297 -9.990e-29
 124.551484     13.406    12.0632  32.255635    27.5072     13.286  277.08440  277.18845    32.4938     9.5014 -9.990e-29
 124.551487     13.417    12.0632  32.260333    27.5117     13.297  277.07579  277.17979    31.9957     9.4367 -9.990e-29
 124.551490     13.428    12.0631  32.275297    27.5259     13.307  277.04900  277.15283    31.9957     9.4448 -9.990e-29
 124.551493     13.444    12.0637  32.287827    27.5372     13.324  277.02322  277.12696    31.9179     9.4125 -9.990e-29
 124.551496     13.468    12.0644  32.294731    27.5564     13.347  277.00745  277.11116    32.0113     9.4044 -9.990e-29
 124.551499     13.497    12.0650  32.309121    27.5603     13.376  276.97859  277.08219    29.8634     9.5702 0.0000e+00
 124.551502     13.530    12.0656  32.317825    27.5641     13.408  276.95984  277.06339    29.7233     9.5500 0.0000e+00
 124.551505     13.561    12.0662  32.323049    27.5686     13.439  276.94748  277.05101    29.8478     9.5378 0.0000e+00
 124.551508     13.594    12.0666  32.335296    27.5798     13.472  276.92349  277.02692    29.8634     9.5783 0.0000e+00
 124.551510     13.619    12.0670  32.347487    27.5854     13.497  276.89929  277.00262    29.8012     9.5581 0.0000e+00
 124.551513     13.645    12.0674  32.365138    27.5910     13.523  276.86540  276.96856    34.0035     9.7764 -9.990e-29
 124.551516     13.668    12.0676  32.385290    27.6262     13.546  276.82724  276.93020    34.0346     9.7926 -9.990e-29
 124.551519     13.690    12.0679  32.380876    27.6218     13.567  276.83409  276.93712    34.0191     9.7562 -9.990e-29
 124.551522     13.712    12.0680  32.393422    27.6336     13.589  276.81081  276.91371    33.9412     9.7481 -9.990e-29
 124.551525     13.732    12.0679  32.406435    27.6459     13.609  276.78729  276.89005    32.9451     9.8209 -9.990e-29
 124.551528     13.754    12.0677  32.427991    27.6664     13.631  276.74875  276.85126    33.0696     9.8411 -9.990e-29
 124.551531     13.776    12.0671  32.429619    27.6717     13.653  276.74859  276.85104    33.1475     9.8290 -9.990e-29
 124.551534     13.804    12.0665  32.432641    27.6719     13.680  276.74557  276.84795    33.0229     9.8128 0.0000e+00
 124.551536     13.837    12.0662  32.432873    27.6717     13.713  276.74642  276.84877    34.0502     9.8735 0.0000e+00
 124.551539     13.864    12.0662  32.431886    27.6716     13.740  276.74825  276.85061    34.0346     9.8815 0.0000e+00
 124.551542     13.890    12.0661  32.435314    27.6711     13.765  276.74261  276.84493    34.0969     9.9098 -9.990e-29
 124.551545     13.914    12.0660  32.433920    27.6732     13.789  276.74549  276.84782    34.0035     9.8775 -9.990e-29
 124.551548     13.928    12.0660  32.440197    27.6792     13.803  276.73431  276.83657    32.6338     9.5419 -9.990e-29
 124.551551     13.946    12.0660  32.449380    27.6878     13.821  276.71719  276.81935    32.4938     9.5581 -9.990e-29
 124.551554     13.959    12.0661  32.458158    27.6960     13.834  276.70080  276.80287    32.4004     9.5500 -9.990e-29
 124.551557     13.972    12.0661  32.461995    27.6996     13.846  276.69378  276.79581    32.6805     9.5783 -9.990e-29
 124.551560     13.986    12.0660  32.464262    27.7018     13.861  276.68995  276.79195    32.6027     9.5419 -9.990e-29
 124.551563     14.003    12.0662  32.464088    27.7015     13.877  276.68934  276.79136    32.1669     9.4610 -9.990e-29
 124.551565     14.023    12.0662  32.464262    27.7047     13.897  276.68935  276.79136    32.2759     9.4165 -9.990e-29
 124.551568     14.049    12.0662  32.467518    27.7047     13.923  276.68309  276.78507    32.2292     9.4489 0.0000e+00
 124.551571     14.076    12.0662  32.467518    27.7048     13.950  276.68342  276.78540    32.4004     9.4448 0.0000e+00
 124.551574     14.111    12.0661  32.469553    27.7067     13.984  276.68003  276.78198    35.2331     9.8775 0.0000e+00
 124.551577     14.149    12.0661  32.474147    27.7110     14.022  276.67164  276.77354    35.3264     9.8815 0.0000e+00
 124.551580     14.181    12.0660  32.474845    27.7113     14.054  276.67101  276.77289    35.2175     9.8937 0.0000e+00
 124.551583     14.214    12.0656  32.474031    27.7116     14.087  276.67408  276.77595    35.1708     9.8977 0.0000e+00
 124.551586     14.243    12.0657  32.471414    27.7113     14.115  276.67858  276.78048    32.3070     9.8249 -9.990e-29
 124.551589     14.267    12.0657  32.471996    27.7093     14.139  276.67754  276.77943    32.1980     9.8451 -9.990e-29
 124.551591     14.291    12.0659  32.471240    27.7084     14.162  276.67800  276.77992    32.3381     9.7926 -9.990e-29
 124.551594     14.311    12.0659  32.471822    27.7089     14.182  276.67695  276.77886    32.1047     9.8249 -9.990e-29
 124.551597     14.332    12.0660  32.471182    27.7083     14.204  276.67782  276.77975    32.2292     9.8088 -9.990e-29
 124.551600     14.349    12.0659  32.471822    27.7089     14.220  276.67698  276.77889    32.2292     9.6227 -9.990e-29
 124.551603     14.365    12.0659  32.471415    27.7085     14.237  276.67773  276.77965    32.2447     9.6268 -9.990e-29
 124.551606     14.389    12.0661  32.470310    27.7073     14.260  276.67884  276.78078    32.1980     9.6187 -9.990e-29
 124.551609     14.412    12.0664  32.469961    27.7068     14.283  276.67824  276.78021    32.2136     9.6551 -9.990e-29
 124.551612     14.438    12.0667  32.468740    27.7054     14.308  276.67894  276.78094    32.3070     9.5783 -9.990e-29
 124.551615     14.463    12.0670  32.466938    27.7034     14.334  276.68101  276.78305    32.2603     9.5378 -9.990e-29
 124.551617     14.483    12.0675  32.466764    27.7029     14.353  276.67916  276.78124    32.3692     9.5540 -9.990e-29
 124.551620     14.510    12.0678  32.466706    27.7026     14.380  276.67803  276.78013    32.3226     9.5864 -9.990e-29
 124.551623     14.525    12.0681  32.467752    27.7034     14.395  276.67488  276.77699    34.0035    10.0312 -9.990e-29
 124.551626     14.543    12.0681  32.467345    27.7030     14.413  276.67564  276.77775    34.0035    10.0150 -9.990e-29
 124.551629     14.561    12.0680  32.468334    27.7040     14.431  276.67415  276.77625    34.1124    10.0312 -9.990e-29
 124.551632     14.582    12.0680  32.472985    27.7084     14.451  276.66564  276.76769    34.0346    10.0190 -9.990e-29
 124.551635     14.604    12.0676  32.479556    27.7148     14.473  276.65518  276.75713    39.3576    10.6660 -9.990e-29
 124.551638     14.626    12.0671  32.481009    27.7166     14.495  276.65503  276.75693    39.3420    10.6660 -9.990e-29
 124.551641     14.649    12.0663  32.484441    27.7204     14.518  276.65219  276.75400    39.1552    10.6539 -9.990e-29
 124.551644     14.670    12.0658  32.489558    27.7315     14.538  276.64501  276.74673    39.2642    10.6458 -9.990e-29
 124.551646     14.699    12.0650  32.495141    27.7325     14.567  276.63855  276.74015    39.2331    10.6620 0.0000e+00
 124.551649     14.725    12.0638  32.496305    27.7335     14.593  276.64174  276.74324    38.9529    10.6175 0.0000e+00
 124.551652     14.758    12.0632  32.499969    27.7374     14.626  276.63785  276.73927    38.9062    10.5892 0.0000e+00
 124.551655     14.784    12.0621  32.507938    27.7457     14.652  276.62795  276.72920    38.9996    10.5932 0.0000e+00
 124.551658     14.815    12.0614  32.512243    27.7479     14.683  276.62320  276.72436    39.1241    10.5851 0.0000e+00
 124.551661     14.841    12.0604  32.517711    27.7502     14.708  276.61787  276.71890    39.3264    10.4557 -9.990e-29
 124.551664     14.859    12.0594  32.518351    27.7575     14.726  276.62107  276.72203    39.3887    10.4921 -9.990e-29
 124.551667     14.876    12.0586  32.517304    27.7571     14.743  276.62675  276.72765    39.2798    10.4477 -9.990e-29
 124.551670     14.900    12.0581  32.521202    27.7612     14.766  276.62180  276.72263    39.4198    10.4921 -9.990e-29
 124.551672     14.912    12.0578  32.522599    27.7627     14.778  276.62050  276.72129    40.6027    10.8439 -9.990e-29
 124.551675     14.929    12.0574  32.524053    27.7644     14.795  276.61971  276.72046    40.7739    10.8722 -9.990e-29
 124.551678     14.947    12.0571  32.523879    27.7644     14.813  276.62129  276.72202    40.8050    10.8682 -9.990e-29
 124.551681     14.965    12.0568  32.526497    27.7671     14.831  276.61775  276.71844    40.6650    10.8197 -9.990e-29
 124.551684     14.981    12.0567  32.526322    27.7686     14.847  276.61871  276.71938    37.6455    10.5326 -9.990e-29
 124.551687     15.014    12.0565  32.527835    27.7687     14.880  276.61689  276.71754    37.7078    10.5245 0.0000e+00
 124.551690     15.051    12.0561  32.527719    27.7686     14.916  276.61869  276.71931    37.6144    10.5245 0.0000e+00
 124.551693     15.085    12.0560  32.527137    27.7687     14.950  276.62009  276.72071    37.7078    10.5487 0.0000e+00
 124.551696     15.114    12.0561  32.527952    27.7682     14.979  276.61830  276.71892    37.6611    10.5326 0.0000e+00
 124.551698     15.147    12.0560  32.525916    27.7680     15.011  276.62268  276.72331    41.9101    10.9652 0.0000e+00
 124.551701     15.174    12.0558  32.526730    27.7671     15.038  276.62183  276.72244    41.9724    10.9652 -9.990e-29
 124.551704     15.194    12.0560  32.525916    27.7671     15.058  276.62271  276.72335    41.8323    11.0016 -9.990e-29
 124.551707     15.215    12.0560  32.526905    27.7679     15.078  276.62060  276.72123    41.8634    10.9895 -9.990e-29
 124.551710     15.235    12.0562  32.525916    27.7669     15.098  276.62181  276.72245    43.2953    10.9208 -9.990e-29
 124.551713     15.246    12.0560  32.526265    27.7673     15.109  276.62180  276.72243    43.1241    10.9288 -9.990e-29
 124.551716     15.255    12.0562  32.526905    27.7678     15.118  276.62001  276.72064    43.1708    10.9329 -9.990e-29
 124.551719     15.270    12.0562  32.526091    27.7670     15.133  276.62120  276.72185    43.1241    10.9127 -9.990e-29
 124.551722     15.288    12.0562  32.524694    27.7657     15.151  276.62408  276.72474    45.6922    11.5718 -9.990e-29
 124.551725     15.306    12.0563  32.523938    27.7641     15.169  276.62486  276.72554    45.7233    11.5839 -9.990e-29
 124.551727     15.339    12.0565  32.523240    27.7657     15.202  276.62554  276.72623    45.8012    11.5758 0.0000e+00
 124.551730     15.370    12.0567  32.526731    27.7672     15.233  276.61823  276.71890    45.8945    11.5556 0.0000e+00
 124.551733     15.407    12.0565  32.528360    27.7689     15.269  276.61589  276.71653    45.5521    11.2847 0.0000e+00
 124.551736     15.436    12.0562  32.530746    27.7714     15.297  276.61309  276.71369    45.5054    11.3089 0.0000e+00
 124.551739     15.471    12.0561  32.532841    27.7717     15.332  276.60959  276.71016    45.4587    11.3049 0.0000e+00
 124.551742     15.498    12.0558  32.530804    27.7725     15.359  276.61490  276.71547    45.4432    11.3049 0.0000e+00
 124.551745     15.530    12.0556  32.532433    27.7717     15.390  276.61256  276.71310    45.5833    11.3130 -9.990e-29
 124.551748     15.552    12.0554  32.534063    27.7750     15.412  276.61052  276.71103    44.1669    11.2321 -9.990e-29
 124.551751     15.571    12.0553  32.532899    27.7740     15.432  276.61298  276.71349    44.2292    11.2038 -9.990e-29
 124.551753     15.591    12.0551  32.534703    27.7758     15.452  276.61062  276.71110    44.3381    11.2564 -9.990e-29
 124.551756     15.608    12.0551  32.534296    27.7754     15.468  276.61138  276.71187    44.2603    11.2362 -9.990e-29
 124.551759     15.617    12.0551  32.534296    27.7755     15.477  276.61170  276.71218    41.5677    11.1391 -9.990e-29
 124.551762     15.629    12.0551  32.533656    27.7748     15.489  276.61257  276.71306    41.7545    11.1310 -9.990e-29
 124.551765     15.644    12.0549  32.533656    27.7750     15.504  276.61351  276.71399    41.5677    11.1229 -9.990e-29
 124.551768     15.668    12.0550  32.534063    27.7753     15.527  276.61247  276.71295    41.4899    11.0865 -9.990e-29
 124.551771     15.684    12.0551  32.533074    27.7743     15.543  276.61398  276.71448    39.8401    10.8197 -9.990e-29
 124.551774     15.706    12.0551  32.534703    27.7742     15.565  276.61101  276.71149    39.8089    10.8358 -9.990e-29
 124.551777     15.735    12.0552  32.533074    27.7742     15.594  276.61340  276.71390    39.6377    10.8197 0.0000e+00
 124.551780     15.763    12.0551  32.532434    27.7742     15.621  276.61490  276.71540    39.7934    10.8439 -9.990e-29
 124.551782     15.787    12.0551  32.533074    27.7739     15.645  276.61374  276.71424    44.5871    11.6163 -9.990e-29
 124.551785     15.814    12.0552  32.532842    27.7739     15.672  276.61388  276.71438    44.5405    11.6324 0.0000e+00
 124.551788     15.850    12.0553  32.532900    27.7739     15.708  276.61348  276.71399    44.6338    11.6163 -9.990e-29
