Processed/SBE19plus_01907321_2022_05_09_Cast93_wfilter.cnv
* Sea-Bird SBE19plus  Data File:
* FileName = E:\Prandtl Daten\2022\CTD\Raw\SBE19plus_01907321_2022_05_09_Cast93.hex
* Software version 2.6.1.12
* Temperature SN = 7321
* Conductivity SN = 7321
* System UpLoad Time = May 09 2022 07:20:07
* <ApplicationData>
* <Seaterm232>
** Messpraktikum 2022
** CTD 09.05 TS
** NMEA Latitude = 54 07.45 N
** NMEA Longitude = 008 44.84 E
# nquan = 11
# nvalues = 339                         
# units = specified
# name 0 = timeJ: Julian Days
# name 1 = prdM: Pressure, Strain Gauge [db]
# name 2 = tv290C: Temperature [ITS-90, deg C]
# name 3 = c0mS/cm: Conductivity [mS/cm]
# name 4 = sal00: Salinity, Practical [PSU]
# name 5 = depSM: Depth [salt water, m], lat = 54.00
# name 6 = oxsatMm/Kg: Oxygen Saturation, Weiss [umol/kg]
# name 7 = oxsolMm/Kg: Oxygen Saturation, Garcia & Gordon [umol/kg]
# name 8 = turbWETntu0: Turbidity, WET Labs ECO [NTU]
# name 9 = flECO-AFL: Fluorescence, WET Labs ECO-AFL/FL [mg/m^3]
# name 10 = flag:  0.000e+00
# span 0 = 129.301777, 129.302755       
# span 1 =      0.413,      8.739       
# span 2 =    12.8084,    12.8840       
# span 3 =  32.294201,  32.654726       
# span 4 =    26.9550,    27.3391       
# span 5 =      0.409,      8.660       
# span 6 =  273.06027,  273.37065       
# span 7 =  273.21071,  273.52883       
# span 8 =    -6.4323,    44.2136       
# span 9 =    -0.1831,    10.1444       
# span 10 = 0.0000e+00, 0.0000e+00      
# interval = seconds: 0.25
# start_time = May 09 2022 07:13:00 [Instrument's time stamp, header]
# bad_flag = -9.990e-29
*END*
[from data line 132]
 129.302159      3.634    12.8594  32.409748    27.0773      3.602  273.26753  273.42354     9.5677     4.5439 -9.990e-29
 129.302161      3.662    12.8590  32.412827    27.0804      3.629  273.26369  273.41966     9.5988     4.5763 -9.990e-29
 129.302164      3.686    12.8586  32.415849    27.0835      3.653  273.26027  273.41618     9.4432     4.5358 -9.990e-29
 129.302167      3.704    12.8580  32.417708    27.0856      3.671  273.25953  273.41539     9.3965     4.5722 -9.990e-29
 129.302170      3.727    12.8577  32.418289    27.0864      3.694  273.26010  273.41592    10.1280     4.6369 -9.990e-29
 129.302173      3.746    12.8571  32.417883    27.0864      3.712  273.26334  273.41914    10.1903     4.6329 -9.990e-29
 129.302176      3.766    12.8567  32.421950    27.0905      3.732  273.25808  273.41381    10.1903     4.6208 -9.990e-29
 129.302179      3.789    12.8560  32.427296    27.0970      3.755  273.25151  273.40714    10.2525     4.6208 -9.990e-29
 129.302182      3.815    12.8552  32.427878    27.0997      3.781  273.25396  273.40954    12.7584     5.2394 0.0000e+00
 129.302185      3.844    12.8544  32.432992    27.1023      3.810  273.24843  273.40391    12.6961     5.2677 0.0000e+00
 129.302188      3.873    12.8537  32.432992    27.1028      3.839  273.25160  273.40703    12.7584     5.2152 0.0000e+00
 129.302190      3.906    12.8532  32.437641    27.1074      3.871  273.24563  273.40099    12.8517     5.2597 0.0000e+00
 129.302193      3.943    12.8525  32.440083    27.1088      3.907  273.24450  273.39979    13.7078     5.0575 0.0000e+00
 129.302196      3.973    12.8520  32.445604    27.1102      3.938  273.23699  273.39220    13.5210     5.0332 -9.990e-29
 129.302199      3.997    12.8511  32.448278    27.1187      3.961  273.23607  273.39120    13.6455     5.0413 -9.990e-29
 129.302202      4.025    12.8504  32.450313    27.1211      3.989  273.23597  273.39102    13.7389     5.0534 -9.990e-29
 129.302205      4.050    12.8496  32.449674    27.1211      4.014  273.24025  273.39527    12.2292     4.8836 -9.990e-29
 129.302208      4.066    12.8493  32.451360    27.1228      4.030  273.23855  273.39353    12.2603     4.8674 -9.990e-29
 129.302211      4.087    12.8491  32.454382    27.1258      4.050  273.23450  273.38943    12.1980     4.8674 -9.990e-29
 129.302214      4.101    12.8486  32.463742    27.1348      4.065  273.22021  273.37502    12.3692     4.8715 -9.990e-29
 129.302216      4.121    12.8476  32.465370    27.1370      4.085  273.22145  273.37618    12.4471     4.8553 -9.990e-29
 129.302219      4.145    12.8468  32.465603    27.1334      4.108  273.22483  273.37950    11.2798     4.7785 -9.990e-29
 129.302222      4.171    12.8466  32.460661    27.1331      4.133  273.23450  273.38921    11.2953     4.7866 0.0000e+00
 129.302225      4.202    12.8463  32.459848    27.1328      4.164  273.23689  273.39160    11.2175     4.7987 0.0000e+00
 129.302228      4.227    12.8465  32.459441    27.1323      4.189  273.23700  273.39172    11.1864     4.7663 0.0000e+00
 129.302231      4.258    12.8469  32.458452    27.1311      4.220  273.23687  273.39163    12.0268     4.8755 0.0000e+00
 129.302234      4.284    12.8473  32.456999    27.1294      4.245  273.23788  273.39267    12.0891     4.8634 0.0000e+00
 129.302237      4.309    12.8475  32.456941    27.1294      4.271  273.23705  273.39186    11.9334     4.8472 0.0000e+00
 129.302240      4.335    12.8479  32.459673    27.1303      4.296  273.23037  273.38518    12.0113     4.8472 0.0000e+00
 129.302242      4.360    12.8476  32.461069    27.1314      4.321  273.22918  273.38396    11.9334     4.7785 -9.990e-29
 129.302245      4.382    12.8475  32.462522    27.1344      4.343  273.22726  273.38202    11.9801     4.7421 -9.990e-29
 129.302248      4.400    12.8472  32.463511    27.1355      4.361  273.22679  273.38152    11.9646     4.7340 -9.990e-29
 129.302251      4.419    12.8468  32.466301    27.1383      4.379  273.22346  273.37813    12.0891     4.7582 -9.990e-29
 129.302254      4.435    12.8468  32.469673    27.1415      4.395  273.21784  273.37248    13.7233     5.3608 -9.990e-29
 129.302257      4.455    12.8460  32.472116    27.1423      4.415  273.21669  273.37126    13.6611     5.3567 -9.990e-29
 129.302260      4.482    12.8456  32.469674    27.1423      4.442  273.22290  273.37747    13.6299     5.3769 0.0000e+00
 129.302263      4.514    12.8454  32.469790    27.1423      4.473  273.22366  273.37821    13.6922     5.3729 -9.990e-29
 129.302266      4.539    12.8452  32.473744    27.1555      4.498  273.21765  273.37215    13.6299     5.3729 -9.990e-29
 129.302269      4.572    12.8448  32.483338    27.1568      4.531  273.20265  273.35703    17.3965     5.8339 0.0000e+00
 129.302271      4.605    12.8438  32.485548    27.1582      4.564  273.20318  273.35747    17.5833     5.8460 0.0000e+00
 129.302274      4.634    12.8428  32.491480    27.1644      4.593  273.19714  273.35131    17.6144     5.8379 0.0000e+00
 129.302277      4.665    12.8416  32.499914    27.1688      4.623  273.18732  273.34134    17.5054     5.8136 0.0000e+00
 129.302280      4.696    12.8403  32.506603    27.1731      4.654  273.18121  273.33508    13.4899     5.3163 -9.990e-29
 129.302283      4.714    12.8387  32.499856    27.1751      4.672  273.20034  273.35417    13.3498     5.2961 -9.990e-29
 129.302286      4.738    12.8380  32.503520    27.1789      4.696  273.19672  273.35048    13.3809     5.2839 -9.990e-29
 129.302289      4.756    12.8377  32.509221    27.1844      4.714  273.18794  273.34162    13.3654     5.2799 -9.990e-29
 129.302292      4.773    12.8374  32.504975    27.1807      4.730  273.19701  273.35071    12.2447     5.1909 -9.990e-29
 129.302295      4.791    12.8372  32.502532    27.1786      4.748  273.20227  273.35598    12.1513     5.1950 -9.990e-29
 129.302297      4.817    12.8374  32.500671    27.1767      4.773  273.20463  273.35837    12.2914     5.1788 -9.990e-29
 129.302300      4.842    12.8375  32.501311    27.1772      4.799  273.20289  273.35663    12.2292     5.2233 -9.990e-29
 129.302303      4.869    12.8378  32.500671    27.1764      4.826  273.20278  273.35655    12.8362     5.0170 -9.990e-29
 129.302306      4.893    12.8379  32.499217    27.1723      4.849  273.20504  273.35883    12.6805     4.9766 -9.990e-29
 129.302309      4.918    12.8382  32.496600    27.1723      4.875  273.20810  273.36194    12.6961     4.9847 0.0000e+00
 129.302312      4.948    12.8387  32.492296    27.1723      4.903  273.21382  273.36773    12.8362     5.0009 -9.990e-29
 129.302315      4.973    12.8393  32.491482    27.1668      4.929  273.21245  273.36640    12.7739     4.9928 -9.990e-29
 129.302318      4.999    12.8400  32.489795    27.1648      4.954  273.21261  273.36662    11.9490     4.7623 -9.990e-29
 129.302321      5.022    12.8400  32.489446    27.1644      4.978  273.21292  273.36694    11.9646     4.7178 -9.990e-29
 129.302323      5.048    12.8404  32.487993    27.1628      5.003  273.21393  273.36799    11.9801     4.7663 -9.990e-29
 129.302326      5.066    12.8407  32.485143    27.1599      5.021  273.21771  273.37181    11.8868     4.7582 -9.990e-29
 129.302329      5.084    12.8412  32.482933    27.1575      5.039  273.21942  273.37357    12.1980     5.0413 -9.990e-29
 129.302332      5.105    12.8415  32.481421    27.1559      5.059  273.22084  273.37502    12.3226     5.0737 -9.990e-29
 129.302335      5.128    12.8418  32.479444    27.1542      5.082  273.22277  273.37699    12.2759     5.0494 -9.990e-29
 129.302338      5.156    12.8421  32.480084    27.1538      5.110  273.22040  273.37464    12.1980     5.0332 0.0000e+00
 129.302341      5.185    12.8424  32.479445    27.1534      5.138  273.22029  273.37455    13.9724     5.6721 0.0000e+00
 129.302344      5.212    12.8426  32.476770    27.1507      5.166  273.22408  273.37838    13.8790     5.7206 0.0000e+00
 129.302347      5.247    12.8430  32.475781    27.1501      5.200  273.22395  273.37830    13.9101     5.7125 0.0000e+00
 129.302350      5.276    12.8433  32.475956    27.1495      5.229  273.22241  273.37677    13.9724     5.6802 -9.990e-29
 129.302352      5.300    12.8435  32.478631    27.1618      5.252  273.21708  273.37142    21.0385     6.7113 -9.990e-29
 129.302355      5.327    12.8432  32.489214    27.1618      5.279  273.19970  273.35393    21.0074     6.8569 0.0000e+00
 129.302358      5.354    12.8420  32.497357    27.1618      5.306  273.19039  273.34447    20.9918     6.8569 -9.990e-29
 129.302361      5.378    12.8406  32.493111    27.1672      5.330  273.20418  273.35820    21.0385     6.8650 -9.990e-29
 129.302364      5.398    12.8398  32.494565    27.1691      5.350  273.20509  273.35904    21.1008     6.8892 -9.990e-29
 129.302367      5.414    12.8396  32.505384    27.1793      5.366  273.18697  273.34081    25.2564     7.5645 -9.990e-29
 129.302370      5.435    12.8385  32.546867    27.2185      5.386  273.11887  273.27225    25.0852     7.5848 -9.990e-29
 129.302373      5.458    12.8343  32.561417    27.2387      5.410  273.11144  273.26441    25.1786     7.5767 -9.990e-29
 129.302376      5.484    12.8303  32.562407    27.2369      5.435  273.12729  273.27999    25.1786     7.5848 0.0000e+00
 129.302378      5.513    12.8278  32.556471    27.2387      5.464  273.14877  273.30136    28.3226     7.8193 0.0000e+00
 129.302381      5.542    12.8268  32.564853    27.2434      5.493  273.13808  273.29053    28.2914     7.8355 0.0000e+00
 129.302384      5.569    12.8260  32.566890    27.2459      5.520  273.13827  273.29065    28.3070     7.8193 0.0000e+00
 129.302387      5.595    12.8251  32.580804    27.2527      5.545  273.11782  273.27001    28.4315     7.8193 0.0000e+00
 129.302390      5.622    12.8235  32.583074    27.2595      5.572  273.12074  273.27280    30.2214     8.2762 -9.990e-29
 129.302393      5.646    12.8223  32.578359    27.2591      5.596  273.13409  273.28612    30.2214     8.2681 -9.990e-29
 129.302396      5.672    12.8220  32.572130    27.2536      5.621  273.14667  273.29873    30.2681     8.2964 -9.990e-29
 129.302399      5.690    12.8222  32.586160    27.2664      5.639  273.12098  273.27293    30.2214     8.3086 -9.990e-29
 129.302402      5.710    12.8213  32.595535    27.2757      5.659  273.10822  273.26002    30.8906     8.3126 -9.990e-29
 129.302405      5.730    12.8201  32.601941    27.2825      5.679  273.10227  273.25393    31.0152     8.4501 -9.990e-29
 129.302407      5.745    12.8185  32.603164    27.2848      5.694  273.10702  273.25856    31.0307     8.4177 -9.990e-29
 129.302410      5.768    12.8177  32.605202    27.2855      5.717  273.10720  273.25867    30.9996     8.4016 -9.990e-29
 129.302413      5.794    12.8172  32.602931    27.2869      5.742  273.11310  273.26457    31.0619     8.4299 0.0000e+00
 129.302416      5.821    12.8169  32.605785    27.2884      5.769  273.10965  273.26107    31.7467     8.0498 0.0000e+00
 129.302419      5.854    12.8166  32.606833    27.2896      5.802  273.10908  273.26046    31.7467     8.0255 0.0000e+00
 129.302422      5.887    12.8163  32.617258    27.2988      5.834  273.09196  273.24323    31.7778     8.0174 0.0000e+00
 129.302425      5.918    12.8155  32.616036    27.2991      5.865  273.09758  273.24881    31.8868     8.0457 0.0000e+00
 129.302428      5.951    12.8147  32.619123    27.2988      5.898  273.09561  273.24675    30.5015     8.0983 -9.990e-29
 129.302431      5.973    12.8145  32.621278    27.3044      5.920  273.09307  273.24418    30.5327     8.1104 -9.990e-29
 129.302433      6.004    12.8140  32.623841    27.3072      5.950  273.09076  273.24181    30.5327     8.0902 -9.990e-29
 129.302436      6.028    12.8135  32.623259    27.3069      5.974  273.09369  273.24472    30.5638     8.0983 -9.990e-29
 129.302439      6.048    12.8132  32.621803    27.3058      5.994  273.09784  273.24886    24.3226     7.6939 -9.990e-29
 129.302442      6.066    12.8132  32.625589    27.3093      6.012  273.09085  273.24184    24.4782     7.7020 -9.990e-29
 129.302445      6.079    12.8130  32.625705    27.3095      6.024  273.09160  273.24257    24.5405     7.7142 -9.990e-29
 129.302448      6.100    12.8128  32.624249    27.3083      6.046  273.09512  273.24609    24.3692     7.7061 -9.990e-29
 129.302451      6.121    12.8127  32.619939    27.2995      6.066  273.10305  273.25406    24.3848     7.6899 -9.990e-29
 129.302454      6.148    12.8132  32.615046    27.2990      6.093  273.10983  273.26091    22.0346     6.8569 0.0000e+00
 129.302457      6.173    12.8135  32.614231    27.2985      6.118  273.10971  273.26083    21.9724     6.8771 0.0000e+00
 129.302459      6.208    12.8141  32.609281    27.2935      6.153  273.11597  273.26717    21.9879     6.8731 0.0000e+00
 129.302462      6.239    12.8146  32.606602    27.2906      6.183  273.11852  273.26978    21.9568     6.8488 0.0000e+00
 129.302465      6.265    12.8152  32.603340    27.2872      6.209  273.12178  273.27311    24.2759     6.9337 0.0000e+00
 129.302468      6.291    12.8157  32.599264    27.2851      6.234  273.12648  273.27789    24.2292     6.9459 0.0000e+00
 129.302471      6.323    12.8162  32.594315    27.2830      6.267  273.13304  273.28453    24.1980     6.9499 -9.990e-29
 129.302474      6.345    12.8170  32.595130    27.2782      6.288  273.12817  273.27970    24.2603     6.9176 -9.990e-29
 129.302477      6.365    12.8175  32.593907    27.2767      6.308  273.12815  273.27972    24.0113     7.0914 -9.990e-29
 129.302480      6.384    12.8177  32.596120    27.2786      6.327  273.12331  273.27488    24.0424     7.1197 -9.990e-29
 129.302483      6.402    12.8177  32.597226    27.2797      6.345  273.12169  273.27323    23.9801     7.1440 -9.990e-29
 129.302486      6.420    12.8175  32.598042    27.2805      6.363  273.12089  273.27242    23.9490     7.1440 -9.990e-29
 129.302488      6.440    12.8174  32.600080    27.2825      6.383  273.11793  273.26943    27.2175     8.0376 -9.990e-29
 129.302491      6.464    12.8171  32.601361    27.2864      6.406  273.11694  273.26841    27.1552     8.0457 -9.990e-29
 129.302494      6.493    12.8167  32.603749    27.2873      6.435  273.11431  273.26574    27.2019     8.0093 0.0000e+00
 129.302497      6.528    12.8165  32.605612    27.2882      6.470  273.11199  273.26338    27.1708     8.0376 0.0000e+00
 129.302500      6.557    12.8160  32.606195    27.2891      6.498  273.11317  273.26453    27.2642     8.0134 0.0000e+00
 129.302503      6.588    12.8159  32.607418    27.2904      6.529  273.11166  273.26300    29.2253     8.3571 0.0000e+00
 129.302506      6.617    12.8157  32.611553    27.2923      6.558  273.10533  273.25661    29.3498     8.3733 0.0000e+00
 129.302509      6.646    12.8152  32.612776    27.2943      6.587  273.10507  273.25631    29.3498     8.3814 -9.990e-29
 129.302512      6.670    12.8147  32.611961    27.2954      6.611  273.10872  273.25993    29.2875     8.3530 -9.990e-29
 129.302514      6.696    12.8144  32.611320    27.2950      6.636  273.11143  273.26263    29.7233     8.1549 -9.990e-29
 129.302517      6.712    12.8144  32.616446    27.2998      6.652  273.10240  273.25355    29.7233     8.1953 -9.990e-29
 129.302520      6.731    12.8140  32.620989    27.3042      6.670  273.09596  273.24704    29.7856     8.1590 -9.990e-29
 129.302523      6.749    12.8137  32.623843    27.3071      6.688  273.09219  273.24323    29.7233     8.1387 -9.990e-29
 129.302526      6.760    12.8132  32.623436    27.3070      6.699  273.09511  273.24612    28.8673     7.8719 -9.990e-29
 129.302529      6.783    12.8129  32.625300    27.3090      6.722  273.09340  273.24437    28.6805     7.8516 -9.990e-29
 129.302532      6.807    12.8128  32.625300    27.3091      6.746  273.09373  273.24469    28.8050     7.8435 -9.990e-29
