Processed/SBE19plus_01907321_2022_05_04_Cast14_wfilter.cnv
* Sea-Bird SBE19plus  Data File:
* FileName = E:\Prandtl Daten\2022\CTD\Raw\SBE19plus_01907321_2022_05_04_Cast14.hex
* Software version 2.6.1.12
* Temperature SN = 7321
* Conductivity SN = 7321
* System UpLoad Time = May 04 2022 08:58:03
* <ApplicationData>
* <Seaterm232>
** Messpraktikum 2022
** CTD 04.05 SW4
# nquan = 11
# nvalues = 416                         
# units = specified
# name 0 = timeJ: Julian Days
# name 1 = prdM: Pressure, Strain Gauge [db]
# name 2 = tv290C: Temperature [ITS-90, deg C]
# name 3 = c0mS/cm: Conductivity [mS/cm]
# name 4 = sal00: Salinity, Practical [PSU]
# name 5 = depSM: Depth [salt water, m], lat = 54.00
# name 6 = oxsatMm/Kg: Oxygen Saturation, Weiss [umol/kg]
# name 7 = oxsolMm/Kg: Oxygen Saturation, Garcia & Gordon [umol/kg]
# name 8 = turbWETntu0: Turbidity, WET Labs ECO [NTU]
# name 9 = flECO-AFL: Fluorescence, WET Labs ECO-AFL/FL [mg/m^3]
# name 10 = flag:  0.000e+00
# span 0 = 124.367911, 124.369112       
# span 1 =      0.676,     10.897       
# span 2 =    10.9032,    11.0265       
# span 3 =  28.531283,  30.177913       
# span 4 =    24.7107,    26.3597       
# span 5 =      0.670,     10.799       
# span 6 =  286.35821,  289.07618       
# span 7 =  286.40394,  289.14931       
# span 8 =    32.6961,    63.8089       
# span 9 =    10.2495,    14.7703       
# span 10 = 0.0000e+00, 0.0000e+00      
# interval = seconds: 0.25
# start_time = May 04 2022 08:48:40 [Instrument's time stamp, header]
# bad_flag = -9.990e-29
*END*
[from data line 263]
 124.368672      7.332    10.9751  29.056106    25.2426      7.267  288.23823  288.30242    46.0191    12.6029 -9.990e-29
 124.368675      7.342    10.9757  29.061286    25.2471      7.276  288.22515  288.28932    46.0346    12.5827 -9.990e-29
 124.368678      7.345    10.9764  29.076050    25.2607      7.280  288.19272  288.25675    45.9879    12.6150 -9.990e-29
 124.368681      7.351    10.9765  29.087974    25.2721      7.285  288.16880  288.23270    45.8790    13.1003 -9.990e-29
 124.368683      7.358    10.9765  29.104638    25.2881      7.293  288.13664  288.20032    45.7700    13.0558 -9.990e-29
 124.368686      7.367    10.9761  29.100291    25.2842      7.302  288.14711  288.21082    45.8012    13.0801 -9.990e-29
 124.368689      7.382    10.9759  29.113167    25.2966      7.316  288.12300  288.18654    45.7856    13.0922 -9.990e-29
 124.368692      7.400    10.9754  29.128220    25.3302      7.334  288.09598  288.15929    42.1124    12.9951 -9.990e-29
 124.368695      7.426    10.9751  29.147681    25.3331      7.359  288.05936  288.12241    42.2525    12.9871 0.0000e+00
 124.368698      7.455    10.9747  29.153370    25.3302      7.388  288.05061  288.11355    42.2369    12.9992 0.0000e+00
 124.368701      7.486    10.9741  29.143889    25.3272      7.419  288.07176  288.13479    42.2525    13.0032 0.0000e+00
 124.368704      7.519    10.9736  29.140878    25.3272      7.452  288.07997  288.14300    42.8595    12.2552 0.0000e+00
 124.368707      7.555    10.9732  29.148239    25.3320      7.487  288.06762  288.13053    42.9685    12.2673 0.0000e+00
 124.368709      7.586    10.9731  29.150916    25.3346      7.518  288.06308  288.12595    42.9373    12.2673 0.0000e+00
 124.368712      7.612    10.9728  29.157163    25.3377      7.544  288.05224  288.11501    42.8751    12.2835 0.0000e+00
 124.368715      7.639    10.9726  29.165140    25.3408      7.570  288.03770  288.10035    41.8323    12.2632 -9.990e-29
 124.368718      7.664    10.9724  29.164080    25.3648      7.596  288.04077  288.10342    40.9918    11.7780 -9.990e-29
 124.368721      7.693    10.9723  29.181877    25.3930      7.624  288.00674  288.06916    40.8984    11.7821 0.0000e+00
 124.368724      7.731    10.9722  29.240651    25.4212      7.662  287.89248  287.95416    40.9296    11.7295 0.0000e+00
 124.368727      7.761    10.9724  29.258019    25.4377      7.691  287.85798  287.91945    40.9607    11.7295 0.0000e+00
 124.368730      7.790    10.9726  29.264051    25.4383      7.720  287.84525  287.90666    41.1630    11.9155 0.0000e+00
 124.368733      7.817    10.9728  29.258913    25.4433      7.747  287.85430  287.91578    41.2253    11.8751 0.0000e+00
 124.368736      7.844    10.9728  29.265280    25.4383      7.774  287.84190  287.90331    41.1630    11.8953 0.0000e+00
 124.368738      7.877    10.9725  29.251485    25.4433      7.807  287.87014  287.93170    41.1786    11.8872 0.0000e+00
 124.368741      7.908    10.9725  29.264051    25.4433      7.837  287.84566  287.90706    39.2331    11.3736 0.0000e+00
 124.368744      7.937    10.9726  29.285000    25.4533      7.866  287.80417  287.86533    39.2019    11.3575 0.0000e+00
 124.368747      7.966    10.9728  29.257405    25.4633      7.895  287.85701  287.91852    39.2642    11.3615 -9.990e-29
 124.368750      7.988    10.9730  29.251485    25.4309      7.917  287.86791  287.92950    39.1397    11.4060 -9.990e-29
 124.368753      8.007    10.9731  29.213520    25.3945      7.935  287.94129  288.00337    39.4510    13.2984 -9.990e-29
 124.368756      8.020    10.9732  29.212459    25.3934      7.948  287.94271  288.00481    39.4976    13.3429 -9.990e-29
 124.368759      8.029    10.9733  29.212627    25.3935      7.957  287.94206  288.00416    39.4510    13.3510 -9.990e-29
 124.368762      8.036    10.9733  29.225633    25.4059      7.965  287.91670  287.97864    39.4976    13.3672 -9.990e-29
 124.368764      8.035    10.9733  29.230155    25.4103      7.963  287.90788  287.96977    39.2642    13.3308 -9.990e-29
 124.368767      8.047    10.9732  29.233561    25.4136      7.975  287.90158  287.96342    42.9218    14.7703 -9.990e-29
 124.368770      8.055    10.9732  29.237581    25.4174      7.983  287.89374  287.95553    42.8751    14.7460 -9.990e-29
 124.368773      8.066    10.9732  29.251318    25.4310      7.994  287.86697  287.92859    42.8284    14.7218 -9.990e-29
 124.368776      8.092    10.9731  29.251709    25.4380      8.019  287.86688  287.92849    42.9529    14.7096 0.0000e+00
 124.368779      8.121    10.9731  29.266174    25.4449      8.048  287.83870  287.90012    40.4782    12.6676 0.0000e+00
 124.368782      8.157    10.9734  29.301987    25.4790      8.084  287.76758  287.82857    40.4626    12.6838 0.0000e+00
 124.368785      8.198    10.9740  29.347768    25.5225      8.124  287.67540  287.73586    40.4159    12.6312 0.0000e+00
 124.368788      8.242    10.9745  29.349389    25.5236      8.168  287.66963  287.73011    40.5405    12.6353 0.0000e+00
 124.368791      8.286    10.9748  29.355317    25.5291      8.211  287.65679  287.71721    39.8556    11.2523 0.0000e+00
 124.368793      8.324    10.9751  29.373941    25.5468      8.249  287.61920  287.67941    39.8712    11.2442 0.0000e+00
 124.368796      8.364    10.9753  29.390723    25.5627      8.289  287.58520  287.64522    39.8712    11.2159 0.0000e+00
 124.368799      8.406    10.9759  29.402025    25.5731      8.331  287.56024  287.62016    39.9334    11.2362 0.0000e+00
 124.368802      8.440    10.9767  29.407621    25.5731      8.365  287.54541  287.60532    40.1358    11.7133 0.0000e+00
 124.368805      8.471    10.9773  29.386136    25.5673      8.396  287.58434  287.64457    40.1358    11.6971 0.0000e+00
 124.368808      8.502    10.9772  29.366335    25.5568      8.426  287.62361  287.68408    40.1047    11.6890 -9.990e-29
 124.368811      8.524    10.9769  29.374277    25.5458      8.448  287.60980  287.67013    40.4159    11.6607 -9.990e-29
 124.368814      8.550    10.9766  29.383283    25.5546      8.473  287.59358  287.65378    40.1980    11.6850 -9.990e-29
 124.368817      8.566    10.9768  29.378305    25.5497      8.489  287.60231  287.66259    36.7895    12.1177 -9.990e-29
 124.368819      8.582    10.9769  29.383843    25.5549      8.505  287.59119  287.65141    36.6961    12.1339 -9.990e-29
 124.368822      8.587    10.9771  29.390892    25.5615      8.511  287.57614  287.63629    36.7272    12.1217 -9.990e-29
 124.368825      8.591    10.9776  29.400851    25.5707      8.514  287.55444  287.61449    36.6961    12.1339 -9.990e-29
 124.368828      8.590    10.9782  29.412210    25.5812      8.513  287.52967  287.58962    35.9801    12.2107 -9.990e-29
 124.368831      8.593    10.9786  29.427825    25.5959      8.516  287.49694  287.55673    35.9179    12.2107 -9.990e-29
 124.368834      8.598    10.9793  29.419262    25.5872      8.521  287.51034  287.57029    35.9646    12.2066 -9.990e-29
 124.368837      8.618    10.9796  29.416911    25.5919      8.541  287.51362  287.57362    36.0268    12.2188 -9.990e-29
 124.368840      8.647    10.9796  29.424467    25.5999      8.570  287.49859  287.55850    37.2253    12.6514 0.0000e+00
 124.368843      8.682    10.9799  29.441316    25.6079      8.604  287.46447  287.52419    37.2253    12.6353 0.0000e+00
 124.368845      8.717    10.9800  29.466289    25.6318      8.639  287.41551  287.47492    37.3342    12.6595 0.0000e+00
 124.368848      8.746    10.9807  29.470713    25.6355      8.667  287.40363  287.46303    37.1630    12.6312 0.0000e+00
 124.368851      8.782    10.9811  29.502082    25.6653      8.703  287.34057  287.39961    36.8673    11.8306 0.0000e+00
 124.368854      8.813    10.9817  29.521302    25.6833      8.734  287.29987  287.35872    36.8673    11.8063 0.0000e+00
 124.368857      8.847    10.9822  29.524384    25.6846      8.768  287.29160  287.35044    36.9140    11.7982 0.0000e+00
 124.368860      8.878    10.9826  29.533352    25.6859      8.799  287.27218  287.33094    36.9296    11.8346 -9.990e-29
 124.368863      8.899    10.9828  29.539013    25.7293      8.819  287.26019  287.31889    36.9140    11.8225 -9.990e-29
 124.368866      8.930    10.9826  29.569961    25.7488      8.850  287.20092  287.25921    39.8868    11.2321 0.0000e+00
 124.368869      8.959    10.9825  29.610347    25.7682      8.879  287.12295  287.18072    39.9646    11.2362 0.0000e+00
 124.368872      8.997    10.9820  29.654403    25.8108      8.916  287.03947  287.09666    39.9957    11.2281 0.0000e+00
 124.368874      9.039    10.9809  29.663723    25.8205      8.958  287.02692  287.08391    39.9957    11.2442 0.0000e+00
 124.368877      9.084    10.9803  29.682140    25.8386      9.003  286.99403  287.05074    37.5677    11.3170 0.0000e+00
 124.368880      9.128    10.9794  29.695957    25.8455      9.046  286.97108  287.02756    37.6766    11.2685 0.0000e+00
 124.368883      9.164    10.9783  29.691969    25.8524      9.082  286.98443  287.04088    37.6611    11.2887 -9.990e-29
 124.368886      9.188    10.9776  29.690621    25.8486      9.106  286.99067  287.04708    37.7233    11.2847 -9.990e-29
 124.368889      9.201    10.9767  29.663892    25.8235      9.119  287.04699  287.10367    37.0541    11.1674 -9.990e-29
 124.368892      9.210    10.9763  29.670573    25.8302      9.128  287.03562  287.09219    36.9296    11.1917 -9.990e-29
 124.368895      9.205    10.9759  29.678266    25.8379      9.123  287.02292  287.07936    37.0696    11.1674 -9.990e-29
 124.368898      9.205    10.9752  29.716574    25.8752      9.123  286.95158  287.00749    36.9918    11.1634 -9.990e-29
 124.368900      9.200    10.9737  29.736802    25.8957      9.118  286.91937  286.97491    37.2253    12.5220 -9.990e-29
 124.368903      9.200    10.9719  29.755462    25.9149      9.118  286.89184  286.94702    37.2408    12.5140 -9.990e-29
 124.368906      9.209    10.9701  29.721631    25.8836      9.127  286.96657  287.02204    37.1319    12.5140 -9.990e-29
 124.368909      9.222    10.9702  29.698148    25.8835      9.139  287.01167  287.06745    37.1319    12.5261 -9.990e-29
 124.368912      9.253    10.9717  29.722642    25.8925      9.170  286.95679  287.01237    37.2564    12.5099 0.0000e+00
 124.368915      9.291    10.9717  29.741298    25.8835      9.208  286.92047  286.97582    37.3809    11.2928 0.0000e+00
 124.368918      9.326    10.9705  29.718541    25.8909      9.243  286.97071  287.02625    37.4432    11.3049 0.0000e+00
 124.368921      9.363    10.9707  29.716574    25.8803      9.279  286.97358  287.02917    37.4587    11.2887 -9.990e-29
 124.368924      9.387    10.9709  29.743603    25.9022      9.303  286.91964  286.97490    37.5210    11.3009 -9.990e-29
 124.368927      9.423    10.9699  29.740906    25.9025      9.338  286.92982  286.98504    38.2369    11.0421 0.0000e+00
 124.368929      9.448    10.9682  29.740288    25.9028      9.364  286.93921  286.99432    38.2681    11.0340 0.0000e+00
 124.368932      9.478    10.9672  29.770023    25.9320      9.393  286.88620  286.94086    38.1591    11.0542 0.0000e+00
 124.368935      9.514    10.9656  29.812932    25.9744      9.429  286.81046  286.86446    38.1903    11.0421 0.0000e+00
 124.368938      9.554    10.9618  29.882942    26.0444      9.469  286.69267  286.74550    37.9257    10.7428 0.0000e+00
 124.368941      9.600    10.9556  29.891783    26.0573      9.514  286.70544  286.75770    37.9568    10.7307 0.0000e+00
 124.368944      9.644    10.9510  29.893473    26.0621      9.558  286.72399  286.77590    37.9568    10.7064 0.0000e+00
 124.368947      9.693    10.9477  29.909523    26.0799      9.606  286.70869  286.76015    37.9724    10.7307 0.0000e+00
 124.368950      9.737    10.9448  29.922254    26.0870      9.649  286.69822  286.74930    37.0696    10.5932 0.0000e+00
 124.368953      9.775    10.9428  29.890152    26.0942      9.688  286.77028  286.82163    37.0541    10.5973 -9.990e-29
 124.368955      9.797    10.9426  29.871066    26.0465      9.710  286.80882  286.86039    36.9762    10.6296 -9.990e-29
 124.368958      9.810    10.9438  29.873374    26.0479      9.722  286.79846  286.85009    37.0074    10.5690 -9.990e-29
 124.368961      9.805    10.9453  29.804779    25.9808      9.717  286.92506  286.97767    37.0074    10.5851 -9.990e-29
 124.368964      9.795    10.9495  29.822329    25.9947      9.708  286.87028  286.92298    37.7233    11.3736 -9.990e-29
 124.368967      9.781    10.9521  29.859581    26.0287      9.693  286.78526  286.83768    37.6299    11.3575 -9.990e-29
 124.368970      9.768    10.9516  29.827167    25.9979      9.681  286.85073  286.90352    37.5677    11.3898 -9.990e-29
 124.368973      9.763    10.9523  29.827730    25.9979      9.675  286.84604  286.89888    37.6766    11.3696 -9.990e-29
 124.368976      9.771    10.9525  29.861664    26.0304      9.684  286.77892  286.83134    37.2564    10.8965 -9.990e-29
 124.368979      9.792    10.9508  29.928168    26.1619      9.704  286.65777  286.70922    37.2720    10.9046 -9.990e-29
 124.368981      9.828    10.9456  29.993263    26.1739      9.740  286.55594  286.60618    37.1941    10.9248 0.0000e+00
 124.368984      9.874    10.9384  30.013001    26.1860      9.785  286.55192  286.60139    37.2875    10.9208 0.0000e+00
 124.368987      9.928    10.9327  30.017964    26.1949      9.839  286.57021  286.61918    37.0696    10.2495 0.0000e+00
 124.368990      9.985    10.9291  30.036523    26.1996      9.896  286.55093  286.59941    36.9451    10.2495 0.0000e+00
 124.368993     10.032    10.9267  30.018529    26.2074      9.943  286.59808  286.64660    37.0852    10.2738 0.0000e+00
 124.368996     10.067    10.9258  29.977086    26.1996      9.977  286.68319  286.73218    36.9607    10.2657 -9.990e-29
 124.368999     10.089    10.9277  29.959613    26.1421      9.998  286.70788  286.75723    44.4938    11.3575 -9.990e-29
 124.369002     10.094    10.9306  29.924340    26.1062     10.004  286.76305  286.81306    44.5249    11.3898 -9.990e-29
 124.369005     10.096    10.9339  29.936903    26.1159     10.006  286.72260  286.77270    44.5405    11.3817 -9.990e-29
 124.369008     10.103    10.9357  29.960345    26.1438     10.013  286.66777  286.71771    44.4938    11.3292 -9.990e-29
 124.369010     10.129    10.9354  29.967052    26.1534     10.038  286.65634  286.70616    44.4938    11.3575 0.0000e+00
 124.369013     10.169    10.9342  29.985992    26.1629     10.078  286.62527  286.67477    41.2097    13.9050 0.0000e+00
 124.369016     10.229    10.9318  30.085788    26.2607     10.138  286.44203  286.49008    41.1319    13.9009 0.0000e+00
 124.369019     10.289    10.9250  30.130396    26.3085     10.197  286.38779  286.43477    41.1630    13.8888 0.0000e+00
 124.369022     10.352    10.9172  30.143728    26.3269     10.259  286.39972  286.44594    41.1163    13.8928 0.0000e+00
 124.369025     10.406    10.9116  30.146214    26.3301     10.313  286.42178  286.46755    48.4938    11.1593 0.0000e+00
 124.369028     10.445    10.9079  30.115997    26.3333     10.351  286.49861  286.54450    48.4004    11.1634 -9.990e-29
 124.369031     10.465    10.9081  29.962377    26.1586     10.371  286.79733  286.84521    48.5405    11.1755 -9.990e-29
 124.369034     10.463    10.9160  29.944118    26.1354     10.369  286.79496  286.84365    48.5405    11.1391 -9.990e-29
 124.369036     10.447    10.9246  29.996819    26.1801     10.353  286.65080  286.69945    47.6689    12.3482 -9.990e-29
 124.369039     10.416    10.9266  30.098717    26.2768     10.322  286.44223  286.48973    47.7622    12.2875 -9.990e-29
 124.369042     10.383    10.9217  30.114019    26.2951     10.290  286.43601  286.48295    47.7467    12.3320 -9.990e-29
 124.369045     10.359    10.9166  30.065019    26.2515     10.266  286.55626  286.60344    47.7934    12.3563 -9.990e-29
