Processed/SBE19plus_01907321_2022_05_05_Cast28_wfilter.cnv
* Sea-Bird SBE19plus  Data File:
* FileName = E:\Prandtl Daten\2022\CTD\Raw\SBE19plus_01907321_2022_05_05_Cast28.hex
* Software version 2.6.1.12
* Temperature SN = 7321
* Conductivity SN = 7321
* System UpLoad Time = May 05 2022 09:48:23
* <ApplicationData>
* <Seaterm232>
** Messpraktikum 2022
** CTD 05.05 NP4
# nquan = 11
# nvalues = 528                         
# units = specified
# name 0 = timeJ: Julian Days
# name 1 = prdM: Pressure, Strain Gauge [db]
# name 2 = tv290C: Temperature [ITS-90, deg C]
# name 3 = c0mS/cm: Conductivity [mS/cm]
# name 4 = sal00: Salinity, Practical [PSU]
# name 5 = depSM: Depth [salt water, m], lat = 54.00
# name 6 = oxsatMm/Kg: Oxygen Saturation, Weiss [umol/kg]
# name 7 = oxsolMm/Kg: Oxygen Saturation, Garcia & Gordon [umol/kg]
# name 8 = turbWETntu0: Turbidity, WET Labs ECO [NTU]
# name 9 = flECO-AFL: Fluorescence, WET Labs ECO-AFL/FL [mg/m^3]
# name 10 = flag:  0.000e+00
# span 0 = 125.403993, 125.405518       
# span 1 =      0.674,     13.977       
# span 2 =    11.4737,    11.8811       
# span 3 =  31.715167,  32.353774       
# span 4 =    27.3578,    27.7439       
# span 5 =      0.668,     13.851       
# span 6 =  277.72231,  280.69050       
# span 7 =  277.81241,  280.75880       
# span 8 =     4.9762,    62.2369       
# span 9 =     3.8848,    11.3009       
# span 10 = 0.0000e+00, 0.0000e+00      
# interval = seconds: 0.25
# start_time = May 05 2022 09:40:33 [Instrument's time stamp, header]
# bad_flag = -9.990e-29
*END*
 125.403993      0.674    11.7236  31.841457    27.3695      0.668  279.37733  279.46186     7.5599     5.1343 -9.990e-29
 125.403996      0.687    11.7177  31.839265    27.3717      0.681  279.40820  279.49233     5.7389     4.7421 -9.990e-29
 125.403999      0.700    11.7128  31.833669    27.3700      0.694  279.44102  279.52487     5.7545     4.7623 -9.990e-29
 125.404002      0.710    11.7077  31.829516    27.3698      0.704  279.47209  279.55562     5.8478     4.7502 -9.990e-29
 125.404005      0.712    11.7024  31.828939    27.3732      0.706  279.49742  279.58057     5.7856     4.7502 -9.990e-29
 125.404008      0.707    11.6991  31.833497    27.3800      0.700  279.50401  279.58688     5.0229     4.1194 -9.990e-29
 125.404010      0.705    11.6995  31.839267    27.3852      0.699  279.49134  279.57417     5.0541     4.1194 -9.990e-29
 125.404013      0.714    11.7033  31.838690    27.3818      0.707  279.47479  279.55791     5.0696     4.1072 -9.990e-29
 125.404016      0.730    11.7062  31.841690    27.3825      0.724  279.45629  279.53957     5.0696     4.1315 -9.990e-29
 125.404019      0.749    11.7093  31.847229    27.3855      0.742  279.43179  279.51523     5.0229     3.9050 -9.990e-29
 125.404022      0.772    11.7143  31.856635    27.3962      0.765  279.39125  279.47495     5.0229     3.9253 -9.990e-29
 125.404025      0.801    11.7226  31.868812    27.3956      0.794  279.33076  279.41492     5.0385     3.9172 0.0000e+00
 125.404028      0.838    11.7336  31.875968    27.3949      0.830  279.26739  279.35225     5.0852     3.8848 0.0000e+00
 125.404031      0.876    11.7445  31.880585    27.3912      0.868  279.20908  279.29467     4.9762     4.1274 0.0000e+00
 125.404034      0.916    11.7540  31.883586    27.3896      0.908  279.16039  279.24662     5.0852     4.3822 0.0000e+00
 125.404036      0.949    11.7616  31.892130    27.3884      0.940  279.10987  279.19655     5.0852     4.3620 0.0000e+00
 125.404039      0.978    11.7692  31.891552    27.3896      0.969  279.07635  279.16358     5.0229     4.3458 -9.990e-29
 125.404042      0.997    11.7740  31.893977    27.3822      0.988  279.05013  279.13767     5.1319     4.3579 -9.990e-29
 125.404045      1.013    11.7778  31.897325    27.3826      1.004  279.02659  279.11437     5.1630     4.7582 -9.990e-29
 125.404048      1.028    11.7820  31.901366    27.3833      1.019  278.99988  279.08792     5.2720     4.7825 -9.990e-29
 125.404051      1.044    11.7866  31.905119    27.3835      1.035  278.97214  279.06046     5.3031     4.7946 -9.990e-29
 125.404054      1.068    11.7914  31.903733    27.3786      1.059  278.95302  279.04170     5.2720     4.7987 -9.990e-29
 125.404057      1.088    11.7939  31.903560    27.3766      1.078  278.94203  279.03088     6.9996     5.4416 -9.990e-29
 125.404060      1.112    11.7945  31.901134    27.3655      1.102  278.94372  279.03265     7.0463     5.4254 -9.990e-29
 125.404062      1.139    11.7932  31.891377    27.3589      1.129  278.96755  279.05650     6.9996     5.4254 0.0000e+00
 125.404065      1.173    11.7869  31.872558    27.3590      1.163  279.03155  279.12026     6.9996     5.4699 0.0000e+00
 125.404068      1.217    11.7737  31.869385    27.3590      1.207  279.09732  279.18513     6.5638     5.0494 0.0000e+00
 125.404071      1.261    11.7615  31.860383    27.3590      1.250  279.16954  279.25658     6.5171     5.0211 0.0000e+00
 125.404074      1.294    11.7505  31.850227    27.3586      1.282  279.23888  279.32524     6.6572     5.0534 0.0000e+00
 125.404077      1.321    11.7398  31.847631    27.3578      1.310  279.29225  279.37787     6.5482     5.0211 -9.990e-29
 125.404080      1.334    11.7308  31.843478    27.3658      1.322  279.34095  279.42598     6.0969     5.0615 -9.990e-29
 125.404083      1.347    11.7235  31.839267    27.3672      1.335  279.38220  279.46676     5.7233     4.4307 -9.990e-29
 125.404086      1.361    11.7167  31.836498    27.3696      1.349  279.41824  279.50235     5.7545     4.4550 -9.990e-29
 125.404089      1.380    11.7117  31.836902    27.3737      1.367  279.44049  279.52423     5.6922     4.3943 -9.990e-29
 125.404091      1.396    11.7096  31.846481    27.3843      1.383  279.43238  279.51585     5.7700     4.4388 -9.990e-29
 125.404094      1.422    11.7122  31.850635    27.3863      1.409  279.41235  279.49597     5.7700     4.2730 -9.990e-29
 125.404097      1.443    11.7174  31.858022    27.3887      1.430  279.37496  279.45887     5.7078     4.2285 -9.990e-29
 125.404100      1.473    11.7243  31.862465    27.3854      1.459  279.33552  279.41987     5.7856     4.2366 0.0000e+00
 125.404103      1.509    11.7308  31.860617    27.3821      1.495  279.30909  279.39393     5.6766     4.2043 0.0000e+00
 125.404106      1.551    11.7345  31.860213    27.3799      1.537  279.29319  279.37829     5.9724     4.4995 0.0000e+00
 125.404109      1.587    11.7361  31.862406    27.3794      1.573  279.28188  279.36707     6.0191     4.4833 0.0000e+00
 125.404112      1.622    11.7368  31.859232    27.3799      1.607  279.28468  279.36996     6.0969     4.5035 -9.990e-29
 125.404115      1.645    11.7359  31.858828    27.3766      1.631  279.28954  279.37476     5.9568     4.4995 -9.990e-29
 125.404117      1.666    11.7346  31.857039    27.3759      1.651  279.29887  279.38402     6.0191     4.7178 -9.990e-29
 125.404120      1.684    11.7340  31.861599    27.3806      1.669  279.29290  279.37795     5.9568     4.6895 -9.990e-29
 125.404123      1.693    11.7353  31.864196    27.3821      1.678  279.28208  279.36720     6.0969     4.6814 -9.990e-29
 125.404126      1.717    11.7376  31.864831    27.3810      1.702  279.27052  279.35580     6.0346     4.7057 -9.990e-29
 125.404129      1.739    11.7393  31.864600    27.3796      1.724  279.26341  279.34881     6.1591     4.6814 -9.990e-29
 125.404132      1.760    11.7401  31.863388    27.3773      1.744  279.26191  279.34738     6.5171     4.8796 -9.990e-29
 125.404135      1.789    11.7400  31.862810    27.3774      1.773  279.26332  279.34879     6.5171     4.8472 0.0000e+00
 125.404138      1.814    11.7390  31.862234    27.3773      1.798  279.26914  279.35454     6.7817     4.8391 0.0000e+00
 125.404141      1.845    11.7382  31.860791    27.3767      1.829  279.27563  279.36099     6.6105     4.8634 0.0000e+00
 125.404144      1.875    11.7371  31.853462    27.3706      1.858  279.29435  279.37972     7.0307     5.1141 0.0000e+00
 125.404146      1.906    11.7324  31.846653    27.3691      1.889  279.32849  279.41360     6.9996     5.1262 0.0000e+00
 125.404149      1.946    11.7259  31.843249    27.3687      1.929  279.36448  279.44916     6.9373     5.1424 0.0000e+00
 125.404152      1.979    11.7192  31.837711    27.3689      1.961  279.40539  279.48965     7.0619     5.0817 0.0000e+00
 125.404155      2.012    11.7126  31.833673    27.3687      1.994  279.44287  279.52671     8.1047     5.1788 -9.990e-29
 125.404158      2.036    11.7068  31.826751    27.3674      2.018  279.48228  279.56578     7.9646     5.1545 -9.990e-29
 125.404161      2.058    11.6996  31.822598    27.3687      2.040  279.52281  279.60584     8.1047     5.1747 -9.990e-29
 125.404164      2.074    11.6928  31.813946    27.3655      2.056  279.57018  279.65282     8.0891     5.1667 -9.990e-29
 125.404167      2.089    11.6854  31.809967    27.3672      2.070  279.61134  279.69349     8.4782     5.4254 -9.990e-29
 125.404170      2.099    11.6783  31.802413    27.3652      2.080  279.65793  279.73966     8.5871     5.4254 -9.990e-29
 125.404172      2.119    11.6702  31.792494    27.3693      2.100  279.71336  279.79463     8.5249     5.4457 -9.990e-29
 125.404175      2.145    11.6613  31.793649    27.3696      2.125  279.75187  279.83248     8.5249     5.4174 0.0000e+00
 125.404178      2.183    11.6544  31.788921    27.3699      2.163  279.79225  279.87242     8.6027     5.4214 0.0000e+00
 125.404181      2.219    11.6486  31.785116    27.3699      2.200  279.82587  279.90567     8.7895     5.6438 0.0000e+00
 125.404184      2.257    11.6438  31.779351    27.3686      2.237  279.85876  279.93827     8.8206     5.6276 0.0000e+00
 125.404187      2.286    11.6380  31.774797    27.3685      2.266  279.89379  279.97294     8.7428     5.6438 0.0000e+00
 125.404190      2.317    11.6322  31.769609    27.3685      2.296  279.93001  280.00880     8.7117     5.6074 -9.990e-29
 125.404193      2.341    11.6263  31.769379    27.3720      2.320  279.95756  280.03592     7.3420     5.1707 -9.990e-29
 125.404196      2.359    11.6228  31.774165    27.3791      2.338  279.96434  280.04241     7.2486     5.1747 -9.990e-29
 125.404198      2.386    11.6231  31.779526    27.3840      2.365  279.95336  280.03137     7.3887     5.1667 -9.990e-29
 125.404201      2.403    11.6262  31.780564    27.3826      2.381  279.93693  280.01516     7.2953     5.1747 -9.990e-29
 125.404204      2.419    11.6292  31.779757    27.3797      2.397  279.92491  280.00337     8.7895     5.8379 -9.990e-29
 125.404207      2.441    11.6307  31.786099    27.3846      2.419  279.90610  279.98459     8.6494     5.8339 -9.990e-29
 125.404210      2.460    11.6348  31.794690    27.3852      2.438  279.87142  279.95010     8.8517     5.8419 -9.990e-29
 125.404213      2.486    11.6412  31.794863    27.3824      2.464  279.84150  279.92066     8.7895     5.8056 0.0000e+00
 125.404216      2.521    11.6463  31.793075    27.3797      2.498  279.82188  279.90142    10.0191     6.1897 0.0000e+00
 125.404219      2.555    11.6482  31.788289    27.3737      2.533  279.82206  279.90179     9.9879     6.2342 0.0000e+00
 125.404222      2.590    11.6459  31.779755    27.3673      2.567  279.84878  279.92844    10.0969     6.2180 0.0000e+00
 125.404225      2.623    11.6404  31.774971    27.3670      2.599  279.88267  279.96199    10.0346     6.2261 0.0000e+00
 125.404227      2.656    11.6341  31.765632    27.3668      2.632  279.92888  280.00786    10.0191     6.2059 -9.990e-29
 125.404230      2.679    11.6263  31.763270    27.3660      2.655  279.96925  280.04769     9.9257     6.2220 -9.990e-29
 125.404233      2.701    11.6202  31.755085    27.3627      2.677  280.01236  280.09046     9.9412     6.2018 -9.990e-29
 125.404236      2.720    11.6125  31.753299    27.3667      2.695  280.05103  280.12858    10.0813     6.2423 -9.990e-29
 125.404239      2.738    11.6062  31.751917    27.3700      2.714  280.08263  280.15975    10.0502     6.2140 -9.990e-29
 125.404242      2.755    11.6023  31.749727    27.3708      2.730  280.10472  280.18158     9.1008     6.2059 -9.990e-29
 125.404245      2.777    11.5987  31.741774    27.3659      2.752  280.13607  280.21275     9.0541     6.2261 -9.990e-29
 125.404248      2.800    11.5928  31.736646    27.3653      2.775  280.17251  280.24884     8.8984     6.2504 -9.990e-29
 125.404251      2.824    11.5862  31.739413    27.3754      2.799  280.19759  280.27340     8.9451     6.2140 -9.990e-29
 125.404253      2.857    11.5831  31.739817    27.3765      2.832  280.21103  280.28662     9.7856     6.3353 0.0000e+00
 125.404256      2.884    11.5826  31.741776    27.3776      2.859  280.20958  280.28510     9.8634     6.3555 0.0000e+00
 125.404259      2.915    11.5837  31.749556    27.3841      2.889  280.19024  280.26575     9.8012     6.3555 0.0000e+00
 125.404262      2.954    11.5877  31.752496    27.3841      2.927  280.16647  280.24224     9.7856     6.3029 0.0000e+00
 125.404265      2.988    11.5918  31.749556    27.3812      2.961  280.15311  280.22921     9.7078     5.9309 0.0000e+00
 125.404268      3.019    11.5930  31.748345    27.3783      2.992  280.15005  280.22625     9.5054     5.9835 -9.990e-29
 125.404271      3.044    11.5930  31.747539    27.3754      3.017  280.15127  280.22748     9.4899     5.9228 -9.990e-29
 125.404274      3.067    11.5927  31.750939    27.3789      3.039  280.14647  280.22262     9.4276     5.9471 -9.990e-29
 125.404277      3.083    11.5941  31.754916    27.3816      3.056  280.13239  280.20860     9.4899     5.9673 -9.990e-29
 125.404280      3.094    11.5969  31.756818    27.3814      3.066  280.11622  280.19261     9.7545     6.3312 -9.990e-29
 125.404282      3.110    11.5992  31.751918    27.3750      3.082  280.11472  280.19133     9.8012     6.3191 -9.990e-29
 125.404285      3.130    11.5989  31.752725    27.3763      3.102  280.11479  280.19137     9.7700     6.3312 -9.990e-29
 125.404288      3.161    11.5982  31.752495    27.3756      3.133  280.11840  280.19493     9.7856     6.3474 0.0000e+00
 125.404291      3.190    11.5976  31.750536    27.3749      3.162  280.12494  280.20145    11.2953     6.5415 0.0000e+00
 125.404294      3.223    11.5967  31.747942    27.3730      3.195  280.13362  280.21010    11.2642     6.5536 0.0000e+00
 125.404297      3.258    11.5948  31.743390    27.3718      3.229  280.15133  280.22772    11.2642     6.5455 0.0000e+00
 125.404300      3.287    11.5917  31.742756    27.3713      3.258  280.16673  280.24290    11.1864     6.5536 0.0000e+00
 125.404303      3.313    11.5882  31.739587    27.3715      3.284  280.18846  280.26442    11.2642     6.5900 0.0000e+00
 125.404306      3.341    11.5848  31.740394    27.3713      3.311  280.20241  280.27812    11.2175     6.6224 -9.990e-29
 125.404308      3.366    11.5833  31.740221    27.3755      3.336  280.20969  280.28528    11.3109     6.6062 -9.990e-29
 125.404311      3.390    11.5825  31.736822    27.3728      3.360  280.21988  280.29546    11.2642     6.5900 -9.990e-29
 125.404314      3.407    11.5804  31.735612    27.3732      3.376  280.23193  280.30737    10.5794     6.4687 -9.990e-29
 125.404317      3.423    11.5782  31.731636    27.3710      3.393  280.24919  280.32452    10.5949     6.5011 -9.990e-29
 125.404320      3.441    11.5762  31.731867    27.3727      3.411  280.25791  280.33310    10.4548     6.4485 -9.990e-29
 125.404323      3.462    11.5734  31.729447    27.3713      3.431  280.27572  280.35072    10.6261     6.4849 -9.990e-29
 125.404326      3.489    11.5704  31.725875    27.3729      3.458  280.29601  280.37084    10.4082     6.4849 0.0000e+00
 125.404329      3.516    11.5669  31.726509    27.3745      3.485  280.31091  280.38548    11.3887     6.8407 0.0000e+00
 125.404332      3.551    11.5649  31.726913    27.3763      3.519  280.31932  280.39374    11.3887     6.8043 0.0000e+00
 125.404334      3.584    11.5643  31.727662    27.3765      3.552  280.32046  280.39482    11.5132     6.8043 0.0000e+00
 125.404337      3.617    11.5643  31.726683    27.3770      3.584  280.32264  280.39701    11.6066     6.7922 0.0000e+00
 125.404340      3.649    11.5638  31.724724    27.3765      3.616  280.32855  280.40292    10.2836     6.5819 -9.990e-29
 125.404343      3.672    11.5624  31.724724    27.3761      3.640  280.33519  280.40945    10.2525     6.6021 -9.990e-29
 125.404346      3.702    11.5610  31.724090    27.3765      3.669  280.34271  280.41687    10.2525     6.5900 -9.990e-29
 125.404349      3.727    11.5604  31.723745    27.3766      3.694  280.34621  280.42034    10.1903     6.6102 -9.990e-29
 125.404352      3.749    11.5597  31.724724    27.3780      3.715  280.34722  280.42129    10.7350     6.5375 -9.990e-29
 125.404355      3.767    11.5599  31.723745    27.3769      3.733  280.34845  280.42254    10.6261     6.5375 -9.990e-29
 125.404358      3.785    11.5595  31.723342    27.3768      3.752  280.35111  280.42517    10.7506     6.5051 -9.990e-29
 125.404361      3.807    11.5588  31.721729    27.3757      3.773  280.35700  280.43104    10.6572     6.5213 -9.990e-29
 125.404363      3.831    11.5580  31.722535    27.3772      3.796  280.35959  280.43356    10.9996     6.9337 -9.990e-29
 125.404366      3.856    11.5573  31.722708    27.3768      3.822  280.36244  280.43635    11.1085     6.9256 -9.990e-29
 125.404369      3.887    11.5572  31.721556    27.3772      3.852  280.36494  280.43887    11.0619     6.9256 0.0000e+00
