Processed/SBE19plus_01907321_2022_05_04_Cast18_wfilter.cnv
* Sea-Bird SBE19plus  Data File:
* FileName = E:\Prandtl Daten\2022\CTD\Raw\SBE19plus_01907321_2022_05_04_Cast18.hex
* Software version 2.6.1.12
* Temperature SN = 7321
* Conductivity SN = 7321
* System UpLoad Time = May 04 2022 12:26:59
* <ApplicationData>
* <Seaterm232>
** Messpraktikum 2022
** CTD 04.05 KFN
# nquan = 11
# nvalues = 723                         
# units = specified
# name 0 = timeJ: Julian Days
# name 1 = prdM: Pressure, Strain Gauge [db]
# name 2 = tv290C: Temperature [ITS-90, deg C]
# name 3 = c0mS/cm: Conductivity [mS/cm]
# name 4 = sal00: Salinity, Practical [PSU]
# name 5 = depSM: Depth [salt water, m], lat = 54.00
# name 6 = oxsatMm/Kg: Oxygen Saturation, Weiss [umol/kg]
# name 7 = oxsolMm/Kg: Oxygen Saturation, Garcia & Gordon [umol/kg]
# name 8 = turbWETntu0: Turbidity, WET Labs ECO [NTU]
# name 9 = flECO-AFL: Fluorescence, WET Labs ECO-AFL/FL [mg/m^3]
# name 10 = flag:  0.000e+00
# span 0 = 124.512410, 124.514499       
# span 1 =      0.637,     19.285       
# span 2 =    11.3679,    11.9226       
# span 3 =  31.270882,  31.553677       
# span 4 =    26.8980,    27.1661       
# span 5 =      0.632,     19.112       
# span 6 =  279.01093,  281.93464       
# span 7 =  279.11276,  281.99910       
# span 8 =    28.0268,   130.2525       
# span 9 =     9.4853,    16.1937       
# span 10 = 0.0000e+00, 0.0000e+00      
# interval = seconds: 0.25
# start_time = May 04 2022 12:16:45 [Instrument's time stamp, header]
# bad_flag = -9.990e-29
*END*
[from data line 525]
 124.513929     14.209    11.3743  31.355193    27.1576     14.081  281.90925  281.97420   105.6766    15.2475 0.0000e+00
 124.513932     14.242    11.3733  31.355709    27.1582     14.114  281.91304  281.97791   103.5755    14.6935 0.0000e+00
 124.513935     14.278    11.3728  31.355824    27.1588     14.150  281.91507  281.97990   103.4510    14.7380 -9.990e-29
 124.513938     14.302    11.3724  31.355595    27.1593     14.174  281.91711  281.98192   103.4043    14.7258 -9.990e-29
 124.513941     14.324    11.3725  31.355595    27.1592     14.196  281.91681  281.98162   103.5288    14.7622 -9.990e-29
 124.513944     14.338    11.3722  31.356799    27.1606     14.210  281.91580  281.98058   103.4510    14.7460 -9.990e-29
 124.513947     14.357    11.3720  31.356570    27.1606     14.228  281.91751  281.98228   103.9334    14.8754 -9.990e-29
 124.513950     14.375    11.3717  31.356398    27.1612     14.246  281.91912  281.98387   103.8245    14.8674 -9.990e-29
 124.513953     14.404    11.3713  31.356799    27.1611     14.275  281.91996  281.98468   103.6533    14.8674 0.0000e+00
 124.513955     14.433    11.3711  31.356398    27.1612     14.304  281.92202  281.98672   103.6844    14.8512 0.0000e+00
 124.513958     14.464    11.3713  31.357201    27.1616     14.334  281.91956  281.98427   106.9062    15.1261 0.0000e+00
 124.513961     14.493    11.3711  31.357373    27.1616     14.363  281.92020  281.98489   106.8128    15.1383 0.0000e+00
 124.513964     14.525    11.3711  31.356800    27.1616     14.394  281.92100  281.98570   106.7194    15.1059 0.0000e+00
 124.513967     14.550    11.3713  31.356743    27.1613     14.420  281.92018  281.98489   106.8284    15.1181 -9.990e-29
 124.513970     14.572    11.3714  31.355997    27.1603     14.441  281.92129  281.98602   106.2058    15.0614 -9.990e-29
 124.513973     14.600    11.3715  31.356399    27.1606     14.469  281.91991  281.98465   106.1436    15.0493 -9.990e-29
 124.513976     14.623    11.3715  31.357202    27.1614     14.492  281.91840  281.98313   106.0813    15.0453 -9.990e-29
 124.513979     14.652    11.3715  31.357202    27.1614     14.521  281.91874  281.98346   106.1280    15.0372 -9.990e-29
 124.513981     14.670    11.3717  31.356972    27.1610     14.539  281.91824  281.98298   102.5171    15.3202 -9.990e-29
 124.513984     14.690    11.3716  31.357374    27.1615     14.559  281.91781  281.98254   102.1903    15.3405 -9.990e-29
 124.513987     14.712    11.3716  31.357374    27.1614     14.580  281.91782  281.98255   102.5794    15.2919 -9.990e-29
 124.513990     14.730    11.3715  31.356800    27.1611     14.598  281.91956  281.98429   102.5794    15.3324 -9.990e-29
 124.513993     14.756    11.3715  31.356973    27.1613     14.624  281.91925  281.98398   102.5794    15.3364 0.0000e+00
 124.513996     14.783    11.3713  31.357374    27.1613     14.651  281.91914  281.98385   106.7661    15.4052 0.0000e+00
 124.513999     14.816    11.3712  31.356973    27.1615     14.684  281.92056  281.98527   106.7973    15.4173 0.0000e+00
 124.514002     14.844    11.3712  31.357202    27.1615     14.711  281.92014  281.98485   106.7350    15.4577 0.0000e+00
 124.514005     14.878    11.3710  31.358178    27.1618     14.745  281.91926  281.98394   106.8440    15.4092 0.0000e+00
 124.514008     14.909    11.3710  31.357375    27.1619     14.776  281.92081  281.98550   101.0385    14.7865 0.0000e+00
 124.514010     14.937    11.3709  31.357375    27.1619     14.803  281.92115  281.98583   101.4432    14.8067 0.0000e+00
 124.514013     14.963    11.3707  31.357776    27.1622     14.828  281.92135  281.98602   101.1475    14.8229 0.0000e+00
 124.514016     14.988    11.3708  31.356400    27.1624     14.854  281.92367  281.98836   101.1163    14.7824 -9.990e-29
 124.514019     15.008    11.3712  31.355425    27.1598     14.873  281.92364  281.98837    99.7000    14.4792 -9.990e-29
 124.514022     15.026    11.3717  31.355023    27.1590     14.892  281.92220  281.98696    99.6689    14.4792 -9.990e-29
 124.514025     15.043    11.3720  31.355597    27.1594     14.908  281.91985  281.98463    99.5910    14.4953 -9.990e-29
 124.514028     15.063    11.3721  31.355195    27.1589     14.928  281.91999  281.98479    99.8089    14.4589 -9.990e-29
 124.514031     15.088    11.3724  31.353245    27.1568     14.953  281.92245  281.98729   100.8829    14.7177 -9.990e-29
 124.514034     15.116    11.3726  31.354106    27.1574     14.980  281.91957  281.98441   100.8517    14.7299 -9.990e-29
 124.514036     15.138    11.3728  31.352500    27.1558     15.002  281.92168  281.98657   100.7895    14.6935 -9.990e-29
 124.514039     15.169    11.3731  31.352844    27.1560     15.033  281.91978  281.98468   100.8362    14.7299 0.0000e+00
 124.514042     15.196    11.3735  31.353475    27.1559     15.060  281.91702  281.98193   100.7117    14.7258 0.0000e+00
 124.514045     15.222    11.3736  31.353246    27.1559     15.085  281.91684  281.98176   102.0969    15.2272 0.0000e+00
 124.514048     15.255    11.3739  31.353475    27.1559     15.118  281.91515  281.98010   101.9568    15.2191 0.0000e+00
 124.514051     15.289    11.3739  31.353074    27.1559     15.152  281.91594  281.98089   101.7389    15.2030 0.0000e+00
 124.514054     15.324    11.3739  31.354221    27.1565     15.187  281.91347  281.97841   101.7545    15.2515 0.0000e+00
 124.514057     15.359    11.3738  31.354623    27.1570     15.221  281.91336  281.97829   109.1319    15.0938 0.0000e+00
 124.514060     15.388    11.3734  31.356229    27.1579     15.250  281.91223  281.97711   109.2875    15.1181 0.0000e+00
 124.514062     15.413    11.3728  31.355827    27.1588     15.275  281.91555  281.98039   109.1475    15.1261 -9.990e-29
 124.514065     15.433    11.3726  31.355426    27.1586     15.295  281.91760  281.98242   109.2564    15.1261 -9.990e-29
 124.514068     15.453    11.3725  31.356344    27.1595     15.315  281.91618  281.98099   108.3381    15.4456 -9.990e-29
 124.514071     15.472    11.3720  31.357204    27.1608     15.333  281.91710  281.98186   108.4626    15.4658 -9.990e-29
 124.514074     15.492    11.3713  31.357204    27.1613     15.353  281.92028  281.98499   108.4315    15.4132 -9.990e-29
 124.514077     15.512    11.3709  31.357204    27.1620     15.373  281.92220  281.98688   108.4159    15.4496 -9.990e-29
 124.514080     15.539    11.3705  31.357377    27.1619     15.400  281.92379  281.98844   106.0969    15.4335 0.0000e+00
 124.514083     15.569    11.3705  31.357205    27.1620     15.429  281.92414  281.98879   106.1124    15.4456 0.0000e+00
 124.514086     15.602    11.3702  31.357549    27.1623     15.462  281.92446  281.98909   106.1747    15.4213 0.0000e+00
 124.514089     15.633    11.3702  31.357950    27.1624     15.493  281.92403  281.98866   106.0502    15.4132 0.0000e+00
 124.514091     15.671    11.3700  31.357549    27.1626     15.531  281.92546  281.99008   106.1747    15.4213 0.0000e+00
 124.514094     15.702    11.3700  31.357951    27.1624     15.561  281.92472  281.98933   107.8089    14.8593 -9.990e-29
 124.514097     15.726    11.3700  31.357951    27.1628     15.585  281.92505  281.98966   107.7778    14.8552 -9.990e-29
 124.514100     15.744    11.3701  31.358811    27.1636     15.603  281.92279  281.98740   107.8089    14.8795 -9.990e-29
 124.514103     15.761    11.3700  31.358754    27.1636     15.619  281.92355  281.98815   107.7778    14.8714 -9.990e-29
 124.514106     15.781    11.3698  31.358180    27.1632     15.639  281.92560  281.99020   110.2836    15.3688 -9.990e-29
 124.514109     15.803    11.3696  31.358180    27.1633     15.661  281.92625  281.99084   110.2369    15.3688 -9.990e-29
 124.514112     15.827    11.3696  31.358754    27.1639     15.685  281.92550  281.99007   110.1591    15.3890 -9.990e-29
 124.514115     15.850    11.3695  31.358582    27.1637     15.708  281.92616  281.99072   110.2681    15.3890 -9.990e-29
 124.514117     15.870    11.3696  31.358582    27.1637     15.728  281.92585  281.99043   109.8790    14.9563 -9.990e-29
 124.514120     15.892    11.3700  31.358582    27.1632     15.750  281.92397  281.98857   109.8478    14.9887 -9.990e-29
 124.514123     15.919    11.3700  31.358353    27.1632     15.777  281.92442  281.98903   110.0346    14.9967 0.0000e+00
 124.514126     15.945    11.3701  31.358582    27.1632     15.802  281.92337  281.98798   109.9257    14.9846 0.0000e+00
 124.514129     15.974    11.3700  31.357550    27.1629     15.831  281.92599  281.99060   109.8478    14.9927 0.0000e+00
 124.514132     16.002    11.3700  31.358181    27.1629     15.858  281.92449  281.98910   110.7506    15.2596 0.0000e+00
 124.514135     16.031    11.3698  31.358009    27.1629     15.887  281.92579  281.99039   110.7194    15.2394 0.0000e+00
 124.514138     16.058    11.3699  31.358927    27.1630     15.914  281.92375  281.98834   110.7194    15.2475 0.0000e+00
 124.514141     16.087    11.3699  31.358181    27.1630     15.943  281.92519  281.98979   110.5794    15.2475 0.0000e+00
 124.514144     16.116    11.3698  31.358181    27.1630     15.972  281.92552  281.99012   106.5638    15.3202 0.0000e+00
 124.514146     16.147    11.3698  31.358181    27.1630     16.003  281.92554  281.99014   106.5638    15.3202 0.0000e+00
 124.514149     16.179    11.3699  31.359157    27.1630     16.034  281.92339  281.98799   106.5327    15.3364 -9.990e-29
 124.514152     16.202    11.3698  31.358583    27.1634     16.057  281.92514  281.98972   106.5638    15.3202 -9.990e-29
 124.514155     16.233    11.3698  31.359329    27.1641     16.088  281.92374  281.98832   101.1319    14.7218 -9.990e-29
 124.514158     16.257    11.3699  31.358927    27.1636     16.111  281.92389  281.98848   100.9607    14.7218 -9.990e-29
 124.514161     16.282    11.3700  31.357551    27.1627     16.136  281.92621  281.99082   101.0074    14.7339 -9.990e-29
 124.514164     16.308    11.3701  31.358182    27.1627     16.162  281.92439  281.98901   101.1786    14.7501 0.0000e+00
 124.514167     16.334    11.3702  31.357780    27.1627     16.187  281.92485  281.98948   106.5949    15.3890 -9.990e-29
 124.514170     16.356    11.3704  31.358411    27.1627     16.209  281.92272  281.98735   106.6105    15.3930 -9.990e-29
 124.514172     16.383    11.3706  31.357207    27.1614     16.236  281.92408  281.98874   106.6416    15.3607 -9.990e-29
 124.514175     16.401    11.3707  31.358354    27.1619     16.254  281.92127  281.98594   106.6416    15.4052 -9.990e-29
 124.514178     16.427    11.3709  31.357953    27.1616     16.279  281.92142  281.98610   106.4704    15.3930 0.0000e+00
 124.514181     16.452    11.3711  31.357551    27.1614     16.305  281.92093  281.98564   107.3887    15.1261 0.0000e+00
 124.514184     16.481    11.3713  31.357781    27.1613     16.334  281.91988  281.98459   107.3887    15.1261 0.0000e+00
 124.514187     16.511    11.3714  31.356978    27.1614     16.363  281.92080  281.98553   107.3887    15.1019 0.0000e+00
 124.514190     16.540    11.3712  31.357781    27.1615     16.392  281.92024  281.98495   107.4976    15.1302 0.0000e+00
 124.514193     16.567    11.3711  31.358584    27.1623     16.419  281.91905  281.98374   108.5249    15.1302 0.0000e+00
 124.514196     16.600    11.3711  31.358928    27.1627     16.451  281.91874  281.98342   108.6027    15.1383 0.0000e+00
 124.514198     16.629    11.3709  31.359330    27.1627     16.480  281.91863  281.98329   108.4315    15.1383 0.0000e+00
 124.514201     16.659    11.3709  31.358642    27.1628     16.509  281.92027  281.98494   108.3070    15.0938 0.0000e+00
 124.514204     16.684    11.3707  31.359330    27.1625     16.535  281.91993  281.98458   110.1747    14.9806 -9.990e-29
 124.514207     16.704    11.3706  31.359732    27.1637     16.554  281.91950  281.98414   110.2836    14.9846 -9.990e-29
 124.514210     16.719    11.3708  31.359560    27.1634     16.569  281.91889  281.98354   110.2681    14.9967 -9.990e-29
 124.514213     16.732    11.3707  31.359732    27.1636     16.582  281.91889  281.98353   110.2369    14.9442 -9.990e-29
 124.514216     16.737    11.3707  31.359904    27.1638     16.587  281.91856  281.98321   110.6416    15.6276 -9.990e-29
 124.514219     16.746    11.3706  31.359732    27.1637     16.596  281.91953  281.98417   110.7039    15.6316 -9.990e-29
 124.514222     16.766    11.3707  31.359158    27.1631     16.616  281.92000  281.98466   110.6416    15.5993 -9.990e-29
 124.514225     16.784    11.3707  31.360306    27.1641     16.634  281.91815  281.98279   110.8128    15.6356 -9.990e-29
 124.514227     16.816    11.3706  31.360134    27.1638     16.665  281.91882  281.98345   110.6416    15.6033 0.0000e+00
 124.514230     16.843    11.3708  31.359732    27.1640     16.692  281.91865  281.98330   104.8362    15.1261 0.0000e+00
 124.514233     16.885    11.3709  31.360306    27.1640     16.734  281.91727  281.98192   104.9762    15.1059 0.0000e+00
 124.514236     16.924    11.3709  31.360880    27.1642     16.772  281.91589  281.98054   104.8984    15.1100 0.0000e+00
 124.514239     16.965    11.3709  31.360536    27.1642     16.813  281.91657  281.98123   104.8517    15.1383 0.0000e+00
 124.514242     17.006    11.3711  31.359905    27.1642     16.853  281.91685  281.98153   101.3187    14.8835 0.0000e+00
 124.514245     17.047    11.3711  31.361281    27.1634     16.894  281.91426  281.97892   101.5677    14.8512 0.0000e+00
 124.514248     17.088    11.3712  31.359733    27.1644     16.934  281.91692  281.98160   101.3342    14.8835 0.0000e+00
 124.514251     17.119    11.3713  31.361110    27.1638     16.965  281.91400  281.97868   101.3654    14.8512 0.0000e+00
 124.514253     17.148    11.3712  31.358930    27.1644     16.994  281.91849  281.98318   104.6494    14.9725 -9.990e-29
 124.514256     17.168    11.3712  31.360536    27.1639     17.014  281.91545  281.98012   104.6961    14.9725 -9.990e-29
 124.514259     17.188    11.3714  31.361282    27.1644     17.034  281.91309  281.97777   104.6650    14.9846 -9.990e-29
 124.514262     17.206    11.3712  31.361282    27.1646     17.052  281.91406  281.97872   104.6494    14.9644 -9.990e-29
 124.514265     17.223    11.3715  31.360880    27.1639     17.068  281.91325  281.97794   105.2408    15.0493 -9.990e-29
 124.514268     17.235    11.3714  31.361282    27.1644     17.081  281.91313  281.97781   105.3809    15.0736 -9.990e-29
 124.514271     17.250    11.3715  31.359848    27.1630     17.095  281.91555  281.98025   105.4432    15.0170 -9.990e-29
 124.514274     17.270    11.3715  31.360536    27.1637     17.115  281.91425  281.97895   105.4120    15.0614 -9.990e-29
 124.514277     17.286    11.3716  31.361282    27.1643     17.131  281.91221  281.97691   105.3187    15.0412 -9.990e-29
 124.514280     17.305    11.3715  31.360536    27.1636     17.149  281.91427  281.97897   115.8089    15.0776 -9.990e-29
 124.514282     17.326    11.3714  31.360307    27.1635     17.171  281.91504  281.97974   115.9023    15.0372 -9.990e-29
 124.514285     17.352    11.3715  31.360537    27.1636     17.197  281.91431  281.97900   115.8089    15.0655 -9.990e-29
 124.514288     17.374    11.3712  31.360307    27.1625     17.218  281.91603  281.98071   115.7778    15.0534 -9.990e-29
 124.514291     17.400    11.3712  31.359160    27.1634     17.244  281.91823  281.98292   114.1436    15.3041 0.0000e+00
 124.514294     17.432    11.3709  31.360881    27.1643     17.276  281.91625  281.98090   114.1903    15.2879 0.0000e+00
 124.514297     17.463    11.3709  31.361111    27.1645     17.307  281.91583  281.98048   114.1280    15.3364 0.0000e+00
 124.514300     17.504    11.3708  31.361111    27.1645     17.347  281.91649  281.98113   114.2058    15.3081 0.0000e+00
 124.514303     17.542    11.3707  31.360308    27.1642     17.385  281.91868  281.98332   119.6533    15.2919 0.0000e+00
