Processed/SBE19plus_01907321_2022_05_04_Cast21_wfilter.cnv
* Sea-Bird SBE19plus  Data File:
* FileName = E:\Prandtl Daten\2022\CTD\Raw\SBE19plus_01907321_2022_05_04_Cast21.hex
* Software version 2.6.1.12
* Temperature SN = 7321
* Conductivity SN = 7321
* System UpLoad Time = May 04 2022 13:58:17
* <ApplicationData>
* <Seaterm232>
** Messpraktikum 2022
** CTD 04.05 BE
# nquan = 11
# nvalues = 750                         
# units = specified
# name 0 = timeJ: Julian Days
# name 1 = prdM: Pressure, Strain Gauge [db]
# name 2 = tv290C: Temperature [ITS-90, deg C]
# name 3 = c0mS/cm: Conductivity [mS/cm]
# name 4 = sal00: Salinity, Practical [PSU]
# name 5 = depSM: Depth [salt water, m], lat = 54.00
# name 6 = oxsatMm/Kg: Oxygen Saturation, Weiss [umol/kg]
# name 7 = oxsolMm/Kg: Oxygen Saturation, Garcia & Gordon [umol/kg]
# name 8 = turbWETntu0: Turbidity, WET Labs ECO [NTU]
# name 9 = flECO-AFL: Fluorescence, WET Labs ECO-AFL/FL [mg/m^3]
# name 10 = flag:  0.000e+00
# span 0 = 124.576525, 124.578692       
# span 1 =      0.523,     19.258       
# span 2 =    12.2850,    12.3929       
# span 3 =  31.914939,  31.979526       
# span 4 =    27.0024,    27.0281       
# span 5 =      0.518,     19.085       
# span 6 =  276.10529,  276.70758       
# span 7 =  276.23478,  276.83046       
# span 8 =    16.4315,   312.7584       
# span 9 =     7.2977,    22.9263       
# span 10 = 0.0000e+00, 0.0000e+00      
# interval = seconds: 0.25
# start_time = May 04 2022 13:48:50 [Instrument's time stamp, header]
# bad_flag = -9.990e-29
*END*
[from data line 132]
 124.576907      3.909    12.3252  31.935105    27.0190      3.874  276.48652  276.61190    21.6922     9.1901 -9.990e-29
 124.576910      3.924    12.3255  31.935856    27.0195      3.888  276.48391  276.60930    21.6611     9.1699 -9.990e-29
 124.576913      3.942    12.3258  31.935856    27.0193      3.907  276.48265  276.60806    21.7233     9.1416 -9.990e-29
 124.576916      3.968    12.3264  31.936491    27.0195      3.932  276.47899  276.60443    21.8167     9.1577 -9.990e-29
 124.576918      3.993    12.3268  31.936260    27.0180      3.958  276.47753  276.60300    22.7194     8.8019 -9.990e-29
 124.576921      4.021    12.3270  31.935452    27.0181      3.985  276.47806  276.60356    22.7661     8.8302 0.0000e+00
 124.576924      4.055    12.3269  31.935452    27.0180      4.019  276.47872  276.60420    22.7194     8.8262 0.0000e+00
 124.576927      4.083    12.3264  31.934874    27.0181      4.046  276.48199  276.60745    22.7973     8.8059 0.0000e+00
 124.576930      4.110    12.3255  31.934875    27.0185      4.073  276.48612  276.61152    22.6261     8.8100 0.0000e+00
 124.576933      4.138    12.3245  31.934470    27.0185      4.101  276.49130  276.61663    22.7194     8.6725 0.0000e+00
 124.576936      4.163    12.3233  31.932853    27.0185      4.126  276.49931  276.62458    22.6883     8.6684 0.0000e+00
 124.576939      4.192    12.3219  31.932853    27.0182      4.155  276.50565  276.63083    22.8440     8.6523 -9.990e-29
 124.576942      4.214    12.3208  31.932103    27.0193      4.177  276.51208  276.63719    22.7039     8.7048 -9.990e-29
 124.576944      4.236    12.3198  31.931872    27.0198      4.198  276.51726  276.64230    23.4976     9.0405 -9.990e-29
 124.576947      4.255    12.3189  31.931468    27.0200      4.217  276.52180  276.64679    23.5599     9.0283 -9.990e-29
 124.576950      4.275    12.3181  31.930890    27.0201      4.236  276.52665  276.65159    23.3887     9.0364 -9.990e-29
 124.576953      4.298    12.3170  31.930486    27.0216      4.260  276.53214  276.65701    23.4043     9.0566 -9.990e-29
 124.576956      4.323    12.3161  31.931064    27.0215      4.285  276.53522  276.66003    26.4548     9.2346 0.0000e+00
 124.576959      4.353    12.3158  31.930659    27.0215      4.314  276.53724  276.66203    26.4237     9.2426 0.0000e+00
 124.576962      4.382    12.3155  31.930486    27.0215      4.343  276.53916  276.66392    26.5482     9.2386 0.0000e+00
 124.576965      4.413    12.3150  31.929678    27.0214      4.374  276.54254  276.66728    26.5015     9.1982 0.0000e+00
 124.576968      4.440    12.3145  31.929678    27.0212      4.401  276.54477  276.66948    25.0852     8.7615 0.0000e+00
 124.576970      4.471    12.3140  31.929100    27.0212      4.431  276.54805  276.67274    25.1319     8.7372 0.0000e+00
 124.576973      4.497    12.3136  31.928292    27.0212      4.456  276.55175  276.67641    25.2253     8.7453 0.0000e+00
 124.576976      4.524    12.3131  31.928465    27.0211      4.484  276.55366  276.67829    25.2253     8.7331 0.0000e+00
 124.576979      4.550    12.3126  31.927484    27.0213      4.509  276.55767  276.68228    25.2720     8.7129 -9.990e-29
 124.576982      4.572    12.3121  31.927657    27.0212      4.531  276.55927  276.68384    24.8984     8.9030 -9.990e-29
 124.576985      4.592    12.3119  31.927484    27.0212      4.551  276.56086  276.68542    24.9607     8.8868 -9.990e-29
 124.576988      4.610    12.3116  31.927079    27.0211      4.569  276.56287  276.68741    24.9918     8.9111 -9.990e-29
 124.576991      4.630    12.3111  31.926906    27.0213      4.589  276.56541  276.68992    24.8984     8.9111 -9.990e-29
 124.576994      4.659    12.3106  31.926271    27.0210      4.617  276.56880  276.69328    25.6611     9.2224 -9.990e-29
 124.576997      4.683    12.3102  31.926676    27.0217      4.641  276.56998  276.69443    25.7389     9.2224 -9.990e-29
 124.576999      4.712    12.3098  31.926098    27.0214      4.670  276.57262  276.69706    25.7078     9.2588 -9.990e-29
 124.577002      4.734    12.3095  31.926676    27.0223      4.692  276.57286  276.69726    25.7545     9.2346 -9.990e-29
 124.577005      4.763    12.3093  31.926676    27.0224      4.721  276.57414  276.69853    26.6261     8.8989 0.0000e+00
 124.577008      4.792    12.3091  31.926676    27.0223      4.749  276.57479  276.69917    26.7506     8.9232 0.0000e+00
 124.577011      4.819    12.3090  31.926272    27.0221      4.776  276.57618  276.70055    26.6572     8.9111 0.0000e+00
 124.577014      4.845    12.3088  31.926099    27.0221      4.802  276.57746  276.70182    26.7350     8.8989 0.0000e+00
 124.577017      4.874    12.3088  31.925868    27.0221      4.831  276.57789  276.70226    29.3654     9.4893 -9.990e-29
 124.577020      4.897    12.3086  31.925463    27.0216      4.853  276.57959  276.70394    29.3187     9.4812 -9.990e-29
 124.577023      4.920    12.3083  31.924655    27.0211      4.876  276.58234  276.70668    29.2564     9.4650 -9.990e-29
 124.577025      4.938    12.3083  31.925464    27.0218      4.894  276.58057  276.70491    29.2408     9.4772 -9.990e-29
 124.577028      4.958    12.3083  31.925290    27.0216      4.914  276.58089  276.70524    29.3654     9.4934 -9.990e-29
 124.577031      4.982    12.3083  31.925695    27.0212      4.938  276.58018  276.70451    30.0657     9.4934 -9.990e-29
 124.577034      5.009    12.3083  31.924886    27.0211      4.964  276.58166  276.70601    29.9568     9.4812 0.0000e+00
 124.577037      5.040    12.3085  31.924655    27.0212      4.995  276.58147  276.70583    29.9257     9.4853 0.0000e+00
 124.577040      5.070    12.3083  31.925348    27.0216      5.024  276.58086  276.70520    29.9412     9.4812 0.0000e+00
 124.577043      5.098    12.3082  31.925291    27.0216      5.053  276.58162  276.70595    31.2642     9.7724 0.0000e+00
 124.577046      5.129    12.3081  31.925060    27.0216      5.084  276.58269  276.70702    31.3109     9.7764 0.0000e+00
 124.577049      5.157    12.3080  31.925060    27.0215      5.111  276.58303  276.70735    31.3264     9.7319 0.0000e+00
 124.577052      5.186    12.3080  31.924078    27.0216      5.140  276.58482  276.70916    31.2798     9.8007 -9.990e-29
 124.577054      5.210    12.3076  31.923905    27.0207      5.163  276.58674  276.71104    31.2019     9.2346 -9.990e-29
 124.577057      5.233    12.3074  31.923905    27.0209      5.187  276.58770  276.71199    31.2953     9.2265 -9.990e-29
 124.577060      5.253    12.3069  31.924656    27.0220      5.206  276.58888  276.71313    31.3264     9.2184 -9.990e-29
 124.577063      5.268    12.3069  31.924656    27.0219      5.221  276.58857  276.71283    31.2019     9.2426 -9.990e-29
 124.577066      5.288    12.3071  31.924887    27.0220      5.241  276.58722  276.71149    26.6883     9.6753 -9.990e-29
 124.577069      5.308    12.3074  31.925060    27.0220      5.260  276.58597  276.71025    26.6883     9.7198 -9.990e-29
 124.577072      5.329    12.3076  31.924887    27.0220      5.282  276.58535  276.70965    26.6883     9.6834 -9.990e-29
 124.577075      5.355    12.3076  31.925292    27.0219      5.307  276.58432  276.70861    26.7350     9.6915 0.0000e+00
 124.577078      5.382    12.3076  31.925061    27.0220      5.334  276.58476  276.70905    26.6261     9.6915 0.0000e+00
 124.577080      5.413    12.3076  31.925292    27.0217      5.365  276.58436  276.70865    29.3654     9.5014 0.0000e+00
 124.577083      5.446    12.3076  31.925003    27.0217      5.398  276.58522  276.70951    29.3965     9.4934 0.0000e+00
 124.577086      5.478    12.3076  31.924310    27.0216      5.429  276.58650  276.71080    29.2253     9.4691 0.0000e+00
 124.577089      5.507    12.3075  31.924888    27.0216      5.458  276.58579  276.71008    29.3342     9.4934 0.0000e+00
 124.577092      5.534    12.3074  31.924888    27.0217      5.485  276.58644  276.71072    26.2058     8.8262 0.0000e+00
 124.577095      5.560    12.3073  31.924079    27.0217      5.510  276.58823  276.71252    26.1280     8.8181 -9.990e-29
 124.577098      5.580    12.3069  31.923906    27.0212      5.530  276.59046  276.71472    26.2369     8.8423 -9.990e-29
 124.577101      5.593    12.3064  31.924311    27.0219      5.543  276.59195  276.71617    26.1280     8.8342 -9.990e-29
 124.577104      5.617    12.3062  31.924484    27.0221      5.566  276.59228  276.71649    25.9724     9.4408 -9.990e-29
 124.577106      5.638    12.3064  31.925293    27.0227      5.588  276.58988  276.71410    25.9879     9.4206 -9.990e-29
 124.577109      5.662    12.3070  31.924080    27.0206      5.612  276.58957  276.71383    25.9724     9.4206 -9.990e-29
 124.577112      5.690    12.3070  31.923502    27.0211      5.639  276.59063  276.71490    25.8945     9.4408 0.0000e+00
 124.577115      5.724    12.3071  31.924484    27.0214      5.673  276.58856  276.71283    27.7155     9.0364 0.0000e+00
 124.577118      5.758    12.3072  31.924484    27.0215      5.706  276.58795  276.71223    27.6689     9.0405 0.0000e+00
 124.577121      5.789    12.3074  31.925062    27.0218      5.737  276.58597  276.71026    27.6066     9.0647 0.0000e+00
 124.577124      5.818    12.3074  31.925293    27.0220      5.766  276.58557  276.70986    27.6844     9.0445 0.0000e+00
 124.577127      5.845    12.3078  31.925755    27.0221      5.793  276.58317  276.70748    27.7000     9.0486 0.0000e+00
 124.577130      5.871    12.3080  31.925697    27.0221      5.818  276.58235  276.70666    29.2253     9.0081 -9.990e-29
 124.577133      5.891    12.3082  31.925466    27.0215      5.838  276.58183  276.70616    29.4276     9.0526 -9.990e-29
 124.577135      5.907    12.3081  31.924485    27.0207      5.854  276.58425  276.70859    29.2253     9.0486 -9.990e-29
 124.577138      5.920    12.3078  31.924889    27.0212      5.867  276.58448  276.70879    29.2253     9.0526 -9.990e-29
 124.577141      5.934    12.3078  31.925062    27.0215      5.881  276.58449  276.70880    32.8050    10.0312 -9.990e-29
 124.577144      5.958    12.3078  31.925062    27.0214      5.905  276.58451  276.70881    32.7272    10.0312 -9.990e-29
 124.577147      5.980    12.3078  31.925871    27.0213      5.926  276.58274  276.70704    32.7584    10.0029 -9.990e-29
 124.577150      6.014    12.3078  31.924889    27.0217      5.961  276.58486  276.70917    32.7895     9.9867 0.0000e+00
 124.577153      6.049    12.3076  31.925698    27.0213      5.995  276.58405  276.70834    36.9607     9.5500 0.0000e+00
 124.577156      6.084    12.3076  31.924890    27.0213      6.029  276.58554  276.70984    36.9296     9.5702 0.0000e+00
 124.577159      6.117    12.3076  31.924659    27.0211      6.062  276.58598  276.71028    36.8829     9.5297 0.0000e+00
 124.577161      6.153    12.3081  31.924890    27.0211      6.098  276.58368  276.70801    36.9918     9.5783 0.0000e+00
 124.577164      6.178    12.3086  31.925467    27.0211      6.123  276.58012  276.70449    32.7895     9.2426 0.0000e+00
 124.577167      6.208    12.3090  31.925294    27.0211      6.152  276.57888  276.70327    32.7584     9.2224 -9.990e-29
 124.577170      6.228    12.3093  31.925063    27.0202      6.172  276.57773  276.70214    32.8673     9.2467 -9.990e-29
 124.577173      6.246    12.3092  31.924255    27.0196      6.190  276.57984  276.70425    32.7272     9.2669 -9.990e-29
 124.577176      6.263    12.3089  31.924659    27.0202      6.206  276.58038  276.70477    32.7428     9.2507 -9.990e-29
 124.577179      6.273    12.3087  31.924659    27.0203      6.217  276.58134  276.70571    33.5210     9.8007 -9.990e-29
 124.577182      6.290    12.3091  31.924659    27.0200      6.234  276.57945  276.70386    33.5677     9.8047 -9.990e-29
 124.577185      6.315    12.3100  31.924486    27.0192      6.259  276.57567  276.70014    33.4587     9.8168 -9.990e-29
 124.577187      6.339    12.3105  31.924890    27.0184      6.282  276.57306  276.69755    33.4432     9.7805 -9.990e-29
 124.577190      6.372    12.3106  31.924082    27.0185      6.315  276.57391  276.69842    32.6961     9.8654 0.0000e+00
 124.577193      6.405    12.3107  31.924313    27.0184      6.347  276.57320  276.69771    32.8673     9.8815 0.0000e+00
 124.577196      6.441    12.3102  31.922465    27.0185      6.384  276.57847  276.70297    32.7428     9.8492 0.0000e+00
 124.577199      6.476    12.3100  31.924659    27.0193      6.418  276.57578  276.70024    32.8362     9.8775 0.0000e+00
 124.577202      6.503    12.3101  31.925295    27.0193      6.445  276.57401  276.69848    29.0541     9.3761 0.0000e+00
 124.577205      6.530    12.3102  31.924082    27.0192      6.472  276.57560  276.70008    29.1475     9.3680 0.0000e+00
 124.577208      6.558    12.3106  31.923909    27.0186      6.499  276.57435  276.69886    29.0541     9.3559 -9.990e-29
 124.577211      6.580    12.3105  31.924486    27.0187      6.521  276.57363  276.69814    29.1008     9.3437 -9.990e-29
 124.577214      6.600    12.3102  31.924660    27.0191      6.541  276.57491  276.69939    32.1980     9.6713 -9.990e-29
 124.577216      6.618    12.3101  31.924256    27.0188      6.559  276.57597  276.70045    32.1513     9.6996 -9.990e-29
 124.577219      6.638    12.3100  31.924891    27.0195      6.578  276.57547  276.69993    32.2136     9.6915 -9.990e-29
 124.577222      6.660    12.3102  31.923678    27.0182      6.600  276.57673  276.70122    32.2447     9.6794 -9.990e-29
 124.577225      6.683    12.3105  31.924891    27.0183      6.623  276.57328  276.69778    32.2914     9.6915 -9.990e-29
 124.577228      6.716    12.3105  31.924083    27.0188      6.656  276.57477  276.69927    34.8595     9.3397 0.0000e+00
 124.577231      6.747    12.3103  31.925065    27.0193      6.687  276.57365  276.69813    34.7039     9.3720 0.0000e+00
 124.577234      6.775    12.3102  31.925296    27.0194      6.714  276.57356  276.69804    34.7506     9.3680 0.0000e+00
 124.577237      6.802    12.3103  31.925296    27.0196      6.741  276.57326  276.69774    34.7506     9.3640 -9.990e-29
 124.577240      6.826    12.3105  31.925700    27.0198      6.765  276.57160  276.69609    34.2214     9.6672 -9.990e-29
 124.577242      6.849    12.3109  31.925296    27.0191      6.788  276.57076  276.69528    34.1903     9.6834 -9.990e-29
 124.577245      6.875    12.3109  31.925065    27.0189      6.813  276.57120  276.69572    34.3148     9.7036 -9.990e-29
 124.577248      6.899    12.3107  31.924892    27.0189      6.837  276.57248  276.69699    34.2992     9.7279 -9.990e-29
 124.577251      6.922    12.3107  31.924487    27.0184      6.860  276.57291  276.69743    44.8517    11.4262 -9.990e-29
 124.577254      6.942    12.3105  31.923910    27.0180      6.880  276.57492  276.69943    44.6961    11.4343 -9.990e-29
 124.577257      6.964    12.3105  31.923506    27.0180      6.902  276.57598  276.70049    44.6338    11.4383 -9.990e-29
 124.577260      6.992    12.3107  31.924026    27.0179      6.929  276.57379  276.69832    44.7272    11.4262 0.0000e+00
 124.577263      7.025    12.3110  31.923910    27.0177      6.962  276.57276  276.69730    47.4198    11.1674 0.0000e+00
 124.577266      7.054    12.3117  31.923102    27.0164      6.991  276.57108  276.69568    47.5599    11.1189 0.0000e+00
 124.577269      7.085    12.3121  31.923275    27.0162      7.022  276.56889  276.69352    47.4665    11.0785 0.0000e+00
 124.577271      7.110    12.3123  31.923275    27.0161      7.047  276.56828  276.69291    47.4510    11.1149 0.0000e+00
 124.577274      7.138    12.3127  31.922466    27.0156      7.074  276.56786  276.69253    47.4821    11.0704 0.0000e+00
 124.577277      7.163    12.3136  31.922466    27.0151      7.099  276.56408  276.68881    44.4315    10.7873 -9.990e-29
 124.577280      7.185    12.3136  31.922293    27.0142      7.121  276.56410  276.68883    44.4782    10.7914 -9.990e-29
