Processed/SBE19plus_01907321_2022_05_04_Cast18_wfilter.cnv
* Sea-Bird SBE19plus  Data File:
* FileName = E:\Prandtl Daten\2022\CTD\Raw\SBE19plus_01907321_2022_05_04_Cast18.hex
* Software version 2.6.1.12
* Temperature SN = 7321
* Conductivity SN = 7321
* System UpLoad Time = May 04 2022 12:26:59
* <ApplicationData>
* <Seaterm232>
** Messpraktikum 2022
** CTD 04.05 KFN
# nquan = 11
# nvalues = 723                         
# units = specified
# name 0 = timeJ: Julian Days
# name 1 = prdM: Pressure, Strain Gauge [db]
# name 2 = tv290C: Temperature [ITS-90, deg C]
# name 3 = c0mS/cm: Conductivity [mS/cm]
# name 4 = sal00: Salinity, Practical [PSU]
# name 5 = depSM: Depth [salt water, m], lat = 54.00
# name 6 = oxsatMm/Kg: Oxygen Saturation, Weiss [umol/kg]
# name 7 = oxsolMm/Kg: Oxygen Saturation, Garcia & Gordon [umol/kg]
# name 8 = turbWETntu0: Turbidity, WET Labs ECO [NTU]
# name 9 = flECO-AFL: Fluorescence, WET Labs ECO-AFL/FL [mg/m^3]
# name 10 = flag:  0.000e+00
# span 0 = 124.512410, 124.514499       
# span 1 =      0.637,     19.285       
# span 2 =    11.3679,    11.9226       
# span 3 =  31.270882,  31.553677       
# span 4 =    26.8980,    27.1661       
# span 5 =      0.632,     19.112       
# span 6 =  279.01093,  281.93464       
# span 7 =  279.11276,  281.99910       
# span 8 =    28.0268,   130.2525       
# span 9 =     9.4853,    16.1937       
# span 10 = 0.0000e+00, 0.0000e+00      
# interval = seconds: 0.25
# start_time = May 04 2022 12:16:45 [Instrument's time stamp, header]
# bad_flag = -9.990e-29
*END*
[from data line 263]
 124.513171      7.422    11.6166  31.277525    26.9093      7.356  280.92918  281.01253    75.4043    13.5976 -9.990e-29
 124.513174      7.435    11.6165  31.277926    26.9097      7.368  280.92875  281.01209    75.4976    13.5774 -9.990e-29
 124.513177      7.448    11.6164  31.276723    26.9086      7.381  280.93166  281.01500    75.2486    13.5855 -9.990e-29
 124.513180      7.470    11.6162  31.277525    26.9101      7.403  280.93112  281.01444    75.4354    13.6179 -9.990e-29
 124.513183      7.495    11.6161  31.278041    26.9102      7.428  280.93049  281.01380    76.1980    13.9292 0.0000e+00
 124.513186      7.525    11.6160  31.278098    26.9101      7.457  280.93104  281.01434    76.0735    13.8969 0.0000e+00
 124.513189      7.559    11.6160  31.277353    26.9099      7.492  280.93246  281.01577    76.2136    13.8888 0.0000e+00
 124.513192      7.598    11.6159  31.277697    26.9095      7.530  280.93216  281.01546    76.2759    13.9009 0.0000e+00
 124.513194      7.636    11.6155  31.276723    26.9094      7.568  280.93592  281.01921    77.5521    13.1528 0.0000e+00
 124.513197      7.674    11.6149  31.276552    26.9094      7.605  280.93882  281.02207    77.3654    13.1286 0.0000e+00
 124.513200      7.712    11.6140  31.276151    26.9097      7.643  280.94406  281.02724    77.6144    13.1165 0.0000e+00
 124.513203      7.745    11.6127  31.275349    26.9098      7.676  280.95132  281.03442    77.5677    13.1367 0.0000e+00
 124.513206      7.771    11.6117  31.276151    26.9099      7.701  280.95460  281.03762    73.2408    13.4359 -9.990e-29
 124.513209      7.795    11.6111  31.275578    26.9112      7.725  280.95824  281.04123    73.2097    13.4440 -9.990e-29
 124.513212      7.811    11.6105  31.273802    26.9100      7.741  280.96445  281.04742    73.1475    13.4480 -9.990e-29
 124.513215      7.826    11.6092  31.273401    26.9105      7.756  280.97127  281.05414    73.1630    13.4723 -9.990e-29
 124.513218      7.838    11.6073  31.273402    26.9119      7.768  280.98019  281.06292    73.1941    13.4521 -9.990e-29
 124.513220      7.860    11.6055  31.273230    26.9131      7.790  280.98880  281.07141    77.1319    13.6987 -9.990e-29
 124.513223      7.884    11.6036  31.273230    26.9154      7.813  280.99773  281.08020    77.2253    13.6987 -9.990e-29
 124.513226      7.917    11.6022  31.273230    26.9152      7.846  281.00412  281.08649    77.3342    13.6987 0.0000e+00
 124.513229      7.948    11.6017  31.272428    26.9154      7.877  281.00787  281.09023    77.1319    13.7149 0.0000e+00
 124.513232      7.981    11.6011  31.272830    26.9158      7.909  281.01001  281.09231    75.4665    13.8524 0.0000e+00
 124.513235      8.012    11.6004  31.272429    26.9159      7.940  281.01397  281.09622    75.4665    13.8969 0.0000e+00
 124.513238      8.045    11.5990  31.272314    26.9164      7.973  281.02089  281.10304    75.3420    13.8322 0.0000e+00
 124.513241      8.072    11.5977  31.270882    26.9166      8.000  281.02933  281.11141    75.3420    13.8443 0.0000e+00
 124.513244      8.098    11.5961  31.272086    26.9164      8.025  281.03440  281.11636    78.7661    13.2539 -9.990e-29
 124.513247      8.114    11.5946  31.271685    26.9194      8.041  281.04217  281.12403    78.6727    13.2014 -9.990e-29
 124.513249      8.130    11.5929  31.272086    26.9210      8.058  281.04939  281.13111    78.7350    13.1852 -9.990e-29
 124.513252      8.143    11.5903  31.272430    26.9232      8.070  281.06052  281.14206    78.7039    13.1852 -9.990e-29
 124.513255      8.165    11.5874  31.271686    26.9246      8.092  281.07562  281.15696    81.8167    13.8241 -9.990e-29
 124.513258      8.185    11.5844  31.272259    26.9293      8.112  281.08824  281.16936    81.7078    13.8605 -9.990e-29
 124.513261      8.212    11.5829  31.273233    26.9299      8.139  281.09343  281.17443    81.7389    13.8322 0.0000e+00
 124.513264      8.245    11.5813  31.273348    26.9306      8.172  281.10087  281.18175    81.9879    13.8605 0.0000e+00
 124.513267      8.274    11.5791  31.274380    26.9332      8.200  281.10914  281.18985    81.9879    13.8443 0.0000e+00
 124.513270      8.307    11.5758  31.273635    26.9348      8.233  281.12583  281.20632    78.7039    13.5774 0.0000e+00
 124.513273      8.336    11.5734  31.274782    26.9376      8.262  281.13452  281.21482    78.9685    13.5976 0.0000e+00
 124.513275      8.364    11.5709  31.274381    26.9391      8.289  281.14706  281.22719    78.7039    13.6017 0.0000e+00
 124.513278      8.393    11.5689  31.274381    26.9398      8.318  281.15631  281.23629    78.7039    13.5976 0.0000e+00
 124.513281      8.424    11.5688  31.273808    26.9405      8.348  281.15773  281.23771    75.4354    13.7756 -9.990e-29
 124.513284      8.447    11.5697  31.274037    26.9396      8.372  281.15318  281.23322    75.3731    13.7837 -9.990e-29
 124.513287      8.471    11.5705  31.273636    26.9386      8.395  281.15045  281.23055    75.1552    13.7837 -9.990e-29
 124.513290      8.497    11.5712  31.274152    26.9386      8.421  281.14631  281.22646    75.4510    13.7675 -9.990e-29
 124.513293      8.515    11.5706  31.275184    26.9400      8.439  281.14693  281.22703    79.7934    13.7351 -9.990e-29
 124.513296      8.539    11.5683  31.274210    26.9407      8.462  281.15960  281.23954    79.6377    13.7877 -9.990e-29
 124.513299      8.562    11.5681  31.272835    26.9396      8.486  281.16316  281.24310    79.6689    13.7796 -9.990e-29
 124.513302      8.582    11.5710  31.273236    26.9379      8.505  281.14905  281.22920    79.4510    13.7958 -9.990e-29
 124.513304      8.606    11.5732  31.274782    26.9377      8.529  281.13566  281.21595    81.0696    13.7796 -9.990e-29
 124.513307      8.632    11.5712  31.274210    26.9386      8.555  281.14598  281.22613    80.9296    13.7594 -9.990e-29
 124.513310      8.652    11.5667  31.276560    26.9441      8.575  281.16257  281.24237    80.7739    13.7513 -9.990e-29
 124.513313      8.674    11.5610  31.277706    26.9545      8.597  281.18651  281.26590    80.8829    13.7756 -9.990e-29
 124.513316      8.700    11.5540  31.277879    26.9568      8.622  281.21865  281.29753    80.8362    13.7432 0.0000e+00
 124.513319      8.734    11.5479  31.278109    26.9592      8.656  281.24656  281.32499    81.2097    13.8969 0.0000e+00
 124.513322      8.765    11.5433  31.278682    26.9630      8.687  281.26681  281.34491    81.2408    13.8888 0.0000e+00
 124.513325      8.796    11.5388  31.278683    26.9663      8.718  281.28782  281.36560    81.1163    13.8969 0.0000e+00
 124.513328      8.827    11.5343  31.278913    26.9698      8.748  281.30840  281.38585    81.2408    13.9171 0.0000e+00
 124.513330      8.867    11.5307  31.278111    26.9716      8.788  281.32648  281.40368    81.9101    13.7190 0.0000e+00
 124.513333      8.902    11.5302  31.277939    26.9718      8.822  281.32906  281.40622    81.8323    13.7392 0.0000e+00
 124.513336      8.940    11.5303  31.278512    26.9723      8.860  281.32768  281.40485    81.7389    13.7149 0.0000e+00
 124.513339      8.973    11.5296  31.278341    26.9725      8.893  281.33121  281.40833    81.8167    13.6987 0.0000e+00
 124.513342      9.005    11.5281  31.278513    26.9726      8.924  281.33790  281.41491    77.0074    13.4966 -9.990e-29
 124.513345      9.028    11.5252  31.277883    26.9754      8.947  281.35247  281.42927    77.1163    13.4966 -9.990e-29
 124.513348      9.048    11.5235  31.277367    26.9761      8.967  281.36109  281.43778    76.9762    13.5451 -9.990e-29
 124.513351      9.059    11.5218  31.277941    26.9779      8.978  281.36796  281.44453    77.1319    13.5127 -9.990e-29
 124.513354      9.074    11.5205  31.276164    26.9771      8.992  281.37737  281.45386    79.1085    14.1678 -9.990e-29
 124.513356      9.083    11.5204  31.277139    26.9781      9.001  281.37586  281.45233    79.3731    14.1233 -9.990e-29
 124.513359      9.090    11.5209  31.276394    26.9770      9.009  281.37504  281.45156    79.0463    14.1516 -9.990e-29
 124.513362      9.105    11.5215  31.276737    26.9769      9.023  281.37186  281.44841    79.2175    14.1233 -9.990e-29
 124.513365      9.123    11.5222  31.275763    26.9755      9.041  281.37021  281.44683    79.0152    14.1274 -9.990e-29
 124.513368      9.143    11.5228  31.275992    26.9750      9.061  281.36725  281.44390    79.2642    13.7634 -9.990e-29
 124.513371      9.174    11.5233  31.276050    26.9745      9.092  281.36493  281.44162    79.1085    13.7634 0.0000e+00
 124.513374      9.210    11.5235  31.275190    26.9743      9.128  281.36563  281.44234    79.2019    13.7270 0.0000e+00
 124.513377      9.251    11.5237  31.275763    26.9740      9.168  281.36330  281.44003    79.2019    13.7675 0.0000e+00
 124.513380      9.295    11.5233  31.274790    26.9739      9.211  281.36740  281.44410    78.1747    13.5572 0.0000e+00
 124.513383      9.333    11.5231  31.274790    26.9739      9.249  281.36838  281.44507    77.8945    13.5774 0.0000e+00
 124.513385      9.373    11.5232  31.275019    26.9739      9.289  281.36734  281.44403    77.7078    13.5936 0.0000e+00
 124.513388      9.400    11.5239  31.274045    26.9733      9.316  281.36601  281.44277    78.1124    13.6179 0.0000e+00
 124.513391      9.426    11.5249  31.274389    26.9725      9.341  281.36061  281.43744    81.3187    13.8120 -9.990e-29
 124.513394      9.446    11.5266  31.273415    26.9699      9.361  281.35451  281.43148    81.0852    13.8200 -9.990e-29
 124.513397      9.464    11.5279  31.273644    26.9692      9.379  281.34837  281.42542    81.1786    13.8362 -9.990e-29
 124.513400      9.473    11.5294  31.273128    26.9676      9.389  281.34235  281.41952    81.0385    13.8403 -9.990e-29
 124.513403      9.488    11.5307  31.273414    26.9669      9.403  281.33578  281.41303    83.6533    14.3134 -9.990e-29
 124.513406      9.506    11.5318  31.273815    26.9665      9.421  281.32994  281.40727    83.6377    14.3659 -9.990e-29
 124.513409      9.524    11.5326  31.273414    26.9658      9.439  281.32690  281.40429    83.5132    14.3457 -9.990e-29
 124.513411      9.559    11.5330  31.274045    26.9664      9.473  281.32382  281.40124    83.8245    14.3457 0.0000e+00
 124.513414      9.597    11.5327  31.275019    26.9670      9.511  281.32360  281.40098    83.7467    14.3376 0.0000e+00
 124.513417      9.639    11.5292  31.275764    26.9702      9.553  281.33845  281.41557    79.8712    14.0546 0.0000e+00
 124.513420      9.678    11.5243  31.275765    26.9738      9.591  281.36105  281.43782    79.8712    14.0788 0.0000e+00
 124.513423      9.712    11.5201  31.277713    26.9763      9.625  281.37680  281.45324    80.0113    14.0788 0.0000e+00
 124.513426      9.740    11.5150  31.277084    26.9787      9.652  281.40154  281.47763    79.9334    14.0950 -9.990e-29
 124.513429      9.758    11.5119  31.277141    26.9841      9.670  281.41607  281.49193    82.0502    13.7190 -9.990e-29
 124.513432      9.771    11.5103  31.276741    26.9848      9.683  281.42415  281.49990    82.1747    13.6907 -9.990e-29
 124.513435      9.783    11.5082  31.277371    26.9870      9.696  281.43283  281.50842    81.9879    13.7230 -9.990e-29
 124.513437      9.794    11.5065  31.277715    26.9885      9.707  281.43982  281.51528    82.2058    13.7068 -9.990e-29
 124.513440      9.805    11.5048  31.276970    26.9890      9.717  281.44918  281.52453    85.8012    13.7594 -9.990e-29
 124.513443      9.823    11.5038  31.277372    26.9901      9.735  281.45289  281.52817    86.1124    13.7634 -9.990e-29
 124.513446      9.842    11.5023  31.277945    26.9929      9.753  281.45881  281.53397    85.9257    13.7796 -9.990e-29
 124.513449      9.873    11.5012  31.278346    26.9934      9.784  281.46316  281.53824    86.2992    13.7796 0.0000e+00
 124.513452      9.911    11.5003  31.278518    26.9938      9.822  281.46732  281.54232    90.4082    13.8726 0.0000e+00
 124.513455      9.951    11.4995  31.279091    26.9949      9.862  281.46976  281.54470    90.2369    13.8807 0.0000e+00
 124.513458      9.989    11.4981  31.279321    26.9961      9.900  281.47603  281.55087    90.3148    13.8767 0.0000e+00
 124.513461     10.026    11.4966  31.280868    26.9987      9.936  281.48013  281.55484    90.2681    13.9171 0.0000e+00
 124.513464     10.054    11.4946  31.280869    27.0001      9.964  281.48936  281.56393    90.4393    13.8726 0.0000e+00
 124.513466     10.081    11.4930  31.280067    27.0005      9.991  281.49821  281.57268    81.7545    13.7675 0.0000e+00
 124.513469     10.108    11.4920  31.281041    27.0012     10.018  281.50084  281.57522    81.5054    13.7715 0.0000e+00
 124.513472     10.134    11.4918  31.279895    27.0018     10.043  281.50398  281.57836    81.6766    13.7998 0.0000e+00
 124.513475     10.161    11.4916  31.280468    27.0018     10.070  281.50387  281.57823    81.5366    13.8079 0.0000e+00
 124.513478     10.194    11.4914  31.280698    27.0018     10.103  281.50441  281.57875    83.8401    14.2325 0.0000e+00
 124.513481     10.225    11.4911  31.279953    27.0022     10.134  281.50711  281.58144    83.8868    14.2204 0.0000e+00
 124.513484     10.251    11.4909  31.281271    27.0031     10.159  281.50591  281.58021    83.9646    14.2082 0.0000e+00
 124.513487     10.286    11.4900  31.281672    27.0041     10.194  281.50899  281.58322    83.7155    14.2042 0.0000e+00
 124.513490     10.315    11.4890  31.281844    27.0046     10.222  281.51345  281.58761    85.4432    14.1759 0.0000e+00
 124.513492     10.341    11.4883  31.281844    27.0050     10.248  281.51665  281.59076    85.3965    14.1840 -9.990e-29
 124.513495     10.361    11.4880  31.282417    27.0063     10.268  281.51717  281.59125    85.3031    14.1921 -9.990e-29
 124.513498     10.373    11.4874  31.281845    27.0061     10.281  281.52081  281.59485    85.3809    14.1638 -9.990e-29
 124.513501     10.384    11.4872  31.282017    27.0065     10.291  281.52176  281.59578    83.0307    13.8403 -9.990e-29
 124.513504     10.388    11.4870  31.282418    27.0070     10.295  281.52196  281.59596    83.1397    13.8362 -9.990e-29
 124.513507     10.390    11.4868  31.282590    27.0073     10.297  281.52259  281.59657    82.7973    13.8120 -9.990e-29
 124.513510     10.391    11.4866  31.282246    27.0071     10.298  281.52388  281.59785    82.9218    13.8281 -9.990e-29
 124.513513     10.402    11.4863  31.281042    27.0062     10.309  281.52743  281.60140    82.8128    13.8200 -9.990e-29
 124.513516     10.422    11.4861  31.282246    27.0075     10.329  281.52644  281.60038    89.5054    14.1031 -9.990e-29
 124.513519     10.444    11.4857  31.282991    27.0074     10.351  281.52695  281.60085    89.7078    14.1557 -9.990e-29
 124.513521     10.483    11.4852  31.281444    27.0085     10.389  281.53213  281.60601    89.6922    14.1516 0.0000e+00
 124.513524     10.521    11.4848  31.283392    27.0095     10.427  281.53006  281.60390    89.4743    14.1314 0.0000e+00
 124.513527     10.572    11.4837  31.286545    27.0133     10.478  281.52954  281.60326    89.3342    13.9494 0.0000e+00
 124.513530     10.634    11.4794  31.290614    27.0203     10.539  281.54159  281.61495    88.9762    13.9656 0.0000e+00
 124.513533     10.689    11.4735  31.293194    27.0270     10.593  281.56408  281.63698    89.2253    13.9778 0.0000e+00
 124.513536     10.744    11.4674  31.293940    27.0321     10.647  281.59099  281.66344    89.1475    13.9292 0.0000e+00
 124.513539     10.786    11.4626  31.294743    27.0343     10.689  281.61206  281.68415    90.3459    13.3227 0.0000e+00
 124.513542     10.818    11.4592  31.293941    27.0364     10.722  281.62917  281.70103    90.2992    13.3510 -9.990e-29
 124.513545     10.839    11.4576  31.295317    27.0406     10.741  281.63420  281.70593    90.1591    13.3550 -9.990e-29
