Processed/SBE19plus_01907321_2022_05_10_Cast114_wfilter.cnv
* Sea-Bird SBE19plus  Data File:
* FileName = E:\Prandtl_Daten\2022\CTD\Raw\SBE19plus_01907321_2022_05_10_Cast114.hex
* Software version 2.6.1.12
* Temperature SN = 7321
* Conductivity SN = 7321
* System UpLoad Time = May 10 2022 12:18:38
* <ApplicationData>
* <Seaterm232>
** Messpraktikum 2022
** CTD 09.05  DB
** NMEA Latitude = 54 03.29N
** NMEA Longitude = 008 43.67E
# nquan = 11
# nvalues = 145                         
# units = specified
# name 0 = timeJ: Julian Days
# name 1 = prdM: Pressure, Strain Gauge [db]
# name 2 = tv290C: Temperature [ITS-90, deg C]
# name 3 = c0mS/cm: Conductivity [mS/cm]
# name 4 = sal00: Salinity, Practical [PSU]
# name 5 = depSM: Depth [salt water, m], lat = 54.00
# name 6 = oxsatMm/Kg: Oxygen Saturation, Weiss [umol/kg]
# name 7 = oxsolMm/Kg: Oxygen Saturation, Garcia & Gordon [umol/kg]
# name 8 = turbWETntu0: Turbidity, WET Labs ECO [NTU]
# name 9 = flECO-AFL: Fluorescence, WET Labs ECO-AFL/FL [mg/m^3]
# name 10 = flag:  0.000e+00
# span 0 = 130.509939, 130.510356       
# span 1 =      0.582,      4.351       
# span 2 =    14.4331,    14.4553       
# span 3 =  33.353182,  33.380281       
# span 4 =    26.8235,    26.8374       
# span 5 =      0.576,      4.312       
# span 6 =  264.80586,  264.93711       
# span 7 =  265.05026,  265.18044       
# span 8 =     7.3109,    12.6494       
# span 9 =     5.3567,     7.4068       
# span 10 = 0.0000e+00, 0.0000e+00      
# interval = seconds: 0.25
# start_time = May 10 2022 12:12:59 [Instrument's time stamp, header]
# bad_flag = -9.990e-29
*END*
 130.509939      0.582    14.4414  33.365521    26.8332      0.576  264.88478  265.12850     7.3109     5.5427 0.0000e+00
 130.509942      0.655    14.4451  33.361760    26.8272      0.649  264.87554  265.11950     7.3420     5.5670 0.0000e+00
 130.509945      0.729    14.4460  33.358176    26.8235      0.723  264.87796  265.12199     7.3109     5.5387 0.0000e+00
 130.509948      0.808    14.4443  33.353182    26.8235      0.801  264.89305  265.13702     7.3576     5.5670 0.0000e+00
 130.509951      0.875    14.4420  33.358353    26.8245      0.868  264.89411  265.13791     8.5405     5.6681 0.0000e+00
 130.509954      0.954    14.4408  33.355416    26.8246      0.945  264.90428  265.14803     8.6338     5.6964 0.0000e+00
 130.509957      1.029    14.4390  33.354182    26.8246      1.020  264.91356  265.15723     8.4938     5.6883 0.0000e+00
 130.509959      1.105    14.4372  33.354594    26.8262      1.095  264.92048  265.16404     8.5560     5.7085 0.0000e+00
 130.509962      1.184    14.4362  33.353948    26.8263      1.173  264.92567  265.16918     8.4938     5.6438 0.0000e+00
 130.509965      1.266    14.4347  33.354183    26.8275      1.255  264.93162  265.17504     8.4938     5.6438 0.0000e+00
 130.509968      1.341    14.4338  33.354184    26.8281      1.329  264.93543  265.17881     8.4938     5.6479 0.0000e+00
 130.509971      1.416    14.4332  33.355653    26.8292      1.403  264.93560  265.17893     8.5871     5.6317 0.0000e+00
 130.509974      1.494    14.4331  33.354948    26.8298      1.481  264.93711  265.18044     8.6961     5.7853 0.0000e+00
 130.509977      1.573    14.4332  33.356652    26.8293      1.558  264.93407  265.17739     8.5871     5.8096 0.0000e+00
 130.509980      1.649    14.4332  33.355184    26.8295      1.634  264.93650  265.17984     8.5560     5.7772 0.0000e+00
 130.509983      1.722    14.4334  33.355595    26.8295      1.707  264.93493  265.17828     8.6027     5.7409 0.0000e+00
 130.509986      1.797    14.4338  33.358357    26.8310      1.781  264.92891  265.17225     8.4471     5.7489 0.0000e+00
 130.509988      1.868    14.4346  33.358181    26.8314      1.851  264.92610  265.16948     8.2914     5.6236 0.0000e+00
 130.509991      1.945    14.4352  33.359180    26.8313      1.927  264.92200  265.16541     8.1669     5.5953 0.0000e+00
 130.509994      2.019    14.4355  33.359415    26.8314      2.001  264.92009  265.16352     8.3537     5.6398 0.0000e+00
 130.509997      2.049    14.4360  33.360238    26.8313      2.030  264.91688  265.16033     8.3692     5.6317 -9.990e-29
 130.510000      2.043    14.4371  33.360767    26.8315      2.025  264.91162  265.15513     8.3381     5.7125 -9.990e-29
 130.510003      2.045    14.4386  33.357946    26.8279      2.027  264.90992  265.15354     8.3848     5.6923 -9.990e-29
 130.510006      2.045    14.4393  33.359826    26.8291      2.027  264.90372  265.14736     8.3848     5.7045 -9.990e-29
 130.510009      2.049    14.4401  33.357006    26.8261      2.030  264.90517  265.14887     8.2292     5.6883 -9.990e-29
 130.510012      2.049    14.4397  33.359004    26.8281      2.030  264.90349  265.14716     8.0113     5.7611 -9.990e-29
 130.510014      2.050    14.4399  33.359415    26.8284      2.032  264.90219  265.14587     8.0424     5.7651 -9.990e-29
 130.510017      2.047    14.4397  33.359180    26.8283      2.029  264.90320  265.14687     8.0580     5.7489 -9.990e-29
 130.510020      2.049    14.4395  33.358769    26.8280      2.030  264.90481  265.14847     8.0891     5.7651 -9.990e-29
 130.510023      2.061    14.4389  33.360061    26.8296      2.043  264.90492  265.14854     8.3537     5.8056 -9.990e-29
 130.510026      2.083    14.4393  33.361178    26.8303      2.065  264.90154  265.14517     8.3226     5.8419 -9.990e-29
 130.510029      2.098    14.4399  33.360473    26.8292      2.079  264.90018  265.14386     8.2136     5.8379 -9.990e-29
 130.510032      2.120    14.4402  33.359650    26.8279      2.101  264.90028  265.14397     8.2914     5.8258 -9.990e-29
 130.510035      2.147    14.4402  33.359180    26.8289      2.128  264.90106  265.14476     8.2447     5.8015 0.0000e+00
 130.510038      2.173    14.4405  33.361707    26.8289      2.153  264.89602  265.13971     8.2136     5.7611 0.0000e+00
 130.510041      2.204    14.4410  33.362823    26.8299      2.184  264.89202  265.13573     8.0735     5.7692 -9.990e-29
 130.510043      2.226    14.4422  33.361119    26.8293      2.206  264.88977  265.13357     8.1202     5.7368 -9.990e-29
 130.510046      2.255    14.4422  33.362412    26.8300      2.235  264.88769  265.13147     8.0891     5.7651 0.0000e+00
 130.510049      2.282    14.4424  33.364058    26.8293      2.262  264.88408  265.12787     8.0580     5.3891 0.0000e+00
 130.510052      2.308    14.4433  33.362353    26.8295      2.287  264.88310  265.12695     8.0113     5.3567 0.0000e+00
 130.510055      2.333    14.4440  33.364586    26.8285      2.313  264.87665  265.12052     8.0735     5.4214 -9.990e-29
 130.510058      2.357    14.4445  33.364880    26.8299      2.336  264.87399  265.11789     8.0268     5.3971 -9.990e-29
 130.510061      2.374    14.4454  33.366820    26.8310      2.352  264.86738  265.11132     8.1825     5.7611 -9.990e-29
 130.510064      2.390    14.4466  33.365292    26.8288      2.369  264.86485  265.10886     8.3070     5.7611 -9.990e-29
 130.510067      2.408    14.4468  33.364410    26.8279      2.387  264.86535  265.10938     8.4315     5.7732 -9.990e-29
 130.510069      2.430    14.4463  33.364058    26.8279      2.408  264.86814  265.11214     8.2914     5.7651 -9.990e-29
 130.510072      2.452    14.4461  33.364822    26.8312      2.430  264.86785  265.11184    10.0502     6.2059 -9.990e-29
 130.510075      2.483    14.4457  33.367231    26.8305      2.461  264.86552  265.10947    10.1280     6.2140 0.0000e+00
 130.510078      2.512    14.4467  33.366585    26.8298      2.490  264.86219  265.10620    10.0813     6.2382 0.0000e+00
 130.510081      2.542    14.4467  33.362177    26.8261      2.519  264.86969  265.11373     9.9879     6.1816 0.0000e+00
 130.510084      2.567    14.4451  33.361120    26.8261      2.544  264.87803  265.12199    10.0191     6.2059 0.0000e+00
 130.510087      2.596    14.4440  33.360768    26.8263      2.573  264.88302  265.12692     9.5833     5.9147 0.0000e+00
 130.510090      2.622    14.4428  33.361708    26.8265      2.598  264.88653  265.13036     9.6299     5.8945 -9.990e-29
 130.510093      2.647    14.4423  33.363001    26.8296      2.624  264.88633  265.13012     9.5988     5.8783 -9.990e-29
 130.510095      2.666    14.4429  33.363177    26.8294      2.642  264.88385  265.12768     9.5054     5.9269 -9.990e-29
 130.510098      2.684    14.4433  33.359593    26.8259      2.660  264.88781  265.13169     9.6611     6.2908 -9.990e-29
 130.510101      2.700    14.4427  33.361297    26.8278      2.676  264.88756  265.13139     9.5677     6.2867 -9.990e-29
 130.510104      2.715    14.4418  33.360474    26.8277      2.690  264.89268  265.13646     9.5833     6.2584 -9.990e-29
 130.510107      2.731    14.4412  33.360416    26.8281      2.707  264.89530  265.13905     9.7233     6.2948 -9.990e-29
 130.510110      2.755    14.4411  33.360886    26.8289      2.730  264.89487  265.13861     8.6183     6.0967 -9.990e-29
 130.510113      2.782    14.4410  33.361180    26.8296      2.757  264.89503  265.13876     8.4626     6.0563 0.0000e+00
 130.510116      2.813    14.4407  33.362355    26.8302      2.788  264.89440  265.13810     8.5249     6.0886 0.0000e+00
 130.510119      2.839    14.4411  33.363002    26.8305      2.813  264.89179  265.13551     8.6961     6.1007 0.0000e+00
 130.510122      2.871    14.4413  33.365529    26.8315      2.846  264.88675  265.13047     9.0852     6.1614 0.0000e+00
 130.510124      2.897    14.4421  33.365000    26.8320      2.871  264.88417  265.12794     8.9451     6.1654 0.0000e+00
 130.510127      2.928    14.4427  33.364471    26.8315      2.902  264.88253  265.12634     9.1319     6.1735 -9.990e-29
 130.510130      2.950    14.4431  33.364706    26.8305      2.923  264.88059  265.12442     9.0696     6.1776 -9.990e-29
 130.510133      2.972    14.4433  33.363825    26.8296      2.945  264.88141  265.12525     9.0229     6.1573 -9.990e-29
 130.510136      2.995    14.4427  33.365294    26.8313      2.969  264.88155  265.12534    10.0191     6.4323 -9.990e-29
 130.510139      3.010    14.4430  33.362414    26.8286      2.983  264.88498  265.12882    10.1280     6.4242 -9.990e-29
 130.510142      3.026    14.4422  33.361533    26.8283      2.999  264.88957  265.13337     9.8945     6.4081 -9.990e-29
 130.510145      3.048    14.4420  33.364001    26.8307      3.021  264.88651  265.13028    10.0969     6.4404 -9.990e-29
 130.510148      3.069    14.4425  33.364883    26.8311      3.041  264.88289  265.12668     9.7233     6.1816 -9.990e-29
 130.510150      3.090    14.4430  33.368232    26.8357      3.063  264.87557  265.11936     9.7700     6.1533 -9.990e-29
 130.510153      3.120    14.4442  33.371406    26.8356      3.092  264.86539  265.10923     9.7856     6.1654 0.0000e+00
 130.510156      3.151    14.4455  33.372287    26.8355      3.123  264.85832  265.10222     9.8945     6.1614 0.0000e+00
 130.510159      3.178    14.4466  33.372816    26.8353      3.150  264.85307  265.09703     9.5366     5.9633 0.0000e+00
 130.510162      3.205    14.4470  33.372287    26.8349      3.177  264.85206  265.09605     9.4743     5.9592 0.0000e+00
 130.510165      3.233    14.4473  33.372405    26.8345      3.204  264.85063  265.09464     9.4587     5.9713 -9.990e-29
 130.510168      3.257    14.4478  33.372288    26.8339      3.228  264.84895  265.09298     9.5833     5.9390 -9.990e-29
 130.510171      3.280    14.4483  33.373816    26.8349      3.251  264.84428  265.08833     9.7545     6.4081 -9.990e-29
 130.510174      3.301    14.4491  33.375226    26.8356      3.271  264.83854  265.08263     9.8323     6.3959 -9.990e-29
 130.510177      3.317    14.4504  33.373639    26.8333      3.287  264.83578  265.07996     9.8167     6.4161 -9.990e-29
 130.510179      3.335    14.4510  33.372875    26.8322      3.305  264.83452  265.07874     9.8478     6.3959 -9.990e-29
 130.510182      3.352    14.4508  33.373933    26.8333      3.322  264.83375  265.07795     9.7233     6.4202 -9.990e-29
 130.510185      3.373    14.4515  33.375814    26.8345      3.343  264.82788  265.07210     9.0229     6.5981 -9.990e-29
 130.510188      3.395    14.4529  33.376695    26.8343      3.365  264.82080  265.06509     9.0541     6.6062 -9.990e-29
 130.510191      3.419    14.4532  33.373815    26.8312      3.388  264.82393  265.06826     9.0852     6.6143 -9.990e-29
 130.510194      3.452    14.4516  33.372288    26.8326      3.421  264.83303  265.07728     8.9296     6.6224 0.0000e+00
 130.510197      3.479    14.4495  33.373816    26.8326      3.448  264.83936  265.08349    10.2836     6.1614 0.0000e+00
 130.510200      3.510    14.4487  33.374992    26.8340      3.479  264.84093  265.08499    10.3615     6.1533 -9.990e-29
 130.510203      3.534    14.4488  33.376637    26.8361      3.502  264.83764  265.08170    10.2214     6.1371 -9.990e-29
 130.510205      3.561    14.4499  33.376461    26.8361      3.529  264.83354  265.07766    10.2992     6.1573 0.0000e+00
 130.510208      3.587    14.4513  33.376696    26.8361      3.555  264.82751  265.07171     9.5833     6.2140 -9.990e-29
 130.510211      3.608    14.4522  33.378812    26.8366      3.576  264.82031  265.06455     9.4899     6.1816 -9.990e-29
 130.510214      3.627    14.4529  33.380281    26.8374      3.594  264.81479  265.05906     9.5833     6.1978 -9.990e-29
 130.510217      3.641    14.4542  33.379047    26.8354      3.609  264.81146  265.05581     9.5521     6.2059 -9.990e-29
 130.510220      3.661    14.4543  33.379635    26.8359      3.629  264.81021  265.05455     9.7545     6.1816 -9.990e-29
 130.510223      3.685    14.4551  33.379458    26.8351      3.652  264.80705  265.05145     9.8478     6.1412 -9.990e-29
 130.510226      3.707    14.4553  33.379811    26.8353      3.674  264.80586  265.05026     9.8012     6.1493 -9.990e-29
 130.510229      3.733    14.4550  33.370995    26.8276      3.699  264.82115  265.06561     9.7233     6.1371 -9.990e-29
 130.510231      3.758    14.4513  33.366588    26.8269      3.724  264.84374  265.08802     9.8167     6.1614 -9.990e-29
 130.510234      3.789    14.4469  33.363827    26.8291      3.755  264.86680  265.11084    10.1903     6.4404 0.0000e+00
 130.510237      3.815    14.4445  33.367001    26.8313      3.780  264.87171  265.11560    10.3303     6.4000 0.0000e+00
 130.510240      3.842    14.4436  33.367647    26.8319      3.808  264.87445  265.11828    10.3303     6.4161 0.0000e+00
 130.510243      3.869    14.4433  33.369998    26.8325      3.835  264.87158  265.11538    10.1747     6.3959 -9.990e-29
 130.510246      3.891    14.4445  33.371232    26.8351      3.856  264.86487  265.10873     9.5988     6.2665 -9.990e-29
 130.510249      3.913    14.4454  33.368999    26.8324      3.878  264.86443  265.10836     9.5677     6.2706 -9.990e-29
 130.510252      3.933    14.4462  33.371408    26.8340      3.898  264.85738  265.10133     9.5677     6.3151 -9.990e-29
 130.510255      3.948    14.4471  33.372407    26.8343      3.912  264.85199  265.09599     9.5521     6.2867 -9.990e-29
 130.510258      3.961    14.4475  33.374817    26.8362      3.925  264.84651  265.09051     9.1163     6.4000 -9.990e-29
 130.510260      3.982    14.4484  33.376051    26.8366      3.947  264.84074  265.08478     9.0696     6.4242 -9.990e-29
 130.510263      4.002    14.4498  33.373641    26.8335      3.967  264.83870  265.08284     8.9607     6.4121 -9.990e-29
 130.510266      4.030    14.4504  33.368235    26.8283      3.994  264.84531  265.08952     9.0852     6.4161 -9.990e-29
 130.510269      4.055    14.4485  33.362182    26.8247      4.019  264.86303  265.10718    11.0619     6.2342 -9.990e-29
 130.510272      4.085    14.4442  33.359421    26.8265      4.048  264.88546  265.12939    11.0307     6.2423 0.0000e+00
 130.510275      4.116    14.4401  33.360420    26.8284      4.079  264.90083  265.14452    10.9529     6.2261 0.0000e+00
 130.510278      4.143    14.4377  33.361537    26.8297      4.106  264.90877  265.15232    11.0930     6.2301 0.0000e+00
 130.510281      4.172    14.4376  33.364182    26.8310      4.135  264.90511  265.14863    10.9685     6.2342 -9.990e-29
 130.510284      4.196    14.4393  33.366356    26.8343      4.159  264.89467  265.13827    10.2681     6.5375 -9.990e-29
 130.510286      4.222    14.4414  33.366179    26.8326      4.184  264.88618  265.12989    10.2214     6.5334 -9.990e-29
 130.510289      4.243    14.4422  33.365827    26.8317      4.206  264.88330  265.12707    10.2681     6.5455 -9.990e-29
 130.510292      4.258    14.4427  33.368883    26.8341      4.220  264.87614  265.11992    10.1280     6.5455 -9.990e-29
 130.510295      4.276    14.4439  33.368589    26.8330      4.238  264.87160  265.11545    10.2992     6.5375 -9.990e-29
 130.510298      4.293    14.4443  33.368236    26.8324      4.254  264.87061  265.11448    10.4082     6.5455 -9.990e-29
 130.510301      4.313    14.4442  33.364593    26.8293      4.274  264.87718  265.12107    10.3148     6.5496 -9.990e-29
 130.510304      4.335    14.4425  33.364064    26.8299      4.296  264.88497  265.12877    10.1436     6.5294 -9.990e-29
 130.510307      4.340    14.4411  33.363829    26.8307      4.301  264.89101  265.13474    10.3148     6.3717 -9.990e-29
 130.510310      4.342    14.4410  33.369001    26.8354      4.303  264.88323  265.12690    10.3303     6.3555 -9.990e-29
 130.510313      4.340    14.4429  33.368707    26.8338      4.301  264.87585  265.11963    10.2992     6.3555 -9.990e-29
 130.510315      4.342    14.4442  33.369235    26.8334      4.303  264.86964  265.11350    10.2525     6.3636 -9.990e-29
