Processed/SBE19plus_01907321_2022_05_11_Cast125_wfilter.cnv
* Sea-Bird SBE19plus  Data File:
* FileName = E:\Prandtl_Daten\2022\CTD\Raw\SBE19plus_01907321_2022_05_11_Cast125.hex
* Software version 2.6.1.12
* Temperature SN = 7321
* Conductivity SN = 7321
* System UpLoad Time = May 11 2022 09:21:57
* <ApplicationData>
* <Seaterm232>
** Messpraktikum 2022
** CTD 10.05  KFN2
** NMEA Latitude = 54 06.14N
** NMEA Longitude = 008 35.89E
# nquan = 11
# nvalues = 493                         
# units = specified
# name 0 = timeJ: Julian Days
# name 1 = prdM: Pressure, Strain Gauge [db]
# name 2 = tv290C: Temperature [ITS-90, deg C]
# name 3 = c0mS/cm: Conductivity [mS/cm]
# name 4 = sal00: Salinity, Practical [PSU]
# name 5 = depSM: Depth [salt water, m], lat = 54.00
# name 6 = oxsatMm/Kg: Oxygen Saturation, Weiss [umol/kg]
# name 7 = oxsolMm/Kg: Oxygen Saturation, Garcia & Gordon [umol/kg]
# name 8 = turbWETntu0: Turbidity, WET Labs ECO [NTU]
# name 9 = flECO-AFL: Fluorescence, WET Labs ECO-AFL/FL [mg/m^3]
# name 10 = flag:  0.000e+00
# span 0 = 131.385130, 131.386554       
# span 1 =      0.464,     16.018       
# span 2 =    12.2109,    12.8828       
# span 3 =  31.449596,  31.930453       
# span 4 =    26.2794,    27.0373       
# span 5 =      0.460,     15.874       
# span 6 =  274.10813,  277.12613       
# span 7 =  274.27019,  277.24447       
# span 8 =     0.9140,   351.0307       
# span 9 =     5.0858,    12.0247       
# span 10 = 0.0000e+00, 0.0000e+00      
# interval = seconds: 0.25
# start_time = May 11 2022 09:13:18 [Instrument's time stamp, header]
# bad_flag = -9.990e-29
*END*
 131.385130      0.470    12.7439  31.459237    26.2820      0.466  275.45886  275.61639     4.7584     8.5633 -9.990e-29
 131.385133      0.464    12.7427  31.457859    26.2816      0.460  275.46675  275.62422     4.8829     8.2641 -9.990e-29
 131.385136      0.479    12.7415  31.458433    26.2845      0.475  275.47119  275.62857     5.1319     8.3126 -9.990e-29
 131.385139      0.517    12.7411  31.459812    26.2848      0.513  275.47069  275.62803     5.2564     8.2843 0.0000e+00
 131.385142      0.572    12.7413  31.460616    26.2846      0.567  275.46833  275.62568     5.0229     8.3126 0.0000e+00
 131.385145      0.621    12.7419  31.460616    26.2846      0.616  275.46548  275.62287     5.4587     8.4016 0.0000e+00
 131.385148      0.662    12.7424  31.460788    26.2845      0.656  275.46295  275.62038     5.4120     8.3530 0.0000e+00
 131.385150      0.687    12.7426  31.459640    26.2844      0.681  275.46405  275.62150     5.3809     8.4258 -9.990e-29
 131.385153      0.700    12.7426  31.458434    26.2822      0.694  275.46652  275.62397     5.3498     8.4258 -9.990e-29
 131.385156      0.714    12.7424  31.457055    26.2810      0.708  275.46994  275.62739     4.6183     8.4420 -9.990e-29
 131.385159      0.738    12.7419  31.458262    26.2830      0.732  275.46973  275.62715     4.4626     8.8909 -9.990e-29
 131.385162      0.773    12.7416  31.458664    26.2831      0.766  275.47064  275.62803     4.4938     8.8464 0.0000e+00
 131.385165      0.813    12.7412  31.458434    26.2831      0.806  275.47268  275.63005     4.5560     8.8909 0.0000e+00
 131.385168      0.858    12.7411  31.459640    26.2843      0.851  275.47121  275.62856     4.5871     8.8059 0.0000e+00
 131.385171      0.911    12.7412  31.459813    26.2843      0.903  275.47029  275.62765     4.8206     8.3894 0.0000e+00
 131.385174      0.968    12.7414  31.459239    26.2837      0.959  275.47071  275.62808     4.7895     8.3450 0.0000e+00
 131.385177      1.026    12.7415  31.459469    26.2837      1.017  275.46970  275.62707     4.9296     8.3288 0.0000e+00
 131.385179      1.084    12.7419  31.460215    26.2837      1.075  275.46649  275.62388     4.9140     8.3935 0.0000e+00
 131.385182      1.139    12.7421  31.458263    26.2822      1.129  275.46903  275.62646     5.1475     8.4056 0.0000e+00
 131.385185      1.194    12.7419  31.457861    26.2821      1.183  275.47106  275.62847     4.9451     8.3126 0.0000e+00
 131.385188      1.234    12.7411  31.458263    26.2820      1.223  275.47357  275.63094     5.0229     8.3733 -9.990e-29
 131.385191      1.259    12.7413  31.457861    26.2823      1.248  275.47366  275.63104     5.1163     8.3328 -9.990e-29
 131.385194      1.274    12.7416  31.458091    26.2823      1.263  275.47166  275.62906     5.3187     8.2520 -9.990e-29
 131.385197      1.289    12.7417  31.458091    26.2822      1.277  275.47135  275.62875     5.3187     8.3328 -9.990e-29
 131.385200      1.290    12.7418  31.455909    26.2802      1.279  275.47491  275.63233     5.4587     8.2803 -9.990e-29
 131.385203      1.285    12.7409  31.454473    26.2794      1.274  275.48130  275.63869     5.2875     8.2924 -9.990e-29
 131.385205      1.283    12.7387  31.453956    26.2805      1.272  275.49215  275.64940     4.8050     8.2762 -9.990e-29
 131.385208      1.278    12.7374  31.454531    26.2820      1.266  275.49722  275.65438     4.5560     8.0700 -9.990e-29
 131.385211      1.289    12.7366  31.453153    26.2813      1.277  275.50320  275.66032     4.5405     8.0417 -9.990e-29
 131.385214      1.313    12.7356  31.452579    26.2811      1.301  275.50872  275.66578     4.7117     8.0093 -9.990e-29
 131.385217      1.347    12.7339  31.450971    26.2822      1.335  275.51897  275.67594     4.4315     7.9972 0.0000e+00
 131.385220      1.387    12.7322  31.451948    26.2832      1.375  275.52527  275.68212     5.4899     8.3530 0.0000e+00
 131.385223      1.435    12.7304  31.451374    26.2839      1.422  275.53433  275.69108     5.4587     8.3328 0.0000e+00
 131.385226      1.482    12.7294  31.452350    26.2854      1.469  275.53680  275.69347     5.5210     8.3005 0.0000e+00
 131.385229      1.524    12.7289  31.452982    26.2854      1.511  275.53794  275.69458     5.5366     8.3652 0.0000e+00
 131.385231      1.568    12.7292  31.451604    26.2860      1.554  275.53946  275.69612     4.9918     8.4339 0.0000e+00
 131.385234      1.615    12.7296  31.453154    26.2858      1.601  275.53481  275.69149     4.6961     8.4460 0.0000e+00
 131.385237      1.665    12.7302  31.453327    26.2858      1.650  275.53197  275.68868     4.8362     8.4218 0.0000e+00
 131.385240      1.716    12.7311  31.453959    26.2858      1.700  275.52672  275.68348     4.7895     8.4582 0.0000e+00
 131.385243      1.772    12.7324  31.455509    26.2857      1.756  275.51791  275.67475     5.0074     8.3652 0.0000e+00
 131.385246      1.823    12.7335  31.455107    26.2850      1.807  275.51385  275.67076     4.8984     8.3733 0.0000e+00
 131.385249      1.878    12.7336  31.453959    26.2850      1.861  275.51560  275.67253     4.8829     8.4582 0.0000e+00
 131.385252      1.916    12.7323  31.454935    26.2857      1.899  275.51966  275.67650     4.9140     8.4420 0.0000e+00
 131.385255      1.949    12.7315  31.455337    26.2861      1.932  275.52249  275.67927     4.8206     8.4420 0.0000e+00
 131.385258      1.977    12.7311  31.455912    26.2866      1.959  275.52341  275.68016     5.1786     8.5148 -9.990e-29
 131.385260      1.986    12.7314  31.454361    26.2858      1.968  275.52489  275.68167     5.3498     8.4703 -9.990e-29
 131.385263      1.991    12.7309  31.454361    26.2861      1.974  275.52682  275.68357     5.2097     8.5107 -9.990e-29
 131.385266      1.991    12.7288  31.451777    26.2852      1.974  275.54102  275.69767     5.1319     8.5148 -9.990e-29
 131.385269      1.990    12.7253  31.451376    26.2872      1.972  275.55744  275.71386     5.7389     7.9851 -9.990e-29
 131.385272      1.986    12.7217  31.451204    26.2896      1.968  275.57409  275.73028     5.7856     7.9285 -9.990e-29
 131.385275      1.993    12.7193  31.449596    26.2935      1.975  275.58753  275.74358     5.8167     7.9932 -9.990e-29
 131.385278      2.019    12.7174  31.452181    26.2943      2.001  275.59160  275.74751     6.0191     7.9446 0.0000e+00
 131.385281      2.059    12.7149  31.452181    26.2951      2.041  275.60253  275.75828     4.5560     7.5686 0.0000e+00
 131.385284      2.114    12.7129  31.451205    26.2956      2.095  275.61327  275.76890     4.3692     7.5564 0.0000e+00
 131.385286      2.172    12.7117  31.452182    26.2973      2.153  275.61702  275.77256     4.6961     7.5686 0.0000e+00
 131.385289      2.223    12.7109  31.452354    26.2980      2.203  275.62027  275.77576     4.8829     7.6131 0.0000e+00
 131.385292      2.278    12.7109  31.452584    26.2980      2.258  275.61989  275.77539     3.9179     7.3057 0.0000e+00
 131.385295      2.324    12.7110  31.451953    26.2982      2.303  275.62073  275.77623     3.8868     7.1966 0.0000e+00
 131.385298      2.358    12.7109  31.452642    26.2977      2.337  275.61984  275.77534     4.1513     7.2855 0.0000e+00
 131.385301      2.387    12.7103  31.451608    26.2980      2.366  275.62458  275.78004     4.0735     7.2410 0.0000e+00
 131.385304      2.413    12.7095  31.453331    26.2977      2.391  275.62506  275.78046     3.8868     7.2734 -9.990e-29
 131.385307      2.435    12.7085  31.453159    26.3004      2.413  275.62987  275.78520     4.9607     7.7061 -9.990e-29
 131.385310      2.459    12.7077  31.453332    26.3011      2.437  275.63342  275.78870     4.7895     7.6211 -9.990e-29
 131.385313      2.482    12.7068  31.455342    26.3031      2.460  275.63371  275.78891     4.6183     7.6373 -9.990e-29
 131.385315      2.511    12.7062  31.454365    26.3043      2.489  275.63803  275.79320     4.7895     7.5928 0.0000e+00
 131.385318      2.546    12.7057  31.456720    26.3056      2.523  275.63642  275.79154     6.4860     8.5876 0.0000e+00
 131.385321      2.586    12.7049  31.458845    26.3081      2.563  275.63619  275.79124     6.4548     8.6442 0.0000e+00
 131.385324      2.628    12.7042  31.460224    26.3099      2.605  275.63697  275.79196     6.3770     8.6159 0.0000e+00
 131.385327      2.674    12.7038  31.463383    26.3130      2.650  275.63299  275.78792     6.5327     8.6159 0.0000e+00
 131.385330      2.718    12.7040  31.466714    26.3149      2.693  275.62645  275.78136     3.6533     8.1064 0.0000e+00
 131.385333      2.762    12.7040  31.465565    26.3160      2.737  275.62820  275.78312     3.7000     8.1023 0.0000e+00
 131.385336      2.801    12.7047  31.468897    26.3162      2.776  275.61942  275.77435     3.9023     8.0579 0.0000e+00
 131.385339      2.838    12.7049  31.471826    26.3175      2.813  275.61327  275.76819     3.8712     8.1185 -9.990e-29
 131.385341      2.860    12.7050  31.474583    26.3225      2.834  275.60774  275.76264     3.4510     7.5969 -9.990e-29
 131.385344      2.882    12.7052  31.476938    26.3245      2.856  275.60260  275.75750     3.5755     7.6373 -9.990e-29
 131.385347      2.896    12.7053  31.479696    26.3270      2.870  275.59739  275.75226     3.5599     7.6211 -9.990e-29
 131.385350      2.909    12.7052  31.481821    26.3290      2.883  275.59393  275.74878     3.4198     7.6373 -9.990e-29
 131.385353      2.918    12.7052  31.482683    26.3298      2.892  275.59241  275.74725     3.4821     7.6131 -9.990e-29
 131.385356      2.931    12.7052  31.485785    26.3326      2.905  275.58690  275.74171     2.5949     7.2977 -9.990e-29
 131.385359      2.953    12.7053  31.487968    26.3367      2.927  275.58271  275.73751     2.7817     7.3340 -9.990e-29
 131.385362      2.980    12.7057  31.490554    26.3389      2.954  275.57621  275.73101     2.4237     7.3340 0.0000e+00
 131.385365      3.010    12.7066  31.495839    26.3410      2.983  275.56298  275.71779     2.4860     7.2896 0.0000e+00
 131.385367      3.046    12.7079  31.499402    26.3433      3.019  275.55091  275.70576     2.6572     7.2168 0.0000e+00
 131.385370      3.086    12.7094  31.506067    26.3484      3.059  275.53204  275.68693     2.6261     7.2127 0.0000e+00
 131.385373      3.123    12.7115  31.510836    26.3513      3.095  275.51430  275.66928     2.5794     7.2572 0.0000e+00
 131.385376      3.168    12.7135  31.514342    26.3513      3.140  275.49914  275.65421     2.5171     7.2532 0.0000e+00
 131.385379      3.212    12.7149  31.509859    26.3490      3.183  275.50073  275.65594     3.8556     7.0914 0.0000e+00
 131.385382      3.260    12.7158  31.511583    26.3490      3.230  275.49386  275.64910     3.6689     7.0874 0.0000e+00
 131.385385      3.303    12.7162  31.518307    26.3549      3.274  275.48001  275.63522     3.8401     7.0227 0.0000e+00
 131.385388      3.347    12.7175  31.524802    26.3600      3.317  275.46274  275.61797     3.8401     7.0308 0.0000e+00
 131.385391      3.385    12.7195  31.530147    26.3635      3.355  275.44430  275.59961     2.6572     7.2208 0.0000e+00
 131.385394      3.432    12.7212  31.535263    26.3646      3.402  275.42788  275.58325     2.9529     7.2127 0.0000e+00
 131.385396      3.473    12.7229  31.533883    26.3646      3.442  275.42236  275.57785     2.6883     7.2006 0.0000e+00
 131.385399      3.511    12.7239  31.530894    26.3617      3.480  275.42353  275.57912     2.7194     7.3017 0.0000e+00
 131.385402      3.549    12.7242  31.531699    26.3614      3.517  275.42085  275.57644     2.9218     7.2936 0.0000e+00
 131.385405      3.575    12.7243  31.531124    26.3617      3.543  275.42125  275.57685     2.8595     7.0146 -9.990e-29
 131.385408      3.596    12.7241  31.529745    26.3599      3.564  275.42467  275.58028     2.8595     7.0146 -9.990e-29
 131.385411      3.609    12.7239  31.527561    26.3580      3.577  275.42920  275.58482     2.7817     7.0753 -9.990e-29
 131.385414      3.618    12.7235  31.529343    26.3599      3.586  275.42796  275.58353     2.6883     6.9782 -9.990e-29
 131.385417      3.627    12.7236  31.529515    26.3600      3.595  275.42734  275.58292     2.6883     7.6414 -9.990e-29
 131.385420      3.635    12.7235  31.530722    26.3612      3.602  275.42552  275.58108     2.6572     7.6090 -9.990e-29
 131.385422      3.642    12.7237  31.530550    26.3609      3.609  275.42519  275.58076     2.5327     7.6131 -9.990e-29
 131.385425      3.662    12.7238  31.531930    26.3621      3.629  275.42211  275.57768     2.7194     7.6737 -9.990e-29
 131.385428      3.686    12.7242  31.534459    26.3689      3.653  275.41571  275.57128     2.6883     7.2208 -9.990e-29
 131.385431      3.728    12.7252  31.540380    26.3699      3.694  275.40074  275.55632     2.5949     7.3057 0.0000e+00
 131.385434      3.777    12.7271  31.544116    26.3696      3.743  275.38582  275.54148     2.5327     7.2330 0.0000e+00
 131.385437      3.828    12.7297  31.544519    26.3696      3.794  275.37362  275.52944     2.7194     7.2451 0.0000e+00
 131.385440      3.886    12.7312  31.544921    26.3696      3.852  275.36590  275.52182     2.2836     7.1561 0.0000e+00
 131.385443      3.941    12.7324  31.550038    26.3727      3.906  275.35141  275.50736     2.3303     7.1157 0.0000e+00
 131.385446      3.985    12.7341  31.552395    26.3729      3.949  275.33990  275.49593     2.4237     7.1561 0.0000e+00
 131.385448      4.018    12.7358  31.552798    26.3732      3.982  275.33152  275.48766     2.4704     7.1723 0.0000e+00
 131.385451      4.047    12.7371  31.554178    26.3730      4.011  275.32302  275.47923     2.2992     7.1157 0.0000e+00
 131.385454      4.075    12.7384  31.556362    26.3732      4.038  275.31372  275.46999     2.2214     7.1602 -9.990e-29
 131.385457      4.100    12.7394  31.554005    26.3711      4.063  275.31312  275.46948     2.3303     7.2087 -9.990e-29
 131.385460      4.126    12.7399  31.554005    26.3708      4.089  275.31090  275.46729     2.2214     7.1763 0.0000e+00
 131.385463      4.155    12.7401  31.553373    26.3704      4.118  275.31140  275.46781     2.2525     7.1723 0.0000e+00
 131.385466      4.192    12.7398  31.550268    26.3687      4.154  275.31821  275.47463     2.3459     7.7829 0.0000e+00
 131.385469      4.226    12.7393  31.551016    26.3687      4.189  275.31915  275.47553     2.3459     7.7667 0.0000e+00
 131.385472      4.270    12.7390  31.551016    26.3689      4.232  275.32045  275.47682     2.2214     7.7667 0.0000e+00
 131.385475      4.316    12.7389  31.551648    26.3695      4.277  275.31968  275.47603     2.1903     7.7950 0.0000e+00
 131.385477      4.363    12.7389  31.552626    26.3699      4.324  275.31798  275.47432     3.9490     7.3624 0.0000e+00
 131.385480      4.402    12.7394  31.555386    26.3704      4.362  275.31118  275.46753     3.9801     7.3057 -9.990e-29
 131.385483      4.425    12.7401  31.557168    26.3737      4.386  275.30451  275.46089     4.0580     7.3300 -9.990e-29
 131.385486      4.445    12.7413  31.557743    26.3735      4.406  275.29839  275.45483     4.0891     7.3340 -9.990e-29
 131.385489      4.456    12.7421  31.558951    26.3740      4.417  275.29273  275.44922     2.1591     6.5738 -9.990e-29
 131.385492      4.466    12.7431  31.559123    26.3734      4.426  275.28763  275.44419     2.0969     6.5213 -9.990e-29
 131.385495      4.471    12.7438  31.560331    26.3741      4.431  275.28262  275.43920     2.1591     6.5051 -9.990e-29
 131.385498      4.486    12.7444  31.562861    26.3760      4.446  275.27526  275.43186     2.1436     6.5698 -9.990e-29
 131.385501      4.495    12.7454  31.563551    26.3759      4.455  275.26956  275.42622     2.1436     6.5011 -9.990e-29
 131.385503      4.516    12.7461  31.562861    26.3774      4.476  275.26792  275.42462     2.2058     7.4190 -9.990e-29
 131.385506      4.547    12.7469  31.566253    26.3789      4.507  275.25808  275.41481     2.5171     7.4271 0.0000e+00
