Processed/SBE19plus_01907321_2022_05_06_Cast48_wfilter.cnv
* Sea-Bird SBE19plus  Data File:
* FileName = E:\Prandtl Daten\2022\CTD\Raw\SBE19plus_01907321_2022_05_06_Cast48.hex
* Software version 2.6.1.12
* Temperature SN = 7321
* Conductivity SN = 7321
* System UpLoad Time = May 06 2022 11:10:18
* <ApplicationData>
* <Seaterm232>
** Messpraktikum 2022
** CTD 06.05 MP4
** NMEA Latitude = 54 03.276 N
** NMEA Longitude = 008 43.693 E
# nquan = 11
# nvalues = 162                         
# units = specified
# name 0 = timeJ: Julian Days
# name 1 = prdM: Pressure, Strain Gauge [db]
# name 2 = tv290C: Temperature [ITS-90, deg C]
# name 3 = c0mS/cm: Conductivity [mS/cm]
# name 4 = sal00: Salinity, Practical [PSU]
# name 5 = depSM: Depth [salt water, m], lat = 54.00
# name 6 = oxsatMm/Kg: Oxygen Saturation, Weiss [umol/kg]
# name 7 = oxsolMm/Kg: Oxygen Saturation, Garcia & Gordon [umol/kg]
# name 8 = turbWETntu0: Turbidity, WET Labs ECO [NTU]
# name 9 = flECO-AFL: Fluorescence, WET Labs ECO-AFL/FL [mg/m^3]
# name 10 = flag:  0.000e+00
# span 0 = 126.462228, 126.462694       
# span 1 =      0.640,      4.617       
# span 2 =    12.6303,    12.7251       
# span 3 =  32.116660,  32.173510       
# span 4 =    26.9541,    26.9709       
# span 5 =      0.634,      4.576       
# span 6 =  274.27615,  274.79722       
# span 7 =  274.42568,  274.94110       
# span 8 =    22.7194,    51.4976       
# span 9 =     9.5742,    13.0922       
# span 10 = 0.0000e+00, 0.0000e+00      
# interval = seconds: 0.25
# start_time = May 06 2022 11:04:09 [Instrument's time stamp, header]
# bad_flag = -9.990e-29
*END*
[from data line 132]
 126.462610      3.863    12.6380  32.123142    26.9699      3.828  274.75309  274.89742    42.3303    12.7161 0.0000e+00
 126.462613      3.899    12.6384  32.123374    26.9699      3.864  274.75081  274.89516    42.4237    12.7080 0.0000e+00
 126.462616      3.928    12.6387  32.123142    26.9697      3.893  274.74966  274.89404    42.3615    12.6959 0.0000e+00
 126.462619      3.954    12.6385  32.121116    26.9695      3.919  274.75424  274.89862    43.9646    12.9588 -9.990e-29
 126.462622      3.974    12.6373  32.120132    26.9677      3.939  274.76138  274.90569    43.8245    12.9507 -9.990e-29
 126.462624      3.996    12.6359  32.119727    26.9683      3.960  274.76843  274.91265    43.9334    12.9507 -9.990e-29
 126.462627      4.012    12.6348  32.118916    26.9683      3.977  274.77463  274.91879    43.9334    12.9507 -9.990e-29
 126.462630      4.024    12.6338  32.118916    26.9691      3.988  274.77937  274.92346    45.1008    13.0760 -9.990e-29
 126.462633      4.042    12.6329  32.118280    26.9691      4.006  274.78431  274.92835    45.1941    13.0801 -9.990e-29
 126.462636      4.062    12.6323  32.117759    26.9691      4.025  274.78810  274.93210    45.2253    13.0922 -9.990e-29
 126.462639      4.082    12.6316  32.118106    26.9699      4.045  274.79065  274.93461    45.3809    13.0679 -9.990e-29
 126.462642      4.101    12.6313  32.117296    26.9693      4.065  274.79306  274.93701    44.7895    13.0073 -9.990e-29
 126.462645      4.125    12.6311  32.117296    26.9695      4.088  274.79434  274.93827    44.7584    13.0113 -9.990e-29
 126.462648      4.149    12.6306  32.117470    26.9699      4.112  274.79594  274.93984    44.7584    13.0235 -9.990e-29
 126.462650      4.169    12.6303  32.117470    26.9701      4.132  274.79722  274.94110    44.8050    13.0477 -9.990e-29
 126.462653      4.192    12.6306  32.118107    26.9706      4.155  274.79515  274.93904    41.2097    12.7000 -9.990e-29
 126.462656      4.216    12.6308  32.118280    26.9706      4.179  274.79391  274.93781    41.1163    12.7323 -9.990e-29
 126.462659      4.235    12.6312  32.118280    26.9702      4.197  274.79202  274.93595    41.1941    12.6838 -9.990e-29
 126.462662      4.257    12.6316  32.119323    26.9709      4.219  274.78828  274.93223    41.1941    12.6959 -9.990e-29
 126.462665      4.271    12.6323  32.119496    26.9705      4.233  274.78482  274.92881    41.1475    12.6959 -9.990e-29
 126.462668      4.294    12.6328  32.119902    26.9700      4.256  274.78222  274.92624    48.7739    12.9628 -9.990e-29
 126.462671      4.324    12.6333  32.119728    26.9695      4.285  274.78002  274.92408    48.6961    12.9547 0.0000e+00
 126.462674      4.353    12.6338  32.118917    26.9690      4.314  274.77959  274.92368    48.7895    12.9466 0.0000e+00
 126.462677      4.389    12.6339  32.119091    26.9690      4.350  274.77867  274.92277    48.8517    12.9749 0.0000e+00
 126.462679      4.422    12.6339  32.119091    26.9690      4.382  274.77869  274.92279    50.9685    12.9709 0.0000e+00
 126.462682      4.460    12.6334  32.117702    26.9681      4.420  274.78341  274.92749    50.9529    12.9871 0.0000e+00
 126.462685      4.493    12.6325  32.117065    26.9681      4.453  274.78867  274.93270    50.9685    13.0194 0.0000e+00
 126.462688      4.526    12.6320  32.117992    26.9682      4.486  274.78925  274.93324    51.0463    13.0194 0.0000e+00
 126.462691      4.564    12.6318  32.116660    26.9688      4.524  274.79228  274.93627    51.4821    12.7687 0.0000e+00
 126.462694      4.617    12.6313  32.116892    26.9688      4.576  274.79443  274.93838    51.4976    12.7768 0.0000e+00
