Processed/SBE19plus_01907321_2022_05_05_Cast36_wfilter.cnv
* Sea-Bird SBE19plus  Data File:
* FileName = E:\Prandtl Daten\2022\CTD\Raw\SBE19plus_01907321_2022_05_05_Cast36.hex
* Software version 2.6.1.12
* Temperature SN = 7321
* Conductivity SN = 7321
* System UpLoad Time = May 05 2022 13:09:53
* <ApplicationData>
* <Seaterm232>
** Messpraktikum 2022
** CTD 05.05 BW2
# nquan = 11
# nvalues = 624                         
# units = specified
# name 0 = timeJ: Julian Days
# name 1 = prdM: Pressure, Strain Gauge [db]
# name 2 = tv290C: Temperature [ITS-90, deg C]
# name 3 = c0mS/cm: Conductivity [mS/cm]
# name 4 = sal00: Salinity, Practical [PSU]
# name 5 = depSM: Depth [salt water, m], lat = 54.00
# name 6 = oxsatMm/Kg: Oxygen Saturation, Weiss [umol/kg]
# name 7 = oxsolMm/Kg: Oxygen Saturation, Garcia & Gordon [umol/kg]
# name 8 = turbWETntu0: Turbidity, WET Labs ECO [NTU]
# name 9 = flECO-AFL: Fluorescence, WET Labs ECO-AFL/FL [mg/m^3]
# name 10 = flag:  0.000e+00
# span 0 = 125.543194, 125.544997       
# span 1 =      0.607,     17.041       
# span 2 =    12.0157,    12.0776       
# span 3 =  31.611361,  32.354812       
# span 4 =    26.9335,    27.5973       
# span 5 =      0.602,     16.888       
# span 6 =  276.88973,  278.42769       
# span 7 =  276.99390,  278.53605       
# span 8 =    19.4976,    35.3576       
# span 9 =     7.1036,     9.8492       
# span 10 = 0.0000e+00, 0.0000e+00      
# interval = seconds: 0.25
# start_time = May 05 2022 13:00:30 [Instrument's time stamp, header]
# bad_flag = -9.990e-29
*END*
[from data line 132]
 125.543576      3.986    12.0595  31.812472    27.0957      3.950  277.90756  278.01607    20.9607     8.1226 0.0000e+00
 125.543579      4.013    12.0609  31.817317    27.0975      3.977  277.89267  278.00123    20.8206     8.1145 0.0000e+00
 125.543582      4.042    12.0622  31.821932    27.0993      4.006  277.87822  277.98681    20.6805     8.1145 -9.990e-29
 125.543585      4.064    12.0636  31.823086    27.1027      4.028  277.86979  277.97847    20.6961     8.1104 -9.990e-29
 125.543588      4.088    12.0646  31.825105    27.1039      4.052  277.86168  277.97040    21.7856     7.9649 -9.990e-29
 125.543591      4.105    12.0653  31.830066    27.1080      4.068  277.84911  277.95784    21.8323     7.9810 -9.990e-29
 125.543594      4.126    12.0660  31.833643    27.1108      4.090  277.83940  277.94814    21.7389     7.9649 -9.990e-29
 125.543597      4.147    12.0668  31.837451    27.1139      4.109  277.82895  277.93770    21.6611     7.9568 -9.990e-29
 125.543600      4.168    12.0676  31.842240    27.1197      4.131  277.81639  277.92514    21.4899     8.0983 -9.990e-29
 125.543602      4.198    12.0685  31.845010    27.1209      4.160  277.80754  277.91632    21.4276     8.0983 0.0000e+00
 125.543605      4.234    12.0690  31.847837    27.1220      4.196  277.80016  277.90895    21.4743     8.0781 0.0000e+00
 125.543608      4.263    12.0695  31.849395    27.1231      4.225  277.79511  277.90392    21.4743     8.1306 0.0000e+00
 125.543611      4.298    12.0699  31.854589    27.1277      4.260  277.78371  277.89249    21.5054     8.0902 0.0000e+00
 125.543614      4.327    12.0697  31.856782    27.1288      4.288  277.78034  277.88909    21.1319     7.8961 0.0000e+00
 125.543617      4.360    12.0699  31.857590    27.1299      4.321  277.77793  277.88668    21.2875     7.9042 -9.990e-29
 125.543620      4.385    12.0699  31.857994    27.1308      4.346  277.77721  277.88596    21.1630     7.8880 -9.990e-29
 125.543623      4.406    12.0699  31.850607    27.1239      4.366  277.79109  277.89991    21.2097     7.9082 -9.990e-29
 125.543626      4.429    12.0693  31.836067    27.1106      4.390  277.82031  277.92924    21.3342     8.0376 -9.990e-29
 125.543628      4.447    12.0674  31.818933    27.0959      4.408  277.86029  277.96928    21.1941     8.0457 -9.990e-29
 125.543631      4.467    12.0648  31.814550    27.0936      4.427  277.88004  277.98890    21.2875     8.0376 -9.990e-29
 125.543634      4.487    12.0619  31.809936    27.0914      4.447  277.90180  278.01051    21.2564     8.0093 -9.990e-29
 125.543637      4.511    12.0600  31.805206    27.0849      4.471  277.91904  278.02766    21.4743     8.1387 -9.990e-29
 125.543640      4.538    12.0584  31.800420    27.0836      4.498  277.93511  278.04368    21.5366     8.1630 0.0000e+00
 125.543643      4.568    12.0570  31.796441    27.0822      4.527  277.94876  278.05727    21.5988     8.1792 0.0000e+00
 125.543646      4.599    12.0555  31.792462    27.0795      4.558  277.96273  278.07118    21.4899     8.1590 0.0000e+00
 125.543649      4.630    12.0542  31.787446    27.0758      4.588  277.97829  278.08670    20.9762     7.9568 0.0000e+00
 125.543652      4.657    12.0528  31.784102    27.0749      4.615  277.99077  278.09912    21.1941     7.9406 0.0000e+00
 125.543655      4.686    12.0515  31.784505    27.0749      4.644  277.99574  278.10400    21.0229     7.9406 0.0000e+00
 125.543657      4.715    12.0509  31.792463    27.0828      4.673  277.98400  278.09213    20.9762     7.9729 0.0000e+00
 125.543660      4.746    12.0511  31.809188    27.0906      4.704  277.95236  278.06032    20.9762     7.9932 0.0000e+00
 125.543663      4.774    12.0523  31.826896    27.0984      4.731  277.91449  278.02235    20.9296     7.9163 -9.990e-29
 125.543666      4.794    12.0533  31.844032    27.1296      4.751  277.87830  277.98605    21.0852     7.8880 -9.990e-29
 125.543669      4.816    12.0542  31.848648    27.1333      4.773  277.86605  277.97381    21.0696     7.8719 -9.990e-29
 125.543672      4.834    12.0546  31.858978    27.1428      4.791  277.84520  277.95288    21.1475     7.8799 -9.990e-29
 125.543675      4.852    12.0551  31.882932    27.1817      4.809  277.79872  277.90617    21.0541     7.6980 -9.990e-29
 125.543678      4.880    12.0561  31.901523    27.1964      4.836  277.76020  277.86752    20.9607     7.7222 0.0000e+00
 125.543681      4.905    12.0571  31.933518    27.2111      4.861  277.69707  277.80412    20.9762     7.7020 0.0000e+00
 125.543683      4.933    12.0584  31.958130    27.2300      4.889  277.64594  277.75282    20.8984     7.7142 0.0000e+00
 125.543686      4.964    12.0596  31.955530    27.2300      4.919  277.64537  277.75236    20.9607     7.6980 0.0000e+00
 125.543689      4.997    12.0606  31.941895    27.2232      4.952  277.66600  277.77320    21.0385     7.7182 0.0000e+00
 125.543692      5.026    12.0614  31.939930    27.2164      4.981  277.66584  277.77312    20.8517     7.6778 -9.990e-29
 125.543695      5.049    12.0619  31.936118    27.1904      5.004  277.67064  277.77800    20.9296     7.6778 -9.990e-29
 125.543698      5.075    12.0622  31.915498    27.1904      5.030  277.70723  277.81483    21.2564     7.7222 0.0000e+00
 125.543701      5.102    12.0625  31.902909    27.1904      5.057  277.72877  277.83652    21.4587     7.8476 -9.990e-29
 125.543704      5.119    12.0627  31.894363    27.1701      5.073  277.74383  277.85169    21.2564     7.8476 -9.990e-29
 125.543707      5.141    12.0631  31.902101    27.1771      5.095  277.72775  277.83556    21.0696     7.8557 -9.990e-29
 125.543709      5.159    12.0634  31.913534    27.1876      5.113  277.70552  277.81323    21.3187     7.8152 -9.990e-29
 125.543712      5.181    12.0637  31.926934    27.2064      5.134  277.67938  277.78696    20.1047     7.5767 -9.990e-29
 125.543715      5.208    12.0642  31.934096    27.2059      5.162  277.66405  277.77159    19.9801     7.5605 0.0000e+00
 125.543718      5.235    12.0650  31.933692    27.2054      5.189  277.66134  277.76894    20.0580     7.5888 0.0000e+00
 125.543721      5.268    12.0655  31.931728    27.2032      5.221  277.66244  277.77010    20.0113     7.5848 0.0000e+00
 125.543724      5.299    12.0660  31.929706    27.2029      5.252  277.66428  277.77199    20.1202     7.6454 0.0000e+00
 125.543727      5.332    12.0664  31.932132    27.2029      5.284  277.65764  277.76536    19.8868     7.6535 0.0000e+00
 125.543730      5.365    12.0671  31.936927    27.2049      5.317  277.64603  277.75374    20.1202     7.6414 0.0000e+00
 125.543733      5.394    12.0676  31.933692    27.2069      5.346  277.64946  277.75724    20.0424     7.6009 -9.990e-29
 125.543736      5.418    12.0681  31.926530    27.1963      5.369  277.66041  277.76830    21.7078     7.8274 -9.990e-29
 125.543738      5.443    12.0683  31.916538    27.1868      5.395  277.67781  277.78582    21.8478     7.8193 -9.990e-29
 125.543741      5.465    12.0681  31.908915    27.1797      5.416  277.69275  277.80083    21.8478     7.8638 -9.990e-29
 125.543744      5.482    12.0678  31.907298    27.1784      5.433  277.69699  277.80507    21.7233     7.8435 -9.990e-29
 125.543747      5.498    12.0673  31.905970    27.1775      5.449  277.70196  277.81001    21.7856     7.8557 -9.990e-29
 125.543750      5.516    12.0674  31.902910    27.1746      5.467  277.70727  277.81536    21.7389     7.9042 -9.990e-29
 125.543753      5.538    12.0674  31.899907    27.1708      5.489  277.71248  277.82061    21.8323     7.9204 -9.990e-29
 125.543756      5.564    12.0674  31.898926    27.1698      5.514  277.71430  277.82244    21.7233     7.8961 0.0000e+00
 125.543759      5.590    12.0675  31.896905    27.1688      5.540  277.71771  277.82587    21.7856     7.8880 0.0000e+00
 125.543762      5.619    12.0674  31.896327    27.1683      5.568  277.71910  277.82727    21.1319     7.6333 0.0000e+00
 125.543764      5.646    12.0667  31.895750    27.1683      5.595  277.72365  277.83177    21.0541     7.6495 0.0000e+00
 125.543767      5.681    12.0660  31.897714    27.1707      5.630  277.72323  277.83128    21.0385     7.6414 0.0000e+00
 125.543770      5.710    12.0651  31.902102    27.1754      5.659  277.71898  277.82693    21.1008     7.6373 0.0000e+00
 125.543773      5.739    12.0646  31.917521    27.1903      5.688  277.69324  277.80098    20.4626     7.7667 0.0000e+00
 125.543776      5.765    12.0643  31.922315    27.1927      5.713  277.68573  277.79340    20.5249     7.7667 0.0000e+00
 125.543779      5.790    12.0643  31.920698    27.1950      5.738  277.68871  277.79640    20.5871     7.7667 -9.990e-29
 125.543782      5.810    12.0639  31.921737    27.1947      5.758  277.68839  277.79605    20.5560     7.7910 -9.990e-29
 125.543785      5.823    12.0637  31.916539    27.1900      5.771  277.69920  277.80689    20.5093     7.7667 -9.990e-29
 125.543788      5.845    12.0633  31.906722    27.1810      5.792  277.71881  277.82658    20.4938     7.7910 -9.990e-29
 125.543791      5.861    12.0627  31.894712    27.1717      5.809  277.74338  277.85124    20.4782     7.7829 -9.990e-29
 125.543793      5.887    12.0616  31.895521    27.1730      5.834  277.74728  277.85505    20.5093     7.7950 0.0000e+00
 125.543796      5.914    12.0602  31.897195    27.1743      5.861  277.75022  277.85788    20.5871     7.7829 0.0000e+00
 125.543799      5.945    12.0593  31.899505    27.1771      5.892  277.75011  277.85768    20.6650     7.7101 0.0000e+00
 125.543802      5.976    12.0588  31.905106    27.1828      5.922  277.74237  277.84985    20.5716     7.7061 0.0000e+00
 125.543805      6.007    12.0583  31.912902    27.1892      5.953  277.72998  277.83734    20.4471     7.7303 0.0000e+00
 125.543808      6.034    12.0579  31.911343    27.1892      5.980  277.73475  277.84210    20.4004     7.7061 0.0000e+00
 125.543811      6.063    12.0579  31.903316    27.1854      6.009  277.74950  277.85694    22.0191     8.1104 0.0000e+00
 125.543814      6.096    12.0580  31.898928    27.1817      6.042  277.75726  277.86475    22.0191     8.0983 -9.990e-29
 125.543817      6.120    12.0579  31.900545    27.1790      6.065  277.75463  277.86210    22.0191     8.1023 -9.990e-29
 125.543819      6.142    12.0581  31.901931    27.1802      6.087  277.75147  277.85893    21.8945     8.0781 -9.990e-29
 125.543822      6.154    12.0583  31.906146    27.1840      6.099  277.74248  277.84991    20.2603     7.7748 -9.990e-29
 125.543825      6.176    12.0585  31.904934    27.1827      6.121  277.74409  277.85155    20.2136     7.7829 -9.990e-29
 125.543828      6.197    12.0588  31.899333    27.1772      6.141  277.75280  277.86035    20.1669     7.7667 -9.990e-29
 125.543831      6.218    12.0589  31.895349    27.1660      6.163  277.75981  277.86740    20.2759     7.7546 -9.990e-29
 125.543834      6.249    12.0586  31.887324    27.1641      6.194  277.77583  277.88348    19.9801     7.9082 0.0000e+00
 125.543837      6.279    12.0583  31.882936    27.1621      6.222  277.78516  277.89284    20.0268     7.8759 0.0000e+00
 125.543840      6.308    12.0581  31.878549    27.1581      6.252  277.79449  277.90221    20.0113     7.8840 0.0000e+00
 125.543843      6.341    12.0577  31.874970    27.1566      6.284  277.80266  277.91039    20.0268     7.9325 0.0000e+00
 125.543845      6.370    12.0576  31.874047    27.1550      6.313  277.80501  277.91274    19.9957     7.8719 -9.990e-29
 125.543848      6.395    12.0576  31.875374    27.1500      6.338  277.80259  277.91030    21.9412     7.8961 -9.990e-29
 125.543851      6.425    12.0576  31.869602    27.1500      6.367  277.81320  277.92098    22.0346     7.9285 0.0000e+00
 125.543854      6.450    12.0576  31.863196    27.1500      6.392  277.82466  277.93251    21.9724     7.8638 -9.990e-29
 125.543857      6.470    12.0574  31.862388    27.1433      6.412  277.82711  277.93495    21.9257     7.8476 -9.990e-29
 125.543860      6.492    12.0573  31.870757    27.1513      6.434  277.81239  277.92014    21.4743     7.7586 -9.990e-29
 125.543863      6.508    12.0575  31.880974    27.1608      6.450  277.79271  277.90035    21.4587     7.7586 -9.990e-29
 125.543866      6.526    12.0583  31.886343    27.1652      6.468  277.77939  277.88704    21.5054     7.7829 -9.990e-29
 125.543869      6.547    12.0587  31.880339    27.1573      6.488  277.78853  277.89627    21.5210     7.7829 -9.990e-29
 125.543872      6.574    12.0591  31.878550    27.1580      6.515  277.78994  277.89772    20.8517     7.6535 0.0000e+00
 125.543874      6.603    12.0593  31.880166    27.1587      6.544  277.78636  277.89414    20.7117     7.6454 0.0000e+00
 125.543877      6.632    12.0594  31.885535    27.1636      6.573  277.77590  277.88363    20.7117     7.6454 0.0000e+00
 125.543880      6.663    12.0598  31.891943    27.1694      6.604  277.76226  277.86995    20.5871     7.6575 0.0000e+00
 125.543883      6.691    12.0602  31.900316    27.1769      6.631  277.74502  277.85265    21.3809     7.9163 0.0000e+00
 125.543886      6.716    12.0607  31.903145    27.1792      6.656  277.73764  277.84527    21.2564     7.9002 0.0000e+00
 125.543889      6.744    12.0613  31.907303    27.1810      6.683  277.72751  277.83513    21.2253     7.8961 0.0000e+00
 125.543892      6.773    12.0619  31.903722    27.1827      6.712  277.73125  277.83896    21.2875     7.8880 -9.990e-29
 125.543895      6.795    12.0623  31.895523    27.1709      6.734  277.74442  277.85225    21.2408     7.8961 -9.990e-29
 125.543898      6.809    12.0630  31.890558    27.1657      6.749  277.75070  277.85862    21.6611     7.8961 -9.990e-29
 125.543900      6.826    12.0634  31.883919    27.1591      6.765  277.76068  277.86871    21.7389     7.9123 -9.990e-29
 125.543903      6.842    12.0636  31.878781    27.1542      6.781  277.76949  277.87758    21.7856     7.8799 -9.990e-29
 125.543906      6.862    12.0632  31.882937    27.1583      6.801  277.76345  277.87148    21.6766     7.9244 -9.990e-29
 125.543909      6.888    12.0627  31.888133    27.1636      6.826  277.75646  277.86439    21.5521     7.7950 -9.990e-29
 125.543912      6.912    12.0622  31.895524    27.1868      6.850  277.74513  277.85295    21.5054     7.7829 -9.990e-29
 125.543915      6.944    12.0623  31.912500    27.1904      6.882  277.71369  277.82133    21.5366     7.7667 0.0000e+00
 125.543918      6.974    12.0626  31.920528    27.1941      6.911  277.69740  277.80498    21.4899     7.7425 0.0000e+00
 125.543921      7.005    12.0631  31.928730    27.2015      6.942  277.68017  277.78769    20.4626     7.9608 0.0000e+00
 125.543924      7.036    12.0634  31.941092    27.2072      6.973  277.65625  277.76366    20.5716     7.9891 0.0000e+00
 125.543927      7.061    12.0639  31.955131    27.2129      6.998  277.62830  277.73560    20.4315     7.9932 -9.990e-29
 125.543929      7.085    12.0639  31.963914    27.2340      7.021  277.61189  277.71910    20.5249     7.9649 -9.990e-29
 125.543932      7.110    12.0641  31.967728    27.2374      7.047  277.60397  277.71115    22.0969     7.7182 -9.990e-29
 125.543935      7.130    12.0642  31.969346    27.2389      7.067  277.60070  277.70786    21.9568     7.7344 -9.990e-29
 125.543938      7.148    12.0644  31.968769    27.2382      7.085  277.60082  277.70801    21.9412     7.6939 -9.990e-29
 125.543941      7.165    12.0647  31.963741    27.2333      7.101  277.60879  277.71606    21.9568     7.7020 -9.990e-29
 125.543944      7.183    12.0647  31.927864    27.1995      7.119  277.67462  277.78227    21.9879     7.6939 -9.990e-29
 125.543947      7.203    12.0643  31.911115    27.1789      7.139  277.70725  277.81505    20.9918     7.7869 -9.990e-29
 125.543950      7.229    12.0633  31.904936    27.1795      7.164  277.72303  277.83082    20.9296     7.7505 0.0000e+00
