Processed/SBE19plus_01907321_2022_05_04_Cast10_wfilter.cnv
* Sea-Bird SBE19plus  Data File:
* FileName = E:\Prandtl Daten\2022\CTD\Raw\SBE19plus_01907321_2022_010_Cast08.hex
* Software version 2.6.1.12
* Temperature SN = 7321
* Conductivity SN = 7321
* System UpLoad Time = May 04 2022 07:23:58
* <ApplicationData>
* <Seaterm232>
** Messpraktikum 2022
** CTD 04.05 KFN2
# nquan = 11
# nvalues = 510                         
# units = specified
# name 0 = timeJ: Julian Days
# name 1 = prdM: Pressure, Strain Gauge [db]
# name 2 = tv290C: Temperature [ITS-90, deg C]
# name 3 = c0mS/cm: Conductivity [mS/cm]
# name 4 = sal00: Salinity, Practical [PSU]
# name 5 = depSM: Depth [salt water, m], lat = 54.00
# name 6 = oxsatMm/Kg: Oxygen Saturation, Weiss [umol/kg]
# name 7 = oxsolMm/Kg: Oxygen Saturation, Garcia & Gordon [umol/kg]
# name 8 = turbWETntu0: Turbidity, WET Labs ECO [NTU]
# name 9 = flECO-AFL: Fluorescence, WET Labs ECO-AFL/FL [mg/m^3]
# name 10 = flag:  0.000e+00
# span 0 = 124.297378, 124.298851       
# span 1 =      0.591,     14.095       
# span 2 =    12.0507,    12.0657       
# span 3 =  31.826911,  31.846479       
# span 4 =    27.1037,    27.1295       
# span 5 =      0.586,     13.969       
# span 6 =  277.81870,  277.90247       
# span 7 =  277.92728,  278.01013       
# span 8 =    35.7934,    67.4665       
# span 9 =     9.0566,    13.9899       
# span 10 = 0.0000e+00, 0.0000e+00      
# interval = seconds: 0.25
# start_time = May 04 2022 07:07:03 [Instrument's time stamp, header]
# bad_flag = -9.990e-29
*END*
[from data line 132]
 124.297760      3.985    12.0570  31.841260    27.1252      3.949  277.86609  277.97412    36.1980     9.3397 -9.990e-29
 124.297763      4.028    12.0569  31.841837    27.1253      3.992  277.86538  277.97340    36.2603     9.3073 0.0000e+00
 124.297766      4.094    12.0570  31.842068    27.1252      4.057  277.86468  277.97271    36.4315     9.2507 0.0000e+00
 124.297769      4.165    12.0574  31.841664    27.1248      4.128  277.86358  277.97163    36.3226     9.1577 0.0000e+00
 124.297772      4.247    12.0577  31.842068    27.1247      4.209  277.86163  277.96970    36.5093     9.1537 0.0000e+00
 124.297775      4.319    12.0579  31.842241    27.1247      4.280  277.86041  277.96849    36.2914     9.1779 0.0000e+00
 124.297778      4.379    12.0582  31.841838    27.1243      4.340  277.85993  277.96804    36.6650     9.1618 0.0000e+00
 124.297781      4.424    12.0582  31.842069    27.1242      4.385  277.85954  277.96764    37.0852     9.1739 0.0000e+00
 124.297784      4.450    12.0583  31.842415    27.1243      4.410  277.85860  277.96671    37.1941     9.0809 -9.990e-29
 124.297786      4.459    12.0586  31.842819    27.1247      4.419  277.85629  277.96441    37.2253     9.1254 -9.990e-29
 124.297789      4.455    12.0589  31.841838    27.1236      4.415  277.85682  277.96498    37.2720     9.1335 -9.990e-29
 124.297792      4.450    12.0588  31.842069    27.1239      4.410  277.85671  277.96486    36.3381     9.4934 -9.990e-29
 124.297795      4.441    12.0587  31.841434    27.1234      4.401  277.85850  277.96665    36.3692     9.5338 -9.990e-29
 124.297798      4.439    12.0584  31.841665    27.1238      4.399  277.85934  277.96746    36.4938     9.4529 -9.990e-29
 124.297801      4.433    12.0583  31.841030    27.1233      4.393  277.86082  277.96894    36.5405     9.4772 -9.990e-29
 124.297804      4.441    12.0581  31.841838    27.1242      4.401  277.86029  277.96839    36.0113     9.5864 -9.990e-29
 124.297807      4.455    12.0584  31.841030    27.1233      4.415  277.86052  277.96865    35.9334     9.5702 -9.990e-29
 124.297810      4.481    12.0586  31.841261    27.1230      4.441  277.85948  277.96762    36.0580     9.6794 0.0000e+00
 124.297813      4.515    12.0586  31.840626    27.1227      4.475  277.86035  277.96850    35.8401     9.6066 0.0000e+00
 124.297815      4.559    12.0585  31.840396    27.1225      4.518  277.86143  277.96958    35.7934     9.6227 0.0000e+00
 124.297818      4.606    12.0584  31.840223    27.1225      4.565  277.86210  277.97024    36.0424     9.2669 0.0000e+00
 124.297821      4.650    12.0582  31.840858    27.1225      4.609  277.86191  277.97003    36.3226     9.2224 0.0000e+00
 124.297824      4.690    12.0581  31.840050    27.1225      4.648  277.86405  277.97217    35.9801     9.1820 0.0000e+00
 124.297827      4.721    12.0576  31.839473    27.1223      4.679  277.86703  277.97513    36.1047     9.2629 0.0000e+00
 124.297830      4.756    12.0569  31.839877    27.1222      4.713  277.86979  277.97783    37.4899     9.9260 -9.990e-29
 124.297833      4.780    12.0564  31.840223    27.1242      4.737  277.87138  277.97938    37.6611     9.9705 -9.990e-29
 124.297836      4.809    12.0563  31.840627    27.1242      4.766  277.87097  277.97897    37.7700     9.9624 0.0000e+00
 124.297839      4.836    12.0563  31.840224    27.1242      4.793  277.87173  277.97973    37.5833     9.9260 -9.990e-29
 124.297841      4.858    12.0565  31.839877    27.1233      4.815  277.87144  277.97945    49.3031    12.1379 -9.990e-29
 124.297844      4.882    12.0564  31.840051    27.1236      4.838  277.87177  277.97977    49.1941    12.1217 -9.990e-29
 124.297847      4.906    12.0564  31.839878    27.1239      4.862  277.87210  277.98011    49.1630    12.1258 -9.990e-29
 124.297850      4.940    12.0567  31.840628    27.1215      4.896  277.86917  277.97719    49.1941    12.1419 0.0000e+00
 124.297853      4.971    12.0572  31.836070    27.1192      4.927  277.87534  277.98345    47.8089    11.5111 0.0000e+00
 124.297856      5.011    12.0578  31.833877    27.1174      4.967  277.87687  277.98503    47.7778    11.4828 0.0000e+00
 124.297859      5.050    12.0591  31.835666    27.1167      5.005  277.86761  277.97584    47.7622    11.4869 0.0000e+00
 124.297862      5.086    12.0594  31.834281    27.1167      5.041  277.86891  277.97718    47.7934    11.4828 0.0000e+00
 124.297865      5.119    12.0597  31.836647    27.1159      5.074  277.86332  277.97159    47.7934    11.4869 -9.990e-29
 124.297867      5.141    12.0594  31.834858    27.1164      5.095  277.86789  277.97615    48.3226    11.0502 -9.990e-29
 124.297870      5.167    12.0595  31.833070    27.1147      5.121  277.87087  277.97916    48.3381    11.0380 -9.990e-29
 124.297873      5.176    12.0600  31.832493    27.1138      5.130  277.86972  277.97805    48.1669    11.0380 -9.990e-29
 124.297876      5.182    12.0602  31.833878    27.1149      5.135  277.86624  277.97457    48.2603    11.0502 -9.990e-29
 124.297879      5.180    12.0600  31.832262    27.1135      5.133  277.86983  277.97817    45.9879    11.6729 -9.990e-29
 124.297882      5.174    12.0602  31.833762    27.1148      5.128  277.86613  277.97446    46.1903    11.6688 -9.990e-29
 124.297885      5.173    12.0602  31.832493    27.1136      5.126  277.86877  277.97712    45.9257    11.6931 -9.990e-29
 124.297888      5.176    12.0600  31.832089    27.1134      5.130  277.87015  277.97849    46.0035    11.6607 -9.990e-29
 124.297891      5.186    12.0597  31.830474    27.1108      5.139  277.87470  277.98303    44.4938    11.4343 -9.990e-29
 124.297894      5.215    12.0596  31.829089    27.1102      5.168  277.87758  277.98592    44.5560    11.4020 0.0000e+00
 124.297896      5.246    12.0599  31.827878    27.1095      5.199  277.87856  277.98693    44.5249    11.3898 0.0000e+00
 124.297899      5.293    12.0602  31.827301    27.1087      5.246  277.87838  277.98678    44.5405    11.4141 0.0000e+00
 124.297902      5.344    12.0604  31.827301    27.1087      5.296  277.87747  277.98589    46.0191    11.0259 0.0000e+00
 124.297905      5.408    12.0602  31.828109    27.1094      5.360  277.87666  277.98506    46.0191    11.0178 0.0000e+00
 124.297908      5.474    12.0600  31.828917    27.1100      5.425  277.87649  277.98486    45.9879    11.0340 0.0000e+00
 124.297911      5.547    12.0599  31.828513    27.1103      5.497  277.87759  277.98596    46.1903    11.0461 0.0000e+00
 124.297914      5.609    12.0595  31.828687    27.1104      5.558  277.87890  277.98724    46.0969    11.0340 0.0000e+00
 124.297917      5.667    12.0590  31.829091    27.1107      5.616  277.88041  277.98872    43.6689    10.1444 0.0000e+00
 124.297920      5.711    12.0588  31.830475    27.1111      5.660  277.87885  277.98712    43.7622    10.1161 -9.990e-29
 124.297922      5.736    12.0592  31.830706    27.1125      5.685  277.87686  277.98516    43.8401    10.1080 -9.990e-29
 124.297925      5.753    12.0599  31.830072    27.1114      5.701  277.87487  277.98323    43.9023    10.1363 -9.990e-29
 124.297928      5.749    12.0604  31.831456    27.1123      5.698  277.87012  277.97849    41.2564    10.8116 -9.990e-29
 124.297931      5.738    12.0611  31.831283    27.1116      5.687  277.86695  277.97538    41.4743    10.8399 -9.990e-29
 124.297934      5.714    12.0616  31.830706    27.1108      5.663  277.86610  277.97456    41.3187    10.8237 -9.990e-29
 124.297937      5.689    12.0619  31.831860    27.1116      5.638  277.86238  277.97086    41.3031    10.8722 -9.990e-29
 124.297940      5.660    12.0621  31.832263    27.1118      5.609  277.86067  277.96916    43.8712    10.3466 -9.990e-29
 124.297943      5.647    12.0622  31.832090    27.1116      5.597  277.86067  277.96916    43.8556    10.3344 -9.990e-29
 124.297946      5.640    12.0623  31.831110    27.1106      5.589  277.86183  277.97034    43.9023    10.3587 -9.990e-29
 124.297948      5.651    12.0619  31.831860    27.1116      5.600  277.86236  277.97083    43.9023    10.3142 -9.990e-29
 124.297951      5.675    12.0615  31.831456    27.1115      5.624  277.86501  277.97346    46.5638    11.3049 -9.990e-29
 124.297954      5.720    12.0608  31.830879    27.1116      5.669  277.86926  277.97767    46.6727    11.3049 0.0000e+00
 124.297957      5.788    12.0602  31.830706    27.1118      5.736  277.87247  277.98084    46.5015    11.2887 0.0000e+00
 124.297960      5.864    12.0597  31.831457    27.1125      5.812  277.87304  277.98137    46.3459    11.2968 0.0000e+00
 124.297963      5.950    12.0598  31.831284    27.1127      5.897  277.87310  277.98144    46.5327    11.2847 0.0000e+00
 124.297966      6.036    12.0600  31.832669    27.1136      5.982  277.86998  277.97832    43.2798     9.8088 0.0000e+00
 124.297969      6.114    12.0600  31.832669    27.1137      6.060  277.87004  277.97837    43.4354     9.7602 0.0000e+00
 124.297972      6.176    12.0597  31.832669    27.1137      6.121  277.87103  277.97935    43.3264     9.8168 0.0000e+00
 124.297975      6.216    12.0600  31.833073    27.1138      6.161  277.86936  277.97769    43.4198     9.8411 -9.990e-29
 124.297977      6.236    12.0599  31.834285    27.1152      6.181  277.86747  277.97578    46.0035    10.4638 -9.990e-29
 124.297980      6.233    12.0604  31.833650    27.1142      6.177  277.86610  277.97446    46.2058    10.4719 -9.990e-29
 124.297983      6.218    12.0607  31.833304    27.1136      6.163  277.86547  277.97385    46.0502    10.4396 -9.990e-29
 124.297986      6.198    12.0609  31.833304    27.1135      6.143  277.86482  277.97321    46.0035    10.4557 -9.990e-29
 124.297989      6.176    12.0612  31.834861    27.1148      6.121  277.86037  277.96876    46.4860    10.8237 -9.990e-29
 124.297992      6.160    12.0612  31.834284    27.1142      6.105  277.86141  277.96982    46.4393    10.8197 -9.990e-29
 124.297995      6.167    12.0611  31.833477    27.1136      6.112  277.86353  277.97194    46.3615    10.8520 -9.990e-29
 124.297998      6.187    12.0608  31.832496    27.1126      6.132  277.86661  277.97500    46.5327    10.8197 -9.990e-29
 124.298001      6.229    12.0609  31.832265    27.1127      6.173  277.86675  277.97515    47.5288    11.2806 0.0000e+00
 124.298003      6.280    12.0604  31.832266    27.1126      6.224  277.86868  277.97705    47.4665    11.2887 0.0000e+00
 124.298006      6.335    12.0601  31.831285    27.1122      6.278  277.87210  277.98045    47.5910    11.2968 0.0000e+00
 124.298009      6.389    12.0600  31.831285    27.1122      6.332  277.87276  277.98111    47.4198    11.2685 0.0000e+00
 124.298012      6.433    12.0597  31.830881    27.1121      6.375  277.87448  277.98282    47.5443    11.2968 0.0000e+00
 124.298015      6.464    12.0601  31.831689    27.1120      6.406  277.87144  277.97980    47.1708    10.5892 -9.990e-29
 124.298018      6.486    12.0603  31.831112    27.1118      6.428  277.87157  277.97994    47.2019    10.5811 -9.990e-29
 124.298021      6.495    12.0601  31.831112    27.1119      6.437  277.87252  277.98088    47.3109    10.6094 -9.990e-29
 124.298024      6.506    12.0602  31.830478    27.1112      6.448  277.87306  277.98144    47.3109    10.6215 -9.990e-29
 124.298027      6.510    12.0602  31.829785    27.1106      6.452  277.87433  277.98272    49.5677    12.0692 -9.990e-29
 124.298030      6.527    12.0602  31.830074    27.1109      6.468  277.87413  277.98251    49.5366    12.0489 -9.990e-29
 124.298032      6.543    12.0602  31.830305    27.1111      6.485  277.87340  277.98178    49.5677    12.0408 -9.990e-29
 124.298035      6.565    12.0601  31.830074    27.1111      6.506  277.87447  277.98285    49.5366    12.0772 -9.990e-29
 124.298038      6.596    12.0599  31.830074    27.1112      6.537  277.87544  277.98380    51.9179    12.2188 0.0000e+00
 124.298041      6.642    12.0597  31.830305    27.1111      6.582  277.87600  277.98434    52.1825    12.1985 0.0000e+00
 124.298044      6.693    12.0599  31.829671    27.1110      6.633  277.87625  277.98461    51.9801    12.1905 0.0000e+00
 124.298047      6.751    12.0600  31.830075    27.1107      6.691  277.87523  277.98360    51.9646    12.1945 0.0000e+00
 124.298050      6.806    12.0601  31.829902    27.1107      6.745  277.87495  277.98333    49.1163    10.7145 0.0000e+00
 124.298053      6.857    12.0602  31.829902    27.1106      6.796  277.87467  277.98305    49.1630    10.7145 0.0000e+00
 124.298056      6.896    12.0604  31.830075    27.1106      6.834  277.87343  277.98183    49.2253    10.7469 0.0000e+00
 124.298058      6.927    12.0606  31.829498    27.1106      6.865  277.87325  277.98167    49.3031    10.7145 -9.990e-29
 124.298061      6.945    12.0607  31.829498    27.1098      6.883  277.87294  277.98137    49.2875    10.7348 -9.990e-29
 124.298064      6.950    12.0606  31.829498    27.1099      6.888  277.87358  277.98199    51.0619    11.0259 -9.990e-29
 124.298067      6.948    12.0602  31.829902    27.1105      6.886  277.87442  277.98280    51.0619    11.0299 -9.990e-29
 124.298070      6.933    12.0604  31.830075    27.1106      6.871  277.87346  277.98185    50.9840    11.0461 -9.990e-29
 124.298073      6.920    12.0606  31.829671    27.1100      6.859  277.87293  277.98134    50.9373    11.0461 -9.990e-29
 124.298076      6.909    12.0610  31.829498    27.1096      6.847  277.87166  277.98010    50.6261    11.8953 -9.990e-29
 124.298079      6.906    12.0611  31.828690    27.1088      6.844  277.87282  277.98128    50.3926    11.8791 -9.990e-29
 124.298082      6.918    12.0610  31.829094    27.1093      6.856  277.87240  277.98085    50.5171    11.8710 -9.990e-29
 124.298084      6.953    12.0609  31.829094    27.1092      6.891  277.87306  277.98150    50.3303    11.8670 0.0000e+00
 124.298087      7.012    12.0609  31.828922    27.1091      6.949  277.87342  277.98186    50.2369    11.5435 0.0000e+00
 124.298090      7.074    12.0607  31.827710    27.1081      7.010  277.87631  277.98476    50.1591    11.5394 0.0000e+00
 124.298093      7.148    12.0606  31.827307    27.1081      7.084  277.87742  277.98586    50.1747    11.5475 0.0000e+00
 124.298096      7.219    12.0607  31.828461    27.1084      7.155  277.87504  277.98347    50.1747    11.5677 0.0000e+00
 124.298099      7.274    12.0612  31.828518    27.1086      7.209  277.87275  277.98122    53.0385    10.4638 0.0000e+00
 124.298102      7.316    12.0616  31.827711    27.1084      7.251  277.87268  277.98119    53.1319    10.4679 -9.990e-29
 124.298105      7.338    12.0618  31.827480    27.1070      7.272  277.87186  277.98038    53.0541    10.4881 -9.990e-29
 124.298108      7.345    12.0618  31.828692    27.1081      7.280  277.86996  277.97846    53.1319    10.4840 -9.990e-29
 124.298111      7.346    12.0623  31.828922    27.1080      7.280  277.86732  277.97586    53.0541    10.4800 -9.990e-29
 124.298113      7.331    12.0625  31.828692    27.1076      7.265  277.86679  277.97534    50.2058    11.6082 -9.990e-29
 124.298116      7.320    12.0629  31.827884    27.1066      7.255  277.86636  277.97496    50.2214    11.6244 -9.990e-29
 124.298119      7.313    12.0625  31.827480    27.1065      7.247  277.86868  277.97725    50.2836    11.6284 -9.990e-29
 124.298122      7.320    12.0623  31.828692    27.1076      7.255  277.86773  277.97627    50.3148    11.6203 -9.990e-29
 124.298125      7.349    12.0623  31.828519    27.1073      7.284  277.86775  277.97629    53.2408    11.9519 0.0000e+00
 124.298128      7.395    12.0626  31.828115    27.1070      7.329  277.86725  277.97583    53.2408    11.9357 0.0000e+00
 124.298131      7.450    12.0625  31.827077    27.1070      7.383  277.86951  277.97809    53.1630    11.9438 0.0000e+00
 124.298134      7.515    12.0623  31.828288    27.1073      7.448  277.86860  277.97714    53.2720    11.9114 0.0000e+00
