Processed/SBE19plus_01907321_2022_05_05_Cast35_wfilter.cnv
* Sea-Bird SBE19plus  Data File:
* FileName = E:\Prandtl Daten\2022\CTD\Raw\SBE19plus_01907321_2022_05_05_Cast35.hex
* Software version 2.6.1.12
* Temperature SN = 7321
* Conductivity SN = 7321
* System UpLoad Time = May 05 2022 12:41:53
* <ApplicationData>
* <Seaterm232>
** Messpraktikum 2022
** CTD 05.05 NP1
# nquan = 11
# nvalues = 337                         
# units = specified
# name 0 = timeJ: Julian Days
# name 1 = prdM: Pressure, Strain Gauge [db]
# name 2 = tv290C: Temperature [ITS-90, deg C]
# name 3 = c0mS/cm: Conductivity [mS/cm]
# name 4 = sal00: Salinity, Practical [PSU]
# name 5 = depSM: Depth [salt water, m], lat = 54.00
# name 6 = oxsatMm/Kg: Oxygen Saturation, Weiss [umol/kg]
# name 7 = oxsolMm/Kg: Oxygen Saturation, Garcia & Gordon [umol/kg]
# name 8 = turbWETntu0: Turbidity, WET Labs ECO [NTU]
# name 9 = flECO-AFL: Fluorescence, WET Labs ECO-AFL/FL [mg/m^3]
# name 10 = flag:  0.000e+00
# span 0 = 125.525726, 125.526698       
# span 1 =      0.588,      8.763       
# span 2 =    12.0505,    12.1136       
# span 3 =  32.538724,  32.560637       
# span 4 =    27.7450,    27.8048       
# span 5 =      0.583,      8.684       
# span 6 =  276.30876,  276.58465       
# span 7 =  276.41310,  276.68452       
# span 8 =     7.1708,    40.2914       
# span 9 =     3.3551,     9.3276       
# span 10 = 0.0000e+00, 0.0000e+00      
# interval = seconds: 0.25
# start_time = May 05 2022 12:35:23 [Instrument's time stamp, header]
# bad_flag = -9.990e-29
*END*
 125.525726      0.588    12.1037  32.541576    27.7517      0.583  276.37112  276.47488     7.3576     3.4683 0.0000e+00
 125.525729      0.640    12.1047  32.541401    27.7512      0.634  276.36711  276.47094     7.2642     3.4602 0.0000e+00
 125.525732      0.671    12.1054  32.541401    27.7507      0.665  276.36402  276.46790     7.4198     3.4441 -9.990e-29
 125.525735      0.674    12.1058  32.540994    27.7495      0.668  276.36289  276.46681     7.1708     3.5088 -9.990e-29
 125.525738      0.669    12.1063  32.540586    27.7488      0.663  276.36145  276.46541     7.2019     3.4926 -9.990e-29
 125.525741      0.678    12.1074  32.540179    27.7476      0.672  276.35722  276.46125     7.9646     3.3794 -9.990e-29
 125.525744      0.698    12.1081  32.540586    27.7473      0.692  276.35337  276.45745     7.9179     3.4036 -9.990e-29
 125.525747      0.731    12.1085  32.540761    27.7469      0.724  276.35152  276.45562     7.8868     3.4238 0.0000e+00
 125.525749      0.756    12.1095  32.540644    27.7465      0.749  276.34738  276.45156     7.9179     3.4158 0.0000e+00
 125.525752      0.793    12.1103  32.540586    27.7458      0.786  276.34377  276.44801     8.8362     3.4602 0.0000e+00
 125.525755      0.827    12.1106  32.538724    27.7458      0.820  276.34595  276.45023     8.7584     3.5452 0.0000e+00
 125.525758      0.868    12.1106  32.541401    27.7450      0.860  276.34109  276.44533     8.6961     3.5128 0.0000e+00
 125.525761      0.893    12.1104  32.540412    27.7463      0.885  276.34354  276.44778     8.7428     3.5532 -9.990e-29
 125.525764      0.915    12.1102  32.541983    27.7471      0.907  276.34193  276.44614     8.2603     3.3551 -9.990e-29
 125.525767      0.927    12.1099  32.543613    27.7488      0.919  276.33989  276.44407     8.2136     3.3591 -9.990e-29
 125.525770      0.942    12.1101  32.544078    27.7492      0.934  276.33843  276.44261     8.2292     3.3753 -9.990e-29
 125.525773      0.955    12.1106  32.547104    27.7517      0.946  276.33072  276.43491     8.2759     3.3713 -9.990e-29
 125.525775      0.960    12.1116  32.550189    27.7538      0.951  276.32073  276.42495     8.7117     3.6058 -9.990e-29
 125.525778      0.971    12.1125  32.550189    27.7531      0.962  276.31637  276.42066     8.7584     3.6301 -9.990e-29
 125.525781      0.993    12.1134  32.551818    27.7538      0.984  276.30967  276.41400     8.7895     3.6260 -9.990e-29
 125.525784      1.026    12.1136  32.551818    27.7537      1.017  276.30876  276.41310     8.6650     3.5896 0.0000e+00
 125.525787      1.057    12.1132  32.551120    27.7538      1.047  276.31193  276.41625     8.8673     3.6220 0.0000e+00
 125.525790      1.092    12.1124  32.551411    27.7543      1.082  276.31484  276.41911    12.2759     4.3701 0.0000e+00
 125.525793      1.126    12.1118  32.554089    27.7572      1.116  276.31247  276.41667    12.2292     4.3498 0.0000e+00
 125.525796      1.152    12.1111  32.554496    27.7578      1.142  276.31517  276.41931    12.3848     4.4065 0.0000e+00
 125.525799      1.181    12.1103  32.553507    27.7582      1.171  276.32042  276.42452    12.2292     4.3943 0.0000e+00
 125.525802      1.217    12.1091  32.554264    27.7594      1.207  276.32436  276.42837    14.2058     4.6895 0.0000e+00
 125.525804      1.256    12.1078  32.556126    27.7621      1.245  276.32690  276.43080    14.1280     4.7219 0.0000e+00
 125.525807      1.285    12.1057  32.555719    27.7627      1.274  276.33670  276.44046    14.1436     4.6855 0.0000e+00
 125.525810      1.311    12.1038  32.555720    27.7632      1.299  276.34544  276.44906    14.2214     4.6612 -9.990e-29
 125.525813      1.325    12.1018  32.556418    27.7668      1.314  276.35290  276.45637    14.0969     4.6814 -9.990e-29
 125.525816      1.333    12.0993  32.556535    27.7688      1.321  276.36391  276.46720    14.0657     4.6733 -9.990e-29
 125.525819      1.342    12.0971  32.555895    27.7698      1.330  276.37474  276.47789    14.1591     4.6814 -9.990e-29
 125.525822      1.358    12.0952  32.556536    27.7715      1.346  276.38230  276.48531    14.0657     4.6733 -9.990e-29
 125.525825      1.384    12.0934  32.554848    27.7722      1.372  276.39320  276.49609    12.2136     4.3296 0.0000e+00
 125.525828      1.417    12.0927  32.555721    27.7722      1.404  276.39474  276.49758    12.1980     4.2932 0.0000e+00
 125.525830      1.450    12.0918  32.555721    27.7729      1.437  276.39912  276.50189    12.2914     4.2973 -9.990e-29
 125.525833      1.474    12.0907  32.554092    27.7728      1.460  276.40679  276.50951    12.2136     4.3054 -9.990e-29
 125.525836      1.493    12.0898  32.554441    27.7738      1.480  276.41021  276.51286    12.2603     4.2771 -9.990e-29
 125.525839      1.517    12.0895  32.554907    27.7744      1.504  276.41062  276.51325    14.5327     4.9928 -9.990e-29
 125.525842      1.539    12.0895  32.555082    27.7746      1.526  276.41032  276.51294    14.5327     4.9806 -9.990e-29
 125.525845      1.561    12.0897  32.554907    27.7743      1.547  276.40972  276.51236    14.6572     4.9928 -9.990e-29
 125.525848      1.581    12.0903  32.555315    27.7742      1.567  276.40650  276.50917    14.5327     4.9887 -9.990e-29
 125.525851      1.601    12.0898  32.554267    27.7736      1.587  276.41061  276.51326    21.0229     5.9592 -9.990e-29
 125.525854      1.625    12.0891  32.555315    27.7751      1.611  276.41182  276.51441    21.1319     5.9552 -9.990e-29
 125.525856      1.647    12.0883  32.555897    27.7763      1.632  276.41451  276.51703    21.0229     5.9552 -9.990e-29
 125.525859      1.665    12.0867  32.557527    27.7789      1.650  276.41839  276.52079    20.9607     5.9673 -9.990e-29
 125.525862      1.689    12.0843  32.557411    27.7827      1.674  276.42921  276.53145    20.9762     6.0037 -9.990e-29
 125.525865      1.715    12.0817  32.557528    27.7837      1.699  276.44085  276.54290    20.9451     6.0158 0.0000e+00
 125.525868      1.742    12.0794  32.557935    27.7847      1.726  276.45009  276.55197    20.8984     6.0320 0.0000e+00
 125.525871      1.773    12.0774  32.558576    27.7868      1.757  276.45797  276.55971    20.8984     6.0239 0.0000e+00
 125.525874      1.809    12.0757  32.558925    27.7884      1.793  276.46514  276.56675    21.0541     6.0158 0.0000e+00
 125.525877      1.850    12.0741  32.559217    27.7894      1.833  276.47180  276.57329    20.9607     6.1493 0.0000e+00
 125.525880      1.884    12.0730  32.557936    27.7897      1.867  276.47884  276.58027    20.9607     6.1290 0.0000e+00
 125.525883      1.913    12.0719  32.559217    27.7894      1.896  276.48150  276.58284    21.0074     6.1695 -9.990e-29
 125.525885      1.928    12.0711  32.558577    27.7915      1.911  276.48642  276.58770    21.2253     6.1452 -9.990e-29
 125.525888      1.937    12.0701  32.559334    27.7929      1.920  276.48940  276.59061    21.1941     6.2261 -9.990e-29
 125.525891      1.952    12.0690  32.558810    27.7932      1.934  276.49504  276.59618    21.1163     6.1978 -9.990e-29
 125.525894      1.965    12.0679  32.557937    27.7935      1.947  276.50163  276.60270    21.2875     6.2625 -9.990e-29
 125.525897      1.994    12.0668  32.557355    27.7935      1.976  276.50770  276.60870    21.3654     6.2140 0.0000e+00
 125.525900      2.021    12.0661  32.556832    27.7935      2.003  276.51179  276.61275    20.4315     6.1412 0.0000e+00
 125.525903      2.054    12.0651  32.557763    27.7951      2.035  276.51478  276.61565    20.5871     6.1533 0.0000e+00
 125.525906      2.092    12.0644  32.557763    27.7956      2.073  276.51792  276.61874    20.5249     6.1452 0.0000e+00
 125.525909      2.121    12.0637  32.557531    27.7956      2.102  276.52117  276.62195    20.6027     6.1452 0.0000e+00
 125.525911      2.147    12.0633  32.556832    27.7957      2.128  276.52433  276.62509    21.1786     6.2948 0.0000e+00
 125.525914      2.172    12.0631  32.556134    27.7955      2.153  276.52656  276.62732    21.3809     6.2584 -9.990e-29
 125.525917      2.189    12.0629  32.555901    27.7949      2.169  276.52793  276.62868    21.1630     6.3110 -9.990e-29
 125.525920      2.212    12.0628  32.556716    27.7957      2.193  276.52677  276.62750    21.2875     6.2948 -9.990e-29
 125.525923      2.240    12.0627  32.555843    27.7950      2.220  276.52901  276.62974    21.2564     6.3110 -9.990e-29
 125.525926      2.258    12.0625  32.556949    27.7962      2.238  276.52793  276.62863    21.1475     6.0846 -9.990e-29
 125.525929      2.276    12.0624  32.556542    27.7959      2.256  276.52900  276.62970    21.3342     6.1169 -9.990e-29
 125.525932      2.291    12.0627  32.557124    27.7961      2.270  276.52639  276.62711    21.2253     6.0805 -9.990e-29
 125.525935      2.305    12.0631  32.556949    27.7957      2.285  276.52516  276.62591    21.3965     6.0805 -9.990e-29
 125.525938      2.316    12.0633  32.558346    27.7969      2.296  276.52167  276.62242    20.7272     6.1857 -9.990e-29
 125.525940      2.337    12.0639  32.556717    27.7945      2.316  276.52218  276.62299    20.7739     6.1776 -9.990e-29
 125.525943      2.366    12.0644  32.556717    27.7941      2.345  276.52002  276.62086    20.8362     6.1371 0.0000e+00
 125.525946      2.397    12.0647  32.556135    27.7945      2.376  276.51955  276.62042    20.8517     6.1654 0.0000e+00
 125.525949      2.430    12.0647  32.557182    27.7947      2.408  276.51766  276.61851    20.4315     6.0077 0.0000e+00
 125.525952      2.463    12.0646  32.558405    27.7959      2.441  276.51575  276.61659    20.5249     6.0199 0.0000e+00
 125.525955      2.501    12.0644  32.558579    27.7959      2.479  276.51639  276.61721    20.5249     5.9835 0.0000e+00
 125.525958      2.534    12.0642  32.557357    27.7957      2.511  276.51959  276.62041    20.4626     6.0765 0.0000e+00
 125.525961      2.567    12.0642  32.557183    27.7952      2.544  276.51993  276.62075    21.7389     6.4081 -9.990e-29
 125.525964      2.592    12.0639  32.558987    27.7970      2.569  276.51820  276.61898    21.8012     6.4121 -9.990e-29
 125.525966      2.616    12.0638  32.556717    27.7949      2.593  276.52269  276.62348    21.6299     6.4040 -9.990e-29
 125.525969      2.638    12.0639  32.556950    27.7950      2.614  276.52196  276.62276    21.8167     6.4121 -9.990e-29
 125.525972      2.654    12.0635  32.558173    27.7964      2.631  276.52129  276.62206    21.8323     6.4404 -9.990e-29
 125.525975      2.671    12.0634  32.558173    27.7965      2.647  276.52193  276.62268    22.4548     6.6628 -9.990e-29
 125.525978      2.694    12.0630  32.556543    27.7952      2.670  276.52649  276.62723    22.4860     6.6952 -9.990e-29
 125.525981      2.716    12.0627  32.556718    27.7956      2.692  276.52743  276.62815    22.2992     6.6668 -9.990e-29
 125.525984      2.738    12.0627  32.557533    27.7964      2.713  276.52626  276.62697    22.4860     6.6507 -9.990e-29
 125.525987      2.763    12.0623  32.557009    27.7962      2.739  276.52911  276.62979    23.8712     6.9054 -9.990e-29
 125.525990      2.787    12.0620  32.557358    27.7968      2.762  276.52973  276.63039    23.9646     6.8650 -9.990e-29
 125.525992      2.809    12.0616  32.557126    27.7968      2.784  276.53204  276.63267    23.9179     6.8609 -9.990e-29
 125.525995      2.835    12.0611  32.555729    27.7958      2.809  276.53648  276.63711    24.0268     6.8245 -9.990e-29
 125.525998      2.860    12.0607  32.557417    27.7977      2.834  276.53528  276.63585    23.8245     6.9459 -9.990e-29
 125.526001      2.884    12.0605  32.556544    27.7970      2.858  276.53783  276.63840    23.6377     6.9176 -9.990e-29
 125.526004      2.907    12.0600  32.557941    27.7987      2.881  276.53746  276.63798    23.8556     6.9014 -9.990e-29
 125.526007      2.925    12.0598  32.555497    27.7966      2.899  276.54289  276.64342    23.6222     6.9378 -9.990e-29
 125.526010      2.949    12.0595  32.557126    27.7983      2.923  276.54116  276.64166    20.5871     6.1493 -9.990e-29
 125.526013      2.971    12.0592  32.557185    27.7986      2.945  276.54263  276.64310    20.4315     6.1452 -9.990e-29
 125.526016      2.995    12.0594  32.556719    27.7969      2.968  276.54256  276.64305    20.4938     6.1169 -9.990e-29
 125.526019      3.026    12.0598  32.555904    27.7969      2.999  276.54221  276.64274    20.5405     6.1290 0.0000e+00
 125.526021      3.059    12.0606  32.556544    27.7969      3.031  276.53732  276.63790    20.3537     6.1735 0.0000e+00
 125.526024      3.086    12.0614  32.556603    27.7963      3.059  276.53381  276.63444    19.7000     6.1533 0.0000e+00
 125.526027      3.121    12.0624  32.555730    27.7948      3.093  276.53107  276.63179    19.7622     6.1290 0.0000e+00
 125.526030      3.152    12.0634  32.555322    27.7942      3.124  276.52717  276.62796    19.8245     6.1654 0.0000e+00
 125.526033      3.179    12.0639  32.556137    27.7936      3.151  276.52383  276.62464    19.8089     6.1210 -9.990e-29
 125.526036      3.203    12.0640  32.556428    27.7942      3.174  276.52269  276.62351    24.0268     7.0065 -9.990e-29
 125.526039      3.223    12.0643  32.555497    27.7931      3.194  276.52316  276.62401    24.2759     7.0025 -9.990e-29
 125.526042      3.239    12.0647  32.555904    27.7932      3.210  276.52056  276.62143    24.1202     7.0308 -9.990e-29
 125.526045      3.259    12.0646  32.555090    27.7925      3.230  276.52238  276.62325    24.1358     7.0267 -9.990e-29
 125.526047      3.274    12.0645  32.555730    27.7932      3.245  276.52184  276.62270    17.9724     5.5710 -9.990e-29
 125.526050      3.294    12.0642  32.555032    27.7927      3.265  276.52438  276.62522    17.7233     5.5427 -9.990e-29
 125.526053      3.318    12.0648  32.553693    27.7899      3.288  276.52404  276.62495    17.8323     5.5872 -9.990e-29
 125.526056      3.347    12.0662  32.553693    27.7899      3.317  276.51783  276.61884    17.8323     5.5387 0.0000e+00
 125.526059      3.374    12.0683  32.553285    27.7899      3.344  276.50925  276.61041    14.9373     4.9604 -9.990e-29
 125.526062      3.399    12.0704  32.552354    27.7831      3.369  276.50195  276.60326    14.9373     4.9928 -9.990e-29
 125.526065      3.425    12.0725  32.551423    27.7831      3.394  276.49401  276.59549    14.7973     4.9685 0.0000e+00
 125.526068      3.450    12.0754  32.551423    27.7831      3.420  276.48126  276.58294    14.9529     4.9806 -9.990e-29
 125.526071      3.472    12.0776  32.551015    27.7789      3.441  276.47205  276.57389    14.9218     5.0009 -9.990e-29
 125.526073      3.496    12.0786  32.551364    27.7785      3.465  276.46707  276.56897    17.6299     5.7449 -9.990e-29
 125.526076      3.520    12.0785  32.552063    27.7792      3.488  276.46612  276.56801    17.6144     5.7206 -9.990e-29
 125.526079      3.543    12.0784  32.550200    27.7775      3.512  276.47017  276.57207    17.6611     5.7692 -9.990e-29
 125.526082      3.561    12.0783  32.552063    27.7794      3.530  276.46739  276.56926    17.7856     5.7489 -9.990e-29
 125.526085      3.587    12.0781  32.552878    27.7802      3.555  276.46654  276.56840    21.7545     6.4404 -9.990e-29
 125.526088      3.609    12.0771  32.552936    27.7811      3.577  276.47112  276.57290    21.7233     6.4081 -9.990e-29
 125.526091      3.633    12.0753  32.554275    27.7836      3.600  276.47679  276.57842    21.9257     6.4404 -9.990e-29
 125.526094      3.666    12.0733  32.552646    27.7845      3.633  276.48851  276.59003    21.6455     6.3878 0.0000e+00
 125.526097      3.700    12.0723  32.553868    27.7854      3.667  276.49066  276.59209    19.9179     6.0724 0.0000e+00
 125.526100      3.737    12.0717  32.554683    27.7862      3.703  276.49200  276.59338    20.0580     6.0846 0.0000e+00
 125.526102      3.773    12.0713  32.553868    27.7867      3.740  276.49538  276.59674    20.0113     6.0927 0.0000e+00
