Processed/SBE19plus_01907321_2022_05_07_Cast67_wfilter.cnv
* Sea-Bird SBE19plus  Data File:
* FileName = E:\Prandtl Daten\2022\CTD\Raw\SBE19plus_01907321_2022_05_07_Cast67.hex
* Software version 2.6.1.12
* Temperature SN = 7321
* Conductivity SN = 7321
* System UpLoad Time = May 07 2022 10:58:39
* <ApplicationData>
* <Seaterm232>
** Messpraktikum 2022
** CTD 07.05 MP3
** NMEA Latitude = 54 03.511 N
** NMEA Longitude = 008 42.838 E
# nquan = 11
# nvalues = 362                         
# units = specified
# name 0 = timeJ: Julian Days
# name 1 = prdM: Pressure, Strain Gauge [db]
# name 2 = tv290C: Temperature [ITS-90, deg C]
# name 3 = c0mS/cm: Conductivity [mS/cm]
# name 4 = sal00: Salinity, Practical [PSU]
# name 5 = depSM: Depth [salt water, m], lat = 54.00
# name 6 = oxsatMm/Kg: Oxygen Saturation, Weiss [umol/kg]
# name 7 = oxsolMm/Kg: Oxygen Saturation, Garcia & Gordon [umol/kg]
# name 8 = turbWETntu0: Turbidity, WET Labs ECO [NTU]
# name 9 = flECO-AFL: Fluorescence, WET Labs ECO-AFL/FL [mg/m^3]
# name 10 = flag:  0.000e+00
# span 0 = 127.452818, 127.453863       
# span 1 =      0.566,      8.946       
# span 2 =    13.3098,    13.4046       
# span 3 =  32.585700,  32.705322       
# span 4 =    26.9016,    27.0042       
# span 5 =      0.561,      8.866       
# span 6 =  270.47943,  270.99174       
# span 7 =  270.66759,  271.17469       
# span 8 =     9.4276,    58.8440       
# span 9 =     7.6778,    14.7501       
# span 10 = 0.0000e+00, 0.0000e+00      
# interval = seconds: 0.25
# start_time = May 07 2022 10:50:55 [Instrument's time stamp, header]
# bad_flag = -9.990e-29
*END*
[from data line 263]
 127.453579      6.548    13.3496  32.660724    26.9585      6.489  270.69684  270.88163    17.3654     9.8815 -9.990e-29
 127.453582      6.567    13.3555  32.661539    26.9552      6.509  270.67025  270.85540    17.3187     9.8815 -9.990e-29
 127.453585      6.584    13.3586  32.658043    26.9498      6.525  270.66272  270.84810    17.3031     9.8815 -9.990e-29
 127.453588      6.600    13.3591  32.653323    26.9451      6.541  270.66864  270.85408    16.7895    10.8116 -9.990e-29
 127.453591      6.619    13.3567  32.653498    26.9469      6.559  270.67874  270.86404    16.6961    10.8116 -9.990e-29
 127.453594      6.640    13.3555  32.667309    26.9697      6.581  270.66007  270.84517    16.8206    10.7590 -9.990e-29
 127.453597      6.668    13.3590  32.680248    26.9693      6.608  270.62306  270.80826    16.9296    10.7752 0.0000e+00
 127.453600      6.697    13.3649  32.683919    26.9689      6.637  270.59127  270.77680    15.1864    10.0878 0.0000e+00
 127.453602      6.724    13.3693  32.681821    26.9638      6.664  270.57568  270.76151    15.0774    10.0837 0.0000e+00
 127.453605      6.756    13.3701  32.681879    26.9638      6.695  270.57214  270.75801    15.1552    10.0473 0.0000e+00
 127.453608      6.783    13.3689  32.686426    26.9683      6.722  270.56970  270.75546    15.2953    10.0554 0.0000e+00
 127.453611      6.810    13.3678  32.689691    26.9698      6.749  270.56883  270.75450    16.6338     9.8896 0.0000e+00
 127.453614      6.838    13.3676  32.687009    26.9710      6.776  270.57440  270.76008    16.8517     9.8815 0.0000e+00
 127.453617      6.867    13.3668  32.687009    26.9698      6.805  270.57788  270.76351    16.7272     9.8896 -9.990e-29
 127.453620      6.887    13.3651  32.687243    26.9717      6.825  270.58473  270.77026    16.7895     9.8735 -9.990e-29
 127.453623      6.905    13.3639  32.687126    26.9724      6.843  270.58998  270.77543    16.8829     9.8896 -9.990e-29
 127.453626      6.921    13.3639  32.684153    26.9697      6.860  270.59510  270.78058    18.4548    10.5851 -9.990e-29
 127.453628      6.943    13.3641  32.683104    26.9687      6.881  270.59628  270.78178    18.5949    10.6256 -9.990e-29
 127.453631      6.967    13.3640  32.695871    26.9803      6.905  270.57469  270.76007    18.5638    10.6134 -9.990e-29
 127.453634      6.991    13.3654  32.699660    26.9810      6.928  270.56222  270.74765    18.6261    10.6175 -9.990e-29
 127.453637      7.026    13.3666  32.698553    26.9799      6.963  270.55910  270.74462    18.9373    10.2819 0.0000e+00
 127.453640      7.056    13.3666  32.696279    26.9788      6.993  270.56271  270.74825    19.0152    10.2980 0.0000e+00
 127.453643      7.082    13.3655  32.694414    26.9788      7.019  270.57065  270.75614    19.2019    10.2616 0.0000e+00
 127.453646      7.115    13.3639  32.694356    26.9785      7.051  270.57770  270.76309    19.0307    10.2697 0.0000e+00
 127.453649      7.144    13.3630  32.698320    26.9790      7.080  270.57500  270.76030    20.8362    10.0716 -9.990e-29
 127.453652      7.169    13.3623  32.700186    26.9855      7.105  270.57496  270.76020    20.6338    10.0473 -9.990e-29
 127.453655      7.195    13.3617  32.699836    26.9855      7.130  270.57810  270.76330    20.8673    10.0675 -9.990e-29
 127.453657      7.218    13.3604  32.699953    26.9866      7.154  270.58358  270.76870    20.8984    10.0837 -9.990e-29
 127.453660      7.237    13.3597  32.701411    26.9884      7.172  270.58392  270.76898    24.4626    10.9248 -9.990e-29
 127.453663      7.253    13.3594  32.701411    26.9886      7.188  270.58518  270.77023    24.4626    10.9167 -9.990e-29
 127.453666      7.268    13.3594  32.701003    26.9882      7.203  270.58590  270.77095    24.3537    10.8763 -9.990e-29
 127.453669      7.290    13.3589  32.701819    26.9902      7.224  270.58671  270.77172    24.4782    10.8561 -9.990e-29
 127.453672      7.315    13.3570  32.701411    26.9916      7.250  270.59561  270.78051    24.4315    10.9491 0.0000e+00
 127.453675      7.341    13.3543  32.702228    26.9929      7.275  270.60587  270.79059    21.2097    10.8197 0.0000e+00
 127.453678      7.373    13.3522  32.700829    26.9929      7.308  270.61742  270.80203    21.2253    10.8116 0.0000e+00
 127.453681      7.401    13.3512  32.698964    26.9931      7.335  270.62505  270.80961    21.0852    10.8520 0.0000e+00
 127.453683      7.428    13.3510  32.701004    26.9941      7.362  270.62250  270.80703    21.1941    10.8156 0.0000e+00
 127.453686      7.459    13.3510  32.702812    26.9957      7.393  270.61910  270.80362    24.0268    10.4557 0.0000e+00
 127.453689      7.487    13.3503  32.702462    26.9958      7.420  270.62287  270.80734    24.0113    10.4760 0.0000e+00
 127.453692      7.514    13.3488  32.702462    26.9959      7.447  270.62949  270.81387    23.8089    10.4800 -9.990e-29
 127.453695      7.538    13.3474  32.701821    26.9973      7.470  270.63659  270.82089    24.0268    10.4477 -9.990e-29
 127.453698      7.558    13.3471  32.703745    26.9993      7.490  270.63455  270.81882    24.3537    10.6903 -9.990e-29
 127.453701      7.578    13.3474  32.703862    26.9992      7.510  270.63311  270.81739    24.4626    10.7064 -9.990e-29
 127.453704      7.598    13.3476  32.703687    26.9989      7.530  270.63248  270.81677    24.4471    10.7752 -9.990e-29
 127.453707      7.616    13.3475  32.704095    26.9993      7.548  270.63210  270.81639    24.3070    10.6903 -9.990e-29
 127.453709      7.640    13.3469  32.704329    27.0006      7.572  270.63423  270.81848    23.3264    11.1553 -9.990e-29
 127.453712      7.667    13.3453  32.703863    27.0009      7.599  270.64197  270.82613    23.1241    11.2159 0.0000e+00
 127.453715      7.695    13.3438  32.703280    27.0009      7.626  270.64960  270.83367    23.1241    11.1270 0.0000e+00
 127.453718      7.729    13.3431  32.703047    27.0011      7.660  270.65317  270.83719    23.3576    11.1836 -9.990e-29
 127.453721      7.753    13.3429  32.703397    27.0018      7.684  270.65321  270.83723    23.1085    11.1998 -9.990e-29
 127.453724      7.784    13.3433  32.702464    27.0007      7.714  270.65326  270.83731    20.5093    10.2253 -9.990e-29
 127.453727      7.808    13.3434  32.703863    27.0019      7.738  270.65024  270.83428    20.5405    10.1767 -9.990e-29
 127.453730      7.837    13.3434  32.704155    27.0022      7.767  270.65007  270.83411    20.7117    10.2455 -9.990e-29
 127.453733      7.857    13.3437  32.704271    27.0020      7.787  270.64831  270.83237    20.5249    10.2293 -9.990e-29
 127.453736      7.877    13.3436  32.704505    27.0024      7.807  270.64855  270.83260    21.4432    10.6781 -9.990e-29
 127.453738      7.899    13.3437  32.704272    27.0021      7.828  270.64865  270.83270    21.4276    10.6822 -9.990e-29
 127.453741      7.912    13.3437  32.704330    27.0021      7.841  270.64825  270.83230    21.4276    10.7631 -9.990e-29
 127.453744      7.934    13.3440  32.704272    27.0019      7.863  270.64742  270.83149    21.4743    10.6903 -9.990e-29
 127.453747      7.957    13.3444  32.704272    27.0015      7.886  270.64554  270.82964    21.1319    11.3089 -9.990e-29
 127.453750      7.981    13.3442  32.704505    27.0021      7.910  270.64610  270.83018    21.4432    11.2928 -9.990e-29
 127.453753      8.012    13.3437  32.704330    27.0024      7.940  270.64862  270.83268    21.1941    11.2604 0.0000e+00
 127.453756      8.041    13.3432  32.704680    27.0024      7.970  270.64993  270.83395    21.1630    11.3130 0.0000e+00
 127.453759      8.072    13.3431  32.704272    27.0026      8.000  270.65128  270.83529    22.7973    11.2685 0.0000e+00
 127.453762      8.100    13.3429  32.704331    27.0024      8.028  270.65214  270.83614    22.7817    10.3830 0.0000e+00
 127.453764      8.131    13.3427  32.703864    27.0026      8.058  270.65359  270.83759    22.5794    10.3263 0.0000e+00
 127.453767      8.158    13.3426  32.704506    27.0026      8.085  270.65282  270.83681    22.8595    10.3506 0.0000e+00
 127.453770      8.184    13.3424  32.704914    27.0029      8.111  270.65308  270.83705    22.6883    10.3587 -9.990e-29
 127.453773      8.207    13.3425  32.704972    27.0034      8.134  270.65268  270.83665    25.2253    10.6984 -9.990e-29
 127.453776      8.226    13.3428  32.705089    27.0033      8.152  270.65123  270.83522    25.1630    10.7590 -9.990e-29
 127.453779      8.246    13.3431  32.705322    27.0033      8.172  270.64958  270.83359    25.0229    10.6498 -9.990e-29
 127.453782      8.267    13.3435  32.705322    27.0030      8.194  270.64771  270.83174    25.1319    10.7348 -9.990e-29
 127.453785      8.288    13.3440  32.704739    27.0022      8.213  270.64684  270.83090    27.9957    11.4747 -9.990e-29
 127.453788      8.311    13.3440  32.705089    27.0024      8.237  270.64625  270.83031    27.8245    11.4505 -9.990e-29
 127.453791      8.338    13.3434  32.704506    27.0026      8.264  270.64979  270.83382    27.9023    11.5233 0.0000e+00
 127.453793      8.368    13.3429  32.704565    27.0028      8.293  270.65191  270.83591    27.9957    11.4707 0.0000e+00
 127.453796      8.395    13.3424  32.704273    27.0028      8.320  270.65463  270.83860    24.8050    10.4032 0.0000e+00
 127.453799      8.426    13.3418  32.703282    27.0028      8.351  270.65855  270.84250    24.8984    10.4638 0.0000e+00
 127.453802      8.453    13.3414  32.703865    27.0031      8.378  270.65946  270.84337    24.9296    10.4800 0.0000e+00
 127.453805      8.481    13.3411  32.703982    27.0034      8.405  270.66053  270.84443    24.9918    10.4679 0.0000e+00
 127.453808      8.506    13.3408  32.704507    27.0038      8.430  270.66090  270.84478    24.9296    10.4760 0.0000e+00
 127.453811      8.532    13.3410  32.704507    27.0041      8.455  270.65998  270.84386    32.1047    11.3736 -9.990e-29
 127.453814      8.546    13.3412  32.704274    27.0036      8.470  270.65976  270.84366    32.0424    11.3615 -9.990e-29
 127.453817      8.563    13.3414  32.703982    27.0032      8.486  270.65932  270.84324    31.9646    11.3251 -9.990e-29
 127.453819      8.583    13.3413  32.704274    27.0035      8.506  270.65915  270.84306    31.9801    11.3696 -9.990e-29
 127.453822      8.603    13.3413  32.704507    27.0037      8.526  270.65876  270.84267    33.2408    12.5503 -9.990e-29
 127.453825      8.623    13.3413  32.704274    27.0031      8.546  270.65917  270.84308    33.1008    12.5018 -9.990e-29
 127.453828      8.654    13.3412  32.703749    27.0033      8.577  270.66073  270.84463    33.1630    12.5989 0.0000e+00
 127.453831      8.682    13.3410  32.704099    27.0031      8.604  270.66109  270.84497    33.2564    12.6312 0.0000e+00
 127.453834      8.714    13.3409  32.702642    27.0031      8.636  270.66393  270.84782    40.5716    12.3279 0.0000e+00
 127.453837      8.745    13.3404  32.703167    27.0031      8.667  270.66525  270.84911    40.5405    12.2996 0.0000e+00
 127.453840      8.776    13.3397  32.703050    27.0034      8.698  270.66830  270.85212    40.5871    12.2916 0.0000e+00
 127.453843      8.804    13.3391  32.702642    27.0034      8.725  270.67153  270.85532    40.6650    12.3643 0.0000e+00
 127.453845      8.835    13.3387  32.701826    27.0033      8.756  270.67484  270.85861    55.8556    12.9911 0.0000e+00
 127.453848      8.861    13.3381  32.702001    27.0030      8.781  270.67739  270.86112    55.7311    13.0194 -9.990e-29
 127.453851      8.880    13.3378  32.702060    27.0039      8.801  270.67856  270.86227    55.7622    12.9830 -9.990e-29
 127.453854      8.895    13.3375  32.701827    27.0039      8.815  270.68023  270.86392    55.8245    12.9709 -9.990e-29
 127.453857      8.911    13.3375  32.702235    27.0042      8.832  270.67923  270.86292    55.7000    12.9143 -9.990e-29
 127.453860      8.931    13.3375  32.701827    27.0038      8.852  270.67994  270.86364    58.8440    14.7016 -9.990e-29
 127.453863      8.946    13.3376  32.701593    27.0036      8.866  270.68004  270.86374    58.6572    14.7501 -9.990e-29
