Processed/SBE19plus_01907321_2022_05_07_Cast71_wfilter.cnv
* Sea-Bird SBE19plus  Data File:
* FileName = E:\Prandtl Daten\2022\CTD\Raw\SBE19plus_01907321_2022_05_07_Cast71.hex
* Software version 2.6.1.12
* Temperature SN = 7321
* Conductivity SN = 7321
* System UpLoad Time = May 07 2022 12:53:36
* <ApplicationData>
* <Seaterm232>
** Messpraktikum 2022
** CTD 07.05 BW2
** NMEA Latitude = 54 07.826 N
** NMEA Longitude = 008 45.210 E
# nquan = 11
# nvalues = 575                         
# units = specified
# name 0 = timeJ: Julian Days
# name 1 = prdM: Pressure, Strain Gauge [db]
# name 2 = tv290C: Temperature [ITS-90, deg C]
# name 3 = c0mS/cm: Conductivity [mS/cm]
# name 4 = sal00: Salinity, Practical [PSU]
# name 5 = depSM: Depth [salt water, m], lat = 54.00
# name 6 = oxsatMm/Kg: Oxygen Saturation, Weiss [umol/kg]
# name 7 = oxsolMm/Kg: Oxygen Saturation, Garcia & Gordon [umol/kg]
# name 8 = turbWETntu0: Turbidity, WET Labs ECO [NTU]
# name 9 = flECO-AFL: Fluorescence, WET Labs ECO-AFL/FL [mg/m^3]
# name 10 = flag:  0.000e+00
# span 0 = 127.531166, 127.532827       
# span 1 =      0.422,     16.116       
# span 2 =    12.9342,    13.0936       
# span 3 =  32.329322,  32.516162       
# span 4 =    26.9797,    27.0135       
# span 5 =      0.419,     15.972       
# span 6 =  272.05471,  273.04300       
# span 7 =  272.22473,  273.20518       
# span 8 =     8.2447,   138.0035       
# span 9 =     4.3579,    13.6866       
# span 10 = 0.0000e+00, 0.0000e+00      
# interval = seconds: 0.25
# start_time = May 07 2022 12:43:40 [Instrument's time stamp, header]
# bad_flag = -9.990e-29
*END*
[from data line 525]
 127.532685     14.800    12.9818  32.415463    26.9915     14.668  272.72807  272.89194    81.8323    12.2592 0.0000e+00
 127.532688     14.830    12.9816  32.415463    26.9915     14.697  272.72872  272.89258    80.9918    11.8872 0.0000e+00
 127.532691     14.864    12.9815  32.415464    26.9916     14.731  272.72906  272.89291    81.0696    11.8710 -9.990e-29
 127.532694     14.888    12.9815  32.414650    26.9919     14.755  272.73081  272.89467    81.1319    11.8872 -9.990e-29
 127.532697     14.919    12.9815  32.415696    26.9922     14.785  272.72869  272.89254    81.0541    11.8670 0.0000e+00
 127.532700     14.952    12.9815  32.416277    26.9924     14.818  272.72769  272.89154    84.5249    12.2390 0.0000e+00
 127.532703     14.981    12.9818  32.416684    26.9924     14.846  272.72605  272.88991    84.7117    12.3199 0.0000e+00
 127.532705     15.008    12.9825  32.416916    26.9926     14.874  272.72251  272.88641    84.4471    12.2996 0.0000e+00
 127.532708     15.035    12.9831  32.417904    26.9925     14.901  272.71796  272.88189    84.7584    12.3037 0.0000e+00
 127.532711     15.063    12.9837  32.418137    26.9927     14.928  272.71505  272.87902    96.4626    12.7727 -9.990e-29
 127.532714     15.087    12.9845  32.417788    26.9916     14.951  272.71220  272.87623    96.3226    12.7889 -9.990e-29
 127.532717     15.108    12.9851  32.418718    26.9921     14.973  272.70807  272.87212    96.2759    12.7889 -9.990e-29
 127.532720     15.130    12.9858  32.419357    26.9921     14.995  272.70381  272.86790    96.3381    12.8011 -9.990e-29
 127.532723     15.147    12.9870  32.421565    26.9928     15.011  272.69460  272.85875    98.7817    12.9062 -9.990e-29
 127.532726     15.178    12.9885  32.422204    26.9928     15.042  272.68688  272.85112    98.7661    12.9183 0.0000e+00
 127.532729     15.207    12.9905  32.423831    26.9928     15.071  272.67522  272.83958    98.7194    12.8496 0.0000e+00
 127.532731     15.238    12.9926  32.424005    26.9915     15.101  272.66579  272.83028    98.8440    12.9628 0.0000e+00
 127.532734     15.273    12.9939  32.424412    26.9910     15.136  272.65943  272.82399    98.9062    12.9345 0.0000e+00
 127.532737     15.304    12.9946  32.424819    26.9909     15.166  272.65558  272.82019    95.8089    12.8819 0.0000e+00
 127.532740     15.334    12.9956  32.424238    26.9908     15.197  272.65252  272.81719    95.8245    12.8779 -9.990e-29
 127.532743     15.358    12.9963  32.424761    26.9896     15.220  272.64847  272.81318    95.7778    12.8779 -9.990e-29
 127.532746     15.386    12.9967  32.424819    26.9893     15.248  272.64649  272.81123    95.7622    12.8738 -9.990e-29
 127.532749     15.409    12.9967  32.424412    26.9889     15.271  272.64722  272.81196   102.1124    12.8900 -9.990e-29
 127.532752     15.433    12.9965  32.424238    26.9889     15.295  272.64848  272.81322   102.1436    12.8334 -9.990e-29
 127.532755     15.452    12.9963  32.424005    26.9888     15.313  272.64985  272.81457   102.1747    12.8779 -9.990e-29
 127.532758     15.470    12.9963  32.423018    26.9879     15.331  272.65159  272.81632   102.2369    12.7768 -9.990e-29
 127.532760     15.490    12.9964  32.423831    26.9886     15.351  272.64986  272.81459   133.2564    13.5572 -9.990e-29
 127.532763     15.510    12.9967  32.425284    26.9890     15.371  272.64576  272.81050   133.0229    13.5370 -9.990e-29
 127.532766     15.535    12.9974  32.425052    26.9888     15.396  272.64334  272.80812   133.1475    13.5410 0.0000e+00
 127.532769     15.565    12.9983  32.425284    26.9885     15.425  272.63886  272.80370   133.1319    13.5653 0.0000e+00
 127.532772     15.598    12.9988  32.424761    26.9877     15.458  272.63758  272.80246   120.1358    13.4480 0.0000e+00
 127.532775     15.629    13.0000  32.424645    26.9867     15.488  272.63245  272.79740   119.9957    13.4399 0.0000e+00
 127.532778     15.658    13.0018  32.425284    26.9864     15.517  272.62378  272.78884   120.1202    13.4642 0.0000e+00
 127.532781     15.689    13.0031  32.426679    26.9861     15.548  272.61537  272.78051   120.2136    13.3955 0.0000e+00
 127.532784     15.718    13.0044  32.426097    26.9857     15.577  272.61105  272.77626   119.8401    13.4561 0.0000e+00
 127.532786     15.745    13.0051  32.426330    26.9849     15.604  272.60750  272.77277   118.6572    13.6704 -9.990e-29
 127.532789     15.769    13.0052  32.426679    26.9849     15.628  272.60659  272.77186   118.6105    13.6300 -9.990e-29
 127.532792     15.787    13.0052  32.427318    26.9855     15.646  272.60549  272.77075   118.6727    13.6866 -9.990e-29
 127.532795     15.806    13.0053  32.427725    26.9857     15.664  272.60416  272.76942   118.3926    13.6300 -9.990e-29
 127.532798     15.826    13.0054  32.426504    26.9845     15.684  272.60567  272.77096   116.8984    13.2095 -9.990e-29
 127.532801     15.850    13.0055  32.426911    26.9838     15.708  272.60466  272.76995   116.9607    13.1528 -9.990e-29
 127.532804     15.877    13.0057  32.425865    26.9840     15.735  272.60588  272.77118   116.8517    13.2539 0.0000e+00
 127.532807     15.904    13.0054  32.426098    26.9838     15.762  272.60675  272.77203   116.7428    13.2216 0.0000e+00
 127.532810     15.941    13.0052  32.423192    26.9832     15.798  272.61248  272.77779   123.7155    13.4036 0.0000e+00
 127.532813     15.970    13.0051  32.424820    26.9824     15.827  272.61029  272.77557   123.7778    13.4116 0.0000e+00
 127.532815     16.001    13.0049  32.423832    26.9830     15.858  272.61298  272.77825   123.5288    13.3672 0.0000e+00
 127.532818     16.030    13.0042  32.424006    26.9824     15.886  272.61553  272.78076   123.6377    13.3955 0.0000e+00
 127.532821     16.069    13.0041  32.423019    26.9826     15.924  272.61792  272.78315   138.0035    13.4319 0.0000e+00
 127.532824     16.101    13.0040  32.420578    26.9822     15.957  272.62252  272.78777   137.7700    13.4278 -9.990e-29
 127.532827     16.116    13.0039  32.420172    26.9797     15.972  272.62387  272.78911   137.6455    13.4440 -9.990e-29
