Processed/SBE19plus_01907321_2022_05_10_Cast118_wfilter.cnv
* Sea-Bird SBE19plus  Data File:
* FileName = E:\Prandtl_Daten\2022\CTD\Raw\SBE19plus_01907321_2022_05_10_Cast118.hex
* Software version 2.6.1.12
* Temperature SN = 7321
* Conductivity SN = 7321
* System UpLoad Time = May 10 2022 15:05:54
* <ApplicationData>
* <Seaterm232>
** Messpraktikum 2022
** CTD 10.05  BW2
** NMEA Latitude = 54 07.90N
** NMEA Longitude = 008 45.45E
# nquan = 11
# nvalues = 690                         
# units = specified
# name 0 = timeJ: Julian Days
# name 1 = prdM: Pressure, Strain Gauge [db]
# name 2 = tv290C: Temperature [ITS-90, deg C]
# name 3 = c0mS/cm: Conductivity [mS/cm]
# name 4 = sal00: Salinity, Practical [PSU]
# name 5 = depSM: Depth [salt water, m], lat = 54.00
# name 6 = oxsatMm/Kg: Oxygen Saturation, Weiss [umol/kg]
# name 7 = oxsolMm/Kg: Oxygen Saturation, Garcia & Gordon [umol/kg]
# name 8 = turbWETntu0: Turbidity, WET Labs ECO [NTU]
# name 9 = flECO-AFL: Fluorescence, WET Labs ECO-AFL/FL [mg/m^3]
# name 10 = flag:  0.000e+00
# span 0 = 130.623374, 130.625367       
# span 1 =      0.269,     15.758       
# span 2 =    13.8094,    13.8556       
# span 3 =  33.114092,  33.134778       
# span 4 =    27.0273,    27.0564       
# span 5 =      0.266,     15.616       
# span 6 =  267.72559,  267.94426       
# span 7 =  267.93714,  268.15318       
# span 8 =    -2.0276,    21.1319       
# span 9 =     2.1784,     5.4578       
# span 10 = 0.0000e+00, 0.0000e+00      
# interval = seconds: 0.25
# start_time = May 10 2022 14:56:22 [Instrument's time stamp, header]
# bad_flag = -9.990e-29
*END*
[from data line 525]
 130.624893     12.134    13.8123  33.129191    27.0561     12.026  267.92424  268.13329     7.4821     4.4954 -9.990e-29
 130.624896     12.158    13.8123  33.129367    27.0563     12.049  267.92428  268.13332     7.5910     4.4833 -9.990e-29
 130.624899     12.188    13.8124  33.128956    27.0558     12.079  267.92436  268.13341     6.3303     4.2568 -9.990e-29
 130.624902     12.210    13.8123  33.129191    27.0561     12.100  267.92460  268.13364     6.2836     4.2447 -9.990e-29
 130.624905     12.234    13.8123  33.128546    27.0555     12.124  267.92570  268.13475     6.3303     4.2447 -9.990e-29
 130.624907     12.255    13.8123  33.129191    27.0560     12.145  267.92432  268.13336     6.3459     4.2407 -9.990e-29
 130.624910     12.270    13.8123  33.128781    27.0556     12.160  267.92501  268.13406     7.1397     4.5156 -9.990e-29
 130.624913     12.291    13.8122  33.128957    27.0559     12.181  267.92536  268.13440     7.0307     4.4914 -9.990e-29
 130.624916     12.312    13.8124  33.128547    27.0554     12.201  267.92512  268.13418     7.0307     4.4995 -9.990e-29
 130.624919     12.332    13.8123  33.129133    27.0559     12.221  267.92446  268.13351     7.0619     4.4833 -9.990e-29
 130.624922     12.356    13.8123  33.129191    27.0560     12.245  267.92438  268.13342     6.7350     4.4469 -9.990e-29
 130.624925     12.383    13.8123  33.129367    27.0561     12.272  267.92410  268.13314     6.6572     4.4145 -9.990e-29
 130.624928     12.407    13.8123  33.128957    27.0558     12.296  267.92480  268.13385     6.8440     4.3903 -9.990e-29
 130.624931     12.429    13.8123  33.128547    27.0554     12.318  267.92550  268.13456     6.9218     4.4348 -9.990e-29
 130.624933     12.451    13.8124  33.129133    27.0559     12.340  267.92422  268.13327     6.7039     4.4509 -9.990e-29
 130.624936     12.475    13.8123  33.129192    27.0560     12.363  267.92476  268.13381     6.9529     4.3701 -9.990e-29
 130.624939     12.497    13.8123  33.128957    27.0558     12.385  267.92517  268.13422     7.0619     4.3862 -9.990e-29
 130.624942     12.524    13.8123  33.129133    27.0559     12.412  267.92458  268.13363     7.0152     4.3701 -9.990e-29
 130.624945     12.547    13.8123  33.129192    27.0559     12.435  267.92450  268.13354     6.9996     4.3781 -9.990e-29
 130.624948     12.562    13.8122  33.128782    27.0557     12.449  267.92582  268.13486     6.8284     4.2488 -9.990e-29
 130.624951     12.580    13.8123  33.128958    27.0558     12.467  267.92522  268.13427     6.7506     4.2407 -9.990e-29
 130.624954     12.602    13.8122  33.129368    27.0562     12.489  267.92486  268.13390     6.7506     4.2407 -9.990e-29
 130.624957     12.624    13.8124  33.128958    27.0558     12.511  267.92462  268.13367     6.7506     4.2245 -9.990e-29
 130.624959     12.651    13.8122  33.128958    27.0558     12.538  267.92558  268.13462     7.2953     4.3256 0.0000e+00
 130.624962     12.682    13.8123  33.128958    27.0558     12.568  267.92528  268.13433     7.3109     4.3175 0.0000e+00
 130.624965     12.709    13.8123  33.129368    27.0559     12.595  267.92461  268.13365     7.2331     4.2690 0.0000e+00
 130.624968     12.738    13.8123  33.129193    27.0561     12.624  267.92492  268.13397     7.2486     4.3134 -9.990e-29
 130.624971     12.758    13.8124  33.129368    27.0560     12.644  267.92401  268.13306     7.3109     4.3215 -9.990e-29
 130.624974     12.778    13.8123  33.129369    27.0560     12.664  267.92434  268.13339     7.2642     4.3013 -9.990e-29
 130.624977     12.793    13.8123  33.129369    27.0561     12.678  267.92466  268.13370     7.3576     4.3134 -9.990e-29
 130.624980     12.811    13.8125  33.128958    27.0555     12.696  267.92442  268.13348     7.3109     4.2892 -9.990e-29
 130.624983     12.833    13.8124  33.129369    27.0559     12.718  267.92406  268.13311     7.2642     4.3175 -9.990e-29
 130.624986     12.851    13.8126  33.129603    27.0560     12.736  267.92305  268.13211     7.7622     4.4267 -9.990e-29
 130.624988     12.869    13.8126  33.128724    27.0552     12.754  267.92454  268.13360     7.7155     4.4226 -9.990e-29
 130.624991     12.889    13.8126  33.129603    27.0560     12.774  267.92276  268.13182     7.7934     4.4509 -9.990e-29
 130.624994     12.909    13.8127  33.129134    27.0559     12.794  267.92325  268.13232     7.7622     4.4469 -9.990e-29
 130.624997     12.937    13.8128  33.129603    27.0559     12.821  267.92216  268.13123     8.2603     4.5561 0.0000e+00
 130.625000     12.964    13.8128  33.130014    27.0559     12.848  267.92149  268.13056     8.2759     4.5520 -9.990e-29
 130.625003     12.986    13.8127  33.129545    27.0561     12.870  267.92260  268.13167     8.3537     4.5803 -9.990e-29
 130.625006     13.016    13.8128  33.130014    27.0561     12.899  267.92121  268.13028     8.2603     4.5642 0.0000e+00
 130.625009     13.045    13.8128  33.130014    27.0561     12.928  267.92123  268.13030     8.4938     4.8108 -9.990e-29
 130.625012     13.063    13.8128  33.129369    27.0556     12.946  267.92263  268.13171     8.5093     4.8270 -9.990e-29
 130.625014     13.087    13.8128  33.129604    27.0558     12.970  267.92225  268.13132     8.5093     4.8553 -9.990e-29
 130.625017     13.107    13.8129  33.129721    27.0558     12.990  267.92144  268.13052     8.5716     4.8391 -9.990e-29
 130.625020     13.129    13.8129  33.129370    27.0555     13.012  267.92205  268.13113     6.6727     4.2488 -9.990e-29
 130.625023     13.142    13.8128  33.129838    27.0559     13.024  267.92158  268.13065     6.7506     4.2609 -9.990e-29
 130.625026     13.155    13.8128  33.130366    27.0564     13.037  267.92070  268.12977     6.8284     4.2204 -9.990e-29
 130.625029     13.168    13.8130  33.130249    27.0562     13.050  267.92028  268.12936     6.8128     4.2447 -9.990e-29
 130.625032     13.184    13.8128  33.130249    27.0563     13.066  267.92092  268.12999     6.7817     4.2447 -9.990e-29
 130.625035     13.206    13.8127  33.130132    27.0554     13.087  267.92175  268.13082     5.5833     3.7959 -9.990e-29
 130.625038     13.231    13.8128  33.129194    27.0553     13.113  267.92303  268.13211     5.5366     3.8080 0.0000e+00
 130.625041     13.260    13.8128  33.129136    27.0554     13.142  267.92315  268.13222     5.4899     3.8120 0.0000e+00
 130.625043     13.291    13.8128  33.129605    27.0554     13.172  267.92238  268.13145     5.6144     3.7716 0.0000e+00
 130.625046     13.326    13.8128  33.129194    27.0555     13.207  267.92309  268.13216     6.3148     3.9697 0.0000e+00
 130.625049     13.355    13.8130  33.129546    27.0555     13.235  267.92157  268.13066     6.3303     3.9778 0.0000e+00
 130.625052     13.382    13.8129  33.129195    27.0555     13.262  267.92249  268.13158     6.2525     3.9738 -9.990e-29
 130.625055     13.404    13.8127  33.129136    27.0553     13.284  267.92355  268.13262     6.3303     4.0223 -9.990e-29
 130.625058     13.428    13.8129  33.129371    27.0554     13.307  267.92223  268.13131     5.3654     3.8606 -9.990e-29
 130.625061     13.448    13.8129  33.129195    27.0552     13.327  267.92253  268.13162     5.3654     3.8646 -9.990e-29
 130.625064     13.468    13.8129  33.129371    27.0554     13.347  267.92225  268.13133     5.2875     3.8848 -9.990e-29
 130.625067     13.477    13.8130  33.129195    27.0551     13.356  267.92224  268.13133     5.2875     3.8727 -9.990e-29
 130.625069     13.493    13.8130  33.129371    27.0553     13.372  267.92195  268.13104     6.5794     3.9172 -9.990e-29
 130.625072     13.511    13.8129  33.129371    27.0553     13.390  267.92228  268.13136     6.6572     4.3943 -9.990e-29
 130.625075     13.531    13.8128  33.129195    27.0553     13.410  267.92321  268.13229     6.5482     4.3781 -9.990e-29
 130.625078     13.557    13.8129  33.128961    27.0550     13.436  267.92299  268.13208     6.5638     4.3498 -9.990e-29
 130.625081     13.579    13.8129  33.129371    27.0556     13.457  267.92232  268.13140     6.5482     4.3701 -9.990e-29
 130.625084     13.606    13.8128  33.129606    27.0553     13.484  267.92257  268.13164     6.8284     4.3903 0.0000e+00
 130.625087     13.636    13.8128  33.128961    27.0556     13.513  267.92367  268.13275     6.7973     4.3498 0.0000e+00
 130.625090     13.667    13.8128  33.129840    27.0550     13.544  267.92190  268.13098     6.7973     4.3781 0.0000e+00
 130.625093     13.694    13.8126  33.128785    27.0554     13.571  267.92463  268.13370     6.7973     4.3660 0.0000e+00
 130.625095     13.720    13.8127  33.129957    27.0550     13.597  267.92236  268.13143     7.3109     4.3660 -9.990e-29
 130.625098     13.740    13.8127  33.129606    27.0556     13.616  267.92296  268.13203     7.3576     4.3175 -9.990e-29
 130.625101     13.760    13.8128  33.129958    27.0559     13.636  267.92207  268.13114     7.3887     4.3822 -9.990e-29
 130.625104     13.774    13.8128  33.129840    27.0558     13.651  267.92228  268.13135     7.2953     4.3741 -9.990e-29
 130.625107     13.787    13.8127  33.129841    27.0558     13.663  267.92260  268.13167     6.7973     4.3660 -9.990e-29
 130.625110     13.804    13.8127  33.129958    27.0559     13.680  267.92241  268.13148     6.7973     4.3579 -9.990e-29
 130.625113     13.822    13.8126  33.129841    27.0559     13.698  267.92325  268.13231     6.8595     4.3943 -9.990e-29
 130.625116     13.844    13.8125  33.130134    27.0562     13.720  267.92308  268.13214     6.7194     4.3498 -9.990e-29
 130.625119     13.868    13.8128  33.128962    27.0555     13.743  267.92381  268.13289     6.7194     4.3781 -9.990e-29
 130.625122     13.897    13.8128  33.129606    27.0558     13.773  267.92275  268.13182     8.0580     4.3054 0.0000e+00
 130.625124     13.933    13.8127  33.130134    27.0561     13.809  267.92220  268.13126     8.1047     4.3054 0.0000e+00
 130.625127     13.961    13.8127  33.130427    27.0562     13.836  267.92172  268.13079     7.9646     4.3175 0.0000e+00
 130.625130     13.994    13.8128  33.130427    27.0563     13.868  267.92112  268.13019     8.1825     4.3054 -9.990e-29
 130.625133     14.018    13.8129  33.130369    27.0561     13.892  267.92091  268.12999     6.7194     4.3013 -9.990e-29
 130.625136     14.041    13.8128  33.129841    27.0556     13.916  267.92213  268.13120     6.8284     4.3215 -9.990e-29
 130.625139     14.060    13.8129  33.129959    27.0557     13.934  267.92163  268.13071     6.7350     4.2811 -9.990e-29
 130.625142     14.067    13.8130  33.130427    27.0561     13.941  267.92053  268.12961     6.8906     4.3134 -9.990e-29
 130.625145     14.082    13.8131  33.130662    27.0562     13.956  267.91983  268.12892     6.6416     3.8525 -9.990e-29
 130.625148     14.095    13.8131  33.130134    27.0557     13.968  267.92041  268.12951     6.5171     3.8484 -9.990e-29
 130.625150     14.113    13.8134  33.130427    27.0558     13.987  267.91899  268.12810     6.5327     3.8565 -9.990e-29
 130.625153     14.131    13.8134  33.130252    27.0558     14.004  267.91930  268.12840     6.6572     3.8646 -9.990e-29
 130.625156     14.156    13.8133  33.130369    27.0558     14.029  267.91943  268.12853     7.0930     4.1194 0.0000e+00
 130.625159     14.182    13.8132  33.130252    27.0557     14.055  267.91996  268.12905     7.0463     4.1274 0.0000e+00
 130.625162     14.209    13.8133  33.130135    27.0555     14.082  267.91986  268.12896     7.0463     4.0991 0.0000e+00
 130.625165     14.239    13.8133  33.129607    27.0555     14.111  267.92076  268.12987     7.0152     4.1355 0.0000e+00
 130.625168     14.266    13.8134  33.130252    27.0553     14.138  267.91938  268.12849     7.0152     4.1072 0.0000e+00
 130.625171     14.291    13.8134  33.130369    27.0556     14.163  267.91920  268.12830    10.9685     5.0332 -9.990e-29
 130.625174     14.315    13.8134  33.129842    27.0552     14.186  267.92010  268.12921    10.9840     5.0615 -9.990e-29
 130.625177     14.342    13.8134  33.130135    27.0554     14.214  267.91931  268.12842    11.0619     5.0737 -9.990e-29
 130.625179     14.362    13.8134  33.130252    27.0555     14.233  267.91913  268.12824    10.9685     5.0656 -9.990e-29
 130.625182     14.379    13.8134  33.130018    27.0553     14.250  267.91984  268.12895    10.5171     4.6450 -9.990e-29
 130.625185     14.397    13.8136  33.129725    27.0549     14.268  267.91940  268.12853    10.5482     4.6289 -9.990e-29
 130.625188     14.417    13.8135  33.128788    27.0541     14.288  267.92130  268.13043    10.4860     4.6127 -9.990e-29
 130.625191     14.437    13.8136  33.130018    27.0552     14.308  267.91894  268.12806    10.5327     4.6046 -9.990e-29
 130.625194     14.459    13.8136  33.130136    27.0553     14.330  267.91875  268.12787     8.4471     4.3539 -9.990e-29
 130.625197     14.483    13.8137  33.130253    27.0553     14.353  267.91826  268.12738     8.5249     4.3701 -9.990e-29
 130.625200     14.511    13.8137  33.130136    27.0551     14.381  267.91816  268.12729     8.4938     4.4065 -9.990e-29
 130.625203     14.531    13.8137  33.130019    27.0550     14.400  267.91837  268.12750     8.5249     4.3862 -9.990e-29
 130.625205     14.558    13.8137  33.130253    27.0552     14.427  267.91799  268.12712    10.0657     4.6086 -9.990e-29
 130.625208     14.581    13.8137  33.130370    27.0553     14.451  267.91781  268.12694     9.8634     4.6208 -9.990e-29
 130.625211     14.605    13.8140  33.130253    27.0551     14.474  267.91708  268.12622     9.9879     4.6410 -9.990e-29
 130.625214     14.631    13.8137  33.130429    27.0554     14.500  267.91774  268.12687    10.0502     4.6289 -9.990e-29
 130.625217     14.653    13.8137  33.130371    27.0553     14.522  267.91785  268.12698     9.9412     4.6208 -9.990e-29
 130.625220     14.671    13.8138  33.130429    27.0553     14.540  267.91745  268.12658     9.0229     4.4388 -9.990e-29
 130.625223     14.691    13.8138  33.130136    27.0550     14.559  267.91795  268.12709     9.0541     4.4671 -9.990e-29
 130.625226     14.713    13.8138  33.130254    27.0551     14.581  267.91777  268.12690     9.0074     4.4590 -9.990e-29
 130.625229     14.738    13.8139  33.130254    27.0551     14.606  267.91747  268.12661     9.0852     4.4226 -9.990e-29
 130.625231     14.760    13.8140  33.130371    27.0551     14.628  267.91698  268.12612     7.8245     4.1517 -9.990e-29
 130.625234     14.786    13.8140  33.130430    27.0552     14.653  267.91689  268.12603     7.9646     4.1962 -9.990e-29
 130.625237     14.807    13.8139  33.129961    27.0545     14.675  267.91801  268.12715     7.7778     4.1598 -9.990e-29
 130.625240     14.833    13.8137  33.129609    27.0549     14.700  267.91924  268.12837     7.7622     4.1841 0.0000e+00
 130.625243     14.862    13.8140  33.130664    27.0549     14.729  267.91655  268.12568     9.0229     4.6855 0.0000e+00
 130.625246     14.889    13.8140  33.130723    27.0553     14.756  267.91615  268.12529     9.0696     4.6855 -9.990e-29
 130.625249     14.909    13.8139  33.130430    27.0552     14.776  267.91728  268.12642     9.0852     4.6572 -9.990e-29
 130.625252     14.936    13.8140  33.130020    27.0547     14.803  267.91767  268.12682     9.0696     4.6733 -9.990e-29
 130.625255     14.956    13.8137  33.129961    27.0549     14.822  267.91904  268.12817    11.8868     4.8108 -9.990e-29
 130.625258     14.973    13.8138  33.130840    27.0556     14.838  267.91695  268.12607    11.7311     4.7866 -9.990e-29
 130.625260     14.987    13.8140  33.130723    27.0553     14.853  267.91652  268.12566    11.7778     4.8027 -9.990e-29
 130.625263     15.004    13.8140  33.130430    27.0551     14.869  267.91703  268.12617    11.7622     4.7906 -9.990e-29
 130.625266     15.022    13.8139  33.130255    27.0550     14.887  267.91765  268.12678    11.7622     4.7866 -9.990e-29
