Processed/SBE19plus_01907321_2022_05_05_Cast31_wfilter.cnv
* Sea-Bird SBE19plus  Data File:
* FileName = E:\Prandtl Daten\2022\CTD\Raw\SBE19plus_01907321_2022_05_05_Cast31.hex
* Software version 2.6.1.12
* Temperature SN = 7321
* Conductivity SN = 7321
* System UpLoad Time = May 05 2022 11:20:34
* <ApplicationData>
* <Seaterm232>
** Messpraktikum 2022
** CTD 05.05 Schnitt5_3
# nquan = 11
# nvalues = 280                         
# units = specified
# name 0 = timeJ: Julian Days
# name 1 = prdM: Pressure, Strain Gauge [db]
# name 2 = tv290C: Temperature [ITS-90, deg C]
# name 3 = c0mS/cm: Conductivity [mS/cm]
# name 4 = sal00: Salinity, Practical [PSU]
# name 5 = depSM: Depth [salt water, m], lat = 54.00
# name 6 = oxsatMm/Kg: Oxygen Saturation, Weiss [umol/kg]
# name 7 = oxsolMm/Kg: Oxygen Saturation, Garcia & Gordon [umol/kg]
# name 8 = turbWETntu0: Turbidity, WET Labs ECO [NTU]
# name 9 = flECO-AFL: Fluorescence, WET Labs ECO-AFL/FL [mg/m^3]
# name 10 = flag:  0.000e+00
# span 0 = 125.469661, 125.470469       
# span 1 =      0.504,      7.164       
# span 2 =    11.7408,    11.7590       
# span 3 =  32.309938,  32.333087       
# span 4 =    27.8009,    27.8120       
# span 5 =      0.499,      7.100       
# span 6 =  278.30283,  278.42246       
# span 7 =  278.38431,  278.50292       
# span 8 =    18.4237,    31.0619       
# span 9 =     4.3539,     6.2140       
# span 10 = 0.0000e+00, 0.0000e+00      
# interval = seconds: 0.25
# start_time = May 05 2022 11:14:50 [Instrument's time stamp, header]
# bad_flag = -9.990e-29
*END*
 125.469661      0.504    11.7529  32.321300    27.8041      0.499  278.34979  278.43098    23.1552     4.8674 -9.990e-29
 125.469664      0.524    11.7523  32.324028    27.8071      0.520  278.34722  278.42834    23.1397     4.8472 -9.990e-29
 125.469667      0.550    11.7523  32.323506    27.8067      0.545  278.34853  278.42965    23.5599     4.8755 -9.990e-29
 125.469670      0.561    11.7519  32.321300    27.8049      0.556  278.35451  278.43563    23.4976     4.8634 -9.990e-29
 125.469673      0.581    11.7516  32.320894    27.8047      0.576  278.35653  278.43763    23.4665     4.8593 -9.990e-29
 125.469676      0.604    11.7512  32.323100    27.8070      0.599  278.35400  278.43505    23.4976     4.8674 -9.990e-29
 125.469679      0.626    11.7508  32.322287    27.8066      0.621  278.35740  278.43843    23.7934     5.0575 -9.990e-29
 125.469682      0.639    11.7502  32.322287    27.8070      0.633  278.36021  278.44120    23.7622     5.0534 -9.990e-29
 125.469685      0.644    11.7500  32.319270    27.8043      0.639  278.36677  278.44778    23.7155     5.0373 -9.990e-29
 125.469688      0.639    11.7501  32.322694    27.8075      0.633  278.36008  278.44105    23.7000     5.0817 -9.990e-29
 125.469690      0.648    11.7503  32.325364    27.8069      0.643  278.35418  278.43514    23.9957     4.9079 -9.990e-29
 125.469693      0.687    11.7511  32.322926    27.8074      0.681  278.35500  278.43605    24.0113     4.8391 0.0000e+00
 125.469696      0.728    11.7515  32.324319    27.8074      0.722  278.35057  278.43163    23.9957     4.8634 0.0000e+00
 125.469699      0.759    11.7516  32.321127    27.8079      0.753  278.35591  278.43701    23.9646     4.8472 -9.990e-29
 125.469702      0.776    11.7514  32.322694    27.8065      0.769  278.35425  278.43532    23.9646     4.8513 -9.990e-29
 125.469705      0.769    11.7510  32.324551    27.8086      0.762  278.35266  278.43367    21.7389     4.5520 -9.990e-29
 125.469708      0.756    11.7514  32.320489    27.8043      0.749  278.35803  278.43913    21.6922     4.5763 -9.990e-29
 125.469711      0.749    11.7523  32.325944    27.8089      0.742  278.34381  278.42491    21.7856     4.5601 -9.990e-29
 125.469714      0.759    11.7528  32.324145    27.8068      0.753  278.34499  278.42614    21.6299     4.5439 -9.990e-29
 125.469716      0.780    11.7532  32.325770    27.8084      0.773  278.34042  278.42158    22.2525     4.6046 -9.990e-29
 125.469719      0.816    11.7532  32.326176    27.8087      0.809  278.33969  278.42084    22.2214     4.6127 0.0000e+00
 125.469722      0.847    11.7531  32.326583    27.8089      0.839  278.33926  278.42041    22.0191     4.6369 0.0000e+00
 125.469725      0.876    11.7534  32.327569    27.8093      0.868  278.33589  278.41705    22.0657     4.6208 0.0000e+00
 125.469728      0.907    11.7543  32.327976    27.8095      0.899  278.33141  278.41263    20.7117     4.4388 0.0000e+00
 125.469731      0.944    11.7548  32.330240    27.8110      0.935  278.32473  278.40596    20.7895     4.4469 0.0000e+00
 125.469734      0.980    11.7560  32.331342    27.8111      0.971  278.31740  278.39870    20.6961     4.4388 0.0000e+00
 125.469737      1.013    11.7573  32.331226    27.8112      1.004  278.31202  278.39342    20.6650     4.4226 -9.990e-29
 125.469740      1.036    11.7584  32.332039    27.8100      1.027  278.30554  278.38700    21.7545     4.5722 -9.990e-29
 125.469742      1.062    11.7588  32.329833    27.8076      1.053  278.30748  278.38900    21.6922     4.5480 -9.990e-29
 125.469745      1.080    11.7590  32.331458    27.8090      1.071  278.30353  278.38505    21.6455     4.5358 -9.990e-29
 125.469748      1.095    11.7590  32.330007    27.8076      1.085  278.30655  278.38809    21.7233     4.5682 -9.990e-29
 125.469751      1.121    11.7583  32.329427    27.8079      1.111  278.31077  278.39226    21.6922     4.5480 0.0000e+00
 125.469754      1.148    11.7575  32.329427    27.8079      1.138  278.31422  278.39566    20.5249     4.4873 0.0000e+00
 125.469757      1.181    11.7571  32.327164    27.8081      1.170  278.32033  278.40176    20.4938     4.4752 -9.990e-29
 125.469760      1.206    11.7567  32.327802    27.8049      1.195  278.32103  278.40242    20.4626     4.4914 -9.990e-29
 125.469763      1.246    11.7559  32.324726    27.8064      1.235  278.33053  278.41190    20.5405     4.5075 0.0000e+00
 125.469766      1.276    11.7550  32.327338    27.8078      1.264  278.32974  278.41101    18.8751     4.3903 0.0000e+00
 125.469769      1.308    11.7543  32.326584    27.8079      1.297  278.33397  278.41521    19.0619     4.3741 0.0000e+00
 125.469771      1.334    11.7538  32.324553    27.8078      1.322  278.34027  278.42149    19.1397     4.3620 -9.990e-29
 125.469774      1.352    11.7534  32.326991    27.8088      1.340  278.33730  278.41847    18.8906     4.3539 -9.990e-29
 125.469777      1.350    11.7534  32.326758    27.8086      1.338  278.33773  278.41890    20.8206     4.4914 -9.990e-29
 125.469780      1.352    11.7538  32.326352    27.8079      1.340  278.33693  278.41813    20.8206     4.5358 -9.990e-29
 125.469783      1.361    11.7536  32.326178    27.8079      1.349  278.33820  278.41939    20.7272     4.4954 -9.990e-29
 125.469786      1.370    11.7532  32.326584    27.8086      1.358  278.33932  278.42047    20.7895     4.5075 -9.990e-29
 125.469789      1.385    11.7534  32.330647    27.8098      1.373  278.33083  278.41195    19.4821     4.4267 -9.990e-29
 125.469792      1.414    11.7546  32.329022    27.8096      1.401  278.32826  278.40949    19.6222     4.4267 0.0000e+00
 125.469795      1.452    11.7559  32.329602    27.8094      1.439  278.32128  278.40260    19.4821     4.4428 0.0000e+00
 125.469797      1.492    11.7561  32.326759    27.8081      1.479  278.32598  278.40734    19.4821     4.4186 0.0000e+00
 125.469800      1.529    11.7559  32.328268    27.8066      1.516  278.32413  278.40546    19.6222     4.4348 0.0000e+00
 125.469803      1.571    11.7552  32.325540    27.8069      1.557  278.33205  278.41336    18.4860     4.3862 0.0000e+00
 125.469806      1.607    11.7545  32.325946    27.8069      1.593  278.33475  278.41600    18.4860     4.3903 0.0000e+00
 125.469809      1.642    11.7539  32.325773    27.8069      1.627  278.33759  278.41881    18.4237     4.3539 0.0000e+00
 125.469812      1.667    11.7537  32.324960    27.8069      1.652  278.34037  278.42158    18.5327     4.3620 0.0000e+00
 125.469815      1.693    11.7540  32.326353    27.8066      1.678  278.33623  278.41745    19.8556     4.4752 -9.990e-29
 125.469818      1.708    11.7544  32.326527    27.8075      1.692  278.33405  278.41529    19.9957     4.4995 -9.990e-29
 125.469821      1.722    11.7544  32.328210    27.8091      1.707  278.33092  278.41215    20.0580     4.5358 -9.990e-29
 125.469823      1.730    11.7547  32.327978    27.8087      1.714  278.33011  278.41136    20.0891     4.4914 -9.990e-29
 125.469826      1.737    11.7552  32.329429    27.8097      1.721  278.32523  278.40650    20.6650     4.5399 -9.990e-29
 125.469829      1.739    11.7554  32.329429    27.8095      1.723  278.32430  278.40558    20.7895     4.5763 -9.990e-29
 125.469832      1.759    11.7557  32.329023    27.8089      1.743  278.32382  278.40513    20.8673     4.5601 -9.990e-29
 125.469835      1.782    11.7557  32.329255    27.8107      1.767  278.32310  278.40441    20.6961     4.5844 -9.990e-29
 125.469838      1.812    11.7559  32.331055    27.8104      1.795  278.31914  278.40044    21.0852     4.5722 0.0000e+00
 125.469841      1.846    11.7561  32.330648    27.8101      1.830  278.31868  278.40000    21.0074     4.6976 0.0000e+00
 125.469844      1.890    11.7561  32.326760    27.8100      1.873  278.32626  278.40762    20.9918     4.7421 0.0000e+00
 125.469847      1.930    11.7557  32.330242    27.8092      1.913  278.32167  278.40297    20.9296     4.6774 0.0000e+00
 125.469850      1.969    11.7557  32.329430    27.8095      1.951  278.32290  278.40421    20.9607     4.6976 0.0000e+00
 125.469852      2.010    11.7561  32.330010    27.8092      1.993  278.32029  278.40162    20.1980     4.6774 0.0000e+00
 125.469855      2.043    11.7559  32.327979    27.8086      2.025  278.32472  278.40606    20.2292     4.6895 0.0000e+00
 125.469858      2.075    11.7556  32.329198    27.8076      2.056  278.32403  278.40533    20.2603     4.6895 -9.990e-29
 125.469861      2.096    11.7555  32.332275    27.8120      2.078  278.31863  278.39990    20.3226     4.6814 -9.990e-29
 125.469864      2.107    11.7567  32.331056    27.8100      2.089  278.31561  278.39697    20.4471     4.8108 -9.990e-29
 125.469867      2.109    11.7579  32.333087    27.8110      2.090  278.30653  278.38795    20.3537     4.7623 -9.990e-29
 125.469870      2.116    11.7586  32.331868    27.8093      2.098  278.30537  278.38686    20.5093     4.8108 -9.990e-29
 125.469873      2.124    11.7586  32.332681    27.8101      2.105  278.30386  278.38535    20.5560     4.8149 -9.990e-29
 125.469876      2.133    11.7586  32.332855    27.8102      2.114  278.30354  278.38503    22.5015     5.0090 -9.990e-29
 125.469878      2.149    11.7587  32.332681    27.8100      2.130  278.30357  278.38506    22.3459     5.0534 -9.990e-29
 125.469881      2.171    11.7587  32.333087    27.8091      2.152  278.30283  278.38431    22.4082     5.0615 -9.990e-29
 125.469884      2.198    11.7586  32.331752    27.8090      2.179  278.30564  278.38714    22.4704     5.0292 0.0000e+00
 125.469887      2.228    11.7586  32.331462    27.8089      2.208  278.30651  278.38801    22.4548     5.0696 0.0000e+00
 125.469890      2.264    11.7582  32.330011    27.8089      2.244  278.31080  278.39229    21.6455     5.2435 0.0000e+00
 125.469893      2.299    11.7579  32.331230    27.8091      2.278  278.30980  278.39125    21.6611     5.2394 0.0000e+00
 125.469896      2.339    11.7582  32.332681    27.8091      2.318  278.30588  278.38734    21.7700     5.2354 0.0000e+00
 125.469899      2.374    11.7580  32.331056    27.8091      2.352  278.30987  278.39133    21.7700     5.2597 0.0000e+00
 125.469902      2.405    11.7577  32.330998    27.8090      2.383  278.31156  278.39299    21.4899     4.9483 0.0000e+00
 125.469905      2.434    11.7573  32.330824    27.8091      2.412  278.31377  278.39518    21.4120     4.9443 -9.990e-29
 125.469907      2.456    11.7566  32.330824    27.8097      2.434  278.31659  278.39796    21.4120     4.9362 -9.990e-29
 125.469910      2.479    11.7562  32.330244    27.8094      2.457  278.31956  278.40090    21.5210     4.8998 -9.990e-29
 125.469913      2.499    11.7559  32.328387    27.8079      2.477  278.32459  278.40593    22.7817     5.1303 -9.990e-29
 125.469916      2.523    11.7553  32.328619    27.8085      2.500  278.32667  278.40796    22.7350     5.1222 -9.990e-29
 125.469919      2.545    11.7548  32.328851    27.8092      2.522  278.32875  278.41000    22.7661     5.0656 -9.990e-29
 125.469922      2.569    11.7543  32.329432    27.8100      2.546  278.32956  278.41077    22.7973     5.1222 -9.990e-29
 125.469925      2.594    11.7540  32.327807    27.8087      2.571  278.33416  278.41537    23.0619     5.0817 -9.990e-29
 125.469928      2.614    11.7537  32.328387    27.8095      2.591  278.33434  278.41552    23.2331     5.0615 -9.990e-29
 125.469931      2.640    11.7534  32.327169    27.8085      2.616  278.33788  278.41905    23.2953     5.0494 -9.990e-29
 125.469933      2.662    11.7532  32.327111    27.8086      2.638  278.33894  278.42009    23.3109     5.0534 -9.990e-29
 125.469936      2.678    11.7529  32.327401    27.8091      2.654  278.33997  278.42110    23.2331     5.0777 -9.990e-29
 125.469939      2.689    11.7528  32.328620    27.8104      2.665  278.33833  278.41944    21.2564     5.1667 -9.990e-29
 125.469942      2.700    11.7528  32.328388    27.8102      2.676  278.33877  278.41988    21.2720     5.1869 -9.990e-29
 125.469945      2.711    11.7527  32.326995    27.8089      2.687  278.34168  278.42280    21.1319     5.2111 -9.990e-29
 125.469948      2.729    11.7523  32.327807    27.8099      2.705  278.34174  278.42283    21.2564     5.1747 -9.990e-29
 125.469951      2.751    11.7523  32.326357    27.8100      2.726  278.34477  278.42587    20.4938     5.4780 -9.990e-29
 125.469954      2.791    11.7519  32.327576    27.8104      2.766  278.34440  278.42545    20.5405     5.5063 0.0000e+00
 125.469957      2.835    11.7516  32.328214    27.8105      2.810  278.34449  278.42552    20.4471     5.4942 0.0000e+00
 125.469959      2.879    11.7517  32.327982    27.8105      2.853  278.34433  278.42537    20.4938     5.5063 0.0000e+00
 125.469962      2.922    11.7519  32.326996    27.8095      2.896  278.34526  278.42633    20.3226     4.6774 0.0000e+00
 125.469965      2.963    11.7517  32.326996    27.8095      2.936  278.34622  278.42728    20.1980     4.7057 0.0000e+00
 125.469968      2.994    11.7513  32.327344    27.8098      2.967  278.34747  278.42849    20.1669     4.7057 0.0000e+00
 125.469971      3.021    11.7512  32.328621    27.8101      2.994  278.34573  278.42673    20.2136     4.6733 -9.990e-29
 125.469974      3.036    11.7515  32.327402    27.8100      3.009  278.34645  278.42749    20.2136     5.1707 -9.990e-29
 125.469977      3.049    11.7514  32.326183    27.8089      3.022  278.34904  278.43009    20.2603     5.1707 -9.990e-29
 125.469980      3.054    11.7514  32.327576    27.8103      3.027  278.34677  278.42779    20.2603     5.1828 -9.990e-29
 125.469983      3.052    11.7510  32.326358    27.8094      3.025  278.35059  278.43160    20.4004     5.1909 -9.990e-29
 125.469986      3.063    11.7510  32.325951    27.8090      3.036  278.35136  278.43237    20.2136     5.1909 -9.990e-29
 125.469988      3.074    11.7507  32.328215    27.8114      3.047  278.34840  278.42937    23.6533     5.5670 -9.990e-29
 125.469991      3.096    11.7509  32.327983    27.8107      3.069  278.34822  278.42920    23.7934     5.5548 -9.990e-29
 125.469994      3.127    11.7516  32.328215    27.8104      3.099  278.34438  278.42541    23.7467     5.5589 0.0000e+00
 125.469997      3.164    11.7517  32.327577    27.8100      3.135  278.34528  278.42633    23.7467     5.5912 0.0000e+00
 125.470000      3.206    11.7512  32.325778    27.8097      3.177  278.35116  278.43218    21.7545     5.1262 0.0000e+00
 125.470003      3.242    11.7503  32.326184    27.8097      3.213  278.35417  278.43513    21.7389     5.1222 0.0000e+00
 125.470006      3.275    11.7497  32.326184    27.8097      3.246  278.35700  278.43792    21.5988     5.1181 0.0000e+00
 125.470009      3.304    11.7496  32.324966    27.8096      3.275  278.35991  278.44083    21.6611     5.0979 0.0000e+00
 125.470012      3.333    11.7498  32.326997    27.8091      3.304  278.35522  278.43613    22.0346     5.2597 -9.990e-29
 125.470014      3.346    11.7503  32.327577    27.8110      3.316  278.35165  278.43259    21.9724     5.2637 -9.990e-29
 125.470017      3.364    11.7509  32.326997    27.8100      3.334  278.35025  278.43124    21.9412     5.2475 -9.990e-29
 125.470020      3.379    11.7510  32.326533    27.8094      3.348  278.35050  278.43151    21.9257     5.2435 -9.990e-29
 125.470023      3.397    11.7506  32.326591    27.8098      3.367  278.35227  278.43325    22.7973     5.4901 -9.990e-29
 125.470026      3.421    11.7507  32.325778    27.8104      3.390  278.35349  278.43448    22.5794     5.5508 -9.990e-29
 125.470029      3.446    11.7503  32.326997    27.8107      3.415  278.35311  278.43406    22.6261     5.4618 0.0000e+00
 125.470032      3.475    11.7505  32.327984    27.8107      3.444  278.35005  278.43100    22.6105     5.5063 0.0000e+00
 125.470035      3.507    11.7510  32.326765    27.8111      3.475  278.35015  278.43116    22.7194     5.4942 -9.990e-29
 125.470038      3.532    11.7512  32.326765    27.8095      3.501  278.34924  278.43026    23.4198     5.3324 -9.990e-29
