Processed/SBE19plus_01907321_2022_05_07_Cast61_wfilter.cnv
* Sea-Bird SBE19plus  Data File:
* FileName = E:\Prandtl Daten\2022\CTD\Raw\SBE19plus_01907321_2022_05_07_Cast61.hex
* Software version 2.6.1.12
* Temperature SN = 7321
* Conductivity SN = 7321
* System UpLoad Time = May 07 2022 07:47:26
* <ApplicationData>
* <Seaterm232>
** Messpraktikum 2022
** CTD 07.05 TS
** NMEA Latitude = 54 07.51 N
** NMEA Longitude = 008 42.19 E
# nquan = 11
# nvalues = 298                         
# units = specified
# name 0 = timeJ: Julian Days
# name 1 = prdM: Pressure, Strain Gauge [db]
# name 2 = tv290C: Temperature [ITS-90, deg C]
# name 3 = c0mS/cm: Conductivity [mS/cm]
# name 4 = sal00: Salinity, Practical [PSU]
# name 5 = depSM: Depth [salt water, m], lat = 54.00
# name 6 = oxsatMm/Kg: Oxygen Saturation, Weiss [umol/kg]
# name 7 = oxsolMm/Kg: Oxygen Saturation, Garcia & Gordon [umol/kg]
# name 8 = turbWETntu0: Turbidity, WET Labs ECO [NTU]
# name 9 = flECO-AFL: Fluorescence, WET Labs ECO-AFL/FL [mg/m^3]
# name 10 = flag:  0.000e+00
# span 0 = 127.321131, 127.321991       
# span 1 =      0.499,      7.667       
# span 2 =    12.8694,    12.9020       
# span 3 =  32.295672,  32.322168       
# span 4 =    26.9628,    26.9681       
# span 5 =      0.494,      7.599       
# span 6 =  273.23343,  273.42558       
# span 7 =  273.39300,  273.58333       
# span 8 =    20.9918,    58.3148       
# span 9 =     7.2896,    12.0085       
# span 10 = 0.0000e+00, 0.0000e+00      
# interval = seconds: 0.25
# start_time = May 07 2022 07:41:04 [Instrument's time stamp, header]
# bad_flag = -9.990e-29
*END*
 127.321131      0.499    12.8998  32.320773    26.9674      0.494  273.24461  273.40406    21.2097     7.5201 0.0000e+00
 127.321134      0.537    12.8999  32.321586    26.9678      0.532  273.24258  273.40202    21.1475     7.4837 0.0000e+00
 127.321137      0.570    12.9006  32.321180    26.9681      0.565  273.24047  273.39996    21.2875     7.5120 -9.990e-29
 127.321140      0.590    12.9009  32.320541    26.9664      0.585  273.24034  273.39986    21.2097     7.5241 -9.990e-29
 127.321143      0.600    12.9011  32.320832    26.9665      0.594  273.23889  273.39842    21.0229     7.2896 -9.990e-29
 127.321146      0.601    12.9009  32.321180    26.9670      0.596  273.23891  273.39843    20.9918     7.3179 -9.990e-29
 127.321149      0.614    12.9009  32.321586    26.9673      0.608  273.23821  273.39772    21.1163     7.3179 -9.990e-29
 127.321152      0.636    12.9009  32.321586    26.9669      0.630  273.23822  273.39773    20.9918     7.2977 -9.990e-29
 127.321155      0.681    12.9011  32.321354    26.9672      0.675  273.23771  273.39724    20.9918     7.3057 0.0000e+00
 127.321157      0.740    12.9014  32.321993    26.9669      0.733  273.23568  273.39522    21.9724     7.4837 0.0000e+00
 127.321160      0.793    12.9015  32.321006    26.9669      0.786  273.23682  273.39637    21.9412     7.5079 0.0000e+00
 127.321163      0.827    12.9017  32.321355    26.9663      0.820  273.23560  273.39516    21.9257     7.5201 -9.990e-29
 127.321166      0.836    12.9014  32.321180    26.9666      0.829  273.23717  273.39671    21.9724     7.4958 -9.990e-29
 127.321169      0.836    12.9013  32.321993    26.9674      0.829  273.23606  273.39559    22.3459     7.7344 -9.990e-29
 127.321172      0.833    12.9015  32.320136    26.9655      0.825  273.23837  273.39794    22.1280     7.7748 -9.990e-29
 127.321175      0.840    12.9018  32.321355    26.9664      0.832  273.23497  273.39454    22.1591     7.7586 -9.990e-29
 127.321178      0.856    12.9017  32.321181    26.9663      0.849  273.23560  273.39517    22.2369     7.7263 -9.990e-29
 127.321181      0.869    12.9016  32.321587    26.9662      0.861  273.23553  273.39508    22.3615     7.7667 -9.990e-29
 127.321183      0.896    12.9016  32.320949    26.9668      0.888  273.23667  273.39623    22.4237     7.7748 0.0000e+00
 127.321186      0.933    12.9013  32.321993    26.9674      0.924  273.23612  273.39565    22.4548     7.7708 0.0000e+00
 127.321189      0.977    12.9014  32.322168    26.9674      0.968  273.23521  273.39475    22.5171     7.7586 0.0000e+00
 127.321192      1.028    12.9018  32.321994    26.9670      1.018  273.23397  273.39353    28.0113     8.0215 0.0000e+00
 127.321195      1.075    12.9020  32.321762    26.9666      1.066  273.23346  273.39304    27.8245     8.0093 0.0000e+00
 127.321198      1.108    12.9019  32.321355    26.9665      1.098  273.23483  273.39440    27.9801     8.0296 0.0000e+00
 127.321201      1.135    12.9018  32.321762    26.9663      1.125  273.23445  273.39401    27.9179     8.0215 -9.990e-29
 127.321204      1.150    12.9015  32.322168    26.9673      1.140  273.23501  273.39455    27.9179     8.0498 -9.990e-29
 127.321207      1.150    12.9017  32.322168    26.9672      1.140  273.23437  273.39393    29.0229     8.4865 -9.990e-29
 127.321209      1.159    12.9017  32.322168    26.9671      1.149  273.23406  273.39362    28.9762     8.4622 -9.990e-29
 127.321212      1.170    12.9019  32.321994    26.9668      1.160  273.23343  273.39300    28.9918     8.4865 -9.990e-29
 127.321215      1.181    12.9019  32.321588    26.9665      1.170  273.23447  273.39404    28.9918     8.4824 -9.990e-29
 127.321218      1.208    12.9019  32.321588    26.9666      1.198  273.23449  273.39406    29.8634     8.6159 0.0000e+00
 127.321221      1.243    12.9015  32.321588    26.9667      1.232  273.23609  273.39564    29.7233     8.6442 0.0000e+00
 127.321224      1.278    12.9014  32.321588    26.9667      1.266  273.23642  273.39597    29.7700     8.5916 0.0000e+00
 127.321227      1.311    12.9013  32.321182    26.9665      1.299  273.23779  273.39733    29.8634     8.5795 0.0000e+00
 127.321230      1.343    12.9010  32.319731    26.9659      1.331  273.24162  273.40116    30.6105     8.3571 0.0000e+00
 127.321233      1.369    12.9009  32.320776    26.9653      1.356  273.24012  273.39964    30.6416     8.3490 -9.990e-29
 127.321236      1.390    12.9009  32.321182    26.9668      1.378  273.23973  273.39925    30.5794     8.3490 -9.990e-29
 127.321238      1.412    12.9007  32.320950    26.9666      1.400  273.24079  273.40029    30.5327     8.3571 -9.990e-29
 127.321241      1.431    12.9006  32.320776    26.9665      1.418  273.24142  273.40092    28.9451     8.8262 -9.990e-29
 127.321244      1.451    12.9005  32.320428    26.9663      1.438  273.24268  273.40217    29.0385     8.8059 -9.990e-29
 127.321247      1.478    12.9002  32.320138    26.9662      1.465  273.24447  273.40395    28.9918     8.7898 -9.990e-29
 127.321250      1.503    12.8999  32.319558    26.9661      1.490  273.24708  273.40655    29.1008     8.8181 -9.990e-29
 127.321253      1.536    12.8993  32.319326    26.9661      1.523  273.25004  273.40947    29.1475     8.7898 0.0000e+00
 127.321256      1.569    12.8989  32.318339    26.9661      1.555  273.25369  273.41310    30.4393     8.8868 -9.990e-29
 127.321259      1.593    12.8983  32.318920    26.9664      1.579  273.25489  273.41426    30.5171     8.8787 -9.990e-29
 127.321262      1.616    12.8982  32.319674    26.9672      1.602  273.25421  273.41357    30.5327     8.8787 -9.990e-29
 127.321264      1.633    12.8983  32.318746    26.9662      1.618  273.25522  273.41460    30.5638     8.8585 -9.990e-29
 127.321267      1.642    12.8983  32.318340    26.9659      1.627  273.25626  273.41563    31.4976     9.2710 -9.990e-29
 127.321270      1.657    12.8978  32.318107    26.9660      1.642  273.25888  273.41823    31.5910     9.3033 -9.990e-29
 127.321273      1.671    12.8975  32.318108    26.9662      1.656  273.26016  273.41948    31.4354     9.3033 -9.990e-29
 127.321276      1.693    12.8972  32.318108    26.9661      1.678  273.26143  273.42074    31.4976     9.3033 -9.990e-29
 127.321279      1.726    12.8971  32.317702    26.9661      1.711  273.26280  273.42210    31.7000     9.4448 0.0000e+00
 127.321282      1.761    12.8969  32.317702    26.9661      1.745  273.26345  273.42274    31.8245     9.4408 0.0000e+00
 127.321285      1.799    12.8967  32.317296    26.9662      1.783  273.26514  273.42442    31.7000     9.4287 0.0000e+00
 127.321288      1.839    12.8964  32.317528    26.9661      1.823  273.26602  273.42528    31.6222     9.4206 0.0000e+00
 127.321291      1.871    12.8963  32.317122    26.9663      1.854  273.26738  273.42664    30.7973     8.8423 0.0000e+00
 127.321293      1.900    12.8962  32.317528    26.9661      1.883  273.26700  273.42625    30.8906     8.8019 -9.990e-29
 127.321296      1.916    12.8962  32.317122    26.9661      1.899  273.26773  273.42698    30.7661     8.8221 -9.990e-29
 127.321299      1.935    12.8961  32.316890    26.9660      1.917  273.26878  273.42802    30.7506     8.8140 -9.990e-29
 127.321302      1.945    12.8960  32.316890    26.9661      1.928  273.26910  273.42834    30.8595     8.7978 -9.990e-29
 127.321305      1.960    12.8958  32.316484    26.9658      1.942  273.27046  273.42969    32.3226     9.3559 -9.990e-29
 127.321308      1.980    12.8955  32.316716    26.9664      1.962  273.27132  273.43054    32.2759     9.4044 -9.990e-29
 127.321311      2.009    12.8955  32.316890    26.9663      1.991  273.27135  273.43056    32.3381     9.3518 0.0000e+00
 127.321314      2.036    12.8953  32.316542    26.9662      2.018  273.27293  273.43213    32.2292     9.3801 0.0000e+00
 127.321317      2.066    12.8953  32.316310    26.9661      2.047  273.27336  273.43256    29.8323     9.3397 0.0000e+00
 127.321319      2.091    12.8950  32.316310    26.9660      2.073  273.27463  273.43382    29.7545     9.3478 -9.990e-29
 127.321322      2.111    12.8950  32.316078    26.9660      2.093  273.27506  273.43424    29.8945     9.3801 -9.990e-29
 127.321325      2.131    12.8950  32.315672    26.9656      2.112  273.27578  273.43497    29.8012     9.3640 -9.990e-29
 127.321328      2.155    12.8947  32.315904    26.9660      2.136  273.27665  273.43582    29.7078     9.9018 -9.990e-29
 127.321331      2.183    12.8944  32.315788    26.9661      2.163  273.27814  273.43729    29.8167     9.8735 -9.990e-29
 127.321334      2.206    12.8943  32.315904    26.9663      2.187  273.27826  273.43741    29.8478     9.8937 -9.990e-29
 127.321337      2.237    12.8943  32.316485    26.9668      2.217  273.27726  273.43640    29.7389     9.8654 -9.990e-29
 127.321340      2.257    12.8945  32.315904    26.9661      2.237  273.27766  273.43682    34.2992     9.7036 -9.990e-29
 127.321343      2.277    12.8944  32.316079    26.9663      2.257  273.27769  273.43683    34.1747     9.6389 -9.990e-29
 127.321345      2.298    12.8943  32.315266    26.9657      2.277  273.27976  273.43891    34.2369     9.6389 -9.990e-29
 127.321348      2.319    12.8940  32.314802    26.9666      2.299  273.28154  273.44067    34.2369     9.6308 -9.990e-29
 127.321351      2.345    12.8943  32.316311    26.9665      2.324  273.27795  273.43709    34.2369     9.6147 0.0000e+00
 127.321354      2.374    12.8942  32.316079    26.9665      2.353  273.27870  273.43783    34.6572    10.3263 0.0000e+00
 127.321357      2.405    12.8942  32.315905    26.9663      2.384  273.27902  273.43816    34.7350    10.3102 0.0000e+00
 127.321360      2.444    12.8942  32.315673    26.9661      2.422  273.27945  273.43859    34.7194    10.3304 0.0000e+00
 127.321363      2.471    12.8941  32.315499    26.9660      2.449  273.28009  273.43923    34.8128    10.3304 0.0000e+00
 127.321366      2.504    12.8941  32.315789    26.9659      2.481  273.27960  273.43874    34.1280    10.2374 -9.990e-29
 127.321369      2.526    12.8940  32.315093    26.9656      2.503  273.28116  273.44029    34.2058    10.2697 -9.990e-29
 127.321372      2.542    12.8941  32.316079    26.9665      2.519  273.27912  273.43825    34.2681    10.2819 -9.990e-29
 127.321374      2.551    12.8942  32.316312    26.9666      2.528  273.27840  273.43753    34.3303    10.2980 -9.990e-29
 127.321377      2.553    12.8944  32.316079    26.9662      2.530  273.27786  273.43701    35.3576    10.4477 -9.990e-29
 127.321380      2.558    12.8943  32.314687    26.9650      2.535  273.28063  273.43979    35.1864    10.4881 -9.990e-29
 127.321383      2.569    12.8940  32.314803    26.9654      2.546  273.28201  273.44115    35.2798    10.4557 -9.990e-29
 127.321386      2.589    12.8938  32.314106    26.9648      2.566  273.28388  273.44301    35.2331    10.4719 -9.990e-29
 127.321389      2.626    12.8933  32.313700    26.9646      2.602  273.28714  273.44624    32.7272    10.4234 0.0000e+00
 127.321392      2.668    12.8924  32.312656    26.9646      2.644  273.29280  273.45185    29.8790     9.2143 0.0000e+00
 127.321395      2.717    12.8917  32.312250    26.9646      2.693  273.29670  273.45571    29.7545     9.2143 0.0000e+00
 127.321398      2.759    12.8907  32.311670    26.9647      2.734  273.30216  273.46112    29.8012     9.2426 0.0000e+00
 127.321400      2.801    12.8900  32.312889    26.9648      2.776  273.30289  273.46179    29.7389     9.2224 -9.990e-29
 127.321403      2.826    12.8902  32.313469    26.9668      2.801  273.30125  273.46015    30.8751     8.8019 -9.990e-29
 127.321406      2.848    12.8905  32.313469    26.9665      2.823  273.29969  273.45861    30.8440     8.8100 -9.990e-29
 127.321409      2.864    12.8907  32.313701    26.9665      2.839  273.29834  273.45728    30.8440     8.8140 -9.990e-29
 127.321412      2.875    12.8911  32.313469    26.9661      2.850  273.29718  273.45614    30.7973     8.8140 -9.990e-29
 127.321415      2.884    12.8912  32.314688    26.9671      2.858  273.29441  273.45337    32.5093     9.6268 -9.990e-29
 127.321418      2.892    12.8917  32.315384    26.9674      2.866  273.29098  273.44997    32.6338     9.6389 -9.990e-29
 127.321421      2.912    12.8926  32.315674    26.9670      2.886  273.28670  273.44574    32.5560     9.6389 -9.990e-29
 127.321424      2.930    12.8935  32.315674    26.9666      2.904  273.28292  273.44202    32.5871     9.6227 -9.990e-29
 127.321427      2.961    12.8940  32.316313    26.9661      2.935  273.27961  273.43873    31.7467    10.0837 0.0000e+00
 127.321429      2.994    12.8943  32.315500    26.9657      2.967  273.27948  273.43863    31.7467    10.0797 0.0000e+00
 127.321432      3.023    12.8943  32.315501    26.9657      2.996  273.27982  273.43896    31.7622    10.0716 0.0000e+00
 127.321435      3.059    12.8943  32.315965    26.9658      3.032  273.27902  273.43817    31.7311    10.0878 0.0000e+00
 127.321438      3.087    12.8945  32.315907    26.9661      3.059  273.27788  273.43704    31.7934    10.0635 0.0000e+00
 127.321441      3.120    12.8949  32.316487    26.9661      3.092  273.27530  273.43448    32.6338     9.3033 0.0000e+00
 127.321444      3.147    12.8954  32.317300    26.9663      3.119  273.27168  273.43089    32.4782     9.3235 0.0000e+00
 127.321447      3.178    12.8958  32.316894    26.9665      3.150  273.27052  273.42976    32.5249     9.2952 -9.990e-29
 127.321450      3.200    12.8961  32.317300    26.9659      3.171  273.26856  273.42781    32.5871     9.2831 -9.990e-29
 127.321453      3.224    12.8960  32.316371    26.9652      3.195  273.27084  273.43009    34.1747    10.2131 -9.990e-29
 127.321455      3.239    12.8963  32.317300    26.9658      3.210  273.26764  273.42690    34.2992    10.2050 -9.990e-29
 127.321458      3.251    12.8961  32.317126    26.9658      3.222  273.26921  273.42846    34.2681    10.2050 -9.990e-29
 127.321461      3.262    12.8960  32.317300    26.9660      3.233  273.26923  273.42847    34.2525    10.2131 -9.990e-29
 127.321464      3.280    12.8959  32.317532    26.9663      3.251  273.26915  273.42838    38.0346    10.7509 -9.990e-29
 127.321467      3.297    12.8963  32.317706    26.9663      3.268  273.26696  273.42622    37.9412    10.7226 -9.990e-29
 127.321470      3.324    12.8964  32.317939    26.9658      3.295  273.26625  273.42552    37.8790    10.7388 0.0000e+00
 127.321473      3.352    12.8964  32.316894    26.9659      3.322  273.26811  273.42738    37.9568    10.7186 0.0000e+00
 127.321476      3.386    12.8964  32.317533    26.9653      3.356  273.26701  273.42628    37.4899    11.1917 0.0000e+00
 127.321479      3.421    12.8963  32.316488    26.9650      3.390  273.26918  273.42846    37.4899    11.1391 0.0000e+00
 127.321481      3.457    12.8961  32.316314    26.9650      3.426  273.27078  273.43003    37.4587    11.1755 0.0000e+00
 127.321484      3.494    12.8955  32.316488    26.9652      3.463  273.27270  273.43192    37.5677    11.2159 0.0000e+00
 127.321487      3.523    12.8955  32.316372    26.9655      3.491  273.27292  273.43215    37.4899    11.1391 -9.990e-29
 127.321490      3.546    12.8951  32.315908    26.9652      3.515  273.27565  273.43485    36.7272    10.2738 -9.990e-29
 127.321493      3.566    12.8948  32.315502    26.9651      3.535  273.27764  273.43683    36.7739    10.2697 -9.990e-29
 127.321496      3.577    12.8946  32.314458    26.9642      3.545  273.28043  273.43961    36.6805    10.2697 -9.990e-29
 127.321499      3.590    12.8941  32.314690    26.9648      3.558  273.28224  273.44139    36.7428    10.2697 -9.990e-29
 127.321502      3.605    12.8938  32.314458    26.9648      3.573  273.28424  273.44336    32.4159     9.5419 -9.990e-29
 127.321505      3.630    12.8933  32.314110    26.9649      3.598  273.28707  273.44617    32.2603     9.5419 -9.990e-29
 127.321508      3.652    12.8927  32.313704    26.9650      3.620  273.29033  273.44939    32.2292     9.5702 -9.990e-29
