Processed/SBE19plus_01907321_2022_05_06_Cast57_wfilter.cnv
* Sea-Bird SBE19plus  Data File:
* FileName = E:\Prandtl Daten\2022\CTD\Raw\SBE19plus_01907321_2022_05_06_Cast57.hex
* Software version 2.6.1.12
* Temperature SN = 7321
* Conductivity SN = 7321
* System UpLoad Time = May 06 2022 14:24:57
* <ApplicationData>
* <Seaterm232>
** Messpraktikum 2022
** CTD 06.05 BE
** NMEA Latitude = 54 07.501 N
** NMEA Longitude = 008 50.228 E
# nquan = 11
# nvalues = 703                         
# units = specified
# name 0 = timeJ: Julian Days
# name 1 = prdM: Pressure, Strain Gauge [db]
# name 2 = tv290C: Temperature [ITS-90, deg C]
# name 3 = c0mS/cm: Conductivity [mS/cm]
# name 4 = sal00: Salinity, Practical [PSU]
# name 5 = depSM: Depth [salt water, m], lat = 54.00
# name 6 = oxsatMm/Kg: Oxygen Saturation, Weiss [umol/kg]
# name 7 = oxsolMm/Kg: Oxygen Saturation, Garcia & Gordon [umol/kg]
# name 8 = turbWETntu0: Turbidity, WET Labs ECO [NTU]
# name 9 = flECO-AFL: Fluorescence, WET Labs ECO-AFL/FL [mg/m^3]
# name 10 = flag:  0.000e+00
# span 0 = 126.594439, 126.596470       
# span 1 =      0.496,     17.136       
# span 2 =    12.6523,    12.8059       
# span 3 =  32.202284,  32.322825       
# span 4 =    27.0229,    27.0546       
# span 5 =      0.492,     16.982       
# span 6 =  273.66530,  274.55197       
# span 7 =  273.81871,  274.69649       
# span 8 =     7.9801,    72.0891       
# span 9 =     4.2245,    13.4723       
# span 10 = 0.0000e+00, 0.0000e+00      
# interval = seconds: 0.25
# start_time = May 06 2022 14:14:48 [Instrument's time stamp, header]
# bad_flag = -9.990e-29
*END*
[from data line 132]
 126.594821      3.751    12.8044  32.315106    27.0291      3.717  273.67658  273.82993     8.9607     4.3984 0.0000e+00
 126.594823      3.789    12.8027  32.313481    27.0291      3.755  273.68673  273.83998     8.8206     4.3741 0.0000e+00
 126.594826      3.820    12.8010  32.313482    27.0294      3.786  273.69431  273.84746     8.8206     4.3660 0.0000e+00
 126.594829      3.849    12.8000  32.312727    27.0300      3.814  273.70008  273.85317     8.5871     4.3175 -9.990e-29
 126.594832      3.873    12.7989  32.314120    27.0320      3.838  273.70236  273.85537     8.5249     4.3175 -9.990e-29
 126.594835      3.891    12.7990  32.314469    27.0323      3.856  273.70145  273.85445     8.4471     4.3013 -9.990e-29
 126.594838      3.900    12.7994  32.313714    27.0313      3.865  273.70089  273.85393     8.5560     4.2771 -9.990e-29
 126.594841      3.910    12.7991  32.312263    27.0302      3.875  273.70472  273.85776     8.2914     4.6572 -9.990e-29
 126.594844      3.919    12.7980  32.310871    27.0297      3.884  273.71224  273.86521     8.3070     4.6491 -9.990e-29
 126.594847      3.938    12.7966  32.310581    27.0304      3.902  273.71907  273.87195     8.1825     4.6289 -9.990e-29
 126.594850      3.958    12.7955  32.310059    27.0299      3.922  273.72473  273.87755     8.3537     4.6369 -9.990e-29
 126.594852      3.990    12.7945  32.308434    27.0303      3.955  273.73204  273.88481     8.9607     4.5399 0.0000e+00
 126.594855      4.021    12.7937  32.308841    27.0308      3.985  273.73481  273.88753     8.9451     4.5358 0.0000e+00
 126.594858      4.063    12.7931  32.309015    27.0314      4.027  273.73737  273.89004     9.1319     4.5480 0.0000e+00
 126.594861      4.097    12.7928  32.309015    27.0314      4.061  273.73834  273.89099     9.0229     4.5682 0.0000e+00
 126.594864      4.132    12.7929  32.308667    27.0312      4.095  273.73866  273.89132     8.9762     4.5722 0.0000e+00
 126.594867      4.159    12.7924  32.305998    27.0301      4.122  273.74560  273.89826     8.2447     4.4388 0.0000e+00
 126.594870      4.186    12.7908  32.304780    27.0291      4.149  273.75471  273.90728     8.2447     4.4590 -9.990e-29
 126.594873      4.203    12.7891  32.304142    27.0297      4.165  273.76342  273.91588     8.2292     4.4226 -9.990e-29
 126.594876      4.214    12.7875  32.304142    27.0308      4.176  273.77036  273.92272     8.1825     4.4145 -9.990e-29
 126.594878      4.223    12.7865  32.304374    27.0317      4.185  273.77437  273.92667     8.0113     4.3862 -9.990e-29
 126.594881      4.234    12.7863  32.305186    27.0327      4.196  273.77421  273.92647     7.9801     4.3741 -9.990e-29
 126.594884      4.247    12.7865  32.306173    27.0335      4.209  273.77152  273.92379     8.0268     4.3862 -9.990e-29
 126.594887      4.271    12.7873  32.305593    27.0326      4.233  273.76910  273.92142     8.0424     4.3660 -9.990e-29
 126.594890      4.302    12.7877  32.306173    27.0316      4.264  273.76620  273.91855     8.5871     4.3822 0.0000e+00
 126.594893      4.333    12.7878  32.304142    27.0306      4.295  273.76918  273.92156     8.6183     4.4145 0.0000e+00
 126.594896      4.376    12.7874  32.303736    27.0306      4.337  273.77182  273.92417     8.4315     4.3418 0.0000e+00
 126.594899      4.408    12.7865  32.303620    27.0310      4.369  273.77583  273.92813     8.5249     4.3741 0.0000e+00
 126.594902      4.445    12.7858  32.303562    27.0312      4.405  273.77911  273.93136     8.5405     4.3579 0.0000e+00
 126.594905      4.478    12.7853  32.304549    27.0314      4.438  273.77991  273.93211     8.5093     4.3458 -9.990e-29
 126.594907      4.500    12.7855  32.304781    27.0328      4.460  273.77856  273.93078     8.5249     4.3781 -9.990e-29
 126.594910      4.520    12.7858  32.305187    27.0329      4.480  273.77628  273.92852     8.5560     4.3822 -9.990e-29
 126.594913      4.537    12.7863  32.305187    27.0325      4.496  273.77409  273.92636     8.4782     4.3539 -9.990e-29
 126.594916      4.547    12.7868  32.304201    27.0313      4.507  273.77395  273.92625     9.5521     4.7502 -9.990e-29
 126.594919      4.557    12.7864  32.304143    27.0315      4.516  273.77563  273.92792     9.5833     4.7259 -9.990e-29
 126.594922      4.571    12.7860  32.303157    27.0309      4.531  273.77896  273.93123     9.6611     4.7623 -9.990e-29
 126.594925      4.597    12.7852  32.301126    27.0296      4.556  273.78635  273.93859     9.5521     4.7582 -9.990e-29
 126.594928      4.622    12.7840  32.301300    27.0299      4.581  273.79111  273.94327    11.1708     4.8270 -9.990e-29
 126.594931      4.657    12.7829  32.299676    27.0298      4.615  273.79905  273.95115    11.2798     4.8513 0.0000e+00
 126.594933      4.693    12.7814  32.298225    27.0299      4.651  273.80826  273.96028    11.3264     4.8432 0.0000e+00
 126.594936      4.724    12.7799  32.298052    27.0304      4.682  273.81521  273.96713    11.2642     4.8270 0.0000e+00
 126.594939      4.755    12.7785  32.296892    27.0304      4.713  273.82359  273.97543     9.7233     4.7785 0.0000e+00
 126.594942      4.788    12.7773  32.294455    27.0297      4.745  273.83297  273.98476     9.7856     4.7744 0.0000e+00
 126.594945      4.814    12.7755  32.288770    27.0290      4.771  273.85124  274.00297     9.8634     4.7785 -9.990e-29
 126.594948      4.837    12.7719  32.287146    27.0261      4.794  273.86990  274.02141     9.7545     4.7866 -9.990e-29
 126.594951      4.844    12.7679  32.283607    27.0256      4.801  273.89383  274.04511    10.5638     4.9160 -9.990e-29
 126.594954      4.863    12.7637  32.282680    27.0277      4.820  273.91378  274.06480    10.5949     4.9240 -9.990e-29
 126.594957      4.878    12.7604  32.282506    27.0300      4.834  273.92892  274.07972    10.5171     4.9240 -9.990e-29
 126.594959      4.891    12.7587  32.278214    27.0272      4.847  273.94410  274.09483    10.4704     4.9200 -9.990e-29
 126.594962      4.913    12.7557  32.274966    27.0294      4.869  273.96280  274.11337    10.5638     4.8796 -9.990e-29
 126.594965      4.940    12.7522  32.275604    27.0313      4.896  273.97746  274.12779    11.1864     5.3608 0.0000e+00
 126.594968      4.977    12.7499  32.277809    27.0314      4.932  273.98367  274.13383    11.1085     5.3486 0.0000e+00
 126.594971      5.008    12.7494  32.275605    27.0320      4.963  273.98980  274.13995    11.3420     5.3567 0.0000e+00
 126.594974      5.046    12.7490  32.276011    27.0314      5.001  273.99068  274.14081    11.2642     5.3608 0.0000e+00
 126.594977      5.079    12.7483  32.268935    27.0290      5.034  274.00640  274.15654    10.2214     4.9240 0.0000e+00
 126.594980      5.105    12.7450  32.266673    27.0260      5.059  274.02493  274.17488    10.2525     4.8876 -9.990e-29
 126.594983      5.130    12.7405  32.262208    27.0253      5.084  274.05274  274.20244    10.3615     4.9079 -9.990e-29
 126.594986      5.149    12.7359  32.263252    27.0295      5.103  274.07108  274.22048    10.2369     4.9443 -9.990e-29
 126.594988      5.166    12.7328  32.262731    27.0313      5.120  274.08590  274.23509    11.0930     5.2597 -9.990e-29
 126.594991      5.187    12.7317  32.261455    27.0309      5.140  274.09322  274.24235    11.0930     5.2556 -9.990e-29
 126.594994      5.196    12.7303  32.257570    27.0283      5.149  274.10611  274.25519    11.1241     5.2475 -9.990e-29
 126.594997      5.214    12.7277  32.253511    27.0264      5.168  274.12500  274.27394    11.0307     5.2273 -9.990e-29
 126.595000      5.236    12.7238  32.251539    27.0313      5.189  274.14554  274.29425    12.0891     5.0534 -9.990e-29
 126.595003      5.261    12.7201  32.252932    27.0321      5.214  274.15949  274.30795    12.0735     5.0534 0.0000e+00
 126.595006      5.292    12.7188  32.253686    27.0329      5.245  274.16385  274.31222    11.9801     5.0494 0.0000e+00
 126.595009      5.321    12.7186  32.253744    27.0329      5.274  274.16471  274.31306    12.0113     5.0494 0.0000e+00
 126.595012      5.354    12.7187  32.251308    27.0319      5.306  274.16874  274.31712    11.9490     5.0251 0.0000e+00
 126.595014      5.389    12.7174  32.251135    27.0307      5.341  274.17444  274.32274    10.8284     5.1141 -9.990e-29
 126.595017      5.414    12.7159  32.249105    27.0306      5.366  274.18468  274.33290    10.6727     5.0939 -9.990e-29
 126.595020      5.440    12.7147  32.250729    27.0330      5.391  274.18749  274.33561    10.8595     5.0817 -9.990e-29
 126.595023      5.458    12.7145  32.251715    27.0340      5.409  274.18638  274.33449    10.8284     5.1141 -9.990e-29
 126.595026      5.480    12.7148  32.252179    27.0343      5.431  274.18431  274.33243    12.3537     5.3729 -9.990e-29
 126.595029      5.494    12.7157  32.253107    27.0345      5.445  274.17889  274.32706    12.1825     5.3648 -9.990e-29
 126.595032      5.509    12.7167  32.253339    27.0340      5.460  274.17407  274.32230    12.3692     5.3324 -9.990e-29
 126.595035      5.520    12.7174  32.252933    27.0331      5.471  274.17165  274.31993    12.2292     5.3729 -9.990e-29
 126.595038      5.538    12.7176  32.251715    27.0315      5.488  274.17287  274.32118    11.4976     5.4052 -9.990e-29
 126.595041      5.565    12.7169  32.250903    27.0318      5.515  274.17717  274.32544    11.5599     5.4093 0.0000e+00
 126.595043      5.595    12.7161  32.250787    27.0315      5.545  274.18118  274.32940    11.5288     5.4578 0.0000e+00
 126.595046      5.624    12.7154  32.249686    27.0320      5.573  274.18631  274.33449    11.6222     5.4497 0.0000e+00
 126.595049      5.659    12.7149  32.250324    27.0317      5.608  274.18709  274.33524    12.1980     5.1545 0.0000e+00
 126.595052      5.695    12.7143  32.249106    27.0324      5.644  274.19212  274.34023    12.3226     5.1667 0.0000e+00
 126.595055      5.724    12.7134  32.249280    27.0323      5.673  274.19561  274.34367    12.2603     5.1667 0.0000e+00
 126.595058      5.750    12.7129  32.248701    27.0324      5.699  274.19887  274.34690    12.1669     5.1667 0.0000e+00
 126.595061      5.779    12.7127  32.248875    27.0323      5.727  274.19984  274.34785    12.1358     5.1707 -9.990e-29
 126.595064      5.803    12.7125  32.248295    27.0322      5.751  274.20151  274.34952    11.2953     5.3567 -9.990e-29
 126.595067      5.821    12.7122  32.247251    27.0314      5.769  274.20464  274.35264    11.2331     5.3810 -9.990e-29
 126.595069      5.834    12.7114  32.245860    27.0307      5.782  274.21090  274.35886    11.1397     5.3648 -9.990e-29
 126.595072      5.848    12.7099  32.240410    27.0267      5.796  274.22690  274.37481    11.2798     5.3648 -9.990e-29
 126.595075      5.863    12.7065  32.235714    27.0248      5.811  274.25039  274.39813    11.4198     5.8298 -9.990e-29
 126.595078      5.889    12.7012  32.232700    27.0258      5.836  274.27911  274.42653    11.4821     5.8056 -9.990e-29
 126.595081      5.914    12.6960  32.235135    27.0350      5.861  274.29814  274.44520    11.4976     5.8136 -9.990e-29
 126.595084      5.941    12.6943  32.237339    27.0351      5.888  274.30182  274.44874    11.4976     5.8096 0.0000e+00
 126.595087      5.976    12.6948  32.237977    27.0350      5.923  274.29819  274.44513    12.7895     5.2394 0.0000e+00
 126.595090      6.010    12.6963  32.237165    27.0334      5.957  274.29334  274.44039    12.7584     5.2192 0.0000e+00
 126.595093      6.043    12.6966  32.234730    27.0311      5.989  274.29611  274.44321    12.7895     5.2354 0.0000e+00
 126.595095      6.074    12.6955  32.234092    27.0310      6.020  274.30200  274.44903    12.7739     5.2597 0.0000e+00
 126.595098      6.100    12.6944  32.235716    27.0311      6.045  274.30418  274.45112    11.7311     5.3122 -9.990e-29
 126.595101      6.121    12.6942  32.236528    27.0343      6.067  274.30369  274.45062    11.7622     5.3041 -9.990e-29
 126.595104      6.138    12.6950  32.238499    27.0355      6.083  274.29673  274.44369    11.7778     5.3405 -9.990e-29
 126.595107      6.154    12.6962  32.237745    27.0340      6.099  274.29272  274.43976    11.6689     5.3122 -9.990e-29
 126.595110      6.161    12.6968  32.237165    27.0330      6.106  274.29091  274.43800    11.7311     5.2718 -9.990e-29
 126.595113      6.180    12.6969  32.236759    27.0325      6.124  274.29133  274.43843    12.3692     5.4861 -9.990e-29
 126.595116      6.201    12.6966  32.237165    27.0331      6.146  274.29189  274.43896    12.2292     5.5104 -9.990e-29
 126.595119      6.223    12.6964  32.236122    27.0324      6.167  274.29470  274.44177    12.3226     5.5023 -9.990e-29
 126.595122      6.250    12.6961  32.236006    27.0329      6.194  274.29619  274.44324    12.1825     5.5225 0.0000e+00
 126.595124      6.289    12.6958  32.236934    27.0324      6.232  274.29583  274.44285    12.3692     5.6842 0.0000e+00
 126.595127      6.321    12.6958  32.235311    27.0319      6.265  274.29873  274.44577    12.2136     5.7004 0.0000e+00
 126.595130      6.360    12.6948  32.233513    27.0318      6.303  274.30668  274.45367    12.2603     5.7004 0.0000e+00
 126.595133      6.393    12.6936  32.233514    27.0318      6.335  274.31175  274.45867    12.2914     5.7045 0.0000e+00
 126.595136      6.422    12.6924  32.233340    27.0322      6.364  274.31744  274.46428    13.7233     5.4861 0.0000e+00
 126.595139      6.451    12.6916  32.232529    27.0325      6.393  274.32237  274.46917    13.7233     5.4780 -9.990e-29
 126.595142      6.469    12.6909  32.231369    27.0317      6.411  274.32760  274.47436    13.5677     5.4861 -9.990e-29
 126.595145      6.487    12.6900  32.230500    27.0315      6.429  274.33294  274.47965    13.7700     5.5144 -9.990e-29
 126.595148      6.495    12.6894  32.228877    27.0305      6.437  274.33867  274.48536    14.2214     6.1735 -9.990e-29
 126.595150      6.508    12.6883  32.226616    27.0291      6.450  274.34743  274.49407    14.1436     6.1452 -9.990e-29
 126.595153      6.522    12.6862  32.226442    27.0305      6.464  274.35721  274.50371    14.1747     6.1210 -9.990e-29
 126.595156      6.548    12.6843  32.225631    27.0311      6.489  274.36719  274.51357    14.0502     6.1654 -9.990e-29
 126.595159      6.572    12.6826  32.225457    27.0335      6.513  274.37477  274.52105    14.0657     6.1412 -9.990e-29
 126.595162      6.607    12.6821  32.226559    27.0335      6.548  274.37505  274.52128    14.8751     5.7328 0.0000e+00
 126.595165      6.640    12.6820  32.226617    27.0335      6.581  274.37560  274.52182    14.8595     5.7732 0.0000e+00
 126.595168      6.677    12.6821  32.224646    27.0317      6.617  274.37881  274.52505    14.8751     5.7570 0.0000e+00
 126.595171      6.704    12.6809  32.222212    27.0310      6.644  274.38820  274.53440    14.8284     5.7409 0.0000e+00
 126.595174      6.738    12.6794  32.222618    27.0303      6.678  274.39444  274.54053    15.1552     5.6398 -9.990e-29
 126.595177      6.761    12.6781  32.223024    27.0331      6.700  274.39942  274.54542    15.1085     5.6357 -9.990e-29
 126.595179      6.784    12.6776  32.221401    27.0319      6.724  274.40421  274.55020    15.0619     5.6438 -9.990e-29
 126.595182      6.797    12.6767  32.220589    27.0318      6.736  274.40976  274.55570    15.0774     5.6276 -9.990e-29
 126.595185      6.810    12.6758  32.218966    27.0309      6.749  274.41676  274.56265    14.3303     6.1371 -9.990e-29
 126.595188      6.817    12.6746  32.216532    27.0295      6.756  274.42614  274.57198    14.2992     6.1654 -9.990e-29
 126.595191      6.833    12.6729  32.216532    27.0307      6.772  274.43404  274.57976    14.4237     6.1533 -9.990e-29
 126.595194      6.853    12.6714  32.216764    27.0335      6.792  274.44027  274.58589    14.4393     6.1776 -9.990e-29
