Processed/SBE19plus_01907321_2022_05_08_Cast83_wfilter.cnv
* Sea-Bird SBE19plus  Data File:
* FileName = E:\Prandtl Daten\2022\CTD\Raw\SBE19plus_01907321_2022_05_08_Cast83.hex
* Software version 2.6.1.12
* Temperature SN = 7321
* Conductivity SN = 7321
* System UpLoad Time = May 08 2022 11:06:30
* <ApplicationData>
* <Seaterm232>
** Messpraktikum 2022
** CTD 08.05 Schnitt5_3
** NMEA Latitude = 54 09.81 N
** NMEA Longitude = 008 33.65 E
# nquan = 11
# nvalues = 184                         
# units = specified
# name 0 = timeJ: Julian Days
# name 1 = prdM: Pressure, Strain Gauge [db]
# name 2 = tv290C: Temperature [ITS-90, deg C]
# name 3 = c0mS/cm: Conductivity [mS/cm]
# name 4 = sal00: Salinity, Practical [PSU]
# name 5 = depSM: Depth [salt water, m], lat = 54.00
# name 6 = oxsatMm/Kg: Oxygen Saturation, Weiss [umol/kg]
# name 7 = oxsolMm/Kg: Oxygen Saturation, Garcia & Gordon [umol/kg]
# name 8 = turbWETntu0: Turbidity, WET Labs ECO [NTU]
# name 9 = flECO-AFL: Fluorescence, WET Labs ECO-AFL/FL [mg/m^3]
# name 10 = flag:  0.000e+00
# span 0 = 128.459769, 128.460298       
# span 1 =      0.657,      5.081       
# span 2 =    12.4773,    12.7174       
# span 3 =  33.026587,  33.180273       
# span 4 =    27.8786,    27.9297       
# span 5 =      0.651,      5.036       
# span 6 =  272.52966,  273.84485       
# span 7 =  272.66887,  273.96944       
# span 8 =     1.7856,    96.3226       
# span 9 =     1.6244,    19.0283       
# span 10 = 0.0000e+00, 0.0000e+00      
# interval = seconds: 0.25
# start_time = May 08 2022 11:00:47 [Instrument's time stamp, header]
# bad_flag = -9.990e-29
*END*
[from data line 132]
 128.460150      3.919    12.5847  33.098419    27.9112      3.884  273.24887  273.38005    16.7895     5.5144 -9.990e-29
 128.460153      3.944    12.5850  33.100060    27.9180      3.909  273.24472  273.37590    16.7895     5.4982 -9.990e-29
 128.460156      3.957    12.5860  33.093382    27.9110      3.921  273.25230  273.38362    40.7272    10.4396 -9.990e-29
 128.460159      3.962    12.5843  33.095666    27.9144      3.927  273.25567  273.38684    40.6650    10.4760 -9.990e-29
 128.460162      3.962    12.5828  33.093851    27.9138      3.927  273.26541  273.39650    40.7739    10.4881 -9.990e-29
 128.460165      3.961    12.5817  33.092562    27.9134      3.925  273.27235  273.40338    40.5871    10.4477 -9.990e-29
 128.460168      3.964    12.5806  33.092269    27.9140      3.929  273.27783  273.40879    32.9918     9.1375 -9.990e-29
 128.460171      3.968    12.5794  33.089634    27.9124      3.932  273.28780  273.41870    33.0385     9.1618 -9.990e-29
 128.460174      3.977    12.5765  33.077569    27.9032      3.942  273.32172  273.45255    32.8829     9.1416 -9.990e-29
 128.460177      3.992    12.5680  33.076047    27.9081      3.956  273.36162  273.49189    32.9918     9.1213 -9.990e-29
 128.460179      4.003    12.5587  33.074232    27.9133      3.967  273.40545  273.53510    26.0657     8.7453 -9.990e-29
 128.460182      4.014    12.5536  33.071071    27.9141      3.978  273.43309  273.56244    26.1591     8.7776 -9.990e-29
 128.460185      4.023    12.5498  33.070075    27.9160      3.987  273.45160  273.58070    26.1903     8.7453 -9.990e-29
 128.460188      4.041    12.5456  33.069022    27.9181      4.005  273.47177  273.60060    26.3926     8.7655 -9.990e-29
 128.460191      4.061    12.5418  33.064338    27.9166      4.025  273.49689  273.62549    31.8401     9.0769 -9.990e-29
 128.460194      4.085    12.5380  33.065919    27.9230      4.048  273.51080  273.63913    31.8245     9.0162 -9.990e-29
 128.460197      4.112    12.5351  33.065920    27.9230      4.075  273.52321  273.65135    31.9490     9.0526 0.0000e+00
 128.460200      4.141    12.5338  33.064924    27.9230      4.104  273.53058  273.65865    31.7155     9.0445 0.0000e+00
 128.460203      4.182    12.5333  33.064222    27.9230      4.144  273.53403  273.66207    31.9023     9.0243 0.0000e+00
 128.460205      4.220    12.5323  33.063812    27.9227      4.182  273.53944  273.66741    35.6377     9.3033 0.0000e+00
 128.460208      4.271    12.5309  33.061119    27.9216      4.233  273.55048  273.67838    35.7622     9.2912 0.0000e+00
 128.460211      4.322    12.5283  33.058192    27.9216      4.283  273.56690  273.69466    35.7622     9.3033 0.0000e+00
 128.460214      4.377    12.5254  33.057373    27.9221      4.338  273.58111  273.70867    35.5599     9.2952 0.0000e+00
 128.460217      4.426    12.5232  33.058603    27.9249      4.387  273.58854  273.71595    42.0969    10.3870 0.0000e+00
 128.460220      4.466    12.5218  33.059013    27.9256      4.426  273.59403  273.72133    42.1591    10.4032 0.0000e+00
 128.460223      4.495    12.5213  33.055031    27.9263      4.455  273.60334  273.73065    42.2681    10.4113 -9.990e-29
 128.460226      4.506    12.5204  33.054856    27.9234      4.466  273.60769  273.73494    42.1747    10.4153 -9.990e-29
 128.460229      4.506    12.5185  33.056554    27.9264      4.466  273.61270  273.73981    81.5988    15.6882 -9.990e-29
 128.460231      4.497    12.5175  33.051636    27.9225      4.457  273.62583  273.75292    81.6766    15.6761 -9.990e-29
 128.460234      4.488    12.5148  33.050114    27.9232      4.448  273.64063  273.76755    81.7078    15.7125 -9.990e-29
 128.460237      4.479    12.5114  33.052808    27.9282      4.439  273.65067  273.77733    81.7078    15.6720 -9.990e-29
 128.460240      4.485    12.5108  33.052632    27.9285      4.445  273.65347  273.78009    73.0696    14.7824 -9.990e-29
 128.460243      4.499    12.5121  33.052573    27.9256      4.459  273.64770  273.77441    73.0696    14.8148 -9.990e-29
 128.460246      4.527    12.5124  33.050934    27.9236      4.486  273.64941  273.77616    73.1008    14.8067 0.0000e+00
 128.460249      4.560    12.5109  33.045490    27.9222      4.519  273.66569  273.79239    73.1163    14.7865 0.0000e+00
 128.460252      4.594    12.5068  33.042797    27.9222      4.553  273.68850  273.81494    73.1163    14.8148 0.0000e+00
 128.460255      4.625    12.5024  33.043090    27.9239      4.584  273.70751  273.83365    61.6922    15.0817 0.0000e+00
 128.460258      4.654    12.4997  33.044028    27.9257      4.613  273.71762  273.84357    61.6611    15.1221 -9.990e-29
 128.460260      4.672    12.4988  33.041569    27.9269      4.631  273.72575  273.85167    61.7078    15.0574 -9.990e-29
 128.460263      4.685    12.4975  33.040750    27.9271      4.643  273.73281  273.85864    61.7545    15.1504 -9.990e-29
 128.460266      4.694    12.4958  33.039462    27.9272      4.652  273.74286  273.86859    75.4976    15.4941 -9.990e-29
 128.460269      4.707    12.4944  33.038233    27.9270      4.665  273.75096  273.87661    75.6066    15.4658 -9.990e-29
 128.460272      4.727    12.4926  33.035013    27.9257      4.685  273.76449  273.89004    75.7000    15.5143 -9.990e-29
 128.460275      4.762    12.4905  33.033668    27.9262      4.719  273.77652  273.90195    75.6377    15.4982 0.0000e+00
 128.460278      4.802    12.4881  33.032790    27.9266      4.759  273.78835  273.91362    96.3226    18.9838 0.0000e+00
 128.460281      4.849    12.4857  33.032029    27.9274      4.806  273.80027  273.92539    96.1825    19.0283 0.0000e+00
 128.460284      4.899    12.4841  33.030508    27.9276      4.855  273.81016  273.93518    96.2447    19.0283 0.0000e+00
 128.460286      4.950    12.4821  33.029103    27.9276      4.905  273.82139  273.94628    96.0891    18.9959 0.0000e+00
 128.460289      4.995    12.4802  33.028460    27.9278      4.951  273.83063  273.95540    95.8556    18.3044 0.0000e+00
 128.460292      5.032    12.4786  33.026587    27.9280      4.987  273.84113  273.96582    95.7467    18.3368 0.0000e+00
 128.460295      5.061    12.4777  33.028226    27.9278      5.016  273.84224  273.96685    95.7467    18.3085 -9.990e-29
 128.460298      5.081    12.4773  33.027641    27.9297      5.036  273.84485  273.96944    95.4510    18.3085 -9.990e-29
