Processed/SBE19plus_01907321_2022_05_10_Cast109_wfilter.cnv
* Sea-Bird SBE19plus  Data File:
* FileName = E:\Prandtl_Daten\2022\CTD\Raw\SBE19plus_01907321_2022_05_10_Cast109.hex
* Software version 2.6.1.12
* Temperature SN = 7321
* Conductivity SN = 7321
* System UpLoad Time = May 10 2022 09:07:53
* <ApplicationData>
* <Seaterm232>
** Messpraktikum 2022
** CTD 09.05  BW2
** NMEA Latitude = 54 07.81N
** NMEA Longitude = 008 44 81E
# nquan = 11
# nvalues = 570                         
# units = specified
# name 0 = timeJ: Julian Days
# name 1 = prdM: Pressure, Strain Gauge [db]
# name 2 = tv290C: Temperature [ITS-90, deg C]
# name 3 = c0mS/cm: Conductivity [mS/cm]
# name 4 = sal00: Salinity, Practical [PSU]
# name 5 = depSM: Depth [salt water, m], lat = 54.00
# name 6 = oxsatMm/Kg: Oxygen Saturation, Weiss [umol/kg]
# name 7 = oxsolMm/Kg: Oxygen Saturation, Garcia & Gordon [umol/kg]
# name 8 = turbWETntu0: Turbidity, WET Labs ECO [NTU]
# name 9 = flECO-AFL: Fluorescence, WET Labs ECO-AFL/FL [mg/m^3]
# name 10 = flag:  0.000e+00
# span 0 = 130.375177, 130.376823       
# span 1 =      0.409,     17.194       
# span 2 =    13.5611,    13.6419       
# span 3 =  32.854740,  33.008527       
# span 4 =    26.9736,    27.0664       
# span 5 =      0.406,     17.040       
# span 6 =  268.85513,  269.43988       
# span 7 =  269.05491,  269.63594       
# span 8 =    -6.3856,    45.9101       
# span 9 =    -0.1790,     6.9337       
# span 10 = 0.0000e+00, 0.0000e+00      
# interval = seconds: 0.25
# start_time = May 10 2022 08:59:02 [Instrument's time stamp, header]
# bad_flag = -9.990e-29
*END*
[from data line 132]
 130.375558      4.281    13.5704  32.862802    26.9869      4.243  269.39999  269.59662     8.3226     3.9617 -9.990e-29
 130.375561      4.303    13.5702  32.863853    26.9899      4.265  269.39948  269.59607     8.3070     3.9455 -9.990e-29
 130.375564      4.330    13.5691  32.864263    26.9899      4.292  269.40352  269.60004     8.2914     3.9657 0.0000e+00
 130.375567      4.356    13.5683  32.864789    26.9899      4.317  269.40578  269.60226     8.3226     4.0142 -9.990e-29
 130.375570      4.374    13.5675  32.864497    26.9912      4.335  269.40975  269.60618     7.4821     4.0061 -9.990e-29
 130.375573      4.398    13.5667  32.863854    26.9907      4.359  269.41431  269.61070     7.6377     3.9697 -9.990e-29
 130.375576      4.424    13.5660  32.862803    26.9906      4.384  269.41895  269.61530     7.5755     4.0102 0.0000e+00
 130.375579      4.456    13.5652  32.861985    26.9907      4.417  269.42413  269.62044     7.5910     3.9859 0.0000e+00
 130.375582      4.493    13.5647  32.861810    26.9907      4.453  269.42665  269.62293     8.2603     3.9536 0.0000e+00
 130.375584      4.529    13.5644  32.862628    26.9916      4.489  269.42623  269.62249     8.3226     3.9010 0.0000e+00
 130.375587      4.573    13.5641  32.862803    26.9917      4.532  269.42721  269.62345     8.3226     3.9657 0.0000e+00
 130.375590      4.604    13.5634  32.861986    26.9920      4.563  269.43177  269.62797     8.2447     3.9333 0.0000e+00
 130.375593      4.637    13.5629  32.862629    26.9923      4.596  269.43290  269.62906     8.3537     3.9172 0.0000e+00
 130.375596      4.666    13.5621  32.861577    26.9925      4.625  269.43816  269.63429     8.1669     3.9940 0.0000e+00
 130.375599      4.695    13.5615  32.862629    26.9923      4.653  269.43891  269.63499     8.3226     3.9859 -9.990e-29
 130.375602      4.716    13.5612  32.862804    26.9940      4.673  269.43988  269.63594     8.1980     3.9697 -9.990e-29
 130.375605      4.741    13.5611  32.864498    26.9956      4.699  269.43764  269.63368     8.2914     3.9617 -9.990e-29
 130.375608      4.765    13.5611  32.866368    26.9973      4.722  269.43416  269.63019     8.5871     4.1355 -9.990e-29
 130.375611      4.785    13.5612  32.867186    26.9979      4.742  269.43247  269.62850     8.5405     4.1032 -9.990e-29
 130.375613      4.810    13.5618  32.869114    27.0015      4.767  269.42669  269.62274     8.5560     4.0991 -9.990e-29
 130.375616      4.838    13.5626  32.872152    27.0023      4.795  269.41809  269.61416     8.5560     4.1072 0.0000e+00
 130.375619      4.874    13.5635  32.874605    27.0031      4.831  269.41017  269.60627     7.8868     3.9859 0.0000e+00
 130.375622      4.909    13.5645  32.875599    27.0032      4.865  269.40410  269.60026     7.8089     4.0061 0.0000e+00
 130.375625      4.945    13.5655  32.877527    27.0043      4.901  269.39676  269.59296     7.7622     4.0264 0.0000e+00
 130.375628      4.982    13.5663  32.879163    27.0052      4.937  269.39054  269.58678     7.6844     3.9980 0.0000e+00
 130.375631      5.013    13.5671  32.880740    27.0060      4.968  269.38442  269.58069     8.4782     4.0425 0.0000e+00
 130.375634      5.042    13.5681  32.882668    27.0071      4.997  269.37676  269.57308     8.6494     4.0425 0.0000e+00
 130.375637      5.071    13.5690  32.884538    27.0076      5.026  269.36983  269.56619     8.5871     4.0668 0.0000e+00
 130.375639      5.099    13.5705  32.887226    27.0081      5.053  269.35868  269.55511     8.5249     4.0344 -9.990e-29
 130.375642      5.117    13.5716  32.888920    27.0102      5.071  269.35110  269.54758     8.5249     4.0183 -9.990e-29
 130.375645      5.139    13.5729  32.888511    27.0090      5.093  269.34647  269.54302     8.2447     4.0466 -9.990e-29
 130.375648      5.162    13.5737  32.887635    27.0076      5.116  269.34451  269.54113     8.3070     4.0466 -9.990e-29
 130.375651      5.184    13.5737  32.885823    27.0066      5.138  269.34760  269.54423     8.3848     4.0304 -9.990e-29
 130.375654      5.215    13.5735  32.886408    27.0080      5.168  269.34726  269.54387     8.2914     4.0385 0.0000e+00
 130.375657      5.246    13.5732  32.889213    27.0093      5.199  269.34377  269.54034     8.7895     4.1355 0.0000e+00
 130.375660      5.285    13.5737  32.891200    27.0103      5.237  269.33853  269.53512     8.8050     4.1072 0.0000e+00
 130.375663      5.321    13.5746  32.891375    27.0108      5.273  269.33448  269.53112     8.7428     4.0991 0.0000e+00
 130.375666      5.355    13.5752  32.895115    27.0132      5.308  269.32532  269.52197     8.8673     4.0951 0.0000e+00
 130.375668      5.392    13.5764  32.898271    27.0153      5.344  269.31496  269.51165     9.7856     4.1598 0.0000e+00
 130.375671      5.418    13.5782  32.901310    27.0168      5.369  269.30227  269.49904     9.7856     4.2083 0.0000e+00
 130.375674      5.450    13.5799  32.903823    27.0173      5.402  269.29048  269.48734     9.7700     4.1760 0.0000e+00
 130.375677      5.478    13.5815  32.905576    27.0178      5.429  269.28092  269.47786     9.8323     4.1760 -9.990e-29
 130.375680      5.501    13.5827  32.903822    27.0158      5.452  269.27857  269.47560     7.7934     3.9253 -9.990e-29
 130.375683      5.520    13.5832  32.903004    27.0147      5.470  269.27777  269.47484     7.8245     3.8929 -9.990e-29
 130.375686      5.543    13.5832  32.902011    27.0138      5.494  269.27947  269.47655     7.8245     3.9212 -9.990e-29
 130.375689      5.567    13.5830  32.900900    27.0111      5.517  269.28232  269.47939     7.7622     3.9091 -9.990e-29
 130.375692      5.596    13.5825  32.898446    27.0118      5.546  269.28870  269.48577     7.7155     3.9172 0.0000e+00
 130.375694      5.627    13.5820  32.899673    27.0125      5.577  269.28884  269.48586     8.0580     4.0466 0.0000e+00
 130.375697      5.662    13.5815  32.901310    27.0143      5.612  269.28797  269.48495     7.9801     4.0830 0.0000e+00
 130.375700      5.699    13.5820  32.902537    27.0143      5.648  269.28370  269.48071     8.1047     4.0466 0.0000e+00
 130.375703      5.730    13.5825  32.901427    27.0137      5.679  269.28372  269.48076     8.0113     4.0385 0.0000e+00
 130.375706      5.766    13.5826  32.900492    27.0137      5.715  269.28471  269.48176    11.0307     4.5156 0.0000e+00
 130.375709      5.794    13.5824  32.901310    27.0137      5.742  269.28428  269.48131    11.1241     4.5197 0.0000e+00
 130.375712      5.827    13.5826  32.902012    27.0139      5.774  269.28216  269.47920    11.1241     4.4792 0.0000e+00
 130.375715      5.861    13.5830  32.904642    27.0141      5.809  269.27615  269.47319    11.0307     4.5075 -9.990e-29
 130.375718      5.885    13.5840  32.907739    27.0184      5.833  269.26682  269.46389    11.9179     4.6652 -9.990e-29
 130.375720      5.912    13.5851  32.910486    27.0200      5.860  269.25714  269.45426    12.0580     4.6936 -9.990e-29
 130.375723      5.934    13.5864  32.912707    27.0212      5.881  269.24804  269.44522    11.9646     4.7138 -9.990e-29
 130.375726      5.954    13.5877  32.916624    27.0236      5.901  269.23575  269.43298    12.0891     4.6855 -9.990e-29
 130.375729      5.982    13.5895  32.917793    27.0246      5.928  269.22624  269.42357    14.9062     4.7906 0.0000e+00
 130.375732      6.009    13.5909  32.921183    27.0256      5.955  269.21422  269.41161    14.8284     4.7785 0.0000e+00
 130.375735      6.047    13.5926  32.924515    27.0275      5.993  269.20168  269.39913    14.8906     4.7906 0.0000e+00
 130.375738      6.080    13.5946  32.928841    27.0300      6.026  269.18556  269.38311    14.8595     4.7663 0.0000e+00
 130.375741      6.115    13.5967  32.934687    27.0338      6.060  269.16655  269.36418    14.7817     4.7946 0.0000e+00
 130.375744      6.142    13.5995  32.937610    27.0345      6.087  269.14999  269.34775    13.8945     4.7542 0.0000e+00
 130.375747      6.175    13.6018  32.941294    27.0362      6.120  269.13371  269.33159    13.9257     4.7582 0.0000e+00
 130.375749      6.204    13.6039  32.943983    27.0371      6.149  269.12037  269.31835    13.8634     4.7542 0.0000e+00
 130.375752      6.234    13.6059  32.945854    27.0371      6.178  269.10842  269.30651    13.9257     4.7785 0.0000e+00
 130.375755      6.261    13.6075  32.946614    27.0374      6.205  269.10055  269.29873    13.3031     4.8391 0.0000e+00
 130.375758      6.288    13.6086  32.948135    27.0373      6.232  269.09296  269.29120    13.4276     4.8351 0.0000e+00
 130.375761      6.317    13.6099  32.949421    27.0375      6.261  269.08546  269.28377    13.3965     4.8715 -9.990e-29
 130.375764      6.341    13.6105  32.948836    27.0375      6.284  269.08396  269.28230    13.4276     4.8472 -9.990e-29
 130.375767      6.369    13.6110  32.950006    27.0373      6.312  269.07979  269.27816    12.1047     4.6208 0.0000e+00
 130.375770      6.396    13.6114  32.949831    27.0370      6.339  269.07822  269.27662    12.0580     4.6086 0.0000e+00
 130.375773      6.432    13.6119  32.948193    27.0352      6.375  269.07914  269.27757    12.0424     4.6127 0.0000e+00
 130.375775      6.465    13.6117  32.947141    27.0344      6.407  269.08188  269.28031    11.8868     4.6491 0.0000e+00
 130.375778      6.500    13.6111  32.945855    27.0339      6.442  269.08660  269.28501    12.8050     4.6895 0.0000e+00
 130.375781      6.531    13.6108  32.945855    27.0337      6.472  269.08787  269.28626    12.8984     4.6895 0.0000e+00
 130.375784      6.565    13.6103  32.945036    27.0335      6.507  269.09148  269.28985    12.8050     4.6572 0.0000e+00
 130.375787      6.596    13.6098  32.943575    27.0324      6.537  269.09586  269.29421    12.9296     4.6936 0.0000e+00
 130.375790      6.629    13.6091  32.942698    27.0324      6.570  269.10051  269.29883    12.8984     4.7057 0.0000e+00
 130.375793      6.660    13.6086  32.942756    27.0325      6.601  269.10232  269.30060    13.8634     4.7502 0.0000e+00
 130.375796      6.689    13.6083  32.943809    27.0331      6.629  269.10181  269.30007    13.9257     4.7663 0.0000e+00
 130.375799      6.715    13.6085  32.945037    27.0337      6.655  269.09911  269.29737    13.9412     4.8027 -9.990e-29
 130.375802      6.739    13.6087  32.945446    27.0363      6.678  269.09749  269.29576    13.8323     4.7906 -9.990e-29
 130.375804      6.770    13.6095  32.947551    27.0367      6.709  269.09080  269.28909    13.1163     4.6046 0.0000e+00
 130.375807      6.797    13.6100  32.949013    27.0372      6.736  269.08582  269.28414    13.1786     4.6289 0.0000e+00
 130.375810      6.832    13.6107  32.949598    27.0372      6.770  269.08203  269.28038    13.1475     4.6248 0.0000e+00
 130.375813      6.863    13.6114  32.951060    27.0381      6.801  269.07674  269.27512    13.1319     4.5844 0.0000e+00
 130.375816      6.899    13.6120  32.951762    27.0381      6.837  269.07306  269.27147    14.8284     4.9362 0.0000e+00
 130.375819      6.932    13.6125  32.951470    27.0383      6.870  269.07107  269.26952    14.5638     4.9402 0.0000e+00
 130.375822      6.963    13.6131  32.953984    27.0395      6.901  269.06462  269.26308    14.6105     4.9483 0.0000e+00
 130.375825      6.992    13.6136  32.954744    27.0396      6.930  269.06115  269.25964    14.7039     4.9321 0.0000e+00
 130.375828      7.022    13.6141  32.954978    27.0397      6.959  269.05858  269.25709    15.1241     5.0453 0.0000e+00
 130.375830      7.051    13.6146  32.955622    27.0396      6.988  269.05531  269.25385    15.1397     5.0413 -9.990e-29
 130.375833      7.076    13.6150  32.955739    27.0396      7.013  269.05324  269.25181    15.1241     5.0534 -9.990e-29
 130.375836      7.104    13.6151  32.954803    27.0387      7.040  269.05453  269.25311    14.9996     5.0211 -9.990e-29
 130.375839      7.124    13.6151  32.955446    27.0413      7.060  269.05345  269.25202    15.1397     5.0373 -9.990e-29
 130.375842      7.149    13.6153  32.957727    27.0423      7.085  269.04897  269.24754    14.8284     5.0534 0.0000e+00
 130.375845      7.175    13.6158  32.960593    27.0434      7.110  269.04162  269.24019    14.8128     5.0696 0.0000e+00
 130.375848      7.200    13.6168  32.962055    27.0440      7.136  269.03507  269.23369    14.9529     5.0453 0.0000e+00
 130.375851      7.235    13.6175  32.962465    27.0441      7.170  269.03157  269.23023    14.7973     5.0615 0.0000e+00
 130.375854      7.270    13.6184  32.963693    27.0444      7.204  269.02543  269.22414    15.7622     5.0898 0.0000e+00
 130.375856      7.306    13.6189  32.964746    27.0449      7.241  269.02178  269.22051    15.9179     5.0979 0.0000e+00
 130.375859      7.333    13.6194  32.965038    27.0450      7.268  269.01911  269.21786    15.9490     5.1303 0.0000e+00
 130.375862      7.368    13.6200  32.966032    27.0454      7.302  269.01493  269.21371    15.8245     5.1303 0.0000e+00
 130.375865      7.403    13.6202  32.966851    27.0460      7.336  269.01262  269.21141    15.6844     5.0817 0.0000e+00
 130.375868      7.430    13.6209  32.968781    27.0472      7.363  269.00623  269.20505    15.7467     5.0979 0.0000e+00
 130.375871      7.455    13.6215  32.970770    27.0479      7.389  269.00036  269.19920    15.7622     5.1303 0.0000e+00
 130.375874      7.483    13.6224  32.970770    27.0486      7.416  268.99661  269.19550    15.8868     5.1262 -9.990e-29
 130.375877      7.501    13.6231  32.971121    27.0478      7.434  268.99320  269.19213    14.7661     4.9160 -9.990e-29
 130.375880      7.521    13.6233  32.969717    27.0456      7.453  268.99434  269.19330    14.6105     4.8998 -9.990e-29
 130.375883      7.546    13.6233  32.968899    27.0449      7.479  268.99606  269.19502    14.6727     4.9483 0.0000e+00
 130.375885      7.575    13.6228  32.966793    27.0441      7.508  269.00184  269.20079    14.5638     4.9038 0.0000e+00
 130.375888      7.610    13.6224  32.963109    27.0410      7.542  269.00968  269.20863    14.6261     4.9483 0.0000e+00
 130.375891      7.643    13.6211  32.962056    27.0410      7.575  269.01682  269.21571    14.5327     5.0534 0.0000e+00
 130.375894      7.680    13.6201  32.963050    27.0425      7.611  269.01955  269.21837    14.3926     5.0130 0.0000e+00
 130.375897      7.714    13.6197  32.965800    27.0453      7.645  269.01680  269.21556    14.4237     5.0615 0.0000e+00
 130.375900      7.751    13.6200  32.966618    27.0458      7.681  269.01386  269.21265    14.4082     5.0615 0.0000e+00
 130.375903      7.783    13.6208  32.967379    27.0459      7.714  269.00945  269.20828    13.2564     4.7946 0.0000e+00
 130.375906      7.818    13.6212  32.967028    27.0459      7.748  269.00819  269.20704    13.0852     4.8108 -9.990e-29
 130.375909      7.842    13.6212  32.966443    27.0452      7.772  269.00919  269.20805    13.2097     4.7785 -9.990e-29
 130.375911      7.870    13.6212  32.966970    27.0452      7.799  269.00832  269.20717    13.1475     4.7785 0.0000e+00
 130.375914      7.897    13.6213  32.966619    27.0452      7.826  269.00862  269.20747    14.7973     4.8998 -9.990e-29
 130.375917      7.919    13.6214  32.967438    27.0455      7.848  269.00693  269.20578    14.8906     4.9402 -9.990e-29
 130.375920      7.939    13.6215  32.967964    27.0463      7.868  269.00542  269.20428    14.7194     4.9281 -9.990e-29
 130.375923      7.970    13.6216  32.968491    27.0470      7.899  269.00423  269.20309    14.9062     4.9079 0.0000e+00
 130.375926      7.999    13.6219  32.970362    27.0478      7.927  268.99982  269.19869    16.8517     5.2354 0.0000e+00
 130.375929      8.030    13.6224  32.971532    27.0485      7.958  268.99566  269.19455    16.8673     5.2273 0.0000e+00
 130.375932      8.063    13.6231  32.974106    27.0503      7.991  268.98849  269.18740    16.7584     5.2597 0.0000e+00
