Processed/SBE19plus_01907321_2022_05_11_Cast124_wfilter.cnv
* Sea-Bird SBE19plus  Data File:
* FileName = E:\Prandtl_Daten\2022\CTD\Raw\SBE19plus_01907321_2022_05_11_Cast124.hex
* Software version 2.6.1.12
* Temperature SN = 7321
* Conductivity SN = 7321
* System UpLoad Time = May 11 2022 08:40:52
* <ApplicationData>
* <Seaterm232>
** Messpraktikum 2022
** CTD 10.05  TS
** NMEA Latitude = 54 07.51N
** NMEA Longitude = 008 41,99E
# nquan = 11
# nvalues = 399                         
# units = specified
# name 0 = timeJ: Julian Days
# name 1 = prdM: Pressure, Strain Gauge [db]
# name 2 = tv290C: Temperature [ITS-90, deg C]
# name 3 = c0mS/cm: Conductivity [mS/cm]
# name 4 = sal00: Salinity, Practical [PSU]
# name 5 = depSM: Depth [salt water, m], lat = 54.00
# name 6 = oxsatMm/Kg: Oxygen Saturation, Weiss [umol/kg]
# name 7 = oxsolMm/Kg: Oxygen Saturation, Garcia & Gordon [umol/kg]
# name 8 = turbWETntu0: Turbidity, WET Labs ECO [NTU]
# name 9 = flECO-AFL: Fluorescence, WET Labs ECO-AFL/FL [mg/m^3]
# name 10 = flag:  0.000e+00
# span 0 = 131.357436, 131.358588       
# span 1 =      0.537,     10.080       
# span 2 =    12.9831,    13.3255       
# span 3 =  31.425623,  32.463530       
# span 4 =    26.0832,    26.7954       
# span 5 =      0.532,      9.989       
# span 6 =  271.14219,  274.43598       
# span 7 =  271.32720,  274.60886       
# span 8 =     2.1591,   139.9023       
# span 9 =     4.9604,    19.3356       
# span 10 = 0.0000e+00, 0.0000e+00      
# interval = seconds: 0.25
# start_time = May 11 2022 08:33:23 [Instrument's time stamp, header]
# bad_flag = -9.990e-29
*END*
[from data line 132]
 131.357818      3.929    13.0494  31.626451    26.2221      3.894  273.80329  273.97855     4.8206     6.6790 0.0000e+00
 131.357821      3.956    13.0511  31.626278    26.2218      3.921  273.79592  273.97129     4.7584     6.6749 0.0000e+00
 131.357824      3.985    13.0519  31.625875    26.2214      3.950  273.79312  273.96854     4.7584     6.6305 0.0000e+00
 131.357827      4.013    13.0524  31.630249    26.2209      3.977  273.78325  273.95866     4.7584     6.6871 -9.990e-29
 131.357830      4.034    13.0534  31.633587    26.2269      3.998  273.77295  273.94839     4.8517     6.7032 -9.990e-29
 131.357833      4.054    13.0543  31.634968    26.2275      4.018  273.76638  273.94187     5.4743     6.7235 -9.990e-29
 131.357836      4.076    13.0555  31.636349    26.2301      4.040  273.75885  273.93440     5.3031     6.7599 -9.990e-29
 131.357839      4.105    13.0565  31.639515    26.2305      4.068  273.74886  273.92444     5.1163     6.7315 0.0000e+00
 131.357841      4.131    13.0572  31.640896    26.2305      4.094  273.74326  273.91887     5.1941     6.7275 0.0000e+00
 131.357844      4.160    13.0583  31.644062    26.2309      4.123  273.73294  273.90859     5.5366     6.4444 -9.990e-29
 131.357847      4.185    13.0592  31.644062    26.2324      4.148  273.72911  273.90482     5.5210     6.4364 -9.990e-29
 131.357850      4.207    13.0600  31.648609    26.2406      4.170  273.71766  273.89337     5.6144     6.4768 -9.990e-29
 131.357853      4.236    13.0613  31.654539    26.2421      4.199  273.70155  273.87730     5.4743     6.4566 0.0000e+00
 131.357856      4.262    13.0629  31.659144    26.2423      4.224  273.68616  273.86197     5.4276     6.7518 0.0000e+00
 131.357859      4.290    13.0646  31.658914    26.2436      4.251  273.67921  273.85513     5.5521     6.7275 0.0000e+00
 131.357862      4.321    13.0660  31.664844    26.2467      4.282  273.66279  273.83874     5.5677     6.7154 0.0000e+00
 131.357865      4.355    13.0673  31.665880    26.2468      4.316  273.65524  273.83126     5.5677     6.7113 0.0000e+00
 131.357867      4.390    13.0685  31.672214    26.2517      4.351  273.63876  273.81480     5.4120     7.3704 0.0000e+00
 131.357870      4.418    13.0698  31.679930    26.2548      4.378  273.61954  273.79559     5.4276     7.3260 0.0000e+00
 131.357873      4.447    13.0722  31.684076    26.2579      4.407  273.60176  273.77792     5.4899     7.3057 -9.990e-29
 131.357876      4.469    13.0743  31.689432    26.2635      4.429  273.58314  273.75938     5.6299     7.3138 -9.990e-29
 131.357879      4.491    13.0764  31.692023    26.2643      4.451  273.56903  273.74538     5.5210     7.2977 -9.990e-29
 131.357882      4.505    13.0782  31.694615    26.2655      4.465  273.55683  273.73327     5.7545     7.0510 -9.990e-29
 131.357885      4.514    13.0798  31.698589    26.2681      4.474  273.54286  273.71936     5.6144     7.0712 -9.990e-29
 131.357888      4.529    13.0811  31.703946    26.2720      4.488  273.52744  273.70398     5.6299     7.0955 -9.990e-29
 131.357891      4.536    13.0829  31.712068    26.2782      4.496  273.50559  273.68217     5.7856     7.0469 -9.990e-29
 131.357894      4.560    13.0853  31.717022    26.2811      4.519  273.48609  273.66277     6.4704     6.3959 -9.990e-29
 131.357896      4.584    13.0876  31.722150    26.2774      4.543  273.46692  273.64370     6.6105     6.4081 -9.990e-29
 131.357899      4.620    13.0896  31.716215    26.2806      4.579  273.46865  273.64561     6.4237     6.3838 0.0000e+00
 131.357902      4.656    13.0905  31.723936    26.2838      4.615  273.45105  273.62800     6.4082     6.4000 0.0000e+00
 131.357905      4.693    13.0915  31.735863    26.2940      4.651  273.42612  273.60301     5.7700     6.7275 0.0000e+00
 131.357908      4.724    13.0943  31.750386    26.2997      4.682  273.38834  273.56528     5.3498     6.7477 0.0000e+00
 131.357911      4.758    13.0985  31.760126    26.3054      4.716  273.35283  273.52995     5.5833     6.7396 -9.990e-29
 131.357914      4.782    13.1026  31.766698    26.3145      4.739  273.32317  273.50048     5.5210     6.6952 -9.990e-29
 131.357917      4.807    13.1057  31.769061    26.3145      4.765  273.30532  273.48281     6.4082     7.1683 0.0000e+00
 131.357920      4.837    13.1084  31.776440    26.3145      4.793  273.28034  273.45793     6.3615     7.2410 -9.990e-29
 131.357922      4.859    13.1110  31.772865    26.3144      4.815  273.27539  273.45317     6.2992     7.2006 -9.990e-29
 131.357925      4.880    13.1126  31.782782    26.3223      4.837  273.25109  273.42888     6.2214     7.2370 -9.990e-29
 131.357928      4.904    13.1144  31.783358    26.3215      4.860  273.24180  273.41970     6.1747     7.1561 -9.990e-29
 131.357931      4.926    13.1161  31.783589    26.3206      4.882  273.23406  273.41206     6.6105     7.1440 -9.990e-29
 131.357934      4.950    13.1173  31.787337    26.3232      4.906  273.22243  273.40047     6.6261     7.1116 -9.990e-29
 131.357937      4.973    13.1181  31.790566    26.3295      4.929  273.21299  273.39105     6.3926     7.1157 -9.990e-29
 131.357940      4.999    13.1190  31.795525    26.3308      4.954  273.20053  273.37861     6.4548     7.1157 0.0000e+00
 131.357943      5.025    13.1204  31.799504    26.3321      4.980  273.18723  273.36536     7.4821     6.5375 0.0000e+00
 131.357946      5.054    13.1223  31.810058    26.3405      5.009  273.16088  273.33903     7.4976     6.5698 0.0000e+00
 131.357948      5.085    13.1246  31.813807    26.3423      5.039  273.14415  273.32241     7.5755     6.5658 0.0000e+00
 131.357951      5.116    13.1269  31.830190    26.3557      5.070  273.10543  273.28369     7.5910     6.5455 0.0000e+00
 131.357954      5.141    13.1304  31.833363    26.3559      5.096  273.08428  273.26273     5.5054     6.7437 0.0000e+00
 131.357957      5.169    13.1338  31.835728    26.3561      5.123  273.06517  273.24381     5.4899     6.6871 -9.990e-29
 131.357960      5.193    13.1360  31.845306    26.3632      5.146  273.03894  273.21763     5.5366     6.7437 -9.990e-29
 131.357963      5.205    13.1384  31.854077    26.3696      5.159  273.01316  273.19192     5.4587     6.7235 -9.990e-29
 131.357966      5.214    13.1411  31.857309    26.3706      5.168  272.99541  273.17431     5.3342     6.2827 -9.990e-29
 131.357969      5.231    13.1434  31.858693    26.3703      5.184  272.98311  273.16214     5.3965     6.2787 -9.990e-29
 131.357972      5.245    13.1450  31.860252    26.3706      5.198  272.97307  273.15219     5.1941     6.2665 -9.990e-29
 131.357975      5.263    13.1462  31.859848    26.3747      5.216  272.96868  273.14787     5.3654     6.2584 -9.990e-29
 131.357977      5.291    13.1468  31.866081    26.3778      5.243  272.95530  273.13448     5.4276     6.2746 0.0000e+00
 131.357980      5.325    13.1478  31.873642    26.3809      5.278  272.93771  273.11688     6.0969     6.1533 0.0000e+00
 131.357983      5.365    13.1498  31.889633    26.3942      5.317  272.90132  273.08047     5.8945     6.1816 0.0000e+00
 131.357986      5.407    13.1528  31.894194    26.3962      5.359  272.88002  273.05932     6.1747     6.1654 0.0000e+00
 131.357989      5.455    13.1559  31.901815    26.4010      5.406  272.85308  273.03251     6.1747     6.1371 0.0000e+00
 131.357992      5.491    13.1584  31.904817    26.4020      5.442  272.83704  273.01659     5.0074     6.5011 0.0000e+00
 131.357995      5.524    13.1607  31.911400    26.4042      5.475  272.81542  272.99505     5.0385     6.4566 0.0000e+00
 131.357998      5.553    13.1624  31.916425    26.4064      5.504  272.79905  272.97875     5.1475     6.5011 -9.990e-29
 131.358001      5.570    13.1645  31.918619    26.4104      5.520  272.78632  272.96612     5.1163     6.4485 -9.990e-29
 131.358003      5.577    13.1661  31.922604    26.4129      5.527  272.77207  272.95194     5.9568     5.9309 -9.990e-29
 131.358006      5.584    13.1676  31.923008    26.4123      5.534  272.76499  272.94495     5.8945     5.9349 -9.990e-29
 131.358009      5.595    13.1684  31.926589    26.4149      5.545  272.75495  272.93493     5.8945     5.8460 -9.990e-29
 131.358012      5.613    13.1692  31.927976    26.4157      5.563  272.74937  272.92938     5.6455     5.8905 -9.990e-29
 131.358015      5.637    13.1698  31.932192    26.4191      5.587  272.73919  272.91921     5.7700     5.4133 -9.990e-29
 131.358018      5.655    13.1706  31.937218    26.4273      5.605  272.72697  272.90699     5.7233     5.3931 -9.990e-29
 131.358021      5.692    13.1717  31.942590    26.4304      5.641  272.71288  272.89292     5.7856     5.4052 0.0000e+00
 131.358024      5.730    13.1732  31.950621    26.4335      5.679  272.69226  272.87233     5.7545     5.4497 0.0000e+00
 131.358027      5.761    13.1752  31.964835    26.4452      5.710  272.65900  272.83907     5.8478     5.4133 0.0000e+00
 131.358030      5.794    13.1779  31.977664    26.4550      5.742  272.62465  272.80477     5.7233     6.2140 0.0000e+00
 131.358032      5.827    13.1808  31.983675    26.4568      5.775  272.60181  272.78205     5.7233     6.2059 0.0000e+00
 131.358035      5.852    13.1842  32.003503    26.4585      5.800  272.55245  272.73273     5.7078     6.2342 -9.990e-29
 131.358038      5.867    13.1883  32.014314    26.4813      5.815  272.51555  272.69599     5.4743     6.2261 -9.990e-29
 131.358041      5.874    13.1923  32.018940    26.4827      5.822  272.49002  272.67067     5.2097     5.6802 -9.990e-29
 131.358044      5.887    13.1953  32.026746    26.4877      5.835  272.46312  272.64389     5.1163     5.6964 -9.990e-29
 131.358047      5.900    13.1980  32.042651    26.5005      5.847  272.42377  272.60457     5.0541     5.6802 -9.990e-29
 131.358050      5.927    13.2018  32.045658    26.5017      5.874  272.40203  272.58303     4.9607     5.7287 0.0000e+00
 131.358053      5.957    13.2041  32.050054    26.5029      5.903  272.38424  272.56535     5.5521     5.4659 0.0000e+00
 131.358056      5.999    13.2060  32.054914    26.5060      5.945  272.36757  272.54875     5.4899     5.4699 0.0000e+00
 131.358058      6.040    13.2074  32.063129    26.5126      5.986  272.34732  272.52851     5.5833     5.4093 0.0000e+00
 131.358061      6.086    13.2089  32.086216    26.5326      6.032  272.30066  272.48174     5.5833     5.4376 0.0000e+00
 131.358064      6.126    13.2127  32.108558    26.5426      6.071  272.24513  272.42626     4.6650     5.9026 0.0000e+00
 131.358067      6.163    13.2177  32.103926    26.5465      6.108  272.23155  272.41303     4.5871     5.9188 0.0000e+00
 131.358070      6.190    13.2209  32.135769    26.5426      6.135  272.16245  272.34384     4.5249     5.8703 -9.990e-29
 131.358073      6.208    13.2254  32.158355    26.5870      6.153  272.10366  272.28513     4.7584     5.8622 -9.990e-29
 131.358076      6.221    13.2312  32.162178    26.5864      6.166  272.07132  272.25312     4.4471     5.9107 -9.990e-29
 131.358079      6.232    13.2354  32.172431    26.5928      6.176  272.03517  272.21714     4.4626     4.9604 -9.990e-29
 131.358082      6.234    13.2388  32.179730    26.5972      6.178  272.00793  272.19005     4.7584     4.9604 -9.990e-29
 131.358084      6.247    13.2415  32.189406    26.6041      6.191  271.97945  272.16165     4.4938     4.9847 -9.990e-29
 131.358087      6.261    13.2441  32.205748    26.6187      6.205  271.93977  272.12199     4.5871     4.9726 -9.990e-29
 131.358090      6.287    13.2476  32.210037    26.6244      6.230  271.91714  272.09954     4.8829     4.9766 0.0000e+00
 131.358093      6.316    13.2503  32.224585    26.6300      6.259  271.87995  272.06239     4.9607     4.9847 0.0000e+00
 131.358096      6.345    13.2532  32.239311    26.6415      6.288  271.84182  272.02431     4.8673     5.0211 0.0000e+00
 131.358099      6.372    13.2564  32.256532    26.6550      6.315  271.79812  271.98066     4.6183     4.9806 0.0000e+00
 131.358102      6.403    13.2604  32.263781    26.6588      6.346  271.76818  271.95090     5.7389     5.0898 0.0000e+00
 131.358105      6.431    13.2636  32.274105    26.6660      6.373  271.73641  271.91924     5.8167     5.0373 0.0000e+00
 131.358108      6.463    13.2665  32.283850    26.6729      6.406  271.70723  271.89015     5.8790     5.0373 0.0000e+00
 131.358111      6.494    13.2694  32.291566    26.6729      6.436  271.68125  271.86428     5.7233     5.0534 0.0000e+00
 131.358113      6.529    13.2716  32.286460    26.6779      6.471  271.68026  271.86348     7.3420     5.2961 0.0000e+00
 131.358116      6.562    13.2727  32.301255    26.6844      6.503  271.64998  271.83314     7.2642     5.2475 0.0000e+00
 131.358119      6.589    13.2748  32.315936    26.6904      6.530  271.61547  271.79862     7.3264     5.2111 0.0000e+00
 131.358122      6.615    13.2778  32.319534    26.6963      6.556  271.59628  271.77959     7.3576     5.2192 -9.990e-29
 131.358125      6.635    13.2799  32.324583    26.7006      6.576  271.57839  271.76179     7.3109     5.2880 -9.990e-29
 131.358128      6.664    13.2818  32.337759    26.7113      6.604  271.54744  271.73084     8.7895     5.5548 -9.990e-29
 131.358131      6.684    13.2842  32.338978    26.7107      6.625  271.53490  271.71844     8.8673     5.5912 -9.990e-29
 131.358134      6.703    13.2860  32.346118    26.7160      6.643  271.51467  271.69826     8.7117     5.6357 -9.990e-29
 131.358137      6.724    13.2875  32.350588    26.7190      6.664  271.50033  271.68397     8.8984     5.5589 -9.990e-29
 131.358139      6.748    13.2889  32.355059    26.7221      6.688  271.48693  271.67061     9.8167     5.3729 -9.990e-29
 131.358142      6.777    13.2900  32.355872    26.7251      6.717  271.48048  271.66423     9.6299     5.3769 0.0000e+00
 131.358145      6.803    13.2913  32.363362    26.7280      6.742  271.46219  271.64596     9.8167     5.3688 0.0000e+00
 131.358148      6.832    13.2926  32.367659    26.7295      6.771  271.44910  271.63291     9.7856     5.3891 0.0000e+00
 131.358151      6.858    13.2940  32.373175    26.7310      6.796  271.43328  271.61712    13.3809     5.9349 -9.990e-29
 131.358154      6.878    13.2954  32.377183    26.7377      6.816  271.42036  271.60426    13.3498     5.9754 -9.990e-29
 131.358157      6.898    13.2966  32.381248    26.7406      6.836  271.40830  271.59224    13.2875     5.9471 -9.990e-29
 131.358160      6.918    13.2979  32.386127    26.7441      6.856  271.39389  271.57787    13.4587     5.9228 -9.990e-29
 131.358163      6.936    13.2995  32.392051    26.7484      6.874  271.37704  271.56107    14.3926     6.3151 -9.990e-29
 131.358166      6.954    13.3012  32.402043    26.7619      6.892  271.35224  271.53628    14.4237     6.2625 -9.990e-29
 131.358168      6.985    13.3033  32.409711    26.7649      6.923  271.33018  271.51429    14.4393     6.2827 0.0000e+00
 131.358171      7.016    13.3057  32.418252    26.7679      6.953  271.30473  271.48891    14.2214     6.2867 0.0000e+00
 131.358174      7.055    13.3084  32.421332    26.7688      6.991  271.28774  271.47206    14.3926     6.2867 0.0000e+00
 131.358177      7.093    13.3103  32.423772    26.7697      7.029  271.27534  271.45976    18.2525     6.9256 0.0000e+00
 131.358180      7.129    13.3116  32.427433    26.7721      7.066  271.26336  271.44783    18.2681     6.9459 0.0000e+00
 131.358183      7.160    13.3128  32.429467    26.7726      7.096  271.25482  271.43934    18.3926     6.9620 0.0000e+00
 131.358186      7.189    13.3137  32.435162    26.7732      7.125  271.24092  271.42544    18.4860     6.9620 -9.990e-29
 131.358189      7.208    13.3148  32.435801    26.7775      7.143  271.23540  271.41999    23.1397     7.8880 -9.990e-29
 131.358192      7.222    13.3157  32.436208    26.7772      7.158  271.23060  271.41524    23.1241     7.9366 -9.990e-29
