Processed/SBE19plus_01907321_2022_05_10_Cast109_wfilter.cnv
* Sea-Bird SBE19plus  Data File:
* FileName = E:\Prandtl_Daten\2022\CTD\Raw\SBE19plus_01907321_2022_05_10_Cast109.hex
* Software version 2.6.1.12
* Temperature SN = 7321
* Conductivity SN = 7321
* System UpLoad Time = May 10 2022 09:07:53
* <ApplicationData>
* <Seaterm232>
** Messpraktikum 2022
** CTD 09.05  BW2
** NMEA Latitude = 54 07.81N
** NMEA Longitude = 008 44 81E
# nquan = 11
# nvalues = 570                         
# units = specified
# name 0 = timeJ: Julian Days
# name 1 = prdM: Pressure, Strain Gauge [db]
# name 2 = tv290C: Temperature [ITS-90, deg C]
# name 3 = c0mS/cm: Conductivity [mS/cm]
# name 4 = sal00: Salinity, Practical [PSU]
# name 5 = depSM: Depth [salt water, m], lat = 54.00
# name 6 = oxsatMm/Kg: Oxygen Saturation, Weiss [umol/kg]
# name 7 = oxsolMm/Kg: Oxygen Saturation, Garcia & Gordon [umol/kg]
# name 8 = turbWETntu0: Turbidity, WET Labs ECO [NTU]
# name 9 = flECO-AFL: Fluorescence, WET Labs ECO-AFL/FL [mg/m^3]
# name 10 = flag:  0.000e+00
# span 0 = 130.375177, 130.376823       
# span 1 =      0.409,     17.194       
# span 2 =    13.5611,    13.6419       
# span 3 =  32.854740,  33.008527       
# span 4 =    26.9736,    27.0664       
# span 5 =      0.406,     17.040       
# span 6 =  268.85513,  269.43988       
# span 7 =  269.05491,  269.63594       
# span 8 =    -6.3856,    45.9101       
# span 9 =    -0.1790,     6.9337       
# span 10 = 0.0000e+00, 0.0000e+00      
# interval = seconds: 0.25
# start_time = May 10 2022 08:59:02 [Instrument's time stamp, header]
# bad_flag = -9.990e-29
*END*
[from data line 263]
 130.375937      8.130    13.6250  32.977850    27.0527      8.058  268.97372  269.17271    16.7895     5.2354 0.0000e+00
 130.375940      8.160    13.6260  32.979312    27.0529      8.087  268.96718  269.16621    15.5755     5.1869 0.0000e+00
 130.375943      8.191    13.6269  32.980540    27.0529      8.117  268.96135  269.16043    15.6689     5.1909 0.0000e+00
 130.375946      8.222    13.6275  32.980423    27.0530      8.148  268.95905  269.15817    15.4821     5.1909 0.0000e+00
 130.375949      8.251    13.6278  32.980775    27.0530      8.177  268.95722  269.15635    15.7622     5.1990 0.0000e+00
 130.375952      8.278    13.6281  32.980658    27.0530      8.204  268.95618  269.15533    15.3420     5.0737 -9.990e-29
 130.375955      8.300    13.6283  32.979897    27.0518      8.226  268.95654  269.15571    15.3576     5.0332 -9.990e-29
 130.375958      8.324    13.6283  32.979488    27.0518      8.249  268.95725  269.15642    15.3264     5.0696 -9.990e-29
 130.375961      8.349    13.6280  32.979663    27.0521      8.275  268.95822  269.15738    15.3887     5.0777 0.0000e+00
 130.375964      8.375    13.6281  32.980541    27.0525      8.300  268.95644  269.15559    16.1202     5.0049 0.0000e+00
 130.375966      8.406    13.6281  32.980950    27.0527      8.331  268.95576  269.15491    16.1202     4.9847 0.0000e+00
 130.375969      8.437    13.6282  32.980834    27.0527      8.361  268.95535  269.15451    16.0424     4.9726 0.0000e+00
 130.375972      8.468    13.6285  32.980307    27.0520      8.392  268.95501  269.15419    16.1980     4.9928 0.0000e+00
 130.375975      8.497    13.6283  32.980132    27.0520      8.421  268.95626  269.15544    18.7506     5.4416 0.0000e+00
 130.375978      8.530    13.6282  32.980249    27.0521      8.453  268.95640  269.15557    18.8284     5.4497 0.0000e+00
 130.375981      8.564    13.6281  32.981770    27.0535      8.488  268.95416  269.15331    18.8284     5.4538 0.0000e+00
 130.375984      8.604    13.6284  32.983233    27.0546      8.527  268.95045  269.14961    18.6727     5.4295 0.0000e+00
 130.375987      8.641    13.6288  32.984578    27.0551      8.564  268.94662  269.14579    18.7973     5.4538 0.0000e+00
 130.375990      8.670    13.6295  32.986977    27.0556      8.592  268.93975  269.13894    18.8440     5.5751 -9.990e-29
 130.375992      8.694    13.6304  32.988615    27.0581      8.616  268.93291  269.13214    18.9062     5.5912 -9.990e-29
 130.375995      8.714    13.6312  32.989317    27.0592      8.636  268.92828  269.12756    18.8906     5.5670 -9.990e-29
 130.375998      8.739    13.6321  32.991130    27.0592      8.661  268.92146  269.12077    18.8440     5.5589 0.0000e+00
 130.376001      8.765    13.6326  32.991774    27.0592      8.686  268.91819  269.11753    19.2019     5.4699 -9.990e-29
 130.376004      8.790    13.6332  32.992710    27.0594      8.712  268.91411  269.11348    19.3576     5.4335 -9.990e-29
 130.376007      8.818    13.6336  32.992593    27.0592      8.739  268.91275  269.11214    19.3576     5.4699 0.0000e+00
 130.376010      8.849    13.6338  32.992359    27.0591      8.769  268.91223  269.11163    19.2331     5.4254 0.0000e+00
 130.376013      8.883    13.6340  32.991716    27.0583      8.804  268.91240  269.11182    16.1358     4.9645 0.0000e+00
 130.376016      8.922    13.6340  32.988615    27.0557      8.842  268.91767  269.11712    16.0268     4.9766 0.0000e+00
 130.376019      8.956    13.6335  32.988440    27.0555      8.876  268.92019  269.11961    16.1047     4.9564 0.0000e+00
 130.376021      8.989    13.6331  32.985807    27.0536      8.909  268.92655  269.12597    16.0113     5.0009 0.0000e+00
 130.376024      9.024    13.6323  32.984696    27.0531      8.943  268.93159  269.13098    13.4587     4.8715 0.0000e+00
 130.376027      9.055    13.6314  32.982590    27.0525      8.974  268.93895  269.13829    13.4899     4.8553 0.0000e+00
 130.376030      9.080    13.6308  32.981011    27.0518      8.999  268.94415  269.14347    13.4276     4.8432 -9.990e-29
 130.376033      9.095    13.6298  32.978437    27.0487      9.013  268.95291  269.15220    13.3031     4.8796 -9.990e-29
 130.376036      9.122    13.6288  32.977209    27.0487      9.041  268.95941  269.15864    13.4899     4.8472 0.0000e+00
 130.376039      9.150    13.6282  32.976098    27.0487      9.068  268.96382  269.16302    15.1085     4.9887 -9.990e-29
 130.376042      9.173    13.6275  32.975981    27.0470      9.091  268.96686  269.16602    15.1241     4.9806 -9.990e-29
 130.376045      9.206    13.6272  32.974109    27.0471      9.124  268.97162  269.17078    15.1552     4.9847 0.0000e+00
 130.376047      9.243    13.6267  32.973934    27.0472      9.160  268.97382  269.17295    15.2019     4.9928 0.0000e+00
 130.376050      9.281    13.6264  32.975747    27.0491      9.198  268.97234  269.17144    16.7584     5.3729 0.0000e+00
 130.376053      9.319    13.6264  32.977853    27.0510      9.236  268.96880  269.16788    16.9451     5.4012 0.0000e+00
 130.376056      9.350    13.6268  32.979316    27.0520      9.267  268.96446  269.16355    16.8517     5.3971 0.0000e+00
 130.376059      9.382    13.6272  32.979901    27.0520      9.298  268.96160  269.16071    16.9607     5.3810 0.0000e+00
 130.376062      9.413    13.6276  32.979082    27.0517      9.329  268.96144  269.16058    14.0969     4.9281 0.0000e+00
 130.376065      9.438    13.6281  32.978438    27.0512      9.354  268.96035  269.15953    14.0191     4.9402 -9.990e-29
 130.376068      9.457    13.6281  32.977853    27.0497      9.372  268.96166  269.16084    14.0969     4.9604 -9.990e-29
 130.376071      9.477    13.6280  32.977678    27.0496      9.392  268.96229  269.16146    14.1280     4.9240 -9.990e-29
 130.376073      9.498    13.6276  32.976801    27.0488      9.413  268.96536  269.16452    14.2214     5.0453 -9.990e-29
 130.376076      9.528    13.6274  32.976391    27.0481      9.442  268.96701  269.16616    13.9879     5.0656 0.0000e+00
 130.376079      9.555    13.6270  32.974520    27.0474      9.470  268.97177  269.17091    13.9257     5.0494 0.0000e+00
 130.376082      9.592    13.6265  32.974110    27.0474      9.506  268.97468  269.17380    14.0969     5.0332 0.0000e+00
 130.376085      9.628    13.6261  32.973701    27.0474      9.542  268.97728  269.17638    14.1124     5.0453 0.0000e+00
 130.376088      9.666    13.6255  32.973350    27.0474      9.580  268.98041  269.17947    14.3303     5.0090 0.0000e+00
 130.376091      9.705    13.6253  32.973292    27.0474      9.618  268.98116  269.18022    14.5015     4.9685 0.0000e+00
 130.376094      9.736    13.6251  32.973058    27.0474      9.648  268.98252  269.18156    14.4548     4.9928 -9.990e-29
 130.376097      9.761    13.6250  32.972532    27.0470      9.674  268.98405  269.18309    14.3615     4.9968 -9.990e-29
 130.376100      9.792    13.6246  32.972649    27.0473      9.705  268.98544  269.18446    13.8790     4.7663 -9.990e-29
 130.376102      9.814    13.6248  32.972473    27.0470      9.726  268.98481  269.18384    13.8790     4.7663 -9.990e-29
 130.376105      9.838    13.6248  32.972941    27.0474      9.750  268.98404  269.18306    13.8945     4.7825 -9.990e-29
 130.376108      9.856    13.6251  32.973292    27.0475      9.768  268.98220  269.18124    13.8323     4.8027 -9.990e-29
 130.376111      9.880    13.6254  32.973293    27.0470      9.791  268.98096  269.18001    14.9218     4.9847 -9.990e-29
 130.376114      9.907    13.6256  32.973117    27.0472      9.819  268.98064  269.17971    14.9218     4.9968 0.0000e+00
 130.376117      9.942    13.6257  32.973468    27.0473      9.853  268.97944  269.17852    14.7973     4.9847 0.0000e+00
 130.376120      9.978    13.6259  32.974521    27.0480      9.889  268.97674  269.17582    14.9529     4.9685 0.0000e+00
 130.376123     10.015    13.6261  32.975516    27.0488      9.925  268.97413  269.17322    15.7311     5.0211 0.0000e+00
 130.376126     10.055    13.6267  32.977037    27.0498      9.965  268.96938  269.16849    15.8089     5.0049 0.0000e+00
 130.376128     10.086    13.6271  32.977446    27.0498      9.996  268.96682  269.16595    15.8556     4.9847 0.0000e+00
 130.376131     10.113    13.6275  32.977095    27.0494     10.023  268.96587  269.16502    15.7778     5.0009 0.0000e+00
 130.376134     10.144    13.6277  32.977446    27.0494     10.053  268.96435  269.16351    15.9801     4.9806 0.0000e+00
 130.376137     10.171    13.6280  32.977856    27.0495     10.080  268.96242  269.16159    14.3148     4.9928 0.0000e+00
 130.376140     10.197    13.6281  32.977505    27.0495     10.106  268.96271  269.16190    14.5327     4.9847 -9.990e-29
 130.376143     10.220    13.6280  32.977212    27.0489     10.129  268.96354  269.16272    14.3303     5.0009 -9.990e-29
 130.376146     10.246    13.6281  32.977856    27.0494     10.154  268.96183  269.16102    14.3926     4.9523 -9.990e-29
 130.376149     10.268    13.6283  32.977856    27.0493     10.176  268.96122  269.16042    14.6572     4.8229 -9.990e-29
 130.376152     10.291    13.6282  32.978032    27.0496     10.199  268.96125  269.16044    14.6261     4.8876 -9.990e-29
 130.376155     10.326    13.6284  32.978266    27.0496     10.233  268.95993  269.15914    14.7661     4.8957 0.0000e+00
 130.376157     10.359    13.6285  32.978266    27.0496     10.266  268.95964  269.15885    14.5327     4.8957 0.0000e+00
 130.376160     10.393    13.6286  32.978441    27.0495     10.300  268.95905  269.15826    14.7661     4.7825 0.0000e+00
 130.376163     10.424    13.6287  32.978441    27.0495     10.331  268.95844  269.15766    14.8284     4.8027 0.0000e+00
 130.376166     10.463    13.6290  32.978091    27.0495     10.369  268.95780  269.15704    14.9218     4.7946 0.0000e+00
 130.376169     10.494    13.6289  32.978676    27.0495     10.400  268.95715  269.15638    14.9218     4.7825 0.0000e+00
 130.376172     10.525    13.6292  32.979085    27.0495     10.430  268.95522  269.15446    14.1280     4.8472 0.0000e+00
 130.376175     10.550    13.6293  32.978442    27.0497     10.456  268.95601  269.15526    14.0191     4.9483 0.0000e+00
 130.376178     10.576    13.6294  32.979495    27.0499     10.481  268.95393  269.15318    14.2214     4.9483 0.0000e+00
 130.376181     10.601    13.6297  32.979846    27.0500     10.506  268.95209  269.15136    14.1747     4.9200 0.0000e+00
 130.376183     10.627    13.6300  32.980782    27.0500     10.532  268.94895  269.14823    14.2058     4.9240 -9.990e-29
 130.376186     10.652    13.6304  32.981367    27.0515     10.557  268.94641  269.14570    15.8556     5.2354 -9.990e-29
 130.376189     10.680    13.6306  32.982244    27.0519     10.584  268.94431  269.14361    15.9490     5.2556 0.0000e+00
 130.376192     10.711    13.6308  32.983239    27.0522     10.615  268.94139  269.14070    15.8089     5.2637 0.0000e+00
 130.376195     10.742    13.6312  32.983882    27.0525     10.646  268.93875  269.13807    15.9023     5.2273 0.0000e+00
 130.376198     10.780    13.6316  32.985813    27.0540     10.684  268.93393  269.13326    17.4120     5.4497 0.0000e+00
 130.376201     10.820    13.6320  32.987627    27.0554     10.723  268.92931  269.12865    17.3965     5.4254 0.0000e+00
 130.376204     10.857    13.6325  32.988446    27.0556     10.760  268.92575  269.12512    17.3654     5.4174 0.0000e+00
 130.376207     10.888    13.6328  32.988563    27.0558     10.790  268.92400  269.12339    17.3342     5.4457 0.0000e+00
 130.376209     10.919    13.6333  32.989675    27.0562     10.821  268.91994  269.11935    20.0580     5.7409 0.0000e+00
 130.376212     10.950    13.6336  32.991781    27.0579     10.852  268.91514  269.11455    20.2759     5.7328 0.0000e+00
 130.376215     10.979    13.6340  32.992307    27.0581     10.881  268.91270  269.11212    20.3226     5.7489 0.0000e+00
 130.376218     11.006    13.6344  32.993829    27.0587     10.908  268.90857  269.10800    20.2603     5.7570 0.0000e+00
 130.376221     11.036    13.6349  32.994238    27.0592     10.937  268.90569  269.10516    20.0580     5.7570 -9.990e-29
 130.376224     11.056    13.6351  32.994472    27.0593     10.957  268.90437  269.10385    19.7000     5.7611 -9.990e-29
 130.376227     11.079    13.6353  32.995701    27.0602     10.980  268.90136  269.10084    19.8245     5.7813 -9.990e-29
 130.376230     11.103    13.6356  32.996930    27.0605     11.004  268.89804  269.09753    19.8868     5.7328 -9.990e-29
 130.376233     11.132    13.6359  32.996462    27.0606     11.033  268.89760  269.09710    19.8401     5.7409 0.0000e+00
 130.376236     11.167    13.6362  32.996930    27.0607     11.067  268.89557  269.09509    18.6105     5.5872 0.0000e+00
 130.376238     11.202    13.6362  32.997164    27.0607     11.101  268.89519  269.09471    18.3926     5.5670 0.0000e+00
 130.376241     11.238    13.6364  32.996696    27.0604     11.137  268.89538  269.09491    18.5794     5.5548 0.0000e+00
 130.376244     11.274    13.6363  32.996345    27.0601     11.174  268.89631  269.09584    18.6105     5.5710 0.0000e+00
 130.376247     11.313    13.6361  32.995702    27.0596     11.212  268.89805  269.09758    18.8440     5.3001 0.0000e+00
 130.376250     11.342    13.6359  32.994298    27.0585     11.241  268.90139  269.10092    18.8128     5.3122 0.0000e+00
 130.376253     11.378    13.6357  32.993830    27.0582     11.277  268.90315  269.10267    18.8906     5.3001 0.0000e+00
 130.376256     11.409    13.6354  32.993420    27.0580     11.307  268.90512  269.10462    18.6883     5.3405 0.0000e+00
 130.376259     11.437    13.6351  32.992894    27.0579     11.334  268.90728  269.10677    13.9101     4.7946 0.0000e+00
 130.376262     11.463    13.6349  32.989910    27.0577     11.360  268.91329  269.11279    13.9257     4.7866 -9.990e-29
 130.376264     11.483    13.6343  32.986751    27.0527     11.380  268.92116  269.12066    13.9879     4.7663 -9.990e-29
 130.376267     11.508    13.6333  32.984470    27.0514     11.405  268.92944  269.12889    13.7856     4.7704 -9.990e-29
 130.376270     11.532    13.6323  32.983475    27.0501     11.429  268.93522  269.13462    13.9412     4.7785 -9.990e-29
 130.376273     11.559    13.6314  32.981662    27.0502     11.456  268.94207  269.14143    12.5871     4.7906 0.0000e+00
 130.376276     11.590    13.6307  32.981370    27.0501     11.487  268.94573  269.14505    12.4782     4.8027 0.0000e+00
 130.376279     11.621    13.6304  32.979322    27.0487     11.517  268.95047  269.14979    12.4938     4.7906 0.0000e+00
 130.376282     11.652    13.6297  32.978270    27.0482     11.548  268.95541  269.15470    12.3848     4.7299 0.0000e+00
 130.376285     11.685    13.6293  32.977451    27.0477     11.581  268.95839  269.15766    14.0813     4.9200 0.0000e+00
 130.376288     11.716    13.6287  32.976398    27.0477     11.611  268.96271  269.16194    14.1591     4.9079 0.0000e+00
 130.376291     11.749    13.6282  32.976866    27.0480     11.644  268.96413  269.16333    14.1747     4.9200 0.0000e+00
 130.376293     11.782    13.6281  32.978446    27.0495     11.677  268.96210  269.16129    14.0813     4.9402 0.0000e+00
 130.376296     11.815    13.6281  32.980142    27.0510     11.709  268.95925  269.15842    15.2798     5.0534 0.0000e+00
 130.376299     11.844    13.6286  32.981254    27.0516     11.738  268.95487  269.15407    15.0152     5.0090 0.0000e+00
 130.376302     11.875    13.6294  32.983067    27.0527     11.769  268.94868  269.14791    15.2486     5.0292 0.0000e+00
 130.376305     11.902    13.6301  32.984062    27.0531     11.796  268.94387  269.14313    15.1552     5.0373 0.0000e+00
 130.376308     11.932    13.6308  32.984998    27.0531     11.825  268.93948  269.13877    15.1241     4.8715 0.0000e+00
 130.376311     11.965    13.6314  32.984939    27.0535     11.857  268.93677  269.13611    14.9529     4.8391 0.0000e+00
