Processed/SBE19plus_01907321_2022_05_12_Cast132_wfilter.cnv
* Sea-Bird SBE19plus  Data File:
* FileName = E:\Prandtl_Daten\2022\CTD\Raw\SBE19plus_01907321_2022_05_12_Cast132.hex
* Software version 2.6.1.12
* Temperature SN = 7321
* Conductivity SN = 7321
* System UpLoad Time = May 12 2022 07:28:49
* <ApplicationData>
* <Seaterm232>
** Messpraktikum 2022
** CTD 10.05  M1
** NMEA Latitude = 54 10.79N
** NMEA Longitude = 008 36.62E
# nquan = 11
# nvalues = 564                         
# units = specified
# name 0 = timeJ: Julian Days
# name 1 = prdM: Pressure, Strain Gauge [db]
# name 2 = tv290C: Temperature [ITS-90, deg C]
# name 3 = c0mS/cm: Conductivity [mS/cm]
# name 4 = sal00: Salinity, Practical [PSU]
# name 5 = depSM: Depth [salt water, m], lat = 54.00
# name 6 = oxsatMm/Kg: Oxygen Saturation, Weiss [umol/kg]
# name 7 = oxsolMm/Kg: Oxygen Saturation, Garcia & Gordon [umol/kg]
# name 8 = turbWETntu0: Turbidity, WET Labs ECO [NTU]
# name 9 = flECO-AFL: Fluorescence, WET Labs ECO-AFL/FL [mg/m^3]
# name 10 = flag:  0.000e+00
# span 0 = 132.306872, 132.308501       
# span 1 =      0.616,     13.427       
# span 2 =    13.3711,    13.4959       
# span 3 =  33.342837,  33.385762       
# span 4 =    27.4842,    27.6003       
# span 5 =      0.610,     13.307       
# span 6 =  268.88909,  269.37349       
# span 7 =  269.07701,  269.55340       
# span 8 =     9.1008,    56.9140       
# span 9 =     3.7554,    10.8722       
# span 10 = 0.0000e+00, 0.0000e+00      
# interval = seconds: 0.25
# start_time = May 12 2022 07:20:40 [Instrument's time stamp, header]
# bad_flag = -9.990e-29
*END*
 132.306872      0.616    13.4943  33.349230    27.4858      0.610  268.89458  269.08240     9.2720     3.8323 0.0000e+00
 132.306875      0.663    13.4941  33.347468    27.4854      0.657  268.89854  269.08637     9.1008     3.8282 0.0000e+00
 132.306878      0.733    13.4938  33.348349    27.4854      0.726  268.89833  269.08613     9.7389     3.7676 0.0000e+00
 132.306881      0.809    13.4938  33.348878    27.4854      0.802  268.89748  269.08527     9.6922     3.8484 0.0000e+00
 132.306884      0.875    13.4938  33.348173    27.4858      0.867  268.89903  269.08683     9.8012     3.7716 0.0000e+00
 132.306887      0.924    13.4938  33.349819    27.4859      0.916  268.89595  269.08373     9.8167     3.7554 0.0000e+00
 132.306889      0.950    13.4941  33.349290    27.4866      0.941  268.89593  269.08374     9.6922     3.7797 -9.990e-29
 132.306892      0.961    13.4946  33.349407    27.4857      0.952  268.89325  269.08109    10.6883     4.6127 -9.990e-29
 132.306895      0.964    13.4950  33.349877    27.4858      0.956  268.89089  269.07875    10.6727     4.5358 -9.990e-29
 132.306898      0.979    13.4952  33.350465    27.4863      0.970  268.88928  269.07714    10.4548     4.5480 -9.990e-29
 132.306901      0.988    13.4955  33.349642    27.4852      0.979  268.88913  269.07702    10.4393     4.6046 -9.990e-29
 132.306904      1.005    13.4959  33.348761    27.4842      0.996  268.88909  269.07701    10.9529     4.8634 -9.990e-29
 132.306907      1.014    13.4957  33.348761    27.4843      1.005  268.89002  269.07794    10.8128     4.8634 -9.990e-29
 132.306910      1.025    13.4950  33.349466    27.4854      1.015  268.89163  269.07950    11.1708     4.8715 -9.990e-29
 132.306913      1.030    13.4944  33.348996    27.4854      1.021  268.89492  269.08276    11.1241     4.8553 -9.990e-29
 132.306916      1.032    13.4935  33.347058    27.4843      1.022  268.90196  269.08976    11.0930     4.7785 -9.990e-29
 132.306918      1.050    13.4924  33.347293    27.4857      1.040  268.90655  269.09427    10.9685     4.7502 -9.990e-29
 132.306921      1.079    13.4911  33.346647    27.4858      1.069  268.91328  269.10092    11.2486     4.7421 0.0000e+00
 132.306924      1.136    13.4897  33.345825    27.4859      1.125  268.92031  269.10788    10.9218     4.7866 0.0000e+00
 132.306927      1.216    13.4892  33.347059    27.4873      1.205  268.92044  269.10797     9.6455     4.3943 0.0000e+00
 132.306930      1.303    13.4889  33.346883    27.4873      1.292  268.92235  269.10986     9.6922     4.4469 0.0000e+00
 132.306933      1.362    13.4889  33.346707    27.4873      1.349  268.92238  269.10989     9.8634     4.4752 0.0000e+00
 132.306936      1.400    13.4888  33.346472    27.4872      1.388  268.92342  269.11093     9.7389     4.4186 -9.990e-29
 132.306939      1.404    13.4887  33.346707    27.4873      1.391  268.92334  269.11084     9.9257     4.4469 -9.990e-29
 132.306942      1.393    13.4890  33.346648    27.4871      1.380  268.92219  269.10970    11.6533     4.8634 -9.990e-29
 132.306944      1.365    13.4892  33.345414    27.4858      1.353  268.92334  269.11088    11.6844     4.8715 -9.990e-29
 132.306947      1.325    13.4893  33.345473    27.4858      1.313  268.92290  269.11045    11.6689     4.8391 -9.990e-29
 132.306950      1.280    13.4893  33.345825    27.4861      1.268  268.92227  269.10981    11.9179     4.8836 -9.990e-29
 132.306953      1.240    13.4892  33.345414    27.4858      1.229  268.92326  269.11080    11.7155     4.7866 -9.990e-29
 132.306956      1.245    13.4892  33.344885    27.4854      1.234  268.92447  269.11202    11.6844     4.7502 -9.990e-29
 132.306959      1.316    13.4889  33.343534    27.4857      1.305  268.92776  269.11530    11.9023     4.7946 -9.990e-29
 132.306962      1.399    13.4886  33.344886    27.4856      1.386  268.92675  269.11426    11.7311     4.7744 0.0000e+00
 132.306965      1.450    13.4884  33.344357    27.4856      1.437  268.92862  269.11612    11.2331     4.7502 0.0000e+00
 132.306968      1.477    13.4886  33.345885    27.4854      1.464  268.92541  269.11291    11.1397     4.7340 -9.990e-29
 132.306970      1.497    13.4886  33.345826    27.4867      1.484  268.92552  269.11302    11.2953     4.7421 -9.990e-29
 132.306973      1.525    13.4887  33.346061    27.4858      1.511  268.92451  269.11202    11.1864     4.7421 0.0000e+00
 132.306976      1.574    13.4887  33.344181    27.4867      1.560  268.92775  269.11527    10.7350     4.5763 0.0000e+00
 132.306979      1.634    13.4888  33.346238    27.4864      1.620  268.92397  269.11148    10.6883     4.6005 0.0000e+00
 132.306982      1.707    13.4885  33.345650    27.4864      1.692  268.92626  269.11376    10.8595     4.5156 0.0000e+00
 132.306985      1.769    13.4881  33.344769    27.4861      1.753  268.92936  269.11684    10.9218     4.5884 0.0000e+00
 132.306988      1.804    13.4878  33.346062    27.4858      1.788  268.92874  269.11618    10.7350     4.5480 -9.990e-29
 132.306991      1.807    13.4870  33.345240    27.4871      1.791  268.93325  269.12066    10.9218     4.6531 -9.990e-29
 132.306994      1.786    13.4864  33.345240    27.4875      1.770  268.93573  269.12310    11.1085     4.7138 -9.990e-29
 132.306997      1.742    13.4859  33.346062    27.4886      1.726  268.93648  269.12381    11.0463     4.7299 -9.990e-29
 132.306999      1.692    13.4859  33.346062    27.4886      1.677  268.93644  269.12378    11.1241     4.6976 -9.990e-29
 132.307002      1.663    13.4859  33.343065    27.4859      1.648  268.94153  269.12889    10.5482     4.5318 -9.990e-29
 132.307005      1.665    13.4860  33.345415    27.4880      1.650  268.93722  269.12456    10.3615     4.4914 -9.990e-29
 132.307008      1.711    13.4864  33.345474    27.4887      1.695  268.93528  269.12265    10.4548     4.5197 -9.990e-29
 132.307011      1.796    13.4866  33.346708    27.4883      1.780  268.93261  269.11998    10.5482     4.5156 0.0000e+00
 132.307014      1.889    13.4870  33.346062    27.4883      1.873  268.93221  269.11961    11.3887     4.7097 0.0000e+00
 132.307017      1.937    13.4872  33.346239    27.4878      1.920  268.93101  269.11842    11.6377     4.6572 -9.990e-29
 132.307020      1.953    13.4875  33.346650    27.4879      1.936  268.92876  269.11619    11.5132     4.6652 -9.990e-29
 132.307023      1.948    13.4876  33.347943    27.4890      1.930  268.92624  269.11367    11.4976     4.6895 -9.990e-29
 132.307025      1.935    13.4878  33.347120    27.4881      1.918  268.92670  269.11415     9.6611     4.7219 -9.990e-29
 132.307028      1.924    13.4881  33.347472    27.4883      1.907  268.92485  269.11231     9.7700     4.6450 -9.990e-29
 132.307031      1.930    13.4883  33.346239    27.4870      1.912  268.92602  269.11351     9.5833     4.6612 -9.990e-29
 132.307034      1.948    13.4886  33.348883    27.4889      1.930  268.92060  269.10807     9.5521     4.6733 -9.990e-29
 132.307037      1.990    13.4888  33.348765    27.4883      1.972  268.91989  269.10738     9.7233     4.6814 0.0000e+00
 132.307040      2.048    13.4891  33.347649    27.4885      2.030  268.92058  269.10810    11.1085     4.7623 0.0000e+00
 132.307043      2.105    13.4889  33.348354    27.4877      2.086  268.92035  269.10785    10.9840     4.7380 0.0000e+00
 132.307046      2.145    13.4887  33.347297    27.4882      2.126  268.92280  269.11030    10.9062     4.7178 0.0000e+00
 132.307049      2.177    13.4883  33.347649    27.4879      2.158  268.92378  269.11125    10.9529     4.7704 0.0000e+00
 132.307052      2.203    13.4875  33.347532    27.4882      2.183  268.92742  269.11484    10.8284     4.5399 -9.990e-29
 132.307054      2.221    13.4869  33.347885    27.4894      2.201  268.92963  269.11700    10.6572     4.5925 -9.990e-29
 132.307057      2.250    13.4861  33.347767    27.4899      2.230  268.93327  269.12060    10.7194     4.5803 -9.990e-29
 132.307060      2.274    13.4853  33.347474    27.4902      2.254  268.93721  269.12449    10.7194     4.5844 -9.990e-29
 132.307063      2.290    13.4841  33.347533    27.4911      2.270  268.94210  269.12930    10.4237     4.6005 -9.990e-29
 132.307066      2.302    13.4833  33.347474    27.4916      2.281  268.94563  269.13278    10.6416     4.6410 -9.990e-29
 132.307069      2.305    13.4823  33.347768    27.4926      2.284  268.94917  269.13627    10.4548     4.6733 -9.990e-29
 132.307072      2.292    13.4815  33.347533    27.4929      2.272  268.95299  269.14004    10.3303     4.6329 -9.990e-29
 132.307075      2.292    13.4803  33.347298    27.4936      2.272  268.95868  269.14565    10.5171     4.7461 -9.990e-29
 132.307078      2.312    13.4788  33.348180    27.4956      2.291  268.96341  269.15029    10.5949     4.7259 -9.990e-29
 132.307080      2.351    13.4777  33.347475    27.4961      2.330  268.96961  269.15642    10.6261     4.7906 0.0000e+00
 132.307083      2.398    13.4774  33.348356    27.4963      2.377  268.96939  269.15617    10.9218     4.7582 0.0000e+00
 132.307086      2.447    13.4780  33.348474    27.4963      2.425  268.96673  269.15355    10.6572     4.7744 0.0000e+00
 132.307089      2.502    13.4788  33.348357    27.4960      2.480  268.96354  269.15041    10.2214     4.5520 0.0000e+00
 132.307092      2.542    13.4796  33.347299    27.4956      2.519  268.96163  269.14857    10.2214     4.5925 -9.990e-29
 132.307095      2.566    13.4810  33.348474    27.4941      2.543  268.95373  269.14074    10.3459     4.5358 -9.990e-29
 132.307098      2.568    13.4824  33.346476    27.4912      2.545  268.95123  269.13834    10.4237     4.5358 -9.990e-29
 132.307101      2.566    13.4839  33.348062    27.4916      2.543  268.94230  269.12949    10.9373     4.6814 -9.990e-29
 132.307104      2.555    13.4854  33.347122    27.4897      2.532  268.93736  269.12466    11.1397     4.6693 -9.990e-29
 132.307106      2.544    13.4867  33.347886    27.4894      2.521  268.93045  269.11782    10.9840     4.6976 -9.990e-29
 132.307109      2.535    13.4877  33.346064    27.4871      2.512  268.92951  269.11695    10.8284     4.6936 -9.990e-29
 132.307112      2.530    13.4881  33.346241    27.4869      2.507  268.92733  269.11481    10.6261     4.6369 -9.990e-29
 132.307115      2.537    13.4883  33.346476    27.4870      2.514  268.92601  269.11349    10.5327     4.6410 -9.990e-29
 132.307118      2.562    13.4882  33.346064    27.4875      2.539  268.92734  269.11482    10.5171     4.5763 -9.990e-29
 132.307121      2.599    13.4881  33.346887    27.4872      2.576  268.92659  269.11405    10.5794     4.5803 0.0000e+00
 132.307124      2.663    13.4883  33.346241    27.4875      2.639  268.92680  269.11428    11.0930     4.7502 0.0000e+00
 132.307127      2.736    13.4887  33.347651    27.4877      2.711  268.92257  269.11007    11.2642     4.8270 0.0000e+00
 132.307130      2.816    13.4893  33.348180    27.4877      2.791  268.91923  269.10676    11.3264     4.8027 0.0000e+00
 132.307133      2.878    13.4899  33.348298    27.4876      2.852  268.91658  269.10414    11.2175     4.7946 0.0000e+00
 132.307135      2.922    13.4903  33.346065    27.4874      2.896  268.91855  269.10616    11.3109     4.7785 -9.990e-29
 132.307138      2.938    13.4905  33.347123    27.4859      2.912  268.91613  269.10374    10.7973     4.8270 -9.990e-29
 132.307141      2.942    13.4904  33.346888    27.4857      2.915  268.91684  269.10445    10.7506     4.7866 -9.990e-29
 132.307144      2.927    13.4905  33.348592    27.4872      2.901  268.91331  269.10091    10.8751     4.7987 -9.990e-29
 132.307147      2.911    13.4902  33.347652    27.4866      2.885  268.91615  269.10374    10.8906     4.8068 -9.990e-29
 132.307150      2.904    13.4900  33.347123    27.4862      2.878  268.91798  269.10556    11.2953     4.6774 -9.990e-29
 132.307153      2.911    13.4897  33.347652    27.4869      2.885  268.91832  269.10588    11.0930     4.6936 -9.990e-29
 132.307156      2.936    13.4894  33.346477    27.4861      2.910  268.92190  269.10945    11.2486     4.7016 -9.990e-29
 132.307159      2.956    13.4892  33.346066    27.4858      2.930  268.92324  269.11078    11.5288     4.6814 -9.990e-29
 132.307161      2.962    13.4888  33.346712    27.4867      2.935  268.92400  269.11151    10.9218     4.6410 -9.990e-29
 132.307164      2.960    13.4886  33.345419    27.4857      2.933  268.92683  269.11434    10.9685     4.6612 -9.990e-29
 132.307167      2.969    13.4881  33.345889    27.4865      2.943  268.92852  269.11599    11.0930     4.6167 -9.990e-29
 132.307170      2.991    13.4873  33.345655    27.4879      2.964  268.93205  269.11948    10.8284     4.6410 -9.990e-29
 132.307173      3.022    13.4865  33.346242    27.4889      2.995  268.93449  269.12186    10.4237     4.6652 0.0000e+00
 132.307176      3.061    13.4852  33.347535    27.4898      3.033  268.93791  269.12519    10.5171     4.6976 0.0000e+00
 132.307179      3.095    13.4834  33.345890    27.4900      3.068  268.94821  269.13539    10.4860     4.7057 0.0000e+00
 132.307182      3.139    13.4817  33.347771    27.4927      3.111  268.95250  269.13956    10.5171     4.7178 0.0000e+00
 132.307185      3.170    13.4800  33.347125    27.4931      3.142  268.96077  269.14773    10.5171     4.6450 0.0000e+00
 132.307188      3.205    13.4781  33.349475    27.4934      3.176  268.96488  269.15170    10.2214     4.6410 -9.990e-29
 132.307190      3.228    13.4773  33.347536    27.4959      3.199  268.97162  269.15841    10.2214     4.6491 -9.990e-29
 132.307193      3.256    13.4782  33.348477    27.4950      3.227  268.96630  269.15314    10.3303     4.6127 0.0000e+00
 132.307196      3.292    13.4793  33.347536    27.4942      3.263  268.96326  269.15017    10.4082     4.6248 0.0000e+00
 132.307199      3.334    13.4804  33.348300    27.4941      3.304  268.95732  269.14429    10.7973     4.7663 0.0000e+00
 132.307202      3.371    13.4813  33.348183    27.4937      3.340  268.95350  269.14053    10.6883     4.6976 0.0000e+00
 132.307205      3.398    13.4818  33.345656    27.4933      3.368  268.95564  269.14273    10.8128     4.7866 -9.990e-29
 132.307208      3.420    13.4823  33.347537    27.4920      3.389  268.95027  269.13738    10.7194     4.7663 -9.990e-29
 132.307211      3.425    13.4826  33.347302    27.4915      3.395  268.94943  269.13656    10.4237     4.6289 -9.990e-29
 132.307214      3.416    13.4826  33.346479    27.4908      3.386  268.95114  269.13827    10.4082     4.5965 -9.990e-29
 132.307216      3.409    13.4825  33.346479    27.4909      3.378  268.95145  269.13857    10.4548     4.6289 -9.990e-29
 132.307219      3.402    13.4825  33.346655    27.4911      3.371  268.95114  269.13826    10.2836     4.6208 -9.990e-29
 132.307222      3.403    13.4825  33.345421    27.4899      3.373  268.95325  269.14038    10.8751     4.6410 -9.990e-29
 132.307225      3.422    13.4827  33.345480    27.4874      3.391  268.95222  269.13937    11.3264     4.8108 -9.990e-29
 132.307228      3.451    13.4833  33.343306    27.4879      3.420  268.95346  269.14066    11.2175     4.7582 0.0000e+00
 132.307231      3.486    13.4842  33.345245    27.4874      3.454  268.94613  269.13337    11.2642     4.7259 0.0000e+00
 132.307234      3.517    13.4853  33.344893    27.4874      3.485  268.94239  269.12970    11.2798     4.7380 0.0000e+00
 132.307237      3.548    13.4859  33.344775    27.4871      3.516  268.93981  269.12716    11.3576     4.7138 0.0000e+00
 132.307240      3.575    13.4861  33.344658    27.4868      3.543  268.93941  269.12677    11.3887     4.6936 -9.990e-29
 132.307242      3.599    13.4863  33.344599    27.4864      3.566  268.93859  269.12596    11.3731     4.7097 -9.990e-29
 132.307245      3.617    13.4864  33.342837    27.4847      3.585  268.94098  269.12838    11.1864     4.7178 -9.990e-29
 132.307248      3.633    13.4867  33.344775    27.4863      3.601  268.93676  269.12415    11.0619     4.6936 -9.990e-29
