Processed/SBE19plus_01907321_2022_05_03_Cast03_wfilter.cnv
* Sea-Bird SBE19plus  Data File:
* FileName = E:\Prandtl Daten\2022\CTD\Raw\SBE19plus_01907321_2022_05_03_Cast03.hex
* Software version 2.6.1.12
* Temperature SN = 7321
* Conductivity SN = 7321
* System UpLoad Time = May 03 2022 11:44:56
* <ApplicationData>
* <Seaterm232>
** Messpraktikum 2022
** Gelbsandnord - Mooring3
** 54°00.28N
** 008°40.27E
** Torbjörn Kagel, Isabella Schmidt
# nquan = 11
# nvalues = 302                         
# units = specified
# name 0 = timeJ: Julian Days
# name 1 = prdM: Pressure, Strain Gauge [db]
# name 2 = tv290C: Temperature [ITS-90, deg C]
# name 3 = c0mS/cm: Conductivity [mS/cm]
# name 4 = sal00: Salinity, Practical [PSU]
# name 5 = depSM: Depth [salt water, m], lat = 54.00
# name 6 = oxsatMm/Kg: Oxygen Saturation, Weiss [umol/kg]
# name 7 = oxsolMm/Kg: Oxygen Saturation, Garcia & Gordon [umol/kg]
# name 8 = turbWETntu0: Turbidity, WET Labs ECO [NTU]
# name 9 = flECO-AFL: Fluorescence, WET Labs ECO-AFL/FL [mg/m^3]
# name 10 = flag:  0.000e+00
# span 0 = 123.483805, 123.484676       
# span 1 =      0.534,      8.167       
# span 2 =    11.6695,    12.5067       
# span 3 =  30.459245,  30.602531       
# span 4 =    25.5622,    26.2280       
# span 5 =      0.529,      8.094       
# span 6 =  278.23264,  281.95846       
# span 7 =  278.38411,  282.05331       
# span 8 =    43.8245,    93.2875       
# span 9 =    12.3846,    16.3554       
# span 10 = 0.0000e+00, 0.0000e+00      
# interval = seconds: 0.25
# start_time = May 03 2022 11:35:13 [Instrument's time stamp, header]
# bad_flag = -9.990e-29
*END*
[from data line 132]
 123.484187      3.971    12.1334  30.558417    25.8673      3.936  279.86988  279.99661    68.8829    15.7691 0.0000e+00
 123.484190      4.006    12.1211  30.561996    25.8790      3.970  279.92012  280.04600    68.9296    15.7408 0.0000e+00
 123.484193      4.039    12.1094  30.564269    25.8841      4.003  279.97046  280.09554    68.8362    16.0966 0.0000e+00
 123.484196      4.066    12.1009  30.566996    25.8893      4.030  280.00472  280.12920    68.8050    16.1209 -9.990e-29
 123.484198      4.084    12.0943  30.569609    25.9047      4.048  280.03041  280.15443    68.8984    16.1330 -9.990e-29
 123.484201      4.101    12.0869  30.575346    25.9152      4.064  280.05458  280.17804    68.8362    16.1371 -9.990e-29
 123.484204      4.110    12.0774  30.573814    25.9203      4.073  280.10117  280.22401    71.3576    15.8580 -9.990e-29
 123.484207      4.114    12.0729  30.573814    25.9234      4.077  280.12224  280.24479    71.4665    15.8540 -9.990e-29
 123.484210      4.121    12.0715  30.574950    25.9255      4.084  280.12664  280.24908    71.4043    15.8540 -9.990e-29
 123.484213      4.125    12.0706  30.577223    25.9282      4.088  280.12668  280.24903    71.2798    15.8702 -9.990e-29
 123.484216      4.136    12.0676  30.583244    25.9359      4.099  280.12955  280.25164    69.1475    15.5103 -9.990e-29
 123.484219      4.152    12.0584  30.589437    25.9481      4.115  280.16062  280.28203    69.0385    15.5224 -9.990e-29
 123.484222      4.176    12.0413  30.589609    25.9719      4.138  280.23970  280.35997    69.0696    15.5184 -9.990e-29
 123.484225      4.208    12.0263  30.591088    25.9779      4.171  280.30665  280.42590    69.1319    15.5103 0.0000e+00
 123.484227      4.247    12.0131  30.593987    25.9838      4.209  280.36255  280.48088    71.7934    15.9753 0.0000e+00
 123.484230      4.287    11.9939  30.596830    25.9997      4.249  280.44639  280.56340    71.9023    16.0198 0.0000e+00
 123.484233      4.333    11.9693  30.597798    26.0178      4.294  280.55924  280.67458    71.9023    16.0036 0.0000e+00
 123.484236      4.371    11.9503  30.598880    26.0320      4.332  280.64532  280.75937    71.7778    16.0198 0.0000e+00
 123.484239      4.407    11.9381  30.598199    26.0398      4.368  280.70324  280.81647    71.8245    16.0319 0.0000e+00
 123.484242      4.447    11.9285  30.598768    26.0435      4.408  280.74720  280.85977    76.9140    16.2301 0.0000e+00
 123.484245      4.486    11.9223  30.599110    26.0471      4.446  280.77507  280.88722    76.8673    16.1775 -9.990e-29
 123.484248      4.510    11.9180  30.599167    26.0548      4.469  280.79536  280.90722    76.9296    16.1977 -9.990e-29
 123.484251      4.529    11.9106  30.599168    26.0599      4.489  280.82967  280.94103    76.8673    16.2220 -9.990e-29
 123.484253      4.551    11.8993  30.598942    26.0676      4.511  280.88252  280.99312    79.1397    16.3554 -9.990e-29
 123.484256      4.570    11.8849  30.599512    26.0781      4.529  280.94844  281.05805    79.1085    16.3271 -9.990e-29
 123.484259      4.590    11.8717  30.598945    26.0869      4.549  281.01129  281.12000    79.2486    16.3231 -9.990e-29
 123.484262      4.610    11.8604  30.599912    26.0957      4.568  281.06223  281.17016    79.1397    16.3150 -9.990e-29
 123.484265      4.635    11.8466  30.599288    26.1047      4.594  281.12743  281.23443    76.2759    16.1330 -9.990e-29
 123.484268      4.664    11.8322  30.599347    26.1149      4.622  281.19460  281.30062    76.1358    16.1532 -9.990e-29
 123.484271      4.680    11.8197  30.599518    26.1238      4.639  281.25249  281.35765    76.3226    16.1411 -9.990e-29
 123.484274      4.706    11.8115  30.600088    26.1300      4.664  281.28960  281.39418    76.0891    16.1371 -9.990e-29
 123.484277      4.726    11.8063  30.600486    26.1341      4.684  281.31344  281.41766    77.2097    16.1411 -9.990e-29
 123.484280      4.752    11.8039  30.602191    26.1373      4.709  281.32127  281.42531    79.1397    16.0238 -9.990e-29
 123.484282      4.772    11.8063  30.600656    26.1342      4.729  281.31315  281.41737    79.1397    16.0400 -9.990e-29
 123.484285      4.794    11.8080  30.602531    26.1348      4.751  281.30159  281.40591    79.1397    15.9996 -9.990e-29
 123.484288      4.803    11.8074  30.601622    26.1344      4.760  281.30620  281.41048    79.3109    15.9874 -9.990e-29
 123.484291      4.814    11.8057  30.601793    26.1357      4.771  281.31364  281.41782    76.1669    16.1613 -9.990e-29
 123.484294      4.819    11.8005  30.599521    26.1372      4.776  281.34245  281.44628    76.2447    16.1249 -9.990e-29
 123.484297      4.834    11.7892  30.598329    26.1440      4.790  281.39705  281.50012    76.3226    16.1168 -9.990e-29
 123.484300      4.850    11.7773  30.597421    26.1515      4.807  281.45434  281.55661    76.1669    16.1330 -9.990e-29
 123.484303      4.872    11.7691  30.598558    26.1607      4.828  281.49069  281.59238    77.2097    16.2584 -9.990e-29
 123.484306      4.903    11.7650  30.598104    26.1615      4.859  281.51063  281.61204    77.1319    16.2624 0.0000e+00
 123.484308      4.939    11.7622  30.597820    26.1624      4.895  281.52411  281.62533    77.2408    16.2543 0.0000e+00
 123.484311      4.976    11.7599  30.596855    26.1631      4.931  281.53660  281.63768    77.1941    16.2826 0.0000e+00
 123.484314      5.031    11.7572  30.595946    26.1642      4.986  281.55126  281.65216    79.1085    16.1451 0.0000e+00
 123.484317      5.085    11.7530  30.596117    26.1673      5.040  281.57069  281.67129    79.1397    16.1451 0.0000e+00
 123.484320      5.142    11.7486  30.594186    26.1685      5.096  281.59469  281.69502    79.2331    16.1411 0.0000e+00
 123.484323      5.199    11.7451  30.595323    26.1720      5.152  281.60909  281.70916    79.1708    16.1492 0.0000e+00
 123.484326      5.241    11.7416  30.595721    26.1734      5.194  281.62453  281.72435    79.1397    16.1330 0.0000e+00
 123.484329      5.268    11.7382  30.596119    26.1748      5.221  281.63995  281.73954    77.7856    15.6720 -9.990e-29
 123.484332      5.285    11.7360  30.596517    26.1795      5.237  281.64924  281.74867    77.6611    15.7084 -9.990e-29
 123.484334      5.286    11.7347  30.595892    26.1798      5.239  281.65655  281.75589    77.6766    15.7044 -9.990e-29
 123.484337      5.277    11.7329  30.595154    26.1804      5.230  281.66632  281.76555    77.6611    15.6842 -9.990e-29
 123.484340      5.272    11.7304  30.594757    26.1818      5.225  281.67869  281.77776    82.2214    15.9510 -9.990e-29
 123.484343      5.260    11.7290  30.594586    26.1826      5.213  281.68579  281.78475    82.1903    15.9349 -9.990e-29
 123.484346      5.259    11.7283  30.594529    26.1830      5.212  281.68880  281.78772    82.1124    15.9510 -9.990e-29
 123.484349      5.270    11.7278  30.593848    26.1828      5.223  281.69267  281.79156    82.0035    15.9308 -9.990e-29
 123.484352      5.288    11.7276  30.594018    26.1830      5.241  281.69333  281.79221    78.4860    15.4982 -9.990e-29
 123.484355      5.318    11.7269  30.593507    26.1835      5.270  281.69754  281.79637    78.5015    15.5143 0.0000e+00
 123.484358      5.360    11.7250  30.593053    26.1839      5.312  281.70714  281.80585    78.4237    15.4820 0.0000e+00
 123.484361      5.396    11.7217  30.592883    26.1861      5.348  281.72299  281.82147    78.4393    15.5022 0.0000e+00
 123.484363      5.442    11.7186  30.592088    26.1875      5.393  281.73905  281.83732    81.9412    15.7772 0.0000e+00
 123.484366      5.477    11.7159  30.591691    26.1890      5.428  281.75241  281.85051    81.9879    15.7489 0.0000e+00
 123.484369      5.509    11.7140  30.591350    26.1895      5.460  281.76212  281.86008    81.9101    15.7084 0.0000e+00
 123.484372      5.541    11.7130  30.591180    26.1900      5.491  281.76698  281.86488    82.0346    15.7772 -9.990e-29
 123.484375      5.566    11.7122  30.592089    26.1942      5.516  281.76885  281.86669    81.9101    15.7570 -9.990e-29
 123.484378      5.593    11.7099  30.592714    26.1953      5.543  281.77868  281.87635    84.3381    16.0198 0.0000e+00
 123.484381      5.619    11.7057  30.592090    26.1965      5.569  281.79957  281.89696    84.4315    16.0198 0.0000e+00
 123.484384      5.650    11.7013  30.593056    26.2005      5.600  281.81813  281.91520    84.4471    16.0036 0.0000e+00
 123.484387      5.681    11.6986  30.591693    26.2011      5.630  281.83331  281.93021    84.4471    16.0036 0.0000e+00
 123.484389      5.712    11.6977  30.594023    26.2040      5.661  281.83348  281.93029    84.5405    16.1573 0.0000e+00
 123.484392      5.745    11.6960  30.594591    26.2057      5.694  281.84019  281.93688    84.6027    16.1411 0.0000e+00
 123.484395      5.776    11.6940  30.595727    26.2069      5.725  281.84745  281.94398    84.4782    16.1168 0.0000e+00
 123.484398      5.804    11.6928  30.595728    26.2081      5.752  281.85296  281.94941    84.5093    16.1451 -9.990e-29
 123.484401      5.824    11.6915  30.594989    26.2092      5.772  281.86081  281.95718    83.8712    16.2745 -9.990e-29
 123.484404      5.831    11.6905  30.596296    26.2111      5.779  281.86289  281.95917    83.8401    16.2705 -9.990e-29
 123.484407      5.845    11.6910  30.596921    26.2113      5.793  281.85915  281.95546    83.9023    16.2786 -9.990e-29
 123.484410      5.851    11.6923  30.596126    26.2097      5.799  281.85483  281.95124    83.8712    16.2705 -9.990e-29
 123.484413      5.858    11.6932  30.597091    26.2100      5.806  281.84882  281.94529    85.8634    16.0198 -9.990e-29
 123.484416      5.875    11.6933  30.596694    26.2095      5.822  281.84893  281.94541    85.9257    16.0360 -9.990e-29
 123.484418      5.889    11.6926  30.596296    26.2097      5.837  281.85324  281.94967    85.7700    16.0441 -9.990e-29
 123.484421      5.911    11.6917  30.596524    26.2115      5.858  281.85703  281.95339    85.8790    16.0036 -9.990e-29
 123.484424      5.939    11.6902  30.596524    26.2118      5.886  281.86383  281.96009    85.7700    15.9672 0.0000e+00
 123.484427      5.970    11.6892  30.596297    26.2120      5.916  281.86912  281.96531    83.7778    15.8742 0.0000e+00
 123.484430      6.003    11.6884  30.595729    26.2120      5.949  281.87408  281.97023    83.8868    15.8823 0.0000e+00
 123.484433      6.041    11.6873  30.594195    26.2120      5.987  281.88183  281.97792    83.9646    15.8742 0.0000e+00
 123.484436      6.079    11.6863  30.594309    26.2121      6.025  281.88649  281.98250    83.9023    15.8540 0.0000e+00
 123.484439      6.110    11.6854  30.593627    26.2121      6.055  281.89198  281.98794    81.6922    16.0279 0.0000e+00
 123.484442      6.143    11.6850  30.593457    26.2122      6.088  281.89394  281.98988    81.7389    16.0198 0.0000e+00
 123.484444      6.168    11.6851  30.593287    26.2122      6.113  281.89395  281.98990    81.6299    16.0279 -9.990e-29
 123.484447      6.187    11.6852  30.593059    26.2117      6.131  281.89407  281.99002    81.6766    16.0117 -9.990e-29
 123.484450      6.205    11.6849  30.591753    26.2106      6.149  281.89782  281.99377    86.0657    16.0036 -9.990e-29
 123.484453      6.227    11.6852  30.591355    26.2100      6.171  281.89697  281.99295    86.0035    16.0117 -9.990e-29
 123.484456      6.251    11.6851  30.591526    26.2112      6.195  281.89731  281.99328    86.1124    15.9672 -9.990e-29
 123.484459      6.280    11.6851  30.592491    26.2108      6.224  281.89552  281.99147    86.1124    15.9955 0.0000e+00
 123.484462      6.313    11.6855  30.591923    26.2111      6.256  281.89499  281.99098    87.1085    16.0643 0.0000e+00
 123.484465      6.347    11.6855  30.592719    26.2111      6.290  281.89320  281.98918    87.1397    16.0764 0.0000e+00
 123.484468      6.378    11.6850  30.592492    26.2112      6.321  281.89623  281.99218    87.0619    16.0602 0.0000e+00
 123.484470      6.411    11.6841  30.594196    26.2123      6.354  281.89693  281.99280    87.0774    16.0683 0.0000e+00
 123.484473      6.446    11.6831  30.594594    26.2134      6.388  281.90105  281.99685    86.9685    16.0724 -9.990e-29
 123.484476      6.469    11.6825  30.595106    26.2154      6.412  281.90302  281.99876    86.9996    16.0845 -9.990e-29
 123.484479      6.489    11.6824  30.595333    26.2157      6.431  281.90293  281.99866    87.0307    16.0724 -9.990e-29
 123.484482      6.504    11.6822  30.595163    26.2157      6.446  281.90423  281.99995    87.1241    16.0441 -9.990e-29
 123.484485      6.512    11.6815  30.595504    26.2165      6.453  281.90714  282.00281    86.9062    16.0724 -9.990e-29
 123.484488      6.524    11.6812  30.596129    26.2173      6.466  281.90695  282.00260    87.4976    16.0602 -9.990e-29
 123.484491      6.539    11.6814  30.594197    26.2153      6.480  281.90994  282.00561    87.5132    16.0683 -9.990e-29
 123.484494      6.557    11.6808  30.594765    26.2162      6.499  281.91147  282.00710    87.6689    16.0885 -9.990e-29
 123.484497      6.577    11.6804  30.595504    26.2172      6.518  281.91203  282.00763    87.5755    16.0602 -9.990e-29
 123.484499      6.599    11.6801  30.595959    26.2179      6.540  281.91281  282.00838    86.8128    16.1896 -9.990e-29
 123.484502      6.617    11.6798  30.595731    26.2179      6.558  281.91454  282.01009    86.8751    16.1937 -9.990e-29
 123.484505      6.645    11.6794  30.594936    26.2173      6.585  281.91766  282.01320    86.8128    16.1896 -9.990e-29
 123.484508      6.668    11.6788  30.594595    26.2189      6.609  281.92155  282.01704    86.9062    16.1775 -9.990e-29
 123.484511      6.701    11.6778  30.595334    26.2194      6.641  281.92471  282.02012    85.8323    16.3150 0.0000e+00
 123.484514      6.736    11.6769  30.595732    26.2195      6.675  281.92818  282.02353    85.8012    16.3352 0.0000e+00
 123.484517      6.770    11.6761  30.594710    26.2199      6.710  281.93400  282.02930    85.8167    16.3271 0.0000e+00
 123.484520      6.805    11.6756  30.595732    26.2208      6.744  281.93436  282.02962    85.7856    16.3392 0.0000e+00
 123.484523      6.840    11.6750  30.595562    26.2208      6.779  281.93729  282.03251    85.8167    16.3231 0.0000e+00
 123.484525      6.875    11.6748  30.594710    26.2206      6.813  281.94020  282.03542    86.8128    16.1411 0.0000e+00
 123.484528      6.911    11.6744  30.594767    26.2206      6.849  281.94174  282.03692    86.6883    16.1613 0.0000e+00
 123.484531      6.942    11.6743  30.594994    26.2206      6.880  281.94198  282.03715    86.7817    16.1492 0.0000e+00
 123.484534      6.978    11.6743  30.593858    26.2209      6.916  281.94413  282.03932    86.7973    16.1209 0.0000e+00
 123.484537      7.004    11.6743  30.594938    26.2204      6.941  281.94213  282.03730    85.3031    15.8661 0.0000e+00
 123.484540      7.029    11.6744  30.595335    26.2209      6.967  281.94075  282.03593    85.2408    15.8742 -9.990e-29
 123.484543      7.046    11.6745  30.594995    26.2207      6.983  281.94076  282.03595    85.2564    15.8742 -9.990e-29
 123.484546      7.059    11.6750  30.594313    26.2198      6.996  281.94011  282.03534    85.3965    15.8823 -9.990e-29
 123.484549      7.070    11.6753  30.595165    26.2203      7.007  281.93690  282.03215    87.9179    15.8985 -9.990e-29
 123.484552      7.083    11.6759  30.593631    26.2185      7.020  281.93720  282.03251    87.7778    15.8904 -9.990e-29
 123.484554      7.096    11.6766  30.594938    26.2192      7.032  281.93121  282.02655    87.7778    15.8904 -9.990e-29
 123.484557      7.114    11.6770  30.595335    26.2193      7.050  281.92886  282.02422    87.8401    15.9268 -9.990e-29
 123.484560      7.130    11.6772  30.595960    26.2198      7.067  281.92673  282.02210    88.2759    16.2988 -9.990e-29
