Processed/SBE19plus_01907321_2022_05_11_Cast122_wfilter.cnv
* Sea-Bird SBE19plus  Data File:
* FileName = E:\Prandtl_Daten\2022\CTD\Raw\SBE19plus_01907321_2022_05_11_Cast122.hex
* Software version 2.6.1.12
* Temperature SN = 7321
* Conductivity SN = 7321
* System UpLoad Time = May 11 2022 07:43:47
* <ApplicationData>
* <Seaterm232>
** Messpraktikum 2022
** CTD 10.05  BM
** NMEA Latitude = 54 07.80N
** NMEA Longitude = 008 47.51E
# nquan = 11
# nvalues = 756                         
# units = specified
# name 0 = timeJ: Julian Days
# name 1 = prdM: Pressure, Strain Gauge [db]
# name 2 = tv290C: Temperature [ITS-90, deg C]
# name 3 = c0mS/cm: Conductivity [mS/cm]
# name 4 = sal00: Salinity, Practical [PSU]
# name 5 = depSM: Depth [salt water, m], lat = 54.00
# name 6 = oxsatMm/Kg: Oxygen Saturation, Weiss [umol/kg]
# name 7 = oxsolMm/Kg: Oxygen Saturation, Garcia & Gordon [umol/kg]
# name 8 = turbWETntu0: Turbidity, WET Labs ECO [NTU]
# name 9 = flECO-AFL: Fluorescence, WET Labs ECO-AFL/FL [mg/m^3]
# name 10 = flag:  0.000e+00
# span 0 = 131.316021, 131.318206       
# span 1 =      0.500,     17.105       
# span 2 =    13.5583,    13.5664       
# span 3 =  32.806030,  32.952618       
# span 4 =    26.9452,    27.0716       
# span 5 =      0.495,     16.952       
# span 6 =  269.28656,  269.54229       
# span 7 =  269.48225,  269.73869       
# span 8 =    -1.0160,     2.8595       
# span 9 =     1.9034,     3.0478       
# span 10 = 0.0000e+00, 0.0000e+00      
# interval = seconds: 0.25
# start_time = May 11 2022 07:33:43 [Instrument's time stamp, header]
# bad_flag = -9.990e-29
*END*
[from data line 656]
 131.317920     15.020    13.5613  32.949045    27.0689     14.885  269.29938  269.49475     0.0891     2.9224 -9.990e-29
 131.317922     15.045    13.5612  32.949045    27.0685     14.911  269.29971  269.49508     0.0268     2.8941 0.0000e+00
 131.317925     15.073    13.5611  32.948168    27.0689     14.938  269.30153  269.49690     0.0268     2.8860 0.0000e+00
 131.317928     15.103    13.5612  32.949045    27.0689     14.967  269.29974  269.49511     0.1513     2.9184 0.0000e+00
 131.317931     15.130    13.5611  32.949454    27.0693     14.995  269.29938  269.49474     0.0580     2.8658 0.0000e+00
 131.317934     15.159    13.5611  32.949630    27.0694     15.023  269.29941  269.49477    -0.0043     2.8577 0.0000e+00
 131.317937     15.185    13.5609  32.949454    27.0695     15.049  269.30035  269.49570     0.0891     2.8497 0.0000e+00
 131.317940     15.210    13.5610  32.949630    27.0694     15.074  269.29976  269.49511     0.0891     2.8618 -9.990e-29
 131.317943     15.234    13.5609  32.949045    27.0690     15.097  269.30108  269.49643     0.0580     2.8254 -9.990e-29
 131.317946     15.258    13.5608  32.949221    27.0692     15.121  269.30111  269.49646    -0.7047     2.5140 -9.990e-29
 131.317948     15.272    13.5608  32.949806    27.0698     15.135  269.30012  269.49547    -0.5802     2.5059 -9.990e-29
 131.317951     15.285    13.5608  32.949864    27.0699     15.148  269.30035  269.49568    -0.6424     2.5342 -9.990e-29
 131.317954     15.296    13.5608  32.950040    27.0700     15.159  269.30005  269.49539    -0.7047     2.5504 -9.990e-29
 131.317957     15.307    13.5608  32.950040    27.0700     15.170  269.30006  269.49540     0.1358     2.3604 -9.990e-29
 131.317960     15.333    13.5606  32.950040    27.0701     15.196  269.30070  269.49603    -0.0666     2.3361 -9.990e-29
 131.317963     15.355    13.5607  32.950040    27.0699     15.217  269.30040  269.49574     0.0735     2.3321 -9.990e-29
 131.317966     15.386    13.5606  32.949806    27.0702     15.248  269.30113  269.49646     0.0891     2.3118 0.0000e+00
 131.317969     15.411    13.5606  32.950449    27.0699     15.273  269.30006  269.49538     0.5093     2.8941 0.0000e+00
 131.317972     15.444    13.5608  32.949046    27.0705     15.305  269.30152  269.49687     0.6027     2.9184 0.0000e+00
 131.317975     15.475    13.5608  32.950800    27.0706     15.336  269.29887  269.49420     0.5716     2.9143 0.0000e+00
 131.317977     15.502    13.5608  32.950917    27.0707     15.363  269.29838  269.49371     0.5093     2.9063 0.0000e+00
 131.317980     15.528    13.5607  32.950917    27.0707     15.388  269.29902  269.49435     0.0580     2.6596 -9.990e-29
 131.317983     15.547    13.5609  32.950801    27.0705     15.408  269.29829  269.49363     0.1202     2.6394 -9.990e-29
 131.317986     15.562    13.5610  32.950918    27.0706     15.422  269.29779  269.49313     0.1202     2.6151 -9.990e-29
 131.317989     15.577    13.5610  32.950918    27.0706     15.437  269.29779  269.49314     0.0268     2.6515 -9.990e-29
 131.317992     15.591    13.5610  32.950801    27.0705     15.451  269.29800  269.49335     0.0424     2.6192 -9.990e-29
 131.317995     15.606    13.5611  32.950918    27.0705     15.466  269.29718  269.49254    -0.5802     2.4615 -9.990e-29
 131.317998     15.627    13.5610  32.950450    27.0701     15.487  269.29862  269.49397    -0.6424     2.4695 -9.990e-29
 131.318001     15.653    13.5611  32.950801    27.0704     15.513  269.29773  269.49308    -0.7047     2.4695 -9.990e-29
 131.318003     15.673    13.5612  32.950684    27.0698     15.532  269.29731  269.49267    -0.6269     2.4453 -9.990e-29
 131.318006     15.704    13.5612  32.950275    27.0698     15.563  269.29803  269.49339     0.3692     2.5302 0.0000e+00
 131.318009     15.733    13.5611  32.951035    27.0698     15.592  269.29706  269.49242     0.2759     2.5221 -9.990e-29
 131.318012     15.755    13.5613  32.950918    27.0703     15.614  269.29634  269.49170     0.3692     2.5059 -9.990e-29
 131.318015     15.784    13.5615  32.951094    27.0703     15.643  269.29543  269.49080     0.3537     2.5140 0.0000e+00
 131.318018     15.810    13.5614  32.951211    27.0703     15.668  269.29556  269.49093     0.1202     2.5828 -9.990e-29
 131.318021     15.832    13.5616  32.950918    27.0700     15.690  269.29513  269.49051     0.0580     2.5828 -9.990e-29
 131.318024     15.855    13.5616  32.951094    27.0702     15.713  269.29516  269.49054     0.1202     2.5828 -9.990e-29
 131.318027     15.871    13.5618  32.950626    27.0696     15.729  269.29502  269.49042     0.0891     2.5949 -9.990e-29
 131.318030     15.885    13.5617  32.951094    27.0701     15.742  269.29455  269.48994    -0.2222     2.6515 -9.990e-29
 131.318032     15.899    13.5618  32.951094    27.0700     15.757  269.29424  269.48963    -0.2066     2.6636 -9.990e-29
 131.318035     15.917    13.5618  32.951036    27.0700     15.775  269.29435  269.48975    -0.2845     2.6313 -9.990e-29
 131.318038     15.939    13.5618  32.951094    27.0700     15.796  269.29427  269.48966    -0.0510     2.6636 -9.990e-29
 131.318041     15.969    13.5618  32.951094    27.0700     15.825  269.29429  269.48968    -0.1288     2.6717 0.0000e+00
 131.318044     16.001    13.5618  32.951036    27.0700     15.858  269.29441  269.48980    -0.1132     2.6556 -9.990e-29
 131.318047     16.025    13.5618  32.951094    27.0698     15.881  269.29432  269.48971    -0.1599     2.6353 -9.990e-29
 131.318050     16.054    13.5619  32.950919    27.0698     15.910  269.29432  269.48972    -0.1599     2.6313 0.0000e+00
 131.318053     16.079    13.5618  32.951211    27.0698     15.935  269.29416  269.48955    -0.1755     2.6636 -9.990e-29
 131.318056     16.103    13.5619  32.951095    27.0699     15.959  269.29374  269.48914     0.8206     3.0437 -9.990e-29
 131.318058     16.127    13.5618  32.950919    27.0698     15.982  269.29468  269.49008     0.8829     3.0033 -9.990e-29
 131.318061     16.145    13.5617  32.951212    27.0701     16.000  269.29451  269.48990     0.8050     3.0357 -9.990e-29
 131.318064     16.156    13.5617  32.951329    27.0702     16.011  269.29432  269.48970     0.8050     3.0478 -9.990e-29
 131.318067     16.170    13.5619  32.950802    27.0696     16.025  269.29459  269.48999     0.4938     2.5747 -9.990e-29
 131.318070     16.189    13.5617  32.951329    27.0702     16.043  269.29434  269.48972     0.5405     2.5989 -9.990e-29
 131.318073     16.203    13.5619  32.951504    27.0702     16.058  269.29311  269.48851     0.6338     2.5666 -9.990e-29
 131.318076     16.227    13.5616  32.951036    27.0706     16.081  269.29517  269.49056     0.6494     2.5989 -9.990e-29
 131.318079     16.254    13.5616  32.951738    27.0703     16.109  269.29400  269.48938     0.4159     2.8416 0.0000e+00
 131.318082     16.287    13.5615  32.951095    27.0706     16.141  269.29574  269.49111     0.2914     2.8497 0.0000e+00
 131.318084     16.312    13.5616  32.951739    27.0704     16.166  269.29403  269.48941     0.3537     2.8294 0.0000e+00
 131.318087     16.340    13.5615  32.951388    27.0705     16.193  269.29527  269.49065     0.2914     2.8416 0.0000e+00
 131.318090     16.366    13.5613  32.951329    27.0704     16.219  269.29602  269.49138     0.4315     2.8416 -9.990e-29
 131.318093     16.389    13.5615  32.951739    27.0707     16.242  269.29471  269.49008    -0.2066     2.5909 -9.990e-29
 131.318096     16.416    13.5614  32.951213    27.0702     16.269  269.29593  269.49130    -0.1599     2.5949 -9.990e-29
 131.318099     16.437    13.5614  32.951914    27.0709     16.289  269.29475  269.49012    -0.1132     2.5706 -9.990e-29
 131.318102     16.455    13.5614  32.951739    27.0707     16.307  269.29506  269.49043    -0.1755     2.5585 -9.990e-29
 131.318105     16.471    13.5614  32.951798    27.0708     16.324  269.29497  269.49034     0.8362     2.8982 -9.990e-29
 131.318108     16.480    13.5613  32.951914    27.0709     16.333  269.29509  269.49045     0.8517     2.8860 -9.990e-29
 131.318111     16.497    13.5613  32.951915    27.0710     16.349  269.29542  269.49077     0.8206     2.8982 -9.990e-29
 131.318113     16.517    13.5611  32.951798    27.0709     16.369  269.29626  269.49161     0.7895     2.9224 -9.990e-29
 131.318116     16.539    13.5610  32.952149    27.0712     16.391  269.29630  269.49164     0.2914     2.5828 -9.990e-29
 131.318119     16.569    13.5608  32.951915    27.0712     16.420  269.29735  269.49267     0.3381     2.5747 0.0000e+00
 131.318122     16.603    13.5608  32.952032    27.0713     16.454  269.29717  269.49250     0.3226     2.5828 0.0000e+00
 131.318125     16.638    13.5608  32.952149    27.0714     16.489  269.29699  269.49232     0.3537     2.6111 0.0000e+00
 131.318128     16.667    13.5607  32.952149    27.0714     16.517  269.29764  269.49296     0.7895     2.8254 0.0000e+00
 131.318131     16.698    13.5608  32.952032    27.0715     16.548  269.29754  269.49286     0.8206     2.8173 -9.990e-29
 131.318134     16.722    13.5606  32.952149    27.0716     16.572  269.29798  269.49330     0.9296     2.8294 -9.990e-29
 131.318137     16.736    13.5606  32.952149    27.0716     16.586  269.29799  269.49331     0.8673     2.8537 -9.990e-29
 131.318139     16.748    13.5607  32.952208    27.0716     16.597  269.29759  269.49291     0.8206     2.8335 -9.990e-29
 131.318142     16.760    13.5608  32.952149    27.0714     16.610  269.29707  269.49239     0.3692     2.5059 -9.990e-29
 131.318145     16.771    13.5608  32.951331    27.0706     16.621  269.29846  269.49380     0.3070     2.5383 -9.990e-29
 131.318148     16.787    13.5608  32.952383    27.0716     16.637  269.29700  269.49232     0.3070     2.5221 -9.990e-29
 131.318151     16.806    13.5608  32.952325    27.0715     16.655  269.29680  269.49212     0.2914     2.5383 -9.990e-29
 131.318154     16.828    13.5609  32.952150    27.0713     16.677  269.29679  269.49213     0.3848     2.5140 -9.990e-29
 131.318157     16.855    13.5611  32.952208    27.0713     16.704  269.29608  269.49142     0.3381     2.5181 -9.990e-29
 131.318160     16.880    13.5609  32.952325    27.0713     16.729  269.29653  269.49186     0.3226     2.5140 -9.990e-29
 131.318163     16.911    13.5609  32.952150    27.0713     16.760  269.29685  269.49218     0.3537     2.5666 0.0000e+00
 131.318166     16.939    13.5609  32.952384    27.0713     16.787  269.29647  269.49180     0.2759     2.6030 -9.990e-29
 131.318168     16.963    13.5608  32.952150    27.0714     16.810  269.29751  269.49283     0.4315     2.5706 -9.990e-29
 131.318171     16.992    13.5608  32.951507    27.0707     16.839  269.29830  269.49364     0.3848     2.5787 -9.990e-29
 131.318174     17.017    13.5607  32.952384    27.0716     16.865  269.29746  269.49277     0.3226     2.5989 -9.990e-29
 131.318177     17.039    13.5608  32.952326    27.0715     16.886  269.29725  269.49258     0.0891     2.3927 -9.990e-29
 131.318180     17.052    13.5609  32.952326    27.0714     16.899  269.29664  269.49197     0.0424     2.3604 -9.990e-29
 131.318183     17.069    13.5607  32.952209    27.0714     16.916  269.29779  269.49310     0.1047     2.3968 -9.990e-29
 131.318186     17.092    13.5608  32.952326    27.0715     16.939  269.29729  269.49261     0.0113     2.4008 -9.990e-29
 131.318189     17.103    13.5608  32.952560    27.0716     16.950  269.29658  269.49191     0.0268     2.3806 -9.990e-29
 131.318192     17.098    13.5608  32.952384    27.0715     16.944  269.29688  269.49220     0.0735     2.7000 -9.990e-29
 131.318194     17.099    13.5609  32.952560    27.0716     16.946  269.29627  269.49160     0.0891     2.7324 -9.990e-29
 131.318197     17.101    13.5610  32.952560    27.0715     16.948  269.29595  269.49129     0.0891     2.7162 -9.990e-29
 131.318200     17.101    13.5611  32.952618    27.0715     16.948  269.29523  269.49057     0.0580     2.6960 -9.990e-29
 131.318203     17.098    13.5611  32.952326    27.0712     16.944  269.29572  269.49107     2.8595     3.0114 -9.990e-29
 131.318206     17.105    13.5611  32.951332    27.0703     16.952  269.29742  269.49277     2.7817     3.0437 -9.990e-29
