Processed/SBE19plus_01907321_2022_05_11_Cast128_wfilter.cnv
* Sea-Bird SBE19plus  Data File:
* FileName = E:\Prandtl_Daten\2022\CTD\Raw\SBE19plus_01907321_2022_05_11_Cast128.hex
* Software version 2.6.1.12
* Temperature SN = 7321
* Conductivity SN = 7321
* System UpLoad Time = May 11 2022 11:01:18
* <ApplicationData>
* <Seaterm232>
** Messpraktikum 2022
** CTD 10.05  SW3
** NMEA Latitude = 54 02.58N
** NMEA Longitude = 008 23.31E
# nquan = 11
# nvalues = 439                         
# units = specified
# name 0 = timeJ: Julian Days
# name 1 = prdM: Pressure, Strain Gauge [db]
# name 2 = tv290C: Temperature [ITS-90, deg C]
# name 3 = c0mS/cm: Conductivity [mS/cm]
# name 4 = sal00: Salinity, Practical [PSU]
# name 5 = depSM: Depth [salt water, m], lat = 54.00
# name 6 = oxsatMm/Kg: Oxygen Saturation, Weiss [umol/kg]
# name 7 = oxsolMm/Kg: Oxygen Saturation, Garcia & Gordon [umol/kg]
# name 8 = turbWETntu0: Turbidity, WET Labs ECO [NTU]
# name 9 = flECO-AFL: Fluorescence, WET Labs ECO-AFL/FL [mg/m^3]
# name 10 = flag:  0.000e+00
# span 0 = 131.454245, 131.455512       
# span 1 =      0.457,     11.808       
# span 2 =    11.8109,    12.4166       
# span 3 =  30.774866,  32.839589       
# span 4 =    25.8768,    28.2493       
# span 5 =      0.453,     11.702       
# span 6 =  277.12594,  278.51010       
# span 7 =  277.20584,  278.63807       
# span 8 =    -0.9848,    16.3537       
# span 9 =     5.3729,    11.1310       
# span 10 = 0.0000e+00, 0.0000e+00      
# interval = seconds: 0.25
# start_time = May 11 2022 10:52:58 [Instrument's time stamp, header]
# bad_flag = -9.990e-29
*END*
 131.454245      0.457    12.4132  30.775264    25.8776      0.453  278.18369  278.32655     1.1941     7.4109 -9.990e-29
 131.454248      0.468    12.4127  30.774866    25.8776      0.463  278.18669  278.32952     1.5521     7.9285 -9.990e-29
 131.454251      0.484    12.4126  30.775435    25.8781      0.479  278.18599  278.32881     1.1941     7.8921 -9.990e-29
 131.454253      0.489    12.4120  30.776403    25.8795      0.485  278.18716  278.32993     1.2564     7.8719 -9.990e-29
 131.454256      0.495    12.4116  30.775094    25.8785      0.490  278.19115  278.33391     1.2875     7.9406 -9.990e-29
 131.454259      0.515    12.4114  30.777201    25.8800      0.510  278.18833  278.33105     0.8206     8.2479 -9.990e-29
 131.454262      0.542    12.4109  30.776233    25.8811      0.537  278.19236  278.33507     0.8206     8.2358 0.0000e+00
 131.454265      0.590    12.4102  30.777941    25.8821      0.585  278.19254  278.33518     0.8517     8.2075 0.0000e+00
 131.454268      0.648    12.4089  30.780049    25.8839      0.642  278.19460  278.33714     1.0229     8.2075 0.0000e+00
 131.454271      0.698    12.4082  30.778511    25.8844      0.691  278.20065  278.34316     1.3187     8.5269 0.0000e+00
 131.454274      0.740    12.4084  30.777657    25.8839      0.733  278.20125  278.34378     1.3187     8.5269 -9.990e-29
 131.454277      0.761    12.4096  30.778739    25.8832      0.754  278.19413  278.33672     1.2720     8.5471 -9.990e-29
 131.454280      0.781    12.4120  30.780276    25.8830      0.774  278.18035  278.32308     1.2097     8.5754 -9.990e-29
 131.454282      0.798    12.4143  30.782725    25.8836      0.791  278.16525  278.30811     1.4587     8.4865 -9.990e-29
 131.454285      0.816    12.4161  30.778909    25.8788      0.809  278.16374  278.30675     1.2564    10.0837 -9.990e-29
 131.454288      0.838    12.4166  30.781073    25.8805      0.831  278.15757  278.30060     1.4120    10.1403 -9.990e-29
 131.454291      0.848    12.4147  30.782383    25.8830      0.840  278.16396  278.30685     1.3342    10.1161 -9.990e-29
 131.454294      0.857    12.4118  30.780846    25.8836      0.849  278.18002  278.32274     1.4276    10.1686 -9.990e-29
 131.454297      0.864    12.4113  30.778341    25.8816      0.856  278.18682  278.32953     1.5521     9.5864 -9.990e-29
 131.454300      0.871    12.4125  30.776632    25.8792      0.863  278.18473  278.32753     1.5833     9.5621 -9.990e-29
 131.454303      0.895    12.4135  30.776234    25.8768      0.887  278.18093  278.32380     1.6299     9.5217 -9.990e-29
 131.454306      0.924    12.4143  30.775436    25.8773      0.916  278.17850  278.32144     1.6144     9.5257 0.0000e+00
 131.454308      0.959    12.4147  30.776632    25.8777      0.950  278.17474  278.31769     1.4276     9.5540 0.0000e+00
 131.454311      0.997    12.4143  30.778284    25.8794      0.988  278.17340  278.31631     1.4743     9.4974 0.0000e+00
 131.454314      1.030    12.4128  30.781416    25.8834      1.021  278.17489  278.31766     1.4899     9.5459 0.0000e+00
 131.454317      1.066    12.4099  30.784833    25.8885      1.057  278.18169  278.32424     1.3965     9.4691 0.0000e+00
 131.454320      1.099    12.4075  30.784264    25.8896      1.089  278.19375  278.33615     0.9296     9.8411 0.0000e+00
 131.454323      1.136    12.4061  30.785347    25.8916      1.126  278.19829  278.34059     0.8362     9.8694 0.0000e+00
 131.454326      1.174    12.4048  30.790017    25.8968      1.164  278.19570  278.33787     0.8829     9.8654 0.0000e+00
 131.454329      1.212    12.4021  30.788707    25.8972      1.202  278.21072  278.35273     0.9296     9.9341 0.0000e+00
 131.454332      1.245    12.3995  30.790018    25.8975      1.234  278.22002  278.36185     0.8984     9.9098 -9.990e-29
 131.454334      1.269    12.3972  30.789961    25.9020      1.258  278.23082  278.37250     1.4276     9.5621 -9.990e-29
 131.454337      1.283    12.3971  30.791954    25.9039      1.272  278.22788  278.36953     1.2875     9.5338 -9.990e-29
 131.454340      1.313    12.3966  30.792125    25.9043      1.301  278.22953  278.37115     1.3498     9.5378 -9.990e-29
 131.454343      1.326    12.3957  30.793094    25.9059      1.314  278.23199  278.37355     1.2720     9.5500 -9.990e-29
 131.454346      1.340    12.3957  30.793094    25.9059      1.328  278.23233  278.37387     1.2253     9.5257 -9.990e-29
 131.454349      1.355    12.3940  30.797252    25.9109      1.343  278.23226  278.37366     1.3498     9.4650 -9.990e-29
 131.454352      1.366    12.3888  30.799246    25.9163      1.354  278.25261  278.39365     1.4899     9.5217 -9.990e-29
 131.454355      1.386    12.3835  30.805797    25.9365      1.373  278.26504  278.40567     1.4432     9.4934 -9.990e-29
 131.454358      1.413    12.3758  30.811324    25.9376      1.401  278.29032  278.43039     1.2875     9.6794 0.0000e+00
 131.454361      1.446    12.3680  30.807964    25.9376      1.433  278.33233  278.47193     1.4276     9.6551 0.0000e+00
 131.454363      1.479    12.3635  30.810756    25.9388      1.466  278.34800  278.48728     1.3031     9.7077 -9.990e-29
 131.454366      1.503    12.3604  30.811326    25.9471      1.489  278.36090  278.49997     1.2875     9.6915 -9.990e-29
 131.454369      1.530    12.3584  30.811326    25.9485      1.516  278.37029  278.50923     0.8206    11.0380 -9.990e-29
 131.454372      1.546    12.3566  30.813605    25.9519      1.532  278.37458  278.51338     0.7584    11.0785 -9.990e-29
 131.454375      1.572    12.3553  30.814973    25.9540      1.558  278.37794  278.51665     0.8206    11.0259 -9.990e-29
 131.454378      1.592    12.3542  30.814802    25.9575      1.578  278.38312  278.52175     0.9451    11.0218 -9.990e-29
 131.454381      1.619    12.3530  30.817081    25.9597      1.605  278.38450  278.52304     0.8517    11.0299 0.0000e+00
 131.454384      1.654    12.3520  30.821126    25.9619      1.639  278.38172  278.52015     1.3342     9.8168 0.0000e+00
 131.454387      1.688    12.3489  30.824317    25.9670      1.673  278.39019  278.52838     1.3187     9.8492 0.0000e+00
 131.454389      1.728    12.3432  30.829218    25.9755      1.713  278.40752  278.54529     1.3187     9.8532 0.0000e+00
 131.454392      1.778    12.3372  30.831100    25.9815      1.762  278.43194  278.56930     1.4899     9.8492 0.0000e+00
 131.454395      1.816    12.3331  30.830359    25.9826      1.800  278.45206  278.58916     2.0502     9.1335 0.0000e+00
 131.454398      1.854    12.3322  30.830189    25.9836      1.838  278.45627  278.59332     2.1747     9.1618 -9.990e-29
 131.454401      1.875    12.3330  30.829619    25.9829      1.858  278.45377  278.59086     2.0502     9.0688 -9.990e-29
 131.454404      1.891    12.3336  30.830360    25.9832      1.874  278.44985  278.58697     2.1903     9.1375 -9.990e-29
 131.454407      1.900    12.3351  30.830359    25.9821      1.883  278.44274  278.57997     2.4704     8.9717 -9.990e-29
 131.454410      1.906    12.3362  30.831841    25.9828      1.889  278.43521  278.57249     2.3303     9.0283 -9.990e-29
 131.454413      1.920    12.3369  30.831898    25.9823      1.903  278.43188  278.56921     2.1903     9.0283 -9.990e-29
 131.454416      1.928    12.3370  30.832297    25.9826      1.911  278.43051  278.56785     2.2525     8.9960 -9.990e-29
 131.454418      1.952    12.3367  30.837255    25.9874      1.934  278.42283  278.56010     1.5833     8.4824 -9.990e-29
 131.454421      1.975    12.3367  30.835545    25.9876      1.958  278.42627  278.56355     1.6455     8.4703 -9.990e-29
 131.454424      2.003    12.3366  30.837312    25.9872      1.985  278.42341  278.56066     1.4899     8.4501 0.0000e+00
 131.454427      2.038    12.3376  30.837255    25.9872      2.019  278.41901  278.55633     1.7078     8.5107 0.0000e+00
 131.454430      2.069    12.3393  30.839021    25.9868      2.050  278.40774  278.54516     1.5521     8.4905 0.0000e+00
 131.454433      2.100    12.3415  30.839192    25.9859      2.081  278.39743  278.53499     1.3498     8.5835 0.0000e+00
 131.454436      2.140    12.3443  30.839078    25.9838      2.121  278.38506  278.52280     1.2564     8.5310 0.0000e+00
 131.454439      2.182    12.3463  30.839021    25.9831      2.162  278.37614  278.51401     1.3809     8.5674 0.0000e+00
 131.454442      2.217    12.3470  30.838451    25.9824      2.197  278.37396  278.51189     1.3965     8.5957 -9.990e-29
 131.454444      2.242    12.3475  30.837482    25.9801      2.222  278.37315  278.51112     1.5521     8.3490 -9.990e-29
 131.454447      2.260    12.3479  30.833835    25.9764      2.240  278.37783  278.51587     1.5833     8.3733 -9.990e-29
 131.454450      2.271    12.3491  30.833037    25.9748      2.251  278.37379  278.51191     1.6766     8.3935 -9.990e-29
 131.454453      2.282    12.3515  30.830530    25.9709      2.262  278.36767  278.50597     1.7233     8.3369 -9.990e-29
 131.454456      2.295    12.3534  30.833835    25.9726      2.274  278.35296  278.49135     2.2836     8.6280 -9.990e-29
 131.454459      2.317    12.3549  30.831726    25.9696      2.296  278.35001  278.48851     2.4237     8.7008 -9.990e-29
 131.454462      2.342    12.3561  30.831441    25.9673      2.321  278.34472  278.48331     2.3303     8.6442 -9.990e-29
 131.454465      2.373    12.3573  30.831099    25.9681      2.352  278.33986  278.47854     2.2992     8.6361 0.0000e+00
 131.454468      2.415    12.3589  30.833835    25.9673      2.393  278.32782  278.46657     2.0502     8.4946 0.0000e+00
 131.454470      2.459    12.3609  30.832467    25.9661      2.437  278.32095  278.45985     2.0657     8.3894 0.0000e+00
 131.454473      2.504    12.3645  30.833606    25.9646      2.482  278.30242  278.44154     2.0346     8.4218 0.0000e+00
 131.454476      2.550    12.3682  30.831840    25.9625      2.527  278.28884  278.42822     2.0969     8.4299 0.0000e+00
 131.454479      2.584    12.3712  30.829788    25.9604      2.561  278.27867  278.41827     2.0969     8.4501 -9.990e-29
 131.454482      2.608    12.3740  30.830358    25.9551      2.585  278.26504  278.40481     1.5521     8.5107 -9.990e-29
 131.454485      2.619    12.3764  30.828819    25.9520      2.596  278.25684  278.39678     1.6611     8.5027 -9.990e-29
 131.454488      2.626    12.3784  30.830813    25.9525      2.603  278.24418  278.38423     1.5833     8.4905 -9.990e-29
 131.454491      2.626    12.3796  30.830927    25.9517      2.603  278.23847  278.37860     1.5210     8.5391 -9.990e-29
 131.454494      2.630    12.3805  30.831497    25.9516      2.607  278.23292  278.37310     1.6144     8.8262 -9.990e-29
 131.454497      2.640    12.3817  30.828989    25.9485      2.616  278.23229  278.37257     1.5521     8.8342 -9.990e-29
 131.454499      2.658    12.3827  30.828818    25.9461      2.634  278.22776  278.36811     1.5988     8.8019 -9.990e-29
 131.454502      2.684    12.3837  30.827964    25.9464      2.660  278.22479  278.36522     1.6455     8.7695 0.0000e+00
 131.454505      2.717    12.3847  30.829217    25.9461      2.692  278.21802  278.35850     2.0191     8.4420 0.0000e+00
 131.454508      2.755    12.3858  30.827679    25.9443      2.730  278.21565  278.35622     2.1591     8.4299 0.0000e+00
 131.454511      2.791    12.3869  30.828078    25.9441      2.766  278.21010  278.35074     2.2369     8.4137 0.0000e+00
 131.454514      2.831    12.3877  30.828761    25.9440      2.806  278.20533  278.34601     2.0657     8.4097 0.0000e+00
 131.454517      2.868    12.3880  30.828249    25.9433      2.842  278.20466  278.34537     1.5833     8.5310 0.0000e+00
 131.454520      2.899    12.3882  30.826311    25.9414      2.873  278.20722  278.34796     1.5988     9.2143 0.0000e+00
 131.454523      2.930    12.3889  30.825913    25.9405      2.904  278.20473  278.34552     1.6144     9.2507 0.0000e+00
 131.454525      2.957    12.3893  30.824545    25.9393      2.931  278.20560  278.34643     1.4587     9.2224 0.0000e+00
 131.454528      2.992    12.3896  30.825172    25.9393      2.965  278.20319  278.34403     1.5521     9.2103 0.0000e+00
 131.454531      3.023    12.3899  30.826141    25.9393      2.996  278.19984  278.34070     1.8167     9.0324 0.0000e+00
 131.454534      3.060    12.3900  30.825172    25.9400      3.032  278.20130  278.34217     1.7545     9.0445 0.0000e+00
 131.454537      3.089    12.3898  30.828249    25.9405      3.061  278.19672  278.33754     1.7856     9.0849 0.0000e+00
 131.454540      3.118    12.3891  30.823349    25.9420      3.090  278.20884  278.34967     1.8945     9.0971 -9.990e-29
 131.454543      3.142    12.3887  30.829389    25.9438      3.114  278.19987  278.34061     1.5833    10.1767 -9.990e-29
 131.454546      3.158    12.3873  30.838450    25.9532      3.130  278.18963  278.33019     1.4587    10.1808 -9.990e-29
 131.454549      3.163    12.3827  30.847854    25.9651      3.135  278.19363  278.33380     1.6299    10.1969 -9.990e-29
 131.454552      3.169    12.3768  30.851445    25.9725      3.140  278.21429  278.35404     1.6611    10.1848 -9.990e-29
 131.454554      3.180    12.3707  30.877441    26.0009      3.151  278.19503  278.33412     2.2369    10.7914 -9.990e-29
 131.454557      3.191    12.3610  30.902134    26.0306      3.162  278.19489  278.33310     2.3459    10.7954 -9.990e-29
 131.454560      3.205    12.3482  30.908067    26.0449      3.177  278.24259  278.37990     2.4237    10.8075 -9.990e-29
 131.454563      3.229    12.3384  30.937391    26.1224      3.200  278.23462  278.37099     2.4237    10.8197 -9.990e-29
 131.454566      3.260    12.3244  30.973576    26.1409      3.231  278.23285  278.36795     1.5677    10.7752 0.0000e+00
 131.454569      3.302    12.3067  31.000126    26.1594      3.273  278.26556  278.39922     1.4276    11.1310 0.0000e+00
 131.454572      3.350    12.2901  31.009608    26.1798      3.320  278.32438  278.45684     1.2720    11.1189 0.0000e+00
 131.454575      3.395    12.2771  31.024745    26.2030      3.365  278.35645  278.48790     1.3965    11.1310 0.0000e+00
 131.454578      3.439    12.2667  31.043884    26.2281      3.408  278.36929  278.49985     1.3809    11.1229 0.0000e+00
 131.454580      3.481    12.2560  31.056113    26.2375      3.450  278.39595  278.52568     2.3926    10.7469 0.0000e+00
 131.454583      3.508    12.2466  31.062572    26.2470      3.477  278.42698  278.55602     2.3770    10.7509 -9.990e-29
 131.454586      3.532    12.2392  31.063087    26.2652      3.501  278.46014  278.58868     2.3459    10.7064 -9.990e-29
 131.454589      3.549    12.2333  31.056458    26.2632      3.517  278.49924  278.62746     2.2992    10.7307 -9.990e-29
 131.454592      3.563    12.2299  31.058973    26.2679      3.531  278.51010  278.63807     1.7078     9.8532 -9.990e-29
 131.454595      3.574    12.2292  31.061488    26.2707      3.542  278.50873  278.63663     1.5054     9.8573 -9.990e-29
 131.454598      3.587    12.2279  31.075833    26.2850      3.555  278.48838  278.61605     1.5677     9.8371 -9.990e-29
 131.454601      3.600    12.2232  31.087666    26.2994      3.567  278.48835  278.61558     1.6922     9.8654 -9.990e-29
 131.454604      3.616    12.2181  31.092526    26.3075      3.584  278.50295  278.62979     1.1163    10.0312 -9.990e-29
 131.454606      3.640    12.2145  31.120315    26.3642      3.607  278.46866  278.59497     1.1163    10.0595 -9.990e-29
 131.454609      3.669    12.2091  31.146513    26.3706      3.636  278.44561  278.57129     1.1163    10.0635 0.0000e+00
 131.454612      3.706    12.2020  31.154695    26.3769      3.672  278.46311  278.58823     1.1475    10.0878 0.0000e+00
 131.454615      3.742    12.1975  31.163450    26.3882      3.708  278.46800  278.59273     1.0074    10.1161 0.0000e+00
 131.454618      3.782    12.1947  31.182507    26.4080      3.748  278.44607  278.57041     0.8517    10.6660 0.0000e+00
 131.454621      3.822    12.1900  31.201396    26.4290      3.788  278.43277  278.55660     0.8206    10.6579 0.0000e+00
