Processed/SBE19plus_01907321_2022_05_10_Cast110_wfilter.cnv
* Sea-Bird SBE19plus  Data File:
* FileName = E:\Prandtl_Daten\2022\CTD\Raw\SBE19plus_01907321_2022_05_10_Cast110.hex
* Software version 2.6.1.12
* Temperature SN = 7321
* Conductivity SN = 7321
* System UpLoad Time = May 10 2022 09:26:29
* <ApplicationData>
* <Seaterm232>
** Messpraktikum 2022
** CTD 09.05  TS
** NMEA Latitude = 54 07.79N
** NMEA Longitude = 008 42.28E
# nquan = 11
# nvalues = 429                         
# units = specified
# name 0 = timeJ: Julian Days
# name 1 = prdM: Pressure, Strain Gauge [db]
# name 2 = tv290C: Temperature [ITS-90, deg C]
# name 3 = c0mS/cm: Conductivity [mS/cm]
# name 4 = sal00: Salinity, Practical [PSU]
# name 5 = depSM: Depth [salt water, m], lat = 54.00
# name 6 = oxsatMm/Kg: Oxygen Saturation, Weiss [umol/kg]
# name 7 = oxsolMm/Kg: Oxygen Saturation, Garcia & Gordon [umol/kg]
# name 8 = turbWETntu0: Turbidity, WET Labs ECO [NTU]
# name 9 = flECO-AFL: Fluorescence, WET Labs ECO-AFL/FL [mg/m^3]
# name 10 = flag:  0.000e+00
# span 0 = 130.389170, 130.390408       
# span 1 =      0.386,     11.528       
# span 2 =    13.4008,    13.4487       
# span 3 =  32.749359,  32.772365       
# span 4 =    26.9905,    27.0030       
# span 5 =      0.383,     11.425       
# span 6 =  270.07585,  270.32567       
# span 7 =  270.26578,  270.51288       
# span 8 =     3.2486,    16.4315       
# span 9 =     1.9439,     5.4538       
# span 10 = 0.0000e+00, 0.0000e+00      
# interval = seconds: 0.25
# start_time = May 10 2022 09:18:51 [Instrument's time stamp, header]
# bad_flag = -9.990e-29
*END*
[from data line 132]
 130.389552      3.819    13.4296  32.760650    26.9941      3.785  270.17874  270.36761     4.1980     3.0599 0.0000e+00
 130.389554      3.856    13.4298  32.761000    26.9943      3.821  270.17722  270.36610     4.3070     3.0842 0.0000e+00
 130.389557      3.889    13.4298  32.761467    26.9945      3.854  270.17644  270.36532     4.3226     3.0963 0.0000e+00
 130.389560      3.927    13.4304  32.761700    26.9945      3.892  270.17355  270.36246     4.3226     3.0923 0.0000e+00
 130.389563      3.960    13.4305  32.761409    26.9942      3.924  270.17376  270.36267     4.1358     2.9750 0.0000e+00
 130.389566      3.991    13.4309  32.761059    26.9939      3.955  270.17280  270.36174     4.1669     2.9305 0.0000e+00
 130.389569      4.023    13.4309  32.761292    26.9936      3.987  270.17242  270.36136     4.0580     2.9224 -9.990e-29
 130.389572      4.047    13.4309  32.761059    26.9936      4.011  270.17284  270.36178     3.9957     2.9063 -9.990e-29
 130.389575      4.067    13.4309  32.761176    26.9937      4.031  270.17265  270.36159     4.0735     2.9224 -9.990e-29
 130.389578      4.080    13.4308  32.760884    26.9934      4.044  270.17347  270.36241     4.1202     3.0518 -9.990e-29
 130.389580      4.091    13.4311  32.761292    26.9936      4.054  270.17152  270.36047     4.1202     3.0518 -9.990e-29
 130.389583      4.108    13.4312  32.760417    26.9928      4.071  270.17272  270.36168     3.9179     2.9993 -9.990e-29
 130.389586      4.126    13.4309  32.760651    26.9931      4.089  270.17327  270.36222     4.0268     3.0478 -9.990e-29
 130.389589      4.151    13.4309  32.760651    26.9926      4.114  270.17360  270.36254     5.2875     2.8860 -9.990e-29
 130.389592      4.178    13.4306  32.759834    26.9926      4.141  270.17628  270.36521     5.3498     2.9143 0.0000e+00
 130.389595      4.208    13.4300  32.759251    26.9926      4.170  270.17981  270.36871     5.4120     2.8941 0.0000e+00
 130.389598      4.241    13.4296  32.759834    26.9933      4.203  270.18040  270.36928     5.2253     2.8941 0.0000e+00
 130.389601      4.269    13.4293  32.760476    26.9939      4.231  270.18090  270.36974     3.7934     3.1731 0.0000e+00
 130.389604      4.304    13.4295  32.760418    26.9939      4.266  270.18007  270.36893     3.8556     3.1327 0.0000e+00
 130.389606      4.339    13.4297  32.760477    26.9938      4.300  270.17905  270.36792     3.8401     3.1570 0.0000e+00
 130.389609      4.372    13.4298  32.760243    26.9937      4.333  270.17916  270.36804     3.7155     3.1570 0.0000e+00
 130.389612      4.401    13.4298  32.759660    26.9935      4.361  270.18017  270.36906     4.8517     3.0963 -9.990e-29
 130.389615      4.425    13.4298  32.760185    26.9934      4.385  270.17929  270.36817     4.7739     3.0518 -9.990e-29
 130.389618      4.443    13.4296  32.759835    26.9932      4.403  270.18053  270.36940     4.8206     3.0235 -9.990e-29
 130.389621      4.459    13.4298  32.761060    26.9942      4.419  270.17781  270.36669     4.7584     2.9993 -9.990e-29
 130.389624      4.476    13.4301  32.761002    26.9939      4.436  270.17635  270.36525     4.7739     2.9993 -9.990e-29
 130.389627      4.496    13.4302  32.759660    26.9926      4.455  270.17834  270.36726     4.0268     3.4400 -9.990e-29
 130.389630      4.521    13.4303  32.760477    26.9933      4.480  270.17633  270.36525     3.9801     3.4198 -9.990e-29
 130.389633      4.550    13.4302  32.760477    26.9934      4.509  270.17698  270.36589     4.0424     3.3996 0.0000e+00
 130.389635      4.589    13.4303  32.760769    26.9934      4.548  270.17588  270.36479     3.9646     3.4117 0.0000e+00
 130.389638      4.629    13.4308  32.761061    26.9934      4.587  270.17351  270.36245     3.8868     3.0963 0.0000e+00
 130.389641      4.669    13.4312  32.761294    26.9933      4.627  270.17125  270.36021     3.7934     3.1044 0.0000e+00
 130.389644      4.700    13.4312  32.761178    26.9933      4.658  270.17147  270.36043     3.7934     3.1206 0.0000e+00
 130.389647      4.733    13.4313  32.760653    26.9932      4.690  270.17208  270.36105     3.8868     3.0761 -9.990e-29
 130.389650      4.751    13.4311  32.760653    26.9928      4.709  270.17303  270.36199     4.7428     3.0761 -9.990e-29
 130.389653      4.766    13.4305  32.760419    26.9930      4.723  270.17596  270.36488     4.7272     3.0842 -9.990e-29
 130.389656      4.775    13.4302  32.757794    26.9908      4.732  270.18171  270.37064     4.9296     3.0801 -9.990e-29
 130.389659      4.791    13.4298  32.760070    26.9932      4.748  270.17972  270.36860     4.8206     3.0882 -9.990e-29
 130.389661      4.806    13.4295  32.759661    26.9930      4.763  270.18168  270.37055     5.8012     3.0721 -9.990e-29
 130.389664      4.826    13.4289  32.758844    26.9925      4.783  270.18561  270.37445     5.7545     3.1287 -9.990e-29
 130.389667      4.859    13.4280  32.757970    26.9930      4.815  270.19090  270.37970     5.7856     3.1044 0.0000e+00
 130.389670      4.890    13.4274  32.758611    26.9935      4.846  270.19266  270.38140     5.7856     3.0842 0.0000e+00
 130.389673      4.921    13.4268  32.759662    26.9946      4.877  270.19308  270.38179     5.8945     3.0599 0.0000e+00
 130.389676      4.950    13.4269  32.759429    26.9948      4.906  270.19318  270.38190     5.3187     3.2095 0.0000e+00
 130.389679      4.986    13.4274  32.760070    26.9946      4.942  270.18991  270.37864     5.3031     3.2257 0.0000e+00
 130.389682      5.019    13.4275  32.758845    26.9940      4.974  270.19171  270.38046     5.2564     3.1974 0.0000e+00
 130.389685      5.052    13.4272  32.759020    26.9938      5.007  270.19269  270.38142     5.3031     3.2136 0.0000e+00
 130.389688      5.088    13.4267  32.757387    26.9940      5.043  270.19771  270.38643     3.6222     3.0842 -9.990e-29
 130.389690      5.112    13.4263  32.756745    26.9925      5.066  270.20071  270.38941     3.5443     3.0640 -9.990e-29
 130.389693      5.132    13.4252  32.757387    26.9938      5.086  270.20403  270.39265     3.5910     3.0842 -9.990e-29
 130.389696      5.147    13.4246  32.757446    26.9943      5.101  270.20677  270.39535     3.5599     3.1206 -9.990e-29
 130.389699      5.163    13.4242  32.757387    26.9945      5.117  270.20845  270.39702     5.5988     3.0195 -9.990e-29
 130.389702      5.179    13.4239  32.757563    26.9949      5.133  270.20942  270.39796     5.6144     3.0518 -9.990e-29
 130.389705      5.201    13.4237  32.757271    26.9950      5.155  270.21088  270.39941     5.5988     3.0074 -9.990e-29
 130.389708      5.229    13.4237  32.757563    26.9952      5.182  270.21039  270.39893     5.3654     3.0154 0.0000e+00
 130.389711      5.263    13.4236  32.757796    26.9953      5.216  270.21033  270.39886     5.5210     3.0437 0.0000e+00
 130.389714      5.298    13.4236  32.758205    26.9956      5.251  270.20965  270.39818     5.5054     3.7473 0.0000e+00
 130.389716      5.338    13.4239  32.758438    26.9957      5.291  270.20802  270.39656     5.5521     3.7635 0.0000e+00
 130.389719      5.371    13.4244  32.759022    26.9958      5.323  270.20516  270.39371     5.4432     3.7109 0.0000e+00
 130.389722      5.406    13.4247  32.759255    26.9958      5.357  270.20320  270.39178     5.4587     3.7352 0.0000e+00
 130.389725      5.435    13.4253  32.759430    26.9958      5.386  270.20041  270.38902     4.4626     3.5209 -9.990e-29
 130.389728      5.457    13.4255  32.758847    26.9949      5.408  270.20079  270.38942     4.5405     3.4764 -9.990e-29
 130.389731      5.471    13.4255  32.758847    26.9948      5.422  270.20048  270.38912     4.4938     3.4926 -9.990e-29
 130.389734      5.484    13.4253  32.757972    26.9942      5.435  270.20293  270.39156     4.6027     3.4845 -9.990e-29
 130.389737      5.501    13.4250  32.758847    26.9952      5.451  270.20270  270.39131     5.0229     3.3955 -9.990e-29
 130.389740      5.521    13.4249  32.758614    26.9949      5.471  270.20343  270.39203     5.0385     3.4036 -9.990e-29
 130.389742      5.552    13.4248  32.758380    26.9950      5.502  270.20448  270.39307     5.0229     3.4117 0.0000e+00
 130.389745      5.590    13.4246  32.758614    26.9952      5.540  270.20473  270.39331     5.1163     3.3875 0.0000e+00
 130.389748      5.626    13.4249  32.759256    26.9954      5.576  270.20271  270.39130     4.7117     3.2298 0.0000e+00
 130.389751      5.659    13.4252  32.759256    26.9954      5.609  270.20147  270.39008     4.7895     3.2257 0.0000e+00
 130.389754      5.692    13.4252  32.758206    26.9953      5.641  270.20329  270.39191     4.8829     3.2661 0.0000e+00
 130.389757      5.718    13.4250  32.759023    26.9953      5.666  270.20254  270.39114     4.7739     3.2176 0.0000e+00
 130.389760      5.747    13.4250  32.759023    26.9953      5.695  270.20256  270.39116     4.8362     3.2338 0.0000e+00
 130.389763      5.774    13.4251  32.759023    26.9953      5.723  270.20226  270.39087     4.7584     3.2298 -9.990e-29
 130.389766      5.791    13.4251  32.758440    26.9947      5.739  270.20327  270.39188     4.6961     3.2459 -9.990e-29
 130.389769      5.816    13.4252  32.759840    26.9958      5.764  270.20026  270.38887     4.8517     3.2136 -9.990e-29
 130.389771      5.834    13.4255  32.759665    26.9955      5.782  270.19931  270.38794     4.7895     3.2095 -9.990e-29
 130.389774      5.853    13.4256  32.759431    26.9952      5.800  270.19941  270.38804     3.8556     2.9103 -9.990e-29
 130.389777      5.876    13.4253  32.759432    26.9953      5.824  270.20068  270.38930     3.7467     2.9224 -9.990e-29
 130.389780      5.902    13.4252  32.759257    26.9959      5.849  270.20163  270.39023     3.8245     2.8860 0.0000e+00
 130.389783      5.929    13.4252  32.760482    26.9959      5.876  270.19923  270.38783     3.8089     2.9386 0.0000e+00
 130.389786      5.960    13.4258  32.760424    26.9964      5.907  270.19683  270.38547     3.5288     2.9143 0.0000e+00
 130.389789      5.988    13.4266  32.761707    26.9965      5.934  270.19119  270.37987     3.4821     2.8941 0.0000e+00
 130.389792      6.017    13.4275  32.762349    26.9965      5.963  270.18634  270.37506     3.5755     2.8780 0.0000e+00
 130.389795      6.046    13.4285  32.762349    26.9961      5.992  270.18195  270.37074     3.5599     2.8901 0.0000e+00
 130.389797      6.072    13.4293  32.762932    26.9957      6.017  270.17751  270.36634     5.0541     3.2055 -9.990e-29
 130.389800      6.095    13.4301  32.763341    26.9955      6.041  270.17336  270.36224     5.0696     3.2419 -9.990e-29
 130.389803      6.119    13.4308  32.764158    26.9965      6.064  270.16915  270.35806     5.0852     3.2257 -9.990e-29
 130.389806      6.145    13.4317  32.765733    26.9965      6.090  270.16238  270.35134     5.0541     3.2217 0.0000e+00
 130.389809      6.172    13.4336  32.765850    26.9965      6.117  270.15433  270.34340     5.1008     3.2055 -9.990e-29
 130.389812      6.190    13.4350  32.762115    26.9942      6.135  270.15476  270.34394     5.4276     3.2257 -9.990e-29
 130.389815      6.219    13.4359  32.766433    26.9937      6.164  270.14330  270.33251     5.6299     3.1974 0.0000e+00
 130.389818      6.250    13.4365  32.765908    26.9933      6.194  270.14170  270.33095     5.5210     3.2419 0.0000e+00
 130.389821      6.276    13.4362  32.765441    26.9931      6.220  270.14377  270.33301     5.4743     3.2298 0.0000e+00
 130.389823      6.310    13.4355  32.764975    26.9931      6.254  270.14742  270.33662     4.7584     3.3753 0.0000e+00
 130.389826      6.342    13.4346  32.764508    26.9932      6.285  270.15233  270.34148     4.7739     3.3308 0.0000e+00
 130.389829      6.371    13.4337  32.764158    26.9933      6.314  270.15672  270.34582     4.8517     3.3551 -9.990e-29
 130.389832      6.394    13.4328  32.763750    26.9939      6.337  270.16153  270.35057     4.8517     3.3511 -9.990e-29
 130.389835      6.414    13.4318  32.763167    26.9940      6.357  270.16663  270.35561     5.5833     3.8767 -9.990e-29
 130.389838      6.442    13.4313  32.763167    26.9944      6.384  270.16885  270.35780     5.5366     3.8403 -9.990e-29
 130.389841      6.464    13.4305  32.762759    26.9946      6.406  270.17302  270.36193     5.5366     3.8565 -9.990e-29
 130.389844      6.489    13.4298  32.762759    26.9951      6.431  270.17618  270.36504     5.6144     3.8484 -9.990e-29
 130.389847      6.511    13.4290  32.762175    26.9950      6.453  270.18034  270.36916     8.7117     3.7271 -9.990e-29
 130.389850      6.533    13.4287  32.761475    26.9946      6.475  270.18281  270.37162     8.8050     3.6786 -9.990e-29
 130.389852      6.553    13.4281  32.761709    26.9943      6.495  270.18525  270.37402     8.8673     3.6948 -9.990e-29
 130.389855      6.581    13.4273  32.760075    26.9949      6.522  270.19153  270.38026     8.7739     3.7109 0.0000e+00
 130.389858      6.608    13.4255  32.759842    26.9954      6.549  270.19949  270.38812     8.7739     3.7352 0.0000e+00
 130.389861      6.637    13.4238  32.759434    26.9960      6.578  270.20745  270.39597     6.7973     3.7190 0.0000e+00
 130.389864      6.670    13.4227  32.758384    26.9962      6.610  270.21430  270.40276     6.8128     3.7069 0.0000e+00
 130.389867      6.701    13.4216  32.757859    26.9963      6.641  270.21993  270.40834     6.7194     3.7433 0.0000e+00
 130.389870      6.732    13.4200  32.756984    26.9964      6.672  270.22806  270.41637     6.7973     3.7635 0.0000e+00
 130.389873      6.759    13.4184  32.755526    26.9966      6.699  270.23749  270.42572     5.9879     3.5896 0.0000e+00
 130.389876      6.792    13.4168  32.755526    26.9969      6.731  270.24444  270.43257     6.0035     3.6018 0.0000e+00
 130.389878      6.821    13.4154  32.755293    26.9975      6.760  270.25083  270.43888     6.0813     3.5977 -9.990e-29
 130.389881      6.845    13.4141  32.755527    26.9994      6.784  270.25611  270.44407     6.0502     3.6139 -9.990e-29
 130.389884      6.873    13.4140  32.755935    26.9999      6.811  270.25605  270.44401     5.0541     3.4238 -9.990e-29
 130.389887      6.891    13.4141  32.755294    26.9992      6.829  270.25654  270.44450     4.9762     3.4279 -9.990e-29
 130.389890      6.907    13.4137  32.755294    26.9995      6.845  270.25843  270.44637     5.0541     3.4077 -9.990e-29
 130.389893      6.925    13.4136  32.755936    27.0001      6.863  270.25766  270.44559     5.0229     3.4400 -9.990e-29
 130.389896      6.949    13.4139  32.756344    26.9996      6.887  270.25572  270.44366     5.8012     3.4158 -9.990e-29
 130.389899      6.976    13.4147  32.756286    26.9997      6.914  270.25237  270.44037     5.8167     3.4077 0.0000e+00
 130.389902      7.006    13.4154  32.756986    26.9996      6.943  270.24836  270.43639     5.7700     3.4319 0.0000e+00
 130.389905      7.035    13.4163  32.757394    26.9995      6.972  270.24359  270.43167     5.7545     3.4481 0.0000e+00
 130.389907      7.069    13.4168  32.757278    26.9990      7.006  270.24161  270.42973     5.8323     3.4117 0.0000e+00
 130.389910      7.097    13.4171  32.757394    26.9989      7.033  270.24048  270.42861     4.8984     3.1084 0.0000e+00
 130.389913      7.128    13.4176  32.757394    26.9986      7.064  270.23830  270.42646     4.8517     3.1287 0.0000e+00
 130.389916      7.160    13.4179  32.756753    26.9986      7.096  270.23816  270.42635     4.7584     3.1044 0.0000e+00
 130.389919      7.191    13.4181  32.757861    26.9986      7.127  270.23502  270.42322     4.7739     3.0680 0.0000e+00
 130.389922      7.217    13.4187  32.758386    26.9986      7.152  270.23194  270.42016     5.1163     3.3389 0.0000e+00
 130.389925      7.242    13.4192  32.757395    26.9987      7.178  270.23145  270.41971     5.1319     3.3349 -9.990e-29
