Processed/SBE19plus_01907321_2022_05_11_Cast130_wfilter.cnv
* Sea-Bird SBE19plus  Data File:
* FileName = E:\Prandtl_Daten\2022\CTD\Raw\SBE19plus_01907321_2022_05_11_Cast130.hex
* Software version 2.6.1.12
* Temperature SN = 7321
* Conductivity SN = 7321
* System UpLoad Time = May 11 2022 12:39:17
* <ApplicationData>
* <Seaterm232>
** Messpraktikum 2022
** CTD 10.05  TS
** NMEA Latitude = 54 07.73N
** NMEA Longitude = 008 42.56E
# nquan = 11
# nvalues = 472                         
# units = specified
# name 0 = timeJ: Julian Days
# name 1 = prdM: Pressure, Strain Gauge [db]
# name 2 = tv290C: Temperature [ITS-90, deg C]
# name 3 = c0mS/cm: Conductivity [mS/cm]
# name 4 = sal00: Salinity, Practical [PSU]
# name 5 = depSM: Depth [salt water, m], lat = 54.00
# name 6 = oxsatMm/Kg: Oxygen Saturation, Weiss [umol/kg]
# name 7 = oxsolMm/Kg: Oxygen Saturation, Garcia & Gordon [umol/kg]
# name 8 = turbWETntu0: Turbidity, WET Labs ECO [NTU]
# name 9 = flECO-AFL: Fluorescence, WET Labs ECO-AFL/FL [mg/m^3]
# name 10 = flag:  0.000e+00
# span 0 = 131.522182, 131.523545       
# span 1 =      0.549,     11.528       
# span 2 =    13.7535,    13.8832       
# span 3 =  32.994456,  33.080761       
# span 4 =    26.9548,    26.9784       
# span 5 =      0.544,     11.424       
# span 6 =  267.70152,  268.39813       
# span 7 =  267.91513,  268.60474       
# span 8 =     5.6611,    21.3654       
# span 9 =     3.5452,     7.4554       
# span 10 = 0.0000e+00, 0.0000e+00      
# interval = seconds: 0.25
# start_time = May 11 2022 12:30:07 [Instrument's time stamp, header]
# bad_flag = -9.990e-29
*END*
[from data line 132]
 131.522564      3.591    13.8801  33.078071    26.9656      3.559  267.71745  267.93091     6.5794     4.2285 0.0000e+00
 131.522567      3.669    13.8799  33.078833    26.9659      3.636  267.71716  267.93061     6.4860     4.2568 0.0000e+00
 131.522569      3.751    13.8803  33.079068    26.9659      3.717  267.71525  267.92872     6.5482     4.2164 0.0000e+00
 131.522572      3.824    13.8805  33.078833    26.9655      3.790  267.71475  267.92822     6.5171     4.2447 0.0000e+00
 131.522575      3.884    13.8807  33.077838    26.9650      3.849  267.71551  267.92901     7.2019     4.5399 0.0000e+00
 131.522578      3.917    13.8807  33.078482    26.9645      3.882  267.71445  267.92794     7.1708     4.5156 -9.990e-29
 131.522581      3.922    13.8808  33.078248    26.9648      3.887  267.71453  267.92803     7.3264     4.5844 -9.990e-29
 131.522584      3.891    13.8809  33.078482    26.9649      3.857  267.71349  267.92700     7.3731     4.5561 -9.990e-29
 131.522587      3.847    13.8807  33.078658    26.9652      3.813  267.71411  267.92760     7.3576     4.8270 -9.990e-29
 131.522590      3.796    13.8809  33.078833    26.9653      3.762  267.71316  267.92666     7.2953     4.8553 -9.990e-29
 131.522593      3.760    13.8810  33.079536    26.9658      3.726  267.71133  267.92484     7.2019     4.8189 -9.990e-29
 131.522595      3.738    13.8814  33.077837    26.9640      3.705  267.71259  267.92613     7.3731     4.8917 -9.990e-29
 131.522598      3.751    13.8809  33.075495    26.9623      3.717  267.71872  267.93224     7.5910     4.7461 -9.990e-29
 131.522601      3.793    13.8791  33.070108    26.9587      3.759  267.73530  267.94876     7.6533     4.7421 -9.990e-29
 131.522604      3.858    13.8747  33.061969    26.9573      3.824  267.76750  267.98077     7.5755     4.7380 -9.990e-29
 131.522607      3.944    13.8677  33.059745    26.9586      3.909  267.80112  268.01400     7.5599     4.7259 0.0000e+00
 131.522610      4.021    13.8614  33.057872    26.9600      3.985  267.83102  268.04353     7.5288     4.7259 0.0000e+00
 131.522613      4.094    13.8574  33.059044    26.9638      4.057  267.84607  268.05833     6.1747     4.8391 0.0000e+00
 131.522616      4.152    13.8562  33.060157    26.9647      4.115  267.84927  268.06145     5.9879     4.8270 0.0000e+00
 131.522619      4.187    13.8559  33.060332    26.9656      4.150  267.85025  268.06242     6.0035     4.7744 -9.990e-29
 131.522622      4.205    13.8558  33.061621    26.9672      4.168  267.84842  268.06057     6.0657     4.7582 -9.990e-29
 131.522624      4.200    13.8561  33.061621    26.9670      4.162  267.84716  268.05933     6.7506     4.8796 -9.990e-29
 131.522627      4.185    13.8565  33.061796    26.9669      4.148  267.84528  268.05747     6.8595     4.8351 -9.990e-29
 131.522630      4.180    13.8565  33.061211    26.9663      4.142  267.84595  268.05815     6.8284     4.8513 -9.990e-29
 131.522633      4.167    13.8566  33.060332    26.9654      4.130  267.84709  268.05931     6.8440     4.8432 -9.990e-29
 131.522636      4.169    13.8560  33.058634    26.9648      4.131  267.85245  268.06464     6.8440     5.1141 -9.990e-29
 131.522639      4.194    13.8546  33.058049    26.9650      4.157  267.85942  268.07153     6.8440     5.0170 0.0000e+00
 131.522642      4.249    13.8534  33.057464    26.9651      4.211  267.86578  268.07782     6.6727     5.0777 0.0000e+00
 131.522645      4.304    13.8525  33.059045    26.9671      4.265  267.86693  268.07891     6.9218     5.0413 0.0000e+00
 131.522648      4.364    13.8526  33.059513    26.9672      4.325  267.86555  268.07753     7.0307     4.6046 0.0000e+00
 131.522650      4.411    13.8530  33.059514    26.9673      4.372  267.86401  268.07601     6.9840     4.6248 0.0000e+00
 131.522653      4.441    13.8534  33.060216    26.9672      4.401  267.86097  268.07299     6.9840     4.6329 -9.990e-29
 131.522656      4.455    13.8540  33.060568    26.9674      4.415  267.85787  268.06993     6.9840     4.6410 -9.990e-29
 131.522659      4.453    13.8544  33.060333    26.9669      4.414  267.85669  268.06877     6.9996     4.5925 -9.990e-29
 131.522662      4.441    13.8548  33.059631    26.9660      4.401  267.85598  268.06809     7.5288     4.9038 -9.990e-29
 131.522665      4.417    13.8546  33.057464    26.9642      4.377  267.86054  268.07265     7.4043     4.9402 -9.990e-29
 131.522668      4.389    13.8536  33.056820    26.9643      4.350  267.86568  268.07775     7.4821     4.8634 -9.990e-29
 131.522671      4.377    13.8525  33.055122    26.9635      4.337  267.87323  268.08524     7.4510     4.9079 -9.990e-29
 131.522674      4.389    13.8504  33.051375    26.9600      4.350  267.88863  268.10055     7.2953     4.7946 -9.990e-29
 131.522677      4.429    13.8465  33.046517    26.9630      4.390  267.91345  268.12517     7.3887     4.7421 0.0000e+00
 131.522679      4.499    13.8415  33.049328    26.9660      4.459  267.92984  268.14124     7.2642     4.7542 0.0000e+00
 131.522682      4.581    13.8393  33.052255    26.9702      4.540  267.93440  268.14565     7.2486     4.7785 0.0000e+00
 131.522685      4.654    13.8406  33.055066    26.9717      4.612  267.92408  268.13539     6.5638     4.4469 0.0000e+00
 131.522688      4.721    13.8431  33.057876    26.9717      4.679  267.90873  268.12016     6.5638     4.5035 0.0000e+00
 131.522691      4.769    13.8462  33.056588    26.9708      4.726  267.89772  268.10935     6.5638     4.4873 0.0000e+00
 131.522694      4.798    13.8479  33.058052    26.9691      4.755  267.88838  268.10009     6.4704     4.4752 -9.990e-29
 131.522697      4.805    13.8496  33.058871    26.9688      4.762  267.87947  268.09128     7.2019     4.5399 -9.990e-29
 131.522700      4.799    13.8511  33.056646    26.9658      4.756  267.87691  268.08883     7.1552     4.5803 -9.990e-29
 131.522703      4.778    13.8511  33.056997    26.9661      4.735  267.87631  268.08822     7.1864     4.5156 -9.990e-29
 131.522705      4.761    13.8508  33.056822    26.9662      4.718  267.87816  268.09005     7.4198     4.5884 -9.990e-29
 131.522708      4.748    13.8505  33.053894    26.9638      4.706  267.88432  268.09622     7.3264     4.5601 -9.990e-29
 131.522711      4.765    13.8496  33.055358    26.9647      4.722  267.88533  268.09717     7.2642     4.8755 -9.990e-29
 131.522714      4.797    13.8486  33.053485    26.9643      4.755  267.89289  268.10468     7.3576     4.9079 0.0000e+00
 131.522717      4.850    13.8471  33.051494    26.9639      4.807  267.90254  268.11426     7.3264     4.9079 0.0000e+00
 131.522720      4.894    13.8451  33.047221    26.9623      4.850  267.91853  268.13016     7.2953     4.8674 0.0000e+00
 131.522723      4.940    13.8419  33.045758    26.9619      4.895  267.93421  268.14566     7.5288     4.9766 0.0000e+00
 131.522726      4.969    13.8382  33.043534    26.9623      4.924  267.95398  268.16523     7.5288     4.9604 -9.990e-29
 131.522729      4.987    13.8345  33.040139    26.9625      4.942  267.97540  268.18645     7.6689     4.9726 -9.990e-29
 131.522731      4.993    13.8301  33.034344    26.9603      4.948  268.00366  268.21450     7.4510     4.9968 -9.990e-29
 131.522734      4.998    13.8247  33.033876    26.9637      4.953  268.02739  268.23791     8.4938     5.1747 -9.990e-29
 131.522737      4.996    13.8208  33.034345    26.9668      4.951  268.04325  268.25354     8.5871     5.1788 -9.990e-29
 131.522740      4.994    13.8186  33.031653    26.9659      4.950  268.05688  268.26707     8.4782     5.1788 -9.990e-29
 131.522743      5.000    13.8157  33.027907    26.9646      4.955  268.07575  268.28578     8.5716     5.1909 -9.990e-29
 131.522746      5.016    13.8119  33.028083    26.9674      4.971  268.09149  268.30130     8.2914     5.1505 -9.990e-29
 131.522749      5.036    13.8089  33.024337    26.9671      4.991  268.11067  268.32033     8.3848     5.2556 -9.990e-29
 131.522752      5.073    13.8055  33.022875    26.9669      5.027  268.12729  268.33677     8.2292     5.2314 0.0000e+00
 131.522755      5.116    13.8023  33.020007    26.9671      5.071  268.14596  268.35527     8.3070     5.2192 0.0000e+00
 131.522758      5.166    13.7989  33.020593    26.9691      5.119  268.15915  268.36825     8.4626     5.2030 0.0000e+00
 131.522760      5.213    13.7971  33.018545    26.9697      5.166  268.17048  268.37948     7.5599     4.8755 0.0000e+00
 131.522763      5.262    13.7954  33.018721    26.9704      5.215  268.17744  268.38634     7.4510     4.8755 0.0000e+00
 131.522766      5.306    13.7941  33.020360    26.9728      5.258  268.18005  268.38887     7.6533     4.8149 0.0000e+00
 131.522769      5.350    13.7944  33.023755    26.9742      5.302  268.17343  268.38223     7.5132     4.8876 0.0000e+00
 131.522772      5.379    13.7971  33.027910    26.9757      5.331  268.15484  268.36377     6.6572     4.8108 -9.990e-29
 131.522775      5.402    13.8015  33.030309    26.9766      5.354  268.13229  268.34146     6.7506     4.8836 -9.990e-29
 131.522778      5.413    13.8060  33.031421    26.9744      5.365  268.11095  268.32039     6.8284     4.8876 -9.990e-29
 131.522781      5.404    13.8093  33.031070    26.9718      5.356  268.09771  268.30734     6.9062     4.8391 -9.990e-29
 131.522784      5.388    13.8110  33.033118    26.9724      5.340  268.08703  268.29675     6.9373     4.7421 -9.990e-29
 131.522786      5.368    13.8134  33.036396    26.9737      5.320  268.07115  268.28099     7.1241     4.6814 -9.990e-29
 131.522789      5.355    13.8167  33.039205    26.9740      5.307  268.05260  268.26261     7.1397     4.7663 -9.990e-29
 131.522792      5.360    13.8206  33.039556    26.9699      5.313  268.03536  268.24560     7.2175     4.7340 -9.990e-29
 131.522795      5.388    13.8235  33.039965    26.9693      5.340  268.02244  268.23285     7.0307     4.7138 0.0000e+00
 131.522798      5.430    13.8249  33.039790    26.9687      5.381  268.01679  268.22728     7.2642     4.8553 0.0000e+00
 131.522801      5.481    13.8256  33.040375    26.9687      5.432  268.01301  268.22354     7.3109     4.8715 0.0000e+00
 131.522804      5.532    13.8262  33.041195    26.9690      5.482  268.00884  268.21940     7.3264     4.8796 0.0000e+00
 131.522807      5.581    13.8272  33.041956    26.9690      5.531  268.00351  268.21412     7.3887     4.8796 0.0000e+00
 131.522810      5.619    13.8281  33.041605    26.9685      5.569  268.00035  268.21102     7.0307     4.8513 0.0000e+00
 131.522812      5.654    13.8288  33.043068    26.9680      5.603  267.99477  268.20547     6.9840     4.8472 -9.990e-29
 131.522815      5.678    13.8299  33.044766    26.9696      5.627  267.98754  268.19829     7.1085     4.8593 -9.990e-29
 131.522818      5.690    13.8313  33.044766    26.9686      5.639  267.98158  268.19241     7.0774     4.8472 -9.990e-29
 131.522821      5.690    13.8325  33.045351    26.9683      5.639  267.97557  268.18647     6.7661     4.7502 -9.990e-29
 131.522824      5.683    13.8331  33.045351    26.9679      5.632  267.97305  268.18399     6.7350     4.7502 -9.990e-29
 131.522827      5.683    13.8336  33.044532    26.9668      5.632  267.97223  268.18320     6.8284     4.7380 -9.990e-29
 131.522830      5.699    13.8339  33.046346    26.9675      5.649  267.96762  268.17860     6.8906     4.7259 -9.990e-29
 131.522833      5.732    13.8348  33.046229    26.9682      5.681  267.96438  268.17541     6.8128     4.7299 0.0000e+00
 131.522836      5.771    13.8359  33.048513    26.9679      5.719  267.95586  268.16694     6.8906     4.7340 0.0000e+00
 131.522839      5.813    13.8371  33.048513    26.9685      5.761  267.95086  268.16201     6.8128     4.7502 0.0000e+00
 131.522841      5.860    13.8379  33.049742    26.9684      5.808  267.94537  268.15656     6.7194     4.7340 0.0000e+00
 131.522844      5.898    13.8388  33.050386    26.9685      5.846  267.94055  268.15178     6.6883     4.7461 0.0000e+00
 131.522847      5.933    13.8399  33.052260    26.9689      5.880  267.93271  268.14400     7.1864     4.7582 0.0000e+00
 131.522850      5.960    13.8416  33.053489    26.9693      5.907  267.92344  268.13482     7.1241     4.8472 -9.990e-29
 131.522853      5.971    13.8436  33.054718    26.9689      5.918  267.91259  268.12408     6.9218     4.8513 -9.990e-29
 131.522856      5.975    13.8454  33.055655    26.9685      5.922  267.90380  268.11538     7.0619     4.8027 -9.990e-29
 131.522859      5.977    13.8469  33.056592    26.9683      5.923  267.89563  268.10730     6.5015     4.6572 -9.990e-29
 131.522862      5.980    13.8484  33.058055    26.9686      5.927  267.88690  268.09864     6.5638     4.6774 -9.990e-29
 131.522865      5.978    13.8497  33.058289    26.9678      5.925  267.88085  268.09267     6.4393     4.6652 -9.990e-29
 131.522867      6.000    13.8507  33.058699    26.9672      5.947  267.87609  268.08797     6.5949     4.7178 -9.990e-29
 131.522870      6.039    13.8516  33.059050    26.9667      5.985  267.87175  268.08368     6.4860     4.7582 0.0000e+00
 131.522873      6.080    13.8524  33.058699    26.9669      6.026  267.86891  268.08089     6.4860     4.7704 0.0000e+00
 131.522876      6.126    13.8528  33.059753    26.9665      6.071  267.86529  268.07728     6.5171     4.7663 0.0000e+00
 131.522879      6.175    13.8532  33.059636    26.9667      6.120  267.86394  268.07596     6.5638     4.7785 0.0000e+00
 131.522882      6.219    13.8536  33.060163    26.9665      6.163  267.86152  268.07355     7.2175     4.9160 0.0000e+00
 131.522885      6.257    13.8539  33.059519    26.9663      6.201  267.86136  268.07342     7.2642     4.9402 0.0000e+00
 131.522888      6.284    13.8537  33.058231    26.9659      6.228  267.86416  268.07623     7.1552     4.9200 -9.990e-29
 131.522891      6.294    13.8530  33.058056    26.9652      6.237  267.86761  268.07963     7.2953     4.9321 -9.990e-29
 131.522894      6.283    13.8522  33.052903    26.9612      6.226  267.87969  268.09170     7.2798     4.9038 -9.990e-29
 131.522896      6.272    13.8488  33.049508    26.9604      6.216  267.89951  268.11135     7.8401     4.8876 -9.990e-29
 131.522899      6.253    13.8442  33.045352    26.9600      6.197  267.92626  268.13786     7.9179     4.9240 -9.990e-29
 131.522902      6.248    13.8388  33.035459    26.9548      6.192  267.96547  268.17683     7.7778     4.9038 -9.990e-29
 131.522905      6.262    13.8300  33.030192    26.9590      6.206  268.01172  268.22259     7.7622     4.8674 -9.990e-29
 131.522908      6.297    13.8200  33.025628    26.9611      6.241  268.06182  268.27214     8.8206     5.2597 0.0000e+00
 131.522911      6.346    13.8112  33.023346    26.9631      6.290  268.10308  268.31290     8.7272     5.2435 0.0000e+00
 131.522914      6.408    13.8057  33.020187    26.9631      6.351  268.13200  268.34151     8.7117     5.2394 0.0000e+00
 131.522917      6.467    13.8003  33.012931    26.9642      6.409  268.16685  268.37610     8.7584     5.1909 0.0000e+00
 131.522920      6.521    13.7923  33.010298    26.9646      6.463  268.20557  268.41435     8.0891     5.0534 0.0000e+00
 131.522922      6.565    13.7856  33.010241    26.9669      6.506  268.23429  268.44268     8.0580     5.1020 0.0000e+00
 131.522925      6.598    13.7814  33.009188    26.9692      6.539  268.25368  268.46183     8.1358     5.0373 -9.990e-29
 131.522928      6.614    13.7788  33.007550    26.9716      6.555  268.26776  268.47576     7.9957     5.0413 -9.990e-29
 131.522931      6.616    13.7764  33.006906    26.9726      6.557  268.27889  268.48676     9.3187     5.3729 -9.990e-29
 131.522934      6.607    13.7746  33.007550    26.9745      6.548  268.28535  268.49310     9.4276     5.3769 -9.990e-29
 131.522937      6.596    13.7740  33.007082    26.9745      6.537  268.28896  268.49668     9.3654     5.3405 -9.990e-29
