Processed/SBE19plus_01907321_2022_05_08_Cast81_wfilter.cnv
* Sea-Bird SBE19plus  Data File:
* FileName = E:\Prandtl Daten\2022\CTD\Raw\SBE19plus_01907321_2022_05_08_Cast81.hex
* Software version 2.6.1.12
* Temperature SN = 7321
* Conductivity SN = 7321
* System UpLoad Time = May 08 2022 10:08:38
* <ApplicationData>
* <Seaterm232>
** Messpraktikum 2022
** CTD 08.05 NP4,5
** NMEA Latitude = 54 10.53 N
** NMEA Longitude = 008 37.82 E
# nquan = 11
# nvalues = 403                         
# units = specified
# name 0 = timeJ: Julian Days
# name 1 = prdM: Pressure, Strain Gauge [db]
# name 2 = tv290C: Temperature [ITS-90, deg C]
# name 3 = c0mS/cm: Conductivity [mS/cm]
# name 4 = sal00: Salinity, Practical [PSU]
# name 5 = depSM: Depth [salt water, m], lat = 54.00
# name 6 = oxsatMm/Kg: Oxygen Saturation, Weiss [umol/kg]
# name 7 = oxsolMm/Kg: Oxygen Saturation, Garcia & Gordon [umol/kg]
# name 8 = turbWETntu0: Turbidity, WET Labs ECO [NTU]
# name 9 = flECO-AFL: Fluorescence, WET Labs ECO-AFL/FL [mg/m^3]
# name 10 = flag:  0.000e+00
# span 0 = 128.418536, 128.419699       
# span 1 =      0.631,     12.267       
# span 2 =    12.4068,    12.4493       
# span 3 =  32.689785,  32.782546       
# span 4 =    27.6450,    27.7187       
# span 5 =      0.625,     12.157       
# span 6 =  274.41408,  274.73674       
# span 7 =  274.53925,  274.86001       
# span 8 =     3.6844,    11.0619       
# span 9 =     2.0531,     5.6519       
# span 10 = 0.0000e+00, 0.0000e+00      
# interval = seconds: 0.25
# start_time = May 08 2022 10:01:33 [Instrument's time stamp, header]
# bad_flag = -9.990e-29
*END*
[from data line 263]
 128.419297      8.265    12.4231  32.727638    27.6882      8.191  274.62405  274.74800     7.8089     4.7623 0.0000e+00
 128.419300      8.296    12.4228  32.728163    27.6885      8.222  274.62437  274.74829     7.7934     4.7744 0.0000e+00
 128.419303      8.329    12.4227  32.728454    27.6889      8.254  274.62449  274.74840     8.8050     4.5722 0.0000e+00
 128.419306      8.361    12.4230  32.729271    27.6891      8.287  274.62149  274.74541     8.7584     4.5156 0.0000e+00
 128.419308      8.391    12.4234  32.729329    27.6894      8.316  274.61954  274.74349     8.7428     4.4914 -9.990e-29
 128.419311      8.411    12.4236  32.728863    27.6885      8.336  274.61945  274.74342     8.7895     4.4914 -9.990e-29
 128.419314      8.433    12.4233  32.728455    27.6884      8.357  274.62176  274.74571     8.7739     4.4995 -9.990e-29
 128.419317      8.449    12.4231  32.727405    27.6875      8.374  274.62428  274.74823     8.7584     5.0979 -9.990e-29
 128.419320      8.468    12.4232  32.728571    27.6885      8.392  274.62189  274.74583     8.8517     5.1384 -9.990e-29
 128.419323      8.489    12.4233  32.729096    27.6884      8.413  274.62064  274.74459     8.8050     5.1020 -9.990e-29
 128.419326      8.519    12.4235  32.728688    27.6877      8.442  274.62046  274.74443     8.7739     5.1384 0.0000e+00
 128.419329      8.550    12.4238  32.727405    27.6872      8.473  274.62155  274.74554     8.3226     4.8472 0.0000e+00
 128.419332      8.586    12.4238  32.727639    27.6870      8.509  274.62115  274.74514     8.1980     4.8432 0.0000e+00
 128.419334      8.626    12.4236  32.725598    27.6864      8.549  274.62579  274.74978     8.2759     4.8472 0.0000e+00
 128.419337      8.670    12.4228  32.726006    27.6860      8.593  274.62851  274.75245     8.2914     4.8634 0.0000e+00
 128.419340      8.707    12.4218  32.724840    27.6860      8.629  274.63499  274.75888     8.0891     4.5358 0.0000e+00
 128.419343      8.743    12.4207  32.723732    27.6859      8.665  274.64168  274.76551     8.0580     4.5601 0.0000e+00
 128.419346      8.775    12.4201  32.723091    27.6857      8.696  274.64566  274.76945     8.0891     4.5844 -9.990e-29
 128.419349      8.797    12.4195  32.724141    27.6870      8.718  274.64628  274.77002     8.0268     4.5601 -9.990e-29
 128.419352      8.815    12.4194  32.722858    27.6859      8.736  274.64922  274.77297     7.9334     4.5520 -9.990e-29
 128.419355      8.835    12.4191  32.723324    27.6865      8.756  274.64964  274.77336     7.7778     4.8472 -9.990e-29
 128.419358      8.856    12.4189  32.723733    27.6870      8.776  274.64986  274.77356     7.7467     4.8634 -9.990e-29
 128.419361      8.877    12.4188  32.724024    27.6882      8.798  274.64966  274.77335     7.7622     4.8593 -9.990e-29
 128.419363      8.910    12.4193  32.725366    27.6882      8.831  274.64509  274.76880     7.8556     4.8634 0.0000e+00
 128.419366      8.936    12.4198  32.725599    27.6881      8.856  274.64250  274.76625     8.9918     5.0292 0.0000e+00
 128.419369      8.971    12.4199  32.724549    27.6870      8.891  274.64410  274.76786     9.0541     4.9604 0.0000e+00
 128.419372      9.004    12.4200  32.724433    27.6869      8.924  274.64402  274.76779     9.0229     4.9887 0.0000e+00
 128.419375      9.037    12.4198  32.723091    27.6869      8.956  274.64708  274.77085     9.0385     4.9968 0.0000e+00
 128.419378      9.068    12.4193  32.724141    27.6871      8.987  274.64771  274.77143     7.3264     4.8472 0.0000e+00
 128.419381      9.097    12.4190  32.725191    27.6871      9.016  274.64677  274.77047     7.2798     4.8472 0.0000e+00
 128.419384      9.130    12.4191  32.723442    27.6873      9.048  274.64963  274.77335     7.3264     4.8553 0.0000e+00
 128.419387      9.159    12.4188  32.723500    27.6865      9.077  274.65110  274.77480     7.2953     4.8513 -9.990e-29
 128.419389      9.184    12.4181  32.722276    27.6862      9.102  274.65644  274.78010     7.9957     4.9079 -9.990e-29
 128.419392      9.206    12.4178  32.723442    27.6875      9.124  274.65560  274.77923     8.0268     4.9160 -9.990e-29
 128.419395      9.226    12.4178  32.723734    27.6877      9.144  274.65509  274.77871     8.0268     4.9079 -9.990e-29
 128.419398      9.250    12.4178  32.723326    27.6873      9.167  274.65553  274.77916     8.0113     4.9079 -9.990e-29
 128.419401      9.272    12.4174  32.721460    27.6868      9.189  274.66077  274.78439     7.9646     4.9240 -9.990e-29
 128.419404      9.303    12.4170  32.722101    27.6866      9.220  274.66151  274.78509     8.9918     5.5508 0.0000e+00
 128.419407      9.334    12.4168  32.721460    27.6868      9.250  274.66362  274.78720     9.1630     5.5791 0.0000e+00
 128.419410      9.368    12.4164  32.722276    27.6863      9.284  274.66373  274.78728     9.0852     5.5832 0.0000e+00
 128.419413      9.403    12.4161  32.720935    27.6873      9.319  274.66741  274.79095     9.0229     5.5629 0.0000e+00
 128.419416      9.436    12.4158  32.721868    27.6871      9.351  274.66731  274.79082     7.7311     5.1262 0.0000e+00
 128.419418      9.472    12.4154  32.721285    27.6874      9.387  274.66994  274.79343     7.7778     5.1303 0.0000e+00
 128.419421      9.501    12.4150  32.721286    27.6874      9.416  274.67183  274.79529     7.7622     5.1141 0.0000e+00
 128.419424      9.526    12.4147  32.721111    27.6874      9.441  274.67341  274.79685     7.8245     5.1060 0.0000e+00
 128.419427      9.552    12.4144  32.721053    27.6875      9.466  274.67509  274.79851     9.2720     5.3405 0.0000e+00
 128.419430      9.577    12.4143  32.721461    27.6876      9.492  274.67468  274.79809     9.2564     5.2920 -9.990e-29
 128.419433      9.601    12.4141  32.721461    27.6870      9.515  274.67563  274.79903     9.2253     5.3041 -9.990e-29
 128.419436      9.631    12.4143  32.720353    27.6868      9.544  274.67671  274.80014     9.2564     5.3284 0.0000e+00
 128.419439      9.660    12.4142  32.719828    27.6870      9.573  274.67799  274.80141     8.9918     5.1869 0.0000e+00
 128.419442      9.698    12.4142  32.721869    27.6885      9.611  274.67465  274.79805     8.9918     5.1747 0.0000e+00
 128.419444      9.731    12.4140  32.721870    27.6886      9.644  274.67530  274.79869     9.0541     5.1626 0.0000e+00
 128.419447      9.764    12.4137  32.723328    27.6894      9.677  274.67394  274.79730     9.0696     5.1626 0.0000e+00
 128.419450      9.793    12.4142  32.724786    27.6901      9.706  274.66947  274.79284     9.0385     5.1626 -9.990e-29
 128.419453      9.815    12.4148  32.726594    27.6927      9.727  274.66342  274.78682     8.2136     4.9483 -9.990e-29
 128.419456      9.844    12.4156  32.727585    27.6927      9.756  274.65823  274.78167     8.2292     4.9321 0.0000e+00
 128.419459      9.870    12.4165  32.729918    27.6927      9.781  274.65000  274.77348     8.2914     4.8998 -9.990e-29
 128.419462      9.894    12.4174  32.730735    27.6943      9.805  274.64450  274.76803     8.2603     4.9038 -9.990e-29
 128.419465      9.917    12.4182  32.728285    27.6914      9.829  274.64550  274.76911     8.9918     5.2394 -9.990e-29
 128.419468      9.941    12.4183  32.727993    27.6911      9.852  274.64542  274.76904     9.0696     5.2475 -9.990e-29
 128.419470      9.967    12.4182  32.729102    27.6922      9.878  274.64406  274.76766     9.0229     5.2354 -9.990e-29
 128.419473      9.989    12.4179  32.731318    27.6972      9.899  274.64134  274.76490     9.1008     5.2354 -9.990e-29
 128.419476     10.025    12.4186  32.734818    27.6953      9.935  274.63195  274.75552     9.1941     5.1909 0.0000e+00
 128.419479     10.065    12.4195  32.731551    27.6945      9.975  274.63380  274.75747     9.2097     5.1828 0.0000e+00
 128.419482     10.102    12.4197  32.732776    27.6945     10.011  274.63100  274.75467     9.2408     5.1586 0.0000e+00
 128.419485     10.144    12.4202  32.734234    27.6954     10.053  274.62591  274.74960     9.3031     5.1505 0.0000e+00
 128.419488     10.176    12.4210  32.738551    27.6972     10.085  274.61506  274.73875     8.3070     4.9847 0.0000e+00
 128.419491     10.211    12.4222  32.738317    27.6989     10.119  274.60989  274.73368     8.2914     4.9645 -9.990e-29
 128.419494     10.234    12.4236  32.741234    27.6995     10.143  274.59875  274.72259     8.2914     4.9443 -9.990e-29
 128.419497     10.260    12.4246  32.741876    27.6994     10.168  274.59325  274.71716     8.3381     4.9564 -9.990e-29
 128.419499     10.280    12.4253  32.739601    27.6966     10.188  274.59393  274.71791     8.2603     4.9928 -9.990e-29
 128.419502     10.303    12.4258  32.742051    27.6986     10.211  274.58767  274.71166     9.5210     5.1141 -9.990e-29
 128.419505     10.324    12.4265  32.744909    27.7008     10.231  274.57943  274.70343     9.5210     5.1262 -9.990e-29
 128.419508     10.345    12.4268  32.744442    27.7001     10.253  274.57872  274.70276     9.5833     5.1222 -9.990e-29
 128.419511     10.369    12.4272  32.744909    27.7022     10.276  274.57603  274.70009     9.5366     5.1303 -9.990e-29
 128.419514     10.400    12.4277  32.747417    27.7028     10.307  274.56967  274.69374    10.5482     5.2961 0.0000e+00
 128.419517     10.431    12.4282  32.749284    27.7033     10.338  274.56385  274.68793    10.5171     5.3001 0.0000e+00
 128.419520     10.462    12.4291  32.749751    27.7033     10.368  274.55929  274.68343    10.5171     5.3405 0.0000e+00
 128.419523     10.493    12.4299  32.748642    27.7033     10.399  274.55788  274.68208    10.5327     5.3122 0.0000e+00
 128.419525     10.526    12.4301  32.750684    27.7034     10.432  274.55330  274.67749     8.7895     5.0656 0.0000e+00
 128.419528     10.555    12.4306  32.751501    27.7036     10.460  274.54936  274.67358     8.8050     5.0656 0.0000e+00
 128.419531     10.580    12.4310  32.750509    27.7038     10.486  274.54960  274.67386     8.7895     5.0373 -9.990e-29
 128.419534     10.603    12.4313  32.751501    27.7032     10.508  274.54627  274.67055     8.7428     5.0534 -9.990e-29
 128.419537     10.634    12.4316  32.752785    27.7043     10.539  274.54305  274.66733     9.1319     5.2475 -9.990e-29
 128.419540     10.658    12.4320  32.753076    27.7042     10.562  274.54068  274.66498     9.0852     5.2435 -9.990e-29
 128.419543     10.681    12.4323  32.751501    27.7025     10.586  274.54228  274.66661     9.0385     5.2435 -9.990e-29
 128.419546     10.714    12.4325  32.754010    27.7047     10.618  274.53686  274.66118     9.0541     5.2435 -9.990e-29
 128.419549     10.734    12.4324  32.755410    27.7036     10.638  274.53466  274.65897     8.9607     5.2192 -9.990e-29
 128.419552     10.771    12.4330  32.753193    27.7048     10.674  274.53618  274.66055    10.1903     5.1343 0.0000e+00
 128.419554     10.806    12.4333  32.756052    27.7055     10.709  274.52951  274.65387    10.2992     5.1262 0.0000e+00
 128.419557     10.842    12.4339  32.756052    27.7056     10.745  274.52704  274.65145    10.3303     5.1060 0.0000e+00
 128.419560     10.880    12.4340  32.756227    27.7056     10.783  274.52644  274.65085    10.2525     5.1060 0.0000e+00
 128.419563     10.915    12.4342  32.756869    27.7061     10.817  274.52438  274.64879     9.5210     5.1141 0.0000e+00
 128.419566     10.948    12.4342  32.757511    27.7061     10.850  274.52294  274.64735     9.4899     5.0777 0.0000e+00
 128.419569     10.979    12.4345  32.756403    27.7066     10.881  274.52370  274.64815     9.5677     5.0979 0.0000e+00
 128.419572     11.010    12.4347  32.758970    27.7057     10.912  274.51818  274.64261     9.5054     5.1303 0.0000e+00
 128.419575     11.041    12.4351  32.757278    27.7076     10.943  274.51968  274.64415     8.5560     5.3729 0.0000e+00
 128.419578     11.074    12.4354  32.760603    27.7071     10.975  274.51248  274.63694     8.5560     5.3729 0.0000e+00
 128.419580     11.100    12.4359  32.760312    27.7086     11.000  274.51084  274.63534     8.5560     5.3567 -9.990e-29
 128.419583     11.123    12.4362  32.762237    27.7095     11.024  274.50584  274.63034     8.4938     5.3688 -9.990e-29
 128.419586     11.145    12.4367  32.762879    27.7097     11.045  274.50252  274.62705     9.2253     5.2435 -9.990e-29
 128.419589     11.165    12.4373  32.763871    27.7102     11.065  274.49826  274.62282     9.3031     5.2233 -9.990e-29
 128.419592     11.188    12.4380  32.763463    27.7093     11.087  274.49590  274.62050     9.2097     5.2394 -9.990e-29
 128.419595     11.207    12.4383  32.763287    27.7077     11.107  274.49498  274.61961     9.2720     5.2516 -9.990e-29
 128.419598     11.236    12.4383  32.762004    27.7083     11.136  274.49731  274.62195     9.3498     5.2637 0.0000e+00
 128.419601     11.262    12.4381  32.763288    27.7090     11.161  274.49564  274.62026    10.4860     5.6519 0.0000e+00
 128.419604     11.295    12.4382  32.764280    27.7097     11.194  274.49357  274.61818    10.5015     5.6438 0.0000e+00
 128.419606     11.328    12.4384  32.764280    27.7099     11.226  274.49265  274.61728    10.6261     5.6398 0.0000e+00
 128.419609     11.362    12.4383  32.765213    27.7105     11.261  274.49131  274.61593    10.5171     5.6317 0.0000e+00
 128.419612     11.397    12.4387  32.765330    27.7107     11.295  274.48957  274.61421     9.4899     5.0979 0.0000e+00
 128.419615     11.426    12.4392  32.765972    27.7107     11.324  274.48626  274.61092     9.5988     5.0979 0.0000e+00
 128.419618     11.452    12.4397  32.766556    27.7108     11.349  274.48304  274.60774     9.5054     5.0979 0.0000e+00
 128.419621     11.477    12.4396  32.767022    27.7109     11.374  274.48253  274.60722     9.4899     5.1181 -9.990e-29
 128.419624     11.501    12.4398  32.766381    27.7107     11.398  274.48308  274.60778     9.8323     5.2354 -9.990e-29
 128.419627     11.526    12.4403  32.766556    27.7104     11.423  274.48029  274.60503     9.7700     5.2273 -9.990e-29
 128.419630     11.550    12.4409  32.769765    27.7143     11.446  274.47205  274.59679     9.8634     5.2435 -9.990e-29
 128.419633     11.581    12.4413  32.771516    27.7138     11.477  274.46706  274.59181     9.7700     5.2677 0.0000e+00
 128.419635     11.621    12.4421  32.771107    27.7133     11.517  274.46439  274.58920     9.4587     5.3931 0.0000e+00
 128.419638     11.658    12.4429  32.770465    27.7121     11.553  274.46184  274.58671     9.5054     5.3486 0.0000e+00
 128.419641     11.691    12.4437  32.769182    27.7121     11.586  274.46105  274.58599     9.5521     5.3769 0.0000e+00
 128.419644     11.721    12.4444  32.772741    27.7117     11.616  274.45125  274.57621     9.5210     5.3688 0.0000e+00
 128.419647     11.753    12.4451  32.773383    27.7131     11.647  274.44732  274.57231     9.5210     5.3931 -9.990e-29
 128.419650     11.774    12.4454  32.773091    27.7127     11.669  274.44661  274.57162    10.8595     5.4861 -9.990e-29
 128.419653     11.803    12.4454  32.772566    27.7122     11.697  274.44757  274.57259    10.8128     5.5306 -9.990e-29
 128.419656     11.827    12.4455  32.774784    27.7142     11.721  274.44298  274.56799    10.7039     5.5144 -9.990e-29
 128.419659     11.850    12.4461  32.775659    27.7145     11.744  274.43863  274.56367    10.7506     5.4821 -9.990e-29
 128.419661     11.872    12.4468  32.777235    27.7149     11.766  274.43301  274.55808    10.9840     5.3082 -9.990e-29
 128.419664     11.898    12.4476  32.777293    27.7146     11.791  274.42918  274.55431    10.9218     5.3244 0.0000e+00
 128.419667     11.925    12.4483  32.777060    27.7142     11.819  274.42651  274.55169    10.8906     5.3001 0.0000e+00
 128.419670     11.953    12.4487  32.775076    27.7142     11.846  274.42854  274.55376    11.0619     5.3082 0.0000e+00
