Processed/SBE19plus_01907321_2022_05_05_Cast28_wfilter.cnv
* Sea-Bird SBE19plus  Data File:
* FileName = E:\Prandtl Daten\2022\CTD\Raw\SBE19plus_01907321_2022_05_05_Cast28.hex
* Software version 2.6.1.12
* Temperature SN = 7321
* Conductivity SN = 7321
* System UpLoad Time = May 05 2022 09:48:23
* <ApplicationData>
* <Seaterm232>
** Messpraktikum 2022
** CTD 05.05 NP4
# nquan = 11
# nvalues = 528                         
# units = specified
# name 0 = timeJ: Julian Days
# name 1 = prdM: Pressure, Strain Gauge [db]
# name 2 = tv290C: Temperature [ITS-90, deg C]
# name 3 = c0mS/cm: Conductivity [mS/cm]
# name 4 = sal00: Salinity, Practical [PSU]
# name 5 = depSM: Depth [salt water, m], lat = 54.00
# name 6 = oxsatMm/Kg: Oxygen Saturation, Weiss [umol/kg]
# name 7 = oxsolMm/Kg: Oxygen Saturation, Garcia & Gordon [umol/kg]
# name 8 = turbWETntu0: Turbidity, WET Labs ECO [NTU]
# name 9 = flECO-AFL: Fluorescence, WET Labs ECO-AFL/FL [mg/m^3]
# name 10 = flag:  0.000e+00
# span 0 = 125.403993, 125.405518       
# span 1 =      0.674,     13.977       
# span 2 =    11.4737,    11.8811       
# span 3 =  31.715167,  32.353774       
# span 4 =    27.3578,    27.7439       
# span 5 =      0.668,     13.851       
# span 6 =  277.72231,  280.69050       
# span 7 =  277.81241,  280.75880       
# span 8 =     4.9762,    62.2369       
# span 9 =     3.8848,    11.3009       
# span 10 = 0.0000e+00, 0.0000e+00      
# interval = seconds: 0.25
# start_time = May 05 2022 09:40:33 [Instrument's time stamp, header]
# bad_flag = -9.990e-29
*END*
[from data line 263]
 125.404754      7.333    11.5197  31.722147    27.4038      7.268  280.53834  280.60954    11.0152     7.1683 0.0000e+00
 125.404757      7.363    11.5185  31.723357    27.4058      7.297  280.54144  280.61254    10.9840     7.1238 0.0000e+00
 125.404760      7.397    11.5178  31.723357    27.4063      7.331  280.54493  280.61597    12.1980     7.0227 0.0000e+00
 125.404763      7.434    11.5176  31.723357    27.4064      7.367  280.54558  280.61662    12.2292     6.9903 0.0000e+00
 125.404766      7.464    11.5174  31.723357    27.4065      7.398  280.54687  280.61788    12.1825     6.9984 0.0000e+00
 125.404769      7.494    11.5169  31.722954    27.4066      7.427  280.54954  280.62053    12.1669     6.9459 0.0000e+00
 125.404771      7.519    11.5162  31.723530    27.4070      7.452  280.55193  280.62286    13.1941     6.3514 0.0000e+00
 125.404774      7.548    11.5155  31.723012    27.4076      7.481  280.55608  280.62697    13.1475     6.3838 -9.990e-29
 125.404777      7.569    11.5146  31.723127    27.4084      7.501  280.55998  280.63079    13.1630     6.3191 -9.990e-29
 125.404780      7.589    11.5145  31.722724    27.4080      7.521  280.56107  280.63188    13.1163     6.3514 -9.990e-29
 125.404783      7.611    11.5150  31.723358    27.4083      7.543  280.55800  280.62884    12.4938     7.1076 -9.990e-29
 125.404786      7.634    11.5147  31.723358    27.4085      7.566  280.55927  280.63009    12.5560     7.1076 -9.990e-29
 125.404789      7.656    11.5134  31.723358    27.4095      7.588  280.56527  280.63600    12.5560     7.1440 -9.990e-29
 125.404792      7.682    11.5102  31.723128    27.4116      7.614  280.58022  280.65072    12.5405     7.1076 -9.990e-29
 125.404795      7.706    11.5078  31.723359    27.4150      7.637  280.59083  280.66115    11.9957     7.1359 -9.990e-29
 125.404797      7.735    11.5062  31.723532    27.4153      7.666  280.59808  280.66828    11.8401     7.1076 0.0000e+00
 125.404800      7.763    11.5051  31.723359    27.4155      7.693  280.60316  280.67328    11.9646     7.1238 0.0000e+00
 125.404803      7.788    11.5031  31.723763    27.4174      7.718  280.61186  280.68183    12.0424     7.1197 0.0000e+00
 125.404806      7.816    11.5010  31.723936    27.4192      7.746  280.62132  280.69114    11.8868     7.1076 0.0000e+00
 125.404809      7.849    11.4989  31.725147    27.4218      7.779  280.62851  280.69816    11.9646     7.1642 0.0000e+00
 125.404812      7.878    11.4964  31.724744    27.4226      7.807  280.64064  280.71011    11.9646     7.1683 0.0000e+00
 125.404815      7.904    11.4947  31.725147    27.4233      7.833  280.64777  280.71711    11.9957     7.1683 -9.990e-29
 125.404818      7.925    11.4939  31.724917    27.4253      7.854  280.65200  280.72128    11.8712     7.2127 -9.990e-29
 125.404821      7.945    11.4940  31.725551    27.4258      7.874  280.65050  280.71978    12.6650     6.7922 -9.990e-29
 125.404823      7.969    11.4940  31.725147    27.4254      7.897  280.65096  280.72025    12.6961     6.7882 -9.990e-29
 125.404826      7.988    11.4930  31.727337    27.4282      7.917  280.65157  280.72076    12.7428     6.8124 -9.990e-29
 125.404829      8.020    11.4906  31.726934    27.4296      7.948  280.66337  280.73239    12.7584     6.7962 -9.990e-29
 125.404832      8.042    11.4887  31.727338    27.4328      7.970  280.67113  280.74001    12.8673     7.1885 -9.990e-29
 125.404835      8.074    11.4873  31.727684    27.4340      8.002  280.67712  280.74589    13.0541     7.1885 0.0000e+00
 125.404838      8.102    11.4865  31.729700    27.4352      8.029  280.67679  280.74548    12.8984     7.1925 0.0000e+00
 125.404841      8.135    11.4868  31.729873    27.4352      8.062  280.67554  280.74425    12.8517     7.1602 0.0000e+00
 125.404844      8.164    11.4869  31.732294    27.4374      8.091  280.67036  280.73905    12.2603     6.5860 0.0000e+00
 125.404847      8.191    11.4860  31.735463    27.4411      8.118  280.66849  280.73707    12.1513     6.6021 0.0000e+00
 125.404850      8.219    11.4841  31.736270    27.4421      8.145  280.67548  280.74392    12.1513     6.6143 0.0000e+00
 125.404852      8.250    11.4826  31.736674    27.4432      8.176  280.68199  280.75030    12.2603     6.6143 -9.990e-29
 125.404855      8.269    11.4820  31.733677    27.4424      8.195  280.69050  280.75880    12.1980     6.6224 -9.990e-29
 125.404858      8.286    11.4822  31.735464    27.4439      8.212  280.68619  280.75449    12.2603     7.1319 -9.990e-29
 125.404861      8.302    11.4820  31.736674    27.4452      8.228  280.68454  280.75282    12.2759     7.1521 -9.990e-29
 125.404864      8.326    11.4820  31.739440    27.4479      8.252  280.67965  280.74789    12.1825     7.1642 -9.990e-29
 125.404867      8.347    11.4814  31.746183    27.4547      8.272  280.66944  280.73756    12.1980     7.1966 -9.990e-29
 125.404870      8.369    11.4798  31.748777    27.4623      8.294  280.67179  280.73977    13.2097     7.1278 -9.990e-29
 125.404873      8.396    11.4784  31.751774    27.4629      8.321  280.67276  280.74059    13.2564     7.1359 0.0000e+00
 125.404876      8.425    11.4775  31.752351    27.4635      8.349  280.67578  280.74354    13.2253     7.1116 0.0000e+00
 125.404878      8.454    11.4772  31.753331    27.4635      8.379  280.67521  280.74294    13.0852     7.1278 0.0000e+00
 125.404881      8.487    11.4777  31.751371    27.4624      8.411  280.67673  280.74452    12.5249     6.7194 0.0000e+00
 125.404884      8.518    11.4780  31.751544    27.4624      8.442  280.67485  280.74267    12.5249     6.7396 0.0000e+00
 125.404887      8.544    11.4780  31.755118    27.4640      8.467  280.66812  280.73589    12.4471     6.7356 0.0000e+00
 125.404890      8.573    11.4778  31.757711    27.4657      8.496  280.66418  280.73190    12.4938     6.7437 -9.990e-29
 125.404893      8.593    11.4778  31.757539    27.4682      8.516  280.66484  280.73256    12.9451     6.9984 -9.990e-29
 125.404896      8.613    11.4776  31.755925    27.4668      8.535  280.66885  280.73657    12.9451     7.0065 -9.990e-29
 125.404899      8.637    11.4774  31.756328    27.4672      8.559  280.66873  280.73644    12.8517     6.9903 -9.990e-29
 125.404902      8.658    11.4774  31.758288    27.4735      8.581  280.66504  280.73273    12.8517     6.9903 -9.990e-29
 125.404905      8.684    11.4775  31.762900    27.4751      8.606  280.65603  280.72367    12.9451     6.9661 0.0000e+00
 125.404907      8.714    11.4774  31.766070    27.4755      8.636  280.65069  280.71828    12.0424     7.3300 0.0000e+00
 125.404910      8.742    11.4772  31.764860    27.4755      8.663  280.65362  280.72122    12.0580     7.2977 0.0000e+00
 125.404913      8.773    11.4770  31.762093    27.4733      8.694  280.65982  280.72743    12.0268     7.3219 0.0000e+00
 125.404916      8.807    11.4769  31.762266    27.4733      8.729  280.66015  280.72775    12.1047     7.2977 0.0000e+00
 125.404919      8.839    11.4765  31.762497    27.4738      8.760  280.66162  280.72919    12.4938     6.8731 0.0000e+00
 125.404922      8.866    11.4756  31.763477    27.4751      8.787  280.66356  280.73106    12.5716     6.8569 0.0000e+00
 125.404925      8.892    11.4752  31.762901    27.4752      8.812  280.66687  280.73434    12.5405     6.8852 0.0000e+00
 125.404928      8.921    11.4749  31.762267    27.4751      8.841  280.66935  280.73681    12.4782     6.8609 -9.990e-29
 125.404931      8.939    11.4745  31.763881    27.4765      8.859  280.66820  280.73561    10.4237     6.8407 -9.990e-29
 125.404933      8.957    11.4746  31.762670    27.4753      8.877  280.67019  280.73761    10.6572     6.8731 -9.990e-29
 125.404936      8.972    11.4746  31.762497    27.4751      8.892  280.67021  280.73764    10.5171     6.8731 -9.990e-29
 125.404939      8.988    11.4746  31.760480    27.4732      8.908  280.67404  280.74149    10.5482     6.8771 -9.990e-29
 125.404942      9.007    11.4745  31.760076    27.4754      8.926  280.67544  280.74289    11.4510     7.1480 -9.990e-29
 125.404945      9.034    11.4737  31.762152    27.4803      8.953  280.67500  280.74237    11.5910     7.1642 0.0000e+00
 125.404948      9.061    11.4738  31.772413    27.4852      8.980  280.65531  280.72256    11.4976     7.1723 0.0000e+00
 125.404951      9.096    11.4752  31.774200    27.4852      9.014  280.64535  280.71269    11.5288     7.1642 0.0000e+00
 125.404954      9.129    11.4772  31.768032    27.4813      9.047  280.64822  280.71577    11.4665     7.1966 0.0000e+00
 125.404957      9.156    11.4774  31.771202    27.4813      9.075  280.64099  280.70852    12.2914     6.5213 0.0000e+00
 125.404959      9.191    11.4777  31.773797    27.4835      9.109  280.63485  280.70237    12.3070     6.5294 0.0000e+00
 125.404962      9.224    11.4780  31.781350    27.4871      9.141  280.61934  280.68680    12.2447     6.5294 0.0000e+00
 125.404965      9.253    11.4795  31.783541    27.4906      9.170  280.60830  280.67584    12.2759     6.5577 -9.990e-29
 125.404968      9.271    11.4813  31.782560    27.4893      9.188  280.60198  280.66967    11.4976     6.2140 -9.990e-29
 125.404971      9.297    11.4820  31.779389    27.4857      9.213  280.60453  280.67231    11.5132     6.2059 -9.990e-29
 125.404974      9.318    11.4817  31.778178    27.4847      9.235  280.60841  280.67618    11.5443     6.2140 -9.990e-29
 125.404977      9.335    11.4815  31.782560    27.4891      9.251  280.60108  280.66878    11.6222     6.1937 -9.990e-29
 125.404980      9.355    11.4821  31.816990    27.5215      9.271  280.53322  280.60055    13.8323     6.7841 -9.990e-29
 125.404983      9.377    11.4894  31.827546    27.5319      9.293  280.47997  280.54772    13.8323     6.7720 -9.990e-29
 125.404986      9.408    11.4989  31.840930    27.5406      9.324  280.41103  280.47932    13.9101     6.7922 0.0000e+00
 125.404988      9.439    11.5079  31.866032    27.5423      9.355  280.32252  280.39117    13.8634     6.8043 0.0000e+00
 125.404991      9.476    11.5196  31.867820    27.5492      9.391  280.26577  280.33525    13.6144     6.2625 0.0000e+00
 125.404994      9.507    11.5296  31.896395    27.5621      9.422  280.16575  280.23564    13.7389     6.2665 0.0000e+00
 125.404997      9.532    11.5419  31.917182    27.5675      9.447  280.07041  280.14096    13.6611     6.2948 0.0000e+00
 125.405000      9.561    11.5532  31.908403    27.5728      9.476  280.03547  280.10694    13.6922     6.2746 -9.990e-29
 125.405003      9.585    11.5589  31.957965    27.5991      9.499  279.91617  279.98748    13.6455     6.2423 -9.990e-29
 125.405006      9.612    11.5743  31.994432    27.6225      9.526  279.77768  279.84968    14.2058     5.9592 -9.990e-29
 125.405009      9.636    11.6003  31.986626    27.5956      9.550  279.67351  279.74751    14.1124     5.9390 -9.990e-29
 125.405012      9.658    11.6105  31.966974    27.5693      9.572  279.66398  279.73895    14.1280     5.9633 -9.990e-29
 125.405014      9.680    11.6083  31.957844    27.5622      9.593  279.69117  279.76608    14.1747     5.9147 -9.990e-29
 125.405017      9.700    11.6054  31.956805    27.5634      9.613  279.70663  279.78134    13.2408     6.6143 -9.990e-29
 125.405020      9.722    11.6019  31.958770    27.6146      9.635  279.71865  279.79309    13.1941     6.5738 -9.990e-29
 125.405023      9.748    11.6003  32.006454    27.6029      9.661  279.63668  279.71044    13.0696     6.5860 0.0000e+00
 125.405026      9.774    11.6107  31.990035    27.6078      9.687  279.61985  279.69456    13.1786     6.6062 0.0000e+00
 125.405029      9.805    11.6181  32.013275    27.6078      9.717  279.54271  279.61770    14.8906     6.2018 0.0000e+00
 125.405032      9.836    11.6259  32.051214    27.6381      9.748  279.43587  279.51098    14.8284     6.1897 0.0000e+00
 125.405035      9.863    11.6404  32.064287    27.6398      9.775  279.34560  279.42161    14.9373     6.2140 0.0000e+00
 125.405038      9.894    11.6549  32.079561    27.6398      9.805  279.25123  279.32813    14.8906     6.2059 0.0000e+00
 125.405041      9.927    11.6665  32.061103    27.6245      9.838  279.23317  279.31111    13.1941     6.8529 0.0000e+00
 125.405043      9.952    11.6715  32.072558    27.6210      9.863  279.18888  279.26706    13.2564     6.8407 0.0000e+00
 125.405046      9.978    11.6740  32.087430    27.6245      9.889  279.14981  279.22800    13.1630     6.8650 -9.990e-29
 125.405049     10.000    11.6778  32.088008    27.6346      9.910  279.13152  279.20997    13.1941     6.8973 -9.990e-29
 125.405052     10.016    11.6796  32.089224    27.6344      9.926  279.12111  279.19969    13.1008     6.8569 -9.990e-29
 125.405055     10.036    11.6821  32.098889    27.6417      9.946  279.09147  279.17012    13.1475     6.5334 -9.990e-29
 125.405058     10.056    11.6863  32.104098    27.6542      9.966  279.06296  279.14185    13.2720     6.5617 -9.990e-29
 125.405061     10.086    11.6913  32.119207    27.6450      9.995  279.01189  279.09097    13.1008     6.5536 0.0000e+00
 125.405064     10.113    11.6975  32.104908    27.6359     10.023  279.01044  279.09013    13.1630     6.5334 0.0000e+00
 125.405067     10.145    11.6982  32.090032    27.6359     10.054  279.03542  279.11533    13.9412     6.5900 0.0000e+00
 125.405069     10.170    11.6939  32.104734    27.6384     10.079  279.02709  279.10652    13.8634     6.6143 0.0000e+00
 125.405072     10.199    11.6944  32.108323    27.6390     10.108  279.01821  279.09764    13.8167     6.5981 0.0000e+00
 125.405075     10.227    11.6973  32.107918    27.6415     10.135  279.00615  279.08579    13.9724     6.6021 0.0000e+00
 125.405078     10.252    11.6993  32.112375    27.6417     10.160  278.98845  279.06819    12.3070     6.2665 0.0000e+00
 125.405081     10.281    11.7013  32.120249    27.6417     10.189  278.96500  279.04479    12.3070     6.2948 0.0000e+00
 125.405084     10.307    11.7039  32.115212    27.6443     10.215  278.96252  279.04256    12.3848     6.2504 0.0000e+00
 125.405087     10.332    11.7047  32.113186    27.6409     10.240  278.96256  279.04268    12.3226     6.2867 -9.990e-29
 125.405090     10.351    11.7042  32.117817    27.6432     10.258  278.95612  279.03615    14.3770     7.2127 -9.990e-29
 125.405093     10.375    11.7042  32.118396    27.6437     10.282  278.95537  279.03539    14.3303     7.1885 -9.990e-29
 125.405095     10.397    11.7046  32.120017    27.6498     10.304  278.95017  279.03021    14.4860     7.1561 -9.990e-29
 125.405098     10.424    11.7061  32.126270    27.6514     10.331  278.93194  279.01201    14.3926     7.1602 0.0000e+00
 125.405101     10.450    11.7093  32.132292    27.6526     10.356  278.90600  278.98624    14.3459     7.1763 0.0000e+00
 125.405104     10.479    11.7123  32.134144    27.6526     10.385  278.88910  278.96953    14.8906     6.5334 0.0000e+00
 125.405107     10.509    11.7147  32.134318    27.6510     10.415  278.87784  278.95845    14.9373     6.5294 0.0000e+00
 125.405110     10.540    11.7162  32.130265    27.6510     10.446  278.87885  278.95961    14.7973     6.5294 0.0000e+00
 125.405113     10.567    11.7159  32.139182    27.6547     10.473  278.86349  278.94412    14.9529     6.5415 0.0000e+00
 125.405116     10.597    11.7169  32.152039    27.6662     10.502  278.83482  278.91539    18.3148     6.5375 0.0000e+00
 125.405119     10.626    11.7218  32.160322    27.6705     10.531  278.79749  278.87831    18.3148     6.5253 0.0000e+00
 125.405122     10.654    11.7290  32.170285    27.6725     10.558  278.74608  278.82730    18.2369     6.4970 0.0000e+00
 125.405124     10.679    11.7357  32.164143    27.6745     10.583  278.72750  278.80928    18.3615     6.5455 -9.990e-29
 125.405127     10.699    11.7368  32.157077    27.6561     10.603  278.73537  278.81731    18.1280     6.7801 -9.990e-29
