Processed/SBE19plus_01907321_2022_05_10_Cast116_wfilter.cnv
* Sea-Bird SBE19plus  Data File:
* FileName = E:\Prandtl_Daten\2022\CTD\Raw\SBE19plus_01907321_2022_05_10_Cast116.hex
* Software version 2.6.1.12
* Temperature SN = 7321
* Conductivity SN = 7321
* System UpLoad Time = May 10 2022 13:36:28
* <ApplicationData>
* <Seaterm232>
** Messpraktikum 2022
** CTD 10.05  Mp2
** NMEA Latitude = 54 04.13N
** NMEA Longitude = 008 42.08E
# nquan = 11
# nvalues = 445                         
# units = specified
# name 0 = timeJ: Julian Days
# name 1 = prdM: Pressure, Strain Gauge [db]
# name 2 = tv290C: Temperature [ITS-90, deg C]
# name 3 = c0mS/cm: Conductivity [mS/cm]
# name 4 = sal00: Salinity, Practical [PSU]
# name 5 = depSM: Depth [salt water, m], lat = 54.00
# name 6 = oxsatMm/Kg: Oxygen Saturation, Weiss [umol/kg]
# name 7 = oxsolMm/Kg: Oxygen Saturation, Garcia & Gordon [umol/kg]
# name 8 = turbWETntu0: Turbidity, WET Labs ECO [NTU]
# name 9 = flECO-AFL: Fluorescence, WET Labs ECO-AFL/FL [mg/m^3]
# name 10 = flag:  0.000e+00
# span 0 = 130.562833, 130.564117       
# span 1 =      0.250,      9.775       
# span 2 =    14.0787,    14.1803       
# span 3 =  33.123911,  33.251693       
# span 4 =    26.8670,    26.9160       
# span 5 =      0.248,      9.687       
# span 6 =  266.16444,  266.79832       
# span 7 =  266.39411,  267.02308       
# span 8 =     1.5366,    41.4120       
# span 9 =     4.8472,    15.7003       
# span 10 = 0.0000e+00, 0.0000e+00      
# interval = seconds: 0.25
# start_time = May 10 2022 13:29:18 [Instrument's time stamp, header]
# bad_flag = -9.990e-29
*END*
[from data line 263]
 130.563594      6.114    14.1534  33.223242    26.9040      6.059  266.32495  266.55330     6.8595     6.7679 -9.990e-29
 130.563597      6.137    14.1517  33.224064    26.9059      6.082  266.33084  266.55908     6.8284     6.7194 -9.990e-29
 130.563600      6.154    14.1502  33.225296    26.9081      6.099  266.33541  266.56355     6.2992     6.8205 -9.990e-29
 130.563602      6.168    14.1500  33.225296    26.9082      6.113  266.33605  266.56418     6.2992     6.8771 -9.990e-29
 130.563605      6.183    14.1505  33.226059    26.9086      6.128  266.33291  266.56106     6.2058     6.9135 -9.990e-29
 130.563608      6.201    14.1508  33.227408    26.9095      6.146  266.32913  266.55729     6.2214     6.8488 -9.990e-29
 130.563611      6.214    14.1519  33.227643    26.9090      6.159  266.32435  266.55257     5.9568     6.7639 -9.990e-29
 130.563614      6.240    14.1528  33.227819    26.9085      6.184  266.32030  266.54857     5.6299     6.7396 -9.990e-29
 130.563617      6.263    14.1534  33.228054    26.9073      6.207  266.31742  266.54572     5.8167     6.6911 -9.990e-29
 130.563620      6.293    14.1538  33.227291    26.9080      6.236  266.31681  266.54514     5.8945     6.7356 0.0000e+00
 130.563623      6.324    14.1543  33.229286    26.9087      6.267  266.31133  266.53969     5.7700     6.7073 0.0000e+00
 130.563626      6.349    14.1550  33.230870    26.9092      6.293  266.30591  266.53429     4.5249     6.4687 0.0000e+00
 130.563628      6.379    14.1566  33.231809    26.9097      6.322  266.29778  266.52624     4.5405     6.4808 -9.990e-29
 130.563631      6.401    14.1587  33.231985    26.9081      6.343  266.28870  266.51729     4.5716     6.5051 -9.990e-29
 130.563634      6.424    14.1606  33.235622    26.9100      6.367  266.27455  266.50321     4.5249     6.4525 -9.990e-29
 130.563637      6.451    14.1632  33.237441    26.9099      6.394  266.26088  266.48968     4.9140     6.4687 -9.990e-29
 130.563640      6.468    14.1657  33.238614    26.9091      6.410  266.24827  266.47721     5.0696     6.5172 -9.990e-29
 130.563643      6.490    14.1677  33.239553    26.9086      6.432  266.23825  266.46730     4.8517     6.4566 -9.990e-29
 130.563646      6.508    14.1697  33.239259    26.9069      6.450  266.23058  266.45974     4.6183     6.5253 -9.990e-29
 130.563649      6.520    14.1708  33.238907    26.9058      6.462  266.22646  266.45569     9.7389     7.8921 -9.990e-29
 130.563652      6.548    14.1713  33.237440    26.9042      6.489  266.22701  266.45628     9.6455     7.9244 -9.990e-29
 130.563655      6.570    14.1707  33.234037    26.9015      6.511  266.23483  266.46410     9.6455     7.9204 -9.990e-29
 130.563657      6.597    14.1687  33.230752    26.9000      6.538  266.24875  266.47792     9.5210     7.9244 -9.990e-29
 130.563660      6.619    14.1650  33.227291    26.8995      6.560  266.27018  266.49917    10.8284     8.2115 -9.990e-29
 130.563663      6.642    14.1610  33.223243    26.8986      6.583  266.29353  266.52232    10.7194     8.2358 -9.990e-29
 130.563666      6.670    14.1559  33.219255    26.8985      6.610  266.32150  266.55002    10.5949     8.2277 -9.990e-29
 130.563669      6.688    14.1507  33.216498    26.8997      6.628  266.34806  266.57630    10.5638     8.2964 -9.990e-29
 130.563672      6.710    14.1460  33.214622    26.9013      6.650  266.37097  266.59895    10.8906     8.2277 -9.990e-29
 130.563675      6.733    14.1424  33.212921    26.9022      6.673  266.38856  266.61635     9.9879     8.3652 -9.990e-29
 130.563678      6.755    14.1389  33.209167    26.9013      6.695  266.40986  266.63747    10.0502     8.2843 -9.990e-29
 130.563681      6.775    14.1352  33.207525    26.9024      6.715  266.42798  266.65539    10.0191     8.2560 -9.990e-29
 130.563683      6.788    14.1320  33.204945    26.9023      6.727  266.44545  266.67270     9.9724     8.2924 -9.990e-29
 130.563686      6.806    14.1288  33.202071    26.9020      6.746  266.46404  266.69112    10.1903     8.1549 -9.990e-29
 130.563689      6.825    14.1253  33.200957    26.9034      6.764  266.48035  266.70723    10.2214     8.2034 -9.990e-29
 130.563692      6.850    14.1224  33.201251    26.9057      6.789  266.49213  266.71885    10.2836     8.1347 -9.990e-29
 130.563695      6.878    14.1208  33.199374    26.9051      6.816  266.50185  266.72849    10.3770     8.1994 -9.990e-29
 130.563698      6.901    14.1195  33.198378    26.9059      6.840  266.50917  266.73574     9.1008     7.8638 -9.990e-29
 130.563701      6.929    14.1179  33.198085    26.9059      6.867  266.51627  266.74275     8.9140     7.8112 0.0000e+00
 130.563704      6.956    14.1166  33.197557    26.9059      6.894  266.52250  266.74891     9.0696     7.8557 -9.990e-29
 130.563707      6.980    14.1155  33.197029    26.9066      6.917  266.52810  266.75445     9.0852     7.8314 -9.990e-29
 130.563709      7.004    14.1151  33.197675    26.9075      6.941  266.52893  266.75525     7.4821     7.1763 -9.990e-29
 130.563712      7.033    14.1149  33.197968    26.9079      6.970  266.52941  266.75571     7.5443     7.2289 -9.990e-29
 130.563715      7.054    14.1147  33.198496    26.9085      6.991  266.52918  266.75547     7.6533     7.1319 -9.990e-29
 130.563718      7.078    14.1151  33.200549    26.9101      7.015  266.52423  266.75052     7.4510     7.1642 -9.990e-29
 130.563721      7.098    14.1162  33.202719    26.9112      7.035  266.51594  266.74228     7.4665     7.1480 -9.990e-29
 130.563724      7.111    14.1184  33.204595    26.9113      7.048  266.50341  266.72988    10.5015     8.2317 -9.990e-29
 130.563727      7.129    14.1211  33.204361    26.9092      7.066  266.49250  266.71912    10.4860     8.2115 -9.990e-29
 130.563730      7.151    14.1229  33.203950    26.9077      7.087  266.48597  266.71269    10.5638     8.1873 -9.990e-29
 130.563733      7.171    14.1231  33.202718    26.9064      7.107  266.48707  266.71382    10.4548     8.1913 -9.990e-29
 130.563736      7.191    14.1226  33.201663    26.9057      7.127  266.49071  266.71744    10.2214     8.2600 -9.990e-29
 130.563738      7.217    14.1213  33.200607    26.9057      7.152  266.49813  266.72479    10.1280     8.2277 0.0000e+00
 130.563741      7.246    14.1199  33.200373    26.9057      7.181  266.50419  266.73077    10.3615     8.2358 -9.990e-29
 130.563744      7.270    14.1191  33.199376    26.9061      7.205  266.50931  266.73585    10.3303     8.2358 -9.990e-29
 130.563747      7.293    14.1181  33.199141    26.9066      7.228  266.51380  266.74029    11.0619     8.3409 -9.990e-29
 130.563750      7.317    14.1170  33.197499    26.9059      7.252  266.52124  266.74768    10.9685     8.3571 -9.990e-29
 130.563753      7.345    14.1158  33.197030    26.9063      7.279  266.52706  266.75343    10.9685     8.3328 -9.990e-29
 130.563756      7.363    14.1146  33.196151    26.9063      7.297  266.53356  266.75986    10.9218     8.3611 -9.990e-29
 130.563759      7.381    14.1137  33.194568    26.9055      7.315  266.53996  266.76622    10.3615     8.1711 -9.990e-29
 130.563762      7.397    14.1121  33.192808    26.9051      7.331  266.54979  266.77597    10.4860     8.2196 -9.990e-29
 130.563764      7.412    14.1107  33.193923    26.9070      7.346  266.55361  266.77971    10.6105     8.1994 -9.990e-29
 130.563767      7.432    14.1099  33.194334    26.9080      7.365  266.55640  266.78245    10.5015     8.1913 -9.990e-29
 130.563770      7.450    14.1100  33.195800    26.9092      7.384  266.55367  266.77971    10.3615     8.1145 -9.990e-29
 130.563773      7.472    14.1104  33.195800    26.9084      7.405  266.55211  266.77818    10.6727     8.5229 -9.990e-29
 130.563776      7.498    14.1109  33.195565    26.9084      7.431  266.55032  266.77641    10.3303     8.5916 0.0000e+00
 130.563779      7.525    14.1113  33.194744    26.9084      7.458  266.55012  266.77624    10.3303     8.5229 -9.990e-29
 130.563782      7.550    14.1113  33.195800    26.9082      7.483  266.54839  266.77450    10.4548     8.5512 -9.990e-29
 130.563785      7.581    14.1110  33.195566    26.9079      7.513  266.54974  266.77584    10.4548     8.1913 0.0000e+00
 130.563788      7.609    14.1111  33.194979    26.9079      7.541  266.55041  266.77652    10.1747     8.2681 0.0000e+00
 130.563791      7.636    14.1106  33.194393    26.9076      7.568  266.55360  266.77968    10.3303     8.2681 -9.990e-29
 130.563793      7.656    14.1102  33.194745    26.9080      7.588  266.55460  266.78066    10.3148     8.2439 -9.990e-29
 130.563796      7.675    14.1098  33.194100    26.9078      7.606  266.55756  266.78360     9.6299     7.5079 -9.990e-29
 130.563799      7.691    14.1095  33.194393    26.9082      7.622  266.55803  266.78406     9.6611     7.4837 -9.990e-29
 130.563802      7.707    14.1096  33.196035    26.9096      7.638  266.55501  266.78103     9.8945     7.5201 -9.990e-29
 130.563805      7.717    14.1104  33.196153    26.9092      7.647  266.55168  266.77774     9.7545     7.5241 -9.990e-29
 130.563808      7.738    14.1115  33.198498    26.9105      7.669  266.54310  266.76920     9.5210     7.6373 -9.990e-29
 130.563811      7.762    14.1134  33.198322    26.9090      7.693  266.53555  266.76176     9.3965     7.6899 -9.990e-29
 130.563814      7.784    14.1147  33.198146    26.9081      7.714  266.53020  266.75649     9.3965     7.6373 -9.990e-29
 130.563817      7.811    14.1155  33.198967    26.9080      7.741  266.52571  266.75204     9.6299     7.6292 0.0000e+00
 130.563819      7.840    14.1162  33.199143    26.9078      7.770  266.52230  266.74867     9.6299     7.6737 0.0000e+00
 130.563822      7.868    14.1166  33.198498    26.9078      7.797  266.52181  266.74821     9.3965     7.9325 0.0000e+00
 130.563825      7.895    14.1166  33.199554    26.9074      7.825  266.51976  266.74616     9.2564     7.8719 0.0000e+00
 130.563828      7.923    14.1166  33.198557    26.9078      7.852  266.52143  266.74784     9.4120     7.9406 -9.990e-29
 130.563831      7.941    14.1163  33.199378    26.9079      7.870  266.52165  266.74803     9.4276     7.9366 -9.990e-29
 130.563834      7.961    14.1162  33.198557    26.9072      7.890  266.52334  266.74972    10.5794     8.2600 -9.990e-29
 130.563837      7.977    14.1156  33.197678    26.9068      7.906  266.52732  266.75367    10.3459     8.3409 -9.990e-29
 130.563840      7.988    14.1149  33.198088    26.9077      7.917  266.52947  266.75578    10.4860     8.2641 -9.990e-29
 130.563843      8.003    14.1146  33.196798    26.9067      7.931  266.53287  266.75917    10.7194     8.3247 -9.990e-29
 130.563845      8.021    14.1140  33.196857    26.9072      7.949  266.53530  266.76157    10.5638     8.0457 -9.990e-29
 130.563848      8.045    14.1134  33.196388    26.9072      7.973  266.53892  266.76515    10.5015     8.0255 -9.990e-29
 130.563851      8.066    14.1124  33.196036    26.9078      7.994  266.54360  266.76978    10.3303     8.0902 -9.990e-29
 130.563854      8.097    14.1120  33.196036    26.9075      8.025  266.54519  266.77134    10.5171     8.0174 0.0000e+00
 130.563857      8.126    14.1116  33.194981    26.9078      8.054  266.54852  266.77467     8.3537     7.6616 0.0000e+00
 130.563860      8.154    14.1111  33.196447    26.9088      8.081  266.54831  266.77441     8.4004     7.7020 0.0000e+00
 130.563863      8.181    14.1114  33.197796    26.9093      8.108  266.54484  266.77095     8.6183     7.6535 0.0000e+00
 130.563866      8.209    14.1129  33.199966    26.9098      8.135  266.53498  266.76116     8.5249     7.6899 -9.990e-29
 130.563869      8.230    14.1152  33.200611    26.9097      8.157  266.52450  266.75081     8.4626     7.6656 -9.990e-29
 130.563872      8.252    14.1169  33.201549    26.9093      8.179  266.51542  266.74182     9.6299     7.7344 -9.990e-29
 130.563874      8.263    14.1191  33.201666    26.9079      8.189  266.50612  266.73265     9.6611     7.7708 -9.990e-29
 130.563877      8.276    14.1206  33.201373    26.9066      8.202  266.50033  266.72695     9.5833     7.7263 -9.990e-29
 130.563880      8.289    14.1208  33.200611    26.9058      8.215  266.50097  266.72760     9.7856     7.7829 -9.990e-29
 130.563883      8.309    14.1202  33.199966    26.9056      8.235  266.50456  266.73116    11.8089     8.6240 -9.990e-29
 130.563886      8.331    14.1193  33.199379    26.9056      8.256  266.50900  266.73556    11.7155     8.6240 -9.990e-29
 130.563889      8.358    14.1188  33.198500    26.9052      8.284  266.51267  266.73921    11.8868     8.6442 -9.990e-29
 130.563892      8.382    14.1178  33.196858    26.9050      8.307  266.51980  266.74629    11.5443     8.5835 -9.990e-29
 130.563895      8.415    14.1160  33.196154    26.9050      8.340  266.52821  266.75460    10.0969     8.3086 0.0000e+00
 130.563898      8.444    14.1144  33.194336    26.9050      8.369  266.53815  266.76446    10.0813     8.3652 -9.990e-29
 130.563900      8.468    14.1127  33.193985    26.9054      8.392  266.54597  266.77219    10.3303     8.3530 -9.990e-29
 130.563903      8.497    14.1113  33.193692    26.9061      8.421  266.55245  266.77858    10.2681     8.3692 -9.990e-29
 130.563906      8.521    14.1101  33.192871    26.9061      8.444  266.55853  266.78461    11.7622     8.1226 -9.990e-29
 130.563909      8.541    14.1090  33.192578    26.9066      8.464  266.56374  266.78976    11.7311     8.1185 -9.990e-29
 130.563912      8.555    14.1082  33.192226    26.9069      8.479  266.56779  266.79376    11.7622     8.1104 -9.990e-29
 130.563915      8.570    14.1075  33.191992    26.9072      8.493  266.57102  266.79695    11.7934     8.1145 -9.990e-29
 130.563918      8.586    14.1071  33.191229    26.9068      8.509  266.57417  266.80008    11.8245     8.1387 -9.990e-29
 130.563921      8.606    14.1067  33.192226    26.9079      8.529  266.57411  266.79999     9.8634     8.0093 -9.990e-29
 130.563924      8.628    14.1065  33.191992    26.9079      8.551  266.57545  266.80132    10.0657     7.9527 -9.990e-29
 130.563927      8.652    14.1066  33.192696    26.9079      8.574  266.57367  266.79954    10.0502     7.9406 -9.990e-29
 130.563929      8.683    14.1069  33.192403    26.9077      8.605  266.57292  266.79881    10.0969     7.9325 0.0000e+00
 130.563932      8.712    14.1073  33.192227    26.9077      8.634  266.57166  266.79757    10.5638     8.3167 0.0000e+00
 130.563935      8.739    14.1076  33.192696    26.9075      8.661  266.56964  266.79557    10.5949     8.4258 -9.990e-29
 130.563938      8.763    14.1080  33.192989    26.9077      8.684  266.56760  266.79355    10.3303     8.3652 -9.990e-29
 130.563941      8.788    14.1081  33.193107    26.9077      8.710  266.56679  266.79275    10.4704     8.3288 -9.990e-29
 130.563944      8.810    14.1082  33.191992    26.9066      8.731  266.56833  266.79430    10.7350     8.1832 -9.990e-29
 130.563947      8.832    14.1084  33.193107    26.9075      8.753  266.56587  266.79184    10.8906     8.2520 -9.990e-29
 130.563950      8.848    14.1083  33.192227    26.9067      8.769  266.56765  266.79362    10.9062     8.1873 -9.990e-29
 130.563953      8.861    14.1083  33.192814    26.9073      8.782  266.56669  266.79266    10.6727     8.2398 -9.990e-29
 130.563955      8.876    14.1081  33.192696    26.9073      8.796  266.56752  266.79348    12.5560     9.1052 -9.990e-29
 130.563958      8.887    14.1083  33.192403    26.9069      8.807  266.56738  266.79336    12.6805     9.0526 -9.990e-29
 130.563961      8.910    14.1078  33.191406    26.9063      8.831  266.57093  266.79689    12.7272     9.0769 -9.990e-29
 130.563964      8.934    14.1074  33.191230    26.9070      8.854  266.57312  266.79905    12.6183     9.1052 -9.990e-29
 130.563967      8.960    14.1065  33.191172    26.9065      8.880  266.57701  266.80288    12.8984     9.1133 0.0000e+00
