Processed/SBE19plus_01907321_2022_05_09_Cast101_wfilter.cnv
* Sea-Bird SBE19plus  Data File:
* FileName = E:\Prandtl_Daten\2022\CTD\Raw\SBE19plus_01907321_2022_05_09_Cast101.hex
* Software version 2.6.1.12
* Temperature SN = 7321
* Conductivity SN = 7321
* System UpLoad Time = May 09 2022 12:30:57
* <ApplicationData>
* <Seaterm232>
** Messpraktikum 2022
** CTD 09.05 SW1
** NMEA Latitude = 54 06.145 N
** NMEA Longitude = 008 35.839E
# nquan = 11
# nvalues = 563                         
# units = specified
# name 0 = timeJ: Julian Days
# name 1 = prdM: Pressure, Strain Gauge [db]
# name 2 = tv290C: Temperature [ITS-90, deg C]
# name 3 = c0mS/cm: Conductivity [mS/cm]
# name 4 = sal00: Salinity, Practical [PSU]
# name 5 = depSM: Depth [salt water, m], lat = 54.00
# name 6 = oxsatMm/Kg: Oxygen Saturation, Weiss [umol/kg]
# name 7 = oxsolMm/Kg: Oxygen Saturation, Garcia & Gordon [umol/kg]
# name 8 = turbWETntu0: Turbidity, WET Labs ECO [NTU]
# name 9 = flECO-AFL: Fluorescence, WET Labs ECO-AFL/FL [mg/m^3]
# name 10 = flag:  0.000e+00
# span 0 = 129.512737, 129.514363       
# span 1 =      0.464,     16.221       
# span 2 =    12.4725,    14.1390       
# span 3 =  31.596243,  32.432440       
# span 4 =    26.1696,    26.9423       
# span 5 =      0.460,     16.075       
# span 6 =  267.69112,  276.32503       
# span 7 =  267.92457,  276.46316       
# span 8 =     0.2292,    26.3148       
# span 9 =     1.5031,    10.6822       
# span 10 = 0.0000e+00, 0.0000e+00      
# interval = seconds: 0.25
# start_time = May 09 2022 12:16:58 [Instrument's time stamp, header]
# bad_flag = -9.990e-29
*END*
[from data line 525]
 129.514256     15.364    12.7221  32.151543    26.9324     15.226  274.33715  274.48674    16.7272     8.3409 -9.990e-29
 129.514259     15.390    12.7224  32.152586    26.9331     15.252  274.33373  274.48334    16.9296     8.2883 -9.990e-29
 129.514262     15.411    12.7232  32.156177    26.9359     15.273  274.32390  274.47352    16.8517     8.2600 -9.990e-29
 129.514265     15.441    12.7241  32.158031    26.9370     15.302  274.31683  274.46650    18.3303     8.2964 -9.990e-29
 129.514268     15.466    12.7253  32.159421    26.9374     15.328  274.30901  274.45874    18.2525     8.4177 -9.990e-29
 129.514271     15.495    12.7262  32.159247    26.9366     15.357  274.30554  274.45533    18.2369     8.4258 -9.990e-29
 129.514274     15.519    12.7268  32.160058    26.9387     15.380  274.30128  274.45110    18.2525     8.4016 -9.990e-29
 129.514277     15.545    12.7271  32.162259    26.9387     15.405  274.29612  274.44594    18.3459     8.4299 0.0000e+00
 129.514280     15.570    12.7277  32.162665    26.9387     15.431  274.29289  274.44274    17.8323     8.4622 0.0000e+00
 129.514282     15.597    12.7284  32.163649    26.9391     15.458  274.28800  274.43789    17.7078     8.4177 0.0000e+00
 129.514285     15.632    12.7288  32.164808    26.9398     15.492  274.28407  274.43398    17.7545     8.4016 0.0000e+00
 129.514288     15.667    12.7295  32.166082    26.9401     15.526  274.27868  274.42861    17.8323     8.4258 0.0000e+00
 129.514291     15.707    12.7304  32.166314    26.9405     15.566  274.27450  274.42449    15.2331     7.1804 0.0000e+00
 129.514294     15.747    12.7307  32.167878    26.9413     15.606  274.27049  274.42048    15.2642     7.2006 0.0000e+00
 129.514297     15.791    12.7315  32.169095    26.9413     15.649  274.26456  274.41460    15.5599     7.1885 0.0000e+00
 129.514300     15.828    12.7321  32.167705    26.9407     15.686  274.26452  274.41462    15.2486     7.1642 0.0000e+00
 129.514303     15.867    12.7323  32.168516    26.9401     15.725  274.26216  274.41226    15.5599     7.4068 0.0000e+00
 129.514306     15.904    12.7322  32.167705    26.9404     15.761  274.26426  274.41435    15.6066     7.3947 0.0000e+00
 129.514308     15.931    12.7322  32.168110    26.9400     15.788  274.26356  274.41365    15.8089     7.3583 -9.990e-29
 129.514311     15.953    12.7324  32.168921    26.9409     15.810  274.26087  274.41097    15.7622     7.3866 -9.990e-29
 129.514314     15.973    12.7328  32.168110    26.9399     15.830  274.26074  274.41087    15.6844     7.3947 -9.990e-29
 129.514317     15.993    12.7329  32.168690    26.9404     15.850  274.25941  274.40954    17.6299     8.6523 -9.990e-29
 129.514320     16.010    12.7329  32.166489    26.9384     15.866  274.26332  274.41348    17.7078     8.6240 -9.990e-29
 129.514323     16.032    12.7323  32.165504    26.9405     15.888  274.26761  274.41774    17.7856     8.6361 -9.990e-29
 129.514326     16.059    12.7314  32.167705    26.9408     15.915  274.26783  274.41788    17.8790     8.5997 0.0000e+00
 129.514329     16.086    12.7314  32.168459    26.9405     15.942  274.26652  274.41656    18.2369     8.7453 0.0000e+00
 129.514332     16.114    12.7317  32.167706    26.9408     15.969  274.26629  274.41636    18.4548     8.7655 0.0000e+00
 129.514334     16.143    12.7319  32.168922    26.9403     15.998  274.26320  274.41327    18.2369     8.7574 -9.990e-29
 129.514337     16.154    12.7324  32.168111    26.9401     16.009  274.26244  274.41255    18.2369     8.7372 -9.990e-29
 129.514340     16.150    12.7324  32.168111    26.9402     16.005  274.26275  274.41286    23.2486     9.3720 -9.990e-29
 129.514343     16.143    12.7319  32.167474    26.9399     15.998  274.26577  274.41586    23.2175     9.3801 -9.990e-29
 129.514346     16.139    12.7319  32.168285    26.9406     15.994  274.26433  274.41441    23.0619     9.3720 -9.990e-29
 129.514349     16.135    12.7319  32.169501    26.9418     15.991  274.26217  274.41224    23.0307     9.3599 -9.990e-29
 129.514352     16.135    12.7324  32.170428    26.9423     15.991  274.25863  274.40872    26.2369    10.6215 -9.990e-29
 129.514355     16.155    12.7329  32.169733    26.9413     16.010  274.25766  274.40779    26.1903    10.6175 -9.990e-29
 129.514358     16.170    12.7328  32.169501    26.9411     16.025  274.25840  274.40852    26.3148    10.6539 -9.990e-29
 129.514361     16.195    12.7327  32.168922    26.9407     16.050  274.26008  274.41020    26.2369    10.6215 -9.990e-29
 129.514363     16.221    12.7326  32.168922    26.9407     16.075  274.26041  274.41052    26.0346    10.6822 0.0000e+00
