Processed/SBE19plus_01907321_2022_05_07_Cast58_wfilter.cnv
* Sea-Bird SBE19plus  Data File:
* FileName = E:\Prandtl Daten\2022\CTD\Raw\SBE19plus_01907321_2022_05_07_Cast58.hex
* Software version 2.6.1.12
* Temperature SN = 7321
* Conductivity SN = 7321
* System UpLoad Time = May 07 2022 06:32:00
* <ApplicationData>
* <Seaterm232>
** Messpraktikum 2022
** CTD 07.05 BE
** NMEA Latitude = 54 07.51 N
** NMEA Longitude = 008 50.26 E
# nquan = 11
# nvalues = 477                         
# units = specified
# name 0 = timeJ: Julian Days
# name 1 = prdM: Pressure, Strain Gauge [db]
# name 2 = tv290C: Temperature [ITS-90, deg C]
# name 3 = c0mS/cm: Conductivity [mS/cm]
# name 4 = sal00: Salinity, Practical [PSU]
# name 5 = depSM: Depth [salt water, m], lat = 54.00
# name 6 = oxsatMm/Kg: Oxygen Saturation, Weiss [umol/kg]
# name 7 = oxsolMm/Kg: Oxygen Saturation, Garcia & Gordon [umol/kg]
# name 8 = turbWETntu0: Turbidity, WET Labs ECO [NTU]
# name 9 = flECO-AFL: Fluorescence, WET Labs ECO-AFL/FL [mg/m^3]
# name 10 = flag:  0.000e+00
# span 0 = 127.266531, 127.267908       
# span 1 =      0.581,     12.847       
# span 2 =    13.2949,    13.3190       
# span 3 =  32.692156,  32.709386       
# span 4 =    27.0207,    27.0312       
# span 5 =      0.575,     12.732       
# span 6 =  270.74364,  270.87013       
# span 7 =  270.92610,  271.05122       
# span 8 =    25.4432,    58.2058       
# span 9 =     7.2896,    13.0113       
# span 10 = 0.0000e+00, 0.0000e+00      
# interval = seconds: 0.25
# start_time = May 07 2022 06:22:02 [Instrument's time stamp, header]
# bad_flag = -9.990e-29
*END*
[from data line 394]
 127.267671     10.737    13.3006  32.697522    27.0254     10.640  270.84800  271.02945    55.1085    11.9964 -9.990e-29
 127.267674     10.751    13.3006  32.697522    27.0254     10.655  270.84801  271.02946    55.2175    11.9721 -9.990e-29
 127.267677     10.769    13.3006  32.697697    27.0256     10.673  270.84772  271.02917    56.9140    12.3037 -9.990e-29
 127.267679     10.793    13.3006  32.697289    27.0252     10.697  270.84844  271.02989    56.6494    12.3118 -9.990e-29
 127.267682     10.817    13.3006  32.697930    27.0246     10.720  270.84735  271.02879    56.6027    12.3158 -9.990e-29
 127.267685     10.846    13.3006  32.696706    27.0248     10.749  270.84948  271.03093    56.7428    12.2875 0.0000e+00
 127.267688     10.879    13.3006  32.697114    27.0250     10.781  270.84880  271.03025    53.4276    12.1622 0.0000e+00
 127.267691     10.912    13.3007  32.697522    27.0250     10.814  270.84780  271.02925    53.3498    12.2066 0.0000e+00
 127.267694     10.948    13.3007  32.697114    27.0249     10.850  270.84853  271.02998    53.5988    12.1824 0.0000e+00
 127.267697     10.979    13.3008  32.697115    27.0249     10.881  270.84823  271.02969    53.7389    12.1662 0.0000e+00
 127.267700     11.010    13.3008  32.697115    27.0249     10.912  270.84825  271.02971    52.5093    11.2685 0.0000e+00
 127.267703     11.040    13.3008  32.696532    27.0248     10.941  270.84927  271.03074    52.5405    11.2362 -9.990e-29
 127.267705     11.061    13.3009  32.697698    27.0253     10.962  270.84665  271.02811    52.2914    11.2523 -9.990e-29
 127.267708     11.076    13.3007  32.697523    27.0252     10.977  270.84790  271.02935    52.3381    11.2119 -9.990e-29
 127.267711     11.091    13.3010  32.697115    27.0247     10.991  270.84736  271.02883    52.5249    11.2281 -9.990e-29
 127.267714     11.103    13.3010  32.696357    27.0240     11.004  270.84867  271.03015    53.1786    11.8751 -9.990e-29
 127.267717     11.121    13.3010  32.697115    27.0246     11.022  270.84738  271.02885    53.3965    11.8589 -9.990e-29
 127.267720     11.145    13.3009  32.696299    27.0244     11.045  270.84911  271.03059    53.1941    11.8791 -9.990e-29
 127.267723     11.176    13.3011  32.696882    27.0238     11.076  270.84750  271.02898    53.4120    11.8831 0.0000e+00
 127.267726     11.209    13.3009  32.695366    27.0243     11.109  270.85107  271.03255    54.5482    11.3575 0.0000e+00
 127.267729     11.251    13.3009  32.696707    27.0234     11.150  270.84847  271.02995    54.2836    11.3575 0.0000e+00
 127.267731     11.291    13.3011  32.695891    27.0236     11.190  270.84896  271.03045    54.4237    11.3575 0.0000e+00
 127.267734     11.331    13.3011  32.696066    27.0236     11.230  270.84900  271.03049    54.4082    11.4020 0.0000e+00
 127.267737     11.362    13.3009  32.696358    27.0236     11.261  270.84915  271.03062    55.1708    10.7348 0.0000e+00
 127.267740     11.391    13.3010  32.695658    27.0236     11.289  270.85006  271.03154    54.9062    10.7307 0.0000e+00
 127.267743     11.422    13.3010  32.696300    27.0232     11.320  270.84897  271.03045    55.1864    10.6903 -9.990e-29
 127.267746     11.444    13.3010  32.696125    27.0236     11.342  270.84929  271.03077    54.9996    10.7186 -9.990e-29
 127.267749     11.464    13.3011  32.696300    27.0237     11.362  270.84868  271.03017    54.0657    10.9652 -9.990e-29
 127.267752     11.481    13.3010  32.695659    27.0232     11.378  270.85011  271.03160    54.0035    11.0057 -9.990e-29
 127.267755     11.495    13.3011  32.694842    27.0224     11.392  270.85121  271.03271    54.1280    10.9572 -9.990e-29
 127.267758     11.515    13.3010  32.695192    27.0228     11.412  270.85094  271.03243    53.8945    10.9612 -9.990e-29
 127.267760     11.539    13.3009  32.694843    27.0239     11.436  270.85218  271.03367    54.0035    10.9855 -9.990e-29
 127.267763     11.566    13.3009  32.696300    27.0239     11.463  270.84969  271.03116    55.8712    11.2079 0.0000e+00
 127.267766     11.601    13.3009  32.696475    27.0240     11.497  270.84910  271.03057    55.8712    11.2159 0.0000e+00
 127.267769     11.636    13.3011  32.696708    27.0240     11.532  270.84809  271.02957    55.9490    11.2442 0.0000e+00
 127.267772     11.671    13.3010  32.696300    27.0240     11.566  270.84913  271.03061    55.8401    11.2159 0.0000e+00
 127.267775     11.702    13.3009  32.696475    27.0240     11.597  270.84947  271.03094    56.7895    11.0461 0.0000e+00
 127.267778     11.731    13.3011  32.696709    27.0240     11.626  270.84815  271.02963    56.8984    11.0623 0.0000e+00
 127.267781     11.762    13.3010  32.696359    27.0240     11.657  270.84908  271.03056    56.6650    11.0461 -9.990e-29
 127.267784     11.780    13.3010  32.696301    27.0237     11.675  270.84919  271.03068    56.7272    11.0623 -9.990e-29
 127.267786     11.795    13.3011  32.696301    27.0236     11.689  270.84889  271.03038    55.0307    11.6971 -9.990e-29
 127.267789     11.809    13.3011  32.696534    27.0238     11.704  270.84818  271.02967    55.4198    11.7052 -9.990e-29
 127.267792     11.829    13.3010  32.696476    27.0238     11.724  270.84892  271.03040    55.2331    11.7295 -9.990e-29
 127.267795     11.846    13.3009  32.696476    27.0232     11.740  270.84925  271.03072    55.0930    11.6769 -9.990e-29
 127.267798     11.871    13.3011  32.695893    27.0234     11.765  270.84933  271.03082    53.8790    13.0113 0.0000e+00
 127.267801     11.904    13.3010  32.696126    27.0232     11.798  270.84957  271.03106    53.6766    12.9749 0.0000e+00
 127.267804     11.939    13.3009  32.695660    27.0231     11.832  270.85103  271.03251    53.6766    13.0032 0.0000e+00
 127.267807     11.973    13.3009  32.695660    27.0231     11.866  270.85105  271.03253    53.6611    12.9830 0.0000e+00
 127.267810     12.008    13.3008  32.696476    27.0239     11.900  270.84998  271.03145    53.5988    12.9749 0.0000e+00
 127.267813     12.037    13.3011  32.696710    27.0239     11.929  270.84834  271.02982    55.1708    11.7901 0.0000e+00
 127.267815     12.066    13.3011  32.696477    27.0237     11.958  270.84876  271.03024    55.6533    11.7982 0.0000e+00
 127.267818     12.094    13.3009  32.695894    27.0235     11.985  270.85041  271.03189    55.3576    11.8104 0.0000e+00
 127.267821     12.123    13.3010  32.696302    27.0233     12.014  270.84941  271.03089    55.6066    11.8508 -9.990e-29
 127.267824     12.141    13.3009  32.696360    27.0237     12.032  270.84995  271.03142    53.4743    12.7121 -9.990e-29
 127.267827     12.159    13.3011  32.696885    27.0240     12.050  270.84780  271.02929    53.5054    12.7161 -9.990e-29
 127.267830     12.177    13.3011  32.696477    27.0237     12.068  270.84883  271.03031    53.4587    12.7606 -9.990e-29
 127.267833     12.192    13.3010  32.695952    27.0232     12.083  270.85005  271.03154    53.4276    12.7283 -9.990e-29
 127.267836     12.212    13.3010  32.696710    27.0239     12.102  270.84876  271.03024    54.2058    12.5787 -9.990e-29
 127.267839     12.234    13.3012  32.696477    27.0232     12.124  270.84823  271.02973    54.1903    12.6029 -9.990e-29
 127.267841     12.267    13.3011  32.696069    27.0230     12.157  270.84927  271.03077    54.0813    12.5544 0.0000e+00
 127.267844     12.298    13.3011  32.695778    27.0232     12.187  270.84979  271.03129    54.2369    12.5908 0.0000e+00
 127.267847     12.330    13.3009  32.695894    27.0232     12.220  270.85056  271.03204    53.6922    12.5948 0.0000e+00
 127.267850     12.363    13.3010  32.696303    27.0235     12.252  270.84956  271.03104    53.6611    12.5867 0.0000e+00
 127.267853     12.393    13.3009  32.696303    27.0235     12.282  270.84989  271.03137    53.6299    12.5706 0.0000e+00
 127.267856     12.420    13.3009  32.696361    27.0235     12.309  270.85012  271.03160    53.7545    12.5989 -9.990e-29
 127.267859     12.442    13.3009  32.695662    27.0229     12.330  270.85103  271.03251    53.6922    12.5746 -9.990e-29
 127.267862     12.464    13.3008  32.696070    27.0234     12.352  270.85097  271.03244    54.0657    11.6850 -9.990e-29
 127.267865     12.484    13.3010  32.695778    27.0230     12.372  270.85054  271.03203    53.8634    11.6810 -9.990e-29
 127.267867     12.496    13.3010  32.695487    27.0227     12.384  270.85105  271.03254    53.8945    11.6931 -9.990e-29
 127.267870     12.518    13.3010  32.696070    27.0232     12.406  270.85006  271.03154    54.0969    11.6769 -9.990e-29
 127.267873     12.542    13.3011  32.695895    27.0229     12.430  270.85006  271.03155    56.8984    12.0651 -9.990e-29
 127.267876     12.572    13.3011  32.695779    27.0230     12.459  270.85028  271.03177    57.0852    12.0489 0.0000e+00
 127.267879     12.604    13.3010  32.695895    27.0230     12.491  270.85041  271.03190    57.1008    12.1096 0.0000e+00
 127.267882     12.635    13.3009  32.696070    27.0233     12.522  270.85076  271.03224    57.1008    12.0611 0.0000e+00
 127.267885     12.666    13.3007  32.696070    27.0233     12.553  270.85141  271.03288    56.7895    11.9640 0.0000e+00
 127.267888     12.699    13.3008  32.695546    27.0228     12.585  270.85202  271.03350    56.8206    11.9276 0.0000e+00
 127.267891     12.727    13.3007  32.695080    27.0225     12.613  270.85315  271.03463    56.8984    11.9478 0.0000e+00
 127.267894     12.752    13.3007  32.695080    27.0224     12.638  270.85317  271.03465    56.6805    11.9195 0.0000e+00
 127.267896     12.779    13.3006  32.694263    27.0224     12.665  270.85491  271.03639    58.1747    11.5354 -9.990e-29
 127.267899     12.794    13.3007  32.694788    27.0222     12.679  270.85370  271.03518    58.2058    11.5475 -9.990e-29
 127.267902     12.814    13.3007  32.694847    27.0222     12.699  270.85361  271.03509    58.1903    11.5556 -9.990e-29
 127.267905     12.832    13.3006  32.694847    27.0223     12.717  270.85394  271.03541    58.0969    11.5475 -9.990e-29
 127.267908     12.847    13.3006  32.694205    27.0217     12.732  270.85505  271.03653    58.2058    11.5475 -9.990e-29
