Processed/SBE19plus_01907321_2022_05_09_Cast99_wfilter.cnv
* Sea-Bird SBE19plus  Data File:
* FileName = E:\Prandtl_Daten\2022\CTD\Raw\SBE19plus_01907321_2022_05_09_Cast99.hex
* Software version 2.6.1.12
* Temperature SN = 7321
* Conductivity SN = 7321
* System UpLoad Time = May 09 2022 11:28:20
* <ApplicationData>
* <Seaterm232>
** Messpraktikum 2022
** CTD 09.05 SW2
** NMEA Latitude = 54 04.851 N
** NMEA Longitude = 008 29.692 E
# nquan = 11
# nvalues = 483                         
# units = specified
# name 0 = timeJ: Julian Days
# name 1 = prdM: Pressure, Strain Gauge [db]
# name 2 = tv290C: Temperature [ITS-90, deg C]
# name 3 = c0mS/cm: Conductivity [mS/cm]
# name 4 = sal00: Salinity, Practical [PSU]
# name 5 = depSM: Depth [salt water, m], lat = 54.00
# name 6 = oxsatMm/Kg: Oxygen Saturation, Weiss [umol/kg]
# name 7 = oxsolMm/Kg: Oxygen Saturation, Garcia & Gordon [umol/kg]
# name 8 = turbWETntu0: Turbidity, WET Labs ECO [NTU]
# name 9 = flECO-AFL: Fluorescence, WET Labs ECO-AFL/FL [mg/m^3]
# name 10 = flag:  0.000e+00
# span 0 = 129.465072, 129.466467       
# span 1 =      0.383,     10.896       
# span 2 =    11.9687,    12.7454       
# span 3 =  30.981231,  31.630717       
# span 4 =    26.0874,    26.9719       
# span 5 =      0.380,     10.799       
# span 6 =  275.78652,  278.71647       
# span 7 =  275.94591,  278.84128       
# span 8 =    21.0229,    49.1319       
# span 9 =     8.7331,    18.0780       
# span 10 = 0.0000e+00, 0.0000e+00      
# interval = seconds: 0.25
# start_time = May 09 2022 11:08:32 [Instrument's time stamp, header]
# bad_flag = -9.990e-29
*END*
 129.465072      0.413    12.7314  31.284840    26.1298      0.409  275.82475  275.98313    25.6766    10.4881 -9.990e-29
 129.465075      0.439    12.7289  31.284038    26.1308      0.435  275.83777  275.99599    25.7233    10.4477 -9.990e-29
 129.465078      0.477    12.7284  31.283809    26.1309      0.473  275.84045  275.99864    25.5988    10.4638 -9.990e-29
 129.465081      0.514    12.7279  31.284038    26.1315      0.509  275.84231  276.00047    25.6766    10.4638 -9.990e-29
 129.465084      0.546    12.7267  31.282090    26.1305      0.542  275.85126  276.00937    26.6883    11.2766 -9.990e-29
 129.465087      0.565    12.7247  31.285013    26.1345      0.559  275.85476  276.01271    26.8128    11.3049 -9.990e-29
 129.465090      0.559    12.7240  31.287191    26.1370      0.554  275.85410  276.01199    26.5638    11.3009 -9.990e-29
 129.465093      0.539    12.7246  31.287133    26.1366      0.534  275.85162  276.00954    26.5949    11.2442 -9.990e-29
 129.465095      0.519    12.7255  31.287362    26.1362      0.514  275.84702  276.00500    27.4354    12.5544 -9.990e-29
 129.465098      0.503    12.7259  31.284210    26.1330      0.498  275.85101  276.00904    27.4665    12.5463 -9.990e-29
 129.465101      0.483    12.7245  31.277793    26.1281      0.478  275.86851  276.02652    27.3887    12.5099 -9.990e-29
 129.465104      0.455    12.7197  31.267021    26.1214      0.451  275.90919  276.06699    27.3887    12.5059 -9.990e-29
 129.465107      0.428    12.7103  31.256481    26.1182      0.424  275.97038  276.12768    26.6416    10.5528 -9.990e-29
 129.465110      0.415    12.6985  31.246572    26.1172      0.411  276.04108  276.19773    26.4393    10.5690 -9.990e-29
 129.465113      0.419    12.6859  31.246573    26.1259      0.415  276.09802  276.25386    26.2681    10.5083 -9.990e-29
 129.465116      0.439    12.6782  31.252245    26.1365      0.435  276.12267  276.27796    26.4393    10.5447 -9.990e-29
 129.465119      0.463    12.6756  31.245773    26.1323      0.458  276.14612  276.30130    27.3731    11.4181 -9.990e-29
 129.465122      0.501    12.6725  31.243826    26.1326      0.496  276.16344  276.31845    27.3576    11.4586 -9.990e-29
 129.465124      0.537    12.6687  31.236209    26.1282      0.532  276.19409  276.34893    27.5288    11.4343 -9.990e-29
 129.465127      0.565    12.6627  31.229795    26.1265      0.559  276.23289  276.38740    27.3887    11.4343 -9.990e-29
 129.465130      0.577    12.6555  31.228822    26.1305      0.572  276.26712  276.42118    27.4354    11.4262 -9.990e-29
 129.465133      0.567    12.6491  31.226475    26.1327      0.562  276.29993  276.45361    29.7389    12.6272 -9.990e-29
 129.465136      0.537    12.6444  31.225502    26.1352      0.533  276.32320  276.47659    29.7545    12.5625 -9.990e-29
 129.465139      0.505    12.6407  31.217371    26.1302      0.500  276.35410  276.50733    29.9568    12.5989 -9.990e-29
 129.465142      0.470    12.6350  31.211074    26.1283      0.466  276.39106  276.54399    29.9412    12.5989 -9.990e-29
 129.465145      0.444    12.6283  31.217315    26.1388      0.441  276.41046  276.56289    27.9334    11.6607 -9.990e-29
 129.465148      0.426    12.6261  31.223728    26.1462      0.423  276.40864  276.56087    27.9179    11.6850 -9.990e-29
 129.465150      0.423    12.6290  31.229397    26.1494      0.419  276.38565  276.53801    27.8556    11.6890 -9.990e-29
 129.465153      0.419    12.6340  31.227851    26.1446      0.416  276.36590  276.51859    27.9957    11.6890 -9.990e-29
 129.465156      0.427    12.6368  31.221036    26.1363      0.423  276.36520  276.51815    27.6533    11.1553 -9.990e-29
 129.465159      0.445    12.6347  31.213593    26.1309      0.441  276.38816  276.54103    27.7155    11.1674 -9.990e-29
 129.465162      0.472    12.6293  31.213593    26.1346      0.468  276.41263  276.56515    27.7000    11.1593 -9.990e-29
 129.465165      0.485    12.6252  31.219835    26.1432      0.481  276.41982  276.57203    27.6689    11.1553 -9.990e-29
 129.465168      0.496    12.6261  31.222583    26.1451      0.492  276.41106  276.56329    28.8673    11.5718 -9.990e-29
 129.465171      0.498    12.6297  31.229569    26.1491      0.494  276.38218  276.53458    28.7739    11.5556 -9.990e-29
 129.465174      0.507    12.6350  31.233463    26.1490      0.502  276.35143  276.50413    28.8517    11.5556 -9.990e-29
 129.465177      0.520    12.6404  31.231916    26.1439      0.515  276.32976  276.48282    28.9296    11.5435 -9.990e-29
 129.465179      0.531    12.6436  31.234092    26.1436      0.526  276.31141  276.46466    28.7117    11.5394 -9.990e-29
 129.465182      0.532    12.6457  31.235237    26.1432      0.528  276.29971  276.45309    29.2253    11.8670 -9.990e-29
 129.465185      0.534    12.6481  31.234664    26.1410      0.529  276.28980  276.44334    29.0541    11.8912 -9.990e-29
 129.465188      0.529    12.6491  31.236669    26.1422      0.524  276.28172  276.43530    29.1008    11.9155 -9.990e-29
 129.465191      0.516    12.6504  31.238158    26.1427      0.511  276.27327  276.42691    29.0696    11.9034 -9.990e-29
 129.465194      0.499    12.6523  31.237986    26.1412      0.495  276.26520  276.41897    27.1241    11.5233 -9.990e-29
 129.465197      0.481    12.6533  31.237585    26.1401      0.477  276.26108  276.41492    27.1241    11.5273 -9.990e-29
 129.465200      0.458    12.6541  31.236439    26.1386      0.454  276.25989  276.41379    27.3264    11.5718 -9.990e-29
 129.465203      0.449    12.6544  31.237985    26.1398      0.445  276.25552  276.40942    27.1397    11.5637 -9.990e-29
 129.465205      0.445    12.6556  31.239532    26.1404      0.441  276.24761  276.40158    27.0619    11.1674 -9.990e-29
 129.465208      0.445    12.6581  31.242681    26.1416      0.441  276.23042  276.38451    27.2175    11.1836 -9.990e-29
 129.465211      0.445    12.6609  31.244972    26.1418      0.441  276.21379  276.36804    27.2331    11.1998 -9.990e-29
 129.465214      0.433    12.6636  31.247320    26.1421      0.429  276.19737  276.35178    27.0930    11.1593 -9.990e-29
 129.465217      0.409    12.6672  31.249497    26.1416      0.405  276.17740  276.33201    26.6883    10.8439 -9.990e-29
 129.465220      0.385    12.6705  31.249897    26.1397      0.382  276.16155  276.31637    26.7973    10.8237 -9.990e-29
 129.465223      0.383    12.6733  31.250871    26.1386      0.380  276.14727  276.30226    26.6572    10.8480 -9.990e-29
 129.465226      0.396    12.6756  31.253964    26.1400      0.392  276.13116  276.28627    26.6572    10.8439 -9.990e-29
 129.465229      0.431    12.6786  31.256312    26.1390      0.427  276.11381  276.26909    26.6727    10.8318 0.0000e+00
 129.465231      0.476    12.6816  31.256484    26.1380      0.472  276.09970  276.25517    27.5599    11.2766 0.0000e+00
 129.465234      0.529    12.6845  31.258088    26.1378      0.524  276.08402  276.23965    27.7311    11.2523 0.0000e+00
 129.465237      0.569    12.6875  31.257400    26.1375      0.564  276.07176  276.22760    27.6844    11.2362 -9.990e-29
 129.465240      0.591    12.6901  31.259405    26.1348      0.586  276.05630  276.21229    27.6689    11.2645 -9.990e-29
 129.465243      0.602    12.6925  31.257858    26.1318      0.597  276.04845  276.20460    28.2759    11.3817 -9.990e-29
 129.465246      0.602    12.6940  31.258259    26.1310      0.597  276.04066  276.19691    28.2603    11.3575 -9.990e-29
 129.465249      0.584    12.6952  31.258087    26.1301      0.579  276.03581  276.19213    28.1358    11.4020 -9.990e-29
 129.465252      0.557    12.6961  31.253561    26.1253      0.552  276.03967  276.19609    28.3537    11.3656 -9.990e-29
 129.465255      0.524    12.6954  31.250239    26.1227      0.519  276.04878  276.20519    28.4004    11.7335 -9.990e-29
 129.465258      0.491    12.6933  31.249666    26.1236      0.486  276.05911  276.21539    28.5560    11.7295 -9.990e-29
 129.465260      0.463    12.6913  31.244626    26.1204      0.459  276.07707  276.23327    28.5560    11.7740 -9.990e-29
 129.465263      0.445    12.6886  31.242621    26.1204      0.441  276.09285  276.24890    28.5249    11.7457 -9.990e-29
 129.465266      0.445    12.6860  31.239357    26.1192      0.441  276.11057  276.26648    28.4626    11.7821 -9.990e-29
 129.465269      0.451    12.6828  31.240903    26.1228      0.447  276.12197  276.27767    28.3226    11.7659 -9.990e-29
 129.465272      0.444    12.6818  31.241877    26.1245      0.440  276.12506  276.28068    28.4315    11.7376 -9.990e-29
 129.465275      0.433    12.6821  31.240903    26.1234      0.429  276.12550  276.28115    28.4004    11.7457 -9.990e-29
 129.465278      0.420    12.6822  31.237753    26.1204      0.416  276.13046  276.28615    28.4938    11.7295 -9.990e-29
 129.465281      0.413    12.6808  31.237009    26.1207      0.409  276.13822  276.29382    26.2836    10.5326 -9.990e-29
 129.465284      0.412    12.6803  31.241648    26.1252      0.409  276.13188  276.28741    26.1280    10.5285 -9.990e-29
 129.465286      0.421    12.6821  31.243653    26.1259      0.418  276.12060  276.27622    26.2992    10.5002 -9.990e-29
 129.465289      0.440    12.6855  31.246688    26.1263      0.436  276.09976  276.25557    26.1747    10.5164 -9.990e-29
 129.465292      0.469    12.6889  31.251442    26.1283      0.465  276.07587  276.23186    27.2642    10.7873 -9.990e-29
 129.465295      0.505    12.6947  31.265477    26.1373      0.501  276.02486  276.18108    27.2331    10.8035 -9.990e-29
 129.465298      0.540    12.7056  31.268398    26.1324      0.535  275.97048  276.12737    27.2953    10.7994 -9.990e-29
 129.465301      0.558    12.7147  31.265704    26.1265      0.553  275.93411  276.09161    27.1552    10.7833 -9.990e-29
 129.465304      0.591    12.7202  31.272923    26.1265      0.586  275.89685  276.05463    26.3303    11.2887 0.0000e+00
 129.465307      0.620    12.7262  31.274641    26.1265      0.615  275.86648  276.02463    26.2836    11.3089 -9.990e-29
 129.465310      0.631    12.7327  31.276990    26.1216      0.625  275.83337  275.99190    26.5015    11.3089 -9.990e-29
 129.465313      0.651    12.7386  31.276818    26.1174      0.645  275.80699  275.96590    26.5015    11.2604 -9.990e-29
 129.465315      0.659    12.7429  31.274468    26.1122      0.653  275.79155  275.95076    27.5132    12.2430 -9.990e-29
 129.465318      0.662    12.7454  31.271144    26.1075      0.656  275.78652  275.94591    27.6222    12.2309 -9.990e-29
 129.465321      0.673    12.7445  31.268967    26.1060      0.667  275.79425  275.95361    27.7000    12.2632 -9.990e-29
 129.465324      0.684    12.7425  31.261176    26.1002      0.678  275.81710  275.97641    27.6377    12.2835 -9.990e-29
 129.465327      0.692    12.7374  31.261005    26.1036      0.685  275.84058  275.99956    27.7000    12.2592 -9.990e-29
 129.465330      0.692    12.7329  31.256880    26.1029      0.685  275.86785  276.02659    28.6183    12.4816 -9.990e-29
 129.465333      0.690    12.7282  31.246742    26.0968      0.684  275.90711  276.06564    28.4315    12.4533 -9.990e-29
 129.465336      0.703    12.7212  31.231336    26.0874      0.696  275.96604  276.12428    28.3848    12.4533 -9.990e-29
 129.465339      0.726    12.7080  31.213815    26.0890      0.720  276.05677  276.21433    28.5871    12.4614 -9.990e-29
 129.465341      0.765    12.6894  31.209351    26.0913      0.758  276.14877  276.30519    28.9140    12.7485 0.0000e+00
 129.465344      0.823    12.6751  31.203685    26.0937      0.816  276.22361  276.37916    29.0541    12.7283 0.0000e+00
 129.465347      0.894    12.6639  31.202885    26.1006      0.886  276.27561  276.43046    28.9451    12.6838 0.0000e+00
 129.465350      0.958    12.6565  31.197848    26.1010      0.949  276.31779  276.47222    29.1008    12.7242 0.0000e+00
 129.465353      1.007    12.6498  31.195903    26.1039      0.998  276.35188  276.50589    28.5560    13.2903 0.0000e+00
 129.465356      1.053    12.6443  31.194530    26.1064      1.043  276.37914  276.53282    28.4626    13.2620 0.0000e+00
 129.465359      1.085    12.6398  31.193729    26.1088      1.076  276.40087  276.55426    28.5249    13.2620 0.0000e+00
 129.465362      1.113    12.6356  31.192356    26.1096      1.103  276.42233  276.57547    28.7584    13.2661 0.0000e+00
 129.465365      1.145    12.6313  31.188063    26.1104      1.135  276.44933  276.60224    30.9685    13.9090 -9.990e-29
 129.465367      1.165    12.6256  31.187492    26.1128      1.155  276.47611  276.62866    30.9996    13.8928 -9.990e-29
 129.465370      1.182    12.6186  31.177591    26.1085      1.171  276.52568  276.67787    31.1241    13.9131 -9.990e-29
 129.465373      1.189    12.6084  31.181656    26.1193      1.179  276.56477  276.71626    31.0619    13.9131 -9.990e-29
 129.465376      1.184    12.6029  31.177764    26.1195      1.174  276.59651  276.74769    30.9218    13.8928 -9.990e-29
 129.465379      1.175    12.5980  31.162028    26.1083      1.165  276.64655  276.79757    30.7350    15.3485 -9.990e-29
 129.465382      1.164    12.5852  31.151502    26.1075      1.154  276.72365  276.87395    30.5015    15.3930 -9.990e-29
 129.465385      1.166    12.5697  31.156939    26.1232      1.156  276.78410  276.93334    30.6261    15.3728 -9.990e-29
 129.465388      1.179    12.5616  31.145097    26.1178      1.169  276.84203  276.99086    30.5794    15.3445 -9.990e-29
 129.465391      1.201    12.5517  31.142810    26.1226      1.190  276.89089  277.03911    29.6611    14.5317 -9.990e-29
 129.465394      1.226    12.5423  31.129369    26.1167      1.215  276.95784  277.10558    29.9101    14.5641 -9.990e-29
 129.465396      1.258    12.5300  31.120276    26.1176      1.246  277.02988  277.17692    29.8478    14.5479 0.0000e+00
 129.465399      1.296    12.5140  31.110156    26.1184      1.284  277.12086  277.26696    29.8634    14.5398 0.0000e+00
 129.465402      1.349    12.4979  31.111531    26.1308      1.337  277.19152  277.33656    31.5599    15.4052 0.0000e+00
 129.465405      1.414    12.4887  31.109302    26.1351      1.402  277.23743  277.38189    31.5132    15.3526 0.0000e+00
 129.465408      1.480    12.4824  31.104728    26.1351      1.467  277.27435  277.41846    31.4665    15.3971 0.0000e+00
 129.465411      1.540    12.4762  31.095581    26.1310      1.527  277.31887  277.46266    31.4043    15.3445 0.0000e+00
 129.465414      1.603    12.4669  31.085692    26.1282      1.588  277.37890  277.52219    31.5443    15.5952 0.0000e+00
 129.465417      1.648    12.4551  31.072146    26.1260      1.634  277.45713  277.59978    31.5288    15.5790 0.0000e+00
 129.465420      1.679    12.4403  31.069062    26.1238      1.664  277.53002  277.67174    31.5443    15.5507 -9.990e-29
 129.465422      1.692    12.4275  31.058262    26.1301      1.677  277.60781  277.74881    31.6222    15.5588 -9.990e-29
 129.465425      1.697    12.4130  31.043693    26.1267      1.682  277.70048  277.84067    31.4976    15.5750 -9.990e-29
 129.465428      1.688    12.3942  31.035925    26.1324      1.673  277.79988  277.93892    33.6299    16.0319 -9.990e-29
 129.465431      1.675    12.3777  31.030899    26.1393      1.660  277.88434  278.02235    33.7078    16.0117 -9.990e-29
 129.465434      1.661    12.3647  31.024503    26.1423      1.646  277.95518  278.09240    33.8478    16.0319 -9.990e-29
 129.465437      1.652    12.3558  31.025646    26.1496      1.637  277.99401  278.13064    33.7078    16.0036 -9.990e-29
 129.465440      1.650    12.3495  31.025647    26.1540      1.635  278.02268  278.15889    33.2097    15.1787 -9.990e-29
 129.465443      1.663    12.3459  31.025875    26.1567      1.648  278.03870  278.17467    33.2253    15.1625 -9.990e-29
 129.465446      1.688    12.3441  31.018108    26.1509      1.673  278.06117  278.19710    33.1941    15.1787 -9.990e-29
 129.465448      1.734    12.3394  31.014853    26.1490      1.718  278.08836  278.22401    33.3342    15.1747 0.0000e+00
