Processed/SBE19plus_01907321_2022_05_04_Cast09_wfilter.cnv
* Sea-Bird SBE19plus  Data File:
* FileName = E:\Prandtl Daten\2022\CTD\Raw\SBE19plus_01907321_2022_05_04_Cast09.hex
* Software version 2.6.1.12
* Temperature SN = 7321
* Conductivity SN = 7321
* System UpLoad Time = May 04 2022 07:04:40
* <ApplicationData>
* <Seaterm232>
** Messpraktikum 2022
** CTD 04.05 KFN Anfang
# nquan = 11
# nvalues = 328                         
# units = specified
# name 0 = timeJ: Julian Days
# name 1 = prdM: Pressure, Strain Gauge [db]
# name 2 = tv290C: Temperature [ITS-90, deg C]
# name 3 = c0mS/cm: Conductivity [mS/cm]
# name 4 = sal00: Salinity, Practical [PSU]
# name 5 = depSM: Depth [salt water, m], lat = 54.00
# name 6 = oxsatMm/Kg: Oxygen Saturation, Weiss [umol/kg]
# name 7 = oxsolMm/Kg: Oxygen Saturation, Garcia & Gordon [umol/kg]
# name 8 = turbWETntu0: Turbidity, WET Labs ECO [NTU]
# name 9 = flECO-AFL: Fluorescence, WET Labs ECO-AFL/FL [mg/m^3]
# name 10 = flag:  0.000e+00
# span 0 = 124.290136, 124.291082       
# span 1 =      0.676,      8.469       
# span 2 =    11.7874,    11.9313       
# span 3 =  31.820739,  32.049790       
# span 4 =    27.3020,    27.4135       
# span 5 =      0.670,      8.393       
# span 6 =  278.05420,  279.12166       
# span 7 =  278.15120,  279.21103       
# span 8 =    29.6455,    40.7739       
# span 9 =     8.7817,    11.9681       
# span 10 = 0.0000e+00, 0.0000e+00      
# interval = seconds: 0.25
# start_time = May 04 2022 06:56:32 [Instrument's time stamp, header]
# bad_flag = -9.990e-29
*END*
[from data line 132]
 124.290518      3.875    11.8291  31.895134    27.3417      3.840  278.79936  278.89083    36.5716    10.8641 0.0000e+00
 124.290521      3.903    11.8307  31.909108    27.3477      3.868  278.76620  278.85763    36.5249    10.8803 0.0000e+00
 124.290524      3.932    11.8353  31.912111    27.3538      3.896  278.73987  278.83158    36.4626    10.8561 -9.990e-29
 124.290527      3.955    11.8400  31.929321    27.3661      3.920  278.68654  278.77840    37.7856    11.6082 -9.990e-29
 124.290530      3.977    11.8464  31.940354    27.3761      3.941  278.63714  278.72933    37.6766    11.6244 -9.990e-29
 124.290532      4.006    11.8541  31.950752    27.3844      3.971  278.58295  278.67557    37.6922    11.6041 0.0000e+00
 124.290535      4.032    11.8617  31.974155    27.3831      3.996  278.50530  278.59820    37.6922    11.5920 0.0000e+00
 124.290538      4.063    11.8724  31.972362    27.3831      4.027  278.46020  278.55388    35.0774    11.3898 0.0000e+00
 124.290541      4.090    11.8788  31.966929    27.3742      4.054  278.44134  278.53553    35.0774    11.3413 0.0000e+00
 124.290544      4.122    11.8804  31.969125    27.3742      4.085  278.43006  278.52434    34.9996    11.3373 0.0000e+00
 124.290547      4.147    11.8813  31.978777    27.3784      4.110  278.40812  278.50236    35.0619    11.3494 0.0000e+00
 124.290550      4.174    11.8838  31.984383    27.3826      4.137  278.38644  278.48079    36.3848    11.2847 -9.990e-29
 124.290553      4.195    11.8867  31.992186    27.3913      4.157  278.35880  278.45327    36.5093    11.2968 -9.990e-29
 124.290556      4.213    11.8904  31.994383    27.3907      4.176  278.33808  278.43279    36.3381    11.2685 -9.990e-29
 124.290558      4.237    11.8938  31.999816    27.3933      4.199  278.31232  278.40721    36.4315    11.3049 -9.990e-29
 124.290561      4.251    11.8972  31.996983    27.3881      4.213  278.30248  278.39764    36.4938    11.3170 -9.990e-29
 124.290564      4.266    11.8987  31.998197    27.3882      4.227  278.29332  278.38858    35.9490    11.2281 -9.990e-29
 124.290567      4.282    11.8991  31.998197    27.3878      4.244  278.29145  278.38673    35.9334    11.2362 -9.990e-29
 124.290570      4.298    11.8993  31.999816    27.3892      4.260  278.28752  278.38280    36.0891    11.2685 -9.990e-29
 124.290573      4.316    11.8993  31.998429    27.3880      4.278  278.29041  278.38571    35.8089    11.2604 -9.990e-29
 124.290576      4.344    11.8984  31.995423    27.3858      4.305  278.30008  278.39534    38.0346    11.9478 -9.990e-29
 124.290579      4.367    11.8967  31.998834    27.3852      4.328  278.30134  278.39644    37.9724    11.9681 -9.990e-29
 124.290582      4.394    11.8951  31.992359    27.3903      4.355  278.32056  278.41563    37.8945    11.9398 0.0000e+00
 124.290584      4.424    11.8943  32.002650    27.3955      4.384  278.30501  278.39990    37.9257    11.9317 0.0000e+00
 124.290587      4.457    11.8963  32.009819    27.3989      4.417  278.28297  278.37792    37.2875    11.3777 0.0000e+00
 124.290590      4.486    11.9003  32.010859    27.4009      4.446  278.26283  278.35805    37.2408    11.3534 0.0000e+00
 124.290593      4.513    11.9029  32.015253    27.4011      4.473  278.24309  278.33845    37.1941    11.3292 0.0000e+00
 124.290596      4.542    11.9063  32.018491    27.4014      4.502  278.22172  278.31728    37.1941    11.3817 0.0000e+00
 124.290599      4.572    11.9092  32.017681    27.4017      4.531  278.21003  278.30581    37.4587    11.4343 -9.990e-29
 124.290602      4.593    11.9102  32.013865    27.3944      4.552  278.21238  278.30828    37.4432    11.4424 -9.990e-29
 124.290605      4.617    11.9094  32.016872    27.3978      4.575  278.21061  278.30642    37.4432    11.4586 -9.990e-29
 124.290608      4.637    11.9099  32.014675    27.3954      4.595  278.21249  278.30835    37.4743    11.4262 -9.990e-29
 124.290611      4.660    11.9096  32.017450    27.3983      4.619  278.20895  278.30475    37.3809    11.4060 -9.990e-29
 124.290613      4.684    11.9097  32.020804    27.3986      4.642  278.20213  278.29792    39.3576    11.3049 -9.990e-29
 124.290616      4.715    11.9112  32.019069    27.3984      4.673  278.19845  278.29435    39.5755    11.3049 0.0000e+00
 124.290619      4.743    11.9123  32.019474    27.3984      4.701  278.19269  278.28867    39.2642    11.2766 0.0000e+00
 124.290622      4.772    11.9126  32.018260    27.3981      4.729  278.19369  278.28971    39.4510    11.2645 -9.990e-29
 124.290625      4.796    11.9121  32.017046    27.3960      4.753  278.19815  278.29415    37.0229    11.3130 -9.990e-29
 124.290628      4.815    11.9114  32.016063    27.3955      4.772  278.20313  278.29909    37.0385    11.3292 -9.990e-29
 124.290631      4.835    11.9110  32.015658    27.3954      4.792  278.20578  278.30171    37.0229    11.3292 -9.990e-29
 124.290634      4.855    11.9106  32.016063    27.3961      4.812  278.20693  278.30283    36.8673    11.3130 -9.990e-29
 124.290637      4.874    11.9103  32.015485    27.3958      4.830  278.20927  278.30515    37.6922    11.1229 -9.990e-29
 124.290639      4.890    11.9098  32.015659    27.3963      4.847  278.21116  278.30701    37.6299    11.1229 -9.990e-29
 124.290642      4.905    11.9096  32.015485    27.3963      4.861  278.21275  278.30858    37.6766    11.0704 -9.990e-29
 124.290645      4.918    11.9096  32.016237    27.3970      4.874  278.21137  278.30719    37.6144    11.0865 -9.990e-29
 124.290648      4.936    11.9096  32.014271    27.3970      4.892  278.21501  278.31086    40.1358    11.4222 -9.990e-29
 124.290651      4.964    11.9090  32.015832    27.3963      4.919  278.21466  278.31045    40.1358    11.4424 0.0000e+00
 124.290654      4.993    11.9091  32.014445    27.3956      4.948  278.21662  278.31243    39.9957    11.4262 0.0000e+00
 124.290657      5.028    11.9089  32.014271    27.3956      4.983  278.21822  278.31402    40.3848    11.4141 0.0000e+00
 124.290660      5.060    11.9087  32.013867    27.3954      5.015  278.21962  278.31541    40.1047    11.4060 0.0000e+00
 124.290663      5.100    11.9086  32.013462    27.3951      5.055  278.22102  278.31681    37.5366    11.1391 0.0000e+00
 124.290666      5.137    11.9082  32.011843    27.3938      5.091  278.22561  278.32139    37.3031    11.1351 0.0000e+00
 124.290668      5.170    11.9077  32.010860    27.3932      5.123  278.22965  278.32541    37.5366    11.1836 0.0000e+00
 124.290671      5.197    11.9070  32.010225    27.3931      5.151  278.23431  278.33002    37.3809    11.1836 0.0000e+00
 124.290674      5.227    11.9066  32.008432    27.3931      5.180  278.23953  278.33523    33.4120    10.8237 -9.990e-29
 124.290677      5.250    11.9055  32.008953    27.3930      5.203  278.24330  278.33892    33.2253    10.8278 -9.990e-29
 124.290680      5.265    11.9045  32.009416    27.3942      5.218  278.24717  278.34271    33.2564    10.8318 -9.990e-29
 124.290683      5.274    11.9046  32.009820    27.3945      5.227  278.24580  278.34134    33.3031    10.8075 -9.990e-29
 124.290686      5.283    11.9054  32.009820    27.3939      5.236  278.24235  278.33795    36.3226    11.0906 -9.990e-29
 124.290689      5.297    11.9064  32.009820    27.3932      5.250  278.23795  278.33362    36.1825    11.1149 -9.990e-29
 124.290692      5.308    11.9067  32.009647    27.3928      5.261  278.23671  278.33241    36.1980    11.0623 -9.990e-29
 124.290694      5.326    11.9068  32.009242    27.3923      5.279  278.23716  278.33286    36.2136    11.0865 -9.990e-29
 124.290697      5.350    11.9066  32.010052    27.3931      5.303  278.23630  278.33199    38.7039    11.2038 -9.990e-29
 124.290700      5.376    11.9068  32.010052    27.3922      5.328  278.23569  278.33139    38.7350    11.1270 0.0000e+00
 124.290703      5.403    11.9067  32.008028    27.3912      5.355  278.23977  278.33548    38.6416    11.1674 0.0000e+00
 124.290706      5.438    11.9057  32.006814    27.3912      5.389  278.24644  278.34210    38.7039    11.1391 0.0000e+00
 124.290709      5.470    11.9050  32.008838    27.3932      5.422  278.24618  278.34176    38.6572    11.1634 0.0000e+00
 124.290712      5.513    11.9047  32.009359    27.3939      5.463  278.24650  278.34206    36.8984    11.2402 0.0000e+00
 124.290715      5.548    11.9051  32.010457    27.3941      5.498  278.24261  278.33818    36.8517    11.2442 0.0000e+00
 124.290718      5.577    11.9058  32.010457    27.3944      5.527  278.23948  278.33511    37.0074    11.2079 0.0000e+00
 124.290720      5.604    11.9059  32.009417    27.3941      5.554  278.24080  278.33644    36.9607    11.2766 -9.990e-29
 124.290723      5.626    11.9060  32.010457    27.3939      5.575  278.23857  278.33421    37.7233    11.0946 -9.990e-29
 124.290726      5.644    11.9061  32.009821    27.3933      5.594  278.23945  278.33510    37.5677    11.1149 -9.990e-29
 124.290729      5.657    11.9057  32.008839    27.3926      5.606  278.24316  278.33879    37.6611    11.1674 -9.990e-29
 124.290732      5.673    11.9052  32.009822    27.3939      5.622  278.24324  278.33883    37.6455    11.0865 -9.990e-29
 124.290735      5.691    11.9054  32.009243    27.3932      5.641  278.24338  278.33899    36.4938    11.3211 -9.990e-29
 124.290738      5.711    11.9054  32.009070    27.3930      5.660  278.24371  278.33933    36.5249    11.2766 -9.990e-29
 124.290741      5.732    11.9050  32.009244    27.3934      5.681  278.24529  278.34088    36.4315    11.3130 -9.990e-29
 124.290744      5.759    11.9050  32.009128    27.3931      5.708  278.24584  278.34142    36.4938    11.2887 0.0000e+00
 124.290747      5.788    11.9050  32.008666    27.3932      5.737  278.24640  278.34199    36.4626    11.3130 0.0000e+00
 124.290749      5.818    11.9051  32.009070    27.3929      5.765  278.24536  278.34095    36.5560    11.3049 0.0000e+00
 124.290752      5.854    11.9051  32.006642    27.3920      5.801  278.24987  278.34549    36.4315    11.3089 0.0000e+00
 124.290755      5.883    11.9047  32.006816    27.3909      5.830  278.25146  278.34705    36.4938    11.2968 -9.990e-29
 124.290758      5.907    11.9042  32.004041    27.3891      5.854  278.25881  278.35439    36.4938    11.2887 -9.990e-29
 124.290761      5.930    11.9037  32.003405    27.3888      5.877  278.26220  278.35776    36.8829    10.9208 -9.990e-29
 124.290764      5.956    11.9032  32.002653    27.3885      5.903  278.26612  278.36165    36.6805    10.9167 -9.990e-29
 124.290767      5.976    11.9025  32.001208    27.3876      5.923  278.27164  278.36714    36.7117    10.8803 -9.990e-29
 124.290770      5.998    11.9021  32.002654    27.3893      5.945  278.27087  278.36632    36.7584    10.9410 -9.990e-29
 124.290773      6.015    11.9021  32.002018    27.3887      5.961  278.27206  278.36752    36.1202    11.3898 -9.990e-29
 124.290775      6.033    11.9021  32.004157    27.3907      5.979  278.26811  278.36355    36.2603    11.3211 -9.990e-29
 124.290778      6.053    11.9024  32.004446    27.3907      5.999  278.26634  278.36179    36.3848    11.3858 -9.990e-29
 124.290781      6.070    11.9023  32.003001    27.3894      6.015  278.26933  278.36480    36.2292    11.3575 -9.990e-29
 124.290784      6.092    11.9021  32.001613    27.3882      6.037  278.27286  278.36832    35.8712    11.3292 -9.990e-29
 124.290787      6.111    11.9018  32.003232    27.3915      6.057  278.27145  278.36687    35.9334    11.3089 -9.990e-29
 124.290790      6.141    11.9018  32.004851    27.3903      6.086  278.26816  278.36357    35.9646    11.3777 0.0000e+00
 124.290793      6.168    11.9019  32.002423    27.3910      6.113  278.27236  278.36780    36.0891    11.3736 0.0000e+00
 124.290796      6.197    11.9020  32.004447    27.3910      6.142  278.26832  278.36374    35.2642    11.0542 0.0000e+00
 124.290799      6.231    11.9020  32.006817    27.3932      6.175  278.26396  278.35936    35.3264    11.0259 0.0000e+00
 124.290802      6.262    11.9025  32.008031    27.3940      6.206  278.25954  278.35495    35.3264    11.0461 0.0000e+00
 124.290804      6.292    11.9036  32.009072    27.3940      6.236  278.25260  278.34809    35.2019    11.0623 0.0000e+00
 124.290807      6.322    11.9045  32.008436    27.3935      6.265  278.24940  278.34496    35.2019    11.0785 0.0000e+00
 124.290810      6.353    11.9045  32.007627    27.3928      6.296  278.25091  278.34648    39.4510    10.9005 -9.990e-29
 124.290813      6.376    11.9041  32.009650    27.3943      6.319  278.24939  278.34490    39.5288    10.9410 -9.990e-29
 124.290816      6.401    11.9037  32.009072    27.3940      6.343  278.25205  278.34754    39.3576    10.8965 -9.990e-29
 124.290819      6.420    11.9036  32.014854    27.3995      6.363  278.24168  278.33711    39.4665    10.8965 -9.990e-29
 124.290822      6.437    11.9054  32.015837    27.3992      6.379  278.23202  278.32756    37.0541    10.9127 -9.990e-29
 124.290825      6.455    11.9073  32.016473    27.3984      6.397  278.22237  278.31803    36.8984    10.8965 -9.990e-29
 124.290828      6.469    11.9084  32.019249    27.4001      6.412  278.21190  278.30762    36.9296    10.9329 -9.990e-29
 124.290830      6.488    11.9098  32.020694    27.4005      6.430  278.20295  278.29875    37.0852    10.8884 -9.990e-29
 124.290833      6.506    11.9112  32.020694    27.3995      6.448  278.19668  278.29258    37.6611    11.2887 -9.990e-29
 124.290836      6.530    11.9121  32.021504    27.3996      6.471  278.19111  278.28707    37.5988    11.2604 -9.990e-29
 124.290839      6.550    11.9130  32.021908    27.3989      6.492  278.18661  278.28261    37.6922    11.3170 -9.990e-29
 124.290842      6.577    11.9131  32.021561    27.3991      6.519  278.18664  278.28266    37.6455    11.3575 0.0000e+00
 124.290845      6.610    11.9132  32.022082    27.3993      6.551  278.18507  278.28110    37.8945    11.3292 0.0000e+00
 124.290848      6.641    11.9133  32.023470    27.4005      6.582  278.18221  278.27823    38.0657    11.3494 0.0000e+00
 124.290851      6.672    11.9135  32.023875    27.4006      6.612  278.18054  278.27657    37.9568    11.4020 0.0000e+00
 124.290854      6.699    11.9139  32.025089    27.4007      6.639  278.17674  278.27278    38.0657    11.3575 -9.990e-29
 124.290856      6.723    11.9142  32.023065    27.3994      6.663  278.17893  278.27501    37.9568    11.3858 -9.990e-29
 124.290859      6.745    11.9139  32.023297    27.3999      6.685  278.18009  278.27615    35.1085    10.7469 -9.990e-29
 124.290862      6.771    11.9135  32.022082    27.3990      6.710  278.18392  278.27997    34.9840    10.6903 -9.990e-29
 124.290865      6.787    11.9130  32.022083    27.3994      6.726  278.18645  278.28245    34.9062    10.7711 -9.990e-29
 124.290868      6.811    11.9127  32.024511    27.4018      6.750  278.18292  278.27888    34.9062    10.7307 -9.990e-29
 124.290871      6.829    11.9134  32.023297    27.4002      6.768  278.18235  278.27837    35.7934    11.1917 -9.990e-29
 124.290874      6.847    11.9139  32.023471    27.4000      6.786  278.17952  278.27558    35.7311    11.1472 -9.990e-29
 124.290877      6.868    11.9143  32.022487    27.3988      6.806  278.17978  278.27588    35.6844    11.1957 -9.990e-29
 124.290880      6.893    11.9141  32.020290    27.3952      6.832  278.18480  278.28091    35.6844    11.1836 -9.990e-29
 124.290883      6.920    11.9137  32.018266    27.3955      6.858  278.19045  278.28655    34.8128    11.1027 0.0000e+00
 124.290885      6.950    11.9131  32.018498    27.3952      6.888  278.19256  278.28861    34.6572    11.0785 0.0000e+00
 124.290888      6.984    11.9124  32.014277    27.3924      6.922  278.20352  278.29958    34.7350    11.1310 0.0000e+00
 124.290891      7.015    11.9109  32.012658    27.3924      6.952  278.21314  278.30911    34.6883    11.1189 0.0000e+00
