Processed/SBE19plus_01907321_2022_05_06_Cast41_wfilter.cnv
* Sea-Bird SBE19plus  Data File:
* FileName = E:\Prandtl Daten\2022\CTD\Raw\SBE19plus_01907321_2022_05_06_Cast41.hex
* Software version 2.6.1.12
* Temperature SN = 7321
* Conductivity SN = 7321
* System UpLoad Time = May 06 2022 08:29:23
* <ApplicationData>
* <Seaterm232>
** Messpraktikum 2022
** CTD 06.05 BW2
** NMEA Latitude = 54 07.81 N
** NMEA Longitude = 008 44.917 E
# nquan = 11
# nvalues = 617                         
# units = specified
# name 0 = timeJ: Julian Days
# name 1 = prdM: Pressure, Strain Gauge [db]
# name 2 = tv290C: Temperature [ITS-90, deg C]
# name 3 = c0mS/cm: Conductivity [mS/cm]
# name 4 = sal00: Salinity, Practical [PSU]
# name 5 = depSM: Depth [salt water, m], lat = 54.00
# name 6 = oxsatMm/Kg: Oxygen Saturation, Weiss [umol/kg]
# name 7 = oxsolMm/Kg: Oxygen Saturation, Garcia & Gordon [umol/kg]
# name 8 = turbWETntu0: Turbidity, WET Labs ECO [NTU]
# name 9 = flECO-AFL: Fluorescence, WET Labs ECO-AFL/FL [mg/m^3]
# name 10 = flag:  0.000e+00
# span 0 = 126.347630, 126.349413       
# span 1 =      0.627,     15.301       
# span 2 =    12.7000,    12.7245       
# span 3 =  32.217966,  32.241007       
# span 4 =    27.0088,    27.0224       
# span 5 =      0.621,     15.163       
# span 6 =  274.16887,  274.30798       
# span 7 =  274.31777,  274.45546       
# span 8 =    17.6611,    80.4938       
# span 9 =     7.9204,    14.2446       
# span 10 = 0.0000e+00, 0.0000e+00      
# interval = seconds: 0.25
# start_time = May 06 2022 08:19:19 [Instrument's time stamp, header]
# bad_flag = -9.990e-29
*END*
[from data line 525]
 126.349149     13.236    12.7109  32.238577    27.0219     13.117  274.23056  274.37859    43.6377    12.6150 -9.990e-29
 126.349152     13.265    12.7107  32.238577    27.0220     13.146  274.23153  274.37954    43.6377    12.6514 0.0000e+00
 126.349155     13.298    12.7109  32.238983    27.0221     13.179  274.22988  274.37790    43.5443    12.7000 0.0000e+00
 126.349158     13.325    12.7109  32.239099    27.0221     13.206  274.23001  274.37802    43.5288    12.6191 0.0000e+00
 126.349161     13.360    12.7110  32.238983    27.0222     13.240  274.22961  274.37763    45.6144    12.7606 0.0000e+00
 126.349164     13.389    12.7109  32.239215    27.0222     13.269  274.22953  274.37755    45.8790    12.7525 0.0000e+00
 126.349167     13.418    12.7109  32.238983    27.0223     13.298  274.22996  274.37798    45.7389    12.8011 -9.990e-29
 126.349170     13.442    12.7109  32.238578    27.0217     13.321  274.23070  274.37872    45.7389    12.8132 -9.990e-29
 126.349172     13.466    12.7110  32.238578    27.0216     13.345  274.23040  274.37843    48.3226    12.6231 -9.990e-29
 126.349175     13.484    12.7109  32.238810    27.0219     13.363  274.23031  274.37834    48.2603    12.6312 -9.990e-29
 126.349178     13.502    12.7108  32.239100    27.0222     13.381  274.23044  274.37845    48.1825    12.6272 -9.990e-29
 126.349181     13.515    12.7109  32.238172    27.0213     13.394  274.23178  274.37980    48.1669    12.6393 -9.990e-29
 126.349184     13.535    12.7109  32.237592    27.0208     13.414  274.23282  274.38085    47.2642    12.9709 -9.990e-29
 126.349187     13.555    12.7107  32.238578    27.0219     13.434  274.23172  274.37973    47.2642    12.9588 -9.990e-29
 126.349190     13.581    12.7105  32.238578    27.0217     13.459  274.23268  274.38068    47.1708    12.9628 0.0000e+00
 126.349193     13.610    12.7105  32.238172    27.0219     13.488  274.23342  274.38142    47.2486    12.9345 0.0000e+00
 126.349196     13.639    12.7104  32.238578    27.0218     13.516  274.23335  274.38134    47.9490    13.0679 0.0000e+00
 126.349198     13.664    12.7105  32.238520    27.0219     13.542  274.23284  274.38083    47.9646    13.1043 0.0000e+00
 126.349201     13.697    12.7104  32.238579    27.0218     13.574  274.23307  274.38106    47.9957    13.1003 -9.990e-29
 126.349204     13.719    12.7104  32.237767    27.0212     13.596  274.23452  274.38253    48.0735    13.0962 -9.990e-29
 126.349207     13.741    12.7101  32.238405    27.0220     13.618  274.23498  274.38296    48.0735    13.0598 -9.990e-29
 126.349210     13.772    12.7102  32.238579    27.0221     13.648  274.23406  274.38205    48.4159    13.0477 -9.990e-29
 126.349213     13.790    12.7102  32.238405    27.0219     13.667  274.23470  274.38268    48.6027    13.0639 -9.990e-29
 126.349216     13.810    12.7102  32.238811    27.0223     13.687  274.23368  274.38166    48.5716    13.0962 -9.990e-29
 126.349219     13.821    12.7102  32.238695    27.0222     13.697  274.23421  274.38218    48.5249    13.0801 -9.990e-29
 126.349222     13.845    12.7103  32.238173    27.0216     13.721  274.23452  274.38251    47.4665    12.8213 -9.990e-29
 126.349225     13.863    12.7102  32.237999    27.0220     13.739  274.23547  274.38345    47.5910    12.8415 -9.990e-29
 126.349227     13.891    12.7101  32.238405    27.0220     13.766  274.23508  274.38305    47.5132    12.8455 0.0000e+00
 126.349230     13.918    12.7101  32.238405    27.0220     13.793  274.23510  274.38307    47.5132    12.8051 0.0000e+00
 126.349233     13.951    12.7099  32.238405    27.0220     13.826  274.23575  274.38372    53.6455    13.1690 0.0000e+00
 126.349236     13.986    12.7100  32.237188    27.0215     13.860  274.23762  274.38560    53.7389    13.1892 0.0000e+00
 126.349239     14.015    12.7098  32.237942    27.0209     13.889  274.23725  274.38521    53.6299    13.2095 -9.990e-29
 126.349242     14.039    12.7095  32.236956    27.0210     13.913  274.24027  274.38822    53.6766    13.1771 -9.990e-29
 126.349245     14.066    12.7095  32.238000    27.0219     13.940  274.23844  274.38638    48.6961    13.1367 -9.990e-29
 126.349248     14.091    12.7092  32.237768    27.0220     13.965  274.24045  274.38836    48.8050    13.1245 -9.990e-29
 126.349251     14.113    12.7090  32.237188    27.0215     13.986  274.24212  274.39004    48.6027    13.1407 -9.990e-29
 126.349253     14.131    12.7090  32.237768    27.0221     14.004  274.24110  274.38901    48.6961    13.1245 -9.990e-29
 126.349256     14.146    12.7092  32.237362    27.0216     14.019  274.24120  274.38912    48.8673    13.1205 -9.990e-29
 126.349259     14.164    12.7090  32.237363    27.0217     14.037  274.24184  274.38976    49.5521    13.0518 -9.990e-29
 126.349262     14.182    12.7087  32.236145    27.0207     14.055  274.24528  274.39319    49.8012    13.0922 -9.990e-29
 126.349265     14.204    12.7086  32.237189    27.0218     14.077  274.24407  274.39196    49.6299    13.0558 -9.990e-29
 126.349268     14.233    12.7083  32.236783    27.0216     14.105  274.24607  274.39395    49.7856    13.1003 -9.990e-29
 126.349271     14.257    12.7082  32.235971    27.0208     14.129  274.24785  274.39572    53.2408    14.0627 -9.990e-29
 126.349274     14.286    12.7081  32.235740    27.0209     14.158  274.24891  274.39678    53.2097    14.0748 0.0000e+00
 126.349277     14.317    12.7083  32.236204    27.0210     14.188  274.24716  274.39504    53.1630    14.0788 0.0000e+00
 126.349280     14.346    12.7082  32.236957    27.0216     14.217  274.24647  274.39433    53.3965    14.0182 0.0000e+00
 126.349282     14.375    12.7080  32.236552    27.0217     14.246  274.24784  274.39570    51.3264    13.0598 0.0000e+00
 126.349285     14.403    12.7078  32.236378    27.0216     14.274  274.24911  274.39696    51.3264    13.0881 -9.990e-29
 126.349288     14.425    12.7078  32.236784    27.0219     14.295  274.24841  274.39625    51.2331    13.0679 -9.990e-29
 126.349291     14.445    12.7077  32.236784    27.0220     14.315  274.24905  274.39688    51.2019    13.0679 -9.990e-29
 126.349294     14.463    12.7080  32.236958    27.0220     14.334  274.24749  274.39534    54.8595    13.3672 -9.990e-29
 126.349297     14.478    12.7079  32.236784    27.0218     14.348  274.24813  274.39597    54.9840    13.3955 -9.990e-29
 126.349300     14.500    12.7080  32.236784    27.0218     14.370  274.24782  274.39567    54.8595    13.4116 -9.990e-29
 126.349303     14.520    12.7079  32.236378    27.0219     14.390  274.24887  274.39672    54.7973    13.3672 -9.990e-29
 126.349306     14.545    12.7078  32.236784    27.0219     14.415  274.24848  274.39633    54.7973    13.3874 0.0000e+00
 126.349308     14.573    12.7076  32.236784    27.0219     14.442  274.24945  274.39728    55.4354    13.7190 0.0000e+00
 126.349311     14.602    12.7076  32.236378    27.0216     14.471  274.25019  274.39802    55.5132    13.6907 0.0000e+00
 126.349314     14.629    12.7075  32.235741    27.0216     14.498  274.25165  274.39949    55.4665    13.6947 0.0000e+00
 126.349317     14.655    12.7074  32.236379    27.0211     14.523  274.25117  274.39899    55.4198    13.6987 0.0000e+00
 126.349320     14.682    12.7075  32.234755    27.0209     14.551  274.25344  274.40128    55.8712    13.8200 0.0000e+00
 126.349323     14.711    12.7072  32.235567    27.0201     14.580  274.25328  274.40109    55.7000    13.8403 -9.990e-29
 126.349326     14.732    12.7070  32.235741    27.0214     14.600  274.25424  274.40204    55.8401    13.8241 -9.990e-29
 126.349329     14.751    12.7068  32.235335    27.0212     14.619  274.25561  274.40340    55.7311    13.8362 -9.990e-29
 126.349332     14.772    12.7068  32.235567    27.0214     14.639  274.25521  274.40300    58.3926    13.9737 -9.990e-29
 126.349334     14.785    12.7067  32.235567    27.0214     14.652  274.25553  274.40332    58.2214    13.9211 -9.990e-29
 126.349337     14.805    12.7066  32.233886    27.0200     14.672  274.25916  274.40695    58.3303    13.9858 -9.990e-29
 126.349340     14.826    12.7065  32.233944    27.0213     14.694  274.25971  274.40749    58.2058    13.9616 -9.990e-29
 126.349343     14.854    12.7063  32.235162    27.0214     14.721  274.25819  274.40595    54.9062    14.0344 0.0000e+00
 126.349346     14.888    12.7063  32.235336    27.0215     14.755  274.25791  274.40567    54.9996    14.0182 0.0000e+00
 126.349349     14.918    12.7062  32.235568    27.0215     14.784  274.25783  274.40558    54.9685    14.0424 0.0000e+00
 126.349352     14.949    12.7062  32.235162    27.0213     14.815  274.25857  274.40633    54.8595    14.0101 0.0000e+00
 126.349355     14.982    12.7063  32.234466    27.0213     14.847  274.25951  274.40728    54.7506    14.0344 0.0000e+00
 126.349358     15.007    12.7062  32.235162    27.0210     14.873  274.25892  274.40668    55.1864    13.0113 0.0000e+00
 126.349361     15.036    12.7062  32.234930    27.0214     14.902  274.25904  274.40680    54.9062    13.0194 -9.990e-29
 126.349363     15.058    12.7061  32.233771    27.0201     14.923  274.26174  274.40950    54.9996    12.9871 -9.990e-29
 126.349366     15.080    12.7063  32.235336    27.0214     14.945  274.25803  274.40579    54.9685    12.9749 -9.990e-29
 126.349369     15.098    12.7064  32.235336    27.0214     14.963  274.25773  274.40549    53.7389    13.5976 -9.990e-29
 126.349372     15.111    12.7065  32.235742    27.0216     14.976  274.25638  274.40415    53.7700    13.5653 -9.990e-29
 126.349375     15.129    12.7065  32.236032    27.0219     14.994  274.25588  274.40365    53.5988    13.5491 -9.990e-29
 126.349378     15.149    12.7067  32.236148    27.0218     15.013  274.25474  274.40252    53.8012    13.5653 -9.990e-29
 126.349381     15.167    12.7068  32.235569    27.0212     15.031  274.25547  274.40326    58.2836    14.2002 -9.990e-29
 126.349384     15.191    12.7070  32.235974    27.0214     15.055  274.25382  274.40162    58.2836    14.2123 -9.990e-29
 126.349387     15.220    12.7071  32.235975    27.0209     15.084  274.25352  274.40132    58.2214    14.2446 0.0000e+00
 126.349389     15.249    12.7071  32.234931    27.0209     15.113  274.25539  274.40321    58.4393    14.1961 0.0000e+00
 126.349392     15.280    12.7070  32.236149    27.0204     15.143  274.25388  274.40167    57.4743    13.2014 -9.990e-29
 126.349395     15.297    12.7070  32.236207    27.0217     15.160  274.25379  274.40158    57.5366    13.1892 -9.990e-29
 126.349398     15.299    12.7070  32.235337    27.0209     15.162  274.25533  274.40313    57.5833    13.1933 -9.990e-29
 126.349401     15.300    12.7069  32.235569    27.0211     15.163  274.25524  274.40303    57.5521    13.1812 -9.990e-29
 126.349404     15.297    12.7067  32.235743    27.0214     15.160  274.25556  274.40334    57.3654    13.1933 -9.990e-29
 126.349407     15.295    12.7068  32.235569    27.0212     15.158  274.25555  274.40334    80.4938    13.8120 -9.990e-29
 126.349410     15.300    12.7069  32.235163    27.0208     15.163  274.25596  274.40376    80.3692    13.8969 -9.990e-29
 126.349413     15.301    12.7067  32.235163    27.0209     15.163  274.25659  274.40438    80.4626    13.8322 -9.990e-29
