Processed/SBE19plus_01907321_2022_05_09_Cast102_wfilter.cnv
* Sea-Bird SBE19plus  Data File:
* FileName = E:\Prandtl_Daten\2022\CTD\Raw\SBE19plus_01907321_2022_05_09_102.hex
* Software version 2.6.1.12
* Temperature SN = 7321
* Conductivity SN = 7321
* System UpLoad Time = May 09 2022 13:10:44
* <ApplicationData>
* <Seaterm232>
** Messpraktikum 2022
** CTD 09.05 SW1
** NMEA Latitude = 54 07 576N
** NMEA Longitude = 008 42 336E
# nquan = 11
# nvalues = 383                         
# units = specified
# name 0 = timeJ: Julian Days
# name 1 = prdM: Pressure, Strain Gauge [db]
# name 2 = tv290C: Temperature [ITS-90, deg C]
# name 3 = c0mS/cm: Conductivity [mS/cm]
# name 4 = sal00: Salinity, Practical [PSU]
# name 5 = depSM: Depth [salt water, m], lat = 54.00
# name 6 = oxsatMm/Kg: Oxygen Saturation, Weiss [umol/kg]
# name 7 = oxsolMm/Kg: Oxygen Saturation, Garcia & Gordon [umol/kg]
# name 8 = turbWETntu0: Turbidity, WET Labs ECO [NTU]
# name 9 = flECO-AFL: Fluorescence, WET Labs ECO-AFL/FL [mg/m^3]
# name 10 = flag:  0.000e+00
# span 0 = 129.544922, 129.546027       
# span 1 =      0.557,      9.254       
# span 2 =    13.1081,    14.1448       
# span 3 =  32.548536,  33.359208       
# span 4 =    26.9395,    27.0415       
# span 5 =      0.552,      9.172       
# span 6 =  266.14294,  271.93938       
# span 7 =  266.36971,  272.11005       
# span 8 =     1.5210,    39.3264       
# span 9 =     1.7134,    10.1727       
# span 10 = 0.0000e+00, 0.0000e+00      
# interval = seconds: 0.25
# start_time = May 09 2022 13:03:27 [Instrument's time stamp, header]
# bad_flag = -9.990e-29
*END*
 129.544922      0.557    14.1396  33.359208    27.0374      0.552  266.15518  266.38167     1.8012     1.8307 -9.990e-29
 129.544925      0.575    14.1439  33.355623    27.0311      0.570  266.14294  266.36971     1.7700     1.8145 -9.990e-29
 129.544928      0.599    14.1448  33.343461    27.0197      0.594  266.15958  266.38649     1.8634     1.8347 -9.990e-29
 129.544931      0.621    14.1400  33.347691    27.0268      0.616  266.17267  266.39927     1.8790     1.7700 -9.990e-29
 129.544933      0.645    14.1363  33.312741    26.9947      0.639  266.24577  266.47242     1.7233     1.7740 -9.990e-29
 129.544936      0.674    14.1198  33.296183    26.9985      0.668  266.34246  266.56828     1.8634     1.7821 0.0000e+00
 129.544939      0.712    14.0971  33.286967    26.9985      0.706  266.45307  266.67764     1.9412     1.7134 0.0000e+00
 129.544942      0.745    14.0793  33.287380    27.0023      0.739  266.52705  266.75058     1.8323     1.7619 -9.990e-29
 129.544945      0.764    14.0678  33.293370    27.0285      0.757  266.56542  266.78823     1.7545     1.7862 -9.990e-29
 129.544948      0.780    14.0654  33.294721    27.0314      0.773  266.57322  266.79588     1.6922     1.8468 -9.990e-29
 129.544951      0.786    14.0654  33.295543    27.0321      0.779  266.57186  266.79452     1.5521     1.8954 -9.990e-29
 129.544954      0.795    14.0662  33.295778    27.0317      0.788  266.56803  266.79073     1.5210     1.9156 -9.990e-29
 129.544957      0.804    14.0671  33.296835    27.0321      0.797  266.56252  266.78527     1.5521     1.8630 -9.990e-29
 129.544959      0.822    14.0677  33.293958    27.0291      0.815  266.56510  266.78790     2.1436     1.9762 -9.990e-29
 129.544962      0.842    14.0665  33.290494    27.0229      0.835  266.57556  266.79832     2.1436     1.9115 -9.990e-29
 129.544965      0.868    14.0644  33.284564    27.0158      0.860  266.59418  266.81687     2.2058     1.9641 0.0000e+00
 129.544968      0.904    14.0592  33.264724    27.0139      0.896  266.64905  266.87158     2.1280     1.9762 0.0000e+00
 129.544971      0.946    14.0468  33.260910    27.0087      0.938  266.70746  266.92930     2.2058     2.1420 0.0000e+00
 129.544974      0.983    14.0342  33.234445    27.0127      0.974  266.80473  267.02603     2.0657     2.1339 0.0000e+00
 129.544977      1.021    14.0158  33.235386    27.0058      1.012  266.88068  267.10089     2.0969     2.1339 0.0000e+00
 129.544980      1.048    14.0026  33.212097    27.0127      1.039  266.97493  267.19456     2.0813     2.1420 -9.990e-29
 129.544983      1.068    13.9853  33.182188    26.9862      1.059  267.09751  267.31635     2.9996     2.4251 -9.990e-29
 129.544986      1.075    13.9594  33.146663    26.9723      1.066  267.26593  267.48353     2.7506     2.4493 -9.990e-29
 129.544988      1.079    13.9220  33.081222    26.9395      1.069  267.53312  267.74903     2.7973     2.5140 -9.990e-29
 129.544991      1.085    13.8680  33.068226    26.9656      1.075  267.78360  267.99642     2.8128     2.4695 -9.990e-29
 129.544994      1.099    13.8218  33.037845    26.9706      1.089  268.03059  268.24090     2.4860     2.4534 -9.990e-29
 129.544997      1.125    13.7791  33.009697    26.9751      1.115  268.25920  268.46719     2.7506     2.5666 -9.990e-29
 129.545000      1.146    13.7396  32.990861    27.0080      1.136  268.45903  268.66481     2.6572     2.4695 -9.990e-29
 129.545003      1.185    13.7093  32.991859    27.0056      1.174  268.58649  268.79043     2.4860     2.5828 0.0000e+00
 129.545006      1.225    13.6906  32.972205    27.0080      1.214  268.69917  268.90216     2.6883     2.5302 0.0000e+00
 129.545009      1.260    13.6730  32.973670    27.0170      1.248  268.77179  268.97370     2.3459     2.5342 0.0000e+00
 129.545012      1.293    13.6609  32.968524    27.0190      1.281  268.83234  269.03356     2.2681     2.5059 0.0000e+00
 129.545014      1.318    13.6542  32.964313    27.0209      1.306  268.86806  269.06891     2.2836     2.4817 -9.990e-29
 129.545017      1.338    13.6473  32.951273    27.0148      1.326  268.91936  269.11990     2.1903     2.5221 -9.990e-29
 129.545020      1.344    13.6361  32.941100    27.0135      1.332  268.98465  269.18460     2.3303     2.6515 -9.990e-29
 129.545023      1.344    13.6242  32.928004    27.0099      1.332  269.05743  269.25676     2.4237     2.6798 -9.990e-29
 129.545026      1.348    13.6111  32.924732    27.0162      1.336  269.11890  269.31747     2.4082     2.6475 -9.990e-29
 129.545029      1.357    13.6003  32.918595    27.0183      1.344  269.17582  269.37378     2.1591     2.7041 -9.990e-29
 129.545032      1.375    13.5908  32.911056    27.0112      1.362  269.22916  269.42660     2.6883     2.6232 -9.990e-29
 129.545035      1.408    13.5814  32.896154    27.0116      1.395  269.29470  269.49170     2.5171     2.6232 0.0000e+00
 129.545038      1.444    13.5685  32.887039    27.0116      1.431  269.36552  269.56181     2.4860     2.5666 0.0000e+00
 129.545041      1.488    13.5553  32.876407    27.0120      1.474  269.44020  269.63577     2.6883     2.5909 0.0000e+00
 129.545043      1.526    13.5426  32.880381    27.0242      1.512  269.48783  269.68260     2.1903     2.5787 0.0000e+00
 129.545046      1.557    13.5366  32.884530    27.0282      1.543  269.50624  269.70061     2.4548     2.6151 0.0000e+00
 129.545049      1.583    13.5362  32.882719    27.0321      1.569  269.51122  269.70558     2.2214     2.5666 -9.990e-29
 129.545052      1.597    13.5361  32.879564    27.0280      1.583  269.51691  269.71130     2.3770     2.5626 -9.990e-29
 129.545055      1.615    13.5345  32.872553    27.0227      1.601  269.53577  269.73012     2.4237     2.6111 -9.990e-29
 129.545058      1.630    13.5297  32.870100    27.0239      1.615  269.56070  269.75477     2.6416     2.6434 -9.990e-29
 129.545061      1.644    13.5246  32.864259    27.0222      1.630  269.59234  269.78615     2.6261     2.6030 -9.990e-29
 129.545064      1.663    13.5194  32.864493    27.0260      1.648  269.61427  269.80775     2.6261     2.5666 -9.990e-29
 129.545067      1.686    13.5163  32.866772    27.0330      1.671  269.62360  269.81688     2.7817     2.5747 -9.990e-29
 129.545069      1.716    13.5161  32.869635    27.0323      1.700  269.61968  269.81292     2.8906     2.6798 0.0000e+00
 129.545072      1.745    13.5174  32.869050    27.0316      1.729  269.61504  269.80836     2.8906     2.6798 0.0000e+00
 129.545075      1.774    13.5181  32.865370    27.0297      1.758  269.61850  269.81190     2.9529     2.6798 0.0000e+00
 129.545078      1.803    13.5171  32.869459    27.0277      1.787  269.61563  269.80894     2.7506     2.6839 -9.990e-29
 129.545081      1.825    13.5181  32.865721    27.0280      1.809  269.61793  269.81133     2.9218     2.6798 -9.990e-29
 129.545084      1.841    13.5171  32.863034    27.0263      1.825  269.62692  269.82028     2.6883     2.7405 -9.990e-29
 129.545087      1.863    13.5149  32.863209    27.0280      1.847  269.63575  269.82897     2.7194     2.7364 -9.990e-29
 129.545090      1.878    13.5136  32.861983    27.0278      1.861  269.64350  269.83666     2.6883     2.7203 -9.990e-29
 129.545093      1.896    13.5123  32.861574    27.0283      1.879  269.64987  269.84295     3.3264     2.8618 -9.990e-29
 129.545095      1.914    13.5111  32.860639    27.0273      1.897  269.65650  269.84951     3.3420     2.8497 -9.990e-29
 129.545098      1.940    13.5100  32.858712    27.0250      1.923  269.66452  269.85748     3.3731     2.8658 0.0000e+00
 129.545101      1.967    13.5082  32.852287    27.0250      1.950  269.68334  269.87625     3.2486     2.8254 0.0000e+00
 129.545104      1.993    13.5042  32.852171    27.0227      1.975  269.70053  269.89319     3.3887     2.8941 -9.990e-29
 129.545107      2.013    13.5014  32.851470    27.0268      1.995  269.71399  269.90649     2.8595     2.7445 -9.990e-29
 129.545110      2.041    13.4992  32.846506    27.0238      2.022  269.73190  269.92430     2.6572     2.7890 -9.990e-29
 129.545113      2.066    13.4963  32.848025    27.0273      2.048  269.74190  269.93411     2.9996     2.8254 -9.990e-29
 129.545116      2.084    13.4948  32.850245    27.0303      2.066  269.74441  269.93651     2.8440     2.7769 -9.990e-29
 129.545119      2.104    13.4952  32.852931    27.0324      2.086  269.73795  269.93006     2.6416     2.6960 -9.990e-29
 129.545122      2.123    13.4967  32.853924    27.0323      2.104  269.72999  269.92217     2.7973     2.7405 -9.990e-29
 129.545124      2.139    13.4989  32.857020    27.0333      2.120  269.71529  269.90759     2.8128     2.7081 -9.990e-29
 129.545127      2.168    13.5015  32.858714    27.0326      2.149  269.70142  269.89386     3.0152     2.7405 0.0000e+00
 129.545130      2.194    13.5042  32.859297    27.0318      2.174  269.68850  269.88111     3.1864     2.8901 0.0000e+00
 129.545133      2.225    13.5061  32.858480    27.0298      2.205  269.68206  269.87478     3.3887     2.8254 0.0000e+00
 129.545136      2.256    13.5068  32.852931    27.0270      2.236  269.68840  269.88121     3.1552     2.8699 0.0000e+00
 129.545139      2.283    13.5047  32.849602    27.0242      2.263  269.70289  269.89561     3.1397     2.8618 -9.990e-29
 129.545142      2.307    13.5010  32.847850    27.0237      2.286  269.72192  269.91442     3.8712     3.4036 -9.990e-29
 129.545145      2.325    13.4974  32.840725    27.0197      2.304  269.74948  269.94183     3.7934     3.3915 -9.990e-29
 129.545148      2.341    13.4918  32.830565    27.0144      2.320  269.79103  269.98312     3.6222     3.3915 -9.990e-29
 129.545150      2.361    13.4828  32.821282    27.0123      2.340  269.84556  270.03717     3.9334     3.3794 -9.990e-29
 129.545153      2.381    13.4722  32.819415    27.0181      2.360  269.89434  270.08532     3.7622     3.3996 -9.990e-29
 129.545156      2.405    13.4642  32.815329    27.0220      2.384  269.93560  270.12612     4.4782     3.0114 -9.990e-29
 129.545159      2.431    13.4577  32.812410    27.0206      2.409  269.96858  270.15873     4.2603     2.9993 0.0000e+00
 129.545162      2.460    13.4524  32.805347    27.0192      2.438  270.00331  270.19319     4.4159     3.0761 0.0000e+00
 129.545165      2.487    13.4465  32.799219    27.0192      2.465  270.03927  270.22884     4.3537     3.0437 0.0000e+00
 129.545168      2.517    13.4396  32.796534    27.0191      2.494  270.07375  270.26292     5.5521     3.4238 0.0000e+00
 129.545171      2.546    13.4336  32.785504    27.0203      2.523  270.11842  270.30732     5.6455     3.4279 -9.990e-29
 129.545174      2.567    13.4245  32.766014    27.0031      2.545  270.19079  270.37929     5.5210     3.4238 -9.990e-29
 129.545177      2.586    13.4104  32.757789    27.0055      2.563  270.26560  270.45330     5.4587     3.4036 -9.990e-29
 129.545179      2.602    13.3953  32.734107    26.9946      2.579  270.37132  270.55829     6.7506     3.8848 -9.990e-29
 129.545182      2.611    13.3744  32.724195    27.0003      2.588  270.47832  270.66409     6.7973     3.8889 -9.990e-29
 129.545185      2.624    13.3539  32.718890    27.0099      2.601  270.57584  270.76039     6.8128     3.8484 -9.990e-29
 129.545188      2.640    13.3394  32.714751    27.0164      2.617  270.64557  270.82925     6.8128     3.8484 -9.990e-29
 129.545191      2.661    13.3296  32.706297    27.0157      2.637  270.70259  270.88573     7.9957     3.9050 -9.990e-29
 129.545194      2.686    13.3198  32.693589    27.0055      2.662  270.76695  270.94959     7.9179     4.0142 -9.990e-29
 129.545197      2.715    13.3076  32.678201    27.0059      2.691  270.84601  271.02803     8.1825     4.0142 0.0000e+00
 129.545200      2.750    13.2925  32.667478    27.0064      2.725  270.92996  271.11114     8.1513     4.0385 0.0000e+00
 129.545203      2.781    13.2768  32.662293    27.0128      2.756  271.00690  271.18714     7.9179     3.9617 0.0000e+00
 129.545205      2.816    13.2649  32.663402    27.0222      2.791  271.05630  271.23579     5.8634     3.4683 0.0000e+00
 129.545208      2.845    13.2580  32.659906    27.0231      2.820  271.09224  271.27133     5.8012     3.3794 0.0000e+00
 129.545211      2.874    13.2534  32.665268    27.0239      2.849  271.10314  271.28189     5.6922     3.4158 -9.990e-29
 129.545214      2.896    13.2535  32.657984    27.0253      2.870  271.11542  271.29424     5.7389     3.4279 -9.990e-29
 129.545217      2.912    13.2504  32.650234    27.0204      2.886  271.14203  271.32073     4.2759     3.3268 -9.990e-29
 129.545220      2.931    13.2436  32.655363    27.0299      2.905  271.16276  271.34098     4.2914     3.3591 -9.990e-29
 129.545223      2.945    13.2421  32.658859    27.0342      2.919  271.16333  271.34143     4.3381     3.3470 -9.990e-29
 129.545226      2.962    13.2440  32.652682    27.0272      2.935  271.16552  271.34380     4.1825     3.3713 -9.990e-29
 129.545229      2.982    13.2428  32.659675    27.0344      2.955  271.15880  271.33694     5.3187     3.5290 -9.990e-29
 129.545231      3.002    13.2452  32.669349    27.0415      2.975  271.13140  271.30961     5.3187     3.5613 -9.990e-29
 129.545234      3.022    13.2521  32.673836    27.0408      2.995  271.09410  271.27270     5.2253     3.5735 -9.990e-29
 129.545237      3.042    13.2592  32.672845    27.0348      3.015  271.06500  271.24405     5.3031     3.5007 -9.990e-29
 129.545240      3.068    13.2631  32.669581    27.0290      3.040  271.05366  271.23298     5.8323     3.5371 -9.990e-29
 129.545243      3.086    13.2641  32.672028    27.0238      3.058  271.04536  271.22472     5.9101     3.5573 -9.990e-29
 129.545246      3.113    13.2648  32.665210    27.0247      3.086  271.05400  271.23346     5.8012     3.5371 0.0000e+00
 129.545249      3.139    13.2622  32.665035    27.0255      3.111  271.06533  271.24464     5.9568     3.4885 0.0000e+00
 129.545252      3.166    13.2599  32.666900    27.0271      3.138  271.07219  271.25134     5.7545     3.5573 0.0000e+00
 129.545255      3.195    13.2589  32.657460    27.0288      3.167  271.09291  271.27208     6.7973     3.8889 -9.990e-29
 129.545258      3.215    13.2549  32.655829    27.0222      3.186  271.11305  271.29198     6.9062     3.8686 -9.990e-29
 129.545260      3.237    13.2502  32.649828    27.0247      3.208  271.14388  271.32257     6.7661     3.9050 -9.990e-29
 129.545263      3.263    13.2450  32.650877    27.0217      3.233  271.16474  271.34309     6.9218     3.9091 0.0000e+00
 129.545266      3.290    13.2414  32.641439    27.0217      3.261  271.19648  271.37470     6.1124     4.0506 0.0000e+00
 129.545269      3.316    13.2357  32.633574    27.0186      3.286  271.23464  271.41257     6.1436     4.0385 -9.990e-29
 129.545272      3.339    13.2271  32.630779    27.0190      3.309  271.27694  271.45435     6.0502     4.0547 -9.990e-29
 129.545275      3.365    13.2201  32.633460    27.0264      3.335  271.30253  271.47949     6.0657     4.0385 -9.990e-29
 129.545278      3.387    13.2175  32.632819    27.0276      3.356  271.31498  271.49178     8.6027     4.1274 -9.990e-29
 129.545281      3.412    13.2156  32.629033    27.0255      3.382  271.32973  271.50644     8.8984     4.0951 -9.990e-29
 129.545284      3.438    13.2138  32.627053    27.0249      3.407  271.34104  271.51766     8.7584     4.1760 -9.990e-29
 129.545286      3.461    13.2111  32.622742    27.0229      3.431  271.36047  271.53695     8.8362     4.1477 -9.990e-29
 129.545289      3.480    13.2074  32.624199    27.0269      3.449  271.37402  271.55025     8.9607     4.1032 -9.990e-29
 129.545292      3.500    13.2061  32.623384    27.0270      3.469  271.38079  271.55695     7.4198     4.0830 -9.990e-29
 129.545295      3.516    13.2048  32.622336    27.0270      3.485  271.38859  271.56468     7.2175     4.0991 -9.990e-29
 129.545298      3.525    13.2034  32.615987    27.0221      3.494  271.40526  271.58132     7.1864     4.0668 -9.990e-29
