Processed/SBE19plus_01907321_2022_05_06_Cast43_wfilter.cnv
* Sea-Bird SBE19plus  Data File:
* FileName = E:\Prandtl Daten\2022\CTD\Raw\SBE19plus_01907321_2022_05_06_Cast43.hex
* Software version 2.6.1.12
* Temperature SN = 7321
* Conductivity SN = 7321
* System UpLoad Time = May 06 2022 09:08:50
* <ApplicationData>
* <Seaterm232>
** Messpraktikum 2022
** CTD 06.05 TS
** NMEA Latitude = 54 07.625 N
** NMEA Longitude = 008 42.144 E
# nquan = 11
# nvalues = 335                         
# units = specified
# name 0 = timeJ: Julian Days
# name 1 = prdM: Pressure, Strain Gauge [db]
# name 2 = tv290C: Temperature [ITS-90, deg C]
# name 3 = c0mS/cm: Conductivity [mS/cm]
# name 4 = sal00: Salinity, Practical [PSU]
# name 5 = depSM: Depth [salt water, m], lat = 54.00
# name 6 = oxsatMm/Kg: Oxygen Saturation, Weiss [umol/kg]
# name 7 = oxsolMm/Kg: Oxygen Saturation, Garcia & Gordon [umol/kg]
# name 8 = turbWETntu0: Turbidity, WET Labs ECO [NTU]
# name 9 = flECO-AFL: Fluorescence, WET Labs ECO-AFL/FL [mg/m^3]
# name 10 = flag:  0.000e+00
# span 0 = 126.376453, 126.377419       
# span 1 =      0.620,      8.948       
# span 2 =    12.5848,    12.6202       
# span 3 =  32.142260,  32.165876       
# span 4 =    27.0198,    27.0309       
# span 5 =      0.614,      8.868       
# span 6 =  274.75412,  274.95422       
# span 7 =  274.89684,  275.09488       
# span 8 =    15.5599,    28.4315       
# span 9 =     7.6535,    10.3506       
# span 10 = 0.0000e+00, 0.0000e+00      
# interval = seconds: 0.25
# start_time = May 06 2022 09:00:25 [Instrument's time stamp, header]
# bad_flag = -9.990e-29
*END*
[from data line 132]
 126.376834      3.908    12.6099  32.157196    27.0218      3.873  274.81715  274.95930    17.4276     9.4893 -9.990e-29
 126.376837      3.930    12.6085  32.157370    27.0237      3.895  274.82286  274.96491    17.2564     9.5257 -9.990e-29
 126.376840      3.965    12.6084  32.158181    27.0243      3.929  274.82206  274.96410    17.1475     9.2750 0.0000e+00
 126.376843      3.996    12.6084  32.159398    27.0237      3.960  274.81991  274.96194    17.2564     9.2305 0.0000e+00
 126.376846      4.028    12.6089  32.158008    27.0231      3.992  274.81989  274.96196    17.3187     9.1982 0.0000e+00
 126.376849      4.063    12.6089  32.157197    27.0231      4.027  274.82136  274.96344    17.4276     9.1901 0.0000e+00
 126.376852      4.100    12.6083  32.157602    27.0228      4.063  274.82350  274.96554    16.2603     8.8181 0.0000e+00
 126.376855      4.127    12.6079  32.158471    27.0232      4.090  274.82386  274.96586    16.4315     8.7978 -9.990e-29
 126.376858      4.151    12.6084  32.158993    27.0244      4.114  274.82074  274.96277    16.4626     8.8706 -9.990e-29
 126.376861      4.176    12.6091  32.160035    27.0249      4.139  274.81574  274.95780    16.4004     8.8100 -9.990e-29
 126.376863      4.193    12.6098  32.160209    27.0245      4.155  274.81228  274.95439    17.1319     9.0162 -9.990e-29
 126.376866      4.209    12.6106  32.160846    27.0245      4.172  274.80737  274.94953    17.0074     9.0688 -9.990e-29
 126.376869      4.231    12.6112  32.161425    27.0246      4.193  274.80382  274.94601    17.1941     9.0324 -9.990e-29
 126.376872      4.253    12.6120  32.162005    27.0246      4.215  274.79933  274.94157    17.2097     9.0607 -9.990e-29
 126.376875      4.278    12.6131  32.162236    27.0231      4.240  274.79420  274.93650    18.3615     9.2669 -9.990e-29
 126.376878      4.306    12.6136  32.161715    27.0228      4.267  274.79262  274.93497    18.2525     9.1982 0.0000e+00
 126.376881      4.337    12.6135  32.161020    27.0226      4.298  274.79451  274.93686    18.3615     9.2022 0.0000e+00
 126.376884      4.368    12.6132  32.160846    27.0226      4.329  274.79611  274.93843    18.2525     9.2669 0.0000e+00
 126.376887      4.397    12.6128  32.158587    27.0213      4.358  274.80205  274.94437    18.5327     9.2103 0.0000e+00
 126.376889      4.423    12.6118  32.158414    27.0211      4.383  274.80648  274.94874    18.6572     9.5217 0.0000e+00
 126.376892      4.450    12.6106  32.157198    27.0213      4.410  274.81435  274.95654    18.9373     9.5419 -9.990e-29
 126.376895      4.472    12.6090  32.157372    27.0223      4.432  274.82100  274.96309    18.7194     9.5783 -9.990e-29
 126.376898      4.494    12.6078  32.155982    27.0219      4.454  274.82886  274.97088    18.9218     9.5944 -9.990e-29
 126.376901      4.514    12.6067  32.153839    27.0207      4.473  274.83744  274.97941    17.0074     9.5864 -9.990e-29
 126.376904      4.530    12.6047  32.152333    27.0207      4.490  274.84929  274.99114    17.0229     9.5540 -9.990e-29
 126.376907      4.548    12.6026  32.150306    27.0203      4.508  274.86208  275.00381    17.1786     9.5378 -9.990e-29
 126.376910      4.565    12.6003  32.150133    27.0231      4.524  274.87281  275.01440    17.0852     9.5338 -9.990e-29
 126.376913      4.594    12.5983  32.149960    27.0233      4.553  274.88167  275.02312    19.1552     9.6551 0.0000e+00
 126.376916      4.625    12.5974  32.149728    27.0235      4.584  274.88621  275.02760    19.2019     9.6794 0.0000e+00
 126.376918      4.658    12.5967  32.149554    27.0235      4.616  274.88969  275.03105    19.1552     9.6106 0.0000e+00
 126.376921      4.693    12.5965  32.148918    27.0234      4.651  274.89180  275.03315    19.2798     9.6511 0.0000e+00
 126.376924      4.722    12.5958  32.147701    27.0234      4.680  274.89715  275.03846    19.4976     9.6713 0.0000e+00
 126.376927      4.753    12.5951  32.148744    27.0242      4.710  274.89847  275.03972    19.3264     9.6632 0.0000e+00
 126.376930      4.786    12.5946  32.148513    27.0243      4.743  274.90079  275.04202    19.3264     9.7198 0.0000e+00
 126.376933      4.811    12.5949  32.147933    27.0243      4.768  274.90058  275.04183    19.2642     9.7360 -9.990e-29
 126.376936      4.835    12.5948  32.147296    27.0230      4.792  274.90205  275.04330    19.1241     9.7077 -9.990e-29
 126.376939      4.859    12.5941  32.145501    27.0218      4.815  274.90843  275.04965    19.9646    10.2293 -9.990e-29
 126.376942      4.874    12.5929  32.146718    27.0239      4.830  274.91195  275.05308    19.7622    10.1646 -9.990e-29
 126.376944      4.888    12.5921  32.145096    27.0229      4.844  274.91833  275.05942    19.5443    10.1929 -9.990e-29
 126.376947      4.908    12.5914  32.144865    27.0232      4.864  274.92191  275.06296    19.8556    10.2212 -9.990e-29
 126.376950      4.930    12.5904  32.144286    27.0243      4.886  274.92707  275.06806    20.5716    10.1808 -9.990e-29
 126.376953      4.958    12.5895  32.144691    27.0245      4.913  274.93046  275.07139    20.8673    10.1201 0.0000e+00
 126.376956      4.985    12.5892  32.144691    27.0245      4.940  274.93206  275.07296    20.8362    10.1403 0.0000e+00
 126.376959      5.020    12.5887  32.144286    27.0245      4.975  274.93470  275.07558    20.6961    10.1484 0.0000e+00
 126.376962      5.049    12.5885  32.143881    27.0243      5.003  274.93639  275.07726    19.8868     9.8209 0.0000e+00
 126.376965      5.076    12.5879  32.143070    27.0240      5.031  274.94070  275.08153    20.0268     9.8128 0.0000e+00
 126.376968      5.103    12.5875  32.142665    27.0239      5.058  274.94334  275.08415    20.0268     9.8492 0.0000e+00
 126.376970      5.136    12.5871  32.143881    27.0239      5.090  274.94276  275.08354    19.7778     9.8290 -9.990e-29
 126.376973      5.156    12.5870  32.143708    27.0251      5.110  274.94340  275.08418    19.9957    10.0312 -9.990e-29
 126.376976      5.178    12.5869  32.143071    27.0246      5.132  274.94519  275.08596    20.0580    10.0716 -9.990e-29
 126.376979      5.194    12.5862  32.142260    27.0244      5.148  274.94980  275.09053    19.9957    10.0716 -9.990e-29
 126.376982      5.211    12.5855  32.143071    27.0256      5.164  274.95121  275.09189    19.8868    10.0473 -9.990e-29
 126.376985      5.229    12.5853  32.143303    27.0260      5.182  274.95175  275.09242    19.9490    10.0837 -9.990e-29
 126.376988      5.255    12.5853  32.143303    27.0256      5.208  274.95208  275.09274    22.0813     9.7966 0.0000e+00
 126.376991      5.282    12.5853  32.142492    27.0260      5.235  274.95355  275.09422    22.2214     9.8209 0.0000e+00
 126.376994      5.313    12.5851  32.143708    27.0253      5.265  274.95203  275.09268    22.3303     9.7683 0.0000e+00
 126.376997      5.346    12.5851  32.142492    27.0257      5.298  274.95422  275.09488    22.2214     9.8128 0.0000e+00
 126.376999      5.382    12.5850  32.142898    27.0257      5.334  274.95384  275.09449    20.0424     9.9988 0.0000e+00
 126.377002      5.419    12.5851  32.143882    27.0266      5.370  274.95179  275.09243    20.4626     9.9705 0.0000e+00
 126.377005      5.446    12.5851  32.143882    27.0266      5.397  274.95180  275.09245    20.2447    10.0312 0.0000e+00
 126.377008      5.473    12.5853  32.143303    27.0266      5.424  274.95223  275.09289    20.2759    10.0190 -9.990e-29
 126.377011      5.497    12.5850  32.144114    27.0268      5.448  274.95174  275.09238    19.7934    10.1242 -9.990e-29
 126.377014      5.515    12.5851  32.143709    27.0264      5.466  274.95216  275.09281    19.7311    10.0999 -9.990e-29
 126.377017      5.526    12.5850  32.144288    27.0270      5.477  274.95176  275.09240    19.8401    10.1363 -9.990e-29
 126.377020      5.539    12.5850  32.143709    27.0264      5.489  274.95249  275.09313    19.7934    10.1201 -9.990e-29
 126.377023      5.555    12.5853  32.143709    27.0263      5.505  274.95156  275.09221    22.0657    10.0554 -9.990e-29
 126.377025      5.579    12.5853  32.143883    27.0260      5.529  274.95094  275.09160    22.0191    10.0918 -9.990e-29
 126.377028      5.606    12.5853  32.143478    27.0262      5.556  274.95200  275.09266    22.1903    10.0473 0.0000e+00
 126.377031      5.637    12.5851  32.143709    27.0260      5.587  274.95224  275.09289    22.2525    10.0756 0.0000e+00
 126.377034      5.668    12.5853  32.143072    27.0263      5.618  274.95277  275.09343    22.0969    10.0675 0.0000e+00
 126.377037      5.699    12.5851  32.143709    27.0263      5.648  274.95228  275.09293    20.3226    10.1565 0.0000e+00
 126.377040      5.732    12.5848  32.143710    27.0265      5.681  274.95357  275.09419    20.2603    10.1363 0.0000e+00
 126.377043      5.761    12.5848  32.143883    27.0267      5.710  274.95359  275.09421    20.1980    10.1161 0.0000e+00
 126.377046      5.792    12.5848  32.144521    27.0270      5.740  274.95216  275.09278    20.3070    10.1565 0.0000e+00
 126.377049      5.820    12.5850  32.144289    27.0273      5.768  274.95164  275.09228    20.4938    10.2091 -9.990e-29
 126.377052      5.838    12.5851  32.143305    27.0259      5.786  274.95310  275.09375    20.5405    10.2131 -9.990e-29
 126.377054      5.856    12.5855  32.144694    27.0269      5.804  274.94905  275.08971    20.4004    10.1969 -9.990e-29
 126.377057      5.867    12.5853  32.144695    27.0270      5.815  274.94968  275.09034    20.4004    10.2010 -9.990e-29
 126.377060      5.882    12.5853  32.144521    27.0269      5.829  274.95032  275.09097    21.1630    10.0312 -9.990e-29
 126.377063      5.902    12.5853  32.144695    27.0268      5.849  274.94971  275.09036    21.1630    10.0069 -9.990e-29
 126.377066      5.929    12.5853  32.144463    27.0269      5.876  274.95014  275.09079    21.4587     9.9745 0.0000e+00
 126.377069      5.958    12.5853  32.144695    27.0270      5.905  274.94974  275.09040    21.2564    10.0109 0.0000e+00
 126.377072      5.998    12.5853  32.144695    27.0270      5.945  274.94977  275.09042    20.1047    10.1525 0.0000e+00
 126.377075      6.028    12.5853  32.143884    27.0270      5.974  274.95124  275.09190    20.1202    10.1363 0.0000e+00
 126.377078      6.062    12.5853  32.144695    27.0268      6.008  274.95013  275.09078    20.3226    10.1120 0.0000e+00
 126.377080      6.099    12.5853  32.144521    27.0270      6.044  274.95046  275.09111    20.1825    10.1444 0.0000e+00
 126.377083      6.130    12.5853  32.145101    27.0271      6.075  274.94913  275.08978    20.1047    10.0959 0.0000e+00
 126.377086      6.157    12.5855  32.145101    27.0273      6.102  274.94852  275.08918    21.0696     9.8937 -9.990e-29
 126.377089      6.181    12.5855  32.145448    27.0275      6.126  274.94791  275.08857    21.1008     9.8573 -9.990e-29
 126.377092      6.197    12.5855  32.144695    27.0268      6.142  274.94895  275.08962    20.8362     9.8856 -9.990e-29
 126.377095      6.210    12.5855  32.145101    27.0271      6.155  274.94824  275.08890    21.0229     9.8856 -9.990e-29
 126.377098      6.223    12.5855  32.145101    27.0271      6.167  274.94825  275.08891    23.0619    10.0473 -9.990e-29
 126.377101      6.238    12.5854  32.145506    27.0276      6.182  274.94816  275.08881    22.8906    10.0797 -9.990e-29
 126.377104      6.258    12.5853  32.144117    27.0272      6.202  274.95097  275.09163    23.2331    10.0433 -9.990e-29
 126.377106      6.283    12.5854  32.145101    27.0278      6.227  274.94892  275.08957    22.8440    10.0756 0.0000e+00
 126.377109      6.313    12.5856  32.146491    27.0284      6.256  274.94550  275.08616    22.9529    10.2010 0.0000e+00
 126.377112      6.349    12.5860  32.147128    27.0287      6.292  274.94281  275.08349    22.7661    10.2010 0.0000e+00
 126.377115      6.384    12.5863  32.148113    27.0293      6.327  274.93950  275.08018    23.1085    10.2212 0.0000e+00
 126.377118      6.420    12.5868  32.148518    27.0293      6.363  274.93659  275.07730    23.1552    10.2293 0.0000e+00
 126.377121      6.449    12.5875  32.149329    27.0294      6.392  274.93200  275.07276    23.4665     9.9462 0.0000e+00
 126.377124      6.479    12.5882  32.149561    27.0296      6.421  274.92876  275.06956    23.6377     9.9341 -9.990e-29
 126.377127      6.500    12.5887  32.149966    27.0293      6.442  274.92553  275.06636    23.4821     9.9624 -9.990e-29
 126.377130      6.524    12.5892  32.150719    27.0297      6.466  274.92231  275.06316    23.4198     9.9462 -9.990e-29
 126.377133      6.541    12.5896  32.151762    27.0303      6.482  274.91856  275.05943    23.6533     9.8735 -9.990e-29
 126.377135      6.559    12.5900  32.152746    27.0309      6.500  274.91492  275.05581    22.0657     9.9705 -9.990e-29
 126.377138      6.575    12.5907  32.153152    27.0308      6.517  274.91137  275.05229    22.3303     9.9867 -9.990e-29
 126.377141      6.597    12.5913  32.152167    27.0301      6.538  274.91030  275.05127    22.2681     9.9220 -9.990e-29
 126.377144      6.623    12.5914  32.152978    27.0299      6.564  274.90823  275.04921    22.2992     9.9786 0.0000e+00
 126.377147      6.656    12.5917  32.152747    27.0297      6.596  274.90741  275.04841    22.2214    10.2697 0.0000e+00
 126.377150      6.687    12.5917  32.152341    27.0296      6.627  274.90815  275.04915    22.2525    10.2576 0.0000e+00
 126.377153      6.718    12.5917  32.152747    27.0296      6.658  274.90745  275.04845    22.4237    10.2657 0.0000e+00
 126.377156      6.749    12.5917  32.152979    27.0299      6.688  274.90705  275.04805    22.1747    10.2616 0.0000e+00
 126.377159      6.774    12.5916  32.153326    27.0301      6.714  274.90677  275.04775    22.4860     9.9624 0.0000e+00
 126.377161      6.802    12.5919  32.153152    27.0302      6.741  274.90615  275.04715    22.5638     9.9705 -9.990e-29
 126.377164      6.823    12.5919  32.152979    27.0297      6.762  274.90647  275.04748    22.3770     9.9584 -9.990e-29
 126.377167      6.843    12.5919  32.153153    27.0299      6.782  274.90617  275.04718    22.5638     9.9341 -9.990e-29
 126.377170      6.862    12.5919  32.153384    27.0300      6.800  274.90546  275.04646    22.0191    10.0109 -9.990e-29
 126.377173      6.880    12.5920  32.152342    27.0290      6.818  274.90701  275.04804    21.8323    10.0069 -9.990e-29
 126.377176      6.898    12.5919  32.152979    27.0295      6.837  274.90652  275.04753    22.0657     9.9907 -9.990e-29
 126.377179      6.927    12.5919  32.152747    27.0294      6.865  274.90695  275.04796    22.0502     9.9786 0.0000e+00
 126.377182      6.955    12.5918  32.152516    27.0295      6.893  274.90770  275.04871    22.0657     9.9826 0.0000e+00
 126.377185      6.988    12.5918  32.152748    27.0295      6.925  274.90731  275.04831    22.2058    10.2091 0.0000e+00
 126.377188      7.020    12.5916  32.152979    27.0298      6.958  274.90786  275.04885    22.2681    10.1969 0.0000e+00
 126.377190      7.051    12.5916  32.152980    27.0299      6.988  274.90788  275.04887    22.2836    10.2131 0.0000e+00
 126.377193      7.081    12.5916  32.152748    27.0298      7.017  274.90800  275.04900    22.4237    10.1808 -9.990e-29
 126.377196      7.106    12.5916  32.152748    27.0296      7.043  274.90802  275.04901    23.2642     9.8492 -9.990e-29
 126.377199      7.130    12.5916  32.153385    27.0301      7.066  274.90689  275.04788    23.2019     9.8815 -9.990e-29
 126.377202      7.150    12.5917  32.153385    27.0301      7.086  274.90659  275.04759    23.1241     9.8654 -9.990e-29
 126.377205      7.174    12.5920  32.153327    27.0298      7.110  274.90545  275.04646    23.3264     9.8815 -9.990e-29
 126.377208      7.196    12.5920  32.153385    27.0299      7.131  274.90536  275.04637    23.2019    10.0878 -9.990e-29
