Processed/SBE19plus_01907321_2022_05_10_Cast110_wfilter.cnv
* Sea-Bird SBE19plus  Data File:
* FileName = E:\Prandtl_Daten\2022\CTD\Raw\SBE19plus_01907321_2022_05_10_Cast110.hex
* Software version 2.6.1.12
* Temperature SN = 7321
* Conductivity SN = 7321
* System UpLoad Time = May 10 2022 09:26:29
* <ApplicationData>
* <Seaterm232>
** Messpraktikum 2022
** CTD 09.05  TS
** NMEA Latitude = 54 07.79N
** NMEA Longitude = 008 42.28E
# nquan = 11
# nvalues = 429                         
# units = specified
# name 0 = timeJ: Julian Days
# name 1 = prdM: Pressure, Strain Gauge [db]
# name 2 = tv290C: Temperature [ITS-90, deg C]
# name 3 = c0mS/cm: Conductivity [mS/cm]
# name 4 = sal00: Salinity, Practical [PSU]
# name 5 = depSM: Depth [salt water, m], lat = 54.00
# name 6 = oxsatMm/Kg: Oxygen Saturation, Weiss [umol/kg]
# name 7 = oxsolMm/Kg: Oxygen Saturation, Garcia & Gordon [umol/kg]
# name 8 = turbWETntu0: Turbidity, WET Labs ECO [NTU]
# name 9 = flECO-AFL: Fluorescence, WET Labs ECO-AFL/FL [mg/m^3]
# name 10 = flag:  0.000e+00
# span 0 = 130.389170, 130.390408       
# span 1 =      0.386,     11.528       
# span 2 =    13.4008,    13.4487       
# span 3 =  32.749359,  32.772365       
# span 4 =    26.9905,    27.0030       
# span 5 =      0.383,     11.425       
# span 6 =  270.07585,  270.32567       
# span 7 =  270.26578,  270.51288       
# span 8 =     3.2486,    16.4315       
# span 9 =     1.9439,     5.4538       
# span 10 = 0.0000e+00, 0.0000e+00      
# interval = seconds: 0.25
# start_time = May 10 2022 09:18:51 [Instrument's time stamp, header]
# bad_flag = -9.990e-29
*END*
[from data line 263]
 130.389931      7.273    13.4201  32.758211    26.9975      7.208  270.22598  270.41429     5.1008     3.3106 -9.990e-29
 130.389933      7.297    13.4204  32.757978    26.9970      7.232  270.22514  270.41347     5.8634     3.2176 -9.990e-29
 130.389936      7.321    13.4206  32.758386    26.9973      7.255  270.22351  270.41185     5.7856     3.2540 -9.990e-29
 130.389939      7.341    13.4211  32.758620    26.9969      7.275  270.22092  270.40929     5.8478     3.2176 -9.990e-29
 130.389942      7.374    13.4214  32.758620    26.9969      7.308  270.22000  270.40838     5.7856     3.2055 0.0000e+00
 130.389945      7.405    13.4216  32.758853    26.9969      7.339  270.21867  270.40707     4.3537     3.2257 0.0000e+00
 130.389948      7.438    13.4220  32.758620    26.9969      7.371  270.21721  270.40563     4.2292     3.2419 0.0000e+00
 130.389951      7.472    13.4222  32.759262    26.9965      7.405  270.21550  270.40393     4.4004     3.2136 0.0000e+00
 130.389954      7.505    13.4224  32.759029    26.9966      7.438  270.21498  270.40342     4.3226     3.1974 0.0000e+00
 130.389957      7.536    13.4227  32.759437    26.9965      7.469  270.21272  270.40119     4.4315     3.2014 0.0000e+00
 130.389959      7.565    13.4227  32.759262    26.9965      7.498  270.21304  270.40151     6.3615     3.6341 0.0000e+00
 130.389962      7.591    13.4230  32.758620    26.9965      7.523  270.21290  270.40139     6.3926     3.6826 -9.990e-29
 130.389965      7.611    13.4234  32.759029    26.9958      7.543  270.21064  270.39915     6.2369     3.6665 -9.990e-29
 130.389968      7.631    13.4229  32.757687    26.9949      7.563  270.21515  270.40364     6.2058     3.6584 -9.990e-29
 130.389971      7.648    13.4226  32.757804    26.9952      7.579  270.21622  270.40469     5.3342     3.3187 -9.990e-29
 130.389974      7.670    13.4222  32.757804    26.9955      7.601  270.21781  270.40625     5.3965     3.3025 -9.990e-29
 130.389977      7.690    13.4217  32.758621    26.9966      7.621  270.21862  270.40703     5.2875     3.2864 -9.990e-29
 130.389980      7.715    13.4213  32.758271    26.9965      7.646  270.22112  270.40951     5.2875     3.2864 -9.990e-29
 130.389983      7.740    13.4214  32.758388    26.9965      7.671  270.22031  270.40870     8.1980     3.4805 0.0000e+00
 130.389986      7.768    13.4210  32.757979    26.9965      7.698  270.22292  270.41128     8.1669     3.4683 0.0000e+00
 130.389988      7.802    13.4211  32.758271    26.9965      7.733  270.22212  270.41049     8.3070     3.4805 0.0000e+00
 130.389991      7.835    13.4209  32.757571    26.9967      7.765  270.22397  270.41234     8.3537     3.4885 0.0000e+00
 130.389994      7.870    13.4208  32.758388    26.9969      7.800  270.22291  270.41127     4.3848     3.2419 0.0000e+00
 130.389997      7.901    13.4210  32.758622    26.9969      7.830  270.22190  270.41026     4.2914     3.2055 0.0000e+00
 130.390000      7.927    13.4210  32.757863    26.9970      7.856  270.22321  270.41158     4.2914     3.2257 -9.990e-29
 130.390003      7.949    13.4209  32.758213    26.9967      7.877  270.22294  270.41131     4.2603     3.2419 -9.990e-29
 130.390006      7.970    13.4210  32.758622    26.9970      7.899  270.22194  270.41031     4.1825     3.1974 -9.990e-29
 130.390009      7.987    13.4213  32.759439    26.9969      7.915  270.21930  270.40767     5.2408     3.4966 -9.990e-29
 130.390012      8.012    13.4214  32.758855    26.9966      7.941  270.21968  270.40807     5.2564     3.4764 0.0000e+00
 130.390014      8.040    13.4214  32.758214    26.9967      7.968  270.22111  270.40950     5.2875     3.4845 0.0000e+00
 130.390017      8.071    13.4211  32.758389    26.9964      7.998  270.22209  270.41046     5.3031     3.4845 0.0000e+00
 130.390020      8.098    13.4206  32.757689    26.9964      8.026  270.22519  270.41354     5.2408     3.6826 0.0000e+00
 130.390023      8.127    13.4206  32.757572    26.9964      8.054  270.22573  270.41407     5.3342     3.7190 0.0000e+00
 130.390026      8.156    13.4203  32.757572    26.9965      8.083  270.22700  270.41533     5.3498     3.7029 0.0000e+00
 130.390029      8.182    13.4200  32.757397    26.9965      8.109  270.22826  270.41658     5.3342     3.6705 0.0000e+00
 130.390032      8.207    13.4195  32.757106    26.9965      8.134  270.23129  270.41958     5.7233     3.5452 0.0000e+00
 130.390035      8.237    13.4189  32.755939    26.9966      8.163  270.23583  270.42408     5.7545     3.5371 -9.990e-29
 130.390038      8.260    13.4184  32.756989    26.9972      8.186  270.23593  270.42415     5.7856     3.5209 -9.990e-29
 130.390041      8.289    13.4183  32.756873    26.9972      8.215  270.23678  270.42499     5.7856     3.5411 0.0000e+00
 130.390043      8.315    13.4181  32.756756    26.9972      8.241  270.23794  270.42614     5.1163     3.2904 -9.990e-29
 130.390046      8.339    13.4181  32.756756    26.9972      8.264  270.23795  270.42615     5.0852     3.2661 -9.990e-29
 130.390049      8.366    13.4180  32.756756    26.9973      8.291  270.23828  270.42648     5.0541     3.2742 -9.990e-29
 130.390052      8.388    13.4181  32.757107    26.9975      8.313  270.23707  270.42527     5.1163     3.2945 -9.990e-29
 130.390055      8.410    13.4181  32.757398    26.9977      8.334  270.23658  270.42478     5.0229     3.2823 -9.990e-29
 130.390058      8.439    13.4186  32.757398    26.9974      8.363  270.23471  270.42294     5.1630     3.7514 -9.990e-29
 130.390061      8.461    13.4190  32.757865    26.9974      8.385  270.23204  270.42029     5.3498     3.7150 -9.990e-29
 130.390064      8.488    13.4194  32.757982    26.9970      8.412  270.23028  270.41856     5.2564     3.7069 0.0000e+00
 130.390067      8.517    13.4200  32.757573    26.9967      8.441  270.22848  270.41680     5.2875     3.7312 0.0000e+00
 130.390069      8.545    13.4201  32.757807    26.9966      8.468  270.22747  270.41579     5.3187     3.9212 0.0000e+00
 130.390072      8.576    13.4203  32.757865    26.9967      8.499  270.22645  270.41478     5.3498     3.9333 0.0000e+00
 130.390075      8.603    13.4206  32.757807    26.9966      8.526  270.22562  270.41397     5.2875     3.9253 -9.990e-29
 130.390078      8.627    13.4206  32.758216    26.9967      8.549  270.22462  270.41297     5.3342     3.9374 -9.990e-29
 130.390081      8.658    13.4206  32.757866    26.9963      8.580  270.22524  270.41359     4.7895     3.7433 -9.990e-29
 130.390084      8.680    13.4208  32.757807    26.9961      8.602  270.22441  270.41278     4.7895     3.7352 -9.990e-29
 130.390087      8.703    13.4209  32.758624    26.9968      8.625  270.22271  270.41107     4.7272     3.7231 -9.990e-29
 130.390090      8.727    13.4210  32.759033    26.9971      8.649  270.22171  270.41008     4.7739     3.7352 -9.990e-29
 130.390093      8.749    13.4214  32.759033    26.9968      8.671  270.21984  270.40823     7.3264     4.1072 -9.990e-29
 130.390095      8.774    13.4220  32.758624    26.9960      8.696  270.21804  270.40647     7.3731     4.1436 -9.990e-29
 130.390098      8.795    13.4225  32.759441    26.9963      8.716  270.21476  270.40321     7.1864     4.1315 -9.990e-29
 130.390101      8.822    13.4226  32.759441    26.9959      8.743  270.21415  270.40261     7.2175     4.0910 0.0000e+00
 130.390104      8.849    13.4225  32.758391    26.9957      8.770  270.21660  270.40506     7.3264     4.1072 0.0000e+00
 130.390107      8.882    13.4221  32.758391    26.9957      8.803  270.21819  270.40663     7.7155     4.0385 0.0000e+00
 130.390110      8.919    13.4214  32.758216    26.9960      8.839  270.22166  270.41005     7.8712     3.9980 0.0000e+00
 130.390113      8.952    13.4206  32.757691    26.9961      8.871  270.22572  270.41408     7.7311     4.0466 0.0000e+00
 130.390116      8.985    13.4197  32.757400    26.9963      8.904  270.23033  270.41863     7.8089     4.0910 0.0000e+00
 130.390119      9.012    13.4189  32.754483    26.9965      8.931  270.23881  270.42708     8.4626     3.9576 -9.990e-29
 130.390122      9.030    13.4172  32.754950    26.9960      8.949  270.24525  270.43342     8.6183     3.9859 -9.990e-29
 130.390124      9.047    13.4156  32.755300    26.9974      8.966  270.25159  270.43965     8.5871     3.9859 -9.990e-29
 130.390127      9.067    13.4143  32.754892    26.9979      8.986  270.25765  270.44564     8.4471     4.0061 -9.990e-29
 130.390130      9.087    13.4132  32.754309    26.9982      9.005  270.26369  270.45161     9.2564     4.3215 -9.990e-29
 130.390133      9.109    13.4122  32.754134    26.9987      9.027  270.26809  270.45596     9.2408     4.3215 -9.990e-29
 130.390136      9.129    13.4111  32.754484    26.9997      9.047  270.27223  270.46002     9.3187     4.2811 -9.990e-29
 130.390139      9.154    13.4108  32.754076    26.9994      9.072  270.27451  270.46229     9.2253     4.3256 0.0000e+00
 130.390142      9.185    13.4104  32.753143    26.9994      9.103  270.27771  270.46547     8.5871     4.4226 0.0000e+00
 130.390145      9.218    13.4095  32.752851    26.9993      9.136  270.28200  270.46971     8.5249     4.4388 0.0000e+00
 130.390148      9.253    13.4081  32.751626    26.9993      9.170  270.29041  270.47804     8.3537     4.4388 0.0000e+00
 130.390150      9.289    13.4065  32.749993    26.9993      9.206  270.30016  270.48770     8.5093     4.4469 0.0000e+00
 130.390153      9.319    13.4046  32.750635    26.9999      9.235  270.30725  270.49468     8.5405     4.4145 0.0000e+00
 130.390156      9.346    13.4034  32.749760    27.0009      9.262  270.31380  270.50116     7.3887     3.7878 -9.990e-29
 130.390159      9.366    13.4028  32.750986    27.0024      9.282  270.31423  270.50155     7.1552     3.8039 -9.990e-29
 130.390162      9.389    13.4027  32.750636    27.0021      9.305  270.31516  270.50247     7.2175     3.7959 -9.990e-29
 130.390165      9.409    13.4026  32.751219    27.0028      9.325  270.31480  270.50210     7.2331     3.8242 -9.990e-29
 130.390168      9.429    13.4027  32.750811    27.0023      9.345  270.31520  270.50251     5.5210     3.8161 -9.990e-29
 130.390171      9.453    13.4028  32.751627    27.0030      9.369  270.31319  270.50049     5.5366     3.7635 -9.990e-29
 130.390174      9.477    13.4032  32.751394    27.0025      9.392  270.31203  270.49936     5.4899     3.7918 -9.990e-29
 130.390177      9.501    13.4037  32.752444    27.0021      9.416  270.30804  270.49540     5.5210     3.8161 -9.990e-29
 130.390179      9.530    13.4043  32.751803    27.0023      9.444  270.30664  270.49404     7.0619     3.6422 0.0000e+00
 130.390182      9.564    13.4049  32.752794    27.0022      9.479  270.30213  270.48956     6.9996     3.6220 0.0000e+00
 130.390185      9.592    13.4057  32.753086    27.0022      9.506  270.29851  270.48598     6.9996     3.6220 0.0000e+00
 130.390188      9.628    13.4063  32.753086    27.0018      9.542  270.29570  270.48321     7.0930     3.6260 0.0000e+00
 130.390191      9.659    13.4068  32.753495    27.0018      9.573  270.29282  270.48035     6.6572     3.7069 0.0000e+00
 130.390194      9.687    13.4077  32.754136    27.0018      9.600  270.28796  270.47555     6.9373     3.7676 -9.990e-29
 130.390197      9.705    13.4083  32.754486    27.0016      9.618  270.28485  270.47247     6.7973     3.7433 -9.990e-29
 130.390200      9.725    13.4096  32.755128    27.0013      9.638  270.27810  270.46580     6.7194     3.7190 -9.990e-29
 130.390203      9.743    13.4108  32.755770    27.0010      9.656  270.27198  270.45975     6.8128     3.7312 -9.990e-29
 130.390205      9.765    13.4121  32.756878    27.0011      9.677  270.26443  270.45227     6.7039     4.0587 -9.990e-29
 130.390208      9.790    13.4135  32.756761    26.9989      9.703  270.25867  270.44660     6.8284     4.0142 -9.990e-29
 130.390211      9.823    13.4148  32.756586    26.9988      9.735  270.25333  270.44134     6.7973     4.0547 0.0000e+00
 130.390214      9.856    13.4157  32.757111    26.9987      9.768  270.24868  270.43673     6.8128     4.0425 0.0000e+00
 130.390217      9.884    13.4158  32.756586    26.9983      9.795  270.24896  270.43703     8.5560     3.9657 0.0000e+00
 130.390220      9.915    13.4156  32.756586    26.9981      9.826  270.24993  270.43798     8.4782     3.9980 0.0000e+00
 130.390223      9.944    13.4154  32.756178    26.9982      9.855  270.25127  270.43932     8.5093     4.0102 0.0000e+00
 130.390226      9.977    13.4153  32.755712    26.9980      9.887  270.25272  270.44077     8.6338     3.9900 -9.990e-29
 130.390229      9.995    13.4145  32.755770    26.9983      9.905  270.25610  270.44409     8.1669     3.9333 -9.990e-29
 130.390231     10.015    13.4141  32.756354    26.9991      9.925  270.25700  270.44496     8.2759     3.9091 -9.990e-29
 130.390234     10.031    13.4142  32.755712    26.9984      9.941  270.25748  270.44545     8.3692     3.9333 -9.990e-29
 130.390237     10.042    13.4140  32.755304    26.9982      9.952  270.25913  270.44709     8.3381     3.9253 -9.990e-29
 130.390240     10.062    13.4133  32.753495    26.9977      9.972  270.26507  270.45301     8.2759     4.1557 -9.990e-29
 130.390243     10.088    13.4114  32.752679    26.9971      9.998  270.27498  270.46280     8.3381     4.1719 0.0000e+00
 130.390246     10.121    13.4089  32.749645    26.9977     10.030  270.29058  270.47828     8.3537     4.1679 0.0000e+00
 130.390249     10.161    13.4068  32.753263    27.0014     10.070  270.29353  270.48107     8.4315     4.1760 0.0000e+00
 130.390252     10.204    13.4065  32.753263    27.0014     10.113  270.29513  270.48265     8.2447     4.2002 0.0000e+00
 130.390255     10.243    13.4068  32.753146    27.0012     10.151  270.29378  270.48132     7.6689     3.6665 0.0000e+00
 130.390258     10.274    13.4070  32.752855    27.0010     10.182  270.29335  270.48091     7.5599     3.6746 0.0000e+00
 130.390260     10.299    13.4068  32.752271    27.0008     10.207  270.29531  270.48287     7.4976     3.6220 -9.990e-29
 130.390263     10.323    13.4068  32.752680    27.0008     10.231  270.29494  270.48249     7.5288     3.6746 -9.990e-29
 130.390266     10.341    13.4066  32.752563    27.0008     10.249  270.29578  270.48332     6.9840     3.6058 -9.990e-29
 130.390269     10.358    13.4068  32.752855    27.0010     10.265  270.29466  270.48221     7.0619     3.6220 -9.990e-29
 130.390272     10.378    13.4070  32.752447    27.0005     10.285  270.29443  270.48199     7.0463     3.5977 -9.990e-29
 130.390275     10.392    13.4074  32.753147    27.0008     10.299  270.29135  270.47894     7.0307     3.5856 -9.990e-29
 130.390278     10.416    13.4079  32.753263    27.0004     10.323  270.28928  270.47689     7.7622     3.7433 -9.990e-29
 130.390281     10.441    13.4081  32.753264    27.0004     10.348  270.28835  270.47598     7.8245     3.7554 0.0000e+00
 130.390284     10.467    13.4083  32.753497    27.0004     10.373  270.28703  270.47466     7.8245     3.7352 0.0000e+00
 130.390286     10.496    13.4089  32.753964    27.0004     10.402  270.28341  270.47108     7.8556     3.7271 0.0000e+00
 130.390289     10.529    13.4094  32.754314    27.0004     10.435  270.28095  270.46864     8.4938     3.9212 0.0000e+00
 130.390292     10.562    13.4098  32.754314    27.0001     10.467  270.27908  270.46680     8.4004     3.9333 0.0000e+00
 130.390295     10.605    13.4103  32.754314    26.9998     10.510  270.27722  270.46497     8.4938     3.9333 0.0000e+00
 130.390298     10.640    13.4103  32.753906    26.9993     10.545  270.27763  270.46538     8.4626     3.9455 0.0000e+00
 130.390301     10.673    13.4100  32.753264    26.9993     10.578  270.28000  270.46775     8.5560     3.9293 0.0000e+00
 130.390304     10.708    13.4095  32.753906    26.9994     10.612  270.28113  270.46884     7.7934     3.7433 0.0000e+00
