Processed/SBE19plus_01907321_2022_05_06_Cast46_wfilter.cnv
* Sea-Bird SBE19plus  Data File:
* FileName = E:\Prandtl Daten\2022\CTD\Raw\SBE19plus_01907321_2022_05_06_Cast46.hex
* Software version 2.6.1.12
* Temperature SN = 7321
* Conductivity SN = 7321
* System UpLoad Time = May 06 2022 10:47:30
* <ApplicationData>
* <Seaterm232>
** Messpraktikum 2022
** CTD 06.05 MP2
** NMEA Latitude = 54 04.058 N
** NMEA Longitude = 008 41.139 E
# nquan = 11
# nvalues = 457                         
# units = specified
# name 0 = timeJ: Julian Days
# name 1 = prdM: Pressure, Strain Gauge [db]
# name 2 = tv290C: Temperature [ITS-90, deg C]
# name 3 = c0mS/cm: Conductivity [mS/cm]
# name 4 = sal00: Salinity, Practical [PSU]
# name 5 = depSM: Depth [salt water, m], lat = 54.00
# name 6 = oxsatMm/Kg: Oxygen Saturation, Weiss [umol/kg]
# name 7 = oxsolMm/Kg: Oxygen Saturation, Garcia & Gordon [umol/kg]
# name 8 = turbWETntu0: Turbidity, WET Labs ECO [NTU]
# name 9 = flECO-AFL: Fluorescence, WET Labs ECO-AFL/FL [mg/m^3]
# name 10 = flag:  0.000e+00
# span 0 = 126.445188, 126.446508       
# span 1 =      0.622,     12.251       
# span 2 =    12.7026,    12.8816       
# span 3 =  32.103792,  32.318142       
# span 4 =    26.9053,    26.9746       
# span 5 =      0.617,     12.141       
# span 6 =  273.33853,  274.49627       
# span 7 =  273.49685,  274.64499       
# span 8 =    11.5132,    59.7778       
# span 9 =     7.8395,    12.7485       
# span 10 = 0.0000e+00, 0.0000e+00      
# interval = seconds: 0.25
# start_time = May 06 2022 10:39:42 [Instrument's time stamp, header]
# bad_flag = -9.990e-29
*END*
[from data line 132]
 126.445570      4.134    12.7926  32.228047    26.9569      4.097  273.88277  274.03618    17.2720    10.0312 -9.990e-29
 126.445573      4.158    12.7963  32.234714    26.9603      4.121  273.85426  274.00785    17.4587     9.9907 -9.990e-29
 126.445576      4.176    12.8017  32.239989    26.9614      4.139  273.82127  273.97515    15.5755     9.8047 -9.990e-29
 126.445579      4.194    12.8069  32.239757    26.9575      4.157  273.79895  273.95317    15.4510     9.8330 -9.990e-29
 126.445582      4.217    12.8103  32.239582    26.9549      4.179  273.78411  273.93856    15.5288     9.7966 -9.990e-29
 126.445584      4.238    12.8119  32.239640    26.9506      4.200  273.77676  273.93131    15.7155     9.8088 -9.990e-29
 126.445587      4.267    12.8127  32.236741    26.9496      4.229  273.77874  273.93337    15.6533     9.8088 0.0000e+00
 126.445590      4.297    12.8116  32.233901    26.9506      4.258  273.78852  273.94310    16.0268     9.9179 0.0000e+00
 126.445593      4.328    12.8101  32.235930    26.9516      4.289  273.79159  273.94605    16.0113     9.9301 0.0000e+00
 126.445596      4.357    12.8094  32.235698    26.9518      4.318  273.79486  273.94928    15.9646     9.9382 0.0000e+00
 126.445599      4.390    12.8092  32.235699    26.9520      4.350  273.79583  273.95024    16.0891     9.9503 0.0000e+00
 126.445602      4.417    12.8089  32.235757    26.9523      4.377  273.79732  273.95171    15.7622     9.6066 0.0000e+00
 126.445605      4.448    12.8088  32.236510    26.9526      4.408  273.79632  273.95070    15.6066     9.6187 0.0000e+00
 126.445608      4.477    12.8089  32.237728    26.9530      4.437  273.79356  273.94794    15.7622     9.6227 -9.990e-29
 126.445611      4.499    12.8097  32.238366    26.9541      4.459  273.78897  273.94340    15.6689     9.6187 -9.990e-29
 126.445613      4.519    12.8105  32.237728    26.9529      4.479  273.78664  273.94112    15.3264     9.3559 -9.990e-29
 126.445616      4.535    12.8108  32.236742    26.9518      4.495  273.78713  273.94163    15.3887     9.3640 -9.990e-29
 126.445619      4.557    12.8105  32.236105    26.9514      4.516  273.78953  273.94403    15.2642     9.3518 -9.990e-29
 126.445622      4.581    12.8100  32.234597    26.9498      4.540  273.79442  273.94890    15.2642     9.3640 -9.990e-29
 126.445625      4.610    12.8094  32.233496    26.9496      4.569  273.79923  273.95367    15.1864     9.5702 0.0000e+00
 126.445628      4.636    12.8085  32.232511    26.9495      4.594  273.80478  273.95917    15.0930     9.5581 0.0000e+00
 126.445631      4.669    12.8073  32.229844    26.9482      4.627  273.81488  273.96922    14.9373     9.5742 0.0000e+00
 126.445634      4.700    12.8060  32.229265    26.9481      4.658  273.82161  273.97588    14.9373     9.5661 0.0000e+00
 126.445637      4.731    12.8046  32.228047    26.9482      4.688  273.82978  273.98397    15.2331     9.5621 0.0000e+00
 126.445639      4.760    12.8035  32.227410    26.9483      4.718  273.83598  273.99010    17.1786    10.1767 0.0000e+00
 126.445642      4.787    12.8027  32.227468    26.9486      4.745  273.83937  273.99344    17.1786    10.1363 0.0000e+00
 126.445645      4.813    12.8024  32.229671    26.9489      4.770  273.83707  273.99110    17.2253    10.1484 -9.990e-29
 126.445648      4.837    12.8026  32.229845    26.9512      4.793  273.83583  273.98987    17.2564    10.1403 -9.990e-29
 126.445651      4.859    12.8033  32.233324    26.9539      4.815  273.82654  273.98059    16.5249     9.8856 -9.990e-29
 126.445654      4.879    12.8044  32.233324    26.9530      4.835  273.82150  273.97563    16.5871     9.8815 -9.990e-29
 126.445657      4.897    12.8054  32.237556    26.9563      4.853  273.80993  273.96408    16.4782     9.8411 -9.990e-29
 126.445660      4.919    12.8076  32.238773    26.9517      4.875  273.79800  273.95228    16.4626     9.8856 -9.990e-29
 126.445663      4.946    12.8095  32.235758    26.9508      4.902  273.79482  273.94925    17.5210    10.3021 0.0000e+00
 126.445666      4.975    12.8096  32.234077    26.9517      4.930  273.79749  273.95195    17.3654    10.3425 0.0000e+00
 126.445668      5.006    12.8087  32.235932    26.9524      4.961  273.79802  273.95240    17.7700    10.3142 0.0000e+00
 126.445671      5.040    12.8086  32.237962    26.9543      4.995  273.79509  273.94945    17.5677    10.3263 0.0000e+00
 126.445674      5.071    12.8094  32.240571    26.9543      5.026  273.78671  273.94110    18.0657    10.2374 0.0000e+00
 126.445677      5.102    12.8108  32.238541    26.9549      5.057  273.78432  273.93881    18.0657    10.2616 0.0000e+00
 126.445680      5.130    12.8114  32.240803    26.9549      5.084  273.77781  273.93232    18.0502    10.3061 0.0000e+00
 126.445683      5.159    12.8121  32.245209    26.9567      5.113  273.76689  273.92140    18.0346    10.2576 0.0000e+00
 126.445686      5.186    12.8142  32.248456    26.9585      5.140  273.75202  273.90663    17.9879    10.2859 -9.990e-29
 126.445689      5.208    12.8168  32.250486    26.9600      5.161  273.73676  273.89153    16.8050    10.2455 -9.990e-29
 126.445692      5.228    12.8191  32.250892    26.9587      5.181  273.72595  273.88087    16.7584    10.2050 -9.990e-29
 126.445694      5.248    12.8206  32.251529    26.9582      5.201  273.71821  273.87321    16.9140    10.2212 -9.990e-29
 126.445697      5.266    12.8216  32.252109    26.9571      5.219  273.71278  273.86784    16.7895    10.1889 -9.990e-29
 126.445700      5.294    12.8224  32.251761    26.9563      5.246  273.70993  273.86505    18.4237    10.2657 0.0000e+00
 126.445703      5.323    12.8228  32.250312    26.9555      5.275  273.71062  273.86578    18.1747    10.3263 0.0000e+00
 126.445706      5.352    12.8223  32.249268    26.9550      5.304  273.71469  273.86983    18.2214    10.3627 0.0000e+00
 126.445709      5.383    12.8216  32.248862    26.9549      5.335  273.71858  273.87368    18.3615    10.3142 0.0000e+00
 126.445712      5.416    12.8209  32.246253    26.9538      5.368  273.72637  273.88144    17.5988    10.1969 0.0000e+00
 126.445715      5.447    12.8198  32.246253    26.9531      5.398  273.73113  273.88613    17.3965    10.2212 0.0000e+00
 126.445718      5.475    12.8187  32.243412    26.9529      5.426  273.74122  273.89617    17.4743    10.1848 0.0000e+00
 126.445720      5.508    12.8175  32.245036    26.9520      5.458  273.74374  273.89860    17.5833    10.2050 -9.990e-29
 126.445723      5.529    12.8168  32.245036    26.9548      5.480  273.74659  273.90142    17.3654    10.1525 -9.990e-29
 126.445726      5.553    12.8168  32.246254    26.9559      5.503  273.74446  273.89927    17.2875    10.1322 -9.990e-29
 126.445729      5.570    12.8177  32.250893    26.9596      5.520  273.73249  273.88731    17.3965    10.1363 -9.990e-29
 126.445732      5.593    12.8195  32.250487    26.9580      5.543  273.72533  273.88027    17.3498    10.1282 -9.990e-29
 126.445735      5.613    12.8206  32.253734    26.9601      5.563  273.71455  273.86954    17.1630    10.1444 -9.990e-29
 126.445738      5.637    12.8224  32.254140    26.9572      5.587  273.70596  273.86106    17.3654    10.1242 -9.990e-29
 126.445741      5.663    12.8241  32.253328    26.9579      5.612  273.69983  273.85505    17.3809    10.1444 0.0000e+00
 126.445744      5.694    12.8250  32.255358    26.9577      5.643  273.69248  273.84773    17.3965    10.1686 0.0000e+00
 126.445747      5.725    12.8261  32.255357    26.9580      5.674  273.68745  273.84277    17.2253    10.1322 0.0000e+00
 126.445749      5.756    12.8270  32.256343    26.9577      5.704  273.68194  273.83731    17.8634    10.3951 0.0000e+00
 126.445752      5.787    12.8279  32.256169    26.9571      5.735  273.67816  273.83359    17.6922    10.4113 0.0000e+00
 126.445755      5.816    12.8284  32.256575    26.9571      5.764  273.67525  273.83071    17.7233    10.3506 0.0000e+00
 126.445758      5.845    12.8285  32.257561    26.9575      5.793  273.67321  273.82867    17.7700    10.4032 0.0000e+00
 126.445761      5.872    12.8292  32.259417    26.9580      5.820  273.66680  273.82229    17.9257    10.3021 -9.990e-29
 126.445764      5.896    12.8301  32.259417    26.9586      5.843  273.66302  273.81857    17.8012    10.3506 -9.990e-29
 126.445767      5.922    12.8305  32.259823    26.9586      5.869  273.66043  273.81600    17.7389    10.3789 -9.990e-29
 126.445770      5.938    12.8307  32.259185    26.9579      5.885  273.66062  273.81621    17.6455    10.2940 -9.990e-29
 126.445773      5.962    12.8304  32.258605    26.9575      5.908  273.66292  273.81850    18.5015    10.4800 -9.990e-29
 126.445775      5.980    12.8300  32.258721    26.9594      5.926  273.66462  273.82017    18.4704    10.4396 -9.990e-29
 126.445778      6.007    12.8299  32.260229    26.9599      5.954  273.66261  273.81813    18.3770    10.4557 0.0000e+00
 126.445781      6.038    12.8304  32.261795    26.9605      5.984  273.65734  273.81289    18.7350    10.4517 0.0000e+00
 126.445784      6.065    12.8318  32.265043    26.9625      6.011  273.64563  273.80123    18.4548    10.4638 0.0000e+00
 126.445787      6.099    12.8336  32.267305    26.9633      6.044  273.63377  273.78946    17.7233    10.5447 0.0000e+00
 126.445790      6.131    12.8359  32.270321    26.9638      6.077  273.61805  273.77387    17.9568    10.5487 0.0000e+00
 126.445793      6.161    12.8383  32.271539    26.9641      6.105  273.60550  273.76146    17.7545    10.5083 0.0000e+00
 126.445796      6.190    12.8402  32.273743    26.9638      6.134  273.59342  273.74949    17.8478    10.5609 -9.990e-29
 126.445799      6.215    12.8422  32.275367    26.9646      6.160  273.58173  273.73791    16.8673    10.0797 -9.990e-29
 126.445802      6.245    12.8440  32.275367    26.9633      6.189  273.57386  273.73015    17.0541    10.0837 -9.990e-29
 126.445804      6.267    12.8453  32.274148    26.9612      6.210  273.57034  273.72673    16.7739    10.0918 -9.990e-29
 126.445807      6.286    12.8458  32.273568    26.9603      6.230  273.56917  273.72559    16.7895    10.0837 -9.990e-29
 126.445810      6.306    12.8458  32.274786    26.9614      6.250  273.56672  273.72314    16.6494     9.8330 -9.990e-29
 126.445813      6.323    12.8462  32.273336    26.9588      6.267  273.56770  273.72416    16.6494     9.8128 -9.990e-29
 126.445816      6.349    12.8458  32.271944    26.9577      6.292  273.57175  273.72820    16.5871     9.8330 0.0000e+00
 126.445819      6.380    12.8455  32.269334    26.9565      6.323  273.57764  273.73409    16.7428     9.8209 0.0000e+00
 126.445822      6.411    12.8443  32.266493    26.9548      6.353  273.58804  273.74444    17.2720     9.6713 0.0000e+00
 126.445825      6.438    12.8428  32.264637    26.9541      6.380  273.59796  273.75428    17.3809     9.6591 0.0000e+00
 126.445828      6.471    12.8410  32.262607    26.9535      6.413  273.60946  273.76568    17.3342     9.6874 0.0000e+00
 126.445830      6.500    12.8397  32.261042    26.9530      6.442  273.61792  273.77408    17.2564     9.6794 0.0000e+00
 126.445833      6.529    12.8385  32.259882    26.9529      6.471  273.62567  273.78175    17.3965     9.6834 0.0000e+00
 126.445836      6.557    12.8380  32.260404    26.9528      6.498  273.62666  273.78271    16.7584     9.4206 -9.990e-29
 126.445839      6.582    12.8390  32.259012    26.9516      6.523  273.62503  273.78115    16.8517     9.4206 -9.990e-29
 126.445842      6.606    12.8393  32.257157    26.9496      6.547  273.62674  273.78290    16.7895     9.4489 -9.990e-29
 126.445845      6.628    12.8385  32.251126    26.9446      6.569  273.64086  273.79703    17.0541     9.4044 -9.990e-29
 126.445848      6.646    12.8367  32.248053    26.9431      6.587  273.65451  273.81059    19.6222     9.9786 -9.990e-29
 126.445851      6.666    12.8350  32.247531    26.9438      6.607  273.66271  273.81868    19.8245    10.0069 -9.990e-29
 126.445854      6.688    12.8341  32.246429    26.9451      6.628  273.66877  273.82470    19.9334    10.0029 -9.990e-29
 126.445856      6.714    12.8339  32.248053    26.9460      6.654  273.66687  273.82277    19.7467    10.0150 0.0000e+00
 126.445859      6.743    12.8344  32.250315    26.9468      6.683  273.66069  273.81660    17.7545     9.4853 0.0000e+00
 126.445862      6.774    12.8359  32.253910    26.9490      6.713  273.64742  273.80339    17.7233     9.5014 0.0000e+00
 126.445865      6.805    12.8387  32.259593    26.9504      6.744  273.62509  273.78120    17.4432     9.5217 0.0000e+00
 126.445868      6.834    12.8433  32.261042    26.9513      6.773  273.60266  273.75904    17.4743     9.4853 0.0000e+00
 126.445871      6.867    12.8463  32.259070    26.9504      6.806  273.59258  273.74918    16.2914     9.4893 -9.990e-29
 126.445874      6.891    12.8479  32.257794    26.9440      6.829  273.58790  273.74461    16.2603     9.4934 -9.990e-29
 126.445877      6.922    12.8483  32.257157    26.9432      6.860  273.58746  273.74421    16.2292     9.4772 -9.990e-29
 126.445880      6.945    12.8481  32.256171    26.9424      6.883  273.59016  273.74690    16.4004     9.4772 -9.990e-29
 126.445883      6.964    12.8476  32.253909    26.9406      6.901  273.59606  273.75279    16.5871     9.4934 -9.990e-29
 126.445885      6.986    12.8467  32.253330    26.9407      6.923  273.60120  273.75788    16.1202     9.3720 -9.990e-29
 126.445888      7.004    12.8457  32.252170    26.9402      6.941  273.60768  273.76430    15.9490     9.3559 -9.990e-29
 126.445891      7.031    12.8446  32.251126    26.9404      6.969  273.61427  273.77084    16.1513     9.3559 0.0000e+00
 126.445894      7.059    12.8438  32.250895    26.9402      6.996  273.61849  273.77500    16.0735     9.3680 0.0000e+00
 126.445897      7.086    12.8432  32.248865    26.9405      7.023  273.62462  273.78111    17.3187     9.4934 0.0000e+00
 126.445900      7.121    12.8425  32.249909    26.9405      7.057  273.62596  273.78239    17.2875     9.4772 0.0000e+00
 126.445903      7.147    12.8422  32.250315    26.9411      7.083  273.62652  273.78294    17.5366     9.4934 0.0000e+00
 126.445906      7.183    12.8426  32.251533    26.9419      7.119  273.62250  273.77893    17.1163     9.4974 0.0000e+00
 126.445909      7.216    12.8434  32.253911    26.9435      7.151  273.61485  273.77132    18.9218     9.9220 0.0000e+00
 126.445911      7.243    12.8450  32.258202    26.9463      7.178  273.60004  273.75657    18.8284     9.9624 0.0000e+00
 126.445914      7.274    12.8479  32.262841    26.9475      7.209  273.57925  273.73592    18.9062     9.9624 0.0000e+00
 126.445917      7.299    12.8514  32.264871    26.9486      7.234  273.56021  273.71709    18.7661     9.9422 -9.990e-29
 126.445920      7.321    12.8551  32.267306    26.9476      7.256  273.53983  273.69692    19.6844     9.9665 -9.990e-29
 126.445923      7.339    12.8582  32.271772    26.9494      7.274  273.51807  273.67532    19.5288    10.1969 -9.990e-29
 126.445926      7.356    12.8617  32.275484    26.9504      7.290  273.49639  273.65382    19.7000    10.1686 -9.990e-29
 126.445929      7.378    12.8652  32.279428    26.9515      7.312  273.47398  273.63161    19.3887    10.1322 -9.990e-29
 126.445932      7.398    12.8686  32.282676    26.9501      7.331  273.45311  273.61093    19.4354    10.1444 -9.990e-29
 126.445935      7.425    12.8723  32.283314    26.9500      7.358  273.43591  273.59395    18.3148     9.9179 0.0000e+00
 126.445938      7.461    12.8750  32.285287    26.9501      7.395  273.42046  273.57866    18.2992     9.8492 0.0000e+00
 126.445940      7.489    12.8767  32.286911    26.9499      7.422  273.41004  273.56834    18.2992     9.8856 0.0000e+00
 126.445943      7.520    12.8783  32.286737    26.9490      7.452  273.40373  273.56213    18.3770     9.8735 0.0000e+00
