Processed/SBE19plus_01907321_2022_05_07_Cast68_wfilter.cnv
* Sea-Bird SBE19plus  Data File:
* FileName = E:\Prandtl Daten\2022\CTD\Raw\SBE19plus_01907321_2022_05_07_Cast68.hex
* Software version 2.6.1.12
* Temperature SN = 7321
* Conductivity SN = 7321
* System UpLoad Time = May 07 2022 11:13:31
* <ApplicationData>
* <Seaterm232>
** Messpraktikum 2022
** CTD 07.05 MP2
** NMEA Latitude = 54 03.01 N
** NMEA Longitude = 008 42.12 E
# nquan = 11
# nvalues = 465                         
# units = specified
# name 0 = timeJ: Julian Days
# name 1 = prdM: Pressure, Strain Gauge [db]
# name 2 = tv290C: Temperature [ITS-90, deg C]
# name 3 = c0mS/cm: Conductivity [mS/cm]
# name 4 = sal00: Salinity, Practical [PSU]
# name 5 = depSM: Depth [salt water, m], lat = 54.00
# name 6 = oxsatMm/Kg: Oxygen Saturation, Weiss [umol/kg]
# name 7 = oxsolMm/Kg: Oxygen Saturation, Garcia & Gordon [umol/kg]
# name 8 = turbWETntu0: Turbidity, WET Labs ECO [NTU]
# name 9 = flECO-AFL: Fluorescence, WET Labs ECO-AFL/FL [mg/m^3]
# name 10 = flag:  0.000e+00
# span 0 = 127.463371, 127.464714       
# span 1 =      0.538,     12.971       
# span 2 =    13.4845,    13.7080       
# span 3 =  32.692523,  32.901435       
# span 4 =    26.8427,    26.9530       
# span 5 =      0.534,     12.855       
# span 6 =  268.75387,  270.03829       
# span 7 =  268.95846,  270.23102       
# span 8 =    12.4626,    84.8206       
# span 9 =     8.6442,    14.5722       
# span 10 = 0.0000e+00, 0.0000e+00      
# interval = seconds: 0.25
# start_time = May 07 2022 11:06:00 [Instrument's time stamp, header]
# bad_flag = -9.990e-29
*END*
[from data line 132]
 127.463753      4.055    13.6852  32.878329    26.9211      4.018  268.88279  269.08623    25.6299    11.8831 0.0000e+00
 127.463756      4.086    13.6849  32.878095    26.9211      4.049  268.88447  269.08789    25.1941    11.9802 0.0000e+00
 127.463759      4.113    13.6850  32.878388    26.9213      4.076  268.88336  269.08679    25.2564    11.9357 0.0000e+00
 127.463762      4.140    13.6850  32.878563    26.9214      4.103  268.88340  269.08682    25.3498    11.9721 0.0000e+00
 127.463764      4.166    13.6852  32.877511    26.9215      4.129  268.88424  269.08769    25.4587    11.9842 -9.990e-29
 127.463767      4.191    13.6852  32.879323    26.9220      4.154  268.88120  269.08463    26.2058    11.9640 -9.990e-29
 127.463770      4.208    13.6855  32.879556    26.9220      4.170  268.87956  269.08300    26.1436    11.9478 -9.990e-29
 127.463773      4.230    13.6858  32.879381    26.9216      4.192  268.87829  269.08176    26.3148    11.9721 -9.990e-29
 127.463776      4.250    13.6860  32.879965    26.9217      4.212  268.87669  269.08016    26.4237    11.9559 -9.990e-29
 127.463779      4.277    13.6864  32.879966    26.9215      4.239  268.87513  269.07862    26.0657    12.0570 0.0000e+00
 127.463782      4.305    13.6866  32.879557    26.9212      4.266  268.87489  269.07840    25.9101    12.0408 0.0000e+00
 127.463785      4.332    13.6863  32.879381    26.9212      4.293  268.87647  269.07996    25.7545    12.0570 0.0000e+00
 127.463788      4.369    13.6859  32.878739    26.9212      4.330  268.87915  269.08262    25.7700    12.1096 0.0000e+00
 127.463791      4.398    13.6855  32.878739    26.9209      4.358  268.88105  269.08450    12.9296     8.7574 0.0000e+00
 127.463793      4.425    13.6850  32.877687    26.9205      4.386  268.88474  269.08817    13.1008     8.7453 0.0000e+00
 127.463796      4.455    13.6840  32.863374    26.9083      4.415  268.91335  269.11684    13.1008     8.7493 0.0000e+00
 127.463799      4.484    13.6766  32.825647    26.8938      4.444  269.00895  269.21230    13.1941     8.7291 0.0000e+00
 127.463802      4.513    13.6569  32.802530    26.8793      4.473  269.13219  269.33455    13.1630     8.7210 -9.990e-29
 127.463805      4.537    13.6313  32.774518    26.8647      4.496  269.28932  269.49036    15.7622     9.2588 -9.990e-29
 127.463808      4.560    13.6014  32.727267    26.8428      4.520  269.49778  269.69741    15.9646     9.2063 -9.990e-29
 127.463811      4.575    13.5650  32.699107    26.8427      4.534  269.70176  269.89942    15.6222     9.2548 -9.990e-29
 127.463814      4.595    13.5281  32.692523    26.8625      4.554  269.87161  270.06709    15.8245     9.2386 -9.990e-29
 127.463817      4.621    13.5023  32.695732    26.8836      4.579  269.97714  270.17101    17.9412     9.6794 -9.990e-29
 127.463819      4.646    13.4890  32.701797    26.8984      4.604  270.02417  270.21718    17.8790     9.7198 -9.990e-29
 127.463822      4.677    13.4848  32.704246    26.9036      4.635  270.03829  270.23102    17.5677     9.7077 -9.990e-29
 127.463825      4.701    13.4845  32.706929    26.9096      4.659  270.03467  270.22736    17.7078     9.7158 -9.990e-29
 127.463828      4.735    13.4859  32.711768    26.9130      4.693  270.02044  270.21318    19.1864    10.1686 0.0000e+00
 127.463831      4.763    13.4887  32.721332    26.9164      4.720  269.99216  270.18499    18.9996    10.2374 0.0000e+00
 127.463834      4.792    13.4950  32.728971    26.9177      4.749  269.95205  270.14520    19.0152    10.1969 0.0000e+00
 127.463837      4.825    13.5026  32.736086    26.9189      4.781  269.90718  270.10073    19.0930    10.2050 -9.990e-29
 127.463840      4.848    13.5095  32.735735    26.9148      4.805  269.87818  270.07216    16.8206     9.8492 -9.990e-29
 127.463843      4.876    13.5141  32.732643    26.9088      4.832  269.86362  270.05791    16.9140     9.8492 -9.990e-29
 127.463845      4.892    13.5150  32.722146    26.8986      4.848  269.87774  270.07217    16.6494     9.7885 -9.990e-29
 127.463848      4.916    13.5112  32.716839    26.8964      4.872  269.90319  270.09743    16.8517     9.8047 -9.990e-29
 127.463851      4.936    13.5061  32.715965    26.8992      4.892  269.92675  270.12069    16.7428     9.8532 -9.990e-29
 127.463854      4.959    13.5031  32.723605    26.9125      4.915  269.92666  270.12034    19.0307    10.4193 -9.990e-29
 127.463857      4.987    13.5042  32.729145    26.9151      4.942  269.91250  270.10621    18.8906    10.4072 0.0000e+00
 127.463860      5.018    13.5084  32.738011    26.9166      4.973  269.87913  270.07302    18.9218    10.4193 0.0000e+00
 127.463863      5.051    13.5143  32.741510    26.9176      5.005  269.84767  270.04190    19.1552    10.4072 0.0000e+00
 127.463866      5.083    13.5201  32.747051    26.9176      5.038  269.81336  270.00789    21.0696    10.6903 0.0000e+00
 127.463869      5.116    13.5259  32.753526    26.9194      5.071  269.77778  269.97261    21.1475    10.7024 0.0000e+00
 127.463872      5.147    13.5317  32.759651    26.9205      5.101  269.74217  269.93731    20.9918    10.6903 0.0000e+00
 127.463874      5.178    13.5379  32.764143    26.9208      5.132  269.70777  269.90325    20.9607    10.6822 0.0000e+00
 127.463877      5.204    13.5444  32.770736    26.9205      5.157  269.66885  269.86467    23.4665    11.3373 0.0000e+00
 127.463880      5.230    13.5510  32.771961    26.9202      5.183  269.63844  269.83465    23.3887    11.2887 0.0000e+00
 127.463883      5.257    13.5567  32.781473    26.9184      5.210  269.59803  269.79450    23.5599    11.2968 -9.990e-29
 127.463886      5.273    13.5634  32.788475    26.9247      5.226  269.55716  269.75398    23.3887    11.3089 -9.990e-29
 127.463889      5.293    13.5714  32.796704    26.9266      5.246  269.50887  269.70610    22.0502    11.0623 -9.990e-29
 127.463892      5.315    13.5801  32.798571    26.9205      5.268  269.46856  269.66630    21.9568    11.0623 -9.990e-29
 127.463895      5.343    13.5864  32.801664    26.9182      5.295  269.43624  269.63434    21.8167    11.0461 0.0000e+00
 127.463898      5.372    13.5914  32.800438    26.9158      5.324  269.41661  269.61504    21.8167    11.0218 0.0000e+00
 127.463900      5.405    13.5938  32.793200    26.9096      5.356  269.41885  269.61747    21.7700    11.0704 0.0000e+00
 127.463903      5.434    13.5917  32.793842    26.9076      5.385  269.42659  269.62509    20.6338    10.8075 0.0000e+00
 127.463906      5.467    13.5897  32.789699    26.9089      5.418  269.44247  269.64087    20.8206    10.7833 0.0000e+00
 127.463909      5.501    13.5873  32.789641    26.9089      5.452  269.45266  269.65093    20.8984    10.8197 0.0000e+00
 127.463912      5.532    13.5855  32.788882    26.9095      5.483  269.46185  269.66000    20.8050    10.7752 0.0000e+00
 127.463915      5.563    13.5840  32.788883    26.9095      5.513  269.46816  269.66623    18.6572    10.5124 0.0000e+00
 127.463918      5.589    13.5834  32.786723    26.9097      5.539  269.47468  269.67273    18.6572    10.5164 0.0000e+00
 127.463921      5.618    13.5820  32.783338    26.9090      5.568  269.48643  269.68442    18.7350    10.5487 -9.990e-29
 127.463924      5.640    13.5790  32.779837    26.9058      5.589  269.50531  269.70315    18.8906    10.5245 -9.990e-29
 127.463927      5.660    13.5750  32.777328    26.9063      5.609  269.52659  269.72421    21.4120    10.9976 -9.990e-29
 127.463929      5.680    13.5707  32.773711    26.9097      5.629  269.55102  269.74841    21.5521    10.9572 -9.990e-29
 127.463932      5.705    13.5661  32.774237    26.9115      5.654  269.56999  269.76709    21.5366    10.9531 0.0000e+00
 127.463935      5.733    13.5633  32.776104    26.9134      5.682  269.57911  269.77603    21.5677    10.9774 0.0000e+00
 127.463938      5.760    13.5625  32.780015    26.9175      5.709  269.57563  269.77247    21.4432    10.8480 0.0000e+00
 127.463941      5.793    13.5639  32.784567    26.9206      5.741  269.56193  269.75881    21.5988    10.8237 0.0000e+00
 127.463944      5.824    13.5671  32.788885    26.9208      5.772  269.54075  269.73779    21.6299    10.8278 0.0000e+00
 127.463947      5.855    13.5711  32.790344    26.9208      5.803  269.52129  269.71856    21.5054    10.8278 0.0000e+00
 127.463950      5.886    13.5743  32.790636    26.9188      5.833  269.50727  269.70473    21.2875    10.8641 0.0000e+00
 127.463953      5.917    13.5756  32.785383    26.9160      5.864  269.51055  269.70813    21.6455    11.0380 0.0000e+00
 127.463955      5.945    13.5738  32.783340    26.9131      5.891  269.52159  269.71909    21.9101    11.0097 -9.990e-29
 127.463958      5.968    13.5711  32.783749    26.9148      5.915  269.53257  269.72989    21.9257    11.0016 -9.990e-29
 127.463961      5.988    13.5691  32.784158    26.9165      5.935  269.54039  269.73759    21.7856    11.0663 -9.990e-29
 127.463964      6.007    13.5684  32.786609    26.9193      5.953  269.53938  269.73652    23.4665    11.5799 -9.990e-29
 127.463967      6.025    13.5688  32.789469    26.9216      5.971  269.53295  269.73009    23.5443    11.5597 -9.990e-29
 127.463970      6.047    13.5703  32.791162    26.9339      5.993  269.52348  269.72070    23.5599    11.5313 -9.990e-29
 127.463973      6.076    13.5729  32.806221    26.9344      6.022  269.48657  269.68382    23.4510    11.6001 0.0000e+00
 127.463976      6.103    13.5801  32.812817    26.9348      6.049  269.44453  269.64216    26.8440    12.1622 0.0000e+00
 127.463979      6.138    13.5894  32.820523    26.9353      6.083  269.39180  269.58993    26.5949    12.1783 0.0000e+00
 127.463981      6.169    13.5987  32.829573    26.9368      6.114  269.33648  269.53511    26.7817    12.1339 0.0000e+00
 127.463984      6.200    13.6079  32.836579    26.9368      6.145  269.28527  269.48439    26.5794    12.1702 0.0000e+00
 127.463987      6.233    13.6177  32.844112    26.9368      6.177  269.23066  269.43031    26.8440    12.1217 0.0000e+00
 127.463990      6.266    13.6275  32.850010    26.9352      6.210  269.17851  269.37871    27.0152    12.1622 0.0000e+00
 127.463993      6.293    13.6361  32.852287    26.9312      6.237  269.13816  269.33886    26.8595    12.1096 0.0000e+00
 127.463996      6.324    13.6428  32.855324    26.9303      6.267  269.10440  269.30547    26.8284    12.1541 0.0000e+00
 127.463999      6.349    13.6480  32.855615    26.9293      6.292  269.08157  269.28296    26.9996    12.1541 -9.990e-29
 127.464002      6.366    13.6512  32.858302    26.9260      6.309  269.06319  269.26475    28.6027    12.3805 -9.990e-29
 127.464005      6.387    13.6541  32.860580    26.9261      6.330  269.04707  269.24878    28.5249    12.3482 -9.990e-29
 127.464008      6.410    13.6571  32.861222    26.9245      6.352  269.03309  269.23498    28.3537    12.3805 -9.990e-29
 127.464010      6.433    13.6592  32.864260    26.9250      6.376  269.01915  269.22114    28.2447    12.4129 -9.990e-29
 127.464013      6.462    13.6617  32.865311    26.9258      6.404  269.00669  269.20883    27.2331    12.5018 0.0000e+00
 127.464016      6.491    13.6639  32.868699    26.9265      6.433  268.99154  269.19378    27.1397    12.5099 0.0000e+00
 127.464019      6.522    13.6664  32.870685    26.9265      6.464  268.97749  269.17987    27.0930    12.5180 0.0000e+00
 127.464022      6.550    13.6686  32.872146    26.9263      6.491  268.96560  269.16810    27.1085    12.5018 0.0000e+00
 127.464025      6.579    13.6707  32.872438    26.9251      6.520  268.95631  269.15893    26.4237    12.1743 0.0000e+00
 127.464028      6.610    13.6721  32.873372    26.9250      6.551  268.94877  269.15147    26.5482    12.2269 0.0000e+00
 127.464031      6.636    13.6732  32.874015    26.9250      6.576  268.94298  269.14574    26.8440    12.1702 -9.990e-29
 127.464034      6.661    13.6742  32.873022    26.9231      6.602  268.94027  269.14309    26.7350    12.1702 -9.990e-29
 127.464036      6.685    13.6743  32.870919    26.9211      6.625  268.94321  269.14606    25.6299    11.8306 -9.990e-29
 127.464039      6.703    13.6729  32.866362    26.9180      6.643  268.95691  269.15971    25.3965    11.7982 -9.990e-29
 127.464042      6.721    13.6703  32.861046    26.9150      6.661  268.97724  269.17993    25.2564    11.8387 -9.990e-29
 127.464045      6.744    13.6657  32.858477    26.9179      6.683  269.00143  269.20386    25.4899    11.8427 -9.990e-29
 127.464048      6.773    13.6609  32.857017    26.9186      6.712  269.02406  269.22622    25.5521    11.8427 0.0000e+00
 127.464051      6.798    13.6570  32.855499    26.9193      6.737  269.04333  269.24527    25.3342    11.7457 0.0000e+00
 127.464054      6.825    13.6544  32.854331    26.9193      6.764  269.05666  269.25844    25.0229    11.7618 0.0000e+00
 127.464057      6.860    13.6517  32.851061    26.9191      6.799  269.07386  269.27551    25.1941    11.7295 0.0000e+00
 127.464060      6.897    13.6486  32.848783    26.9191      6.835  269.09096  269.29244    25.2408    11.7537 0.0000e+00
 127.464063      6.930    13.6455  32.848433    26.9209      6.868  269.10479  269.30609    26.2992    12.2916 0.0000e+00
 127.464065      6.959    13.6428  32.846915    26.9214      6.897  269.11871  269.31987    26.4548    12.2188 0.0000e+00
 127.464068      6.990    13.6406  32.847558    26.9224      6.927  269.12709  269.32810    26.3148    12.2390 0.0000e+00
 127.464071      7.019    13.6397  32.846682    26.9235      6.956  269.13268  269.33364    26.3303    12.2147 -9.990e-29
 127.464074      7.044    13.6389  32.848142    26.9252      6.981  269.13337  269.33428    28.3692    12.5665 -9.990e-29
 127.464077      7.064    13.6392  32.850011    26.9267      7.001  269.12927  269.33018    28.4004    12.5261 -9.990e-29
 127.464080      7.083    13.6402  32.851413    26.9273      7.019  269.12251  269.32346    28.2136    12.5140 -9.990e-29
 127.464083      7.103    13.6417  32.852289    26.9270      7.039  269.11442  269.31546    28.4782    12.5463 -9.990e-29
 127.464086      7.126    13.6433  32.853749    26.9272      7.062  269.10536  269.30648    30.0191    12.6717 -9.990e-29
 127.464089      7.150    13.6451  32.856728    26.9276      7.086  269.09246  269.29367    30.1591    12.6191 -9.990e-29
 127.464091      7.181    13.6475  32.857429    26.9283      7.117  269.08122  269.28256    30.3459    12.6474 0.0000e+00
 127.464094      7.207    13.6492  32.860349    26.9290      7.142  269.06905  269.27047    30.2992    12.6393 0.0000e+00
 127.464097      7.243    13.6516  32.862394    26.9292      7.178  269.05523  269.25678    30.2681    12.6595 0.0000e+00
 127.464100      7.272    13.6548  32.865197    26.9293      7.207  269.03697  269.23869    29.6144    12.8051 0.0000e+00
 127.464103      7.307    13.6579  32.868235    26.9295      7.242  269.01863  269.22051    29.6299    12.8294 -9.990e-29
 127.464106      7.332    13.6606  32.869462    26.9293      7.267  269.00493  269.20696    29.6455    12.8091 -9.990e-29
 127.464109      7.363    13.6635  32.871272    26.9288      7.298  268.98930  269.19149    29.6922    12.8496 -9.990e-29
 127.464112      7.384    13.6653  32.872733    26.9289      7.318  268.97928  269.18158    28.6338    12.5180 -9.990e-29
 127.464115      7.416    13.6668  32.874018    26.9290      7.350  268.97084  269.17321    28.5560    12.4937 -9.990e-29
 127.464117      7.433    13.6678  32.876180    26.9302      7.366  268.96278  269.16520    28.2603    12.4937 -9.990e-29
 127.464120      7.455    13.6688  32.876705    26.9300      7.388  268.95750  269.15998    28.4938    12.5018 -9.990e-29
 127.464123      7.477    13.6700  32.878984    26.9316      7.410  268.94863  269.15116    29.0074    12.6959 -9.990e-29
 127.464126      7.504    13.6707  32.879977    26.9320      7.437  268.94382  269.14638    29.0229    12.7161 0.0000e+00
