Processed/SBE19plus_01907321_2022_05_10_Cast109_wfilter.cnv
* Sea-Bird SBE19plus  Data File:
* FileName = E:\Prandtl_Daten\2022\CTD\Raw\SBE19plus_01907321_2022_05_10_Cast109.hex
* Software version 2.6.1.12
* Temperature SN = 7321
* Conductivity SN = 7321
* System UpLoad Time = May 10 2022 09:07:53
* <ApplicationData>
* <Seaterm232>
** Messpraktikum 2022
** CTD 09.05  BW2
** NMEA Latitude = 54 07.81N
** NMEA Longitude = 008 44 81E
# nquan = 11
# nvalues = 570                         
# units = specified
# name 0 = timeJ: Julian Days
# name 1 = prdM: Pressure, Strain Gauge [db]
# name 2 = tv290C: Temperature [ITS-90, deg C]
# name 3 = c0mS/cm: Conductivity [mS/cm]
# name 4 = sal00: Salinity, Practical [PSU]
# name 5 = depSM: Depth [salt water, m], lat = 54.00
# name 6 = oxsatMm/Kg: Oxygen Saturation, Weiss [umol/kg]
# name 7 = oxsolMm/Kg: Oxygen Saturation, Garcia & Gordon [umol/kg]
# name 8 = turbWETntu0: Turbidity, WET Labs ECO [NTU]
# name 9 = flECO-AFL: Fluorescence, WET Labs ECO-AFL/FL [mg/m^3]
# name 10 = flag:  0.000e+00
# span 0 = 130.375177, 130.376823       
# span 1 =      0.409,     17.194       
# span 2 =    13.5611,    13.6419       
# span 3 =  32.854740,  33.008527       
# span 4 =    26.9736,    27.0664       
# span 5 =      0.406,     17.040       
# span 6 =  268.85513,  269.43988       
# span 7 =  269.05491,  269.63594       
# span 8 =    -6.3856,    45.9101       
# span 9 =    -0.1790,     6.9337       
# span 10 = 0.0000e+00, 0.0000e+00      
# interval = seconds: 0.25
# start_time = May 10 2022 08:59:02 [Instrument's time stamp, header]
# bad_flag = -9.990e-29
*END*
 130.375177      0.409    13.5962  32.876866    26.9835      0.406  269.26333  269.46139    -6.3078    -0.1346 -9.990e-29
 130.375179      0.430    13.5981  32.877567    26.9829      0.426  269.25430  269.45246    -6.2611    -0.1750 -9.990e-29
 130.375182      0.433    13.5999  32.879787    26.9836      0.430  269.24267  269.44093    -6.3856    -0.1709 -9.990e-29
 130.375185      0.433    13.6017  32.881423    26.9838      0.429  269.23203  269.43039    -6.3078    -0.1790 -9.990e-29
 130.375188      0.457    13.6038  32.882299    26.9831      0.453  269.22176  269.42023     4.3537     2.7324 -9.990e-29
 130.375191      0.474    13.6054  32.882475    26.9821      0.469  269.21455  269.41313     4.2759     2.7566 -9.990e-29
 130.375194      0.488    13.6065  32.883526    26.9824      0.484  269.20806  269.40669     4.3537     2.7486 -9.990e-29
 130.375197      0.530    13.6074  32.884286    26.9824      0.525  269.20303  269.40170     4.3537     2.7405 0.0000e+00
 130.375200      0.570    13.6086  32.885162    26.9824      0.565  269.19653  269.39528     4.7584     2.8173 -9.990e-29
 130.375203      0.591    13.6096  32.885571    26.9832      0.585  269.19145  269.39025     4.7739     2.8618 -9.990e-29
 130.375205      0.622    13.6110  32.888026    26.9829      0.616  269.18133  269.38020     4.8673     2.8497 0.0000e+00
 130.375208      0.654    13.6125  32.888493    26.9826      0.649  269.17427  269.37322     4.7739     2.8294 0.0000e+00
 130.375211      0.698    13.6136  32.889311    26.9825      0.692  269.16788  269.36690     4.7584     2.8658 0.0000e+00
 130.375214      0.747    13.6147  32.889369    26.9817      0.741  269.16310  269.36218     5.1163     2.8335 0.0000e+00
 130.375217      0.786    13.6154  32.889486    26.9815      0.779  269.16009  269.35921     5.1630     2.8416 0.0000e+00
 130.375220      0.813    13.6160  32.890305    26.9814      0.806  269.15621  269.35536     5.0852     2.8780 -9.990e-29
 130.375223      0.827    13.6166  32.890947    26.9818      0.820  269.15261  269.35179     5.0229     2.8416 -9.990e-29
 130.375226      0.853    13.6174  32.890947    26.9813      0.845  269.14917  269.34840     5.0541     2.8456 -9.990e-29
 130.375229      0.868    13.6178  32.891181    26.9812      0.860  269.14721  269.34646     5.0074     2.8375 -9.990e-29
 130.375231      0.889    13.6182  32.891356    26.9811      0.881  269.14504  269.34431     5.0852     2.8254 -9.990e-29
 130.375234      0.915    13.6184  32.891590    26.9806      0.907  269.14372  269.34300     5.0852     2.8699 0.0000e+00
 130.375237      0.941    13.6187  32.890772    26.9805      0.932  269.14386  269.34317     5.3187     2.7607 0.0000e+00
 130.375240      0.975    13.6185  32.890948    26.9805      0.966  269.14453  269.34382     5.3498     2.7688 0.0000e+00
 130.375243      1.019    13.6185  32.891181    26.9805      1.010  269.14416  269.34345     5.2564     2.7647 0.0000e+00
 130.375246      1.061    13.6186  32.891182    26.9805      1.051  269.14356  269.34286     5.3187     2.7930 0.0000e+00
 130.375249      1.097    13.6187  32.891182    26.9805      1.087  269.14326  269.34257     5.1630     2.8335 0.0000e+00
 130.375252      1.132    13.6189  32.890773    26.9805      1.122  269.14335  269.34267     5.3654     2.8618 -9.990e-29
 130.375255      1.150    13.6188  32.891591    26.9808      1.140  269.14229  269.34160     5.3965     2.8577 -9.990e-29
 130.375258      1.161    13.6189  32.890130    26.9793      1.151  269.14414  269.34347     5.2564     2.8577 -9.990e-29
 130.375260      1.170    13.6185  32.887617    26.9774      1.160  269.15030  269.34962     5.1941     2.8254 -9.990e-29
 130.375263      1.183    13.6170  32.888027    26.9788      1.173  269.15621  269.35544     5.2408     2.7405 -9.990e-29
 130.375266      1.200    13.6164  32.888903    26.9789      1.189  269.15725  269.35644     5.3031     2.7243 -9.990e-29
 130.375269      1.225    13.6163  32.887618    26.9787      1.214  269.15976  269.35895     5.3187     2.7203 0.0000e+00
 130.375272      1.262    13.6161  32.887034    26.9789      1.250  269.16172  269.36090     5.3809     2.7243 0.0000e+00
 130.375275      1.313    13.6152  32.887443    26.9785      1.301  269.16483  269.36396     5.6299     2.6919 0.0000e+00
 130.375278      1.368    13.6147  32.885632    26.9793      1.355  269.16982  269.36894     5.5521     2.6879 0.0000e+00
 130.375281      1.415    13.6140  32.886392    26.9791      1.402  269.17171  269.37077     5.5521     2.7283 0.0000e+00
 130.375284      1.446    13.6136  32.885807    26.9792      1.433  269.17460  269.37364     5.5833     2.7122 0.0000e+00
 130.375286      1.473    13.6131  32.884055    26.9791      1.460  269.17979  269.37882     5.3654     2.8941 -9.990e-29
 130.375289      1.493    13.6122  32.883938    26.9784      1.480  269.18378  269.38275     5.3654     2.8860 -9.990e-29
 130.375292      1.506    13.6115  32.885574    26.9803      1.493  269.18384  269.38276     5.4120     2.9143 -9.990e-29
 130.375295      1.521    13.6117  32.886626    26.9812      1.507  269.18144  269.38036     5.2875     2.9305 -9.990e-29
 130.375298      1.534    13.6127  32.886860    26.9806      1.520  269.17665  269.37563     5.5833     2.8213 -9.990e-29
 130.375301      1.548    13.6137  32.888028    26.9810      1.534  269.17027  269.36930     5.4899     2.8335 -9.990e-29
 130.375304      1.568    13.6148  32.887619    26.9786      1.554  269.16626  269.36536     5.4587     2.8213 -9.990e-29
 130.375307      1.612    13.6155  32.886859    26.9781      1.598  269.16475  269.36390     5.5833     2.8497 0.0000e+00
 130.375310      1.667    13.6151  32.885340    26.9775      1.652  269.16893  269.36807     5.5054     2.8416 0.0000e+00
 130.375313      1.723    13.6142  32.884114    26.9770      1.708  269.17482  269.37391     6.2836     3.4077 0.0000e+00
 130.375315      1.774    13.6127  32.880141    26.9745      1.759  269.18819  269.38723     6.3303     3.3996 0.0000e+00
 130.375318      1.816    13.6097  32.877687    26.9744      1.800  269.20496  269.40383     6.2836     3.4481 0.0000e+00
 130.375321      1.851    13.6064  32.875643    26.9743      1.834  269.22260  269.42129     6.4237     3.4158 -9.990e-29
 130.375324      1.873    13.6038  32.876812    26.9777      1.856  269.23195  269.43047     6.0969     3.3349 -9.990e-29
 130.375327      1.886    13.6023  32.876052    26.9780      1.869  269.23953  269.43798     5.9568     3.3268 -9.990e-29
 130.375330      1.897    13.6010  32.874826    26.9778      1.880  269.24728  269.44565     6.0502     3.3349 -9.990e-29
 130.375333      1.913    13.5998  32.874826    26.9786      1.896  269.25232  269.45062     6.1280     3.3308 -9.990e-29
 130.375336      1.929    13.5986  32.872956    26.9769      1.912  269.26054  269.45878     6.7817     3.6058 -9.990e-29
 130.375339      1.957    13.5975  32.871087    26.9766      1.939  269.26876  269.46695     6.7039     3.5532 0.0000e+00
 130.375341      1.993    13.5957  32.868926    26.9768      1.975  269.28000  269.47810     6.7194     3.6260 0.0000e+00
 130.375344      2.031    13.5933  32.867758    26.9764      2.013  269.29238  269.49034     6.8751     3.6058 0.0000e+00
 130.375347      2.083    13.5910  32.865538    26.9768      2.064  269.30593  269.50377     6.2836     3.3228 0.0000e+00
 130.375350      2.123    13.5887  32.865305    26.9777      2.104  269.31610  269.51381     6.3615     3.3794 0.0000e+00
 130.375353      2.165    13.5870  32.865773    26.9785      2.145  269.32288  269.52047     6.3615     3.3511 0.0000e+00
 130.375356      2.196    13.5863  32.863436    26.9794      2.176  269.32970  269.52727     6.3615     3.3470 -9.990e-29
 130.375359      2.221    13.5848  32.863261    26.9786      2.201  269.33630  269.53379     6.2525     3.3713 -9.990e-29
 130.375362      2.240    13.5834  32.864955    26.9811      2.220  269.33941  269.53680     6.0813     3.5249 -9.990e-29
 130.375365      2.262    13.5836  32.867584    26.9834      2.241  269.33433  269.53170     6.0657     3.5371 -9.990e-29
 130.375367      2.285    13.5852  32.868811    26.9833      2.265  269.32534  269.52281     5.8945     3.5371 -9.990e-29
 130.375370      2.309    13.5872  32.869278    26.9824      2.288  269.31607  269.51365     5.9879     3.5532 -9.990e-29
 130.375373      2.329    13.5889  32.870447    26.9818      2.308  269.30687  269.50454     6.4860     3.7109 -9.990e-29
 130.375376      2.360    13.5903  32.871089    26.9817      2.339  269.29951  269.49727     6.1747     3.6746 0.0000e+00
 130.375379      2.395    13.5912  32.871440    26.9815      2.373  269.29516  269.49297     6.3926     3.6422 0.0000e+00
 130.375382      2.427    13.5923  32.872141    26.9813      2.406  269.28927  269.48714     6.2681     3.6746 0.0000e+00
 130.375385      2.466    13.5931  32.871089    26.9798      2.444  269.28762  269.48555     6.9840     3.5977 0.0000e+00
 130.375388      2.502    13.5934  32.867701    26.9765      2.480  269.29246  269.49042     6.9840     3.5937 0.0000e+00
 130.375391      2.539    13.5912  32.862794    26.9751      2.516  269.31024  269.50812     7.1397     3.5977 0.0000e+00
 130.375394      2.574    13.5867  32.860341    26.9736      2.551  269.33361  269.53124     6.9685     3.6260 -9.990e-29
 130.375396      2.597    13.5826  32.857421    26.9748      2.574  269.35620  269.55360     6.7194     3.5977 -9.990e-29
 130.375399      2.625    13.5783  32.857071    26.9774      2.601  269.37505  269.57220     6.5638     3.6220 -9.990e-29
 130.375402      2.645    13.5753  32.856429    26.9805      2.621  269.38905  269.58602     6.5482     3.6584 -9.990e-29
 130.375405      2.676    13.5741  32.857247    26.9809      2.652  269.39271  269.58960     6.5949     3.6018 0.0000e+00
 130.375408      2.703    13.5735  32.857656    26.9812      2.679  269.39455  269.59140     6.5949     3.6058 0.0000e+00
 130.375411      2.728    13.5737  32.857656    26.9812      2.704  269.39394  269.59079     6.8751     3.6584 0.0000e+00
 130.375414      2.763    13.5740  32.856430    26.9799      2.739  269.39478  269.59167     6.8906     3.6462 0.0000e+00
 130.375417      2.794    13.5738  32.855904    26.9799      2.769  269.39664  269.59352     6.7350     3.6584 0.0000e+00
 130.375420      2.821    13.5730  32.856196    26.9803      2.796  269.39931  269.59613     6.5949     3.6503 0.0000e+00
 130.375422      2.851    13.5723  32.856196    26.9804      2.825  269.40247  269.59925     6.7350     3.5330 0.0000e+00
 130.375425      2.882    13.5718  32.855320    26.9808      2.856  269.40618  269.60294     6.5794     3.5896 0.0000e+00
 130.375428      2.914    13.5708  32.855613    26.9813      2.888  269.40979  269.60649     6.5638     3.5613 0.0000e+00
 130.375431      2.944    13.5703  32.856606    26.9825      2.918  269.41032  269.60698     6.5482     3.5694 0.0000e+00
 130.375434      2.978    13.5704  32.857657    26.9834      2.952  269.40824  269.60490     6.0657     3.5007 0.0000e+00
 130.375437      3.013    13.5715  32.859059    26.9834      2.986  269.40116  269.59788     6.0035     3.5007 0.0000e+00
 130.375440      3.042    13.5729  32.859118    26.9829      3.015  269.39479  269.59159     6.0191     3.4724 0.0000e+00
 130.375443      3.073    13.5743  32.859702    26.9825      3.046  269.38784  269.58473     6.0657     3.5007 0.0000e+00
 130.375446      3.108    13.5752  32.859643    26.9822      3.080  269.38419  269.58113     7.0307     3.6018 0.0000e+00
 130.375448      3.137    13.5760  32.860578    26.9818      3.109  269.37948  269.57645     6.7817     3.6139 -9.990e-29
 130.375451      3.159    13.5767  32.859935    26.9810      3.131  269.37744  269.57446     6.9529     3.5977 -9.990e-29
 130.375454      3.188    13.5771  32.860636    26.9813      3.160  269.37438  269.57142     6.8284     3.5856 -9.990e-29
 130.375457      3.212    13.5775  32.860344    26.9808      3.183  269.37332  269.57039     6.8284     3.5896 -9.990e-29
 130.375460      3.234    13.5778  32.861162    26.9805      3.205  269.37068  269.56776     6.9529     3.7554 -9.990e-29
 130.375463      3.267    13.5781  32.860461    26.9806      3.238  269.37064  269.56774     7.1552     3.8039 0.0000e+00
 130.375466      3.298    13.5779  32.860578    26.9807      3.268  269.37109  269.56818     6.9685     3.8039 0.0000e+00
 130.375469      3.324    13.5776  32.860345    26.9807      3.294  269.37307  269.57014     6.9529     3.7554 0.0000e+00
 130.375472      3.358    13.5773  32.859877    26.9807      3.328  269.37483  269.57189     6.1436     3.6018 0.0000e+00
 130.375475      3.393    13.5769  32.860579    26.9810      3.363  269.37555  269.57258     6.0502     3.6139 0.0000e+00
 130.375477      3.426    13.5768  32.860111    26.9810      3.395  269.37699  269.57402     6.0035     3.6058 0.0000e+00
 130.375480      3.455    13.5766  32.859703    26.9808      3.424  269.37833  269.57535     5.9879     3.6099 0.0000e+00
 130.375483      3.491    13.5765  32.859644    26.9808      3.460  269.37908  269.57610     6.7506     3.5977 0.0000e+00
 130.375486      3.517    13.5761  32.859703    26.9808      3.485  269.38057  269.57756     6.8284     3.6301 0.0000e+00
 130.375489      3.550    13.5759  32.859294    26.9810      3.518  269.38223  269.57921     6.7817     3.6099 0.0000e+00
 130.375492      3.575    13.5753  32.859061    26.9810      3.543  269.38516  269.58211     6.7506     3.5896 0.0000e+00
 130.375495      3.601    13.5749  32.858885    26.9812      3.569  269.38736  269.58428     7.3264     3.7271 0.0000e+00
 130.375498      3.627    13.5745  32.858886    26.9814      3.594  269.38895  269.58585     7.0619     3.7473 0.0000e+00
 130.375501      3.654    13.5738  32.859061    26.9821      3.621  269.39181  269.58866     7.2331     3.7190 0.0000e+00
 130.375503      3.683    13.5733  32.858711    26.9821      3.650  269.39431  269.59114     7.2486     3.7352 0.0000e+00
 130.375506      3.718    13.5727  32.858477    26.9821      3.684  269.39724  269.59404     7.2486     3.7150 0.0000e+00
 130.375509      3.750    13.5723  32.857660    26.9820      3.717  269.40054  269.59732     6.6727     3.7797 0.0000e+00
 130.375512      3.783    13.5720  32.857660    26.9820      3.750  269.40182  269.59858     7.0152     3.7473 0.0000e+00
 130.375515      3.820    13.5715  32.857660    26.9821      3.786  269.40373  269.60046     6.8440     3.7352 0.0000e+00
 130.375518      3.847    13.5714  32.857309    26.9821      3.813  269.40497  269.60170     6.7506     3.7312 0.0000e+00
 130.375521      3.880    13.5712  32.857018    26.9820      3.845  269.40643  269.60314     6.5949     3.7433 0.0000e+00
 130.375524      3.909    13.5708  32.855382    26.9813      3.874  269.41080  269.60751     6.5794     3.7352 0.0000e+00
 130.375527      3.938    13.5703  32.855382    26.9807      3.903  269.41302  269.60969     6.5015     3.7554 -9.990e-29
 130.375530      3.962    13.5699  32.854740    26.9808      3.927  269.41570  269.61236     6.6572     3.7393 -9.990e-29
 130.375532      3.986    13.5699  32.854974    26.9810      3.950  269.41532  269.61197     6.9062     3.8646 -9.990e-29
 130.375535      4.009    13.5697  32.854740    26.9817      3.974  269.41667  269.61332     7.1864     3.8767 -9.990e-29
 130.375538      4.039    13.5698  32.855733    26.9817      4.003  269.41469  269.61133     6.9685     3.8929 0.0000e+00
 130.375541      4.073    13.5700  32.856025    26.9818      4.037  269.41327  269.60992     7.1552     3.8444 0.0000e+00
 130.375544      4.104    13.5701  32.857018    26.9827      4.068  269.41129  269.60793     7.1552     3.9980 0.0000e+00
 130.375547      4.141    13.5702  32.858070    26.9835      4.104  269.40889  269.60554     7.0307     4.0021 0.0000e+00
 130.375550      4.177    13.5704  32.858713    26.9840      4.140  269.40719  269.60385     7.0774     3.9940 0.0000e+00
 130.375553      4.214    13.5702  32.860582    26.9858      4.176  269.40467  269.60130     7.0930     4.0061 0.0000e+00
