Processed/SBE19plus_01907321_2022_05_07_Cast73_wfilter.cnv
* Sea-Bird SBE19plus  Data File:
* FileName = E:\Prandtl Daten\2022\CTD\Raw\SBE19plus_01907321_2022_05_07_Cast73.hex
* Software version 2.6.1.12
* Temperature SN = 7321
* Conductivity SN = 7321
* System UpLoad Time = May 07 2022 13:31:42
* <ApplicationData>
* <Seaterm232>
** Messpraktikum 2022
** CTD 07.05 BE
** NMEA Latitude = 54 07.440 N
** NMEA Longitude = 008 50.213 E
# nquan = 11
# nvalues = 599                         
# units = specified
# name 0 = timeJ: Julian Days
# name 1 = prdM: Pressure, Strain Gauge [db]
# name 2 = tv290C: Temperature [ITS-90, deg C]
# name 3 = c0mS/cm: Conductivity [mS/cm]
# name 4 = sal00: Salinity, Practical [PSU]
# name 5 = depSM: Depth [salt water, m], lat = 54.00
# name 6 = oxsatMm/Kg: Oxygen Saturation, Weiss [umol/kg]
# name 7 = oxsolMm/Kg: Oxygen Saturation, Garcia & Gordon [umol/kg]
# name 8 = turbWETntu0: Turbidity, WET Labs ECO [NTU]
# name 9 = flECO-AFL: Fluorescence, WET Labs ECO-AFL/FL [mg/m^3]
# name 10 = flag:  0.000e+00
# span 0 = 127.555900, 127.557630       
# span 1 =      0.541,     17.248       
# span 2 =    13.0476,    13.0669       
# span 3 =  32.482310,  32.533157       
# span 4 =    27.0053,    27.0448       
# span 5 =      0.536,     17.093       
# span 6 =  272.14229,  272.32407       
# span 7 =  272.31047,  272.49155       
# span 8 =    12.4159,   126.8595       
# span 9 =     5.9349,    16.8690       
# span 10 = 0.0000e+00, 0.0000e+00      
# interval = seconds: 0.25
# start_time = May 07 2022 13:19:21 [Instrument's time stamp, header]
# bad_flag = -9.990e-29
*END*
 127.555900      0.541    13.0598  32.524717    27.0415      0.536  272.18710  272.35490    14.6883     6.8488 -9.990e-29
 127.555903      0.554    13.0600  32.525764    27.0423      0.549  272.18434  272.35214    14.6261     6.7073 -9.990e-29
 127.555906      0.563    13.0600  32.525939    27.0424      0.558  272.18373  272.35153    14.5638     6.6830 -9.990e-29
 127.555909      0.583    13.0605  32.525764    27.0424      0.578  272.18216  272.34999    14.5638     6.7518 -9.990e-29
 127.555911      0.625    13.0608  32.526579    27.0425      0.620  272.17919  272.34703    14.5949     6.7235 0.0000e+00
 127.555914      0.667    13.0612  32.526986    27.0424      0.661  272.17693  272.34480    14.6261     6.7639 0.0000e+00
 127.555917      0.698    13.0613  32.526986    27.0424      0.692  272.17664  272.34451    14.8128     6.7356 0.0000e+00
 127.555920      0.731    13.0613  32.526695    27.0421      0.725  272.17685  272.34473    14.6572     6.7275 0.0000e+00
 127.555923      0.760    13.0613  32.526172    27.0421      0.754  272.17778  272.34566    14.5327     6.7032 0.0000e+00
 127.555926      0.799    13.0612  32.526579    27.0417      0.791  272.17772  272.34559    14.5949     6.6911 0.0000e+00
 127.555929      0.835    13.0611  32.526172    27.0419      0.828  272.17877  272.34664    14.2058     6.5981 0.0000e+00
 127.555932      0.870    13.0608  32.525125    27.0417      0.862  272.18188  272.34974    14.4860     6.6062 -9.990e-29
 127.555935      0.894    13.0606  32.525765    27.0417      0.886  272.18172  272.34956    14.2214     6.5536 -9.990e-29
 127.555938      0.901    13.0606  32.525940    27.0418      0.893  272.18142  272.34926    14.2681     6.5698 -9.990e-29
 127.555940      0.910    13.0604  32.525940    27.0420      0.902  272.18237  272.35020    13.5677     6.1331 -9.990e-29
 127.555943      0.927    13.0605  32.525940    27.0411      0.918  272.18207  272.34990    13.5521     6.1088 -9.990e-29
 127.555946      0.961    13.0604  32.524951    27.0412      0.953  272.18413  272.35197    13.6766     6.1816 0.0000e+00
 127.555949      0.996    13.0603  32.525126    27.0413      0.987  272.18416  272.35199    13.5521     6.1735 0.0000e+00
 127.555952      1.038    13.0601  32.525766    27.0420      1.029  272.18402  272.35183    14.2214     6.1452 0.0000e+00
 127.555955      1.078    13.0600  32.525940    27.0420      1.068  272.18406  272.35186    14.0502     6.1776 0.0000e+00
 127.555958      1.111    13.0601  32.525533    27.0422      1.101  272.18447  272.35228    14.1124     6.1088 0.0000e+00
 127.555961      1.142    13.0603  32.526348    27.0423      1.132  272.18244  272.35025    14.1903     6.1412 0.0000e+00
 127.555964      1.167    13.0604  32.526348    27.0423      1.157  272.18183  272.34965    13.7078     6.2504 0.0000e+00
 127.555966      1.195    13.0608  32.525766    27.0422      1.184  272.18129  272.34914    13.5677     6.2423 0.0000e+00
 127.555969      1.222    13.0605  32.526348    27.0419      1.211  272.18155  272.34938    13.7233     6.2948 0.0000e+00
 127.555972      1.253    13.0608  32.526115    27.0422      1.242  272.18071  272.34856    13.6455     6.3029 -9.990e-29
 127.555975      1.277    13.0608  32.526755    27.0424      1.265  272.17961  272.34746    13.7233     6.3029 -9.990e-29
 127.555978      1.289    13.0611  32.526988    27.0424      1.278  272.17796  272.34581    13.8323     6.1533 -9.990e-29
 127.555981      1.310    13.0611  32.527163    27.0425      1.298  272.17766  272.34552    13.7389     6.1816 -9.990e-29
 127.555984      1.331    13.0613  32.526988    27.0424      1.319  272.17704  272.34491    13.4587     6.0967 -9.990e-29
 127.555987      1.368    13.0614  32.527279    27.0425      1.356  272.17592  272.34380    13.6922     6.1412 0.0000e+00
 127.555990      1.395    13.0613  32.527396    27.0424      1.383  272.17605  272.34393    12.8984     6.1735 0.0000e+00
 127.555992      1.426    13.0615  32.527163    27.0425      1.414  272.17585  272.34374    12.9296     6.1452 0.0000e+00
 127.555995      1.459    13.0615  32.527570    27.0425      1.446  272.17516  272.34304    13.0229     6.1088 0.0000e+00
 127.555998      1.490    13.0617  32.528676    27.0427      1.477  272.17231  272.34019    13.0385     6.1210 0.0000e+00
 127.556001      1.527    13.0621  32.528211    27.0431      1.513  272.17157  272.33948    13.4276     6.1654 0.0000e+00
 127.556004      1.556    13.0624  32.529025    27.0427      1.542  272.16891  272.33683    13.2097     6.1654 -9.990e-29
 127.556007      1.581    13.0629  32.529258    27.0430      1.567  272.16600  272.33396    13.3187     6.0967 -9.990e-29
 127.556010      1.607    13.0629  32.529258    27.0430      1.593  272.16602  272.33398    13.3654     6.1937 0.0000e+00
 127.556013      1.633    13.0631  32.529433    27.0430      1.618  272.16478  272.33275    13.5677     6.1290 -9.990e-29
 127.556016      1.658    13.0635  32.529840    27.0431      1.643  272.16252  272.33051    13.3809     6.0967 -9.990e-29
 127.556019      1.669    13.0637  32.529840    27.0430      1.654  272.16158  272.32958    13.4743     6.0360 -9.990e-29
 127.556021      1.687    13.0640  32.530480    27.0436      1.672  272.15922  272.32723    13.2564     6.0603 -9.990e-29
 127.556024      1.715    13.0644  32.531004    27.0433      1.699  272.15675  272.32478    13.4276     6.1007 0.0000e+00
 127.556027      1.746    13.0647  32.530655    27.0431      1.730  272.15580  272.32386    12.5871     5.9713 0.0000e+00
 127.556030      1.782    13.0649  32.530888    27.0431      1.766  272.15479  272.32286    12.4471     5.9390 0.0000e+00
 127.556033      1.826    13.0651  32.531469    27.0434      1.810  272.15286  272.32093    12.4159     5.9956 0.0000e+00
 127.556036      1.862    13.0655  32.532168    27.0435      1.846  272.15009  272.31818    12.7272     5.9349 0.0000e+00
 127.556039      1.901    13.0658  32.532110    27.0436      1.884  272.14864  272.31676    12.8362     6.1735 0.0000e+00
 127.556042      1.930    13.0661  32.532517    27.0436      1.913  272.14669  272.31482    12.8829     6.1412 0.0000e+00
 127.556045      1.959    13.0663  32.532692    27.0436      1.941  272.14546  272.31360    12.9140     6.1412 0.0000e+00
 127.556047      1.988    13.0667  32.532924    27.0436      1.970  272.14350  272.31166    12.8206     6.1695 -9.990e-29
 127.556050      2.006    13.0666  32.533157    27.0438      1.988  272.14342  272.31158    13.3809     6.3878 -9.990e-29
 127.556053      2.032    13.0668  32.533099    27.0437      2.014  272.14291  272.31108    13.4432     6.3191 -9.990e-29
 127.556056      2.050    13.0669  32.533099    27.0436      2.032  272.14229  272.31047    13.2720     6.3029 -9.990e-29
 127.556059      2.072    13.0668  32.533099    27.0429      2.053  272.14262  272.31079    13.3809     6.3151 -9.990e-29
 127.556062      2.103    13.0668  32.532343    27.0432      2.084  272.14396  272.31214    13.6144     6.3110 0.0000e+00
 127.556065      2.130    13.0669  32.533099    27.0435      2.111  272.14234  272.31052    13.4899     6.3353 0.0000e+00
 127.556068      2.165    13.0668  32.533100    27.0435      2.145  272.14299  272.31116    13.6144     6.2665 0.0000e+00
 127.556071      2.197    13.0668  32.532692    27.0433      2.178  272.14372  272.31190    13.7233     6.3797 0.0000e+00
 127.556073      2.228    13.0665  32.532518    27.0432      2.209  272.14531  272.31346    13.8478     6.3595 0.0000e+00
 127.556076      2.259    13.0664  32.532343    27.0432      2.239  272.14594  272.31410    13.3654     6.2584 0.0000e+00
 127.556079      2.287    13.0660  32.532111    27.0432      2.266  272.14826  272.31638    13.5366     6.2665 0.0000e+00
 127.556082      2.316    13.0656  32.532111    27.0435      2.296  272.14985  272.31795    13.3654     6.3029 0.0000e+00
 127.556085      2.345    13.0652  32.532111    27.0436      2.324  272.15144  272.31952    13.5210     6.2908 0.0000e+00
 127.556088      2.376    13.0651  32.532577    27.0437      2.355  272.15128  272.31935    13.3809     6.3029 -9.990e-29
 127.556091      2.398    13.0650  32.533100    27.0448      2.377  272.15101  272.31906    13.4587     6.2706 -9.990e-29
 127.556094      2.422    13.0652  32.532926    27.0445      2.400  272.15007  272.31815    13.3965     6.2989 -9.990e-29
 127.556097      2.446    13.0652  32.532926    27.0445      2.424  272.15009  272.31816    13.3965     6.2544 -9.990e-29
 127.556100      2.469    13.0653  32.533101    27.0444      2.447  272.14948  272.31756    13.7545     6.2948 -9.990e-29
 127.556102      2.499    13.0653  32.532926    27.0444      2.476  272.14980  272.31788    13.7233     6.3272 0.0000e+00
 127.556105      2.528    13.0653  32.533101    27.0445      2.505  272.14952  272.31760    13.3965     6.2463 0.0000e+00
 127.556108      2.559    13.0654  32.533101    27.0445      2.536  272.14922  272.31731    13.7233     6.3353 0.0000e+00
 127.556111      2.594    13.0654  32.532286    27.0444      2.571  272.15067  272.31876    13.5988     6.4081 0.0000e+00
 127.556114      2.627    13.0650  32.532752    27.0437      2.603  272.15145  272.31951    13.5521     6.4161 0.0000e+00
 127.556117      2.665    13.0648  32.531472    27.0438      2.641  272.15465  272.32271    13.4899     6.3474 0.0000e+00
 127.556120      2.692    13.0647  32.531879    27.0436      2.668  272.15427  272.32232    13.5521     6.4161 0.0000e+00
 127.556123      2.722    13.0644  32.531705    27.0438      2.697  272.15585  272.32389    13.7856     6.3878 -9.990e-29
 127.556126      2.747    13.0642  32.530192    27.0426      2.723  272.15945  272.32749    13.2253     6.4202 -9.990e-29
 127.556128      2.778    13.0638  32.531473    27.0440      2.753  272.15913  272.32713    13.1008     6.3797 -9.990e-29
 127.556131      2.800    13.0636  32.530658    27.0434      2.775  272.16151  272.32950    13.1786     6.3878 -9.990e-29
 127.556134      2.818    13.0633  32.530658    27.0436      2.793  272.16278  272.33075    13.0696     6.4404 -9.990e-29
 127.556137      2.845    13.0629  32.529669    27.0430      2.820  272.16641  272.33436    15.1241     6.5294 -9.990e-29
 127.556140      2.869    13.0626  32.529844    27.0440      2.843  272.16738  272.33531    15.2175     6.4930 -9.990e-29
 127.556143      2.898    13.0622  32.530251    27.0437      2.872  272.16826  272.33617    15.0930     6.5455 0.0000e+00
 127.556146      2.931    13.0618  32.529262    27.0439      2.905  272.17158  272.33947    15.0619     6.5011 0.0000e+00
 127.556149      2.958    13.0616  32.529670    27.0435      2.932  272.17183  272.33971    16.7272     6.9701 0.0000e+00
 127.556152      2.989    13.0613  32.529030    27.0439      2.963  272.17423  272.34209    16.8829     6.9620 0.0000e+00
 127.556155      3.017    13.0611  32.529263    27.0439      2.990  272.17510  272.34294    16.6650     6.9863 0.0000e+00
 127.556157      3.051    13.0608  32.529670    27.0439      3.024  272.17535  272.34318    16.8517     7.0227 0.0000e+00
 127.556160      3.078    13.0608  32.529030    27.0438      3.051  272.17649  272.34432    15.8089     7.0065 0.0000e+00
 127.556163      3.108    13.0611  32.528623    27.0435      3.080  272.17596  272.34381    15.9179     6.8043 0.0000e+00
 127.556166      3.141    13.0611  32.527110    27.0432      3.113  272.17893  272.34679    15.9957     6.8205 -9.990e-29
 127.556169      3.166    13.0608  32.527169    27.0420      3.138  272.17979  272.34764    15.7311     6.7558 -9.990e-29
 127.556172      3.192    13.0605  32.526994    27.0421      3.163  272.18168  272.34951    15.8245     6.7356 -9.990e-29
 127.556175      3.217    13.0603  32.526994    27.0423      3.189  272.18265  272.35046    13.8634     6.6911 -9.990e-29
 127.556178      3.247    13.0600  32.526936    27.0424      3.218  272.18402  272.35182    13.9101     6.7437 -9.990e-29
 127.556181      3.269    13.0598  32.527169    27.0430      3.240  272.18458  272.35236    13.6922     6.7639 -9.990e-29
 127.556183      3.300    13.0597  32.527402    27.0429      3.270  272.18451  272.35228    13.9568     6.6790 0.0000e+00
 127.556186      3.331    13.0595  32.526995    27.0428      3.301  272.18587  272.35364    14.3303     7.0995 0.0000e+00
 127.556189      3.360    13.0595  32.526762    27.0426      3.330  272.18661  272.35437    14.3926     7.0914 0.0000e+00
 127.556192      3.387    13.0591  32.525366    27.0418      3.357  272.19063  272.35839    14.4082     7.0833 0.0000e+00
 127.556195      3.420    13.0587  32.525366    27.0415      3.390  272.19223  272.35996    14.3926     7.0955 0.0000e+00
 127.556198      3.453    13.0581  32.523737    27.0416      3.422  272.19792  272.36563    17.1319     7.2896 0.0000e+00
 127.556201      3.486    13.0579  32.524552    27.0412      3.455  272.19747  272.36515    17.1008     7.2694 0.0000e+00
 127.556204      3.515    13.0575  32.523796    27.0416      3.484  272.20038  272.36805    17.1163     7.3138 -9.990e-29
 127.556207      3.537    13.0574  32.523505    27.0410      3.505  272.20121  272.36888    16.9296     7.3098 -9.990e-29
 127.556209      3.561    13.0574  32.521294    27.0390      3.529  272.20540  272.37308    17.0074     7.2572 -9.990e-29
 127.556212      3.583    13.0569  32.520072    27.0382      3.551  272.20943  272.37710    17.7700     7.5201 -9.990e-29
 127.556215      3.605    13.0568  32.519840    27.0391      3.572  272.21048  272.37814    17.4899     7.4958 -9.990e-29
 127.556218      3.632    13.0564  32.520713    27.0395      3.599  272.21055  272.37818    17.6299     7.5160 0.0000e+00
 127.556221      3.665    13.0564  32.521702    27.0397      3.632  272.20916  272.37678    17.6144     7.4715 0.0000e+00
 127.556224      3.701    13.0563  32.521295    27.0397      3.668  272.21021  272.37783    18.9996     7.6414 0.0000e+00
 127.556227      3.730    13.0564  32.520247    27.0387      3.697  272.21174  272.37937    18.9373     7.6050 0.0000e+00
 127.556230      3.763    13.0562  32.519724    27.0383      3.729  272.21331  272.38093    18.9529     7.6535 0.0000e+00
 127.556233      3.796    13.0560  32.519026    27.0379      3.762  272.21549  272.38311    18.8284     7.6333 0.0000e+00
 127.556236      3.829    13.0559  32.519026    27.0379      3.794  272.21614  272.38375    19.5132     7.3866 0.0000e+00
 127.556238      3.858    13.0560  32.520248    27.0384      3.824  272.21340  272.38101    19.6377     7.3826 0.0000e+00
 127.556241      3.889    13.0562  32.521470    27.0389      3.854  272.21034  272.37795    19.6222     7.4028 -9.990e-29
 127.556244      3.913    13.0564  32.522052    27.0403      3.878  272.20871  272.37633    19.6533     7.3704 -9.990e-29
 127.556247      3.936    13.0568  32.521877    27.0398      3.901  272.20714  272.37479    16.9296     7.1683 -9.990e-29
 127.556250      3.955    13.0570  32.521703    27.0395      3.919  272.20651  272.37417    16.7895     7.2208 -9.990e-29
 127.556253      3.978    13.0574  32.520888    27.0385      3.943  272.20638  272.37407    16.6961     7.1966 -9.990e-29
 127.556256      4.000    13.0574  32.521295    27.0386      3.964  272.20568  272.37337    16.9296     7.2087 -9.990e-29
 127.556259      4.031    13.0577  32.521295    27.0388      3.995  272.20413  272.37183    16.9451     7.2127 0.0000e+00
 127.556262      4.062    13.0578  32.521877    27.0390      4.026  272.20282  272.37052    16.6338     6.8569 0.0000e+00
 127.556264      4.095    13.0579  32.522110    27.0390      4.058  272.20180  272.36952    16.6027     6.8609 0.0000e+00
 127.556267      4.130    13.0579  32.521878    27.0391      4.093  272.20223  272.36995    16.5249     6.8448 0.0000e+00
 127.556270      4.159    13.0581  32.522227    27.0389      4.122  272.20101  272.36873    16.6961     6.8731 0.0000e+00
 127.556273      4.190    13.0581  32.520889    27.0386      4.152  272.20336  272.37110    15.8868     6.7032 0.0000e+00
 127.556276      4.225    13.0582  32.521703    27.0384      4.187  272.20165  272.36938    15.9957     6.6830 0.0000e+00
