Processed/SBE19plus_01907321_2022_05_10_Cast118_wfilter.cnv
* Sea-Bird SBE19plus  Data File:
* FileName = E:\Prandtl_Daten\2022\CTD\Raw\SBE19plus_01907321_2022_05_10_Cast118.hex
* Software version 2.6.1.12
* Temperature SN = 7321
* Conductivity SN = 7321
* System UpLoad Time = May 10 2022 15:05:54
* <ApplicationData>
* <Seaterm232>
** Messpraktikum 2022
** CTD 10.05  BW2
** NMEA Latitude = 54 07.90N
** NMEA Longitude = 008 45.45E
# nquan = 11
# nvalues = 690                         
# units = specified
# name 0 = timeJ: Julian Days
# name 1 = prdM: Pressure, Strain Gauge [db]
# name 2 = tv290C: Temperature [ITS-90, deg C]
# name 3 = c0mS/cm: Conductivity [mS/cm]
# name 4 = sal00: Salinity, Practical [PSU]
# name 5 = depSM: Depth [salt water, m], lat = 54.00
# name 6 = oxsatMm/Kg: Oxygen Saturation, Weiss [umol/kg]
# name 7 = oxsolMm/Kg: Oxygen Saturation, Garcia & Gordon [umol/kg]
# name 8 = turbWETntu0: Turbidity, WET Labs ECO [NTU]
# name 9 = flECO-AFL: Fluorescence, WET Labs ECO-AFL/FL [mg/m^3]
# name 10 = flag:  0.000e+00
# span 0 = 130.623374, 130.625367       
# span 1 =      0.269,     15.758       
# span 2 =    13.8094,    13.8556       
# span 3 =  33.114092,  33.134778       
# span 4 =    27.0273,    27.0564       
# span 5 =      0.266,     15.616       
# span 6 =  267.72559,  267.94426       
# span 7 =  267.93714,  268.15318       
# span 8 =    -2.0276,    21.1319       
# span 9 =     2.1784,     5.4578       
# span 10 = 0.0000e+00, 0.0000e+00      
# interval = seconds: 0.25
# start_time = May 10 2022 14:56:22 [Instrument's time stamp, header]
# bad_flag = -9.990e-29
*END*
[from data line 394]
 130.624514      9.238    13.8128  33.121036    27.0494      9.156  267.93427  268.14340     1.8945     3.0842 -9.990e-29
 130.624517      9.257    13.8128  33.120216    27.0486      9.174  267.93566  268.14479     2.5327     3.2783 -9.990e-29
 130.624520      9.275    13.8128  33.120802    27.0491      9.192  267.93468  268.14382     2.5949     3.2783 -9.990e-29
 130.624523      9.287    13.8128  33.120802    27.0491      9.204  267.93438  268.14351     2.5638     3.2985 -9.990e-29
 130.624525      9.298    13.8128  33.121388    27.0496      9.215  267.93371  268.14284     2.7039     3.3025 -9.990e-29
 130.624528      9.309    13.8127  33.121447    27.0497      9.226  267.93394  268.14306     2.2681     3.2055 -9.990e-29
 130.624531      9.324    13.8126  33.122384    27.0507      9.240  267.93300  268.14210     2.2681     3.2176 -9.990e-29
 130.624534      9.340    13.8125  33.122267    27.0508      9.256  267.93352  268.14262     2.3303     3.2378 -9.990e-29
 130.624537      9.369    13.8125  33.122502    27.0509      9.285  267.93314  268.14224     2.2836     3.2742 0.0000e+00
 130.624540      9.395    13.8123  33.122560    27.0510      9.310  267.93369  268.14278     2.3303     3.2257 0.0000e+00
 130.624543      9.424    13.8123  33.122678    27.0510      9.339  267.93382  268.14291     2.4082     3.1651 0.0000e+00
 130.624546      9.455    13.8124  33.122560    27.0511      9.370  267.93341  268.14251     2.3926     3.1448 0.0000e+00
 130.624549      9.484    13.8121  33.122678    27.0512      9.399  267.93449  268.14356     2.3459     3.1448 0.0000e+00
 130.624552      9.509    13.8123  33.122912    27.0513      9.424  267.93348  268.14257     2.3303     3.1651 0.0000e+00
 130.624554      9.535    13.8122  33.122971    27.0513      9.449  267.93371  268.14279     2.3303     3.2783 -9.990e-29
 130.624557      9.555    13.8122  33.123147    27.0516      9.470  267.93343  268.14251     2.2525     3.2945 -9.990e-29
 130.624560      9.575    13.8123  33.122678    27.0511      9.490  267.93392  268.14300     2.3303     3.3106 -9.990e-29
 130.624563      9.590    13.8121  33.122971    27.0514      9.504  267.93406  268.14313     2.3148     3.2702 -9.990e-29
 130.624566      9.610    13.8121  33.123323    27.0518      9.524  267.93348  268.14255     2.9373     3.3025 -9.990e-29
 130.624569      9.621    13.8120  33.123381    27.0519      9.535  267.93402  268.14308     2.7817     3.3025 -9.990e-29
 130.624572      9.640    13.8120  33.123557    27.0521      9.553  267.93373  268.14280     2.7661     3.2702 -9.990e-29
 130.624575      9.658    13.8119  33.123733    27.0521      9.571  267.93376  268.14282     2.8595     3.2864 -9.990e-29
 130.624578      9.683    13.8120  33.123557    27.0521      9.597  267.93376  268.14282     2.8751     3.2217 0.0000e+00
 130.624580      9.718    13.8117  33.123733    27.0521      9.631  267.93443  268.14347     2.7817     3.2055 -9.990e-29
 130.624583      9.742    13.8118  33.123558    27.0522      9.654  267.93442  268.14348     2.9062     3.2298 -9.990e-29
 130.624586      9.773    13.8117  33.123558    27.0522      9.685  267.93476  268.14380     2.9218     3.2298 0.0000e+00
 130.624589      9.806    13.8118  33.123558    27.0522      9.718  267.93446  268.14352     2.8128     3.2500 -9.990e-29
 130.624592      9.829    13.8120  33.122972    27.0515      9.741  267.93483  268.14390     3.7467     3.6058 -9.990e-29
 130.624595      9.855    13.8120  33.123148    27.0516      9.767  267.93424  268.14331     3.7778     3.6099 -9.990e-29
 130.624598      9.870    13.8120  33.123148    27.0516      9.782  267.93425  268.14332     3.7622     3.5815 -9.990e-29
 130.624601      9.885    13.8120  33.123382    27.0518      9.796  267.93386  268.14293     3.8089     3.5977 -9.990e-29
 130.624604      9.894    13.8120  33.123148    27.0516      9.805  267.93426  268.14333     6.5949     4.1194 -9.990e-29
 130.624606      9.901    13.8121  33.124144    27.0524      9.812  267.93228  268.14135     6.4393     4.0991 -9.990e-29
 130.624609      9.921    13.8120  33.123793    27.0521      9.832  267.93320  268.14226     6.4860     4.1274 -9.990e-29
 130.624612      9.939    13.8120  33.124789    27.0530      9.850  267.93154  268.14059     6.5638     4.0910 -9.990e-29
 130.624615      9.959    13.8122  33.124789    27.0537      9.870  267.93092  268.13999     7.8401     4.3781 -9.990e-29
 130.624618      9.987    13.8121  33.125609    27.0539      9.897  267.92988  268.13893     7.7622     4.3660 0.0000e+00
 130.624621     10.012    13.8120  33.126020    27.0541      9.923  267.92952  268.13856     7.7622     4.3498 0.0000e+00
 130.624624     10.042    13.8121  33.126371    27.0541      9.952  267.92863  268.13768     7.8556     4.3579 0.0000e+00
 130.624627     10.073    13.8120  33.125844    27.0544      9.983  267.92985  268.13890     6.5015     4.3094 0.0000e+00
 130.624630     10.098    13.8120  33.126723    27.0548     10.008  267.92870  268.13774     6.4860     4.3054 0.0000e+00
 130.624633     10.128    13.8120  33.127075    27.0549     10.037  267.92813  268.13716     6.4860     4.2811 0.0000e+00
 130.624635     10.155    13.8119  33.127075    27.0551     10.064  267.92846  268.13749     6.5327     4.3054 -9.990e-29
 130.624638     10.177    13.8120  33.126547    27.0546     10.086  267.92904  268.13808     6.4860     4.3256 -9.990e-29
 130.624641     10.195    13.8120  33.125610    27.0537     10.103  267.93063  268.13968     7.2642     4.4631 -9.990e-29
 130.624644     10.211    13.8121  33.126665    27.0546     10.120  267.92824  268.13729     7.3887     4.4914 -9.990e-29
 130.624647     10.229    13.8120  33.127368    27.0553     10.137  267.92739  268.13642     7.2642     4.5156 -9.990e-29
 130.624650     10.246    13.8120  33.127485    27.0554     10.154  267.92751  268.13654     7.3264     4.5116 -9.990e-29
 130.624653     10.264    13.8120  33.127544    27.0554     10.172  267.92711  268.13615     7.6222     4.2245 -9.990e-29
 130.624656     10.282    13.8120  33.127720    27.0556     10.190  267.92683  268.13586     7.5288     4.2407 -9.990e-29
 130.624659     10.307    13.8120  33.127310    27.0552     10.215  267.92753  268.13657     7.4976     4.2326 -9.990e-29
 130.624661     10.326    13.8120  33.127954    27.0558     10.233  267.92677  268.13580     7.5132     4.2407 -9.990e-29
 130.624664     10.351    13.8120  33.127486    27.0553     10.258  267.92726  268.13630     7.7622     4.3175 -9.990e-29
 130.624667     10.373    13.8120  33.127896    27.0557     10.280  267.92659  268.13562     7.7622     4.3013 -9.990e-29
 130.624670     10.395    13.8120  33.127720    27.0555     10.302  267.92690  268.13593     7.8245     4.3337 -9.990e-29
 130.624673     10.417    13.8122  33.127896    27.0556     10.323  267.92599  268.13503     7.7778     4.3094 -9.990e-29
 130.624676     10.440    13.8123  33.128365    27.0559     10.347  267.92490  268.13394     8.1358     4.5156 -9.990e-29
 130.624679     10.466    13.8122  33.128541    27.0561     10.372  267.92494  268.13397     8.0113     4.5197 -9.990e-29
 130.624682     10.482    13.8120  33.128541    27.0563     10.388  267.92589  268.13491     8.1358     4.5116 -9.990e-29
 130.624685     10.504    13.8121  33.128541    27.0562     10.410  267.92527  268.13431     7.9957     4.4914 -9.990e-29
 130.624687     10.525    13.8122  33.128365    27.0560     10.431  267.92527  268.13431     7.9490     4.5035 -9.990e-29
 130.624690     10.550    13.8121  33.128365    27.0560     10.456  267.92560  268.13463     7.5755     4.4833 0.0000e+00
 130.624693     10.579    13.8122  33.128541    27.0560     10.485  267.92501  268.13404     7.6377     4.4914 -9.990e-29
 130.624696     10.601    13.8122  33.128776    27.0563     10.506  267.92463  268.13366     7.6222     4.4995 -9.990e-29
 130.624699     10.634    13.8121  33.128541    27.0561     10.539  267.92535  268.13439     7.6222     4.5156 -9.990e-29
 130.624702     10.656    13.8121  33.128776    27.0563     10.561  267.92497  268.13400     6.7194     4.5601 -9.990e-29
 130.624705     10.682    13.8123  33.128541    27.0560     10.586  267.92475  268.13380     6.8284     4.5399 -9.990e-29
 130.624708     10.705    13.8122  33.127721    27.0553     10.609  267.92646  268.13550     6.8284     4.5601 -9.990e-29
 130.624711     10.722    13.8122  33.128542    27.0561     10.626  267.92509  268.13413     6.8284     4.5561 -9.990e-29
 130.624714     10.743    13.8123  33.128717    27.0562     10.647  267.92450  268.13354     6.2214     4.2043 -9.990e-29
 130.624716     10.761    13.8122  33.128952    27.0564     10.665  267.92443  268.13346     6.3459     4.2366 -9.990e-29
 130.624719     10.776    13.8122  33.128776    27.0562     10.679  267.92473  268.13377     6.3615     4.2245 -9.990e-29
 130.624722     10.792    13.8123  33.128952    27.0563     10.696  267.92413  268.13317     6.2369     4.2488 -9.990e-29
 130.624725     10.809    13.8123  33.128952    27.0556     10.712  267.92414  268.13318     7.1397     4.3620 -9.990e-29
 130.624728     10.835    13.8123  33.128132    27.0558     10.738  267.92554  268.13458     7.0930     4.3741 0.0000e+00
 130.624731     10.862    13.8124  33.128718    27.0558     10.765  267.92394  268.13299     6.8906     4.3701 0.0000e+00
 130.624734     10.889    13.8123  33.128366    27.0560     10.792  267.92518  268.13422     7.0463     4.3660 -9.990e-29
 130.624737     10.913    13.8123  33.128366    27.0558     10.815  267.92519  268.13423     7.0619     4.3741 -9.990e-29
 130.624740     10.935    13.8123  33.128542    27.0559     10.837  267.92491  268.13395     6.7817     4.4954 -9.990e-29
 130.624742     10.964    13.8122  33.128367    27.0558     10.865  267.92553  268.13457     6.7817     4.4833 -9.990e-29
 130.624745     10.984    13.8121  33.127722    27.0553     10.885  267.92694  268.13598     6.7817     4.4873 -9.990e-29
 130.624748     11.004    13.8122  33.128367    27.0558     10.905  267.92556  268.13460     6.8751     4.5075 -9.990e-29
 130.624751     11.024    13.8121  33.128132    27.0556     10.925  267.92628  268.13532     7.5288     4.3903 -9.990e-29
 130.624754     11.046    13.8121  33.128367    27.0558     10.947  267.92590  268.13493     7.6222     4.3539 -9.990e-29
 130.624757     11.061    13.8122  33.128367    27.0558     10.962  267.92559  268.13463     7.5599     4.3620 -9.990e-29
 130.624760     11.081    13.8121  33.128543    27.0560     10.982  267.92562  268.13466     7.5288     4.3498 -9.990e-29
 130.624763     11.095    13.8120  33.128367    27.0560     10.996  267.92656  268.13558     7.2642     4.2932 -9.990e-29
 130.624766     11.123    13.8120  33.128543    27.0559     11.023  267.92596  268.13499     7.2642     4.2649 0.0000e+00
 130.624769     11.154    13.8120  33.128133    27.0557     11.054  267.92698  268.13601     7.3731     4.3256 0.0000e+00
 130.624771     11.181    13.8120  33.128133    27.0557     11.081  267.92669  268.13572     7.2486     4.3337 0.0000e+00
 130.624774     11.208    13.8120  33.128367    27.0558     11.108  267.92662  268.13565     8.0268     4.4631 0.0000e+00
 130.624777     11.234    13.8121  33.128367    27.0559     11.133  267.92601  268.13505     8.0580     4.5035 -9.990e-29
 130.624780     11.258    13.8121  33.128368    27.0558     11.157  267.92603  268.13506     8.0268     4.4995 -9.990e-29
 130.624783     11.282    13.8121  33.128133    27.0555     11.181  267.92644  268.13547     8.1047     4.4954 -9.990e-29
 130.624786     11.304    13.8120  33.127899    27.0554     11.202  267.92716  268.13619     7.9179     4.5075 -9.990e-29
 130.624789     11.326    13.8122  33.128368    27.0557     11.224  267.92576  268.13480     8.0580     4.6733 -9.990e-29
 130.624792     11.342    13.8120  33.128368    27.0558     11.241  267.92671  268.13573     8.0268     4.6774 -9.990e-29
 130.624795     11.360    13.8123  33.128368    27.0556     11.258  267.92546  268.13451     7.8868     4.6733 -9.990e-29
 130.624797     11.375    13.8121  33.126961    27.0545     11.273  267.92846  268.13751     8.1047     4.6895 -9.990e-29
 130.624800     11.393    13.8120  33.128544    27.0559     11.291  267.92613  268.13516     6.4860     4.1355 -9.990e-29
 130.624803     11.415    13.8121  33.128544    27.0559     11.313  267.92583  268.13486     6.7039     4.1274 -9.990e-29
 130.624806     11.440    13.8121  33.128544    27.0559     11.338  267.92584  268.13488     6.3926     4.0910 0.0000e+00
 130.624809     11.466    13.8120  33.128544    27.0559     11.363  267.92617  268.13520     6.5794     4.0991 0.0000e+00
 130.624812     11.497    13.8120  33.128720    27.0559     11.394  267.92590  268.13493     6.8906     4.3781 0.0000e+00
 130.624815     11.530    13.8122  33.128544    27.0558     11.426  267.92558  268.13462     6.9218     4.3741 0.0000e+00
 130.624818     11.557    13.8120  33.128368    27.0558     11.454  267.92652  268.13556     6.7039     4.3781 0.0000e+00
 130.624821     11.588    13.8120  33.128369    27.0557     11.484  267.92654  268.13557     6.7973     4.3862 -9.990e-29
 130.624823     11.612    13.8120  33.127900    27.0553     11.508  267.92766  268.13669     6.5794     4.3094 -9.990e-29
 130.624826     11.639    13.8121  33.127900    27.0552     11.535  267.92705  268.13609     6.6416     4.3094 -9.990e-29
 130.624829     11.661    13.8120  33.128134    27.0555     11.556  267.92729  268.13632     6.4860     4.3175 -9.990e-29
 130.624832     11.676    13.8120  33.128134    27.0555     11.571  267.92699  268.13602     6.5638     4.2851 -9.990e-29
 130.624835     11.684    13.8120  33.127959    27.0554     11.580  267.92760  268.13663     6.5794     4.3054 -9.990e-29
 130.624838     11.701    13.8120  33.127490    27.0549     11.596  267.92809  268.13713     7.1552     4.3701 -9.990e-29
 130.624841     11.721    13.8120  33.128135    27.0555     11.616  267.92702  268.13605     7.1085     4.3741 -9.990e-29
 130.624844     11.743    13.8120  33.127724    27.0551     11.638  267.92803  268.13707     7.0774     4.3337 -9.990e-29
 130.624847     11.763    13.8121  33.128369    27.0556     11.657  267.92634  268.13537     7.0619     4.3781 -9.990e-29
 130.624850     11.790    13.8118  33.127900    27.0554     11.684  267.92839  268.13742    10.0969     4.3013 -9.990e-29
 130.624852     11.812    13.8120  33.128545    27.0558     11.706  267.92670  268.13572     9.9879     4.3094 -9.990e-29
 130.624855     11.839    13.8122  33.128780    27.0559     11.733  267.92538  268.13442    10.0813     4.2851 -9.990e-29
 130.624858     11.859    13.8121  33.128955    27.0561     11.753  267.92541  268.13444    10.0191     4.3175 -9.990e-29
 130.624861     11.885    13.8121  33.128545    27.0557     11.778  267.92611  268.13515     7.2642     4.2568 -9.990e-29
 130.624864     11.909    13.8120  33.128135    27.0554     11.802  267.92713  268.13617     7.3264     4.2488 -9.990e-29
 130.624867     11.929    13.8121  33.127959    27.0552     11.822  267.92712  268.13617     7.2486     4.2285 -9.990e-29
 130.624870     11.949    13.8123  33.128956    27.0559     11.842  267.92452  268.13357     7.3576     4.2326 -9.990e-29
 130.624873     11.967    13.8123  33.128546    27.0556     11.860  267.92554  268.13458     6.5794     4.2447 -9.990e-29
 130.624876     11.983    13.8122  33.129190    27.0562     11.876  267.92478  268.13381     6.5949     4.2285 -9.990e-29
 130.624878     12.010    13.8124  33.129190    27.0561     11.903  267.92385  268.13290     6.5949     4.1962 -9.990e-29
 130.624881     12.032    13.8123  33.128956    27.0559     11.924  267.92457  268.13362     6.5794     4.2649 -9.990e-29
 130.624884     12.052    13.8123  33.129366    27.0563     11.944  267.92421  268.13325     6.4860     4.2366 -9.990e-29
 130.624887     12.081    13.8124  33.129366    27.0562     11.973  267.92360  268.13265     7.5443     4.5156 -9.990e-29
