Processed/SBE19plus_01907321_2022_05_08_Cast87_wfilter.cnv
* Sea-Bird SBE19plus  Data File:
* FileName = E:\Prandtl Daten\2022\CTD\Raw\SBE19plus_01907321_2022_05_08_Cast87.hex
* Software version 2.6.1.12
* Temperature SN = 7321
* Conductivity SN = 7321
* System UpLoad Time = May 08 2022 12:17:55
* <ApplicationData>
* <Seaterm232>
** Messpraktikum 2022
** CTD 08.05 NP3
** NMEA Latitude = 54 09.95 N
** NMEA Longitude = 008 40.41 E
# nquan = 11
# nvalues = 550                         
# units = specified
# name 0 = timeJ: Julian Days
# name 1 = prdM: Pressure, Strain Gauge [db]
# name 2 = tv290C: Temperature [ITS-90, deg C]
# name 3 = c0mS/cm: Conductivity [mS/cm]
# name 4 = sal00: Salinity, Practical [PSU]
# name 5 = depSM: Depth [salt water, m], lat = 54.00
# name 6 = oxsatMm/Kg: Oxygen Saturation, Weiss [umol/kg]
# name 7 = oxsolMm/Kg: Oxygen Saturation, Garcia & Gordon [umol/kg]
# name 8 = turbWETntu0: Turbidity, WET Labs ECO [NTU]
# name 9 = flECO-AFL: Fluorescence, WET Labs ECO-AFL/FL [mg/m^3]
# name 10 = flag:  0.000e+00
# span 0 = 128.507700, 128.509288       
# span 1 =      0.582,     14.789       
# span 2 =    12.5196,    12.7601       
# span 3 =  32.660569,  33.019915       
# span 4 =    27.5349,    27.7159       
# span 5 =      0.576,     14.657       
# span 6 =  272.63322,  274.29254       
# span 7 =  272.77695,  274.42387       
# span 8 =    -6.4790,    72.5716       
# span 9 =    -0.2154,    15.0776       
# span 10 = 0.0000e+00, 0.0000e+00      
# interval = seconds: 0.25
# start_time = May 08 2022 12:10:02 [Instrument's time stamp, header]
# bad_flag = -9.990e-29
*END*
[from data line 394]
 128.508840     11.026    12.7439  33.003520    27.7085     10.927  272.72904  272.87185    27.5288     7.9729 0.0000e+00
 128.508843     11.055    12.7442  33.005334    27.7099     10.956  272.72429  272.86711    27.3264     7.9851 0.0000e+00
 128.508845     11.084    12.7451  33.006855    27.7107     10.985  272.71789  272.86075    27.4198     8.0012 0.0000e+00
 128.508848     11.115    12.7462  33.008084    27.7109     11.015  272.71108  272.85400    26.3303     7.8031 0.0000e+00
 128.508851     11.141    12.7472  33.007850    27.7111     11.041  272.70716  272.85014    26.3303     7.9002 -9.990e-29
 128.508854     11.164    12.7479  33.007440    27.7091     11.064  272.70448  272.84752    26.2836     7.8597 -9.990e-29
 128.508857     11.186    12.7484  33.007441    27.7088     11.086  272.70263  272.84570    26.2836     7.8638 -9.990e-29
 128.508860     11.202    12.7482  33.008026    27.7095     11.102  272.70222  272.84528    25.4899     8.0174 -9.990e-29
 128.508863     11.225    12.7485  33.008904    27.7117     11.124  272.69944  272.84251    25.5677     8.0174 -9.990e-29
 128.508866     11.256    12.7489  33.010952    27.7117     11.155  272.69429  272.83736    25.6299     8.0498 0.0000e+00
 128.508869     11.281    12.7497  33.011595    27.7117     11.180  272.68974  272.83286    25.7233     7.9851 0.0000e+00
 128.508872     11.314    12.7507  33.012005    27.7113     11.213  272.68469  272.82787    25.8012     7.5767 0.0000e+00
 128.508874     11.347    12.7512  33.012005    27.7110     11.245  272.68254  272.82575    25.5366     7.6373 0.0000e+00
 128.508877     11.383    12.7514  33.012181    27.7110     11.281  272.68132  272.82455    25.7545     7.6656 0.0000e+00
 128.508880     11.412    12.7515  33.011830    27.7110     11.310  272.68134  272.82458    25.6611     7.6050 0.0000e+00
 128.508883     11.443    12.7516  33.012415    27.7106     11.341  272.68001  272.82325    25.8323     7.6454 0.0000e+00
 128.508886     11.474    12.7518  33.012181    27.7108     11.372  272.67951  272.82277    24.7428     7.4271 0.0000e+00
 128.508889     11.505    12.7522  33.013878    27.7106     11.402  272.67498  272.81824    24.5249     7.3260 -9.990e-29
 128.508892     11.526    12.7531  33.013059    27.7105     11.422  272.67240  272.81573    24.5560     7.3502 -9.990e-29
 128.508895     11.540    12.7537  33.014580    27.7115     11.437  272.66723  272.81059    24.8206     7.3907 -9.990e-29
 128.508898     11.551    12.7544  33.014697    27.7110     11.448  272.66361  272.80702    24.8984     7.4109 -9.990e-29
 128.508900     11.569    12.7549  33.013878    27.7098     11.466  272.66290  272.80635    24.8673     7.4796 -9.990e-29
 128.508903     11.586    12.7552  33.013995    27.7098     11.482  272.66177  272.80523    24.8206     7.4513 -9.990e-29
 128.508906     11.602    12.7553  33.013059    27.7088     11.498  272.66281  272.80630    24.8362     7.4109 -9.990e-29
 128.508909     11.624    12.7554  33.013176    27.7088     11.520  272.66200  272.80549    25.4276     7.8719 -9.990e-29
 128.508912     11.648    12.7553  33.012415    27.7086     11.543  272.66398  272.80747    25.5677     7.8031 -9.990e-29
 128.508915     11.673    12.7551  33.012649    27.7086     11.569  272.66452  272.80799    25.6299     7.7910 0.0000e+00
 128.508918     11.702    12.7547  33.012006    27.7086     11.598  272.66723  272.81068    25.4120     7.8314 -9.990e-29
 128.508921     11.726    12.7546  33.012006    27.7080     11.621  272.66787  272.81131    24.6183     7.9527 -9.990e-29
 128.508924     11.755    12.7544  33.011596    27.7087     11.650  272.66923  272.81267    24.7272     7.8719 0.0000e+00
 128.508927     11.785    12.7541  33.012826    27.7088     11.679  272.66863  272.81204    24.7428     7.8678 0.0000e+00
 128.508929     11.810    12.7542  33.012240    27.7091     11.704  272.66937  272.81279    24.8673     7.9568 0.0000e+00
 128.508932     11.836    12.7543  33.013060    27.7088     11.730  272.66732  272.81074    24.6338     7.8880 -9.990e-29
 128.508935     11.858    12.7545  33.014172    27.7096     11.751  272.66443  272.80785    26.1280     8.1387 -9.990e-29
 128.508938     11.885    12.7549  33.013704    27.7097     11.778  272.66373  272.80717    26.1903     8.1711 0.0000e+00
 128.508941     11.910    12.7552  33.014113    27.7097     11.804  272.66146  272.80493    26.2058     8.1751 0.0000e+00
 128.508944     11.939    12.7552  33.014991    27.7105     11.832  272.65993  272.80339    26.1436     8.1428 0.0000e+00
 128.508947     11.976    12.7557  33.015342    27.7105     11.868  272.65716  272.80065    23.1085     7.8678 0.0000e+00
 128.508950     12.012    12.7563  33.014699    27.7095     11.905  272.65583  272.79937    22.9685     7.8516 0.0000e+00
 128.508953     12.049    12.7564  33.014757    27.7094     11.941  272.65513  272.79868    22.9062     7.8355 0.0000e+00
 128.508955     12.081    12.7564  33.012651    27.7074     11.973  272.65888  272.80244    23.0463     7.8880 0.0000e+00
 128.508958     12.113    12.7563  33.012007    27.7071     12.004  272.66066  272.80422    22.5949     7.7061 0.0000e+00
 128.508961     12.147    12.7559  33.011832    27.7069     12.038  272.66286  272.80639    22.6105     7.6495 -9.990e-29
 128.508964     12.169    12.7552  33.010135    27.7060     12.060  272.66867  272.81218    22.8440     7.6090 -9.990e-29
 128.508967     12.200    12.7544  33.011422    27.7077     12.091  272.66983  272.81328    22.6416     7.5888 -9.990e-29
 128.508970     12.216    12.7541  33.009725    27.7064     12.107  272.67440  272.81784    27.3576     8.2115 -9.990e-29
 128.508973     12.229    12.7536  33.009725    27.7068     12.120  272.67659  272.81999    27.3264     8.2156 -9.990e-29
 128.508976     12.247    12.7534  33.010428    27.7076     12.138  272.67629  272.81967    27.4665     8.2358 -9.990e-29
 128.508979     12.257    12.7534  33.010954    27.7080     12.147  272.67505  272.81843    27.4821     8.2236 -9.990e-29
 128.508981     12.275    12.7536  33.011598    27.7079     12.165  272.67330  272.81669    27.4976     8.2439 -9.990e-29
 128.508984     12.300    12.7537  33.011013    27.7077     12.190  272.67404  272.81744    26.4860     8.3126 0.0000e+00
 128.508987     12.328    12.7537  33.010779    27.7079     12.217  272.67417  272.81757    26.5015     8.3490 0.0000e+00
 128.508990     12.355    12.7536  33.011598    27.7081     12.245  272.67336  272.81674    26.5015     8.3369 0.0000e+00
 128.508993     12.388    12.7536  33.011189    27.7081     12.277  272.67410  272.81749    26.4237     8.3975 0.0000e+00
 128.508996     12.419    12.7534  33.010545    27.7076     12.308  272.67619  272.81957    24.8984     8.2964 0.0000e+00
 128.508999     12.457    12.7531  33.009726    27.7076     12.346  272.67891  272.82228    25.1163     8.3530 0.0000e+00
 128.509002     12.489    12.7529  33.010604    27.7070     12.377  272.67831  272.82166    25.1008     8.3086 0.0000e+00
 128.509005     12.518    12.7525  33.008673    27.7070     12.406  272.68330  272.82664    24.9918     8.3005 0.0000e+00
 128.509008     12.545    12.7520  33.008907    27.7065     12.433  272.68508  272.82839    20.5249     7.3785 0.0000e+00
 128.509010     12.571    12.7515  33.007035    27.7064     12.458  272.69058  272.83388    20.6183     7.4634 0.0000e+00
 128.509013     12.596    12.7508  33.004109    27.7057     12.484  272.69889  272.84216    20.7117     7.4715 -9.990e-29
 128.509016     12.617    12.7492  33.003524    27.7041     12.504  272.70677  272.84995    20.6338     7.3947 -9.990e-29
 128.509019     12.640    12.7479  33.002647    27.7040     12.527  272.71394  272.85703    20.8984     7.3381 -9.990e-29
 128.509022     12.673    12.7469  33.001652    27.7022     12.560  272.72038  272.86342    20.6805     7.4068 0.0000e+00
 128.509025     12.699    12.7459  32.996972    27.7013     12.585  272.73303  272.87605    20.7584     7.3421 0.0000e+00
 128.509028     12.731    12.7441  32.996621    27.7013     12.617  272.74113  272.88404    20.9607     7.3421 0.0000e+00
 128.509031     12.764    12.7426  32.995393    27.7013     12.650  272.75017  272.89298    20.9140     7.3502 0.0000e+00
 128.509034     12.795    12.7413  32.995393    27.7022     12.681  272.75579  272.89851    22.5949     7.5484 0.0000e+00
 128.509036     12.821    12.7403  32.995159    27.7025     12.706  272.76057  272.90323    22.6572     7.5443 0.0000e+00
 128.509039     12.850    12.7401  32.996622    27.7028     12.735  272.75893  272.90157    22.8284     7.6211 -9.990e-29
 128.509042     12.874    12.7402  32.995159    27.7028     12.758  272.76092  272.90357    22.6261     7.5848 -9.990e-29
 128.509045     12.892    12.7404  32.996037    27.7034     12.776  272.75844  272.90111    23.7311     8.1509 -9.990e-29
 128.509048     12.908    12.7402  32.994984    27.7026     12.793  272.76125  272.90391    23.4976     8.1873 -9.990e-29
 128.509051     12.921    12.7397  32.994574    27.7026     12.805  272.76416  272.90679    23.7778     8.2317 -9.990e-29
 128.509054     12.943    12.7391  32.993346    27.7019     12.827  272.76883  272.91144    23.7467     8.1994 -9.990e-29
 128.509057     12.959    12.7387  32.993931    27.7027     12.843  272.76967  272.91224    23.6689     7.7586 -9.990e-29
 128.509060     12.983    12.7384  32.994223    27.7027     12.867  272.77073  272.91327    23.7622     7.8152 -9.990e-29
 128.509063     13.012    12.7382  32.993522    27.7033     12.896  272.77261  272.91515    23.6222     7.7667 0.0000e+00
 128.509065     13.045    12.7381  32.994750    27.7039     12.928  272.77077  272.91329    23.7622     7.7748 0.0000e+00
 128.509068     13.083    12.7381  32.995160    27.7043     12.966  272.77038  272.91290    21.6611     7.8031 0.0000e+00
 128.509071     13.111    12.7382  32.995394    27.7043     12.993  272.76936  272.91189    21.8323     7.7708 0.0000e+00
 128.509074     13.142    12.7382  32.994751    27.7038     13.024  272.77052  272.91305    21.6922     7.7788 0.0000e+00
 128.509077     13.175    12.7383  32.992995    27.7030     13.057  272.77334  272.91589    21.5677     7.8031 0.0000e+00
 128.509080     13.206    12.7381  32.994751    27.7021     13.087  272.77087  272.91340    21.5988     7.6980 -9.990e-29
 128.509083     13.229    12.7381  32.994751    27.7038     13.111  272.77089  272.91342    21.5210     8.1306 -9.990e-29
 128.509086     13.260    12.7382  32.995161    27.7041     13.141  272.76987  272.91240    21.5677     8.0781 -9.990e-29
 128.509089     13.277    12.7381  32.995161    27.7042     13.158  272.77020  272.91272    21.8323     8.0821 -9.990e-29
 128.509091     13.297    12.7384  32.994810    27.7036     13.178  272.76959  272.91213    21.8945     8.1145 -9.990e-29
 128.509094     13.322    12.7386  32.993932    27.7027     13.203  272.77054  272.91310    23.9646     8.0538 -9.990e-29
 128.509097     13.344    12.7386  32.994342    27.7031     13.225  272.76982  272.91238    23.9957     8.0053 -9.990e-29
 128.509100     13.366    12.7384  32.995395    27.7038     13.246  272.76860  272.91114    24.0580     8.0740 -9.990e-29
 128.509103     13.397    12.7386  32.995161    27.7036     13.277  272.76841  272.91096    24.1358     8.0457 0.0000e+00
 128.509106     13.430    12.7386  32.994751    27.7034     13.309  272.76885  272.91140    22.2525     7.8274 0.0000e+00
 128.509109     13.459    12.7384  32.994576    27.7034     13.338  272.77042  272.91296    22.2214     7.9204 0.0000e+00
 128.509112     13.488    12.7381  32.993757    27.7034     13.367  272.77282  272.91536    22.2214     7.9406 -9.990e-29
 128.509115     13.512    12.7379  32.994342    27.7035     13.391  272.77304  272.91556    22.1903     7.8840 -9.990e-29
 128.509117     13.536    12.7376  32.993816    27.7032     13.414  272.77524  272.91773    23.7778     7.8880 -9.990e-29
 128.509120     13.561    12.7375  32.992470    27.7020     13.440  272.77794  272.92045    25.7545     8.6442 -9.990e-29
 128.509123     13.583    12.7371  32.993348    27.7031     13.461  272.77796  272.92043    25.9101     8.7210 -9.990e-29
 128.509126     13.601    12.7366  32.992002    27.7023     13.479  272.78284  272.92529    25.7233     8.6442 -9.990e-29
 128.509129     13.620    12.7361  32.989779    27.7006     13.498  272.78896  272.93140    25.7545     8.7008 -9.990e-29
 128.509132     13.634    12.7357  32.992061    27.7018     13.512  272.78649  272.92888    28.2914     8.6523 -9.990e-29
 128.509135     13.660    12.7355  32.990657    27.7013     13.537  272.78992  272.93232    28.3692     8.7170 0.0000e+00
 128.509138     13.687    12.7349  32.989195    27.7018     13.565  272.79533  272.93769    28.4315     8.6725 0.0000e+00
 128.509141     13.714    12.7343  32.992705    27.7046     13.592  272.79162  272.93391    28.7895     8.6644 0.0000e+00
 128.509144     13.749    12.7348  32.994402    27.7058     13.626  272.78646  272.92877    30.4082     9.6470 0.0000e+00
 128.509146     13.780    12.7356  32.995806    27.7064     13.657  272.78027  272.92262    30.5638     9.6996 0.0000e+00
 128.509149     13.815    12.7368  32.997503    27.7071     13.691  272.77231  272.91473    30.5015     9.6551 0.0000e+00
 128.509152     13.848    12.7382  32.999551    27.7075     13.724  272.76249  272.90498    30.5638     9.6753 0.0000e+00
 128.509155     13.882    12.7396  33.000604    27.7080     13.758  272.75444  272.89701    33.6455    10.0271 -9.990e-29
 128.509158     13.906    12.7411  33.001189    27.7073     13.782  272.74689  272.88955    33.5988     9.9786 -9.990e-29
 128.509161     13.930    12.7421  33.002886    27.7082     13.805  272.73955  272.88226    33.7233     9.9705 -9.990e-29
 128.509164     13.955    12.7434  33.003939    27.7083     13.830  272.73242  272.87520    33.5366    10.0716 -9.990e-29
 128.509167     13.970    12.7445  33.006279    27.7096     13.845  272.72331  272.86615    33.3654    10.0473 -9.990e-29
 128.509170     13.985    12.7457  33.005987    27.7084     13.860  272.71856  272.86148    36.8984     9.9341 -9.990e-29
 128.509172     14.009    12.7467  33.007216    27.7067     13.883  272.71236  272.85533    36.6183     9.9179 -9.990e-29
 128.509175     14.034    12.7474  33.005460    27.7073     13.908  272.71237  272.85541    36.7895     9.9058 0.0000e+00
 128.509178     14.063    12.7476  33.006806    27.7072     13.937  272.70908  272.85212    36.6338     9.9341 0.0000e+00
 128.509181     14.091    12.7477  33.006221    27.7078     13.964  272.70982  272.85287    37.9412    10.7914 0.0000e+00
 128.509184     14.125    12.7481  33.008269    27.7088     13.999  272.70435  272.84741    37.9568    10.7631 0.0000e+00
 128.509187     14.153    12.7487  33.010376    27.7098     14.026  272.69785  272.84093    38.0346    10.7752 0.0000e+00
 128.509190     14.182    12.7496  33.010551    27.7098     14.055  272.69383  272.83696    37.8323    10.8116 0.0000e+00
 128.509193     14.207    12.7502  33.009615    27.7087     14.080  272.69270  272.83589    42.0502    11.0461 0.0000e+00
 128.509196     14.238    12.7508  33.010376    27.7086     14.111  272.68889  272.83211    41.9257    11.0380 0.0000e+00
 128.509198     14.266    12.7508  33.010961    27.7087     14.138  272.68787  272.83109    41.8634    11.0057 -9.990e-29
 128.509201     14.288    12.7512  33.011195    27.7092     14.160  272.68592  272.82915    41.8945    11.0138 -9.990e-29
 128.509204     14.310    12.7514  33.013068    27.7108     14.181  272.68169  272.82492    43.4665    11.7416 -9.990e-29
 128.509207     14.328    12.7522  33.014941    27.7119     14.200  272.67466  272.81793    43.5755    11.7497 -9.990e-29
 128.509210     14.350    12.7537  33.015760    27.7116     14.221  272.66701  272.81037    43.6844    11.7295 -9.990e-29
 128.509213     14.372    12.7548  33.016989    27.7093     14.243  272.65988  272.80330    43.6377    11.7740 -9.990e-29
