Processed/SBE19plus_01907321_2022_05_10_Cast120_wfilter.cnv
* Sea-Bird SBE19plus  Data File:
* FileName = E:\Prandtl_Daten\2022\CTD\Raw\SBE19plus_01907321_2022_05_10_Cast120.hex
* Software version 2.6.1.12
* Temperature SN = 7321
* Conductivity SN = 7321
* System UpLoad Time = May 10 2022 15:34:08
* <ApplicationData>
* <Seaterm232>
** Messpraktikum 2022
** CTD 10.05  BE
** NMEA Latitude = 54 07.51N
** NMEA Longitude = 008 50.04E
# nquan = 11
# nvalues = 607                         
# units = specified
# name 0 = timeJ: Julian Days
# name 1 = prdM: Pressure, Strain Gauge [db]
# name 2 = tv290C: Temperature [ITS-90, deg C]
# name 3 = c0mS/cm: Conductivity [mS/cm]
# name 4 = sal00: Salinity, Practical [PSU]
# name 5 = depSM: Depth [salt water, m], lat = 54.00
# name 6 = oxsatMm/Kg: Oxygen Saturation, Weiss [umol/kg]
# name 7 = oxsolMm/Kg: Oxygen Saturation, Garcia & Gordon [umol/kg]
# name 8 = turbWETntu0: Turbidity, WET Labs ECO [NTU]
# name 9 = flECO-AFL: Fluorescence, WET Labs ECO-AFL/FL [mg/m^3]
# name 10 = flag:  0.000e+00
# span 0 = 130.643168, 130.644922       
# span 1 =      0.375,     17.864       
# span 2 =    13.8919,    13.9396       
# span 3 =  33.165662,  33.232664       
# span 4 =    27.0366,    27.0623       
# span 5 =      0.372,     17.704       
# span 6 =  267.21229,  267.51799       
# span 7 =  267.42807,  267.73144       
# span 8 =     6.4548,    53.4276       
# span 9 =     3.7190,    11.4343       
# span 10 = 0.0000e+00, 0.0000e+00      
# interval = seconds: 0.25
# start_time = May 10 2022 15:24:57 [Instrument's time stamp, header]
# bad_flag = -9.990e-29
*END*
[from data line 394]
 130.644308     11.401    13.9383  33.232318    27.0607     11.299  267.21852  267.43423    27.4665     8.0336 0.0000e+00
 130.644311     11.427    13.9385  33.232259    27.0608     11.324  267.21801  267.43372    27.4043     8.0376 -9.990e-29
 130.644314     11.451    13.9385  33.232259    27.0606     11.348  267.21802  267.43374    27.4198     8.0093 -9.990e-29
 130.644317     11.475    13.9385  33.232083    27.0600     11.372  267.21833  267.43405    27.4354     8.0457 -9.990e-29
 130.644320     11.505    13.9388  33.231849    27.0603     11.402  267.21717  267.43291    25.2097     7.6939 0.0000e+00
 130.644323     11.533    13.9386  33.232318    27.0606     11.429  267.21734  267.43307    25.2564     7.6737 0.0000e+00
 130.644326     11.562    13.9385  33.232259    27.0606     11.458  267.21777  267.43350    25.3342     7.7222 0.0000e+00
 130.644329     11.600    13.9386  33.232025    27.0603     11.496  267.21788  267.43360    25.1630     7.7142 0.0000e+00
 130.644332     11.633    13.9388  33.232084    27.0603     11.529  267.21717  267.43291    26.7661     7.6495 0.0000e+00
 130.644334     11.668    13.9388  33.232494    27.0606     11.563  267.21651  267.43224    26.6261     7.6333 0.0000e+00
 130.644337     11.699    13.9386  33.232495    27.0607     11.594  267.21715  267.43288    26.6572     7.6333 0.0000e+00
 130.644340     11.730    13.9386  33.232495    27.0607     11.625  267.21717  267.43290    26.6105     7.6697 0.0000e+00
 130.644343     11.755    13.9387  33.232260    27.0605     11.650  267.21726  267.43300    25.5988     7.9244 0.0000e+00
 130.644346     11.781    13.9387  33.232084    27.0604     11.675  267.21757  267.43331    25.4432     7.9042 -9.990e-29
 130.644349     11.806    13.9388  33.232495    27.0605     11.700  267.21659  267.43232    25.5210     7.9325 -9.990e-29
 130.644352     11.828    13.9386  33.232495    27.0606     11.722  267.21723  267.43296    25.3342     7.9042 -9.990e-29
 130.644355     11.846    13.9388  33.232260    27.0606     11.740  267.21701  267.43274    25.4743     7.9002 -9.990e-29
 130.644358     11.874    13.9386  33.232495    27.0605     11.767  267.21726  267.43298    27.6533     7.7222 0.0000e+00
 130.644361     11.901    13.9388  33.232495    27.0605     11.794  267.21665  267.43238    27.7155     7.7142 0.0000e+00
 130.644363     11.938    13.9385  33.232026    27.0605     11.831  267.21839  267.43412    27.7000     7.7101 0.0000e+00
 130.644366     11.972    13.9385  33.232319    27.0604     11.865  267.21824  267.43396    27.7155     7.7020 0.0000e+00
 130.644369     12.005    13.9386  33.232261    27.0604     11.897  267.21773  267.43346    25.1941     7.7829 0.0000e+00
 130.644372     12.032    13.9383  33.232026    27.0604     11.924  267.21939  267.43510    25.1630     7.7748 0.0000e+00
 130.644375     12.067    13.9382  33.232085    27.0603     11.958  267.21963  267.43533    25.1630     7.7505 0.0000e+00
 130.644378     12.099    13.9384  33.232027    27.0604     11.991  267.21912  267.43483    25.1941     7.7748 0.0000e+00
 130.644381     12.133    13.9381  33.232085    27.0605     12.024  267.22029  267.43599    25.2097     7.3947 0.0000e+00
 130.644384     12.165    13.9381  33.232027    27.0605     12.056  267.22041  267.43611    25.1630     7.3947 0.0000e+00
 130.644387     12.192    13.9381  33.232086    27.0605     12.083  267.22033  267.43603    25.2564     7.3907 0.0000e+00
 130.644389     12.218    13.9383  33.231851    27.0603     12.108  267.21980  267.43551    25.2408     7.3785 0.0000e+00
 130.644392     12.243    13.9381  33.231851    27.0601     12.134  267.22075  267.43645    27.9334     8.3692 -9.990e-29
 130.644395     12.265    13.9382  33.232320    27.0600     12.155  267.21967  267.43537    27.9646     8.3409 -9.990e-29
 130.644398     12.291    13.9382  33.231616    27.0602     12.181  267.22086  267.43657    27.9957     8.3490 0.0000e+00
 130.644401     12.316    13.9382  33.232086    27.0604     12.206  267.22009  267.43580    27.9023     8.3571 0.0000e+00
 130.644404     12.347    13.9382  33.232262    27.0604     12.236  267.21982  267.43552    27.8245     8.3733 0.0000e+00
 130.644407     12.380    13.9382  33.232027    27.0603     12.269  267.22023  267.43593    31.5599     8.5997 0.0000e+00
 130.644410     12.418    13.9382  33.230678    27.0598     12.307  267.22219  267.43791    31.4354     8.6523 0.0000e+00
 130.644413     12.448    13.9382  33.231441    27.0594     12.336  267.22125  267.43696    31.4976     8.6280 0.0000e+00
 130.644416     12.477    13.9382  33.231089    27.0598     12.365  267.22154  267.43726    31.4976     8.5997 -9.990e-29
 130.644418     12.501    13.9381  33.230561    27.0590     12.389  267.22306  267.43877    32.3692     8.7736 -9.990e-29
 130.644421     12.534    13.9381  33.229564    27.0581     12.421  267.22474  267.44046    32.3381     8.7251 -9.990e-29
 130.644424     12.557    13.9379  33.229916    27.0585     12.445  267.22480  267.44051    32.3226     8.7817 -9.990e-29
 130.644427     12.579    13.9379  33.229094    27.0578     12.466  267.22618  267.44190    32.2292     8.7453 -9.990e-29
 130.644430     12.603    13.9377  33.228684    27.0576     12.490  267.22782  267.44353    30.7506     8.5795 -9.990e-29
 130.644433     12.627    13.9379  33.228273    27.0570     12.513  267.22758  267.44330    30.7661     8.5471 -9.990e-29
 130.644436     12.651    13.9378  33.229095    27.0581     12.537  267.22685  267.44256    30.7661     8.5552 -9.990e-29
 130.644439     12.682    13.9380  33.229505    27.0581     12.568  267.22525  267.44096    30.8595     8.5593 0.0000e+00
 130.644442     12.713    13.9379  33.229330    27.0580     12.599  267.22618  267.44189    29.6144     8.5107 0.0000e+00
 130.644444     12.742    13.9379  33.229330    27.0579     12.628  267.22589  267.44160    29.5366     8.4905 0.0000e+00
 130.644447     12.777    13.9379  33.229095    27.0577     12.662  267.22630  267.44202    29.5521     8.4946 0.0000e+00
 130.644450     12.813    13.9379  33.228685    27.0577     12.698  267.22732  267.44304    29.6611     8.5107 0.0000e+00
 130.644453     12.842    13.9379  33.229330    27.0579     12.727  267.22595  267.44166    29.6144     8.4865 0.0000e+00
 130.644456     12.873    13.9379  33.229330    27.0579     12.758  267.22597  267.44168    31.0307     8.1630 0.0000e+00
 130.644459     12.910    13.9379  33.229096    27.0577     12.794  267.22638  267.44210    31.1241     8.1509 0.0000e+00
 130.644462     12.943    13.9380  33.228920    27.0575     12.827  267.22638  267.44210    31.0307     8.1387 0.0000e+00
 130.644465     12.970    13.9379  33.229096    27.0574     12.854  267.22642  267.44213    30.9685     8.1590 -9.990e-29
 130.644468     12.990    13.9379  33.229330    27.0579     12.874  267.22604  267.44175    27.4043     7.5524 -9.990e-29
 130.644470     13.012    13.9378  33.229331    27.0580     12.896  267.22668  267.44239    27.4976     7.6090 -9.990e-29
 130.644473     13.036    13.9379  33.229507    27.0580     12.919  267.22577  267.44149    27.4354     7.5848 -9.990e-29
 130.644476     13.064    13.9379  33.229565    27.0578     12.947  267.22569  267.44140    27.5599     7.5767 0.0000e+00
 130.644479     13.089    13.9380  33.229096    27.0580     12.972  267.22618  267.44190    28.5871     7.5160 0.0000e+00
 130.644482     13.122    13.9380  33.230152    27.0582     13.004  267.22443  267.44015    28.6650     7.5362 0.0000e+00
 130.644485     13.158    13.9379  33.229742    27.0583     13.040  267.22546  267.44117    28.5249     7.5281 0.0000e+00
 130.644488     13.194    13.9379  33.229918    27.0583     13.076  267.22518  267.44089    28.5560     7.4877 0.0000e+00
 130.644491     13.226    13.9379  33.230387    27.0585     13.107  267.22442  267.44013    27.8556     8.1751 0.0000e+00
 130.644494     13.256    13.9379  33.230094    27.0587     13.138  267.22524  267.44095    27.9334     8.1711 0.0000e+00
 130.644497     13.288    13.9380  33.230564    27.0587     13.169  267.22385  267.43956    27.9957     8.1873 0.0000e+00
 130.644499     13.315    13.9382  33.230564    27.0588     13.196  267.22324  267.43896    27.9646     8.1590 -9.990e-29
 130.644502     13.337    13.9381  33.230505    27.0587     13.218  267.22366  267.43938    27.9023     8.1549 -9.990e-29
 130.644505     13.359    13.9380  33.230798    27.0590     13.239  267.22350  267.43921    28.1980     7.5767 -9.990e-29
 130.644508     13.377    13.9380  33.230916    27.0591     13.257  267.22332  267.43903    28.0891     7.5807 -9.990e-29
 130.644511     13.399    13.9382  33.231209    27.0593     13.279  267.22190  267.43762    28.2292     7.5848 -9.990e-29
 130.644514     13.424    13.9381  33.231209    27.0592     13.304  267.22254  267.43825    28.1980     7.5888 0.0000e+00
 130.644517     13.455    13.9382  33.231092    27.0592     13.335  267.22213  267.43785    29.8012     8.4097 0.0000e+00
 130.644520     13.488    13.9382  33.231210    27.0591     13.367  267.22227  267.43798    29.9257     8.4097 0.0000e+00
 130.644523     13.528    13.9385  33.230506    27.0587     13.407  267.22221  267.43795    29.8790     8.4582 0.0000e+00
 130.644525     13.565    13.9384  33.230799    27.0586     13.443  267.22206  267.43779    29.7233     8.4137 0.0000e+00
 130.644528     13.599    13.9382  33.230564    27.0586     13.477  267.22310  267.43882    31.0307     8.3530 0.0000e+00
 130.644531     13.634    13.9382  33.229919    27.0580     13.512  267.22420  267.43993    30.9996     8.3490 0.0000e+00
 130.644534     13.661    13.9380  33.229743    27.0579     13.539  267.22545  267.44116    31.0619     8.3935 0.0000e+00
 130.644537     13.689    13.9379  33.228922    27.0576     13.566  267.22715  267.44287    30.9529     8.3490 0.0000e+00
 130.644540     13.714    13.9378  33.228687    27.0573     13.591  267.22818  267.44389    30.9685     8.0012 -9.990e-29
 130.644543     13.727    13.9377  33.228687    27.0572     13.604  267.22850  267.44421    31.2175     7.8435 -9.990e-29
 130.644546     13.754    13.9376  33.228277    27.0569     13.631  267.22952  267.44522    31.0463     7.8355 -9.990e-29
 130.644549     13.778    13.9373  33.228688    27.0569     13.654  267.23010  267.44579    31.1085     7.8072 -9.990e-29
 130.644552     13.807    13.9373  33.228101    27.0569     13.683  267.23110  267.44679    31.0619     7.8193 0.0000e+00
 130.644554     13.838    13.9373  33.228101    27.0569     13.714  267.23143  267.44712    36.3070     9.2750 0.0000e+00
 130.644557     13.871    13.9370  33.227691    27.0567     13.747  267.23307  267.44875    36.1980     9.2467 0.0000e+00
 130.644560     13.900    13.9370  33.226635    27.0558     13.775  267.23517  267.45085    36.2292     9.2507 0.0000e+00
 130.644563     13.933    13.9368  33.226224    27.0557     13.808  267.23681  267.45248    36.1669     9.2184 0.0000e+00
 130.644566     13.958    13.9366  33.225696    27.0556     13.833  267.23833  267.45400    27.8556     8.0174 -9.990e-29
 130.644569     13.982    13.9364  33.225579    27.0553     13.857  267.23948  267.45514    27.9490     8.0336 -9.990e-29
 130.644572     14.007    13.9364  33.225696    27.0558     13.882  267.23930  267.45496    27.9646     8.0012 0.0000e+00
 130.644575     14.040    13.9363  33.226635    27.0558     13.914  267.23807  267.45371    27.9334     8.0457 0.0000e+00
 130.644578     14.066    13.9362  33.227046    27.0562     13.940  267.23772  267.45335    37.6766     9.9584 -9.990e-29
 130.644580     14.088    13.9364  33.226518    27.0560     13.961  267.23798  267.45363    37.7545     9.9260 -9.990e-29
 130.644583     14.113    13.9364  33.226401    27.0559     13.987  267.23819  267.45384    37.6611     9.9624 -9.990e-29
 130.644586     14.135    13.9365  33.225697    27.0552     14.009  267.23907  267.45473    37.5988     9.9260 -9.990e-29
 130.644589     14.158    13.9364  33.224934    27.0544     14.031  267.24067  267.45633    37.7389     9.9422 -9.990e-29
 130.644592     14.183    13.9361  33.224524    27.0546     14.056  267.24262  267.45827    37.9257     9.6025 0.0000e+00
 130.644595     14.209    13.9360  33.224934    27.0544     14.081  267.24227  267.45790    38.0346     9.6187 0.0000e+00
 130.644598     14.238    13.9361  33.224113    27.0542     14.110  267.24334  267.45899    37.9257     9.6025 0.0000e+00
 130.644601     14.269    13.9358  33.224113    27.0540     14.141  267.24461  267.46024    37.9568     9.6268 0.0000e+00
 130.644604     14.298    13.9361  33.223879    27.0541     14.170  267.24377  267.45942    37.0541     9.8249 0.0000e+00
 130.644606     14.325    13.9360  33.224113    27.0538     14.197  267.24371  267.45935    36.8829     9.8128 0.0000e+00
 130.644609     14.358    13.9360  33.223703    27.0541     14.229  267.24441  267.46006    36.9451     9.8007 0.0000e+00
 130.644612     14.389    13.9359  33.224114    27.0538     14.260  267.24437  267.46001    37.0696     9.8168 0.0000e+00
 130.644615     14.424    13.9359  33.223703    27.0538     14.295  267.24508  267.46072    38.1591     9.6551 0.0000e+00
 130.644618     14.450    13.9358  33.223468    27.0538     14.320  267.24580  267.46144    38.1591     9.6066 0.0000e+00
 130.644621     14.479    13.9358  33.223703    27.0537     14.349  267.24542  267.46106    38.2058     9.6147 0.0000e+00
 130.644624     14.504    13.9358  33.222706    27.0538     14.374  267.24710  267.46275    38.3303     9.6147 -9.990e-29
 130.644627     14.521    13.9359  33.223293    27.0534     14.391  267.24582  267.46147    37.6922     9.5540 -9.990e-29
 130.644630     14.539    13.9357  33.223117    27.0533     14.409  267.24675  267.46239    37.6766     9.5783 -9.990e-29
 130.644633     14.563    13.9357  33.222647    27.0529     14.432  267.24755  267.46319    37.6922     9.5540 -9.990e-29
 130.644635     14.584    13.9356  33.221122    27.0529     14.454  267.25042  267.46607    37.6611     9.5621 -9.990e-29
 130.644638     14.617    13.9354  33.222413    27.0528     14.486  267.24923  267.46485    37.6299     9.5500 0.0000e+00
 130.644641     14.644    13.9355  33.222237    27.0526     14.513  267.24923  267.46486    38.2992     9.8047 0.0000e+00
 130.644644     14.681    13.9355  33.221944    27.0526     14.549  267.24974  267.46537    38.3615     9.8290 0.0000e+00
 130.644647     14.716    13.9354  33.222413    27.0528     14.584  267.24929  267.46491    38.1280     9.8007 0.0000e+00
 130.644650     14.750    13.9355  33.222531    27.0528     14.618  267.24880  267.46443    38.1436     9.8128 0.0000e+00
 130.644653     14.782    13.9355  33.222414    27.0528     14.649  267.24901  267.46464    39.2331     9.7805 0.0000e+00
 130.644656     14.813    13.9358  33.222414    27.0527     14.680  267.24778  267.46343    39.1864     9.7521 -9.990e-29
 130.644659     14.835    13.9358  33.222120    27.0523     14.702  267.24828  267.46393    39.1397     9.7481 -9.990e-29
 130.644661     14.855    13.9356  33.221827    27.0521     14.722  267.24941  267.46505    39.3264     9.7845 -9.990e-29
 130.644664     14.869    13.9355  33.221534    27.0519     14.736  267.25054  267.46617    39.7311     9.7481 -9.990e-29
 130.644667     14.893    13.9353  33.220361    27.0510     14.760  267.25345  267.46908    39.7311     9.7643 -9.990e-29
 130.644670     14.913    13.9352  33.220126    27.0513     14.779  267.25416  267.46980    39.7000     9.7198 -9.990e-29
 130.644673     14.942    13.9350  33.220537    27.0515     14.808  267.25412  267.46974    39.7622     9.7602 0.0000e+00
 130.644676     14.979    13.9349  33.220772    27.0516     14.844  267.25438  267.46999    40.8673    10.2333 0.0000e+00
 130.644679     15.015    13.9350  33.220948    27.0517     14.881  267.25348  267.46910    40.9918    10.2050 0.0000e+00
 130.644682     15.050    13.9348  33.220948    27.0517     14.915  267.25444  267.47005    41.0074    10.1808 0.0000e+00
