Processed/SBE19plus_01907321_2022_05_08_Cast79_wfilter.cnv
* Sea-Bird SBE19plus  Data File:
* FileName = E:\Prandtl Daten\2022\CTD\Raw\SBE19plus_01907321_2022_05_08_Cast79.hex
* Software version 2.6.1.12
* Temperature SN = 7321
* Conductivity SN = 7321
* System UpLoad Time = May 08 2022 09:29:10
* <ApplicationData>
* <Seaterm232>
** Messpraktikum 2022
** CTD 08.05 NP2
** NMEA Latitude = 54 09.25 N
** NMEA Longitude = 008 42.16 E
# nquan = 11
# nvalues = 399                         
# units = specified
# name 0 = timeJ: Julian Days
# name 1 = prdM: Pressure, Strain Gauge [db]
# name 2 = tv290C: Temperature [ITS-90, deg C]
# name 3 = c0mS/cm: Conductivity [mS/cm]
# name 4 = sal00: Salinity, Practical [PSU]
# name 5 = depSM: Depth [salt water, m], lat = 54.00
# name 6 = oxsatMm/Kg: Oxygen Saturation, Weiss [umol/kg]
# name 7 = oxsolMm/Kg: Oxygen Saturation, Garcia & Gordon [umol/kg]
# name 8 = turbWETntu0: Turbidity, WET Labs ECO [NTU]
# name 9 = flECO-AFL: Fluorescence, WET Labs ECO-AFL/FL [mg/m^3]
# name 10 = flag:  0.000e+00
# span 0 = 128.391288, 128.392439       
# span 1 =      0.694,     11.416       
# span 2 =    12.0492,    12.6813       
# span 3 =  32.075532,  32.400640       
# span 4 =    27.1958,    27.3583       
# span 5 =      0.687,     11.314       
# span 6 =  274.06773,  277.47318       
# span 7 =  274.21220,  277.57817       
# span 8 =     2.2214,   101.2097       
# span 9 =     2.1865,    19.9785       
# span 10 = 0.0000e+00, 0.0000e+00      
# interval = seconds: 0.25
# start_time = May 08 2022 09:22:04 [Instrument's time stamp, header]
# bad_flag = -9.990e-29
*END*
[from data line 132]
 128.391670      4.443    12.5972  32.353499    27.2132      4.403  274.52325  274.66263     4.3070     4.1719 0.0000e+00
 128.391672      4.478    12.5973  32.352860    27.2126      4.438  274.52410  274.66349     4.2292     4.1921 0.0000e+00
 128.391675      4.505    12.5969  32.352686    27.2126      4.465  274.52600  274.66537     4.7428     4.3701 0.0000e+00
 128.391678      4.531    12.5965  32.353093    27.2126      4.490  274.52718  274.66652     4.7272     4.3620 -9.990e-29
 128.391681      4.555    12.5964  32.351873    27.2122      4.514  274.52968  274.66903     4.7895     4.3903 -9.990e-29
 128.391684      4.582    12.5953  32.351003    27.2121      4.541  274.53597  274.67526     4.7895     4.3539 -9.990e-29
 128.391687      4.606    12.5942  32.351061    27.2114      4.564  274.54091  274.68013     5.5366     4.4428 -9.990e-29
 128.391690      4.631    12.5929  32.348391    27.2116      4.590  274.55136  274.69051     5.5054     4.4954 0.0000e+00
 128.391693      4.664    12.5902  32.346765    27.2119      4.622  274.56623  274.70522     5.6611     4.4833 0.0000e+00
 128.391696      4.697    12.5873  32.346359    27.2133      4.655  274.57987  274.71867     5.5054     4.5237 0.0000e+00
 128.391698      4.732    12.5850  32.344270    27.2136      4.689  274.59369  274.73236     5.4432     4.5156 0.0000e+00
 128.391701      4.766    12.5826  32.343748    27.2134      4.724  274.60565  274.74416     6.6105     4.3781 0.0000e+00
 128.391704      4.801    12.5794  32.340091    27.2145      4.758  274.62604  274.76438     6.5638     4.3418 0.0000e+00
 128.391707      4.832    12.5738  32.338872    27.2163      4.789  274.65308  274.79105     6.6727     4.4024 0.0000e+00
 128.391710      4.863    12.5694  32.337248    27.2180      4.820  274.67550  274.81320     6.5482     4.4145 0.0000e+00
 128.391713      4.898    12.5649  32.334636    27.2187      4.854  274.70000  274.83743     5.8790     4.7502 0.0000e+00
 128.391716      4.925    12.5609  32.336900    27.2212      4.881  274.71389  274.85103     5.8478     4.7461 0.0000e+00
 128.391719      4.956    12.5605  32.337017    27.2238      4.912  274.71559  274.85270     5.7545     4.7259 -9.990e-29
 128.391722      4.978    12.5608  32.334230    27.2197      4.933  274.71901  274.85617     5.8790     4.7542 -9.990e-29
 128.391725      5.003    12.5593  32.331386    27.2206      4.958  274.73072  274.86781     4.3226     4.2285 0.0000e+00
 128.391727      5.034    12.5553  32.330168    27.2215      4.989  274.75084  274.88767     4.3537     4.1638 0.0000e+00
 128.391730      5.060    12.5505  32.327905    27.2228      5.015  274.77598  274.91251     4.4315     4.1962 0.0000e+00
 128.391733      5.093    12.5454  32.327615    27.2262      5.047  274.79915  274.93535     4.4159     4.2649 0.0000e+00
 128.391736      5.131    12.5426  32.328719    27.2292      5.085  274.80947  274.94547     4.2914     4.4590 0.0000e+00
 128.391739      5.162    12.5416  32.328545    27.2298      5.116  274.81420  274.95014     4.3381     4.4105 0.0000e+00
 128.391742      5.204    12.5415  32.328545    27.2298      5.157  274.81486  274.95079     4.3381     4.4186 0.0000e+00
 128.391745      5.231    12.5417  32.328139    27.2293      5.184  274.81466  274.95061     4.3848     4.4267 0.0000e+00
 128.391748      5.264    12.5414  32.327732    27.2292      5.217  274.81698  274.95291     4.2292     4.4348 0.0000e+00
 128.391751      5.297    12.5412  32.327036    27.2289      5.250  274.81919  274.95511     5.5833     4.4186 0.0000e+00
 128.391753      5.328    12.5416  32.328545    27.2287      5.280  274.81431  274.95025     5.5054     4.4267 -9.990e-29
 128.391756      5.346    12.5420  32.328719    27.2296      5.299  274.81244  274.94840     5.6611     4.4509 -9.990e-29
 128.391759      5.370    12.5426  32.328313    27.2288      5.322  274.81067  274.94667     5.5521     4.4267 -9.990e-29
 128.391762      5.394    12.5427  32.328719    27.2291      5.346  274.80933  274.94533     6.0346     4.3498 -9.990e-29
 128.391765      5.419    12.5435  32.328952    27.2292      5.371  274.80547  274.94153     5.8945     4.3620 -9.990e-29
 128.391768      5.450    12.5441  32.329938    27.2292      5.402  274.80089  274.93698     6.0657     4.3458 0.0000e+00
 128.391771      5.479    12.5454  32.329764    27.2292      5.430  274.79557  274.93174     5.9879     4.3620 -9.990e-29
 128.391774      5.478    12.5460  32.327500    27.2256      5.429  274.79710  274.93334     5.8167     4.7542 -9.990e-29
 128.391777      5.476    12.5463  32.328313    27.2261      5.427  274.79439  274.93064     5.8012     4.7380 -9.990e-29
 128.391780      5.478    12.5468  32.329126    27.2265      5.429  274.79073  274.92701     5.7856     4.7502 -9.990e-29
 128.391782      5.476    12.5463  32.327036    27.2249      5.427  274.79667  274.93293     5.7700     4.7380 -9.990e-29
 128.391785      5.474    12.5443  32.325469    27.2249      5.425  274.80828  274.94442     5.9412     4.6652 -9.990e-29
 128.391788      5.476    12.5412  32.323438    27.2252      5.427  274.82544  274.96140     5.9879     4.6855 -9.990e-29
 128.391791      5.476    12.5372  32.321407    27.2263      5.427  274.84699  274.98271     6.0969     4.6693 -9.990e-29
 128.391794      5.472    12.5322  32.318158    27.2268      5.423  274.87482  275.01023     6.0191     4.6733 -9.990e-29
 128.391797      5.474    12.5261  32.315721    27.2290      5.425  274.90623  275.04126     6.0502     4.6369 -9.990e-29
 128.391800      5.474    12.5209  32.315431    27.2324      5.425  274.92970  275.06439     5.8012     4.2892 -9.990e-29
 128.391803      5.476    12.5167  32.311079    27.2314      5.427  274.95605  275.09050     5.8945     4.2973 -9.990e-29
 128.391806      5.479    12.5131  32.312705    27.2356      5.430  274.96949  275.10368     5.7856     4.3498 -9.990e-29
 128.391808      5.474    12.5096  32.311080    27.2366      5.425  274.98781  275.12178     5.6611     4.2811 -9.990e-29
 128.391811      5.474    12.5061  32.309862    27.2380      5.425  275.00540  275.13915     5.5677     4.3620 -9.990e-29
 128.391814      5.472    12.5024  32.307019    27.2380      5.423  275.02684  275.16038     5.6299     4.3862 -9.990e-29
 128.391817      5.483    12.5004  32.309108    27.2407      5.434  275.03191  275.16529     5.5210     4.3498 -9.990e-29
 128.391820      5.509    12.4989  32.307251    27.2413      5.459  275.04217  275.17547     5.4587     4.3862 0.0000e+00
 128.391823      5.543    12.4962  32.306439    27.2419      5.494  275.05560  275.18872     7.5288     4.5763 0.0000e+00
 128.391826      5.576    12.4948  32.306614    27.2423      5.526  275.06128  275.19431     7.5599     4.5682 0.0000e+00
 128.391829      5.605    12.4946  32.305627    27.2430      5.555  275.06401  275.19704     7.5132     4.5561 0.0000e+00
 128.391832      5.631    12.4939  32.306208    27.2428      5.580  275.06613  275.19911     7.5599     4.5358 0.0000e+00
 128.391834      5.660    12.4930  32.304815    27.2433      5.609  275.07274  275.20566     5.3654     4.7502 -9.990e-29
 128.391837      5.685    12.4923  32.304409    27.2428      5.634  275.07663  275.20951     5.2253     4.7502 -9.990e-29
 128.391840      5.709    12.4917  32.304177    27.2443      5.658  275.07958  275.21242     5.3187     4.7663 -9.990e-29
 128.391843      5.742    12.4917  32.305628    27.2443      5.690  275.07699  275.20983     5.2408     4.7623 0.0000e+00
 128.391846      5.769    12.4919  32.305802    27.2443      5.717  275.07576  275.20860     5.3187     4.7259 0.0000e+00
 128.391849      5.803    12.4919  32.306034    27.2443      5.752  275.07536  275.20820     6.5482     4.7582 0.0000e+00
 128.391852      5.838    12.4922  32.305396    27.2440      5.786  275.07559  275.20845     6.5327     4.7744 0.0000e+00
 128.391855      5.875    12.4918  32.305396    27.2438      5.822  275.07718  275.21002     6.6727     4.7340 0.0000e+00
 128.391858      5.907    12.4915  32.303598    27.2438      5.855  275.08169  275.21453     6.7039     4.7825 0.0000e+00
 128.391861      5.944    12.4897  32.303598    27.2438      5.891  275.08989  275.22260     5.7856     4.6774 0.0000e+00
 128.391863      5.971    12.4888  32.303366    27.2442      5.918  275.09410  275.22676     5.8012     4.6814 0.0000e+00
 128.391866      6.004    12.4875  32.302786    27.2444      5.950  275.10113  275.23371     5.7545     4.6976 0.0000e+00
 128.391869      6.032    12.4861  32.300581    27.2446      5.978  275.11140  275.24390     5.7856     4.6652 -9.990e-29
 128.391872      6.055    12.4853  32.301742    27.2452      6.001  275.11247  275.24492     6.7506     4.9321 -9.990e-29
 128.391875      6.074    12.4842  32.302148    27.2464      6.019  275.11679  275.24915     6.7039     4.9240 -9.990e-29
 128.391878      6.099    12.4834  32.301336    27.2462      6.044  275.12172  275.25404     6.8906     4.8917 -9.990e-29
 128.391881      6.124    12.4822  32.300118    27.2476      6.070  275.12927  275.26152     6.9996     4.8998 -9.990e-29
 128.391884      6.152    12.4812  32.301163    27.2479      6.097  275.13181  275.26399     6.3303     4.6612 0.0000e+00
 128.391887      6.185    12.4810  32.301569    27.2477      6.130  275.13205  275.26420     6.2525     4.6289 0.0000e+00
 128.391889      6.223    12.4811  32.301163    27.2477      6.168  275.13249  275.26465     6.2681     4.6450 0.0000e+00
 128.391892      6.252    12.4810  32.300525    27.2476      6.196  275.13397  275.26614     6.3926     4.6248 0.0000e+00
 128.391895      6.293    12.4807  32.300757    27.2471      6.236  275.13515  275.26729     6.2369     4.6450 0.0000e+00
 128.391898      6.329    12.4807  32.300119    27.2473      6.273  275.13632  275.26847     5.2564     4.7785 0.0000e+00
 128.391901      6.360    12.4802  32.300119    27.2472      6.303  275.13854  275.27066     5.2408     4.7502 0.0000e+00
 128.391904      6.397    12.4794  32.299423    27.2473      6.339  275.14327  275.27534     5.2564     4.7582 0.0000e+00
 128.391907      6.424    12.4785  32.297102    27.2472      6.367  275.15155  275.28358     5.1630     4.7421 -9.990e-29
 128.391910      6.448    12.4778  32.298901    27.2478      6.390  275.15116  275.28313     6.6261     4.9928 -9.990e-29
 128.391913      6.472    12.4773  32.299133    27.2484      6.414  275.15296  275.28490     6.6883     4.9766 -9.990e-29
 128.391916      6.493    12.4763  32.296929    27.2468      6.435  275.16165  275.29354     6.5949     5.0009 -9.990e-29
 128.391918      6.521    12.4738  32.294666    27.2484      6.462  275.17674  275.30848     6.6416     4.9645 0.0000e+00
 128.391921      6.548    12.4701  32.295305    27.2501      6.490  275.19227  275.32375     5.5833     5.0332 0.0000e+00
 128.391924      6.579    12.4681  32.295015    27.2512      6.520  275.20161  275.33297     5.5677     5.0737 0.0000e+00
 128.391927      6.617    12.4669  32.294667    27.2512      6.558  275.20761  275.33889     5.5677     5.0615 0.0000e+00
 128.391930      6.650    12.4654  32.292231    27.2518      6.591  275.21861  275.34981     5.5521     5.0615 0.0000e+00
 128.391933      6.687    12.4629  32.292231    27.2523      6.627  275.22964  275.36067     7.4976     4.9766 0.0000e+00
 128.391936      6.725    12.4605  32.291013    27.2529      6.665  275.24254  275.37343     7.3420     4.9564 0.0000e+00
 128.391939      6.760    12.4577  32.289795    27.2538      6.699  275.25733  275.38804     7.2019     4.9766 0.0000e+00
 128.391942      6.792    12.4549  32.290202    27.2562      6.732  275.26888  275.39940     7.1864     4.9847 0.0000e+00
 128.391944      6.825    12.4534  32.289796    27.2569      6.764  275.27624  275.40666     7.1864     5.0009 0.0000e+00
 128.391947      6.853    12.4524  32.288984    27.2569      6.791  275.28243  275.41279     6.5015     4.6450 0.0000e+00
 128.391950      6.878    12.4514  32.288578    27.2569      6.817  275.28758  275.41788     6.6261     4.5925 -9.990e-29
 128.391953      6.896    12.4500  32.287592    27.2564      6.835  275.29565  275.42586     6.4860     4.6814 -9.990e-29
 128.391956      6.922    12.4481  32.285156    27.2567      6.860  275.30822  275.43834     6.6572     4.6450 0.0000e+00
 128.391959      6.953    12.4456  32.283822    27.2569      6.891  275.32165  275.45161     6.2525     4.9685 0.0000e+00
 128.391962      6.988    12.4430  32.285330    27.2602      6.925  275.33059  275.46036     6.2836     4.9038 0.0000e+00
 128.391965      7.024    12.4417  32.285969    27.2613      6.961  275.33544  275.46511     6.2681     4.8917 0.0000e+00
 128.391968      7.066    12.4412  32.285157    27.2613      7.003  275.33881  275.46846     6.2525     4.9160 0.0000e+00
 128.391970      7.108    12.4412  32.284925    27.2611      7.045  275.33957  275.46922     6.4237     4.6652 0.0000e+00
 128.391973      7.148    12.4408  32.284519    27.2611      7.084  275.34221  275.47184     6.2525     4.7138 0.0000e+00
 128.391976      7.188    12.4397  32.284229    27.2615      7.124  275.34748  275.47704     6.5015     4.6450 0.0000e+00
 128.391979      7.218    12.4388  32.283765    27.2615      7.153  275.35210  275.48161     6.2992     4.6895 0.0000e+00
 128.391982      7.245    12.4379  32.281909    27.2612      7.180  275.35986  275.48932     7.0930     4.9726 0.0000e+00
 128.391985      7.280    12.4363  32.281909    27.2607      7.215  275.36680  275.49616     7.0930     4.9887 -9.990e-29
 128.391988      7.300    12.4351  32.282548    27.2612      7.234  275.37101  275.50028     6.9218     4.9847 -9.990e-29
 128.391991      7.325    12.4344  32.279879    27.2612      7.260  275.37897  275.50822     7.1241     5.0251 0.0000e+00
 128.391994      7.351    12.4321  32.278023    27.2612      7.285  275.39239  275.52150     7.0930     4.9928 0.0000e+00
 128.391997      7.380    12.4287  32.277270    27.2629      7.314  275.40917  275.53806     6.5794     4.9726 0.0000e+00
 128.391999      7.413    12.4260  32.276052    27.2637      7.346  275.42302  275.55174     6.6572     4.9321 0.0000e+00
 128.392002      7.449    12.4236  32.274196    27.2637      7.382  275.43739  275.56596     6.7350     4.9604 0.0000e+00
 128.392005      7.484    12.4207  32.274429    27.2660      7.417  275.44957  275.57795     6.7817     4.9523 0.0000e+00
 128.392008      7.521    12.4187  32.272979    27.2661      7.453  275.46132  275.58958     6.6727     5.2354 0.0000e+00
 128.392011      7.552    12.4171  32.273791    27.2666      7.484  275.46679  275.59494     6.9685     5.2435 0.0000e+00
 128.392014      7.584    12.4158  32.271297    27.2680      7.517  275.47728  275.60536     7.0307     5.2071 0.0000e+00
 128.392017      7.621    12.4134  32.271994    27.2690      7.553  275.48674  275.61465     6.9685     5.2637 0.0000e+00
 128.392020      7.650    12.4124  32.272226    27.2690      7.582  275.49074  275.61858     9.2097     5.5751 0.0000e+00
 128.392023      7.681    12.4118  32.268978    27.2686      7.612  275.49944  275.62727     8.9762     5.5589 0.0000e+00
 128.392025      7.707    12.4094  32.267934    27.2673      7.638  275.51171  275.63940     9.0852     5.5629 -9.990e-29
 128.392028      7.727    12.4055  32.259061    27.2625      7.657  275.54501  275.67252     8.9296     5.5629 -9.990e-29
 128.392031      7.750    12.3971  32.249900    27.2663      7.681  275.59896  275.72600     8.8517     5.5063 -9.990e-29
 128.392034      7.778    12.3846  32.246886    27.2672      7.708  275.66007  275.78629     9.2097     5.5306 0.0000e+00
 128.392037      7.803    12.3721  32.239002    27.2680      7.734  275.72997  275.85543     9.1163     5.5104 0.0000e+00
 128.392040      7.838    12.3593  32.236162    27.2746      7.768  275.79235  275.91697     8.9918     5.4780 0.0000e+00
 128.392043      7.871    12.3496  32.234946    27.2806      7.800  275.83796  275.96193     8.7428     5.4821 0.0000e+00
