Processed/SBE19plus_01907321_2022_05_05_Cast38_wfilter.cnv
* Sea-Bird SBE19plus  Data File:
* FileName = E:\Prandtl Daten\2022\CTD\Raw\SBE19plus_01907321_2022_05_05_Cast38.hex
* Software version 2.6.1.12
* Temperature SN = 7321
* Conductivity SN = 7321
* System UpLoad Time = May 05 2022 13:49:22
* <ApplicationData>
* <Seaterm232>
** Messpraktikum 2022
** CTD 05.05 BE
# nquan = 11
# nvalues = 752                         
# units = specified
# name 0 = timeJ: Julian Days
# name 1 = prdM: Pressure, Strain Gauge [db]
# name 2 = tv290C: Temperature [ITS-90, deg C]
# name 3 = c0mS/cm: Conductivity [mS/cm]
# name 4 = sal00: Salinity, Practical [PSU]
# name 5 = depSM: Depth [salt water, m], lat = 54.00
# name 6 = oxsatMm/Kg: Oxygen Saturation, Weiss [umol/kg]
# name 7 = oxsolMm/Kg: Oxygen Saturation, Garcia & Gordon [umol/kg]
# name 8 = turbWETntu0: Turbidity, WET Labs ECO [NTU]
# name 9 = flECO-AFL: Fluorescence, WET Labs ECO-AFL/FL [mg/m^3]
# name 10 = flag:  0.000e+00
# span 0 = 125.570573, 125.572746       
# span 1 =      0.597,     18.336       
# span 2 =    12.2978,    12.4649       
# span 3 =  31.983567,  32.095134       
# span 4 =    27.0587,    27.1402       
# span 5 =      0.592,     18.171       
# span 6 =  275.57479,  276.52846       
# span 7 =  275.70790,  276.65154       
# span 8 =    13.7700,    85.5521       
# span 9 =     5.6802,    14.1557       
# span 10 = 0.0000e+00, 0.0000e+00      
# interval = seconds: 0.25
# start_time = May 05 2022 13:40:23 [Instrument's time stamp, header]
# bad_flag = -9.990e-29
*END*
[from data line 525]
 125.572092     12.576    12.3242  32.043341    27.1184     12.463  276.30109  276.42532    43.7622     9.8775 0.0000e+00
 125.572095     12.609    12.3236  32.043341    27.1182     12.496  276.30395  276.42814    44.0424     9.9220 0.0000e+00
 125.572098     12.635    12.3231  32.042531    27.1184     12.521  276.30764  276.43181    46.2369    10.2253 -9.990e-29
 125.572101     12.658    12.3226  32.042126    27.1179     12.545  276.31028  276.43442    46.3459    10.2131 -9.990e-29
 125.572104     12.678    12.3224  32.041722    27.1177     12.565  276.31198  276.43611    46.2836    10.2091 -9.990e-29
 125.572106     12.695    12.3223  32.039929    27.1161     12.581  276.31587  276.44000    46.3615    10.2010 -9.990e-29
 125.572109     12.715    12.3219  32.038714    27.1153     12.601  276.31997  276.44409    47.8245    10.3951 -9.990e-29
 125.572112     12.737    12.3215  32.038541    27.1154     12.623  276.32188  276.44598    47.8245    10.3870 -9.990e-29
 125.572115     12.759    12.3212  32.036516    27.1128     12.644  276.32682  276.45092    47.7934    10.3951 -9.990e-29
 125.572118     12.786    12.3207  32.035128    27.1125     12.671  276.33188  276.45595    47.7622    10.3749 0.0000e+00
 125.572121     12.815    12.3201  32.034088    27.1128     12.700  276.33630  276.46036    47.7000    10.3870 0.0000e+00
 125.572124     12.844    12.3195  32.037905    27.1162     12.729  276.33194  276.45591    38.7350     9.4934 0.0000e+00
 125.572127     12.875    12.3198  32.040276    27.1182     12.760  276.32672  276.45068    38.7350     9.3963 0.0000e+00
 125.572130     12.903    12.3206  32.044325    27.1214     12.787  276.31562  276.43960    38.5482     9.4570 0.0000e+00
 125.572133     12.934    12.3215  32.048953    27.1250     12.818  276.30316  276.42715    38.6261     9.3882 0.0000e+00
 125.572135     12.959    12.3229  32.049994    27.1250     12.843  276.29529  276.41937    39.7622     9.7966 0.0000e+00
 125.572138     12.989    12.3238  32.049994    27.1250     12.872  276.29121  276.41535    39.7934     9.8209 -9.990e-29
 125.572141     13.009    12.3244  32.052366    27.1261     12.892  276.28409  276.40825    39.6066     9.7441 -9.990e-29
 125.572144     13.029    12.3251  32.052366    27.1256     12.912  276.28095  276.40515    39.7934     9.7198 -9.990e-29
 125.572147     13.045    12.3256  32.054795    27.1275     12.928  276.27436  276.39857    39.6377     9.2346 -9.990e-29
 125.572150     13.058    12.3261  32.054564    27.1269     12.941  276.27257  276.39682    39.5910     9.2669 -9.990e-29
 125.572153     13.082    12.3266  32.054391    27.1263     12.964  276.27070  276.39498    39.5755     9.2063 -9.990e-29
 125.572156     13.113    12.3266  32.054275    27.1262     12.995  276.27093  276.39521    39.6844     9.2305 0.0000e+00
 125.572159     13.144    12.3266  32.053986    27.1263     13.026  276.27147  276.39576    39.5443     9.5783 0.0000e+00
 125.572161     13.173    12.3266  32.054796    27.1264     13.055  276.27002  276.39430    39.4665     9.6066 0.0000e+00
 125.572164     13.208    12.3267  32.054969    27.1268     13.089  276.26942  276.39370    39.4821     9.5823 -9.990e-29
 125.572167     13.230    12.3267  32.055201    27.1268     13.111  276.26901  276.39329    39.6066     9.6227 -9.990e-29
 125.572170     13.259    12.3267  32.054970    27.1270     13.140  276.26914  276.39342    39.4665     9.5783 0.0000e+00
 125.572173     13.286    12.3269  32.055375    27.1268     13.167  276.26779  276.39208    39.9334     9.6996 0.0000e+00
 125.572176     13.315    12.3269  32.054391    27.1266     13.196  276.26927  276.39358    39.9801     9.6389 0.0000e+00
 125.572179     13.344    12.3271  32.055201    27.1261     13.225  276.26720  276.39151    39.9023     9.6227 -9.990e-29
 125.572182     13.364    12.3272  32.054391    27.1259     13.245  276.26836  276.39268    39.8089     9.5985 -9.990e-29
 125.572185     13.381    12.3273  32.052714    27.1242     13.261  276.27078  276.39513    42.0813     9.7077 -9.990e-29
 125.572188     13.401    12.3270  32.053003    27.1247     13.281  276.27153  276.39585    42.2214     9.6834 -9.990e-29
 125.572190     13.419    12.3269  32.051788    27.1237     13.299  276.27437  276.39870    42.1903     9.6672 -9.990e-29
 125.572193     13.443    12.3266  32.050979    27.1239     13.322  276.27711  276.40143    42.1903     9.6874 -9.990e-29
 125.572196     13.474    12.3262  32.051557    27.1231     13.353  276.27766  276.40195    42.3770     9.8856 0.0000e+00
 125.572199     13.507    12.3260  32.049764    27.1223     13.386  276.28188  276.40617    42.2992     9.8492 0.0000e+00
 125.572202     13.541    12.3255  32.048144    27.1213     13.420  276.28704  276.41132    42.5327     9.8815 0.0000e+00
 125.572205     13.570    12.3251  32.047971    27.1213     13.449  276.28927  276.41352    42.2992     9.8977 0.0000e+00
 125.572208     13.601    12.3248  32.049360    27.1228     13.480  276.28804  276.41226    41.9257     9.8573 0.0000e+00
 125.572211     13.629    12.3247  32.050401    27.1236     13.507  276.28680  276.41100    42.1436     9.8573 0.0000e+00
 125.572214     13.654    12.3248  32.050227    27.1238     13.532  276.28682  276.41102    41.8012     9.9220 0.0000e+00
 125.572216     13.683    12.3250  32.049591    27.1236     13.561  276.28704  276.41127    41.8945     9.8613 -9.990e-29
 125.572219     13.700    12.3248  32.048550    27.1220     13.577  276.28957  276.41380    41.8323     9.8735 -9.990e-29
 125.572222     13.718    12.3246  32.046930    27.1206     13.595  276.29346  276.41769    43.7000    10.1929 -9.990e-29
 125.572225     13.735    12.3245  32.045774    27.1196     13.611  276.29620  276.42043    43.9957    10.2212 -9.990e-29
 125.572228     13.758    12.3238  32.045542    27.1197     13.635  276.29947  276.42366    43.7311    10.2010 -9.990e-29
 125.572231     13.786    12.3235  32.045138    27.1210     13.662  276.30180  276.42597    43.9334    10.2414 0.0000e+00
 125.572234     13.811    12.3233  32.047741    27.1223     13.687  276.29805  276.42218    43.9023    10.0271 0.0000e+00
 125.572237     13.839    12.3236  32.049187    27.1230     13.715  276.29419  276.41832    43.7778    10.0271 0.0000e+00
 125.572240     13.871    12.3238  32.048956    27.1232     13.747  276.29337  276.41752    43.8712     9.9948 0.0000e+00
 125.572242     13.904    12.3241  32.048146    27.1230     13.780  276.29359  276.41778    44.0580     9.9543 -9.990e-29
 125.572245     13.928    12.3241  32.045543    27.1176     13.803  276.29832  276.42253    46.6727    10.4477 -9.990e-29
 125.572248     13.963    12.3236  32.042940    27.1161     13.838  276.30558  276.42978    46.7194    10.4517 0.0000e+00
 125.572251     13.994    12.3229  32.039354    27.1147     13.868  276.31493  276.43913    46.8595    10.4557 0.0000e+00
 125.572254     14.019    12.3219  32.037908    27.1144     13.894  276.32199  276.44613    46.7350    10.4719 0.0000e+00
 125.572257     14.049    12.3211  32.035942    27.1140     13.923  276.32935  276.45346    43.5288    10.1201 -9.990e-29
 125.572260     14.068    12.3205  32.033687    27.1111     13.942  276.33629  276.46038    43.6533    10.1282 -9.990e-29
 125.572263     14.092    12.3196  32.033687    27.1117     13.966  276.34009  276.46412    43.4665    10.1848 -9.990e-29
 125.572266     14.116    12.3190  32.033108    27.1116     13.989  276.34368  276.46768    43.6377    10.0999 -9.990e-29
 125.572269     14.147    12.3186  32.034092    27.1128     14.020  276.34413  276.46808    43.7467    10.1161 -9.990e-29
 125.572271     14.171    12.3183  32.034323    27.1138     14.044  276.34499  276.46892    42.9529    10.0392 -9.990e-29
 125.572274     14.198    12.3183  32.034960    27.1141     14.071  276.34354  276.46747    42.6105    10.0999 0.0000e+00
 125.572277     14.234    12.3184  32.035712    27.1144     14.107  276.34189  276.46581    42.6883    10.0514 0.0000e+00
 125.572280     14.264    12.3185  32.036116    27.1145     14.136  276.34086  276.46478    42.4704    10.0837 0.0000e+00
 125.572283     14.293    12.3188  32.036117    27.1145     14.165  276.33962  276.46356    47.3731    10.4719 0.0000e+00
 125.572286     14.328    12.3190  32.035133    27.1134     14.199  276.34016  276.46413    47.2331    10.4113 0.0000e+00
 125.572289     14.353    12.3190  32.034092    27.1125     14.225  276.34237  276.46636    47.1708    10.4840 0.0000e+00
 125.572292     14.379    12.3187  32.032300    27.1118     14.250  276.34690  276.47088    47.2642    10.4477 0.0000e+00
 125.572295     14.404    12.3186  32.032126    27.1110     14.275  276.34755  276.47152    47.0619    10.6134 -9.990e-29
 125.572297     14.422    12.3183  32.030507    27.1096     14.293  276.35207  276.47604    47.2953    10.5447 -9.990e-29
 125.572300     14.441    12.3179  32.029293    27.1088     14.311  276.35618  276.48013    47.2953    10.5609 -9.990e-29
 125.572303     14.461    12.3174  32.026864    27.1068     14.331  276.36280  276.48674    47.3264    10.6054 -9.990e-29
 125.572306     14.483    12.3165  32.025360    27.1042     14.353  276.36932  276.49323    47.4976    10.5204 -9.990e-29
 125.572309     14.510    12.3159  32.022874    27.1039     14.380  276.37668  276.50057    47.6222    10.5083 0.0000e+00
 125.572312     14.548    12.3152  32.021891    27.1039     14.418  276.38165  276.50550    47.7467    10.5204 0.0000e+00
 125.572315     14.583    12.3146  32.021660    27.1037     14.452  276.38461  276.50843    47.4665    10.5245 0.0000e+00
 125.572318     14.614    12.3139  32.020850    27.1036     14.483  276.38926  276.51303    47.6222    10.5083 0.0000e+00
 125.572321     14.643    12.3134  32.020272    27.1034     14.512  276.39253  276.51628    48.8362    10.5487 0.0000e+00
 125.572323     14.676    12.3132  32.018480    27.1019     14.544  276.39675  276.52050    48.8362    10.4881 0.0000e+00
 125.572326     14.702    12.3126  32.015820    27.0999     14.570  276.40443  276.52816    48.8362    10.5083 0.0000e+00
 125.572329     14.731    12.3120  32.014259    27.0988     14.599  276.40980  276.53351    48.9296    10.5245 0.0000e+00
 125.572332     14.756    12.3114  32.013450    27.0986     14.624  276.41412  276.53780    53.0385    10.7914 0.0000e+00
 125.572335     14.782    12.3108  32.012236    27.0985     14.649  276.41887  276.54252    52.8050    10.7914 -9.990e-29
 125.572338     14.802    12.3103  32.012583    27.0984     14.669  276.42046  276.54408    53.0074    10.7145 -9.990e-29
 125.572341     14.820    12.3101  32.009229    27.0954     14.687  276.42750  276.55113    52.8673    10.7833 -9.990e-29
 125.572344     14.839    12.3095  32.010617    27.0971     14.706  276.42752  276.55110    54.8284    11.2604 -9.990e-29
 125.572347     14.862    12.3092  32.010617    27.0986     14.729  276.42911  276.55267    54.9373    11.1998 -9.990e-29
 125.572350     14.892    12.3091  32.011831    27.0983     14.758  276.42725  276.55079    55.0307    11.2038 0.0000e+00
 125.572352     14.919    12.3093  32.011253    27.0979     14.785  276.42737  276.55093    55.0774    11.2402 0.0000e+00
 125.572355     14.948    12.3094  32.010849    27.0974     14.814  276.42780  276.55138    55.5443    11.1876 0.0000e+00
 125.572358     14.979    12.3095  32.009635    27.0962     14.845  276.42971  276.55330    55.3420    11.1189 0.0000e+00
 125.572361     15.006    12.3093  32.009403    27.0962     14.872  276.43109  276.55467    55.3420    11.1755 0.0000e+00
 125.572364     15.032    12.3090  32.009635    27.0962     14.897  276.43195  276.55551    55.3887    11.1553 0.0000e+00
 125.572367     15.059    12.3087  32.009057    27.0964     14.924  276.43428  276.55783    55.5910    11.1189 0.0000e+00
 125.572370     15.088    12.3085  32.007438    27.0962     14.953  276.43818  276.56173    58.3770    11.7537 -9.990e-29
 125.572373     15.110    12.3083  32.007207    27.0948     14.975  276.43956  276.56310    58.3303    11.7659 -9.990e-29
 125.572376     15.128    12.3081  32.006629    27.0943     14.993  276.44125  276.56478    58.6416    11.7376 -9.990e-29
 125.572378     15.145    12.3078  32.004027    27.0921     15.009  276.44756  276.57109    58.4704    11.7376 -9.990e-29
 125.572381     15.167    12.3072  32.003218    27.0918     15.031  276.45156  276.57507    58.8906    11.6527 -9.990e-29
 125.572384     15.189    12.3067  32.001830    27.0901     15.052  276.45662  276.58010    58.8440    11.6527 -9.990e-29
 125.572387     15.218    12.3064  32.000790    27.0896     15.081  276.45979  276.58326    58.5015    11.5960 0.0000e+00
 125.572390     15.245    12.3059  31.999402    27.0891     15.108  276.46421  276.58767    58.6727    11.6365 0.0000e+00
 125.572393     15.280    12.3050  31.998420    27.0891     15.143  276.47012  276.59353    59.5755    11.5597 0.0000e+00
 125.572396     15.311    12.3047  31.998825    27.0894     15.174  276.47099  276.59437    59.6844    11.5152 0.0000e+00
 125.572399     15.347    12.3043  31.998594    27.0895     15.210  276.47301  276.59637    59.5443    11.5597 0.0000e+00
 125.572402     15.373    12.3042  31.998825    27.0896     15.235  276.47324  276.59659    59.6066    11.5152 0.0000e+00
 125.572405     15.400    12.3042  31.998652    27.0896     15.262  276.47357  276.59692    64.1825    11.9114 0.0000e+00
 125.572407     15.426    12.3040  31.995992    27.0885     15.288  276.47936  276.60272    64.0735    11.9559 0.0000e+00
 125.572410     15.451    12.3038  31.995010    27.0873     15.313  276.48210  276.60546    64.0735    11.9317 -9.990e-29
 125.572413     15.474    12.3032  31.994605    27.0865     15.335  276.48538  276.60870    64.1202    11.9478 -9.990e-29
 125.572416     15.492    12.3028  31.993565    27.0858     15.353  276.48917  276.61247    64.1358    11.9802 -9.990e-29
 125.572419     15.512    12.3023  31.993970    27.0866     15.373  276.49066  276.61393    53.0229    10.7752 -9.990e-29
 125.572422     15.534    12.3021  31.993565    27.0863     15.394  276.49236  276.61561    52.9762    10.7711 -9.990e-29
 125.572425     15.559    12.3019  31.994374    27.0885     15.420  276.49185  276.61509    53.0852    10.8116 -9.990e-29
 125.572428     15.586    12.3019  31.995820    27.0892     15.447  276.48894  276.61216    52.9451    10.8197 0.0000e+00
 125.572431     15.616    12.3022  31.997381    27.0896     15.476  276.48486  276.60809    52.2292    10.8884 0.0000e+00
 125.572433     15.647    12.3024  31.997381    27.0898     15.506  276.48394  276.60718    52.0580    10.9167 0.0000e+00
 125.572436     15.676    12.3030  31.998826    27.0905     15.535  276.47881  276.60207    52.0891    10.9572 0.0000e+00
 125.572439     15.707    12.3031  31.999982    27.0910     15.566  276.47610  276.59937    51.8712    10.9127 0.0000e+00
 125.572442     15.736    12.3034  32.000387    27.0915     15.595  276.47413  276.59740    55.2331    11.3575 -9.990e-29
 125.572445     15.761    12.3037  31.998422    27.0896     15.620  276.47644  276.59976    55.4821    11.3494 -9.990e-29
 125.572448     15.785    12.3036  31.999231    27.0904     15.644  276.47531  276.59861    55.2798    11.3453 -9.990e-29
 125.572451     15.809    12.3036  31.999809    27.0910     15.667  276.47428  276.59757    55.3731    11.3777 -9.990e-29
 125.572454     15.827    12.3039  31.999983    27.0909     15.685  276.47271  276.59603    64.6961    12.4533 -9.990e-29
 125.572457     15.849    12.3037  31.999809    27.0909     15.707  276.47399  276.59729    64.6650    12.4614 -9.990e-29
 125.572459     15.874    12.3036  31.998595    27.0898     15.732  276.47652  276.59983    64.9762    12.4533 -9.990e-29
 125.572462     15.894    12.3035  31.995994    27.0837     15.752  276.48188  276.60521    64.7739    12.4493 -9.990e-29
 125.572465     15.922    12.3030  31.991601    27.0829     15.779  276.49207  276.61541    64.4159    12.4897 0.0000e+00
