Processed/SBE19plus_01907321_2022_05_07_Cast62_wfilter.cnv
* Sea-Bird SBE19plus  Data File:
* FileName = E:\Prandtl Daten\2022\CTD\Raw\SBE19plus_01907321_2022_05_07_Cast62.hex
* Software version 2.6.1.12
* Temperature SN = 7321
* Conductivity SN = 7321
* System UpLoad Time = May 07 2022 08:30:30
* <ApplicationData>
* <Seaterm232>
** Messpraktikum 2022
** CTD 07.05 MP2
** NMEA Latitude = 54 04.02 N
** NMEA Longitude = 008 42.14 E
# nquan = 11
# nvalues = 422                         
# units = specified
# name 0 = timeJ: Julian Days
# name 1 = prdM: Pressure, Strain Gauge [db]
# name 2 = tv290C: Temperature [ITS-90, deg C]
# name 3 = c0mS/cm: Conductivity [mS/cm]
# name 4 = sal00: Salinity, Practical [PSU]
# name 5 = depSM: Depth [salt water, m], lat = 54.00
# name 6 = oxsatMm/Kg: Oxygen Saturation, Weiss [umol/kg]
# name 7 = oxsolMm/Kg: Oxygen Saturation, Garcia & Gordon [umol/kg]
# name 8 = turbWETntu0: Turbidity, WET Labs ECO [NTU]
# name 9 = flECO-AFL: Fluorescence, WET Labs ECO-AFL/FL [mg/m^3]
# name 10 = flag:  0.000e+00
# span 0 = 127.350119, 127.351337       
# span 1 =      0.446,     10.251       
# span 2 =    13.2545,    13.6964       
# span 3 =  32.656018,  32.911861       
# span 4 =    26.9307,    27.0266       
# span 5 =      0.442,     10.159       
# span 6 =  268.77713,  271.11645       
# span 7 =  268.98096,  271.29538       
# span 8 =    17.4587,    84.6027       
# span 9 =     9.4044,    15.1302       
# span 10 = 0.0000e+00, 0.0000e+00      
# interval = seconds: 0.25
# start_time = May 07 2022 08:22:40 [Instrument's time stamp, header]
# bad_flag = -9.990e-29
*END*
[from data line 132]
 127.350501      3.327    13.4840  32.776105    26.9701      3.297  269.91824  270.11031    28.6183    10.7307 -9.990e-29
 127.350503      3.345    13.4889  32.779198    26.9694      3.315  269.89158  270.08392    28.6183    10.7307 -9.990e-29
 127.350506      3.369    13.4931  32.780423    26.9675      3.339  269.87156  270.06416    28.4626    10.7226 -9.990e-29
 127.350509      3.392    13.4970  32.779430    26.9587      3.362  269.85659  270.04943    28.5560    10.7469 -9.990e-29
 127.350512      3.423    13.4987  32.775112    26.9580      3.393  269.85674  270.04972    31.9646    11.0461 0.0000e+00
 127.350515      3.451    13.4957  32.771144    26.9572      3.420  269.87612  270.06895    32.0268    11.0785 0.0000e+00
 127.350518      3.478    13.4892  32.757375    26.9548      3.447  269.92796  270.12050    32.0580    11.0178 0.0000e+00
 127.350521      3.511    13.4758  32.753118    26.9521      3.480  269.99286  270.18462    32.0735    11.0461 0.0000e+00
 127.350524      3.539    13.4626  32.752653    26.9548      3.507  270.05033  270.24128    32.0268    11.0380 -9.990e-29
 127.350527      3.564    13.4543  32.749970    26.9671      3.533  270.09049  270.28097    31.7934    10.7348 -9.990e-29
 127.350530      3.590    13.4480  32.748454    26.9702      3.558  270.12048  270.31058    31.8401    10.7307 -9.990e-29
 127.350532      3.614    13.4434  32.746063    26.9712      3.581  270.14442  270.33425    31.7934    10.7307 -9.990e-29
 127.350535      3.630    13.4398  32.744780    26.9726      3.597  270.16204  270.35167    31.8245    10.7064 -9.990e-29
 127.350538      3.643    13.4360  32.740464    26.9713      3.610  270.18549  270.37492    31.8089    10.7954 -9.990e-29
 127.350541      3.663    13.4310  32.739823    26.9742      3.630  270.20831  270.39744    31.7934    10.7994 -9.990e-29
 127.350544      3.683    13.4265  32.731424    26.9711      3.650  270.24222  270.43114    31.7311    10.7954 -9.990e-29
 127.350547      3.708    13.4187  32.726876    26.9742      3.675  270.28370  270.47218    31.7467    10.7873 0.0000e+00
 127.350550      3.739    13.4087  32.725886    26.9773      3.706  270.32854  270.51641    33.2875    10.3304 0.0000e+00
 127.350553      3.772    13.4006  32.721338    26.9773      3.739  270.37097  270.55839    33.2408    10.3344 0.0000e+00
 127.350556      3.800    13.3916  32.709851    26.9780      3.766  270.42972  270.61667    33.2564    10.2940 0.0000e+00
 127.350558      3.833    13.3775  32.702623    26.9780      3.799  270.50289  270.68904    33.3498    10.2859 0.0000e+00
 127.350561      3.862    13.3620  32.693588    26.9808      3.828  270.58547  270.77073    34.5327    10.5245 0.0000e+00
 127.350564      3.888    13.3452  32.693590    26.9867      3.853  270.65788  270.84210    34.4237    10.5124 0.0000e+00
 127.350567      3.915    13.3338  32.692134    26.9926      3.880  270.70949  270.89303    34.5949    10.5326 -9.990e-29
 127.350570      3.935    13.3271  32.693592    27.0054      3.900  270.73595  270.91905    34.5171    10.5245 -9.990e-29
 127.350573      3.955    13.3244  32.691027    27.0050      3.920  270.75233  270.93529    34.5015    10.5204 -9.990e-29
 127.350576      3.972    13.3217  32.689861    27.0058      3.936  270.76599  270.94879    33.9412    10.5002 -9.990e-29
 127.350579      3.990    13.3192  32.688463    27.0063      3.954  270.77911  270.96177    34.0657    10.5245 -9.990e-29
 127.350582      4.012    13.3157  32.684383    27.0105      3.976  270.80125  270.98373    33.9568    10.5366 -9.990e-29
 127.350584      4.039    13.3106  32.686423    27.0108      4.003  270.81978  271.00192    34.0346    10.5083 0.0000e+00
 127.350587      4.065    13.3089  32.685957    27.0110      4.028  270.82784  271.00988    33.3031    10.8520 0.0000e+00
 127.350590      4.096    13.3081  32.685141    27.0112      4.059  270.83272  271.01472    33.3187    10.8722 0.0000e+00
 127.350593      4.125    13.3069  32.684384    27.0111      4.088  270.83940  271.02132    33.2564    10.8480 0.0000e+00
 127.350596      4.156    13.3059  32.683918    27.0112      4.119  270.84462  271.02649    33.3031    10.8520 -9.990e-29
 127.350599      4.179    13.3053  32.683918    27.0118      4.142  270.84716  271.02899    34.7661    10.5043 -9.990e-29
 127.350602      4.209    13.3046  32.683335    27.0118      4.171  270.85101  271.03281    34.7039    10.5487 0.0000e+00
 127.350605      4.234    13.3038  32.683627    27.0118      4.196  270.85399  271.03573    34.7506    10.5164 -9.990e-29
 127.350608      4.256    13.3035  32.683510    27.0127      4.218  270.85546  271.03719    34.8284    10.5245 -9.990e-29
 127.350611      4.278    13.3033  32.682519    27.0120      4.240  270.85812  271.03985    33.3031    10.5083 -9.990e-29
 127.350613      4.293    13.3027  32.681878    27.0118      4.254  270.86175  271.04345    33.3031    10.5366 -9.990e-29
 127.350616      4.313    13.3017  32.681471    27.0122      4.274  270.86719  271.04882    33.2720    10.5245 -9.990e-29
 127.350619      4.334    13.3007  32.681063    27.0125      4.296  270.87200  271.05357    33.3498    10.5366 -9.990e-29
 127.350622      4.360    13.2998  32.681238    27.0133      4.321  270.87580  271.05731    33.2564    10.5245 -9.990e-29
 127.350625      4.385    13.3000  32.681646    27.0138      4.346  270.87417  271.05569    34.2992    10.9652 -9.990e-29
 127.350628      4.416    13.3001  32.682054    27.0134      4.377  270.87286  271.05439    34.1436    10.9935 0.0000e+00
 127.350631      4.447    13.3005  32.681646    27.0135      4.407  270.87201  271.05356    34.1436    11.0057 0.0000e+00
 127.350634      4.474    13.3008  32.682287    27.0131      4.434  270.86966  271.05123    34.3926    10.9814 0.0000e+00
 127.350637      4.502    13.3013  32.682054    27.0129      4.461  270.86788  271.04948    35.2642    10.6094 0.0000e+00
 127.350639      4.531    13.3015  32.681879    27.0127      4.490  270.86725  271.04887    35.2486    10.5932 0.0000e+00
 127.350642      4.562    13.3015  32.682287    27.0126      4.521  270.86657  271.04818    35.3420    10.6094 -9.990e-29
 127.350645      4.584    13.3017  32.680830    27.0115      4.543  270.86815  271.04979    35.3109    10.6215 -9.990e-29
 127.350648      4.605    13.3018  32.680889    27.0115      4.564  270.86775  271.04939    36.6805    10.9895 -9.990e-29
 127.350651      4.626    13.3009  32.679431    27.0107      4.584  270.87405  271.05565    36.7584    10.9652 -9.990e-29
 127.350654      4.640    13.2994  32.678616    27.0111      4.599  270.88207  271.06358    36.7272    10.9733 -9.990e-29
 127.350657      4.657    13.2972  32.677159    27.0113      4.615  270.89403  271.07542    36.7272    10.9733 -9.990e-29
 127.350660      4.675    13.2949  32.675003    27.0127      4.633  270.90783  271.08909    39.9334    11.2928 -9.990e-29
 127.350663      4.704    13.2920  32.674711    27.0135      4.662  270.92093  271.10202    40.0268    11.2766 0.0000e+00
 127.350666      4.731    13.2902  32.675120    27.0144      4.689  270.92811  271.10908    39.7934    11.2604 0.0000e+00
 127.350668      4.761    13.2894  32.674887    27.0144      4.718  270.93200  271.11292    39.9646    11.2847 0.0000e+00
 127.350671      4.794    13.2889  32.673605    27.0147      4.751  270.93611  271.11702    39.7934    11.2685 0.0000e+00
 127.350674      4.821    13.2877  32.673663    27.0148      4.778  270.94138  271.12221    38.7661    11.1068 0.0000e+00
 127.350677      4.850    13.2870  32.674712    27.0155      4.807  270.94242  271.12320    38.7039    11.1068 0.0000e+00
 127.350680      4.879    13.2872  32.674013    27.0162      4.836  270.94302  271.12381    38.6727    11.0987 -9.990e-29
 127.350683      4.902    13.2869  32.672848    27.0146      4.858  270.94630  271.12708    38.7194    11.1068 -9.990e-29
 127.350686      4.925    13.2862  32.672848    27.0151      4.881  270.94946  271.13020    39.9646    11.4505 -9.990e-29
 127.350689      4.945    13.2851  32.669584    27.0128      4.901  270.95951  271.14021    39.8245    11.4222 -9.990e-29
 127.350692      4.958    13.2826  32.669701    27.0147      4.914  270.97033  271.15087    39.9801    11.4464 -9.990e-29
 127.350694      4.978    13.2802  32.667487    27.0144      4.934  270.98454  271.16496    39.9334    11.4181 -9.990e-29
 127.350697      5.002    13.2775  32.667720    27.0165      4.957  270.99580  271.17604    42.3770    11.8751 -9.990e-29
 127.350700      5.025    13.2753  32.667487    27.0181      4.980  271.00565  271.18576    42.4393    11.8508 -9.990e-29
 127.350703      5.053    13.2742  32.666963    27.0185      5.007  271.01129  271.19134    42.5015    11.8670 0.0000e+00
 127.350706      5.084    13.2734  32.667080    27.0183      5.038  271.01457  271.19457    42.4704    11.8589 0.0000e+00
 127.350709      5.117    13.2731  32.666264    27.0184      5.071  271.01758  271.19756    42.7194    11.2604 0.0000e+00
 127.350712      5.146    13.2726  32.666089    27.0184      5.100  271.02010  271.20005    42.7039    11.2159 0.0000e+00
 127.350715      5.173    13.2716  32.666206    27.0184      5.127  271.02400  271.20390    42.6416    11.2281 0.0000e+00
 127.350718      5.204    13.2710  32.664400    27.0187      5.157  271.02997  271.20984    42.7194    11.2321 0.0000e+00
 127.350720      5.229    13.2703  32.664633    27.0183      5.183  271.03242  271.21224    42.6416    11.2240 0.0000e+00
 127.350723      5.255    13.2698  32.665274    27.0187      5.208  271.03353  271.21332    39.2331    11.2442 -9.990e-29
 127.350726      5.273    13.2696  32.664808    27.0193      5.226  271.03529  271.21507    39.2953    11.2483 -9.990e-29
 127.350729      5.294    13.2694  32.665449    27.0200      5.246  271.03483  271.21459    39.1397    11.2119 -9.990e-29
 127.350732      5.308    13.2694  32.664400    27.0191      5.261  271.03665  271.21642    39.3887    11.2159 -9.990e-29
 127.350735      5.327    13.2694  32.665041    27.0197      5.279  271.03587  271.21563    42.1903    11.9600 -9.990e-29
 127.350738      5.348    13.2694  32.663876    27.0177      5.301  271.03758  271.21735    42.2214    11.9317 -9.990e-29
 127.350741      5.373    13.2687  32.662361    27.0184      5.325  271.04335  271.22310    42.2681    11.9317 0.0000e+00
 127.350744      5.407    13.2675  32.663002    27.0191      5.359  271.04762  271.22728    42.0813    11.9438 0.0000e+00
 127.350747      5.433    13.2668  32.662769    27.0194      5.384  271.05118  271.23080    44.6338    11.5637 0.0000e+00
 127.350749      5.466    13.2662  32.663468    27.0199      5.417  271.05220  271.23178    44.5560    11.5475 0.0000e+00
 127.350752      5.497    13.2660  32.663002    27.0204      5.447  271.05397  271.23354    44.4938    11.5475 -9.990e-29
 127.350755      5.520    13.2658  32.663410    27.0207      5.471  271.05422  271.23378    44.6650    11.5516 -9.990e-29
 127.350758      5.544    13.2657  32.662303    27.0197      5.494  271.05678  271.23633    44.6961    11.6810 -9.990e-29
 127.350761      5.570    13.2650  32.662187    27.0201      5.520  271.05983  271.23934    44.8673    11.6810 -9.990e-29
 127.350764      5.590    13.2645  32.662187    27.0204      5.540  271.06204  271.24152    44.8050    11.6810 -9.990e-29
 127.350767      5.606    13.2643  32.661138    27.0196      5.556  271.06481  271.24429    44.6961    11.6850 -9.990e-29
 127.350770      5.625    13.2636  32.660730    27.0197      5.574  271.06835  271.24780    44.8984    11.6850 -9.990e-29
 127.350773      5.643    13.2629  32.659099    27.0187      5.593  271.07433  271.25374    45.3965    12.0085 -9.990e-29
 127.350775      5.669    13.2616  32.658050    27.0191      5.618  271.08182  271.26116    45.2408    11.9883 0.0000e+00
 127.350778      5.698    13.2601  32.657642    27.0194      5.647  271.08915  271.26840    45.1630    11.9802 0.0000e+00
 127.350781      5.729    13.2590  32.658167    27.0206      5.678  271.09298  271.27216    45.3031    12.0085 0.0000e+00
 127.350784      5.756    13.2586  32.658284    27.0210      5.705  271.09437  271.27352    43.8245    11.7537 0.0000e+00
 127.350787      5.795    13.2582  32.658284    27.0210      5.743  271.09628  271.27541    43.9179    11.7537 0.0000e+00
 127.350790      5.827    13.2580  32.657643    27.0209      5.775  271.09804  271.27716    43.8712    11.7537 0.0000e+00
 127.350793      5.853    13.2577  32.657585    27.0209      5.800  271.09942  271.27852    43.8712    11.7659 0.0000e+00
 127.350796      5.880    13.2577  32.657876    27.0209      5.828  271.09924  271.27834    48.5716    11.6810 -9.990e-29
 127.350799      5.900    13.2577  32.658284    27.0216      5.848  271.09824  271.27734    48.6027    11.7012 -9.990e-29
 127.350802      5.920    13.2578  32.658284    27.0215      5.867  271.09794  271.27704    48.5093    11.6890 -9.990e-29
 127.350804      5.938    13.2580  32.658401    27.0215      5.885  271.09712  271.27623    48.5249    11.6931 -9.990e-29
 127.350807      5.955    13.2582  32.657876    27.0209      5.901  271.09709  271.27622    46.7973    12.3441 -9.990e-29
 127.350810      5.971    13.2585  32.657876    27.0206      5.918  271.09553  271.27468    46.8284    12.3239 -9.990e-29
 127.350813      5.998    13.2588  32.658051    27.0206      5.945  271.09430  271.27346    46.8595    12.2996 -9.990e-29
 127.350816      6.020    13.2587  32.658401    27.0204      5.966  271.09402  271.27318    46.7506    12.3118 -9.990e-29
 127.350819      6.046    13.2585  32.657644    27.0206      5.992  271.09597  271.27513    46.8284    12.2996 0.0000e+00
 127.350822      6.073    13.2580  32.657644    27.0207      6.019  271.09819  271.27732    45.6611    12.5059 0.0000e+00
 127.350825      6.104    13.2577  32.657877    27.0207      6.050  271.09907  271.27817    45.5054    12.5220 0.0000e+00
 127.350828      6.133    13.2576  32.657003    27.0204      6.078  271.10123  271.28033    45.5833    12.5180 0.0000e+00
 127.350830      6.161    13.2573  32.656653    27.0204      6.105  271.10311  271.28219    45.4120    12.5140 0.0000e+00
 127.350833      6.186    13.2567  32.657236    27.0208      6.131  271.10463  271.28368    38.9685    11.6769 0.0000e+00
 127.350836      6.215    13.2567  32.657994    27.0212      6.160  271.10366  271.28269    38.9373    11.6931 -9.990e-29
 127.350839      6.239    13.2572  32.657877    27.0214      6.183  271.10136  271.28043    38.8595    11.6688 -9.990e-29
 127.350842      6.261    13.2579  32.660092    27.0230      6.205  271.09472  271.27381    38.8751    11.6688 -9.990e-29
 127.350845      6.281    13.2593  32.661957    27.0237      6.225  271.08553  271.26469    35.4821    11.7133 -9.990e-29
 127.350848      6.297    13.2624  32.665045    27.0243      6.241  271.06668  271.24601    35.4976    11.6890 -9.990e-29
 127.350851      6.319    13.2662  32.668308    27.0246      6.263  271.04470  271.22424    35.5288    11.6850 -9.990e-29
 127.350854      6.341    13.2708  32.669357    27.0206      6.285  271.02277  271.20259    35.5132    11.6729 -9.990e-29
 127.350856      6.372    13.2753  32.670988    27.0194      6.315  271.00078  271.18086    42.8751    12.2592 0.0000e+00
 127.350859      6.401    13.2790  32.671105    27.0181      6.344  270.98455  271.16486    42.6727    12.2592 0.0000e+00
 127.350862      6.429    13.2816  32.670813    27.0159      6.371  270.97374  271.15422    42.6416    12.2592 0.0000e+00
 127.350865      6.463    13.2824  32.670813    27.0159      6.406  270.97030  271.15083    42.6883    12.2309 0.0000e+00
 127.350868      6.494    13.2831  32.673028    27.0169      6.436  270.96336  271.14391    42.6883    12.2511 0.0000e+00
 127.350871      6.524    13.2851  32.674776    27.0170      6.465  270.95187  271.13253    44.6961    11.6850 0.0000e+00
 127.350874      6.549    13.2879  32.674718    27.0171      6.490  270.93971  271.12055    44.8206    11.6648 -9.990e-29
