Processed/SBE19plus_01907321_2022_05_06_Cast53_wfilter.cnv
* Sea-Bird SBE19plus  Data File:
* FileName = E:\Prandtl Daten\2022\CTD\Raw\SBE19plus_01907321_2022_05_06_Cast53.hex
* Software version 2.6.1.12
* Temperature SN = 7321
* Conductivity SN = 7321
* System UpLoad Time = May 06 2022 12:33:35
* <ApplicationData>
* <Seaterm232>
** Messpraktikum 2022
** CTD 06.05 MP1
** NMEA Latitude = 54 04.68 N
** NMEA Longitude = 008 41.76 E
# nquan = 11
# nvalues = 313                         
# units = specified
# name 0 = timeJ: Julian Days
# name 1 = prdM: Pressure, Strain Gauge [db]
# name 2 = tv290C: Temperature [ITS-90, deg C]
# name 3 = c0mS/cm: Conductivity [mS/cm]
# name 4 = sal00: Salinity, Practical [PSU]
# name 5 = depSM: Depth [salt water, m], lat = 54.00
# name 6 = oxsatMm/Kg: Oxygen Saturation, Weiss [umol/kg]
# name 7 = oxsolMm/Kg: Oxygen Saturation, Garcia & Gordon [umol/kg]
# name 8 = turbWETntu0: Turbidity, WET Labs ECO [NTU]
# name 9 = flECO-AFL: Fluorescence, WET Labs ECO-AFL/FL [mg/m^3]
# name 10 = flag:  0.000e+00
# span 0 = 126.520133, 126.521036       
# span 1 =      0.559,      8.642       
# span 2 =    12.0579,    12.6381       
# span 3 =  31.177498,  31.894869       
# span 4 =    26.4970,    26.7642       
# span 5 =      0.554,      8.565       
# span 6 =  275.16962,  279.08197       
# span 7 =  275.31615,  279.19719       
# span 8 =    43.0619,   146.5171       
# span 9 =    12.3563,    19.8693       
# span 10 = 0.0000e+00, 0.0000e+00      
# interval = seconds: 0.25
# start_time = May 06 2022 12:27:50 [Instrument's time stamp, header]
# bad_flag = -9.990e-29
*END*
 126.520133      0.559    12.5938  31.854119    26.7529      0.554  275.42775  275.57178    46.6572    12.3765 0.0000e+00
 126.520136      0.597    12.5975  31.851522    26.7508      0.592  275.41590  275.56020    46.5015    12.3886 0.0000e+00
 126.520139      0.632    12.5991  31.855908    26.7494      0.626  275.40079  275.54515    44.4159    12.3926 0.0000e+00
 126.520142      0.670    12.6012  31.859717    26.7508      0.664  275.38480  275.52926    44.3537    12.3886 -9.990e-29
 126.520145      0.692    12.6043  31.869124    26.7593      0.686  275.35404  275.49861    44.2603    12.3805 -9.990e-29
 126.520148      0.697    12.6100  31.878302    26.7638      0.691  275.31225  275.45711    44.2603    12.3563 -9.990e-29
 126.520150      0.699    12.6173  31.883265    26.7632      0.693  275.27070  275.41599    44.2603    12.4088 -9.990e-29
 126.520153      0.708    12.6235  31.883092    26.7612      0.702  275.24339  275.38909    51.1085    12.9628 -9.990e-29
 126.520156      0.740    12.6275  31.888864    26.7625      0.733  275.21534  275.36124    51.2642    13.0113 0.0000e+00
 126.520159      0.782    12.6318  31.894869    26.7612      0.775  275.18561  275.33173    51.3109    13.0315 0.0000e+00
 126.520162      0.820    12.6360  31.890480    26.7601      0.813  275.17473  275.32117    51.2019    13.0154 0.0000e+00
 126.520165      0.855    12.6375  31.889441    26.7566      0.847  275.16962  275.31618    50.9062    13.3793 -9.990e-29
 126.520168      0.878    12.6373  31.886439    26.7468      0.870  275.17595  275.32251    51.1085    13.3874 -9.990e-29
 126.520171      0.913    12.6359  31.879858    26.7443      0.905  275.19405  275.34059    51.0152    13.3955 0.0000e+00
 126.520174      0.944    12.6328  31.872066    26.7468      0.935  275.22194  275.36835    51.0774    13.3955 0.0000e+00
 126.520177      0.971    12.6279  31.874664    26.7447      0.963  275.23892  275.38499    48.0113    13.1528 0.0000e+00
 126.520179      0.999    12.6256  31.874664    26.7476      0.990  275.24941  275.39533    48.1669    13.1326 -9.990e-29
 126.520182      1.017    12.6244  31.869296    26.7452      1.008  275.26440  275.41029    47.9490    13.1245 -9.990e-29
 126.520185      1.037    12.6219  31.860524    26.7387      1.028  275.29087  275.43668    48.0424    13.1852 -9.990e-29
 126.520188      1.061    12.6168  31.855907    26.7381      1.051  275.32231  275.46783    43.2331    12.4412 -9.990e-29
 126.520191      1.079    12.6118  31.855735    26.7415      1.069  275.34486  275.49005    43.0619    12.4654 -9.990e-29
 126.520194      1.101    12.6087  31.855562    26.7435      1.091  275.35884  275.50384    43.0619    12.4209 -9.990e-29
 126.520197      1.126    12.6072  31.858102    26.7469      1.116  275.36131  275.50618    43.2798    12.4776 -9.990e-29
 126.520200      1.148    12.6071  31.861738    26.7508      1.138  275.35514  275.49998    43.2953    12.4533 -9.990e-29
 126.520203      1.179    12.6085  31.863296    26.7517      1.169  275.34603  275.49094    45.5521    12.8294 0.0000e+00
 126.520205      1.211    12.6104  31.866701    26.7523      1.200  275.33140  275.47640    45.6299    12.8172 0.0000e+00
 126.520208      1.253    12.6126  31.868086    26.7526      1.241  275.31911  275.46424    45.5677    12.8374 0.0000e+00
 126.520211      1.283    12.6146  31.872704    26.7551      1.272  275.30199  275.44721    45.4432    12.8374 0.0000e+00
 126.520214      1.314    12.6170  31.874493    26.7551      1.303  275.28834  275.43370    50.4393    13.2984 0.0000e+00
 126.520217      1.340    12.6198  31.884653    26.7551      1.328  275.25753  275.40297    50.4704    13.2903 -9.990e-29
 126.520220      1.365    12.6252  31.890656    26.7642      1.353  275.22271  275.36844    50.7506    13.2620 -9.990e-29
 126.520223      1.387    12.6310  31.894235    26.7635      1.375  275.19063  275.33671    50.4393    13.2216 -9.990e-29
 126.520226      1.406    12.6365  31.892272    26.7578      1.393  275.16970  275.31615    49.8945    13.2216 -9.990e-29
 126.520229      1.422    12.6381  31.885286    26.7543      1.409  275.17486  275.32149    50.0191    13.2135 -9.990e-29
 126.520231      1.449    12.6368  31.888866    26.7545      1.436  275.17421  275.32073    49.9257    13.2297 0.0000e+00
 126.520234      1.479    12.6363  31.888866    26.7543      1.465  275.17645  275.32293    50.0035    13.1933 0.0000e+00
 126.520237      1.506    12.6364  31.881649    26.7482      1.493  275.18902  275.33558    51.2486    13.5451 0.0000e+00
 126.520240      1.534    12.6345  31.880495    26.7482      1.520  275.19935  275.34580    51.1241    13.5006 0.0000e+00
 126.520243      1.564    12.6324  31.879283    26.7485      1.550  275.21106  275.35738    51.3264    13.5046 0.0000e+00
 126.520246      1.590    12.6310  31.878475    26.7488      1.576  275.21887  275.36510    51.3264    13.5329 0.0000e+00
 126.520249      1.618    12.6296  31.877667    26.7488      1.603  275.22636  275.37251    51.0930    13.4885 0.0000e+00
 126.520252      1.648    12.6284  31.874320    26.7473      1.634  275.23775  275.38386    52.0735    13.5046 0.0000e+00
 126.520255      1.674    12.6276  31.874320    26.7473      1.659  275.24158  275.38763    52.0268    13.4966 0.0000e+00
 126.520258      1.705    12.6264  31.874147    26.7477      1.690  275.24730  275.39328    51.9490    13.5168 0.0000e+00
 126.520260      1.734    12.6256  31.872473    26.7480      1.719  275.25380  275.39974    51.9334    13.5410 -9.990e-29
 126.520263      1.756    12.6247  31.872704    26.7479      1.741  275.25753  275.40341    70.0346    15.6639 -9.990e-29
 126.520266      1.780    12.6238  31.869530    26.7455      1.764  275.26702  275.41287    69.9412    15.7327 -9.990e-29
 126.520269      1.798    12.6222  31.858506    26.7364      1.782  275.29369  275.43955    69.8478    15.7570 -9.990e-29
 126.520272      1.823    12.6173  31.846734    26.7290      1.807  275.33695  275.48260    69.7078    15.7125 -9.990e-29
 126.520275      1.847    12.6087  31.833984    26.7312      1.830  275.39786  275.54307    62.1747    15.0574 -9.990e-29
 126.520278      1.874    12.5985  31.834793    26.7296      1.858  275.44218  275.58671    62.2992    15.0493 0.0000e+00
 126.520281      1.900    12.5932  31.827236    26.7279      1.883  275.47921  275.62348    62.5327    15.1019 0.0000e+00
 126.520284      1.927    12.5886  31.796147    26.7023      1.910  275.55546  275.69972    62.2525    15.0776 0.0000e+00
 126.520286      1.956    12.5736  31.762363    26.6872      1.939  275.68300  275.82661    62.5949    15.0574 0.0000e+00
 126.520289      1.989    12.5516  31.751644    26.6872      1.971  275.80081  275.94308    63.1708    15.0978 0.0000e+00
 126.520292      2.020    12.5350  31.770495    26.6920      2.002  275.84114  275.98214    63.2019    15.0331 0.0000e+00
 126.520295      2.051    12.5303  31.740696    26.7042      2.033  275.91589  276.05687    63.1552    15.0251 0.0000e+00
 126.520298      2.084    12.5219  31.743694    26.6920      2.065  275.94807  276.08847    63.1085    15.0412 -9.990e-29
 126.520301      2.104    12.5162  31.740294    26.7016      2.085  275.97994  276.12000    60.6961    15.1181 -9.990e-29
 126.520304      2.122    12.5122  31.695645    26.6629      2.103  276.07790  276.21814    60.6338    15.1019 -9.990e-29
 126.520307      2.141    12.4947  31.694668    26.6744      2.122  276.15828  276.29738    60.6805    15.1544 -9.990e-29
 126.520310      2.161    12.4788  31.695073    26.6860      2.141  276.22885  276.36690    60.7272    15.1019 -9.990e-29
 126.520313      2.183    12.4696  31.695074    26.6962      2.163  276.27023  276.40767    68.2136    15.5507 -9.990e-29
 126.520315      2.216    12.4645  31.695074    26.6979      2.196  276.29348  276.43057    68.1980    15.5184 0.0000e+00
 126.520318      2.247    12.4628  31.697436    26.6995      2.227  276.29657  276.43353    68.1358    15.5346 0.0000e+00
 126.520321      2.281    12.4624  31.699222    26.6995      2.261  276.29528  276.43220    68.0735    15.5709 0.0000e+00
 126.520324      2.316    12.4621  31.692253    26.6952      2.295  276.30912  276.44609    68.5405    15.6720 0.0000e+00
 126.520327      2.347    12.4603  31.688279    26.6928      2.326  276.32456  276.46145    68.7739    15.6195 0.0000e+00
 126.520330      2.373    12.4572  31.684939    26.6923      2.351  276.34427  276.48099    68.4315    15.6033 0.0000e+00
 126.520333      2.400    12.4555  31.680966    26.6918      2.379  276.35940  276.49604    68.5093    15.6397 -9.990e-29
 126.520336      2.422    12.4524  31.665131    26.6768      2.400  276.40192  276.53852    68.6961    15.6639 -9.990e-29
 126.520339      2.440    12.4451  31.662944    26.6799      2.418  276.43834  276.57448    63.7155    15.2111 -9.990e-29
 126.520341      2.462    12.4393  31.651431    26.6733      2.440  276.48520  276.62107    63.6533    15.2353 -9.990e-29
 126.520344      2.482    12.4329  31.650683    26.6771      2.460  276.51553  276.65098    63.5443    15.1625 -9.990e-29
 126.520347      2.506    12.4277  31.649475    26.6821      2.483  276.54096  276.67608    63.6066    15.1706 -9.990e-29
 126.520350      2.533    12.4246  31.649648    26.6835      2.510  276.55499  276.68990    66.5638    15.6639 0.0000e+00
 126.520353      2.562    12.4229  31.651433    26.6849      2.539  276.55911  276.69390    66.5482    15.6559 0.0000e+00
 126.520356      2.591    12.4224  31.656039    26.6896      2.568  276.55338  276.68807    66.7973    15.7327 0.0000e+00
 126.520359      2.623    12.4235  31.664502    26.6943      2.599  276.53305  276.66773    66.8128    15.6882 0.0000e+00
 126.520362      2.657    12.4266  31.664329    26.6943      2.633  276.51938  276.65427    74.8751    16.1047 0.0000e+00
 126.520365      2.686    12.4292  31.662544    26.6925      2.662  276.51116  276.64624    74.8595    16.0562 0.0000e+00
 126.520367      2.718    12.4303  31.662371    26.6908      2.693  276.50640  276.64156    74.8284    16.0481 -9.990e-29
 126.520370      2.743    12.4303  31.655002    26.6829      2.719  276.51970  276.65493    74.7039    16.0724 -9.990e-29
 126.520373      2.767    12.4280  31.649073    26.6790      2.742  276.54058  276.67573    83.8245    16.9579 -9.990e-29
 126.520376      2.792    12.4243  31.655406    26.6875      2.767  276.54574  276.68057    83.5599    16.9943 -9.990e-29
 126.520379      2.812    12.4236  31.648498    26.6816      2.787  276.56171  276.69656    83.5599    16.9539 -9.990e-29
 126.520382      2.836    12.4224  31.640152    26.6746      2.811  276.58187  276.71673    83.7778    17.0267 -9.990e-29
 126.520385      2.854    12.4186  31.620815    26.6594      2.829  276.63426  276.76906    83.4821    16.9620 -9.990e-29
 126.520388      2.876    12.4090  31.608906    26.6467      2.850  276.69876  276.83305    96.9140    17.7383 -9.990e-29
 126.520391      2.905    12.3986  31.592108    26.6424      2.879  276.77593  276.90970    96.9607    17.7586 0.0000e+00
 126.520394      2.934    12.3880  31.574739    26.6380      2.908  276.85512  276.98836    97.2408    17.6777 0.0000e+00
 126.520396      2.965    12.3766  31.556396    26.6290      2.939  276.93992  277.07258    97.0696    17.7383 0.0000e+00
 126.520399      2.994    12.3637  31.534494    26.6177      2.968  277.03789  277.16991   120.2292    18.3489 0.0000e+00
 126.520402      3.025    12.3489  31.512252    26.6110      2.998  277.14481  277.27608   120.2292    18.3287 0.0000e+00
 126.520405      3.056    12.3324  31.503577    26.6074      3.029  277.23519  277.36544   120.2447    18.3894 0.0000e+00
 126.520408      3.084    12.3182  31.470316    26.5900      3.056  277.35994  277.48959   120.0424    18.3611 0.0000e+00
 126.520411      3.111    12.3005  31.443786    26.5777      3.083  277.48821  277.61694   126.5949    18.4541 0.0000e+00
 126.520414      3.140    12.2824  31.417264    26.5718      3.112  277.61877  277.74656   126.6105    18.5107 0.0000e+00
 126.520417      3.166    12.2640  31.420022    26.5658      3.137  277.69712  277.82366   126.6416    18.4905 -9.990e-29
 126.520420      3.180    12.2525  31.408429    26.5786      3.152  277.77027  277.89616   126.4393    18.5471 -9.990e-29
 126.520422      3.199    12.2420  31.363503    26.5441      3.170  277.89997  278.02561   126.7506    18.6805 -9.990e-29
 126.520425      3.221    12.2230  31.340219    26.5358      3.192  278.02901  278.15362   126.7817    18.6724 -9.990e-29
 126.520428      3.243    12.2040  31.343146    26.5473      3.214  278.11000  278.23330   126.7350    18.6805 -9.990e-29
 126.520431      3.272    12.1914  31.328697    26.5513      3.243  278.19360  278.31621   126.8128    18.6805 0.0000e+00
 126.520434      3.303    12.1818  31.330017    26.5473      3.273  278.23532  278.35727   126.5949    18.6562 0.0000e+00
 126.520437      3.334    12.1770  31.306570    26.5368      3.304  278.29991  278.42177   123.9490    18.6037 0.0000e+00
 126.520440      3.367    12.1688  31.299750    26.5362      3.337  278.34981  278.47119   123.9179    18.5147 0.0000e+00
 126.520443      3.398    12.1607  31.293102    26.5357      3.367  278.39875  278.51966   123.8556    18.6118 0.0000e+00
 126.520446      3.425    12.1537  31.287028    26.5357      3.394  278.44186  278.56236   124.1669    18.5349 0.0000e+00
 126.520448      3.458    12.1476  31.290525    26.5387      3.427  278.46331  278.58336   121.5366    17.9526 0.0000e+00
 126.520451      3.489    12.1452  31.291499    26.5425      3.458  278.47242  278.59230   121.6144    17.9607 -9.990e-29
 126.520454      3.513    12.1453  31.270412    26.5253      3.481  278.51070  278.63081   121.6144    18.0052 -9.990e-29
 126.520457      3.529    12.1408  31.256949    26.5159      3.497  278.55614  278.67608   121.5521    17.9607 -9.990e-29
 126.520460      3.549    12.1330  31.262220    26.5263      3.517  278.58202  278.70138   119.6844    18.1953 -9.990e-29
 126.520463      3.564    12.1279  31.247212    26.5158      3.532  278.63255  278.75173   119.7155    18.1548 -9.990e-29
 126.520466      3.589    12.1209  31.241142    26.5192      3.557  278.67569  278.79446   119.6066    18.2074 -9.990e-29
 126.520469      3.618    12.1135  31.239997    26.5207      3.586  278.71173  278.83001   119.5910    18.1265 0.0000e+00
 126.520472      3.650    12.1089  31.239597    26.5221      3.617  278.73360  278.85157   115.8401    18.4217 0.0000e+00
 126.520475      3.681    12.1069  31.239998    26.5225      3.648  278.74217  278.86000   115.9179    18.5430 0.0000e+00
 126.520477      3.712    12.1057  31.237650    26.5227      3.678  278.75161  278.86939   115.9646    18.5349 0.0000e+00
 126.520480      3.741    12.1041  31.236676    26.5225      3.707  278.76078  278.87846   115.9646    18.5147 0.0000e+00
 126.520483      3.772    12.1025  31.235130    26.5227      3.738  278.77099  278.88858   116.0735    18.4864 0.0000e+00
 126.520486      3.799    12.1013  31.235875    26.5240      3.765  278.77541  278.89290   113.9412    18.5228 0.0000e+00
 126.520489      3.827    12.1007  31.238223    26.5253      3.792  278.77368  278.89111   113.7233    18.4824 0.0000e+00
 126.520492      3.854    12.1016  31.237823    26.5266      3.820  278.77027  278.88777   113.8634    18.4985 -9.990e-29
 126.520495      3.872    12.1025  31.235875    26.5231      3.838  278.77002  278.88759   113.9568    18.5026 -9.990e-29
 126.520498      3.891    12.1017  31.236505    26.5242      3.856  278.77239  278.88991   113.0385    18.6482 -9.990e-29
 126.520501      3.909    12.1006  31.235876    26.5244      3.874  278.77836  278.89581   113.1786    18.6482 -9.990e-29
 126.520503      3.933    12.0997  31.235303    26.5254      3.897  278.78391  278.90129   113.2564    18.6886 -9.990e-29
 126.520506      3.958    12.0990  31.235704    26.5256      3.923  278.78639  278.90372   113.1630    18.6562 0.0000e+00
 126.520509      3.989    12.0990  31.236105    26.5254      3.954  278.78535  278.90269   108.5249    18.2317 0.0000e+00
