Processed/SBE19plus_01907321_2022_05_06_Cast41_wfilter.cnv
* Sea-Bird SBE19plus  Data File:
* FileName = E:\Prandtl Daten\2022\CTD\Raw\SBE19plus_01907321_2022_05_06_Cast41.hex
* Software version 2.6.1.12
* Temperature SN = 7321
* Conductivity SN = 7321
* System UpLoad Time = May 06 2022 08:29:23
* <ApplicationData>
* <Seaterm232>
** Messpraktikum 2022
** CTD 06.05 BW2
** NMEA Latitude = 54 07.81 N
** NMEA Longitude = 008 44.917 E
# nquan = 11
# nvalues = 617                         
# units = specified
# name 0 = timeJ: Julian Days
# name 1 = prdM: Pressure, Strain Gauge [db]
# name 2 = tv290C: Temperature [ITS-90, deg C]
# name 3 = c0mS/cm: Conductivity [mS/cm]
# name 4 = sal00: Salinity, Practical [PSU]
# name 5 = depSM: Depth [salt water, m], lat = 54.00
# name 6 = oxsatMm/Kg: Oxygen Saturation, Weiss [umol/kg]
# name 7 = oxsolMm/Kg: Oxygen Saturation, Garcia & Gordon [umol/kg]
# name 8 = turbWETntu0: Turbidity, WET Labs ECO [NTU]
# name 9 = flECO-AFL: Fluorescence, WET Labs ECO-AFL/FL [mg/m^3]
# name 10 = flag:  0.000e+00
# span 0 = 126.347630, 126.349413       
# span 1 =      0.627,     15.301       
# span 2 =    12.7000,    12.7245       
# span 3 =  32.217966,  32.241007       
# span 4 =    27.0088,    27.0224       
# span 5 =      0.621,     15.163       
# span 6 =  274.16887,  274.30798       
# span 7 =  274.31777,  274.45546       
# span 8 =    17.6611,    80.4938       
# span 9 =     7.9204,    14.2446       
# span 10 = 0.0000e+00, 0.0000e+00      
# interval = seconds: 0.25
# start_time = May 06 2022 08:19:19 [Instrument's time stamp, header]
# bad_flag = -9.990e-29
*END*
 126.347630      0.627    12.7122  32.228218    27.0156      0.621  274.23503  274.38319    21.1786     9.4246 -9.990e-29
 126.347633      0.632    12.7139  32.226595    27.0128      0.627  274.23034  274.37863    21.0696     9.0243 -9.990e-29
 126.347636      0.634    12.7143  32.226189    27.0122      0.628  274.22949  274.37780    20.9296     9.0607 -9.990e-29
 126.347639      0.639    12.7138  32.226015    27.0124      0.634  274.23201  274.38029    20.8206     9.0607 -9.990e-29
 126.347642      0.649    12.7135  32.226015    27.0126      0.643  274.23327  274.38154    21.0852     9.0243 -9.990e-29
 126.347645      0.671    12.7133  32.224392    27.0100      0.665  274.23712  274.38539    20.5249     9.2224 -9.990e-29
 126.347648      0.700    12.7127  32.222595    27.0108      0.694  274.24317  274.39141    20.5405     9.2265 0.0000e+00
 126.347650      0.744    12.7115  32.223407    27.0116      0.737  274.24680  274.39497    20.5560     9.2022 0.0000e+00
 126.347653      0.782    12.7107  32.223002    27.0117      0.775  274.25134  274.39945    20.5405     9.2224 0.0000e+00
 126.347656      0.811    12.7098  32.223176    27.0118      0.804  274.25483  274.40289    19.0619     8.4420 -9.990e-29
 126.347659      0.826    12.7093  32.222190    27.0120      0.819  274.25880  274.40683    19.1241     8.3814 -9.990e-29
 126.347662      0.843    12.7097  32.224219    27.0135      0.835  274.25332  274.40136    18.9218     8.3814 -9.990e-29
 126.347665      0.872    12.7101  32.224393    27.0132      0.864  274.25145  274.39951    19.0619     8.3935 0.0000e+00
 126.347668      0.905    12.7104  32.223988    27.0132      0.896  274.25093  274.39901    18.9840     8.4097 0.0000e+00
 126.347671      0.932    12.7104  32.222770    27.0129      0.924  274.25311  274.40120    19.9957     8.3975 -9.990e-29
 126.347674      0.954    12.7101  32.224220    27.0133      0.945  274.25181  274.39987    20.0891     8.4541 -9.990e-29
 126.347677      0.957    12.7102  32.223408    27.0125      0.949  274.25294  274.40101    19.8401     8.4380 -9.990e-29
 126.347679      0.966    12.7100  32.223814    27.0129      0.958  274.25285  274.40092    19.9023     8.4097 -9.990e-29
 126.347682      0.981    12.7100  32.223814    27.0129      0.972  274.25286  274.40093    19.7000     8.4177 -9.990e-29
 126.347685      1.012    12.7098  32.223640    27.0131      1.003  274.25414  274.40219    19.4976     8.4258 0.0000e+00
 126.347688      1.047    12.7097  32.223988    27.0133      1.037  274.25418  274.40221    19.4198     8.4137 0.0000e+00
 126.347691      1.083    12.7096  32.224220    27.0134      1.073  274.25410  274.40213    19.4510     8.4339 0.0000e+00
 126.347694      1.116    12.7096  32.224220    27.0136      1.106  274.25412  274.40216    19.4665     8.7210 -9.990e-29
 126.347697      1.141    12.7098  32.224220    27.0134      1.131  274.25319  274.40124    19.6066     8.7251 -9.990e-29
 126.347700      1.167    12.7100  32.224220    27.0132      1.156  274.25226  274.40032    19.4198     8.7453 -9.990e-29
 126.347703      1.185    12.7102  32.224626    27.0135      1.174  274.25061  274.39868    19.5910     8.7574 -9.990e-29
 126.347705      1.209    12.7103  32.224800    27.0136      1.198  274.25000  274.39807    19.2486     8.2034 -9.990e-29
 126.347708      1.236    12.7105  32.224626    27.0132      1.225  274.24938  274.39747    19.4198     8.2075 -9.990e-29
 126.347711      1.258    12.7105  32.224626    27.0132      1.247  274.24939  274.39748    19.4198     8.1670 -9.990e-29
 126.347714      1.278    12.7106  32.225032    27.0136      1.266  274.24837  274.39646    19.2331     8.2196 -9.990e-29
 126.347717      1.296    12.7107  32.224800    27.0133      1.285  274.24848  274.39657    19.2642     8.2236 -9.990e-29
 126.347720      1.315    12.7107  32.225032    27.0134      1.303  274.24776  274.39586    18.8906     8.1953 -9.990e-29
 126.347723      1.335    12.7109  32.225032    27.0133      1.323  274.24683  274.39494    18.7973     8.1428 -9.990e-29
 126.347726      1.353    12.7109  32.225206    27.0134      1.341  274.24653  274.39464    18.8284     8.1832 -9.990e-29
 126.347729      1.382    12.7113  32.226018    27.0139      1.370  274.24353  274.39166    18.8284     8.1832 -9.990e-29
 126.347731      1.406    12.7118  32.227235    27.0146      1.393  274.23918  274.38733    18.4860     8.0619 -9.990e-29
 126.347734      1.442    12.7130  32.228047    27.0143      1.430  274.23240  274.38062    18.5482     8.0255 0.0000e+00
 126.347737      1.477    12.7139  32.228047    27.0143      1.464  274.22863  274.37691    18.5638     8.0053 0.0000e+00
 126.347740      1.506    12.7149  32.228453    27.0139      1.493  274.22351  274.37185    18.4393     7.9972 -9.990e-29
 126.347743      1.530    12.7154  32.228047    27.0128      1.517  274.22172  274.37010    18.5327     7.9568 -9.990e-29
 126.347746      1.552    12.7154  32.227873    27.0127      1.538  274.22236  274.37074    18.4082     7.9649 -9.990e-29
 126.347749      1.561    12.7152  32.227409    27.0124      1.547  274.22414  274.37250    18.4393     7.9366 -9.990e-29
 126.347752      1.579    12.7151  32.228859    27.0138      1.565  274.22189  274.37024    18.4860     7.9568 -9.990e-29
 126.347755      1.600    12.7154  32.228221    27.0129      1.585  274.22146  274.36984    18.3926     7.9851 -9.990e-29
 126.347758      1.621    12.7160  32.229670    27.0142      1.607  274.21638  274.36478    18.1280     7.9446 -9.990e-29
 126.347760      1.649    12.7168  32.230656    27.0142      1.634  274.21118  274.35962    18.2525     7.9446 0.0000e+00
 126.347763      1.675    12.7177  32.231468    27.0143      1.660  274.20596  274.35446    18.4237     7.9568 0.0000e+00
 126.347766      1.702    12.7184  32.232685    27.0146      1.687  274.20035  274.34888    18.2681     7.9932 0.0000e+00
 126.347769      1.731    12.7194  32.232279    27.0149      1.716  274.19667  274.34527    17.7389     7.9204 -9.990e-29
 126.347772      1.755    12.7198  32.232685    27.0139      1.739  274.19439  274.34301    17.8012     7.9770 -9.990e-29
 126.347775      1.786    12.7202  32.232511    27.0135      1.770  274.19314  274.34178    17.6922     7.9689 -9.990e-29
 126.347778      1.811    12.7203  32.232511    27.0133      1.795  274.19253  274.34118    17.6611     7.9285 -9.990e-29
 126.347781      1.839    12.7204  32.232511    27.0134      1.823  274.19191  274.34058    18.4704     8.1266 0.0000e+00
 126.347784      1.864    12.7206  32.232917    27.0134      1.848  274.19058  274.33925    18.3303     8.1064 0.0000e+00
 126.347786      1.894    12.7208  32.233091    27.0135      1.877  274.18934  274.33802    18.3615     8.0781 -9.990e-29
 126.347789      1.906    12.7209  32.232685    27.0130      1.889  274.18944  274.33813    18.4237     8.1064 -9.990e-29
 126.347792      1.923    12.7211  32.232917    27.0131      1.906  274.18841  274.33711    18.0657     8.2641 -9.990e-29
 126.347795      1.939    12.7210  32.232917    27.0132      1.922  274.18873  274.33743    18.0502     8.1913 -9.990e-29
 126.347798      1.960    12.7210  32.232686    27.0126      1.942  274.18916  274.33786    18.1591     8.2034 -9.990e-29
 126.347801      1.987    12.7209  32.232280    27.0130      1.969  274.19021  274.33891    17.9101     8.2358 0.0000e+00
 126.347804      2.016    12.7207  32.232918    27.0134      1.998  274.19005  274.33872    18.3459     8.0659 0.0000e+00
 126.347807      2.047    12.7206  32.233440    27.0139      2.029  274.18977  274.33843    18.2992     8.0336 0.0000e+00
 126.347810      2.074    12.7212  32.233903    27.0139      2.056  274.18644  274.33514    18.3459     7.9932 0.0000e+00
 126.347813      2.102    12.7216  32.233092    27.0139      2.083  274.18601  274.33474    18.3615     8.0376 -9.990e-29
 126.347815      2.125    12.7216  32.233730    27.0142      2.106  274.18489  274.33362    18.1903     8.0174 -9.990e-29
 126.347818      2.153    12.7220  32.234889    27.0142      2.133  274.18096  274.32970    20.0424     8.5107 0.0000e+00
 126.347821      2.180    12.7224  32.235295    27.0142      2.161  274.17836  274.32713    20.0268     8.4744 -9.990e-29
 126.347824      2.200    12.7229  32.235179    27.0139      2.180  274.17669  274.32548    20.0424     8.4744 -9.990e-29
 126.347827      2.217    12.7234  32.235527    27.0138      2.197  274.17387  274.32270    20.1202     8.4865 -9.990e-29
 126.347830      2.235    12.7237  32.235121    27.0132      2.215  274.17334  274.32219    22.4082     8.8666 -9.990e-29
 126.347833      2.253    12.7239  32.236107    27.0140      2.233  274.17066  274.31951    22.3615     8.8140 -9.990e-29
 126.347836      2.275    12.7242  32.236339    27.0140      2.254  274.16900  274.31787    22.5794     8.8585 -9.990e-29
 126.347839      2.296    12.7245  32.235527    27.0114      2.276  274.16887  274.31777    22.5015     8.8423 -9.990e-29
 126.347841      2.326    12.7244  32.233730    27.0117      2.305  274.17271  274.32162    20.8673     8.7048 0.0000e+00
 126.347844      2.355    12.7234  32.233672    27.0116      2.334  274.17694  274.32579    20.6650     8.7291 0.0000e+00
 126.347847      2.384    12.7222  32.232281    27.0116      2.363  274.18479  274.33357    20.7584     8.7372 0.0000e+00
 126.347850      2.415    12.7212  32.231296    27.0116      2.393  274.19129  274.34001    20.7117     8.7372 0.0000e+00
 126.347853      2.446    12.7199  32.230484    27.0115      2.424  274.19843  274.34708    24.2603     8.9636 0.0000e+00
 126.347856      2.475    12.7187  32.229441    27.0116      2.453  274.20535  274.35393    24.1047     9.4367 -9.990e-29
 126.347859      2.499    12.7175  32.229035    27.0119      2.477  274.21145  274.35996    24.2136     9.4489 -9.990e-29
 126.347862      2.522    12.7164  32.229035    27.0127      2.500  274.21620  274.36464    24.2914     9.3801 -9.990e-29
 126.347865      2.540    12.7158  32.228282    27.0124      2.518  274.22039  274.36879    24.4004     9.4327 -9.990e-29
 126.347867      2.555    12.7156  32.228456    27.0127      2.532  274.22104  274.36942    25.0229     9.6591 -9.990e-29
 126.347870      2.572    12.7151  32.226833    27.0116      2.549  274.22614  274.37451    24.7895     9.6672 -9.990e-29
 126.347873      2.588    12.7140  32.223007    27.0088      2.565  274.23767  274.38601    24.9918     9.6753 -9.990e-29
 126.347876      2.613    12.7113  32.221790    27.0121      2.590  274.25184  274.40002    24.7895     9.7198 -9.990e-29
 126.347879      2.639    12.7088  32.222602    27.0129      2.616  274.26147  274.40947    22.9840     9.5136 0.0000e+00
 126.347882      2.665    12.7077  32.223414    27.0129      2.641  274.26509  274.41301    22.9373     9.4934 0.0000e+00
 126.347885      2.700    12.7072  32.222312    27.0129      2.675  274.26896  274.41686    23.2642     9.4812 0.0000e+00
 126.347888      2.727    12.7069  32.221559    27.0127      2.702  274.27190  274.41978    23.0307     9.5136 0.0000e+00
 126.347891      2.758    12.7062  32.221153    27.0125      2.733  274.27579  274.42363    23.3264     9.3195 -9.990e-29
 126.347894      2.783    12.7053  32.218951    27.0112      2.758  274.28351  274.43131    23.2331     9.2831 -9.990e-29
 126.347896      2.809    12.7041  32.219357    27.0124      2.784  274.28817  274.43589    23.2175     9.3114 -9.990e-29
 126.347899      2.833    12.7031  32.218951    27.0127      2.807  274.29332  274.44099    23.2331     9.2831 -9.990e-29
 126.347902      2.851    12.7025  32.219357    27.0135      2.825  274.29514  274.44276    23.2953     9.3195 -9.990e-29
 126.347905      2.869    12.7024  32.219241    27.0135      2.844  274.29599  274.44360    23.6533     9.9948 -9.990e-29
 126.347908      2.887    12.7028  32.221386    27.0152      2.862  274.29030  274.43792    23.6533     9.9948 -9.990e-29
 126.347911      2.904    12.7036  32.220169    27.0135      2.878  274.28900  274.43668    23.6222    10.0312 -9.990e-29
 126.347914      2.928    12.7035  32.218546    27.0120      2.901  274.29221  274.43991    23.7622     9.9786 -9.990e-29
 126.347917      2.951    12.7027  32.217966    27.0133      2.925  274.29704  274.44469    23.6222     9.6268 -9.990e-29
 126.347920      2.979    12.7017  32.218546    27.0135      2.952  274.30045  274.44802    23.7622     9.6227 0.0000e+00
 126.347922      3.013    12.7011  32.218546    27.0137      2.987  274.30300  274.45053    23.7622     9.6147 0.0000e+00
 126.347925      3.044    12.7010  32.218662    27.0138      3.017  274.30344  274.45097    23.5910     9.6349 0.0000e+00
 126.347928      3.075    12.7010  32.218141    27.0139      3.048  274.30407  274.45161    23.7467     9.3276 -9.990e-29
 126.347931      3.097    12.7011  32.217967    27.0132      3.070  274.30408  274.45162    23.7000     9.3276 -9.990e-29
 126.347934      3.127    12.7011  32.218141    27.0133      3.099  274.30379  274.45133    23.6533     9.3195 -9.990e-29
 126.347937      3.150    12.7009  32.218315    27.0136      3.122  274.30444  274.45197    23.5599     9.2912 -9.990e-29
 126.347940      3.171    12.7010  32.218547    27.0138      3.142  274.30373  274.45126    23.0307     9.5176 -9.990e-29
 126.347943      3.183    12.7010  32.218547    27.0138      3.155  274.30374  274.45127    23.1397     9.5621 -9.990e-29
 126.347946      3.202    12.7010  32.218837    27.0140      3.173  274.30324  274.45076    23.3887     9.5581 -9.990e-29
 126.347948      3.218    12.7012  32.218953    27.0139      3.189  274.30178  274.44932    23.3264     9.5419 -9.990e-29
 126.347951      3.241    12.7015  32.219358    27.0141      3.213  274.29981  274.44737    23.1708     9.5176 -9.990e-29
 126.347954      3.265    12.7017  32.219532    27.0137      3.236  274.29889  274.44645    25.5833     9.7279 -9.990e-29
 126.347957      3.296    12.7020  32.219358    27.0138      3.267  274.29764  274.44523    25.5521     9.7683 0.0000e+00
 126.347960      3.324    12.7023  32.219764    27.0137      3.294  274.29567  274.44328    25.6299     9.7521 0.0000e+00
 126.347963      3.353    12.7024  32.219532    27.0136      3.323  274.29579  274.44340    25.5054     9.7360 0.0000e+00
 126.347966      3.380    12.7024  32.219591    27.0136      3.350  274.29570  274.44331    25.4120     9.6551 0.0000e+00
 126.347969      3.409    12.7025  32.219764    27.0136      3.379  274.29510  274.44271    25.5677     9.6753 0.0000e+00
 126.347972      3.439    12.7025  32.218953    27.0137      3.408  274.29656  274.44418    25.4899     9.6268 -9.990e-29
 126.347975      3.463    12.7027  32.219533    27.0134      3.432  274.29460  274.44223    25.4743     9.6308 -9.990e-29
 126.347977      3.481    12.7027  32.219765    27.0135      3.450  274.29388  274.44151    23.6222     9.5540 -9.990e-29
 126.347980      3.503    12.7027  32.220171    27.0139      3.471  274.29317  274.44080    23.8712     9.5540 -9.990e-29
 126.347983      3.516    12.7029  32.220171    27.0138      3.484  274.29255  274.44019    23.8245     9.5459 -9.990e-29
 126.347986      3.534    12.7034  32.219417    27.0127      3.502  274.29169  274.43937    23.8089     9.5257 -9.990e-29
 126.347989      3.554    12.7034  32.220576    27.0135      3.522  274.28965  274.43731    23.8245     9.7724 -9.990e-29
 126.347992      3.581    12.7035  32.220345    27.0136      3.549  274.28976  274.43744    23.5910     9.7521 0.0000e+00
 126.347995      3.609    12.7036  32.220577    27.0135      3.576  274.28873  274.43642    23.6533     9.7521 0.0000e+00
 126.347998      3.638    12.7035  32.219533    27.0135      3.605  274.29092  274.43861    24.0113     9.7683 0.0000e+00
 126.348001      3.671    12.7035  32.220345    27.0131      3.638  274.28982  274.43749    23.7311     9.7805 0.0000e+00
 126.348003      3.696    12.7034  32.219939    27.0133      3.663  274.29087  274.43855    24.0268     9.4327 0.0000e+00
 126.348006      3.724    12.7032  32.219244    27.0131      3.691  274.29307  274.44074    24.0580     9.4408 -9.990e-29
