Processed/SBE19plus_01907321_2022_05_05_Cast32_wfilter.cnv
* Sea-Bird SBE19plus  Data File:
* FileName = E:\Prandtl Daten\2022\CTD\Raw\SBE19plus_01907321_2022_05_05_Cast32.hex
* Software version 2.6.1.12
* Temperature SN = 7321
* Conductivity SN = 7321
* System UpLoad Time = May 05 2022 11:38:24
* <ApplicationData>
* <Seaterm232>
** Messpraktikum 2022
** CTD 05.05 Schnitt5_2
# nquan = 11
# nvalues = 289                         
# units = specified
# name 0 = timeJ: Julian Days
# name 1 = prdM: Pressure, Strain Gauge [db]
# name 2 = tv290C: Temperature [ITS-90, deg C]
# name 3 = c0mS/cm: Conductivity [mS/cm]
# name 4 = sal00: Salinity, Practical [PSU]
# name 5 = depSM: Depth [salt water, m], lat = 54.00
# name 6 = oxsatMm/Kg: Oxygen Saturation, Weiss [umol/kg]
# name 7 = oxsolMm/Kg: Oxygen Saturation, Garcia & Gordon [umol/kg]
# name 8 = turbWETntu0: Turbidity, WET Labs ECO [NTU]
# name 9 = flECO-AFL: Fluorescence, WET Labs ECO-AFL/FL [mg/m^3]
# name 10 = flag:  0.000e+00
# span 0 = 125.480495, 125.481328       
# span 1 =      0.615,      7.865       
# span 2 =    11.8858,    11.9196       
# span 3 =  32.809734,  32.858820       
# span 4 =    28.1631,    28.1943       
# span 5 =      0.610,      7.795       
# span 6 =  276.60832,  276.83794       
# span 7 =  276.69551,  276.92349       
# span 8 =     6.7039,    42.3615       
# span 9 =     2.5828,     5.6357       
# span 10 = 0.0000e+00, 0.0000e+00      
# interval = seconds: 0.25
# start_time = May 05 2022 11:30:28 [Instrument's time stamp, header]
# bad_flag = -9.990e-29
*END*
[from data line 263]
 125.481256      7.333    11.8891  32.811600    28.1658      7.268  276.83510  276.92065    22.3303     5.0332 0.0000e+00
 125.481259      7.377    11.8892  32.812009    28.1655      7.311  276.83407  276.91962    22.3303     5.0898 0.0000e+00
 125.481262      7.412    11.8893  32.810959    28.1649      7.346  276.83542  276.92099    22.5171     5.0049 0.0000e+00
 125.481264      7.447    11.8894  32.811251    28.1648      7.380  276.83459  276.92016    22.5327     4.9847 0.0000e+00
 125.481267      7.474    11.8893  32.812010    28.1649      7.407  276.83352  276.91908    22.3926     4.9726 -9.990e-29
 125.481270      7.496    11.8894  32.811601    28.1652      7.429  276.83398  276.91955    22.5327     4.9766 -9.990e-29
 125.481273      7.501    11.8893  32.812418    28.1661      7.434  276.83309  276.91864    17.9568     4.6976 -9.990e-29
 125.481276      7.501    11.8892  32.812418    28.1661      7.434  276.83340  276.91894    17.8012     4.6814 -9.990e-29
 125.481279      7.497    11.8891  32.812827    28.1666      7.430  276.83295  276.91849    17.8323     4.6976 -9.990e-29
 125.481282      7.486    11.8892  32.812010    28.1657      7.419  276.83415  276.91969    17.7856     4.6976 -9.990e-29
 125.481285      7.472    11.8894  32.814286    28.1677      7.405  276.82900  276.91454    17.8945     4.6733 -9.990e-29
 125.481288      7.464    11.8892  32.811601    28.1654      7.397  276.83488  276.92044    16.5560     4.3781 -9.990e-29
 125.481291      7.468    11.8890  32.814286    28.1680      7.401  276.83055  276.91606    16.6338     4.3822 -9.990e-29
 125.481293      7.484    11.8890  32.814812    28.1684      7.417  276.82959  276.91509    16.5716     4.3943 -9.990e-29
 125.481296      7.517    11.8892  32.814870    28.1684      7.450  276.82888  276.91440    16.5560     4.3781 0.0000e+00
 125.481299      7.563    11.8890  32.814695    28.1684      7.495  276.82986  276.91537    17.0852     4.4995 0.0000e+00
 125.481302      7.625    11.8892  32.815396    28.1689      7.557  276.82799  276.91350    17.2097     4.4873 0.0000e+00
 125.481305      7.689    11.8891  32.815513    28.1689      7.620  276.82813  276.91363    17.1163     4.5197 0.0000e+00
 125.481308      7.751    11.8890  32.813820    28.1683      7.681  276.83161  276.91712    17.0852     4.4873 0.0000e+00
 125.481311      7.838    11.8892  32.813003    28.1675      7.768  276.83256  276.91810    26.9218     5.3486 -9.990e-29
 125.481314      7.856    11.8894  32.813003    28.1664      7.786  276.83164  276.91720    26.8906     5.3931 -9.990e-29
 125.481317      7.849    11.8895  32.812828    28.1662      7.779  276.83165  276.91721    26.9218     5.3931 -9.990e-29
 125.481319      7.854    11.8897  32.812011    28.1652      7.784  276.83224  276.91782    26.9062     5.3446 -9.990e-29
 125.481322      7.856    11.8898  32.810843    28.1640      7.786  276.83378  276.91939    41.5833     5.3365 -9.990e-29
 125.481325      7.864    11.8897  32.809734    28.1631      7.793  276.83645  276.92206    42.2992     5.6195 -9.990e-29
 125.481328      7.865    11.8900  32.811369    28.1644      7.795  276.83219  276.91781    42.3615     5.6357 -9.990e-29
