Processed/SBE19plus_01907321_2022_05_09_Cast103_wfilter.cnv
* Sea-Bird SBE19plus  Data File:
* FileName = E:\Prandtl_Daten\2022\CTD\Raw\SBE19plus_01907321_2022_05_09_Cast103.hex
* Software version 2.6.1.12
* Temperature SN = 7321
* Conductivity SN = 7321
* System UpLoad Time = May 09 2022 13:36:02
* <ApplicationData>
* <Seaterm232>
** Messpraktikum 2022
** CTD 09.05  BW2
** NMEA Latitude = 54 07 998N
** NMEA Longitude = 008 45 150E
# nquan = 11
# nvalues = 515                         
# units = specified
# name 0 = timeJ: Julian Days
# name 1 = prdM: Pressure, Strain Gauge [db]
# name 2 = tv290C: Temperature [ITS-90, deg C]
# name 3 = c0mS/cm: Conductivity [mS/cm]
# name 4 = sal00: Salinity, Practical [PSU]
# name 5 = depSM: Depth [salt water, m], lat = 54.00
# name 6 = oxsatMm/Kg: Oxygen Saturation, Weiss [umol/kg]
# name 7 = oxsolMm/Kg: Oxygen Saturation, Garcia & Gordon [umol/kg]
# name 8 = turbWETntu0: Turbidity, WET Labs ECO [NTU]
# name 9 = flECO-AFL: Fluorescence, WET Labs ECO-AFL/FL [mg/m^3]
# name 10 = flag:  0.000e+00
# span 0 = 129.561861, 129.563348       
# span 1 =      0.505,     13.671       
# span 2 =    13.2435,    14.3945       
# span 3 =  32.692559,  33.617947       
# span 4 =    26.8875,    27.1504       
# span 5 =      0.500,     13.548       
# span 6 =  264.67306,  271.09678       
# span 7 =  264.91227,  271.27470       
# span 8 =    -1.7164,    14.0502       
# span 9 =     1.0866,     5.5144       
# span 10 = 0.0000e+00, 0.0000e+00      
# interval = seconds: 0.25
# start_time = May 09 2022 13:27:29 [Instrument's time stamp, header]
# bad_flag = -9.990e-29
*END*
 129.561861      0.505    14.3721  33.604334    27.0942      0.500  264.78366  265.02170    -1.1560     1.1109 -9.990e-29
 129.561863      0.525    14.3749  33.605395    27.0944      0.520  264.77006  265.00825    -1.1094     1.1554 -9.990e-29
 129.561866      0.559    14.3780  33.609166    27.0943      0.554  264.75142  264.98976    -1.0782     1.0866 0.0000e+00
 129.561869      0.596    14.3814  33.611582    27.0943      0.591  264.73312  264.97163    -1.1405     1.1877 0.0000e+00
 129.561872      0.627    14.3848  33.613468    27.0941      0.621  264.71630  264.95499    -1.0315     1.1473 -9.990e-29
 129.561875      0.651    14.3876  33.616650    27.0933      0.645  264.69924  264.93808    -1.1249     1.1877 -9.990e-29
 129.561878      0.676    14.3908  33.617947    27.0919      0.670  264.68401  264.92302    -1.2339     1.1715 0.0000e+00
 129.561881      0.704    14.3935  33.616886    27.0919      0.697  264.67450  264.91367    -1.3428     1.2282 0.0000e+00
 129.561884      0.731    14.3945  33.614351    27.0904      0.724  264.67459  264.91383    -1.3895     1.2322 -9.990e-29
 129.561887      0.749    14.3942  33.616061    27.0892      0.743  264.67306  264.91227    -1.4985     1.2322 -9.990e-29
 129.561889      0.762    14.3940  33.614528    27.0879      0.755  264.67619  264.91541    -1.3428     1.2160 -9.990e-29
 129.561892      0.780    14.3937  33.614646    27.0869      0.773  264.67758  264.91677    -1.2961     1.2645 -9.990e-29
 129.561895      0.806    14.3927  33.612407    27.0861      0.799  264.68499  264.92415    -1.7164     1.2484 0.0000e+00
 129.561898      0.837    14.3912  33.609401    27.0867      0.830  264.69648  264.93557    -1.5763     1.2322 0.0000e+00
 129.561901      0.864    14.3890  33.609225    27.0866      0.857  264.70585  264.94482    -1.6852     1.2443 0.0000e+00
 129.561904      0.897    14.3869  33.607575    27.0867      0.889  264.71701  264.95587    -1.5763     1.2767 0.0000e+00
 129.561907      0.928    14.3854  33.608813    27.0888      0.920  264.72157  264.96033    -1.5452     1.2726 0.0000e+00
 129.561910      0.959    14.3850  33.608754    27.0888      0.951  264.72325  264.96199    -1.6230     1.3212 0.0000e+00
 129.561913      0.987    14.3848  33.604806    27.0856      0.978  264.73064  264.96940    -1.6074     1.2848 0.0000e+00
 129.561916      1.020    14.3834  33.602744    27.0847      1.010  264.73966  264.97835    -1.7164     1.3090 0.0000e+00
 129.561918      1.050    14.3816  33.597794    27.0832      1.041  264.75525  264.99388    -1.4673     1.3575 0.0000e+00
 129.561921      1.076    14.3774  33.579294    27.0816      1.067  264.80266  265.04119    -1.2183     1.3980 -9.990e-29
 129.561924      1.096    14.3671  33.567042    27.0642      1.086  264.86553  265.10356    -1.3739     1.3939 -9.990e-29
 129.561927      1.114    14.3532  33.542778    27.0522      1.104  264.96275  265.20016    -1.3273     1.3818 -9.990e-29
 129.561930      1.138    14.3315  33.498449    27.0278      1.128  265.12570  265.36220    -1.3895     1.6325 -9.990e-29
 129.561933      1.160    14.2992  33.493568    27.0460      1.150  265.26804  265.50273    -1.4985     1.6123 -9.990e-29
 129.561936      1.182    14.2736  33.472856    27.0453      1.171  265.40846  265.64184    -1.4673     1.6204 -9.990e-29
 129.561939      1.205    14.2515  33.464445    27.0465      1.195  265.51464  265.74681    -1.3117     1.6083 -9.990e-29
 129.561942      1.231    14.2351  33.444093    27.0402      1.220  265.61667  265.84804    -1.4362     1.6123 0.0000e+00
 129.561944      1.266    14.2148  33.414220    27.0465      1.254  265.75038  265.98081    -1.1094     1.5436 0.0000e+00
 129.561947      1.298    14.1896  33.418574    27.0339      1.287  265.84847  266.07741    -1.0938     1.5436 0.0000e+00
 129.561950      1.329    14.1736  33.381774    27.0336      1.317  265.97616  266.20445    -1.2027     1.5759 0.0000e+00
 129.561953      1.359    14.1507  33.338175    27.0221      1.346  266.14400  266.37130    -1.1249     1.5233 0.0000e+00
 129.561956      1.390    14.1086  33.196836    27.0105      1.377  266.55428  266.78021    -0.9537     1.8590 -9.990e-29
 129.561959      1.412    14.0231  33.209515    26.9842      1.399  266.89315  267.11400    -0.9381     1.8549 -9.990e-29
 129.561962      1.433    13.9492  33.044740    26.8875      1.421  267.47913  267.69693    -0.8759     1.8994 -9.990e-29
 129.561965      1.457    13.8454  33.047620    26.9628      1.444  267.91450  268.12613    -0.8448     1.8792 -9.990e-29
 129.561968      1.475    13.7703  33.078838    27.0437      1.462  268.18048  268.38739    -1.2494     1.6123 -9.990e-29
 129.561970      1.490    13.7480  33.092019    27.0713      1.477  268.25305  268.45851    -1.2027     1.6406 -9.990e-29
 129.561973      1.515    13.7453  33.069529    27.0529      1.502  268.30255  268.50803    -1.0938     1.6204 -9.990e-29
 129.561976      1.537    13.7339  33.037621    27.0561      1.524  268.40465  268.60971    -1.2494     1.6285 -9.990e-29
 129.561979      1.568    13.7166  33.050795    27.0731      1.554  268.45621  268.66012    -0.8915     1.7376 0.0000e+00
 129.561982      1.599    13.7105  33.083472    27.0692      1.585  268.42682  268.63010    -0.9693     1.7336 0.0000e+00
 129.561985      1.632    13.7218  33.069356    27.0692      1.618  268.40267  268.60674    -0.9537     1.7579 0.0000e+00
 129.561988      1.663    13.7275  33.046638    27.0446      1.649  268.41684  268.62143    -0.8603     1.7700 0.0000e+00
 129.561991      1.691    13.7209  33.018601    27.0238      1.676  268.49207  268.69650    -0.8136     1.7417 0.0000e+00
 129.561994      1.724    13.7030  32.995664    27.0157      1.708  268.60709  268.81064    -0.3934     2.0247 0.0000e+00
 129.561997      1.753    13.6763  32.964546    27.0110      1.737  268.77339  268.97557    -0.4245     2.0086 0.0000e+00
 129.561999      1.778    13.6438  32.948819    27.0062      1.763  268.93887  269.13922    -0.4557     2.0005 -9.990e-29
 129.562002      1.802    13.6166  32.940460    27.0265      1.786  269.06927  269.26804    -0.4245     2.0369 -9.990e-29
 129.562005      1.824    13.5958  32.929704    27.0314      1.808  269.17642  269.37402    -0.8759     1.9762 -9.990e-29
 129.562008      1.848    13.5773  32.921347    27.0368      1.831  269.26946  269.46601    -1.0315     2.0409 -9.990e-29
 129.562011      1.870    13.5619  32.937367    27.0622      1.853  269.30820  269.50367    -0.9848     2.0328 -9.990e-29
 129.562014      1.899    13.5601  32.960407    27.0844      1.882  269.27690  269.47206    -0.9848     2.0288 -9.990e-29
 129.562017      1.924    13.5716  32.961634    27.0838      1.907  269.22556  269.42142    -0.8759     1.5516 -9.990e-29
 129.562020      1.954    13.5831  32.977601    27.0926      1.936  269.14950  269.34593    -0.8915     1.5719 0.0000e+00
 129.562023      1.981    13.5975  33.008374    27.1015      1.963  269.03549  269.23254    -0.8759     1.5597 0.0000e+00
 129.562025      2.010    13.6240  33.061990    27.1315      1.992  268.83173  269.02994    -1.0471     1.5597 0.0000e+00
 129.562028      2.039    13.6633  33.098473    27.1368      2.021  268.60267  268.80296    -0.8292     1.7174 0.0000e+00
 129.562031      2.065    13.7083  33.148569    27.1436      2.046  268.32700  268.52960    -0.9693     1.7255 0.0000e+00
 129.562034      2.092    13.7612  33.180046    27.1504      2.073  268.04914  268.25469    -0.9381     1.7781 -9.990e-29
 129.562037      2.114    13.8097  33.181565    27.1086      2.095  267.84145  268.04988    -0.9226     1.7498 -9.990e-29
 129.562040      2.140    13.8415  33.210123    27.1120      2.120  267.65886  267.86897    -0.9226     1.7821 -9.990e-29
 129.562043      2.156    13.8717  33.233058    27.1114      2.137  267.49267  267.70440    -0.9070     1.8104 -9.990e-29
 129.562046      2.178    13.9005  33.216921    27.0766      2.159  267.39811  267.61168    -0.8759     1.8064 -9.990e-29
 129.562049      2.205    13.9119  33.209705    27.0621      2.186  267.36223  267.57653    -1.0160     1.8307 -9.990e-29
 129.562052      2.229    13.9123  33.201259    27.0404      2.209  267.37447  267.58886    -0.8448     1.8023 -9.990e-29
 129.562054      2.258    13.9074  33.182259    27.0458      2.238  267.42693  267.64118    -0.3311     2.0854 0.0000e+00
 129.562057      2.290    13.8948  33.184312    27.0404      2.269  267.47682  267.69031    -0.4868     2.1420 0.0000e+00
 129.562060      2.322    13.8852  33.158809    27.0484      2.302  267.56026  267.77338    -0.3934     2.1824 0.0000e+00
 129.562063      2.352    13.8702  33.162152    27.0437      2.331  267.61804  267.83024    -0.4868     2.1258 0.0000e+00
 129.562066      2.383    13.8594  33.148554    27.0437      2.361  267.68662  267.89828     0.0424     2.4089 0.0000e+00
 129.562069      2.410    13.8479  33.120366    27.0263      2.388  267.78217  267.99338     0.0268     2.4251 0.0000e+00
 129.562072      2.443    13.8220  33.028308    26.9939      2.421  268.04648  268.25688    -0.0043     2.3806 0.0000e+00
 129.562075      2.470    13.7635  33.038265    26.9614      2.448  268.27856  268.48538    -0.0043     2.4372 -9.990e-29
 129.562078      2.492    13.7246  33.039030    27.0395      2.470  268.44273  268.64721     0.2603     2.4372 -9.990e-29
 129.562080      2.509    13.7060  32.997773    27.0152      2.486  268.59114  268.79485     0.1047     2.4736 -9.990e-29
 129.562083      2.531    13.6774  32.958115    26.9994      2.508  268.78034  268.98264    -0.0510     2.4898 -9.990e-29
 129.562086      2.551    13.6384  32.913276    26.9862      2.528  269.02279  269.22310     0.0268     2.5181 -9.990e-29
 129.562089      2.575    13.5923  32.901533    27.0251      2.552  269.23979  269.43741     0.0268     2.4372 -9.990e-29
 129.562092      2.602    13.5549  32.891369    27.0256      2.579  269.41702  269.61245     0.1047     2.6070 0.0000e+00
 129.562095      2.629    13.5275  32.871272    27.0251      2.606  269.56876  269.76268     0.1513     2.5828 0.0000e+00
 129.562098      2.657    13.5029  32.842595    27.0262      2.633  269.72293  269.91559     0.1513     2.6273 0.0000e+00
 129.562101      2.689    13.4754  32.841955    27.0309      2.665  269.84221  270.03320     0.0891     2.6030 0.0000e+00
 129.562104      2.717    13.4553  32.820468    27.0363      2.692  269.96536  270.15529     0.7272     2.8011 0.0000e+00
 129.562106      2.746    13.4353  32.817727    27.0367      2.721  270.05587  270.24460     0.6650     2.8173 0.0000e+00
 129.562109      2.779    13.4203  32.818020    27.0425      2.754  270.12012  270.30792     0.5871     2.7809 -9.990e-29
 129.562112      2.801    13.4125  32.821291    27.0619      2.776  270.14815  270.33544     0.7584     2.7930 -9.990e-29
 129.562115      2.826    13.4092  32.804594    27.0490      2.801  270.19059  270.37782     0.8984     2.4857 -9.990e-29
 129.562118      2.846    13.4012  32.791170    27.0424      2.821  270.24818  270.43503     0.8206     2.5464 -9.990e-29
 129.562121      2.866    13.3877  32.784576    27.0694      2.840  270.31765  270.50372     0.7739     2.5626 -9.990e-29
 129.562124      2.893    13.3761  32.801270    27.0694      2.868  270.33899  270.52419     0.8829     2.5140 0.0000e+00
 129.562127      2.921    13.3772  32.817208    27.0694      2.895  270.30695  270.49208     0.8673     2.5545 -9.990e-29
 129.562130      2.944    13.3880  32.823980    27.0700      2.918  270.24886  270.43461     0.8206     2.5989 -9.990e-29
 129.562133      2.972    13.3997  32.820300    27.0663      2.945  270.20462  270.39113     0.8206     2.5909 0.0000e+00
 129.562135      3.003    13.4057  32.816796    27.0625      2.976  270.18488  270.37179     0.9451     2.5989 0.0000e+00
 129.562138      3.038    13.4067  32.813235    27.0586      3.010  270.18692  270.37392     0.9762     2.6111 0.0000e+00
 129.562141      3.063    13.4057  32.812243    27.0583      3.036  270.19272  270.37967     1.3965     2.7000 0.0000e+00
 129.562144      3.092    13.4037  32.805763    27.0539      3.065  270.21264  270.39952     1.3965     2.7566 0.0000e+00
 129.562147      3.125    13.3987  32.796541    27.0526      3.097  270.24984  270.43649     1.5054     2.7081 0.0000e+00
 129.562150      3.151    13.3911  32.794674    27.0526      3.122  270.28574  270.47193     1.2564     2.7122 0.0000e+00
 129.562153      3.176    13.3850  32.792398    27.0538      3.148  270.31605  270.50189     1.0074     2.5666 0.0000e+00
 129.562156      3.202    13.3802  32.788897    27.0549      3.173  270.34282  270.52839     1.1008     2.5909 -9.990e-29
 129.562159      3.216    13.3760  32.791407    27.0603      3.188  270.35643  270.54172     1.0541     2.5787 -9.990e-29
 129.562161      3.235    13.3749  32.796135    27.0654      3.206  270.35336  270.53853     0.9607     2.5747 -9.990e-29
 129.562164      3.258    13.3771  32.798528    27.0613      3.229  270.33984  270.52513     1.2253     2.6070 -9.990e-29
 129.562167      3.284    13.3798  32.795493    27.0636      3.255  270.33312  270.51861     1.0852     2.5747 0.0000e+00
 129.562170      3.311    13.3811  32.801505    27.0659      3.282  270.31749  270.50300     1.0852     2.5909 0.0000e+00
 129.562173      3.339    13.3843  32.804015    27.0659      3.309  270.29937  270.48506     1.0852     2.6151 0.0000e+00
 129.562176      3.372    13.3878  32.804598    27.0640      3.342  270.28331  270.46922     1.0074     2.4291 0.0000e+00
 129.562179      3.401    13.3906  32.803781    27.0613      3.371  270.27279  270.45888     0.9296     2.4372 0.0000e+00
 129.562182      3.428    13.3916  32.803372    27.0601      3.398  270.26880  270.45495     1.1786     2.4412 0.0000e+00
 129.562185      3.457    13.3919  32.803197    27.0599      3.426  270.26786  270.45403     1.2253     2.4372 0.0000e+00
 129.562187      3.487    13.3919  32.801271    27.0597      3.455  270.27118  270.45737     1.1163     2.4574 -9.990e-29
 129.562190      3.508    13.3909  32.795084    27.0530      3.477  270.28620  270.47238     0.9918     2.4776 -9.990e-29
 129.562193      3.532    13.3876  32.792983    27.0534      3.501  270.30396  270.48996     1.1941     2.4979 -9.990e-29
 129.562196      3.556    13.3840  32.791174    27.0544      3.524  270.32279  270.50858     1.0385     2.5383 -9.990e-29
 129.562199      3.574    13.3805  32.790124    27.0559      3.542  270.33969  270.52527     0.9296     2.5262 -9.990e-29
 129.562202      3.596    13.3780  32.791233    27.0602      3.564  270.34848  270.53390     1.0852     2.6394 -9.990e-29
 129.562205      3.623    13.3768  32.791992    27.0619      3.591  270.35254  270.53787     0.9607     2.6879 0.0000e+00
 129.562208      3.653    13.3769  32.795728    27.0603      3.620  270.34552  270.53083     1.2253     2.6232 0.0000e+00
 129.562211      3.684    13.3788  32.793685    27.0603      3.651  270.34088  270.52632     1.2253     2.5989 0.0000e+00
 129.562214      3.715    13.3794  32.791233    27.0603      3.681  270.34259  270.52809     1.0229     2.6758 0.0000e+00
 129.562216      3.746    13.3789  32.794910    27.0613      3.712  270.33850  270.52394     1.0385     2.6677 0.0000e+00
 129.562219      3.777    13.3795  32.796778    27.0613      3.743  270.33280  270.51826     1.0385     2.6596 0.0000e+00
 129.562222      3.804    13.3813  32.796545    27.0611      3.770  270.32536  270.51093     1.0696     2.6879 0.0000e+00
 129.562225      3.835    13.3826  32.791583    27.0583      3.801  270.32824  270.51393     2.0346     2.7809 0.0000e+00
 129.562228      3.866    13.3810  32.790767    27.0556      3.831  270.33657  270.52218     2.0035     2.7647 -9.990e-29
 129.562231      3.890    13.3787  32.786448    27.0536      3.855  270.35374  270.53924     2.0502     2.8092 -9.990e-29
 129.562234      3.906    13.3752  32.782188    27.0522      3.871  270.37614  270.56146     2.0035     2.7647 -9.990e-29
 129.562237      3.923    13.3708  32.775711    27.0495      3.887  270.40644  270.59154     2.1903     2.7890 -9.990e-29
