Processed/SBE19plus_01907321_2022_05_07_Cast62_wfilter.cnv
* Sea-Bird SBE19plus  Data File:
* FileName = E:\Prandtl Daten\2022\CTD\Raw\SBE19plus_01907321_2022_05_07_Cast62.hex
* Software version 2.6.1.12
* Temperature SN = 7321
* Conductivity SN = 7321
* System UpLoad Time = May 07 2022 08:30:30
* <ApplicationData>
* <Seaterm232>
** Messpraktikum 2022
** CTD 07.05 MP2
** NMEA Latitude = 54 04.02 N
** NMEA Longitude = 008 42.14 E
# nquan = 11
# nvalues = 422                         
# units = specified
# name 0 = timeJ: Julian Days
# name 1 = prdM: Pressure, Strain Gauge [db]
# name 2 = tv290C: Temperature [ITS-90, deg C]
# name 3 = c0mS/cm: Conductivity [mS/cm]
# name 4 = sal00: Salinity, Practical [PSU]
# name 5 = depSM: Depth [salt water, m], lat = 54.00
# name 6 = oxsatMm/Kg: Oxygen Saturation, Weiss [umol/kg]
# name 7 = oxsolMm/Kg: Oxygen Saturation, Garcia & Gordon [umol/kg]
# name 8 = turbWETntu0: Turbidity, WET Labs ECO [NTU]
# name 9 = flECO-AFL: Fluorescence, WET Labs ECO-AFL/FL [mg/m^3]
# name 10 = flag:  0.000e+00
# span 0 = 127.350119, 127.351337       
# span 1 =      0.446,     10.251       
# span 2 =    13.2545,    13.6964       
# span 3 =  32.656018,  32.911861       
# span 4 =    26.9307,    27.0266       
# span 5 =      0.442,     10.159       
# span 6 =  268.77713,  271.11645       
# span 7 =  268.98096,  271.29538       
# span 8 =    17.4587,    84.6027       
# span 9 =     9.4044,    15.1302       
# span 10 = 0.0000e+00, 0.0000e+00      
# interval = seconds: 0.25
# start_time = May 07 2022 08:22:40 [Instrument's time stamp, header]
# bad_flag = -9.990e-29
*END*
[from data line 263]
 127.350880      6.591    13.2911  32.673668    27.0118      6.532  270.92770  271.10875    44.7117    11.6688 -9.990e-29
 127.350883      6.604    13.2907  32.669938    27.0086      6.545  270.93603  271.11708    48.5871    12.2066 -9.990e-29
 127.350885      6.624    13.2868  32.668948    27.0105      6.565  270.95443  271.13525    48.6027    12.2228 -9.990e-29
 127.350888      6.644    13.2831  32.666093    27.0105      6.584  270.97541  271.15603    48.5405    12.2107 -9.990e-29
 127.350891      6.666    13.2786  32.663587    27.0148      6.606  270.99926  271.17961    48.5093    12.2269 -9.990e-29
 127.350894      6.693    13.2739  32.663646    27.0164      6.633  271.01963  271.19969    44.5093    11.9559 0.0000e+00
 127.350897      6.724    13.2707  32.664637    27.0179      6.664  271.03147  271.21133    44.4938    11.9721 0.0000e+00
 127.350900      6.757    13.2701  32.664812    27.0179      6.697  271.03402  271.21383    44.6338    11.9478 0.0000e+00
 127.350903      6.788    13.2703  32.663181    27.0177      6.728  271.03591  271.21575    44.5716    11.9034 0.0000e+00
 127.350906      6.821    13.2699  32.662074    27.0168      6.760  271.03942  271.21924    45.7700    11.2200 -9.990e-29
 127.350909      6.843    13.2679  32.660967    27.0184      6.782  271.05015  271.22986    45.7856    11.2483 -9.990e-29
 127.350911      6.872    13.2657  32.661375    27.0184      6.811  271.05922  271.23879    45.8167    11.2159 0.0000e+00
 127.350914      6.898    13.2642  32.661492    27.0184      6.836  271.06533  271.24480    45.9101    11.2321 -9.990e-29
 127.350917      6.918    13.2638  32.661375    27.0198      6.856  271.06743  271.24688    45.7700    11.2038 -9.990e-29
 127.350920      6.934    13.2638  32.661375    27.0197      6.872  271.06713  271.24658    47.2331    11.8144 -9.990e-29
 127.350923      6.950    13.2635  32.659103    27.0179      6.888  271.07263  271.25208    47.3420    11.8104 -9.990e-29
 127.350926      6.972    13.2628  32.659569    27.0188      6.910  271.07499  271.25439    47.4665    11.8265 -9.990e-29
 127.350929      6.996    13.2615  32.658695    27.0189      6.933  271.08186  271.26119    47.2953    11.8184 -9.990e-29
 127.350932      7.021    13.2604  32.658870    27.0207      6.958  271.08629  271.26556    44.8517    12.1217 -9.990e-29
 127.350935      7.049    13.2594  32.659103    27.0207      6.986  271.09031  271.26951    44.7739    12.1136 0.0000e+00
 127.350938      7.078    13.2590  32.658754    27.0207      7.015  271.09251  271.27169    44.8517    12.1015 0.0000e+00
 127.350940      7.105    13.2587  32.657239    27.0202      7.042  271.09672  271.27588    44.8050    12.1541 0.0000e+00
 127.350943      7.134    13.2583  32.657647    27.0202      7.071  271.09792  271.27706    44.3381    11.4424 0.0000e+00
 127.350946      7.162    13.2577  32.657880    27.0205      7.097  271.10005  271.27915    44.2914    11.4262 0.0000e+00
 127.350949      7.189    13.2572  32.658172    27.0208      7.125  271.10177  271.28083    44.3226    11.4383 -9.990e-29
 127.350952      7.211    13.2572  32.658055    27.0213      7.146  271.10198  271.28105    44.3537    11.4181 -9.990e-29
 127.350955      7.237    13.2572  32.658055    27.0213      7.172  271.10200  271.28106    42.9685    11.4626 -9.990e-29
 127.350958      7.256    13.2574  32.658463    27.0215      7.191  271.10036  271.27944    42.9373    11.8104 -9.990e-29
 127.350961      7.276    13.2573  32.657589    27.0208      7.211  271.10220  271.28128    42.9685    11.8104 -9.990e-29
 127.350964      7.291    13.2573  32.658289    27.0214      7.226  271.10100  271.28007    42.8284    11.8265 -9.990e-29
 127.350966      7.313    13.2573  32.658289    27.0214      7.248  271.10101  271.28009    42.9685    11.7901 -9.990e-29
 127.350969      7.337    13.2568  32.658289    27.0220      7.271  271.10323  271.28227    46.2058    12.1985 -9.990e-29
 127.350972      7.366    13.2566  32.658405    27.0219      7.300  271.10399  271.28302    46.2992    12.1783 0.0000e+00
 127.350975      7.394    13.2566  32.658289    27.0219      7.327  271.10421  271.28324    46.4237    12.1905 0.0000e+00
 127.350978      7.423    13.2565  32.657648    27.0215      7.357  271.10565  271.28468    46.4393    12.1985 0.0000e+00
 127.350981      7.454    13.2566  32.657881    27.0213      7.387  271.10495  271.28399    45.9412    11.8265 0.0000e+00
 127.350984      7.489    13.2564  32.657590    27.0215      7.422  271.10611  271.28513    46.0657    11.8063 0.0000e+00
 127.350987      7.514    13.2563  32.657882    27.0216      7.447  271.10625  271.28526    46.1280    11.8346 0.0000e+00
 127.350990      7.542    13.2561  32.657649    27.0217      7.474  271.10761  271.28662    46.0813    11.8144 0.0000e+00
 127.350992      7.569    13.2559  32.656425    27.0216      7.501  271.11069  271.28969    45.9412    11.6648 -9.990e-29
 127.350995      7.586    13.2556  32.657241    27.0215      7.518  271.11023  271.28921    46.0346    11.6607 -9.990e-29
 127.350998      7.604    13.2554  32.657066    27.0215      7.536  271.11149  271.29046    46.0346    11.6931 -9.990e-29
 127.351001      7.620    13.2553  32.656833    27.0214      7.552  271.11253  271.29149    46.0969    11.6446 -9.990e-29
 127.351004      7.640    13.2553  32.657183    27.0217      7.572  271.11194  271.29090    46.1280    11.6567 -9.990e-29
 127.351007      7.659    13.2553  32.657066    27.0220      7.590  271.11215  271.29111    43.9334    12.5261 -9.990e-29
 127.351010      7.684    13.2550  32.657241    27.0219      7.615  271.11313  271.29207    43.9023    12.5301 0.0000e+00
 127.351013      7.714    13.2551  32.657066    27.0217      7.645  271.11313  271.29208    43.8712    12.5220 0.0000e+00
 127.351016      7.741    13.2548  32.656018    27.0212      7.672  271.11590  271.29485    43.9179    12.5342 0.0000e+00
 127.351019      7.774    13.2550  32.656426    27.0212      7.704  271.11459  271.29354    44.1358    11.9276 0.0000e+00
 127.351021      7.799    13.2547  32.656659    27.0214      7.730  271.11546  271.29439    44.1358    11.9398 0.0000e+00
 127.351024      7.829    13.2548  32.656834    27.0216      7.758  271.11455  271.29349    43.9490    11.9357 -9.990e-29
 127.351027      7.851    13.2548  32.656426    27.0213      7.780  271.11558  271.29452    44.2292    11.9519 -9.990e-29
 127.351030      7.876    13.2548  32.656659    27.0215      7.805  271.11520  271.29413    44.7272    11.7254 -9.990e-29
 127.351033      7.898    13.2546  32.656659    27.0216      7.827  271.11584  271.29476    44.7584    11.7012 -9.990e-29
 127.351036      7.918    13.2547  32.656834    27.0217      7.847  271.11524  271.29416    44.8673    11.6931 -9.990e-29
 127.351039      7.936    13.2546  32.656601    27.0215      7.865  271.11597  271.29489    44.8050    11.6931 -9.990e-29
 127.351042      7.954    13.2547  32.656659    27.0215      7.883  271.11556  271.29449    44.7895    12.3765 -9.990e-29
 127.351045      7.980    13.2545  32.656659    27.0216      7.908  271.11621  271.29513    44.7584    12.3643 -9.990e-29
 127.351047      8.002    13.2545  32.656834    27.0218      7.930  271.11623  271.29515    44.8050    12.4331 -9.990e-29
 127.351050      8.031    13.2545  32.657009    27.0220      7.959  271.11595  271.29486    44.8673    12.3805 -9.990e-29
 127.351053      8.055    13.2545  32.657242    27.0211      7.983  271.11556  271.29447    44.8984    12.3805 -9.990e-29
 127.351056      8.091    13.2547  32.656194    27.0216      8.019  271.11645  271.29538    44.2914    12.1136 0.0000e+00
 127.351059      8.121    13.2548  32.657476    27.0221      8.048  271.11363  271.29256    44.3692    12.1177 0.0000e+00
 127.351062      8.150    13.2551  32.657767    27.0221      8.077  271.11189  271.29083    44.2603    12.1339 0.0000e+00
 127.351065      8.179    13.2554  32.657651    27.0218      8.106  271.11085  271.28981    44.2759    12.1015 0.0000e+00
 127.351068      8.205    13.2556  32.657068    27.0215      8.131  271.11092  271.28991    42.9685    11.5758 0.0000e+00
 127.351071      8.232    13.2556  32.657476    27.0212      8.158  271.11024  271.28922    42.9529    11.5233 -9.990e-29
 127.351073      8.250    13.2557  32.657767    27.0217      8.176  271.10943  271.28841    42.8284    11.5556 -9.990e-29
 127.351076      8.270    13.2559  32.657651    27.0215      8.196  271.10902  271.28801    42.9529    11.5637 -9.990e-29
 127.351079      8.283    13.2563  32.657884    27.0214      8.209  271.10673  271.28575    45.3654    12.4169 -9.990e-29
 127.351082      8.303    13.2561  32.658700    27.0223      8.229  271.10597  271.28497    45.3031    12.4048 -9.990e-29
 127.351085      8.325    13.2564  32.659574    27.0224      8.251  271.10321  271.28222    45.4276    12.4048 -9.990e-29
 127.351088      8.353    13.2572  32.659691    27.0222      8.278  271.09988  271.27894    45.2564    12.4007 0.0000e+00
 127.351091      8.385    13.2577  32.659516    27.0219      8.310  271.09800  271.27709    48.2603    12.3360 0.0000e+00
 127.351094      8.418    13.2578  32.659341    27.0219      8.343  271.09769  271.27680    48.2603    12.2996 0.0000e+00
 127.351097      8.449    13.2577  32.659924    27.0222      8.374  271.09734  271.27642    48.2603    12.3077 0.0000e+00
 127.351100      8.477    13.2580  32.661964    27.0230      8.401  271.09226  271.27135    48.4004    12.3441 0.0000e+00
 127.351102      8.509    13.2594  32.663187    27.0238      8.433  271.08419  271.26336    48.2759    12.3199 -9.990e-29
 127.351105      8.531    13.2612  32.663479    27.0230      8.455  271.07615  271.25542    48.5405    12.1217 -9.990e-29
 127.351108      8.557    13.2624  32.663187    27.0218      8.480  271.07132  271.25067    48.6338    12.1217 -9.990e-29
 127.351111      8.575    13.2630  32.662604    27.0209      8.498  271.06982  271.24921    48.4315    12.1460 -9.990e-29
 127.351114      8.589    13.2628  32.662779    27.0212      8.512  271.07047  271.24985    48.4315    12.1419 -9.990e-29
 127.351117      8.608    13.2625  32.662663    27.0212      8.531  271.07163  271.25099    50.2992    12.8941 -9.990e-29
 127.351120      8.633    13.2628  32.664644    27.0228      8.556  271.06696  271.24633    50.3303    12.9143 -9.990e-29
 127.351123      8.657    13.2638  32.666684    27.0231      8.579  271.05937  271.23878    50.2058    12.9264 -9.990e-29
 127.351126      8.682    13.2654  32.666917    27.0226      8.605  271.05175  271.23126    50.2681    12.9143 0.0000e+00
 127.351128      8.719    13.2666  32.666800    27.0221      8.641  271.04694  271.22652    47.3420    12.2309 0.0000e+00
 127.351131      8.752    13.2675  32.666684    27.0221      8.674  271.04338  271.22302    47.2331    12.2471 0.0000e+00
 127.351134      8.781    13.2684  32.670997    27.0242      8.702  271.03187  271.21153    47.2953    12.2511 0.0000e+00
 127.351137      8.810    13.2706  32.672220    27.0242      8.731  271.02034  271.20012    47.3576    12.2147 0.0000e+00
 127.351140      8.836    13.2730  32.672279    27.0225      8.757  271.00987  271.18981    46.8751    11.9478 0.0000e+00
 127.351143      8.863    13.2742  32.672220    27.0221      8.784  271.00464  271.18465    46.7194    11.9640 0.0000e+00
 127.351146      8.891    13.2747  32.672220    27.0216      8.811  271.00245  271.18250    46.8284    11.9276 -9.990e-29
 127.351149      8.912    13.2748  32.669598    27.0188      8.833  271.00668  271.18675    46.7661    11.9438 -9.990e-29
 127.351152      8.934    13.2739  32.668724    27.0186      8.854  271.01229  271.19231    46.7973    11.9478 -9.990e-29
 127.351155      8.951    13.2729  32.668141    27.0188      8.871  271.01771  271.19767    54.2992    13.4440 -9.990e-29
 127.351157      8.971    13.2715  32.667908    27.0196      8.891  271.02410  271.20398    54.1591    13.4602 -9.990e-29
 127.351160      8.993    13.2707  32.667384    27.0197      8.912  271.02848  271.20832    54.2525    13.4440 -9.990e-29
 127.351163      9.011    13.2698  32.667500    27.0204      8.930  271.03207  271.21185    54.3148    13.4561 -9.990e-29
 127.351166      9.038    13.2694  32.668957    27.0220      8.957  271.03115  271.21089    59.2331    13.5976 -9.990e-29
 127.351169      9.062    13.2700  32.671230    27.0233      8.981  271.02472  271.20448    59.3109    13.5896 -9.990e-29
 127.351172      9.088    13.2715  32.672046    27.0232      9.006  271.01704  271.19688    59.2642    13.5532 0.0000e+00
 127.351175      9.119    13.2730  32.672862    27.0233      9.037  271.00904  271.18897    59.2019    13.5734 0.0000e+00
 127.351178      9.144    13.2748  32.674902    27.0236      9.062  270.99767  271.17770    55.9334    12.2471 0.0000e+00
 127.351181      9.175    13.2766  32.677175    27.0240      9.093  270.98622  271.16634    56.1047    12.2552 0.0000e+00
 127.351183      9.201    13.2788  32.676942    27.0244      9.118  270.97689  271.15715    55.9646    12.2673 -9.990e-29
 127.351186      9.222    13.2803  32.677175    27.0217      9.140  270.96989  271.15024    56.1047    12.2713 -9.990e-29
 127.351189      9.242    13.2810  32.677991    27.0220      9.160  270.96566  271.14605    50.1280    12.4048 -9.990e-29
 127.351192      9.262    13.2819  32.677758    27.0211      9.180  270.96230  271.14275    50.0969    12.4209 -9.990e-29
 127.351195      9.277    13.2829  32.678923    27.0215      9.194  270.95590  271.13640    49.9412    12.4048 -9.990e-29
 127.351198      9.295    13.2837  32.678399    27.0204      9.212  270.95335  271.13390    49.8945    12.3805 -9.990e-29
 127.351201      9.321    13.2840  32.677583    27.0195      9.238  270.95352  271.13409    50.0035    12.3441 -9.990e-29
 127.351204      9.345    13.2835  32.676126    27.0180      9.261  270.95825  271.13881    51.8089    12.9102 -9.990e-29
 127.351207      9.376    13.2824  32.674785    27.0173      9.292  270.96530  271.14580    51.8556    12.8738 0.0000e+00
 127.351209      9.409    13.2811  32.672221    27.0170      9.324  270.97540  271.15585    51.9179    12.9021 0.0000e+00
 127.351212      9.440    13.2795  32.671405    27.0170      9.355  270.98375  271.16410    51.7000    12.8941 0.0000e+00
 127.351215      9.471    13.2774  32.670182    27.0173      9.386  270.99469  271.17493    57.5521    12.6474 0.0000e+00
 127.351218      9.500    13.2758  32.670124    27.0178      9.415  271.00205  271.18218    57.5054    12.6231 0.0000e+00
 127.351221      9.529    13.2747  32.670007    27.0184      9.444  271.00699  271.18705    57.5988    12.6636 -9.990e-29
 127.351224      9.553    13.2738  32.670416    27.0200      9.467  271.01008  271.19008    57.5521    12.6474 -9.990e-29
 127.351227      9.571    13.2734  32.671290    27.0211      9.485  271.01047  271.19044    55.2331    12.9709 -9.990e-29
 127.351230      9.589    13.2737  32.673038    27.0225      9.503  271.00620  271.18618    55.2953    12.9628 -9.990e-29
 127.351233      9.602    13.2750  32.673038    27.0215      9.516  271.00023  271.18029    55.3109    12.9507 -9.990e-29
 127.351236      9.620    13.2761  32.674087    27.0218      9.534  270.99403  271.17415    55.1708    12.9709 -9.990e-29
 127.351238      9.640    13.2769  32.674204    27.0204      9.554  270.99038  271.17054    58.7661    13.5006 -9.990e-29
 127.351241      9.666    13.2778  32.673913    27.0201      9.579  270.98681  271.16703    58.7039    13.5208 0.0000e+00
 127.351244      9.695    13.2779  32.673446    27.0201      9.608  270.98700  271.16724    58.7973    13.5451 0.0000e+00
 127.351247      9.724    13.2776  32.673446    27.0200      9.637  270.98859  271.16881    58.7506    13.5087 0.0000e+00
 127.351250      9.755    13.2774  32.675195    27.0201      9.668  270.98623  271.16642    58.7817    13.5127 -9.990e-29
 127.351253      9.779    13.2783  32.676769    27.0229      9.692  270.97975  271.15998    65.4432    13.4319 -9.990e-29
