Processed/SBE19plus_01907321_2022_05_07_Cast72_wfilter.cnv
* Sea-Bird SBE19plus  Data File:
* FileName = E:\Prandtl Daten\2022\CTD\Raw\SBE19plus_01907321_2022_05_07_Cast72.hex
* Software version 2.6.1.12
* Temperature SN = 7321
* Conductivity SN = 7321
* System UpLoad Time = May 07 2022 13:09:25
* <ApplicationData>
* <Seaterm232>
** Messpraktikum 2022
** CTD 07.05 BM
** NMEA Latitude = 54 07.834 N
** NMEA Longitude = 008 45.258 E
# nquan = 11
# nvalues = 533                         
# units = specified
# name 0 = timeJ: Julian Days
# name 1 = prdM: Pressure, Strain Gauge [db]
# name 2 = tv290C: Temperature [ITS-90, deg C]
# name 3 = c0mS/cm: Conductivity [mS/cm]
# name 4 = sal00: Salinity, Practical [PSU]
# name 5 = depSM: Depth [salt water, m], lat = 54.00
# name 6 = oxsatMm/Kg: Oxygen Saturation, Weiss [umol/kg]
# name 7 = oxsolMm/Kg: Oxygen Saturation, Garcia & Gordon [umol/kg]
# name 8 = turbWETntu0: Turbidity, WET Labs ECO [NTU]
# name 9 = flECO-AFL: Fluorescence, WET Labs ECO-AFL/FL [mg/m^3]
# name 10 = flag:  0.000e+00
# span 0 = 127.543354, 127.544893       
# span 1 =      0.773,     16.522       
# span 2 =    13.1141,    13.1823       
# span 3 =  32.541299,  32.605197       
# span 4 =    27.0125,    27.0260       
# span 5 =      0.766,     16.374       
# span 6 =  271.52969,  271.91926       
# span 7 =  271.70458,  272.09040       
# span 8 =     8.7584,   436.8206       
# span 9 =     3.7271,     9.6187       
# span 10 = 0.0000e+00, 0.0000e+00      
# interval = seconds: 0.25
# start_time = May 07 2022 13:00:48 [Instrument's time stamp, header]
# bad_flag = -9.990e-29
*END*
[from data line 394]
 127.544494     12.600    13.1595  32.587136    27.0236     12.487  271.65210  271.82568    26.0191     7.3785 0.0000e+00
 127.544497     12.634    13.1600  32.587136    27.0234     12.521  271.64961  271.82322    26.1747     7.3583 0.0000e+00
 127.544499     12.666    13.1604  32.586962    27.0234     12.552  271.64835  271.82200    28.1825     7.7425 0.0000e+00
 127.544502     12.704    13.1600  32.587544    27.0237     12.590  271.64894  271.82256    28.1047     7.7263 0.0000e+00
 127.544505     12.739    13.1601  32.588359    27.0244     12.624  271.64724  271.82085    28.2136     7.6575 0.0000e+00
 127.544508     12.770    13.1607  32.589407    27.0246     12.655  271.64292  271.81656    28.1513     7.6737 0.0000e+00
 127.544511     12.799    13.1616  32.589640    27.0250     12.684  271.63876  271.81245    23.5599     7.3381 0.0000e+00
 127.544514     12.832    13.1626  32.591038    27.0248     12.717  271.63163  271.80538    23.6066     7.3664 0.0000e+00
 127.544517     12.861    13.1635  32.591038    27.0250     12.746  271.62787  271.80167    23.6533     7.2896 -9.990e-29
 127.544520     12.879    13.1641  32.590630    27.0236     12.764  271.62607  271.79991    23.6533     7.3098 -9.990e-29
 127.544523     12.903    13.1644  32.591038    27.0238     12.787  271.62412  271.79798    26.3615     7.6009 -9.990e-29
 127.544525     12.925    13.1643  32.590630    27.0223     12.809  271.62516  271.79901    26.5015     7.5686 -9.990e-29
 127.544528     12.952    13.1641  32.589175    27.0226     12.836  271.62864  271.80250    26.4860     7.5605 0.0000e+00
 127.544531     12.978    13.1635  32.589582    27.0228     12.862  271.63047  271.80429    26.4082     7.6333 0.0000e+00
 127.544534     13.007    13.1629  32.588767    27.0230     12.891  271.63474  271.80852    26.8595     7.5120 0.0000e+00
 127.544537     13.040    13.1626  32.589641    27.0229     12.923  271.63450  271.80826    28.1047     7.8719 0.0000e+00
 127.544540     13.075    13.1624  32.588593    27.0237     12.957  271.63728  271.81104    27.9023     7.8961 0.0000e+00
 127.544543     13.113    13.1624  32.589816    27.0240     12.995  271.63519  271.80893    27.9334     7.8638 0.0000e+00
 127.544546     13.148    13.1626  32.590631    27.0241     13.030  271.63254  271.80629    27.9646     7.8961 0.0000e+00
 127.544549     13.180    13.1632  32.590631    27.0241     13.062  271.63004  271.80383    27.0307     7.6009 0.0000e+00
 127.544552     13.211    13.1634  32.589991    27.0238     13.093  271.63023  271.80403    26.8284     7.5403 0.0000e+00
 127.544554     13.239    13.1637  32.590864    27.0234     13.120  271.62778  271.80160    26.9685     7.5605 -9.990e-29
 127.544557     13.261    13.1637  32.591679    27.0248     13.142  271.62638  271.80019    26.9062     7.5362 -9.990e-29
 127.544560     13.286    13.1640  32.592029    27.0248     13.167  271.62422  271.79805    23.3109     7.1238 -9.990e-29
 127.544563     13.310    13.1647  32.592262    27.0246     13.191  271.62100  271.79486    23.3109     7.1157 -9.990e-29
 127.544566     13.330    13.1652  32.592494    27.0246     13.210  271.61809  271.79199    23.2019     7.1521 -9.990e-29
 127.544569     13.363    13.1652  32.592669    27.0242     13.243  271.61812  271.79202    23.1708     7.1359 0.0000e+00
 127.544572     13.395    13.1655  32.592029    27.0238     13.275  271.61799  271.79191    24.5249     7.2127 0.0000e+00
 127.544575     13.430    13.1651  32.591039    27.0231     13.310  271.62131  271.79521    24.5249     7.2330 0.0000e+00
 127.544578     13.457    13.1648  32.590224    27.0225     13.337  271.62400  271.79789    24.3848     7.2572 0.0000e+00
 127.544580     13.496    13.1640  32.588769    27.0223     13.375  271.63001  271.80386    24.3226     7.2572 0.0000e+00
 127.544583     13.530    13.1627  32.588303    27.0218     13.409  271.63650  271.81028    24.6183     7.2734 0.0000e+00
 127.544586     13.563    13.1616  32.586731    27.0223     13.442  271.64397  271.81770    27.3264     7.6858 0.0000e+00
 127.544589     13.594    13.1606  32.587372    27.0229     13.472  271.64729  271.82095    27.1708     7.6899 0.0000e+00
 127.544592     13.622    13.1601  32.587780    27.0232     13.500  271.64880  271.82242    27.2642     7.7303 0.0000e+00
 127.544595     13.649    13.1601  32.587896    27.0236     13.527  271.64862  271.82224    27.0930     7.7142 -9.990e-29
 127.544598     13.671    13.1602  32.588595    27.0243     13.548  271.64711  271.82072    31.9334     8.2964 -9.990e-29
 127.544601     13.687    13.1609  32.589585    27.0247     13.565  271.64225  271.81591    31.6222     8.2762 -9.990e-29
 127.544604     13.709    13.1618  32.591448    27.0258     13.586  271.63494  271.80864    31.9023     8.3005 -9.990e-29
 127.544606     13.735    13.1633  32.592671    27.0253     13.611  271.62654  271.80032    31.8556     8.2924 0.0000e+00
 127.544609     13.768    13.1645  32.592379    27.0247     13.644  271.62203  271.79588    32.9918     8.5876 0.0000e+00
 127.544612     13.802    13.1651  32.592088    27.0247     13.679  271.61972  271.79362    32.9762     8.5754 0.0000e+00
 127.544615     13.839    13.1655  32.593719    27.0250     13.715  271.61503  271.78894    33.0541     8.5754 0.0000e+00
 127.544618     13.875    13.1663  32.594126    27.0250     13.751  271.61120  271.78515    33.0229     8.6401 0.0000e+00
 127.544621     13.910    13.1670  32.594359    27.0246     13.785  271.60767  271.78166    29.9879     7.7425 0.0000e+00
 127.544624     13.943    13.1676  32.594127    27.0246     13.818  271.60526  271.77930    29.9257     7.7667 0.0000e+00
 127.544627     13.972    13.1684  32.596397    27.0249     13.847  271.59788  271.77195    30.0969     7.8152 0.0000e+00
 127.544630     14.005    13.1692  32.596397    27.0252     13.879  271.59443  271.76855    29.9568     7.8274 0.0000e+00
 127.544633     14.034    13.1697  32.596863    27.0249     13.908  271.59176  271.76590    30.0035     7.7505 -9.990e-29
 127.544635     14.059    13.1702  32.596980    27.0247     13.933  271.58937  271.76354    29.2097     7.4068 -9.990e-29
 127.544638     14.085    13.1705  32.596165    27.0238     13.959  271.58954  271.76374    29.1630     7.4634 -9.990e-29
 127.544641     14.109    13.1707  32.596165    27.0240     13.983  271.58861  271.76282    29.3187     7.4958 -9.990e-29
 127.544644     14.135    13.1705  32.596514    27.0237     14.008  271.58865  271.76285    29.3965     7.4554 0.0000e+00
 127.544647     14.164    13.1704  32.595757    27.0240     14.037  271.59061  271.76481    30.8906     8.1387 0.0000e+00
 127.544650     14.200    13.1704  32.596573    27.0242     14.073  271.58922  271.76341    30.7817     8.2156 0.0000e+00
 127.544653     14.231    13.1702  32.596806    27.0242     14.104  271.58978  271.76396    30.6261     8.1590 0.0000e+00
 127.544656     14.268    13.1705  32.596282    27.0242     14.140  271.58945  271.76365    30.6883     8.1832 0.0000e+00
 127.544659     14.304    13.1708  32.596981    27.0242     14.176  271.58700  271.76122    29.4899     8.0215 0.0000e+00
 127.544661     14.339    13.1710  32.597388    27.0242     14.210  271.58506  271.75929    29.7545     8.0498 0.0000e+00
 127.544664     14.372    13.1712  32.596981    27.0239     14.243  271.58516  271.75940    29.5988     8.0255 0.0000e+00
 127.544667     14.404    13.1713  32.596864    27.0238     14.275  271.58507  271.75931    29.6455     7.9527 0.0000e+00
 127.544670     14.432    13.1711  32.596806    27.0238     14.302  271.58581  271.76005    33.1941     8.8747 0.0000e+00
 127.544673     14.459    13.1711  32.596981    27.0238     14.330  271.58553  271.75976    33.3498     8.8342 -9.990e-29
 127.544676     14.479    13.1710  32.596573    27.0237     14.350  271.58688  271.76111    33.3965     8.8585 -9.990e-29
 127.544679     14.499    13.1710  32.597098    27.0241     14.370  271.58567  271.75990    33.3965     8.9030 -9.990e-29
 127.544682     14.523    13.1711  32.597214    27.0253     14.393  271.58516  271.75940    33.1319     8.9111 -9.990e-29
 127.544685     14.549    13.1716  32.598845    27.0252     14.418  271.58046  271.75471    37.5521     8.4905 0.0000e+00
 127.544687     14.578    13.1720  32.598845    27.0250     14.447  271.57859  271.75287    37.6611     8.4703 0.0000e+00
 127.544690     14.609    13.1725  32.598612    27.0244     14.478  271.57681  271.75112    37.5833     8.5269 0.0000e+00
 127.544693     14.647    13.1727  32.598670    27.0243     14.516  271.57579  271.75011    37.7856     8.5107 0.0000e+00
 127.544696     14.678    13.1730  32.598437    27.0243     14.546  271.57496  271.74930    37.0074     8.1792 0.0000e+00
 127.544699     14.711    13.1731  32.599020    27.0243     14.579  271.57334  271.74768    37.1630     8.1468 0.0000e+00
 127.544702     14.744    13.1734  32.599427    27.0244     14.612  271.57139  271.74575    37.0385     8.1468 0.0000e+00
 127.544705     14.775    13.1739  32.599835    27.0245     14.642  271.56882  271.74320    36.9607     8.1792 0.0000e+00
 127.544708     14.806    13.1742  32.600883    27.0245     14.673  271.56576  271.74015    40.9451     8.5916 -9.990e-29
 127.544711     14.830    13.1748  32.599835    27.0241     14.697  271.56476  271.73920    40.9451     8.5552 -9.990e-29
 127.544714     14.859    13.1750  32.600243    27.0243     14.726  271.56344  271.73789    40.9296     8.5512 0.0000e+00
 127.544716     14.884    13.1749  32.600592    27.0242     14.751  271.56317  271.73761    40.8050     8.5754 0.0000e+00
 127.544719     14.910    13.1755  32.600883    27.0244     14.776  271.55985  271.73433    39.6377     8.5148 0.0000e+00
 127.544722     14.937    13.1759  32.601699    27.0242     14.803  271.55688  271.73137    39.7622     8.5027 0.0000e+00
 127.544725     14.966    13.1762  32.600068    27.0233     14.832  271.55846  271.73299    39.7778     8.4905 0.0000e+00
 127.544728     14.993    13.1765  32.600592    27.0233     14.859  271.55631  271.73085    39.7155     8.5148 0.0000e+00
 127.544731     15.030    13.1766  32.601466    27.0238     14.895  271.55451  271.72904    39.6377     8.4703 0.0000e+00
 127.544734     15.065    13.1768  32.601466    27.0239     14.930  271.55358  271.72814    42.3926     8.0538 0.0000e+00
 127.544737     15.103    13.1768  32.602922    27.0238     14.967  271.55077  271.72531    42.3303     7.9689 -9.990e-29
 127.544740     15.126    13.1776  32.602165    27.0240     14.991  271.54895  271.72355    42.5015     8.0579 -9.990e-29
 127.544742     15.156    13.1781  32.602747    27.0238     15.020  271.54544  271.72007    42.4548     8.0255 0.0000e+00
 127.544745     15.183    13.1784  32.602340    27.0238     15.047  271.54522  271.71986    43.2953     8.7574 0.0000e+00
 127.544748     15.209    13.1785  32.602340    27.0235     15.072  271.54461  271.71926    43.4976     8.7412 -9.990e-29
 127.544751     15.233    13.1789  32.599428    27.0204     15.096  271.54809  271.72280    43.4665     8.7655 -9.990e-29
 127.544754     15.252    13.1789  32.601699    27.0224     15.116  271.54386  271.71854    43.2486     8.7089 -9.990e-29
 127.544757     15.275    13.1789  32.602515    27.0232     15.138  271.54246  271.71714    40.0113     8.7251 -9.990e-29
 127.544760     15.298    13.1794  32.603155    27.0227     15.161  271.53947  271.71417    39.9179     8.7453 -9.990e-29
 127.544763     15.329    13.1793  32.602340    27.0228     15.192  271.54122  271.71592    39.9023     8.7574 0.0000e+00
 127.544766     15.366    13.1795  32.602748    27.0227     15.228  271.53959  271.71431    39.8712     8.6846 0.0000e+00
 127.544769     15.406    13.1794  32.602340    27.0229     15.268  271.54095  271.71566    39.4354     8.6321 0.0000e+00
 127.544771     15.448    13.1794  32.603563    27.0238     15.309  271.53886  271.71356    39.4976     8.7129 0.0000e+00
 127.544774     15.482    13.1797  32.603913    27.0238     15.344  271.53702  271.71173    39.4198     8.7048 0.0000e+00
 127.544777     15.519    13.1800  32.603156    27.0232     15.380  271.53709  271.71183    39.3264     8.6563 0.0000e+00
 127.544780     15.559    13.1802  32.603564    27.0230     15.420  271.53547  271.71022    39.4354     8.7089 0.0000e+00
 127.544783     15.594    13.1803  32.603564    27.0230     15.454  271.53486  271.70962    34.5638     8.5269 0.0000e+00
 127.544786     15.625    13.1802  32.603331    27.0230     15.485  271.53560  271.71035    34.4082     8.5512 0.0000e+00
 127.544789     15.654    13.1802  32.604146    27.0229     15.514  271.53420  271.70895    34.4548     8.5795 -9.990e-29
 127.544792     15.678    13.1800  32.603156    27.0229     15.537  271.53688  271.71162    34.4704     8.5633 -9.990e-29
 127.544795     15.700    13.1801  32.603972    27.0235     15.559  271.53516  271.70991    38.7039     8.8302 -9.990e-29
 127.544797     15.723    13.1801  32.603739    27.0233     15.582  271.53558  271.71033    38.7817     8.8302 -9.990e-29
 127.544800     15.747    13.1802  32.604496    27.0238     15.606  271.53397  271.70871    38.6572     8.7695 -9.990e-29
 127.544803     15.776    13.1802  32.604380    27.0241     15.635  271.53388  271.70862    38.7194     8.8342 0.0000e+00
 127.544806     15.811    13.1801  32.604787    27.0240     15.669  271.53382  271.70856    39.8712     8.9798 0.0000e+00
 127.544809     15.841    13.1801  32.604555    27.0241     15.699  271.53424  271.70898    39.9646     8.9879 0.0000e+00
 127.544812     15.873    13.1800  32.604497    27.0241     15.731  271.53500  271.70972    39.9646     9.0445 0.0000e+00
 127.544815     15.902    13.1800  32.604962    27.0244     15.760  271.53389  271.70862    39.8712     8.9636 0.0000e+00
 127.544818     15.936    13.1800  32.605196    27.0244     15.793  271.53351  271.70824    42.9062     8.8868 0.0000e+00
 127.544821     15.967    13.1802  32.604963    27.0245     15.823  271.53330  271.70804    42.8284     8.9192 0.0000e+00
 127.544823     15.996    13.1802  32.604322    27.0243     15.852  271.53443  271.70918    42.8595     8.8909 -9.990e-29
 127.544826     16.019    13.1800  32.604148    27.0237     15.876  271.53569  271.71043    42.8906     8.9677 -9.990e-29
 127.544829     16.041    13.1798  32.603973    27.0236     15.897  271.53664  271.71136    42.8751     8.9272 -9.990e-29
 127.544832     16.063    13.1800  32.603973    27.0235     15.919  271.53571  271.71045    44.8984     9.5823 -9.990e-29
 127.544835     16.087    13.1799  32.603332    27.0229     15.942  271.53746  271.71220    44.8362     9.5297 -9.990e-29
 127.544838     16.114    13.1800  32.603333    27.0230     15.970  271.53717  271.71191    44.8050     9.5985 0.0000e+00
 127.544841     16.146    13.1800  32.603566    27.0231     16.001  271.53647  271.71121    44.9918     9.6187 0.0000e+00
 127.544844     16.182    13.1802  32.603740    27.0231     16.037  271.53524  271.71000    40.0268     9.0162 0.0000e+00
 127.544847     16.216    13.1802  32.603508    27.0230     16.071  271.53567  271.71043    39.8401     9.0526 0.0000e+00
 127.544850     16.251    13.1802  32.603741    27.0230     16.105  271.53529  271.71004    39.9646     9.0809 0.0000e+00
 127.544852     16.289    13.1803  32.604148    27.0232     16.143  271.53429  271.70905    39.8868     9.0971 0.0000e+00
 127.544855     16.326    13.1805  32.604148    27.0233     16.179  271.53337  271.70814    40.6650     8.7817 0.0000e+00
 127.544858     16.355    13.1805  32.604323    27.0234     16.208  271.53340  271.70816    40.6338     8.7898 0.0000e+00
 127.544861     16.390    13.1805  32.605197    27.0238     16.243  271.53159  271.70635    40.6961     8.7978 0.0000e+00
 127.544864     16.419    13.1807  32.604382    27.0241     16.272  271.53239  271.70717    40.7739     8.7857 -9.990e-29
 127.544867     16.443    13.1808  32.605197    27.0239     16.295  271.53037  271.70514    53.1941     9.0324 -9.990e-29
