Processed/SBE19plus_01907321_2022_05_10_Cast118_wfilter.cnv
* Sea-Bird SBE19plus  Data File:
* FileName = E:\Prandtl_Daten\2022\CTD\Raw\SBE19plus_01907321_2022_05_10_Cast118.hex
* Software version 2.6.1.12
* Temperature SN = 7321
* Conductivity SN = 7321
* System UpLoad Time = May 10 2022 15:05:54
* <ApplicationData>
* <Seaterm232>
** Messpraktikum 2022
** CTD 10.05  BW2
** NMEA Latitude = 54 07.90N
** NMEA Longitude = 008 45.45E
# nquan = 11
# nvalues = 690                         
# units = specified
# name 0 = timeJ: Julian Days
# name 1 = prdM: Pressure, Strain Gauge [db]
# name 2 = tv290C: Temperature [ITS-90, deg C]
# name 3 = c0mS/cm: Conductivity [mS/cm]
# name 4 = sal00: Salinity, Practical [PSU]
# name 5 = depSM: Depth [salt water, m], lat = 54.00
# name 6 = oxsatMm/Kg: Oxygen Saturation, Weiss [umol/kg]
# name 7 = oxsolMm/Kg: Oxygen Saturation, Garcia & Gordon [umol/kg]
# name 8 = turbWETntu0: Turbidity, WET Labs ECO [NTU]
# name 9 = flECO-AFL: Fluorescence, WET Labs ECO-AFL/FL [mg/m^3]
# name 10 = flag:  0.000e+00
# span 0 = 130.623374, 130.625367       
# span 1 =      0.269,     15.758       
# span 2 =    13.8094,    13.8556       
# span 3 =  33.114092,  33.134778       
# span 4 =    27.0273,    27.0564       
# span 5 =      0.266,     15.616       
# span 6 =  267.72559,  267.94426       
# span 7 =  267.93714,  268.15318       
# span 8 =    -2.0276,    21.1319       
# span 9 =     2.1784,     5.4578       
# span 10 = 0.0000e+00, 0.0000e+00      
# interval = seconds: 0.25
# start_time = May 10 2022 14:56:22 [Instrument's time stamp, header]
# bad_flag = -9.990e-29
*END*
[from data line 132]
 130.623756      3.269    13.8261  33.118086    27.0393      3.240  267.87908  268.08901    -0.8136     2.5828 -9.990e-29
 130.623759      3.293    13.8260  33.118907    27.0401      3.264  267.87803  268.08795    -0.5490     2.5666 -9.990e-29
 130.623762      3.317    13.8261  33.119200    27.0400      3.287  267.87724  268.08716    -0.6424     2.6030 -9.990e-29
 130.623764      3.351    13.8262  33.118907    27.0399      3.322  267.87744  268.08737    -0.6736     2.5626 0.0000e+00
 130.623767      3.384    13.8262  33.118907    27.0399      3.354  267.87715  268.08708    -0.9070     2.3765 0.0000e+00
 130.623770      3.417    13.8263  33.118966    27.0399      3.386  267.87676  268.08669    -0.8915     2.4291 0.0000e+00
 130.623773      3.454    13.8262  33.118907    27.0399      3.423  267.87750  268.08743    -0.9070     2.4008 0.0000e+00
 130.623776      3.490    13.8262  33.118966    27.0399      3.459  267.87711  268.08705    -0.9226     2.3846 -9.990e-29
 130.623779      3.514    13.8261  33.118907    27.0400      3.482  267.87785  268.08778    -0.9381     2.5383 -9.990e-29
 130.623782      3.536    13.8262  33.119142    27.0401      3.504  267.87716  268.08709    -0.9537     2.5059 -9.990e-29
 130.623785      3.550    13.8264  33.119200    27.0400      3.518  267.87613  268.08607    -0.8448     2.5140 -9.990e-29
 130.623788      3.561    13.8264  33.119318    27.0401      3.530  267.87594  268.08588    -0.9226     2.5342 -9.990e-29
 130.623791      3.563    13.8263  33.119200    27.0401      3.531  267.87645  268.08639    -1.2806     2.5383 -9.990e-29
 130.623793      3.571    13.8264  33.119318    27.0401      3.539  267.87595  268.08589    -1.2650     2.5181 -9.990e-29
 130.623796      3.582    13.8266  33.119142    27.0398      3.550  267.87531  268.08526    -1.1405     2.5100 -9.990e-29
 130.623799      3.596    13.8265  33.119376    27.0399      3.564  267.87524  268.08518    -1.0782     2.5221 -9.990e-29
 130.623802      3.625    13.8266  33.119318    27.0399      3.592  267.87504  268.08499     1.8323     2.8537 0.0000e+00
 130.623805      3.663    13.8266  33.119318    27.0399      3.630  267.87506  268.08501     1.7233     2.8618 0.0000e+00
 130.623808      3.698    13.8265  33.119552    27.0400      3.665  267.87500  268.08495     1.9257     2.8375 0.0000e+00
 130.623811      3.738    13.8265  33.119318    27.0401      3.704  267.87542  268.08537     1.8945     2.8335 0.0000e+00
 130.623814      3.771    13.8264  33.119201    27.0400      3.737  267.87626  268.08621     1.8945     2.8577 -9.990e-29
 130.623817      3.796    13.8263  33.119143    27.0397      3.762  267.87669  268.08663    -1.1716     2.2876 -9.990e-29
 130.623819      3.829    13.8263  33.118908    27.0397      3.795  267.87711  268.08704    -1.2027     2.2633 0.0000e+00
 130.623822      3.855    13.8262  33.118791    27.0397      3.820  267.87795  268.08788    -1.0782     2.2552 -9.990e-29
 130.623825      3.867    13.8261  33.118498    27.0395      3.833  267.87876  268.08869    -1.2339     2.2714 -9.990e-29
 130.623828      3.878    13.8259  33.118733    27.0398      3.843  267.87900  268.08892     0.3537     2.6475 -9.990e-29
 130.623831      3.891    13.8255  33.118205    27.0396      3.856  267.88177  268.09167     0.3692     2.6353 -9.990e-29
 130.623834      3.902    13.8251  33.118323    27.0400      3.867  267.88315  268.09303     0.4159     2.6313 -9.990e-29
 130.623837      3.909    13.8244  33.117971    27.0402      3.874  267.88688  268.09672     0.3381     2.6313 -9.990e-29
 130.623840      3.924    13.8234  33.118089    27.0410      3.889  267.89077  268.10055    -0.6891     2.3927 -9.990e-29
 130.623843      3.940    13.8227  33.118323    27.0420      3.905  267.89353  268.10326    -0.6580     2.4008 -9.990e-29
 130.623845      3.972    13.8223  33.118382    27.0418      3.936  267.89502  268.10472    -0.7514     2.3765 0.0000e+00
 130.623848      3.999    13.8225  33.118089    27.0416      3.963  267.89490  268.10461    -0.6424     2.3644 0.0000e+00
 130.623851      4.032    13.8222  33.117679    27.0416      3.996  267.89686  268.10656    -0.6269     2.1946 0.0000e+00
 130.623854      4.063    13.8221  33.117972    27.0415      4.027  267.89670  268.10640    -0.6424     2.2188 0.0000e+00
 130.623857      4.094    13.8221  33.117679    27.0415      4.057  267.89721  268.10691    -0.7669     2.1946 0.0000e+00
 130.623860      4.131    13.8222  33.117562    27.0415      4.094  267.89712  268.10682    -0.7047     2.1986 0.0000e+00
 130.623863      4.158    13.8221  33.117914    27.0415      4.121  267.89686  268.10655    -0.5957     2.1784 0.0000e+00
 130.623866      4.185    13.8219  33.116859    27.0417      4.148  267.89959  268.10928     1.0074     2.9386 -9.990e-29
 130.623869      4.209    13.8219  33.117562    27.0415      4.171  267.89842  268.10811     1.1008     2.9427 -9.990e-29
 130.623872      4.225    13.8217  33.117680    27.0417      4.187  267.89918  268.10885     1.1630     2.9710 -9.990e-29
 130.623874      4.238    13.8218  33.117680    27.0416      4.200  267.89856  268.10824     1.1163     2.9588 -9.990e-29
 130.623877      4.254    13.8217  33.117797    27.0418      4.216  267.89868  268.10836     2.3926     3.2338 -9.990e-29
 130.623880      4.271    13.8214  33.118090    27.0423      4.233  267.89946  268.10911     2.4082     3.2055 -9.990e-29
 130.623883      4.283    13.8213  33.118559    27.0428      4.245  267.89930  268.10895     2.2525     3.2338 -9.990e-29
 130.623886      4.307    13.8208  33.118910    27.0435      4.269  267.90093  268.11053     2.2836     3.2095 -9.990e-29
 130.623889      4.324    13.8203  33.118735    27.0436      4.285  267.90311  268.11270     2.9218     3.2985 -9.990e-29
 130.623892      4.345    13.8194  33.119555    27.0450      4.307  267.90583  268.11535     2.8906     3.3066 -9.990e-29
 130.623895      4.368    13.8187  33.120200    27.0461      4.329  267.90758  268.11706     2.8595     3.2904 -9.990e-29
 130.623898      4.393    13.8176  33.121138    27.0483      4.354  267.91073  268.12013     2.8128     3.2702 -9.990e-29
 130.623900      4.426    13.8160  33.120610    27.0489      4.387  267.91822  268.12753     3.1397     3.2864 0.0000e+00
 130.623903      4.452    13.8151  33.121255    27.0489      4.412  267.92092  268.13017     3.0774     3.2500 0.0000e+00
 130.623906      4.479    13.8143  33.120962    27.0495      4.439  267.92519  268.13440     3.1085     3.2904 -9.990e-29
 130.623909      4.495    13.8135  33.121256    27.0506      4.455  267.92785  268.13700     3.0930     3.2985 -9.990e-29
 130.623912      4.517    13.8128  33.121256    27.0511      4.476  267.93100  268.14011     3.0463     3.2702 -9.990e-29
 130.623915      4.537    13.8123  33.121783    27.0519      4.496  267.93201  268.14109     2.5794     3.2176 -9.990e-29
 130.623918      4.561    13.8120  33.121842    27.0522      4.520  267.93318  268.14224     2.5171     3.2055 -9.990e-29
 130.623921      4.581    13.8116  33.121959    27.0526      4.540  267.93487  268.14391     2.6727     3.2217 -9.990e-29
 130.623924      4.607    13.8114  33.121842    27.0526      4.565  267.93603  268.14505     2.4860     3.2338 -9.990e-29
 130.623927      4.627    13.8112  33.122077    27.0529      4.585  267.93627  268.14529     3.0930     3.1489 -9.990e-29
 130.623929      4.650    13.8111  33.121549    27.0525      4.609  267.93780  268.14681     3.0619     3.1570 -9.990e-29
 130.623932      4.670    13.8110  33.121842    27.0529      4.628  267.93764  268.14664     3.0152     3.1367 -9.990e-29
 130.623935      4.692    13.8110  33.120788    27.0519      4.650  267.93942  268.14843     3.1397     3.1367 -9.990e-29
 130.623938      4.719    13.8111  33.121549    27.0525      4.677  267.93784  268.14685     3.5288     3.5532 -9.990e-29
 130.623941      4.744    13.8107  33.121432    27.0527      4.702  267.93962  268.14861     3.6066     3.5452 -9.990e-29
 130.623944      4.770    13.8109  33.121550    27.0526      4.727  267.93850  268.14750     3.5288     3.5330 -9.990e-29
 130.623947      4.793    13.8108  33.121843    27.0530      4.751  267.93865  268.14764     3.5910     3.5492 -9.990e-29
 130.623950      4.816    13.8108  33.122253    27.0533      4.773  267.93798  268.14696     5.1475     3.8606 -9.990e-29
 130.623953      4.834    13.8106  33.121960    27.0532      4.791  267.93911  268.14809     5.0541     3.8525 -9.990e-29
 130.623955      4.856    13.8103  33.122253    27.0536      4.812  267.93988  268.14884     5.0229     3.8484 -9.990e-29
 130.623958      4.878    13.8104  33.122663    27.0539      4.834  267.93889  268.14786     5.1163     3.8323 -9.990e-29
 130.623961      4.901    13.8103  33.122956    27.0543      4.858  267.93873  268.14768     5.0852     3.8848 -9.990e-29
 130.623964      4.918    13.8103  33.122898    27.0542      4.874  267.93884  268.14779     2.8595     3.3834 -9.990e-29
 130.623967      4.936    13.8103  33.122957    27.0543      4.891  267.93906  268.14801     2.8595     3.4036 -9.990e-29
 130.623970      4.952    13.8103  33.122898    27.0542      4.907  267.93886  268.14781     2.8595     3.4319 -9.990e-29
 130.623973      4.968    13.8102  33.122664    27.0541      4.924  267.93989  268.14884     2.7973     3.4562 -9.990e-29
 130.623976      4.985    13.8103  33.122547    27.0539      4.940  267.93978  268.14874     3.8089     3.4602 -9.990e-29
 130.623979      5.003    13.8100  33.122664    27.0542      4.958  267.94054  268.14948     3.9179     3.4926 -9.990e-29
 130.623981      5.023    13.8100  33.122547    27.0541      4.978  267.94106  268.15000     3.8556     3.4805 -9.990e-29
 130.623984      5.040    13.8100  33.122254    27.0538      4.995  267.94125  268.15019     3.8245     3.4845 -9.990e-29
 130.623987      5.064    13.8098  33.121434    27.0538      5.018  267.94358  268.15252     3.5599     3.2702 -9.990e-29
 130.623990      5.094    13.8098  33.122137    27.0537      5.049  267.94242  268.15135     3.5443     3.3025 0.0000e+00
 130.623993      5.125    13.8097  33.121844    27.0537      5.079  267.94324  268.15217     3.6689     3.2783 0.0000e+00
 130.623996      5.163    13.8096  33.121844    27.0537      5.117  267.94390  268.15282     3.5755     3.2581 0.0000e+00
 130.623999      5.198    13.8095  33.121961    27.0537      5.152  267.94403  268.15295     3.8245     3.6665 0.0000e+00
 130.624002      5.229    13.8096  33.121844    27.0538      5.183  267.94394  268.15286     3.9023     3.6746 0.0000e+00
 130.624005      5.257    13.8097  33.121962    27.0537      5.210  267.94344  268.15237     3.8089     3.6584 -9.990e-29
 130.624008      5.281    13.8096  33.121669    27.0535      5.233  267.94426  268.15318     3.8556     3.6826 -9.990e-29
 130.624010      5.291    13.8094  33.122489    27.0543      5.244  267.94352  268.15242     3.8712     3.6746 -9.990e-29
 130.624013      5.310    13.8097  33.122782    27.0544      5.262  267.94210  268.15101     4.3070     3.5977 -9.990e-29
 130.624016      5.322    13.8097  33.122899    27.0545      5.275  267.94159  268.15052     4.2914     3.5735 -9.990e-29
 130.624019      5.332    13.8100  33.122899    27.0543      5.284  267.94066  268.14959     4.2914     3.6058 -9.990e-29
 130.624022      5.339    13.8100  33.123134    27.0545      5.291  267.93996  268.14889     4.2292     3.6058 -9.990e-29
 130.624025      5.348    13.8100  33.123309    27.0546      5.300  267.93967  268.14860     3.8556     3.4764 -9.990e-29
 130.624028      5.362    13.8100  33.122138    27.0536      5.314  267.94164  268.15059     3.7934     3.4885 -9.990e-29
 130.624031      5.386    13.8103  33.123310    27.0546      5.338  267.93875  268.14770     3.8868     3.5007 -9.990e-29
 130.624034      5.417    13.8101  33.123310    27.0545      5.369  267.93940  268.14834     3.6844     3.4764 0.0000e+00
 130.624036      5.454    13.8102  33.123134    27.0543      5.405  267.93940  268.14834     3.2953     3.6584 0.0000e+00
 130.624039      5.490    13.8102  33.123134    27.0543      5.441  267.93942  268.14837     3.3109     3.6746 0.0000e+00
 130.624042      5.525    13.8102  33.122958    27.0542      5.476  267.93974  268.14869     3.2798     3.6705 0.0000e+00
 130.624045      5.555    13.8103  33.122666    27.0539      5.505  267.93993  268.14889     3.3109     3.6826 0.0000e+00
 130.624048      5.587    13.8102  33.122666    27.0538      5.537  267.94027  268.14922     4.3848     3.7716 0.0000e+00
 130.624051      5.613    13.8102  33.122138    27.0539      5.563  267.94117  268.15012     4.3070     3.7312 -9.990e-29
 130.624054      5.631    13.8101  33.122490    27.0537      5.581  267.94090  268.14985     4.3692     3.6907 -9.990e-29
 130.624057      5.651    13.8103  33.122666    27.0538      5.601  267.93999  268.14895     4.2447     3.7271 -9.990e-29
 130.624060      5.660    13.8102  33.122549    27.0537      5.610  267.94051  268.14946     4.2914     3.7190 -9.990e-29
 130.624063      5.671    13.8103  33.122256    27.0534      5.621  267.94069  268.14965     4.1202     3.4602 -9.990e-29
 130.624065      5.681    13.8103  33.121377    27.0526      5.630  267.94217  268.15114     3.9801     3.4724 -9.990e-29
 130.624068      5.692    13.8103  33.122490    27.0536      5.641  267.94031  268.14927     3.9957     3.4966 -9.990e-29
 130.624071      5.708    13.8103  33.122080    27.0534      5.657  267.94070  268.14966     4.0580     3.5088 -9.990e-29
 130.624074      5.737    13.8104  33.122373    27.0536      5.686  267.93991  268.14888     4.0424     3.6058 0.0000e+00
 130.624077      5.766    13.8103  33.122666    27.0538      5.715  267.94006  268.14902     4.0580     3.5977 0.0000e+00
 130.624080      5.801    13.8101  33.122666    27.0538      5.749  267.94071  268.14966     4.1358     3.5896 0.0000e+00
 130.624083      5.834    13.8103  33.122549    27.0536      5.782  267.94030  268.14926     4.1202     3.6099 0.0000e+00
 130.624086      5.869    13.8102  33.122491    27.0536      5.816  267.94073  268.14969     3.5443     3.7150 0.0000e+00
 130.624089      5.902    13.8102  33.122784    27.0538      5.849  267.94026  268.14921     3.6533     3.7271 0.0000e+00
 130.624091      5.934    13.8102  33.122901    27.0539      5.881  267.94009  268.14903     3.5910     3.7271 -9.990e-29
 130.624094      5.955    13.8103  33.122901    27.0539      5.901  267.93978  268.14874     3.5132     3.7312 -9.990e-29
 130.624097      5.973    13.8102  33.122960    27.0540      5.919  267.94001  268.14896     3.7155     3.6382 -9.990e-29
 130.624100      5.982    13.8103  33.123136    27.0541      5.928  267.93909  268.14805     3.6222     3.5977 -9.990e-29
 130.624103      5.994    13.8103  33.123136    27.0541      5.941  267.93910  268.14806     3.6222     3.6058 -9.990e-29
 130.624106      6.002    13.8103  33.123370    27.0543      5.948  267.93871  268.14767     3.5910     3.5856 -9.990e-29
 130.624109      6.013    13.8103  33.122901    27.0538      5.959  267.93951  268.14846     3.5288     3.6058 -9.990e-29
 130.624112      6.029    13.8104  33.123370    27.0542      5.975  267.93842  268.14737     3.8245     3.7271 -9.990e-29
 130.624115      6.053    13.8104  33.123312    27.0541      5.999  267.93853  268.14749     3.8401     3.7352 -9.990e-29
 130.624117      6.080    13.8104  33.123312    27.0543      6.026  267.93854  268.14750     3.8556     3.7271 0.0000e+00
 130.624120      6.106    13.8103  33.123546    27.0541      6.051  267.93848  268.14743     3.7934     3.7393 0.0000e+00
 130.624123      6.140    13.8104  33.123312    27.0544      6.085  267.93858  268.14754     4.1202     3.3875 0.0000e+00
 130.624126      6.173    13.8104  33.123781    27.0541      6.118  267.93781  268.14677     3.9957     3.4400 0.0000e+00
 130.624129      6.207    13.8103  33.123312    27.0543      6.152  267.93894  268.14789     4.0735     3.3955 0.0000e+00
