Processed/SBE19plus_01907321_2022_05_04_Cast08_wfilter.cnv
* Sea-Bird SBE19plus  Data File:
* FileName = E:\Prandtl Daten\2022\CTD\Raw\SBE19plus_01907321_2022_05_04_Cast0708_0008.hex
* Software version 2.6.1.12
* Temperature SN = 7321
* Conductivity SN = 7321
* System UpLoad Time = May 04 2022 06:21:56
* <ApplicationData>
* <Seaterm232>
** Messpraktikum 2022
** CTD 04.05 BW1+2
# nquan = 11
# nvalues = 629                         
# units = specified
# name 0 = timeJ: Julian Days
# name 1 = prdM: Pressure, Strain Gauge [db]
# name 2 = tv290C: Temperature [ITS-90, deg C]
# name 3 = c0mS/cm: Conductivity [mS/cm]
# name 4 = sal00: Salinity, Practical [PSU]
# name 5 = depSM: Depth [salt water, m], lat = 54.00
# name 6 = oxsatMm/Kg: Oxygen Saturation, Weiss [umol/kg]
# name 7 = oxsolMm/Kg: Oxygen Saturation, Garcia & Gordon [umol/kg]
# name 8 = turbWETntu0: Turbidity, WET Labs ECO [NTU]
# name 9 = flECO-AFL: Fluorescence, WET Labs ECO-AFL/FL [mg/m^3]
# name 10 = flag:  0.000e+00
# span 0 = 124.257454, 124.259271       
# span 1 =      0.650,     15.467       
# span 2 =    12.5287,    12.5646       
# span 3 =  31.973103,  32.050381       
# span 4 =    26.9030,    26.9729       
# span 5 =      0.644,     15.328       
# span 6 =  275.30110,  275.50623       
# span 7 =  275.44181,  275.64482       
# span 8 =    34.9218,   236.5093       
# span 9 =    10.8925,    21.0743       
# span 10 = 0.0000e+00, 0.0000e+00      
# interval = seconds: 0.25
# start_time = May 04 2022 06:09:22 [Instrument's time stamp, header]
# bad_flag = -9.990e-29
*END*
[from data line 263]
 124.258215      6.998    12.5514  32.013170    26.9286      6.935  275.33642  275.47613    55.5910    14.3295 0.0000e+00
 124.258218      7.027    12.5517  32.013979    26.9287      6.964  275.33404  275.47376    55.4354    14.3295 0.0000e+00
 124.258220      7.054    12.5518  32.013575    26.9287      6.991  275.33415  275.47388    55.5599    14.3215 0.0000e+00
 124.258223      7.082    12.5522  32.012765    26.9277      7.018  275.33403  275.47379    55.5132    14.3376 0.0000e+00
 124.258226      7.111    12.5524  32.011782    26.9272      7.047  275.33486  275.47465    59.1708    14.2608 0.0000e+00
 124.258229      7.138    12.5527  32.011378    26.9266      7.075  275.33402  275.47384    58.9996    14.2608 -9.990e-29
 124.258232      7.158    12.5523  32.011378    26.9263      7.094  275.33593  275.47572    59.0152    14.2689 -9.990e-29
 124.258235      7.175    12.5520  32.011204    26.9263      7.111  275.33752  275.47729    59.0930    14.2648 -9.990e-29
 124.258238      7.190    12.5519  32.010395    26.9256      7.125  275.33961  275.47938    60.2292    14.2810 -9.990e-29
 124.258241      7.206    12.5519  32.010800    26.9260      7.141  275.33858  275.47835    62.7661    15.3688 -9.990e-29
 124.258244      7.226    12.5524  32.010800    26.9254      7.161  275.33638  275.47618    62.9373    15.3647 -9.990e-29
 124.258247      7.252    12.5530  32.010973    26.9253      7.187  275.33355  275.47339    62.9996    15.3809 0.0000e+00
 124.258249      7.277    12.5530  32.010800    26.9252      7.212  275.33388  275.47372    62.8751    15.3768 0.0000e+00
 124.258252      7.310    12.5529  32.010395    26.9252      7.245  275.33526  275.47509    66.5482    15.3607 0.0000e+00
 124.258255      7.341    12.5523  32.011378    26.9262      7.275  275.33605  275.47584    66.3303    15.3485 0.0000e+00
 124.258258      7.368    12.5524  32.012361    26.9271      7.302  275.33399  275.47378    66.5015    15.3688 0.0000e+00
 124.258261      7.397    12.5524  32.013807    26.9284      7.331  275.33143  275.47119    66.3770    15.3768 0.0000e+00
 124.258264      7.425    12.5526  32.014269    26.9287      7.358  275.32967  275.46944    60.3692    14.2163 0.0000e+00
 124.258267      7.452    12.5526  32.015021    26.9290      7.386  275.32802  275.46780    60.3848    14.2002 0.0000e+00
 124.258270      7.478    12.5524  32.014212    26.9293      7.411  275.33044  275.47021    60.4315    14.2244 -9.990e-29
 124.258273      7.494    12.5522  32.015600    26.9302      7.427  275.32923  275.46897    60.3381    14.1961 -9.990e-29
 124.258275      7.507    12.5522  32.016004    26.9306      7.440  275.32851  275.46825    62.5949    15.0574 -9.990e-29
 124.258278      7.525    12.5524  32.015600    26.9300      7.458  275.32798  275.46774    62.6572    15.0412 -9.990e-29
 124.258281      7.542    12.5524  32.015426    26.9298      7.474  275.32831  275.46806    62.6416    15.0736 -9.990e-29
 124.258284      7.561    12.5524  32.015022    26.9295      7.494  275.32936  275.46912    62.6416    15.0695 -9.990e-29
 124.258287      7.585    12.5523  32.015022    26.9279      7.517  275.32969  275.46944    62.5794    15.0614 -9.990e-29
 124.258290      7.615    12.5526  32.013576    26.9286      7.546  275.33072  275.47050    66.4082    15.7125 0.0000e+00
 124.258293      7.645    12.5524  32.014791    26.9292      7.577  275.32951  275.46927    66.5015    15.6882 0.0000e+00
 124.258296      7.680    12.5523  32.014791    26.9293      7.611  275.33017  275.46992    66.2992    15.6680 0.0000e+00
 124.258299      7.709    12.5520  32.016179    26.9307      7.640  275.32897  275.46869    66.3615    15.6842 0.0000e+00
 124.258302      7.738    12.5522  32.017219    26.9312      7.669  275.32649  275.46621    63.4354    14.9765 0.0000e+00
 124.258304      7.766    12.5521  32.018434    26.9316      7.696  275.32465  275.46436    63.4665    14.9927 -9.990e-29
 124.258307      7.790    12.5523  32.017624    26.9319      7.720  275.32517  275.46489    63.4821    15.0048 -9.990e-29
 124.258310      7.813    12.5525  32.017624    26.9317      7.743  275.32423  275.46397    63.4198    14.9887 -9.990e-29
 124.258313      7.826    12.5523  32.018203    26.9324      7.756  275.32416  275.46388    66.9218    15.1949 -9.990e-29
 124.258316      7.841    12.5521  32.018029    26.9324      7.771  275.32542  275.46513    66.9373    15.1787 -9.990e-29
 124.258319      7.858    12.5522  32.019186    26.9334      7.787  275.32305  275.46275    66.7973    15.1868 -9.990e-29
 124.258322      7.872    12.5522  32.019591    26.9336      7.801  275.32233  275.46203    67.0307    15.1828 -9.990e-29
 124.258325      7.897    12.5523  32.019591    26.9335      7.827  275.32172  275.46143    87.4510    17.1965 0.0000e+00
 124.258328      7.925    12.5525  32.019591    26.9336      7.854  275.32079  275.46051    87.5288    17.1803 0.0000e+00
 124.258330      7.956    12.5524  32.020343    26.9342      7.885  275.31978  275.45949    87.5755    17.1884 0.0000e+00
 124.258333      7.982    12.5524  32.020805    26.9347      7.910  275.31928  275.45898    87.5910    17.2450 0.0000e+00
 124.258336      8.018    12.5523  32.025027    26.9387      7.946  275.31207  275.45172    87.5755    17.1803 0.0000e+00
 124.258339      8.045    12.5520  32.024853    26.9387      7.973  275.31366  275.45330    84.5249    16.1856 0.0000e+00
 124.258342      8.075    12.5517  32.031042    26.9387      8.002  275.30387  275.44343    84.6650    16.1856 -9.990e-29
 124.258345      8.096    12.5511  32.030637    26.9447      8.024  275.30745  275.44697    84.6027    16.1734 -9.990e-29
 124.258348      8.120    12.5504  32.030232    26.9448      8.048  275.31136  275.45083    84.5716    16.1937 -9.990e-29
 124.258351      8.140    12.5502  32.031852    26.9464      8.067  275.30910  275.44855    90.0191    16.3797 -9.990e-29
 124.258354      8.153    12.5500  32.031447    26.9462      8.080  275.31079  275.45023    90.1903    16.3837 -9.990e-29
 124.258356      8.169    12.5497  32.033645    26.9485      8.096  275.30813  275.44753    90.0346    16.4080 -9.990e-29
 124.258359      8.189    12.5494  32.033182    26.9483      8.116  275.31055  275.44993    89.9879    16.3837 -9.990e-29
 124.258362      8.209    12.5491  32.033240    26.9495      8.136  275.31172  275.45109    86.0657    17.0388 -9.990e-29
 124.258365      8.240    12.5488  32.034050    26.9495      8.166  275.31156  275.45090    86.1124    17.0186 0.0000e+00
 124.258368      8.268    12.5487  32.034050    26.9495      8.194  275.31189  275.45123    86.0657    17.0186 0.0000e+00
 124.258371      8.297    12.5485  32.035265    26.9508      8.222  275.31069  275.44999    86.1280    17.0388 0.0000e+00
 124.258374      8.330    12.5484  32.036248    26.9518      8.255  275.30958  275.44887    91.5599    16.3311 0.0000e+00
 124.258377      8.361    12.5485  32.037463    26.9528      8.286  275.30711  275.44639    91.5132    16.3473 0.0000e+00
 124.258380      8.392    12.5485  32.037463    26.9528      8.317  275.30713  275.44641    91.4821    16.2907 0.0000e+00
 124.258383      8.419    12.5487  32.038272    26.9528      8.344  275.30475  275.44404    91.5755    16.2988 -9.990e-29
 124.258385      8.441    12.5487  32.038272    26.9534      8.365  275.30445  275.44374    91.4665    16.3069 -9.990e-29
 124.258388      8.456    12.5485  32.038099    26.9534      8.380  275.30572  275.44500    93.8634    16.4120 -9.990e-29
 124.258391      8.467    12.5486  32.036827    26.9521      8.391  275.30769  275.44698    93.8945    16.4161 -9.990e-29
 124.258394      8.485    12.5484  32.037868    26.9532      8.409  275.30678  275.44605    93.8634    16.4161 -9.990e-29
 124.258397      8.497    12.5481  32.038909    26.9544      8.421  275.30619  275.44544    93.9568    16.3999 -9.990e-29
 124.258400      8.518    12.5480  32.039487    26.9546      8.441  275.30580  275.44503    96.1047    17.0307 -9.990e-29
 124.258403      8.549    12.5480  32.039083    26.9545      8.472  275.30655  275.44578    96.0424    17.0186 0.0000e+00
 124.258406      8.576    12.5480  32.038909    26.9546      8.499  275.30688  275.44611    96.1825    17.0186 0.0000e+00
 124.258409      8.603    12.5479  32.039314    26.9546      8.526  275.30649  275.44571    96.0268    17.0347 0.0000e+00
 124.258411      8.633    12.5478  32.038909    26.9547      8.555  275.30786  275.44708    97.7078    17.0307 0.0000e+00
 124.258414      8.660    12.5474  32.039893    26.9546      8.582  275.30770  275.44689    97.7545    17.0024 -9.990e-29
 124.258417      8.684    12.5473  32.040066    26.9560      8.606  275.30772  275.44690    97.7545    17.0388 -9.990e-29
 124.258420      8.716    12.5475  32.040240    26.9560      8.638  275.30680  275.44599    97.7389    17.0267 0.0000e+00
 124.258423      8.746    12.5477  32.040067    26.9560      8.667  275.30618  275.44539   100.3070    16.4322 -9.990e-29
 124.258426      8.769    12.5473  32.041108    26.9569      8.691  275.30591  275.44508   100.2447    16.4605 -9.990e-29
 124.258429      8.793    12.5472  32.040067    26.9560      8.714  275.30843  275.44760   100.2136    16.4767 -9.990e-29
 124.258432      8.820    12.5470  32.041281    26.9573      8.741  275.30722  275.44636   100.2759    16.4282 -9.990e-29
 124.258435      8.842    12.5466  32.041282    26.9576      8.763  275.30881  275.44794   100.2447    16.4646 -9.990e-29
 124.258438      8.868    12.5463  32.041687    26.9581      8.788  275.30937  275.44847    93.9879    16.6182 -9.990e-29
 124.258440      8.886    12.5461  32.041918    26.9585      8.807  275.30992  275.44900    94.1903    16.5940 -9.990e-29
 124.258443      8.905    12.5463  32.041918    26.9584      8.825  275.30930  275.44839    94.0813    16.6304 -9.990e-29
 124.258446      8.919    12.5461  32.042497    26.9590      8.839  275.30890  275.44798    94.0346    16.6102 -9.990e-29
 124.258449      8.936    12.5462  32.042323    26.9588      8.856  275.30891  275.44799    89.5521    16.9498 -9.990e-29
 124.258452      8.955    12.5464  32.042323    26.9586      8.875  275.30797  275.44707    89.6144    16.9498 -9.990e-29
 124.258455      8.979    12.5464  32.041918    26.9580      8.899  275.30871  275.44781    89.5677    16.9903 -9.990e-29
 124.258458      9.010    12.5468  32.041918    26.9577      8.929  275.30715  275.44628    89.4276    16.9741 0.0000e+00
 124.258461      9.041    12.5467  32.041282    26.9580      8.960  275.30863  275.44775    96.1513    16.5252 0.0000e+00
 124.258464      9.072    12.5468  32.042092    26.9578      8.991  275.30688  275.44600    96.1358    16.5333 0.0000e+00
 124.258466      9.099    12.5472  32.041919    26.9581      9.018  275.30531  275.44447    96.1513    16.5333 -9.990e-29
 124.258469      9.123    12.5475  32.042497    26.9579      9.041  275.30271  275.44188    96.0735    16.5414 -9.990e-29
 124.258472      9.149    12.5475  32.041919    26.9574      9.067  275.30408  275.44325   111.1708    17.0873 -9.990e-29
 124.258475      9.169    12.5474  32.042497    26.9580      9.087  275.30337  275.44254   111.3264    17.0630 -9.990e-29
 124.258478      9.192    12.5468  32.043481    26.9593      9.110  275.30416  275.44327   111.1552    17.0671 -9.990e-29
 124.258481      9.216    12.5464  32.043886    26.9600      9.134  275.30535  275.44443   111.1241    17.0711 -9.990e-29
 124.258484      9.240    12.5458  32.044522    26.9610      9.157  275.30675  275.44579   111.1552    17.0752 -9.990e-29
 124.258487      9.265    12.5456  32.044522    26.9612      9.182  275.30803  275.44705   115.6222    17.7343 -9.990e-29
 124.258490      9.289    12.5454  32.044696    26.9614      9.206  275.30837  275.44738   115.5132    17.7100 -9.990e-29
 124.258492      9.313    12.5453  32.045506    26.9623      9.229  275.30757  275.44656   115.8089    17.7060 -9.990e-29
 124.258495      9.338    12.5450  32.044927    26.9619      9.254  275.30989  275.44887   115.7467    17.6858 -9.990e-29
 124.258498      9.364    12.5449  32.045332    26.9624      9.280  275.30949  275.44846   125.0541    17.7949 -9.990e-29
 124.258501      9.389    12.5446  32.044927    26.9622      9.305  275.31150  275.45046   125.0074    17.7666 -9.990e-29
 124.258504      9.415    12.5445  32.045506    26.9628      9.331  275.31111  275.45005   125.0385    17.7707 -9.990e-29
 124.258507      9.437    12.5443  32.045333    26.9628      9.352  275.31239  275.45132   125.0696    17.8071 -9.990e-29
 124.258510      9.457    12.5442  32.045333    26.9628      9.372  275.31272  275.45164   126.2525    18.2681 -9.990e-29
 124.258513      9.479    12.5440  32.046200    26.9638      9.394  275.31213  275.45103   126.1747    18.2802 -9.990e-29
 124.258516      9.503    12.5436  32.045911    26.9638      9.418  275.31456  275.45343   126.1436    18.2761 -9.990e-29
 124.258519      9.526    12.5431  32.045911    26.9641      9.441  275.31647  275.45532   126.2525    18.2802 -9.990e-29
 124.258521      9.550    12.5429  32.045333    26.9638      9.464  275.31878  275.45762   133.3031    18.2155 -9.990e-29
 124.258524      9.570    12.5428  32.046316    26.9647      9.484  275.31735  275.45617   133.5366    18.2195 -9.990e-29
 124.258527      9.592    12.5424  32.046722    26.9653      9.506  275.31822  275.45702   133.3342    18.2438 -9.990e-29
 124.258530      9.618    12.5424  32.046722    26.9648      9.531  275.31824  275.45703   133.3498    18.2195 0.0000e+00
 124.258533      9.647    12.5421  32.045507    26.9653      9.560  275.32170  275.46049   133.1630    18.2397 0.0000e+00
 124.258536      9.672    12.5419  32.047127    26.9661      9.586  275.32008  275.45883   148.7272    18.8625 0.0000e+00
 124.258539      9.701    12.5417  32.047127    26.9661      9.615  275.32073  275.45947   148.5871    18.8948 0.0000e+00
 124.258542      9.727    12.5414  32.047705    26.9662      9.640  275.32129  275.46001   148.5871    18.8463 -9.990e-29
 124.258545      9.747    12.5411  32.047705    26.9672      9.660  275.32257  275.46127   148.5560    18.8746 -9.990e-29
 124.258547      9.767    12.5408  32.048342    26.9680      9.680  275.32271  275.46138   142.9840    18.6401 -9.990e-29
 124.258550      9.795    12.5403  32.047937    26.9679      9.707  275.32567  275.46431   143.0307    18.6077 -9.990e-29
 124.258553      9.816    12.5397  32.047706    26.9682      9.728  275.32894  275.46754   142.8128    18.5956 -9.990e-29
 124.258556      9.847    12.5393  32.048111    26.9688      9.759  275.32982  275.46839   143.0463    18.6320 -9.990e-29
 124.258559      9.871    12.5389  32.046549    26.9689      9.783  275.33453  275.47309   148.1202    18.5268 -9.990e-29
 124.258562      9.897    12.5389  32.047938    26.9689      9.808  275.33206  275.47060   148.1202    18.5511 0.0000e+00
 124.258565      9.922    12.5387  32.048747    26.9689      9.834  275.33125  275.46979   148.2914    18.5592 -9.990e-29
 124.258568      9.944    12.5387  32.047301    26.9684      9.855  275.33386  275.47240   148.1825    18.5754 -9.990e-29
 124.258571      9.964    12.5387  32.048111    26.9696      9.875  275.33274  275.47127   151.6844    18.7412 -9.990e-29
 124.258573      9.990    12.5385  32.048343    26.9696      9.900  275.33329  275.47180   151.5599    18.7614 0.0000e+00
 124.258576     10.017    12.5382  32.047128    26.9696      9.928  275.33643  275.47495   151.5910    18.7816 -9.990e-29
 124.258579     10.039    12.5378  32.047533    26.9693      9.949  275.33762  275.47610   151.6689    18.7735 -9.990e-29
 124.258582     10.059    12.5377  32.048517    26.9703      9.969  275.33650  275.47496   151.5910    18.7250 -9.990e-29
 124.258585     10.081    12.5374  32.048343    26.9703      9.991  275.33809  275.47654   149.4587    18.6158 -9.990e-29
 124.258588     10.099    12.5374  32.047938    26.9699     10.009  275.33883  275.47728   149.4587    18.6037 -9.990e-29
