Processed/SBE19plus_01907321_2022_05_10_Cast108_wfilter.cnv
* Sea-Bird SBE19plus  Data File:
* FileName = E:\Prandtl_Daten\2022\CTD\Raw\SBE19plus_01907321_2022_05_10_Cast108.hex
* Software version 2.6.1.12
* Temperature SN = 7321
* Conductivity SN = 7321
* System UpLoad Time = May 10 2022 08:41:15
* <ApplicationData>
* <Seaterm232>
** Messpraktikum 2022
** CTD 09.05  BM
** NMEA Latitude = 54 07.80N
** NMEA Longitude = 008 4712E
# nquan = 11
# nvalues = 519                         
# units = specified
# name 0 = timeJ: Julian Days
# name 1 = prdM: Pressure, Strain Gauge [db]
# name 2 = tv290C: Temperature [ITS-90, deg C]
# name 3 = c0mS/cm: Conductivity [mS/cm]
# name 4 = sal00: Salinity, Practical [PSU]
# name 5 = depSM: Depth [salt water, m], lat = 54.00
# name 6 = oxsatMm/Kg: Oxygen Saturation, Weiss [umol/kg]
# name 7 = oxsolMm/Kg: Oxygen Saturation, Garcia & Gordon [umol/kg]
# name 8 = turbWETntu0: Turbidity, WET Labs ECO [NTU]
# name 9 = flECO-AFL: Fluorescence, WET Labs ECO-AFL/FL [mg/m^3]
# name 10 = flag:  0.000e+00
# span 0 = 130.357118, 130.358617       
# span 1 =      0.559,     15.035       
# span 2 =    13.5981,    13.7066       
# span 3 =  32.925677,  33.075139       
# span 4 =    27.0185,    27.0815       
# span 5 =      0.554,     14.901       
# span 6 =  268.46669,  269.16912       
# span 7 =  268.66983,  269.36687       
# span 8 =     0.9607,   305.4587       
# span 9 =     2.5989,     8.9555       
# span 10 = 0.0000e+00, 0.0000e+00      
# interval = seconds: 0.25
# start_time = May 10 2022 08:32:41 [Instrument's time stamp, header]
# bad_flag = -9.990e-29
*END*
[from data line 263]
 130.357879      8.030    13.6779  33.042624    27.0738      7.958  268.63872  268.84038     9.4276     4.0870 0.0000e+00
 130.357882      8.063    13.6782  33.042682    27.0738      7.991  268.63739  268.83906     9.1941     4.1436 0.0000e+00
 130.357885      8.096    13.6784  33.043502    27.0739      8.023  268.63508  268.83676     9.1163     4.2407 0.0000e+00
 130.357888      8.125    13.6787  33.043385    27.0741      8.052  268.63404  268.83574     9.3187     4.2043 0.0000e+00
 130.357891      8.154    13.6787  33.043736    27.0739      8.081  268.63347  268.83516     9.0696     4.2083 -9.990e-29
 130.357894      8.176    13.6789  33.044380    27.0746      8.103  268.63145  268.83316     9.2875     4.2568 -9.990e-29
 130.357896      8.201    13.6793  33.044790    27.0747      8.128  268.62920  268.83093     9.1630     4.2811 -9.990e-29
 130.357899      8.225    13.6795  33.044790    27.0746      8.152  268.62828  268.83002     9.8634     4.2649 -9.990e-29
 130.357902      8.252    13.6797  33.044966    27.0744      8.179  268.62737  268.82912    10.1591     4.2771 0.0000e+00
 130.357905      8.282    13.6799  33.044556    27.0744      8.208  268.62714  268.82890    10.0035     4.3013 0.0000e+00
 130.357908      8.314    13.6799  33.044966    27.0744      8.240  268.62615  268.82792    10.1591     4.2488 0.0000e+00
 130.357911      8.349    13.6799  33.044966    27.0744      8.274  268.62649  268.82825     9.4899     4.1638 0.0000e+00
 130.357914      8.382    13.6798  33.044557    27.0741      8.307  268.62752  268.82928     9.5988     4.0951 0.0000e+00
 130.357917      8.407    13.6799  33.044147    27.0737      8.332  268.62791  268.82968     9.5210     4.1436 0.0000e+00
 130.357920      8.435    13.6796  33.043796    27.0735      8.359  268.62978  268.83153     9.6922     4.1355 0.0000e+00
 130.357922      8.464    13.6794  33.043093    27.0730      8.388  268.63161  268.83336     9.0541     4.3215 0.0000e+00
 130.357925      8.497    13.6791  33.042918    27.0730      8.421  268.63318  268.83491     9.1630     4.3094 0.0000e+00
 130.357928      8.524    13.6788  33.043386    27.0733      8.448  268.63366  268.83537     9.1941     4.3418 0.0000e+00
 130.357931      8.551    13.6787  33.043094    27.0737      8.475  268.63480  268.83650     9.0385     4.2811 -9.990e-29
 130.357934      8.573    13.6788  33.043328    27.0736      8.497  268.63410  268.83581     8.2603     3.9900 -9.990e-29
 130.357937      8.595    13.6790  33.043796    27.0739      8.518  268.63238  268.83410     8.2292     3.9617 -9.990e-29
 130.357940      8.619    13.6791  33.043504    27.0730      8.542  268.63258  268.83430     8.2292     4.0142 -9.990e-29
 130.357943      8.646    13.6788  33.042626    27.0729      8.569  268.63533  268.83705     8.3070     3.9455 0.0000e+00
 130.357946      8.674    13.6784  33.042040    27.0727      8.596  268.63791  268.83961     8.3226     3.9576 0.0000e+00
 130.357948      8.703    13.6779  33.041631    27.0727      8.625  268.64082  268.84248     7.0307     4.0749 0.0000e+00
 130.357951      8.739    13.6777  33.042392    27.0727      8.661  268.64018  268.84183     7.0152     4.0910 0.0000e+00
 130.357954      8.768    13.6779  33.038938    27.0702      8.690  268.64541  268.84710     7.0619     4.0789 0.0000e+00
 130.357957      8.805    13.6769  33.036889    27.0691      8.726  268.65328  268.85493     7.2331     4.0789 0.0000e+00
 130.357960      8.834    13.6752  33.034080    27.0677      8.755  268.66527  268.86683     6.4082     3.9293 0.0000e+00
 130.357963      8.872    13.6733  33.032676    27.0677      8.793  268.67551  268.87697     6.3615     3.8646 0.0000e+00
 130.357966      8.905    13.6714  33.033554    27.0688      8.826  268.68220  268.88354     6.3303     3.9617 0.0000e+00
 130.357969      8.931    13.6705  33.032091    27.0699      8.851  268.68846  268.88976     6.1747     3.9819 -9.990e-29
 130.357972      8.955    13.6696  33.029984    27.0679      8.874  268.69580  268.89706     7.2019     4.0021 -9.990e-29
 130.357975      8.975    13.6685  33.029164    27.0679      8.894  268.70190  268.90311     7.2642     3.9576 -9.990e-29
 130.357977      8.995    13.6674  33.027526    27.0692      8.914  268.70970  268.91085     7.3576     4.0183 -9.990e-29
 130.357980      9.024    13.6661  33.028755    27.0690      8.943  268.71298  268.91404     7.1864     3.9980 0.0000e+00
 130.357983      9.053    13.6656  33.027760    27.0692      8.972  268.71687  268.91791     7.4510     4.0587 0.0000e+00
 130.357986      9.086    13.6652  33.030219    27.0711      9.005  268.71431  268.91530     7.4976     4.0061 0.0000e+00
 130.357989      9.117    13.6660  33.031272    27.0711      9.035  268.70941  268.91044     7.4198     4.1072 0.0000e+00
 130.357992      9.151    13.6669  33.028931    27.0689      9.069  268.70931  268.91042     7.4354     4.0749 0.0000e+00
 130.357995      9.182    13.6674  33.029399    27.0688      9.100  268.70665  268.90779     7.6844     4.0223 0.0000e+00
 130.357998      9.213    13.6671  33.027936    27.0689      9.131  268.71040  268.91153     7.8245     4.0668 -9.990e-29
 130.358001      9.237    13.6662  33.027936    27.0683      9.154  268.71418  268.91526     7.5599     4.1598 -9.990e-29
 130.358003      9.268    13.6657  33.028112    27.0689      9.185  268.71610  268.91714     7.7311     4.1234 -9.990e-29
 130.358006      9.292    13.6654  33.029166    27.0700      9.208  268.71527  268.91629     7.7000     4.1315 -9.990e-29
 130.358009      9.314    13.6657  33.029107    27.0689      9.230  268.71413  268.91517    10.2369     4.3984 -9.990e-29
 130.358012      9.339    13.6664  33.028756    27.0689      9.255  268.71192  268.91300    10.5638     4.4590 0.0000e+00
 130.358015      9.364    13.6665  33.030805    27.0689      9.281  268.70784  268.90891    10.4860     4.4833 -9.990e-29
 130.358018      9.388    13.6672  33.033263    27.0719      9.304  268.70087  268.90197    10.2836     4.3862 -9.990e-29
 130.358021      9.416    13.6685  33.033731    27.0724      9.331  268.69445  268.89562    10.6572     4.8149 0.0000e+00
 130.358024      9.450    13.6698  33.035839    27.0729      9.366  268.68558  268.88681    10.5015     4.7663 0.0000e+00
 130.358027      9.483    13.6709  33.038239    27.0742      9.398  268.67684  268.87811    10.2369     4.8068 0.0000e+00
 130.358030      9.521    13.6724  33.039351    27.0742      9.436  268.66839  268.86975    10.7506     4.8229 0.0000e+00
 130.358032      9.551    13.6739  33.039819    27.0740      9.465  268.66134  268.86279    10.0657     4.3781 0.0000e+00
 130.358035      9.585    13.6749  33.041048    27.0736      9.499  268.65521  268.85670    10.3459     4.3418 0.0000e+00
 130.358038      9.618    13.6755  33.040814    27.0733      9.532  268.65280  268.85434    10.2214     4.4024 0.0000e+00
 130.358041      9.647    13.6761  33.040814    27.0731      9.561  268.65031  268.85188    10.3615     4.4145 0.0000e+00
 130.358044      9.678    13.6766  33.042512    27.0729      9.592  268.64526  268.84685    10.3303     4.3134 -9.990e-29
 130.358047      9.700    13.6773  33.043332    27.0743      9.613  268.64107  268.84269    10.5327     4.6208 -9.990e-29
 130.358050      9.720    13.6780  33.043215    27.0737      9.633  268.63814  268.83981    10.5482     4.5682 -9.990e-29
 130.358053      9.740    13.6784  33.043917    27.0740      9.653  268.63540  268.83708    10.5171     4.5318 -9.990e-29
 130.358056      9.760    13.6785  33.043507    27.0747      9.673  268.63548  268.83717    10.5482     4.5358 -9.990e-29
 130.358058      9.790    13.6788  33.044971    27.0747      9.702  268.63177  268.83347     9.0852     4.9685 0.0000e+00
 130.358061      9.815    13.6793  33.045381    27.0747      9.727  268.62921  268.83093     8.7895     4.8998 0.0000e+00
 130.358064      9.852    13.6799  33.045966    27.0747      9.763  268.62542  268.82718     9.0229     4.9645 0.0000e+00
 130.358067      9.886    13.6802  33.045791    27.0745      9.798  268.62448  268.82626     9.0541     4.9564 0.0000e+00
 130.358070      9.924    13.6804  33.046025    27.0744      9.836  268.62348  268.82527     8.4004     4.0466 0.0000e+00
 130.358073      9.959    13.6805  33.045966    27.0744      9.870  268.62329  268.82508     8.2292     3.9495 0.0000e+00
 130.358076      9.988    13.6807  33.046025    27.0743      9.899  268.62227  268.82407     8.3226     3.9617 0.0000e+00
 130.358079     10.019    13.6807  33.045791    27.0742      9.930  268.62268  268.82449     8.3226     3.9819 0.0000e+00
 130.358082     10.047    13.6808  33.045967    27.0740      9.957  268.62209  268.82390     8.3848     3.9617 -9.990e-29
 130.358084     10.061    13.6809  33.045206    27.0733      9.971  268.62275  268.82458     8.5716     3.9010 -9.990e-29
 130.358087     10.076    13.6808  33.045791    27.0740      9.986  268.62240  268.82421     8.5716     3.9536 -9.990e-29
 130.358090     10.092    13.6808  33.044386    27.0727     10.002  268.62479  268.82661     8.3848     3.9212 -9.990e-29
 130.358093     10.114    13.6802  33.043508    27.0728     10.024  268.62879  268.83059     8.6805     3.9859 -9.990e-29
 130.358096     10.147    13.6793  33.043333    27.0733     10.056  268.63287  268.83462     7.9490     4.0910 0.0000e+00
 130.358099     10.187    13.6788  33.044211    27.0733     10.096  268.63361  268.83532     8.0268     4.1557 0.0000e+00
 130.358102     10.227    13.6787  33.043509    27.0733     10.136  268.63514  268.83684     8.0268     4.1355 0.0000e+00
 130.358105     10.271    13.6787  33.043216    27.0730     10.179  268.63566  268.83737     8.2447     4.1517 0.0000e+00
 130.358108     10.304    13.6783  33.042689    27.0728     10.212  268.63845  268.84014     7.1552     4.1274 0.0000e+00
 130.358111     10.340    13.6779  33.042046    27.0727     10.248  268.64113  268.84280     7.0930     4.1234 0.0000e+00
 130.358113     10.366    13.6777  33.041636    27.0725     10.273  268.64278  268.84444     7.2486     4.1274 -9.990e-29
 130.358116     10.388    13.6775  33.041870    27.0726     10.295  268.64302  268.84467     7.4043     4.1153 -9.990e-29
 130.358119     10.412    13.6771  33.041226    27.0723     10.318  268.64569  268.84733     7.0307     3.8970 -9.990e-29
 130.358122     10.432    13.6769  33.041812    27.0729     10.338  268.64566  268.84727     6.7194     3.8808 -9.990e-29
 130.358125     10.452    13.6769  33.041870    27.0730     10.358  268.64557  268.84719     6.8751     3.8444 -9.990e-29
 130.358128     10.467    13.6769  33.040817    27.0722     10.373  268.64768  268.84929     6.8128     3.8929 -9.990e-29
 130.358131     10.492    13.6764  33.040641    27.0722     10.398  268.64987  268.85146     6.7194     3.9131 0.0000e+00
 130.358134     10.519    13.6763  33.040407    27.0721     10.425  268.65091  268.85250     6.7506     3.9172 0.0000e+00
 130.358137     10.550    13.6759  33.038768    27.0721     10.456  268.65527  268.85685     6.9218     3.9697 0.0000e+00
 130.358139     10.585    13.6756  33.040817    27.0725     10.490  268.65308  268.85462     6.8751     3.9333 0.0000e+00
 130.358142     10.621    13.6757  33.040408    27.0725     10.526  268.65348  268.85503     6.7039     3.9536 0.0000e+00
 130.358145     10.654    13.6758  33.039237    27.0713     10.559  268.65485  268.85642     7.4198     3.9859 0.0000e+00
 130.358148     10.687    13.6752  33.038769    27.0713     10.591  268.65818  268.85971     7.3576     4.0385 0.0000e+00
 130.358151     10.716    13.6749  33.037891    27.0707     10.620  268.66125  268.86277     7.5599     4.0223 0.0000e+00
 130.358154     10.746    13.6746  33.037247    27.0707     10.649  268.66361  268.86512     7.5288     4.0183 0.0000e+00
 130.358157     10.776    13.6741  33.038125    27.0715     10.680  268.66434  268.86581     7.6222     4.2083 0.0000e+00
 130.358160     10.802    13.6738  33.038769    27.0718     10.705  268.66421  268.86566     7.6844     4.1921 0.0000e+00
 130.358163     10.829    13.6739  33.038652    27.0722     10.732  268.66411  268.86557     7.6533     4.2407 -9.990e-29
 130.358166     10.853    13.6743  33.037716    27.0710     10.756  268.66414  268.86563     7.7311     4.1638 -9.990e-29
 130.358168     10.877    13.6745  33.036896    27.0709     10.779  268.66460  268.86610     7.8401     4.0910 -9.990e-29
 130.358171     10.908    13.6735  33.037072    27.0712     10.810  268.66840  268.86985     7.8712     4.0870 0.0000e+00
 130.358174     10.940    13.6732  33.037482    27.0714     10.842  268.66898  268.87041     7.6066     4.0749 0.0000e+00
 130.358177     10.968    13.6732  33.038536    27.0724     10.870  268.66753  268.86894     7.7622     4.0991 0.0000e+00
 130.358180     10.999    13.6735  33.039063    27.0724     10.900  268.66540  268.86683     9.1008     4.2892 0.0000e+00
 130.358183     11.033    13.6740  33.038946    27.0722     10.935  268.66343  268.86489     9.0229     4.3013 0.0000e+00
 130.358186     11.061    13.6743  33.039063    27.0722     10.962  268.66199  268.86347     8.9296     4.2407 0.0000e+00
 130.358189     11.090    13.6745  33.041463    27.0741     10.991  268.65701  268.85848     8.9918     4.2973 0.0000e+00
 130.358192     11.123    13.6752  33.042048    27.0741     11.023  268.65322  268.85472     9.1319     4.2609 0.0000e+00
 130.358194     11.148    13.6759  33.042400    27.0741     11.048  268.64950  268.85105    13.4276     4.9604 0.0000e+00
 130.358197     11.179    13.6767  33.042283    27.0740     11.079  268.64627  268.84787    13.6299     4.8957 -9.990e-29
 130.358200     11.203    13.6774  33.043336    27.0737     11.103  268.64136  268.84300    13.5210     4.8876 -9.990e-29
 130.358203     11.227    13.6778  33.044976    27.0749     11.126  268.63704  268.83869    13.7545     4.9806 -9.990e-29
 130.358206     11.249    13.6784  33.045795    27.0752     11.148  268.63316  268.83483    14.9529     5.0090 -9.990e-29
 130.358209     11.268    13.6795  33.048547    27.0783     11.168  268.62382  268.82553    15.0774     4.9806 -9.990e-29
 130.358212     11.294    13.6812  33.051357    27.0786     11.193  268.61187  268.81367    15.0930     4.9968 0.0000e+00
 130.358215     11.321    13.6835  33.053757    27.0783     11.220  268.59811  268.80002    15.2642     4.9321 0.0000e+00
 130.358218     11.352    13.6855  33.052937    27.0766     11.251  268.59073  268.79278    17.1008     5.3284 0.0000e+00
 130.358220     11.380    13.6864  33.053523    27.0766     11.278  268.58599  268.78809    17.4899     5.2597 0.0000e+00
 130.358223     11.411    13.6869  33.055162    27.0777     11.308  268.58136  268.78347    17.2875     5.2799 0.0000e+00
 130.358226     11.447    13.6879  33.059261    27.0805     11.345  268.57007  268.77221    17.2875     5.2920 0.0000e+00
 130.358229     11.482    13.6895  33.060373    27.0805     11.379  268.56131  268.76354    14.2525     5.0696 0.0000e+00
 130.358232     11.517    13.6915  33.061837    27.0804     11.413  268.55039  268.75273    14.3303     5.0898 0.0000e+00
 130.358235     11.555    13.6932  33.061251    27.0797     11.451  268.54419  268.74663    14.2525     5.0292 0.0000e+00
 130.358238     11.588    13.6942  33.063125    27.0792     11.484  268.53666  268.73915    14.4237     5.0939 0.0000e+00
 130.358241     11.613    13.6951  33.064765    27.0797     11.509  268.53045  268.73298    14.4860     5.0777 -9.990e-29
 130.358244     11.635    13.6962  33.065819    27.0807     11.531  268.52398  268.72657    15.5910     4.9806 -9.990e-29
 130.358247     11.655    13.6970  33.066638    27.0808     11.551  268.51885  268.72148    15.2331     4.9645 -9.990e-29
 130.358249     11.677    13.6979  33.066814    27.0804     11.572  268.51511  268.71779    15.3887     5.0211 -9.990e-29
 130.358252     11.700    13.6985  33.067458    27.0805     11.596  268.51122  268.71393    15.3731     4.9685 -9.990e-29
