Processed/SBE19plus_01907321_2022_05_06_Cast44_wfilter.cnv
* Sea-Bird SBE19plus  Data File:
* FileName = E:\Prandtl Daten\2022\CTD\Raw\SBE19plus_01907321_2022_05_06_Cast44.hex
* Software version 2.6.1.12
* Temperature SN = 7321
* Conductivity SN = 7321
* System UpLoad Time = May 06 2022 09:56:03
* <ApplicationData>
* <Seaterm232>
** Messpraktikum 2022
** CTD 06.05 KFN
** NMEA Latitude = 54 06.200 N
** NMEA Longitude = 008 36.258 E
# nquan = 11
# nvalues = 451                         
# units = specified
# name 0 = timeJ: Julian Days
# name 1 = prdM: Pressure, Strain Gauge [db]
# name 2 = tv290C: Temperature [ITS-90, deg C]
# name 3 = c0mS/cm: Conductivity [mS/cm]
# name 4 = sal00: Salinity, Practical [PSU]
# name 5 = depSM: Depth [salt water, m], lat = 54.00
# name 6 = oxsatMm/Kg: Oxygen Saturation, Weiss [umol/kg]
# name 7 = oxsolMm/Kg: Oxygen Saturation, Garcia & Gordon [umol/kg]
# name 8 = turbWETntu0: Turbidity, WET Labs ECO [NTU]
# name 9 = flECO-AFL: Fluorescence, WET Labs ECO-AFL/FL [mg/m^3]
# name 10 = flag:  0.000e+00
# span 0 = 126.409320, 126.410622       
# span 1 =      0.756,     13.442       
# span 2 =    11.9990,    12.1021       
# span 3 =  31.515624,  31.745741       
# span 4 =    26.8093,    27.0708       
# span 5 =      0.750,     13.322       
# span 6 =  278.20255,  278.47973       
# span 7 =  278.31682,  278.58904       
# span 8 =    13.0385,    20.8362       
# span 9 =     7.2249,    10.4840       
# span 10 = 0.0000e+00, 0.0000e+00      
# interval = seconds: 0.25
# start_time = May 06 2022 09:48:13 [Instrument's time stamp, header]
# bad_flag = -9.990e-29
*END*
[from data line 132]
 126.409702      4.320    12.0716  31.520905    26.8126      4.281  278.38840  278.50085    16.8206    10.0878 -9.990e-29
 126.409705      4.344    12.0710  31.520733    26.8138      4.305  278.39128  278.50370    16.8362    10.0918 -9.990e-29
 126.409708      4.380    12.0704  31.521308    26.8139      4.341  278.39311  278.50548    16.7739    10.0514 0.0000e+00
 126.409711      4.415    12.0703  31.521308    26.8139      4.376  278.39345  278.50582    16.8206    10.0837 0.0000e+00
 126.409714      4.459    12.0704  31.521940    26.8139      4.419  278.39169  278.50405    16.6650     9.6713 0.0000e+00
 126.409716      4.495    12.0704  31.520561    26.8142      4.455  278.39456  278.50694    16.4938     9.6996 0.0000e+00
 126.409719      4.534    12.0703  31.521711    26.8134      4.493  278.39279  278.50515    16.5716     9.6996 0.0000e+00
 126.409722      4.563    12.0703  31.520906    26.8142      4.522  278.39429  278.50666    16.5716     9.6672 0.0000e+00
 126.409725      4.596    12.0701  31.521538    26.8138      4.555  278.39411  278.50645    16.7895     9.6430 0.0000e+00
 126.409728      4.623    12.0699  31.521941    26.8142      4.582  278.39402  278.50635    16.8206     9.6187 -9.990e-29
 126.409731      4.647    12.0704  31.521711    26.8141      4.605  278.39255  278.50492    16.9296     9.6349 -9.990e-29
 126.409734      4.669    12.0704  31.521539    26.8139      4.627  278.39288  278.50525    16.8050     9.6066 -9.990e-29
 126.409737      4.691    12.0705  31.521136    26.8135      4.649  278.39300  278.50538    16.7895     9.6187 -9.990e-29
 126.409740      4.713    12.0706  31.522113    26.8141      4.670  278.39090  278.50328    18.7661    10.1242 -9.990e-29
 126.409742      4.738    12.0709  31.522114    26.8140      4.696  278.38965  278.50204    18.7973    10.1484 0.0000e+00
 126.409745      4.767    12.0709  31.521941    26.8139      4.725  278.38967  278.50207    18.8284    10.1120 0.0000e+00
 126.409748      4.802    12.0712  31.521711    26.8136      4.759  278.38884  278.50126    18.8751    10.1322 0.0000e+00
 126.409751      4.835    12.0713  31.521941    26.8135      4.791  278.38780  278.50023    18.2214    10.0271 0.0000e+00
 126.409754      4.871    12.0715  31.521884    26.8136      4.827  278.38730  278.49974    18.2992     9.9988 0.0000e+00
 126.409757      4.904    12.0714  31.522516    26.8134      4.860  278.38648  278.49890    18.3615     9.9988 0.0000e+00
 126.409760      4.936    12.0713  31.521712    26.8140      4.892  278.38829  278.50072    18.3459    10.0150 0.0000e+00
 126.409763      4.971    12.0716  31.522919    26.8138      4.926  278.38483  278.49727    15.3576     9.5702 0.0000e+00
 126.409766      4.998    12.0719  31.522689    26.8140      4.954  278.38400  278.49646    15.3576     9.5904 0.0000e+00
 126.409769      5.027    12.0723  31.523321    26.8138      4.983  278.38095  278.49343    15.2642     9.5378 -9.990e-29
 126.409771      5.051    12.0726  31.522517    26.8131      5.006  278.38117  278.49368    15.3109     9.5540 -9.990e-29
 126.409774      5.071    12.0727  31.522517    26.8130      5.026  278.38086  278.49338    15.8868    10.0150 -9.990e-29
 126.409777      5.097    12.0729  31.522689    26.8132      5.051  278.37929  278.49182    15.8868    10.0231 0.0000e+00
 126.409780      5.124    12.0731  31.523092    26.8133      5.078  278.37793  278.49047    15.8556    10.0029 0.0000e+00
 126.409783      5.151    12.0732  31.523494    26.8133      5.105  278.37690  278.48943    15.7934     9.9988 0.0000e+00
 126.409786      5.184    12.0734  31.523322    26.8133      5.138  278.37628  278.48883    15.9023     9.9867 0.0000e+00
 126.409789      5.219    12.0734  31.523322    26.8133      5.172  278.37599  278.48855    16.4004     9.6551 0.0000e+00
 126.409792      5.254    12.0734  31.523494    26.8132      5.207  278.37569  278.48825    16.2759     9.6794 0.0000e+00
 126.409795      5.286    12.0734  31.523322    26.8132      5.239  278.37635  278.48890    16.3537     9.6834 0.0000e+00
 126.409797      5.321    12.0733  31.523092    26.8131      5.274  278.37711  278.48966    16.4938     9.6834 0.0000e+00
 126.409800      5.350    12.0729  31.522115    26.8124      5.302  278.38083  278.49337    17.4899     9.8896 0.0000e+00
 126.409803      5.381    12.0727  31.521943    26.8124      5.333  278.38213  278.49465    17.5054     9.8613 0.0000e+00
 126.409806      5.416    12.0720  31.521138    26.8124      5.368  278.38649  278.49897    17.6455     9.8735 0.0000e+00
 126.409809      5.442    12.0715  31.521541    26.8125      5.393  278.38831  278.50076    17.6299     9.8694 0.0000e+00
 126.409812      5.471    12.0709  31.521139    26.8129      5.422  278.39161  278.50402    17.3654     9.7926 -9.990e-29
 126.409815      5.495    12.0702  31.520737    26.8130      5.446  278.39555  278.50792    17.3654     9.7805 -9.990e-29
 126.409818      5.522    12.0694  31.519760    26.8127      5.473  278.40118  278.51350    17.2875     9.8168 -9.990e-29
 126.409821      5.546    12.0682  31.519358    26.8145      5.496  278.40734  278.51958    17.5210     9.7966 -9.990e-29
 126.409823      5.577    12.0675  31.520277    26.8145      5.527  278.40885  278.52104    16.6183     9.6915 0.0000e+00
 126.409826      5.606    12.0671  31.519933    26.8145      5.556  278.41110  278.52326    16.5871     9.6672 0.0000e+00
 126.409829      5.639    12.0668  31.520163    26.8144      5.588  278.41229  278.52442    16.5560     9.7036 -9.990e-29
 126.409832      5.664    12.0669  31.519933    26.8140      5.614  278.41241  278.52455    16.5560     9.6591 -9.990e-29
 126.409835      5.695    12.0667  31.519186    26.8139      5.644  278.41475  278.52689    16.5871     9.6591 0.0000e+00
 126.409838      5.726    12.0665  31.518956    26.8139      5.675  278.41583  278.52797    17.1630     9.7117 0.0000e+00
 126.409841      5.759    12.0663  31.518381    26.8137      5.708  278.41786  278.52999    17.3031     9.6834 0.0000e+00
 126.409844      5.792    12.0662  31.518554    26.8137      5.740  278.41820  278.53032    17.2564     9.6672 0.0000e+00
 126.409847      5.821    12.0658  31.519531    26.8143      5.769  278.41802  278.53010    17.3654     9.6874 0.0000e+00
 126.409850      5.848    12.0657  31.517807    26.8149      5.796  278.42184  278.53393    17.0541     9.6227 -9.990e-29
 126.409852      5.870    12.0653  31.518784    26.8145      5.818  278.42165  278.53371    17.1008     9.6187 -9.990e-29
 126.409855      5.894    12.0653  31.517807    26.8137      5.842  278.42378  278.53584    16.9140     9.6025 -9.990e-29
 126.409858      5.919    12.0640  31.517003    26.8154      5.867  278.43100  278.54298    16.9918     9.6066 -9.990e-29
 126.409861      5.952    12.0623  31.517405    26.8154      5.899  278.43792  278.54978    19.0619    10.4840 0.0000e+00
 126.409864      5.983    12.0618  31.517003    26.8154      5.930  278.44122  278.55305    18.9218    10.4557 0.0000e+00
 126.409867      6.020    12.0614  31.517406    26.8154      5.966  278.44210  278.55390    18.9685    10.4679 0.0000e+00
 126.409870      6.054    12.0613  31.516429    26.8152      6.000  278.44423  278.55604    18.9840    10.4638 0.0000e+00
 126.409873      6.087    12.0609  31.516199    26.8152      6.033  278.44658  278.55837    17.0541     9.7441 0.0000e+00
 126.409876      6.122    12.0609  31.515624    26.8152      6.067  278.44766  278.55945    16.9762     9.7441 -9.990e-29
 126.409878      6.146    12.0609  31.516601    26.8156      6.091  278.44620  278.55797    17.0541     9.7521 -9.990e-29
 126.409881      6.178    12.0610  31.517406    26.8162      6.123  278.44411  278.55588    17.0852     9.7400 -9.990e-29
 126.409884      6.202    12.0612  31.516774    26.8156      6.147  278.44433  278.55613    17.0229     9.7602 -9.990e-29
 126.409887      6.228    12.0613  31.517004    26.8156      6.172  278.44329  278.55509    17.5054     9.8492 0.0000e+00
 126.409890      6.253    12.0616  31.517119    26.8156      6.197  278.44214  278.55396    17.3187     9.8047 -9.990e-29
 126.409893      6.278    12.0617  31.517004    26.8149      6.222  278.44174  278.55356    17.2564     9.8047 -9.990e-29
 126.409896      6.306    12.0623  31.517004    26.8152      6.250  278.43921  278.55107    17.3187     9.8168 0.0000e+00
 126.409899      6.335    12.0629  31.518154    26.8154      6.278  278.43426  278.54615    16.8362     9.6389 0.0000e+00
 126.409902      6.371    12.0633  31.518383    26.8154      6.314  278.43195  278.54387    16.6961     9.6227 0.0000e+00
 126.409905      6.403    12.0636  31.518154    26.8150      6.345  278.43112  278.54306    16.8206     9.6308 0.0000e+00
 126.409907      6.437    12.0639  31.517579    26.8146      6.380  278.43093  278.54290    16.8829     9.6308 0.0000e+00
 126.409910      6.466    12.0641  31.518154    26.8146      6.409  278.42862  278.54060    17.3654     9.8371 0.0000e+00
 126.409913      6.494    12.0641  31.518556    26.8146      6.436  278.42822  278.54019    17.1630     9.8088 0.0000e+00
 126.409916      6.523    12.0643  31.517809    26.8141      6.465  278.42865  278.54065    17.2875     9.7885 0.0000e+00
 126.409919      6.550    12.0644  31.517809    26.8140      6.492  278.42804  278.54004    17.3654     9.8290 0.0000e+00
 126.409922      6.581    12.0647  31.517982    26.8140      6.523  278.42647  278.53849    15.1864     9.6591 0.0000e+00
 126.409925      6.609    12.0650  31.517579    26.8140      6.549  278.42595  278.53800    15.2175     9.6834 -9.990e-29
 126.409928      6.632    12.0650  31.518154    26.8141      6.573  278.42491  278.53695    15.3264     9.6672 -9.990e-29
 126.409931      6.660    12.0651  31.518384    26.8137      6.600  278.42419  278.53623    15.3576     9.6874 0.0000e+00
 126.409933      6.687    12.0653  31.517810    26.8139      6.627  278.42399  278.53606    15.3264     9.6996 0.0000e+00
 126.409936      6.718    12.0653  31.518384    26.8139      6.658  278.42296  278.53502    17.8634     9.9179 0.0000e+00
 126.409939      6.749    12.0656  31.518959    26.8139      6.689  278.42065  278.53273    17.8634     9.9462 0.0000e+00
 126.409942      6.785    12.0655  31.518557    26.8139      6.725  278.42173  278.53381    17.7389     9.9624 0.0000e+00
 126.409945      6.818    12.0657  31.518155    26.8139      6.757  278.42186  278.53395    17.7389     9.9179 0.0000e+00
 126.409948      6.847    12.0658  31.518787    26.8139      6.786  278.42040  278.53248    16.7117     9.7643 0.0000e+00
 126.409951      6.875    12.0658  31.518787    26.8139      6.813  278.42042  278.53250    16.6183     9.7926 0.0000e+00
 126.409954      6.902    12.0659  31.517408    26.8139      6.840  278.42233  278.53444    16.5871     9.7319 0.0000e+00
 126.409957      6.930    12.0657  31.519190    26.8142      6.868  278.42003  278.53211    16.6338     9.7683 0.0000e+00
 126.409959      6.962    12.0656  31.519017    26.8143      6.900  278.42069  278.53276    16.5249     9.9098 0.0000e+00
 126.409962      6.988    12.0658  31.519190    26.8142      6.925  278.41975  278.53184    16.5871     9.8735 -9.990e-29
 126.409965      7.012    12.0655  31.519190    26.8130      6.949  278.42072  278.53279    16.5871     9.8856 -9.990e-29
 126.409968      7.039    12.0658  31.517983    26.8132      6.976  278.42168  278.53379    16.7739     9.8815 0.0000e+00
 126.409971      7.070    12.0657  31.518155    26.8133      7.007  278.42202  278.53411    16.3692     9.7966 0.0000e+00
 126.409974      7.103    12.0656  31.518558    26.8137      7.039  278.42163  278.53371    16.3070     9.8047 0.0000e+00
 126.409977      7.134    12.0658  31.518960    26.8137      7.070  278.41995  278.53205    16.2914     9.8168 0.0000e+00
 126.409980      7.171    12.0659  31.518386    26.8139      7.106  278.42072  278.53282    16.3848     9.8128 0.0000e+00
 126.409983      7.200    12.0660  31.519190    26.8140      7.135  278.41862  278.53072    16.2759     9.8168 0.0000e+00
 126.409986      7.233    12.0661  31.519363    26.8140      7.168  278.41801  278.53012    16.0891     9.5621 0.0000e+00
 126.409988      7.262    12.0662  31.518788    26.8141      7.197  278.41877  278.53088    16.1825     9.5500 0.0000e+00
 126.409991      7.287    12.0659  31.519363    26.8139      7.222  278.41900  278.53109    16.2136     9.5621 0.0000e+00
 126.409994      7.313    12.0653  31.520340    26.8142      7.248  278.41977  278.53181    15.9646     9.5459 -9.990e-29
 126.409997      7.335    12.0647  31.521145    26.8167      7.269  278.42117  278.53316    17.1163     9.6713 -9.990e-29
 126.410000      7.364    12.0637  31.521720    26.8179      7.298  278.42458  278.53650    17.1008     9.6834 -9.990e-29
 126.410003      7.388    12.0630  31.521720    26.8184      7.322  278.42778  278.53965    16.9918     9.6996 -9.990e-29
 126.410006      7.411    12.0627  31.521318    26.8187      7.345  278.42981  278.54166    16.9918     9.6874 -9.990e-29
 126.410009      7.439    12.0623  31.521548    26.8192      7.372  278.43131  278.54314    17.0852     9.4287 0.0000e+00
 126.410012      7.475    12.0623  31.522525    26.8194      7.408  278.42954  278.54136    16.9607     9.4327 0.0000e+00
 126.410014      7.510    12.0621  31.522123    26.8196      7.442  278.43126  278.54306    17.1475     9.4327 0.0000e+00
 126.410017      7.544    12.0620  31.523100    26.8204      7.477  278.42981  278.54160    17.0852     9.4327 0.0000e+00
 126.410020      7.579    12.0617  31.523100    26.8206      7.511  278.43142  278.54318    16.9918     9.2224 0.0000e+00
 126.410023      7.612    12.0616  31.523330    26.8206      7.543  278.43134  278.54310    16.8206     9.2669 0.0000e+00
 126.410026      7.643    12.0613  31.522526    26.8209      7.574  278.43411  278.54586    16.7117     9.2063 0.0000e+00
 126.410029      7.670    12.0611  31.523100    26.8206      7.601  278.43402  278.54575    16.8673     9.2224 0.0000e+00
 126.410032      7.699    12.0612  31.522756    26.8209      7.630  278.43436  278.54610    16.7895     9.2224 0.0000e+00
 126.410035      7.725    12.0615  31.523330    26.8209      7.656  278.43205  278.54380    17.0852     9.9907 0.0000e+00
 126.410038      7.750    12.0616  31.523675    26.8211      7.681  278.43111  278.54286    17.1630    10.0150 0.0000e+00
 126.410041      7.778    12.0611  31.522296    26.8212      7.708  278.43557  278.54731    16.9918     9.9826 -9.990e-29
 126.410043      7.799    12.0610  31.523676    26.8220      7.730  278.43369  278.54540    17.1163    10.0271 -9.990e-29
 126.410046      7.825    12.0609  31.524078    26.8221      7.755  278.43361  278.54530    16.5560     9.7238 0.0000e+00
 126.410049      7.853    12.0606  31.524078    26.8222      7.782  278.43490  278.54658    16.5560     9.7602 0.0000e+00
 126.410052      7.887    12.0602  31.524078    26.8225      7.816  278.43651  278.54817    16.6650     9.7602 0.0000e+00
 126.410055      7.925    12.0600  31.524481    26.8228      7.854  278.43707  278.54870    16.5249     9.7602 0.0000e+00
 126.410058      7.962    12.0600  31.524308    26.8228      7.891  278.43709  278.54873    16.2914     9.4570 0.0000e+00
 126.410061      8.002    12.0604  31.523504    26.8218      7.930  278.43701  278.54868    16.3537     9.4934 0.0000e+00
 126.410064      8.039    12.0609  31.522297    26.8215      7.967  278.43702  278.54874    16.3537     9.5014 0.0000e+00
 126.410067      8.068    12.0616  31.524079    26.8209      7.996  278.43059  278.54234    16.3381     9.5055 0.0000e+00
 126.410069      8.099    12.0620  31.523676    26.8215      8.026  278.42944  278.54122    16.3537     9.4367 -9.990e-29
 126.410072      8.123    12.0623  31.523332    26.8202      8.050  278.42850  278.54031    16.3226     9.4529 -9.990e-29
 126.410075      8.146    12.0625  31.523676    26.8204      8.074  278.42724  278.53906    16.2603     9.4206 -9.990e-29
