Processed/SBE19plus_01907321_2022_05_08_Cast76_wfilter.cnv
* Sea-Bird SBE19plus  Data File:
* FileName = E:\Prandtl Daten\2022\CTD\Raw\SBE19plus_01907321_2022_05_08_Cast76.hex
* Software version 2.6.1.12
* Temperature SN = 7321
* Conductivity SN = 7321
* System UpLoad Time = May 08 2022 07:51:52
* <ApplicationData>
* <Seaterm232>
** Messpraktikum 2022
** CTD 08.05 BM
** NMEA Latitude = 54 07.82 N
** NMEA Longitude = 008 47.40 E
# nquan = 11
# nvalues = 605                         
# units = specified
# name 0 = timeJ: Julian Days
# name 1 = prdM: Pressure, Strain Gauge [db]
# name 2 = tv290C: Temperature [ITS-90, deg C]
# name 3 = c0mS/cm: Conductivity [mS/cm]
# name 4 = sal00: Salinity, Practical [PSU]
# name 5 = depSM: Depth [salt water, m], lat = 54.00
# name 6 = oxsatMm/Kg: Oxygen Saturation, Weiss [umol/kg]
# name 7 = oxsolMm/Kg: Oxygen Saturation, Garcia & Gordon [umol/kg]
# name 8 = turbWETntu0: Turbidity, WET Labs ECO [NTU]
# name 9 = flECO-AFL: Fluorescence, WET Labs ECO-AFL/FL [mg/m^3]
# name 10 = flag:  0.000e+00
# span 0 = 128.321722, 128.323469       
# span 1 =      0.704,     14.781       
# span 2 =    13.1666,    13.1751       
# span 3 =  32.488628,  32.626263       
# span 4 =    26.9274,    27.0506       
# span 5 =      0.697,     14.649       
# span 6 =  271.51560,  271.79129       
# span 7 =  271.68980,  271.96623       
# span 8 =    -6.3856,   399.1085       
# span 9 =    -0.1831,    21.1350       
# span 10 = 0.0000e+00, 0.0000e+00      
# interval = seconds: 0.25
# start_time = May 08 2022 07:42:13 [Instrument's time stamp, header]
# bad_flag = -9.990e-29
*END*
[from data line 394]
 128.322862     10.141    13.1696  32.622185    27.0496     10.051  271.54568  271.71958    35.8868     9.3033 -9.990e-29
 128.322865     10.163    13.1698  32.622185    27.0494     10.072  271.54475  271.71867    36.0268     9.2750 -9.990e-29
 128.322867     10.181    13.1699  32.621778    27.0490     10.090  271.54516  271.71908    36.5405     9.2952 -9.990e-29
 128.322870     10.202    13.1700  32.622826    27.0499     10.110  271.54272  271.71664    36.3381     9.3195 -9.990e-29
 128.322873     10.220    13.1703  32.623234    27.0500     10.128  271.54077  271.71471    36.6027     9.2831 -9.990e-29
 128.322876     10.242    13.1708  32.623409    27.0498     10.150  271.53828  271.71224    36.4626     9.2993 -9.990e-29
 128.322879     10.266    13.1710  32.623409    27.0496     10.174  271.53735  271.71133    38.5794     9.3437 -9.990e-29
 128.322882     10.289    13.1714  32.623059    27.0501     10.197  271.53640  271.71040    38.4548     9.3437 -9.990e-29
 128.322885     10.319    13.1717  32.624457    27.0492     10.226  271.53273  271.70675    38.4237     9.3640 0.0000e+00
 128.322888     10.346    13.1724  32.623001    27.0495     10.253  271.53213  271.70620    38.4548     9.4084 0.0000e+00
 128.322891     10.380    13.1728  32.624632    27.0495     10.287  271.52775  271.70183    40.8984     9.7966 0.0000e+00
 128.322894     10.408    13.1730  32.624982    27.0495     10.315  271.52622  271.70031    40.8984     9.8047 0.0000e+00
 128.322896     10.435    13.1734  32.625040    27.0495     10.342  271.52425  271.69836    41.0074     9.8209 0.0000e+00
 128.322899     10.466    13.1737  32.625040    27.0494     10.373  271.52301  271.69714    40.8984     9.8047 -9.990e-29
 128.322902     10.488    13.1738  32.623817    27.0480     10.394  271.52483  271.69898    40.1669     9.9018 -9.990e-29
 128.322905     10.503    13.1741  32.625390    27.0492     10.409  271.52085  271.69501    40.1513     9.8896 -9.990e-29
 128.322908     10.517    13.1742  32.625856    27.0496     10.423  271.51974  271.69389    40.1669     9.8654 -9.990e-29
 128.322911     10.536    13.1745  32.626263    27.0497     10.442  271.51747  271.69165    40.1513     9.8613 -9.990e-29
 128.322914     10.556    13.1750  32.626263    27.0494     10.461  271.51560  271.68980    40.1358     9.8815 -9.990e-29
 128.322917     10.571    13.1750  32.625739    27.0489     10.476  271.51651  271.69072    40.3848     9.7400 -9.990e-29
 128.322920     10.596    13.1751  32.625448    27.0485     10.501  271.51641  271.69062    40.3381     9.7441 -9.990e-29
 128.322922     10.616    13.1750  32.624225    27.0475     10.521  271.51917  271.69339    40.4004     9.7360 -9.990e-29
 128.322925     10.646    13.1747  32.625273    27.0486     10.550  271.51831  271.69251    40.5093     9.7198 -9.990e-29
 128.322928     10.671    13.1746  32.624808    27.0489     10.575  271.51977  271.69396    38.5327     9.8654 -9.990e-29
 128.322931     10.702    13.1742  32.625274    27.0488     10.606  271.52055  271.69472    38.4237     9.8815 0.0000e+00
 128.322934     10.735    13.1742  32.625041    27.0489     10.639  271.52097  271.69514    38.4082     9.8694 0.0000e+00
 128.322937     10.773    13.1741  32.625274    27.0487     10.677  271.52122  271.69538    38.3926     9.9018 0.0000e+00
 128.322940     10.804    13.1739  32.624400    27.0489     10.708  271.52339  271.69754    39.8712    10.0190 0.0000e+00
 128.322943     10.832    13.1742  32.625274    27.0486     10.735  271.52095  271.69511    39.8868    10.0231 0.0000e+00
 128.322946     10.859    13.1744  32.625449    27.0489     10.762  271.51972  271.69389    39.9646    10.0231 -9.990e-29
 128.322948     10.876    13.1744  32.625274    27.0488     10.778  271.52003  271.69421    39.9490    10.0473 -9.990e-29
 128.322951     10.888    13.1742  32.624983    27.0486     10.791  271.52117  271.69534    40.6027    10.0473 -9.990e-29
 128.322954     10.905    13.1741  32.625041    27.0488     10.807  271.52171  271.69587    40.7117    10.0635 -9.990e-29
 128.322957     10.920    13.1740  32.624634    27.0484     10.822  271.52274  271.69690    40.6961    10.0716 -9.990e-29
 128.322960     10.932    13.1742  32.624634    27.0483     10.834  271.52181  271.69598    40.6338    10.1161 -9.990e-29
 128.322963     10.947    13.1739  32.624226    27.0482     10.849  271.52410  271.69825    40.6494    10.0999 -9.990e-29
 128.322966     10.969    13.1739  32.624867    27.0480     10.871  271.52300  271.69715    41.1786    10.1444 -9.990e-29
 128.322969     11.000    13.1738  32.624051    27.0484     10.901  271.52475  271.69890    41.0074    10.1686 0.0000e+00
 128.322972     11.034    13.1734  32.624634    27.0488     10.936  271.52565  271.69976    41.0696    10.1161 0.0000e+00
 128.322975     11.073    13.1733  32.624576    27.0488     10.974  271.52609  271.70020    41.2097    10.1242 0.0000e+00
 128.322977     11.114    13.1732  32.623819    27.0488     11.014  271.52774  271.70186    42.9685    10.2050 0.0000e+00
 128.322980     11.152    13.1729  32.624868    27.0488     11.052  271.52752  271.70160    42.8751    10.1848 0.0000e+00
 128.322983     11.192    13.1728  32.623819    27.0494     11.092  271.52968  271.70377    42.8906    10.2172 -9.990e-29
 128.322986     11.216    13.1728  32.624402    27.0490     11.115  271.52868  271.70277    42.9996    10.1969 -9.990e-29
 128.322989     11.239    13.1727  32.624460    27.0491     11.139  271.52891  271.70299    42.6261    10.3506 -9.990e-29
 128.322992     11.250    13.1726  32.624868    27.0495     11.150  271.52852  271.70260    42.6883    10.3183 -9.990e-29
 128.322995     11.263    13.1726  32.624635    27.0493     11.162  271.52894  271.70301    42.5638    10.3344 -9.990e-29
 128.322998     11.271    13.1728  32.624577    27.0491     11.170  271.52841  271.70250    42.6727    10.3304 -9.990e-29
 128.323001     11.278    13.1729  32.624460    27.0489     11.177  271.52799  271.70208    41.0385    10.3951 -9.990e-29
 128.323003     11.291    13.1729  32.624460    27.0489     11.190  271.52800  271.70209    40.9296    10.3991 -9.990e-29
 128.323006     11.311    13.1729  32.623820    27.0484     11.210  271.52944  271.70353    40.9296    10.4032 -9.990e-29
 128.323009     11.334    13.1727  32.624402    27.0489     11.233  271.52907  271.70315    40.9296    10.4032 -9.990e-29
 128.323012     11.376    13.1726  32.624227    27.0489     11.274  271.53003  271.70410    41.0074    10.4113 0.0000e+00
 128.323015     11.420    13.1724  32.624228    27.0490     11.318  271.53069  271.70475    46.7973    10.9046 0.0000e+00
 128.323018     11.461    13.1725  32.624636    27.0490     11.358  271.52969  271.70376    46.7661    10.9329 0.0000e+00
 128.323021     11.499    13.1723  32.624228    27.0490     11.396  271.53105  271.70511    46.7350    10.9127 0.0000e+00
 128.323024     11.533    13.1723  32.623413    27.0483     11.430  271.53249  271.70655    46.6727    10.9046 0.0000e+00
 128.323027     11.564    13.1721  32.622597    27.0480     11.461  271.53486  271.70892    58.0191    12.0004 0.0000e+00
 128.323030     11.590    13.1721  32.622772    27.0477     11.486  271.53489  271.70895    58.0657    11.9721 -9.990e-29
 128.323032     11.604    13.1720  32.623413    27.0485     11.500  271.53410  271.70815    57.9412    11.9964 -9.990e-29
 128.323035     11.614    13.1721  32.623646    27.0486     11.510  271.53308  271.70713    57.9412    12.0125 -9.990e-29
 128.323038     11.619    13.1723  32.624228    27.0491     11.515  271.53144  271.70550    64.6338    12.4978 -9.990e-29
 128.323041     11.623    13.1725  32.624054    27.0487     11.519  271.53080  271.70487    64.6494    12.5099 -9.990e-29
 128.323044     11.632    13.1725  32.624228    27.0489     11.528  271.53051  271.70457    64.6338    12.5140 -9.990e-29
 128.323047     11.646    13.1727  32.624054    27.0486     11.542  271.52987  271.70396    64.7428    12.5382 -9.990e-29
 128.323050     11.670    13.1728  32.623821    27.0481     11.565  271.52998  271.70407    66.3459    13.1690 -9.990e-29
 128.323053     11.710    13.1728  32.623646    27.0478     11.605  271.53031  271.70440    66.4237    13.1165 0.0000e+00
 128.323056     11.748    13.1727  32.622831    27.0481     11.643  271.53206  271.70615    66.3303    13.1084 0.0000e+00
 128.323058     11.788    13.1725  32.623646    27.0474     11.683  271.53161  271.70569    66.2681    13.1488 0.0000e+00
 128.323061     11.825    13.1723  32.622365    27.0482     11.719  271.53449  271.70857    66.4393    13.1407 0.0000e+00
 128.323064     11.865    13.1723  32.623414    27.0477     11.758  271.53301  271.70707    72.0735    12.7687 0.0000e+00
 128.323067     11.900    13.1722  32.622831    27.0478     11.793  271.53436  271.70842    72.1047    12.7687 0.0000e+00
 128.323070     11.934    13.1720  32.622773    27.0478     11.827  271.53542  271.70947    71.9957    12.7970 0.0000e+00
 128.323073     11.963    13.1718  32.623006    27.0478     11.856  271.53567  271.70971    72.0580    12.7727 -9.990e-29
 128.323076     11.987    13.1719  32.622773    27.0479     11.880  271.53577  271.70982    67.1708    13.2216 -9.990e-29
 128.323079     12.001    13.1723  32.623647    27.0483     11.894  271.53238  271.70644    67.2019    13.2014 -9.990e-29
 128.323082     12.018    13.1726  32.623647    27.0482     11.910  271.53144  271.70552    67.1241    13.2175 -9.990e-29
 128.323084     12.023    13.1729  32.622773    27.0472     11.915  271.53170  271.70581    67.2019    13.1973 -9.990e-29
 128.323087     12.031    13.1728  32.621958    27.0465     11.923  271.53344  271.70755    63.2331    12.7242 -9.990e-29
 128.323090     12.034    13.1728  32.623647    27.0480     11.927  271.53051  271.70461    63.2953    12.7121 -9.990e-29
 128.323093     12.044    13.1728  32.623647    27.0480     11.936  271.53052  271.70461    63.1085    12.7283 -9.990e-29
 128.323096     12.059    13.1729  32.623006    27.0473     11.951  271.53101  271.70512    63.1085    12.7242 -9.990e-29
 128.323099     12.079    13.1730  32.623414    27.0472     11.971  271.53000  271.70411    61.0385    12.6717 -9.990e-29
 128.323102     12.108    13.1729  32.622832    27.0468     12.000  271.53166  271.70576    60.8984    12.6514 0.0000e+00
 128.323105     12.146    13.1726  32.621783    27.0472     12.038  271.53476  271.70885    60.8984    12.6272 0.0000e+00
 128.323108     12.194    13.1721  32.622599    27.0475     12.085  271.53526  271.70932    60.9296    12.6312 0.0000e+00
 128.323111     12.241    13.1721  32.622774    27.0477     12.132  271.53530  271.70936    60.8673    12.6150 0.0000e+00
 128.323113     12.293    13.1718  32.622658    27.0478     12.182  271.53680  271.71084    74.5015    13.3914 0.0000e+00
 128.323116     12.340    13.1718  32.623007    27.0480     12.229  271.53622  271.71026    74.6883    13.3712 0.0000e+00
 128.323119     12.369    13.1721  32.622774    27.0481     12.258  271.53538  271.70944    74.6727    13.3914 -9.990e-29
 128.323122     12.387    13.1718  32.622600    27.0476     12.276  271.53664  271.71069    74.5638    13.4440 -9.990e-29
 128.323125     12.388    13.1717  32.622833    27.0479     12.277  271.53687  271.71090    79.3731    14.5924 -9.990e-29
 128.323128     12.377    13.1718  32.623007    27.0480     12.266  271.53593  271.70997    79.4665    14.6126 -9.990e-29
 128.323131     12.361    13.1722  32.622774    27.0475     12.250  271.53475  271.70882    79.6066    14.5924 -9.990e-29
 128.323134     12.346    13.1724  32.622774    27.0474     12.236  271.53380  271.70788    79.4198    14.6086 -9.990e-29
 128.323137     12.344    13.1726  32.622192    27.0467     12.234  271.53418  271.70827    93.7233    15.5426 -9.990e-29
 128.323139     12.355    13.1725  32.622075    27.0466     12.245  271.53470  271.70879    93.9412    15.4820 -9.990e-29
 128.323142     12.388    13.1724  32.621959    27.0465     12.277  271.53524  271.70932    93.8012    15.5062 0.0000e+00
 128.323145     12.444    13.1724  32.621784    27.0464     12.333  271.53558  271.70966    93.8167    15.5265 0.0000e+00
 128.323148     12.512    13.1721  32.620736    27.0464     12.400  271.53869  271.71277    88.3070    14.7056 0.0000e+00
 128.323151     12.585    13.1722  32.621668    27.0457     12.472  271.53681  271.71089    88.3381    13.9050 0.0000e+00
 128.323154     12.649    13.1724  32.620970    27.0460     12.536  271.53712  271.71121    88.1980    13.8928 0.0000e+00
 128.323157     12.687    13.1724  32.619747    27.0456     12.574  271.53926  271.71337    88.4471    13.8807 -9.990e-29
 128.323160     12.704    13.1725  32.620562    27.0452     12.590  271.53754  271.71165    88.3070    13.8969 -9.990e-29
 128.323163     12.704    13.1724  32.621086    27.0457     12.590  271.53695  271.71105    93.3809    14.8229 -9.990e-29
 128.323166     12.691    13.1725  32.620970    27.0456     12.577  271.53683  271.71093    93.1941    14.7905 -9.990e-29
 128.323168     12.672    13.1726  32.621960    27.0464     12.559  271.53479  271.70888    93.3809    14.7622 -9.990e-29
 128.323171     12.656    13.1726  32.622368    27.0468     12.542  271.53407  271.70816    93.4276    14.8067 -9.990e-29
 128.323174     12.650    13.1726  32.622833    27.0472     12.537  271.53294  271.70704    64.1513    12.0166 -9.990e-29
 128.323177     12.663    13.1729  32.622368    27.0471     12.549  271.53250  271.70662    64.0891    12.0247 -9.990e-29
 128.323180     12.697    13.1727  32.622775    27.0470     12.584  271.53276  271.70686    64.2292    12.0247 0.0000e+00
 128.323183     12.749    13.1727  32.622776    27.0471     12.634  271.53279  271.70689    64.1980    12.0247 0.0000e+00
 128.323186     12.801    13.1726  32.622834    27.0471     12.687  271.53304  271.70713    67.4510    12.4533 0.0000e+00
 128.323189     12.854    13.1725  32.623417    27.0477     12.739  271.53269  271.70677    67.3731    12.4493 0.0000e+00
 128.323192     12.907    13.1726  32.623650    27.0477     12.791  271.53201  271.70609    67.4510    12.4856 0.0000e+00
 128.323194     12.951    13.1726  32.623417    27.0478     12.835  271.53244  271.70652    67.4043    12.4493 0.0000e+00
 128.323197     12.985    13.1726  32.622427    27.0477     12.869  271.53418  271.70827    67.4976    12.4654 -9.990e-29
 128.323200     13.004    13.1727  32.622776    27.0469     12.887  271.53295  271.70705    85.8323    14.0141 -9.990e-29
 128.323203     13.017    13.1726  32.623650    27.0478     12.900  271.53176  271.70585    85.8945    14.0222 -9.990e-29
 128.323206     13.028    13.1726  32.623009    27.0473     12.911  271.53319  271.70728    85.7389    14.0303 -9.990e-29
 128.323209     13.041    13.1728  32.623417    27.0475     12.924  271.53155  271.70565    85.8012    14.0061 -9.990e-29
 128.323212     13.059    13.1728  32.622194    27.0463     12.942  271.53368  271.70779    99.2798    16.0400 -9.990e-29
 128.323215     13.064    13.1729  32.622777    27.0468     12.947  271.53236  271.70647    99.2019    16.0036 -9.990e-29
 128.323218     13.066    13.1728  32.622777    27.0469     12.949  271.53268  271.70678    99.0774    16.0077 -9.990e-29
 128.323220     13.081    13.1728  32.622252    27.0464     12.964  271.53360  271.70771    99.2175    15.9996 -9.990e-29
 128.323223     13.098    13.1729  32.621146    27.0450     12.980  271.53521  271.70933   107.1397    16.4363 -9.990e-29
 128.323226     13.137    13.1726  32.620563    27.0451     13.020  271.53750  271.71162   107.0619    16.4484 0.0000e+00
 128.323229     13.163    13.1723  32.620563    27.0452     13.045  271.53878  271.71287   107.1397    16.4727 0.0000e+00
 128.323232     13.203    13.1720  32.620913    27.0456     13.085  271.53946  271.71353   107.1708    16.4403 0.0000e+00
 128.323235     13.246    13.1719  32.620739    27.0456     13.127  271.54010  271.71417   145.2253    17.7586 0.0000e+00
