Processed/SBE19plus_01907321_2022_05_05_Cast29_wfilter.cnv
* Sea-Bird SBE19plus  Data File:
* FileName = E:\Prandtl Daten\2022\CTD\Raw\SBE19plus_01907321_2022_05_05_Cast29.hex
* Software version 2.6.1.12
* Temperature SN = 7321
* Conductivity SN = 7321
* System UpLoad Time = May 05 2022 10:05:19
* <ApplicationData>
* <Seaterm232>
** Messpraktikum 2022
** CTD 05.05 NP5
# nquan = 11
# nvalues = 436                         
# units = specified
# name 0 = timeJ: Julian Days
# name 1 = prdM: Pressure, Strain Gauge [db]
# name 2 = tv290C: Temperature [ITS-90, deg C]
# name 3 = c0mS/cm: Conductivity [mS/cm]
# name 4 = sal00: Salinity, Practical [PSU]
# name 5 = depSM: Depth [salt water, m], lat = 54.00
# name 6 = oxsatMm/Kg: Oxygen Saturation, Weiss [umol/kg]
# name 7 = oxsolMm/Kg: Oxygen Saturation, Garcia & Gordon [umol/kg]
# name 8 = turbWETntu0: Turbidity, WET Labs ECO [NTU]
# name 9 = flECO-AFL: Fluorescence, WET Labs ECO-AFL/FL [mg/m^3]
# name 10 = flag:  0.000e+00
# span 0 = 125.416438, 125.417697       
# span 1 =      0.594,     12.111       
# span 2 =    11.6583,    11.9287       
# span 3 =  32.063045,  32.331599       
# span 4 =    27.5633,    27.7409       
# span 5 =      0.589,     12.003       
# span 6 =  277.75307,  279.24445       
# span 7 =  277.84803,  279.32171       
# span 8 =     5.9101,    42.2369       
# span 9 =     4.2730,    11.0016       
# span 10 = 0.0000e+00, 0.0000e+00      
# interval = seconds: 0.25
# start_time = May 05 2022 09:58:20 [Instrument's time stamp, header]
# bad_flag = -9.990e-29
*END*
 125.416438      0.594    11.9287  32.215837    27.5733      0.589  277.75307  277.84803     6.7039     4.3903 0.0000e+00
 125.416441      0.643    11.9274  32.213345    27.5720      0.638  277.76397  277.85886     6.6261     4.3498 0.0000e+00
 125.416444      0.709    11.9251  32.211317    27.5720      0.703  277.77778  277.87254     6.0502     4.2811 0.0000e+00
 125.416447      0.771    11.9234  32.211955    27.5736      0.764  277.78447  277.87910     5.9568     4.3094 0.0000e+00
 125.416450      0.819    11.9223  32.212361    27.5741      0.811  277.78877  277.88331     5.9879     4.2730 0.0000e+00
 125.416453      0.851    11.9218  32.212767    27.5747      0.844  277.79023  277.88474     5.9101     4.2932 -9.990e-29
 125.416455      0.871    11.9216  32.211318    27.5743      0.863  277.79386  277.88837     6.5949     4.3054 -9.990e-29
 125.416458      0.892    11.9215  32.212361    27.5753      0.884  277.79226  277.88675     6.5638     4.3013 -9.990e-29
 125.416461      0.912    11.9213  32.210159    27.5733      0.904  277.79728  277.89178     6.5949     4.3134 -9.990e-29
 125.416464      0.924    11.9209  32.210912    27.5744      0.916  277.79778  277.89224     6.5327     4.3134 -9.990e-29
 125.416467      0.937    11.9204  32.209348    27.5732      0.929  277.80287  277.89732     6.5638     4.7663 -9.990e-29
 125.416470      0.959    11.9196  32.209116    27.5736      0.950  277.80676  277.90115     6.5015     4.7704 -9.990e-29
 125.416473      0.975    11.9187  32.207493    27.5728      0.967  277.81415  277.90849     6.5327     4.7866 -9.990e-29
 125.416476      0.995    11.9169  32.203089    27.5699      0.987  277.83044  277.92471     6.6261     4.7906 -9.990e-29
 125.416479      1.016    11.9135  32.199844    27.5693      1.007  277.85149  277.94555     6.5171     4.7866 -9.990e-29
 125.416481      1.034    11.9096  32.199612    27.5729      1.025  277.86947  277.96325     7.6066     5.0979 -9.990e-29
 125.416484      1.068    11.9071  32.198628    27.5733      1.059  277.88258  277.97621     7.4976     5.0979 0.0000e+00
 125.416487      1.114    11.9053  32.198222    27.5731      1.104  277.89151  277.98501     7.5132     5.1384 0.0000e+00
 125.416490      1.161    11.9042  32.196600    27.5731      1.151  277.89955  277.99299     7.4821     5.0898 0.0000e+00
 125.416493      1.202    11.9027  32.190921    27.5692      1.191  277.91665  278.01005     7.9957     4.9847 0.0000e+00
 125.416496      1.236    11.8996  32.188952    27.5690      1.225  277.93441  278.02761     8.0891     4.9928 0.0000e+00
 125.416499      1.273    11.8960  32.186692    27.5692      1.262  277.95491  278.04787     8.0580     4.9604 -9.990e-29
 125.416502      1.293    11.8925  32.183738    27.5695      1.282  277.97636  278.06911     8.0891     4.9887 -9.990e-29
 125.416505      1.288    11.8896  32.180030    27.5681      1.276  277.99606  278.08864     7.7934     4.9604 -9.990e-29
 125.416508      1.281    11.8861  32.179856    27.5706      1.269  278.01235  278.10469     7.8556     4.9928 -9.990e-29
 125.416510      1.279    11.8834  32.177655    27.5715      1.267  278.02864  278.12081     7.7622     4.9968 -9.990e-29
 125.416513      1.306    11.8815  32.177250    27.5711      1.295  278.03787  278.12990     7.7934     5.0009 0.0000e+00
 125.416516      1.354    11.8795  32.174817    27.5706      1.342  278.05149  278.14341     7.5132     5.2961 0.0000e+00
 125.416519      1.420    11.8771  32.171979    27.5701      1.407  278.06744  278.15922     7.4976     5.2475 0.0000e+00
 125.416522      1.469    11.8751  32.172732    27.5697      1.456  278.07516  278.16680     7.5288     5.2152 -9.990e-29
 125.416525      1.491    11.8735  32.172559    27.5729      1.477  278.08270  278.17423     7.4665     5.2597 -9.990e-29
 125.416528      1.493    11.8726  32.172211    27.5732      1.480  278.08742  278.17888     7.5288     5.2152 -9.990e-29
 125.416531      1.495    11.8721  32.172385    27.5737      1.481  278.08929  278.18072     6.7194     4.9685 -9.990e-29
 125.416534      1.509    11.8717  32.169778    27.5725      1.496  278.09601  278.18743     6.7350     4.9928 -9.990e-29
 125.416536      1.544    11.8701  32.169547    27.5731      1.530  278.10367  278.19498     6.7661     5.0049 0.0000e+00
 125.416539      1.588    11.8689  32.169779    27.5736      1.574  278.10859  278.19982     6.7973     4.9685 0.0000e+00
 125.416542      1.633    11.8688  32.171169    27.5743      1.619  278.10668  278.19788     6.6572     5.0534 0.0000e+00
 125.416545      1.664    11.8693  32.172965    27.5750      1.649  278.10087  278.19209     6.8595     5.0292 -9.990e-29
 125.416548      1.686    11.8710  32.174008    27.5760      1.671  278.09143  278.18276     6.7506     5.0453 -9.990e-29
 125.416551      1.712    11.8724  32.173602    27.5746      1.696  278.08594  278.17737     6.8284     5.0494 -9.990e-29
 125.416554      1.724    11.8728  32.176846    27.5774      1.709  278.07806  278.16949     7.3731     5.1747 -9.990e-29
 125.416557      1.748    11.8741  32.178237    27.5777      1.732  278.06955  278.16106     7.1552     5.1667 -9.990e-29
 125.416560      1.764    11.8763  32.180438    27.5781      1.749  278.05546  278.14710     7.2798     5.1828 -9.990e-29
 125.416563      1.788    11.8783  32.180033    27.5746      1.772  278.04715  278.13893     7.3576     5.1747 -9.990e-29
 125.416565      1.815    11.8799  32.179511    27.5739      1.799  278.04124  278.13314     7.1864     5.0534 0.0000e+00
 125.416568      1.848    11.8799  32.178063    27.5734      1.832  278.04363  278.13555     7.3731     5.0251 0.0000e+00
 125.416571      1.881    11.8794  32.177831    27.5734      1.864  278.04659  278.13847     7.2175     5.0615 0.0000e+00
 125.416574      1.910    11.8786  32.179048    27.5751      1.893  278.04780  278.13962     7.4510     5.0251 0.0000e+00
 125.416577      1.940    11.8788  32.180265    27.5757      1.922  278.04494  278.13676     7.3264     5.0413 0.0000e+00
 125.416580      1.967    11.8793  32.180265    27.5757      1.949  278.04277  278.13462     7.5599     5.0534 0.0000e+00
 125.416583      1.994    11.8798  32.180670    27.5757      1.976  278.03953  278.13142     7.5443     5.0534 0.0000e+00
 125.416586      2.020    11.8800  32.177658    27.5757      2.002  278.04419  278.13612     7.4976     5.0534 -9.990e-29
 125.416589      2.043    11.8788  32.174877    27.5709      2.025  278.05467  278.14655     7.5755     5.0292 -9.990e-29
 125.416591      2.066    11.8770  32.174819    27.5722      2.047  278.06325  278.15500     7.7622     5.2030 -9.990e-29
 125.416594      2.093    11.8756  32.169953    27.5686      2.074  278.07855  278.17025     7.7622     5.2516 -9.990e-29
 125.416597      2.116    11.8730  32.171807    27.5723      2.097  278.08672  278.17822     7.7622     5.2718 -9.990e-29
 125.416600      2.138    11.8708  32.170186    27.5723      2.119  278.09945  278.19081     7.6844     5.2435 -9.990e-29
 125.416603      2.156    11.8694  32.166710    27.5689      2.137  278.11248  278.20378     7.7155     5.3769 -9.990e-29
 125.416606      2.184    11.8677  32.164103    27.5671      2.164  278.12516  278.21636     7.8868     5.3688 0.0000e+00
 125.416609      2.218    11.8652  32.158253    27.5689      2.198  278.14729  278.23838     7.7622     5.3729 0.0000e+00
 125.416612      2.255    11.8602  32.160108    27.5682      2.235  278.16613  278.25685     7.7934     5.3405 0.0000e+00
 125.416615      2.291    11.8572  32.155243    27.5682      2.271  278.18895  278.27951     8.0268     5.4699 0.0000e+00
 125.416617      2.319    11.8540  32.147598    27.5658      2.298  278.21755  278.30797     8.0580     5.4942 0.0000e+00
 125.416620      2.346    11.8479  32.146151    27.5633      2.325  278.24783  278.33783     7.9957     5.5063 -9.990e-29
 125.416623      2.362    11.8434  32.147194    27.5708      2.341  278.26628  278.35594     8.0268     5.5063 -9.990e-29
 125.416626      2.374    11.8411  32.145978    27.5713      2.352  278.27888  278.36839     7.9801     5.4780 -9.990e-29
 125.416629      2.390    11.8391  32.141113    27.5682      2.369  278.29700  278.38642     7.5288     5.3608 -9.990e-29
 125.416632      2.412    11.8355  32.129880    27.5643      2.390  278.33414  278.42344     7.5288     5.4012 -9.990e-29
 125.416635      2.441    11.8285  32.128780    27.5673      2.419  278.36755  278.45636     7.4821     5.3769 0.0000e+00
 125.416638      2.477    11.8222  32.130229    27.5703      2.455  278.39340  278.48175     7.5910     5.3527 0.0000e+00
 125.416641      2.510    11.8192  32.133067    27.5708      2.488  278.40163  278.48973     7.7155     5.5306 0.0000e+00
 125.416644      2.549    11.8190  32.128261    27.5708      2.526  278.41152  278.49966     7.6533     5.5427 0.0000e+00
 125.416646      2.578    11.8172  32.121197    27.5654      2.555  278.43281  278.52089     7.6689     5.5508 0.0000e+00
 125.416649      2.611    11.8129  32.111530    27.5654      2.588  278.47053  278.55841     7.7934     5.5589 0.0000e+00
 125.416652      2.639    11.8052  32.113962    27.5634      2.615  278.50082  278.58813     7.3576     5.4538 0.0000e+00
 125.416655      2.666    11.8002  32.118189    27.5674      2.642  278.51555  278.60245     7.2953     5.4093 -9.990e-29
 125.416658      2.685    11.7991  32.118247    27.5760      2.661  278.52047  278.60729     7.3109     5.4012 -9.990e-29
 125.416661      2.698    11.7996  32.121778    27.5789      2.674  278.51141  278.59823     7.2642     5.4376 -9.990e-29
 125.416664      2.711    11.8013  32.123226    27.5791      2.687  278.50121  278.58814     7.6844     5.8743 -9.990e-29
 125.416667      2.722    11.8032  32.126236    27.5805      2.698  278.48716  278.57419     7.7000     5.8339 -9.990e-29
 125.416670      2.746    11.8058  32.128031    27.5802      2.721  278.47194  278.55913     7.7622     5.8905 -9.990e-29
 125.416672      2.775    11.8082  32.129884    27.5789      2.750  278.45755  278.54490     7.7934     5.8581 0.0000e+00
 125.416675      2.811    11.8107  32.129073    27.5776      2.786  278.44780  278.53534     7.7155     5.8905 0.0000e+00
 125.416678      2.850    11.8120  32.127220    27.5749      2.824  278.44563  278.53327     8.0113     5.5710 0.0000e+00
 125.416681      2.890    11.8111  32.122994    27.5715      2.864  278.45727  278.54490     7.9646     5.5468 0.0000e+00
 125.416684      2.928    11.8079  32.117494    27.5701      2.902  278.48193  278.56939     8.0268     5.5589 0.0000e+00
 125.416687      2.954    11.8035  32.113153    27.5686      2.927  278.51007  278.59727     8.0268     5.5872 -9.990e-29
 125.416690      2.979    11.7984  32.115353    27.5736      2.952  278.52919  278.61600     8.4159     5.7489 -9.990e-29
 125.416693      3.003    11.7957  32.111706    27.5722      2.976  278.54821  278.63486     8.2447     5.7489 -9.990e-29
 125.416696      3.021    11.7934  32.111301    27.5735      2.994  278.55932  278.64581     8.1669     5.7651 -9.990e-29
 125.416698      3.041    11.7909  32.107886    27.5721      3.014  278.57696  278.66332     8.2447     5.7651 -9.990e-29
 125.416701      3.061    11.7876  32.107713    27.5744      3.034  278.59234  278.67846     8.9762     6.0724 -9.990e-29
 125.416704      3.085    11.7849  32.106903    27.5756      3.058  278.60609  278.69202     8.8206     6.0563 -9.990e-29
 125.416707      3.109    11.7835  32.106093    27.5758      3.081  278.61388  278.69972     8.9451     6.0846 -9.990e-29
 125.416710      3.129    11.7823  32.106382    27.5770      3.101  278.61869  278.70444     9.0074     6.0886 -9.990e-29
 125.416713      3.157    11.7816  32.105109    27.5763      3.129  278.62421  278.70993     8.4782     5.9228 -9.990e-29
 125.416716      3.182    11.7807  32.100073    27.5692      3.154  278.63767  278.72338     8.5249     5.9269 -9.990e-29
 125.416719      3.211    11.7777  32.094633    27.5673      3.183  278.66160  278.74715     8.5716     5.9552 0.0000e+00
 125.416722      3.240    11.7719  32.086184    27.5692      3.211  278.70367  278.78891     8.4782     5.9390 0.0000e+00
 125.416725      3.277    11.7623  32.083754    27.5702      3.247  278.75149  278.83606     8.5560     5.9552 0.0000e+00
 125.416727      3.310    11.7537  32.079936    27.5730      3.280  278.79781  278.88181     8.3226     5.8824 0.0000e+00
 125.416730      3.344    11.7470  32.082772    27.5768      3.314  278.82264  278.90613     8.1980     5.8905 0.0000e+00
 125.416733      3.373    11.7449  32.080747    27.5806      3.343  278.83584  278.91920     8.3226     5.8622 -9.990e-29
 125.416736      3.397    11.7430  32.078375    27.5794      3.367  278.84905  278.93230     8.3070     5.8703 -9.990e-29
 125.416739      3.413    11.7412  32.072531    27.5751      3.383  278.86811  278.95130     9.0229     5.7489 -9.990e-29
 125.416742      3.430    11.7373  32.070101    27.5757      3.399  278.89021  278.97314     9.0541     5.7813 -9.990e-29
 125.416745      3.446    11.7327  32.070275    27.5793      3.415  278.91090  278.99350     9.0541     5.7570 -9.990e-29
 125.416748      3.470    11.7296  32.064663    27.5796      3.439  278.93549  279.01793     8.9296     5.7813 -9.990e-29
 125.416751      3.500    11.7255  32.065069    27.5805      3.469  278.95325  279.03539     8.3537     5.7651 0.0000e+00
 125.416753      3.531    11.7222  32.064491    27.5815      3.500  278.96940  279.05131     8.2759     5.7732 0.0000e+00
 125.416756      3.564    11.7194  32.065070    27.5834      3.532  278.98119  279.06289     8.1513     5.7611 0.0000e+00
 125.416759      3.599    11.7178  32.063045    27.5842      3.567  278.99221  279.07381     8.2914     5.7489 0.0000e+00
 125.416762      3.626    11.7145  32.063103    27.5847      3.593  279.00685  279.08822     7.9957     5.9673 0.0000e+00
 125.416765      3.653    11.7096  32.065071    27.5859      3.621  279.02545  279.10645     8.0113     5.9309 -9.990e-29
 125.416768      3.677    11.7044  32.064898    27.5950      3.644  279.04930  279.12993     8.0268     5.9633 -9.990e-29
 125.416771      3.702    11.7002  32.066866    27.6001      3.669  279.06508  279.14537     8.0113     5.9511 -9.990e-29
 125.416774      3.726    11.6955  32.066056    27.6027      3.693  279.08761  279.16757     8.0424     5.9713 -9.990e-29
 125.416777      3.748    11.6913  32.064900    27.6048      3.715  279.10921  279.18888     8.4626     5.8945 -9.990e-29
 125.416780      3.768    11.6884  32.065074    27.6071      3.734  279.12207  279.20152     8.5249     5.8824 -9.990e-29
 125.416782      3.798    11.6848  32.064264    27.6090      3.764  279.13958  279.21880     8.5560     5.8986 -9.990e-29
 125.416785      3.816    11.6835  32.063049    27.6088      3.782  279.14813  279.22726     8.5560     5.8622 -9.990e-29
 125.416788      3.847    11.6797  32.063860    27.6123      3.812  279.16356  279.24241     8.8362     5.7368 -9.990e-29
 125.416791      3.872    11.6766  32.064034    27.6167      3.838  279.17736  279.25598     8.8206     5.7732 -9.990e-29
 125.416794      3.903    11.6746  32.064497    27.6184      3.868  279.18560  279.26407     8.7895     5.7449 0.0000e+00
 125.416797      3.930    11.6720  32.066059    27.6201      3.895  279.19460  279.27287     8.8984     5.7651 0.0000e+00
 125.416800      3.964    11.6697  32.065886    27.6217      3.928  279.20529  279.28339    10.0502     5.7449 0.0000e+00
 125.416803      4.000    11.6674  32.064498    27.6220      3.964  279.21825  279.29621    10.1124     5.7287 0.0000e+00
 125.416806      4.029    11.6655  32.063457    27.6225      3.993  279.22900  279.30682    10.0191     5.7247 0.0000e+00
 125.416808      4.058    11.6652  32.063283    27.6225      4.022  279.23059  279.30840     9.9568     5.7570 0.0000e+00
 125.416811      4.086    11.6653  32.063688    27.6225      4.049  279.22954  279.30735     8.2914     5.8622 -9.990e-29
 125.416814      4.108    11.6652  32.064672    27.6238      4.071  279.22834  279.30613     8.2603     5.7975 -9.990e-29
