Processed/SBE19plus_01907321_2022_05_05_Cast34_wfilter.cnv
* Sea-Bird SBE19plus  Data File:
* FileName = E:\Prandtl Daten\2022\CTD\Raw\SBE19plus_01907321_2022_05_05_Cast34.hex
* Software version 2.6.1.12
* Temperature SN = 7321
* Conductivity SN = 7321
* System UpLoad Time = May 05 2022 12:23:13
* <ApplicationData>
* <Seaterm232>
** Messpraktikum 2022
** CTD 05.05 NP3
# nquan = 11
# nvalues = 733                         
# units = specified
# name 0 = timeJ: Julian Days
# name 1 = prdM: Pressure, Strain Gauge [db]
# name 2 = tv290C: Temperature [ITS-90, deg C]
# name 3 = c0mS/cm: Conductivity [mS/cm]
# name 4 = sal00: Salinity, Practical [PSU]
# name 5 = depSM: Depth [salt water, m], lat = 54.00
# name 6 = oxsatMm/Kg: Oxygen Saturation, Weiss [umol/kg]
# name 7 = oxsolMm/Kg: Oxygen Saturation, Garcia & Gordon [umol/kg]
# name 8 = turbWETntu0: Turbidity, WET Labs ECO [NTU]
# name 9 = flECO-AFL: Fluorescence, WET Labs ECO-AFL/FL [mg/m^3]
# name 10 = flag:  0.000e+00
# span 0 = 125.509201, 125.511319       
# span 1 =      0.584,     15.553       
# span 2 =    12.0531,    12.1128       
# span 3 =  32.652644,  32.712610       
# span 4 =    27.8818,    27.9241       
# span 5 =      0.579,     15.414       
# span 6 =  276.05988,  276.37828       
# span 7 =  276.16262,  276.47740       
# span 8 =     3.0152,    24.4626       
# span 9 =     2.5666,     4.6450       
# span 10 = 0.0000e+00, 0.0000e+00      
# interval = seconds: 0.25
# start_time = May 05 2022 12:11:28 [Instrument's time stamp, header]
# bad_flag = -9.990e-29
*END*
[from data line 132]
 125.509583      3.785    12.0949  32.694946    27.9018      3.751  276.13207  276.23358     6.3303     3.4522 0.0000e+00
 125.509586      3.816    12.0941  32.692906    27.9014      3.782  276.13955  276.24102     6.9685     3.6503 0.0000e+00
 125.509589      3.847    12.0934  32.693314    27.9007      3.812  276.14194  276.24335     7.0619     3.6746 0.0000e+00
 125.509592      3.880    12.0933  32.692498    27.9010      3.845  276.14376  276.24518     6.9529     3.6503 0.0000e+00
 125.509595      3.909    12.0927  32.690866    27.9007      3.874  276.14925  276.25065     6.9685     3.6786 -9.990e-29
 125.509598      3.929    12.0919  32.688593    27.8980      3.894  276.15715  276.25851     8.4938     3.9778 -9.990e-29
 125.509601      3.941    12.0899  32.688243    27.8991      3.906  276.16650  276.26773     8.5716     4.0304 -9.990e-29
 125.509604      3.949    12.0878  32.687136    27.8997      3.913  276.17785  276.27894     8.5405     3.9980 -9.990e-29
 125.509606      3.956    12.0855  32.685504    27.8999      3.921  276.19140  276.29234     8.3848     3.9697 -9.990e-29
 125.509609      3.965    12.0836  32.683872    27.8997      3.930  276.20247  276.30330     7.7311     3.8161 -9.990e-29
 125.509612      3.985    12.0821  32.681949    27.8979      3.950  276.21284  276.31358     7.8712     3.8080 -9.990e-29
 125.509615      4.014    12.0813  32.680142    27.8977      3.979  276.21958  276.32029     7.8401     3.8403 0.0000e+00
 125.509618      4.046    12.0811  32.679559    27.8975      4.009  276.22192  276.32261     7.7778     3.7837 0.0000e+00
 125.509621      4.073    12.0808  32.676062    27.8944      4.037  276.22958  276.33029     8.2292     4.1800 0.0000e+00
 125.509624      4.113    12.0807  32.674547    27.8933      4.076  276.23269  276.33341     8.2914     4.1881 0.0000e+00
 125.509627      4.139    12.0807  32.674838    27.8930      4.102  276.23217  276.33290     8.2447     4.1598 0.0000e+00
 125.509630      4.171    12.0805  32.672332    27.8911      4.134  276.23771  276.33845     8.2292     4.2043 0.0000e+00
 125.509633      4.197    12.0797  32.669243    27.8899      4.160  276.24680  276.34752     8.2136     4.1760 0.0000e+00
 125.509635      4.226    12.0784  32.670060    27.8887      4.189  276.25123  276.35184     9.7856     4.1638 -9.990e-29
 125.509638      4.246    12.0769  32.669885    27.8914      4.208  276.25809  276.35860     9.6299     4.1557 -9.990e-29
 125.509641      4.265    12.0754  32.669477    27.8921      4.226  276.26569  276.36609     9.6922     4.2204 -9.990e-29
 125.509644      4.279    12.0740  32.667904    27.8917      4.241  276.27479  276.37512     9.8945     4.1841 -9.990e-29
 125.509647      4.294    12.0725  32.668254    27.8932      4.256  276.28100  276.38121     9.1008     4.1679 -9.990e-29
 125.509650      4.309    12.0707  32.668254    27.8945      4.270  276.28878  276.38887     9.3809     4.1962 -9.990e-29
 125.509653      4.330    12.0692  32.668429    27.8958      4.292  276.29531  276.39529     9.1163     4.1800 -9.990e-29
 125.509656      4.350    12.0682  32.666681    27.8951      4.312  276.30287  276.40280     9.3187     4.1881 -9.990e-29
 125.509659      4.376    12.0678  32.666623    27.8950      4.337  276.30486  276.40476     8.7584     4.1477 0.0000e+00
 125.509661      4.404    12.0676  32.666215    27.8948      4.364  276.30656  276.40645     8.8206     4.1841 0.0000e+00
 125.509664      4.435    12.0678  32.665574    27.8941      4.395  276.30682  276.40673     8.7895     4.1517 0.0000e+00
 125.509667      4.467    12.0680  32.664000    27.8933      4.427  276.30880  276.40874     8.6338     4.1841 0.0000e+00
 125.509670      4.502    12.0685  32.663942    27.8924      4.462  276.30644  276.40642     8.9140     4.1962 -9.990e-29
 125.509673      4.526    12.0688  32.664758    27.8925      4.485  276.30372  276.40371     8.7272     4.1800 -9.990e-29
 125.509676      4.553    12.0690  32.663534    27.8912      4.512  276.30536  276.40537     8.8362     4.1962 -9.990e-29
 125.509679      4.571    12.0695  32.663185    27.8905      4.530  276.30384  276.40389     8.7895     4.1800 -9.990e-29
 125.509682      4.585    12.0701  32.662893    27.8898      4.544  276.30158  276.40168     8.7584     4.1800 -9.990e-29
 125.509685      4.602    12.0704  32.662719    27.8893      4.561  276.30036  276.40049     9.2720     4.1841 -9.990e-29
 125.509688      4.624    12.0705  32.661670    27.8883      4.582  276.30198  276.40213     9.2253     4.1598 -9.990e-29
 125.509690      4.651    12.0706  32.662019    27.8886      4.610  276.30105  276.40120     9.2097     4.1760 -9.990e-29
 125.509693      4.675    12.0704  32.661262    27.8886      4.633  276.30308  276.40322     9.2564     4.1719 -9.990e-29
 125.509696      4.704    12.0703  32.661903    27.8888      4.662  276.30254  276.40267     9.1941     4.3094 0.0000e+00
 125.509699      4.739    12.0699  32.661903    27.8888      4.696  276.30443  276.40453     9.2408     4.2771 0.0000e+00
 125.509702      4.766    12.0690  32.662428    27.8889      4.724  276.30753  276.40756     9.2564     4.2649 -9.990e-29
 125.509705      4.790    12.0683  32.661903    27.8901      4.747  276.31162  276.41160     9.1008     4.3256 -9.990e-29
 125.509708      4.815    12.0674  32.662486    27.8913      4.772  276.31430  276.41422     8.5249     4.1194 -9.990e-29
 125.509711      4.839    12.0669  32.662020    27.8912      4.796  276.31765  276.41754     8.3848     4.1113 -9.990e-29
 125.509714      4.865    12.0664  32.662312    27.8918      4.821  276.31900  276.41885     8.5249     4.1194 -9.990e-29
 125.509716      4.887    12.0662  32.662312    27.8920      4.843  276.31995  276.41979     8.5093     4.1153 -9.990e-29
 125.509719      4.907    12.0664  32.662312    27.8918      4.863  276.31903  276.41888     8.3226     4.1355 -9.990e-29
 125.509722      4.923    12.0670  32.662429    27.8915      4.879  276.31634  276.41623     8.2447     4.1072 -9.990e-29
 125.509725      4.943    12.0688  32.662079    27.8899      4.899  276.30923  276.40925     8.3381     4.1234 -9.990e-29
 125.509728      4.961    12.0708  32.663535    27.8897      4.917  276.29756  276.39771     8.3692     4.1113 -9.990e-29
 125.509731      4.987    12.0722  32.663535    27.8886      4.942  276.29105  276.39130     8.4004     4.1274 -9.990e-29
 125.509734      5.011    12.0722  32.663594    27.8887      4.966  276.29096  276.39121    10.0969     4.1921 -9.990e-29
 125.509737      5.032    12.0719  32.663944    27.8896      4.987  276.29189  276.39211    10.0191     4.1921 -9.990e-29
 125.509740      5.060    12.0711  32.663711    27.8903      5.015  276.29606  276.39623     9.9412     4.1921 0.0000e+00
 125.509742      5.089    12.0701  32.664352    27.8896      5.044  276.29926  276.39935     9.9101     4.1679 0.0000e+00
 125.509745      5.115    12.0699  32.662196    27.8907      5.069  276.30416  276.40426     8.7272     4.1153 0.0000e+00
 125.509748      5.144    12.0704  32.664352    27.8899      5.098  276.29774  276.39786     8.4159     4.0991 0.0000e+00
 125.509751      5.171    12.0718  32.663536    27.8907      5.125  276.29335  276.39357     8.5716     4.0991 -9.990e-29
 125.509754      5.193    12.0740  32.663944    27.8876      5.147  276.28268  276.38305     8.5871     4.1113 -9.990e-29
 125.509757      5.211    12.0759  32.664002    27.8863      5.165  276.27419  276.37469     8.9451     4.1881 -9.990e-29
 125.509760      5.220    12.0773  32.664118    27.8853      5.174  276.26777  276.36837     8.9296     4.1800 -9.990e-29
 125.509763      5.239    12.0786  32.665400    27.8855      5.192  276.25953  276.36021     9.0074     4.1679 -9.990e-29
 125.509766      5.257    12.0788  32.664759    27.8848      5.210  276.25978  276.36049     9.0852     4.1638 -9.990e-29
 125.509769      5.281    12.0789  32.664934    27.8861      5.233  276.25917  276.35987     8.5871     4.1113 -9.990e-29
 125.509771      5.310    12.0788  32.666216    27.8862      5.262  276.25715  276.35784     8.2447     4.1194 0.0000e+00
 125.509774      5.339    12.0785  32.666217    27.8864      5.291  276.25873  276.35939     8.5249     4.0991 0.0000e+00
 125.509777      5.370    12.0784  32.666392    27.8866      5.322  276.25874  276.35940     8.5560     4.1355 0.0000e+00
 125.509780      5.401    12.0784  32.667091    27.8869      5.353  276.25748  276.35813     8.6027     4.1234 0.0000e+00
 125.509783      5.429    12.0788  32.666625    27.8872      5.380  276.25649  276.35717     7.9334     4.1072 -9.990e-29
 125.509786      5.454    12.0792  32.667441    27.8869      5.405  276.25315  276.35385     7.9957     4.1274 -9.990e-29
 125.509789      5.478    12.0795  32.668665    27.8879      5.429  276.24968  276.35039     8.0735     4.1072 -9.990e-29
 125.509792      5.498    12.0804  32.668665    27.8872      5.449  276.24597  276.34674     7.9801     4.0830 -9.990e-29
 125.509795      5.512    12.0816  32.670530    27.8880      5.463  276.23697  276.33781     8.1047     3.9697 -9.990e-29
 125.509797      5.527    12.0830  32.671345    27.8878      5.478  276.22927  276.33020     8.0580     4.0183 -9.990e-29
 125.509800      5.549    12.0846  32.671404    27.8863      5.499  276.22203  276.32307     8.0268     3.9778 -9.990e-29
 125.509803      5.576    12.0857  32.671928    27.8862      5.527  276.21612  276.31723     8.0113     3.9697 0.0000e+00
 125.509806      5.602    12.0867  32.672336    27.8860      5.552  276.21135  276.31253     8.6961     4.1072 0.0000e+00
 125.509809      5.631    12.0878  32.669888    27.8845      5.581  276.21088  276.31216     8.7272     4.0830 0.0000e+00
 125.509812      5.667    12.0888  32.672569    27.8836      5.617  276.20134  276.30266     8.6961     4.0951 0.0000e+00
 125.509815      5.693    12.0891  32.671345    27.8845      5.642  276.20235  276.30371     8.6650     4.0789 -9.990e-29
 125.509818      5.717    12.0878  32.671112    27.8839      5.666  276.20839  276.30966     8.8673     4.1962 -9.990e-29
 125.509821      5.737    12.0862  32.669248    27.8834      5.685  276.21927  276.32044     8.9918     4.1598 -9.990e-29
 125.509823      5.762    12.0839  32.669656    27.8855      5.711  276.22880  276.32980     8.9918     4.2124 -9.990e-29
 125.509826      5.784    12.0814  32.669248    27.8869      5.732  276.24044  276.34127     9.2253     4.1598 -9.990e-29
 125.509829      5.799    12.0792  32.669249    27.8886      5.747  276.25039  276.35107     9.0696     4.1881 -9.990e-29
 125.509832      5.817    12.0774  32.669890    27.8905      5.765  276.25731  276.35785     9.2253     4.1517 -9.990e-29
 125.509835      5.831    12.0759  32.668666    27.8904      5.779  276.26608  276.36654     9.3187     4.1194 -9.990e-29
 125.509838      5.850    12.0749  32.669715    27.8922      5.797  276.26853  276.36890     9.0852     4.1072 -9.990e-29
 125.509841      5.875    12.0740  32.669890    27.8930      5.823  276.27226  276.37257     9.2253     4.1032 -9.990e-29
 125.509844      5.897    12.0732  32.670532    27.8933      5.844  276.27452  276.37477     9.2564     4.1679 -9.990e-29
 125.509847      5.930    12.0729  32.669424    27.8938      5.877  276.27781  276.37805     9.3342     4.2043 0.0000e+00
 125.509850      5.962    12.0727  32.670299    27.8943      5.909  276.27748  276.37769     9.3342     4.1962 0.0000e+00
 125.509852      5.994    12.0725  32.670940    27.8947      5.940  276.27726  276.37745     9.2253     4.1436 0.0000e+00
 125.509855      6.025    12.0722  32.670416    27.8947      5.971  276.27917  276.37935     9.3498     4.0385 0.0000e+00
 125.509858      6.056    12.0722  32.670299    27.8946      6.002  276.27941  276.37959     9.1941     4.0587 0.0000e+00
 125.509861      6.087    12.0723  32.670124    27.8945      6.032  276.27944  276.37963     9.1319     4.0587 0.0000e+00
 125.509864      6.118    12.0722  32.671348    27.8944      6.063  276.27784  276.37801     9.3187     4.0385 -9.990e-29
 125.509867      6.142    12.0718  32.670999    27.8956      6.087  276.28036  276.38050     9.3031     4.1760 -9.990e-29
 125.509870      6.167    12.0713  32.670708    27.8957      6.112  276.28309  276.38320     9.3187     4.1679 -9.990e-29
 125.509873      6.187    12.0708  32.670300    27.8957      6.132  276.28602  276.38610     9.2720     4.1800 -9.990e-29
 125.509876      6.205    12.0702  32.670125    27.8959      6.150  276.28884  276.38888     9.2253     4.2164 -9.990e-29
 125.509878      6.222    12.0696  32.670824    27.8976      6.166  276.29037  276.39036     9.1786     4.1800 -9.990e-29
 125.509881      6.248    12.0690  32.670941    27.8976      6.192  276.29297  276.39291     9.9412     4.1881 0.0000e+00
 125.509884      6.275    12.0685  32.671349    27.8976      6.219  276.29442  276.39432    10.1280     4.1921 -9.990e-29
 125.509887      6.299    12.0673  32.670942    27.8988      6.242  276.30046  276.40029    10.1280     4.1800 -9.990e-29
 125.509890      6.301    12.0666  32.671991    27.9004      6.244  276.30165  276.40141    10.1280     4.1679 -9.990e-29
 125.509893      6.299    12.0652  32.671933    27.9013      6.243  276.30797  276.40763    10.6572     4.3013 -9.990e-29
 125.509896      6.297    12.0640  32.672166    27.9024      6.241  276.31282  276.41240    10.4860     4.3094 -9.990e-29
 125.509899      6.297    12.0627  32.671350    27.9027      6.241  276.32022  276.41971    10.4237     4.3296 -9.990e-29
 125.509902      6.292    12.0617  32.672574    27.9046      6.235  276.32232  276.42173    10.5171     4.3094 -9.990e-29
 125.509905      6.294    12.0612  32.672574    27.9049      6.237  276.32450  276.42388    10.7350     4.1396 -9.990e-29
 125.509907      6.290    12.0605  32.672341    27.9052      6.234  276.32803  276.42736    10.8595     4.1194 -9.990e-29
 125.509910      6.285    12.0600  32.672749    27.9060      6.228  276.32945  276.42874    10.8284     4.1274 -9.990e-29
 125.509913      6.285    12.0597  32.672166    27.9057      6.228  276.33207  276.43135    10.7194     4.1477 -9.990e-29
 125.509916      6.285    12.0594  32.672749    27.9064      6.228  276.33225  276.43150    10.2992     4.1194 -9.990e-29
 125.509919      6.284    12.0590  32.671933    27.9059      6.228  276.33530  276.43453    10.2525     4.1355 -9.990e-29
 125.509922      6.288    12.0588  32.673157    27.9072      6.232  276.33399  276.43319    10.1747     4.1274 -9.990e-29
 125.509925      6.288    12.0587  32.672982    27.9072      6.232  276.33493  276.43413    10.1903     4.0951 -9.990e-29
 125.509928      6.288    12.0588  32.672341    27.9065      6.232  276.33548  276.43470    10.2836     4.0991 -9.990e-29
 125.509931      6.295    12.0593  32.672574    27.9063      6.239  276.33289  276.43213     9.3031     4.0668 -9.990e-29
 125.509933      6.297    12.0604  32.670651    27.9037      6.241  276.33144  276.43079     9.2564     4.0304 -9.990e-29
 125.509936      6.294    12.0616  32.671933    27.9040      6.238  276.32381  276.42322     9.3187     4.0466 -9.990e-29
 125.509939      6.301    12.0629  32.672574    27.9037      6.244  276.31705  276.41654     9.4587     4.0344 -9.990e-29
 125.509942      6.299    12.0636  32.672341    27.9029      6.243  276.31437  276.41391    10.2836     4.0991 -9.990e-29
 125.509945      6.295    12.0640  32.670068    27.9005      6.239  276.31666  276.41627    10.2836     4.1153 -9.990e-29
 125.509948      6.292    12.0641  32.670709    27.9010      6.236  276.31518  276.41478    10.2525     4.1234 -9.990e-29
 125.509951      6.292    12.0641  32.669893    27.9002      6.236  276.31667  276.41628    10.2525     4.1234 -9.990e-29
 125.509954      6.288    12.0637  32.671525    27.9021      6.232  276.31523  276.41480    10.0346     4.1800 -9.990e-29
 125.509957      6.286    12.0632  32.669660    27.9007      6.230  276.32113  276.42068     9.9568     4.1719 -9.990e-29
