Processed/SBE19plus_01907321_2022_05_08_Cast86_wfilter.cnv
* Sea-Bird SBE19plus  Data File:
* FileName = E:\Prandtl Daten\2022\CTD\Raw\SBE19plus_01907321_2022_05_08_Cast86.hex
* Software version 2.6.1.12
* Temperature SN = 7321
* Conductivity SN = 7321
* System UpLoad Time = May 08 2022 12:02:41
* <ApplicationData>
* <Seaterm232>
** Messpraktikum 2022
** CTD 08.05 NP4
** NMEA Latitude = 54 10.44 N
** NMEA Longitude = 008 38.53 E
# nquan = 11
# nvalues = 628                         
# units = specified
# name 0 = timeJ: Julian Days
# name 1 = prdM: Pressure, Strain Gauge [db]
# name 2 = tv290C: Temperature [ITS-90, deg C]
# name 3 = c0mS/cm: Conductivity [mS/cm]
# name 4 = sal00: Salinity, Practical [PSU]
# name 5 = depSM: Depth [salt water, m], lat = 54.00
# name 6 = oxsatMm/Kg: Oxygen Saturation, Weiss [umol/kg]
# name 7 = oxsolMm/Kg: Oxygen Saturation, Garcia & Gordon [umol/kg]
# name 8 = turbWETntu0: Turbidity, WET Labs ECO [NTU]
# name 9 = flECO-AFL: Fluorescence, WET Labs ECO-AFL/FL [mg/m^3]
# name 10 = flag:  0.000e+00
# span 0 = 128.496617, 128.498432       
# span 1 =      0.669,     14.436       
# span 2 =    12.5539,    12.6548       
# span 3 =  32.927617,  32.978340       
# span 4 =    27.7519,    27.7804       
# span 5 =      0.663,     14.307       
# span 6 =  273.15763,  273.68994       
# span 7 =  273.29472,  273.82076       
# span 8 =     2.9529,    72.8984       
# span 9 =     3.2661,    16.4039       
# span 10 = 0.0000e+00, 0.0000e+00      
# interval = seconds: 0.25
# start_time = May 08 2022 11:53:38 [Instrument's time stamp, header]
# bad_flag = -9.990e-29
*END*
 128.496617      0.669    12.6499  32.974187    27.7539      0.663  273.18375  273.32054     3.2486     3.4077 -9.990e-29
 128.496620      0.678    12.6496  32.973427    27.7534      0.672  273.18605  273.32282     3.3420     3.4441 -9.990e-29
 128.496623      0.698    12.6499  32.973953    27.7537      0.692  273.18419  273.32098     3.3576     3.4643 -9.990e-29
 128.496626      0.711    12.6502  32.975415    27.7548      0.704  273.18005  273.31684     3.3420     3.4562 -9.990e-29
 128.496629      0.711    12.6506  32.976585    27.7556      0.704  273.17610  273.31292     3.2331     3.4845 -9.990e-29
 128.496632      0.705    12.6515  32.978340    27.7566      0.699  273.16925  273.30610     3.3420     3.4319 -9.990e-29
 128.496635      0.705    12.6531  32.978340    27.7554      0.699  273.16242  273.29938     3.9801     3.5007 -9.990e-29
 128.496638      0.729    12.6542  32.977345    27.7536      0.722  273.15923  273.29627     4.1202     3.4805 -9.990e-29
 128.496641      0.762    12.6543  32.975649    27.7519      0.755  273.16164  273.29872     4.0580     3.4966 -9.990e-29
 128.496644      0.773    12.6539  32.976059    27.7526      0.766  273.16279  273.29983     3.9957     3.4602 -9.990e-29
 128.496646      0.771    12.6539  32.978340    27.7548      0.764  273.15873  273.29575     3.7778     3.5977 -9.990e-29
 128.496649      0.785    12.6542  32.978106    27.7528      0.778  273.15791  273.29495     3.8401     3.5815 -9.990e-29
 128.496652      0.811    12.6548  32.976878    27.7531      0.804  273.15763  273.29472     3.7622     3.5937 0.0000e+00
 128.496655      0.850    12.6546  32.977346    27.7528      0.842  273.15776  273.29483     3.9179     3.5896 0.0000e+00
 128.496658      0.897    12.6542  32.976468    27.7529      0.889  273.16090  273.29795     3.7778     3.6058 0.0000e+00
 128.496661      0.933    12.6541  32.976469    27.7529      0.925  273.16155  273.29859     4.1825     3.3753 0.0000e+00
 128.496664      0.959    12.6540  32.976937    27.7529      0.950  273.16104  273.29808     4.2603     3.3996 -9.990e-29
 128.496667      0.973    12.6535  32.977697    27.7544      0.965  273.16187  273.29887     4.3537     3.4158 -9.990e-29
 128.496670      0.977    12.6537  32.977112    27.7537      0.969  273.16198  273.29900     4.3226     3.4117 -9.990e-29
 128.496672      0.972    12.6536  32.976937    27.7536      0.963  273.16291  273.29992     3.9957     3.5290 -9.990e-29
 128.496675      0.975    12.6533  32.976059    27.7530      0.967  273.16541  273.30241     4.0424     3.5492 -9.990e-29
 128.496678      0.992    12.6528  32.975825    27.7531      0.983  273.16801  273.30498     3.9801     3.5613 -9.990e-29
 128.496681      1.008    12.6521  32.974012    27.7537      0.999  273.17466  273.31160     4.0580     3.5209 -9.990e-29
 128.496684      1.036    12.6516  32.975416    27.7532      1.027  273.17436  273.31125     4.0424     3.5896 0.0000e+00
 128.496687      1.065    12.6511  32.974013    27.7527      1.055  273.17874  273.31561     4.0268     3.6099 0.0000e+00
 128.496690      1.107    12.6505  32.973369    27.7527      1.097  273.18271  273.31954     4.1202     3.5977 0.0000e+00
 128.496693      1.147    12.6493  32.973370    27.7527      1.137  273.18801  273.32477     4.1513     3.5735 0.0000e+00
 128.496696      1.194    12.6483  32.971849    27.7531      1.184  273.19510  273.33180     3.5288     3.4077 0.0000e+00
 128.496698      1.226    12.6471  32.972083    27.7527      1.215  273.19967  273.33630     3.5599     3.4117 -9.990e-29
 128.496701      1.245    12.6464  32.972083    27.7543      1.234  273.20279  273.33937     3.6222     3.4522 -9.990e-29
 128.496704      1.254    12.6461  32.974014    27.7563      1.243  273.20061  273.33715     3.4510     3.4077 -9.990e-29
 128.496707      1.267    12.6467  32.973780    27.7556      1.256  273.19855  273.33513     3.4976     3.4117 -9.990e-29
 128.496710      1.277    12.6473  32.972317    27.7538      1.265  273.19867  273.33530     3.5443     3.4319 -9.990e-29
 128.496713      1.278    12.6472  32.972434    27.7540      1.267  273.19877  273.33540     3.5599     3.3915 -9.990e-29
 128.496716      1.284    12.6469  32.972317    27.7541      1.272  273.20054  273.33714     3.5288     3.4158 -9.990e-29
 128.496719      1.302    12.6465  32.971908    27.7540      1.290  273.20283  273.33942     3.5443     3.4279 -9.990e-29
 128.496722      1.327    12.6458  32.970212    27.7542      1.316  273.20897  273.34553     4.4471     3.6786 -9.990e-29
 128.496725      1.360    12.6444  32.970446    27.7550      1.348  273.21448  273.35094     4.5871     3.6422 0.0000e+00
 128.496727      1.400    12.6441  32.971909    27.7554      1.388  273.21346  273.34988     4.5249     3.6746 0.0000e+00
 128.496730      1.441    12.6442  32.971616    27.7556      1.428  273.21339  273.34982     4.4159     3.6382 0.0000e+00
 128.496733      1.470    12.6444  32.972084    27.7554      1.456  273.21164  273.34809     3.9179     3.4522 0.0000e+00
 128.496736      1.499    12.6447  32.971675    27.7554      1.485  273.21146  273.34792     4.0891     3.4845 0.0000e+00
 128.496739      1.532    12.6441  32.971032    27.7551      1.518  273.21511  273.35154     4.0424     3.5047 -9.990e-29
 128.496742      1.555    12.6436  32.971675    27.7559      1.542  273.21615  273.35255     4.1047     3.4683 -9.990e-29
 128.496745      1.581    12.6436  32.971675    27.7559      1.567  273.21617  273.35256     3.9023     3.4077 -9.990e-29
 128.496748      1.581    12.6441  32.972611    27.7564      1.567  273.21233  273.34875     3.7934     3.4238 -9.990e-29
 128.496751      1.586    12.6443  32.971909    27.7555      1.572  273.21265  273.34909     3.7155     3.4117 -9.990e-29
 128.496753      1.585    12.6444  32.972085    27.7556      1.570  273.21172  273.34816     3.7622     3.4198 -9.990e-29
 128.496756      1.597    12.6443  32.971441    27.7551      1.583  273.21349  273.34993     3.7311     3.4036 -9.990e-29
 128.496759      1.612    12.6442  32.969394    27.7532      1.598  273.21745  273.35391     3.8556     3.4562 -9.990e-29
 128.496762      1.636    12.6436  32.969804    27.7552      1.621  273.21954  273.35595     3.7155     3.4724 -9.990e-29
 128.496765      1.662    12.6424  32.970038    27.7556      1.647  273.22442  273.36075     3.8401     3.4683 0.0000e+00
 128.496768      1.691    12.6419  32.970681    27.7561      1.676  273.22547  273.36176     3.7000     3.4805 0.0000e+00
 128.496771      1.725    12.6421  32.970857    27.7561      1.710  273.22425  273.36055     4.3848     3.3996 0.0000e+00
 128.496774      1.762    12.6425  32.971617    27.7561      1.746  273.22106  273.35738     4.3848     3.4158 0.0000e+00
 128.496777      1.798    12.6429  32.970214    27.7561      1.782  273.22171  273.35808     4.3226     3.4400 0.0000e+00
 128.496780      1.827    12.6436  32.972085    27.7555      1.811  273.21561  273.35200     4.4471     3.3794 0.0000e+00
 128.496782      1.858    12.6441  32.972436    27.7561      1.842  273.21283  273.34925     4.5249     3.4562 -9.990e-29
 128.496785      1.877    12.6444  32.972320    27.7557      1.860  273.21150  273.34794     4.5560     3.4400 -9.990e-29
 128.496788      1.895    12.6449  32.971910    27.7550      1.878  273.21037  273.34685     4.5093     3.4764 -9.990e-29
 128.496791      1.912    12.6448  32.972027    27.7552      1.895  273.21049  273.34696     4.5871     3.4764 -9.990e-29
 128.496794      1.922    12.6450  32.971910    27.7549      1.905  273.20977  273.34626     3.8089     3.3308 -9.990e-29
 128.496797      1.946    12.6452  32.970214    27.7532      1.929  273.21218  273.34869     3.8868     3.3470 -9.990e-29
 128.496800      1.963    12.6449  32.970857    27.7540      1.945  273.21229  273.34878     3.8556     3.3268 -9.990e-29
 128.496803      1.977    12.6443  32.971501    27.7550      1.960  273.21364  273.35008     3.7155     3.3794 -9.990e-29
 128.496806      1.994    12.6441  32.970858    27.7546      1.976  273.21573  273.35216     3.7934     3.3713 -9.990e-29
 128.496808      2.012    12.6439  32.971209    27.7551      1.994  273.21605  273.35246     3.3576     3.4238 -9.990e-29
 128.496811      2.037    12.6437  32.969220    27.7525      2.019  273.22053  273.35696     3.2175     3.4319 -9.990e-29
 128.496814      2.067    12.6434  32.968167    27.7525      2.048  273.22336  273.35978     3.3887     3.4238 0.0000e+00
 128.496817      2.098    12.6425  32.969630    27.7525      2.079  273.22482  273.36116     3.3576     3.3672 -9.990e-29
 128.496820      2.121    12.6418  32.969396    27.7548      2.103  273.22835  273.36465     4.5871     3.4926 -9.990e-29
 128.496823      2.144    12.6413  32.970215    27.7560      2.124  273.22909  273.36534     4.5560     3.4724 -9.990e-29
 128.496826      2.164    12.6412  32.969630    27.7555      2.144  273.23076  273.36701     4.4471     3.4643 -9.990e-29
 128.496829      2.189    12.6408  32.969396    27.7556      2.170  273.23275  273.36898     4.5560     3.5047 -9.990e-29
 128.496832      2.206    12.6406  32.970040    27.7563      2.186  273.23255  273.36876     4.7584     3.4279 -9.990e-29
 128.496834      2.220    12.6405  32.969221    27.7556      2.200  273.23432  273.37054     4.7428     3.4643 -9.990e-29
 128.496837      2.238    12.6404  32.968987    27.7555      2.218  273.23537  273.37158     4.9451     3.5088 -9.990e-29
 128.496840      2.258    12.6405  32.969864    27.7562      2.238  273.23320  273.36941     4.7272     3.4602 -9.990e-29
 128.496843      2.280    12.6402  32.968578    27.7552      2.260  273.23706  273.37326     3.0152     3.2864 -9.990e-29
 128.496846      2.304    12.6400  32.969221    27.7569      2.283  273.23686  273.37304     2.9529     3.2945 -9.990e-29
 128.496849      2.331    12.6395  32.969865    27.7574      2.311  273.23760  273.37374     3.0619     3.2742 0.0000e+00
 128.496852      2.364    12.6399  32.971093    27.7569      2.343  273.23389  273.37004     3.0774     3.2661 0.0000e+00
 128.496855      2.395    12.6407  32.970684    27.7573      2.374  273.23122  273.36743     2.9996     3.2783 0.0000e+00
 128.496858      2.421    12.6410  32.969456    27.7568      2.399  273.23218  273.36842     3.7778     3.3308 -9.990e-29
 128.496861      2.444    12.6412  32.969397    27.7552      2.422  273.23105  273.36731     3.5599     3.3349 -9.990e-29
 128.496863      2.464    12.6413  32.970041    27.7557      2.442  273.22961  273.36587     3.6377     3.3106 -9.990e-29
 128.496866      2.482    12.6417  32.970625    27.7560      2.460  273.22703  273.36331     3.9023     3.3228 -9.990e-29
 128.496869      2.506    12.6419  32.970684    27.7558      2.484  273.22570  273.36199     3.5288     3.2783 -9.990e-29
 128.496872      2.524    12.6419  32.970216    27.7554      2.502  273.22654  273.36284     3.5910     3.2823 -9.990e-29
 128.496875      2.544    12.6420  32.971035    27.7561      2.522  273.22479  273.36109     3.5910     3.2702 -9.990e-29
 128.496878      2.563    12.6420  32.970041    27.7551      2.540  273.22657  273.36288     3.3887     3.2702 -9.990e-29
 128.496881      2.579    12.6419  32.970450    27.7556      2.556  273.22616  273.36246     3.5132     3.3187 -9.990e-29
 128.496884      2.599    12.6421  32.971445    27.7564      2.576  273.22379  273.36008     3.5599     3.3389 -9.990e-29
 128.496887      2.621    12.6424  32.971269    27.7560      2.597  273.22287  273.35919     3.6222     3.3672 -9.990e-29
 128.496889      2.637    12.6425  32.971503    27.7561      2.614  273.22184  273.35817     3.6066     3.3470 -9.990e-29
 128.496892      2.658    12.6428  32.971035    27.7555      2.634  273.22145  273.35780     3.8556     3.5613 -9.990e-29
 128.496895      2.678    12.6431  32.971913    27.7561      2.654  273.21866  273.35502     3.7622     3.5249 -9.990e-29
 128.496898      2.696    12.6430  32.971679    27.7559      2.672  273.21940  273.35575     3.8868     3.5532 -9.990e-29
 128.496901      2.714    12.6431  32.971445    27.7556      2.690  273.21951  273.35588     3.6844     3.5169 -9.990e-29
 128.496904      2.736    12.6430  32.972322    27.7566      2.712  273.21828  273.35463     3.7155     3.5411 -9.990e-29
 128.496907      2.762    12.6433  32.972732    27.7561      2.737  273.21632  273.35269     4.1047     3.5775 0.0000e+00
 128.496910      2.793    12.6437  32.972030    27.7564      2.768  273.21604  273.35244     3.9957     3.5977 0.0000e+00
 128.496913      2.822    12.6439  32.972966    27.7557      2.797  273.21346  273.34987     4.1669     3.6058 0.0000e+00
 128.496916      2.853    12.6440  32.972323    27.7561      2.828  273.21401  273.35043     4.0268     3.6058 0.0000e+00
 128.496918      2.884    12.6441  32.972791    27.7557      2.859  273.21288  273.34930     4.2447     3.5209 -9.990e-29
 128.496921      2.908    12.6441  32.973376    27.7566      2.882  273.21186  273.34827     4.3070     3.5371 -9.990e-29
 128.496924      2.930    12.6443  32.973551    27.7566      2.904  273.21063  273.34706     4.3537     3.5411 -9.990e-29
 128.496927      2.947    12.6444  32.972615    27.7556      2.920  273.21168  273.34813     4.4004     3.5532 -9.990e-29
 128.496930      2.961    12.6447  32.972557    27.7553      2.935  273.21056  273.34702     3.7000     3.4683 -9.990e-29
 128.496933      2.981    12.6449  32.973785    27.7564      2.955  273.20776  273.34423     3.6533     3.4683 -9.990e-29
 128.496936      2.996    12.6449  32.973200    27.7558      2.969  273.20881  273.34528     3.8245     3.4845 -9.990e-29
 128.496939      3.018    12.6449  32.973961    27.7565      2.991  273.20748  273.34394     3.8868     3.4602 -9.990e-29
 128.496942      3.038    12.6447  32.973551    27.7562      3.011  273.20884  273.34529     4.0268     3.5007 -9.990e-29
 128.496944      3.060    12.6448  32.973786    27.7564      3.032  273.20813  273.34458     4.0891     3.4400 -9.990e-29
 128.496947      3.085    12.6447  32.973786    27.7565      3.058  273.20845  273.34491     4.0424     3.4602 -9.990e-29
 128.496950      3.113    12.6445  32.973786    27.7566      3.085  273.20940  273.34584     4.0580     3.4845 -9.990e-29
 128.496953      3.135    12.6444  32.973786    27.7566      3.107  273.20973  273.34616     4.0268     3.4602 -9.990e-29
 128.496956      3.160    12.6444  32.973786    27.7566      3.132  273.20975  273.34618     3.9023     3.4724 -9.990e-29
 128.496959      3.182    12.6445  32.972967    27.7558      3.154  273.21091  273.34735     3.7934     3.4441 -9.990e-29
 128.496962      3.200    12.6444  32.973201    27.7561      3.172  273.21112  273.34756     3.7934     3.4562 -9.990e-29
 128.496965      3.224    12.6444  32.972558    27.7555      3.195  273.21228  273.34873     3.7155     3.4926 -9.990e-29
 128.496968      3.244    12.6442  32.973786    27.7568      3.215  273.21104  273.34746     3.7778     3.4926 -9.990e-29
 128.496970      3.262    12.6441  32.972792    27.7559      3.233  273.21313  273.34956     3.7467     3.4926 -9.990e-29
 128.496973      3.282    12.6441  32.973552    27.7566      3.253  273.21180  273.34821     3.6533     3.4683 -9.990e-29
 128.496976      3.299    12.6439  32.972792    27.7561      3.269  273.21409  273.35050     3.8712     3.4764 -9.990e-29
 128.496979      3.320    12.6438  32.971096    27.7545      3.291  273.21743  273.35385     3.5910     3.3794 -9.990e-29
 128.496982      3.342    12.6437  32.972968    27.7552      3.312  273.21474  273.35113     3.7622     3.3106 -9.990e-29
 128.496985      3.368    12.6434  32.971447    27.7552      3.338  273.21870  273.35509     3.8868     3.3511 0.0000e+00
 128.496988      3.403    12.6427  32.972968    27.7552      3.372  273.21882  273.35515     3.7467     3.3551 -9.990e-29
 128.496991      3.428    12.6425  32.971506    27.7558      3.397  273.22237  273.35870     3.9179     3.3753 -9.990e-29
 128.496994      3.459    12.6423  32.972208    27.7566      3.428  273.22207  273.35838     4.1513     3.4077 -9.990e-29
