Processed/SBE19plus_01907321_2022_05_08_Cast85_wfilter.cnv
* Sea-Bird SBE19plus  Data File:
* FileName = E:\Prandtl Daten\2022\CTD\Raw\SBE19plus_01907321_2022_05_08_Cast85.hex
* Software version 2.6.1.12
* Temperature SN = 7321
* Conductivity SN = 7321
* System UpLoad Time = May 08 2022 11:42:22
* <ApplicationData>
* <Seaterm232>
** Messpraktikum 2022
** CTD 08.05 NP5
** NMEA Latitude = 54 10.79 N
** NMEA Longitude = 008 36.47 E
# nquan = 11
# nvalues = 427                         
# units = specified
# name 0 = timeJ: Julian Days
# name 1 = prdM: Pressure, Strain Gauge [db]
# name 2 = tv290C: Temperature [ITS-90, deg C]
# name 3 = c0mS/cm: Conductivity [mS/cm]
# name 4 = sal00: Salinity, Practical [PSU]
# name 5 = depSM: Depth [salt water, m], lat = 54.00
# name 6 = oxsatMm/Kg: Oxygen Saturation, Weiss [umol/kg]
# name 7 = oxsolMm/Kg: Oxygen Saturation, Garcia & Gordon [umol/kg]
# name 8 = turbWETntu0: Turbidity, WET Labs ECO [NTU]
# name 9 = flECO-AFL: Fluorescence, WET Labs ECO-AFL/FL [mg/m^3]
# name 10 = flag:  0.000e+00
# span 0 = 128.483432, 128.484664       
# span 1 =      0.518,     11.179       
# span 2 =    12.5306,    12.7060       
# span 3 =  32.947447,  33.065088       
# span 4 =    27.7857,    27.8171       
# span 5 =      0.513,     11.079       
# span 6 =  272.78461,  273.75840       
# span 7 =  272.92430,  273.88745       
# span 8 =     2.4548,    32.8517       
# span 9 =     2.8780,    10.6984       
# span 10 = 0.0000e+00, 0.0000e+00      
# interval = seconds: 0.25
# start_time = May 08 2022 11:34:38 [Instrument's time stamp, header]
# bad_flag = -9.990e-29
*END*
[from data line 132]
 128.483814      3.894    12.6710  33.036338    27.7951      3.859  272.98325  273.12086     2.8284     2.9710 -9.990e-29
 128.483817      3.898    12.6725  33.037801    27.7953      3.863  272.97414  273.11183     2.6727     2.9588 -9.990e-29
 128.483819      3.914    12.6736  33.039323    27.7959      3.879  272.96648  273.10423     2.7350     2.9750 -9.990e-29
 128.483822      3.939    12.6746  33.040494    27.7961      3.904  272.96007  273.09788     3.3420     3.1206 -9.990e-29
 128.483825      3.976    12.6762  33.041548    27.7955      3.940  272.95140  273.08930     3.3576     3.0842 0.0000e+00
 128.483828      4.018    12.6775  33.041314    27.7949      3.982  272.94625  273.08425     3.3264     3.1084 0.0000e+00
 128.483831      4.058    12.6782  33.039674    27.7930      4.021  272.94609  273.08414     3.3420     3.0842 0.0000e+00
 128.483834      4.094    12.6779  33.039675    27.7930      4.058  272.94735  273.08539     2.7817     2.9063 0.0000e+00
 128.483837      4.127    12.6775  33.040143    27.7934      4.090  272.94841  273.08641     2.7817     2.8941 0.0000e+00
 128.483840      4.154    12.6771  33.039265    27.7938      4.117  272.95153  273.08952     2.8906     2.8780 -9.990e-29
 128.483843      4.171    12.6766  33.040143    27.7944      4.133  272.95216  273.09011     2.9218     2.9346 -9.990e-29
 128.483845      4.178    12.6766  33.040904    27.7951      4.141  272.95112  273.08906     3.4821     2.9993 -9.990e-29
 128.483848      4.184    12.6773  33.039265    27.7931      4.146  272.95093  273.08893     3.4198     3.0235 -9.990e-29
 128.483851      4.191    12.6781  33.041899    27.7950      4.153  272.94285  273.08087     3.5288     3.0599 -9.990e-29
 128.483854      4.205    12.6786  33.042602    27.7932      4.168  272.93913  273.07718     3.6222     3.0559 -9.990e-29
 128.483857      4.234    12.6796  33.041314    27.7935      4.197  272.93709  273.07522     3.5443     3.0235 0.0000e+00
 128.483860      4.269    12.6802  33.042309    27.7937      4.231  272.93286  273.07103     2.9996     3.0397 0.0000e+00
 128.483863      4.314    12.6806  33.043012    27.7941      4.276  272.92978  273.06797     3.1552     3.0397 0.0000e+00
 128.483866      4.358    12.6806  33.043188    27.7941      4.319  272.92950  273.06768     3.1241     2.9952 0.0000e+00
 128.483869      4.400    12.6806  33.042310    27.7938      4.361  272.93140  273.06958     3.0307     3.0357 0.0000e+00
 128.483872      4.431    12.6806  33.041549    27.7934      4.392  272.93246  273.07066     2.9529     3.3025 -9.990e-29
 128.483874      4.453    12.6801  33.038856    27.7905      4.414  272.93942  273.07762     2.8595     3.3106 -9.990e-29
 128.483877      4.470    12.6792  33.040729    27.7929      4.430  272.94014  273.07826     2.7973     3.2621 -9.990e-29
 128.483880      4.477    12.6785  33.040261    27.7930      4.437  272.94408  273.08215     2.7817     3.2621 -9.990e-29
 128.483883      4.484    12.6786  33.038154    27.7910      4.444  272.94752  273.08562     3.3420     3.3632 -9.990e-29
 128.483886      4.497    12.6771  33.033822    27.7880      4.457  272.96143  273.09947     3.2175     3.3551 -9.990e-29
 128.483889      4.514    12.6743  33.033003    27.7877      4.473  272.97531  273.11317     3.2331     3.3470 -9.990e-29
 128.483892      4.541    12.6708  33.028438    27.7880      4.500  272.99864  273.13631     3.2642     3.3551 0.0000e+00
 128.483895      4.574    12.6671  33.026331    27.7884      4.533  273.01855  273.15599     3.5132     3.3551 0.0000e+00
 128.483898      4.603    12.6634  33.025103    27.7900      4.562  273.03689  273.17410     3.4821     3.3389 0.0000e+00
 128.483900      4.636    12.6601  33.023289    27.7900      4.594  273.05442  273.19142     3.5599     3.3834 0.0000e+00
 128.483903      4.672    12.6572  33.020129    27.7907      4.631  273.07278  273.20962     3.4821     3.3632 0.0000e+00
 128.483906      4.702    12.6548  33.020129    27.7917      4.660  273.08336  273.22003     3.4821     3.3551 0.0000e+00
 128.483909      4.733    12.6526  33.019310    27.7925      4.690  273.09415  273.23069     3.5288     3.1570 0.0000e+00
 128.483912      4.764    12.6511  33.019310    27.7936      4.721  273.10100  273.23743     3.6377     3.1691 0.0000e+00
 128.483915      4.793    12.6499  33.019311    27.7940      4.750  273.10629  273.24265     3.3887     3.1812 0.0000e+00
 128.483918      4.822    12.6498  33.020130    27.7945      4.779  273.10516  273.24151     3.5288     3.1529 -9.990e-29
 128.483921      4.842    12.6502  33.019720    27.7946      4.799  273.10404  273.24042     3.1552     3.1125 -9.990e-29
 128.483924      4.855    12.6509  33.019720    27.7941      4.812  273.10095  273.23737     3.0152     3.0721 -9.990e-29
 128.483927      4.861    12.6516  33.023056    27.7967      4.817  273.09223  273.22866     2.9840     3.1004 -9.990e-29
 128.483929      4.874    12.6533  33.026568    27.7986      4.830  273.07824  273.21476     3.0152     3.0842 -9.990e-29
 128.483932      4.886    12.6562  33.029845    27.7996      4.843  273.06000  273.19668     2.8128     2.9588 -9.990e-29
 128.483935      4.905    12.6604  33.038391    27.8022      4.861  273.02652  273.16340     2.7194     2.9629 -9.990e-29
 128.483938      4.934    12.6666  33.040908    27.8007      4.890  272.99507  273.13234     2.7661     2.9588 0.0000e+00
 128.483941      4.974    12.6722  33.042078    27.7994      4.929  272.96850  273.10614     2.8906     2.9831 0.0000e+00
 128.483944      5.015    12.6762  33.045473    27.7992      4.971  272.94512  273.08299     2.7817     2.9265 0.0000e+00
 128.483947      5.058    12.6796  33.047171    27.7984      5.012  272.92724  273.06532     2.8751     2.9063 0.0000e+00
 128.483950      5.088    12.6828  33.048868    27.7980      5.043  272.91028  273.04856     2.8595     2.8860 0.0000e+00
 128.483953      5.118    12.6856  33.052966    27.7976      5.072  272.89093  273.02935     2.7350     2.9265 -9.990e-29
 128.483955      5.136    12.6888  33.055718    27.7996      5.090  272.87209  273.01071     2.7350     2.9063 -9.990e-29
 128.483958      5.152    12.6922  33.056186    27.7975      5.106  272.85669  272.99552     2.9685     2.9629 -9.990e-29
 128.483961      5.171    12.6948  33.058821    27.7980      5.125  272.84055  272.97953     3.0463     2.9790 -9.990e-29
 128.483964      5.191    12.6972  33.056771    27.7943      5.144  272.83364  272.97281     3.0619     2.9629 -9.990e-29
 128.483967      5.207    12.6982  33.057357    27.7942      5.160  272.82858  272.96781     3.0307     2.9750 -9.990e-29
 128.483970      5.227    12.6982  33.055483    27.7936      5.180  272.83192  272.97116     2.7194     2.8901 -9.990e-29
 128.483973      5.254    12.6977  33.056361    27.7944      5.207  272.83255  272.97175     2.8906     2.9224 0.0000e+00
 128.483976      5.283    12.6977  33.058001    27.7949      5.236  272.82966  272.96885     2.8595     2.9063 0.0000e+00
 128.483979      5.316    12.6980  33.058001    27.7950      5.269  272.82844  272.96765     2.8595     2.8901 0.0000e+00
 128.483981      5.345    12.6988  33.060343    27.7949      5.298  272.82059  272.95982     2.8906     2.9629 -9.990e-29
 128.483984      5.365    12.6997  33.061104    27.7971      5.317  272.81521  272.95451     2.8284     2.9750 -9.990e-29
 128.483987      5.395    12.7009  33.062744    27.7971      5.346  272.80736  272.94671     2.7973     2.9588 0.0000e+00
 128.483990      5.420    12.7025  33.061514    27.7971      5.372  272.80242  272.94190     2.8284     2.9912 -9.990e-29
 128.483993      5.442    12.7037  33.063388    27.7956      5.393  272.79384  272.93338     2.9840     2.9831 -9.990e-29
 128.483996      5.468    12.7045  33.061748    27.7935      5.419  272.79335  272.93296     2.9840     2.9548 -9.990e-29
 128.483999      5.486    12.7044  33.061924    27.7938      5.437  272.79367  272.93327     3.2486     2.9750 -9.990e-29
 128.484002      5.504    12.7038  33.062568    27.7948      5.455  272.79502  272.93457     3.1241     2.9507 -9.990e-29
 128.484005      5.520    12.7038  33.062920    27.7948      5.471  272.79441  272.93396     2.9529     2.9669 -9.990e-29
 128.484008      5.548    12.7040  33.062744    27.7945      5.498  272.79381  272.93337     2.8595     2.9224 0.0000e+00
 128.484010      5.582    12.7040  33.062159    27.7948      5.532  272.79487  272.93444     2.7506     2.9022 0.0000e+00
 128.484013      5.614    12.7040  33.063096    27.7945      5.563  272.79323  272.93279     2.6105     2.8941 0.0000e+00
 128.484016      5.645    12.7042  33.062569    27.7945      5.594  272.79357  272.93314     2.7817     2.9143 0.0000e+00
 128.484019      5.674    12.7041  33.062159    27.7943      5.623  272.79462  272.93419     2.8284     3.0316 0.0000e+00
 128.484022      5.701    12.7036  33.059934    27.7941      5.650  272.80076  272.94032     2.8284     3.0357 -9.990e-29
 128.484025      5.712    12.7030  33.057358    27.7905      5.661  272.80812  272.94767     2.7350     3.0518 -9.990e-29
 128.484028      5.730    12.7012  33.056597    27.7910      5.679  272.81693  272.95637     2.7506     3.0235 -9.990e-29
 128.484031      5.738    12.6996  33.056538    27.7922      5.687  272.82418  272.96351     2.7817     3.0437 -9.990e-29
 128.484034      5.760    12.6978  33.052382    27.7896      5.708  272.83932  272.97857     2.8128     2.9912 -9.990e-29
 128.484036      5.776    12.6960  33.054021    27.7925      5.724  272.84450  272.98361     2.8595     3.0114 -9.990e-29
 128.484039      5.805    12.6946  33.055075    27.7945      5.753  272.84854  272.98755     2.8906     3.0559 -9.990e-29
 128.484042      5.829    12.6947  33.057125    27.7973      5.777  272.84461  272.98361     2.5638     3.0235 -9.990e-29
 128.484045      5.857    12.6956  33.058940    27.7973      5.804  272.83738  272.97642     2.5794     3.0397 0.0000e+00
 128.484048      5.886    12.6974  33.059877    27.7973      5.833  272.82798  272.96713     2.4548     3.0357 -9.990e-29
 128.484051      5.911    12.6994  33.061750    27.7981      5.858  272.81599  272.95525     2.6261     3.0518 -9.990e-29
 128.484054      5.944    12.7015  33.064502    27.7981      5.891  272.80182  272.94120     2.5638     3.0357 0.0000e+00
 128.484057      5.975    12.7036  33.065088    27.7981      5.922  272.79180  272.93132     3.0774     3.0559 -9.990e-29
 128.484060      5.999    12.7052  33.064092    27.7950      5.945  272.78645  272.92608     2.9373     3.0437 -9.990e-29
 128.484062      6.030    12.7060  33.063389    27.7938      5.976  272.78461  272.92430     3.0619     3.0154 -9.990e-29
 128.484065      6.050    12.7055  33.061106    27.7933      5.996  272.79053  272.93021     2.9840     3.0276 -9.990e-29
 128.484068      6.079    12.7048  33.061926    27.7937      6.025  272.79220  272.93183     3.1708     3.1125 0.0000e+00
 128.484071      6.106    12.7037  33.061926    27.7939      6.052  272.79687  272.93643     2.8906     3.1084 0.0000e+00
 128.484074      6.132    12.7032  33.061341    27.7939      6.077  272.80041  272.93993     3.0930     3.0923 0.0000e+00
 128.484077      6.163    12.7028  33.060931    27.7938      6.108  272.80271  272.94221     3.0152     3.1044 0.0000e+00
 128.484080      6.189    12.7021  33.058823    27.7938      6.133  272.80957  272.94904     2.7973     3.0316 -9.990e-29
 128.484083      6.212    12.7008  33.055720    27.7904      6.157  272.82067  272.96009     2.8284     3.0518 -9.990e-29
 128.484086      6.238    12.6987  33.055018    27.7913      6.182  272.83124  272.97053     2.7817     2.9912 -9.990e-29
 128.484089      6.262    12.6970  33.052969    27.7906      6.206  272.84234  272.98153     2.8595     3.0680 -9.990e-29
 128.484091      6.287    12.6952  33.048812    27.7881      6.231  272.85749  272.99660     3.5443     3.1004 -9.990e-29
 128.484094      6.304    12.6917  33.046061    27.7881      6.247  272.87759  273.01649     3.4198     3.0842 -9.990e-29
 128.484097      6.327    12.6883  33.040910    27.7857      6.271  272.90133  273.04006     3.4510     3.0963 -9.990e-29
 128.484100      6.347    12.6836  33.037925    27.7864      6.291  272.92713  273.06558     3.5132     3.0882 -9.990e-29
 128.484103      6.368    12.6794  33.036521    27.7882      6.311  272.94826  273.08643     3.4821     3.0963 -9.990e-29
 128.484106      6.390    12.6760  33.035526    27.7898      6.332  272.96463  273.10259     2.9218     3.2136 -9.990e-29
 128.484109      6.411    12.6730  33.033185    27.7898      6.354  272.98184  273.11962     3.0930     3.2419 -9.990e-29
 128.484112      6.433    12.6706  33.032600    27.7910      6.376  272.99345  273.13107     3.2798     3.2500 -9.990e-29
 128.484115      6.455    12.6694  33.033420    27.7927      6.398  272.99728  273.13482     3.0774     3.2257 -9.990e-29
 128.484117      6.475    12.6685  33.034590    27.7944      6.417  272.99894  273.13641     3.5443     3.0195 -9.990e-29
 128.484120      6.499    12.6683  33.035117    27.7951      6.441  272.99895  273.13640     3.6222     3.0599 -9.990e-29
 128.484123      6.526    12.6687  33.035527    27.7952      6.468  272.99638  273.13385     3.5443     3.0235 0.0000e+00
 128.484126      6.559    12.6691  33.035937    27.7951      6.501  272.99412  273.13161     3.4821     3.0235 0.0000e+00
 128.484129      6.596    12.6699  33.035937    27.7952      6.537  272.99042  273.12797     3.3109     3.1651 0.0000e+00
 128.484132      6.638    12.6707  33.037400    27.7953      6.578  272.98444  273.12202     3.2798     3.1570 0.0000e+00
 128.484135      6.683    12.6717  33.039157    27.7953      6.623  272.97700  273.11464     3.3420     3.1651 0.0000e+00
 128.484138      6.725    12.6729  33.038864    27.7957      6.665  272.97259  273.11030     3.2486     3.1812 0.0000e+00
 128.484141      6.754    12.6737  33.038747    27.7951      6.694  272.96909  273.10686     2.6416     3.0801 -9.990e-29
 128.484144      6.776    12.6743  33.041557    27.7965      6.715  272.96163  273.09942     2.6727     3.0882 -9.990e-29
 128.484146      6.783    12.6756  33.041966    27.7959      6.723  272.95501  273.09288     2.5794     3.0680 -9.990e-29
 128.484149      6.787    12.6774  33.041498    27.7941      6.726  272.94809  273.08608     2.6261     3.1125 -9.990e-29
 128.484152      6.787    12.6781  33.040503    27.7927      6.726  272.94706  273.08511     2.4704     3.1165 -9.990e-29
 128.484155      6.795    12.6778  33.039859    27.7924      6.734  272.94945  273.08749     3.5288     3.0276 -9.990e-29
 128.484158      6.802    12.6764  33.038337    27.7906      6.741  272.95836  273.09632     3.5132     3.0357 -9.990e-29
 128.484161      6.829    12.6744  33.035293    27.7899      6.768  272.97248  273.11033     3.6066     3.0437 0.0000e+00
 128.484164      6.867    12.6715  33.031547    27.7903      6.806  272.99157  273.12927     3.5132     3.0154 0.0000e+00
 128.484167      6.913    12.6680  33.030026    27.7903      6.851  273.00951  273.14699     2.9529     3.0963 0.0000e+00
 128.484170      6.960    12.6652  33.029266    27.7917      6.898  273.02331  273.16061     3.0152     3.0842 0.0000e+00
 128.484172      7.010    12.6630  33.028622    27.7927      6.947  273.03411  273.17126     3.0619     3.0801 0.0000e+00
 128.484175      7.046    12.6613  33.027627    27.7929      6.983  273.04304  273.18009     2.9840     3.1044 0.0000e+00
 128.484178      7.077    12.6598  33.026340    27.7930      7.014  273.05218  273.18914     3.1864     3.1570 -9.990e-29
 128.484181      7.093    12.6576  33.024702    27.7930      7.030  273.06441  273.20125     3.1085     3.1529 -9.990e-29
 128.484184      7.096    12.6553  33.022595    27.7927      7.032  273.07840  273.21510     3.1085     3.1570 -9.990e-29
 128.484187      7.098    12.6524  33.022185    27.7945      7.034  273.09155  273.22806     3.2486     3.1448 -9.990e-29
