Processed/SBE19plus_01907321_2022_05_05_Cast31_wfilter.cnv
* Sea-Bird SBE19plus  Data File:
* FileName = E:\Prandtl Daten\2022\CTD\Raw\SBE19plus_01907321_2022_05_05_Cast31.hex
* Software version 2.6.1.12
* Temperature SN = 7321
* Conductivity SN = 7321
* System UpLoad Time = May 05 2022 11:20:34
* <ApplicationData>
* <Seaterm232>
** Messpraktikum 2022
** CTD 05.05 Schnitt5_3
# nquan = 11
# nvalues = 280                         
# units = specified
# name 0 = timeJ: Julian Days
# name 1 = prdM: Pressure, Strain Gauge [db]
# name 2 = tv290C: Temperature [ITS-90, deg C]
# name 3 = c0mS/cm: Conductivity [mS/cm]
# name 4 = sal00: Salinity, Practical [PSU]
# name 5 = depSM: Depth [salt water, m], lat = 54.00
# name 6 = oxsatMm/Kg: Oxygen Saturation, Weiss [umol/kg]
# name 7 = oxsolMm/Kg: Oxygen Saturation, Garcia & Gordon [umol/kg]
# name 8 = turbWETntu0: Turbidity, WET Labs ECO [NTU]
# name 9 = flECO-AFL: Fluorescence, WET Labs ECO-AFL/FL [mg/m^3]
# name 10 = flag:  0.000e+00
# span 0 = 125.469661, 125.470469       
# span 1 =      0.504,      7.164       
# span 2 =    11.7408,    11.7590       
# span 3 =  32.309938,  32.333087       
# span 4 =    27.8009,    27.8120       
# span 5 =      0.499,      7.100       
# span 6 =  278.30283,  278.42246       
# span 7 =  278.38431,  278.50292       
# span 8 =    18.4237,    31.0619       
# span 9 =     4.3539,     6.2140       
# span 10 = 0.0000e+00, 0.0000e+00      
# interval = seconds: 0.25
# start_time = May 05 2022 11:14:50 [Instrument's time stamp, header]
# bad_flag = -9.990e-29
*END*
[from data line 132]
 125.470043      3.579    11.7505  32.325373    27.8087      3.547  278.35529  278.43628    23.4510     5.3648 -9.990e-29
 125.470046      3.598    11.7497  32.325373    27.8092      3.566  278.35874  278.43967    23.4043     5.3810 -9.990e-29
 125.470049      3.618    11.7494  32.325141    27.8092      3.585  278.36043  278.44134    22.1280     5.8339 -9.990e-29
 125.470052      3.638    11.7489  32.324618    27.8091      3.605  278.36391  278.44479    22.1903     5.8258 -9.990e-29
 125.470055      3.663    11.7485  32.322935    27.8078      3.630  278.36894  278.44980    22.2525     5.8460 -9.990e-29
 125.470058      3.685    11.7480  32.323342    27.8093      3.652  278.37038  278.45120    22.1903     5.8581 -9.990e-29
 125.470061      3.713    11.7477  32.323922    27.8085      3.679  278.37056  278.45136    22.6727     5.4861 0.0000e+00
 125.470064      3.744    11.7474  32.321891    27.8083      3.710  278.37562  278.45642    22.7661     5.5063 0.0000e+00
 125.470067      3.777    11.7472  32.322530    27.8083      3.743  278.37539  278.45617    22.6883     5.5144 0.0000e+00
 125.470069      3.817    11.7472  32.322472    27.8083      3.783  278.37583  278.45661    22.7194     5.5185 0.0000e+00
 125.470072      3.851    11.7469  32.322936    27.8086      3.817  278.37593  278.45669    22.9529     5.3931 0.0000e+00
 125.470075      3.882    11.7465  32.321311    27.8089      3.848  278.38085  278.46159    22.9685     5.4254 -9.990e-29
 125.470078      3.904    11.7463  32.322124    27.8086      3.869  278.38060  278.46131    22.9529     5.4497 -9.990e-29
 125.470081      3.926    11.7459  32.321718    27.8085      3.891  278.38293  278.46363    22.8751     5.4416 -9.990e-29
 125.470084      3.937    11.7457  32.321311    27.8082      3.902  278.38463  278.46532    22.9840     5.4457 -9.990e-29
 125.470087      3.948    11.7453  32.321544    27.8088      3.912  278.38608  278.46673    23.4354     5.7125 -9.990e-29
 125.470090      3.959    11.7451  32.321312    27.8087      3.924  278.38745  278.46809    23.4665     5.6802 -9.990e-29
 125.470093      3.966    11.7447  32.320267    27.8080      3.931  278.39096  278.47159    23.4510     5.6883 -9.990e-29
 125.470095      3.973    11.7444  32.319861    27.8078      3.938  278.39328  278.47389    23.4665     5.6681 -9.990e-29
 125.470098      3.986    11.7440  32.318468    27.8068      3.951  278.39776  278.47835    25.6766     5.6034 -9.990e-29
 125.470101      4.001    11.7436  32.320267    27.8083      3.965  278.39598  278.47652    25.6922     5.6276 -9.990e-29
 125.470104      4.030    11.7437  32.319803    27.8072      3.994  278.39655  278.47711    25.6299     5.6438 0.0000e+00
 125.470107      4.061    11.7438  32.317424    27.8083      4.025  278.40069  278.48128    25.5677     5.6600 0.0000e+00
 125.470110      4.105    11.7436  32.320093    27.8068      4.068  278.39637  278.47692    22.4393     5.4214 0.0000e+00
 125.470113      4.148    11.7436  32.318236    27.8068      4.111  278.39986  278.48043    22.5949     5.4618 0.0000e+00
 125.470116      4.194    11.7435  32.309938    27.8066      4.156  278.41598  278.49663    22.5015     5.4416 0.0000e+00
 125.470119      4.243    11.7436  32.318063    27.8066      4.205  278.40057  278.48113    22.4237     5.4133 0.0000e+00
 125.470122      4.281    11.7438  32.318817    27.8071      4.243  278.39794  278.47852    21.9724     5.2961 0.0000e+00
 125.470124      4.319    11.7442  32.320094    27.8075      4.281  278.39372  278.47431    21.9879     5.3163 0.0000e+00
 125.470127      4.350    11.7448  32.317250    27.8080      4.312  278.39654  278.47721    21.9879     5.3324 -9.990e-29
 125.470130      4.369    11.7449  32.320094    27.8075      4.330  278.39063  278.47128    21.8478     5.2880 -9.990e-29
 125.470133      4.378    11.7450  32.320907    27.8082      4.339  278.38881  278.46946    22.0191     5.3001 -9.990e-29
 125.470136      4.381    11.7450  32.319456    27.8068      4.342  278.39152  278.47218    24.4004     5.7409 -9.990e-29
 125.470139      4.385    11.7451  32.319978    27.8072      4.346  278.38993  278.47059    24.3692     5.7409 -9.990e-29
 125.470142      4.383    11.7448  32.320094    27.8076      4.344  278.39127  278.47190    24.5560     5.7489 -9.990e-29
 125.470145      4.394    11.7446  32.320268    27.8079      4.355  278.39189  278.47250    24.3692     5.7570 -9.990e-29
 125.470148      4.412    11.7442  32.318469    27.8065      4.373  278.39681  278.47742    23.7311     5.5832 -9.990e-29
 125.470150      4.434    11.7441  32.316032    27.8080      4.394  278.40199  278.48262    23.7155     5.5629 -9.990e-29
 125.470153      4.467    11.7438  32.319688    27.8077      4.427  278.39676  278.47733    23.7155     5.5508 0.0000e+00
 125.470156      4.502    11.7438  32.319224    27.8079      4.461  278.39734  278.47791    23.6222     5.5629 0.0000e+00
 125.470159      4.531    11.7435  32.319456    27.8075      4.491  278.39849  278.47903    22.8751     5.5508 0.0000e+00
 125.470162      4.567    11.7436  32.318470    27.8074      4.526  278.40004  278.48060    22.8906     5.5670 0.0000e+00
 125.470165      4.600    11.7435  32.319282    27.8069      4.559  278.39886  278.47941    22.9685     5.5710 -9.990e-29
 125.470168      4.624    11.7434  32.318876    27.8074      4.583  278.39994  278.48049    22.9218     5.5791 -9.990e-29
 125.470171      4.646    11.7432  32.317832    27.8065      4.604  278.40284  278.48339    24.6027     5.6883 -9.990e-29
 125.470174      4.668    11.7429  32.318470    27.8074      4.626  278.40323  278.48374    24.7739     5.6802 -9.990e-29
 125.470177      4.688    11.7429  32.320269    27.8091      4.646  278.39958  278.48008    24.7117     5.7287 -9.990e-29
 125.470179      4.712    11.7432  32.318238    27.8080      4.670  278.40213  278.48267    24.6338     5.6883 -9.990e-29
 125.470182      4.737    11.7438  32.319863    27.8078      4.695  278.39663  278.47719    24.7272     5.6802 0.0000e+00
 125.470185      4.770    11.7440  32.319689    27.8076      4.728  278.39573  278.47631    24.9607     5.6762 0.0000e+00
 125.470188      4.801    11.7441  32.318993    27.8069      4.758  278.39673  278.47733    24.9607     5.7206 0.0000e+00
 125.470191      4.832    11.7442  32.317426    27.8069      4.789  278.39936  278.47998    24.9607     5.7004 0.0000e+00
 125.470194      4.860    11.7438  32.319283    27.8066      4.816  278.39779  278.47836    24.9607     5.6883 0.0000e+00
 125.470197      4.887    11.7435  32.318239    27.8070      4.843  278.40100  278.48157    26.6883     5.7692 0.0000e+00
 125.470200      4.914    11.7434  32.317426    27.8066      4.871  278.40285  278.48342    26.6572     5.7409 -9.990e-29
 125.470203      4.935    11.7431  32.318239    27.8069      4.890  278.40260  278.48314    26.5171     5.7368 -9.990e-29
 125.470205      4.956    11.7428  32.317659    27.8066      4.912  278.40525  278.48577    26.6883     5.7651 -9.990e-29
 125.470208      4.978    11.7424  32.317427    27.8066      4.934  278.40726  278.48776    25.1008     5.6438 -9.990e-29
 125.470211      4.991    11.7423  32.318065    27.8073      4.946  278.40670  278.48719    25.1941     5.6074 -9.990e-29
 125.470214      5.011    11.7422  32.317253    27.8066      4.966  278.40854  278.48903    25.0852     5.6398 -9.990e-29
 125.470217      5.033    11.7423  32.317833    27.8071      4.988  278.40717  278.48765    25.1786     5.6479 -9.990e-29
 125.470220      5.057    11.7424  32.316614    27.8063      5.011  278.40914  278.48964    25.9257     5.9309 -9.990e-29
 125.470223      5.088    11.7425  32.317253    27.8060      5.042  278.40735  278.48786    25.8634     5.9430 0.0000e+00
 125.470226      5.124    11.7424  32.316440    27.8057      5.078  278.40951  278.49002    25.9568     5.9511 0.0000e+00
 125.470229      5.153    11.7420  32.315222    27.8053      5.107  278.41367  278.49416    25.9568     5.9471 0.0000e+00
 125.470231      5.179    11.7416  32.314990    27.8048      5.132  278.41568  278.49615    25.8945     5.9552 -9.990e-29
 125.470234      5.197    11.7411  32.315802    27.8060      5.151  278.41637  278.49679    27.3576     6.1371 -9.990e-29
 125.470237      5.211    11.7410  32.316209    27.8064      5.165  278.41624  278.49665    27.4665     6.1573 -9.990e-29
 125.470240      5.219    11.7412  32.316093    27.8062      5.172  278.41553  278.49595    27.3576     6.1493 -9.990e-29
 125.470243      5.224    11.7413  32.315396    27.8054      5.178  278.41621  278.49665    27.3264     6.1533 -9.990e-29
 125.470246      5.230    11.7412  32.312379    27.8026      5.183  278.42246  278.50292    26.6727     5.9713 -9.990e-29
 125.470249      5.241    11.7413  32.314816    27.8049      5.194  278.41761  278.49806    26.7506     5.9633 -9.990e-29
 125.470252      5.264    11.7412  32.314410    27.8046      5.217  278.41870  278.49914    26.6261     5.9430 -9.990e-29
 125.470255      5.288    11.7414  32.316035    27.8047      5.240  278.41475  278.49519    26.7506     5.9916 -9.990e-29
 125.470258      5.341    11.7416  32.314932    27.8051      5.293  278.41591  278.49637    27.4510     5.8217 0.0000e+00
 125.470260      5.392    11.7416  32.315803    27.8056      5.344  278.41463  278.49509    27.4976     5.8177 0.0000e+00
 125.470263      5.447    11.7414  32.316035    27.8057      5.398  278.41486  278.49530    27.4354     5.8015 0.0000e+00
 125.470266      5.500    11.7416  32.316036    27.8057      5.451  278.41396  278.49442    27.5288     5.8217 0.0000e+00
 125.470269      5.544    11.7418  32.311161    27.8033      5.494  278.42214  278.50266    26.3303     5.5670 0.0000e+00
 125.470272      5.575    11.7416  32.314817    27.8009      5.525  278.41629  278.49676    26.4237     5.5791 -9.990e-29
 125.470275      5.600    11.7415  32.315165    27.8049      5.550  278.41628  278.49673    26.4548     5.5589 -9.990e-29
 125.470278      5.607    11.7414  32.314817    27.8047      5.557  278.41724  278.49770    26.3615     5.5468 -9.990e-29
 125.470281      5.615    11.7414  32.314991    27.8048      5.564  278.41692  278.49738    26.3770     5.5629 -9.990e-29
 125.470284      5.622    11.7416  32.313424    27.8032      5.572  278.41922  278.49971    26.3926     5.8703 -9.990e-29
 125.470286      5.620    11.7418  32.314817    27.8044      5.570  278.41538  278.49587    26.4548     5.9066 -9.990e-29
 125.470289      5.624    11.7418  32.314991    27.8045      5.573  278.41506  278.49554    26.2992     5.8783 -9.990e-29
 125.470292      5.635    11.7420  32.314353    27.8037      5.584  278.41532  278.49583    26.3770     5.8986 -9.990e-29
 125.470295      5.647    11.7420  32.315398    27.8039      5.597  278.41370  278.49418    28.5871     5.9996 -9.990e-29
 125.470298      5.677    11.7421  32.314585    27.8043      5.626  278.41461  278.49511    28.5716     6.0280 0.0000e+00
 125.470301      5.712    11.7418  32.315224    27.8047      5.661  278.41469  278.49517    28.5560     6.0401 0.0000e+00
 125.470304      5.746    11.7417  32.316036    27.8048      5.695  278.41382  278.49429    28.5249     6.0239 0.0000e+00
 125.470307      5.785    11.7419  32.315398    27.8051      5.733  278.41410  278.49459    27.6689     5.7692 0.0000e+00
 125.470310      5.828    11.7419  32.315746    27.8048      5.776  278.41349  278.49397    27.7778     5.7732 0.0000e+00
 125.470313      5.861    11.7418  32.313831    27.8043      5.809  278.41770  278.49819    27.6066     5.7570 0.0000e+00
 125.470315      5.894    11.7414  32.313019    27.8034      5.841  278.42080  278.50127    27.7000     5.7570 -9.990e-29
 125.470318      5.916    11.7411  32.314006    27.8040      5.863  278.42022  278.50067    27.9334     5.9026 -9.990e-29
 125.470321      5.932    11.7409  32.314586    27.8047      5.879  278.42040  278.50082    27.9646     5.8864 -9.990e-29
 125.470324      5.941    11.7408  32.314412    27.8046      5.888  278.42104  278.50146    27.7934     5.8783 -9.990e-29
 125.470327      5.949    11.7410  32.313425    27.8035      5.895  278.42195  278.50239    27.9334     5.8945 -9.990e-29
 125.470330      5.954    11.7413  32.314238    27.8040      5.901  278.41888  278.49934    27.9801     5.8945 -9.990e-29
 125.470333      5.969    11.7415  32.314238    27.8039      5.916  278.41827  278.49873    26.2992     6.0401 -9.990e-29
 125.470336      5.989    11.7416  32.314412    27.8031      5.935  278.41764  278.49812    26.5015     6.0199 -9.990e-29
 125.470339      6.022    11.7416  32.313426    27.8036      5.968  278.41950  278.49999    26.4237     5.9835 0.0000e+00
 125.470341      6.060    11.7416  32.314412    27.8038      6.006  278.41769  278.49817    26.4548     6.0239 0.0000e+00
 125.470344      6.096    11.7413  32.314006    27.8038      6.042  278.41941  278.49987    25.7389     5.9552 0.0000e+00
 125.470347      6.144    11.7412  32.313600    27.8038      6.089  278.42082  278.50128    25.6611     5.9552 0.0000e+00
 125.470350      6.184    11.7413  32.314587    27.8043      6.128  278.41870  278.49915    25.6455     5.9511 0.0000e+00
 125.470353      6.222    11.7415  32.314993    27.8043      6.166  278.41704  278.49750    25.6144     5.9471 0.0000e+00
 125.470356      6.258    11.7413  32.314587    27.8045      6.202  278.41844  278.49890    25.5988     5.6438 0.0000e+00
 125.470359      6.288    11.7411  32.314239    27.8043      6.231  278.42005  278.50049    25.7545     5.6276 -9.990e-29
 125.470362      6.306    11.7410  32.314181    27.8041      6.250  278.42079  278.50123    25.7078     5.6155 -9.990e-29
 125.470365      6.319    11.7409  32.314994    27.8050      6.262  278.41991  278.50033    25.6455     5.6276 -9.990e-29
 125.470367      6.326    11.7412  32.315632    27.8053      6.270  278.41717  278.49760    25.4899     5.8945 -9.990e-29
 125.470370      6.330    11.7417  32.315806    27.8051      6.273  278.41466  278.49513    25.3654     5.8743 -9.990e-29
 125.470373      6.339    11.7419  32.315226    27.8044      6.283  278.41482  278.49530    25.3498     5.8703 -9.990e-29
 125.470376      6.354    11.7421  32.316851    27.8058      6.297  278.41086  278.49135    25.4899     5.8945 -9.990e-29
 125.470379      6.376    11.7420  32.316677    27.8053      6.319  278.41151  278.49200    25.4276     5.8945 -9.990e-29
 125.470382      6.403    11.7417  32.316038    27.8055      6.346  278.41428  278.49475    25.5677     5.7045 0.0000e+00
 125.470385      6.432    11.7417  32.316445    27.8057      6.375  278.41355  278.49401    25.6766     5.6802 0.0000e+00
 125.470388      6.467    11.7417  32.317257    27.8057      6.409  278.41206  278.49251    25.6766     5.7004 0.0000e+00
 125.470391      6.500    11.7420  32.316619    27.8060      6.442  278.41202  278.49250    25.6922     5.6883 0.0000e+00
 125.470394      6.527    11.7419  32.317257    27.8056      6.469  278.41116  278.49163    26.7039     5.7934 -9.990e-29
 125.470396      6.549    11.7423  32.316677    27.8054      6.491  278.41039  278.49089    26.6105     5.8056 -9.990e-29
 125.470399      6.575    11.7423  32.316851    27.8056      6.516  278.41008  278.49058    26.7350     5.8379 -9.990e-29
 125.470402      6.595    11.7422  32.316851    27.8056      6.536  278.41041  278.49090    26.5638     5.8177 -9.990e-29
 125.470405      6.609    11.7422  32.316619    27.8054      6.550  278.41085  278.49135    25.8945     5.9996 -9.990e-29
 125.470408      6.628    11.7419  32.316039    27.8051      6.568  278.41350  278.49398    25.9257     6.0077 -9.990e-29
 125.470411      6.651    11.7420  32.316213    27.8052      6.592  278.41288  278.49337    25.9257     6.0158 -9.990e-29
 125.470414      6.675    11.7418  32.316329    27.8061      6.615  278.41331  278.49378    25.9101     6.0239 -9.990e-29
 125.470417      6.700    11.7416  32.316852    27.8061      6.640  278.41329  278.49374    27.4510     5.9794 0.0000e+00
