Processed/SBE19plus_01907321_2022_05_04_Cast14_wfilter.cnv
* Sea-Bird SBE19plus  Data File:
* FileName = E:\Prandtl Daten\2022\CTD\Raw\SBE19plus_01907321_2022_05_04_Cast14.hex
* Software version 2.6.1.12
* Temperature SN = 7321
* Conductivity SN = 7321
* System UpLoad Time = May 04 2022 08:58:03
* <ApplicationData>
* <Seaterm232>
** Messpraktikum 2022
** CTD 04.05 SW4
# nquan = 11
# nvalues = 416                         
# units = specified
# name 0 = timeJ: Julian Days
# name 1 = prdM: Pressure, Strain Gauge [db]
# name 2 = tv290C: Temperature [ITS-90, deg C]
# name 3 = c0mS/cm: Conductivity [mS/cm]
# name 4 = sal00: Salinity, Practical [PSU]
# name 5 = depSM: Depth [salt water, m], lat = 54.00
# name 6 = oxsatMm/Kg: Oxygen Saturation, Weiss [umol/kg]
# name 7 = oxsolMm/Kg: Oxygen Saturation, Garcia & Gordon [umol/kg]
# name 8 = turbWETntu0: Turbidity, WET Labs ECO [NTU]
# name 9 = flECO-AFL: Fluorescence, WET Labs ECO-AFL/FL [mg/m^3]
# name 10 = flag:  0.000e+00
# span 0 = 124.367911, 124.369112       
# span 1 =      0.676,     10.897       
# span 2 =    10.9032,    11.0265       
# span 3 =  28.531283,  30.177913       
# span 4 =    24.7107,    26.3597       
# span 5 =      0.670,     10.799       
# span 6 =  286.35821,  289.07618       
# span 7 =  286.40394,  289.14931       
# span 8 =    32.6961,    63.8089       
# span 9 =    10.2495,    14.7703       
# span 10 = 0.0000e+00, 0.0000e+00      
# interval = seconds: 0.25
# start_time = May 04 2022 08:48:40 [Instrument's time stamp, header]
# bad_flag = -9.990e-29
*END*
[from data line 394]
 124.369051     10.361    10.9176  30.069703    26.2553     10.268  286.54193  286.58913    46.7506    11.3130 -9.990e-29
 124.369054     10.390    10.9175  30.094766    26.3539     10.297  286.49368  286.54055    46.6883    11.2928 -9.990e-29
 124.369057     10.437    10.9151  30.170170    26.3597     10.344  286.35821  286.40394    46.6727    11.2968 0.0000e+00
 124.369060     10.492    10.9092  30.177913    26.3539     10.398  286.37129  286.41648    46.7973    11.3049 0.0000e+00
 124.369063     10.554    10.9044  30.152373    26.3444     10.460  286.44450  286.48966    48.5405    10.9127 0.0000e+00
 124.369065     10.622    10.9032  30.141301    26.3345     10.527  286.47200  286.51721    48.5249    10.9127 0.0000e+00
 124.369068     10.686    10.9034  30.141244    26.3343     10.590  286.47086  286.51610    48.4471    10.9005 0.0000e+00
 124.369071     10.744    10.9037  30.131755    26.3296     10.648  286.48814  286.53352    48.4159    10.9248 0.0000e+00
 124.369074     10.782    10.9046  30.117975    26.3249     10.685  286.51087  286.55649    54.2992    11.4100 -9.990e-29
 124.369077     10.806    10.9060  30.107641    26.3000     10.709  286.52426  286.57012    54.2214    11.4586 -9.990e-29
 124.369080     10.822    10.9076  30.108205    26.2994     10.725  286.51539  286.56136    54.2369    11.4100 -9.990e-29
 124.369083     10.829    10.9087  30.115602    26.3057     10.732  286.49545  286.54141    54.2058    11.4222 -9.990e-29
 124.369086     10.842    10.9087  30.129326    26.3189     10.745  286.46866  286.51444    63.8089    12.2592 -9.990e-29
 124.369089     10.840    10.9079  30.134353    26.3244     10.743  286.46305  286.50871    63.6377    12.2673 -9.990e-29
 124.369091     10.844    10.9068  30.119048    26.3104     10.747  286.49812  286.54390    63.6066    12.2390 -9.990e-29
 124.369094     10.844    10.9070  30.108544    26.3001     10.747  286.51766  286.56358    63.6689    12.2875 -9.990e-29
 124.369097     10.848    10.9081  30.098325    26.2895     10.751  286.53243  286.57857    60.0424    12.2471 -9.990e-29
 124.369100     10.851    10.9097  30.099058    26.2891     10.754  286.52323  286.56947    59.9023    12.2552 -9.990e-29
 124.369103     10.868    10.9104  30.127858    26.3163     10.770  286.46377  286.50969    60.0735    12.2349 -9.990e-29
 124.369106     10.880    10.9094  30.141131    26.3298     10.783  286.44240  286.48808    60.0268    12.2835 -9.990e-29
 124.369109     10.895    10.9073  30.159154    26.3487     10.797  286.41758  286.46288    60.0113    12.2713 -9.990e-29
 124.369112     10.897    10.9050  30.159888    26.3511     10.799  286.42716  286.47227    62.7039    12.6555 -9.990e-29
