Processed/SBE19plus_01907321_2022_05_09_Cast106_wfilter.cnv
* Sea-Bird SBE19plus  Data File:
* FileName = E:\Prandtl_Daten\2022\CTD\Raw\SBE19plus_01907321_2022_05_09_Cast106.hex
* Software version 2.6.1.12
* Temperature SN = 7321
* Conductivity SN = 7321
* System UpLoad Time = May 09 2022 14:26:08
* <ApplicationData>
* <Seaterm232>
** Messpraktikum 2022
** CTD 09.05  BE
** NMEA Latitude = 54 07 414N
** NMEA Longitude = 008 50 409E
# nquan = 11
# nvalues = 609                         
# units = specified
# name 0 = timeJ: Julian Days
# name 1 = prdM: Pressure, Strain Gauge [db]
# name 2 = tv290C: Temperature [ITS-90, deg C]
# name 3 = c0mS/cm: Conductivity [mS/cm]
# name 4 = sal00: Salinity, Practical [PSU]
# name 5 = depSM: Depth [salt water, m], lat = 54.00
# name 6 = oxsatMm/Kg: Oxygen Saturation, Weiss [umol/kg]
# name 7 = oxsolMm/Kg: Oxygen Saturation, Garcia & Gordon [umol/kg]
# name 8 = turbWETntu0: Turbidity, WET Labs ECO [NTU]
# name 9 = flECO-AFL: Fluorescence, WET Labs ECO-AFL/FL [mg/m^3]
# name 10 = flag:  0.000e+00
# span 0 = 129.589436, 129.591195       
# span 1 =      0.294,     18.055       
# span 2 =    12.8891,    14.4140       
# span 3 =  32.371551,  33.560437       
# span 4 =    26.9493,    27.0620       
# span 5 =      0.291,     17.893       
# span 6 =  264.68313,  273.20837       
# span 7 =  264.92388,  273.36672       
# span 8 =    -0.5802,   223.0307       
# span 9 =     1.7174,    22.2268       
# span 10 = 0.0000e+00, 0.0000e+00      
# interval = seconds: 0.25
# start_time = May 09 2022 14:07:33 [Instrument's time stamp, header]
# bad_flag = -9.990e-29
*END*
[from data line 132]
 129.589818      4.087    13.1698  32.600617    27.0347      4.050  271.57828  271.75237     4.4626     4.9119 -9.990e-29
 129.589821      4.118    13.1673  32.601899    27.0352      4.081  271.58709  271.76101     4.5093     4.8917 0.0000e+00
 129.589823      4.145    13.1664  32.602307    27.0357      4.108  271.59018  271.76404     4.5716     4.9079 0.0000e+00
 129.589826      4.174    13.1666  32.603937    27.0357      4.137  271.58674  271.76059     4.4626     4.9160 0.0000e+00
 129.589829      4.211    13.1674  32.602481    27.0352      4.173  271.58551  271.75943     4.7584     4.8553 0.0000e+00
 129.589832      4.246    13.1677  32.602889    27.0352      4.208  271.58357  271.75750     4.8829     4.8715 0.0000e+00
 129.589835      4.279    13.1677  32.604345    27.0358      4.240  271.58107  271.75499     4.7272     4.8755 0.0000e+00
 129.589838      4.311    13.1682  32.603879    27.0365      4.273  271.57969  271.75365     4.8829     4.8755 0.0000e+00
 129.589841      4.344    13.1688  32.605161    27.0358      4.305  271.57497  271.74896     4.5871     4.7663 0.0000e+00
 129.589844      4.379    13.1691  32.603938    27.0359      4.340  271.57586  271.74987     4.5405     4.7663 0.0000e+00
 129.589847      4.410    13.1693  32.603297    27.0352      4.370  271.57604  271.75007     4.6027     4.7825 -9.990e-29
 129.589850      4.433    13.1689  32.602890    27.0344      4.394  271.57865  271.75266     4.4004     4.8391 -9.990e-29
 129.589852      4.457    13.1685  32.601026    27.0329      4.417  271.58347  271.75747     4.4315     4.7582 -9.990e-29
 129.589855      4.477    13.1668  32.598173    27.0315      4.437  271.59599  271.76991     4.8050     4.7987 -9.990e-29
 129.589858      4.503    13.1644  32.598173    27.0332      4.463  271.60639  271.78016     5.2097     4.7421 -9.990e-29
 129.589861      4.528    13.1627  32.598232    27.0355      4.488  271.61354  271.78721     5.0696     4.7663 -9.990e-29
 129.589864      4.554    13.1619  32.598814    27.0358      4.513  271.61601  271.78962     5.0541     4.7987 0.0000e+00
 129.589867      4.590    13.1618  32.599222    27.0360      4.549  271.61596  271.78955     4.6494     4.7219 0.0000e+00
 129.589870      4.621    13.1618  32.599630    27.0360      4.580  271.61527  271.78886     4.5405     4.7421 0.0000e+00
 129.589873      4.656    13.1623  32.598815    27.0363      4.614  271.61450  271.78813     4.6961     4.7421 0.0000e+00
 129.589876      4.691    13.1624  32.600445    27.0366      4.649  271.61107  271.78469     4.3537     4.7866 0.0000e+00
 129.589878      4.724    13.1634  32.602716    27.0366      4.681  271.60306  271.77672     5.1630     4.9160 0.0000e+00
 129.589881      4.755    13.1650  32.601668    27.0359      4.712  271.59766  271.77143     5.2253     4.8836 0.0000e+00
 129.589884      4.784    13.1658  32.601319    27.0350      4.741  271.59482  271.76865     5.3965     4.8796 0.0000e+00
 129.589887      4.811    13.1658  32.600620    27.0347      4.768  271.59636  271.77020     5.2253     4.8755 0.0000e+00
 129.589890      4.837    13.1654  32.600445    27.0344      4.794  271.59826  271.77207     5.8167     4.9240 -9.990e-29
 129.589893      4.857    13.1646  32.600038    27.0346      4.814  271.60244  271.77620     5.6299     4.8796 -9.990e-29
 129.589896      4.877    13.1639  32.598641    27.0351      4.834  271.60802  271.78175     5.6922     4.9443 -9.990e-29
 129.589899      4.906    13.1626  32.598990    27.0357      4.863  271.61310  271.78675     5.9101     4.9806 0.0000e+00
 129.589902      4.934    13.1618  32.599806    27.0362      4.890  271.61485  271.78844     5.8634     4.8715 0.0000e+00
 129.589905      4.968    13.1618  32.599631    27.0362      4.924  271.61549  271.78908     6.1591     4.9321 0.0000e+00
 129.589907      4.999    13.1616  32.598408    27.0357      4.955  271.61857  271.79216     6.0813     4.9402 0.0000e+00
 129.589910      5.038    13.1611  32.598583    27.0352      4.993  271.62018  271.79374     6.2214     4.8796 0.0000e+00
 129.589913      5.069    13.1605  32.597593    27.0353      5.023  271.62475  271.79828     6.0191     4.9564 0.0000e+00
 129.589916      5.103    13.1595  32.596953    27.0353      5.058  271.62998  271.80345     6.4393     4.7663 0.0000e+00
 129.589919      5.136    13.1587  32.597244    27.0362      5.090  271.63327  271.80669     6.5638     4.8027 0.0000e+00
 129.589922      5.165    13.1582  32.597361    27.0364      5.119  271.63497  271.80836     6.3926     4.7502 0.0000e+00
 129.589925      5.193    13.1580  32.596953    27.0365      5.146  271.63664  271.81002     6.4860     4.7461 0.0000e+00
 129.589928      5.220    13.1574  32.595498    27.0364      5.173  271.64202  271.81537     6.7973     4.8998 -9.990e-29
 129.589931      5.244    13.1559  32.595498    27.0365      5.197  271.64833  271.82159     6.8284     4.9402 -9.990e-29
 129.589933      5.260    13.1550  32.596139    27.0378      5.213  271.65132  271.82451     6.9529     4.9038 -9.990e-29
 129.589936      5.291    13.1545  32.595498    27.0375      5.244  271.65434  271.82751     6.6727     4.9160 -9.990e-29
 129.589939      5.311    13.1539  32.594276    27.0373      5.264  271.65930  271.83245     5.3187     5.0656 -9.990e-29
 129.589942      5.346    13.1535  32.594509    27.0375      5.298  271.66049  271.83361     5.2564     5.0251 0.0000e+00
 129.589945      5.375    13.1531  32.594509    27.0376      5.327  271.66240  271.83549     5.2408     5.0009 0.0000e+00
 129.589948      5.408    13.1526  32.595965    27.0382      5.359  271.66210  271.83514     5.2720     5.0979 0.0000e+00
 129.589951      5.439    13.1529  32.595091    27.0388      5.390  271.66238  271.83545     5.3498     5.0979 0.0000e+00
 129.589954      5.468    13.1529  32.595732    27.0388      5.419  271.66097  271.83404     6.5482     5.0494 0.0000e+00
 129.589957      5.499    13.1532  32.596256    27.0388      5.450  271.65913  271.83221     6.4548     5.0130 0.0000e+00
 129.589959      5.528    13.1539  32.596140    27.0388      5.479  271.65621  271.82933     6.4548     5.0979 0.0000e+00
 129.589962      5.556    13.1543  32.596140    27.0384      5.506  271.65434  271.82749     6.5794     5.0130 -9.990e-29
 129.589965      5.579    13.1544  32.596547    27.0384      5.530  271.65333  271.82648     7.0463     5.0009 -9.990e-29
 129.589968      5.605    13.1541  32.595092    27.0373      5.555  271.65713  271.83028     7.0307     5.0373 -9.990e-29
 129.589971      5.629    13.1536  32.594510    27.0371      5.578  271.66036  271.83348     7.0307     5.0049 -9.990e-29
 129.589974      5.653    13.1529  32.595092    27.0389      5.602  271.66251  271.83558     6.9529     5.0009 -9.990e-29
 129.589977      5.682    13.1521  32.595325    27.0388      5.631  271.66559  271.83861     7.4665     5.1747 0.0000e+00
 129.589980      5.714    13.1516  32.594743    27.0387      5.663  271.66882  271.84181     7.4043     5.1586 0.0000e+00
 129.589983      5.747    13.1511  32.593462    27.0386      5.696  271.67327  271.84624     7.2642     5.1909 0.0000e+00
 129.589986      5.780    13.1500  32.593462    27.0386      5.728  271.67769  271.85060     7.3264     5.1505 0.0000e+00
 129.589988      5.817    13.1498  32.593288    27.0386      5.765  271.67897  271.85186     8.0580     5.1505 0.0000e+00
 129.589991      5.853    13.1492  32.591774    27.0376      5.801  271.68413  271.85701     8.2292     5.1586 0.0000e+00
 129.589994      5.884    13.1482  32.590435    27.0371      5.831  271.69120  271.86402     8.0580     5.1424 0.0000e+00
 129.589997      5.919    13.1460  32.587350    27.0358      5.866  271.70602  271.87873     7.9957     5.2030 0.0000e+00
 129.590000      5.950    13.1431  32.581994    27.0344      5.897  271.72793  271.90050     8.0424     5.1303 0.0000e+00
 129.590003      5.981    13.1388  32.580655    27.0330      5.927  271.74916  271.92147     8.2914     5.5832 -9.990e-29
 129.590006      5.999    13.1353  32.576056    27.0331      5.945  271.77227  271.94440     8.3226     5.5751 -9.990e-29
 129.590009      6.025    13.1312  32.574834    27.0348      5.971  271.79204  271.96392     8.1825     5.6357 -9.990e-29
 129.590012      6.046    13.1278  32.574835    27.0372      5.992  271.80684  271.97852     8.3537     5.6519 -9.990e-29
 129.590014      6.072    13.1259  32.577280    27.0408      6.018  271.81111  271.98264     8.6338     5.8622 -9.990e-29
 129.590017      6.094    13.1256  32.574078    27.0366      6.039  271.81794  271.98948     8.5249     5.9147 -9.990e-29
 129.590020      6.123    13.1248  32.571808    27.0349      6.068  271.82537  271.99688     8.4626     5.8703 0.0000e+00
 129.590023      6.150    13.1234  32.567093    27.0332      6.095  271.83956  272.01103     8.5249     5.8662 0.0000e+00
 129.590026      6.187    13.1197  32.560924    27.0330      6.131  271.86637  272.03766     9.5833     5.8217 0.0000e+00
 129.590029      6.218    13.1144  32.559993    27.0330      6.162  271.89099  272.06195     9.7856     5.7975 0.0000e+00
 129.590032      6.251    13.1100  32.557025    27.0334      6.195  271.91537  272.08608     9.8945     5.7975 0.0000e+00
 129.590035      6.285    13.1067  32.554581    27.0334      6.229  271.93413  272.10465     9.6455     5.8419 0.0000e+00
 129.590038      6.320    13.1035  32.551555    27.0336      6.263  271.95327  272.12362     9.6922     5.5306 0.0000e+00
 129.590041      6.347    13.1010  32.550857    27.0336      6.291  271.96552  272.13571     9.8012     5.5508 0.0000e+00
 129.590043      6.377    13.0980  32.544398    27.0342      6.320  271.98969  272.15975     9.6611     5.5468 -9.990e-29
 129.590046      6.398    13.0936  32.540500    27.0299      6.341  272.01569  272.18551     9.8634     5.5589 -9.990e-29
 129.590049      6.420    13.0888  32.536602    27.0297      6.363  272.04359  272.21314     9.9568     5.5670 -9.990e-29
 129.590052      6.448    13.0831  32.532122    27.0296      6.390  272.07597  272.24520     9.4120     5.8581 -9.990e-29
 129.590055      6.473    13.0774  32.533926    27.0382      6.415  272.09803  272.26688     9.4587     5.8339 -9.990e-29
 129.590058      6.508    13.0744  32.534741    27.0380      6.450  272.10954  272.27820     9.4432     5.8783 0.0000e+00
 129.590061      6.542    13.0738  32.533927    27.0379      6.484  272.11382  272.28244     9.7233     5.8905 0.0000e+00
 129.590064      6.577    13.0735  32.531309    27.0357      6.518  272.11966  272.28829    10.2681     5.7894 0.0000e+00
 129.590067      6.615    13.0720  32.527294    27.0356      6.556  272.13329  272.30186    10.3615     5.8096 0.0000e+00
 129.590069      6.648    13.0694  32.528051    27.0356      6.589  272.14302  272.31142    10.1436     5.7772 0.0000e+00
 129.590072      6.678    13.0679  32.527004    27.0357      6.618  272.15147  272.31979    10.2525     5.8662 0.0000e+00
 129.590075      6.712    13.0668  32.527004    27.0361      6.652  272.15653  272.32477    10.0502     6.1897 0.0000e+00
 129.590078      6.740    13.0662  32.527586    27.0365      6.679  272.15805  272.32625    10.1747     6.2261 -9.990e-29
 129.590081      6.763    13.0658  32.521070    27.0317      6.703  272.17100  272.33924    10.0191     6.2584 -9.990e-29
 129.590084      6.789    13.0631  32.520489    27.0331      6.728  272.18400  272.35206     9.9568     6.1897 -9.990e-29
 129.590087      6.805    13.0604  32.522526    27.0368      6.744  272.19211  272.35999     9.8634     5.8662 -9.990e-29
 129.590090      6.829    13.0600  32.522526    27.0371      6.768  272.19370  272.36155    10.1124     5.8743 -9.990e-29
 129.590093      6.853    13.0598  32.520722    27.0377      6.791  272.19812  272.36597     9.9412     5.9430 -9.990e-29
 129.590095      6.878    13.0589  32.522293    27.0376      6.817  272.19917  272.36696     9.8790     5.8662 0.0000e+00
 129.590098      6.909    13.0591  32.522293    27.0375      6.848  272.19825  272.36604     9.9257     5.9228 0.0000e+00
 129.590101      6.944    13.0596  32.520083    27.0358      6.882  272.19992  272.36777     9.5988     5.9390 0.0000e+00
 129.590104      6.979    13.0588  32.520257    27.0358      6.916  272.20310  272.37090     9.5833     5.9147 0.0000e+00
 129.590107      7.012    13.0582  32.520316    27.0363      6.949  272.20554  272.37330     9.6299     5.9430 0.0000e+00
 129.590110      7.044    13.0581  32.520898    27.0368      6.981  272.20518  272.37292     9.7545     5.9309 0.0000e+00
 129.590113      7.079    13.0585  32.521072    27.0369      7.016  272.20332  272.37109     8.9607     5.8864 0.0000e+00
 129.590116      7.112    13.0585  32.522294    27.0368      7.048  272.20121  272.36897     8.9451     5.8419 0.0000e+00
 129.590119      7.141    13.0593  32.521654    27.0373      7.077  272.19857  272.36638     9.1163     5.8622 0.0000e+00
 129.590122      7.172    13.0595  32.521887    27.0367      7.108  272.19755  272.36538     9.1163     5.9026 -9.990e-29
 129.590124      7.192    13.0593  32.522527    27.0404      7.128  272.19708  272.36489     9.2253     5.8622 -9.990e-29
 129.590127      7.223    13.0600  32.526192    27.0400      7.158  272.18787  272.35569     9.1319     5.8177 0.0000e+00
 129.590130      7.250    13.0614  32.526367    27.0403      7.186  272.18129  272.34920     9.3187     5.8581 0.0000e+00
 129.590133      7.283    13.0628  32.528287    27.0403      7.218  272.17198  272.33996     9.5054     5.8500 0.0000e+00
 129.590136      7.316    13.0643  32.529683    27.0403      7.251  272.16295  272.33102     9.3031     5.7975 0.0000e+00
 129.590139      7.349    13.0660  32.529450    27.0390      7.283  272.15583  272.32400     9.6455     5.8339 0.0000e+00
 129.590142      7.384    13.0668  32.527181    27.0364      7.318  272.15634  272.32458     9.3342     5.8541 0.0000e+00
 129.590145      7.418    13.0664  32.525378    27.0350      7.352  272.16140  272.32963     9.5988     5.7934 0.0000e+00
 129.590148      7.449    13.0650  32.523109    27.0350      7.383  272.17135  272.33952     9.6611     5.8177 0.0000e+00
 129.590150      7.478    13.0634  32.524331    27.0361      7.412  272.17617  272.34422     9.3965     5.8096 0.0000e+00
 129.590153      7.511    13.0627  32.524738    27.0365      7.444  272.17863  272.34663     9.4276     5.8419 0.0000e+00
 129.590156      7.539    13.0628  32.522062    27.0370      7.471  272.18300  272.35103     9.4587     5.8015 -9.990e-29
 129.590159      7.561    13.0617  32.520084    27.0334      7.493  272.19118  272.35917     9.4587     5.8743 -9.990e-29
 129.590162      7.586    13.0598  32.519270    27.0340      7.518  272.20081  272.36868    10.6416     6.0320 -9.990e-29
 129.590165      7.606    13.0585  32.519445    27.0351      7.538  272.20650  272.37428    10.4393     6.0603 -9.990e-29
 129.590168      7.628    13.0577  32.519270    27.0372      7.560  272.20996  272.37770    10.5949     6.0684 -9.990e-29
 129.590171      7.656    13.0572  32.520725    27.0364      7.587  272.20965  272.37734    10.5638     6.0765 0.0000e+00
 129.590174      7.683    13.0580  32.519678    27.0358      7.614  272.20803  272.37578     9.8323     6.1816 0.0000e+00
 129.590177      7.718    13.0580  32.519852    27.0356      7.649  272.20775  272.37550     9.8790     6.2018 0.0000e+00
 129.590179      7.749    13.0576  32.517409    27.0356      7.679  272.21392  272.38166     9.8478     6.1816 0.0000e+00
 129.590182      7.782    13.0568  32.518747    27.0356      7.712  272.21507  272.38275     9.6455     6.1816 0.0000e+00
 129.590185      7.816    13.0562  32.518399    27.0357      7.746  272.21822  272.38587    10.8906     6.2018 0.0000e+00
 129.590188      7.851    13.0561  32.519039    27.0357      7.781  272.21744  272.38508    10.9218     6.2342 0.0000e+00
 129.590191      7.886    13.0561  32.513919    27.0336      7.815  272.22639  272.39408    10.8595     6.2706 0.0000e+00
