Processed/SBE19plus_01907321_2022_05_08_Cast91_wfilter.cnv
* Sea-Bird SBE19plus  Data File:
* FileName = E:\Prandtl Daten\2022\CTD\Raw\SBE19plus_01907321_2022_05_08_Cast91.hex
* Software version 2.6.1.12
* Temperature SN = 7321
* Conductivity SN = 7321
* System UpLoad Time = May 08 2022 13:34:49
* <ApplicationData>
* <Seaterm232>
** Messpraktikum 2022
** CTD 08.05 BE
** NMEA Latitude = 54 07.51 N
** NMEA Longitude = 008 49.92 E
# nquan = 11
# nvalues = 542                         
# units = specified
# name 0 = timeJ: Julian Days
# name 1 = prdM: Pressure, Strain Gauge [db]
# name 2 = tv290C: Temperature [ITS-90, deg C]
# name 3 = c0mS/cm: Conductivity [mS/cm]
# name 4 = sal00: Salinity, Practical [PSU]
# name 5 = depSM: Depth [salt water, m], lat = 54.00
# name 6 = oxsatMm/Kg: Oxygen Saturation, Weiss [umol/kg]
# name 7 = oxsolMm/Kg: Oxygen Saturation, Garcia & Gordon [umol/kg]
# name 8 = turbWETntu0: Turbidity, WET Labs ECO [NTU]
# name 9 = flECO-AFL: Fluorescence, WET Labs ECO-AFL/FL [mg/m^3]
# name 10 = flag:  0.000e+00
# span 0 = 128.559931, 128.561496       
# span 1 =      0.410,     18.245       
# span 2 =    12.7032,    13.3277       
# span 3 =  32.203871,  32.738438       
# span 4 =    26.9934,    27.0647       
# span 5 =      0.407,     18.081       
# span 6 =  270.67443,  274.32986       
# span 7 =  270.85712,  274.47773       
# span 8 =    -2.8525,   226.9373       
# span 9 =     1.0745,    18.2842       
# span 10 = 0.0000e+00, 0.0000e+00      
# interval = seconds: 0.25
# start_time = May 08 2022 13:25:03 [Instrument's time stamp, header]
# bad_flag = -9.990e-29
*END*
[from data line 132]
 128.560313      4.790    13.1574  32.570927    27.0188      4.747  271.68407  271.85764     7.8245     6.1897 0.0000e+00
 128.560315      4.828    13.1382  32.563770    27.0201      4.785  271.77996  271.95238     8.2914     6.0643 0.0000e+00
 128.560318      4.857    13.1189  32.551840    27.0228      4.814  271.88478  272.05609     8.1980     6.1169 0.0000e+00
 128.560321      4.888    13.1029  32.544393    27.0274      4.845  271.96765  272.13802     8.3070     6.1290 0.0000e+00
 128.560324      4.916    13.0892  32.545617    27.0274      4.872  272.02504  272.19453     8.1669     6.1129 0.0000e+00
 128.560327      4.947    13.0805  32.524728    27.0283      4.902  272.09922  272.26835     8.2914     6.1007 0.0000e+00
 128.560330      4.978    13.0675  32.517981    27.0268      4.933  272.16800  272.33636     8.0580     6.2625 0.0000e+00
 128.560333      5.011    13.0534  32.505534    27.0277      4.966  272.25114  272.41872     8.1358     6.3272 0.0000e+00
 128.560336      5.043    13.0387  32.495125    27.0277      4.998  272.33358  272.50031     8.0268     6.2463 0.0000e+00
 128.560339      5.080    13.0245  32.487566    27.0308      5.034  272.40885  272.57475     7.9646     6.3110 0.0000e+00
 128.560341      5.120    13.0116  32.481287    27.0342      5.074  272.47591  272.64105     8.2136     6.3959 0.0000e+00
 128.560344      5.156    13.0025  32.484719    27.0400      5.110  272.50993  272.67446     8.1980     6.3231 0.0000e+00
 128.560347      5.191    12.9973  32.476579    27.0427      5.145  272.54686  272.71113     8.2603     6.2948 0.0000e+00
 128.560350      5.224    12.9914  32.474952    27.0427      5.177  272.57556  272.73947     8.3537     6.3191 0.0000e+00
 128.560353      5.262    12.9861  32.476580    27.0427      5.215  272.59572  272.75928     8.2603     6.2827 0.0000e+00
 128.560356      5.293    12.9833  32.467627    27.0480      5.246  272.62401  272.78747     8.3848     6.2706 0.0000e+00
 128.560359      5.324    12.9786  32.471348    27.0452      5.277  272.63799  272.80111     8.1202     6.2665 0.0000e+00
 128.560362      5.350    12.9761  32.465360    27.0485      5.302  272.65920  272.82222     8.2914     6.2665 -9.990e-29
 128.560365      5.374    12.9722  32.463500    27.0458      5.326  272.67979  272.84258     8.7117     6.4364 -9.990e-29
 128.560367      5.395    12.9681  32.462513    27.0448      5.347  272.69917  272.86171     8.8206     6.4202 -9.990e-29
 128.560370      5.428    12.9651  32.456990    27.0468      5.380  272.72210  272.88449     8.9296     6.3717 0.0000e+00
 128.560373      5.456    12.9614  32.458502    27.0482      5.407  272.73584  272.89798     8.7895     6.3878 0.0000e+00
 128.560376      5.496    12.9589  32.455770    27.0489      5.447  272.75168  272.91368     8.8517     6.4121 0.0000e+00
 128.560379      5.527    12.9569  32.459026    27.0506      5.477  272.75450  272.91634     8.8050     6.1897 0.0000e+00
 128.560382      5.567    12.9573  32.457224    27.0507      5.517  272.75611  272.91799     8.8206     6.2261 0.0000e+00
 128.560385      5.602    12.9574  32.457399    27.0507      5.551  272.75551  272.91740     8.7584     6.2099 0.0000e+00
 128.560388      5.638    12.9570  32.457166    27.0507      5.588  272.75751  272.91938     8.8517     6.1897 0.0000e+00
 128.560391      5.673    12.9566  32.456411    27.0507      5.622  272.76044  272.92229     8.8829     6.1210 0.0000e+00
 128.560394      5.713    12.9563  32.456818    27.0503      5.662  272.76101  272.92284     8.6650     6.1210 0.0000e+00
 128.560396      5.744    12.9560  32.454551    27.0506      5.693  272.76658  272.92841     8.8673     6.0684 0.0000e+00
 128.560399      5.775    12.9553  32.455772    27.0506      5.723  272.76729  272.92907     8.8206     6.0846 0.0000e+00
 128.560402      5.802    12.9548  32.455597    27.0506      5.751  272.77013  272.93188     8.9140     6.3110 0.0000e+00
 128.560405      5.830    12.9540  32.449901    27.0461      5.778  272.78329  272.94504     8.8517     6.3717 0.0000e+00
 128.560408      5.859    12.9506  32.442345    27.0457      5.807  272.81167  272.97327     8.8517     6.3555 0.0000e+00
 128.560411      5.894    12.9439  32.441707    27.0457      5.841  272.84211  273.00329     8.6961     6.3110 0.0000e+00
 128.560414      5.929    12.9392  32.442811    27.0501      5.876  272.86098  273.02184    10.0191     6.1331 0.0000e+00
 128.560417      5.967    12.9370  32.443567    27.0511      5.914  272.86913  273.02985    10.1591     6.1210 0.0000e+00
 128.560420      6.003    12.9361  32.441533    27.0511      5.950  272.87682  273.03749     9.9101     6.1857 0.0000e+00
 128.560422      6.046    12.9351  32.440313    27.0511      5.991  272.88340  273.04402     9.9879     6.1654 0.0000e+00
 128.560425      6.080    12.9331  32.439500    27.0513      6.026  272.89335  273.05385     9.9879     6.1978 0.0000e+00
 128.560428      6.116    12.9318  32.438919    27.0517      6.062  272.90038  273.06080     9.7233     6.2059 0.0000e+00
 128.560431      6.148    12.9306  32.440488    27.0532      6.093  272.90268  273.06302     9.7389     6.2059 0.0000e+00
 128.560434      6.181    12.9305  32.439500    27.0536      6.125  272.90507  273.06540     9.9724     6.2301 0.0000e+00
 128.560437      6.210    12.9308  32.439500    27.0532      6.154  272.90351  273.06387     9.6299     6.2706 -9.990e-29
 128.560440      6.234    12.9305  32.439094    27.0524      6.178  272.90550  273.06584    11.7934     6.4081 -9.990e-29
 128.560443      6.263    12.9298  32.438164    27.0518      6.207  272.91030  273.07061    11.9179     6.4647 0.0000e+00
 128.560446      6.290    12.9287  32.436014    27.0518      6.234  272.91913  273.07938    11.7934     6.4040 0.0000e+00
 128.560448      6.319    12.9270  32.435433    27.0518      6.262  272.92742  273.08757    11.8245     6.3878 0.0000e+00
 128.560451      6.354    12.9254  32.435607    27.0527      6.297  272.93406  273.09411    12.3848     6.5698 0.0000e+00
 128.560454      6.392    12.9242  32.434213    27.0528      6.335  272.94189  273.10187    12.3848     6.5900 0.0000e+00
 128.560457      6.427    12.9228  32.433283    27.0527      6.369  272.94953  273.10943    12.1669     6.5698 0.0000e+00
 128.560460      6.467    12.9213  32.431772    27.0528      6.409  272.95882  273.11864    12.3537     6.6426 0.0000e+00
 128.560463      6.503    12.9195  32.432180    27.0539      6.445  272.96632  273.12602    11.5288     6.2342 0.0000e+00
 128.560466      6.541    12.9180  32.430727    27.0539      6.483  272.97551  273.13512    11.5755     6.2423 0.0000e+00
 128.560469      6.574    12.9167  32.429507    27.0539      6.515  272.98303  273.14257    11.4510     6.1978 0.0000e+00
 128.560472      6.611    12.9149  32.429623    27.0543      6.552  272.99104  273.15046    11.4821     6.2140 0.0000e+00
 128.560475      6.647    12.9139  32.431367    27.0550      6.588  272.99241  273.15175    11.4976     6.2140 -9.990e-29
 128.560477      6.671    12.9139  32.429914    27.0566      6.611  272.99466  273.15402    11.8868     6.4525 -9.990e-29
 128.560480      6.698    12.9135  32.430321    27.0564      6.638  272.99585  273.15518    11.8556     6.4242 0.0000e+00
 128.560483      6.729    12.9132  32.429508    27.0561      6.669  272.99856  273.15788    11.8556     6.5375 0.0000e+00
 128.560486      6.758    12.9129  32.428462    27.0560      6.698  273.00199  273.16130    11.9179     6.4889 0.0000e+00
 128.560489      6.789    12.9115  32.428113    27.0555      6.729  273.00861  273.16783    12.7895     6.4849 0.0000e+00
 128.560492      6.824    12.9101  32.426486    27.0555      6.763  273.01779  273.17693    13.1008     6.4323 0.0000e+00
 128.560495      6.861    12.9088  32.425441    27.0555      6.800  273.02501  273.18408    12.9607     6.4242 0.0000e+00
 128.560498      6.899    12.9070  32.425267    27.0565      6.838  273.03321  273.19217    12.7117     6.5091 0.0000e+00
 128.560501      6.934    12.9055  32.425035    27.0565      6.872  273.04057  273.19943    14.6105     6.5738 0.0000e+00
 128.560503      6.973    12.9045  32.423233    27.0567      6.910  273.04786  273.20668    14.7661     6.5172 0.0000e+00
 128.560506      7.004    12.9029  32.422362    27.0567      6.941  273.05634  273.21506    14.6105     6.5617 0.0000e+00
 128.560509      7.042    12.9011  32.421781    27.0574      6.979  273.06526  273.22387    14.6572     6.5172 0.0000e+00
 128.560512      7.069    12.8998  32.422363    27.0589      7.006  273.07024  273.22876    16.1202     6.5091 0.0000e+00
 128.560515      7.100    12.8991  32.421956    27.0589      7.036  273.07412  273.23260    15.8868     6.6062 0.0000e+00
 128.560518      7.127    12.8994  32.421840    27.0589      7.064  273.07309  273.23158    15.8401     6.5738 0.0000e+00
 128.560521      7.155    12.8992  32.422189    27.0587      7.091  273.07312  273.23161    15.7934     6.5172 -9.990e-29
 128.560524      7.180    12.8990  32.422363    27.0590      7.116  273.07378  273.23225    16.0424     6.5860 -9.990e-29
 128.560527      7.217    12.8989  32.421782    27.0587      7.152  273.07514  273.23361    18.5171     6.9539 0.0000e+00
 128.560530      7.251    12.8988  32.420969    27.0583      7.186  273.07722  273.23569    18.7039     7.0267 0.0000e+00
 128.560532      7.291    12.8979  32.419749    27.0578      7.226  273.08317  273.24159    18.5327     6.9661 0.0000e+00
 128.560535      7.328    12.8963  32.417308    27.0578      7.262  273.09473  273.25307    18.6883     7.0146 0.0000e+00
 128.560538      7.364    12.8937  32.416670    27.0579      7.298  273.10721  273.26540    16.5249     6.4970 0.0000e+00
 128.560541      7.402    12.8916  32.416670    27.0589      7.336  273.11637  273.27442    16.6027     6.5536 0.0000e+00
 128.560544      7.441    12.8902  32.415043    27.0589      7.374  273.12556  273.28353    16.4315     6.6224 0.0000e+00
 128.560547      7.479    12.8882  32.411790    27.0589      7.412  273.13981  273.29769    16.5560     6.5455 0.0000e+00
 128.560550      7.508    12.8853  32.413417    27.0609      7.441  273.14988  273.30755    16.1980     6.5172 0.0000e+00
 128.560553      7.541    12.8837  32.413011    27.0613      7.473  273.15755  273.31512    16.2447     6.4404 0.0000e+00
 128.560556      7.574    12.8829  32.412023    27.0616      7.506  273.16277  273.32030    16.2136     6.4606 -9.990e-29
 128.560558      7.594    12.8826  32.415858    27.0632      7.526  273.15761  273.31508    16.1358     6.4970 -9.990e-29
 128.560561      7.623    12.8846  32.415451    27.0620      7.555  273.14953  273.30713    15.9957     6.5091 0.0000e+00
 128.560564      7.656    12.8861  32.414057    27.0629      7.588  273.14507  273.30279    15.6377     6.8569 0.0000e+00
 128.560567      7.687    12.8860  32.416265    27.0629      7.618  273.14184  273.29953    15.4976     6.8609 0.0000e+00
 128.560570      7.720    12.8866  32.419112    27.0631      7.651  273.13402  273.29172    15.5599     6.8690 0.0000e+00
 128.560573      7.758    12.8884  32.418298    27.0631      7.689  273.12760  273.28543    15.7622     6.7760 0.0000e+00
 128.560576      7.798    12.8894  32.417601    27.0617      7.729  273.12476  273.28265    14.8284     6.2908 0.0000e+00
 128.560579      7.835    12.8894  32.417078    27.0617      7.765  273.12570  273.28360    14.9529     6.2867 0.0000e+00
 128.560582      7.868    12.8893  32.419112    27.0619      7.797  273.12246  273.28034    14.7817     6.2867 0.0000e+00
 128.560584      7.901    12.8898  32.418124    27.0619      7.830  273.12201  273.27993    14.8595     6.2665 0.0000e+00
 128.560587      7.935    12.8903  32.416672    27.0602      7.864  273.12238  273.28035    17.1319     6.6588 0.0000e+00
 128.560590      7.964    12.8897  32.416033    27.0601      7.893  273.12636  273.28429    17.3809     6.5779 0.0000e+00
 128.560593      7.991    12.8887  32.415278    27.0600      7.920  273.13212  273.28999    17.0541     6.5455 -9.990e-29
 128.560596      8.015    12.8875  32.413244    27.0555      7.943  273.14075  273.29857    17.2408     6.6466 -9.990e-29
 128.560599      8.042    12.8860  32.408364    27.0527      7.970  273.15597  273.31373    16.5871     6.4687 0.0000e+00
 128.560602      8.077    12.8824  32.399418    27.0531      8.005  273.18748  273.34510    16.6183     6.4808 0.0000e+00
 128.560605      8.114    12.8749  32.397269    27.0531      8.041  273.22405  273.38121    16.6494     6.4444 0.0000e+00
 128.560608      8.148    12.8683  32.396747    27.0574      8.075  273.25429  273.41102    16.5871     6.4849 0.0000e+00
 128.560611      8.187    12.8639  32.400234    27.0637      8.113  273.26740  273.42381    16.7117     6.4647 0.0000e+00
 128.560613      8.229    12.8629  32.401628    27.0647      8.155  273.26938  273.42571    26.2214     7.1278 0.0000e+00
 128.560616      8.265    12.8641  32.401454    27.0647      8.191  273.26435  273.42077    26.0346     7.2289 0.0000e+00
 128.560619      8.303    12.8645  32.401454    27.0644      8.229  273.26249  273.41893    26.0657     7.1683 0.0000e+00
 128.560622      8.342    12.8646  32.401512    27.0644      8.267  273.26209  273.41855    26.1280     7.1480 0.0000e+00
 128.560625      8.376    12.8647  32.400002    27.0629      8.301  273.26446  273.42093    37.6299     8.6361 0.0000e+00
 128.560628      8.405    12.8641  32.397794    27.0617      8.330  273.27089  273.42734    37.7233     8.6078 0.0000e+00
 128.560631      8.435    12.8633  32.397562    27.0617      8.359  273.27510  273.43150    37.6299     8.6442 0.0000e+00
 128.560634      8.460    12.8625  32.399015    27.0624      8.385  273.27602  273.43236    37.8634     8.6927 0.0000e+00
 128.560637      8.489    12.8633  32.398434    27.0624      8.414  273.27328  273.42968    34.9996     8.0619 0.0000e+00
 128.560639      8.515    12.8639  32.392915    27.0569      8.439  273.28050  273.43698    34.8284     7.9891 0.0000e+00
 128.560642      8.544    12.8617  32.385365    27.0515      8.468  273.30358  273.46000    34.7194     8.0498 0.0000e+00
 128.560645      8.583    12.8567  32.376827    27.0500      8.506  273.34039  273.49656    34.6883     8.0134 0.0000e+00
 128.560648      8.615    12.8490  32.373983    27.0500      8.538  273.37946  273.53516    44.2292     9.4003 0.0000e+00
 128.560651      8.654    12.8424  32.376132    27.0567      8.576  273.40468  273.55993    44.1669     9.4165 0.0000e+00
 128.560654      8.688    12.8390  32.376655    27.0572      8.611  273.41859  273.57362    44.1047     9.3882 0.0000e+00
 128.560657      8.725    12.8381  32.373403    27.0572      8.647  273.42845  273.58345    44.2292     9.3801 0.0000e+00
 128.560660      8.761    12.8362  32.370732    27.0572      8.683  273.44169  273.59659    44.3381     9.4489 0.0000e+00
 128.560663      8.794    12.8335  32.372185    27.0593      8.716  273.45081  273.60552    48.9607     9.3720 0.0000e+00
 128.560666      8.831    12.8327  32.373404    27.0593      8.752  273.45214  273.60680    49.0852     9.3842 0.0000e+00
 128.560668      8.858    12.8330  32.370327    27.0580      8.779  273.45633  273.61103    48.9762     9.3761 0.0000e+00
 128.560671      8.884    12.8326  32.369746    27.0577      8.805  273.45895  273.61363    48.9296     9.4003 0.0000e+00
 128.560674      8.913    12.8318  32.367888    27.0565      8.833  273.46602  273.62067    48.8517     9.3235 0.0000e+00
 128.560677      8.941    12.8303  32.365449    27.0565      8.861  273.47696  273.63153    48.7739     9.4044 0.0000e+00
 128.560680      8.975    12.8286  32.365856    27.0569      8.895  273.48351  273.63797    48.7117     9.3801 0.0000e+00
 128.560683      9.012    12.8274  32.364927    27.0569      8.931  273.49053  273.64492    48.7584     9.3195 0.0000e+00
 128.560686      9.045    12.8268  32.365450    27.0578      8.964  273.49247  273.64681    46.0813     9.1860 0.0000e+00
