Processed/SBE19plus_01907321_2022_05_07_Cast63_wfilter.cnv
* Sea-Bird SBE19plus  Data File:
* FileName = E:\Prandtl Daten\2022\CTD\Raw\SBE19plus_01907321_2022_05_07_Cast63.hex
* Software version 2.6.1.12
* Temperature SN = 7321
* Conductivity SN = 7321
* System UpLoad Time = May 07 2022 08:44:14
* <ApplicationData>
* <Seaterm232>
** Messpraktikum 2022
** CTD 07.05 MP3
** NMEA Latitude = 54 03.51 N
** NMEA Longitude = 008 42.82 E
# nquan = 11
# nvalues = 358                         
# units = specified
# name 0 = timeJ: Julian Days
# name 1 = prdM: Pressure, Strain Gauge [db]
# name 2 = tv290C: Temperature [ITS-90, deg C]
# name 3 = c0mS/cm: Conductivity [mS/cm]
# name 4 = sal00: Salinity, Practical [PSU]
# name 5 = depSM: Depth [salt water, m], lat = 54.00
# name 6 = oxsatMm/Kg: Oxygen Saturation, Weiss [umol/kg]
# name 7 = oxsolMm/Kg: Oxygen Saturation, Garcia & Gordon [umol/kg]
# name 8 = turbWETntu0: Turbidity, WET Labs ECO [NTU]
# name 9 = flECO-AFL: Fluorescence, WET Labs ECO-AFL/FL [mg/m^3]
# name 10 = flag:  0.000e+00
# span 0 = 127.360098, 127.361131       
# span 1 =      0.522,      8.939       
# span 2 =    13.4877,    13.6804       
# span 3 =  32.746244,  32.907314       
# span 4 =    26.9126,    26.9589       
# span 5 =      0.517,      8.859       
# span 6 =  268.85580,  269.93924       
# span 7 =  269.05870,  270.13172       
# span 8 =    21.3809,    37.2720       
# span 9 =    10.3627,    13.8847       
# span 10 = 0.0000e+00, 0.0000e+00      
# interval = seconds: 0.25
# start_time = May 07 2022 08:36:27 [Instrument's time stamp, header]
# bad_flag = -9.990e-29
*END*
 127.360098      0.522    13.5649  32.806030    26.9412      0.517  269.51775  269.71450    29.5521    12.3441 -9.990e-29
 127.360101      0.531    13.5649  32.807489    26.9425      0.526  269.51528  269.71202    29.4899    12.4129 -9.990e-29
 127.360104      0.532    13.5647  32.806847    26.9421      0.528  269.51731  269.71404    29.6455    12.3684 -9.990e-29
 127.360107      0.534    13.5645  32.805796    26.9413      0.530  269.52005  269.71677    29.9724    12.3886 -9.990e-29
 127.360110      0.538    13.5641  32.805796    26.9415      0.533  269.52162  269.71833    30.1747    12.9588 -9.990e-29
 127.360113      0.540    13.5638  32.806147    26.9421      0.535  269.52229  269.71897    29.9879    13.0032 -9.990e-29
 127.360116      0.538    13.5638  32.807256    26.9431      0.533  269.52071  269.71738    29.9879    12.9345 -9.990e-29
 127.360119      0.535    13.5638  32.806030    26.9419      0.530  269.52248  269.71917    30.0502    12.9345 -9.990e-29
 127.360122      0.558    13.5646  32.810058    26.9527      0.553  269.51250  269.70920    29.2564    11.9317 -9.990e-29
 127.360124      0.589    13.5660  32.819633    26.9506      0.584  269.48995  269.68665    29.2097    11.9317 0.0000e+00
 127.360127      0.618    13.5713  32.818990    26.9485      0.613  269.46872  269.66574    29.3187    11.9034 0.0000e+00
 127.360130      0.659    13.5754  32.812626    26.9441      0.653  269.46162  269.65895    29.2564    11.9034 0.0000e+00
 127.360133      0.684    13.5767  32.819865    26.9397      0.678  269.44398  269.64133    27.8245    11.4424 -9.990e-29
 127.360136      0.706    13.5784  32.823777    26.9478      0.700  269.43011  269.62753    27.7467    11.4626 -9.990e-29
 127.360139      0.728    13.5811  32.827689    26.9494      0.721  269.41183  269.60939    27.8868    11.4141 -9.990e-29
 127.360142      0.744    13.5843  32.820098    26.9403      0.737  269.41121  269.60901    27.9490    11.4020 -9.990e-29
 127.360145      0.768    13.5862  32.828740    26.9468      0.761  269.38836  269.58621    26.6727    11.2079 -9.990e-29
 127.360148      0.786    13.5878  32.830374    26.9471      0.779  269.37867  269.57661    26.6261    11.1998 -9.990e-29
 127.360150      0.806    13.5896  32.829907    26.9454      0.799  269.37161  269.56966    26.7350    11.1674 -9.990e-29
 127.360153      0.826    13.5905  32.830549    26.9454      0.819  269.36676  269.56486    26.7350    11.1432 -9.990e-29
 127.360156      0.848    13.5912  32.827863    26.9442      0.841  269.36819  269.56635    26.7661    11.1229 -9.990e-29
 127.360159      0.875    13.5911  32.829732    26.9461      0.867  269.36566  269.56380    26.4237    11.0623 0.0000e+00
 127.360162      0.901    13.5914  32.834287    26.9481      0.893  269.35668  269.55480    26.4237    11.1027 0.0000e+00
 127.360165      0.932    13.5939  32.843981    26.9536      0.924  269.32955  269.52774    26.4237    11.0461 0.0000e+00
 127.360168      0.970    13.5996  32.846667    26.9536      0.961  269.30047  269.49899    26.4860    11.1068 0.0000e+00
 127.360171      1.001    13.6049  32.843513    26.9503      0.992  269.28319  269.48205    26.5327    11.0340 0.0000e+00
 127.360174      1.027    13.6066  32.847075    26.9470      1.018  269.26992  269.46886    26.3926    11.0623 -9.990e-29
 127.360177      1.047    13.6089  32.845031    26.9455      1.037  269.26333  269.46243    26.3770    11.0016 -9.990e-29
 127.360179      1.067    13.6095  32.844272    26.9444      1.057  269.26212  269.46126    26.3770    11.0340 -9.990e-29
 127.360182      1.089    13.6089  32.843980    26.9445      1.079  269.26514  269.46425    25.1008    11.5273 -9.990e-29
 127.360185      1.105    13.6086  32.846083    26.9466      1.095  269.26284  269.46192    25.2875    11.4707 -9.990e-29
 127.360188      1.129    13.6100  32.850813    26.9500      1.119  269.24917  269.44828    25.2564    11.4707 -9.990e-29
 127.360191      1.147    13.6131  32.849762    26.9468      1.137  269.23744  269.43675    25.2253    11.5030 -9.990e-29
 127.360194      1.165    13.6147  32.848944    26.9476      1.155  269.23223  269.43164    26.1591    11.6890 -9.990e-29
 127.360197      1.196    13.6149  32.851981    26.9503      1.186  269.22615  269.42555    26.4237    11.7012 0.0000e+00
 127.360200      1.229    13.6164  32.859107    26.9504      1.218  269.20779  269.40723    26.5171    11.6810 0.0000e+00
 127.360203      1.264    13.6200  32.859107    26.9517      1.252  269.19209  269.39174    26.4860    11.7174 0.0000e+00
 127.360205      1.295    13.6222  32.857471    26.9504      1.283  269.18575  269.38555    26.3615    11.6567 -9.990e-29
 127.360208      1.318    13.6236  32.855777    26.9448      1.306  269.18235  269.38225    27.3576    11.2968 -9.990e-29
 127.360211      1.349    13.6240  32.858055    26.9466      1.337  269.17693  269.37684    27.5910    11.3413 -9.990e-29
 127.360214      1.373    13.6246  32.858464    26.9466      1.361  269.17374  269.37367    27.4510    11.2726 -9.990e-29
 127.360217      1.391    13.6259  32.860626    26.9476      1.379  269.16442  269.36442    27.3420    11.3130 -9.990e-29
 127.360220      1.411    13.6270  32.859107    26.9454      1.399  269.16229  269.36237    27.0307    11.6527 -9.990e-29
 127.360223      1.420    13.6271  32.857004    26.9435      1.408  269.16554  269.36564    26.8906    11.6931 -9.990e-29
 127.360226      1.437    13.6256  32.856887    26.9444      1.424  269.17204  269.37206    26.9996    11.6405 -9.990e-29
 127.360229      1.462    13.6257  32.872952    26.9589      1.449  269.14452  269.34440    26.9529    11.7012 -9.990e-29
 127.360231      1.486    13.6322  32.873769    26.9513      1.473  269.11547  269.31573    24.4626    10.8803 -9.990e-29
 127.360234      1.517    13.6384  32.874411    26.9477      1.503  269.08766  269.28830    24.3381    10.8156 0.0000e+00
 127.360237      1.543    13.6423  32.869621    26.9477      1.529  269.07943  269.28034    24.2759    10.8035 0.0000e+00
 127.360240      1.576    13.6426  32.876281    26.9442      1.561  269.06660  269.26748    24.4004    10.8075 -9.990e-29
 127.360243      1.597    13.6451  32.875404    26.9474      1.583  269.05740  269.25844    26.9062    10.8884 -9.990e-29
 127.360246      1.619    13.6465  32.875638    26.9466      1.605  269.05104  269.25216    26.7817    10.8156 -9.990e-29
 127.360249      1.639    13.6471  32.878734    26.9490      1.625  269.04329  269.24442    26.8906    10.8116 -9.990e-29
 127.360252      1.667    13.6487  32.881480    26.9504      1.652  269.03205  269.23325    27.0463    10.8601 -9.990e-29
 127.360255      1.692    13.6509  32.876689    26.9445      1.677  269.03074  269.23212    26.7973    10.8601 -9.990e-29
 127.360258      1.716    13.6503  32.874411    26.9429      1.701  269.03713  269.23849    26.7506    11.1270 -9.990e-29
 127.360260      1.736    13.6477  32.870906    26.9415      1.721  269.05409  269.25532    26.7973    11.1836 -9.990e-29
 127.360263      1.758    13.6448  32.870088    26.9428      1.743  269.06807  269.26913    26.6883    11.2079 -9.990e-29
 127.360266      1.778    13.6419  32.870673    26.9453      1.762  269.07937  269.28025    26.7350    11.2200 -9.990e-29
 127.360269      1.797    13.6404  32.873594    26.9490      1.781  269.08072  269.28149    26.1280    11.3211 -9.990e-29
 127.360272      1.820    13.6415  32.876165    26.9493      1.804  269.07166  269.27248    26.2058    11.3373 -9.990e-29
 127.360275      1.847    13.6437  32.876457    26.9491      1.831  269.06175  269.26269    26.1436    11.4060 0.0000e+00
 127.360278      1.879    13.6456  32.877508    26.9489      1.862  269.05212  269.25317    26.1436    11.3373 0.0000e+00
 127.360281      1.912    13.6467  32.878151    26.9487      1.894  269.04602  269.24713    24.5560    10.9895 0.0000e+00
 127.360284      1.944    13.6477  32.878326    26.9481      1.927  269.04166  269.24282    24.4004    11.1068 0.0000e+00
 127.360286      1.975    13.6485  32.877099    26.9473      1.958  269.04029  269.24152    24.3226    11.0057 0.0000e+00
 127.360289      2.003    13.6482  32.875405    26.9465      1.985  269.04443  269.24566    24.5249    11.0097 -9.990e-29
 127.360292      2.028    13.6469  32.874821    26.9455      2.010  269.05110  269.25225    25.7389    11.0946 -9.990e-29
 127.360295      2.057    13.6459  32.875230    26.9465      2.039  269.05452  269.25561    25.7233    11.1836 -9.990e-29
 127.360298      2.074    13.6454  32.875581    26.9472      2.055  269.05614  269.25719    25.6922    11.1391 -9.990e-29
 127.360301      2.090    13.6456  32.876457    26.9478      2.072  269.05372  269.25478    25.7545    11.1310 -9.990e-29
 127.360304      2.105    13.6462  32.874821    26.9460      2.086  269.05430  269.25540    25.6299    11.1998 -9.990e-29
 127.360307      2.125    13.6462  32.874179    26.9454      2.106  269.05508  269.25620    24.8517    11.6607 -9.990e-29
 127.360310      2.149    13.6459  32.874004    26.9454      2.130  269.05697  269.25806    24.8829    11.7133 -9.990e-29
 127.360313      2.172    13.6452  32.873770    26.9467      2.153  269.06021  269.26126    25.0852    11.7052 -9.990e-29
 127.360315      2.202    13.6448  32.874588    26.9463      2.182  269.06041  269.26144    25.0229    11.6446 0.0000e+00
 127.360318      2.235    13.6449  32.873829    26.9467      2.215  269.06140  269.26244    25.0229    11.1229 0.0000e+00
 127.360321      2.266    13.6450  32.875640    26.9474      2.245  269.05773  269.25876    25.1008    11.2038 0.0000e+00
 127.360324      2.297    13.6454  32.875874    26.9475      2.276  269.05578  269.25683    24.8206    11.1472 0.0000e+00
 127.360327      2.324    13.6461  32.875991    26.9474      2.303  269.05277  269.25386    24.9918    11.1472 -9.990e-29
 127.360330      2.348    13.6465  32.875874    26.9466      2.327  269.05109  269.25221    22.5638    10.5407 -9.990e-29
 127.360333      2.375    13.6472  32.876458    26.9467      2.354  269.04729  269.24844    22.5327    10.6337 -9.990e-29
 127.360336      2.391    13.6475  32.875406    26.9454      2.370  269.04750  269.24869    22.3770    10.6498 -9.990e-29
 127.360339      2.408    13.6474  32.875407    26.9455      2.386  269.04814  269.24932    22.5638    10.6256 -9.990e-29
 127.360341      2.426    13.6465  32.874413    26.9453      2.405  269.05361  269.25474    21.7545    10.4436 -9.990e-29
 127.360344      2.445    13.6459  32.875407    26.9484      2.423  269.05477  269.25586    21.5521    10.4719 -9.990e-29
 127.360347      2.474    13.6461  32.877510    26.9521      2.452  269.05029  269.25137    21.6611    10.4113 0.0000e+00
 127.360350      2.506    13.6474  32.886625    26.9557      2.484  269.02921  269.23030    21.6144    10.3951 0.0000e+00
 127.360353      2.541    13.6519  32.890774    26.9557      2.518  269.00302  269.20435    21.6455    10.4274 0.0000e+00
 127.360356      2.570    13.6579  32.888027    26.9496      2.547  268.98221  269.18392    22.3303    10.5043 0.0000e+00
 127.360359      2.601    13.6606  32.884111    26.9479      2.578  268.97722  269.17912    22.5638    10.4881 0.0000e+00
 127.360362      2.629    13.6598  32.887618    26.9460      2.605  268.97476  269.17658    22.3303    10.4921 0.0000e+00
 127.360365      2.656    13.6596  32.889604    26.9479      2.632  268.97205  269.17384    22.5327    10.5083 -9.990e-29
 127.360367      2.679    13.6617  32.892409    26.9508      2.656  268.95851  269.16041    21.9257    10.5164 -9.990e-29
 127.360370      2.700    13.6646  32.893636    26.9499      2.675  268.94386  269.14593    21.7078    10.5407 -9.990e-29
 127.360373      2.723    13.6668  32.893928    26.9486      2.699  268.93426  269.13645    21.7233    10.4962 -9.990e-29
 127.360376      2.736    13.6679  32.893461    26.9474      2.712  268.93034  269.13260    21.6611    10.5285 -9.990e-29
 127.360379      2.754    13.6688  32.892175    26.9456      2.730  268.92875  269.13108    22.5794    10.5690 -9.990e-29
 127.360382      2.774    13.6690  32.891182    26.9446      2.750  268.92950  269.13185    22.6261    10.5326 -9.990e-29
 127.360385      2.794    13.6681  32.892818    26.9453      2.769  268.93052  269.13280    22.4548    10.4840 -9.990e-29
 127.360388      2.820    13.6682  32.891357    26.9458      2.795  268.93269  269.13499    22.5949    10.4598 0.0000e+00
 127.360391      2.845    13.6678  32.892175    26.9463      2.820  268.93290  269.13517    22.9996    11.0299 0.0000e+00
 127.360394      2.875    13.6680  32.896324    26.9481      2.849  268.92495  269.12720    22.9529    11.0138 0.0000e+00
 127.360396      2.904    13.6696  32.895915    26.9499      2.878  268.91906  269.12140    22.8906    11.0582 -9.990e-29
 127.360399      2.929    13.6711  32.896324    26.9465      2.903  268.91178  269.11421    22.9685    11.0623 -9.990e-29
 127.360402      2.956    13.6720  32.895740    26.9458      2.930  268.90901  269.11150    22.9373    11.0906 0.0000e+00
 127.360405      2.984    13.6723  32.894454    26.9458      2.957  268.90994  269.11246    22.9218    10.6943 0.0000e+00
 127.360408      3.015    13.6726  32.894338    26.9451      2.988  268.90890  269.11144    22.9218    10.6215 -9.990e-29
 127.360411      3.037    13.6718  32.894045    26.9451      3.010  268.91255  269.11505    22.8595    10.6741 -9.990e-29
 127.360414      3.059    13.6713  32.894046    26.9454      3.031  268.91477  269.11723    23.1397    10.6337 -9.990e-29
 127.360417      3.080    13.6709  32.893344    26.9451      3.053  268.91785  269.12030    22.2058    10.4072 -9.990e-29
 127.360420      3.099    13.6704  32.893461    26.9455      3.071  268.91955  269.12197    22.0502    10.3708 -9.990e-29
 127.360422      3.122    13.6698  32.894280    26.9467      3.095  268.92101  269.12339    21.9101    10.3627 -9.990e-29
 127.360425      3.148    13.6698  32.895916    26.9482      3.120  268.91826  269.12062    21.8323    10.4355 -9.990e-29
 127.360428      3.172    13.6707  32.894864    26.9433      3.143  268.91597  269.11839    21.3809    10.4881 -9.990e-29
 127.360431      3.207    13.6714  32.891767    26.9435      3.178  268.91840  269.12089    21.7078    10.4800 0.0000e+00
 127.360434      3.238    13.6706  32.891592    26.9437      3.209  268.92217  269.12462    21.6922    10.4800 0.0000e+00
 127.360437      3.267    13.6691  32.891767    26.9443      3.238  268.92818  269.13054    21.4276    10.4962 0.0000e+00
 127.360440      3.298    13.6682  32.890774    26.9448      3.268  268.93366  269.13597    24.0268    10.6660 -9.990e-29
 127.360443      3.323    13.6676  32.891183    26.9453      3.294  268.93550  269.13777    24.3381    10.6579 -9.990e-29
 127.360446      3.353    13.6671  32.891943    26.9464      3.323  268.93643  269.13867    24.3381    10.6943 -9.990e-29
 127.360448      3.371    13.6674  32.894690    26.9486      3.341  268.93054  269.13277    24.0580    10.6094 -9.990e-29
 127.360451      3.391    13.6683  32.893463    26.9469      3.361  268.92885  269.13115    24.1980    10.6013 -9.990e-29
 127.360454      3.407    13.6688  32.895333    26.9483      3.377  268.92381  269.12612    24.8673    11.1796 -9.990e-29
 127.360457      3.418    13.6697  32.895917    26.9481      3.388  268.91874  269.12110    24.7272    11.2038 -9.990e-29
 127.360460      3.435    13.6706  32.895742    26.9473      3.404  268.91528  269.11769    24.6027    11.1836 -9.990e-29
 127.360463      3.460    13.6714  32.898254    26.9490      3.429  268.90758  269.11002    24.7584    11.1229 -9.990e-29
 127.360466      3.486    13.6719  32.897378    26.9479      3.455  268.90688  269.10936    25.1941    11.0340 -9.990e-29
 127.360469      3.511    13.6728  32.898196    26.9497      3.480  268.90174  269.10426    25.2097    11.0785 -9.990e-29
 127.360472      3.544    13.6730  32.900242    26.9494      3.513  268.89735  269.09988    25.2097    11.0704 0.0000e+00
 127.360475      3.572    13.6734  32.899833    26.9494      3.540  268.89649  269.09904    25.1786    11.0178 0.0000e+00
