Processed/SBE19plus_01907321_2022_05_07_Cast59_wfilter.cnv
* Sea-Bird SBE19plus  Data File:
* FileName = E:\Prandtl Daten\2022\CTD\Raw\SBE19plus_01907321_2022_05_07_Cast59.hex
* Software version 2.6.1.12
* Temperature SN = 7321
* Conductivity SN = 7321
* System UpLoad Time = May 07 2022 06:49:28
* <ApplicationData>
* <Seaterm232>
** Messpraktikum 2022
** CTD 07.05 BM
** NMEA Latitude = 54 07.724 N
** NMEA Longitude = 008 47.236 E
# nquan = 11
# nvalues = 511                         
# units = specified
# name 0 = timeJ: Julian Days
# name 1 = prdM: Pressure, Strain Gauge [db]
# name 2 = tv290C: Temperature [ITS-90, deg C]
# name 3 = c0mS/cm: Conductivity [mS/cm]
# name 4 = sal00: Salinity, Practical [PSU]
# name 5 = depSM: Depth [salt water, m], lat = 54.00
# name 6 = oxsatMm/Kg: Oxygen Saturation, Weiss [umol/kg]
# name 7 = oxsolMm/Kg: Oxygen Saturation, Garcia & Gordon [umol/kg]
# name 8 = turbWETntu0: Turbidity, WET Labs ECO [NTU]
# name 9 = flECO-AFL: Fluorescence, WET Labs ECO-AFL/FL [mg/m^3]
# name 10 = flag:  0.000e+00
# span 0 = 127.279323, 127.280799       
# span 1 =      0.571,     14.349       
# span 2 =    13.1563,    13.2724       
# span 3 =  32.576719,  32.651684       
# span 4 =    27.0041,    27.0374       
# span 5 =      0.566,     14.220       
# span 6 =  271.04383,  271.64555       
# span 7 =  271.22389,  271.81886       
# span 8 =    19.5910,   242.3459       
# span 9 =     6.4485,    21.3614       
# span 10 = 0.0000e+00, 0.0000e+00      
# interval = seconds: 0.25
# start_time = May 07 2022 06:40:28 [Instrument's time stamp, header]
# bad_flag = -9.990e-29
*END*
[from data line 263]
 127.280084      7.765    13.1582  32.598010    27.0360      7.695  271.63582  271.80921   109.3498    16.2381 0.0000e+00
 127.280087      7.792    13.1583  32.597602    27.0364      7.723  271.63592  271.80931   109.4899    16.2665 -9.990e-29
 127.280090      7.812    13.1584  32.596787    27.0351      7.742  271.63703  271.81044   109.4587    16.2260 -9.990e-29
 127.280093      7.821    13.1583  32.597253    27.0355      7.751  271.63654  271.80994   109.3654    16.2381 -9.990e-29
 127.280095      7.829    13.1584  32.597602    27.0358      7.759  271.63531  271.80872   105.0385    16.4120 -9.990e-29
 127.280098      7.840    13.1584  32.598185    27.0363      7.770  271.63431  271.80771   105.1475    16.4039 -9.990e-29
 127.280101      7.856    13.1587  32.597602    27.0356      7.786  271.63438  271.80780   105.1319    16.3918 -9.990e-29
 127.280104      7.880    13.1589  32.596845    27.0355      7.809  271.63477  271.80821   105.1475    16.3918 -9.990e-29
 127.280107      7.916    13.1588  32.597602    27.0356      7.845  271.63379  271.80722   116.7272    17.3946 0.0000e+00
 127.280110      7.955    13.1588  32.597777    27.0355      7.884  271.63351  271.80694   116.7428    17.4270 0.0000e+00
 127.280113      7.999    13.1588  32.597370    27.0356      7.927  271.63425  271.80768   116.5871    17.3461 0.0000e+00
 127.280116      8.042    13.1588  32.597836    27.0352      7.970  271.63347  271.80690   116.4938    17.3865 0.0000e+00
 127.280119      8.075    13.1591  32.597195    27.0352      8.003  271.63334  271.80679   126.0502    16.8892 0.0000e+00
 127.280122      8.108    13.1592  32.596788    27.0348      8.035  271.63375  271.80722   125.7856    16.8892 -9.990e-29
 127.280124      8.128    13.1592  32.597603    27.0351      8.055  271.63235  271.80581   126.0502    16.8932 -9.990e-29
 127.280127      8.146    13.1594  32.597079    27.0345      8.073  271.63233  271.80580   125.9724    16.9175 -9.990e-29
 127.280130      8.157    13.1594  32.597603    27.0350      8.084  271.63143  271.80489   107.8868    17.2854 -9.990e-29
 127.280133      8.170    13.1593  32.597370    27.0348      8.097  271.63215  271.80562   108.1047    17.3785 -9.990e-29
 127.280136      8.181    13.1596  32.597603    27.0341      8.108  271.63050  271.80398   107.9957    17.3259 -9.990e-29
 127.280139      8.206    13.1599  32.597079    27.0344      8.133  271.63016  271.80367   107.8868    17.3501 0.0000e+00
 127.280142      8.239    13.1599  32.597603    27.0346      8.165  271.62927  271.80278   107.9490    17.3340 0.0000e+00
 127.280145      8.277    13.1599  32.597603    27.0346      8.203  271.62930  271.80280   125.1786    17.4876 0.0000e+00
 127.280148      8.319    13.1599  32.595973    27.0344      8.245  271.63215  271.80567   125.3031    17.4593 0.0000e+00
 127.280150      8.356    13.1599  32.597429    27.0342      8.281  271.62965  271.80315   125.1786    17.5078 0.0000e+00
 127.280153      8.389    13.1601  32.597371    27.0343      8.314  271.62883  271.80235   125.3187    17.5564 0.0000e+00
 127.280156      8.416    13.1604  32.596789    27.0342      8.341  271.62860  271.80214   122.3459    17.1763 -9.990e-29
 127.280159      8.440    13.1604  32.596963    27.0336      8.364  271.62831  271.80185   122.3459    17.2248 -9.990e-29
 127.280162      8.460    13.1605  32.596672    27.0332      8.384  271.62851  271.80206   122.3770    17.2046 -9.990e-29
 127.280165      8.482    13.1605  32.597371    27.0339      8.406  271.62731  271.80085   122.4860    17.2450 -9.990e-29
 127.280168      8.502    13.1607  32.597604    27.0339      8.426  271.62598  271.79953   124.3226    17.8960 -9.990e-29
 127.280171      8.524    13.1608  32.597604    27.0338      8.448  271.62536  271.79892   124.1358    17.8920 -9.990e-29
 127.280174      8.546    13.1608  32.597604    27.0339      8.469  271.62569  271.79925   124.3381    17.9001 -9.990e-29
 127.280177      8.568    13.1606  32.598070    27.0341      8.491  271.62553  271.79907   124.2759    17.9405 -9.990e-29
 127.280179      8.597    13.1605  32.597604    27.0338      8.520  271.62698  271.80052   122.7194    17.9041 0.0000e+00
 127.280182      8.634    13.1607  32.597197    27.0340      8.556  271.62677  271.80033   120.9140    17.0509 0.0000e+00
 127.280185      8.665    13.1605  32.597605    27.0335      8.587  271.62671  271.80025   120.8673    17.0388 0.0000e+00
 127.280188      8.699    13.1605  32.595916    27.0340      8.621  271.62966  271.80322   120.8829    17.0024 0.0000e+00
 127.280191      8.728    13.1605  32.597605    27.0338      8.650  271.62675  271.80029   121.1163    17.0024 0.0000e+00
 127.280194      8.759    13.1607  32.597605    27.0339      8.681  271.62614  271.79969   110.3770    16.4848 0.0000e+00
 127.280197      8.787    13.1608  32.597780    27.0338      8.708  271.62554  271.79910   110.4082    16.4889 0.0000e+00
 127.280200      8.814    13.1610  32.597663    27.0338      8.735  271.62482  271.79839   110.5482    16.4282 0.0000e+00
 127.280203      8.843    13.1608  32.597605    27.0337      8.764  271.62588  271.79944   110.5015    16.5131 0.0000e+00
 127.280205      8.869    13.1604  32.597780    27.0338      8.789  271.62717  271.80070   113.4432    17.1601 -9.990e-29
 127.280208      8.891    13.1605  32.597780    27.0341      8.811  271.62687  271.80040   113.3965    17.0954 -9.990e-29
 127.280211      8.911    13.1605  32.597081    27.0334      8.831  271.62778  271.80132   113.4120    17.1237 -9.990e-29
 127.280214      8.931    13.1605  32.597372    27.0337      8.851  271.62760  271.80114   113.3809    17.1641 -9.990e-29
 127.280217      8.953    13.1603  32.598188    27.0346      8.872  271.62714  271.80066   124.9918    17.3299 -9.990e-29
 127.280220      8.975    13.1605  32.597780    27.0346      8.894  271.62660  271.80015   124.9451    17.3663 -9.990e-29
 127.280223      9.002    13.1604  32.598246    27.0341      8.921  271.62644  271.79997   125.0229    17.3380 0.0000e+00
 127.280226      9.035    13.1605  32.597373    27.0338      8.954  271.62735  271.80090   124.9296    17.3299 0.0000e+00
 127.280229      9.069    13.1605  32.597606    27.0338      8.988  271.62697  271.80051   125.0852    17.3461 0.0000e+00
 127.280231      9.098    13.1607  32.597781    27.0338      9.017  271.62605  271.79961   129.6611    16.4727 0.0000e+00
 127.280234      9.131    13.1606  32.597664    27.0339      9.050  271.62659  271.80014   129.7078    16.5414 0.0000e+00
 127.280237      9.164    13.1607  32.598014    27.0338      9.082  271.62569  271.79924   129.8323    16.4686 0.0000e+00
 127.280240      9.197    13.1606  32.596558    27.0331      9.114  271.62855  271.80211   129.6455    16.4808 0.0000e+00
 127.280243      9.226    13.1608  32.596966    27.0330      9.143  271.62723  271.80080   140.7117    17.3461 0.0000e+00
 127.280246      9.253    13.1608  32.597257    27.0331      9.170  271.62643  271.80000   140.9918    17.3299 -9.990e-29
 127.280249      9.275    13.1610  32.597199    27.0331      9.192  271.62592  271.79949   140.8517    17.3016 -9.990e-29
 127.280252      9.293    13.1611  32.597199    27.0330      9.210  271.62530  271.79888   140.8984    17.3704 -9.990e-29
 127.280255      9.315    13.1610  32.596791    27.0327      9.232  271.62633  271.79992   141.9879    18.5794 -9.990e-29
 127.280258      9.335    13.1613  32.597257    27.0329      9.252  271.62428  271.79788   142.0502    18.6077 -9.990e-29
 127.280260      9.359    13.1616  32.597374    27.0328      9.275  271.62283  271.79645   141.9568    18.5552 -9.990e-29
 127.280263      9.381    13.1620  32.597607    27.0327      9.297  271.62087  271.79451   142.0035    18.5552 -9.990e-29
 127.280266      9.404    13.1623  32.597374    27.0319      9.320  271.62003  271.79369   136.3537    17.9526 -9.990e-29
 127.280269      9.430    13.1623  32.596966    27.0317      9.346  271.62075  271.79441   136.4159    17.9931 0.0000e+00
 127.280272      9.459    13.1624  32.596675    27.0318      9.374  271.62065  271.79432   136.4938    17.9526 0.0000e+00
 127.280275      9.494    13.1624  32.596966    27.0318      9.409  271.62016  271.79383   136.3381    17.9567 0.0000e+00
 127.280278      9.528    13.1626  32.597199    27.0318      9.443  271.61884  271.79252   136.2447    17.9446 0.0000e+00
 127.280281      9.565    13.1627  32.597374    27.0319      9.479  271.61824  271.79193   134.5482    17.2288 0.0000e+00
 127.280284      9.602    13.1624  32.597666    27.0319      9.516  271.61902  271.79268   134.4704    17.1601 0.0000e+00
 127.280286      9.629    13.1622  32.596792    27.0317      9.543  271.62150  271.79515   134.5482    17.2086 0.0000e+00
 127.280289      9.656    13.1621  32.596559    27.0317      9.570  271.62255  271.79620   134.7661    17.2046 0.0000e+00
 127.280292      9.682    13.1622  32.597200    27.0318      9.595  271.62082  271.79448   134.5171    17.0509 0.0000e+00
 127.280295      9.710    13.1621  32.596501    27.0321      9.623  271.62237  271.79602   134.2525    17.0590 -9.990e-29
 127.280298      9.735    13.1622  32.596967    27.0319      9.648  271.62126  271.79492   134.2525    17.0388 -9.990e-29
 127.280301      9.759    13.1622  32.596560    27.0315      9.671  271.62198  271.79564   134.1436    17.0428 -9.990e-29
 127.280304      9.781    13.1623  32.595512    27.0304      9.693  271.62350  271.79717   144.8206    17.0873 -9.990e-29
 127.280307      9.803    13.1622  32.597084    27.0319      9.715  271.62110  271.79476   144.8206    17.1763 -9.990e-29
 127.280310      9.824    13.1625  32.596560    27.0312      9.737  271.62076  271.79444   145.0385    17.1439 -9.990e-29
 127.280312      9.844    13.1626  32.597375    27.0319      9.756  271.61873  271.79242   145.1475    17.1237 -9.990e-29
 127.280315      9.866    13.1629  32.596968    27.0313      9.778  271.61820  271.79190   147.7778    18.0457 -9.990e-29
 127.280318      9.890    13.1631  32.597259    27.0304      9.801  271.61676  271.79048   147.5132    18.1063 -9.990e-29
 127.280321      9.916    13.1634  32.596385    27.0304      9.827  271.61703  271.79077   147.5288    17.9971 0.0000e+00
 127.280324      9.943    13.1637  32.596560    27.0304      9.854  271.61580  271.78956   147.5599    17.9850 0.0000e+00
 127.280327      9.974    13.1638  32.596560    27.0303      9.884  271.61519  271.78896   147.6844    18.0335 0.0000e+00
 127.280330     10.003    13.1638  32.595920    27.0297      9.914  271.61632  271.79009   153.8945    18.5026 0.0000e+00
 127.280333     10.036    13.1641  32.595512    27.0291      9.946  271.61579  271.78958   153.8012    18.4864 0.0000e+00
 127.280336     10.072    13.1643  32.595745    27.0291      9.982  271.61447  271.78827   154.0813    18.4945 0.0000e+00
 127.280339     10.109    13.1645  32.595105    27.0285     10.018  271.61497  271.78879   153.9257    18.4985 0.0000e+00
 127.280341     10.143    13.1643  32.595105    27.0285     10.052  271.61562  271.78943   149.0229    17.1116 0.0000e+00
 127.280344     10.176    13.1642  32.596561    27.0292     10.085  271.61343  271.78722   149.1941    17.1318 0.0000e+00
 127.280347     10.201    13.1641  32.595746    27.0296     10.110  271.61549  271.78928   149.2097    17.1682 0.0000e+00
 127.280350     10.227    13.1639  32.596794    27.0292     10.135  271.61432  271.78809   149.0696    17.1641 -9.990e-29
 127.280353     10.249    13.1639  32.596153    27.0297     10.157  271.61576  271.78953   151.9801    17.8960 -9.990e-29
 127.280356     10.263    13.1640  32.594756    27.0284     10.171  271.61756  271.79136   151.9646    17.8677 -9.990e-29
 127.280359     10.278    13.1639  32.595513    27.0291     10.186  271.61689  271.79067   152.1047    17.9526 -9.990e-29
 127.280362     10.289    13.1637  32.596561    27.0302     10.197  271.61571  271.78947   152.2136    17.9365 -9.990e-29
 127.280365     10.300    13.1637  32.596794    27.0305     10.208  271.61562  271.78938   155.9801    18.1427 -9.990e-29
 127.280367     10.320    13.1637  32.596678    27.0294     10.228  271.61584  271.78959   155.9490    18.1265 -9.990e-29
 127.280370     10.353    13.1637  32.595746    27.0296     10.261  271.61716  271.79093   155.9179    18.0699 0.0000e+00
 127.280373     10.388    13.1641  32.596387    27.0295     10.295  271.61450  271.78828   155.8868    18.1346 0.0000e+00
 127.280376     10.439    13.1644  32.596387    27.0295     10.345  271.61327  271.78707   156.0580    18.1346 0.0000e+00
 127.280379     10.483    13.1647  32.595921    27.0289     10.389  271.61285  271.78667   163.2642    17.3865 0.0000e+00
 127.280382     10.523    13.1648  32.595747    27.0286     10.429  271.61255  271.78638   162.9373    17.3380 0.0000e+00
 127.280385     10.558    13.1649  32.595339    27.0284     10.463  271.61296  271.78681   163.0307    17.3380 0.0000e+00
 127.280388     10.587    13.1651  32.595339    27.0282     10.492  271.61204  271.78589   163.2175    17.3178 -9.990e-29
 127.280391     10.611    13.1652  32.594524    27.0272     10.516  271.61284  271.78671   165.8323    17.5564 -9.990e-29
 127.280394     10.636    13.1655  32.595339    27.0277     10.541  271.61018  271.78406   165.6611    17.4998 -9.990e-29
 127.280396     10.653    13.1658  32.594116    27.0264     10.557  271.61137  271.78528   165.7233    17.5685 -9.990e-29
 127.280399     10.666    13.1660  32.593709    27.0259     10.570  271.61114  271.78506   165.5210    17.5887 -9.990e-29
 127.280402     10.679    13.1662  32.594757    27.0267     10.583  271.60838  271.78231   161.1319    18.3328 -9.990e-29
 127.280405     10.697    13.1663  32.594291    27.0262     10.601  271.60889  271.78283   161.2720    18.3408 -9.990e-29
 127.280408     10.715    13.1661  32.594291    27.0263     10.619  271.60953  271.78346   161.3965    18.4217 -9.990e-29
 127.280411     10.737    13.1663  32.594291    27.0270     10.640  271.60860  271.78254   161.0852    18.3166 -9.990e-29
 127.280414     10.769    13.1665  32.595340    27.0263     10.673  271.60617  271.78012   170.4237    18.3368 0.0000e+00
 127.280417     10.797    13.1666  32.593884    27.0257     10.700  271.60840  271.78236   170.4860    18.3489 0.0000e+00
 127.280420     10.831    13.1666  32.594117    27.0257     10.734  271.60770  271.78167   170.1903    18.2519 0.0000e+00
 127.280422     10.871    13.1666  32.594292    27.0257     10.774  271.60742  271.78139   170.3303    18.2802 0.0000e+00
 127.280425     10.904    13.1667  32.594175    27.0259     10.807  271.60733  271.78130   170.1591    18.2964 0.0000e+00
 127.280428     10.945    13.1667  32.595107    27.0257     10.847  271.60574  271.77970   158.5482    17.4310 0.0000e+00
 127.280431     10.979    13.1666  32.594117    27.0257     10.881  271.60779  271.78176   158.7039    17.4715 0.0000e+00
 127.280434     11.010    13.1669  32.593885    27.0254     10.912  271.60696  271.78095   158.5794    17.4715 0.0000e+00
 127.280437     11.041    13.1669  32.593885    27.0252     10.942  271.60698  271.78096   158.6261    17.5078 -9.990e-29
 127.280440     11.059    13.1668  32.593535    27.0250     10.960  271.60823  271.78221   153.4276    17.5564 -9.990e-29
 127.280443     11.074    13.1666  32.594700    27.0262     10.974  271.60716  271.78112   153.3965    17.5564 -9.990e-29
 127.280446     11.086    13.1665  32.594525    27.0261     10.987  271.60778  271.78174   153.5988    17.5483 -9.990e-29
 127.280448     11.101    13.1664  32.594700    27.0263     11.001  271.60781  271.78175   153.6766    17.5564 -9.990e-29
 127.280451     11.126    13.1665  32.594758    27.0247     11.027  271.60741  271.78136   151.3264    19.0080 -9.990e-29
 127.280454     11.157    13.1666  32.593070    27.0252     11.057  271.60972  271.78370   151.1708    18.9757 0.0000e+00
 127.280457     11.183    13.1668  32.594293    27.0252     11.083  271.60699  271.78096   151.1085    19.0363 0.0000e+00
