Processed/SBE19plus_01907321_2022_05_07_Cast63_wfilter.cnv
* Sea-Bird SBE19plus  Data File:
* FileName = E:\Prandtl Daten\2022\CTD\Raw\SBE19plus_01907321_2022_05_07_Cast63.hex
* Software version 2.6.1.12
* Temperature SN = 7321
* Conductivity SN = 7321
* System UpLoad Time = May 07 2022 08:44:14
* <ApplicationData>
* <Seaterm232>
** Messpraktikum 2022
** CTD 07.05 MP3
** NMEA Latitude = 54 03.51 N
** NMEA Longitude = 008 42.82 E
# nquan = 11
# nvalues = 358                         
# units = specified
# name 0 = timeJ: Julian Days
# name 1 = prdM: Pressure, Strain Gauge [db]
# name 2 = tv290C: Temperature [ITS-90, deg C]
# name 3 = c0mS/cm: Conductivity [mS/cm]
# name 4 = sal00: Salinity, Practical [PSU]
# name 5 = depSM: Depth [salt water, m], lat = 54.00
# name 6 = oxsatMm/Kg: Oxygen Saturation, Weiss [umol/kg]
# name 7 = oxsolMm/Kg: Oxygen Saturation, Garcia & Gordon [umol/kg]
# name 8 = turbWETntu0: Turbidity, WET Labs ECO [NTU]
# name 9 = flECO-AFL: Fluorescence, WET Labs ECO-AFL/FL [mg/m^3]
# name 10 = flag:  0.000e+00
# span 0 = 127.360098, 127.361131       
# span 1 =      0.522,      8.939       
# span 2 =    13.4877,    13.6804       
# span 3 =  32.746244,  32.907314       
# span 4 =    26.9126,    26.9589       
# span 5 =      0.517,      8.859       
# span 6 =  268.85580,  269.93924       
# span 7 =  269.05870,  270.13172       
# span 8 =    21.3809,    37.2720       
# span 9 =    10.3627,    13.8847       
# span 10 = 0.0000e+00, 0.0000e+00      
# interval = seconds: 0.25
# start_time = May 07 2022 08:36:27 [Instrument's time stamp, header]
# bad_flag = -9.990e-29
*END*
[from data line 263]
 127.360859      6.848    13.5637  32.802080    26.9363      6.787  269.53375  269.73048    31.2642    12.2066 0.0000e+00
 127.360862      6.876    13.5560  32.808911    26.9421      6.814  269.55520  269.75140    31.2331    12.2916 0.0000e+00
 127.360865      6.905    13.5558  32.814808    26.9480      6.843  269.54582  269.74197    31.1864    12.1945 -9.990e-29
 127.360868      6.928    13.5593  32.819244    26.9550      6.866  269.52350  269.71982    31.3576    12.2794 -9.990e-29
 127.360871      6.954    13.5637  32.823156    26.9555      6.891  269.49799  269.69454    32.9762    12.2309 -9.990e-29
 127.360874      6.977    13.5692  32.817609    26.9465      6.915  269.48383  269.68076    32.6961    12.1662 -9.990e-29
 127.360877      6.992    13.5701  32.816207    26.9446      6.929  269.48244  269.67944    32.7272    12.2026 -9.990e-29
 127.360880      7.010    13.5698  32.823155    26.9511      6.947  269.47190  269.66883    32.9296    12.1783 -9.990e-29
 127.360883      7.025    13.5740  32.818601    26.9440      6.962  269.46140  269.65862    32.7739    12.1702 -9.990e-29
 127.360885      7.049    13.5735  32.807509    26.9343      6.986  269.48247  269.67975    31.4354    12.7768 -9.990e-29
 127.360888      7.072    13.5672  32.784804    26.9162      7.009  269.54815  269.74524    31.3887    12.8011 -9.990e-29
 127.360891      7.102    13.5534  32.772025    26.9196      7.038  269.62911  269.82546    31.4354    12.8132 0.0000e+00
 127.360894      7.133    13.5355  32.765492    26.9229      7.069  269.71740  269.91272    31.2953    12.8496 0.0000e+00
 127.360897      7.160    13.5209  32.763976    26.9317      7.096  269.78235  269.97680    35.0774    12.2996 0.0000e+00
 127.360900      7.195    13.5124  32.766428    26.9358      7.130  269.81504  270.00894    35.0619    12.2309 0.0000e+00
 127.360903      7.222    13.5084  32.769754    26.9399      7.157  269.82638  270.02001    35.2331    12.2147 -9.990e-29
 127.360906      7.247    13.5081  32.772964    26.9438      7.183  269.82219  270.01577    34.8906    12.2309 -9.990e-29
 127.360909      7.278    13.5101  32.768938    26.9438      7.213  269.82057  270.01431    33.1319    12.0934 0.0000e+00
 127.360911      7.304    13.5102  32.769930    26.9438      7.239  269.81858  270.01232    33.3342    12.1460 -9.990e-29
 127.360914      7.320    13.5102  32.767070    26.9420      7.255  269.82346  270.01723    33.0696    12.0853 -9.990e-29
 127.360917      7.340    13.5099  32.767654    26.9428      7.275  269.82374  270.01748    33.3342    12.1662 -9.990e-29
 127.360920      7.357    13.5086  32.773431    26.9489      7.291  269.81925  270.01287    31.6533    12.7161 -9.990e-29
 127.360923      7.375    13.5110  32.777341    26.9508      7.309  269.80253  269.99625    31.8556    12.6110 -9.990e-29
 127.360926      7.399    13.5134  32.767654    26.9288      7.333  269.80867  270.00262    31.6222    12.7000 -9.990e-29
 127.360929      7.424    13.5105  32.752835    26.9289      7.358  269.84654  270.04044    31.5910    12.6919 0.0000e+00
 127.360932      7.452    13.5017  32.746244    26.9290      7.385  269.89527  270.08869    31.9646    12.6150 0.0000e+00
 127.360935      7.483    13.4925  32.749045    26.9380      7.416  269.93019  270.12302    30.5949    12.4937 0.0000e+00
 127.360938      7.510    13.4877  32.755930    26.9477      7.443  269.93924  270.13172    30.4082    12.4735 0.0000e+00
 127.360940      7.539    13.4888  32.766840    26.9522      7.472  269.91592  270.10837    30.5327    12.4816 0.0000e+00
 127.360943      7.567    13.4956  32.762755    26.9568      7.499  269.89363  270.08653    30.6572    12.4776 -9.990e-29
 127.360946      7.590    13.4993  32.758846    26.9421      7.522  269.88425  270.07742    29.1163    12.2471 -9.990e-29
 127.360949      7.616    13.4985  32.752428    26.9368      7.548  269.89868  270.09185    29.3965    12.2228 -9.990e-29
 127.360952      7.640    13.4946  32.751787    26.9390      7.571  269.91679  270.10973    29.3654    12.1864 -9.990e-29
 127.360955      7.654    13.4915  32.750387    26.9399      7.586  269.93242  270.12518    29.1941    12.2147 -9.990e-29
 127.360958      7.678    13.4892  32.753655    26.9444      7.609  269.93662  270.12921    28.4938    12.1985 -9.990e-29
 127.360961      7.693    13.4894  32.755113    26.9456      7.624  269.93319  270.12579    28.4938    12.1783 -9.990e-29
 127.360964      7.717    13.4905  32.754880    26.9443      7.648  269.92920  270.12186    28.3692    12.2066 -9.990e-29
 127.360966      7.746    13.4900  32.754121    26.9495      7.677  269.93240  270.12504    28.4159    12.2107 0.0000e+00
 127.360969      7.775    13.4901  32.765615    26.9547      7.705  269.91249  270.10503    27.6844    11.8427 0.0000e+00
 127.360972      7.804    13.4954  32.770983    26.9547      7.735  269.88037  270.07320    27.9023    11.8670 0.0000e+00
 127.360975      7.837    13.5018  32.761763    26.9429      7.767  269.86873  270.06202    27.8556    11.8265 0.0000e+00
 127.360978      7.868    13.5023  32.759838    26.9419      7.798  269.86983  270.06317    27.7467    11.7699 0.0000e+00
 127.360981      7.899    13.4999  32.759430    26.9408      7.829  269.88093  270.07413    28.1669    11.7821 -9.990e-29
 127.360984      7.921    13.4984  32.760247    26.9439      7.850  269.88616  270.07926    32.7272    12.1298 -9.990e-29
 127.360987      7.950    13.4979  32.761414    26.9453      7.879  269.88608  270.07914    32.6338    12.0975 -9.990e-29
 127.360990      7.974    13.4983  32.763164    26.9466      7.903  269.88153  270.07461    32.3848    12.0934 -9.990e-29
 127.360992      7.992    13.4995  32.764973    26.9474      7.921  269.87342  270.06655    32.3692    12.1864 -9.990e-29
 127.360995      8.009    13.5016  32.766899    26.9477      7.937  269.86102  270.05426    33.6611    12.4412 -9.990e-29
 127.360998      8.025    13.5042  32.766256    26.9452      7.953  269.85079  270.04420    33.6299    12.4250 -9.990e-29
 127.361001      8.043    13.5063  32.763164    26.9410      7.971  269.84726  270.04082    33.5054    12.4614 -9.990e-29
 127.361004      8.063    13.5056  32.760247    26.9437      7.991  269.85540  270.04894    33.4587    12.4654 -9.990e-29
 127.361007      8.092    13.5031  32.763748    26.9487      8.020  269.86015  270.05351    30.4548    11.9519 0.0000e+00
 127.361010      8.122    13.5018  32.773668    26.9513      8.049  269.84860  270.04180    30.5638    12.0125 0.0000e+00
 127.361013      8.149    13.5062  32.774484    26.9513      8.076  269.82834  270.02180    30.4237    12.0328 0.0000e+00
 127.361016      8.176    13.5112  32.775534    26.9487      8.103  269.80516  269.99892    30.7350    12.0247 0.0000e+00
 127.361019      8.205    13.5142  32.773842    26.9468      8.132  269.79516  269.98911    30.4548    11.4788 0.0000e+00
 127.361021      8.235    13.5151  32.775300    26.9450      8.161  269.78891  269.98291    30.5638    11.4262 -9.990e-29
 127.361024      8.258    13.5158  32.778802    26.9484      8.184  269.77981  269.97382    30.7506    11.4100 -9.990e-29
 127.361027      8.284    13.5184  32.790649    26.9574      8.210  269.74862  269.94269    30.5794    11.4383 -9.990e-29
 127.361030      8.306    13.5239  32.793859    26.9564      8.231  269.71956  269.91394    30.5015    11.4181 -9.990e-29
 127.361033      8.322    13.5304  32.796134    26.9539      8.248  269.68769  269.88244    29.7700    12.0651 -9.990e-29
 127.361036      8.342    13.5356  32.800045    26.9538      8.268  269.65870  269.85374    29.8012    12.0004 -9.990e-29
 127.361039      8.364    13.5399  32.797593    26.9485      8.289  269.64432  269.83964    29.7078    11.9883 -9.990e-29
 127.361042      8.390    13.5412  32.793857    26.9441      8.315  269.64502  269.84046    29.8634    12.0489 -9.990e-29
 127.361045      8.415    13.5407  32.807283    26.9589      8.340  269.62471  269.81999    30.9218    12.0045 -9.990e-29
 127.361047      8.446    13.5438  32.812070    26.9560      8.371  269.60305  269.79849    31.1241    11.9721 0.0000e+00
 127.361050      8.475    13.5496  32.810376    26.9532      8.400  269.58109  269.77689    31.1552    12.0570 0.0000e+00
 127.361053      8.508    13.5531  32.805414    26.9468      8.432  269.57476  269.77081    31.0463    11.9721 0.0000e+00
 127.361056      8.536    13.5526  32.805589    26.9468      8.459  269.57636  269.77239    31.6222    11.7537 0.0000e+00
 127.361059      8.563    13.5517  32.808917    26.9486      8.487  269.57450  269.77045    31.7622    11.7740 0.0000e+00
 127.361062      8.592    13.5527  32.810551    26.9504      8.515  269.56764  269.76364    31.7000    11.7174 -9.990e-29
 127.361065      8.616    13.5542  32.810084    26.9497      8.539  269.56216  269.75824    31.8556    11.7618 -9.990e-29
 127.361068      8.632    13.5549  32.803371    26.9431      8.555  269.57044  269.76663    30.9685    11.9640 -9.990e-29
 127.361071      8.649    13.5528  32.803371    26.9446      8.572  269.57926  269.77532    30.9840    11.9398 -9.990e-29
 127.361073      8.665    13.5497  32.799227    26.9430      8.588  269.59986  269.79576    31.0307    11.9357 -9.990e-29
 127.361076      8.684    13.5474  32.798118    26.9436      8.606  269.61151  269.80729    31.0463    11.9640 -9.990e-29
 127.361079      8.704    13.5454  32.801913    26.9484      8.626  269.61357  269.80919    31.0930    11.9600 -9.990e-29
 127.361082      8.727    13.5454  32.807692    26.9580      8.649  269.60406  269.79963    31.4976    12.2107 -9.990e-29
 127.361085      8.753    13.5475  32.814055    26.9569      8.675  269.58413  269.77977    31.4354    12.2228 0.0000e+00
 127.361088      8.786    13.5511  32.814522    26.9558      8.707  269.56762  269.76348    31.4198    12.2349 0.0000e+00
 127.361091      8.811    13.5539  32.811836    26.9515      8.732  269.56056  269.75661    31.4976    12.2390 0.0000e+00
 127.361094      8.837    13.5545  32.811428    26.9512      8.758  269.55875  269.75484    34.1747    12.0853 0.0000e+00
 127.361097      8.868    13.5542  32.811836    26.9509      8.789  269.55902  269.75510    34.2058    12.0570 0.0000e+00
 127.361100      8.895    13.5545  32.810786    26.9512      8.816  269.55988  269.75598    34.0035    12.0530 -9.990e-29
 127.361102      8.912    13.5546  32.809968    26.9492      8.832  269.56065  269.75677    34.3303    12.0894 -9.990e-29
 127.361105      8.925    13.5530  32.808743    26.9492      8.845  269.56967  269.76569    34.1747    12.2916 -9.990e-29
 127.361108      8.928    13.5515  32.805182    26.9470      8.848  269.58202  269.77799    34.2058    12.2916 -9.990e-29
 127.361111      8.928    13.5497  32.803956    26.9472      8.848  269.59198  269.78784    34.2369    12.3158 -9.990e-29
 127.361114      8.935    13.5478  32.804015    26.9486      8.855  269.60006  269.79581    33.9412    12.2956 -9.990e-29
 127.361117      8.937    13.5463  32.803781    26.9494      8.857  269.60676  269.80242    37.2564    13.3510 -9.990e-29
 127.361120      8.935    13.5458  32.804599    26.9505      8.855  269.60757  269.80319    37.1319    13.3146 -9.990e-29
 127.361123      8.933    13.5459  32.804365    26.9503      8.854  269.60765  269.80328    37.1786    13.3995 -9.990e-29
 127.361126      8.935    13.5456  32.803606    26.9497      8.855  269.60989  269.80551    37.2720    13.3469 -9.990e-29
 127.361128      8.937    13.5442  32.802556    26.9498      8.857  269.61797  269.81351    37.1786    13.4440 -9.990e-29
 127.361131      8.939    13.5420  32.800863    26.9498      8.859  269.63029  269.82572    36.1980    13.8847 -9.990e-29
