Processed/SBE19plus_01907321_2022_05_08_Cast91_wfilter.cnv
* Sea-Bird SBE19plus  Data File:
* FileName = E:\Prandtl Daten\2022\CTD\Raw\SBE19plus_01907321_2022_05_08_Cast91.hex
* Software version 2.6.1.12
* Temperature SN = 7321
* Conductivity SN = 7321
* System UpLoad Time = May 08 2022 13:34:49
* <ApplicationData>
* <Seaterm232>
** Messpraktikum 2022
** CTD 08.05 BE
** NMEA Latitude = 54 07.51 N
** NMEA Longitude = 008 49.92 E
# nquan = 11
# nvalues = 542                         
# units = specified
# name 0 = timeJ: Julian Days
# name 1 = prdM: Pressure, Strain Gauge [db]
# name 2 = tv290C: Temperature [ITS-90, deg C]
# name 3 = c0mS/cm: Conductivity [mS/cm]
# name 4 = sal00: Salinity, Practical [PSU]
# name 5 = depSM: Depth [salt water, m], lat = 54.00
# name 6 = oxsatMm/Kg: Oxygen Saturation, Weiss [umol/kg]
# name 7 = oxsolMm/Kg: Oxygen Saturation, Garcia & Gordon [umol/kg]
# name 8 = turbWETntu0: Turbidity, WET Labs ECO [NTU]
# name 9 = flECO-AFL: Fluorescence, WET Labs ECO-AFL/FL [mg/m^3]
# name 10 = flag:  0.000e+00
# span 0 = 128.559931, 128.561496       
# span 1 =      0.410,     18.245       
# span 2 =    12.7032,    13.3277       
# span 3 =  32.203871,  32.738438       
# span 4 =    26.9934,    27.0647       
# span 5 =      0.407,     18.081       
# span 6 =  270.67443,  274.32986       
# span 7 =  270.85712,  274.47773       
# span 8 =    -2.8525,   226.9373       
# span 9 =     1.0745,    18.2842       
# span 10 = 0.0000e+00, 0.0000e+00      
# interval = seconds: 0.25
# start_time = May 08 2022 13:25:03 [Instrument's time stamp, header]
# bad_flag = -9.990e-29
*END*
 128.559931      0.410    13.1467  32.606548    27.0548      0.407  271.66602  271.83859     8.9296     5.4295 0.0000e+00
 128.559933      0.436    13.1557  32.581393    27.0450      0.432  271.67068  271.84404     2.0657     5.4012 0.0000e+00
 128.559936      0.473    13.1616  32.607420    27.0432      0.468  271.59974  271.77323    -2.8525     1.1432 0.0000e+00
 128.559939      0.514    13.1661  32.608934    27.0441      0.510  271.57763  271.75140    -2.8370     1.1594 0.0000e+00
 128.559942      0.560    13.1687  32.609633    27.0432      0.555  271.56543  271.73935    -2.4479     1.1068 -9.990e-29
 128.559945      0.578    13.1702  32.616797    27.0474      0.573  271.54610  271.72006    -2.6813     1.0745 -9.990e-29
 128.559948      0.587    13.1745  32.619709    27.0471      0.582  271.52249  271.69669    -1.6074     1.7498 -9.990e-29
 128.559951      0.595    13.1792  32.622795    27.0560      0.589  271.49701  271.67148    -1.6697     1.7619 -9.990e-29
 128.559954      0.631    13.1844  32.637125    27.0517      0.626  271.44955  271.62422    -1.7475     1.7619 0.0000e+00
 128.559957      0.688    13.1938  32.635085    27.0495      0.682  271.41223  271.58751    -1.6697     1.7336 0.0000e+00
 128.559959      0.737    13.2006  32.642658    27.0474      0.730  271.36958  271.54521     5.6299     4.7461 0.0000e+00
 128.559962      0.772    13.2071  32.644289    27.0464      0.765  271.33878  271.51481     5.5366     4.7582 0.0000e+00
 128.559965      0.806    13.2127  32.642424    27.0407      0.799  271.31780  271.49420     5.7233     4.7582 0.0000e+00
 128.559968      0.848    13.2141  32.635258    27.0331      0.841  271.32394  271.50049     5.6922     4.7461 0.0000e+00
 128.559971      0.887    13.2124  32.633627    27.0331      0.879  271.33402  271.51048     8.0580     6.5658 0.0000e+00
 128.559974      0.914    13.2103  32.635667    27.0362      0.906  271.33995  271.51626     8.0268     6.5900 0.0000e+00
 128.559977      0.943    13.2088  32.637123    27.0386      0.935  271.34374  271.51994     7.9179     6.6345 0.0000e+00
 128.559980      0.973    13.2091  32.641027    27.0419      0.964  271.33574  271.51193     7.9179     6.5738 0.0000e+00
 128.559983      1.009    13.2122  32.645921    27.0419      1.000  271.31377  271.49011     8.0891     6.6143 0.0000e+00
 128.559986      1.040    13.2150  32.639395    27.0434      1.031  271.31313  271.48970     8.0268     6.1533 0.0000e+00
 128.559988      1.066    13.2136  32.646154    27.0434      1.056  271.30743  271.48385     8.0735     6.1695 0.0000e+00
 128.559991      1.093    13.2148  32.649009    27.0452      1.083  271.29747  271.47394     8.2603     6.1210 0.0000e+00
 128.559994      1.140    13.2182  32.652097    27.0452      1.130  271.27706  271.45372     7.9801     6.1371 0.0000e+00
 128.559997      1.195    13.2220  32.654253    27.0452      1.185  271.25701  271.43389     8.4315     5.3567 0.0000e+00
 128.560000      1.239    13.2254  32.654952    27.0448      1.228  271.24104  271.41813     8.3848     5.3608 -9.990e-29
 128.560003      1.264    13.2278  32.657632    27.0438      1.253  271.22636  271.40357     8.4782     5.3486 -9.990e-29
 128.560006      1.288    13.2316  32.662993    27.0460      1.277  271.20043  271.37784     8.1980     5.3567 -9.990e-29
 128.560009      1.312    13.2364  32.666547    27.0440      1.300  271.17355  271.35122     8.1513     5.5225 -9.990e-29
 128.560012      1.347    13.2405  32.667713    27.0440      1.335  271.15394  271.33186     8.1980     5.5104 0.0000e+00
 128.560014      1.376    13.2432  32.663167    27.0440      1.363  271.14986  271.32799     8.1513     5.4780 -9.990e-29
 128.560017      1.399    13.2450  32.671384    27.0441      1.387  271.12813  271.30630     8.1513     5.5589 -9.990e-29
 128.560020      1.419    13.2476  32.672666    27.0434      1.407  271.11429  271.29261     8.9918     5.5185 -9.990e-29
 128.560023      1.438    13.2498  32.670160    27.0420      1.425  271.10951  271.28799     8.9296     5.5832 -9.990e-29
 128.560026      1.465    13.2511  32.673890    27.0403      1.452  271.09711  271.27564     8.9451     5.5751 0.0000e+00
 128.560029      1.514    13.2522  32.670859    27.0385      1.501  271.09765  271.27628     9.0541     5.5589 0.0000e+00
 128.560032      1.565    13.2530  32.667479    27.0352      1.551  271.10006  271.27877     8.9607     5.5953 0.0000e+00
 128.560035      1.607    13.2519  32.667071    27.0348      1.593  271.10583  271.28447     8.3848     5.8622 0.0000e+00
 128.560038      1.646    13.2495  32.662992    27.0336      1.631  271.12328  271.30180     8.4315     5.9147 0.0000e+00
 128.560041      1.675    13.2456  32.660487    27.0336      1.660  271.14430  271.32260     8.4315     5.9309 0.0000e+00
 128.560043      1.704    13.2409  32.659905    27.0364      1.689  271.16577  271.34379     8.3692     5.8945 0.0000e+00
 128.560046      1.735    13.2378  32.659672    27.0364      1.719  271.17941  271.35723     9.0229     6.2059 0.0000e+00
 128.560049      1.771    13.2360  32.648601    27.0342      1.756  271.20674  271.38455     8.9918     6.2180 0.0000e+00
 128.560052      1.812    13.2334  32.651689    27.0318      1.795  271.21244  271.39006     8.9451     6.1897 0.0000e+00
 128.560055      1.848    13.2301  32.651457    27.0342      1.832  271.22702  271.40444     9.0385     6.2342 -9.990e-29
 128.560058      1.870    13.2270  32.649010    27.0363      1.853  271.24511  271.42235    11.6066     6.3272 -9.990e-29
 128.560061      1.894    13.2233  32.648020    27.0350      1.877  271.26257  271.43959    11.4510     6.3312 -9.990e-29
 128.560064      1.928    13.2209  32.642951    27.0375      1.911  271.28205  271.45896    11.5755     6.3595 0.0000e+00
 128.560067      1.963    13.2196  32.647380    27.0364      1.945  271.27977  271.45656    11.5288     6.3959 0.0000e+00
 128.560069      2.001    13.2188  32.642893    27.0364      1.984  271.29133  271.46810    10.2214     6.2180 0.0000e+00
 128.560072      2.045    13.2166  32.640389    27.0361      2.027  271.30513  271.48179    10.2681     6.1695 0.0000e+00
 128.560075      2.076    13.2126  32.637826    27.0361      2.058  271.32688  271.50332    10.1124     6.2140 0.0000e+00
 128.560078      2.104    13.2079  32.634680    27.0361      2.085  271.35248  271.52866    10.2214     6.2463 0.0000e+00
 128.560081      2.133    13.2035  32.623380    27.0293      2.114  271.39126  271.56725    10.4237     6.1816 0.0000e+00
 128.560084      2.162    13.1952  32.616217    27.0290      2.143  271.43987  271.61541     9.6766     6.2706 0.0000e+00
 128.560087      2.197    13.1848  32.609171    27.0287      2.177  271.49710  271.67205     9.8634     6.2989 -9.990e-29
 128.560090      2.220    13.1737  32.600436    27.0356      2.201  271.56073  271.73505     9.8790     6.2746 -9.990e-29
 128.560093      2.250    13.1631  32.598982    27.0399      2.230  271.60922  271.78289     9.6922     6.2665 0.0000e+00
 128.560095      2.279    13.1562  32.602884    27.0416      2.259  271.63236  271.80556     9.4899     6.2342 0.0000e+00
 128.560098      2.305    13.1537  32.598226    27.0441      2.284  271.65147  271.82456     9.7545     6.1978 0.0000e+00
 128.560101      2.341    13.1513  32.604516    27.0491      2.320  271.65096  271.82384     9.4432     6.1857 0.0000e+00
 128.560104      2.374    13.1524  32.616396    27.0592      2.353  271.62564  271.79848     9.6611     6.1857 0.0000e+00
 128.560107      2.416    13.1595  32.622978    27.0592      2.394  271.58311  271.75634     7.8245     6.1007 0.0000e+00
 128.560110      2.452    13.1692  32.624782    27.0573      2.431  271.53817  271.71199     7.7311     6.0927 0.0000e+00
 128.560113      2.491    13.1764  32.633054    27.0573      2.469  271.49239  271.66660     7.7934     6.0684 0.0000e+00
 128.560116      2.529    13.1847  32.641442    27.0573      2.506  271.44202  271.61667     7.6844     6.0805 0.0000e+00
 128.560119      2.562    13.1941  32.646743    27.0591      2.539  271.39197  271.56717     7.3887     6.2342 0.0000e+00
 128.560122      2.602    13.2037  32.656998    27.0573      2.578  271.33241  271.50813     7.2175     6.2665 0.0000e+00
 128.560124      2.636    13.2140  32.660726    27.0560      2.613  271.28164  271.45796     7.1864     6.1695 0.0000e+00
 128.560127      2.667    13.2235  32.665038    27.0532      2.644  271.23300  271.40988     7.2798     6.2140 0.0000e+00
 128.560130      2.695    13.2304  32.666494    27.0496      2.671  271.20062  271.37792     7.1241     6.2463 0.0000e+00
 128.560133      2.720    13.2368  32.669116    27.0474      2.696  271.16843  271.34611     7.5288     6.3757 0.0000e+00
 128.560136      2.752    13.2429  32.668941    27.0429      2.727  271.14233  271.32039     7.4821     6.3110 0.0000e+00
 128.560139      2.783    13.2457  32.669989    27.0423      2.758  271.12827  271.30650     7.4976     6.3717 0.0000e+00
 128.560142      2.812    13.2471  32.671621    27.0423      2.787  271.11918  271.29749     7.4976     6.3838 0.0000e+00
 128.560145      2.841    13.2486  32.675177    27.0445      2.816  271.10677  271.28513     7.0774     5.7813 0.0000e+00
 128.560148      2.874    13.2505  32.677566    27.0445      2.848  271.09417  271.27264     7.2019     5.8177 0.0000e+00
 128.560150      2.905    13.2532  32.677333    27.0432      2.879  271.08295  271.26159     7.0307     5.8339 0.0000e+00
 128.560153      2.943    13.2559  32.676342    27.0409      2.917  271.07305  271.25187     6.9996     5.8177 0.0000e+00
 128.560156      2.980    13.2575  32.678149    27.0407      2.953  271.06335  271.24224     7.0463     5.6438 0.0000e+00
 128.560159      3.014    13.2581  32.678382    27.0409      2.988  271.06014  271.23907     7.0307     5.6842 0.0000e+00
 128.560162      3.049    13.2598  32.683919    27.0445      3.022  271.04337  271.22236     6.9840     5.6923 0.0000e+00
 128.560165      3.080    13.2627  32.688116    27.0452      3.053  271.02356  271.20270     6.9529     5.7206 0.0000e+00
 128.560168      3.111    13.2665  32.689865    27.0452      3.083  271.00421  271.18357     7.6222     5.8258 0.0000e+00
 128.560171      3.141    13.2701  32.690914    27.0444      3.112  270.98670  271.16627     7.6533     5.8541 0.0000e+00
 128.560174      3.170    13.2723  32.688873    27.0436      3.141  270.98048  271.16022     7.6689     5.8419 -9.990e-29
 128.560177      3.193    13.2731  32.684559    27.0354      3.165  270.98480  271.16461     7.5910     5.8460 -9.990e-29
 128.560179      3.226    13.2715  32.683102    27.0354      3.197  270.99394  271.17367     7.5132     5.8258 0.0000e+00
 128.560182      3.261    13.2689  32.681063    27.0354      3.232  271.00912  271.18870     6.9062     5.9066 0.0000e+00
 128.560185      3.299    13.2664  32.682695    27.0386      3.270  271.01702  271.19643     7.0774     5.8986 0.0000e+00
 128.560188      3.337    13.2663  32.694587    27.0496      3.308  270.99683  271.17614     7.0307     5.8783 0.0000e+00
 128.560191      3.377    13.2710  32.700767    27.0519      3.347  270.96576  271.14530     6.9529     5.9188 0.0000e+00
 128.560194      3.416    13.2786  32.708579    27.0536      3.385  270.91961  271.09956     7.0930     5.8541 0.0000e+00
 128.560197      3.452    13.2867  32.715401    27.0536      3.422  270.87265  271.05305     7.0774     5.8541 0.0000e+00
 128.560200      3.494    13.2955  32.715342    27.0478      3.463  270.83505  271.01600     7.1241     5.8622 0.0000e+00
 128.560203      3.531    13.3017  32.718082    27.0459      3.499  270.80363  270.98493     6.9685     5.9107 0.0000e+00
 128.560205      3.558    13.3060  32.720123    27.0453      3.526  270.78126  270.96282     7.0619     5.8015 0.0000e+00
 128.560208      3.587    13.3099  32.722572    27.0447      3.555  270.76040  270.94218     7.1864     5.8298 -9.990e-29
 128.560211      3.611    13.3132  32.726712    27.0456      3.579  270.73882  270.92077     6.9996     5.8419 -9.990e-29
 128.560214      3.635    13.3169  32.730794    27.0457      3.602  270.71609  270.89823     7.1241     5.8622 -9.990e-29
 128.560217      3.664    13.3216  32.733302    27.0437      3.631  270.69136  270.87377     7.2798     6.2504 0.0000e+00
 128.560220      3.697    13.3259  32.732368    27.0418      3.664  270.67443  270.85712     7.3420     6.2706 0.0000e+00
 128.560223      3.733    13.3277  32.723387    27.0322      3.700  270.68205  270.86493     7.1552     6.2544 0.0000e+00
 128.560226      3.772    13.3239  32.705718    27.0197      3.738  270.72914  270.91194     7.3420     6.3272 0.0000e+00
 128.560229      3.812    13.3125  32.697907    27.0188      3.778  270.79169  270.97384     7.3264     6.2261 0.0000e+00
 128.560231      3.848    13.2995  32.681644    27.0197      3.814  270.87604  271.05753     7.7467     6.1857 0.0000e+00
 128.560234      3.887    13.2843  32.700359    27.0419      3.852  270.90924  271.08962     7.9179     6.1978 0.0000e+00
 128.560237      3.925    13.2826  32.709630    27.0459      3.890  270.90082  271.08102     7.8245     6.1897 0.0000e+00
 128.560240      3.958    13.2893  32.708638    27.0487      3.923  270.87363  271.05425     7.7000     6.2423 0.0000e+00
 128.560243      3.993    13.2928  32.692779    27.0459      3.957  270.88588  271.06686     7.5910     6.1816 -9.990e-29
 128.560246      4.017    13.2872  32.697094    27.0430      3.981  270.90268  271.08327     7.4976     6.2342 -9.990e-29
 128.560249      4.048    13.2840  32.701409    27.0404      4.011  270.90910  271.08945     7.6066     6.2140 0.0000e+00
 128.560252      4.077    13.2843  32.695929    27.0378      4.041  270.91700  271.09742     7.4510     6.1695 0.0000e+00
 128.560255      4.108    13.2829  32.690740    27.0340      4.071  270.93225  271.11263     7.3420     6.2463 0.0000e+00
 128.560258      4.144    13.2782  32.678616    27.0329      4.107  270.97331  271.15351     7.1864     6.1452 0.0000e+00
 128.560260      4.179    13.2699  32.679433    27.0329      4.142  271.00810  271.18777     7.3731     6.2342 0.0000e+00
 128.560263      4.224    13.2651  32.698671    27.0539      4.187  270.99569  271.17489     7.3576     6.1897 0.0000e+00
 128.560266      4.263    13.2708  32.711265    27.0563      4.225  270.94915  271.12860     7.2486     6.0765 0.0000e+00
 128.560269      4.301    13.2832  32.715404    27.0563      4.263  270.88859  271.06877     7.4043     6.0765 0.0000e+00
 128.560272      4.336    13.2934  32.722984    27.0563      4.297  270.83153  271.01228     7.2019     6.0846 0.0000e+00
 128.560275      4.368    13.3027  32.731031    27.0562      4.329  270.77714  270.95840     7.3887     6.0603 0.0000e+00
 128.560278      4.403    13.3129  32.738438    27.0562      4.364  270.72040  270.90223     7.3576     6.0805 0.0000e+00
 128.560281      4.432    13.3227  32.731204    27.0495      4.393  270.69074  270.87324     8.4159     6.3353 0.0000e+00
 128.560284      4.461    13.3255  32.722164    27.0427      4.421  270.69404  270.87680     8.2914     6.3878 -9.990e-29
 128.560286      4.485    13.3217  32.715575    27.0291      4.445  270.72175  270.90433     8.2136     6.3474 -9.990e-29
 128.560289      4.510    13.3155  32.700999    27.0079      4.470  270.77391  270.95623     8.3537     6.3636 -9.990e-29
 128.560292      4.542    13.3033  32.678207    26.9979      4.501  270.86572  271.04748     8.0735     6.1816 0.0000e+00
 128.560295      4.573    13.2822  32.639982    27.0012      4.532  271.02290  271.20368     8.0580     6.2504 0.0000e+00
 128.560298      4.605    13.2492  32.628917    27.0012      4.564  271.18527  271.36409     8.0113     6.2140 0.0000e+00
 128.560301      4.642    13.2206  32.608650    27.0028      4.601  271.34405  271.52126     8.0891     6.2584 0.0000e+00
 128.560304      4.677    13.1971  32.624029    27.0227      4.635  271.41976  271.59535     7.7000     6.1735 0.0000e+00
 128.560307      4.715    13.1863  32.603704    27.0227      4.673  271.50188  271.67698     7.7934     6.2180 0.0000e+00
