Processed/SBE19plus_01907321_2022_05_08_Cast80_wfilter.cnv
* Sea-Bird SBE19plus  Data File:
* FileName = E:\Prandtl Daten\2022\CTD\Raw\SBE19plus_01907321_2022_05_08_Cast80.hex
* Software version 2.6.1.12
* Temperature SN = 7321
* Conductivity SN = 7321
* System UpLoad Time = May 08 2022 09:47:53
* <ApplicationData>
* <Seaterm232>
** Messpraktikum 2022
** CTD 08.05 NP3
** NMEA Latitude = 54 09.89 N
** NMEA Longitude = 008 40.55 E
# nquan = 11
# nvalues = 442                         
# units = specified
# name 0 = timeJ: Julian Days
# name 1 = prdM: Pressure, Strain Gauge [db]
# name 2 = tv290C: Temperature [ITS-90, deg C]
# name 3 = c0mS/cm: Conductivity [mS/cm]
# name 4 = sal00: Salinity, Practical [PSU]
# name 5 = depSM: Depth [salt water, m], lat = 54.00
# name 6 = oxsatMm/Kg: Oxygen Saturation, Weiss [umol/kg]
# name 7 = oxsolMm/Kg: Oxygen Saturation, Garcia & Gordon [umol/kg]
# name 8 = turbWETntu0: Turbidity, WET Labs ECO [NTU]
# name 9 = flECO-AFL: Fluorescence, WET Labs ECO-AFL/FL [mg/m^3]
# name 10 = flag:  0.000e+00
# span 0 = 128.403602, 128.404878       
# span 1 =      0.550,     13.640       
# span 2 =    12.4766,    12.5653       
# span 3 =  32.492138,  32.574925       
# span 4 =    27.3682,    27.4870       
# span 5 =      0.546,     13.517       
# span 6 =  274.37886,  274.71947       
# span 7 =  274.51448,  274.84891       
# span 8 =     2.7506,    30.8284       
# span 9 =     2.9548,    10.7752       
# span 10 = 0.0000e+00, 0.0000e+00      
# interval = seconds: 0.25
# start_time = May 08 2022 09:40:01 [Instrument's time stamp, header]
# bad_flag = -9.990e-29
*END*
[from data line 263]
 128.404363      8.534    12.5136  32.527767    27.4347      8.458  274.58393  274.71602     5.3965     4.1396 0.0000e+00
 128.404366      8.569    12.5138  32.526836    27.4344      8.492  274.58437  274.71649     5.3342     4.1800 0.0000e+00
 128.404369      8.600    12.5138  32.527651    27.4338      8.523  274.58293  274.71504     5.2875     4.1962 0.0000e+00
 128.404372      8.629    12.5141  32.527243    27.4341      8.552  274.58243  274.71456     5.2720     4.1598 0.0000e+00
 128.404375      8.660    12.5145  32.527476    27.4338      8.582  274.58016  274.71231     4.6650     4.3862 -9.990e-29
 128.404378      8.678    12.5150  32.528523    27.4343      8.600  274.57641  274.70859     4.4938     4.3620 -9.990e-29
 128.404381      8.702    12.5157  32.528523    27.4338      8.624  274.57330  274.70552     4.6027     4.3781 -9.990e-29
 128.404384      8.725    12.5161  32.528291    27.4332      8.647  274.57185  274.70411     4.6027     4.3498 -9.990e-29
 128.404387      8.753    12.5162  32.528291    27.4326      8.674  274.57156  274.70382     4.5560     4.5439 0.0000e+00
 128.404389      8.786    12.5164  32.527185    27.4323      8.707  274.57262  274.70490     4.5405     4.4792 0.0000e+00
 128.404392      8.820    12.5165  32.527651    27.4320      8.741  274.57118  274.70347     4.5560     4.5075 0.0000e+00
 128.404395      8.851    12.5164  32.527244    27.4320      8.772  274.57256  274.70484     4.5871     4.4752 0.0000e+00
 128.404398      8.895    12.5162  32.525440    27.4310      8.815  274.57676  274.70905     6.2836     4.0304 0.0000e+00
 128.404401      8.928    12.5172  32.526778    27.4305      8.848  274.56969  274.70203     6.3926     4.0344 0.0000e+00
 128.404404      8.963    12.5186  32.524626    27.4280      8.882  274.56762  274.70008     6.3615     4.0425 0.0000e+00
 128.404407      8.999    12.5195  32.524800    27.4274      8.919  274.56326  274.69578     6.3148     4.0547 0.0000e+00
 128.404410      9.025    12.5206  32.524393    27.4269      8.944  274.55931  274.69190     6.3615     4.0627 0.0000e+00
 128.404413      9.052    12.5209  32.525033    27.4263      8.971  274.55693  274.68953     4.9607     4.1032 -9.990e-29
 128.404416      9.074    12.5215  32.524859    27.4260      8.993  274.55444  274.68709     4.7739     4.1113 -9.990e-29
 128.404418      9.094    12.5228  32.522764    27.4231      9.012  274.55256  274.68532     4.8050     4.0910 -9.990e-29
 128.404421      9.116    12.5245  32.523404    27.4213      9.034  274.54361  274.67648     4.7584     4.1072 -9.990e-29
 128.404424      9.143    12.5260  32.523404    27.4205      9.061  274.53705  274.67002     6.3303     4.3296 0.0000e+00
 128.404427      9.176    12.5268  32.522298    27.4213      9.094  274.53560  274.66864     6.2681     4.3256 0.0000e+00
 128.404430      9.210    12.5268  32.523986    27.4204      9.128  274.53261  274.66562     6.2369     4.2528 0.0000e+00
 128.404433      9.252    12.5264  32.522764    27.4213      9.170  274.53670  274.66970     6.3148     4.2811 0.0000e+00
 128.404436      9.293    12.5258  32.524219    27.4222      9.210  274.53663  274.66958     4.7739     4.3054 0.0000e+00
 128.404439      9.327    12.5255  32.524626    27.4228      9.244  274.53749  274.67041     4.7584     4.2851 0.0000e+00
 128.404442      9.362    12.5249  32.524452    27.4230      9.278  274.54033  274.67321     4.8517     4.2932 0.0000e+00
 128.404444      9.395    12.5243  32.524394    27.4231      9.311  274.54296  274.67581     4.8362     4.3013 -9.990e-29
 128.404447      9.418    12.5232  32.524627    27.4244      9.334  274.54757  274.68034     4.8673     4.2568 -9.990e-29
 128.404450      9.450    12.5219  32.524220    27.4250      9.365  274.55395  274.68664     4.6650     4.2002 -9.990e-29
 128.404453      9.470    12.5202  32.524278    27.4263      9.385  274.56138  274.69395     4.8984     4.2488 -9.990e-29
 128.404456      9.495    12.5189  32.526024    27.4289      9.410  274.56422  274.69668     4.8050     4.2407 -9.990e-29
 128.404459      9.515    12.5178  32.526024    27.4302      9.430  274.56893  274.70132     4.8829     4.2488 -9.990e-29
 128.404462      9.543    12.5170  32.526024    27.4308      9.457  274.57239  274.70473     5.8323     4.3660 0.0000e+00
 128.404465      9.574    12.5165  32.526839    27.4302      9.488  274.57314  274.70544     5.8167     4.3781 0.0000e+00
 128.404468      9.610    12.5164  32.524861    27.4302      9.524  274.57733  274.70965     5.7233     4.3701 0.0000e+00
 128.404470      9.646    12.5164  32.525617    27.4296      9.560  274.57600  274.70831     5.7545     4.3701 0.0000e+00
 128.404473      9.681    12.5167  32.524221    27.4293      9.594  274.57696  274.70930     5.3187     4.7946 0.0000e+00
 128.404476      9.714    12.5170  32.525036    27.4287      9.627  274.57459  274.70693     5.4120     4.7866 0.0000e+00
 128.404479      9.743    12.5166  32.523698    27.4293      9.656  274.57857  274.71091     5.3342     4.7946 0.0000e+00
 128.404482      9.778    12.5163  32.526258    27.4309      9.690  274.57557  274.70786     5.3187     4.7866 0.0000e+00
 128.404485      9.803    12.5158  32.526665    27.4316      9.715  274.57674  274.70899     6.8906     4.8391 0.0000e+00
 128.404488      9.830    12.5151  32.526840    27.4319      9.742  274.57957  274.71178     6.8906     4.8472 0.0000e+00
 128.404491      9.861    12.5141  32.526258    27.4322      9.773  274.58502  274.71716     6.8595     4.8391 -9.990e-29
 128.404494      9.885    12.5131  32.528178    27.4379      9.797  274.58629  274.71834     6.7194     4.8593 -9.990e-29
 128.404497      9.911    12.5106  32.529342    27.4391      9.822  274.59518  274.72706     7.8712     5.1747 0.0000e+00
 128.404499      9.942    12.5078  32.529924    27.4404      9.853  274.60637  274.73805     7.8868     5.1545 0.0000e+00
 128.404502      9.973    12.5045  32.530158    27.4430      9.884  274.62068  274.75214     7.8245     5.1828 0.0000e+00
 128.404505     10.009    12.5014  32.530274    27.4454      9.920  274.63427  274.76552     7.7155     5.1869 0.0000e+00
 128.404508     10.044    12.4994  32.530566    27.4471      9.954  274.64222  274.77334     7.7311     5.1747 0.0000e+00
 128.404511     10.079    12.4974  32.530159    27.4480      9.988  274.65205  274.78303     7.5443     5.2516 0.0000e+00
 128.404514     10.113    12.4966  32.529344    27.4482     10.023  274.65698  274.78792     7.4821     5.2516 0.0000e+00
 128.404517     10.152    12.4964  32.529752    27.4485     10.061  274.65721  274.78813     7.5288     5.2637 0.0000e+00
 128.404520     10.181    12.4958  32.530101    27.4490     10.090  274.65911  274.78999     7.5288     5.2354 0.0000e+00
 128.404523     10.220    12.4951  32.529345    27.4492     10.128  274.66362  274.79446     7.3264     5.2920 0.0000e+00
 128.404525     10.252    12.4944  32.530160    27.4503     10.161  274.66531  274.79609     7.3109     5.3244 0.0000e+00
 128.404528     10.278    12.4934  32.530160    27.4507     10.186  274.67002  274.80074     7.3264     5.2839 0.0000e+00
 128.404531     10.305    12.4924  32.530916    27.4510     10.213  274.67276  274.80340     7.3264     5.3001 -9.990e-29
 128.404534     10.325    12.4916  32.529520    27.4517     10.233  274.67903  274.80963    10.0969     5.9349 -9.990e-29
 128.404537     10.353    12.4907  32.531149    27.4539     10.260  274.67988  274.81040     9.9257     5.9228 -9.990e-29
 128.404540     10.376    12.4899  32.531382    27.4544     10.283  274.68323  274.81370     9.9879     5.9511 -9.990e-29
 128.404543     10.405    12.4894  32.530742    27.4563     10.312  274.68659  274.81703    10.0813     5.9349 0.0000e+00
 128.404546     10.436    12.4884  32.534001    27.4582     10.343  274.68515  274.81549    10.2836     5.8419 0.0000e+00
 128.404549     10.473    12.4872  32.536096    27.4610     10.379  274.68674  274.81697    10.1903     5.8136 0.0000e+00
 128.404552     10.506    12.4861  32.538307    27.4638     10.412  274.68749  274.81763    10.2058     5.8015 0.0000e+00
 128.404554     10.542    12.4848  32.538308    27.4648     10.448  274.69345  274.82351    10.3926     5.8258 0.0000e+00
 128.404557     10.575    12.4841  32.540403    27.4672     10.480  274.69253  274.82252    10.2836     5.8096 0.0000e+00
 128.404560     10.610    12.4835  32.541392    27.4686     10.515  274.69360  274.82353     9.7856     5.8864 0.0000e+00
 128.404563     10.641    12.4829  32.541800    27.4694     10.545  274.69539  274.82528     9.8167     5.8622 0.0000e+00
 128.404566     10.670    12.4824  32.542614    27.4700     10.574  274.69614  274.82599     9.9101     5.8783 0.0000e+00
 128.404569     10.697    12.4822  32.543720    27.4705     10.601  274.69542  274.82525     9.8634     5.9026 -9.990e-29
 128.404572     10.721    12.4817  32.545059    27.4733     10.625  274.69492  274.82470     9.8167     6.1654 -9.990e-29
 128.404575     10.745    12.4812  32.545292    27.4732     10.649  274.69702  274.82676     9.8012     6.1735 -9.990e-29
 128.404578     10.776    12.4807  32.544244    27.4735     10.679  274.70079  274.83051     9.7545     6.1452 0.0000e+00
 128.404580     10.809    12.4803  32.544652    27.4739     10.712  274.70196  274.83165     9.7856     6.1210 0.0000e+00
 128.404583     10.840    12.4797  32.544710    27.4744     10.743  274.70469  274.83434    10.0969     5.7287 0.0000e+00
 128.404586     10.878    12.4793  32.544885    27.4744     10.781  274.70597  274.83559    10.0191     5.7651 0.0000e+00
 128.404589     10.918    12.4790  32.543023    27.4748     10.821  274.71090  274.84052    10.0502     5.7409 0.0000e+00
 128.404592     10.951    12.4786  32.545293    27.4754     10.853  274.70873  274.83829    10.0969     5.7449 0.0000e+00
 128.404595     10.988    12.4782  32.544711    27.4754     10.889  274.71136  274.84091     9.2875     5.7449 0.0000e+00
 128.404598     11.019    12.4778  32.543198    27.4754     10.920  274.71598  274.84551     9.3187     5.7449 0.0000e+00
 128.404601     11.052    12.4773  32.544653    27.4760     10.953  274.71526  274.84475     9.1163     5.7287 0.0000e+00
 128.404604     11.077    12.4770  32.544653    27.4761     10.978  274.71684  274.84631     9.2875     5.7732 0.0000e+00
 128.404606     11.103    12.4766  32.544246    27.4762     11.003  274.71947  274.84891     9.3031     5.7489 -9.990e-29
 128.404609     11.124    12.4769  32.547447    27.4789     11.025  274.71249  274.84192    10.1124     5.6074 -9.990e-29
 128.404612     11.141    12.4776  32.550182    27.4814     11.041  274.70415  274.83360    10.1280     5.6438 -9.990e-29
 128.404615     11.166    12.4788  32.551637    27.4821     11.066  274.69624  274.82576     9.9879     5.6195 0.0000e+00
 128.404618     11.197    12.4804  32.554256    27.4822     11.097  274.68468  274.81427    10.1591     5.6276 0.0000e+00
 128.404621     11.230    12.4822  32.555245    27.4822     11.130  274.67479  274.80450    10.0346     6.0077 0.0000e+00
 128.404624     11.265    12.4832  32.554663    27.4810     11.164  274.67179  274.80157     9.9879     6.0158 0.0000e+00
 128.404627     11.303    12.4835  32.553674    27.4807     11.202  274.67203  274.80184     9.9879     5.9996 0.0000e+00
 128.404630     11.341    12.4835  32.554663    27.4807     11.240  274.67028  274.80008     9.9879     6.0158 0.0000e+00
 128.404633     11.372    12.4841  32.555594    27.4807     11.271  274.66613  274.79596    11.0619     5.4861 0.0000e+00
 128.404635     11.405    12.4848  32.555478    27.4805     11.303  274.66323  274.79311    11.0774     5.5387 0.0000e+00
 128.404638     11.442    12.4853  32.555303    27.4799     11.339  274.66106  274.79099    10.8751     5.5387 0.0000e+00
 128.404641     11.469    12.4856  32.555071    27.4798     11.366  274.66025  274.79019    11.0463     5.5225 0.0000e+00
 128.404644     11.498    12.4856  32.555304    27.4798     11.395  274.66016  274.79010     9.7389     5.5063 0.0000e+00
 128.404647     11.524    12.4859  32.556991    27.4811     11.420  274.65559  274.78553     9.8323     5.6883 0.0000e+00
 128.404650     11.549    12.4862  32.558796    27.4825     11.446  274.65112  274.78106     9.9101     5.7287 0.0000e+00
 128.404653     11.575    12.4868  32.559203    27.4825     11.471  274.64759  274.77757     9.6922     5.7004 0.0000e+00
 128.404656     11.608    12.4875  32.559785    27.4825     11.504  274.64344  274.77346     9.7545     5.6964 0.0000e+00
 128.404659     11.642    12.4878  32.560717    27.4828     11.538  274.64085  274.77088     9.5210     5.7732 0.0000e+00
 128.404661     11.675    12.4880  32.560600    27.4832     11.571  274.63983  274.76988     9.4587     5.7409 0.0000e+00
 128.404664     11.712    12.4881  32.561241    27.4833     11.607  274.63840  274.76845     9.4899     5.7287 0.0000e+00
 128.404667     11.747    12.4884  32.561415    27.4834     11.641  274.63685  274.76692     9.5521     5.7651 0.0000e+00
 128.404670     11.774    12.4885  32.561648    27.4834     11.669  274.63614  274.76621    10.2214     5.6802 0.0000e+00
 128.404673     11.812    12.4885  32.560193    27.4835     11.706  274.63878  274.76886    10.2992     5.7004 -9.990e-29
 128.404676     11.836    12.4885  32.561241    27.4826     11.730  274.63660  274.76668    10.2992     5.6883 -9.990e-29
 128.404679     11.872    12.4885  32.560834    27.4826     11.766  274.63736  274.76744    10.2214     5.6600 0.0000e+00
 128.404682     11.899    12.4889  32.562638    27.4826     11.793  274.63257  274.76266    10.9996     5.7045 -9.990e-29
 128.404685     11.923    12.4892  32.561649    27.4829     11.816  274.63311  274.76323    10.9529     5.6681 -9.990e-29
 128.404687     11.945    12.4893  32.562871    27.4839     11.838  274.63031  274.76043    10.9218     5.7045 -9.990e-29
 128.404690     11.967    12.4897  32.563686    27.4844     11.860  274.62730  274.75743    11.0307     5.7045 -9.990e-29
 128.404693     11.996    12.4899  32.563861    27.4840     11.889  274.62607  274.75621    10.9062     5.6438 0.0000e+00
 128.404696     12.025    12.4902  32.563220    27.4836     11.917  274.62567  274.75585     9.0229     5.7813 0.0000e+00
 128.404699     12.060    12.4902  32.563046    27.4835     11.952  274.62601  274.75618     9.1163     5.7692 0.0000e+00
 128.404702     12.092    12.4904  32.563279    27.4834     11.984  274.62499  274.75517     9.0696     5.7489 0.0000e+00
 128.404705     12.129    12.4905  32.563046    27.4832     12.020  274.62511  274.75531     9.1163     5.7328 0.0000e+00
 128.404708     12.164    12.4905  32.560718    27.4821     12.055  274.62931  274.75953     9.5366     5.4335 0.0000e+00
 128.404711     12.198    12.4907  32.562057    27.4810     12.089  274.62600  274.75621     9.5521     5.4538 0.0000e+00
 128.404714     12.233    12.4909  32.560194    27.4821     12.123  274.62811  274.75836     9.4276     5.4335 0.0000e+00
 128.404716     12.273    12.4910  32.562464    27.4817     12.163  274.62375  274.75399     9.4587     5.4295 0.0000e+00
 128.404719     12.299    12.4909  32.561883    27.4817     12.188  274.62513  274.75536     8.7584     5.7368 0.0000e+00
 128.404722     12.328    12.4912  32.561824    27.4815     12.217  274.62400  274.75425     8.7584     5.7409 0.0000e+00
 128.404725     12.355    12.4913  32.560835    27.4814     12.245  274.62548  274.75575     8.6961     5.7368 -9.990e-29
 128.404728     12.377    12.4916  32.560835    27.4807     12.266  274.62424  274.75453     8.7895     5.7732 -9.990e-29
 128.404731     12.406    12.4920  32.561650    27.4801     12.295  274.62092  274.75123     9.7545     5.6479 0.0000e+00
 128.404734     12.434    12.4922  32.560486    27.4795     12.323  274.62240  274.75274     9.7078     5.5953 0.0000e+00
 128.404737     12.467    12.4923  32.560020    27.4791     12.355  274.62263  274.75298     9.8012     5.5993 0.0000e+00
