Processed/SBE19plus_01907321_2022_05_09_Cast103_wfilter.cnv
* Sea-Bird SBE19plus  Data File:
* FileName = E:\Prandtl_Daten\2022\CTD\Raw\SBE19plus_01907321_2022_05_09_Cast103.hex
* Software version 2.6.1.12
* Temperature SN = 7321
* Conductivity SN = 7321
* System UpLoad Time = May 09 2022 13:36:02
* <ApplicationData>
* <Seaterm232>
** Messpraktikum 2022
** CTD 09.05  BW2
** NMEA Latitude = 54 07 998N
** NMEA Longitude = 008 45 150E
# nquan = 11
# nvalues = 515                         
# units = specified
# name 0 = timeJ: Julian Days
# name 1 = prdM: Pressure, Strain Gauge [db]
# name 2 = tv290C: Temperature [ITS-90, deg C]
# name 3 = c0mS/cm: Conductivity [mS/cm]
# name 4 = sal00: Salinity, Practical [PSU]
# name 5 = depSM: Depth [salt water, m], lat = 54.00
# name 6 = oxsatMm/Kg: Oxygen Saturation, Weiss [umol/kg]
# name 7 = oxsolMm/Kg: Oxygen Saturation, Garcia & Gordon [umol/kg]
# name 8 = turbWETntu0: Turbidity, WET Labs ECO [NTU]
# name 9 = flECO-AFL: Fluorescence, WET Labs ECO-AFL/FL [mg/m^3]
# name 10 = flag:  0.000e+00
# span 0 = 129.561861, 129.563348       
# span 1 =      0.505,     13.671       
# span 2 =    13.2435,    14.3945       
# span 3 =  32.692559,  33.617947       
# span 4 =    26.8875,    27.1504       
# span 5 =      0.500,     13.548       
# span 6 =  264.67306,  271.09678       
# span 7 =  264.91227,  271.27470       
# span 8 =    -1.7164,    14.0502       
# span 9 =     1.0866,     5.5144       
# span 10 = 0.0000e+00, 0.0000e+00      
# interval = seconds: 0.25
# start_time = May 09 2022 13:27:29 [Instrument's time stamp, header]
# bad_flag = -9.990e-29
*END*
[from data line 132]
 129.562242      3.964    13.3601  32.772386    27.0540      3.929  270.45807  270.64254     2.5015     3.1812 -9.990e-29
 129.562245      3.988    13.3561  32.772853    27.0533      3.952  270.47456  270.65878     2.5482     3.1812 -9.990e-29
 129.562248      4.021    13.3537  32.766668    27.0525      3.985  270.49589  270.68001     2.7194     3.1691 0.0000e+00
 129.562251      4.050    13.3491  32.761301    27.0517      4.014  270.52494  270.70882     2.8906     3.1812 0.0000e+00
 129.562254      4.085    13.3435  32.757101    27.0517      4.048  270.55607  270.73964     2.7194     3.1893 0.0000e+00
 129.562257      4.116    13.3382  32.750801    27.0505      4.079  270.58986  270.77316     3.0152     3.1529 0.0000e+00
 129.562260      4.147    13.3317  32.746660    27.0505      4.110  270.62498  270.80791     2.8595     3.1448 0.0000e+00
 129.562263      4.176    13.3257  32.743744    27.0521      4.139  270.65611  270.83869     2.2525     3.0033 0.0000e+00
 129.562266      4.203    13.3201  32.742170    27.0534      4.166  270.68273  270.86497     1.9257     2.9952 0.0000e+00
 129.562269      4.229    13.3159  32.737620    27.0546      4.191  270.70880  270.89083     1.9879     2.9346 -9.990e-29
 129.562271      4.247    13.3111  32.731672    27.0514      4.209  270.73980  270.92158     2.1280     2.9305 -9.990e-29
 129.562274      4.262    13.3047  32.723741    27.0487      4.224  270.78114  270.96259     2.8440     2.7647 -9.990e-29
 129.562277      4.286    13.2971  32.715169    27.0483      4.247  270.82862  271.00967     2.9218     2.7809 -9.990e-29
 129.562280      4.311    13.2867  32.709397    27.0524      4.273  270.88386  271.06431     2.9373     2.7566 0.0000e+00
 129.562283      4.338    13.2769  32.710798    27.0565      4.300  270.92360  271.10343     2.9529     2.8173 0.0000e+00
 129.562286      4.370    13.2718  32.708408    27.0580      4.331  270.95006  271.12959     2.8284     2.7971 0.0000e+00
 129.562289      4.399    13.2680  32.708175    27.0605      4.359  270.96683  271.14612     2.0657     2.9467 0.0000e+00
 129.562292      4.428    13.2660  32.708001    27.0617      4.388  270.97564  271.15481     2.1280     3.0074 0.0000e+00
 129.562295      4.463    13.2654  32.709225    27.0622      4.423  270.97606  271.15519     2.1747     2.9629 0.0000e+00
 129.562297      4.492    13.2652  32.708001    27.0632      4.452  270.97914  271.15826     2.0035     2.9750 0.0000e+00
 129.562300      4.521    13.2652  32.709634    27.0630      4.481  270.97634  271.15545     2.6416     3.1367 0.0000e+00
 129.562303      4.548    13.2660  32.709634    27.0637      4.508  270.97290  271.15206     2.4704     3.1004 -9.990e-29
 129.562306      4.568    13.2666  32.709051    27.0622      4.527  270.97140  271.15060     2.5327     3.0842 -9.990e-29
 129.562309      4.588    13.2668  32.707768    27.0609      4.547  270.97300  271.15222     2.5482     3.0761 -9.990e-29
 129.562312      4.607    13.2660  32.705494    27.0593      4.565  270.98008  271.15927     5.0385     3.0397 -9.990e-29
 129.562315      4.627    13.2648  32.704561    27.0593      4.585  270.98704  271.16617     5.0541     3.0721 -9.990e-29
 129.562318      4.649    13.2627  32.703687    27.0600      4.607  270.99768  271.17669     5.0852     2.9831 -9.990e-29
 129.562321      4.670    13.2612  32.702871    27.0618      4.629  271.00539  271.18431     5.0229     3.0437 -9.990e-29
 129.562323      4.701    13.2598  32.703454    27.0619      4.659  271.01038  271.18921     2.9373     3.0963 0.0000e+00
 129.562326      4.732    13.2592  32.703163    27.0618      4.690  271.01373  271.19252     2.9218     3.1246 0.0000e+00
 129.562329      4.765    13.2591  32.701414    27.0604      4.723  271.01709  271.19589     3.1085     3.1125 0.0000e+00
 129.562332      4.798    13.2583  32.699782    27.0604      4.755  271.02370  271.20246     3.1085     3.0801 0.0000e+00
 129.562335      4.827    13.2570  32.701414    27.0607      4.784  271.02624  271.20491     3.0152     3.1408 0.0000e+00
 129.562338      4.864    13.2567  32.699840    27.0619      4.820  271.03056  271.20922     2.7817     3.1125 -9.990e-29
 129.562341      4.886    13.2559  32.698091    27.0596      4.842  271.03673  271.21536     2.8595     3.1044 -9.990e-29
 129.562344      4.919    13.2547  32.697509    27.0600      4.875  271.04310  271.22166     2.7039     3.1125 -9.990e-29
 129.562347      4.942    13.2532  32.698092    27.0616      4.898  271.04872  271.22717     2.8284     3.1004 -9.990e-29
 129.562350      4.962    13.2527  32.700657    27.0643      4.918  271.04650  271.22490     2.7194     3.2419 -9.990e-29
 129.562352      4.977    13.2540  32.701590    27.0642      4.932  271.03924  271.21772     2.6572     3.2338 -9.990e-29
 129.562355      4.997    13.2556  32.702231    27.0636      4.952  271.03091  271.20949     2.6416     3.2176 -9.990e-29
 129.562358      5.017    13.2568  32.702814    27.0640      4.972  271.02489  271.20353     2.7350     3.2419 -9.990e-29
 129.562361      5.045    13.2577  32.704272    27.0628      4.999  271.01862  271.19730     4.1202     3.5047 0.0000e+00
 129.562364      5.074    13.2591  32.702872    27.0619      5.028  271.01476  271.19355     3.9801     3.4602 0.0000e+00
 129.562367      5.103    13.2590  32.703047    27.0617      5.057  271.01480  271.19358     4.0735     3.5209 0.0000e+00
 129.562370      5.130    13.2592  32.702581    27.0619      5.084  271.01499  271.19378     4.1202     3.4805 0.0000e+00
 129.562373      5.161    13.2590  32.703456    27.0622      5.115  271.01413  271.19291     3.9957     3.3389 0.0000e+00
 129.562376      5.192    13.2591  32.704272    27.0622      5.146  271.01242  271.19120     3.7155     3.3470 0.0000e+00
 129.562378      5.219    13.2596  32.703456    27.0618      5.173  271.01165  271.19046     3.6533     3.3632 0.0000e+00
 129.562381      5.250    13.2596  32.702232    27.0618      5.203  271.01410  271.19292     3.8712     3.3349 0.0000e+00
 129.562384      5.278    13.2585  32.702640    27.0613      5.231  271.01781  271.19657     3.8712     3.3875 0.0000e+00
 129.562387      5.303    13.2578  32.703281    27.0618      5.256  271.01986  271.19857     2.9218     3.4158 -9.990e-29
 129.562390      5.325    13.2575  32.701416    27.0614      5.278  271.02436  271.20306     3.0463     3.4602 -9.990e-29
 129.562393      5.346    13.2570  32.702640    27.0631      5.298  271.02446  271.20311     2.9373     3.4319 -9.990e-29
 129.562396      5.371    13.2567  32.702640    27.0631      5.323  271.02573  271.20437     2.7350     3.3996 0.0000e+00
 129.562399      5.399    13.2569  32.702874    27.0631      5.350  271.02471  271.20336     2.5949     3.1125 -9.990e-29
 129.562402      5.422    13.2573  32.703748    27.0646      5.374  271.02133  271.20000     2.5638     3.1287 -9.990e-29
 129.562405      5.450    13.2583  32.705497    27.0648      5.401  271.01424  271.19296     2.4704     3.0518 0.0000e+00
 129.562407      5.477    13.2597  32.706955    27.0646      5.428  271.00546  271.18425     2.5015     3.0680 0.0000e+00
 129.562410      5.508    13.2614  32.708004    27.0648      5.459  270.99644  271.17532     2.2681     3.0437 0.0000e+00
 129.562413      5.537    13.2634  32.708879    27.0646      5.488  270.98614  271.16515     2.2525     3.0518 -9.990e-29
 129.562416      5.561    13.2656  32.710453    27.0638      5.511  270.97401  271.15314     2.1591     3.0397 -9.990e-29
 129.562419      5.594    13.2677  32.710861    27.0627      5.544  270.96421  271.14347     2.3303     3.0559 -9.990e-29
 129.562422      5.616    13.2693  32.711794    27.0624      5.566  270.95570  271.13505     2.6261     3.1206 -9.990e-29
 129.562425      5.640    13.2704  32.710278    27.0603      5.589  270.95361  271.13304     2.6416     3.0801 -9.990e-29
 129.562428      5.660    13.2705  32.708179    27.0583      5.609  270.95693  271.13639     2.5327     3.0559 -9.990e-29
 129.562431      5.685    13.2687  32.706780    27.0582      5.634  270.96691  271.14626     2.4082     3.1287 -9.990e-29
 129.562433      5.705    13.2665  32.704564    27.0601      5.654  270.98049  271.15973     2.5171     3.0680 -9.990e-29
 129.562436      5.733    13.2642  32.705323    27.0611      5.681  270.98895  271.16803     2.9529     2.9184 0.0000e+00
 129.562439      5.760    13.2628  32.706372    27.0611      5.708  270.99312  271.17212     2.7973     2.9588 0.0000e+00
 129.562442      5.789    13.2628  32.705323    27.0611      5.737  270.99527  271.17427     2.8595     2.9993 0.0000e+00
 129.562445      5.824    13.2626  32.705148    27.0611      5.772  270.99622  271.17521     2.9529     2.9993 0.0000e+00
 129.562448      5.853    13.2625  32.706140    27.0615      5.801  270.99516  271.17413     2.4082     3.4077 0.0000e+00
 129.562451      5.886    13.2626  32.704682    27.0620      5.833  270.99707  271.17606     2.4237     3.3834 -9.990e-29
 129.562454      5.911    13.2624  32.704915    27.0609      5.858  270.99762  271.17660     2.2525     3.4522 -9.990e-29
 129.562457      5.941    13.2622  32.703574    27.0598      5.887  271.00090  271.17987     2.2525     3.4522 -9.990e-29
 129.562459      5.964    13.2615  32.702642    27.0595      5.911  271.00535  271.18430     2.9218     3.2055 -9.990e-29
 129.562462      5.990    13.2604  32.700776    27.0585      5.936  271.01330  271.19220     2.8284     3.1651 -9.990e-29
 129.562465      6.006    13.2588  32.700835    27.0597      5.952  271.02045  271.19923     2.6727     3.1812 -9.990e-29
 129.562468      6.028    13.2574  32.700369    27.0603      5.974  271.02724  271.20594     2.6883     3.1448 -9.990e-29
 129.562471      6.045    13.2564  32.699961    27.0606      5.990  271.03204  271.21069     2.4860     3.0074 -9.990e-29
 129.562474      6.068    13.2558  32.699786    27.0613      6.014  271.03519  271.21380     2.4860     3.0680 -9.990e-29
 129.562477      6.096    13.2553  32.699844    27.0616      6.041  271.03730  271.21588     2.5794     3.0680 0.0000e+00
 129.562480      6.121    13.2548  32.700194    27.0618      6.066  271.03860  271.21715     2.7506     3.0357 0.0000e+00
 129.562483      6.152    13.2549  32.700194    27.0618      6.097  271.03831  271.21686     2.6261     2.9993 0.0000e+00
 129.562486      6.185    13.2552  32.700194    27.0617      6.130  271.03707  271.21564     2.2836     3.1731 0.0000e+00
 129.562488      6.214    13.2553  32.700428    27.0616      6.159  271.03606  271.21463     2.3148     3.1246 0.0000e+00
 129.562491      6.249    13.2556  32.699553    27.0607      6.193  271.03633  271.21494     2.3615     3.1206 0.0000e+00
 129.562494      6.276    13.2552  32.697921    27.0601      6.220  271.04105  271.21964     2.2214     3.1448 0.0000e+00
 129.562497      6.307    13.2544  32.697921    27.0598      6.251  271.04453  271.22307     2.7817     3.0721 0.0000e+00
 129.562500      6.333    13.2541  32.698971    27.0601      6.276  271.04399  271.22251     3.0930     3.1246 -9.990e-29
 129.562503      6.353    13.2536  32.698329    27.0610      6.296  271.04731  271.22580     2.9529     3.1044 -9.990e-29
 129.562506      6.369    13.2525  32.696872    27.0604      6.312  271.05456  271.23299     2.9218     3.0518 -9.990e-29
 129.562509      6.389    13.2511  32.694190    27.0589      6.332  271.06517  271.24354     3.2486     3.2661 -9.990e-29
 129.562512      6.413    13.2490  32.693608    27.0611      6.356  271.07563  271.25387     3.2642     3.2661 -9.990e-29
 129.562514      6.440    13.2470  32.693375    27.0611      6.383  271.08454  271.26265     3.2798     3.2945 0.0000e+00
 129.562517      6.471    13.2460  32.694016    27.0611      6.413  271.08785  271.26590     3.2953     3.3025 -9.990e-29
 129.562520      6.495    13.2456  32.694774    27.0624      6.437  271.08813  271.26615     4.2759     3.6746 -9.990e-29
 129.562523      6.522    13.2460  32.694017    27.0618      6.464  271.08788  271.26593     4.2447     3.6503 0.0000e+00
 129.562526      6.557    13.2460  32.692559    27.0618      6.498  271.09042  271.26848     4.2447     3.6503 0.0000e+00
 129.562529      6.584    13.2452  32.692793    27.0618      6.525  271.09318  271.27119     4.3226     3.6826 0.0000e+00
 129.562532      6.611    13.2446  32.693201    27.0626      6.552  271.09532  271.27329     4.2447     3.6826 0.0000e+00
 129.562535      6.648    13.2441  32.693784    27.0635      6.588  271.09654  271.27447     3.6533     3.6139 0.0000e+00
 129.562538      6.675    13.2439  32.694017    27.0637      6.615  271.09678  271.27470     3.6222     3.6462 0.0000e+00
 129.562541      6.701    13.2440  32.695533    27.0638      6.641  271.09387  271.27178     3.7155     3.6382 -9.990e-29
 129.562543      6.719    13.2444  32.696291    27.0655      6.659  271.09068  271.26861     3.5132     3.5977 -9.990e-29
 129.562546      6.733    13.2452  32.698331    27.0668      6.673  271.08402  271.26198     3.8245     3.6341 -9.990e-29
 129.562549      6.752    13.2459  32.697923    27.0660      6.691  271.08159  271.25960     3.8401     3.6746 -9.990e-29
 129.562552      6.774    13.2460  32.697340    27.0654      6.713  271.08230  271.26032     3.7155     3.7190 -9.990e-29
 129.562555      6.797    13.2451  32.697690    27.0675      6.736  271.08548  271.26345     3.9490     3.6786 -9.990e-29
 129.562558      6.827    13.2447  32.698740    27.0670      6.766  271.08526  271.26319     4.4626     3.7352 0.0000e+00
 129.562561      6.859    13.2451  32.697924    27.0665      6.798  271.08512  271.26308     4.5093     3.7473 0.0000e+00
 129.562564      6.892    13.2453  32.697341    27.0658      6.831  271.08521  271.26318     4.3226     3.7312 0.0000e+00
 129.562567      6.925    13.2449  32.696292    27.0658      6.863  271.08892  271.26689     4.2292     3.7271 0.0000e+00
 129.562569      6.954    13.2439  32.697108    27.0665      6.892  271.09162  271.26952     3.9023     3.8161 0.0000e+00
 129.562572      6.991    13.2435  32.698099    27.0677      6.928  271.09182  271.26968     3.9646     3.7999 0.0000e+00
 129.562575      7.024    13.2439  32.698857    27.0680      6.961  271.08896  271.26683     3.9179     3.8242 0.0000e+00
 129.562578      7.049    13.2447  32.699149    27.0682      6.986  271.08501  271.26293     4.0268     3.7797 -9.990e-29
 129.562581      7.071    13.2450  32.699149    27.0676      7.008  271.08377  271.26171     4.0735     3.7999 -9.990e-29
 129.562584      7.093    13.2449  32.699848    27.0683      7.030  271.08289  271.26082     4.2914     3.7999 -9.990e-29
 129.562587      7.108    13.2450  32.699382    27.0678      7.044  271.08339  271.26133     4.3070     3.7635 -9.990e-29
 129.562590      7.130    13.2451  32.699557    27.0679      7.066  271.08247  271.26042     4.2914     3.8201 -9.990e-29
 129.562593      7.154    13.2444  32.699382    27.0682      7.090  271.08562  271.26352     4.1513     3.8161 -9.990e-29
 129.562595      7.174    13.2439  32.699499    27.0702      7.109  271.08763  271.26550     4.5249     4.0749 -9.990e-29
 129.562598      7.205    13.2439  32.701190    27.0705      7.140  271.08504  271.26290     4.6183     4.0547 0.0000e+00
 129.562601      7.236    13.2444  32.702239    27.0708      7.171  271.08073  271.25862     4.5249     4.0344 0.0000e+00
 129.562604      7.265    13.2452  32.703289    27.0712      7.200  271.07548  271.25341     4.5405     4.0668 0.0000e+00
 129.562607      7.294    13.2462  32.705913    27.0729      7.229  271.06688  271.24484     4.9607     3.5735 0.0000e+00
 129.562610      7.323    13.2470  32.709003    27.0751      7.258  271.05811  271.23609     4.6650     3.6220 0.0000e+00
 129.562613      7.354    13.2482  32.711102    27.0757      7.288  271.04947  271.22751     4.9296     3.5977 0.0000e+00
 129.562616      7.383    13.2495  32.712968    27.0762      7.317  271.04061  271.21871     4.8517     3.5775 -9.990e-29
