Processed/SBE19plus_01907321_2022_05_05_Cast22_wfilter.cnv
* Sea-Bird SBE19plus  Data File:
* FileName = E:\Prandtl Daten\2022\CTD\Raw\SBE19plus_01907321_2022_05_04_Cast22.hex
* Software version 2.6.1.12
* Temperature SN = 7321
* Conductivity SN = 7321
* System UpLoad Time = May 05 2022 07:37:03
* <ApplicationData>
* <Seaterm232>
** Messpraktikum 2022
** CTD 05.05 BE
# nquan = 11
# nvalues = 546                         
# units = specified
# name 0 = timeJ: Julian Days
# name 1 = prdM: Pressure, Strain Gauge [db]
# name 2 = tv290C: Temperature [ITS-90, deg C]
# name 3 = c0mS/cm: Conductivity [mS/cm]
# name 4 = sal00: Salinity, Practical [PSU]
# name 5 = depSM: Depth [salt water, m], lat = 54.00
# name 6 = oxsatMm/Kg: Oxygen Saturation, Weiss [umol/kg]
# name 7 = oxsolMm/Kg: Oxygen Saturation, Garcia & Gordon [umol/kg]
# name 8 = turbWETntu0: Turbidity, WET Labs ECO [NTU]
# name 9 = flECO-AFL: Fluorescence, WET Labs ECO-AFL/FL [mg/m^3]
# name 10 = flag:  0.000e+00
# span 0 = 125.312242, 125.313819       
# span 1 =      0.430,     14.636       
# span 2 =    12.0602,    12.1596       
# span 3 =  31.544004,  31.717142       
# span 4 =    26.8344,    26.9338       
# span 5 =      0.427,     14.505       
# span 6 =  277.64623,  278.35233       
# span 7 =  277.76257,  278.46435       
# span 8 =    19.2331,   118.7194       
# span 9 =     8.2520,    15.6235       
# span 10 = 0.0000e+00, 0.0000e+00      
# interval = seconds: 0.25
# start_time = May 05 2022 07:27:25 [Instrument's time stamp, header]
# bad_flag = -9.990e-29
*END*
[from data line 525]
 125.313762     14.123    12.1519  31.699059    26.9189     13.997  277.70407  277.82017    84.5093    13.7837 0.0000e+00
 125.313764     14.151    12.1516  31.697907    26.9185     14.024  277.70747  277.82356    84.6027    13.7756 0.0000e+00
 125.313767     14.178    12.1515  31.699059    26.9180     14.051  277.70601  277.82209    84.6027    13.7998 -9.990e-29
 125.313770     14.198    12.1515  31.698714    26.9188     14.071  277.70666  277.82273    90.8128    14.5803 -9.990e-29
 125.313773     14.215    12.1515  31.700096    26.9201     14.087  277.70414  277.82020    90.8440    14.5883 -9.990e-29
 125.313776     14.240    12.1519  31.699463    26.9192     14.112  277.70341  277.81951    90.8128    14.6166 -9.990e-29
 125.313779     14.258    12.1519  31.699866    26.9183     14.130  277.70269  277.81878    90.7661    14.6086 -9.990e-29
 125.313782     14.289    12.1518  31.698484    26.9183     14.161  277.70555  277.82166   107.0463    14.9118 0.0000e+00
 125.313785     14.318    12.1518  31.698311    26.9182     14.190  277.70589  277.82199   107.0152    14.9118 0.0000e+00
 125.313788     14.349    12.1517  31.696526    26.9182     14.221  277.70981  277.82592   107.0930    14.9442 0.0000e+00
 125.313791     14.379    12.1518  31.698484    26.9183     14.250  277.70561  277.82172   107.0307    14.9280 0.0000e+00
 125.313793     14.411    12.1516  31.698484    26.9183     14.282  277.70659  277.82268   102.2525    14.5196 0.0000e+00
 125.313796     14.440    12.1516  31.697505    26.9179     14.311  277.70840  277.82449   102.0813    14.5479 0.0000e+00
 125.313799     14.473    12.1515  31.697102    26.9175     14.344  277.70947  277.82557   102.0657    14.5479 -9.990e-29
 125.313802     14.497    12.1514  31.696526    26.9167     14.367  277.71117  277.82727   102.2214    14.5034 -9.990e-29
 125.313805     14.524    12.1513  31.696929    26.9172     14.394  277.71077  277.82686   102.2058    14.5196 -9.990e-29
 125.313808     14.548    12.1512  31.696526    26.9169     14.417  277.71216  277.82824   100.7428    14.4792 -9.990e-29
 125.313811     14.570    12.1511  31.696123    26.9165     14.439  277.71323  277.82931   100.8050    14.4670 -9.990e-29
 125.313814     14.590    12.1513  31.696296    26.9166     14.459  277.71229  277.82838   100.6183    14.4953 -9.990e-29
 125.313817     14.605    12.1513  31.696296    26.9164     14.474  277.71198  277.82808   100.6338    14.4589 -9.990e-29
 125.313819     14.636    12.1513  31.696123    26.9164     14.505  277.71232  277.82842   118.7194    14.9361 0.0000e+00
