Processed/SBE19plus_01907321_2022_05_04_Cast11_wfilter.cnv
* Sea-Bird SBE19plus  Data File:
* FileName = E:\Prandtl Daten\2022\CTD\Raw\SBE19plus_01907321_2022_05_04_Cast11.hex
* Software version 2.6.1.12
* Temperature SN = 7321
* Conductivity SN = 7321
* System UpLoad Time = May 04 2022 07:54:09
* <ApplicationData>
* <Seaterm232>
** Messpraktikum 2022
** CTD 04.05 SW1
# nquan = 11
# nvalues = 523                         
# units = specified
# name 0 = timeJ: Julian Days
# name 1 = prdM: Pressure, Strain Gauge [db]
# name 2 = tv290C: Temperature [ITS-90, deg C]
# name 3 = c0mS/cm: Conductivity [mS/cm]
# name 4 = sal00: Salinity, Practical [PSU]
# name 5 = depSM: Depth [salt water, m], lat = 54.00
# name 6 = oxsatMm/Kg: Oxygen Saturation, Weiss [umol/kg]
# name 7 = oxsolMm/Kg: Oxygen Saturation, Garcia & Gordon [umol/kg]
# name 8 = turbWETntu0: Turbidity, WET Labs ECO [NTU]
# name 9 = flECO-AFL: Fluorescence, WET Labs ECO-AFL/FL [mg/m^3]
# name 10 = flag:  0.000e+00
# span 0 = 124.324722, 124.326233       
# span 1 =      0.719,     12.999       
# span 2 =    11.3857,    11.4435       
# span 3 =  30.694376,  31.215531       
# span 4 =    26.4922,    27.0154       
# span 5 =      0.712,     12.883       
# span 6 =  282.09777,  282.96940       
# span 7 =  282.16566,  283.04487       
# span 8 =    43.0463,    78.7817       
# span 9 =    10.9976,    14.8835       
# span 10 = 0.0000e+00, 0.0000e+00      
# interval = seconds: 0.25
# start_time = May 04 2022 07:46:23 [Instrument's time stamp, header]
# bad_flag = -9.990e-29
*END*
 124.324722      0.719    11.4213  30.707005    26.5092      0.712  282.91218  282.98819    50.7817    11.8791 0.0000e+00
 124.324725      0.772    11.4213  30.705696    26.5085      0.765  282.91502  282.99105    51.0152    12.0651 0.0000e+00
 124.324728      0.835    11.4214  30.706436    26.5079      0.828  282.91302  282.98904    50.9840    12.0449 0.0000e+00
 124.324731      0.899    11.4213  30.704160    26.5064      0.891  282.91803  282.99407    51.0619    12.0570 0.0000e+00
 124.324734      0.952    11.4211  30.700690    26.5032      0.944  282.92530  283.00137    51.0774    12.0530 0.0000e+00
 124.324737      1.005    11.4206  30.699553    26.5032      0.996  282.92975  283.00580    50.9218    12.0489 0.0000e+00
 124.324740      1.065    11.4202  30.700577    26.5025      1.056  282.93010  283.00610    50.9996    12.0530 0.0000e+00
 124.324742      1.128    11.4207  30.699724    26.5025      1.118  282.92919  283.00524    51.1552    12.0934 0.0000e+00
 124.324745      1.187    11.4215  30.698814    26.5010      1.177  282.92710  283.00323    50.9685    12.0772 0.0000e+00
 124.324748      1.235    11.4211  30.697278    26.5002      1.224  282.93198  283.00810    51.0152    12.0651 0.0000e+00
 124.324751      1.264    11.4204  30.697164    26.5001      1.253  282.93544  283.01150    51.7155    12.5706 0.0000e+00
 124.324754      1.292    11.4196  30.697449    26.5002      1.280  282.93909  283.01509    51.8712    12.5706 -9.990e-29
 124.324757      1.306    11.4202  30.700122    26.5032      1.295  282.93113  283.00714    51.7934    12.5706 -9.990e-29
 124.324760      1.311    11.4214  30.701089    26.5033      1.300  282.92351  282.99960    51.8089    12.5948 -9.990e-29
 124.324763      1.311    11.4231  30.700805    26.5018      1.300  282.91601  282.99223    51.2331    12.1945 -9.990e-29
 124.324766      1.306    11.4245  30.701260    26.5012      1.294  282.90839  282.98470    51.2331    12.1662 -9.990e-29
 124.324769      1.309    11.4250  30.698415    26.4982      1.297  282.91187  282.98824    51.2953    12.1824 -9.990e-29
 124.324771      1.322    11.4248  30.699951    26.4997      1.310  282.90960  282.98595    51.0619    12.1985 -9.990e-29
 124.324774      1.342    11.4241  30.698757    26.4991      1.330  282.91542  282.99173    51.1397    12.1985 -9.990e-29
 124.324777      1.350    11.4235  30.699383    26.5002      1.337  282.91713  282.99339    51.2642    12.2026 -9.990e-29
 124.324780      1.353    11.4231  30.702625    26.5035      1.341  282.91258  282.98877    51.2642    12.2026 -9.990e-29
 124.324783      1.339    11.4237  30.702227    26.5027      1.327  282.91044  282.98668    51.2953    12.1702 -9.990e-29
 124.324786      1.293    11.4239  30.702796    26.5031      1.281  282.90868  282.98492    49.8790    12.2552 -9.990e-29
 124.324789      1.236    11.4235  30.701829    26.5025      1.225  282.91241  282.98863    49.7700    12.2269 -9.990e-29
 124.324792      1.163    11.4233  30.699951    26.5009      1.153  282.91657  282.99280    49.8167    12.2228 -9.990e-29
 124.324795      1.090    11.4225  30.699553    26.5011      1.080  282.92113  282.99731    49.8012    12.2592 -9.990e-29
 124.324797      1.037    11.4213  30.694376    26.4970      1.027  282.93640  283.01256    49.6922    12.2794 -9.990e-29
 124.324800      1.024    11.4206  30.700690    26.5035      1.015  282.92760  283.00364    50.6727    12.1258 -9.990e-29
 124.324803      1.059    11.4206  30.699723    26.5026      1.049  282.92979  283.00583    50.7350    12.1177 -9.990e-29
 124.324806      1.130    11.4207  30.699553    26.5024      1.120  282.92952  283.00557    50.7973    12.1662 -9.990e-29
 124.324809      1.214    11.4215  30.701658    26.5001      1.203  282.92172  282.99781    50.7506    12.1136 -9.990e-29
 124.324812      1.312    11.4233  30.699155    26.5014      1.301  282.91818  282.99443    49.2097    11.5718 0.0000e+00
 124.324815      1.425    11.4256  30.703593    26.5026      1.413  282.89922  282.97558    49.2720    11.6041 0.0000e+00
 124.324818      1.546    11.4300  30.712070    26.5026      1.532  282.86231  282.93889    49.2720    11.6244 0.0000e+00
 124.324821      1.659    11.4354  30.711046    26.5026      1.644  282.83894  282.91591    49.3031    11.6041 0.0000e+00
 124.324823      1.741    11.4391  30.710647    26.5010      1.725  282.82239  282.89964    48.6494    11.5637 0.0000e+00
 124.324826      1.774    11.4400  30.709680    26.4995      1.758  282.82039  282.89771    48.4626    11.5152 -9.990e-29
 124.324829      1.752    11.4398  30.710021    26.4985      1.736  282.82037  282.89767    48.4626    11.5394 -9.990e-29
 124.324832      1.670    11.4393  30.709509    26.4983      1.655  282.82354  282.90081    48.5093    11.5111 -9.990e-29
 124.324835      1.566    11.4384  30.702397    26.4922      1.552  282.84115  282.91844    49.1786    12.0489 -9.990e-29
 124.324838      1.431    11.4382  30.710646    26.5003      1.418  282.82636  282.90354    49.1786    12.0692 -9.990e-29
 124.324841      1.278    11.4389  30.710646    26.4999      1.267  282.82304  282.90027    49.4432    12.0247 -9.990e-29
 124.324844      1.149    11.4397  30.711044    26.4997      1.138  282.81834  282.89562    49.2720    12.0449 -9.990e-29
 124.324847      1.039    11.4406  30.711783    26.4998      1.030  282.81268  282.89001    49.2875    12.0570 -9.990e-29
 124.324850      0.957    11.4414  30.711612    26.4991      0.949  282.80941  282.88680    47.9334    11.8589 -9.990e-29
 124.324852      0.910    11.4421  30.711441    26.4984      0.902  282.80616  282.88361    47.9957    11.8710 -9.990e-29
 124.324855      0.918    11.4421  30.711213    26.4982      0.909  282.80660  282.88405    47.9646    11.8872 -9.990e-29
 124.324858      0.960    11.4425  30.711043    26.4978      0.951  282.80535  282.88282    48.0580    11.8831 -9.990e-29
 124.324861      1.049    11.4424  30.710474    26.4973      1.040  282.80681  282.88429    47.8245    11.4262 -9.990e-29
 124.324864      1.161    11.4417  30.709450    26.4968      1.150  282.81237  282.88980    47.8868    11.4060 -9.990e-29
 124.324867      1.272    11.4406  30.708711    26.4968      1.261  282.81899  282.89636    47.6844    11.4262 -9.990e-29
 124.324870      1.358    11.4401  30.710248    26.4986      1.346  282.81838  282.89570    47.7155    11.4222 -9.990e-29
 124.324873      1.420    11.4402  30.710020    26.4983      1.407  282.81822  282.89555    48.9296    12.0408 -9.990e-29
 124.324876      1.455    11.4406  30.709850    26.4978      1.442  282.81663  282.89400    49.0229    12.0651 -9.990e-29
 124.324878      1.471    11.4407  30.710646    26.4985      1.458  282.81481  282.89217    49.0385    12.1217 -9.990e-29
 124.324881      1.466    11.4407  30.707801    26.4958      1.453  282.82021  282.89760    48.8984    12.0530 -9.990e-29
 124.324884      1.452    11.4408  30.710020    26.4978      1.439  282.81534  282.89272    48.6650    12.7161 -9.990e-29
 124.324887      1.445    11.4407  30.709508    26.4974      1.432  282.81695  282.89432    48.8517    13.4116 -9.990e-29
 124.324890      1.449    11.4397  30.707176    26.4959      1.436  282.82621  282.90353    48.7272    13.3874 -9.990e-29
 124.324893      1.458    11.4382  30.707574    26.4974      1.445  282.83221  282.90943    48.6961    13.3914 -9.990e-29
 124.324896      1.453    11.4373  30.708200    26.4986      1.440  282.83552  282.91266    48.7895    13.3995 -9.990e-29
 124.324899      1.440    11.4372  30.708541    26.4990      1.427  282.83518  282.91231    48.3381    12.7849 -9.990e-29
 124.324902      1.414    11.4371  30.708143    26.4987      1.401  282.83656  282.91369    48.2914    12.7849 -9.990e-29
 124.324905      1.372    11.4369  30.710077    26.5007      1.359  282.83383  282.91091    48.3226    12.7930 -9.990e-29
 124.324907      1.334    11.4373  30.709224    26.4997      1.322  282.83349  282.91062    48.1980    12.7768 -9.990e-29
 124.324910      1.308    11.4375  30.709280    26.4996      1.296  282.83240  282.90954    47.2019    13.0598 -9.990e-29
 124.324913      1.315    11.4375  30.709679    26.4999      1.303  282.83165  282.90879    47.2175    13.0841 -9.990e-29
 124.324916      1.324    11.4378  30.710077    26.5001      1.312  282.82961  282.90677    47.2331    13.0518 -9.990e-29
 124.324919      1.330    11.4383  30.711272    26.5009      1.318  282.82478  282.90196    47.3420    13.0679 -9.990e-29
 124.324922      1.311    11.4391  30.711613    26.5007      1.300  282.82058  282.89781    46.7039    12.2228 -9.990e-29
 124.324925      1.274    11.4399  30.711954    26.5004      1.263  282.81605  282.89333    46.9529    12.2269 -9.990e-29
 124.324928      1.218    11.4406  30.710645    26.4987      1.207  282.81528  282.89263    46.7039    12.2430 -9.990e-29
 124.324931      1.158    11.4404  30.710645    26.4989      1.147  282.81620  282.89353    46.7817    12.2390 -9.990e-29
 124.324933      1.104    11.4398  30.710247    26.4989      1.095  282.81950  282.89679    46.5015    12.2713 -9.990e-29
 124.324936      1.070    11.4391  30.709678    26.4989      1.060  282.82377  282.90102    46.2681    12.0651 -9.990e-29
 124.324939      1.086    11.4386  30.710247    26.4998      1.076  282.82527  282.90248    46.2058    12.0449 -9.990e-29
 124.324942      1.152    11.4386  30.710418    26.4999      1.141  282.82467  282.90188    46.2681    12.0489 -9.990e-29
 124.324945      1.252    11.4387  30.711044    26.5004      1.241  282.82323  282.90044    46.1747    12.0368 -9.990e-29
 124.324948      1.367    11.4390  30.711215    26.5003      1.355  282.82170  282.89892    46.7506    11.5839 -9.990e-29
 124.324951      1.469    11.4392  30.711045    26.5000      1.456  282.82113  282.89837    46.6727    11.5718 -9.990e-29
 124.324954      1.531    11.4396  30.711784    26.5004      1.518  282.81784  282.89510    46.7817    11.5111 -9.990e-29
 124.324957      1.558    11.4400  30.711215    26.4995      1.544  282.81701  282.89431    46.9218    11.5839 -9.990e-29
 124.324959      1.564    11.4406  30.711045    26.4990      1.550  282.81476  282.89211    47.5288    12.3441 -9.990e-29
 124.324962      1.559    11.4406  30.710419    26.4984      1.545  282.81595  282.89330    47.4198    12.3118 -9.990e-29
 124.324965      1.542    11.4402  30.710248    26.4984      1.528  282.81787  282.89520    47.4354    12.3199 -9.990e-29
 124.324968      1.502    11.4397  30.711045    26.4996      1.489  282.81858  282.89586    47.5910    12.3603 -9.990e-29
 124.324971      1.479    11.4395  30.710077    26.4988      1.466  282.82136  282.89864    47.5443    12.6838 -9.990e-29
 124.324974      1.467    11.4391  30.708655    26.4978      1.454  282.82631  282.90357    47.5599    12.6717 -9.990e-29
 124.324977      1.469    11.4386  30.709110    26.4985      1.456  282.82737  282.90460    47.5132    12.7040 -9.990e-29
 124.324980      1.490    11.4383  30.709281    26.4989      1.476  282.82867  282.90587    47.6689    12.7242 -9.990e-29
 124.324983      1.519    11.4382  30.711216    26.5008      1.505  282.82534  282.90251    47.6066    12.7161 -9.990e-29
 124.324986      1.555    11.4389  30.710419    26.4996      1.542  282.82398  282.90121    46.8128    12.4129 -9.990e-29
 124.324988      1.591    11.4386  30.707574    26.4970      1.577  282.83037  282.90762    46.7506    12.4412 -9.990e-29
 124.324991      1.617    11.4369  30.707006    26.4977      1.603  282.83951  282.91664    46.7350    12.4412 -9.990e-29
 124.324994      1.621    11.4355  30.707404    26.4991      1.606  282.84550  282.92253    46.6261    12.4331 -9.990e-29
 124.324997      1.612    11.4350  30.708201    26.5002      1.597  282.84624  282.92322    46.8595    12.0772 -9.990e-29
 124.325000      1.601    11.4351  30.706608    26.4986      1.587  282.84893  282.92593    46.8284    12.0772 -9.990e-29
 124.325003      1.596    11.4347  30.706835    26.4991      1.581  282.85010  282.92708    46.8595    12.0692 -9.990e-29
 124.325006      1.612    11.4347  30.708144    26.5004      1.597  282.84795  282.92491    46.8595    12.0772 -9.990e-29
 124.325009      1.650    11.4349  30.708428    26.5005      1.635  282.84647  282.92344    47.2953    12.1783 -9.990e-29
 124.325012      1.718    11.4352  30.708713    26.5028      1.702  282.84469  282.92168    47.3264    12.2147 -9.990e-29
 124.325014      1.792    11.4361  30.711786    26.5018      1.776  282.83441  282.91143    47.1241    12.2147 0.0000e+00
 124.325017      1.872    11.4378  30.711046    26.5008      1.856  282.82783  282.90498    47.3576    12.1905 0.0000e+00
 124.325020      1.940    11.4384  30.709624    26.4990      1.923  282.82801  282.90521    47.5288    12.1096 0.0000e+00
 124.325023      2.013    11.4378  30.708543    26.4990      1.995  282.83268  282.90986    47.5910    12.1177 0.0000e+00
 124.325026      2.053    11.4370  30.709112    26.4990      2.035  282.83549  282.91260    47.5288    12.1015 0.0000e+00
 124.325029      2.095    11.4365  30.708942    26.4995      2.076  282.83809  282.91517    47.4976    12.1379 -9.990e-29
 124.325032      2.119    11.4360  30.708657    26.4997      2.100  282.84090  282.91795    47.5288    12.1379 -9.990e-29
 124.325035      2.129    11.4358  30.708373    26.4996      2.110  282.84273  282.91976    47.8245    12.6919 -9.990e-29
 124.325038      2.128    11.4356  30.709283    26.5006      2.109  282.84165  282.91866    47.9023    12.7040 -9.990e-29
 124.325041      2.124    11.4359  30.709055    26.5002      2.106  282.84079  282.91782    47.8868    12.7283 -9.990e-29
 124.325043      2.115    11.4359  30.707974    26.4992      2.096  282.84284  282.91988    47.7778    12.6838 -9.990e-29
 124.325046      2.112    11.4359  30.709112    26.5003      2.093  282.84067  282.91771    48.0113    12.7283 -9.990e-29
 124.325049      2.117    11.4360  30.709283    26.5004      2.099  282.84003  282.91707    47.9957    12.7080 -9.990e-29
 124.325052      2.137    11.4363  30.708828    26.4997      2.118  282.83930  282.91637    47.9801    12.7404 -9.990e-29
 124.325055      2.158    11.4365  30.708714    26.4991      2.138  282.83857  282.91565    48.0424    12.7040 -9.990e-29
 124.325058      2.189    11.4363  30.708145    26.4996      2.169  282.84095  282.91802    47.3731    12.2390 0.0000e+00
 124.325061      2.216    11.4365  30.709511    26.5000      2.197  282.83742  282.91449    47.2798    12.2552 0.0000e+00
 124.325064      2.253    11.4364  30.709226    26.5000      2.233  282.83830  282.91537    47.3264    12.2632 0.0000e+00
 124.325067      2.286    11.4367  30.709511    26.5000      2.265  282.83650  282.91358    47.3887    12.2430 0.0000e+00
 124.325069      2.320    11.4367  30.709284    26.4998      2.300  282.83663  282.91373    47.6689    12.3239 0.0000e+00
 124.325072      2.353    11.4368  30.709113    26.4995      2.332  282.83666  282.91376    47.7155    12.3886 0.0000e+00
 124.325075      2.381    11.4366  30.707804    26.4984      2.359  282.84013  282.91723    47.8089    12.3360 0.0000e+00
 124.325078      2.417    11.4354  30.706837    26.4984      2.395  282.84777  282.92480    47.7934    12.3603 0.0000e+00
 124.325081      2.448    11.4341  30.706838    26.4989      2.426  282.85390  282.93083    47.7000    12.3603 0.0000e+00
 124.325084      2.475    11.4333  30.707009    26.4993      2.453  282.85714  282.93401    48.9140    13.3105 -9.990e-29
 124.325087      2.495    11.4330  30.706610    26.4998      2.473  282.85951  282.93637    49.0385    13.3510 -9.990e-29
 124.325090      2.525    11.4328  30.705074    26.4985      2.502  282.86341  282.94027    49.1319    13.3348 -9.990e-29
 124.325093      2.549    11.4324  30.706611    26.5003      2.526  282.86244  282.93925    49.0541    13.2822 -9.990e-29
 124.325095      2.570    11.4322  30.705871    26.4996      2.547  282.86450  282.94132    48.4626    12.7202 -9.990e-29
 124.325098      2.583    11.4321  30.706212    26.5001      2.560  282.86451  282.94130    48.5560    12.6838 -9.990e-29
