Processed/SBE19plus_01907321_2022_05_09_Cast94_wfilter.cnv
* Sea-Bird SBE19plus  Data File:
* FileName = E:\Prandtl Daten\2022\CTD\Raw\SBE19plus_01907321_2022_05_09_Cast94.hex
* Software version 2.6.1.12
* Temperature SN = 7321
* Conductivity SN = 7321
* System UpLoad Time = May 09 2022 07:59:34
* <ApplicationData>
* <Seaterm232>
** Messpraktikum 2022
** CTD 09.05 KFN
** NMEA Latitude = 54 06.179 N
** NMEA Longitude = 008 35.830 E
# nquan = 11
# nvalues = 541                         
# units = specified
# name 0 = timeJ: Julian Days
# name 1 = prdM: Pressure, Strain Gauge [db]
# name 2 = tv290C: Temperature [ITS-90, deg C]
# name 3 = c0mS/cm: Conductivity [mS/cm]
# name 4 = sal00: Salinity, Practical [PSU]
# name 5 = depSM: Depth [salt water, m], lat = 54.00
# name 6 = oxsatMm/Kg: Oxygen Saturation, Weiss [umol/kg]
# name 7 = oxsolMm/Kg: Oxygen Saturation, Garcia & Gordon [umol/kg]
# name 8 = turbWETntu0: Turbidity, WET Labs ECO [NTU]
# name 9 = flECO-AFL: Fluorescence, WET Labs ECO-AFL/FL [mg/m^3]
# name 10 = flag:  0.000e+00
# span 0 = 129.328038, 129.329601       
# span 1 =      0.643,     13.756       
# span 2 =    12.1816,    12.3427       
# span 3 =  31.348425,  31.888760       
# span 4 =    26.5412,    26.9598       
# span 5 =      0.637,     13.633       
# span 6 =  276.49874,  278.16867       
# span 7 =  276.62580,  278.29060       
# span 8 =     0.7584,    36.0735       
# span 9 =     2.6353,     7.9123       
# span 10 = 0.0000e+00, 0.0000e+00      
# interval = seconds: 0.25
# start_time = May 09 2022 07:51:13 [Instrument's time stamp, header]
# bad_flag = -9.990e-29
*END*
[from data line 263]
 129.328799      6.935    12.1996  31.497856    26.6986      6.873  277.85006  277.97148     3.5910     4.3175 -9.990e-29
 129.328802      6.959    12.2034  31.506533    26.7041      6.896  277.81737  277.93895     3.6222     4.2892 -9.990e-29
 129.328805      6.982    12.2067  31.524463    26.7185      6.920  277.76972  277.89134     3.5910     4.2932 -9.990e-29
 129.328808      7.004    12.2103  31.537281    26.7279      6.941  277.72981  277.85154     3.6689     4.4671 -9.990e-29
 129.328811      7.029    12.2139  31.539465    26.7274      6.967  277.70961  277.83156     3.4976     4.4469 -9.990e-29
 129.328814      7.051    12.2166  31.549698    26.7350      6.988  277.67888  277.80090     3.5910     4.4307 -9.990e-29
 129.328817      7.073    12.2190  31.544408    26.7284      7.010  277.67771  277.79995     3.6222     4.3943 -9.990e-29
 129.328819      7.100    12.2201  31.540614    26.7240      7.037  277.67922  277.80158     4.1202     4.4388 -9.990e-29
 129.328822      7.120    12.2202  31.546938    26.7298      7.057  277.66740  277.78970     4.0735     4.3943 -9.990e-29
 129.328825      7.138    12.2206  31.559760    26.7415      7.074  277.64214  277.76434     4.0580     4.4712 -9.990e-29
 129.328828      7.162    12.2220  31.566315    26.7467      7.098  277.62417  277.74639     4.1513     4.4226 -9.990e-29
 129.328831      7.184    12.2237  31.572813    26.7523      7.120  277.60439  277.72666     3.5288     4.3094 -9.990e-29
 129.328834      7.211    12.2257  31.575171    26.7523      7.147  277.59121  277.71358     3.5288     4.2649 0.0000e+00
 129.328837      7.241    12.2271  31.571835    26.7523      7.176  277.59094  277.71344     3.6222     4.2811 -9.990e-29
 129.328840      7.264    12.2278  31.572583    26.7514      7.199  277.58641  277.70895     3.7155     4.2811 -9.990e-29
 129.328843      7.290    12.2280  31.575976    26.7499      7.225  277.57929  277.70182     5.0852     4.4267 0.0000e+00
 129.328845      7.325    12.2288  31.573388    26.7514      7.259  277.58053  277.70313     4.9607     4.3862 0.0000e+00
 129.328848      7.352    12.2295  31.583281    26.7528      7.286  277.55935  277.68190     5.1008     4.3943 0.0000e+00
 129.328851      7.381    12.2304  31.590586    26.7572      7.315  277.54193  277.66447     5.1008     4.3822 -9.990e-29
 129.328854      7.405    12.2319  31.591966    26.7635      7.339  277.53244  277.65506     4.9607     4.3296 -9.990e-29
 129.328857      7.427    12.2332  31.598467    26.7687      7.360  277.51489  277.63754     5.4120     4.7259 -9.990e-29
 129.328860      7.445    12.2346  31.605600    26.7744      7.378  277.49556  277.61822     5.1786     4.7542 -9.990e-29
 129.328863      7.465    12.2367  31.615094    26.7818      7.398  277.46907  277.59177     5.2253     4.7461 -9.990e-29
 129.328866      7.487    12.2393  31.622401    26.7868      7.420  277.44402  277.56682     5.1941     4.7138 -9.990e-29
 129.328869      7.507    12.2416  31.624358    26.7838      7.440  277.42966  277.55261     3.5599     3.9455 -9.990e-29
 129.328872      7.535    12.2434  31.622401    26.7837      7.467  277.42529  277.54838     3.6689     3.9172 0.0000e+00
 129.328874      7.562    12.2442  31.622804    26.7838      7.494  277.42076  277.54390     3.4821     3.8929 0.0000e+00
 129.328877      7.591    12.2446  31.624761    26.7844      7.523  277.41563  277.53877     3.6844     3.9091 0.0000e+00
 129.328880      7.618    12.2452  31.624185    26.7851      7.550  277.41415  277.53734     4.0891     4.1760 -9.990e-29
 129.328883      7.642    12.2453  31.621423    26.7815      7.574  277.41856  277.54178     3.9957     4.1962 -9.990e-29
 129.328886      7.667    12.2452  31.617280    26.7777      7.599  277.42675  277.55001     4.0735     4.2083 -9.990e-29
 129.328889      7.689    12.2449  31.600480    26.7621      7.621  277.45828  277.58170     4.1047     4.2124 -9.990e-29
 129.328892      7.708    12.2436  31.599272    26.7619      7.639  277.46654  277.58987     3.8245     4.2811 -9.990e-29
 129.328895      7.724    12.2424  31.596913    26.7606      7.655  277.47625  277.59953     3.7622     4.3296 -9.990e-29
 129.328898      7.742    12.2415  31.588975    26.7538      7.673  277.49484  277.61814     3.8556     4.3175 -9.990e-29
 129.328900      7.757    12.2404  31.580290    26.7464      7.687  277.51542  277.63875     3.7155     4.3498 -9.990e-29
 129.328903      7.779    12.2391  31.569823    26.7376      7.709  277.54053  277.66387     3.7778     4.3094 -9.990e-29
 129.328906      7.802    12.2377  31.577357    26.7359      7.733  277.53320  277.65637     3.4821     4.2488 -9.990e-29
 129.328909      7.830    12.2371  31.566488    26.7315      7.760  277.55587  277.67911     3.4976     4.3215 0.0000e+00
 129.328912      7.867    12.2367  31.556828    26.7271      7.796  277.57507  277.69838     3.4510     4.2771 0.0000e+00
 129.328915      7.898    12.2360  31.542799    26.7155      7.827  277.60381  277.72722     3.4821     4.3134 0.0000e+00
 129.328918      7.927    12.2350  31.543202    26.7144      7.856  277.60787  277.73121     2.7817     4.0668 0.0000e+00
 129.328921      7.954    12.2343  31.534119    26.7075      7.883  277.62761  277.75099     2.6883     4.0385 0.0000e+00
 129.328924      7.983    12.2332  31.521532    26.6965      7.912  277.65532  277.77877     2.8906     4.0668 0.0000e+00
 129.328927      8.013    12.2317  31.502798    26.6801      7.941  277.69646  277.82000     2.7506     4.0668 0.0000e+00
 129.328929      8.042    12.2296  31.485275    26.6726      7.970  277.73796  277.86153     3.6689     4.3539 0.0000e+00
 129.328932      8.069    12.2270  31.464998    26.6651      7.997  277.78670  277.91031     3.3887     4.3337 -9.990e-29
 129.328935      8.093    12.2241  31.459313    26.6447      8.020  277.81015  277.93362     3.6066     4.2851 -9.990e-29
 129.328938      8.115    12.2221  31.452422    26.6397      8.042  277.83165  277.95506     3.5288     4.3337 -9.990e-29
 129.328941      8.137    12.2207  31.447541    26.6361      8.064  277.84694  277.97030     3.7155     4.2043 -9.990e-29
 129.328944      8.162    12.2191  31.446163    26.6359      8.089  277.85680  277.98007     3.6222     4.2649 -9.990e-29
 129.328947      8.184    12.2178  31.443580    26.6344      8.111  277.86727  277.99048     3.6689     4.2002 -9.990e-29
 129.328950      8.210    12.2171  31.444786    26.6360      8.136  277.86828  277.99143     3.5910     4.2285 -9.990e-29
 129.328953      8.234    12.2169  31.443580    26.6350      8.160  277.87145  277.99460     3.4821     4.2204 -9.990e-29
 129.328955      8.254    12.2167  31.448116    26.6394      8.180  277.86415  277.98724     6.2836     4.3054 -9.990e-29
 129.328958      8.274    12.2167  31.467183    26.6573      8.200  277.82942  277.95231     6.3148     4.4186 -9.990e-29
 129.328961      8.292    12.2190  31.509523    26.6952      8.218  277.74176  277.86437     6.2681     4.3862 -9.990e-29
 129.328964      8.307    12.2242  31.530213    26.7109      8.232  277.68050  277.80325     6.3303     4.3903 -9.990e-29
 129.328967      8.323    12.2301  31.553438    26.7284      8.248  277.61147  277.73438     5.7700     4.6450 -9.990e-29
 129.328970      8.347    12.2358  31.561947    26.7323      8.272  277.57021  277.69341     5.7545     4.6005 -9.990e-29
 129.328973      8.363    12.2400  31.573965    26.7406      8.288  277.52957  277.65292     5.7856     4.6248 -9.990e-29
 129.328976      8.387    12.2433  31.595535    26.7449      8.312  277.47506  277.59842     5.7700     4.5965 -9.990e-29
 129.328979      8.418    12.2461  31.583282    26.7486      8.343  277.48464  277.60832     5.5833     4.7542 0.0000e+00
 129.328981      8.449    12.2468  31.591738    26.7454      8.373  277.46610  277.58974     5.4276     4.7785 0.0000e+00
 129.328984      8.489    12.2473  31.584663    26.7454      8.413  277.47709  277.60083     5.5833     4.7663 0.0000e+00
 129.328987      8.531    12.2473  31.580924    26.7454      8.455  277.48392  277.60770     5.5210     4.7582 0.0000e+00
 129.328990      8.578    12.2465  31.590358    26.7512      8.502  277.47029  277.59392     7.9490     4.3984 0.0000e+00
 129.328993      8.622    12.2459  31.590991    26.7512      8.545  277.47171  277.59530     8.0113     4.4024 0.0000e+00
 129.328996      8.660    12.2457  31.584433    26.7493      8.583  277.48494  277.60857     8.0424     4.3458 0.0000e+00
 129.328999      8.688    12.2454  31.607156    26.7463      8.610  277.44489  277.56827     8.2603     4.3943 -9.990e-29
 129.329002      8.713    12.2465  31.635468    26.7934      8.635  277.38832  277.51148     8.1825     4.3620 -9.990e-29
 129.329005      8.726    12.2493  31.644159    26.7995      8.648  277.35980  277.48307     9.2253     4.7219 -9.990e-29
 129.329008      8.730    12.2523  31.656247    26.8087      8.652  277.32448  277.44781     8.8673     4.7825 -9.990e-29
 129.329010      8.730    12.2554  31.664940    26.8146      8.652  277.29437  277.41783     9.2253     4.7663 -9.990e-29
 129.329013      8.721    12.2587  31.670122    26.8171      8.643  277.27001  277.39364     8.8673     4.7582 -9.990e-29
 129.329016      8.719    12.2613  31.666955    26.8123      8.641  277.26433  277.38816     9.8167     4.5884 -9.990e-29
 129.329019      8.717    12.2626  31.680026    26.8236      8.639  277.23454  277.35833     9.8012     4.6814 -9.990e-29
 129.329022      8.726    12.2640  31.684402    26.8267      8.648  277.22024  277.34407     9.7078     4.6572 -9.990e-29
 129.329025      8.748    12.2654  31.684978    26.8315      8.669  277.21285  277.33678     9.5210     4.6450 -9.990e-29
 129.329028      8.777    12.2666  31.691544    26.8368      8.698  277.19554  277.31948    12.5871     5.5589 0.0000e+00
 129.329031      8.815    12.2681  31.704042    26.8421      8.736  277.16619  277.29010    12.9296     5.5912 0.0000e+00
 129.329034      8.857    12.2707  31.719481    26.8547      8.778  277.12642  277.25035    12.8829     5.5508 0.0000e+00
 129.329036      8.906    12.2745  31.732388    26.8640      8.827  277.08588  277.20993    12.7117     5.5832 0.0000e+00
 129.329039      8.958    12.2787  31.736363    26.8647      8.877  277.05965  277.18395    10.3926     4.8593 0.0000e+00
 129.329042      9.014    12.2822  31.745123    26.8652      8.933  277.02792  277.15236    10.7350     4.8432 0.0000e+00
 129.329045      9.071    12.2850  31.741722    26.8660      8.989  277.02175  277.14642    10.3615     4.8229 0.0000e+00
 129.329048      9.113    12.2865  31.743739    26.8656      9.031  277.01114  277.13589    10.6261     4.8553 0.0000e+00
 129.329051      9.147    12.2875  31.737343    26.8660      9.065  277.01833  277.14321    10.7194     4.8270 -9.990e-29
 129.329054      9.169    12.2870  31.730428    26.8531      9.087  277.03311  277.15803     7.8401     4.5642 -9.990e-29
 129.329057      9.180    12.2858  31.721901    26.8460      9.098  277.05399  277.17892     7.8712     4.5682 -9.990e-29
 129.329060      9.182    12.2838  31.719481    26.8452      9.100  277.06728  277.19209     7.8868     4.5480 -9.990e-29
 129.329062      9.175    12.2820  31.719712    26.8467      9.092  277.07511  277.19980     7.7622     4.5278 -9.990e-29
 129.329065      9.171    12.2809  31.717119    26.8451      9.089  277.08489  277.20953    10.4548     5.0615 -9.990e-29
 129.329068      9.169    12.2800  31.712568    26.8415      9.087  277.09728  277.22191    10.4704     5.0494 -9.990e-29
 129.329071      9.173    12.2788  31.707959    26.8380      9.091  277.11073  277.23533    10.3770     5.0292 -9.990e-29
 129.329074      9.186    12.2776  31.705022    26.8361      9.104  277.12147  277.24602    10.6572     5.0534 -9.990e-29
 129.329077      9.202    12.2765  31.706174    26.8464      9.120  277.12447  277.24893    14.2681     5.5508 -9.990e-29
 129.329080      9.231    12.2761  31.714930    26.8556      9.149  277.11049  277.23484    14.2681     5.5832 0.0000e+00
 129.329083      9.268    12.2770  31.735154    26.8647      9.185  277.06967  277.19386    14.4548     5.5791 0.0000e+00
 129.329086      9.310    12.2805  31.741147    26.8678      9.226  277.04326  277.16763    14.3148     5.5387 0.0000e+00
 129.329089      9.350    12.2840  31.744144    26.8678      9.266  277.02199  277.14656    11.9646     5.3324 0.0000e+00
 129.329091      9.390    12.2862  31.742300    26.8679      9.306  277.01552  277.14026    11.8556     5.3203 0.0000e+00
 129.329094      9.425    12.2873  31.746507    26.8662      9.340  277.00283  277.12761    11.8556     5.2920 0.0000e+00
 129.329097      9.459    12.2884  31.745527    26.8679      9.375  276.99956  277.12442    11.8712     5.3082 0.0000e+00
 129.329100      9.490    12.2888  31.748293    26.8684      9.405  276.99265  277.11751    11.9957     5.2718 0.0000e+00
 129.329103      9.523    12.2895  31.750138    26.8685      9.438  276.98647  277.11136    10.8906     5.0170 0.0000e+00
 129.329106      9.550    12.2903  31.749504    26.8685      9.465  276.98383  277.10878    10.7506     5.0332 0.0000e+00
 129.329109      9.578    12.2905  31.749100    26.8683      9.492  276.98395  277.10891    10.7817     4.9928 0.0000e+00
 129.329112      9.603    12.2907  31.750253    26.8680      9.517  276.98061  277.10557    10.7506     4.9887 -9.990e-29
 129.329115      9.625    12.2908  31.749273    26.8679      9.539  276.98208  277.10706    14.2525     5.7813 -9.990e-29
 129.329117      9.644    12.2910  31.749504    26.8680      9.557  276.98072  277.10572    14.1591     5.8177 -9.990e-29
 129.329120      9.664    12.2910  31.751291    26.8696      9.577  276.97749  277.10247    14.0191     5.8379 -9.990e-29
 129.329123      9.680    12.2914  31.753250    26.8712      9.594  276.97236  277.09734    14.0969     5.8339 -9.990e-29
 129.329126      9.691    12.2916  31.753077    26.8709      9.604  276.97173  277.09673    21.6144     6.3110 -9.990e-29
 129.329129      9.700    12.2919  31.753250    26.8708      9.613  276.96984  277.09486    21.5988     6.3353 -9.990e-29
 129.329132      9.708    12.2922  31.753654    26.8710      9.621  276.96784  277.09287    21.5054     6.3514 -9.990e-29
 129.329135      9.720    12.2926  31.758438    26.8752      9.633  276.95758  277.08259    21.4587     6.3312 -9.990e-29
 129.329138      9.739    12.2936  31.776712    26.8909      9.651  276.91968  277.04457    19.4354     6.3514 -9.990e-29
 129.329141      9.770    12.2966  31.778326    26.8914      9.682  276.90346  277.02853    17.1319     6.2544 0.0000e+00
 129.329144      9.801    12.2991  31.781497    26.8920      9.713  276.88631  277.01152    17.0696     6.2867 0.0000e+00
 129.329146      9.837    12.3011  31.793029    26.9014      9.749  276.85654  276.98177    17.0229     6.2746 0.0000e+00
 129.329149      9.872    12.3038  31.811946    26.9172      9.784  276.81022  276.93543    17.2253     6.2746 0.0000e+00
 129.329152      9.914    12.3075  31.817310    26.9172      9.825  276.78372  276.90913    16.8673     6.0805 0.0000e+00
 129.329155      9.951    12.3114  31.815925    26.9175      9.862  276.76883  276.89451    17.0541     6.0846 0.0000e+00
 129.329158      9.980    12.3136  31.819905    26.9165      9.891  276.75181  276.87760    16.9607     6.0927 0.0000e+00
 129.329161     10.009    12.3148  31.819732    26.9175      9.920  276.74675  276.87263    17.1786     6.1290 -9.990e-29
 129.329164     10.027    12.3158  31.820309    26.9163      9.938  276.74096  276.86690    16.1980     5.9592 -9.990e-29
 129.329167     10.040    12.3163  31.820482    26.9161      9.950  276.73844  276.86441    15.9334     5.9633 -9.990e-29
 129.329170     10.056    12.3166  31.820713    26.9161      9.966  276.73677  276.86275    16.0268     5.9835 -9.990e-29
 129.329172     10.073    12.3168  31.820713    26.9159      9.983  276.73583  276.86183    16.0891     5.9552 -9.990e-29
