Processed/SBE19plus_01907321_2022_05_06_Cast51_wfilter.cnv
* Sea-Bird SBE19plus  Data File:
* FileName = E:\Prandtl Daten\2022\CTD\Raw\SBE19plus_01907321_2022_05_06_Cast51.hex
* Software version 2.6.1.12
* Temperature SN = 7321
* Conductivity SN = 7321
* System UpLoad Time = May 06 2022 12:04:15
* <ApplicationData>
* <Seaterm232>
** Messpraktikum 2022
** CTD 06.05 MP3
** NMEA Latitude = 54 03.530 N
** NMEA Longitude = 008 42.765 E
# nquan = 11
# nvalues = 460                         
# units = specified
# name 0 = timeJ: Julian Days
# name 1 = prdM: Pressure, Strain Gauge [db]
# name 2 = tv290C: Temperature [ITS-90, deg C]
# name 3 = c0mS/cm: Conductivity [mS/cm]
# name 4 = sal00: Salinity, Practical [PSU]
# name 5 = depSM: Depth [salt water, m], lat = 54.00
# name 6 = oxsatMm/Kg: Oxygen Saturation, Weiss [umol/kg]
# name 7 = oxsolMm/Kg: Oxygen Saturation, Garcia & Gordon [umol/kg]
# name 8 = turbWETntu0: Turbidity, WET Labs ECO [NTU]
# name 9 = flECO-AFL: Fluorescence, WET Labs ECO-AFL/FL [mg/m^3]
# name 10 = flag:  0.000e+00
# span 0 = 126.498681, 126.500009       
# span 1 =      0.480,     11.220       
# span 2 =    12.2822,    12.5341       
# span 3 =  31.558990,  31.729973       
# span 4 =    26.6572,    26.7731       
# span 5 =      0.476,     11.120       
# span 6 =  275.92093,  277.35534       
# span 7 =  276.06224,  277.48166       
# span 8 =    54.5482,   117.5988       
# span 9 =    11.1108,    15.9147       
# span 10 = 0.0000e+00, 0.0000e+00      
# interval = seconds: 0.25
# start_time = May 06 2022 11:56:50 [Instrument's time stamp, header]
# bad_flag = -9.990e-29
*END*
[from data line 263]
 126.499442      6.677    12.2860  31.617848    26.7494      6.617  277.24026  277.36626    70.2681    14.4145 -9.990e-29
 126.499444      6.699    12.2860  31.619402    26.7505      6.639  277.23746  277.36344    70.3615    14.4468 -9.990e-29
 126.499447      6.726    12.2862  31.619057    26.7508      6.666  277.23746  277.36346    70.5482    14.3983 0.0000e+00
 126.499450      6.752    12.2864  31.619805    26.7510      6.691  277.23517  277.36117    69.8634    14.4145 0.0000e+00
 126.499453      6.786    12.2863  31.621186    26.7523      6.725  277.23300  277.35899    69.7078    14.4306 0.0000e+00
 126.499456      6.815    12.2864  31.621819    26.7528      6.754  277.23124  277.35722    70.0035    14.4387 0.0000e+00
 126.499459      6.846    12.2867  31.622222    26.7530      6.785  277.22957  277.35557    69.8323    14.4347 0.0000e+00
 126.499462      6.874    12.2867  31.623373    26.7541      6.812  277.22750  277.35348    69.3654    14.4670 0.0000e+00
 126.499465      6.899    12.2868  31.623776    26.7542      6.838  277.22615  277.35214    69.4276    14.4792 0.0000e+00
 126.499468      6.927    12.2871  31.624006    26.7544      6.865  277.22448  277.35048    69.5054    14.4751 -9.990e-29
 126.499470      6.945    12.2871  31.622798    26.7532      6.883  277.22636  277.35239    69.4743    14.4428 -9.990e-29
 126.499473      6.959    12.2874  31.624582    26.7547      6.897  277.22218  277.34820    69.4432    14.4832 -9.990e-29
 126.499476      6.976    12.2874  31.624351    26.7545      6.913  277.22261  277.34863    69.3654    14.5115 -9.990e-29
 126.499479      6.996    12.2873  31.624352    26.7545      6.933  277.22294  277.34896    69.5366    14.5156 -9.990e-29
 126.499482      7.018    12.2873  31.623776    26.7540      6.955  277.22400  277.35002    69.3498    14.4347 -9.990e-29
 126.499485      7.040    12.2874  31.625560    26.7555      6.977  277.22014  277.34616    69.4899    14.4792 -9.990e-29
 126.499488      7.067    12.2876  31.625733    26.7556      7.004  277.21921  277.34523    70.0657    14.3700 -9.990e-29
 126.499491      7.092    12.2876  31.625733    26.7566      7.029  277.21923  277.34525    70.2214    14.4266 -9.990e-29
 126.499494      7.120    12.2876  31.626826    26.7565      7.056  277.21726  277.34327    70.2369    14.3498 0.0000e+00
 126.499497      7.147    12.2879  31.626769    26.7565      7.083  277.21611  277.34214    70.1591    14.4468 0.0000e+00
 126.499499      7.173    12.2879  31.625963    26.7563      7.109  277.21727  277.34332    72.2914    14.7339 -9.990e-29
 126.499502      7.196    12.2881  31.626769    26.7561      7.132  277.21487  277.34092    72.3070    14.7663 -9.990e-29
 126.499505      7.222    12.2883  31.624985    26.7543      7.157  277.21717  277.34325    72.4782    14.6935 -9.990e-29
 126.499508      7.244    12.2883  31.624985    26.7543      7.179  277.21718  277.34327    72.3070    14.7299 -9.990e-29
 126.499511      7.269    12.2883  31.623777    26.7532      7.204  277.21971  277.34580    74.0969    14.8633 -9.990e-29
 126.499514      7.280    12.2882  31.621590    26.7512      7.215  277.22401  277.35012    73.8945    14.8310 -9.990e-29
 126.499517      7.298    12.2879  31.620209    26.7501      7.233  277.22812  277.35422    74.0969    14.7784 -9.990e-29
 126.499520      7.319    12.2876  31.618828    26.7475      7.253  277.23191  277.35801    74.0813    14.7986 -9.990e-29
 126.499523      7.344    12.2874  31.617045    26.7471      7.278  277.23612  277.36222    71.4665    14.8431 0.0000e+00
 126.499525      7.372    12.2871  31.616066    26.7468      7.306  277.23919  277.36528    71.7155    14.8390 0.0000e+00
 126.499528      7.401    12.2870  31.614513    26.7454      7.335  277.24234  277.36845    71.6377    14.8229 0.0000e+00
 126.499531      7.432    12.2868  31.613305    26.7444      7.365  277.24551  277.37161    71.6844    14.9118 0.0000e+00
 126.499534      7.465    12.2865  31.612499    26.7444      7.398  277.24827  277.37436    71.5443    14.8310 0.0000e+00
 126.499537      7.494    12.2864  31.615089    26.7450      7.427  277.24422  277.37028    68.9762    14.2972 0.0000e+00
 126.499540      7.527    12.2862  31.616067    26.7463      7.459  277.24311  277.36914    68.8984    14.2891 -9.990e-29
 126.499543      7.548    12.2865  31.616470    26.7475      7.481  277.24112  277.36717    68.8362    14.2851 -9.990e-29
 126.499546      7.567    12.2866  31.618023    26.7489      7.499  277.23799  277.36403    68.6338    14.3336 -9.990e-29
 126.499549      7.583    12.2870  31.618426    26.7490      7.515  277.23536  277.36142    68.7117    14.4670 -9.990e-29
 126.499552      7.593    12.2869  31.619405    26.7499      7.525  277.23391  277.35996    68.6494    14.4589 -9.990e-29
 126.499554      7.609    12.2871  31.619232    26.7497      7.541  277.23360  277.35966    68.6650    14.4509 -9.990e-29
 126.499557      7.625    12.2871  31.619405    26.7498      7.557  277.23329  277.35935    68.4938    14.4751 -9.990e-29
 126.499560      7.645    12.2872  31.621189    26.7514      7.577  277.22943  277.35548    67.8712    14.1840 -9.990e-29
 126.499563      7.667    12.2873  31.624987    26.7563      7.599  277.22224  277.34825    67.5288    14.2608 -9.990e-29
 126.499566      7.698    12.2876  31.626771    26.7571      7.629  277.21743  277.34345    67.6066    14.1880 0.0000e+00
 126.499569      7.729    12.2880  31.628727    26.7578      7.660  277.21230  277.33833    67.6844    14.2365 0.0000e+00
 126.499572      7.756    12.2881  31.631087    26.7588      7.687  277.20740  277.33341    65.8323    14.1961 0.0000e+00
 126.499575      7.782    12.2885  31.632296    26.7599      7.712  277.20364  277.32966    65.9257    14.1638 -9.990e-29
 126.499578      7.804    12.2888  31.632871    26.7611      7.734  277.20133  277.32737    65.8634    14.2972 -9.990e-29
 126.499580      7.831    12.2889  31.634253    26.7623      7.761  277.19821  277.32424    66.0346    14.2608 -9.990e-29
 126.499583      7.853    12.2891  31.634655    26.7625      7.783  277.19654  277.32258    66.0813    14.1880 -9.990e-29
 126.499586      7.873    12.2893  31.635058    26.7628      7.803  277.19518  277.32123    67.4354    14.4104 -9.990e-29
 126.499589      7.889    12.2893  31.634483    26.7622      7.819  277.19592  277.32198    67.3731    14.4468 -9.990e-29
 126.499592      7.908    12.2894  31.633677    26.7614      7.837  277.19708  277.32315    67.3887    14.3740 -9.990e-29
 126.499595      7.933    12.2893  31.633102    26.7609      7.862  277.19846  277.32453    67.5443    14.3659 -9.990e-29
 126.499598      7.957    12.2893  31.630915    26.7596      7.886  277.20276  277.32885    68.3692    14.2002 -9.990e-29
 126.499601      7.988    12.2893  31.631721    26.7596      7.916  277.20132  277.32740    68.6961    14.2325 0.0000e+00
 126.499604      8.015    12.2890  31.631491    26.7596      7.943  277.20271  277.32878    68.4626    14.2487 0.0000e+00
 126.499606      8.044    12.2890  31.629534    26.7578      7.972  277.20660  277.33268    68.6027    14.2527 0.0000e+00
 126.499609      8.071    12.2888  31.628901    26.7576      7.999  277.20840  277.33448    65.9101    14.1921 0.0000e+00
 126.499612      8.103    12.2886  31.628556    26.7573      8.030  277.21000  277.33607    66.0969    14.1638 -9.990e-29
 126.499615      8.126    12.2886  31.629937    26.7584      8.054  277.20783  277.33388    65.7233    14.1435 -9.990e-29
 126.499618      8.152    12.2885  31.629937    26.7585      8.079  277.20816  277.33421    65.7856    14.1638 -9.990e-29
 126.499621      8.174    12.2886  31.631894    26.7602      8.101  277.20431  277.33034    65.0385    14.0061 -9.990e-29
 126.499624      8.190    12.2888  31.632700    26.7608      8.117  277.20158  277.32762    65.0385    13.9980 -9.990e-29
 126.499627      8.208    12.2890  31.634254    26.7621      8.135  277.19814  277.32417    65.3498    13.9818 -9.990e-29
 126.499630      8.225    12.2891  31.636038    26.7637      8.151  277.19428  277.32030    65.1163    13.9494 -9.990e-29
 126.499633      8.241    12.2894  31.636441    26.7639      8.168  277.19228  277.31832    65.2408    13.9414 -9.990e-29
 126.499635      8.261    12.2897  31.636038    26.7646      8.187  277.19176  277.31782    66.8440    13.8645 -9.990e-29
 126.499638      8.287    12.2901  31.637822    26.7653      8.213  277.18663  277.31270    66.7661    13.8847 0.0000e+00
 126.499641      8.313    12.2902  31.639204    26.7659      8.238  277.18382  277.30988    66.5015    13.9211 0.0000e+00
 126.499644      8.342    12.2905  31.640182    26.7666      8.267  277.18079  277.30686    66.5949    13.8969 0.0000e+00
 126.499647      8.373    12.2908  31.640585    26.7666      8.298  277.17849  277.30458    66.2369    14.2770 0.0000e+00
 126.499650      8.406    12.2907  31.639434    26.7667      8.330  277.18124  277.30733    66.1124    14.3417 -9.990e-29
 126.499653      8.427    12.2908  31.640585    26.7667      8.352  277.17852  277.30462    66.2681    14.3053 -9.990e-29
 126.499656      8.456    12.2909  31.640816    26.7668      8.381  277.17781  277.30390    66.1280    14.3053 -9.990e-29
 126.499659      8.478    12.2909  31.638801    26.7649      8.402  277.18148  277.30759    66.0657    13.9818 -9.990e-29
 126.499661      8.500    12.2907  31.637823    26.7642      8.424  277.18422  277.31034    66.2058    13.9818 -9.990e-29
 126.499664      8.522    12.2907  31.637017    26.7634      8.446  277.18570  277.31182    65.9412    14.0020 -9.990e-29
 126.499667      8.542    12.2908  31.640183    26.7663      8.466  277.17933  277.30543    66.1747    13.9697 -9.990e-29
 126.499670      8.558    12.2907  31.639837    26.7660      8.482  277.18029  277.30638    66.8751    13.9292 -9.990e-29
 126.499673      8.577    12.2908  31.641564    26.7671      8.500  277.17685  277.30293    66.9218    13.7796 -9.990e-29
 126.499676      8.602    12.2912  31.641392    26.7674      8.525  277.17559  277.30170    66.7661    13.7756 0.0000e+00
 126.499679      8.631    12.2911  31.641967    26.7675      8.554  277.17488  277.30098    66.7039    13.7634 0.0000e+00
 126.499682      8.661    12.2914  31.641967    26.7677      8.583  277.17363  277.29975    66.7973    13.7837 0.0000e+00
 126.499685      8.690    12.2914  31.643003    26.7675      8.612  277.17145  277.29756    69.0385    14.2002 0.0000e+00
 126.499687      8.717    12.2915  31.641392    26.7679      8.639  277.17407  277.30021    69.0074    14.1314 0.0000e+00
 126.499690      8.743    12.2916  31.642601    26.7679      8.665  277.17158  277.29770    68.8673    14.1314 0.0000e+00
 126.499693      8.768    12.2919  31.643349    26.7681      8.690  277.16865  277.29479    68.7739    14.1759 0.0000e+00
 126.499696      8.794    12.2917  31.643579    26.7683      8.715  277.16920  277.29533    67.1241    13.9737 -9.990e-29
 126.499699      8.818    12.2919  31.643004    26.7680      8.739  277.16931  277.29545    67.2486    13.9818 -9.990e-29
 126.499702      8.836    12.2919  31.642371    26.7675      8.757  277.17079  277.29693    67.4354    13.9292 -9.990e-29
 126.499705      8.851    12.2919  31.641565    26.7667      8.772  277.17226  277.29841    67.0307    13.9454 -9.990e-29
 126.499708      8.869    12.2918  31.641220    26.7664      8.790  277.17321  277.29937    68.5716    13.7553 -9.990e-29
 126.499711      8.887    12.2919  31.642774    26.7678      8.808  277.17009  277.29623    68.5249    13.7675 -9.990e-29
 126.499714      8.911    12.2918  31.643580    26.7686      8.831  277.16896  277.29509    68.7739    13.7837 -9.990e-29
 126.499716      8.935    12.2919  31.643177    26.7684      8.855  277.16939  277.29553    68.4315    13.7594 -9.990e-29
 126.499719      8.961    12.2920  31.643580    26.7684      8.880  277.16804  277.29418    68.7117    13.7594 0.0000e+00
 126.499722      8.993    12.2921  31.643580    26.7684      8.913  277.16774  277.29389    68.4004    14.0182 0.0000e+00
 126.499725      9.020    12.2923  31.642774    26.7684      8.940  277.16827  277.29444    68.4315    14.0141 0.0000e+00
 126.499728      9.050    12.2923  31.644962    26.7685      8.969  277.16432  277.29047    68.4626    13.9858 0.0000e+00
 126.499731      9.081    12.2922  31.643177    26.7695      8.999  277.16789  277.29406    68.4471    14.0505 -9.990e-29
 126.499734      9.104    12.2924  31.643983    26.7685      9.023  277.16581  277.29198    68.1202    13.8484 -9.990e-29
 126.499737      9.130    12.2926  31.644559    26.7689      9.048  277.16383  277.29000    67.9646    13.7877 -9.990e-29
 126.499740      9.151    12.2924  31.644156    26.7687      9.070  277.16553  277.29169    67.9801    13.7877 -9.990e-29
 126.499742      9.166    12.2924  31.643753    26.7683      9.084  277.16627  277.29244    67.9957    13.8726 -9.990e-29
 126.499745      9.184    12.2924  31.644559    26.7690      9.102  277.16450  277.29067    63.9179    13.9980 -9.990e-29
 126.499748      9.202    12.2926  31.644962    26.7692      9.120  277.16315  277.28932    63.9023    13.9818 -9.990e-29
 126.499751      9.220    12.2925  31.644789    26.7691      9.138  277.16379  277.28996    63.9801    13.9858 -9.990e-29
 126.499754      9.244    12.2925  31.644386    26.7687      9.162  277.16454  277.29071    64.0735    13.9494 -9.990e-29
 126.499757      9.266    12.2925  31.645365    26.7693      9.183  277.16278  277.28894    67.3731    14.0384 -9.990e-29
 126.499760      9.299    12.2922  31.644790    26.7696      9.216  277.16511  277.29126    67.2486    14.0344 0.0000e+00
 126.499763      9.326    12.2923  31.645365    26.7696      9.243  277.16377  277.28992    67.0463    14.0627 0.0000e+00
 126.499766      9.355    12.2919  31.645768    26.7698      9.272  277.16465  277.29077    67.2642    13.9939 -9.990e-29
 126.499769      9.377    12.2920  31.645135    26.7698      9.293  277.16549  277.29162    67.0619    14.0546 -9.990e-29
 126.499771      9.405    12.2920  31.645768    26.7703      9.320  277.16436  277.29049    68.5405    13.7756 -9.990e-29
 126.499774      9.427    12.2919  31.644963    26.7696      9.342  277.16616  277.29228    68.1669    13.8079 -9.990e-29
 126.499777      9.448    12.2918  31.644387    26.7692      9.364  277.16785  277.29398    68.2447    13.8524 -9.990e-29
 126.499780      9.467    12.2920  31.644790    26.7694      9.382  277.16618  277.29231    68.3692    13.8524 -9.990e-29
 126.499783      9.483    12.2921  31.644790    26.7693      9.398  277.16555  277.29170    66.6727    14.0020 -9.990e-29
 126.499786      9.503    12.2923  31.644963    26.7693      9.418  277.16462  277.29077    66.8751    14.0667 -9.990e-29
 126.499789      9.525    12.2921  31.644790    26.7702      9.440  277.16590  277.29204    66.3770    14.0222 -9.990e-29
 126.499792      9.551    12.2924  31.645942    26.7700      9.465  277.16255  277.28870    66.7817    14.0020 0.0000e+00
 126.499795      9.576    12.2926  31.645769    26.7702      9.491  277.16161  277.28778    64.6027    13.9414 0.0000e+00
 126.499797      9.607    12.2926  31.647151    26.7709      9.521  277.15944  277.28559    64.6805    13.9778 0.0000e+00
 126.499800      9.635    12.2926  31.646920    26.7709      9.548  277.15956  277.28572    64.4315    13.9454 0.0000e+00
 126.499803      9.664    12.2926  31.646345    26.7708      9.577  277.16063  277.28679    64.6650    13.9939 0.0000e+00
 126.499806      9.693    12.2927  31.646921    26.7706      9.606  277.15928  277.28544    68.0113    14.2608 0.0000e+00
 126.499809      9.722    12.2926  31.646921    26.7708      9.635  277.15994  277.28609    68.0113    14.2002 -9.990e-29
 126.499812      9.744    12.2924  31.647324    26.7714      9.657  277.16017  277.28631    67.8712    14.1880 -9.990e-29
 126.499815      9.768    12.2924  31.647554    26.7716      9.680  277.15977  277.28590    67.8401    14.2082 -9.990e-29
