Processed/SBE19plus_01907321_2022_05_09_Cast97_wfilter.cnv
* Sea-Bird SBE19plus  Data File:
* FileName = E:\Prandtl_Daten\2022\CTD\Raw\SBE19plus_01907321_2022_05_09_Cast97.hex
* Software version 2.6.1.12
* Temperature SN = 7321
* Conductivity SN = 7321
* System UpLoad Time = May 09 2022 10:14:45
* <ApplicationData>
* <Seaterm232>
** Messpraktikum 2022
** CTD 09.05 NM
** NMEA Latitude = 54 01.446 N
** NMEA Longitude = 008 33.477 E
# nquan = 11
# nvalues = 509                         
# units = specified
# name 0 = timeJ: Julian Days
# name 1 = prdM: Pressure, Strain Gauge [db]
# name 2 = tv290C: Temperature [ITS-90, deg C]
# name 3 = c0mS/cm: Conductivity [mS/cm]
# name 4 = sal00: Salinity, Practical [PSU]
# name 5 = depSM: Depth [salt water, m], lat = 54.00
# name 6 = oxsatMm/Kg: Oxygen Saturation, Weiss [umol/kg]
# name 7 = oxsolMm/Kg: Oxygen Saturation, Garcia & Gordon [umol/kg]
# name 8 = turbWETntu0: Turbidity, WET Labs ECO [NTU]
# name 9 = flECO-AFL: Fluorescence, WET Labs ECO-AFL/FL [mg/m^3]
# name 10 = flag:  0.000e+00
# span 0 = 129.421696, 129.423166       
# span 1 =      0.659,     15.643       
# span 2 =    11.6817,    12.1499       
# span 3 =  26.913655,  30.749134       
# span 4 =    22.4815,    26.3562       
# span 5 =      0.654,     15.503       
# span 6 =  281.58147,  286.49637       
# span 7 =  281.67664,  286.66043       
# span 8 =    14.3459,   104.0735       
# span 9 =    13.5046,    21.9639       
# span 10 = 0.0000e+00, 0.0000e+00      
# interval = seconds: 0.25
# start_time = May 09 2022 10:06:03 [Instrument's time stamp, header]
# bad_flag = -9.990e-29
*END*
 129.421696      0.659    12.1499  26.913655    22.4815      0.654  286.49214  286.65660    22.0657    14.1476 0.0000e+00
 129.421698      0.705    12.1492  26.925834    22.4931      0.699  286.47353  286.63783    21.9879    14.1355 0.0000e+00
 129.421701      0.741    12.1468  26.932438    22.4968      0.735  286.47286  286.63696    22.0191    14.1395 0.0000e+00
 129.421704      0.768    12.1451  26.928432    22.5006      0.761  286.48897  286.65300    22.4237    13.8524 -9.990e-29
 129.421707      0.789    12.1450  26.924806    22.5122      0.782  286.49637  286.66043    22.5638    13.9454 -9.990e-29
 129.421710      0.832    12.1454  26.944187    22.5216      0.825  286.45820  286.62210    22.5171    13.9333 0.0000e+00
 129.421713      0.881    12.1440  26.963735    22.5310      0.873  286.42912  286.59275    22.4237    13.8605 0.0000e+00
 129.421716      0.932    12.1413  26.964061    22.5329      0.924  286.44212  286.60558    21.9568    14.1921 0.0000e+00
 129.421719      0.987    12.1397  26.963628    22.5331      0.978  286.45095  286.61432    22.2214    14.1355 0.0000e+00
 129.421722      1.033    12.1392  26.970506    22.5334      1.024  286.44072  286.60399    21.9412    14.1880 -9.990e-29
 129.421725      1.046    12.1386  26.971535    22.5414      1.036  286.44196  286.60518    22.0035    14.1718 -9.990e-29
 129.421727      1.060    12.1379  26.973160    22.5432      1.051  286.44210  286.60527    22.7194    14.7339 -9.990e-29
 129.421730      1.055    12.1372  26.971048    22.5417      1.046  286.44947  286.61262    22.7817    14.7460 -9.990e-29
 129.421733      1.042    12.1372  26.968069    22.5390      1.033  286.45531  286.61848    22.7661    14.7299 -9.990e-29
 129.421736      1.042    12.1372  26.968611    22.5395      1.033  286.45431  286.61748    22.7973    14.7056 -9.990e-29
 129.421739      1.052    12.1379  26.969694    22.5451      1.042  286.44884  286.61204    22.7350    14.7501 -9.990e-29
 129.421742      1.084    12.1387  26.975706    22.5457      1.075  286.43359  286.59678    21.7233    13.5046 0.0000e+00
 129.421745      1.139    12.1372  26.976086    22.5463      1.129  286.44023  286.60332    21.8790    13.5370 0.0000e+00
 129.421748      1.194    12.1358  26.984753    22.5463      1.183  286.43156  286.59449    21.8323    13.5249 0.0000e+00
 129.421751      1.245    12.1347  26.972945    22.5449      1.234  286.45861  286.62159    21.8323    13.5329 0.0000e+00
 129.421753      1.287    12.1348  26.971699    22.5449      1.275  286.46058  286.62358    21.4743    13.5087 0.0000e+00
 129.421756      1.318    12.1353  26.976086    22.5474      1.306  286.45007  286.61305    21.5521    13.5491 0.0000e+00
 129.421759      1.353    12.1367  26.980311    22.5489      1.341  286.43534  286.59836    21.6299    13.5491 0.0000e+00
 129.421762      1.379    12.1377  26.997323    22.5505      1.366  286.39909  286.56200    21.7078    13.5532 -9.990e-29
 129.421765      1.399    12.1360  27.010003    22.5782      1.386  286.38404  286.54673    21.8634    14.2851 -9.990e-29
 129.421768      1.422    12.1331  27.021710    22.6016      1.410  286.37669  286.53910    21.6922    14.3093 -9.990e-29
 129.421771      1.448    12.1300  27.031630    22.6052      1.435  286.37403  286.53615    21.7389    14.2770 0.0000e+00
 129.421774      1.484    12.1262  27.036889    22.6087      1.471  286.38310  286.54495    21.6455    14.2648 0.0000e+00
 129.421777      1.521    12.1220  27.044751    22.6185      1.507  286.38945  286.55096    21.7856    13.7715 0.0000e+00
 129.421780      1.568    12.1193  27.056680    22.6304      1.554  286.38099  286.54222    21.8167    13.7796 0.0000e+00
 129.421782      1.608    12.1176  27.054837    22.6306      1.594  286.39240  286.55356    21.7233    13.7958 0.0000e+00
 129.421785      1.639    12.1174  27.054999    22.6305      1.625  286.39316  286.55430    21.6922    13.7958 0.0000e+00
 129.421788      1.667    12.1174  27.053264    22.6306      1.652  286.39638  286.55754    21.7389    13.7837 -9.990e-29
 129.421791      1.687    12.1176  27.055379    22.6308      1.672  286.39145  286.55260    21.9257    13.8645 -9.990e-29
 129.421794      1.705    12.1178  27.051204    22.6269      1.690  286.39848  286.55968    21.7700    13.8847 -9.990e-29
 129.421797      1.722    12.1179  27.051909    22.6275      1.706  286.39649  286.55769    21.8634    13.9131 -9.990e-29
 129.421800      1.738    12.1183  27.055000    22.6301      1.723  286.38871  286.54990    21.7078    13.9333 -9.990e-29
 129.421803      1.760    12.1190  27.055921    22.6341      1.745  286.38389  286.54512    21.3654    14.0788 -9.990e-29
 129.421806      1.786    12.1186  27.059555    22.6348      1.770  286.37928  286.54044    21.6766    14.0748 0.0000e+00
 129.421808      1.817    12.1178  27.060423    22.6341      1.801  286.38151  286.54262    21.6299    14.0910 0.0000e+00
 129.421811      1.855    12.1165  27.053644    22.6299      1.839  286.40031  286.56141    21.5521    14.0950 0.0000e+00
 129.421814      1.893    12.1165  27.044535    22.6215      1.877  286.41716  286.57835    22.4237    14.4872 0.0000e+00
 129.421817      1.932    12.1169  27.041228    22.6199      1.915  286.42121  286.58246    22.6416    14.4792 0.0000e+00
 129.421820      1.965    12.1182  27.043668    22.6182      1.947  286.41047  286.57177    22.6261    14.5034 -9.990e-29
 129.421823      1.988    12.1192  27.048927    22.6241      1.971  286.39590  286.55721    22.4860    14.4347 -9.990e-29
 129.421826      2.014    12.1200  27.049686    22.6243      1.996  286.39035  286.55170    22.2369    14.5277 0.0000e+00
 129.421829      2.041    12.1213  27.050987    22.6245      2.023  286.38171  286.54313    22.0346    14.6045 0.0000e+00
 129.421832      2.074    12.1221  27.051530    22.6245      2.056  286.37691  286.53836    22.0657    14.6490 0.0000e+00
 129.421834      2.107    12.1216  27.049524    22.6245      2.088  286.38307  286.54451    22.0191    14.5964 0.0000e+00
 129.421837      2.141    12.1200  27.053265    22.6273      2.122  286.38382  286.54513    22.0657    14.6369 0.0000e+00
 129.421840      2.174    12.1184  27.063081    22.6373      2.155  286.37369  286.53481    21.8790    14.0344 0.0000e+00
 129.421843      2.211    12.1176  27.063244    22.6380      2.191  286.37758  286.53865    21.6299    14.0424 0.0000e+00
 129.421846      2.236    12.1171  27.067908    22.6425      2.216  286.37141  286.53240    21.8634    14.0344 0.0000e+00
 129.421849      2.263    12.1172  27.068830    22.6433      2.243  286.36903  286.53002    21.8167    14.0424 0.0000e+00
 129.421852      2.291    12.1176  27.074579    22.6483      2.270  286.35634  286.51730    21.9101    14.8148 0.0000e+00
 129.421855      2.318    12.1176  27.085971    22.6588      2.297  286.33566  286.49651    21.8323    14.7986 0.0000e+00
 129.421858      2.349    12.1168  27.090257    22.6632      2.328  286.33158  286.49234    21.9568    14.8310 0.0000e+00
 129.421861      2.380    12.1156  27.108488    22.6807      2.359  286.30382  286.46433    21.8478    14.7986 0.0000e+00
 129.421863      2.420    12.1147  27.123359    22.6949      2.398  286.28088  286.44119    22.4393    14.6692 0.0000e+00
 129.421866      2.460    12.1131  27.124228    22.6966      2.438  286.28728  286.44748    22.5638    14.6854 0.0000e+00
 129.421869      2.500    12.1121  27.123468    22.6966      2.478  286.29356  286.45371    22.4548    14.6854 0.0000e+00
 129.421872      2.535    12.1117  27.123197    22.6966      2.512  286.29616  286.45629    22.5949    14.6935 0.0000e+00
 129.421875      2.564    12.1122  27.122328    22.6966      2.542  286.29536  286.45553    22.5638    14.6530 -9.990e-29
 129.421878      2.585    12.1132  27.124771    22.6971      2.562  286.28600  286.44621    23.2642    14.5398 -9.990e-29
 129.421881      2.599    12.1146  27.116087    22.6883      2.576  286.29512  286.45549    23.2486    14.5519 -9.990e-29
 129.421884      2.601    12.1149  27.111474    22.6838      2.578  286.30191  286.46235    23.2642    14.5277 -9.990e-29
 129.421887      2.609    12.1151  27.108326    22.6808      2.585  286.30703  286.46751    23.2953    14.5641 -9.990e-29
 129.421889      2.621    12.1151  27.109032    22.6811      2.598  286.30574  286.46621    22.1591    15.5750 -9.990e-29
 129.421892      2.647    12.1157  27.109086    22.6832      2.623  286.30253  286.46304    22.2525    15.5952 0.0000e+00
 129.421895      2.680    12.1153  27.113428    22.6821      2.656  286.29626  286.45671    22.2681    15.5265 0.0000e+00
 129.421898      2.720    12.1141  27.109195    22.6831      2.696  286.31000  286.47042    22.3926    15.5507 0.0000e+00
 129.421901      2.769    12.1125  27.109195    22.6822      2.745  286.31801  286.47833    22.1903    14.3538 0.0000e+00
 129.421904      2.817    12.1127  27.108327    22.6822      2.792  286.31895  286.47928    22.2836    14.3376 0.0000e+00
 129.421907      2.865    12.1140  27.106482    22.6797      2.839  286.31579  286.47623    22.2992    14.3579 0.0000e+00
 129.421910      2.905    12.1151  27.098017    22.6713      2.879  286.32625  286.48683    22.5171    14.3740 0.0000e+00
 129.421913      2.947    12.1158  27.092754    22.6660      2.921  286.33253  286.49320    22.4704    14.5398 0.0000e+00
 129.421916      2.978    12.1158  27.083260    22.6616      2.951  286.34974  286.51051    22.4548    14.5439 0.0000e+00
 129.421918      3.005    12.1157  27.089282    22.6572      2.978  286.33932  286.50003    22.4393    14.5034 -9.990e-29
 129.421921      3.029    12.1155  27.096444    22.6695      3.002  286.32680  286.48743    22.5949    14.5641 -9.990e-29
 129.421924      3.050    12.1160  27.092429    22.6655      3.023  286.33180  286.49250    22.3926    14.5519 -9.990e-29
 129.421927      3.076    12.1159  27.087275    22.6608      3.049  286.34203  286.50277    23.4198    14.8674 -9.990e-29
 129.421930      3.100    12.1152  27.077565    22.6399      3.072  286.36346  286.52425    23.6533    14.8593 -9.990e-29
 129.421933      3.138    12.1141  27.063409    22.6416      3.110  286.39518  286.55605    23.5132    14.8754 0.0000e+00
 129.421936      3.164    12.1127  27.066012    22.6432      3.135  286.39733  286.55809    23.3887    14.8350 0.0000e+00
 129.421939      3.193    12.1119  27.065525    22.6432      3.165  286.40207  286.56278    23.0307    15.2758 0.0000e+00
 129.421942      3.224    12.1111  27.064982    22.6432      3.195  286.40691  286.56758    23.0619    15.2475 -9.990e-29
 129.421944      3.248    12.1111  27.064982    22.6431      3.219  286.40692  286.56760    23.0463    15.2434 -9.990e-29
 129.421947      3.270    12.1108  27.067803    22.6459      3.240  286.40346  286.56408    22.8284    15.2475 -9.990e-29
 129.421950      3.291    12.1107  27.069050    22.6471      3.262  286.40152  286.56212    23.5910    15.8297 -9.990e-29
 129.421953      3.317    12.1107  27.067966    22.6461      3.287  286.40354  286.56415    23.5755    15.8176 -9.990e-29
 129.421956      3.337    12.1105  27.065688    22.6441      3.307  286.40880  286.56943    23.5288    15.8459 -9.990e-29
 129.421959      3.362    12.1102  27.062868    22.6432      3.332  286.41541  286.57605    23.5132    15.8257 -9.990e-29
 129.421962      3.392    12.1098  27.064224    22.6432      3.361  286.41501  286.57561    23.8245    15.4982 0.0000e+00
 129.421965      3.423    12.1090  27.063736    22.6432      3.392  286.42009  286.58065    23.7000    15.4779 0.0000e+00
 129.421968      3.457    12.1088  27.060590    22.6432      3.427  286.42662  286.58720    23.7934    15.4820 0.0000e+00
 129.421970      3.497    12.1082  27.065309    22.6446      3.466  286.42105  286.58154    23.7934    15.5022 0.0000e+00
 129.421973      3.545    12.1085  27.064983    22.6451      3.513  286.41994  286.58046    23.7311    15.5062 0.0000e+00
 129.421976      3.580    12.1098  27.071980    22.6503      3.548  286.40079  286.56131    23.0619    15.0574 0.0000e+00
 129.421979      3.620    12.1111  27.077187    22.6543      3.587  286.38494  286.54549    23.0463    15.0614 0.0000e+00
 129.421982      3.652    12.1113  27.084022    22.6604      3.620  286.37094  286.53144    23.0619    15.0574 0.0000e+00
 129.421985      3.682    12.1106  27.086952    22.6636      3.649  286.36937  286.52979    23.0152    15.0170 0.0000e+00
 129.421988      3.713    12.1097  27.094330    22.6672      3.679  286.35991  286.52021    22.4548    14.6935 0.0000e+00
 129.421991      3.742    12.1092  27.096446    22.6708      3.708  286.35880  286.51904    22.5638    14.6773 -9.990e-29
 129.421994      3.766    12.1085  27.094493    22.6717      3.732  286.36554  286.52577    22.5794    14.7056 -9.990e-29
 129.421997      3.791    12.1081  27.094113    22.6716      3.757  286.36834  286.52855    22.4548    14.6733 -9.990e-29
 129.421999      3.811    12.1083  27.094873    22.6722      3.777  286.36626  286.52646    22.5794    14.5883 -9.990e-29
 129.422002      3.836    12.1088  27.096067    22.6730      3.802  286.36164  286.52186    22.5015    14.6166 -9.990e-29
 129.422005      3.858    12.1090  27.106919    22.6905      3.824  286.34056  286.50069    22.4082    14.6247 -9.990e-29
 129.422008      3.886    12.1091  27.115385    22.7041      3.851  286.32423  286.48429    22.5015    14.6247 0.0000e+00
 129.422011      3.913    12.1088  27.144752    22.7178      3.878  286.27172  286.43147    22.7350    14.7986 0.0000e+00
 129.422014      3.944    12.1060  27.158435    22.7255      3.909  286.26032  286.41976    22.8906    14.8148 0.0000e+00
 129.422017      3.977    12.1036  27.149856    22.7255      3.941  286.28763  286.44702    22.7350    14.8067 0.0000e+00
 129.422020      4.012    12.1030  27.141224    22.7198      3.976  286.30673  286.46616    22.6416    14.7824 0.0000e+00
 129.422023      4.043    12.1029  27.143178    22.7198      4.006  286.30382  286.46323    22.6572    14.8148 0.0000e+00
 129.422025      4.076    12.1032  27.144210    22.7206      4.039  286.30055  286.45997    22.0035    14.8512 0.0000e+00
 129.422028      4.105    12.1035  27.145622    22.7212      4.068  286.29623  286.45565    21.9568    14.8431 0.0000e+00
 129.422031      4.139    12.1034  27.159359    22.7217      4.102  286.27120  286.43049    22.0191    14.8633 -9.990e-29
 129.422034      4.163    12.1028  27.168049    22.7427      4.126  286.25828  286.41743    22.0969    14.8431 -9.990e-29
 129.422037      4.185    12.1024  27.172774    22.7473      4.148  286.25164  286.41072    22.4704    15.3445 -9.990e-29
 129.422040      4.209    12.1020  27.155613    22.7285      4.171  286.28510  286.44434    22.4082    15.3485 -9.990e-29
 129.422043      4.236    12.1023  27.152300    22.7293      4.199  286.28985  286.44914    22.5794    15.3566 0.0000e+00
 129.422046      4.266    12.1032  27.154527    22.7300      4.228  286.28160  286.44091    22.4860    15.3768 0.0000e+00
 129.422049      4.298    12.1026  27.158437    22.7340      4.260  286.27716  286.43640    22.8595    14.6692 0.0000e+00
 129.422052      4.339    12.1014  27.183312    22.7576      4.300  286.23710  286.39602    22.6727    14.7016 0.0000e+00
 129.422054      4.377    12.0998  27.194558    22.7640      4.338  286.22430  286.38302    22.7817    14.6611 0.0000e+00
 129.422057      4.415    12.0985  27.188419    22.7662      4.376  286.24191  286.40061    22.7194    14.6935 0.0000e+00
 129.422060      4.445    12.0984  27.190701    22.7662      4.405  286.23840  286.39707    21.9879    14.9442 0.0000e+00
 129.422063      4.476    12.0985  27.191570    22.7669      4.436  286.23612  286.39479    21.9879    14.9320 0.0000e+00
 129.422066      4.509    12.0992  27.197547    22.7694      4.468  286.22163  286.38028    21.9879    14.9442 0.0000e+00
 129.422069      4.538    12.0994  27.203469    22.7720      4.497  286.21001  286.36861    22.1747    14.8997 -9.990e-29
 129.422072      4.558    12.0995  27.202980    22.7768      4.517  286.21023  286.36884    21.9568    14.9118 -9.990e-29
