Processed/SBE19plus_01907321_2022_05_08_Cast89_wfilter.cnv
* Sea-Bird SBE19plus  Data File:
* FileName = E:\Prandtl Daten\2022\CTD\Raw\SBE19plus_01907321_2022_05_08_Cast89.hex
* Software version 2.6.1.12
* Temperature SN = 7321
* Conductivity SN = 7321
* System UpLoad Time = May 08 2022 13:02:32
* <ApplicationData>
* <Seaterm232>
** Messpraktikum 2022
** CTD 08.05 BW2
** NMEA Latitude = 54 07.80 N
** NMEA Longitude = 008 45.07 E
# nquan = 11
# nvalues = 522                         
# units = specified
# name 0 = timeJ: Julian Days
# name 1 = prdM: Pressure, Strain Gauge [db]
# name 2 = tv290C: Temperature [ITS-90, deg C]
# name 3 = c0mS/cm: Conductivity [mS/cm]
# name 4 = sal00: Salinity, Practical [PSU]
# name 5 = depSM: Depth [salt water, m], lat = 54.00
# name 6 = oxsatMm/Kg: Oxygen Saturation, Weiss [umol/kg]
# name 7 = oxsolMm/Kg: Oxygen Saturation, Garcia & Gordon [umol/kg]
# name 8 = turbWETntu0: Turbidity, WET Labs ECO [NTU]
# name 9 = flECO-AFL: Fluorescence, WET Labs ECO-AFL/FL [mg/m^3]
# name 10 = flag:  0.000e+00
# span 0 = 128.538695, 128.540203       
# span 1 =      0.597,     15.981       
# span 2 =    12.5861,    13.2960       
# span 3 =  32.170153,  32.719881       
# span 4 =    26.9969,    27.0685       
# span 5 =      0.591,     15.837       
# span 6 =  270.82320,  274.90739       
# span 7 =  271.00412,  275.04788       
# span 8 =     2.5171,   322.6105       
# span 9 =     3.3187,    20.1726       
# span 10 = 0.0000e+00, 0.0000e+00      
# interval = seconds: 0.25
# start_time = May 08 2022 12:54:24 [Instrument's time stamp, header]
# bad_flag = -9.990e-29
*END*
[from data line 132]
 128.539077      4.379    13.1587  32.606792    27.0474      4.340  271.61590  271.78924     5.8012     4.5601 0.0000e+00
 128.539080      4.413    13.1557  32.607841    27.0472      4.374  271.62732  271.80045     4.9918     4.6652 0.0000e+00
 128.539083      4.444    13.1534  32.604930    27.0472      4.405  271.64215  271.81517     5.1163     4.6895 0.0000e+00
 128.539086      4.483    13.1511  32.601960    27.0461      4.443  271.65740  271.83029     5.0385     4.6895 0.0000e+00
 128.539089      4.517    13.1480  32.595089    27.0427      4.477  271.68288  271.85564     5.0541     4.7057 0.0000e+00
 128.539091      4.555    13.1432  32.592237    27.0427      4.515  271.70862  271.88111     4.7584     4.6733 0.0000e+00
 128.539094      4.592    13.1387  32.591655    27.0452      4.551  271.72948  271.90169     4.8206     4.5520 0.0000e+00
 128.539097      4.625    13.1351  32.588686    27.0453      4.584  271.75008  271.92209     4.8362     4.5480 0.0000e+00
 128.539100      4.650    13.1321  32.589793    27.0452      4.609  271.76139  271.93320     4.6494     4.5601 -9.990e-29
 128.539103      4.671    13.1308  32.594917    27.0540      4.629  271.75817  271.92984     4.8829     4.5439 -9.990e-29
 128.539106      4.694    13.1323  32.597595    27.0554      4.652  271.74692  271.91867     3.4510     4.1719 -9.990e-29
 128.539109      4.716    13.1351  32.601147    27.0566      4.674  271.72849  271.90039     3.5599     4.1638 -9.990e-29
 128.539112      4.740    13.1385  32.606563    27.0556      4.698  271.70463  271.87669     3.5910     4.1598 -9.990e-29
 128.539115      4.773    13.1431  32.606155    27.0553      4.730  271.68522  271.85758     3.5599     4.2124 0.0000e+00
 128.539117      4.806    13.1464  32.608251    27.0556      4.763  271.66745  271.83999     4.7739     4.0951 0.0000e+00
 128.539120      4.833    13.1490  32.611104    27.0551      4.790  271.65119  271.82387     4.8362     4.1274 0.0000e+00
 128.539123      4.866    13.1513  32.611512    27.0553      4.822  271.64012  271.81294     4.8829     4.1274 0.0000e+00
 128.539126      4.897    13.1532  32.613550    27.0546      4.853  271.62842  271.80135     4.8829     4.1153 -9.990e-29
 128.539129      4.921    13.1554  32.618909    27.0585      4.877  271.60970  271.78272     4.3226     4.0223 -9.990e-29
 128.539132      4.946    13.1589  32.622636    27.0593      4.902  271.58783  271.76104     4.3848     4.0061 -9.990e-29
 128.539135      4.970    13.1632  32.623801    27.0574      4.926  271.56727  271.74074     4.2914     4.0385 -9.990e-29
 128.539138      4.992    13.1666  32.629334    27.0600      4.948  271.54290  271.71653     4.2759     4.0223 -9.990e-29
 128.539141      5.018    13.1712  32.633470    27.0606      4.973  271.51593  271.68981     3.9957     4.0304 -9.990e-29
 128.539144      5.039    13.1755  32.634518    27.0565      4.994  271.49525  271.66940     4.0424     4.1638 -9.990e-29
 128.539146      5.065    13.1792  32.635275    27.0563      5.019  271.47792  271.65229     4.0113     4.1800 0.0000e+00
 128.539149      5.101    13.1817  32.636731    27.0561      5.055  271.46472  271.63924     4.1358     4.1800 0.0000e+00
 128.539152      5.136    13.1834  32.636906    27.0550      5.090  271.45689  271.63151     3.9957     4.1679 0.0000e+00
 128.539155      5.170    13.1851  32.637663    27.0545      5.124  271.44837  271.62309     4.0580     4.1234 0.0000e+00
 128.539158      5.210    13.1860  32.633469    27.0499      5.164  271.45157  271.62639     4.0268     4.1194 0.0000e+00
 128.539161      5.249    13.1852  32.632828    27.0499      5.202  271.45616  271.63094     4.0580     4.0668 0.0000e+00
 128.539164      5.291    13.1833  32.630790    27.0494      5.244  271.46822  271.64289     4.1047     4.1032 0.0000e+00
 128.539167      5.329    13.1810  32.627528    27.0480      5.281  271.48396  271.65851     4.2603     4.1800 0.0000e+00
 128.539170      5.366    13.1782  32.622169    27.0476      5.318  271.50523  271.67965     4.2914     4.1841 0.0000e+00
 128.539172      5.402    13.1741  32.621762    27.0464      5.354  271.52389  271.69806     4.2292     4.1598 0.0000e+00
 128.539175      5.433    13.1711  32.623801    27.0476      5.384  271.53327  271.70724     4.2136     4.1557 -9.990e-29
 128.539178      5.453    13.1705  32.626131    27.0542      5.404  271.53208  271.70598     5.0074     4.7663 -9.990e-29
 128.539181      5.473    13.1711  32.628345    27.0558      5.424  271.52542  271.69935     5.0541     4.7825 -9.990e-29
 128.539184      5.489    13.1729  32.629743    27.0558      5.440  271.51546  271.68948     5.0074     4.7866 -9.990e-29
 128.539187      5.517    13.1745  32.629976    27.0548      5.468  271.50784  271.68196     4.9607     4.8027 -9.990e-29
 128.539190      5.539    13.1757  32.627296    27.0497      5.489  271.50746  271.68168     5.0229     4.7825 -9.990e-29
 128.539193      5.570    13.1753  32.625025    27.0486      5.520  271.51299  271.68721     4.7895     4.2568 0.0000e+00
 128.539196      5.603    13.1737  32.621355    27.0493      5.553  271.52661  271.70076     4.8517     4.2568 0.0000e+00
 128.539198      5.636    13.1708  32.621123    27.0493      5.585  271.53962  271.71359     4.7895     4.2407 0.0000e+00
 128.539201      5.665    13.1687  32.622230    27.0501      5.614  271.54653  271.72036     4.8517     4.2204 0.0000e+00
 128.539204      5.697    13.1678  32.619725    27.0501      5.647  271.55498  271.72878     5.0385     4.4469 0.0000e+00
 128.539207      5.732    13.1666  32.617629    27.0496      5.681  271.56367  271.73741     5.0696     4.4145 0.0000e+00
 128.539210      5.760    13.1648  32.615416    27.0490      5.708  271.57540  271.74904     4.9918     4.4226 -9.990e-29
 128.539213      5.784    13.1629  32.613436    27.0450      5.732  271.58703  271.76057     4.9918     4.4307 -9.990e-29
 128.539216      5.811    13.1606  32.608660    27.0436      5.759  271.60540  271.77884     7.0619     5.3405 0.0000e+00
 128.539219      5.836    13.1573  32.602895    27.0424      5.784  271.62989  271.80317     7.0619     5.3001 0.0000e+00
 128.539222      5.864    13.1521  32.599227    27.0421      5.811  271.65862  271.83161     7.1085     5.2880 0.0000e+00
 128.539225      5.889    13.1465  32.590261    27.0382      5.837  271.69874  271.87146     7.1864     5.3163 0.0000e+00
 128.539227      5.924    13.1399  32.574833    27.0300      5.871  271.75420  271.92664     6.6105     5.6074 0.0000e+00
 128.539230      5.957    13.1296  32.568314    27.0288      5.904  271.81025  271.98209     6.5327     5.6236 0.0000e+00
 128.539233      5.995    13.1189  32.558712    27.0300      5.942  271.87387  272.04512     6.5638     5.6276 0.0000e+00
 128.539236      6.028    13.1085  32.552252    27.0302      5.974  271.93015  272.10080     6.6572     5.6236 0.0000e+00
 128.539239      6.065    13.0988  32.547831    27.0331      6.010  271.98037  272.15044     6.4860     5.6236 0.0000e+00
 128.539242      6.101    13.0911  32.548646    27.0359      6.046  272.01234  272.18193     7.9023     5.7853 0.0000e+00
 128.539245      6.136    13.0868  32.541722    27.0383      6.081  272.04299  272.21237     8.1202     5.7651 0.0000e+00
 128.539248      6.166    13.0818  32.540500    27.0368      6.111  272.06686  272.23594     7.9490     5.7489 0.0000e+00
 128.539251      6.192    13.0778  32.535671    27.0376      6.137  272.09292  272.26178     8.0580     5.7287 0.0000e+00
 128.539253      6.218    13.0736  32.531308    27.0368      6.162  272.11880  272.28744     6.9996     5.6074 -9.990e-29
 128.539256      6.240    13.0689  32.527003    27.0351      6.184  272.14679  272.31516     6.9840     5.6195 -9.990e-29
 128.539259      6.258    13.0644  32.523920    27.0349      6.202  272.17201  272.34012     6.8906     5.6438 -9.990e-29
 128.539262      6.284    13.0600  32.519906    27.0349      6.227  272.19792  272.36579     7.0152     5.6519 0.0000e+00
 128.539265      6.315    13.0561  32.519848    27.0349      6.258  272.21504  272.38267     7.0619     5.7570 -9.990e-29
 128.539268      6.340    13.0532  32.518220    27.0384      6.283  272.23081  272.39826     6.9373     5.7409 -9.990e-29
 128.539271      6.373    13.0510  32.516766    27.0395      6.316  272.24281  272.41014     7.0152     5.7287 0.0000e+00
 128.539274      6.406    13.0496  32.517988    27.0397      6.349  272.24700  272.41423     6.9218     5.7813 0.0000e+00
 128.539277      6.439    13.0494  32.516999    27.0397      6.381  272.24969  272.41691     6.7350     5.4942 0.0000e+00
 128.539280      6.473    13.0486  32.515952    27.0397      6.415  272.25500  272.42218     6.7973     5.5104 0.0000e+00
 128.539282      6.506    13.0478  32.517814    27.0416      6.448  272.25492  272.42204     6.9218     5.4861 0.0000e+00
 128.539285      6.539    13.0481  32.518628    27.0421      6.480  272.25226  272.41939     6.8284     5.5225 0.0000e+00
 128.539288      6.572    13.0485  32.519559    27.0424      6.513  272.24909  272.41623     6.9218     5.4821 0.0000e+00
 128.539291      6.599    13.0491  32.519850    27.0427      6.540  272.24608  272.41326     6.3459     5.3041 -9.990e-29
 128.539294      6.623    13.0496  32.521072    27.0440      6.563  272.24144  272.40865     6.1903     5.3244 -9.990e-29
 128.539297      6.650    13.0504  32.522526    27.0440      6.591  272.23546  272.40270     6.2369     5.3244 0.0000e+00
 128.539300      6.676    13.0516  32.523515    27.0441      6.616  272.22871  272.39602     6.2525     5.3122 0.0000e+00
 128.539303      6.705    13.0528  32.524795    27.0444      6.645  272.22115  272.38852     6.7661     5.3365 0.0000e+00
 128.539306      6.734    13.0541  32.526366    27.0444      6.674  272.21307  272.38051     6.7973     5.3931 0.0000e+00
 128.539308      6.769    13.0553  32.525959    27.0436      6.708  272.20814  272.37566     6.8284     5.3729 0.0000e+00
 128.539311      6.802    13.0568  32.526366    27.0436      6.741  272.20115  272.36876     6.8595     5.3688 0.0000e+00
 128.539314      6.840    13.0577  32.528460    27.0442      6.779  272.19375  272.36139     6.1903     4.9766 0.0000e+00
 128.539317      6.878    13.0584  32.532126    27.0471      6.817  272.18423  272.35189     6.1280     4.9766 0.0000e+00
 128.539320      6.915    13.0603  32.534162    27.0472      6.853  272.17220  272.33997     6.3148     4.9726 0.0000e+00
 128.539323      6.949    13.0632  32.536024    27.0476      6.887  272.15639  272.32432     6.4548     4.9604 0.0000e+00
 128.539326      6.984    13.0655  32.538235    27.0474      6.922  272.14280  272.31085     6.5482     5.4578 0.0000e+00
 128.539329      7.010    13.0675  32.542483    27.0476      6.947  272.12628  272.29443     6.5638     5.4214 -9.990e-29
 128.539332      7.030    13.0707  32.543123    27.0484      6.967  272.11164  272.27998     6.5638     5.4052 -9.990e-29
 128.539334      7.055    13.0731  32.543763    27.0472      6.992  272.09984  272.26833     6.5794     5.4618 -9.990e-29
 128.539337      7.077    13.0746  32.542541    27.0450      7.014  272.09537  272.26397     6.5482     5.4416 -9.990e-29
 128.539340      7.097    13.0749  32.538409    27.0398      7.034  272.10133  272.26998     6.7194     5.2273 -9.990e-29
 128.539343      7.126    13.0733  32.535791    27.0402      7.063  272.11315  272.28172     6.8906     5.2394 0.0000e+00
 128.539346      7.155    13.0712  32.535151    27.0406      7.091  272.12310  272.29155     6.8284     5.2718 0.0000e+00
 128.539349      7.188    13.0691  32.534337    27.0414      7.124  272.13398  272.30230     6.6261     5.2111 0.0000e+00
 128.539352      7.221    13.0677  32.533930    27.0420      7.156  272.14069  272.30893     7.4510     5.7651 0.0000e+00
 128.539355      7.250    13.0672  32.536199    27.0444      7.185  272.13896  272.30715     7.5288     5.7287 0.0000e+00
 128.539358      7.285    13.0674  32.537014    27.0444      7.220  272.13662  272.30481     7.5443     5.7570 0.0000e+00
 128.539361      7.318    13.0683  32.536839    27.0446      7.252  272.13317  272.30141     7.6689     5.7651 0.0000e+00
 128.539363      7.352    13.0690  32.535792    27.0442      7.287  272.13187  272.30017     8.1202     6.2787 -9.990e-29
 128.539366      7.376    13.0688  32.533756    27.0410      7.310  272.13637  272.30468     7.9957     6.2665 -9.990e-29
 128.539369      7.402    13.0678  32.530265    27.0385      7.335  272.14688  272.31516     7.9957     6.2867 -9.990e-29
 128.539372      7.427    13.0660  32.525785    27.0357      7.361  272.16258  272.33078     8.1047     6.2544 -9.990e-29
 128.539375      7.451    13.0628  32.521713    27.0342      7.384  272.18355  272.35159     7.7311     6.0077 -9.990e-29
 128.539378      7.475    13.0589  32.517757    27.0330      7.408  272.20747  272.37529     7.7311     6.0158 -9.990e-29
 128.539381      7.506    13.0544  32.513918    27.0350      7.438  272.23370  272.40128     7.6222     6.0199 0.0000e+00
 128.539384      7.535    13.0502  32.514966    27.0369      7.467  272.25047  272.41777     7.8868     6.0077 0.0000e+00
 128.539387      7.571    13.0481  32.513338    27.0369      7.504  272.26247  272.42965     7.6222     6.0320 0.0000e+00
 128.539389      7.612    13.0466  32.513512    27.0381      7.543  272.26849  272.43557     7.5599     5.9552 0.0000e+00
 128.539392      7.643    13.0456  32.513105    27.0384      7.574  272.27363  272.44065     7.4976     5.9511 0.0000e+00
 128.539395      7.681    13.0449  32.514153    27.0399      7.612  272.27497  272.44194     7.6844     5.9592 0.0000e+00
 128.539398      7.717    13.0447  32.514967    27.0404      7.648  272.27421  272.44116     7.6222     5.9552 0.0000e+00
 128.539401      7.750    13.0452  32.514967    27.0404      7.681  272.27234  272.43932     7.2019     5.8864 0.0000e+00
 128.539404      7.783    13.0452  32.512931    27.0395      7.714  272.27591  272.44291     6.9218     5.8783 0.0000e+00
 128.539407      7.811    13.0445  32.513920    27.0385      7.741  272.27704  272.44399     7.1241     5.8986 -9.990e-29
 128.539410      7.834    13.0443  32.516771    27.0427      7.764  272.27302  272.43993     6.9840     5.8783 -9.990e-29
 128.539413      7.858    13.0452  32.516596    27.0419      7.788  272.26956  272.43653    10.1280     6.4768 -9.990e-29
 128.539416      7.880    13.0463  32.515549    27.0401      7.809  272.26668  272.43373    10.0813     6.4566 -9.990e-29
 128.539418      7.904    13.0461  32.513339    27.0382      7.833  272.27118  272.43824    10.2369     6.4687 -9.990e-29
 128.539421      7.925    13.0451  32.511710    27.0362      7.855  272.27845  272.44545    10.2214     6.4525 -9.990e-29
 128.539424      7.956    13.0436  32.509209    27.0350      7.885  272.28945  272.45638    11.7934     6.7760 0.0000e+00
 128.539427      7.989    13.0415  32.504963    27.0350      7.918  272.30601  272.47285    11.7934     6.7962 0.0000e+00
 128.539430      8.022    13.0389  32.504382    27.0345      7.950  272.31838  272.48506    11.8556     6.7801 0.0000e+00
 128.539433      8.051    13.0362  32.501707    27.0350      7.979  272.33504  272.50157    11.7311     6.8043 0.0000e+00
 128.539436      8.088    13.0345  32.502521    27.0357      8.015  272.34088  272.50730    11.6844     6.8043 0.0000e+00
 128.539439      8.121    13.0329  32.500486    27.0364      8.048  272.35139  272.51772    12.4938     7.0106 0.0000e+00
 128.539442      8.155    13.0315  32.500661    27.0361      8.082  272.35740  272.52364    12.4938     6.9661 0.0000e+00
 128.539444      8.190    13.0302  32.498916    27.0361      8.116  272.36582  272.53200    12.5405     6.9701 0.0000e+00
 128.539447      8.219    13.0290  32.496764    27.0350      8.145  272.37496  272.54107    12.4938     6.9903 0.0000e+00
 128.539450      8.246    13.0276  32.495369    27.0350      8.172  272.38371  272.54975    12.0268     7.2451 0.0000e+00
