Processed/SBE19plus_01907321_2022_05_10_Cast115_wfilter.cnv
* Sea-Bird SBE19plus  Data File:
* FileName = E:\Prandtl_Daten\2022\CTD\Raw\SBE19plus_01907321_2022_05_10_Cast115.hex
* Software version 2.6.1.12
* Temperature SN = 7321
* Conductivity SN = 7321
* System UpLoad Time = May 10 2022 13:23:39
* <ApplicationData>
* <Seaterm232>
** Messpraktikum 2022
** CTD 10.05  Mp3
** NMEA Latitude = 54 03.50N
** NMEA Longitude = 008 42.83E
# nquan = 11
# nvalues = 396                         
# units = specified
# name 0 = timeJ: Julian Days
# name 1 = prdM: Pressure, Strain Gauge [db]
# name 2 = tv290C: Temperature [ITS-90, deg C]
# name 3 = c0mS/cm: Conductivity [mS/cm]
# name 4 = sal00: Salinity, Practical [PSU]
# name 5 = depSM: Depth [salt water, m], lat = 54.00
# name 6 = oxsatMm/Kg: Oxygen Saturation, Weiss [umol/kg]
# name 7 = oxsolMm/Kg: Oxygen Saturation, Garcia & Gordon [umol/kg]
# name 8 = turbWETntu0: Turbidity, WET Labs ECO [NTU]
# name 9 = flECO-AFL: Fluorescence, WET Labs ECO-AFL/FL [mg/m^3]
# name 10 = flag:  0.000e+00
# span 0 = 130.552688, 130.553831       
# span 1 =      0.552,      8.219       
# span 2 =    14.3850,    14.4804       
# span 3 =  33.428548,  33.590794       
# span 4 =    26.9261,    27.0051       
# span 5 =      0.547,      8.145       
# span 6 =  264.36156,  265.01349       
# span 7 =  264.60586,  265.25354       
# span 8 =     4.2447,    51.6533       
# span 9 =     6.6385,    14.4145       
# span 10 = 0.0000e+00, 0.0000e+00      
# interval = seconds: 0.25
# start_time = May 10 2022 13:14:37 [Instrument's time stamp, header]
# bad_flag = -9.990e-29
*END*
[from data line 263]
 130.553449      5.731    14.4031  33.459383    26.9416      5.680  264.89447  265.13535     5.5677     7.5201 -9.990e-29
 130.553452      5.755    14.4036  33.460854    26.9426      5.704  264.88990  265.13080     6.2525     7.8193 -9.990e-29
 130.553455      5.781    14.4038  33.459384    26.9411      5.729  264.89137  265.13229     6.2836     7.8112 -9.990e-29
 130.553458      5.797    14.4035  33.459972    26.9419      5.745  264.89199  265.13288     6.2214     7.8193 -9.990e-29
 130.553461      5.813    14.4033  33.459560    26.9416      5.761  264.89329  265.13419     6.3770     7.8355 -9.990e-29
 130.553464      5.828    14.4033  33.459796    26.9418      5.776  264.89292  265.13381     6.0346     7.8476 -9.990e-29
 130.553466      5.841    14.4032  33.459972    26.9420      5.788  264.89295  265.13384     5.9879     7.8193 -9.990e-29
 130.553469      5.853    14.4032  33.459796    26.9419      5.801  264.89325  265.13413     5.9879     7.8597 -9.990e-29
 130.553472      5.875    14.4028  33.459384    26.9418      5.823  264.89581  265.13668     6.0191     7.8435 -9.990e-29
 130.553475      5.892    14.4024  33.457855    26.9407      5.839  264.89989  265.14074     6.0657     7.8233 -9.990e-29
 130.553478      5.921    14.4018  33.457149    26.9405      5.868  264.90356  265.14439     5.8167     7.2047 -9.990e-29
 130.553481      5.943    14.4009  33.453443    26.9378      5.890  264.91338  265.15418     5.7856     7.2047 -9.990e-29
 130.553484      5.967    14.3992  33.451325    26.9371      5.913  264.92375  265.16447     5.8012     7.1440 -9.990e-29
 130.553487      5.990    14.3979  33.451325    26.9380      5.937  264.92941  265.17005     5.9257     7.1763 -9.990e-29
 130.553490      6.018    14.3971  33.454267    26.9411      5.964  264.92777  265.16835     5.0229     6.7760 -9.990e-29
 130.553492      6.034    14.3977  33.454561    26.9410      5.980  264.92510  265.16571     5.0541     6.8165 -9.990e-29
 130.553495      6.058    14.3979  33.455561    26.9417      6.004  264.92254  265.16316     5.0385     6.7841 -9.990e-29
 130.553498      6.070    14.3985  33.453326    26.9393      6.016  264.92369  265.16435     5.1163     6.7760 -9.990e-29
 130.553501      6.087    14.3989  33.456208    26.9416      6.032  264.91743  265.15809     5.3654     6.7801 -9.990e-29
 130.553504      6.100    14.3996  33.454738    26.9398      6.045  264.91670  265.15741     5.2875     6.8043 -9.990e-29
 130.553507      6.114    14.3994  33.454914    26.9401      6.060  264.91736  265.15806     5.3187     6.7882 -9.990e-29
 130.553510      6.133    14.3995  33.452973    26.9383      6.078  264.92022  265.16094     5.3187     6.8043 -9.990e-29
 130.553513      6.152    14.3997  33.448149    26.9339      6.097  264.92715  265.16792     5.0541     6.7841 -9.990e-29
 130.553516      6.174    14.3977  33.445738    26.9331      6.119  264.93957  265.18024     5.0852     6.7882 -9.990e-29
 130.553519      6.196    14.3950  33.444385    26.9337      6.140  264.95277  265.19330     5.0541     6.8043 -9.990e-29
 130.553521      6.223    14.3928  33.442915    26.9339      6.168  264.96428  265.20470     5.1941     6.8043 -9.990e-29
 130.553524      6.247    14.3911  33.443504    26.9357      6.191  264.97055  265.21087     5.0385     6.8043 -9.990e-29
 130.553527      6.272    14.3903  33.442916    26.9357      6.216  264.97497  265.21525     5.0229     6.7801 -9.990e-29
 130.553530      6.294    14.3896  33.443092    26.9363      6.238  264.97752  265.21776     5.0074     6.8084 -9.990e-29
 130.553533      6.314    14.3894  33.443916    26.9371      6.257  264.97682  265.21704     5.0696     6.7882 -9.990e-29
 130.553536      6.332    14.3895  33.442916    26.9362      6.275  264.97815  265.21838     5.0541     6.7962 -9.990e-29
 130.553539      6.349    14.3900  33.443916    26.9368      6.292  264.97464  265.21489     5.1163     6.8488 -9.990e-29
 130.553542      6.363    14.3902  33.445739    26.9382      6.306  264.97074  265.21099     5.0541     6.8731 -9.990e-29
 130.553545      6.380    14.3910  33.447092    26.9389      6.323  264.96509  265.20538     4.9607     6.8892 -9.990e-29
 130.553547      6.390    14.3918  33.446916    26.9381      6.333  264.96193  265.20227     5.0074     6.8569 -9.990e-29
 130.553550      6.414    14.3923  33.446269    26.9372      6.357  264.96112  265.20149     5.4899     7.0672 -9.990e-29
 130.553553      6.438    14.3926  33.447916    26.9385      6.380  264.95719  265.19756     5.4120     7.0550 -9.990e-29
 130.553556      6.456    14.3931  33.447739    26.9379      6.399  264.95530  265.19570     5.5210     7.0591 -9.990e-29
 130.553559      6.480    14.3932  33.448739    26.9388      6.422  264.95337  265.19376     5.5366     7.0550 -9.990e-29
 130.553562      6.506    14.3934  33.449622    26.9394      6.448  264.95131  265.19172     5.2564     6.7962 -9.990e-29
 130.553565      6.531    14.3940  33.450151    26.9394      6.473  264.94764  265.18808     5.2875     6.7639 -9.990e-29
 130.553568      6.549    14.3945  33.449622    26.9386      6.491  264.94663  265.18710     5.2564     6.8326 -9.990e-29
 130.553571      6.575    14.3949  33.450916    26.9395      6.516  264.94297  265.18345     5.4276     6.8124 -9.990e-29
 130.553573      6.597    14.3955  33.451328    26.9395      6.538  264.93980  265.18031     5.3342     6.7801 -9.990e-29
 130.553576      6.613    14.3958  33.453210    26.9409      6.554  264.93518  265.17569     6.0035     7.1116 -9.990e-29
 130.553579      6.623    14.3966  33.454387    26.9414      6.563  264.93013  265.17068     6.0191     7.1197 -9.990e-29
 130.553582      6.637    14.3975  33.458740    26.9447      6.578  264.91927  265.15984     5.9724     7.1319 -9.990e-29
 130.553585      6.652    14.3995  33.461622    26.9459      6.592  264.90643  265.14709     5.9879     7.1440 -9.990e-29
 130.553588      6.674    14.4015  33.465270    26.9477      6.614  264.89203  265.13278     5.4899     6.9176 -9.990e-29
 130.553591      6.692    14.4036  33.465799    26.9467      6.632  264.88239  265.12326     5.5833     6.9459 -9.990e-29
 130.553594      6.717    14.4053  33.465505    26.9453      6.657  264.87599  265.11695     5.5054     6.9337 -9.990e-29
 130.553597      6.741    14.4062  33.471447    26.9499      6.681  264.86255  265.10352     5.5988     6.9176 -9.990e-29
 130.553600      6.768    14.4081  33.478155    26.9546      6.708  264.84380  265.08483     5.5988     6.8731 -9.990e-29
 130.553602      6.790    14.4115  33.477096    26.9512      6.730  264.83111  265.07234     5.5054     6.8569 -9.990e-29
 130.553605      6.814    14.4136  33.476448    26.9492      6.753  264.82340  265.06476     5.5054     6.8731 -9.990e-29
 130.553608      6.836    14.4145  33.478684    26.9506      6.775  264.81632  265.05771     5.5366     6.8892 -9.990e-29
 130.553611      6.856    14.4157  33.483863    26.9543      6.795  264.80288  265.04430     6.2525     6.9823 -9.990e-29
 130.553614      6.876    14.4180  33.487335    26.9559      6.815  264.78783  265.02935     6.1903     6.9984 -9.990e-29
 130.553617      6.887    14.4204  33.488747    26.9554      6.825  264.77550  265.01715     6.3770     6.9903 -9.990e-29
 130.553620      6.902    14.4222  33.488511    26.9540      6.840  264.76837  265.01012     6.2836     6.9944 -9.990e-29
 130.553623      6.920    14.4230  33.487982    26.9529      6.858  264.76579  265.00760     6.2369     6.9984 -9.990e-29
 130.553626      6.938    14.4231  33.485981    26.9511      6.876  264.76875  265.01057     6.7506     7.2208 -9.990e-29
 130.553628      6.960    14.4232  33.488335    26.9530      6.898  264.76430  265.00612     6.8284     7.2410 -9.990e-29
 130.553631      6.991    14.4235  33.483450    26.9485      6.928  264.77102  265.01289     6.8595     7.2815 -9.990e-29
 130.553634      7.014    14.4222  33.476683    26.9434      6.952  264.78770  265.02954     6.8284     7.2532 -9.990e-29
 130.553637      7.044    14.4192  33.477508    26.9462      6.981  264.79860  265.04027     6.0191     7.3098 -9.990e-29
 130.553640      7.067    14.4177  33.478685    26.9483      7.004  264.80329  265.04485     6.1747     7.3219 -9.990e-29
 130.553643      7.085    14.4169  33.474801    26.9454      7.022  264.81276  265.05431     5.9879     7.3017 -9.990e-29
 130.553646      7.113    14.4154  33.471860    26.9438      7.049  264.82384  265.06533     6.0969     7.3340 -9.990e-29
 130.553649      7.133    14.4134  33.472036    26.9453      7.069  264.83172  265.07310     6.4393     7.3947 -9.990e-29
 130.553652      7.155    14.4122  33.471448    26.9456      7.091  264.83771  265.07902     6.5171     7.3866 -9.990e-29
 130.553655      7.169    14.4118  33.469683    26.9443      7.105  264.84216  265.08346     6.5327     7.3866 -9.990e-29
 130.553657      7.184    14.4112  33.469036    26.9442      7.120  264.84605  265.08732     6.5949     7.3785 -9.990e-29
 130.553660      7.200    14.4106  33.467801    26.9435      7.136  264.85058  265.09182     6.5015     7.5362 -9.990e-29
 130.553663      7.218    14.4098  33.467448    26.9437      7.154  264.85430  265.09551     6.5949     7.5322 -9.990e-29
 130.553666      7.242    14.4090  33.465683    26.9426      7.177  264.86033  265.10150     6.5015     7.5079 -9.990e-29
 130.553669      7.260    14.4080  33.468036    26.9454      7.195  264.86089  265.10199     6.4860     7.4837 -9.990e-29
 130.553672      7.286    14.4079  33.471449    26.9485      7.221  264.85566  265.09673     6.5949     7.5201 -9.990e-29
 130.553675      7.310    14.4090  33.473744    26.9498      7.244  264.84754  265.08866     6.5949     7.6980 -9.990e-29
 130.553678      7.330    14.4103  33.473273    26.9485      7.264  264.84299  265.08418     6.6261     7.7142 -9.990e-29
 130.553681      7.355    14.4112  33.477098    26.9512      7.289  264.83270  265.07392     6.5327     7.7263 -9.990e-29
 130.553683      7.372    14.4129  33.485159    26.9573      7.306  264.81268  265.05393     6.5638     7.7384 -9.990e-29
 130.553686      7.390    14.4165  33.493398    26.9621      7.324  264.78422  265.02561     7.6222     8.0902 -9.990e-29
 130.553689      7.412    14.4217  33.495399    26.9603      7.346  264.75965  265.00133     7.5599     8.0983 -9.990e-29
 130.553692      7.421    14.4258  33.501402    26.9628      7.355  264.73264  264.97451     7.5755     8.0943 -9.990e-29
 130.553695      7.426    14.4292  33.507700    26.9660      7.360  264.70828  264.95030     7.5910     8.0821 -9.990e-29
 130.553698      7.439    14.4328  33.511349    26.9668      7.372  264.68762  264.92980     7.5288     8.0700 -9.990e-29
 130.553701      7.446    14.4352  33.507699    26.9618      7.379  264.68322  264.92557     7.5910     8.0255 -9.990e-29
 130.553704      7.459    14.4376  33.514704    26.9664      7.392  264.66211  264.90454     7.5288     8.0538 -9.990e-29
 130.553707      7.475    14.4414  33.530070    26.9774      7.408  264.62114  264.86368     7.5288     8.0093 -9.990e-29
 130.553709      7.494    14.4472  33.545438    26.9871      7.427  264.57234  264.81509     6.2214     8.0983 -9.990e-29
 130.553712      7.517    14.4544  33.552858    26.9887      7.450  264.53021  264.77332     6.2525     8.0781 -9.990e-29
 130.553715      7.539    14.4615  33.552857    26.9837      7.472  264.50077  264.74429     6.2681     8.0862 -9.990e-29
 130.553718      7.565    14.4660  33.556096    26.9835      7.497  264.47704  264.72078     6.3459     8.0821 -9.990e-29
 130.553721      7.590    14.4693  33.556861    26.9818      7.522  264.46203  264.70595     6.2836     8.0983 -9.990e-29
 130.553724      7.610    14.4713  33.554270    26.9782      7.542  264.45810  264.70215     6.5171     7.5079 -9.990e-29
 130.553727      7.636    14.4715  33.549028    26.9734      7.568  264.46600  264.71010     6.4860     7.5322 -9.990e-29
 130.553730      7.650    14.4699  33.537898    26.9646      7.582  264.49067  264.73476     6.5327     7.5160 -9.990e-29
 130.553733      7.672    14.4671  33.539901    26.9682      7.604  264.49871  264.74264     6.5171     7.5241 -9.990e-29
 130.553736      7.683    14.4649  33.542963    26.9725      7.614  264.50283  264.74661     7.0930     7.9487 -9.990e-29
 130.553738      7.699    14.4642  33.543729    26.9737      7.631  264.50473  264.74846     6.9840     7.9527 -9.990e-29
 130.553741      7.720    14.4642  33.543376    26.9734      7.651  264.50532  264.74905     6.9685     7.9608 -9.990e-29
 130.553744      7.744    14.4640  33.543494    26.9736      7.674  264.50608  264.74980     6.9218     7.9810 -9.990e-29
 130.553747      7.767    14.4637  33.543376    26.9737      7.698  264.50754  264.75124     6.2992     7.9972 -9.990e-29
 130.553750      7.787    14.4635  33.542669    26.9732      7.718  264.50933  264.75303     6.3926     8.0498 -9.990e-29
 130.553753      7.816    14.4630  33.539136    26.9704      7.746  264.51728  264.76097     6.3303     8.0174 -9.990e-29
 130.553756      7.840    14.4616  33.535662    26.9683      7.770  264.52858  264.77222     6.2214     8.0659 -9.990e-29
 130.553759      7.862    14.4600  33.534603    26.9685      7.791  264.53721  264.78077     8.7584     8.0296 -9.990e-29
 130.553762      7.874    14.4582  33.533484    26.9687      7.804  264.54624  264.78971     9.2564     8.1226 -9.990e-29
 130.553764      7.894    14.4569  33.531247    26.9676      7.824  264.55554  264.79894     9.2875     8.1023 -9.990e-29
 130.553767      7.909    14.4557  33.526655    26.9643      7.838  264.56771  264.81109     9.2253     8.0902 -9.990e-29
 130.553770      7.924    14.4542  33.526360    26.9651      7.853  264.57447  264.81776     9.3498     8.0700 -9.990e-29
 130.553773      7.935    14.4529  33.527420    26.9670      7.864  264.57839  264.82160     7.7934     8.5310 -9.990e-29
 130.553776      7.944    14.4521  33.527833    26.9679      7.873  264.58086  264.82402     7.7622     8.5674 -9.990e-29
 130.553779      7.960    14.4519  33.524006    26.9646      7.889  264.58772  264.83090     7.8245     8.5229 -9.990e-29
 130.553782      7.980    14.4509  33.520650    26.9623      7.909  264.59758  264.84072     7.7778     8.5512 -9.990e-29
 130.553785      8.002    14.4494  33.525243    26.9674      7.930  264.59639  264.83942    10.0813     8.7453 -9.990e-29
 130.553788      8.028    14.4498  33.533132    26.9741      7.956  264.58170  264.82469     9.9879     8.6968 -9.990e-29
 130.553791      8.051    14.4522  33.538137    26.9769      7.979  264.56386  264.80695    10.0191     8.7372 -9.990e-29
 130.553793      8.075    14.4550  33.539904    26.9766      8.003  264.54941  264.79264    10.0346     8.7453 -9.990e-29
 130.553796      8.103    14.4574  33.540728    26.9756      8.030  264.53805  264.78142    16.1358     9.5864 -9.990e-29
 130.553799      8.126    14.4595  33.542435    26.9761      8.053  264.52652  264.76999    16.0580     9.5500 -9.990e-29
 130.553802      8.153    14.4609  33.543966    26.9761      8.080  264.51841  264.76194    16.0891     9.5540 0.0000e+00
 130.553805      8.183    14.4622  33.549679    26.9761      8.110  264.50350  264.74707    16.1047     9.5944 -9.990e-29
 130.553808      8.203    14.4643  33.556864    26.9851      8.129  264.48306  264.72671    16.0424     9.5459 -9.990e-29
 130.553811      8.210    14.4666  33.547323    26.9750      8.137  264.48917  264.73301    35.0930    13.9697 -9.990e-29
 130.553814      8.212    14.4661  33.539726    26.9686      8.138  264.50371  264.74757    35.0619    14.0061 -9.990e-29
 130.553817      8.212    14.4639  33.547323    26.9769      8.138  264.50045  264.74414    34.9996    13.9414 -9.990e-29
 130.553819      8.215    14.4644  33.565169    26.9924      8.142  264.46926  264.71285    34.9840    13.9818 -9.990e-29
 130.553822      8.215    14.4701  33.583784    27.0051      8.142  264.41553  264.65930    51.6222    14.3821 -9.990e-29
