Processed/SBE19plus_01907321_2022_05_08_Cast80_wfilter.cnv
* Sea-Bird SBE19plus  Data File:
* FileName = E:\Prandtl Daten\2022\CTD\Raw\SBE19plus_01907321_2022_05_08_Cast80.hex
* Software version 2.6.1.12
* Temperature SN = 7321
* Conductivity SN = 7321
* System UpLoad Time = May 08 2022 09:47:53
* <ApplicationData>
* <Seaterm232>
** Messpraktikum 2022
** CTD 08.05 NP3
** NMEA Latitude = 54 09.89 N
** NMEA Longitude = 008 40.55 E
# nquan = 11
# nvalues = 442                         
# units = specified
# name 0 = timeJ: Julian Days
# name 1 = prdM: Pressure, Strain Gauge [db]
# name 2 = tv290C: Temperature [ITS-90, deg C]
# name 3 = c0mS/cm: Conductivity [mS/cm]
# name 4 = sal00: Salinity, Practical [PSU]
# name 5 = depSM: Depth [salt water, m], lat = 54.00
# name 6 = oxsatMm/Kg: Oxygen Saturation, Weiss [umol/kg]
# name 7 = oxsolMm/Kg: Oxygen Saturation, Garcia & Gordon [umol/kg]
# name 8 = turbWETntu0: Turbidity, WET Labs ECO [NTU]
# name 9 = flECO-AFL: Fluorescence, WET Labs ECO-AFL/FL [mg/m^3]
# name 10 = flag:  0.000e+00
# span 0 = 128.403602, 128.404878       
# span 1 =      0.550,     13.640       
# span 2 =    12.4766,    12.5653       
# span 3 =  32.492138,  32.574925       
# span 4 =    27.3682,    27.4870       
# span 5 =      0.546,     13.517       
# span 6 =  274.37886,  274.71947       
# span 7 =  274.51448,  274.84891       
# span 8 =     2.7506,    30.8284       
# span 9 =     2.9548,    10.7752       
# span 10 = 0.0000e+00, 0.0000e+00      
# interval = seconds: 0.25
# start_time = May 08 2022 09:40:01 [Instrument's time stamp, header]
# bad_flag = -9.990e-29
*END*
 128.403602      0.550    12.5642  32.495161    27.3703      0.546  274.41330  274.54908     3.0930     2.9629 0.0000e+00
 128.403605      0.581    12.5641  32.495161    27.3703      0.576  274.41395  274.54972     3.1241     2.9548 -9.990e-29
 128.403608      0.605    12.5646  32.494463    27.3693      0.599  274.41271  274.54852     3.0307     2.9831 -9.990e-29
 128.403611      0.607    12.5647  32.495161    27.3699      0.601  274.41115  274.54696     3.1397     3.2257 -9.990e-29
 128.403614      0.599    12.5647  32.495801    27.3695      0.594  274.41000  274.54580     3.1241     3.2378 -9.990e-29
 128.403617      0.627    12.5650  32.494987    27.3686      0.621  274.41022  274.54605     3.0930     3.2217 0.0000e+00
 128.403620      0.658    12.5653  32.493358    27.3684      0.652  274.41190  274.54776     2.9840     3.2338 0.0000e+00
 128.403623      0.683    12.5649  32.493707    27.3682      0.677  274.41317  274.54900     3.0774     3.2014 0.0000e+00
 128.403626      0.722    12.5638  32.492719    27.3684      0.715  274.41966  274.55544     3.4821     3.3147 0.0000e+00
 128.403628      0.765    12.5624  32.493766    27.3702      0.758  274.42377  274.55945     3.5755     3.3430 0.0000e+00
 128.403631      0.807    12.5602  32.493359    27.3708      0.800  274.43425  274.56978     3.5755     3.3389 0.0000e+00
 128.403634      0.842    12.5584  32.492138    27.3714      0.834  274.44460  274.58002     3.5288     3.3187 -9.990e-29
 128.403637      0.860    12.5571  32.494581    27.3748      0.852  274.44589  274.58120     3.5755     3.2864 -9.990e-29
 128.403640      0.883    12.5572  32.492546    27.3742      0.876  274.44923  274.58456     3.4354     3.2904 -9.990e-29
 128.403643      0.914    12.5575  32.494349    27.3759      0.906  274.44446  274.57980     3.5910     3.2783 0.0000e+00
 128.403646      0.947    12.5576  32.498013    27.3759      0.939  274.43761  274.57292     3.6533     3.2742 0.0000e+00
 128.403649      0.982    12.5577  32.502433    27.3776      0.973  274.42942  274.56469     3.0774     3.3389 -9.990e-29
 128.403652      1.002    12.5580  32.500921    27.3800      0.993  274.43057  274.56588     2.9685     3.3713 -9.990e-29
 128.403655      1.028    12.5581  32.498246    27.3774      1.019  274.43506  274.57040     3.0619     3.3470 -9.990e-29
 128.403657      1.051    12.5578  32.496385    27.3765      1.042  274.43997  274.57530     3.0619     3.4077 -9.990e-29
 128.403660      1.080    12.5572  32.496617    27.3785      1.071  274.44208  274.57737     3.5288     3.3551 0.0000e+00
 128.403663      1.119    12.5566  32.500340    27.3805      1.109  274.43827  274.57348     3.6066     3.3470 0.0000e+00
 128.403666      1.150    12.5566  32.502957    27.3829      1.140  274.43361  274.56880     3.5910     3.3430 0.0000e+00
 128.403669      1.188    12.5567  32.508251    27.3877      1.177  274.42354  274.55869     3.5288     3.3066 0.0000e+00
 128.403672      1.228    12.5575  32.509879    27.3882      1.217  274.41690  274.55209     3.5599     3.3551 0.0000e+00
 128.403675      1.266    12.5585  32.511566    27.3886      1.255  274.40952  274.54476     3.4198     3.4602 -9.990e-29
 128.403678      1.288    12.5595  32.510287    27.3876      1.277  274.40775  274.54306     3.5132     3.4602 -9.990e-29
 128.403681      1.308    12.5599  32.505982    27.3832      1.297  274.41358  274.54896     3.5910     3.4764 -9.990e-29
 128.403683      1.323    12.5595  32.506215    27.3837      1.311  274.41505  274.55041     3.6377     3.4562 -9.990e-29
 128.403686      1.347    12.5591  32.504761    27.3849      1.335  274.41924  274.55458     4.1980     3.3996 -9.990e-29
 128.403689      1.382    12.5587  32.506913    27.3866      1.369  274.41729  274.55259     3.9957     3.4158 0.0000e+00
 128.403692      1.418    12.5582  32.510113    27.3875      1.405  274.41379  274.54902     3.9490     3.4077 0.0000e+00
 128.403695      1.455    12.5587  32.509647    27.3875      1.442  274.41245  274.54772     4.1825     3.3713 0.0000e+00
 128.403698      1.491    12.5594  32.508658    27.3864      1.478  274.41111  274.54644     3.0774     3.6746 0.0000e+00
 128.403701      1.522    12.5594  32.509066    27.3864      1.508  274.41040  274.54572     3.0152     3.6746 0.0000e+00
 128.403704      1.557    12.5587  32.508833    27.3864      1.543  274.41398  274.54925     2.9840     3.6503 0.0000e+00
 128.403707      1.593    12.5583  32.507845    27.3867      1.579  274.41765  274.55290     3.0619     3.6462 0.0000e+00
 128.403709      1.635    12.5580  32.509066    27.3874      1.620  274.41674  274.55197     3.0307     3.4400 0.0000e+00
 128.403712      1.668    12.5580  32.511102    27.3883      1.653  274.41313  274.54833     3.0774     3.4522 0.0000e+00
 128.403715      1.698    12.5585  32.510637    27.3893      1.683  274.41179  274.54703     3.0463     3.4926 -9.990e-29
 128.403718      1.717    12.5586  32.509648    27.3874      1.701  274.41294  274.54820     3.0307     3.5088 -9.990e-29
 128.403721      1.737    12.5585  32.508252    27.3862      1.721  274.41607  274.55134     3.0774     3.4643 -9.990e-29
 128.403724      1.755    12.5583  32.508659    27.3868      1.739  274.41630  274.55155     3.6066     3.7878 -9.990e-29
 128.403727      1.779    12.5583  32.509648    27.3877      1.763  274.41423  274.54948     3.6533     3.8323 -9.990e-29
 128.403730      1.809    12.5583  32.509648    27.3890      1.793  274.41457  274.54981     3.5288     3.8282 0.0000e+00
 128.403733      1.846    12.5588  32.512732    27.3892      1.830  274.40689  274.54213     3.6222     3.7959 0.0000e+00
 128.403736      1.882    12.5603  32.512964    27.3892      1.866  274.39960  274.53495     3.2953     3.7190 0.0000e+00
 128.403738      1.919    12.5617  32.512964    27.3888      1.902  274.39336  274.52880     3.3420     3.7029 0.0000e+00
 128.403741      1.957    12.5625  32.514302    27.3885      1.940  274.38755  274.52303     3.2486     3.7109 0.0000e+00
 128.403744      1.988    12.5629  32.514186    27.3885      1.971  274.38621  274.52171     3.2798     3.7190 0.0000e+00
 128.403747      2.014    12.5630  32.513779    27.3880      1.996  274.38633  274.52185     3.0307     3.6301 0.0000e+00
 128.403750      2.045    12.5630  32.510289    27.3869      2.027  274.39259  274.52814     2.8751     3.6058 0.0000e+00
 128.403753      2.076    12.5629  32.512557    27.3869      2.058  274.38887  274.52439     3.0930     3.6058 0.0000e+00
 128.403756      2.104    12.5627  32.513954    27.3876      2.085  274.38733  274.52283     3.0619     3.6058 0.0000e+00
 128.403759      2.133    12.5629  32.515990    27.3883      2.114  274.38308  274.51857     3.2175     3.4764 -9.990e-29
 128.403762      2.157    12.5633  32.515815    27.3896      2.137  274.38153  274.51705     3.3576     3.4724 -9.990e-29
 128.403764      2.186    12.5637  32.515001    27.3885      2.166  274.38113  274.51668     3.3109     3.4602 -9.990e-29
 128.403767      2.210    12.5641  32.513372    27.3871      2.190  274.38249  274.51808     3.3887     3.4885 -9.990e-29
 128.403770      2.244    12.5646  32.514186    27.3868      2.224  274.37886  274.51448     3.3109     3.4805 0.0000e+00
 128.403773      2.280    12.5646  32.513547    27.3865      2.260  274.37971  274.51534     2.7661     3.6018 0.0000e+00
 128.403776      2.316    12.5649  32.513372    27.3861      2.295  274.37911  274.51476     2.7506     3.6058 0.0000e+00
 128.403779      2.354    12.5646  32.512151    27.3860      2.333  274.38226  274.51790     2.8595     3.6058 0.0000e+00
 128.403782      2.390    12.5634  32.512151    27.3852      2.369  274.38761  274.52317     2.7817     3.6179 0.0000e+00
 128.403785      2.421    12.5629  32.509883    27.3854      2.399  274.39388  274.52943     3.0307     3.5371 0.0000e+00
 128.403788      2.454    12.5619  32.510290    27.3854      2.432  274.39787  274.53335     3.1552     3.5330 0.0000e+00
 128.403791      2.481    12.5610  32.511744    27.3864      2.459  274.39936  274.53476     3.0619     3.5532 0.0000e+00
 128.403793      2.512    12.5605  32.512384    27.3874      2.490  274.40043  274.53579     2.9373     3.5128 -9.990e-29
 128.403796      2.536    12.5604  32.511919    27.3880      2.513  274.40159  274.53695     3.0307     3.4683 -9.990e-29
 128.403799      2.556    12.5608  32.511337    27.3871      2.533  274.40076  274.53616     3.1085     3.4683 -9.990e-29
 128.403802      2.582    12.5609  32.512559    27.3882      2.559  274.39828  274.53367     3.1241     3.4683 -9.990e-29
 128.403805      2.605    12.5609  32.512966    27.3883      2.582  274.39757  274.53296     3.1085     3.4805 -9.990e-29
 128.403808      2.635    12.5610  32.512734    27.3899      2.611  274.39769  274.53309     3.2953     3.6139 0.0000e+00
 128.403811      2.667    12.5611  32.516224    27.3914      2.644  274.39085  274.52622     3.2175     3.6179 0.0000e+00
 128.403814      2.707    12.5616  32.516632    27.3914      2.683  274.38796  274.52335     3.2019     3.5937 0.0000e+00
 128.403817      2.742    12.5620  32.516632    27.3912      2.717  274.38641  274.52183     3.3731     3.5896 0.0000e+00
 128.403819      2.777    12.5617  32.515294    27.3900      2.752  274.38977  274.52519     3.2642     3.5977 0.0000e+00
 128.403822      2.810    12.5615  32.514189    27.3892      2.785  274.39270  274.52812     3.4354     3.5290 0.0000e+00
 128.403825      2.844    12.5610  32.512560    27.3892      2.819  274.39814  274.53354     3.6222     3.5452 0.0000e+00
 128.403828      2.875    12.5604  32.514771    27.3892      2.849  274.39672  274.53206     3.7000     3.5371 0.0000e+00
 128.403831      2.908    12.5601  32.513142    27.3898      2.882  274.40091  274.53624     3.4510     3.5330 0.0000e+00
 128.403834      2.941    12.5602  32.514887    27.3892      2.914  274.39750  274.53282     4.3226     3.7797 -9.990e-29
 128.403837      2.964    12.5602  32.514596    27.3904      2.938  274.39772  274.53305     4.2914     3.7878 -9.990e-29
 128.403840      2.992    12.5603  32.512560    27.3885      2.965  274.40106  274.53641     4.2914     3.7797 -9.990e-29
 128.403843      3.013    12.5607  32.514771    27.3903      2.987  274.39556  274.53091     4.2447     3.7756 -9.990e-29
 128.403845      3.042    12.5607  32.514887    27.3912      3.015  274.39506  274.53041     3.3887     3.5573 0.0000e+00
 128.403848      3.070    12.5612  32.517214    27.3920      3.042  274.38904  274.52440     3.2486     3.5128 0.0000e+00
 128.403851      3.102    12.5617  32.517447    27.3921      3.075  274.38645  274.52184     3.3109     3.5371 0.0000e+00
 128.403854      3.135    12.5620  32.517854    27.3920      3.107  274.38418  274.51959     3.3576     3.5654 0.0000e+00
 128.403857      3.168    12.5622  32.517447    27.3916      3.140  274.38399  274.51942     4.2136     3.4926 0.0000e+00
 128.403860      3.205    12.5621  32.516051    27.3903      3.176  274.38713  274.52257     4.3226     3.4724 0.0000e+00
 128.403863      3.238    12.5618  32.515004    27.3903      3.209  274.39028  274.52571     4.2914     3.4764 0.0000e+00
 128.403866      3.271    12.5610  32.516226    27.3906      3.241  274.39188  274.52724     4.3381     3.4926 0.0000e+00
 128.403869      3.303    12.5604  32.515005    27.3910      3.274  274.39659  274.53192     4.2447     3.4845 0.0000e+00
 128.403872      3.333    12.5601  32.516285    27.3906      3.303  274.39557  274.53087     3.6222     3.4400 -9.990e-29
 128.403874      3.356    12.5600  32.517041    27.3928      3.326  274.39486  274.53015     3.4821     3.4117 -9.990e-29
 128.403877      3.382    12.5599  32.515587    27.3915      3.352  274.39779  274.53309     3.6222     3.4238 -9.990e-29
 128.403880      3.404    12.5597  32.514772    27.3906      3.373  274.39989  274.53518     3.6533     3.4319 -9.990e-29
 128.403883      3.433    12.5595  32.514365    27.3918      3.403  274.40189  274.53717     3.6066     3.6018 0.0000e+00
 128.403886      3.466    12.5592  32.516867    27.3931      3.435  274.39869  274.53393     3.6533     3.6018 0.0000e+00
 128.403889      3.497    12.5595  32.517216    27.3932      3.466  274.39684  274.53209     3.5910     3.6220 0.0000e+00
 128.403892      3.532    12.5600  32.518670    27.3932      3.500  274.39175  274.52703     3.6377     3.6018 0.0000e+00
 128.403895      3.570    12.5604  32.517856    27.3931      3.538  274.39167  274.52697     3.6377     3.5856 0.0000e+00
 128.403898      3.603    12.5602  32.516460    27.3926      3.571  274.39512  274.53043     3.5288     3.5977 0.0000e+00
 128.403900      3.640    12.5595  32.516635    27.3926      3.607  274.39797  274.53323     3.5288     3.5896 0.0000e+00
 128.403903      3.674    12.5590  32.516809    27.3931      3.641  274.39956  274.53479     3.6066     3.6220 0.0000e+00
 128.403906      3.707    12.5585  32.516402    27.3931      3.674  274.40250  274.53770     4.4626     3.5452 0.0000e+00
 128.403909      3.740    12.5584  32.517450    27.3936      3.706  274.40128  274.53646     4.2603     3.5452 0.0000e+00
 128.403912      3.767    12.5586  32.517217    27.3941      3.734  274.40077  274.53597     4.1513     3.5290 -9.990e-29
 128.403915      3.787    12.5585  32.517042    27.3936      3.753  274.40141  274.53660     4.3226     3.5371 -9.990e-29
 128.403918      3.811    12.5584  32.517857    27.3945      3.777  274.40060  274.53577     4.2603     3.5290 -9.990e-29
 128.403921      3.834    12.5584  32.519311    27.3966      3.800  274.39801  274.53317     4.2292     3.8484 -9.990e-29
 128.403924      3.864    12.5587  32.520359    27.3967      3.829  274.39491  274.53008     4.3226     3.8484 0.0000e+00
 128.403927      3.893    12.5588  32.520708    27.3969      3.858  274.39399  274.52916     4.4004     3.8646 0.0000e+00
 128.403929      3.928    12.5588  32.520941    27.3971      3.893  274.39360  274.52877     4.2447     3.8484 0.0000e+00
 128.403932      3.966    12.5582  32.522977    27.3981      3.931  274.39249  274.52760     4.7739     3.9091 0.0000e+00
 128.403935      3.999    12.5578  32.521348    27.3994      3.963  274.39699  274.53209     4.8050     3.9010 0.0000e+00
 128.403938      4.032    12.5570  32.523094    27.4003      3.996  274.39765  274.53268     4.7428     3.9253 0.0000e+00
 128.403941      4.068    12.5556  32.524374    27.4025      4.032  274.40133  274.53626     4.7272     3.9253 0.0000e+00
 128.403944      4.103    12.5543  32.525014    27.4041      4.066  274.40616  274.54099     4.5560     3.6058 0.0000e+00
 128.403947      4.133    12.5529  32.529727    27.4068      4.096  274.40402  274.53871     4.5560     3.6179 0.0000e+00
 128.403950      4.163    12.5514  32.530484    27.4095      4.125  274.40895  274.54354     4.4626     3.5735 -9.990e-29
 128.403953      4.182    12.5508  32.531357    27.4125      4.145  274.41022  274.54476     4.5871     3.6018 -9.990e-29
 128.403955      4.204    12.5503  32.529728    27.4113      4.167  274.41534  274.54986     3.2953     3.6422 -9.990e-29
 128.403958      4.228    12.5501  32.531764    27.4136      4.190  274.41265  274.54714     3.2486     3.6058 -9.990e-29
 128.403961      4.255    12.5500  32.531939    27.4125      4.217  274.41299  274.54746     3.3109     3.6058 0.0000e+00
 128.403964      4.284    12.5495  32.529088    27.4113      4.246  274.41998  274.55445     3.3576     3.5896 0.0000e+00
 128.403967      4.321    12.5495  32.526819    27.4091      4.282  274.42407  274.55856     3.2953     3.5977 0.0000e+00
 128.403970      4.355    12.5500  32.524783    27.4069      4.316  274.42554  274.56009     4.4938     3.6503 0.0000e+00
 128.403973      4.397    12.5509  32.524375    27.4058      4.358  274.42222  274.55684     4.4626     3.6948 0.0000e+00
 128.403976      4.434    12.5517  32.521932    27.4030      4.394  274.42348  274.55817     4.6338     3.6867 0.0000e+00
 128.403979      4.470    12.5522  32.521350    27.4020      4.430  274.42204  274.55677     4.5560     3.6826 0.0000e+00
