Processed/SBE19plus_01907321_2022_05_05_Cast23_wfilter.cnv
* Sea-Bird SBE19plus  Data File:
* FileName = E:\Prandtl Daten\2022\CTD\Raw\SBE19plus_01907321_2022_05_04_Cast23.hex
* Software version 2.6.1.12
* Temperature SN = 7321
* Conductivity SN = 7321
* System UpLoad Time = May 05 2022 08:00:07
* <ApplicationData>
* <Seaterm232>
** Messpraktikum 2022
** CTD 05.05 BM
# nquan = 11
# nvalues = 522                         
# units = specified
# name 0 = timeJ: Julian Days
# name 1 = prdM: Pressure, Strain Gauge [db]
# name 2 = tv290C: Temperature [ITS-90, deg C]
# name 3 = c0mS/cm: Conductivity [mS/cm]
# name 4 = sal00: Salinity, Practical [PSU]
# name 5 = depSM: Depth [salt water, m], lat = 54.00
# name 6 = oxsatMm/Kg: Oxygen Saturation, Weiss [umol/kg]
# name 7 = oxsolMm/Kg: Oxygen Saturation, Garcia & Gordon [umol/kg]
# name 8 = turbWETntu0: Turbidity, WET Labs ECO [NTU]
# name 9 = flECO-AFL: Fluorescence, WET Labs ECO-AFL/FL [mg/m^3]
# name 10 = flag:  0.000e+00
# span 0 = 125.328900, 125.330408       
# span 1 =      0.576,     13.441       
# span 2 =    12.2978,    12.3328       
# span 3 =  31.834243,  31.889107       
# span 4 =    26.9444,    26.9688       
# span 5 =      0.571,     13.321       
# span 6 =  276.54293,  276.78392       
# span 7 =  276.66932,  276.90857       
# span 8 =    -6.3389,    87.8556       
# span 9 =    -0.1790,    16.5495       
# span 10 = 0.0000e+00, 0.0000e+00      
# interval = seconds: 0.25
# start_time = May 05 2022 07:51:39 [Instrument's time stamp, header]
# bad_flag = -9.990e-29
*END*
[from data line 394]
 125.330041     10.460    12.3241  31.880150    26.9665     10.366  276.59547  276.72136    43.6377    13.5936 0.0000e+00
 125.330043     10.491    12.3241  31.879516    26.9661     10.397  276.59664  276.72254    43.5755    13.5896 -9.990e-29
 125.330046     10.515    12.3239  31.879920    26.9662     10.421  276.59688  276.72276    47.9957    12.8536 -9.990e-29
 125.330049     10.546    12.3240  31.880151    26.9662     10.452  276.59616  276.72204    47.9334    12.8253 0.0000e+00
 125.330052     10.573    12.3240  31.880151    26.9662     10.478  276.59618  276.72206    48.1047    12.8374 0.0000e+00
 125.330055     10.599    12.3241  31.880959    26.9662     10.504  276.59410  276.71998    47.9490    12.8172 -9.990e-29
 125.330058     10.619    12.3244  31.880324    26.9660     10.524  276.59400  276.71991    46.2681    13.3752 -9.990e-29
 125.330061     10.637    12.3246  31.880555    26.9661     10.542  276.59264  276.71856    46.3615    13.3833 -9.990e-29
 125.330064     10.655    12.3245  31.880728    26.9663     10.560  276.59297  276.71888    46.2681    13.3914 -9.990e-29
 125.330067     10.679    12.3245  31.879920    26.9655     10.583  276.59414  276.72006    46.3926    13.3955 -9.990e-29
 125.330069     10.703    12.3244  31.881710    26.9667     10.607  276.59154  276.71744    46.4860    13.5168 -9.990e-29
 125.330072     10.730    12.3248  31.881363    26.9671     10.634  276.59029  276.71622    46.5794    13.5006 0.0000e+00
 125.330075     10.759    12.3251  31.882345    26.9667     10.663  276.58727  276.71320    46.4548    13.5046 0.0000e+00
 125.330078     10.790    12.3252  31.881364    26.9665     10.694  276.58875  276.71470    46.6416    13.5127 0.0000e+00
 125.330081     10.818    12.3250  31.881364    26.9665     10.721  276.58940  276.71534    45.2875    12.9668 0.0000e+00
 125.330084     10.847    12.3250  31.881941    26.9666     10.750  276.58837  276.71431    45.2875    12.9507 0.0000e+00
 125.330087     10.873    12.3251  31.881537    26.9668     10.776  276.58881  276.71475    45.2875    12.9588 0.0000e+00
 125.330090     10.899    12.3249  31.880960    26.9666     10.801  276.59082  276.71675    45.3187    12.9547 -9.990e-29
 125.330093     10.920    12.3248  31.881595    26.9669     10.823  276.59031  276.71623    45.3498    12.9628 -9.990e-29
 125.330095     10.940    12.3248  31.881364    26.9666     10.842  276.59075  276.71667    44.8362    13.0396 -9.990e-29
 125.330098     10.960    12.3250  31.881941    26.9670     10.862  276.58876  276.71469    44.7584    13.0841 -9.990e-29
 125.330101     10.975    12.3250  31.881942    26.9670     10.877  276.58846  276.71439    44.8984    13.0922 -9.990e-29
 125.330104     10.997    12.3250  31.882115    26.9680     10.899  276.58816  276.71409    44.7739    13.0639 -9.990e-29
 125.330107     11.026    12.3253  31.883327    26.9676     10.927  276.58472  276.71066    43.8245    13.5289 0.0000e+00
 125.330110     11.052    12.3257  31.882923    26.9673     10.953  276.58357  276.70954    43.8868    13.5410 0.0000e+00
 125.330113     11.082    12.3260  31.882519    26.9668     10.983  276.58337  276.70936    43.7934    13.5289 0.0000e+00
 125.330116     11.117    12.3258  31.881942    26.9664     11.017  276.58507  276.71106    43.7934    13.5168 0.0000e+00
 125.330119     11.153    12.3255  31.881711    26.9664     11.054  276.58709  276.71306    45.0385    12.8415 0.0000e+00
 125.330122     11.179    12.3252  31.881538    26.9664     11.079  276.58837  276.71433    45.0385    12.8657 0.0000e+00
 125.330124     11.208    12.3252  31.882115    26.9667     11.108  276.58766  276.71361    44.9607    12.8374 0.0000e+00
 125.330127     11.234    12.3253  31.881711    26.9669     11.133  276.58778  276.71374    45.0385    12.8213 -9.990e-29
 125.330130     11.257    12.3252  31.882346    26.9671     11.156  276.58696  276.71291    46.6572    13.1731 -9.990e-29
 125.330133     11.277    12.3255  31.882751    26.9673     11.176  276.58529  276.71125    46.4393    13.1852 -9.990e-29
 125.330136     11.294    12.3259  31.881538    26.9659     11.193  276.58560  276.71160    46.6416    13.2014 -9.990e-29
 125.330139     11.316    12.3259  31.882116    26.9664     11.214  276.58457  276.71056    46.5638    13.2135 -9.990e-29
 125.330142     11.332    12.3257  31.881538    26.9651     11.231  276.58658  276.71256    46.4860    13.1731 -9.990e-29
 125.330145     11.360    12.3253  31.880269    26.9663     11.258  276.59048  276.71645    47.5910    14.0344 0.0000e+00
 125.330148     11.390    12.3250  31.882751    26.9670     11.288  276.58727  276.71320    47.5132    14.0222 0.0000e+00
 125.330150     11.421    12.3253  31.882347    26.9676     11.319  276.58675  276.71271    47.4821    14.0546 0.0000e+00
 125.330153     11.456    12.3260  31.883732    26.9672     11.353  276.58142  276.70740    47.4198    14.0344 0.0000e+00
 125.330156     11.491    12.3260  31.883155    26.9672     11.388  276.58217  276.70816    44.0580    12.5261 0.0000e+00
 125.330159     11.526    12.3258  31.881943    26.9672     11.423  276.58534  276.71133    44.1669    12.4978 0.0000e+00
 125.330162     11.557    12.3258  31.883733    26.9671     11.453  276.58212  276.70809    44.1358    12.4937 0.0000e+00
 125.330165     11.584    12.3259  31.883329    26.9679     11.480  276.58255  276.70853    44.1669    12.5140 -9.990e-29
 125.330168     11.607    12.3260  31.882925    26.9670     11.503  276.58298  276.70897    46.5638    13.0720 -9.990e-29
 125.330171     11.628    12.3261  31.882752    26.9667     11.524  276.58268  276.70868    46.5015    13.0598 -9.990e-29
 125.330174     11.646    12.3263  31.882925    26.9667     11.541  276.58143  276.70744    46.5171    13.0801 -9.990e-29
 125.330177     11.660    12.3265  31.882925    26.9666     11.556  276.58049  276.70651    46.5327    13.0598 -9.990e-29
 125.330179     11.678    12.3262  31.881539    26.9655     11.574  276.58427  276.71030    46.0191    14.4266 -9.990e-29
 125.330182     11.700    12.3255  31.881713    26.9672     11.596  276.58746  276.71342    45.9724    14.4064 -9.990e-29
 125.330185     11.731    12.3251  31.882521    26.9673     11.626  276.58760  276.71353    46.0657    14.4104 0.0000e+00
 125.330188     11.762    12.3248  31.882521    26.9673     11.657  276.58888  276.71480    45.9724    14.4064 0.0000e+00
 125.330191     11.792    12.3249  31.882521    26.9673     11.686  276.58859  276.71451    46.0346    14.3983 0.0000e+00
 125.330194     11.834    12.3250  31.882521    26.9672     11.728  276.58798  276.71391    51.4198    13.4521 0.0000e+00
 125.330197     11.867    12.3251  31.882348    26.9672     11.760  276.58800  276.71394    51.5599    13.4440 0.0000e+00
 125.330200     11.894    12.3252  31.883157    26.9673     11.788  276.58592  276.71186    51.4976    13.4278 0.0000e+00
 125.330203     11.920    12.3256  31.883330    26.9676     11.813  276.58404  276.71000    51.6222    13.4480 -9.990e-29
 125.330205     11.943    12.3258  31.882926    26.9670     11.837  276.58384  276.70982    52.0113    13.8807 -9.990e-29
 125.330208     11.962    12.3258  31.882926    26.9670     11.855  276.58385  276.70983    51.9957    13.9131 -9.990e-29
 125.330211     11.975    12.3257  31.883157    26.9672     11.867  276.58376  276.70973    52.0424    13.9090 -9.990e-29
 125.330214     11.991    12.3260  31.883561    26.9675     11.884  276.58209  276.70807    51.9801    13.9131 -9.990e-29
 125.330217     11.998    12.3261  31.882926    26.9668     11.891  276.58261  276.70861    50.9685    15.4537 -9.990e-29
 125.330220     12.011    12.3263  31.884542    26.9681     11.904  276.57874  276.70474    51.0307    15.4213 -9.990e-29
 125.330223     12.033    12.3267  31.885524    26.9688     11.925  276.57540  276.70141    50.9685    15.4132 -9.990e-29
 125.330226     12.055    12.3272  31.885351    26.9679     11.947  276.57319  276.69924    50.9996    15.4415 -9.990e-29
 125.330229     12.086    12.3276  31.885351    26.9671     11.978  276.57131  276.69739    56.7739    14.6450 0.0000e+00
 125.330231     12.113    12.3276  31.883561    26.9678     12.005  276.57457  276.70067    56.6805    14.6854 0.0000e+00
 125.330234     12.141    12.3274  31.885120    26.9677     12.032  276.57272  276.69878    56.7117    14.6611 0.0000e+00
 125.330237     12.174    12.3275  31.885120    26.9678     12.065  276.57242  276.69849    56.7739    14.6571 0.0000e+00
 125.330240     12.201    12.3277  31.885755    26.9680     12.092  276.57034  276.69642    56.7272    14.6571 0.0000e+00
 125.330243     12.227    12.3276  31.885928    26.9682     12.117  276.57036  276.69643    54.4704    14.5439 -9.990e-29
 125.330246     12.251    12.3282  31.885928    26.9680     12.141  276.56784  276.69396    54.5638    14.5600 -9.990e-29
 125.330249     12.269    12.3283  31.886737    26.9686     12.159  276.56576  276.69187    54.4393    14.5560 -9.990e-29
 125.330252     12.285    12.3286  31.886390    26.9681     12.175  276.56513  276.69127    54.5327    14.5358 -9.990e-29
 125.330255     12.302    12.3288  31.886159    26.9678     12.191  276.56493  276.69108    51.8401    14.8795 -9.990e-29
 125.330258     12.322    12.3286  31.886333    26.9680     12.211  276.56526  276.69140    51.8089    14.8633 -9.990e-29
 125.330260     12.345    12.3286  31.886506    26.9682     12.235  276.56496  276.69110    51.7311    14.8674 -9.990e-29
 125.330263     12.370    12.3290  31.886737    26.9679     12.259  276.56298  276.68913    51.7155    14.8795 -9.990e-29
 125.330266     12.404    12.3293  31.886737    26.9678     12.293  276.56173  276.68791    56.0113    15.0493 0.0000e+00
 125.330269     12.440    12.3291  31.886333    26.9676     12.329  276.56312  276.68929    55.9801    15.0493 0.0000e+00
 125.330272     12.477    12.3288  31.885929    26.9676     12.365  276.56546  276.69161    55.9646    15.0574 0.0000e+00
 125.330275     12.515    12.3289  31.886737    26.9675     12.403  276.56339  276.68954    55.9957    15.0331 0.0000e+00
 125.330278     12.544    12.3292  31.886333    26.9681     12.432  276.56287  276.68905    57.6611    14.6126 0.0000e+00
 125.330281     12.577    12.3293  31.887315    26.9679     12.464  276.56049  276.68666    57.7700    14.6086 0.0000e+00
 125.330284     12.602    12.3295  31.887546    26.9683     12.489  276.55913  276.68532    57.7389    14.6086 -9.990e-29
 125.330286     12.624    12.3298  31.887142    26.9679     12.511  276.55893  276.68514    57.6922    14.6005 -9.990e-29
 125.330289     12.640    12.3300  31.887315    26.9679     12.527  276.55768  276.68390    57.7389    14.5681 -9.990e-29
 125.330292     12.651    12.3300  31.886911    26.9675     12.537  276.55842  276.68464    63.4043    15.2758 -9.990e-29
 125.330295     12.660    12.3297  31.886911    26.9677     12.547  276.55969  276.68589    63.3887    15.2919 -9.990e-29
 125.330298     12.672    12.3296  31.887315    26.9681     12.559  276.55928  276.68548    63.3109    15.2838 -9.990e-29
 125.330301     12.693    12.3298  31.887315    26.9680     12.579  276.55835  276.68456    63.4043    15.3081 -9.990e-29
 125.330304     12.714    12.3300  31.887488    26.9665     12.601  276.55741  276.68363    64.9918    15.9510 -9.990e-29
 125.330307     12.744    12.3300  31.885930    26.9667     12.629  276.56026  276.68649    64.8673    15.9510 0.0000e+00
 125.330310     12.773    12.3298  31.886161    26.9669     12.659  276.56081  276.68702    64.9451    15.9389 0.0000e+00
 125.330313     12.806    12.3293  31.886911    26.9674     12.691  276.56137  276.68755    64.9918    15.9470 0.0000e+00
 125.330315     12.843    12.3293  31.886334    26.9679     12.727  276.56275  276.68894    66.7194    14.8674 0.0000e+00
 125.330318     12.876    12.3295  31.887720    26.9675     12.760  276.55932  276.68550    66.5949    14.8593 0.0000e+00
 125.330321     12.912    12.3298  31.886912    26.9680     12.797  276.55922  276.68544    66.6727    14.8431 0.0000e+00
 125.330324     12.942    12.3302  31.882755    26.9675     12.826  276.56518  276.69147    66.7350    14.8835 -9.990e-29
 125.330327     12.966    12.3305  31.887316    26.9674     12.849  276.55536  276.68162    64.1047    15.4982 -9.990e-29
 125.330330     12.984    12.3305  31.887143    26.9672     12.868  276.55600  276.68226    64.0891    15.4901 -9.990e-29
 125.330333     13.006    12.3307  31.887316    26.9672     12.889  276.55444  276.68071    64.0580    15.5022 -9.990e-29
 125.330336     13.026    12.3305  31.886912    26.9670     12.910  276.55613  276.68240    64.1358    15.4820 -9.990e-29
 125.330339     13.045    12.3303  31.886739    26.9669     12.928  276.55741  276.68366    64.0891    15.5265 -9.990e-29
 125.330341     13.068    12.3302  31.887143    26.9673     12.951  276.55733  276.68356    68.5716    16.0481 -9.990e-29
 125.330344     13.096    12.3300  31.886912    26.9674     12.978  276.55871  276.68494    68.6805    16.0643 0.0000e+00
 125.330347     13.128    12.3299  31.886912    26.9674     13.011  276.55905  276.68527    68.6650    16.0602 0.0000e+00
 125.330350     13.161    12.3298  31.887317    26.9674     13.043  276.55897  276.68518    68.5405    16.0966 0.0000e+00
 125.330353     13.187    12.3299  31.886335    26.9678     13.069  276.56013  276.68636    75.1397    15.7327 0.0000e+00
 125.330356     13.216    12.3300  31.888125    26.9676     13.097  276.55660  276.68281    75.1708    15.7448 0.0000e+00
 125.330359     13.241    12.3305  31.887490    26.9684     13.123  276.55555  276.68180    75.1085    15.7367 -9.990e-29
 125.330362     13.265    12.3304  31.887548    26.9676     13.146  276.55577  276.68202    75.1241    15.7529 -9.990e-29
 125.330365     13.288    12.3304  31.887721    26.9677     13.169  276.55548  276.68172    74.0657    15.8823 -9.990e-29
 125.330367     13.306    12.3303  31.887144    26.9672     13.187  276.55685  276.68310    73.9879    15.9025 -9.990e-29
 125.330370     13.323    12.3304  31.887952    26.9679     13.204  276.55508  276.68132    74.0346    15.8783 -9.990e-29
 125.330373     13.339    12.3306  31.887952    26.9678     13.220  276.55414  276.68040    74.0035    15.8944 -9.990e-29
 125.330376     13.361    12.3309  31.888529    26.9681     13.241  276.55185  276.67812    87.7778    16.5374 -9.990e-29
 125.330379     13.386    12.3310  31.888125    26.9677     13.266  276.55228  276.67856    87.7000    16.5131 -9.990e-29
 125.330382     13.406    12.3312  31.889107    26.9684     13.286  276.54925  276.67554    87.7467    16.5212 -9.990e-29
 125.330385     13.410    12.3315  31.888356    26.9675     13.290  276.54966  276.67597    87.8556    16.5131 -9.990e-29
 125.330388     13.414    12.3319  31.888530    26.9673     13.294  276.54713  276.67347    87.8556    16.5495 -9.990e-29
 125.330391     13.425    12.3323  31.888934    26.9674     13.304  276.54482  276.67119    36.4004     3.8161 -9.990e-29
 125.330394     13.434    12.3326  31.888760    26.9670     13.314  276.54356  276.66995    36.3692     3.8161 -9.990e-29
 125.330396     13.434    12.3327  31.888934    26.9671     13.314  276.54293  276.66932    36.5560     3.8080 -9.990e-29
 125.330399     13.436    12.3326  31.887952    26.9663     13.315  276.54534  276.67173    36.5871     3.7797 -9.990e-29
 125.330402     13.441    12.3328  31.885932    26.9643     13.321  276.54805  276.67448    -6.3234    -0.1790 -9.990e-29
 125.330405     13.441    12.3327  31.872135    26.9514     13.321  276.57334  276.69991    -6.3389    -0.1588 -9.990e-29
 125.330408     13.441    12.3327  31.874559    26.9537     13.321  276.56896  276.69549    -6.3078    -0.1467 -9.990e-29
