Processed/SBE19plus_01907321_2022_05_07_Cast58_wfilter.cnv
* Sea-Bird SBE19plus  Data File:
* FileName = E:\Prandtl Daten\2022\CTD\Raw\SBE19plus_01907321_2022_05_07_Cast58.hex
* Software version 2.6.1.12
* Temperature SN = 7321
* Conductivity SN = 7321
* System UpLoad Time = May 07 2022 06:32:00
* <ApplicationData>
* <Seaterm232>
** Messpraktikum 2022
** CTD 07.05 BE
** NMEA Latitude = 54 07.51 N
** NMEA Longitude = 008 50.26 E
# nquan = 11
# nvalues = 477                         
# units = specified
# name 0 = timeJ: Julian Days
# name 1 = prdM: Pressure, Strain Gauge [db]
# name 2 = tv290C: Temperature [ITS-90, deg C]
# name 3 = c0mS/cm: Conductivity [mS/cm]
# name 4 = sal00: Salinity, Practical [PSU]
# name 5 = depSM: Depth [salt water, m], lat = 54.00
# name 6 = oxsatMm/Kg: Oxygen Saturation, Weiss [umol/kg]
# name 7 = oxsolMm/Kg: Oxygen Saturation, Garcia & Gordon [umol/kg]
# name 8 = turbWETntu0: Turbidity, WET Labs ECO [NTU]
# name 9 = flECO-AFL: Fluorescence, WET Labs ECO-AFL/FL [mg/m^3]
# name 10 = flag:  0.000e+00
# span 0 = 127.266531, 127.267908       
# span 1 =      0.581,     12.847       
# span 2 =    13.2949,    13.3190       
# span 3 =  32.692156,  32.709386       
# span 4 =    27.0207,    27.0312       
# span 5 =      0.575,     12.732       
# span 6 =  270.74364,  270.87013       
# span 7 =  270.92610,  271.05122       
# span 8 =    25.4432,    58.2058       
# span 9 =     7.2896,    13.0113       
# span 10 = 0.0000e+00, 0.0000e+00      
# interval = seconds: 0.25
# start_time = May 07 2022 06:22:02 [Instrument's time stamp, header]
# bad_flag = -9.990e-29
*END*
 127.266531      0.581    13.3142  32.705884    27.0269      0.575  270.76836  270.95055    31.4665     8.5229 0.0000e+00
 127.266534      0.621    13.3147  32.705068    27.0258      0.615  270.76790  270.95012    31.4665     8.4784 0.0000e+00
 127.266536      0.665    13.3144  32.703844    27.0249      0.659  270.77130  270.95351    31.5755     8.4946 0.0000e+00
 127.266539      0.717    13.3134  32.698830    27.0217      0.711  270.78437  270.96656    31.4354     8.4946 0.0000e+00
 127.266542      0.772    13.3112  32.697898    27.0213      0.765  270.79544  270.97751    31.6377     8.1306 0.0000e+00
 127.266545      0.814    13.3084  32.698073    27.0217      0.807  270.80712  270.98902    31.9023     8.1226 -9.990e-29
 127.266548      0.836    13.3065  32.696674    27.0238      0.828  270.81772  270.99951    31.7622     8.1226 -9.990e-29
 127.266551      0.847    13.3056  32.697082    27.0249      0.839  270.82112  271.00284    31.7311     8.0781 -9.990e-29
 127.266554      0.843    13.3047  32.696849    27.0253      0.836  270.82529  271.00696    30.5015     8.0983 -9.990e-29
 127.266557      0.841    13.3042  32.696674    27.0255      0.834  270.82779  271.00944    27.3887     7.5686 -9.990e-29
 127.266560      0.856    13.3037  32.696674    27.0280      0.849  270.83000  271.01162    27.5132     7.5686 -9.990e-29
 127.266563      0.889    13.3033  32.698832    27.0285      0.881  270.82788  271.00945    27.3420     7.6050 0.0000e+00
 127.266565      0.935    13.3043  32.700581    27.0280      0.927  270.82081  271.00242    27.3576     7.5767 0.0000e+00
 127.266568      0.988    13.3057  32.699765    27.0272      0.979  270.81596  270.99767    29.5210     7.7505 0.0000e+00
 127.266571      1.028    13.3061  32.699531    27.0269      1.019  270.81481  270.99655    29.4587     7.6980 0.0000e+00
 127.266574      1.066    13.3057  32.699473    27.0267      1.057  270.81651  270.99822    29.5210     7.6858 -9.990e-29
 127.266577      1.088    13.3054  32.698716    27.0264      1.078  270.81940  271.00110    29.4587     7.7222 -9.990e-29
 127.266580      1.105    13.3049  32.698541    27.0266      1.095  270.82160  271.00327    30.1591     7.5888 -9.990e-29
 127.266583      1.117    13.3047  32.699240    27.0274      1.107  270.82135  271.00300    30.0346     7.5848 -9.990e-29
 127.266586      1.132    13.3047  32.699124    27.0272      1.122  270.82156  271.00321    30.1903     7.5726 -9.990e-29
 127.266589      1.141    13.3049  32.698949    27.0269      1.131  270.82092  271.00259    29.9568     7.5605 -9.990e-29
 127.266591      1.156    13.3049  32.699124    27.0271      1.145  270.82094  271.00260    28.8673     7.6454 -9.990e-29
 127.266594      1.163    13.3050  32.699824    27.0277      1.153  270.81911  271.00078    28.8673     7.6414 -9.990e-29
 127.266597      1.187    13.3052  32.699357    27.0280      1.176  270.81899  271.00067    28.8829     7.6535 -9.990e-29
 127.266600      1.223    13.3057  32.700756    27.0275      1.212  270.81440  270.99610    28.7584     7.6131 0.0000e+00
 127.266603      1.263    13.3068  32.700582    27.0276      1.252  270.81001  270.99178    28.9607     7.5888 0.0000e+00
 127.266606      1.311    13.3076  32.701806    27.0273      1.299  270.80478  270.98659    28.3537     7.3826 0.0000e+00
 127.266609      1.345    13.3084  32.702039    27.0275      1.333  270.80094  270.98280    28.5871     7.3421 0.0000e+00
 127.266612      1.373    13.3089  32.702214    27.0273      1.361  270.79814  270.98003    28.2603     7.3421 -9.990e-29
 127.266615      1.393    13.3092  32.701806    27.0264      1.380  270.79760  270.97951    28.5249     7.3502 -9.990e-29
 127.266617      1.409    13.3092  32.700349    27.0251      1.397  270.80012  270.98204    28.7895     7.5969 -9.990e-29
 127.266620      1.417    13.3092  32.701806    27.0264      1.404  270.79761  270.97953    28.7895     7.6131 -9.990e-29
 127.266623      1.435    13.3092  32.702039    27.0276      1.422  270.79722  270.97913    28.9607     7.5443 -9.990e-29
 127.266626      1.470    13.3093  32.703147    27.0275      1.457  270.79502  270.97693    28.8050     7.5605 0.0000e+00
 127.266629      1.504    13.3097  32.703439    27.0276      1.491  270.79266  270.97459    27.0619     7.3745 0.0000e+00
 127.266632      1.539    13.3104  32.704255    27.0275      1.525  270.78844  270.97041    26.8284     7.3907 0.0000e+00
 127.266635      1.579    13.3111  32.703847    27.0273      1.565  270.78602  270.96804    26.7973     7.3421 0.0000e+00
 127.266638      1.608    13.3113  32.704722    27.0269      1.594  270.78359  270.96561    27.0774     7.3624 -9.990e-29
 127.266641      1.632    13.3124  32.706762    27.0286      1.617  270.77569  270.95776    25.8012     7.3179 -9.990e-29
 127.266644      1.647    13.3136  32.706121    27.0272      1.632  270.77146  270.95360    25.4432     7.3502 -9.990e-29
 127.266646      1.654    13.3145  32.707170    27.0275      1.639  270.76557  270.94776    25.6299     7.2896 -9.990e-29
 127.266649      1.665    13.3155  32.709036    27.0285      1.650  270.75827  270.94051    25.6922     7.2896 -9.990e-29
 127.266652      1.678    13.3170  32.709386    27.0269      1.663  270.75107  270.93341    25.6922     7.3179 -9.990e-29
 127.266655      1.707    13.3182  32.709386    27.0267      1.692  270.74606  270.92846    34.5638     9.1294 0.0000e+00
 127.266658      1.734    13.3185  32.709211    27.0265      1.719  270.74512  270.92754    34.4860     9.1537 0.0000e+00
 127.266661      1.771    13.3190  32.708803    27.0258      1.755  270.74364  270.92610    34.3770     9.1335 0.0000e+00
 127.266664      1.809    13.3186  32.707987    27.0253      1.793  270.74664  270.92909    34.4082     9.0849 0.0000e+00
 127.266667      1.842    13.3177  32.706121    27.0242      1.825  270.75365  270.93606    38.7506     8.8342 0.0000e+00
 127.266670      1.876    13.3158  32.703381    27.0242      1.860  270.76657  270.94888    38.8128     8.8383 0.0000e+00
 127.266672      1.905    13.3132  32.703032    27.0238      1.888  270.77851  270.96066    38.6261     8.8787 0.0000e+00
 127.266675      1.931    13.3121  32.703032    27.0245      1.914  270.78356  270.96564    38.6572     8.8545 -9.990e-29
 127.266678      1.946    13.3109  32.703673    27.0267      1.928  270.78750  270.96950    42.1903     9.8411 -9.990e-29
 127.266681      1.966    13.3099  32.702566    27.0264      1.948  270.79382  270.97577    42.0346     9.8694 -9.990e-29
 127.266684      1.988    13.3092  32.702449    27.0268      1.970  270.79718  270.97909    42.2992     9.8371 -9.990e-29
 127.266687      2.007    13.3078  32.700176    27.0257      1.989  270.80709  270.98892    42.0969     9.7602 -9.990e-29
 127.266690      2.027    13.3054  32.699476    27.0268      2.009  270.81868  271.00038    44.2603    10.6822 -9.990e-29
 127.266693      2.051    13.3030  32.698952    27.0291      2.033  270.82998  271.01153    44.1358    10.6741 -9.990e-29
 127.266696      2.082    13.3009  32.698544    27.0292      2.064  270.83983  271.02125    44.3070    10.7064 0.0000e+00
 127.266698      2.112    13.2994  32.697670    27.0293      2.093  270.84764  271.02898    44.2447    10.7388 0.0000e+00
 127.266701      2.141    13.2980  32.696912    27.0296      2.122  270.85494  271.03620    44.4315    10.7388 0.0000e+00
 127.266704      2.172    13.2969  32.696679    27.0299      2.152  270.86040  271.04159    40.7272     9.2548 0.0000e+00
 127.266707      2.199    13.2956  32.696271    27.0302      2.179  270.86646  271.04758    40.7739     9.2588 -9.990e-29
 127.266710      2.221    13.2950  32.695863    27.0307      2.201  270.86970  271.05078    40.7272     9.2386 -9.990e-29
 127.266713      2.245    13.2950  32.696330    27.0312      2.224  270.86922  271.05030    40.5405     9.2426 -9.990e-29
 127.266716      2.267    13.2949  32.696038    27.0310      2.246  270.87005  271.05113    32.1358     8.3045 -9.990e-29
 127.266719      2.292    13.2951  32.695456    27.0296      2.272  270.87013  271.05122    32.0268     8.2439 -9.990e-29
 127.266722      2.322    13.2960  32.695339    27.0287      2.301  270.86658  271.04772    31.9646     8.2398 0.0000e+00
 127.266725      2.353    13.2966  32.693998    27.0279      2.332  270.86607  271.04727    31.8556     8.2964 0.0000e+00
 127.266727      2.387    13.2971  32.693998    27.0275      2.366  270.86389  271.04513    32.1980     8.1913 0.0000e+00
 127.266730      2.413    13.2974  32.694231    27.0275      2.391  270.86225  271.04350    32.1669     8.2115 0.0000e+00
 127.266733      2.440    13.2978  32.694173    27.0275      2.418  270.86080  271.04207    32.2914     8.1953 -9.990e-29
 127.266736      2.460    13.2981  32.693998    27.0268      2.438  270.85985  271.04114    32.1358     8.2358 -9.990e-29
 127.266739      2.490    13.2984  32.694232    27.0268      2.467  270.85821  271.03952    28.6961     8.4420 -9.990e-29
 127.266742      2.510    13.2987  32.694640    27.0269      2.487  270.85595  271.03727    28.9296     8.4380 -9.990e-29
 127.266745      2.535    13.2991  32.694756    27.0267      2.512  270.85419  271.03554    28.9296     8.4299 -9.990e-29
 127.266748      2.555    13.3000  32.694815    27.0262      2.532  270.85033  271.03173    28.7584     8.4177 -9.990e-29
 127.266751      2.572    13.3004  32.694406    27.0255      2.549  270.84915  271.03058    28.8050     8.4097 -9.990e-29
 127.266753      2.594    13.3009  32.695048    27.0258      2.570  270.84617  271.02763    33.8012     9.0566 -9.990e-29
 127.266756      2.614    13.3011  32.695164    27.0257      2.590  270.84504  271.02651    34.1591     9.0405 -9.990e-29
 127.266759      2.639    13.3011  32.695223    27.0257      2.616  270.84464  271.02611    33.9257     9.0728 -9.990e-29
 127.266762      2.661    13.3010  32.695223    27.0255      2.637  270.84529  271.02675    33.8634     9.0283 -9.990e-29
 127.266765      2.688    13.3010  32.694931    27.0255      2.664  270.84580  271.02727    28.4315     8.1832 0.0000e+00
 127.266768      2.719    13.3009  32.694815    27.0255      2.695  270.84665  271.02811    28.3848     8.1832 0.0000e+00
 127.266771      2.752    13.3008  32.694407    27.0252      2.728  270.84769  271.02915    28.6183     8.1347 0.0000e+00
 127.266774      2.794    13.3009  32.694407    27.0252      2.769  270.84709  271.02855    28.5249     8.1509 0.0000e+00
 127.266777      2.836    13.3012  32.694932    27.0252      2.811  270.84495  271.02643    31.5288     8.6563 0.0000e+00
 127.266780      2.874    13.3017  32.694815    27.0253      2.849  270.84298  271.02449    31.7311     8.7129 -9.990e-29
 127.266782      2.894    13.3021  32.694407    27.0242      2.869  270.84212  271.02366    31.7000     8.6968 -9.990e-29
 127.266785      2.913    13.3022  32.694815    27.0245      2.886  270.84111  271.02265    31.7467     8.6846 -9.990e-29
 127.266788      2.918    13.3020  32.694932    27.0247      2.892  270.84154  271.02307    32.1669     8.5310 -9.990e-29
 127.266791      2.920    13.3019  32.695224    27.0250      2.894  270.84136  271.02288    32.2759     8.5310 -9.990e-29
 127.266794      2.935    13.3019  32.695457    27.0252      2.908  270.84097  271.02249    32.2603     8.5512 -9.990e-29
 127.266797      2.953    13.3021  32.695224    27.0253      2.926  270.84075  271.02228    32.2914     8.5027 -9.990e-29
 127.266800      2.978    13.3022  32.695748    27.0253      2.952  270.83923  271.02077    32.3692     8.5714 0.0000e+00
 127.266803      3.008    13.3022  32.695632    27.0253      2.981  270.83945  271.02099    30.0035     8.3935 0.0000e+00
 127.266806      3.051    13.3022  32.695865    27.0252      3.024  270.83908  271.02061    30.0346     8.3530 0.0000e+00
 127.266808      3.095    13.3022  32.695516    27.0254      3.067  270.84002  271.02156    29.9412     8.3167 0.0000e+00
 127.266811      3.135    13.3019  32.696274    27.0259      3.107  270.83969  271.02120    30.0969     8.3530 0.0000e+00
 127.266814      3.172    13.3019  32.696274    27.0260      3.143  270.84002  271.02153    30.8128     7.8476 0.0000e+00
 127.266817      3.201    13.3018  32.696449    27.0260      3.172  270.84005  271.02156    30.8906     7.8152 -9.990e-29
 127.266820      3.223    13.3018  32.696507    27.0262      3.194  270.83997  271.02147    30.7661     7.8678 -9.990e-29
 127.266823      3.230    13.3018  32.696274    27.0260      3.201  270.84037  271.02188    30.5171     7.8193 -9.990e-29
 127.266826      3.241    13.3021  32.696857    27.0263      3.212  270.83812  271.01964    29.1630     8.2883 -9.990e-29
 127.266829      3.252    13.3021  32.697090    27.0265      3.223  270.83772  271.01924    29.0852     8.3045 -9.990e-29
 127.266832      3.270    13.3023  32.695924    27.0268      3.241  270.83880  271.02034    29.2720     8.2681 -9.990e-29
 127.266834      3.298    13.3025  32.697673    27.0269      3.268  270.83518  271.01671    29.1941     8.2520 0.0000e+00
 127.266837      3.329    13.3026  32.697907    27.0268      3.299  270.83416  271.01570    35.1085     9.3033 0.0000e+00
 127.266840      3.367    13.3029  32.698082    27.0268      3.337  270.83263  271.01419    35.1864     9.3437 0.0000e+00
 127.266843      3.405    13.3033  32.698315    27.0268      3.375  270.83036  271.01195    35.2642     9.3195 0.0000e+00
 127.266846      3.445    13.3034  32.698548    27.0267      3.415  270.82967  271.01126    35.2175     9.3276 0.0000e+00
 127.266849      3.472    13.3035  32.698082    27.0267      3.441  270.83018  271.01177    35.1552     9.2871 0.0000e+00
 127.266852      3.502    13.3033  32.698490    27.0264      3.470  270.83012  271.01170    34.7661     8.6159 -9.990e-29
 127.266855      3.524    13.3033  32.698723    27.0271      3.492  270.83005  271.01162    34.6261     8.6523 -9.990e-29
 127.266858      3.538    13.3032  32.698548    27.0270      3.507  270.83067  271.01225    34.6261     8.6401 -9.990e-29
 127.266861      3.551    13.3031  32.698723    27.0272      3.519  270.83070  271.01226    34.7350     8.6361 -9.990e-29
 127.266863      3.567    13.3030  32.698082    27.0267      3.535  270.83244  271.01400    38.1280     9.8573 -9.990e-29
 127.266866      3.587    13.3026  32.698549    27.0274      3.555  270.83322  271.01476    38.1280     9.8735 -9.990e-29
 127.266869      3.614    13.3025  32.698549    27.0273      3.582  270.83355  271.01508    38.2214     9.8896 0.0000e+00
 127.266872      3.645    13.3024  32.698316    27.0274      3.613  270.83460  271.01613    38.0969     9.8775 0.0000e+00
 127.266875      3.684    13.3021  32.698666    27.0273      3.651  270.83528  271.01679    41.9724    10.2131 0.0000e+00
 127.266878      3.718    13.3021  32.697908    27.0271      3.685  270.83661  271.01812    42.0035    10.2253 0.0000e+00
 127.266881      3.754    13.3019  32.697500    27.0270      3.721  270.83828  271.01978    41.8634    10.2172 0.0000e+00
 127.266884      3.784    13.3016  32.698666    27.0269      3.750  270.83755  271.01902    41.9257    10.2172 -9.990e-29
 127.266887      3.800    13.3013  32.698550    27.0282      3.766  270.83902  271.02047    40.8362     9.4772 -9.990e-29
 127.266889      3.818    13.3011  32.698550    27.0284      3.784  270.83997  271.02141    40.5716     9.4731 -9.990e-29
 127.266892      3.835    13.3008  32.698083    27.0282      3.800  270.84204  271.02347    40.7895     9.5014 -9.990e-29
 127.266895      3.853    13.3003  32.698666    27.0290      3.819  270.84325  271.02464    40.7584     9.5459 -9.990e-29
 127.266898      3.871    13.3000  32.698725    27.0293      3.837  270.84442  271.02579    40.8050     9.5095 -9.990e-29
 127.266901      3.893    13.2999  32.698317    27.0294      3.859  270.84545  271.02682    40.6650    10.2657 -9.990e-29
 127.266904      3.919    13.2996  32.698550    27.0296      3.884  270.84633  271.02768    40.6961    10.2616 0.0000e+00
 127.266907      3.954    13.2993  32.698667    27.0295      3.918  270.84740  271.02874    40.6961    10.3183 0.0000e+00
