Processed/SBE19plus_01907321_2022_05_10_Cast117_wfilter.cnv
* Sea-Bird SBE19plus  Data File:
* FileName = E:\Prandtl_Daten\2022\CTD\Raw\SBE19plus_01907321_2022_05_10_Cast117.hex
* Software version 2.6.1.12
* Temperature SN = 7321
* Conductivity SN = 7321
* System UpLoad Time = May 10 2022 14:41:10
* <ApplicationData>
* <Seaterm232>
** Messpraktikum 2022
** CTD 10.05  TS
** NMEA Latitude = 54 04.75N
** NMEA Longitude = 008 42.30E
# nquan = 11
# nvalues = 414                         
# units = specified
# name 0 = timeJ: Julian Days
# name 1 = prdM: Pressure, Strain Gauge [db]
# name 2 = tv290C: Temperature [ITS-90, deg C]
# name 3 = c0mS/cm: Conductivity [mS/cm]
# name 4 = sal00: Salinity, Practical [PSU]
# name 5 = depSM: Depth [salt water, m], lat = 54.00
# name 6 = oxsatMm/Kg: Oxygen Saturation, Weiss [umol/kg]
# name 7 = oxsolMm/Kg: Oxygen Saturation, Garcia & Gordon [umol/kg]
# name 8 = turbWETntu0: Turbidity, WET Labs ECO [NTU]
# name 9 = flECO-AFL: Fluorescence, WET Labs ECO-AFL/FL [mg/m^3]
# name 10 = flag:  0.000e+00
# span 0 = 130.607347, 130.608542       
# span 1 =      0.544,     12.931       
# span 2 =    13.5099,    13.5720       
# span 3 =  32.827072,  32.870034       
# span 4 =    26.9875,    27.0012       
# span 5 =      0.540,     12.815       
# span 6 =  269.37900,  269.72008       
# span 7 =  269.57564,  269.91333       
# span 8 =    -2.7903,    33.0229       
# span 9 =     1.7174,     8.1185       
# span 10 = 0.0000e+00, 0.0000e+00      
# interval = seconds: 0.25
# start_time = May 10 2022 14:33:26 [Instrument's time stamp, header]
# bad_flag = -9.990e-29
*END*
[from data line 132]
 130.607729      4.500    13.5382  32.848262    26.9970      4.459  269.56290  269.75768    -0.1755     2.2067 0.0000e+00
 130.607731      4.530    13.5384  32.848145    26.9969      4.490  269.56248  269.75728    -0.2066     2.1622 0.0000e+00
 130.607734      4.561    13.5382  32.848145    26.9968      4.520  269.56345  269.75823    -0.1755     2.2108 -9.990e-29
 130.607737      4.585    13.5382  32.848028    26.9968      4.544  269.56366  269.75844    -0.2533     2.2188 -9.990e-29
 130.607740      4.607    13.5379  32.846919    26.9960      4.566  269.56651  269.76128    -0.2066     2.2350 -9.990e-29
 130.607743      4.631    13.5381  32.847561    26.9964      4.589  269.56480  269.75958    -0.2066     2.1258 -9.990e-29
 130.607746      4.656    13.5380  32.848262    26.9973      4.615  269.56394  269.75870    -0.1288     2.1541 -9.990e-29
 130.607749      4.685    13.5382  32.848554    26.9973      4.644  269.56283  269.75760    -0.2378     2.1420 0.0000e+00
 130.607752      4.720    13.5385  32.848963    26.9973      4.678  269.56090  269.75569    -0.1599     2.1258 0.0000e+00
 130.607755      4.753    13.5387  32.848379    26.9971      4.710  269.56097  269.75578    -0.1444     2.1824 0.0000e+00
 130.607758      4.789    13.5390  32.849022    26.9970      4.746  269.55832  269.75315    -0.1911     2.2027 0.0000e+00
 130.607760      4.820    13.5393  32.849197    26.9970      4.777  269.55679  269.75163    -0.1444     2.2067 0.0000e+00
 130.607763      4.853    13.5395  32.849197    26.9970      4.810  269.55618  269.75103    -0.2066     2.1905 0.0000e+00
 130.607766      4.886    13.5394  32.849840    26.9971      4.842  269.55542  269.75026     1.1630     2.3887 0.0000e+00
 130.607769      4.919    13.5396  32.849606    26.9975      4.875  269.55489  269.74975     1.0541     2.4170 0.0000e+00
 130.607772      4.950    13.5399  32.850249    26.9973      4.905  269.55288  269.74774     1.0852     2.3968 0.0000e+00
 130.607775      4.979    13.5401  32.848613    26.9975      4.934  269.55473  269.74963     1.1008     2.3846 -9.990e-29
 130.607778      5.001    13.5394  32.846511    26.9944      4.956  269.56116  269.75603     0.7895     2.3846 -9.990e-29
 130.607781      5.026    13.5378  32.844642    26.9949      4.981  269.57127  269.76606     0.7584     2.3887 -9.990e-29
 130.607784      5.052    13.5356  32.844117    26.9958      5.007  269.58161  269.77627     0.7428     2.3725 0.0000e+00
 130.607786      5.081    13.5338  32.844643    26.9967      5.036  269.58860  269.78314     0.7739     2.3887 0.0000e+00
 130.607789      5.114    13.5330  32.844877    26.9975      5.068  269.59168  269.78617     0.7272     2.4008 0.0000e+00
 130.607792      5.145    13.5331  32.846278    26.9975      5.099  269.58868  269.78317     0.2292     2.3240 0.0000e+00
 130.607795      5.181    13.5338  32.845286    26.9972      5.135  269.58725  269.78179     0.3848     2.3038 0.0000e+00
 130.607798      5.218    13.5344  32.844877    26.9972      5.171  269.58546  269.78004     0.3537     2.3240 0.0000e+00
 130.607801      5.253    13.5349  32.846103    26.9971      5.206  269.58150  269.77610     0.2759     2.3240 0.0000e+00
 130.607804      5.286    13.5352  32.846279    26.9971      5.238  269.57997  269.77458     0.3070     2.1258 0.0000e+00
 130.607807      5.317    13.5351  32.846104    26.9970      5.269  269.58060  269.77521     0.3537     2.1582 0.0000e+00
 130.607810      5.346    13.5348  32.845695    26.9969      5.298  269.58257  269.77717     0.3226     2.1582 0.0000e+00
 130.607812      5.379    13.5347  32.845870    26.9968      5.331  269.58261  269.77720     0.3381     2.1097 -9.990e-29
 130.607815      5.401    13.5348  32.846279    26.9974      5.353  269.58161  269.77620     0.3848     2.4453 -9.990e-29
 130.607818      5.421    13.5349  32.845695    26.9967      5.372  269.58199  269.77659     0.3070     2.4372 -9.990e-29
 130.607821      5.445    13.5352  32.845870    26.9956      5.396  269.58076  269.77538     0.3537     2.4534 -9.990e-29
 130.607824      5.472    13.5349  32.844410    26.9961      5.423  269.58452  269.77913     0.3848     2.4453 0.0000e+00
 130.607827      5.503    13.5346  32.845287    26.9966      5.454  269.58431  269.77889    -0.1444     2.1541 0.0000e+00
 130.607830      5.532    13.5344  32.845287    26.9967      5.483  269.58527  269.77984    -0.1288     2.1420 0.0000e+00
 130.607833      5.565    13.5341  32.845696    26.9967      5.515  269.58585  269.78040    -0.2378     2.1218 0.0000e+00
 130.607836      5.596    13.5344  32.845287    26.9971      5.546  269.58531  269.77988    -0.1911     2.1178 0.0000e+00
 130.607839      5.627    13.5344  32.845696    26.9967      5.576  269.58463  269.77920    -0.1132     2.1744 0.0000e+00
 130.607841      5.660    13.5346  32.845521    26.9971      5.609  269.58401  269.77859     2.3303     2.6798 0.0000e+00
 130.607844      5.694    13.5349  32.846514    26.9967      5.643  269.58108  269.77567     2.3459     2.7243 0.0000e+00
 130.607847      5.725    13.5354  32.845871    26.9965      5.674  269.57999  269.77462     2.4393     2.7041 0.0000e+00
 130.607850      5.756    13.5353  32.843710    26.9955      5.705  269.58400  269.77865     2.2369     2.6919 0.0000e+00
 130.607853      5.785    13.5342  32.837637    26.9945      5.734  269.59908  269.79371     4.0580     2.9548 -9.990e-29
 130.607856      5.805    13.5303  32.835769    26.9920      5.754  269.61894  269.81335     4.1202     2.9831 -9.990e-29
 130.607859      5.831    13.5259  32.833667    26.9939      5.779  269.64172  269.83587     4.0268     2.9912 0.0000e+00
 130.607862      5.858    13.5223  32.835127    26.9958      5.806  269.65434  269.84827     3.9957     2.9548 0.0000e+00
 130.607865      5.888    13.5208  32.836996    26.9971      5.835  269.65778  269.85160     4.0891     3.0882 0.0000e+00
 130.607867      5.921    13.5209  32.835361    26.9975      5.868  269.66027  269.85411     4.0268     3.1165 0.0000e+00
 130.607870      5.959    13.5208  32.835829    26.9975      5.906  269.65981  269.85364     4.1202     3.0963 0.0000e+00
 130.607873      5.994    13.5204  32.835770    26.9975      5.940  269.66182  269.85562     4.0580     3.1165 0.0000e+00
 130.607876      6.032    13.5201  32.834311    26.9971      5.978  269.66559  269.85938     4.7117     2.9629 0.0000e+00
 130.607879      6.061    13.5193  32.834252    26.9971      6.007  269.66885  269.86260     4.7117     2.9629 0.0000e+00
 130.607882      6.094    13.5187  32.834311    26.9971      6.039  269.67160  269.86531     4.7584     2.9790 0.0000e+00
 130.607885      6.123    13.5184  32.833260    26.9968      6.068  269.67467  269.86837     4.8206     2.9548 0.0000e+00
 130.607888      6.154    13.5176  32.832326    26.9967      6.099  269.67974  269.87340     4.7584     2.9710 0.0000e+00
 130.607891      6.180    13.5167  32.831041    26.9966      6.125  269.68572  269.87933     3.2486     2.8941 -9.990e-29
 130.607894      6.204    13.5154  32.829582    26.9956      6.148  269.69388  269.88743     3.3731     2.9022 -9.990e-29
 130.607896      6.226    13.5139  32.830575    26.9978      6.170  269.69849  269.89194     3.3731     2.9022 -9.990e-29
 130.607899      6.255    13.5132  32.830341    26.9978      6.199  269.70205  269.89546     3.3887     2.9022 0.0000e+00
 130.607902      6.284    13.5130  32.830166    26.9978      6.228  269.70331  269.89671     2.1903     2.8860 0.0000e+00
 130.607905      6.319    13.5127  32.830166    26.9980      6.262  269.70459  269.89797     2.1436     2.8699 0.0000e+00
 130.607908      6.353    13.5127  32.830342    26.9981      6.297  269.70431  269.89769     2.0346     2.8335 0.0000e+00
 130.607911      6.384    13.5127  32.830400    26.9981      6.327  269.70423  269.89761     2.0191     2.8537 0.0000e+00
 130.607914      6.423    13.5127  32.829174    26.9971      6.365  269.70603  269.89942     4.6494     3.0033 0.0000e+00
 130.607917      6.457    13.5123  32.828941    26.9970      6.400  269.70834  269.90170     4.6183     2.9629 0.0000e+00
 130.607920      6.488    13.5116  32.827890    26.9966      6.430  269.71329  269.90662     4.5560     2.9831 0.0000e+00
 130.607922      6.518    13.5109  32.827306    26.9966      6.459  269.71714  269.91043     4.4938     2.9467 0.0000e+00
 130.607925      6.551    13.5103  32.827072    26.9966      6.492  269.72007  269.91333     5.1008     3.5411 -9.990e-29
 130.607928      6.574    13.5099  32.828182    26.9981      6.515  269.72008  269.91331     4.9607     3.5249 -9.990e-29
 130.607931      6.594    13.5103  32.829350    26.9988      6.535  269.71622  269.90946     5.0696     3.5532 -9.990e-29
 130.607934      6.623    13.5108  32.828766    26.9979      6.564  269.71503  269.90831     5.0852     3.5371 -9.990e-29
 130.607937      6.647    13.5106  32.828182    26.9975      6.588  269.71698  269.91025     4.9918     3.5492 -9.990e-29
 130.607940      6.671    13.5102  32.827890    26.9984      6.611  269.71907  269.91232     8.3537     3.7797 -9.990e-29
 130.607943      6.700    13.5101  32.828766    26.9986      6.640  269.71822  269.91145     8.3070     3.8201 0.0000e+00
 130.607946      6.734    13.5099  32.828942    26.9987      6.674  269.71857  269.91180     8.3537     3.8080 0.0000e+00
 130.607948      6.775    13.5102  32.829584    26.9991      6.714  269.71656  269.90979     8.2447     3.7797 0.0000e+00
 130.607951      6.807    13.5107  32.830402    26.9994      6.747  269.71298  269.90624     9.3187     4.0991 0.0000e+00
 130.607954      6.840    13.5115  32.831920    27.0001      6.779  269.70696  269.90025     9.2097     4.0991 0.0000e+00
 130.607957      6.878    13.5124  32.832445    27.0001      6.817  269.70231  269.89566     9.2875     4.1517 0.0000e+00
 130.607960      6.905    13.5132  32.832854    27.0001      6.844  269.69786  269.89125     9.3187     4.1113 0.0000e+00
 130.607963      6.938    13.5141  32.834139    27.0001      6.876  269.69223  269.88566     4.4938     3.3147 0.0000e+00
 130.607966      6.965    13.5152  32.834489    27.0004      6.903  269.68694  269.88043     4.4315     3.2945 -9.990e-29
 130.607969      6.985    13.5159  32.834139    26.9991      6.923  269.68440  269.87794     4.4626     3.2945 -9.990e-29
 130.607972      7.011    13.5164  32.834548    26.9991      6.948  269.68152  269.87509     4.5716     3.2661 -9.990e-29
 130.607975      7.036    13.5165  32.834256    26.9987      6.973  269.68140  269.87499     9.1630     4.1194 -9.990e-29
 130.607977      7.060    13.5165  32.834314    26.9984      6.997  269.68163  269.87521     9.0541     4.1355 -9.990e-29
 130.607980      7.089    13.5165  32.833906    26.9982      7.026  269.68203  269.87562     9.0229     4.1355 0.0000e+00
 130.607983      7.120    13.5162  32.833322    26.9984      7.057  269.68462  269.87819     9.0696     4.1032 0.0000e+00
 130.607986      7.155    13.5157  32.833264    26.9982      7.091  269.68694  269.88048     9.0074     4.1274 0.0000e+00
 130.607989      7.188    13.5154  32.832855    26.9984      7.123  269.68892  269.88244     9.9412     4.3579 0.0000e+00
 130.607992      7.226    13.5148  32.833731    26.9994      7.162  269.68996  269.88344    10.0657     4.3741 0.0000e+00
 130.607995      7.259    13.5149  32.834665    26.9999      7.194  269.68776  269.88124    10.0502     4.3862 0.0000e+00
 130.607998      7.290    13.5157  32.834957    26.9999      7.225  269.68382  269.87735     9.9879     4.3984 0.0000e+00
 130.608001      7.323    13.5165  32.835541    26.9998      7.257  269.67939  269.87296     7.9490     3.9778 0.0000e+00
 130.608003      7.350    13.5170  32.835483    26.9996      7.284  269.67762  269.87122     8.1202     3.9778 0.0000e+00
 130.608006      7.376    13.5178  32.836826    26.9994      7.310  269.67189  269.86553     7.9646     3.9859 -9.990e-29
 130.608009      7.396    13.5184  32.836826    26.9996      7.330  269.66907  269.86275     7.9957     3.9859 -9.990e-29
 130.608012      7.418    13.5192  32.837819    27.0000      7.351  269.66425  269.85797     9.7700     4.4348 -9.990e-29
 130.608015      7.442    13.5195  32.837410    26.9998      7.375  269.66339  269.85713     9.7856     4.4267 -9.990e-29
 130.608018      7.469    13.5198  32.838053    26.9993      7.402  269.66137  269.85512     9.8323     4.4550 0.0000e+00
 130.608021      7.502    13.5201  32.837235    26.9989      7.435  269.66121  269.85499     9.7233     4.4145 0.0000e+00
 130.608024      7.537    13.5202  32.837410    26.9989      7.469  269.66062  269.85440     6.9840     3.8363 0.0000e+00
 130.608027      7.571    13.5206  32.838637    26.9997      7.503  269.65698  269.85077     7.2175     3.7716 0.0000e+00
 130.608030      7.602    13.5209  32.839046    26.9997      7.534  269.65504  269.84885     7.0930     3.7878 0.0000e+00
 130.608032      7.640    13.5212  32.838987    26.9996      7.572  269.65359  269.84743     6.9685     3.7959 0.0000e+00
 130.608035      7.671    13.5215  32.839279    26.9995      7.602  269.65186  269.84571     7.1085     3.8120 0.0000e+00
 130.608038      7.702    13.5217  32.839280    26.9995      7.633  269.65125  269.84511     6.4860     3.7029 0.0000e+00
 130.608041      7.733    13.5217  32.839396    26.9995      7.664  269.65075  269.84461     6.5794     3.7393 0.0000e+00
 130.608044      7.764    13.5220  32.840097    26.9995      7.694  269.64864  269.84250     6.6105     3.7271 -9.990e-29
 130.608047      7.784    13.5223  32.839922    26.9996      7.714  269.64738  269.84127     6.5638     3.7433 -9.990e-29
 130.608050      7.810    13.5226  32.838404    26.9980      7.740  269.64903  269.84295     7.9801     3.7231 -9.990e-29
 130.608053      7.833    13.5224  32.838871    26.9985      7.763  269.64888  269.84279     8.0580     3.7029 -9.990e-29
 130.608056      7.862    13.5218  32.837820    26.9980      7.792  269.65321  269.84708     8.1202     3.7312 -9.990e-29
 130.608058      7.886    13.5214  32.839047    26.9989      7.816  269.65302  269.84686     8.0268     3.7231 -9.990e-29
 130.608061      7.919    13.5213  32.838404    26.9984      7.848  269.65445  269.84829     9.6922     4.2245 0.0000e+00
 130.608064      7.956    13.5215  32.837645    26.9987      7.885  269.65513  269.84899     9.6922     4.2528 0.0000e+00
 130.608067      7.989    13.5212  32.838229    26.9982      7.917  269.65510  269.84894     9.9101     4.2488 0.0000e+00
 130.608070      8.025    13.5209  32.837412    26.9982      7.953  269.65809  269.85191     9.7545     4.2407 0.0000e+00
 130.608073      8.060    13.5204  32.835952    26.9982      7.988  269.66280  269.85661     8.2603     4.2204 0.0000e+00
 130.608076      8.091    13.5197  32.836595    26.9983      8.018  269.66456  269.85831     8.0113     4.0061 0.0000e+00
 130.608079      8.126    13.5191  32.836653    26.9984      8.053  269.66699  269.86072     8.0580     4.0102 0.0000e+00
 130.608082      8.155    13.5187  32.835953    26.9986      8.082  269.66978  269.86348     8.0891     3.9617 0.0000e+00
 130.608084      8.184    13.5185  32.836829    26.9984      8.111  269.66925  269.86293     8.1513     4.0061 -9.990e-29
 130.608087      8.208    13.5184  32.836245    26.9988      8.135  269.67057  269.86426     8.3537     4.3822 -9.990e-29
 130.608090      8.238    13.5183  32.836829    26.9994      8.164  269.67022  269.86389     8.3226     4.3741 -9.990e-29
 130.608093      8.261    13.5185  32.836829    26.9989      8.187  269.66929  269.86298     8.2759     4.3741 -9.990e-29
 130.608096      8.292    13.5184  32.836420    26.9988      8.218  269.67032  269.86401     8.2292     4.3498 0.0000e+00
 130.608099      8.323    13.5185  32.836245    26.9989      8.249  269.67033  269.86402     9.5833     4.1800 0.0000e+00
 130.608102      8.354    13.5185  32.836596    26.9990      8.280  269.66975  269.86344     9.5833     4.1719 0.0000e+00
