Processed/SBE19plus_01907321_2022_05_04_Cast09_wfilter.cnv
* Sea-Bird SBE19plus  Data File:
* FileName = E:\Prandtl Daten\2022\CTD\Raw\SBE19plus_01907321_2022_05_04_Cast09.hex
* Software version 2.6.1.12
* Temperature SN = 7321
* Conductivity SN = 7321
* System UpLoad Time = May 04 2022 07:04:40
* <ApplicationData>
* <Seaterm232>
** Messpraktikum 2022
** CTD 04.05 KFN Anfang
# nquan = 11
# nvalues = 328                         
# units = specified
# name 0 = timeJ: Julian Days
# name 1 = prdM: Pressure, Strain Gauge [db]
# name 2 = tv290C: Temperature [ITS-90, deg C]
# name 3 = c0mS/cm: Conductivity [mS/cm]
# name 4 = sal00: Salinity, Practical [PSU]
# name 5 = depSM: Depth [salt water, m], lat = 54.00
# name 6 = oxsatMm/Kg: Oxygen Saturation, Weiss [umol/kg]
# name 7 = oxsolMm/Kg: Oxygen Saturation, Garcia & Gordon [umol/kg]
# name 8 = turbWETntu0: Turbidity, WET Labs ECO [NTU]
# name 9 = flECO-AFL: Fluorescence, WET Labs ECO-AFL/FL [mg/m^3]
# name 10 = flag:  0.000e+00
# span 0 = 124.290136, 124.291082       
# span 1 =      0.676,      8.469       
# span 2 =    11.7874,    11.9313       
# span 3 =  31.820739,  32.049790       
# span 4 =    27.3020,    27.4135       
# span 5 =      0.670,      8.393       
# span 6 =  278.05420,  279.12166       
# span 7 =  278.15120,  279.21103       
# span 8 =    29.6455,    40.7739       
# span 9 =     8.7817,    11.9681       
# span 10 = 0.0000e+00, 0.0000e+00      
# interval = seconds: 0.25
# start_time = May 04 2022 06:56:32 [Instrument's time stamp, header]
# bad_flag = -9.990e-29
*END*
[from data line 263]
 124.290897      7.080    11.9086  32.014856    27.3939      7.016  278.21981  278.31559    35.7000    10.5690 -9.990e-29
 124.290900      7.100    11.9083  32.013873    27.3949      7.036  278.22290  278.31867    35.7311    10.5973 -9.990e-29
 124.290903      7.118    11.9083  32.015261    27.3962      7.054  278.22035  278.31610    35.7778    10.5528 -9.990e-29
 124.290906      7.132    11.9081  32.016013    27.3971      7.069  278.21991  278.31565    35.6222    10.6134 -9.990e-29
 124.290909      7.145    11.9084  32.014683    27.3956      7.081  278.22112  278.31689    38.8751    10.9491 -9.990e-29
 124.290911      7.155    11.9083  32.015839    27.3968      7.091  278.21931  278.31505    38.8595    10.9410 -9.990e-29
 124.290914      7.168    11.9087  32.014856    27.3955      7.103  278.21925  278.31503    38.8595    11.0259 -9.990e-29
 124.290917      7.184    11.9086  32.015666    27.3964      7.120  278.21839  278.31416    38.8595    10.9288 -9.990e-29
 124.290920      7.206    11.9089  32.015261    27.3950      7.142  278.21758  278.31338    34.5327    11.1836 -9.990e-29
 124.290923      7.239    11.9091  32.014683    27.3955      7.174  278.21773  278.31355    34.5638    11.2119 0.0000e+00
 124.290926      7.274    11.9090  32.015492    27.3959      7.208  278.21688  278.31269    34.3303    11.1876 0.0000e+00
 124.290929      7.312    11.9085  32.016071    27.3968      7.246  278.21804  278.31380    34.4393    11.2038 0.0000e+00
 124.290932      7.354    11.9086  32.019656    27.3997      7.288  278.21113  278.30686    36.1202    10.9935 0.0000e+00
 124.290935      7.390    11.9097  32.020061    27.3997      7.324  278.20538  278.30118    35.8556    10.9733 0.0000e+00
 124.290938      7.428    11.9107  32.019656    27.3991      7.362  278.20144  278.29732    35.9023    10.9167 0.0000e+00
 124.290940      7.454    11.9109  32.016823    27.3985      7.387  278.20575  278.30167    35.9646    10.9410 -9.990e-29
 124.290943      7.478    11.9096  32.017286    27.3971      7.411  278.21120  278.30702    35.9334    11.1553 -9.990e-29
 124.290946      7.497    11.9086  32.022085    27.4024      7.430  278.20674  278.30244    35.8712    11.1229 -9.990e-29
 124.290949      7.509    11.9097  32.025497    27.4048      7.441  278.19541  278.29115    35.9334    11.0946 -9.990e-29
 124.290952      7.516    11.9122  32.028099    27.4054      7.449  278.17929  278.27518    35.9023    11.0704 -9.990e-29
 124.290955      7.527    11.9144  32.030297    27.4058      7.459  278.16518  278.26120    36.0580    11.0946 -9.990e-29
 124.290958      7.541    11.9166  32.033130    27.4069      7.474  278.14989  278.24604    39.8245    11.2483 -9.990e-29
 124.290961      7.558    11.9186  32.031511    27.4039      7.490  278.14410  278.24040    39.8712    11.2362 -9.990e-29
 124.290964      7.581    11.9191  32.031337    27.4052      7.513  278.14192  278.23826    39.9179    11.2645 -9.990e-29
 124.290966      7.616    11.9191  32.033304    27.4051      7.548  278.13862  278.23494    40.0268    11.3049 0.0000e+00
 124.290969      7.649    11.9195  32.033246    27.4052      7.580  278.13687  278.23322    34.7506    11.0097 0.0000e+00
 124.290972      7.676    11.9200  32.036543    27.4069      7.607  278.12859  278.22494    34.6883    11.0340 0.0000e+00
 124.290975      7.714    11.9209  32.036543    27.4069      7.645  278.12453  278.22095    34.6883    11.0218 0.0000e+00
 124.290978      7.743    11.9218  32.035155    27.4055      7.674  278.12303  278.21952    34.6883    11.0663 0.0000e+00
 124.290981      7.776    11.9218  32.035733    27.4052      7.707  278.12199  278.21847    38.1124    10.9976 0.0000e+00
 124.290984      7.802    11.9216  32.035155    27.4055      7.732  278.12402  278.22049    38.2214    11.0340 -9.990e-29
 124.290987      7.816    11.9215  32.038741    27.4085      7.746  278.11772  278.21415    38.1903    10.9531 -9.990e-29
 124.290990      7.835    11.9224  32.039782    27.4088      7.765  278.11172  278.20820    38.2369    11.0057 -9.990e-29
 124.290992      7.849    11.9234  32.040360    27.4086      7.779  278.10626  278.20281    36.1513    10.9935 -9.990e-29
 124.290995      7.859    11.9242  32.042789    27.4104      7.788  278.09832  278.19490    36.2292    10.9935 -9.990e-29
 124.290998      7.875    11.9255  32.042558    27.4091      7.805  278.09248  278.18915    36.1513    10.9450 -9.990e-29
 124.291001      7.899    11.9266  32.042037    27.4073      7.828  278.08874  278.18549    36.3226    10.9733 -9.990e-29
 124.291004      7.924    11.9269  32.041748    27.4077      7.853  278.08772  278.18450    36.1980    10.9572 0.0000e+00
 124.291007      7.957    11.9269  32.042558    27.4081      7.886  278.08656  278.18333    39.7311    11.4505 0.0000e+00
 124.291010      7.994    11.9269  32.042558    27.4081      7.922  278.08659  278.18336    39.8401    11.3817 0.0000e+00
 124.291013      8.028    11.9266  32.043773    27.4095      7.956  278.08562  278.18236    39.9023    11.4181 0.0000e+00
 124.291016      8.061    11.9268  32.044178    27.4097      7.989  278.08396  278.18070    39.8245    11.4869 0.0000e+00
 124.291019      8.092    11.9272  32.045393    27.4102      8.020  278.07985  278.17661    38.5949    10.9329 0.0000e+00
 124.291021      8.120    11.9276  32.045393    27.4104      8.047  278.07798  278.17477    38.7350    10.9046 0.0000e+00
 124.291024      8.145    11.9277  32.044352    27.4102      8.073  278.07961  278.17642    38.6416    10.9288 -9.990e-29
 124.291027      8.162    11.9279  32.045393    27.4100      8.089  278.07675  278.17357    38.5638    10.8803 -9.990e-29
 124.291030      8.178    11.9283  32.046608    27.4109      8.105  278.07295  278.16977    40.1825    11.2442 -9.990e-29
 124.291033      8.193    11.9285  32.047360    27.4114      8.120  278.07031  278.16715    40.4782    11.2200 -9.990e-29
 124.291036      8.215    11.9292  32.046955    27.4105      8.141  278.06825  278.16513    40.4626    11.2281 -9.990e-29
 124.291039      8.235    11.9292  32.047186    27.4108      8.161  278.06784  278.16472    40.4159    11.2362 -9.990e-29
 124.291042      8.260    11.9291  32.047186    27.4106      8.186  278.06817  278.16504    39.7622    11.2564 0.0000e+00
 124.291045      8.289    11.9292  32.046955    27.4106      8.215  278.06830  278.16518    39.9801    11.6446 0.0000e+00
 124.291047      8.319    11.9288  32.047360    27.4105      8.244  278.06914  278.16600    39.7622    11.5920 -9.990e-29
 124.291050      8.341    11.9288  32.046203    27.4084      8.266  278.07130  278.16816    39.4821    11.6446 -9.990e-29
 124.291053      8.368    11.9286  32.044352    27.4084      8.293  278.07567  278.17255    39.7311    11.6122 0.0000e+00
 124.291056      8.396    11.9278  32.045394    27.4084      8.321  278.07754  278.17435    38.7506    11.1634 -9.990e-29
 124.291059      8.419    11.9272  32.044989    27.4100      8.344  278.08082  278.17759    38.6883    11.1796 -9.990e-29
 124.291062      8.443    11.9271  32.046261    27.4113      8.368  278.07912  278.17586    38.6572    11.1998 -9.990e-29
 124.291065      8.452    11.9269  32.048170    27.4132      8.376  278.07622  278.17294    38.7350    11.2038 -9.990e-29
 124.291068      8.452    11.9279  32.049212    27.4135      8.376  278.06990  278.16667    39.6377    11.2726 -9.990e-29
 124.291071      8.458    11.9293  32.049790    27.4130      8.382  278.06255  278.15942    39.8245    11.2806 -9.990e-29
 124.291073      8.460    11.9302  32.049211    27.4118      8.384  278.05954  278.15647    39.6689    11.2523 -9.990e-29
 124.291076      8.461    11.9308  32.049616    27.4117      8.386  278.05596  278.15294    39.6689    11.3211 -9.990e-29
 124.291079      8.465    11.9311  32.049385    27.4113      8.389  278.05514  278.15213    40.7584    11.2604 -9.990e-29
 124.291082      8.469    11.9313  32.049385    27.4111      8.393  278.05420  278.15120    40.7739    11.1836 -9.990e-29
