Processed/SBE19plus_01907321_2022_05_11_Cast122_wfilter.cnv
* Sea-Bird SBE19plus  Data File:
* FileName = E:\Prandtl_Daten\2022\CTD\Raw\SBE19plus_01907321_2022_05_11_Cast122.hex
* Software version 2.6.1.12
* Temperature SN = 7321
* Conductivity SN = 7321
* System UpLoad Time = May 11 2022 07:43:47
* <ApplicationData>
* <Seaterm232>
** Messpraktikum 2022
** CTD 10.05  BM
** NMEA Latitude = 54 07.80N
** NMEA Longitude = 008 47.51E
# nquan = 11
# nvalues = 756                         
# units = specified
# name 0 = timeJ: Julian Days
# name 1 = prdM: Pressure, Strain Gauge [db]
# name 2 = tv290C: Temperature [ITS-90, deg C]
# name 3 = c0mS/cm: Conductivity [mS/cm]
# name 4 = sal00: Salinity, Practical [PSU]
# name 5 = depSM: Depth [salt water, m], lat = 54.00
# name 6 = oxsatMm/Kg: Oxygen Saturation, Weiss [umol/kg]
# name 7 = oxsolMm/Kg: Oxygen Saturation, Garcia & Gordon [umol/kg]
# name 8 = turbWETntu0: Turbidity, WET Labs ECO [NTU]
# name 9 = flECO-AFL: Fluorescence, WET Labs ECO-AFL/FL [mg/m^3]
# name 10 = flag:  0.000e+00
# span 0 = 131.316021, 131.318206       
# span 1 =      0.500,     17.105       
# span 2 =    13.5583,    13.5664       
# span 3 =  32.806030,  32.952618       
# span 4 =    26.9452,    27.0716       
# span 5 =      0.495,     16.952       
# span 6 =  269.28656,  269.54229       
# span 7 =  269.48225,  269.73869       
# span 8 =    -1.0160,     2.8595       
# span 9 =     1.9034,     3.0478       
# span 10 = 0.0000e+00, 0.0000e+00      
# interval = seconds: 0.25
# start_time = May 11 2022 07:33:43 [Instrument's time stamp, header]
# bad_flag = -9.990e-29
*END*
[from data line 525]
 131.317541     12.105    13.5658  32.941726    27.0600     11.997  269.29085  269.48655    -0.0666     2.3887 -9.990e-29
 131.317543     12.126    13.5657  32.941316    27.0597     12.018  269.29187  269.48757    -0.1132     2.3806 -9.990e-29
 131.317546     12.150    13.5657  32.941550    27.0598     12.041  269.29149  269.48719    -0.1755     2.3685 -9.990e-29
 131.317549     12.178    13.5658  32.941550    27.0598     12.069  269.29088  269.48658    -0.2066     2.4049 0.0000e+00
 131.317552     12.205    13.5658  32.941726    27.0599     12.095  269.29060  269.48630     0.6027     2.7081 0.0000e+00
 131.317555     12.232    13.5658  32.941726    27.0599     12.123  269.29061  269.48632     0.6494     2.7000 0.0000e+00
 131.317558     12.258    13.5658  32.941902    27.0600     12.148  269.29033  269.48603     0.5249     2.7405 0.0000e+00
 131.317561     12.283    13.5660  32.941960    27.0601     12.173  269.28930  269.48502     0.5093     2.7364 -9.990e-29
 131.317564     12.302    13.5661  32.942194    27.0601     12.192  269.28860  269.48432     0.0891     2.6353 -9.990e-29
 131.317567     12.320    13.5660  32.942136    27.0601     12.210  269.28903  269.48474     0.1513     2.6556 -9.990e-29
 131.317569     12.337    13.5661  32.942370    27.0603     12.226  269.28833  269.48405     0.0268     2.6515 -9.990e-29
 131.317572     12.357    13.5661  32.941960    27.0599     12.246  269.28904  269.48476     0.0891     2.6677 -9.990e-29
 131.317575     12.381    13.5660  32.942487    27.0604     12.270  269.28847  269.48418    -0.3000     2.6434 -9.990e-29
 131.317578     12.405    13.5661  32.942604    27.0604     12.294  269.28797  269.48369    -0.3623     2.6717 -9.990e-29
 131.317581     12.430    13.5662  32.942604    27.0604     12.319  269.28767  269.48340    -0.3934     2.6353 0.0000e+00
 131.317584     12.458    13.5660  32.942721    27.0604     12.346  269.28843  269.48414    -0.4090     2.6515 -9.990e-29
 131.317587     12.481    13.5660  32.942370    27.0603     12.369  269.28905  269.48475    -0.1132     2.7122 -9.990e-29
 131.317590     12.503    13.5659  32.943189    27.0611     12.391  269.28798  269.48368    -0.1132     2.7041 -9.990e-29
 131.317593     12.525    13.5659  32.943306    27.0612     12.413  269.28780  269.48349    -0.1132     2.7000 -9.990e-29
 131.317595     12.545    13.5659  32.943013    27.0609     12.433  269.28831  269.48401    -0.0666     2.7122 -9.990e-29
 131.317598     12.564    13.5659  32.941961    27.0600     12.451  269.29011  269.48581    -0.2066     2.7203 -9.990e-29
 131.317601     12.578    13.5658  32.943130    27.0611     12.466  269.28844  269.48414    -0.2222     2.7041 -9.990e-29
 131.317604     12.598    13.5658  32.943423    27.0614     12.486  269.28827  269.48396    -0.2066     2.7162 -9.990e-29
 131.317607     12.613    13.5662  32.943189    27.0609     12.500  269.28679  269.48251    -0.1755     2.6839 -9.990e-29
 131.317610     12.633    13.5660  32.943891    27.0616     12.520  269.28656  269.48225    -0.2378     2.7203 -9.990e-29
 131.317613     12.651    13.5658  32.944008    27.0618     12.538  269.28700  269.48268     0.1047     2.5747 -9.990e-29
 131.317616     12.676    13.5657  32.944242    27.0622     12.563  269.28724  269.48292     0.1202     2.5909 -9.990e-29
 131.317619     12.700    13.5656  32.942488    27.0606     12.586  269.29055  269.48624     0.0891     2.5989 -9.990e-29
 131.317622     12.722    13.5655  32.944242    27.0626     12.608  269.28821  269.48388     0.0580     2.5666 -9.990e-29
 131.317624     12.749    13.5654  32.944476    27.0626     12.635  269.28815  269.48380     0.2914     2.6596 0.0000e+00
 131.317627     12.779    13.5652  32.944301    27.0625     12.664  269.28909  269.48474     0.3848     2.6596 0.0000e+00
 131.317630     12.806    13.5654  32.944476    27.0625     12.691  269.28818  269.48384     0.3226     2.6515 0.0000e+00
 131.317633     12.835    13.5653  32.944652    27.0626     12.720  269.28821  269.48387     0.3537     2.6556 0.0000e+00
 131.317636     12.861    13.5651  32.944067    27.0627     12.745  269.29017  269.48581     0.8517     2.7324 -9.990e-29
 131.317639     12.882    13.5651  32.944886    27.0631     12.767  269.28879  269.48442     0.8362     2.7041 -9.990e-29
 131.317642     12.902    13.5650  32.944009    27.0623     12.787  269.29060  269.48624     0.8206     2.7243 -9.990e-29
 131.317645     12.919    13.5650  32.944886    27.0631     12.803  269.28912  269.48476     0.8206     2.7081 -9.990e-29
 131.317648     12.941    13.5650  32.945061    27.0633     12.825  269.28884  269.48447     0.8206     2.7041 -9.990e-29
 131.317650     12.966    13.5649  32.944652    27.0630     12.850  269.29018  269.48580     0.2759     2.4008 -9.990e-29
 131.317653     12.986    13.5649  32.945061    27.0626     12.870  269.28918  269.48481     0.3848     2.3927 -9.990e-29
 131.317656     13.016    13.5649  32.944243    27.0631     12.899  269.29059  269.48622     0.3848     2.3765 0.0000e+00
 131.317659     13.043    13.5649  32.945296    27.0631     12.926  269.28882  269.48444     0.3226     2.3927 0.0000e+00
 131.317662     13.072    13.5650  32.945062    27.0635     12.955  269.28892  269.48455     0.0580     2.6475 -9.990e-29
 131.317665     13.092    13.5649  32.944243    27.0625     12.975  269.29064  269.48627     0.1047     2.6798 -9.990e-29
 131.317668     13.118    13.5651  32.944886    27.0630     13.000  269.28893  269.48457     0.0891     2.6758 -9.990e-29
 131.317671     13.141    13.5651  32.945062    27.0632     13.024  269.28865  269.48428     0.0580     2.6434 -9.990e-29
 131.317674     13.158    13.5650  32.945062    27.0632     13.040  269.28897  269.48460     0.5871     2.6960 -9.990e-29
 131.317677     13.176    13.5651  32.945062    27.0631     13.058  269.28867  269.48431     0.6338     2.6879 -9.990e-29
 131.317679     13.190    13.5651  32.944887    27.0630     13.072  269.28898  269.48461     0.5871     2.7122 -9.990e-29
 131.317682     13.203    13.5652  32.944477    27.0626     13.085  269.28937  269.48501     0.5249     2.7041 -9.990e-29
 131.317685     13.221    13.5650  32.944477    27.0627     13.103  269.29001  269.48564     0.0580     2.7486 -9.990e-29
 131.317688     13.243    13.5652  32.944653    27.0624     13.124  269.28878  269.48443     0.1202     2.7041 -9.990e-29
 131.317691     13.268    13.5652  32.944302    27.0624     13.150  269.28971  269.48535     0.0735     2.6960 0.0000e+00
 131.317694     13.298    13.5652  32.944244    27.0624     13.178  269.28982  269.48547     0.1202     2.7000 0.0000e+00
 131.317697     13.323    13.5652  32.945062    27.0630     13.204  269.28845  269.48409     0.0735     2.7364 0.0000e+00
 131.317700     13.350    13.5652  32.945472    27.0632     13.231  269.28777  269.48341     0.1202     2.4574 0.0000e+00
 131.317703     13.378    13.5650  32.945297    27.0634     13.258  269.28871  269.48434     0.1669     2.4615 -9.990e-29
 131.317705     13.402    13.5648  32.945472    27.0637     13.282  269.28937  269.48499     0.0580     2.4817 -9.990e-29
 131.317708     13.429    13.5647  32.945063    27.0633     13.309  269.29040  269.48601     0.1202     2.4534 -9.990e-29
 131.317711     13.453    13.5646  32.945706    27.0640     13.332  269.28995  269.48555     0.1047     2.6475 -9.990e-29
 131.317714     13.476    13.5642  32.945882    27.0644     13.355  269.29123  269.48681     0.1513     2.6434 -9.990e-29
 131.317717     13.496    13.5642  32.945297    27.0639     13.375  269.29224  269.48782     0.0580     2.6394 -9.990e-29
 131.317720     13.509    13.5641  32.946116    27.0647     13.388  269.29148  269.48705     0.1202     2.6273 -9.990e-29
 131.317723     13.525    13.5641  32.946291    27.0649     13.404  269.29119  269.48676     0.0891     2.5221 -9.990e-29
 131.317726     13.544    13.5638  32.945707    27.0645     13.422  269.29314  269.48870     0.1202     2.5181 -9.990e-29
 131.317729     13.564    13.5636  32.946759    27.0656     13.442  269.29231  269.48784    -0.0043     2.5262 -9.990e-29
 131.317731     13.588    13.5634  32.946525    27.0655     13.466  269.29366  269.48918     0.0891     2.5019 -9.990e-29
 131.317734     13.611    13.5631  32.945707    27.0652     13.489  269.29632  269.49183    -0.0821     2.5909 -9.990e-29
 131.317737     13.637    13.5630  32.945882    27.0652     13.515  269.29635  269.49186    -0.1911     2.5787 0.0000e+00
 131.317740     13.664    13.5629  32.946760    27.0652     13.542  269.29551  269.49100    -0.1132     2.5828 -9.990e-29
 131.317743     13.688    13.5626  32.947052    27.0665     13.566  269.29628  269.49175    -0.0043     2.5949 -9.990e-29
 131.317746     13.712    13.5624  32.946760    27.0664     13.589  269.29742  269.49288    -0.1755     2.5787 -9.990e-29
 131.317749     13.736    13.5622  32.946935    27.0667     13.613  269.29808  269.49353     0.0580     2.4534 -9.990e-29
 131.317752     13.750    13.5622  32.947052    27.0668     13.627  269.29820  269.49365     0.1047     2.4615 -9.990e-29
 131.317755     13.770    13.5619  32.946935    27.0669     13.647  269.29936  269.49479     0.0891     2.4736 -9.990e-29
 131.317758     13.783    13.5617  32.946117    27.0663     13.660  269.30170  269.49712    -0.0043     2.4615 -9.990e-29
 131.317760     13.793    13.5617  32.946877    27.0670     13.669  269.30041  269.49583    -0.1444     2.4291 -9.990e-29
 131.317763     13.807    13.5616  32.946526    27.0668     13.683  269.30164  269.49705    -0.0821     2.4534 -9.990e-29
 131.317766     13.832    13.5615  32.946526    27.0668     13.709  269.30197  269.49738    -0.2066     2.4776 -9.990e-29
 131.317769     13.856    13.5613  32.946468    27.0675     13.732  269.30303  269.49842    -0.1444     2.4453 -9.990e-29
 131.317772     13.884    13.5613  32.947170    27.0675     13.759  269.30154  269.49693     0.0580     2.4493 0.0000e+00
 131.317775     13.915    13.5612  32.947170    27.0675     13.790  269.30219  269.49757    -0.0043     2.4615 0.0000e+00
 131.317778     13.944    13.5612  32.945474    27.0668     13.819  269.30509  269.50048     0.1513     2.4493 0.0000e+00
 131.317781     13.971    13.5610  32.947170    27.0660     13.846  269.30316  269.49853     0.0735     2.4453 -9.990e-29
 131.317784     13.991    13.5609  32.947170    27.0677     13.866  269.30349  269.49886    -0.1755     2.5787 -9.990e-29
 131.317786     14.019    13.5606  32.946644    27.0675     13.893  269.30566  269.50101    -0.2066     2.5747 -9.990e-29
 131.317789     14.038    13.5607  32.947755    27.0684     13.913  269.30347  269.49881    -0.1911     2.5585 -9.990e-29
 131.317792     14.058    13.5607  32.947346    27.0680     13.932  269.30418  269.49953    -0.0977     2.6070 -9.990e-29
 131.317795     14.076    13.5607  32.948048    27.0687     13.950  269.30299  269.49834    -0.0977     2.5868 -9.990e-29
 131.317798     14.091    13.5605  32.948165    27.0689     13.965  269.30375  269.49908     0.1202     2.6596 -9.990e-29
 131.317801     14.113    13.5603  32.948165    27.0690     13.987  269.30439  269.49971     0.0580     2.6394 -9.990e-29
 131.317804     14.133    13.5604  32.948223    27.0690     14.006  269.30399  269.49931     0.0891     2.6758 -9.990e-29
 131.317807     14.155    13.5602  32.947989    27.0689     14.028  269.30502  269.50034     0.0891     2.6434 -9.990e-29
 131.317810     14.179    13.5602  32.948399    27.0693     14.052  269.30466  269.49997    -0.3778     2.5666 -9.990e-29
 131.317813     14.201    13.5601  32.948223    27.0692     14.073  269.30528  269.50059    -0.4401     2.5828 -9.990e-29
 131.317815     14.224    13.5602  32.947990    27.0689     14.097  269.30507  269.50039    -0.4090     2.5666 -9.990e-29
 131.317818     14.247    13.5602  32.948399    27.0693     14.119  269.30470  269.50001    -0.4090     2.5828 -9.990e-29
 131.317821     14.272    13.5600  32.947639    27.0687     14.144  269.30664  269.50194    -0.4401     2.5181 -9.990e-29
 131.317824     14.296    13.5600  32.946937    27.0681     14.168  269.30784  269.50316    -0.5335     2.5100 -9.990e-29
 131.317827     14.318    13.5600  32.948399    27.0694     14.189  269.30537  269.50067    -0.4401     2.4979 -9.990e-29
 131.317830     14.338    13.5600  32.948458    27.0695     14.209  269.30560  269.50090    -0.4090     2.5140 -9.990e-29
 131.317833     14.356    13.5600  32.948399    27.0694     14.228  269.30540  269.50070     0.0113     2.5423 -9.990e-29
 131.317836     14.371    13.5600  32.948165    27.0691     14.242  269.30580  269.50111     0.1202     2.5140 -9.990e-29
 131.317839     14.389    13.5601  32.948224    27.0691     14.260  269.30540  269.50071     0.0891     2.4898 -9.990e-29
 131.317841     14.413    13.5602  32.948166    27.0690     14.284  269.30520  269.50051     0.0891     2.5221 -9.990e-29
 131.317844     14.435    13.5602  32.946938    27.0691     14.306  269.30730  269.50263     0.0424     2.5059 -9.990e-29
 131.317847     14.466    13.5601  32.948224    27.0692     14.337  269.30545  269.50076     0.2292     2.4534 0.0000e+00
 131.317850     14.494    13.5602  32.948400    27.0691     14.364  269.30485  269.50016     0.4159     2.4332 0.0000e+00
 131.317853     14.521    13.5603  32.948166    27.0689     14.391  269.30464  269.49996     0.3537     2.4615 0.0000e+00
 131.317856     14.548    13.5604  32.948049    27.0688     14.418  269.30454  269.49987     0.2447     2.4857 0.0000e+00
 131.317859     14.573    13.5605  32.948166    27.0688     14.442  269.30404  269.49938    -0.1444     2.7000 0.0000e+00
 131.317862     14.598    13.5605  32.947347    27.0688     14.467  269.30514  269.50048    -0.1599     2.7122 -9.990e-29
 131.317865     14.623    13.5607  32.948049    27.0685     14.492  269.30333  269.49868    -0.1132     2.7000 -9.990e-29
 131.317867     14.645    13.5606  32.948166    27.0686     14.514  269.30346  269.49880    -0.1132     2.7000 -9.990e-29
 131.317870     14.666    13.5609  32.948166    27.0684     14.534  269.30222  269.49758     0.2292     2.3927 -9.990e-29
 131.317873     14.678    13.5610  32.948049    27.0683     14.547  269.30211  269.49747    -0.0043     2.3968 -9.990e-29
 131.317876     14.695    13.5609  32.948166    27.0684     14.563  269.30224  269.49759     0.1047     2.3725 -9.990e-29
 131.317879     14.709    13.5611  32.947465    27.0676     14.577  269.30250  269.49787     0.1047     2.4008 -9.990e-29
 131.317882     14.730    13.5612  32.948166    27.0682     14.598  269.30100  269.49638     0.1047     2.2714 -9.990e-29
 131.317885     14.752    13.5613  32.948400    27.0683     14.620  269.29999  269.49537     0.0268     2.2552 -9.990e-29
 131.317888     14.774    13.5614  32.947465    27.0682     14.642  269.30128  269.49668     0.1513     2.2593 -9.990e-29
 131.317891     14.801    13.5614  32.948401    27.0682     14.669  269.29971  269.49510     0.0268     2.2633 0.0000e+00
 131.317894     14.832    13.5615  32.948401    27.0682     14.700  269.29941  269.49480     0.0891     2.2633 0.0000e+00
 131.317896     14.860    13.5615  32.948050    27.0678     14.726  269.30002  269.49542    -0.2222     2.9750 0.0000e+00
 131.317899     14.889    13.5614  32.947992    27.0678     14.755  269.30046  269.49585    -0.1755     2.9993 0.0000e+00
 131.317902     14.914    13.5615  32.948635    27.0678     14.781  269.29906  269.49446    -0.0977     2.9993 -9.990e-29
 131.317905     14.938    13.5615  32.948459    27.0682     14.804  269.29938  269.49477    -0.0821     2.9831 -9.990e-29
 131.317908     14.958    13.5613  32.948810    27.0686     14.824  269.29942  269.49480     0.1202     2.4615 -9.990e-29
 131.317911     14.969    13.5613  32.948167    27.0681     14.834  269.30083  269.49622     0.0268     2.4534 -9.990e-29
 131.317914     14.981    13.5613  32.948226    27.0681     14.847  269.30043  269.49582     0.1202     2.4574 -9.990e-29
