Processed/SBE19plus_01907321_2022_05_06_Cast49_wfilter.cnv
* Sea-Bird SBE19plus  Data File:
* FileName = E:\Prandtl Daten\2022\CTD\Raw\SBE19plus_01907321_2022_05_06_Cast49.hex
* Software version 2.6.1.12
* Temperature SN = 7321
* Conductivity SN = 7321
* System UpLoad Time = May 06 2022 11:33:48
* <ApplicationData>
* <Seaterm232>
** Messpraktikum 2022
** CTD 06.05 DB
** NMEA Latitude = 54 02.975 N
** NMEA Longitude = 008 43.994 E
# nquan = 11
# nvalues = 207                         
# units = specified
# name 0 = timeJ: Julian Days
# name 1 = prdM: Pressure, Strain Gauge [db]
# name 2 = tv290C: Temperature [ITS-90, deg C]
# name 3 = c0mS/cm: Conductivity [mS/cm]
# name 4 = sal00: Salinity, Practical [PSU]
# name 5 = depSM: Depth [salt water, m], lat = 54.00
# name 6 = oxsatMm/Kg: Oxygen Saturation, Weiss [umol/kg]
# name 7 = oxsolMm/Kg: Oxygen Saturation, Garcia & Gordon [umol/kg]
# name 8 = turbWETntu0: Turbidity, WET Labs ECO [NTU]
# name 9 = flECO-AFL: Fluorescence, WET Labs ECO-AFL/FL [mg/m^3]
# name 10 = flag:  0.000e+00
# span 0 = 126.478533, 126.479129       
# span 1 =      0.541,      5.668       
# span 2 =    12.6562,    12.6833       
# span 3 =  32.073998,  32.097961       
# span 4 =    26.9068,    26.9190       
# span 5 =      0.536,      5.617       
# span 6 =  274.60021,  274.75906       
# span 7 =  274.74774,  274.90506       
# span 8 =    35.9023,    62.0657       
# span 9 =     9.5378,    12.2552       
# span 10 = 0.0000e+00, 0.0000e+00      
# interval = seconds: 0.25
# start_time = May 06 2022 11:27:58 [Instrument's time stamp, header]
# bad_flag = -9.990e-29
*END*
 126.478533      0.541    12.6825  32.095109    26.9134      0.536  274.60323  274.75073    36.0891     9.5621 -9.990e-29
 126.478536      0.566    12.6829  32.095746    26.9068      0.561  274.60021  274.74774    36.0268     9.5459 -9.990e-29
 126.478539      0.594    12.6833  32.088685    26.9081      0.588  274.61089  274.75851    35.9023     9.5378 0.0000e+00
 126.478542      0.623    12.6824  32.090711    26.9085      0.617  274.61142  274.75896    36.4626     9.7562 0.0000e+00
 126.478545      0.656    12.6803  32.088107    26.9090      0.650  274.62556  274.77299    36.4938     9.7279 0.0000e+00
 126.478547      0.681    12.6779  32.087876    26.9085      0.675  274.63675  274.78401    36.5249     9.7441 -9.990e-29
 126.478550      0.705    12.6762  32.088281    26.9115      0.698  274.64332  274.79047    36.4626     9.7481 -9.990e-29
 126.478553      0.732    12.6752  32.086892    26.9109      0.725  274.65023  274.79734    38.1280    10.0716 -9.990e-29
 126.478556      0.752    12.6741  32.085446    26.9103      0.745  274.65756  274.80461    38.1280    10.0716 -9.990e-29
 126.478559      0.767    12.6729  32.084867    26.9107      0.760  274.66430  274.81127    38.1747    10.0635 -9.990e-29
 126.478562      0.781    12.6714  32.085446    26.9123      0.774  274.66960  274.81648    38.1591    10.0716 -9.990e-29
 126.478565      0.794    12.6710  32.085446    26.9126      0.787  274.67151  274.81835    39.4354    10.1484 -9.990e-29
 126.478568      0.809    12.6708  32.085099    26.9124      0.802  274.67309  274.81992    39.3887    10.1565 -9.990e-29
 126.478571      0.832    12.6707  32.085099    26.9129      0.825  274.67373  274.82056    39.4510    10.1282 -9.990e-29
 126.478573      0.858    12.6705  32.085446    26.9130      0.850  274.67377  274.82058    39.6066    10.1444 0.0000e+00
 126.478576      0.883    12.6707  32.085736    26.9130      0.875  274.67264  274.81945    39.5755    10.1242 0.0000e+00
 126.478579      0.911    12.6707  32.085273    26.9130      0.903  274.67316  274.81999    39.5132    10.5487 -9.990e-29
 126.478582      0.934    12.6704  32.084289    26.9130      0.926  274.67619  274.82301    39.6222    10.4881 -9.990e-29
 126.478585      0.962    12.6703  32.085447    26.9130      0.953  274.67478  274.82158    39.6222    10.5528 0.0000e+00
 126.478588      0.995    12.6702  32.085273    26.9130      0.986  274.67575  274.82254    39.4043    10.5366 0.0000e+00
 126.478591      1.022    12.6699  32.083074    26.9129      1.013  274.68094  274.82773    42.0657    10.5649 -9.990e-29
 126.478594      1.042    12.6691  32.082438    26.9110      1.033  274.68557  274.83232    42.2992    10.6215 -9.990e-29
 126.478597      1.061    12.6679  32.080470    26.9101      1.051  274.69446  274.84115    42.1280    10.6175 -9.990e-29
 126.478600      1.072    12.6663  32.081049    26.9117      1.062  274.70039  274.84697    42.1903    10.6256 -9.990e-29
 126.478602      1.092    12.6652  32.080586    26.9121      1.082  274.70598  274.85249    41.5521    10.3951 -9.990e-29
 126.478605      1.108    12.6647  32.081049    26.9129      1.098  274.70769  274.85417    41.7233    10.3627 -9.990e-29
 126.478608      1.125    12.6647  32.082033    26.9138      1.115  274.70595  274.85242    41.5988    10.3021 -9.990e-29
 126.478611      1.149    12.6651  32.082670    26.9141      1.139  274.70294  274.84942    41.6611    10.3708 -9.990e-29
 126.478614      1.172    12.6657  32.084059    26.9149      1.162  274.69763  274.84415    42.3926    10.4921 -9.990e-29
 126.478617      1.201    12.6667  32.085100    26.9152      1.191  274.69169  274.83825    42.4237    10.4477 -9.990e-29
 126.478620      1.225    12.6677  32.084695    26.9141      1.214  274.68800  274.83463    42.3615    10.4193 -9.990e-29
 126.478623      1.247    12.6682  32.083075    26.9122      1.236  274.68836  274.83505    42.2992    10.4760 -9.990e-29
 126.478626      1.266    12.6677  32.082844    26.9123      1.254  274.69100  274.83766    42.4704    10.4234 -9.990e-29
 126.478628      1.289    12.6672  32.082496    26.9123      1.278  274.69385  274.84048    42.3615    10.6862 -9.990e-29
 126.478631      1.311    12.6665  32.081455    26.9119      1.300  274.69888  274.84547    42.4393    10.6984 -9.990e-29
 126.478634      1.328    12.6659  32.081282    26.9122      1.316  274.70205  274.84860    42.4082    10.7590 -9.990e-29
 126.478637      1.338    12.6649  32.079661    26.9114      1.327  274.70937  274.85587    42.4082    10.6943 -9.990e-29
 126.478640      1.349    12.6642  32.080240    26.9124      1.337  274.71119  274.85764    42.3615    10.5043 -9.990e-29
 126.478643      1.364    12.6635  32.081050    26.9136      1.352  274.71292  274.85932    42.4237    10.5487 -9.990e-29
 126.478646      1.382    12.6635  32.081050    26.9137      1.370  274.71325  274.85964    42.5015    10.4679 -9.990e-29
 126.478649      1.410    12.6635  32.081629    26.9142      1.397  274.71224  274.85863    42.2058    10.5043 -9.990e-29
 126.478652      1.426    12.6640  32.082034    26.9128      1.413  274.70900  274.85542    42.5171    10.5043 -9.990e-29
 126.478655      1.451    12.6647  32.081051    26.9128      1.438  274.70792  274.85439    42.5171    10.5690 0.0000e+00
 126.478657      1.482    12.6646  32.080414    26.9128      1.469  274.70939  274.85586    42.3615    10.5487 -9.990e-29
 126.478660      1.506    12.6640  32.079836    26.9121      1.492  274.71328  274.85972    42.5015    10.5609 -9.990e-29
 126.478663      1.539    12.6637  32.080646    26.9131      1.525  274.71312  274.85954    40.5093    10.3142 -9.990e-29
 126.478666      1.561    12.6638  32.081456    26.9137      1.547  274.71106  274.85748    40.6650    10.3344 -9.990e-29
 126.478669      1.588    12.6641  32.082845    26.9148      1.574  274.70734  274.85376    40.7584    10.3263 -9.990e-29
 126.478672      1.610    12.6655  32.083655    26.9146      1.596  274.69990  274.84641    40.8050    10.3304 -9.990e-29
 126.478675      1.625    12.6664  32.083655    26.9139      1.610  274.69580  274.84236    40.6961    10.3546 -9.990e-29
 126.478678      1.643    12.6671  32.083250    26.9130      1.628  274.69337  274.83998    40.7584    10.4274 -9.990e-29
 126.478681      1.657    12.6672  32.082035    26.9118      1.643  274.69523  274.84186    40.8673    10.4274 -9.990e-29
 126.478683      1.679    12.6669  32.082151    26.9121      1.664  274.69630  274.84291    40.8517    10.3870 -9.990e-29
 126.478686      1.703    12.6667  32.082035    26.9122      1.688  274.69747  274.84407    41.0074    10.4193 -9.990e-29
 126.478689      1.725    12.6667  32.083077    26.9127      1.710  274.69532  274.84191    40.3070    10.2576 -9.990e-29
 126.478692      1.752    12.6670  32.082845    26.9122      1.737  274.69448  274.84109    40.1513    10.2536 0.0000e+00
 126.478695      1.783    12.6669  32.081630    26.9117      1.767  274.69698  274.84360    40.1825    10.2940 0.0000e+00
 126.478698      1.816    12.6667  32.081630    26.9117      1.800  274.69795  274.84455    40.0891    10.2657 0.0000e+00
 126.478701      1.847    12.6661  32.081862    26.9121      1.830  274.70040  274.84697    40.2759    10.3708 0.0000e+00
 126.478704      1.880    12.6657  32.081283    26.9121      1.863  274.70304  274.84958    40.3848    10.3425 0.0000e+00
 126.478707      1.907    12.6655  32.080878    26.9120      1.890  274.70504  274.85157    40.4315    10.3344 0.0000e+00
 126.478709      1.933    12.6651  32.080589    26.9119      1.915  274.70715  274.85366    40.4782    10.3142 -9.990e-29
 126.478712      1.954    12.6647  32.079432    26.9111      1.937  274.71113  274.85762    41.8478    10.4396 -9.990e-29
 126.478715      1.974    12.6643  32.079027    26.9110      1.957  274.71344  274.85991    41.5988    10.5487 -9.990e-29
 126.478718      1.996    12.6640  32.079663    26.9118      1.979  274.71359  274.86004    41.6922    10.5164 -9.990e-29
 126.478721      2.015    12.6632  32.079027    26.9117      1.997  274.71821  274.86462    41.7545    10.5285 -9.990e-29
 126.478724      2.040    12.6629  32.078043    26.9114      2.022  274.72156  274.86795    41.7856    10.5649 -9.990e-29
 126.478727      2.075    12.6623  32.078044    26.9118      2.056  274.72412  274.87047    42.0969    10.6741 0.0000e+00
 126.478730      2.108    12.6620  32.078622    26.9120      2.089  274.72469  274.87101    42.0657    10.6337 0.0000e+00
 126.478733      2.144    12.6617  32.078217    26.9121      2.125  274.72670  274.87301    42.1903    10.6822 0.0000e+00
 126.478736      2.181    12.6616  32.078218    26.9121      2.161  274.72704  274.87334    42.2214    10.6984 0.0000e+00
 126.478738      2.215    12.6615  32.078681    26.9121      2.196  274.72687  274.87316    42.7661    10.6377 0.0000e+00
 126.478741      2.250    12.6612  32.078044    26.9121      2.230  274.72898  274.87526    42.8284    10.6579 0.0000e+00
 126.478744      2.281    12.6612  32.076829    26.9115      2.261  274.73116  274.87745    42.9685    10.6620 0.0000e+00
 126.478747      2.309    12.6610  32.078218    26.9110      2.288  274.72965  274.87592    42.9529    10.7145 -9.990e-29
 126.478750      2.334    12.6610  32.078450    26.9126      2.313  274.72926  274.87552    42.8595    10.6377 -9.990e-29
 126.478753      2.354    12.6609  32.078855    26.9131      2.333  274.72918  274.87543    42.7350    10.6701 -9.990e-29
 126.478756      2.373    12.6611  32.078855    26.9130      2.351  274.72825  274.87451    42.9996    10.6620 -9.990e-29
 126.478759      2.391    12.6610  32.078218    26.9125      2.369  274.73002  274.87628    42.9062    10.6781 -9.990e-29
 126.478762      2.414    12.6610  32.078045    26.9122      2.393  274.73003  274.87630    43.6066    10.6701 -9.990e-29
 126.478764      2.436    12.6608  32.077698    26.9126      2.415  274.73161  274.87787    45.6299    10.9167 -9.990e-29
 126.478767      2.466    12.6605  32.078045    26.9124      2.443  274.73228  274.87851    45.5677    10.9491 0.0000e+00
 126.478770      2.495    12.6601  32.077235    26.9126      2.472  274.73564  274.88185    45.6766    10.9491 0.0000e+00
 126.478773      2.526    12.6600  32.078045    26.9122      2.503  274.73485  274.88105    45.5988    10.9491 0.0000e+00
 126.478776      2.555    12.6598  32.077062    26.9130      2.532  274.73757  274.88376    46.2992    10.9935 0.0000e+00
 126.478779      2.582    12.6598  32.078045    26.9126      2.559  274.73583  274.88202    46.2992    10.9733 0.0000e+00
 126.478782      2.608    12.6597  32.078624    26.9131      2.585  274.73514  274.88131    46.3148    11.0138 -9.990e-29
 126.478785      2.633    12.6596  32.078624    26.9137      2.610  274.73547  274.88164    46.2836    10.9733 -9.990e-29
 126.478788      2.657    12.6598  32.078219    26.9132      2.633  274.73557  274.88176    46.2992    10.9086 -9.990e-29
 126.478791      2.668    12.6600  32.078451    26.9132      2.644  274.73390  274.88010    46.1747    10.9329 -9.990e-29
 126.478793      2.682    12.6597  32.077930    26.9130      2.658  274.73642  274.88260    46.3303    10.8682 -9.990e-29
 126.478796      2.695    12.6595  32.077814    26.9130      2.671  274.73758  274.88375    46.4393    10.9733 -9.990e-29
 126.478799      2.714    12.6593  32.077062    26.9124      2.689  274.73957  274.88574    46.7661    10.9127 -9.990e-29
 126.478802      2.734    12.6593  32.077062    26.9125      2.709  274.73990  274.88606    46.6572    10.8925 -9.990e-29
 126.478805      2.754    12.6590  32.077062    26.9127      2.729  274.74118  274.88732    46.7350    10.9491 -9.990e-29
 126.478808      2.785    12.6588  32.076831    26.9126      2.760  274.74224  274.88838    46.8595    10.8965 -9.990e-29
 126.478811      2.810    12.6589  32.077410    26.9129      2.785  274.74091  274.88705    46.8751    10.9046 -9.990e-29
 126.478814      2.843    12.6590  32.077410    26.9129      2.818  274.74030  274.88645    47.9957    11.0663 0.0000e+00
 126.478817      2.878    12.6588  32.077641    26.9129      2.852  274.74118  274.88730    48.0735    11.0259 -9.990e-29
 126.478819      2.902    12.6589  32.077931    26.9135      2.876  274.74004  274.88617    47.8868    11.0502 -9.990e-29
 126.478822      2.929    12.6590  32.078452    26.9139      2.903  274.73882  274.88495    48.0580    11.0906 -9.990e-29
 126.478825      2.953    12.6590  32.078857    26.9142      2.926  274.73780  274.88393    49.3498    11.2240 -9.990e-29
 126.478828      2.976    12.6593  32.078857    26.9140      2.950  274.73655  274.88270    49.4276    11.1917 -9.990e-29
 126.478831      2.995    12.6596  32.079667    26.9146      2.968  274.73385  274.88001    49.3342    11.2564 -9.990e-29
 126.478834      3.013    12.6599  32.079841    26.9145      2.986  274.73229  274.87847    49.3654    11.2159 -9.990e-29
 126.478837      3.033    12.6605  32.081056    26.9152      3.006  274.72761  274.87381    48.3537    11.0623 -9.990e-29
 126.478840      3.055    12.6610  32.080882    26.9147      3.028  274.72540  274.87164    48.1358    11.1068 -9.990e-29
 126.478843      3.080    12.6612  32.080477    26.9141      3.053  274.72519  274.87145    48.2292    11.0785 -9.990e-29
 126.478845      3.106    12.6612  32.080477    26.9138      3.078  274.72520  274.87146    48.1513    11.0623 0.0000e+00
 126.478848      3.137    12.6612  32.079667    26.9134      3.109  274.72698  274.87325    46.9685    10.9935 0.0000e+00
 126.478851      3.164    12.6610  32.079262    26.9132      3.136  274.72867  274.87492    47.0152    10.9491 0.0000e+00
 126.478854      3.199    12.6605  32.077237    26.9116      3.170  274.73451  274.88075    47.2175    10.9248 0.0000e+00
 126.478857      3.226    12.6596  32.076427    26.9115      3.197  274.73977  274.88596    46.9062    10.9855 0.0000e+00
 126.478860      3.255    12.6585  32.075617    26.9115      3.226  274.74598  274.89211    46.9685    10.9814 -9.990e-29
 126.478863      3.275    12.6578  32.075039    26.9115      3.246  274.75050  274.89658    46.9529    10.8641 -9.990e-29
 126.478866      3.306    12.6573  32.075212    26.9120      3.277  274.75242  274.89848    46.9840    10.8035 -9.990e-29
 126.478869      3.321    12.6567  32.074229    26.9115      3.291  274.75672  274.90274    46.9062    10.8965 -9.990e-29
 126.478872      3.339    12.6564  32.074634    26.9121      3.309  274.75727  274.90327    46.9840    10.8318 -9.990e-29
 126.478874      3.355    12.6562  32.075444    26.9130      3.325  274.75679  274.90277    48.4315    11.1472 -9.990e-29
 126.478877      3.377    12.6563  32.073998    26.9116      3.347  274.75906  274.90506    48.7117    11.1229 -9.990e-29
 126.478880      3.403    12.6563  32.075849    26.9132      3.372  274.75547  274.90145    48.3692    11.1351 -9.990e-29
 126.478883      3.428    12.6567  32.076660    26.9136      3.398  274.75246  274.89846    48.6961    11.1917 -9.990e-29
 126.478886      3.458    12.6571  32.076833    26.9136      3.427  274.75027  274.89630    49.9412    11.2685 0.0000e+00
 126.478889      3.489    12.6575  32.077238    26.9136      3.458  274.74767  274.89372    50.1747    11.2281 -9.990e-29
 126.478892      3.513    12.6578  32.076428    26.9127      3.481  274.74818  274.89425    50.0191    11.2685 -9.990e-29
 126.478895      3.545    12.6578  32.077238    26.9134      3.514  274.74676  274.89282    50.1280    11.2362 -9.990e-29
 126.478898      3.569    12.6579  32.077817    26.9139      3.537  274.74511  274.89118    52.6805    11.3292 -9.990e-29
 126.478900      3.597    12.6583  32.078222    26.9140      3.565  274.74283  274.88891    52.6494    11.3898 -9.990e-29
 126.478903      3.619    12.6585  32.078280    26.9139      3.586  274.74179  274.88789    52.4938    11.3736 -9.990e-29
 126.478906      3.641    12.6589  32.078222    26.9135      3.608  274.74001  274.88614    52.4471    11.3736 -9.990e-29
 126.478909      3.664    12.6593  32.079264    26.9142      3.632  274.73627  274.88242    52.4626    11.3777 -9.990e-29
