Processed/SBE19plus_01907321_2022_05_09_Cast100_wfilter.cnv
* Sea-Bird SBE19plus  Data File:
* FileName = E:\Prandtl_Daten\2022\CTD\Raw\SBE19plus_01907321_2022_05_09_Cast100.hex
* Software version 2.6.1.12
* Temperature SN = 7321
* Conductivity SN = 7321
* System UpLoad Time = May 09 2022 11:38:41
* <ApplicationData>
* <Seaterm232>
** Messpraktikum 2022
** CTD 09.05 SW1
** NMEA Latitude = 54 04.936 N
** NMEA Longitude = 008 29.675 E
# nquan = 11
# nvalues = 479                         
# units = specified
# name 0 = timeJ: Julian Days
# name 1 = prdM: Pressure, Strain Gauge [db]
# name 2 = tv290C: Temperature [ITS-90, deg C]
# name 3 = c0mS/cm: Conductivity [mS/cm]
# name 4 = sal00: Salinity, Practical [PSU]
# name 5 = depSM: Depth [salt water, m], lat = 54.00
# name 6 = oxsatMm/Kg: Oxygen Saturation, Weiss [umol/kg]
# name 7 = oxsolMm/Kg: Oxygen Saturation, Garcia & Gordon [umol/kg]
# name 8 = turbWETntu0: Turbidity, WET Labs ECO [NTU]
# name 9 = flECO-AFL: Fluorescence, WET Labs ECO-AFL/FL [mg/m^3]
# name 10 = flag:  0.000e+00
# span 0 = 129.480512, 129.481895       
# span 1 =      0.431,     12.850       
# span 2 =    12.0876,    12.6962       
# span 3 =  31.117968,  32.021882       
# span 4 =    26.2505,    27.0750       
# span 5 =      0.427,     12.735       
# span 6 =  275.70183,  278.54079       
# span 7 =  275.85622,  278.66543       
# span 8 =     3.4821,    30.9062       
# span 9 =     3.6948,     9.8209       
# span 10 = 0.0000e+00, 0.0000e+00      
# interval = seconds: 0.25
# start_time = May 09 2022 11:30:52 [Instrument's time stamp, header]
# bad_flag = -9.990e-29
*END*
[from data line 394]
 129.481652     10.745    12.2156  31.770554    26.9392     10.649  277.28347  277.40315    12.5405     6.4485 0.0000e+00
 129.481655     10.775    12.2189  31.768998    26.9414     10.678  277.27143  277.39134    12.5249     6.4323 -9.990e-29
 129.481658     10.795    12.2204  31.763233    26.9311     10.698  277.27528  277.39536    12.5093     6.4040 -9.990e-29
 129.481661     10.794    12.2198  31.774936    26.9424     10.698  277.25651  277.37642    12.5405     6.3878 -9.990e-29
 129.481664     10.791    12.2214  31.772745    26.9392     10.694  277.25320  277.37325    13.6299     7.1116 -9.990e-29
 129.481667     10.785    12.2234  31.775108    26.9400     10.689  277.24002  277.36018    13.5521     7.1116 -9.990e-29
 129.481670     10.778    12.2244  31.772744    26.9371     10.681  277.23988  277.36013    13.5988     7.1359 -9.990e-29
 129.481672     10.774    12.2252  31.773148    26.9369     10.678  277.23534  277.35565    13.6299     7.1359 -9.990e-29
 129.481675     10.778    12.2251  31.775742    26.9394     10.681  277.23094  277.35121    14.0035     6.9095 -9.990e-29
 129.481678     10.785    12.2260  31.783295    26.9458     10.688  277.21339  277.33364    14.1903     6.9256 -9.990e-29
 129.481681     10.808    12.2286  31.789234    26.9533     10.712  277.19087  277.31124    14.2681     6.8933 -9.990e-29
 129.481684     10.839    12.2318  31.795808    26.9520     10.742  277.16436  277.28487    14.0657     6.9580 0.0000e+00
 129.481687     10.888    12.2350  31.795404    26.9533     10.791  277.15087  277.27160    13.5988     6.7275 0.0000e+00
 129.481690     10.947    12.2374  31.804977    26.9579     10.849  277.12240  277.24320    13.6766     6.7437 0.0000e+00
 129.481693     11.005    12.2406  31.810744    26.9610     10.907  277.09769  277.21865    13.5988     6.7356 0.0000e+00
 129.481696     11.071    12.2444  31.815128    26.9623     10.972  277.07266  277.19383    13.6766     6.7477 0.0000e+00
 129.481698     11.124    12.2477  31.826896    26.9710     11.024  277.03641  277.15769    15.1085     6.2867 0.0000e+00
 129.481701     11.173    12.2519  31.832664    26.9721     11.073  277.00696  277.12846    15.1241     6.2827 0.0000e+00
 129.481704     11.204    12.2562  31.820146    26.9733     11.104  277.01041  277.13233    15.1085     6.3029 -9.990e-29
 129.481707     11.228    12.2566  31.821530    26.9595     11.127  277.00601  277.12795    15.0619     6.3029 -9.990e-29
 129.481710     11.243    12.2564  31.824126    26.9621     11.142  277.00226  277.12415    15.1864     6.2584 -9.990e-29
 129.481713     11.241    12.2566  31.826895    26.9645     11.140  276.99627  277.11815    16.6027     7.3664 -9.990e-29
 129.481716     11.241    12.2576  31.837280    26.9735     11.140  276.97297  277.09481    16.5871     7.3987 -9.990e-29
 129.481719     11.233    12.2605  31.846050    26.9797     11.133  276.94405  277.06599    16.6494     7.3704 -9.990e-29
 129.481722     11.228    12.2643  31.843453    26.9745     11.127  276.93166  277.05389    16.4938     7.3543 -9.990e-29
 129.481725     11.237    12.2666  31.844260    26.9736     11.137  276.91975  277.04213    18.8128     7.4918 -9.990e-29
 129.481727     11.245    12.2681  31.860765    26.9990     11.144  276.88313  277.00544    18.8128     7.5241 -9.990e-29
 129.481730     11.272    12.2720  31.875540    27.0004     11.171  276.83860  276.96102    18.7350     7.4998 0.0000e+00
 129.481733     11.307    12.2782  31.883333    27.0015     11.205  276.79663  276.91939    18.8595     7.4877 0.0000e+00
 129.481736     11.356    12.2841  31.887547    27.0018     11.254  276.76275  276.88586    16.5871     7.2127 0.0000e+00
 129.481739     11.410    12.2883  31.895110    27.0055     11.308  276.72976  276.85309    16.5871     7.1925 0.0000e+00
 129.481742     11.463    12.2921  31.911913    27.0185     11.361  276.68224  276.80565    16.6805     7.1885 0.0000e+00
 129.481745     11.516    12.2980  31.927102    27.0285     11.413  276.62848  276.75213    16.5716     7.2208 0.0000e+00
 129.481748     11.575    12.3045  31.937326    27.0333     11.471  276.58058  276.70457    19.0463     7.0833 0.0000e+00
 129.481751     11.620    12.3110  31.956737    27.0333     11.516  276.51635  276.64058    19.0619     7.0550 0.0000e+00
 129.481753     11.655    12.3184  31.946279    27.0393     11.550  276.50213  276.62696    19.0619     7.0753 0.0000e+00
 129.481756     11.680    12.3223  31.942119    27.0317     11.575  276.49229  276.61743    19.0307     7.0793 -9.990e-29
 129.481759     11.689    12.3224  31.953905    27.0359     11.584  276.47032  276.59535    19.0619     7.0429 -9.990e-29
 129.481762     11.695    12.3243  31.953905    27.0345     11.590  276.46179  276.58694    20.9296     7.9689 -9.990e-29
 129.481765     11.691    12.3261  31.958527    27.0376     11.586  276.44552  276.57074    21.0541     7.9810 -9.990e-29
 129.481768     11.691    12.3281  31.962919    27.0402     11.586  276.42840  276.55372    20.8984     7.9851 -9.990e-29
 129.481771     11.687    12.3300  31.957313    27.0336     11.582  276.43001  276.55551    20.9607     7.9729 -9.990e-29
 129.481774     11.692    12.3304  31.961589    27.0373     11.588  276.42069  276.54618    20.8673     8.1104 -9.990e-29
 129.481777     11.703    12.3308  31.971124    27.0460     11.599  276.40154  276.52696    20.8673     8.1104 -9.990e-29
 129.481780     11.725    12.3333  31.977539    27.0516     11.620  276.37889  276.50441    20.8050     8.0983 -9.990e-29
 129.481782     11.751    12.3357  31.980949    27.0521     11.646  276.36199  276.48764    20.5560     8.0781 0.0000e+00
 129.481785     11.787    12.3381  31.983781    27.0525     11.682  276.34583  276.47161    20.4938     8.0296 0.0000e+00
 129.481788     11.833    12.3402  31.989966    27.0568     11.727  276.32551  276.45137    20.5716     8.0579 0.0000e+00
 129.481791     11.884    12.3424  31.994186    27.0591     11.777  276.30780  276.43377    20.5249     8.0336 0.0000e+00
 129.481794     11.938    12.3446  32.000776    27.0625     11.831  276.28612  276.41217    20.5249     8.0215 0.0000e+00
 129.481797     11.987    12.3470  32.001412    27.0636     11.880  276.27427  276.40047    22.7350     7.3300 0.0000e+00
 129.481800     12.038    12.3490  32.006615    27.0655     11.930  276.25605  276.38233    22.6572     7.3219 0.0000e+00
 129.481803     12.082    12.3509  32.007598    27.0655     11.974  276.24577  276.37217    22.6416     7.3260 0.0000e+00
 129.481806     12.120    12.3520  32.008234    27.0654     12.012  276.23959  276.36606    22.7973     7.3219 0.0000e+00
 129.481808     12.150    12.3527  32.007020    27.0652     12.041  276.23897  276.36549    22.6261     7.3502 -9.990e-29
 129.481811     12.170    12.3531  32.008638    27.0648     12.061  276.23416  276.36069    18.9996     7.5686 -9.990e-29
 129.481814     12.182    12.3536  32.010026    27.0658     12.073  276.22945  276.35600    19.0619     7.6009 -9.990e-29
 129.481817     12.184    12.3540  32.010604    27.0660     12.075  276.22651  276.35309    19.0619     7.5767 -9.990e-29
 129.481820     12.181    12.3546  32.010199    27.0652     12.072  276.22471  276.35133    18.9840     7.6050 -9.990e-29
 129.481823     12.179    12.3549  32.011414    27.0661     12.070  276.22125  276.34788    21.9568     8.9030 -9.990e-29
 129.481826     12.178    12.3552  32.011240    27.0657     12.069  276.21998  276.34664    22.0346     8.9272 -9.990e-29
 129.481829     12.179    12.3551  32.011414    27.0659     12.070  276.21999  276.34663    21.9568     8.9192 -9.990e-29
 129.481832     12.194    12.3554  32.010835    27.0652     12.085  276.22009  276.34676    22.0502     8.9394 -9.990e-29
 129.481834     12.214    12.3554  32.012223    27.0676     12.105  276.21728  276.34394    25.2097     8.8262 -9.990e-29
 129.481837     12.253    12.3556  32.013611    27.0683     12.143  276.21385  276.34051    25.1941     8.8342 0.0000e+00
 129.481840     12.297    12.3561  32.015403    27.0690     12.187  276.20875  276.33542    25.1941     8.7857 0.0000e+00
 129.481843     12.353    12.3566  32.016040    27.0692     12.243  276.20542  276.33212    25.1941     8.8342 0.0000e+00
 129.481846     12.414    12.3566  32.016445    27.0695     12.303  276.20442  276.33111    23.8556     7.6373 0.0000e+00
 129.481849     12.470    12.3567  32.018469    27.0713     12.359  276.20048  276.32716    23.7778     7.6333 0.0000e+00
 129.481852     12.518    12.3570  32.019220    27.0714     12.406  276.19789  276.32458    23.6533     7.6535 0.0000e+00
 129.481855     12.558    12.3571  32.018874    27.0716     12.445  276.19791  276.32462    23.7311     7.6373 0.0000e+00
 129.481858     12.587    12.3573  32.019221    27.0714     12.475  276.19667  276.32338    23.7934     7.6535 -9.990e-29
 129.481861     12.608    12.3574  32.019857    27.0721     12.495  276.19490  276.32162    26.1436     8.3409 -9.990e-29
 129.481863     12.622    12.3574  32.019625    27.0718     12.509  276.19533  276.32205    26.1903     8.3409 -9.990e-29
 129.481866     12.631    12.3576  32.020262    27.0723     12.518  276.19324  276.31997    26.1747     8.3530 -9.990e-29
 129.481869     12.635    12.3575  32.021071    27.0731     12.522  276.19241  276.31912    26.1903     8.3652 -9.990e-29
 129.481872     12.642    12.3575  32.019452    27.0716     12.529  276.19534  276.32207    26.0969     9.3073 -9.990e-29
 129.481875     12.653    12.3573  32.020030    27.0723     12.540  276.19525  276.32196    26.1280     9.2952 -9.990e-29
 129.481878     12.668    12.3573  32.020262    27.0726     12.554  276.19484  276.32155    26.2058     9.3033 -9.990e-29
 129.481881     12.697    12.3572  32.020262    27.0731     12.583  276.19518  276.32188    26.0502     9.2993 0.0000e+00
 129.481884     12.729    12.3570  32.021072    27.0735     12.615  276.19468  276.32136    30.8595     9.8047 0.0000e+00
 129.481887     12.766    12.3568  32.021476    27.0740     12.652  276.19492  276.32158    30.9062     9.8007 0.0000e+00
 129.481889     12.808    12.3566  32.021477    27.0741     12.693  276.19590  276.32254    30.6883     9.8047 0.0000e+00
 129.481892     12.846    12.3563  32.020436    27.0741     12.731  276.19875  276.32539    30.7973     9.8209 -9.990e-29
 129.481895     12.850    12.3558  32.021882    27.0750     12.735  276.19835  276.32494    12.8206     4.8270 -9.990e-29
