Processed/SBE19plus_01907321_2022_05_08_Cast80_wfilter.cnv
* Sea-Bird SBE19plus  Data File:
* FileName = E:\Prandtl Daten\2022\CTD\Raw\SBE19plus_01907321_2022_05_08_Cast80.hex
* Software version 2.6.1.12
* Temperature SN = 7321
* Conductivity SN = 7321
* System UpLoad Time = May 08 2022 09:47:53
* <ApplicationData>
* <Seaterm232>
** Messpraktikum 2022
** CTD 08.05 NP3
** NMEA Latitude = 54 09.89 N
** NMEA Longitude = 008 40.55 E
# nquan = 11
# nvalues = 442                         
# units = specified
# name 0 = timeJ: Julian Days
# name 1 = prdM: Pressure, Strain Gauge [db]
# name 2 = tv290C: Temperature [ITS-90, deg C]
# name 3 = c0mS/cm: Conductivity [mS/cm]
# name 4 = sal00: Salinity, Practical [PSU]
# name 5 = depSM: Depth [salt water, m], lat = 54.00
# name 6 = oxsatMm/Kg: Oxygen Saturation, Weiss [umol/kg]
# name 7 = oxsolMm/Kg: Oxygen Saturation, Garcia & Gordon [umol/kg]
# name 8 = turbWETntu0: Turbidity, WET Labs ECO [NTU]
# name 9 = flECO-AFL: Fluorescence, WET Labs ECO-AFL/FL [mg/m^3]
# name 10 = flag:  0.000e+00
# span 0 = 128.403602, 128.404878       
# span 1 =      0.550,     13.640       
# span 2 =    12.4766,    12.5653       
# span 3 =  32.492138,  32.574925       
# span 4 =    27.3682,    27.4870       
# span 5 =      0.546,     13.517       
# span 6 =  274.37886,  274.71947       
# span 7 =  274.51448,  274.84891       
# span 8 =     2.7506,    30.8284       
# span 9 =     2.9548,    10.7752       
# span 10 = 0.0000e+00, 0.0000e+00      
# interval = seconds: 0.25
# start_time = May 08 2022 09:40:01 [Instrument's time stamp, header]
# bad_flag = -9.990e-29
*END*
[from data line 132]
 128.403984      4.532    12.5539  32.521350    27.4010      4.492  274.41488  274.54972     4.0891     3.8403 0.0000e+00
 128.403987      4.562    12.5547  32.520536    27.4008      4.521  274.41260  274.54750     4.0735     3.7959 -9.990e-29
 128.403990      4.582    12.5548  32.520361    27.3992      4.541  274.41261  274.54752     4.0580     3.7959 -9.990e-29
 128.403993      4.604    12.5548  32.522572    27.4012      4.563  274.40867  274.54356     3.8245     3.4077 -9.990e-29
 128.403996      4.628    12.5548  32.523154    27.4018      4.586  274.40765  274.54253     3.7934     3.3915 -9.990e-29
 128.403999      4.648    12.5549  32.522747    27.4011      4.606  274.40807  274.54297     3.8556     3.4319 -9.990e-29
 128.404002      4.678    12.5551  32.522689    27.4004      4.637  274.40726  274.54217     3.9490     3.4441 0.0000e+00
 128.404005      4.717    12.5549  32.521118    27.3997      4.675  274.41072  274.54563     4.0268     3.6826 0.0000e+00
 128.404008      4.750    12.5549  32.519315    27.3981      4.707  274.41428  274.54921     3.9957     3.6746 0.0000e+00
 128.404010      4.790    12.5549  32.518675    27.3975      4.747  274.41545  274.55038     3.9490     3.6665 0.0000e+00
 128.404013      4.824    12.5544  32.517861    27.3975      4.781  274.41881  274.55372     4.1202     3.6220 0.0000e+00
 128.404016      4.861    12.5546  32.519373    27.3983      4.817  274.41519  274.55010     3.9646     3.6705 0.0000e+00
 128.404019      4.892    12.5547  32.520537    27.3983      4.848  274.41281  274.54772     4.2914     3.7029 0.0000e+00
 128.404022      4.926    12.5546  32.519083    27.3987      4.882  274.41606  274.55098     4.3381     3.7069 0.0000e+00
 128.404025      4.955    12.5541  32.519315    27.3980      4.911  274.41755  274.55243     4.3537     3.7271 -9.990e-29
 128.404028      4.979    12.5537  32.519606    27.3991      4.935  274.41892  274.55377     4.3226     3.7554 -9.990e-29
 128.404031      5.003    12.5536  32.518268    27.3979      4.958  274.42164  274.55650     3.8245     3.7393 -9.990e-29
 128.404034      5.028    12.5532  32.515011    27.3937      4.983  274.42937  274.56423     3.7934     3.7312 -9.990e-29
 128.404036      5.054    12.5518  32.512335    27.3943      5.008  274.44043  274.57523     3.7622     3.7554 0.0000e+00
 128.404039      5.085    12.5500  32.512335    27.3950      5.039  274.44828  274.58296     3.7934     3.7473 0.0000e+00
 128.404042      5.117    12.5486  32.516291    27.3997      5.072  274.44750  274.58204     4.3226     3.7797 0.0000e+00
 128.404045      5.156    12.5481  32.516641    27.4004      5.110  274.44909  274.58359     4.3692     3.8161 0.0000e+00
 128.404048      5.192    12.5478  32.519491    27.4024      5.146  274.44558  274.58003     4.3381     3.7797 0.0000e+00
 128.404051      5.229    12.5476  32.518444    27.4024      5.182  274.44811  274.58256     4.2292     3.7716 0.0000e+00
 128.404054      5.263    12.5475  32.516292    27.4005      5.216  274.45260  274.58707     5.3498     4.1153 0.0000e+00
 128.404057      5.296    12.5467  32.515012    27.4005      5.249  274.45836  274.59279     5.2720     4.1436 0.0000e+00
 128.404060      5.329    12.5454  32.517863    27.4016      5.281  274.45892  274.59323     5.2097     4.1194 0.0000e+00
 128.404063      5.357    12.5443  32.517863    27.4034      5.309  274.46395  274.59819     5.3031     4.0587 -9.990e-29
 128.404065      5.380    12.5434  32.519725    27.4066      5.332  274.46471  274.59886     5.2408     4.1072 -9.990e-29
 128.404068      5.404    12.5424  32.519376    27.4070      5.356  274.46973  274.60382     4.4626     4.2488 -9.990e-29
 128.404071      5.424    12.5412  32.521122    27.4113      5.376  274.47163  274.60563     4.5249     4.2488 -9.990e-29
 128.404074      5.450    12.5401  32.522169    27.4141      5.401  274.47479  274.60870     4.5560     4.2568 0.0000e+00
 128.404077      5.477    12.5387  32.527056    27.4161      5.428  274.47201  274.60578     4.5560     4.2488 0.0000e+00
 128.404080      5.506    12.5369  32.524846    27.4168      5.457  274.48413  274.61780     5.5677     4.2447 0.0000e+00
 128.404083      5.546    12.5355  32.526650    27.4187      5.497  274.48688  274.62044     5.5677     4.2407 0.0000e+00
 128.404086      5.581    12.5343  32.526824    27.4197      5.531  274.49191  274.62539     5.6922     4.2204 0.0000e+00
 128.404089      5.619    12.5336  32.528105    27.4214      5.569  274.49278  274.62620     5.4743     4.2285 0.0000e+00
 128.404091      5.658    12.5326  32.529327    27.4233      5.607  274.49531  274.62865     5.3187     4.4267 0.0000e+00
 128.404094      5.689    12.5316  32.530258    27.4249      5.638  274.49774  274.63100     5.2564     4.4065 0.0000e+00
 128.404097      5.718    12.5306  32.530956    27.4262      5.667  274.50089  274.63408     5.3654     4.4388 0.0000e+00
 128.404100      5.751    12.5294  32.530724    27.4269      5.699  274.50665  274.63976     5.3342     4.3862 0.0000e+00
 128.404103      5.780    12.5287  32.531364    27.4275      5.728  274.50865  274.64171     5.0852     4.6855 0.0000e+00
 128.404106      5.811    12.5282  32.531073    27.4280      5.759  274.51170  274.64472     5.1630     4.6693 -9.990e-29
 128.404109      5.833    12.5277  32.532353    27.4296      5.781  274.51130  274.64428     5.0074     4.6733 -9.990e-29
 128.404112      5.857    12.5267  32.534215    27.4317      5.804  274.51237  274.64526     5.0696     4.6814 -9.990e-29
 128.404115      5.888    12.5257  32.532994    27.4329      5.835  274.51927  274.65211     5.0385     4.6652 0.0000e+00
 128.404117      5.917    12.5248  32.534798    27.4340      5.864  274.51982  274.65258     4.7272     4.5682 0.0000e+00
 128.404120      5.953    12.5241  32.534972    27.4347      5.900  274.52297  274.65568     4.8050     4.5439 0.0000e+00
 128.404123      5.984    12.5235  32.536078    27.4361      5.931  274.52352  274.65618     4.7895     4.5561 0.0000e+00
 128.404126      6.019    12.5228  32.535613    27.4361      5.965  274.52719  274.65981     4.8206     4.5601 0.0000e+00
 128.404129      6.055    12.5223  32.536660    27.4375      6.001  274.52784  274.66042     5.5210     4.2568 0.0000e+00
 128.404132      6.086    12.5216  32.536544    27.4377      6.032  274.53120  274.66373     5.5677     4.2245 0.0000e+00
 128.404135      6.123    12.5212  32.536079    27.4377      6.068  274.53362  274.66613     5.6611     4.2285 0.0000e+00
 128.404138      6.154    12.5208  32.535206    27.4374      6.099  274.53709  274.66958     5.5521     4.2609 0.0000e+00
 128.404141      6.183    12.5204  32.536254    27.4372      6.127  274.53679  274.66925     5.0852     4.6127 -9.990e-29
 128.404144      6.205    12.5202  32.536079    27.4384      6.149  274.53806  274.67050     5.0852     4.6208 -9.990e-29
 128.404146      6.228    12.5199  32.536545    27.4391      6.173  274.53850  274.67091     5.0229     4.6289 -9.990e-29
 128.404149      6.248    12.5199  32.538291    27.4407      6.192  274.53538  274.66778     5.1008     4.6289 -9.990e-29
 128.404152      6.272    12.5201  32.538931    27.4393      6.216  274.53362  274.66603     6.5949     4.4833 -9.990e-29
 128.404155      6.299    12.5201  32.536894    27.4401      6.243  274.53729  274.66972     6.5638     4.5156 0.0000e+00
 128.404158      6.332    12.5197  32.538465    27.4410      6.275  274.53638  274.66876     6.7506     4.5075 0.0000e+00
 128.404161      6.370    12.5193  32.539338    27.4421      6.313  274.53640  274.66875     6.6727     4.4995 0.0000e+00
 128.404164      6.407    12.5187  32.538931    27.4421      6.349  274.53966  274.67198     6.6105     4.4914 0.0000e+00
 128.404167      6.445    12.5178  32.540561    27.4434      6.387  274.54084  274.67307     5.2720     4.4428 0.0000e+00
 128.404170      6.481    12.5173  32.539223    27.4442      6.423  274.54545  274.67767     5.2875     4.4186 0.0000e+00
 128.404172      6.518    12.5169  32.539746    27.4434      6.459  274.54641  274.67860     5.2875     4.4307 0.0000e+00
 128.404175      6.553    12.5165  32.538699    27.4438      6.494  274.54988  274.68205     5.3187     4.4226 0.0000e+00
 128.404178      6.585    12.5167  32.538932    27.4434      6.526  274.54886  274.68103     4.7584     4.0304 -9.990e-29
 128.404181      6.609    12.5168  32.538525    27.4430      6.550  274.54898  274.68117     4.7428     4.0587 -9.990e-29
 128.404184      6.638    12.5169  32.539630    27.4440      6.579  274.54670  274.67889     4.8362     4.0668 -9.990e-29
 128.404187      6.658    12.5174  32.538118    27.4422      6.599  274.54723  274.67947     4.8206     4.0385 -9.990e-29
 128.404190      6.680    12.5175  32.538699    27.4407      6.620  274.54589  274.67813     5.5521     4.3296 -9.990e-29
 128.404193      6.706    12.5177  32.536663    27.4408      6.646  274.54862  274.68089     5.4743     4.2771 0.0000e+00
 128.404196      6.737    12.5178  32.537129    27.4407      6.676  274.54718  274.67945     5.5833     4.3134 0.0000e+00
 128.404198      6.773    12.5176  32.536256    27.4410      6.713  274.54971  274.68197     5.5521     4.3094 0.0000e+00
 128.404201      6.806    12.5168  32.537071    27.4408      6.745  274.55171  274.68392     5.2564     4.3620 0.0000e+00
 128.404204      6.846    12.5160  32.535616    27.4411      6.785  274.55779  274.68996     5.3187     4.3943 0.0000e+00
 128.404207      6.881    12.5146  32.534802    27.4411      6.819  274.56553  274.69761     5.3809     4.4024 0.0000e+00
 128.404210      6.918    12.5135  32.535558    27.4426      6.856  274.56921  274.70121     5.3187     4.3701 0.0000e+00
 128.404213      6.949    12.5128  32.535035    27.4426      6.887  274.57330  274.70525     5.3965     4.3337 0.0000e+00
 128.404216      6.978    12.5124  32.533988    27.4419      6.915  274.57676  274.70870     5.5210     4.1517 0.0000e+00
 128.404219      7.003    12.5123  32.533813    27.4419      6.941  274.57771  274.70965     5.5210     4.1436 0.0000e+00
 128.404222      7.029    12.5120  32.535152    27.4418      6.966  274.57658  274.70849     5.5521     4.0991 -9.990e-29
 128.404225      7.049    12.5118  32.534803    27.4431      6.986  274.57816  274.71005     5.5677     4.1355 -9.990e-29
 128.404227      7.073    12.5118  32.535443    27.4437      7.009  274.57703  274.70892     5.7078     4.5075 -9.990e-29
 128.404230      7.093    12.5122  32.534803    27.4421      7.029  274.57631  274.70823     5.7233     4.4671 -9.990e-29
 128.404233      7.126    12.5126  32.534395    27.4419      7.062  274.57519  274.70714     5.8167     4.4752 0.0000e+00
 128.404236      7.166    12.5128  32.533988    27.4421      7.102  274.57532  274.70728     5.7545     4.5156 0.0000e+00
 128.404239      7.202    12.5125  32.534396    27.4416      7.138  274.57586  274.70781     5.8323     4.2447 0.0000e+00
 128.404242      7.243    12.5124  32.532359    27.4418      7.178  274.58016  274.71212     5.7700     4.2204 0.0000e+00
 128.404245      7.277    12.5121  32.533814    27.4403      7.212  274.57852  274.71045     5.7856     4.2326 0.0000e+00
 128.404248      7.314    12.5124  32.532243    27.4402      7.248  274.58042  274.71238     5.8167     4.2366 0.0000e+00
 128.404251      7.347    12.5125  32.532360    27.4402      7.281  274.57961  274.71157     5.5210     4.2932 0.0000e+00
 128.404253      7.374    12.5128  32.530556    27.4382      7.308  274.58129  274.71330     5.6144     4.3013 0.0000e+00
 128.404256      7.401    12.5134  32.529509    27.4375      7.335  274.58068  274.71274     5.5833     4.3013 0.0000e+00
 128.404259      7.427    12.5144  32.529916    27.4368      7.360  274.57559  274.70771     5.5833     4.3094 -9.990e-29
 128.404262      7.449    12.5153  32.529334    27.4354      7.382  274.57257  274.70476     5.5210     4.2973 -9.990e-29
 128.404265      7.474    12.5162  32.530149    27.4344      7.407  274.56738  274.69961     5.5210     4.2892 0.0000e+00
 128.404268      7.503    12.5170  32.528520    27.4337      7.436  274.56687  274.69917     5.5677     4.3013 0.0000e+00
 128.404271      7.531    12.5175  32.529334    27.4333      7.463  274.56324  274.69557     5.5833     4.2932 0.0000e+00
 128.404274      7.564    12.5180  32.528927    27.4329      7.496  274.56180  274.69416     5.7233     4.3175 0.0000e+00
 128.404277      7.602    12.5184  32.527880    27.4316      7.534  274.56151  274.69392     5.3031     4.4550 0.0000e+00
 128.404280      7.635    12.5189  32.527880    27.4312      7.566  274.55934  274.69178     5.1941     4.4267 0.0000e+00
 128.404282      7.671    12.5192  32.527647    27.4312      7.603  274.55853  274.69099     5.3031     4.3862 0.0000e+00
 128.404285      7.702    12.5187  32.527764    27.4312      7.633  274.56053  274.69296     5.4276     4.4226 0.0000e+00
 128.404288      7.733    12.5180  32.528287    27.4317      7.664  274.56274  274.69512     5.2564     4.3701 0.0000e+00
 128.404291      7.768    12.5174  32.527240    27.4317      7.698  274.56746  274.69981     5.3498     4.3701 0.0000e+00
 128.404294      7.793    12.5170  32.526251    27.4317      7.724  274.57113  274.70345     5.3965     4.3701 0.0000e+00
 128.404297      7.822    12.5167  32.527648    27.4319      7.752  274.56990  274.70219     5.2253     4.3458 0.0000e+00
 128.404300      7.848    12.5165  32.527764    27.4326      7.778  274.57033  274.70262     6.7194     4.5965 -9.990e-29
 128.404303      7.870    12.5163  32.526833    27.4321      7.799  274.57327  274.70554     6.9062     4.6450 -9.990e-29
 128.404306      7.895    12.5158  32.528288    27.4340      7.825  274.57255  274.70479     6.6883     4.6450 -9.990e-29
 128.404308      7.928    12.5153  32.528114    27.4346      7.857  274.57539  274.70759     6.7817     4.5844 0.0000e+00
 128.404311      7.957    12.5148  32.529103    27.4352      7.886  274.57552  274.70768     6.7039     4.6450 0.0000e+00
 128.404314      7.990    12.5139  32.529336    27.4361      7.919  274.57919  274.71129     6.2836     4.3943 0.0000e+00
 128.404317      8.025    12.5128  32.529336    27.4369      7.953  274.58391  274.71593     6.3926     4.3781 0.0000e+00
 128.404320      8.059    12.5116  32.529511    27.4374      7.987  274.58894  274.72088     6.4082     4.3660 0.0000e+00
 128.404323      8.096    12.5102  32.527882    27.4379      8.024  274.59815  274.73001     6.2214     4.3741 0.0000e+00
 128.404326      8.127    12.5087  32.528348    27.4390      8.054  274.60422  274.73597     5.3498     4.3943 0.0000e+00
 128.404329      8.160    12.5081  32.528697    27.4390      8.087  274.60612  274.73783     5.2253     4.3418 0.0000e+00
 128.404332      8.196    12.5082  32.527475    27.4385      8.123  274.60802  274.73975     5.3342     4.3620 0.0000e+00
 128.404334      8.226    12.5088  32.524392    27.4368      8.152  274.61075  274.74255     5.3654     4.3620 0.0000e+00
 128.404337      8.255    12.5094  32.527592    27.4351      8.181  274.60253  274.73434     5.0852     4.4024 -9.990e-29
 128.404340      8.275    12.5094  32.529337    27.4393      8.201  274.59910  274.73090     4.9296     4.4752 -9.990e-29
 128.404343      8.299    12.5092  32.527883    27.4399      8.224  274.60298  274.73477     5.0852     4.4590 -9.990e-29
 128.404346      8.326    12.5087  32.529512    27.4400      8.252  274.60196  274.73370     5.1008     4.4469 0.0000e+00
 128.404349      8.355    12.5085  32.529338    27.4399      8.281  274.60354  274.73527     4.5871     4.3013 0.0000e+00
 128.404352      8.390    12.5089  32.528349    27.4387      8.315  274.60314  274.73491     4.5249     4.3094 0.0000e+00
 128.404355      8.423    12.5102  32.528116    27.4375      8.347  274.59826  274.73012     4.5716     4.2973 0.0000e+00
 128.404358      8.461    12.5116  32.525207    27.4354      8.385  274.59724  274.72922     4.5560     4.3134 0.0000e+00
