Processed/SBE19plus_01907321_2022_05_11_Cast123_wfilter.cnv
* Sea-Bird SBE19plus  Data File:
* FileName = E:\Prandtl_Daten\2022\CTD\Raw\SBE19plus_01907321_2022_05_11_Cast123.hex
* Software version 2.6.1.12
* Temperature SN = 7321
* Conductivity SN = 7321
* System UpLoad Time = May 11 2022 08:13:00
* <ApplicationData>
* <Seaterm232>
** Messpraktikum 2022
** CTD 10.05  BW2
** NMEA Latitude = 54 07.84N
** NMEA Longitude = 008 44.74E
# nquan = 11
# nvalues = 752                         
# units = specified
# name 0 = timeJ: Julian Days
# name 1 = prdM: Pressure, Strain Gauge [db]
# name 2 = tv290C: Temperature [ITS-90, deg C]
# name 3 = c0mS/cm: Conductivity [mS/cm]
# name 4 = sal00: Salinity, Practical [PSU]
# name 5 = depSM: Depth [salt water, m], lat = 54.00
# name 6 = oxsatMm/Kg: Oxygen Saturation, Weiss [umol/kg]
# name 7 = oxsolMm/Kg: Oxygen Saturation, Garcia & Gordon [umol/kg]
# name 8 = turbWETntu0: Turbidity, WET Labs ECO [NTU]
# name 9 = flECO-AFL: Fluorescence, WET Labs ECO-AFL/FL [mg/m^3]
# name 10 = flag:  0.000e+00
# span 0 = 131.335475, 131.337648       
# span 1 =      0.332,     17.702       
# span 2 =    13.3145,    13.5195       
# span 3 =  31.980816,  33.008022       
# span 4 =    26.3515,    27.1512       
# span 5 =      0.330,     17.544       
# span 6 =  269.37945,  271.99198       
# span 7 =  269.57178,  272.18052       
# span 8 =    -0.1755,     9.5677       
# span 9 =     2.5626,     8.6401       
# span 10 = 0.0000e+00, 0.0000e+00      
# interval = seconds: 0.25
# start_time = May 11 2022 08:01:50 [Instrument's time stamp, header]
# bad_flag = -9.990e-29
*END*
[from data line 656]
 131.337373     15.557    13.4818  32.824009    27.0121     15.417  269.85356  270.04512     2.3303     2.5706 0.0000e+00
 131.337376     15.595    13.4824  32.826812    27.0132     15.455  269.84597  270.03755     0.0580     3.0114 0.0000e+00
 131.337378     15.635    13.4829  32.832067    27.0176     15.494  269.83482  270.02639     0.1825     3.0154 0.0000e+00
 131.337381     15.673    13.4840  32.834578    27.0191     15.532  269.82616  270.01777    -0.0199     3.0518 0.0000e+00
 131.337384     15.706    13.4849  32.835279    27.0191     15.565  269.82090  270.01256     0.1825     3.0276 0.0000e+00
 131.337387     15.735    13.4855  32.834987    27.0191     15.594  269.81890  270.01060     0.1047     2.9022 -9.990e-29
 131.337390     15.755    13.4859  32.835980    27.0190     15.614  269.81533  270.00705    -0.0043     2.9143 -9.990e-29
 131.337393     15.769    13.4861  32.836447    27.0192     15.628  269.81360  270.00533     0.1047     2.8941 -9.990e-29
 131.337396     15.780    13.4864  32.835513    27.0182     15.639  269.81426  270.00601     0.0424     2.9022 -9.990e-29
 131.337399     15.790    13.4865  32.835571    27.0182     15.648  269.81353  270.00530     0.2447     3.0074 -9.990e-29
 131.337402     15.797    13.4865  32.834987    27.0176     15.656  269.81454  270.00630     0.1202     3.0074 -9.990e-29
 131.337405     15.810    13.4862  32.834929    27.0178     15.668  269.81590  270.00765     0.0735     3.0074 -9.990e-29
 131.337407     15.824    13.4862  32.838491    27.0210     15.682  269.80983  270.00155     0.1980     3.0316 -9.990e-29
 131.337410     15.844    13.4866  32.840944    27.0230     15.702  269.80409  269.99581     0.3381     2.9750 -9.990e-29
 131.337413     15.875    13.4870  32.843747    27.0253     15.733  269.79775  269.98947     0.2759     2.9629 -9.990e-29
 131.337416     15.899    13.4876  32.850055    27.0369     15.757  269.78417  269.97588     0.4004     2.9871 -9.990e-29
 131.337419     15.931    13.4888  32.857940    27.0369     15.788  269.76571  269.95742     0.4004     2.9750 0.0000e+00
 131.337422     15.964    13.4902  32.867170    27.0369     15.820  269.74370  269.93542     0.2914     2.9588 -9.990e-29
 131.337425     15.987    13.4922  32.870500    27.0502     15.844  269.72987  269.92168     1.0229     3.1206 -9.990e-29
 131.337428     16.017    13.4936  32.876342    27.0507     15.873  269.71364  269.90549     1.1163     3.1125 0.0000e+00
 131.337431     16.044    13.4950  32.878387    27.0511     15.900  269.70420  269.89612     0.9918     3.0882 0.0000e+00
 131.337433     16.073    13.4960  32.880958    27.0518     15.929  269.69575  269.88771     1.0385     3.0761 0.0000e+00
 131.337436     16.101    13.4968  32.880666    27.0527     15.957  269.69249  269.88451     0.8206     2.7526 0.0000e+00
 131.337439     16.126    13.4972  32.888320    27.0551     15.982  269.67789  269.86986     0.7428     2.7971 0.0000e+00
 131.337442     16.154    13.4983  32.888846    27.0585     16.009  269.67230  269.86433     0.8984     2.7850 -9.990e-29
 131.337445     16.179    13.4990  32.892644    27.0612     16.034  269.66301  269.85505     0.8517     2.7647 -9.990e-29
 131.337448     16.206    13.4994  32.895333    27.0633     16.061  269.65656  269.84860     0.0891     2.9750 -9.990e-29
 131.337451     16.225    13.5002  32.899891    27.0669     16.079  269.64534  269.83740     0.1358     2.9507 -9.990e-29
 131.337454     16.250    13.5011  32.903631    27.0697     16.105  269.63521  269.82729     0.0580     2.9507 -9.990e-29
 131.337457     16.269    13.5020  32.906963    27.0720     16.123  269.62546  269.81757     0.0891     2.9790 -9.990e-29
 131.337459     16.287    13.5028  32.909184    27.0735     16.141  269.61855  269.81068     1.0541     3.0195 -9.990e-29
 131.337462     16.303    13.5034  32.911697    27.0753     16.157  269.61145  269.80360     1.0541     3.0235 -9.990e-29
 131.337465     16.318    13.5039  32.916665    27.0795     16.171  269.60079  269.79293     1.1630     3.0074 -9.990e-29
 131.337468     16.332    13.5047  32.920056    27.0821     16.186  269.59188  269.78404     1.1475     3.0518 -9.990e-29
 131.337471     16.352    13.5056  32.925784    27.0866     16.206  269.57836  269.77053     1.0696     3.0154 -9.990e-29
 131.337474     16.371    13.5064  32.928707    27.0887     16.224  269.56994  269.76213     1.1630     3.0640 -9.990e-29
 131.337477     16.387    13.5071  32.930695    27.0931     16.240  269.56342  269.75564     1.1319     3.0518 -9.990e-29
 131.337480     16.414    13.5076  32.934495    27.0931     16.267  269.55477  269.74698     1.0852     3.0518 0.0000e+00
 131.337483     16.442    13.5082  32.938062    27.0931     16.294  269.54619  269.73842     1.0229     3.0437 -9.990e-29
 131.337486     16.467    13.5089  32.938179    27.0979     16.319  269.54319  269.73545     2.0813     3.4562 -9.990e-29
 131.337488     16.498    13.5094  32.941161    27.0994     16.350  269.53593  269.72820     2.1591     3.5088 0.0000e+00
 131.337491     16.529    13.5097  32.944669    27.1009     16.381  269.52871  269.72097     2.1591     3.4643 0.0000e+00
 131.337494     16.556    13.5100  32.949055    27.1046     16.408  269.51969  269.71193     2.0657     3.4764 0.0000e+00
 131.337497     16.583    13.5106  32.951745    27.1048     16.435  269.51261  269.70487     3.5288     3.5007 0.0000e+00
 131.337500     16.609    13.5113  32.950283    27.1066     16.460  269.51198  269.70430     3.4976     3.4845 0.0000e+00
 131.337503     16.640    13.5116  32.954201    27.1081     16.491  269.50407  269.69637     3.4821     3.4966 0.0000e+00
 131.337506     16.677    13.5119  32.959640    27.1129     16.527  269.49388  269.68615     3.6689     3.4602 0.0000e+00
 131.337509     16.704    13.5124  32.961453    27.1136     16.554  269.48862  269.68090     3.7778     3.2742 0.0000e+00
 131.337512     16.730    13.5128  32.962681    27.1142     16.580  269.48466  269.67696     3.8245     3.2864 -9.990e-29
 131.337514     16.748    13.5131  32.966249    27.1180     16.598  269.47734  269.66962     3.8245     3.2985 -9.990e-29
 131.337517     16.757    13.5134  32.966892    27.1184     16.607  269.47499  269.66729     3.8556     3.3187 -9.990e-29
 131.337520     16.773    13.5139  32.968413    27.1194     16.623  269.47021  269.66253     3.8556     3.2783 -9.990e-29
 131.337523     16.785    13.5141  32.970811    27.1215     16.634  269.46551  269.65782     3.5132     3.6139 -9.990e-29
 131.337526     16.806    13.5143  32.973326    27.1236     16.656  269.46030  269.65260     3.5755     3.6058 -9.990e-29
 131.337529     16.828    13.5146  32.974730    27.1251     16.677  269.45635  269.64866     3.5910     3.5896 -9.990e-29
 131.337532     16.859    13.5150  32.975608    27.1263     16.708  269.45331  269.64563     3.6066     3.6099 0.0000e+00
 131.337535     16.887    13.5152  32.978298    27.1263     16.735  269.44811  269.64043     4.2136     3.7959 0.0000e+00
 131.337538     16.914    13.5156  32.980463    27.1275     16.763  269.44256  269.63488     4.4159     3.8080 -9.990e-29
 131.337541     16.938    13.5157  32.982452    27.1308     16.786  269.43856  269.63088     4.3537     3.7959 -9.990e-29
 131.337543     16.960    13.5160  32.984324    27.1323     16.808  269.43413  269.62645     4.2447     3.7797 -9.990e-29
 131.337546     16.984    13.5162  32.984851    27.1327     16.831  269.43262  269.62494     5.0696     3.9940 -9.990e-29
 131.337549     17.002    13.5165  32.988244    27.1355     16.850  269.42560  269.61791     4.9607     4.0142 -9.990e-29
 131.337552     17.024    13.5170  32.989121    27.1360     16.871  269.42192  269.61426     5.1008     3.9738 -9.990e-29
 131.337555     17.038    13.5171  32.989999    27.1367     16.886  269.42013  269.61246     5.0074     3.9697 -9.990e-29
 131.337558     17.064    13.5171  32.991988    27.1385     16.911  269.41644  269.60876     5.8790     3.7999 -9.990e-29
 131.337561     17.088    13.5173  32.994094    27.1402     16.934  269.41193  269.60424     5.8790     3.8039 -9.990e-29
 131.337564     17.109    13.5174  32.994738    27.1407     16.956  269.41053  269.60284     5.8012     3.7756 -9.990e-29
 131.337567     17.138    13.5175  32.994680    27.1406     16.985  269.41033  269.60265     5.8167     3.8080 -9.990e-29
 131.337569     17.160    13.5177  32.994270    27.1408     17.006  269.41011  269.60244     5.8478     3.7918 -9.990e-29
 131.337572     17.189    13.5177  32.995089    27.1410     17.035  269.40873  269.60106     4.8206     3.9212 0.0000e+00
 131.337575     17.215    13.5177  32.995557    27.1412     17.061  269.40795  269.60027     4.7428     3.9212 0.0000e+00
 131.337578     17.246    13.5179  32.995733    27.1413     17.091  269.40704  269.59937     4.7584     3.9414 0.0000e+00
 131.337581     17.275    13.5179  32.996084    27.1416     17.121  269.40646  269.59879     4.7895     3.9091 0.0000e+00
 131.337584     17.306    13.5179  32.996552    27.1418     17.151  269.40568  269.59801     5.3965     4.1598 0.0000e+00
 131.337587     17.334    13.5179  32.997489    27.1420     17.178  269.40379  269.59611     5.2875     4.1921 -9.990e-29
 131.337590     17.354    13.5181  32.998659    27.1438     17.198  269.40118  269.59351     5.2875     4.1638 -9.990e-29
 131.337593     17.375    13.5182  32.998659    27.1436     17.220  269.40057  269.59290     5.3965     4.1921 -9.990e-29
 131.337595     17.388    13.5182  32.998015    27.1431     17.232  269.40167  269.59401     7.5755     4.3620 -9.990e-29
 131.337598     17.403    13.5182  33.000063    27.1450     17.247  269.39851  269.59082     7.5910     4.3498 -9.990e-29
 131.337601     17.427    13.5183  33.001760    27.1464     17.271  269.39501  269.58732     7.5599     4.3620 -9.990e-29
 131.337604     17.443    13.5184  33.002579    27.1471     17.287  269.39331  269.58562     7.4976     4.3539 -9.990e-29
 131.337607     17.469    13.5186  33.003457    27.1477     17.313  269.39089  269.58320     8.2292     4.6450 -9.990e-29
 131.337610     17.493    13.5188  33.004452    27.1485     17.336  269.38827  269.58059     8.2759     4.6329 -9.990e-29
 131.337613     17.515    13.5188  33.005505    27.1494     17.358  269.38649  269.57880     8.2447     4.6491 -9.990e-29
 131.337616     17.540    13.5190  33.006032    27.1497     17.383  269.38467  269.57699     8.2603     4.6208 -9.990e-29
 131.337619     17.561    13.5192  33.006734    27.1503     17.403  269.38286  269.57518     8.2914     4.6127 -9.990e-29
 131.337622     17.584    13.5192  33.007378    27.1508     17.426  269.38178  269.57409     8.3692     4.9321 -9.990e-29
 131.337624     17.606    13.5193  33.007203    27.1506     17.448  269.38146  269.57379     8.2914     4.9281 -9.990e-29
 131.337627     17.624    13.5195  33.008022    27.1512     17.466  269.37945  269.57178     8.2603     4.9079 -9.990e-29
 131.337630     17.648    13.5194  33.008022    27.1512     17.490  269.37978  269.57210     8.2914     4.9443 -9.990e-29
 131.337633     17.664    13.5194  33.007378    27.1507     17.506  269.38089  269.57322     7.6533     4.8513 -9.990e-29
 131.337636     17.674    13.5194  33.006325    27.1497     17.515  269.38269  269.57502     7.4821     4.8836 -9.990e-29
 131.337639     17.679    13.5195  33.006969    27.1502     17.520  269.38128  269.57362     7.5755     4.8472 -9.990e-29
 131.337642     17.686    13.5193  33.006208    27.1496     17.527  269.38321  269.57554     7.5599     4.8674 -9.990e-29
 131.337645     17.697    13.5195  33.005740    27.1491     17.538  269.38338  269.57573     9.2564     5.0009 -9.990e-29
 131.337648     17.702    13.5194  33.005272    27.1487     17.544  269.38450  269.57685     9.3342     4.9887 -9.990e-29
