Processed/SBE19plus_01907321_2022_05_08_Cast90_wfilter.cnv
* Sea-Bird SBE19plus  Data File:
* FileName = E:\Prandtl Daten\2022\CTD\Raw\SBE19plus_01907321_2022_05_08_Cast90.hex
* Software version 2.6.1.12
* Temperature SN = 7321
* Conductivity SN = 7321
* System UpLoad Time = May 08 2022 13:17:06
* <ApplicationData>
* <Seaterm232>
** Messpraktikum 2022
** CTD 08.05 BM
** NMEA Latitude = 54 07.82 N
** NMEA Longitude = 008 47.07 E
# nquan = 11
# nvalues = 376                         
# units = specified
# name 0 = timeJ: Julian Days
# name 1 = prdM: Pressure, Strain Gauge [db]
# name 2 = tv290C: Temperature [ITS-90, deg C]
# name 3 = c0mS/cm: Conductivity [mS/cm]
# name 4 = sal00: Salinity, Practical [PSU]
# name 5 = depSM: Depth [salt water, m], lat = 54.00
# name 6 = oxsatMm/Kg: Oxygen Saturation, Weiss [umol/kg]
# name 7 = oxsolMm/Kg: Oxygen Saturation, Garcia & Gordon [umol/kg]
# name 8 = turbWETntu0: Turbidity, WET Labs ECO [NTU]
# name 9 = flECO-AFL: Fluorescence, WET Labs ECO-AFL/FL [mg/m^3]
# name 10 = flag:  0.000e+00
# span 0 = 128.549117, 128.550203       
# span 1 =      0.353,     15.841       
# span 2 =    12.6230,    12.9644       
# span 3 =  32.135009,  32.390847       
# span 4 =    26.9334,    27.0904       
# span 5 =      0.350,     15.699       
# span 6 =  272.84186,  274.75569       
# span 7 =  273.00482,  274.89886       
# span 8 =     5.6766,   387.9023       
# span 9 =     3.6058,    20.1281       
# span 10 = 0.0000e+00, 0.0000e+00      
# interval = seconds: 0.25
# start_time = May 08 2022 13:09:24 [Instrument's time stamp, header]
# bad_flag = -9.990e-29
*END*
[from data line 263]
 128.549878     12.513    12.7412  32.303360    27.0604     12.401  273.98146  274.13084    21.7233     8.4541 0.0000e+00
 128.549881     12.544    12.7423  32.304985    27.0611     12.432  273.97388  274.12331    21.4899     8.4380 0.0000e+00
 128.549884     12.577    12.7434  32.306435    27.0611     12.464  273.96660  274.11609    21.6611     8.5310 0.0000e+00
 128.549887     12.604    12.7444  32.305623    27.0601     12.491  273.96333  274.11290    21.5210     8.5027 0.0000e+00
 128.549890     12.637    12.7447  32.305217    27.0598     12.524  273.96281  274.11240    21.8634     8.4824 0.0000e+00
 128.549893     12.663    12.7445  32.304811    27.0595     12.549  273.96449  274.11407    19.2953     8.1590 -9.990e-29
 128.549896     12.687    12.7441  32.303882    27.0587     12.573  273.96773  274.11729    19.4821     8.1994 -9.990e-29
 128.549899     12.712    12.7438  32.302548    27.0577     12.598  273.97168  274.12124    19.4043     8.1913 -9.990e-29
 128.549902     12.728    12.7431  32.300517    27.0563     12.614  273.97813  274.12766    19.3264     8.2762 -9.990e-29
 128.549905     12.750    12.7421  32.298487    27.0560     12.636  273.98647  274.13595    36.8984    10.2657 -9.990e-29
 128.549907     12.780    12.7409  32.298487    27.0568     12.665  273.99185  274.14125    36.9918    10.2940 0.0000e+00
 128.549910     12.805    12.7401  32.299531    27.0575     12.690  273.99348  274.14283    37.2253    10.2576 0.0000e+00
 128.549913     12.836    12.7399  32.301562    27.0595     12.721  273.99053  274.13985    36.9918    10.2738 0.0000e+00
 128.549916     12.865    12.7405  32.304986    27.0623     12.750  273.98196  274.13128    28.1825     9.4448 0.0000e+00
 128.549919     12.894    12.7419  32.306436    27.0626     12.779  273.97342  274.12282    28.2914     9.4408 0.0000e+00
 128.549922     12.925    12.7436  32.310266    27.0639     12.810  273.95878  274.10825    28.5249     9.4327 0.0000e+00
 128.549925     12.958    12.7456  32.310672    27.0648     12.842  273.94957  274.09916    28.4938     9.4165 0.0000e+00
 128.549928     12.989    12.7469  32.312703    27.0642     12.873  273.94000  274.08967    27.2642     9.2588 0.0000e+00
 128.549931     13.022    12.7486  32.313342    27.0642     12.906  273.93164  274.08141    27.2019     9.1901 0.0000e+00
 128.549933     13.053    12.7501  32.314328    27.0642     12.936  273.92330  274.07315    27.0307     9.2143 0.0000e+00
 128.549936     13.079    12.7509  32.316765    27.0657     12.962  273.91553  274.06541    27.1397     9.1901 0.0000e+00
 128.549939     13.106    12.7522  32.319609    27.0673     12.989  273.90452  274.05447    26.9373     9.2871 0.0000e+00
 128.549942     13.133    12.7539  32.321640    27.0673     13.016  273.89369  274.04373    24.8829     8.9111 0.0000e+00
 128.549945     13.161    12.7557  32.321234    27.0664     13.043  273.88655  274.03670    24.8362     8.9353 0.0000e+00
 128.549948     13.188    12.7565  32.319145    27.0645     13.070  273.88649  274.03672    24.8517     8.9232 0.0000e+00
 128.549951     13.221    12.7566  32.320015    27.0645     13.103  273.88465  274.03488    24.6183     8.9070 0.0000e+00
 128.549954     13.252    12.7564  32.320189    27.0645     13.133  273.88499  274.03521    25.4743     8.9555 0.0000e+00
 128.549957     13.283    12.7566  32.320015    27.0648     13.164  273.88469  274.03492    25.4743     9.0000 0.0000e+00
 128.549959     13.314    12.7564  32.320190    27.0645     13.195  273.88535  274.03556    25.4587     8.9960 0.0000e+00
 128.549962     13.349    12.7564  32.319319    27.0648     13.229  273.88660  274.03682    25.3965     8.9798 0.0000e+00
 128.549965     13.380    12.7565  32.320828    27.0653     13.260  273.88363  274.03384    52.4938    11.7659 0.0000e+00
 128.549968     13.416    12.7568  32.321409    27.0656     13.296  273.88137  274.03159    52.4938    11.8387 0.0000e+00
 128.549971     13.449    12.7574  32.324485    27.0680     13.329  273.87342  274.02365    52.4315    11.7740 0.0000e+00
 128.549974     13.480    12.7583  32.325471    27.0683     13.359  273.86760  274.01788    52.5716    11.7982 0.0000e+00
 128.549977     13.509    12.7596  32.327735    27.0694     13.388  273.85793  274.00828    47.1708    11.1270 0.0000e+00
 128.549980     13.535    12.7606  32.331682    27.0724     13.414  273.84655  273.99693    46.9996    11.0946 0.0000e+00
 128.549983     13.562    12.7621  32.335455    27.0748     13.441  273.83327  273.98371    46.9373    11.0785 0.0000e+00
 128.549986     13.593    12.7642  32.339460    27.0748     13.472  273.81707  273.96760    47.1708    11.1108 0.0000e+00
 128.549988     13.623    12.7667  32.338879    27.0756     13.500  273.80677  273.95748    46.9685    11.1149 0.0000e+00
 128.549991     13.654    12.7682  32.341085    27.0756     13.531  273.79627  273.94705    36.8829    10.5568 0.0000e+00
 128.549994     13.685    12.7697  32.342304    27.0756     13.562  273.78783  273.93870    36.9918    10.5487 0.0000e+00
 128.549997     13.721    12.7708  32.341724    27.0743     13.598  273.78384  273.93479    36.9918    10.5366 0.0000e+00
 128.550000     13.750    12.7714  32.340505    27.0728     13.627  273.78350  273.93449    36.9296    10.5366 0.0000e+00
 128.550003     13.783    12.7718  32.340911    27.0728     13.660  273.78091  273.93193    43.9023    11.2402 0.0000e+00
 128.550006     13.816    12.7717  32.340911    27.0728     13.692  273.78124  273.93226    44.1513    11.2281 0.0000e+00
 128.550009     13.843    12.7717  32.339866    27.0724     13.719  273.78342  273.93445    44.1358    11.2402 0.0000e+00
 128.550012     13.872    12.7714  32.339692    27.0719     13.748  273.78501  273.93602    44.1202    11.1957 -9.990e-29
 128.550014     13.896    12.7714  32.339983    27.0722     13.771  273.78451  273.93552    48.3848    11.6810 -9.990e-29
 128.550017     13.916    12.7712  32.341318    27.0735     13.791  273.78279  273.93377    48.6027    11.6769 -9.990e-29
 128.550020     13.940    12.7717  32.341492    27.0734     13.815  273.78061  273.93162    48.4782    11.6850 -9.990e-29
 128.550023     13.967    12.7719  32.341724    27.0740     13.842  273.77927  273.93029    48.5871    11.6810 0.0000e+00
 128.550026     13.995    12.7725  32.343524    27.0746     13.869  273.77327  273.92431    49.1008    11.7214 0.0000e+00
 128.550029     14.031    12.7729  32.344047    27.0749     13.905  273.77079  273.92186    48.9762    11.7335 0.0000e+00
 128.550032     14.064    12.7735  32.345150    27.0755     13.938  273.76634  273.91743    48.9451    11.6527 0.0000e+00
 128.550035     14.100    12.7740  32.347820    27.0776     13.974  273.75944  273.91053    48.9607    11.6769 0.0000e+00
 128.550038     14.137    12.7747  32.349039    27.0780     14.010  273.75415  273.90528    49.0229    11.6527 0.0000e+00
 128.550041     14.173    12.7757  32.349620    27.0782     14.046  273.74874  273.89993    51.3420    12.2956 0.0000e+00
 128.550043     14.208    12.7767  32.351071    27.0780     14.081  273.74178  273.89303    51.1397    12.2390 0.0000e+00
 128.550046     14.237    12.7774  32.350839    27.0786     14.109  273.73906  273.89035    51.1708    12.2754 0.0000e+00
 128.550049     14.264    12.7779  32.352697    27.0792     14.137  273.73359  273.88489    51.0619    12.2835 0.0000e+00
 128.550052     14.295    12.7785  32.353684    27.0792     14.167  273.72903  273.88037    65.3031    13.2701 0.0000e+00
 128.550055     14.321    12.7794  32.353510    27.0796     14.193  273.72557  273.87697    65.3342    13.2539 0.0000e+00
 128.550058     14.347    12.7800  32.354903    27.0797     14.218  273.72029  273.87171    65.2875    13.2297 0.0000e+00
 128.550061     14.378    12.7806  32.356936    27.0808     14.249  273.71420  273.86564    65.2875    13.2661 0.0000e+00
 128.550064     14.407    12.7814  32.357226    27.0811     14.278  273.71024  273.86173    67.9334    13.7028 0.0000e+00
 128.550067     14.438    12.7820  32.358561    27.0811     14.309  273.70506  273.85658    68.1202    13.6664 0.0000e+00
 128.550069     14.469    12.7825  32.358387    27.0811     14.339  273.70318  273.85474    68.1980    13.7715 0.0000e+00
 128.550072     14.507    12.7828  32.358155    27.0811     14.377  273.70236  273.85393    68.0891    13.6987 0.0000e+00
 128.550075     14.540    12.7833  32.360594    27.0825     14.410  273.69586  273.84745    75.9646    13.6987 0.0000e+00
 128.550078     14.580    12.7838  32.361465    27.0830     14.450  273.69246  273.84406    91.5132    15.4052 0.0000e+00
 128.550081     14.618    12.7842  32.362859    27.0837     14.487  273.68813  273.83975    91.4976    15.4132 0.0000e+00
 128.550084     14.648    12.7848  32.363033    27.0840     14.516  273.68532  273.83697    91.5132    15.3890 0.0000e+00
 128.550087     14.677    12.7853  32.365065    27.0852     14.546  273.67954  273.83121    91.5443    15.3364 0.0000e+00
 128.550090     14.712    12.7860  32.367911    27.0854     14.580  273.67138  273.82307   133.8478    18.0618 0.0000e+00
 128.550093     14.739    12.7870  32.366691    27.0854     14.607  273.66883  273.82060   133.6144    18.0659 0.0000e+00
 128.550095     14.768    12.7878  32.367098    27.0854     14.636  273.66498  273.81679   133.5366    18.0214 0.0000e+00
 128.550098     14.801    12.7881  32.368956    27.0867     14.669  273.66014  273.81196   133.7856    18.0780 0.0000e+00
 128.550101     14.832    12.7888  32.370176    27.0867     14.699  273.65486  273.80671   194.1903    19.4488 0.0000e+00
 128.550104     14.869    12.7895  32.369943    27.0873     14.736  273.65246  273.80435   194.1591    19.5054 0.0000e+00
 128.550107     14.905    12.7902  32.373195    27.0891     14.772  273.64358  273.79550   193.9568    19.4973 0.0000e+00
 128.550110     14.940    12.7909  32.374821    27.0901     14.806  273.63758  273.78953   194.0969    19.5661 0.0000e+00
 128.550113     14.974    12.7922  32.375867    27.0901     14.840  273.63009  273.78211   231.2642    19.7642 0.0000e+00
 128.550116     15.007    12.7933  32.376448    27.0899     14.873  273.62436  273.77644   231.2019    19.6874 0.0000e+00
 128.550119     15.035    12.7939  32.376680    27.0897     14.900  273.62113  273.77325   231.2953    19.7561 0.0000e+00
 128.550122     15.067    12.7944  32.376448    27.0894     14.932  273.61936  273.77152   231.1241    19.6955 0.0000e+00
 128.550124     15.095    12.7948  32.376680    27.0891     14.959  273.61707  273.76926   231.3109    19.6388 -9.990e-29
 128.550127     15.117    12.7953  32.377900    27.0898     14.981  273.61304  273.76524   219.1085    20.1281 -9.990e-29
 128.550130     15.140    12.7959  32.377900    27.0893     15.005  273.61022  273.76247   219.1397    20.0796 -9.990e-29
 128.550133     15.160    12.7967  32.379700    27.0904     15.025  273.60359  273.75587   219.3264    20.1281 -9.990e-29
 128.550136     15.182    12.7973  32.379526    27.0889     15.046  273.60139  273.75371   219.3264    20.0351 -9.990e-29
 128.550139     15.211    12.7977  32.378887    27.0891     15.075  273.60065  273.75300   250.1903    20.1079 0.0000e+00
 128.550142     15.241    12.7981  32.379642    27.0893     15.104  273.59745  273.74982   250.0657    20.0473 0.0000e+00
 128.550145     15.270    12.7981  32.379932    27.0894     15.133  273.59695  273.74932   249.9724    20.0998 0.0000e+00
 128.550148     15.303    12.7981  32.379700    27.0895     15.165  273.59770  273.75007   250.1436    20.0877 0.0000e+00
 128.550150     15.337    12.7982  32.379933    27.0894     15.200  273.59668  273.74906   270.0035    18.7290 0.0000e+00
 128.550153     15.370    12.7986  32.379700    27.0890     15.232  273.59522  273.74763   270.0346    18.7897 0.0000e+00
 128.550156     15.399    12.7986  32.378887    27.0882     15.261  273.59699  273.74940   269.8167    18.7897 0.0000e+00
 128.550159     15.432    12.7989  32.378307    27.0877     15.294  273.59678  273.74921   269.9412    18.7937 0.0000e+00
 128.550162     15.467    12.7991  32.378713    27.0875     15.328  273.59514  273.74758   340.1513    17.7666 0.0000e+00
 128.550165     15.494    12.7992  32.377900    27.0873     15.355  273.59597  273.74842   340.0424    17.6817 0.0000e+00
 128.550168     15.523    12.7995  32.376042    27.0868     15.384  273.59801  273.75050   340.1047    17.7302 -9.990e-29
 128.550171     15.547    12.7998  32.374416    27.0828     15.408  273.59964  273.75217   340.0580    17.7949 -9.990e-29
 128.550174     15.575    12.8001  32.374242    27.0820     15.435  273.59870  273.75125   340.0735    17.7464 0.0000e+00
 128.550177     15.600    12.8004  32.372790    27.0821     15.460  273.59971  273.75230   378.8751    16.8366 0.0000e+00
 128.550179     15.635    12.8007  32.374010    27.0812     15.494  273.59632  273.74891   378.8284    16.8204 0.0000e+00
 128.550182     15.664    12.8009  32.371164    27.0793     15.523  273.60042  273.75305   378.9685    16.8285 0.0000e+00
 128.550185     15.698    12.8009  32.368144    27.0765     15.558  273.60578  273.75844   378.5794    16.8164 0.0000e+00
 128.550188     15.731    12.8011  32.365531    27.0740     15.590  273.60978  273.76248   387.9023    15.9510 0.0000e+00
 128.550191     15.766    12.8014  32.363035    27.0727     15.625  273.61296  273.76570   387.8401    15.9713 0.0000e+00
 128.550194     15.804    12.8014  32.362860    27.0715     15.663  273.61329  273.76603   387.8401    15.9794 -9.990e-29
 128.550197     15.824    12.8017  32.357170    27.0658     15.682  273.62178  273.77460   387.8401    15.9672 -9.990e-29
 128.550200     15.835    12.8019  32.355544    27.0641     15.693  273.62403  273.77687   385.0385    10.6134 -9.990e-29
 128.550203     15.841    12.8021  32.326693    27.0373     15.699  273.67374  273.82688   384.8362    10.6539 -9.990e-29
