Processed/SBE19plus_01907321_2022_05_08_Cast86_wfilter.cnv
* Sea-Bird SBE19plus  Data File:
* FileName = E:\Prandtl Daten\2022\CTD\Raw\SBE19plus_01907321_2022_05_08_Cast86.hex
* Software version 2.6.1.12
* Temperature SN = 7321
* Conductivity SN = 7321
* System UpLoad Time = May 08 2022 12:02:41
* <ApplicationData>
* <Seaterm232>
** Messpraktikum 2022
** CTD 08.05 NP4
** NMEA Latitude = 54 10.44 N
** NMEA Longitude = 008 38.53 E
# nquan = 11
# nvalues = 628                         
# units = specified
# name 0 = timeJ: Julian Days
# name 1 = prdM: Pressure, Strain Gauge [db]
# name 2 = tv290C: Temperature [ITS-90, deg C]
# name 3 = c0mS/cm: Conductivity [mS/cm]
# name 4 = sal00: Salinity, Practical [PSU]
# name 5 = depSM: Depth [salt water, m], lat = 54.00
# name 6 = oxsatMm/Kg: Oxygen Saturation, Weiss [umol/kg]
# name 7 = oxsolMm/Kg: Oxygen Saturation, Garcia & Gordon [umol/kg]
# name 8 = turbWETntu0: Turbidity, WET Labs ECO [NTU]
# name 9 = flECO-AFL: Fluorescence, WET Labs ECO-AFL/FL [mg/m^3]
# name 10 = flag:  0.000e+00
# span 0 = 128.496617, 128.498432       
# span 1 =      0.669,     14.436       
# span 2 =    12.5539,    12.6548       
# span 3 =  32.927617,  32.978340       
# span 4 =    27.7519,    27.7804       
# span 5 =      0.663,     14.307       
# span 6 =  273.15763,  273.68994       
# span 7 =  273.29472,  273.82076       
# span 8 =     2.9529,    72.8984       
# span 9 =     3.2661,    16.4039       
# span 10 = 0.0000e+00, 0.0000e+00      
# interval = seconds: 0.25
# start_time = May 08 2022 11:53:38 [Instrument's time stamp, header]
# bad_flag = -9.990e-29
*END*
[from data line 394]
 128.497758      9.287    12.5564  32.932119    27.7804      9.204  273.67273  273.80367    23.4198     8.5552 -9.990e-29
 128.497760      9.315    12.5576  32.932528    27.7799      9.231  273.66673  273.79775    23.5132     8.5471 -9.990e-29
 128.497763      9.338    12.5592  32.933931    27.7778      9.255  273.65741  273.78852    23.6377     8.5229 -9.990e-29
 128.497766      9.364    12.5607  32.932704    27.7777      9.280  273.65309  273.78432    23.0774     7.8799 0.0000e+00
 128.497769      9.391    12.5613  32.932937    27.7776      9.307  273.64990  273.78116    23.1552     7.9082 0.0000e+00
 128.497772      9.419    12.5620  32.933522    27.7775      9.334  273.64608  273.77738    23.3264     7.9163 0.0000e+00
 128.497775      9.446    12.5622  32.932294    27.7776      9.361  273.64705  273.77838    23.2175     7.8880 -9.990e-29
 128.497778      9.468    12.5625  32.933171    27.7768      9.383  273.64425  273.77560    23.0774     7.8961 -9.990e-29
 128.497781      9.490    12.5632  32.935276    27.7783      9.405  273.63740  273.76877    23.9334     7.3502 -9.990e-29
 128.497784      9.510    12.5642  32.935218    27.7775      9.425  273.63348  273.76492    24.0891     7.3179 -9.990e-29
 128.497786      9.530    12.5649  32.936270    27.7780      9.445  273.62851  273.75998    23.9646     7.2977 -9.990e-29
 128.497789      9.550    12.5657  32.936270    27.7773      9.465  273.62479  273.75632    23.9179     7.3340 -9.990e-29
 128.497792      9.568    12.5660  32.936270    27.7771      9.483  273.62356  273.75511    21.1319     7.2491 -9.990e-29
 128.497795      9.592    12.5661  32.936036    27.7768      9.506  273.62338  273.75494    20.9296     7.2774 -9.990e-29
 128.497798      9.614    12.5661  32.936504    27.7772      9.528  273.62255  273.75411    21.1630     7.2249 -9.990e-29
 128.497801      9.638    12.5665  32.936680    27.7769      9.551  273.62070  273.75228    21.0696     7.2653 -9.990e-29
 128.497804      9.663    12.5667  32.936680    27.7769      9.576  273.61979  273.75138    20.9296     7.3421 0.0000e+00
 128.497807      9.690    12.5666  32.936914    27.7769      9.604  273.61970  273.75129    20.9607     7.3502 -9.990e-29
 128.497810      9.714    12.5666  32.937089    27.7759      9.627  273.61971  273.75129    20.9762     7.3098 -9.990e-29
 128.497813      9.740    12.5667  32.935627    27.7759      9.652  273.62172  273.75332    21.0229     7.3057 0.0000e+00
 128.497815      9.765    12.5669  32.936271    27.7759      9.678  273.61966  273.75127    20.7272     7.6009 -9.990e-29
 128.497818      9.785    12.5671  32.936855    27.7768      9.698  273.61800  273.74962    20.6494     7.5524 -9.990e-29
 128.497821      9.805    12.5672  32.937089    27.7769      9.717  273.61698  273.74860    20.7584     7.5686 -9.990e-29
 128.497824      9.816    12.5673  32.935861    27.7757      9.728  273.61856  273.75020    20.9140     7.5888 -9.990e-29
 128.497827      9.827    12.5672  32.936914    27.7767      9.739  273.61731  273.74893    20.9296     7.5807 -9.990e-29
 128.497830      9.840    12.5674  32.936680    27.7764      9.752  273.61680  273.74844    22.9529     8.1994 -9.990e-29
 128.497833      9.854    12.5676  32.936446    27.7760      9.766  273.61661  273.74826    22.9996     8.2439 -9.990e-29
 128.497836      9.876    12.5676  32.937499    27.7775      9.788  273.61443  273.74608    23.1085     8.2317 -9.990e-29
 128.497839      9.902    12.5676  32.938142    27.7775      9.813  273.61330  273.74494    22.9218     8.1994 0.0000e+00
 128.497841      9.933    12.5680  32.938317    27.7774      9.844  273.61145  273.74312    23.9646     8.0255 0.0000e+00
 128.497844      9.966    12.5686  32.938084    27.7767      9.876  273.60910  273.74081    24.1202     8.0417 0.0000e+00
 128.497847     10.000    12.5688  32.937908    27.7767      9.911  273.60881  273.74053    24.1669     8.0376 0.0000e+00
 128.497850     10.036    12.5691  32.938727    27.7767      9.947  273.60582  273.73756    24.1980     8.0862 0.0000e+00
 128.497853     10.066    12.5692  32.938493    27.7769      9.976  273.60595  273.73769    21.5210     7.1521 -9.990e-29
 128.497856     10.091    12.5696  32.938318    27.7762     10.001  273.60473  273.73650    21.4276     7.1400 -9.990e-29
 128.497859     10.115    12.5695  32.938318    27.7763     10.025  273.60505  273.73682    21.5210     7.0914 -9.990e-29
 128.497862     10.128    12.5694  32.937499    27.7756     10.037  273.60683  273.73860    21.5677     7.1521 -9.990e-29
 128.497865     10.139    12.5693  32.937266    27.7754     10.048  273.60757  273.73933    20.3537     8.0296 -9.990e-29
 128.497867     10.141    12.5692  32.938143    27.7763     10.050  273.60662  273.73837    20.3848     8.0174 -9.990e-29
 128.497870     10.148    12.5693  32.938493    27.7766     10.058  273.60569  273.73744    20.3848     8.0134 -9.990e-29
 128.497873     10.167    12.5692  32.938143    27.7763     10.076  273.60664  273.73839    20.3537     8.0255 -9.990e-29
 128.497876     10.185    12.5692  32.930425    27.7691     10.094  273.62043  273.75226    20.3537     8.0376 -9.990e-29
 128.497879     10.209    12.5688  32.937266    27.7765     10.117  273.60979  273.74152    23.7622     8.2803 -9.990e-29
 128.497882     10.240    12.5689  32.938143    27.7766     10.148  273.60793  273.73966    23.8401     8.2762 0.0000e+00
 128.497885     10.275    12.5688  32.938143    27.7766     10.183  273.60858  273.74030    23.7311     8.3045 0.0000e+00
 128.497888     10.311    12.5690  32.938494    27.7766     10.219  273.60704  273.73878    23.7622     8.2883 0.0000e+00
 128.497891     10.346    12.5692  32.938319    27.7766     10.253  273.60645  273.73820    19.9646     6.9944 0.0000e+00
 128.497894     10.382    12.5692  32.938728    27.7764     10.289  273.60574  273.73749    20.0113     7.0106 -9.990e-29
 128.497896     10.406    12.5692  32.938845    27.7769     10.313  273.60555  273.73729    20.1202     6.9823 -9.990e-29
 128.497899     10.424    12.5694  32.938553    27.7764     10.331  273.60515  273.73691    20.0580     6.9782 -9.990e-29
 128.497902     10.433    12.5696  32.937734    27.7756     10.340  273.60600  273.73777    18.8284     7.0753 -9.990e-29
 128.497905     10.441    12.5697  32.938670    27.7763     10.347  273.60371  273.73549    18.7817     7.0389 -9.990e-29
 128.497908     10.446    12.5698  32.937910    27.7756     10.352  273.60476  273.73655    18.6883     7.0672 -9.990e-29
 128.497911     10.455    12.5699  32.938319    27.7758     10.362  273.60341  273.73521    18.8906     7.0591 -9.990e-29
 128.497914     10.473    12.5700  32.938494    27.7759     10.379  273.60280  273.73460    18.7506     8.3207 -9.990e-29
 128.497917     10.493    12.5698  32.938144    27.7759     10.399  273.60406  273.73586    18.7661     8.2924 -9.990e-29
 128.497920     10.522    12.5698  32.938319    27.7756     10.428  273.60408  273.73587    18.7973     8.3086 0.0000e+00
 128.497922     10.555    12.5699  32.937676    27.7755     10.461  273.60463  273.73643    18.7506     8.2843 0.0000e+00
 128.497925     10.594    12.5698  32.937910    27.7752     10.499  273.60486  273.73665    18.7506     8.2681 0.0000e+00
 128.497928     10.630    12.5697  32.937267    27.7750     10.535  273.60634  273.73813    18.7817     7.3421 0.0000e+00
 128.497931     10.667    12.5696  32.936916    27.7749     10.571  273.60730  273.73909    18.5638     7.3219 0.0000e+00
 128.497934     10.698    12.5698  32.938144    27.7747     10.602  273.60420  273.73599    18.9840     7.3219 -9.990e-29
 128.497937     10.721    12.5697  32.938729    27.7763     10.625  273.60379  273.73557    18.8751     7.3138 -9.990e-29
 128.497940     10.732    12.5695  32.938671    27.7764     10.636  273.60484  273.73660    30.6261     9.6227 -9.990e-29
 128.497943     10.738    12.5696  32.938554    27.7762     10.642  273.60474  273.73651    30.4548     9.6147 -9.990e-29
 128.497946     10.747    12.5696  32.938144    27.7758     10.651  273.60516  273.73694    30.5327     9.6470 -9.990e-29
 128.497948     10.752    12.5697  32.938261    27.7758     10.656  273.60465  273.73643    30.5015     9.6268 -9.990e-29
 128.497951     10.771    12.5696  32.937735    27.7754     10.674  273.60591  273.73769    28.8984     9.9503 -9.990e-29
 128.497954     10.792    12.5696  32.938145    27.7764     10.696  273.60551  273.73728    28.9451     9.9624 -9.990e-29
 128.497957     10.822    12.5696  32.938846    27.7760     10.725  273.60396  273.73573    28.7428     9.9382 0.0000e+00
 128.497960     10.849    12.5699  32.938320    27.7757     10.752  273.60368  273.73547    28.7895     9.9098 0.0000e+00
 128.497963     10.877    12.5704  32.938729    27.7757     10.779  273.60079  273.73262    28.6183     9.9745 0.0000e+00
 128.497966     10.909    12.5708  32.939665    27.7760     10.812  273.59728  273.72912    28.5716     9.9503 0.0000e+00
 128.497969     10.937    12.5715  32.938554    27.7763     10.839  273.59648  273.72838    28.4938     9.9543 -9.990e-29
 128.497972     10.958    12.5720  32.938730    27.7745     10.860  273.59401  273.72594    28.5871     9.9745 -9.990e-29
 128.497975     10.980    12.5725  32.939256    27.7746     10.882  273.59060  273.72257    28.6338     9.9503 -9.990e-29
 128.497977     10.997    12.5731  32.939373    27.7743     10.898  273.58792  273.71992    29.6299    10.3021 -9.990e-29
 128.497980     11.011    12.5732  32.938730    27.7736     10.913  273.58845  273.72047    29.5366    10.3546 -9.990e-29
 128.497983     11.022    12.5732  32.939080    27.7739     10.924  273.58783  273.71985    29.4899    10.3021 -9.990e-29
 128.497986     11.035    12.5733  32.939782    27.7745     10.936  273.58628  273.71829    29.4899    10.3344 -9.990e-29
 128.497989     11.057    12.5737  32.941244    27.7756     10.958  273.58213  273.71416    25.4120     8.9394 -9.990e-29
 128.497992     11.079    12.5746  32.941419    27.7744     10.979  273.57779  273.70988    25.3809     8.9919 -9.990e-29
 128.497995     11.106    12.5757  32.941653    27.7741     11.007  273.57242  273.70458    25.4120     8.9758 0.0000e+00
 128.497998     11.132    12.5764  32.941419    27.7738     11.032  273.57006  273.70227    25.4587     9.0081 0.0000e+00
 128.498001     11.159    12.5766  32.941653    27.7737     11.059  273.56873  273.70095    24.4782     8.2803 0.0000e+00
 128.498003     11.188    12.5767  32.941244    27.7733     11.088  273.56886  273.70109    24.2603     8.3005 0.0000e+00
 128.498006     11.217    12.5768  32.941244    27.7732     11.117  273.56857  273.70080    24.4626     8.3005 0.0000e+00
 128.498009     11.246    12.5767  32.940835    27.7730     11.146  273.56994  273.70217    24.3537     8.2641 0.0000e+00
 128.498012     11.272    12.5764  32.940426    27.7729     11.171  273.57193  273.70415    36.0424     8.3045 -9.990e-29
 128.498015     11.292    12.5759  32.939783    27.7725     11.191  273.57527  273.70745    37.0541    11.1068 -9.990e-29
 128.498018     11.308    12.5754  32.940835    27.7738     11.207  273.57526  273.70741    37.1786    11.0865 -9.990e-29
 128.498021     11.325    12.5750  32.940426    27.7737     11.223  273.57787  273.70999    37.1008    11.0785 -9.990e-29
 128.498024     11.345    12.5749  32.941245    27.7745     11.243  273.57673  273.70884    37.1630    11.0906 -9.990e-29
 128.498027     11.367    12.5751  32.941245    27.7744     11.265  273.57612  273.70825    35.7934    10.8197 -9.990e-29
 128.498030     11.387    12.5755  32.941245    27.7741     11.285  273.57427  273.70642    35.8245    10.8035 -9.990e-29
 128.498032     11.411    12.5762  32.942297    27.7738     11.308  273.56962  273.70180    35.7467    10.8278 -9.990e-29
 128.498035     11.436    12.5774  32.942414    27.7738     11.334  273.56414  273.69641    35.8245    10.8965 0.0000e+00
 128.498038     11.462    12.5780  32.942882    27.7738     11.359  273.56053  273.69283    32.2603    10.2940 0.0000e+00
 128.498041     11.489    12.5787  32.942473    27.7738     11.387  273.55817  273.69052    32.1669    10.2980 -9.990e-29
 128.498044     11.509    12.5794  32.942239    27.7721     11.406  273.55550  273.68790    32.4315    10.2940 -9.990e-29
 128.498047     11.531    12.5799  32.943525    27.7730     11.428  273.55135  273.68377    32.2136    10.2657 -9.990e-29
 128.498050     11.555    12.5804  32.942297    27.7714     11.451  273.55107  273.68354    32.0891    10.2212 -9.990e-29
 128.498053     11.569    12.5812  32.943817    27.7723     11.466  273.54495  273.67746    32.1358    10.2131 -9.990e-29
 128.498056     11.586    12.5818  32.943291    27.7713     11.482  273.54342  273.67597    32.2447    10.2293 -9.990e-29
 128.498058     11.597    12.5821  32.943934    27.7717     11.493  273.54103  273.67360    31.9957    10.1848 -9.990e-29
 128.498061     11.617    12.5823  32.943817    27.7714     11.513  273.54001  273.67260    32.1202    10.2172 -9.990e-29
 128.498064     11.633    12.5825  32.944578    27.7703     11.529  273.53805  273.67063    30.1747     9.6996 -9.990e-29
 128.498067     11.661    12.5827  32.942882    27.7710     11.556  273.54016  273.67278    30.2681     9.7077 0.0000e+00
 128.498070     11.690    12.5826  32.944402    27.7715     11.585  273.53778  273.67037    30.1903     9.6874 0.0000e+00
 128.498073     11.723    12.5823  32.943935    27.7716     11.618  273.54019  273.67276    30.2836     9.6996 0.0000e+00
 128.498076     11.759    12.5821  32.944344    27.7715     11.654  273.54010  273.67267    27.1864     9.5176 -9.990e-29
 128.498079     11.783    12.5821  32.943818    27.7716     11.678  273.54137  273.67393    27.3576     9.4934 -9.990e-29
 128.498082     11.803    12.5816  32.943701    27.7718     11.697  273.54345  273.67599    27.1708     9.4934 -9.990e-29
 128.498084     11.825    12.5811  32.943701    27.7722     11.719  273.54595  273.67845    27.1708     9.4934 -9.990e-29
 128.498087     11.839    12.5808  32.943409    27.7720     11.733  273.54742  273.67990    27.0152     9.2305 -9.990e-29
 128.498090     11.858    12.5805  32.943526    27.7724     11.751  273.54877  273.68124    26.8128     9.2386 -9.990e-29
 128.498093     11.870    12.5802  32.942883    27.7720     11.764  273.55117  273.68362    26.9996     9.2467 -9.990e-29
 128.498096     11.887    12.5801  32.943000    27.7722     11.781  273.55159  273.68404    27.1552     9.2224 -9.990e-29
 128.498099     11.902    12.5799  32.943526    27.7729     11.795  273.55160  273.68402    30.8751    10.1242 -9.990e-29
 128.498102     11.926    12.5797  32.942708    27.7722     11.819  273.55369  273.68611    30.8128    10.1282 -9.990e-29
 128.498105     11.947    12.5799  32.942825    27.7727     11.840  273.55288  273.68531    30.8906    10.1363 -9.990e-29
 128.498108     11.975    12.5798  32.943293    27.7725     11.868  273.55237  273.68479    30.9218    10.1484 0.0000e+00
 128.498111     12.004    12.5797  32.942883    27.7725     11.896  273.55343  273.68585    30.6572    10.1282 0.0000e+00
 128.498113     12.030    12.5796  32.943585    27.7723     11.922  273.55251  273.68492    34.9996    10.6054 -9.990e-29
 128.498116     12.051    12.5798  32.942884    27.7723     11.943  273.55315  273.68558    34.9218    10.6620 -9.990e-29
 128.498119     12.071    12.5798  32.943117    27.7725     11.963  273.55275  273.68517    35.0619    10.6215 -9.990e-29
 128.498122     12.086    12.5801  32.944170    27.7732     11.978  273.54964  273.68207    34.9996    10.5811 -9.990e-29
 128.498125     12.104    12.5806  32.943702    27.7724     11.996  273.54800  273.68047    37.4587    11.0623 -9.990e-29
 128.498128     12.124    12.5812  32.943936    27.7722     12.016  273.54511  273.67762    37.4587    11.1270 -9.990e-29
 128.498131     12.137    12.5817  32.944579    27.7724     12.028  273.54180  273.67434    37.4432    11.1270 -9.990e-29
