Processed/SBE19plus_01907321_2022_05_08_Cast81_wfilter.cnv
* Sea-Bird SBE19plus  Data File:
* FileName = E:\Prandtl Daten\2022\CTD\Raw\SBE19plus_01907321_2022_05_08_Cast81.hex
* Software version 2.6.1.12
* Temperature SN = 7321
* Conductivity SN = 7321
* System UpLoad Time = May 08 2022 10:08:38
* <ApplicationData>
* <Seaterm232>
** Messpraktikum 2022
** CTD 08.05 NP4,5
** NMEA Latitude = 54 10.53 N
** NMEA Longitude = 008 37.82 E
# nquan = 11
# nvalues = 403                         
# units = specified
# name 0 = timeJ: Julian Days
# name 1 = prdM: Pressure, Strain Gauge [db]
# name 2 = tv290C: Temperature [ITS-90, deg C]
# name 3 = c0mS/cm: Conductivity [mS/cm]
# name 4 = sal00: Salinity, Practical [PSU]
# name 5 = depSM: Depth [salt water, m], lat = 54.00
# name 6 = oxsatMm/Kg: Oxygen Saturation, Weiss [umol/kg]
# name 7 = oxsolMm/Kg: Oxygen Saturation, Garcia & Gordon [umol/kg]
# name 8 = turbWETntu0: Turbidity, WET Labs ECO [NTU]
# name 9 = flECO-AFL: Fluorescence, WET Labs ECO-AFL/FL [mg/m^3]
# name 10 = flag:  0.000e+00
# span 0 = 128.418536, 128.419699       
# span 1 =      0.631,     12.267       
# span 2 =    12.4068,    12.4493       
# span 3 =  32.689785,  32.782546       
# span 4 =    27.6450,    27.7187       
# span 5 =      0.625,     12.157       
# span 6 =  274.41408,  274.73674       
# span 7 =  274.53925,  274.86001       
# span 8 =     3.6844,    11.0619       
# span 9 =     2.0531,     5.6519       
# span 10 = 0.0000e+00, 0.0000e+00      
# interval = seconds: 0.25
# start_time = May 08 2022 10:01:33 [Instrument's time stamp, header]
# bad_flag = -9.990e-29
*END*
 128.418536      0.631    12.4493  32.699621    27.6450      0.625  274.55365  274.67964     5.5210     2.1461 0.0000e+00
 128.418539      0.680    12.4485  32.700321    27.6462      0.674  274.55617  274.68209     5.6455     2.1339 0.0000e+00
 128.418542      0.726    12.4477  32.699622    27.6463      0.719  274.56088  274.68676     3.9490     2.0531 0.0000e+00
 128.418545      0.753    12.4467  32.698631    27.6462      0.746  274.56705  274.69287     3.6844     2.0854 -9.990e-29
 128.418547      0.755    12.4461  32.700322    27.6480      0.748  274.56682  274.69257     3.7934     2.0611 -9.990e-29
 128.418550      0.764    12.4456  32.698398    27.6471      0.757  274.57246  274.69820     3.7622     2.0733 -9.990e-29
 128.418553      0.791    12.4448  32.698398    27.6480      0.784  274.57591  274.70160     4.2447     2.2593 0.0000e+00
 128.418556      0.837    12.4445  32.700031    27.6486      0.829  274.57425  274.69991     4.2603     2.2471 0.0000e+00
 128.418559      0.881    12.4442  32.699564    27.6486      0.873  274.57637  274.70201     4.3537     2.2714 0.0000e+00
 128.418562      0.924    12.4439  32.699040    27.6484      0.916  274.57890  274.70452     4.2603     2.2391 0.0000e+00
 128.418565      0.964    12.4433  32.697757    27.6483      0.956  274.58372  274.70932     4.3537     2.4979 0.0000e+00
 128.418568      0.997    12.4429  32.698166    27.6480      0.988  274.58488  274.71045     4.4782     2.5262 0.0000e+00
 128.418571      1.024    12.4425  32.697175    27.6483      1.015  274.58855  274.71410     4.3226     2.4979 -9.990e-29
 128.418573      1.034    12.4417  32.697350    27.6483      1.025  274.59136  274.71686     4.2292     2.4979 -9.990e-29
 128.418576      1.058    12.4418  32.696533    27.6475      1.048  274.59253  274.71804     5.0696     2.5262 -9.990e-29
 128.418579      1.071    12.4421  32.698399    27.6483      1.061  274.58794  274.71345     5.1941     2.8941 -9.990e-29
 128.418582      1.098    12.4422  32.697758    27.6482      1.088  274.58849  274.71401     5.0074     2.9143 0.0000e+00
 128.418585      1.131    12.4421  32.697350    27.6482      1.121  274.58987  274.71539     5.0074     2.9143 0.0000e+00
 128.418588      1.158    12.4422  32.698166    27.6480      1.148  274.58780  274.71332     4.9918     2.9143 -9.990e-29
 128.418591      1.176    12.4426  32.698749    27.6490      1.166  274.58520  274.71074     5.4899     3.0437 -9.990e-29
 128.418594      1.191    12.4431  32.698399    27.6468      1.180  274.58366  274.70923     5.6144     3.0478 -9.990e-29
 128.418597      1.220    12.4432  32.696942    27.6473      1.209  274.58567  274.71127     5.5521     3.0033 0.0000e+00
 128.418600      1.255    12.4434  32.698166    27.6468      1.243  274.58287  274.70847     5.6144     3.0276 0.0000e+00
 128.418602      1.309    12.4437  32.695426    27.6476      1.298  274.58628  274.71193     5.0229     3.2742 0.0000e+00
 128.418605      1.371    12.4439  32.698400    27.6476      1.359  274.58004  274.70567     5.0541     3.2864 0.0000e+00
 128.418608      1.428    12.4444  32.700266    27.6483      1.415  274.57485  274.70050     5.2253     3.3025 0.0000e+00
 128.418611      1.472    12.4450  32.699858    27.6490      1.458  274.57281  274.69850     5.1163     3.2702 -9.990e-29
 128.418614      1.484    12.4451  32.700324    27.6485      1.471  274.57167  274.69736     5.3654     3.7271 -9.990e-29
 128.418617      1.470    12.4452  32.699449    27.6476      1.456  274.57261  274.69832     5.4899     3.7231 -9.990e-29
 128.418620      1.444    12.4456  32.701665    27.6493      1.431  274.56674  274.69245     5.3187     3.6988 -9.990e-29
 128.418623      1.449    12.4463  32.702481    27.6486      1.436  274.56247  274.68822     5.2564     3.7190 -9.990e-29
 128.418626      1.480    12.4467  32.701665    27.6490      1.467  274.56209  274.68788     5.3654     3.7150 0.0000e+00
 128.418628      1.529    12.4467  32.702540    27.6494      1.516  274.56055  274.68633     5.5521     3.7312 0.0000e+00
 128.418631      1.597    12.4471  32.703123    27.6494      1.583  274.55767  274.68348     5.4899     3.7312 0.0000e+00
 128.418634      1.650    12.4471  32.702890    27.6493      1.635  274.55813  274.68394     5.5054     3.6948 0.0000e+00
 128.418637      1.696    12.4469  32.702540    27.6491      1.680  274.55972  274.68552     5.5366     3.7393 0.0000e+00
 128.418640      1.734    12.4465  32.701899    27.6491      1.719  274.56277  274.68855     5.7233     3.7676 0.0000e+00
 128.418643      1.763    12.4459  32.702948    27.6495      1.747  274.56340  274.68912     5.5521     3.7676 0.0000e+00
 128.418646      1.790    12.4454  32.703065    27.6502      1.774  274.56570  274.69139     5.4899     3.7959 -9.990e-29
 128.418649      1.810    12.4451  32.701491    27.6495      1.794  274.56979  274.69547     5.6455     3.8242 -9.990e-29
 128.418652      1.825    12.4450  32.703357    27.6513      1.809  274.56676  274.69242     4.9451     4.0183 -9.990e-29
 128.418655      1.837    12.4449  32.703940    27.6519      1.821  274.56603  274.69168     5.0229     3.9617 -9.990e-29
 128.418657      1.859    12.4454  32.704232    27.6518      1.843  274.56334  274.68902     5.0541     3.9617 -9.990e-29
 128.418660      1.883    12.4456  32.703940    27.6508      1.867  274.56295  274.68864     4.9918     4.0061 -9.990e-29
 128.418663      1.911    12.4458  32.703532    27.6510      1.893  274.56276  274.68848     4.8517     3.6018 0.0000e+00
 128.418666      1.940    12.4456  32.703649    27.6508      1.922  274.56382  274.68951     4.7739     3.6179 0.0000e+00
 128.418669      1.967    12.4452  32.703124    27.6508      1.950  274.56634  274.69201     4.8673     3.5896 0.0000e+00
 128.418672      2.002    12.4449  32.702716    27.6507      1.984  274.56865  274.69431     4.7584     3.6220 0.0000e+00
 128.418675      2.042    12.4441  32.700442    27.6505      2.024  274.57588  274.70151     4.7739     3.6220 0.0000e+00
 128.418678      2.084    12.4430  32.701084    27.6505      2.065  274.57975  274.70529     4.5716     3.7271 0.0000e+00
 128.418681      2.115    12.4414  32.701084    27.6511      2.096  274.58694  274.71237     4.4471     3.7231 0.0000e+00
 128.418683      2.148    12.4403  32.701259    27.6517      2.128  274.59163  274.71699     4.5405     3.7190 -9.990e-29
 128.418686      2.169    12.4397  32.700443    27.6523      2.150  274.59561  274.72094     4.5871     3.7312 -9.990e-29
 128.418689      2.197    12.4389  32.700910    27.6533      2.177  274.59822  274.72349     4.3226     3.6058 -9.990e-29
 128.418692      2.217    12.4386  32.700035    27.6527      2.197  274.60136  274.72662     4.2447     3.6139 -9.990e-29
 128.418695      2.235    12.4383  32.700269    27.6524      2.215  274.60220  274.72743     4.2914     3.5775 -9.990e-29
 128.418698      2.265    12.4379  32.699161    27.6527      2.244  274.60577  274.73099     4.3226     3.6099 0.0000e+00
 128.418701      2.294    12.4374  32.699453    27.6531      2.273  274.60776  274.73294     5.3342     3.5371 0.0000e+00
 128.418704      2.330    12.4366  32.700269    27.6544      2.309  274.60974  274.73486     5.3031     3.5452 0.0000e+00
 128.418707      2.367    12.4369  32.702135    27.6553      2.346  274.60517  274.73029     5.3031     3.5654 0.0000e+00
 128.418709      2.403    12.4374  32.701902    27.6553      2.382  274.60312  274.72828     5.2564     3.5209 0.0000e+00
 128.418712      2.440    12.4379  32.701902    27.6549      2.418  274.60127  274.72646     4.7272     3.7271 0.0000e+00
 128.418715      2.466    12.4379  32.699628    27.6538      2.444  274.60507  274.73028     4.7584     3.7190 0.0000e+00
 128.418718      2.493    12.4377  32.701669    27.6527      2.471  274.60235  274.72753     4.8362     3.7514 -9.990e-29
 128.418721      2.515    12.4376  32.702077    27.6552      2.492  274.60194  274.72712     4.7272     3.7352 -9.990e-29
 128.418724      2.537    12.4378  32.700853    27.6540      2.514  274.60354  274.72873     4.8206     3.7473 -9.990e-29
 128.418727      2.562    12.4378  32.700270    27.6549      2.539  274.60460  274.72980     5.0852     3.9859 -9.990e-29
 128.418730      2.591    12.4379  32.701902    27.6549      2.568  274.60137  274.72656     5.1008     3.9738 0.0000e+00
 128.418733      2.619    12.4379  32.701903    27.6549      2.595  274.60139  274.72658     5.0074     4.0183 0.0000e+00
 128.418736      2.659    12.4374  32.701669    27.6549      2.635  274.60371  274.72887     4.9918     3.9980 0.0000e+00
 128.418738      2.693    12.4372  32.701261    27.6548      2.669  274.60540  274.73055     5.1941     3.8242 0.0000e+00
 128.418741      2.732    12.4367  32.700912    27.6548      2.707  274.60855  274.73367     5.2564     3.7959 0.0000e+00
 128.418744      2.766    12.4362  32.700679    27.6549      2.741  274.61117  274.73626     5.3031     3.7878 0.0000e+00
 128.418747      2.795    12.4357  32.700446    27.6549      2.770  274.61348  274.73854     5.3187     3.7797 0.0000e+00
 128.418750      2.823    12.4351  32.699222    27.6547      2.797  274.61851  274.74354     4.8517     3.7433 0.0000e+00
 128.418753      2.851    12.4342  32.699163    27.6543      2.826  274.62237  274.74734     4.7117     3.7433 -9.990e-29
 128.418756      2.872    12.4333  32.698639    27.6551      2.846  274.62769  274.75260     4.8829     3.7150 -9.990e-29
 128.418759      2.895    12.4325  32.697590    27.6546      2.869  274.63271  274.75759     4.7739     3.7393 -9.990e-29
 128.418762      2.913    12.4317  32.696948    27.6547      2.887  274.63762  274.76244     6.2525     3.6584 -9.990e-29
 128.418764      2.937    12.4309  32.697182    27.6555      2.911  274.64095  274.76572     6.3615     3.6786 -9.990e-29
 128.418767      2.961    12.4299  32.696366    27.6554      2.934  274.64680  274.77151     6.3303     3.6705 -9.990e-29
 128.418770      2.984    12.4291  32.696949    27.6558      2.958  274.64920  274.77384     6.1903     3.6786 -9.990e-29
 128.418773      3.015    12.4287  32.695841    27.6565      2.989  274.65277  274.77740     6.2525     3.6746 0.0000e+00
 128.418776      3.048    12.4286  32.697182    27.6558      3.021  274.65100  274.77561     5.1163     3.9374 0.0000e+00
 128.418779      3.088    12.4287  32.695725    27.6560      3.061  274.65334  274.77797     5.1475     3.9455 0.0000e+00
 128.418782      3.131    12.4290  32.696366    27.6557      3.103  274.65066  274.77530     5.1163     3.9333 0.0000e+00
 128.418785      3.176    12.4292  32.695026    27.6560      3.148  274.65216  274.77684     5.0229     3.9212 0.0000e+00
 128.418788      3.216    12.4293  32.697591    27.6546      3.187  274.64726  274.77192     5.7545     3.7393 0.0000e+00
 128.418791      3.258    12.4295  32.695317    27.6557      3.229  274.65045  274.77514     5.8945     3.7352 0.0000e+00
 128.418793      3.289    12.4292  32.697766    27.6546      3.260  274.64762  274.77226     5.7700     3.7150 -9.990e-29
 128.418796      3.311    12.4296  32.697766    27.6568      3.282  274.64577  274.77044     5.7389     3.7676 -9.990e-29
 128.418799      3.324    12.4297  32.696775    27.6558      3.294  274.64693  274.77163     5.0852     3.9374 -9.990e-29
 128.418802      3.333    12.4293  32.696542    27.6559      3.303  274.64923  274.77389     4.9607     3.9172 -9.990e-29
 128.418805      3.344    12.4287  32.695959    27.6558      3.314  274.65278  274.77741     5.1475     3.9131 -9.990e-29
 128.418808      3.346    12.4279  32.694443    27.6550      3.316  274.65925  274.78384     5.0541     3.9293 -9.990e-29
 128.418811      3.366    12.4277  32.696367    27.6569      3.336  274.65674  274.78129     6.4548     4.2002 -9.990e-29
 128.418814      3.391    12.4272  32.694910    27.6565      3.361  274.66156  274.78609     6.5327     4.1679 -9.990e-29
 128.418817      3.428    12.4265  32.695027    27.6573      3.397  274.66418  274.78867     6.4082     4.1962 0.0000e+00
 128.418819      3.474    12.4256  32.695960    27.6580      3.443  274.66658  274.79100     6.5171     4.1679 0.0000e+00
 128.418822      3.527    12.4246  32.696135    27.6589      3.495  274.67098  274.79532     6.4548     4.1557 0.0000e+00
 128.418825      3.583    12.4236  32.696368    27.6598      3.551  274.67465  274.79893     7.0463     4.0870 0.0000e+00
 128.418828      3.631    12.4227  32.698934    27.6629      3.598  274.67412  274.79831     7.0930     4.1315 0.0000e+00
 128.418831      3.674    12.4217  32.702141    27.6647      3.641  274.67305  274.79714     7.0619     4.1436 0.0000e+00
 128.418834      3.707    12.4210  32.701500    27.6666      3.674  274.67734  274.80139     6.9218     4.1194 -9.990e-29
 128.418837      3.724    12.4204  32.702316    27.6677      3.690  274.67838  274.80238     6.9218     4.2245 -9.990e-29
 128.418840      3.740    12.4202  32.705814    27.6711      3.707  274.67272  274.79667     7.0463     4.2609 -9.990e-29
 128.418843      3.745    12.4196  32.707272    27.6729      3.712  274.67290  274.79680     7.0152     4.2649 -9.990e-29
 128.418845      3.756    12.4190  32.708905    27.6749      3.723  274.67247  274.79631     6.9840     4.2124 -9.990e-29
 128.418848      3.770    12.4186  32.708905    27.6752      3.736  274.67435  274.79816     7.2175     4.3337 -9.990e-29
 128.418851      3.793    12.4180  32.707797    27.6746      3.759  274.67916  274.80294     7.2953     4.3256 -9.990e-29
 128.418854      3.819    12.4176  32.707447    27.6739      3.785  274.68168  274.80543     7.2175     4.2973 0.0000e+00
 128.418857      3.861    12.4169  32.705407    27.6731      3.826  274.68818  274.81191     7.3109     4.3013 0.0000e+00
 128.418860      3.906    12.4159  32.704416    27.6729      3.871  274.69467  274.81834     6.3615     4.2609 0.0000e+00
 128.418863      3.957    12.4149  32.702959    27.6722      3.922  274.70138  274.82500     6.3303     4.2285 0.0000e+00
 128.418866      4.006    12.4141  32.702143    27.6721      3.970  274.70662  274.83019     6.1903     4.2043 0.0000e+00
 128.418869      4.054    12.4133  32.700044    27.6708      4.017  274.71386  274.83740     6.2369     4.2285 0.0000e+00
 128.418872      4.087    12.4125  32.699578    27.6707      4.050  274.71846  274.84195     6.2836     4.2285 0.0000e+00
 128.418874      4.118    12.4119  32.697771    27.6708      4.081  274.72422  274.84769     5.6144     3.9819 -9.990e-29
 128.418877      4.140    12.4119  32.698820    27.6705      4.103  274.72235  274.84581     5.4120     3.9859 -9.990e-29
 128.418880      4.160    12.4118  32.698004    27.6699      4.123  274.72446  274.84791     5.6922     4.0102 -9.990e-29
 128.418883      4.172    12.4118  32.696605    27.6685      4.135  274.72698  274.85045     5.5210     3.9940 -9.990e-29
 128.418886      4.189    12.4120  32.695555    27.6674      4.151  274.72764  274.85114     5.9879     4.1072 -9.990e-29
 128.418889      4.203    12.4122  32.696780    27.6684      4.166  274.72482  274.84832     5.9257     4.1153 -9.990e-29
 128.418892      4.222    12.4125  32.695439    27.6669      4.184  274.72569  274.84922     6.0035     4.1274 -9.990e-29
 128.418895      4.242    12.4133  32.696138    27.6662      4.204  274.72101  274.84460     5.9879     4.0910 -9.990e-29
 128.418898      4.269    12.4137  32.695730    27.6662      4.231  274.71990  274.84351     6.1591     3.9900 0.0000e+00
 128.418900      4.302    12.4139  32.695730    27.6661      4.263  274.71929  274.84292     6.1747     4.0102 0.0000e+00
 128.418903      4.334    12.4138  32.695264    27.6660      4.296  274.72047  274.84409     6.0191     3.9980 0.0000e+00
 128.418906      4.378    12.4138  32.695556    27.6658      4.339  274.71997  274.84360     6.0346     3.9697 0.0000e+00
 128.418909      4.415    12.4141  32.695556    27.6658      4.376  274.71875  274.84239     5.2875     4.0547 0.0000e+00
 128.418912      4.457    12.4140  32.695556    27.6658      4.418  274.71909  274.84273     5.3654     4.0587 0.0000e+00
