Processed/SBE19plus_01907321_2022_05_11_Cast125_wfilter.cnv
* Sea-Bird SBE19plus  Data File:
* FileName = E:\Prandtl_Daten\2022\CTD\Raw\SBE19plus_01907321_2022_05_11_Cast125.hex
* Software version 2.6.1.12
* Temperature SN = 7321
* Conductivity SN = 7321
* System UpLoad Time = May 11 2022 09:21:57
* <ApplicationData>
* <Seaterm232>
** Messpraktikum 2022
** CTD 10.05  KFN2
** NMEA Latitude = 54 06.14N
** NMEA Longitude = 008 35.89E
# nquan = 11
# nvalues = 493                         
# units = specified
# name 0 = timeJ: Julian Days
# name 1 = prdM: Pressure, Strain Gauge [db]
# name 2 = tv290C: Temperature [ITS-90, deg C]
# name 3 = c0mS/cm: Conductivity [mS/cm]
# name 4 = sal00: Salinity, Practical [PSU]
# name 5 = depSM: Depth [salt water, m], lat = 54.00
# name 6 = oxsatMm/Kg: Oxygen Saturation, Weiss [umol/kg]
# name 7 = oxsolMm/Kg: Oxygen Saturation, Garcia & Gordon [umol/kg]
# name 8 = turbWETntu0: Turbidity, WET Labs ECO [NTU]
# name 9 = flECO-AFL: Fluorescence, WET Labs ECO-AFL/FL [mg/m^3]
# name 10 = flag:  0.000e+00
# span 0 = 131.385130, 131.386554       
# span 1 =      0.464,     16.018       
# span 2 =    12.2109,    12.8828       
# span 3 =  31.449596,  31.930453       
# span 4 =    26.2794,    27.0373       
# span 5 =      0.460,     15.874       
# span 6 =  274.10813,  277.12613       
# span 7 =  274.27019,  277.24447       
# span 8 =     0.9140,   351.0307       
# span 9 =     5.0858,    12.0247       
# span 10 = 0.0000e+00, 0.0000e+00      
# interval = seconds: 0.25
# start_time = May 11 2022 09:13:18 [Instrument's time stamp, header]
# bad_flag = -9.990e-29
*END*
[from data line 263]
 131.385891      8.888    12.8547  31.907458    26.6152      8.808  274.17688  274.33731     8.5871     6.7113 -9.990e-29
 131.385894      8.901    12.8504  31.914446    26.6248      8.821  274.18396  274.34405     8.5716     6.7275 -9.990e-29
 131.385897      8.912    12.8440  31.918258    26.6328      8.832  274.20554  274.36519    10.2214     6.6305 -9.990e-29
 131.385900      8.932    12.8362  31.922822    26.6488      8.852  274.23184  274.39094    10.2836     6.6507 -9.990e-29
 131.385903      8.959    12.8280  31.923458    26.6498      8.879  274.26729  274.42586    10.4548     6.5698 0.0000e+00
 131.385906      8.990    12.8215  31.920629    26.6507      8.910  274.30091  274.45910    10.2836     6.6547 0.0000e+00
 131.385909      9.029    12.8185  31.919416    26.6517      8.948  274.31643  274.47444    11.1085     6.7720 0.0000e+00
 131.385911      9.072    12.8167  31.921669    26.6551      8.991  274.32074  274.47861    11.0930     6.7639 0.0000e+00
 131.385914      9.116    12.8155  31.922247    26.6564      9.035  274.32515  274.48294    11.0307     6.6911 0.0000e+00
 131.385917      9.164    12.8135  31.925655    26.6610      9.082  274.32806  274.48568    10.9373     6.7073 0.0000e+00
 131.385920      9.207    12.8092  31.927042    26.6652      9.125  274.34439  274.50173    11.0152     7.2451 0.0000e+00
 131.385923      9.242    12.8039  31.927620    26.6695      9.159  274.36690  274.52390    11.0307     7.2572 0.0000e+00
 131.385926      9.273    12.8001  31.929065    26.6734      9.190  274.38153  274.53826    10.9996     7.2249 0.0000e+00
 131.385929      9.304    12.7968  31.926466    26.6735      9.221  274.40076  274.55730    11.0307     7.2451 0.0000e+00
 131.385932      9.337    12.7940  31.929701    26.6784      9.253  274.40745  274.56379    11.6533     6.9903 0.0000e+00
 131.385935      9.371    12.7904  31.929066    26.6803      9.287  274.42448  274.58059    11.8245     6.9337 0.0000e+00
 131.385938      9.410    12.7863  31.930453    26.6845      9.326  274.44048  274.59631    11.7155     7.0025 0.0000e+00
 131.385940      9.450    12.7807  31.927219    26.6854      9.365  274.47101  274.62651    11.8401     6.9499 0.0000e+00
 131.385943      9.486    12.7740  31.926469    26.6894      9.402  274.50223  274.65730    11.6066     7.0065 0.0000e+00
 131.385946      9.514    12.7627  31.926470    26.6934      9.429  274.55212  274.70647    11.7467     7.8031 0.0000e+00
 131.385949      9.541    12.7506  31.923468    26.6974      9.456  274.61145  274.76505    11.9179     7.7627 -9.990e-29
 131.385952      9.554    12.7384  31.923238    26.7115      9.468  274.66586  274.81868    11.7000     7.7708 -9.990e-29
 131.385955      9.576    12.7298  31.923470    26.7178      9.490  274.70389  274.85615    11.6533     7.7344 -9.990e-29
 131.385958      9.594    12.7215  31.919659    26.7201      9.508  274.74751  274.89926    12.2136     7.7384 -9.990e-29
 131.385961      9.614    12.7081  31.917235    26.7274      9.528  274.81153  274.96243    12.0580     7.7303 -9.990e-29
 131.385964      9.636    12.6935  31.918449    26.7388      9.550  274.87415  275.02411    11.9646     7.6697 -9.990e-29
 131.385966      9.660    12.6857  31.915447    26.7479      9.573  274.91443  275.06390    12.0113     7.7263 -9.990e-29
 131.385969      9.687    12.6791  31.917238    26.7499      9.601  274.94079  275.08981    12.0424     7.6131 0.0000e+00
 131.385972      9.720    12.6722  31.916257    26.7518      9.633  274.97303  275.12161    11.9957     7.5564 0.0000e+00
 131.385975      9.760    12.6650  31.916489    26.7572      9.673  275.00502  275.15313    12.0113     7.5403 0.0000e+00
 131.385978      9.804    12.6612  31.916952    26.7596      9.716  275.02105  275.16891    12.0891     7.5969 0.0000e+00
 131.385981      9.855    12.6624  31.917240    26.7602      9.767  275.01517  275.16311    12.7895     7.6373 0.0000e+00
 131.385984      9.908    12.6650  31.919839    26.7596      9.819  274.99915  275.14723    12.7584     7.6373 0.0000e+00
 131.385987      9.961    12.6684  31.920648    26.7585      9.872  274.98219  275.13049    12.7272     7.6333 0.0000e+00
 131.385990     10.008    12.6741  31.920070    26.7539      9.918  274.95818  275.10685    12.9451     7.6899 0.0000e+00
 131.385992     10.050    12.6807  31.919665    26.7489      9.960  274.92941  275.07851    12.5249     7.6252 0.0000e+00
 131.385995     10.090    12.6854  31.920473    26.7476     10.000  274.90704  275.05645    13.2253     7.4958 0.0000e+00
 131.385998     10.119    12.6878  31.920242    26.7463     10.029  274.89700  275.04656    13.0852     7.4796 -9.990e-29
 131.386001     10.143    12.6877  31.917874    26.7422     10.052  274.90154  275.05112    13.1008     7.4473 -9.990e-29
 131.386004     10.160    12.6868  31.918856    26.7437     10.069  274.90361  275.05313    13.1941     7.4918 -9.990e-29
 131.386007     10.174    12.6849  31.919087    26.7453     10.083  274.91178  275.06117    12.3381     7.5160 -9.990e-29
 131.386010     10.187    12.6826  31.918279    26.7462     10.096  274.92371  275.07295    12.2136     7.5888 -9.990e-29
 131.386013     10.203    12.6796  31.919088    26.7491     10.112  274.93561  275.08465    12.3070     7.5524 -9.990e-29
 131.386016     10.224    12.6771  31.918280    26.7505     10.132  274.94785  275.09674    12.2603     7.5767 -9.990e-29
 131.386019     10.249    12.6743  31.916663    26.7507     10.157  274.96345  275.11216    12.3537     8.1306 0.0000e+00
 131.386021     10.276    12.6696  31.913372    26.7508     10.184  274.99027  275.13872    12.1358     8.0862 0.0000e+00
 131.386024     10.304    12.6652  31.912679    26.7532     10.211  275.01089  275.15905    12.0891     8.1145 0.0000e+00
 131.386027     10.342    12.6603  31.910485    26.7547     10.249  275.03704  275.18490    12.2447     8.0983 0.0000e+00
 131.386030     10.373    12.6522  31.910660    26.7606     10.280  275.07262  275.21995    10.9996     7.9770 0.0000e+00
 131.386033     10.411    12.6449  31.909043    26.7643     10.318  275.10821  275.25509    11.0307     7.9932 0.0000e+00
 131.386036     10.450    12.6370  31.909449    26.7693     10.356  275.14275  275.28910    10.9529     8.0012 0.0000e+00
 131.386039     10.494    12.6295  31.902693    26.7702     10.400  275.18815  275.33408    11.0774     7.9851 0.0000e+00
 131.386042     10.535    12.6145  31.898480    26.7759     10.441  275.26234  275.40734    10.9840     7.9244 0.0000e+00
 131.386045     10.577    12.5946  31.895480    26.7873     10.483  275.35690  275.50062    11.2486     7.5443 0.0000e+00
 131.386047     10.623    12.5776  31.896117    26.8000     10.528  275.43163  275.57422    11.1552     7.5686 0.0000e+00
 131.386050     10.672    12.5651  31.893520    26.8064     10.576  275.49214  275.63394    11.3576     7.5484 0.0000e+00
 131.386053     10.719    12.5557  31.891327    26.8110     10.623  275.53797  275.67918    11.2175     7.5120 0.0000e+00
 131.386056     10.767    12.5484  31.891905    26.8167     10.670  275.56964  275.71036    11.4821     7.2734 0.0000e+00
 131.386059     10.807    12.5430  31.888500    26.8171     10.710  275.59987  275.74027    11.5288     7.2653 0.0000e+00
 131.386062     10.847    12.5364  31.888501    26.8174     10.750  275.62940  275.76936    11.4976     7.2734 -9.990e-29
 131.386065     10.869    12.5308  31.886481    26.8242     10.771  275.65809  275.79770    11.5599     7.2734 -9.990e-29
 131.386068     10.880    12.5250  31.887289    26.8291     10.782  275.68266  275.82187    10.7039     7.5443 -9.990e-29
 131.386071     10.883    12.5197  31.888502    26.8340     10.786  275.70427  275.84313    10.6883     7.5079 -9.990e-29
 131.386073     10.878    12.5163  31.885789    26.8338     10.780  275.72404  275.86270    10.8751     7.5443 -9.990e-29
 131.386076     10.874    12.5112  31.885097    26.8368     10.777  275.74811  275.88644    10.8128     7.4796 -9.990e-29
 131.386079     10.872    12.5040  31.883943    26.8409     10.775  275.78253  275.92039    10.5638     7.5888 -9.990e-29
 131.386082     10.881    12.4986  31.882905    26.8445     10.784  275.80850  275.94602    10.5949     7.5767 -9.990e-29
 131.386085     10.909    12.4924  31.878922    26.8462     10.811  275.84357  275.98072    10.5015     7.6131 0.0000e+00
 131.386088     10.956    12.4836  31.875748    26.8478     10.858  275.88863  276.02522    10.5482     7.5686 0.0000e+00
 131.386091     11.014    12.4747  31.875519    26.8539     10.916  275.92903  276.06504    10.4237     7.6211 0.0000e+00
 131.386094     11.087    12.4675  31.873961    26.8575     10.988  275.96391  276.09945    10.8906     7.3057 0.0000e+00
 131.386097     11.166    12.4606  31.872923    26.8615     11.066  275.99690  276.13199    10.9996     7.3017 0.0000e+00
 131.386100     11.237    12.4518  31.871135    26.8661     11.136  276.03947  276.17400    11.0463     7.2774 0.0000e+00
 131.386102     11.293    12.4439  31.869577    26.8703     11.192  276.07782  276.21184    10.9529     7.2815 0.0000e+00
 131.386105     11.343    12.4403  31.871771    26.8726     11.241  276.09007  276.22383    10.3926     6.9539 0.0000e+00
 131.386108     11.374    12.4381  31.870732    26.8749     11.272  276.10147  276.23510    10.5015     7.0186 -9.990e-29
 131.386111     11.396    12.4361  31.869751    26.8759     11.294  276.11245  276.24595    10.4860     7.0429 -9.990e-29
 131.386114     11.410    12.4323  31.867559    26.8766     11.308  276.13321  276.26648    10.4237     7.0389 -9.990e-29
 131.386117     11.416    12.4286  31.869579    26.8811     11.314  276.14637  276.27937    10.4548     7.5079 -9.990e-29
 131.386120     11.420    12.4255  31.868945    26.8828     11.317  276.16146  276.29426    10.7350     7.5443 -9.990e-29
 131.386123     11.427    12.4224  31.867560    26.8836     11.324  276.17759  276.31021    10.5949     7.5322 -9.990e-29
 131.386126     11.434    12.4183  31.866175    26.8853     11.332  276.19848  276.33083    10.4548     7.4756 -9.990e-29
 131.386128     11.454    12.4142  31.867734    26.8896     11.352  276.21406  276.34613    11.2175     7.3462 -9.990e-29
 131.386131     11.478    12.4114  31.868369    26.8919     11.375  276.22561  276.35748    11.2331     7.4190 -9.990e-29
 131.386134     11.516    12.4108  31.867561    26.8919     11.413  276.22995  276.36178    11.2486     7.3826 0.0000e+00
 131.386137     11.560    12.4100  31.866984    26.8919     11.457  276.23450  276.36629    11.2019     7.3826 0.0000e+00
 131.386140     11.610    12.4088  31.865542    26.8914     11.506  276.24253  276.37425    11.2953     7.3866 0.0000e+00
 131.386143     11.661    12.4082  31.864791    26.8912     11.556  276.24676  276.37845    11.1552     7.3785 0.0000e+00
 131.386146     11.710    12.4092  31.864157    26.8898     11.605  276.24319  276.37495    11.2953     7.3704 0.0000e+00
 131.386149     11.757    12.4120  31.866177    26.8897     11.652  276.22722  276.35915    11.2331     7.3502 0.0000e+00
 131.386152     11.797    12.4138  31.865772    26.8889     11.692  276.21973  276.35179    11.2331     7.2855 0.0000e+00
 131.386155     11.827    12.4132  31.865138    26.8880     11.721  276.22375  276.35577     9.5833     7.0712 -9.990e-29
 131.386157     11.845    12.4097  31.863753    26.8890     11.739  276.24179  276.37359     9.6922     7.1076 -9.990e-29
 131.386160     11.854    12.4032  31.863985    26.8939     11.748  276.27053  276.40190     9.7856     7.1359 -9.990e-29
 131.386163     11.867    12.3978  31.863581    26.8974     11.761  276.29567  276.42668     9.7233     7.1157 -9.990e-29
 131.386166     11.883    12.3935  31.864794    26.9015     11.777  276.31251  276.44322    11.1552     7.1966 -9.990e-29
 131.386169     11.907    12.3899  31.864794    26.9047     11.800  276.32869  276.45916    11.1552     7.1642 -9.990e-29
 131.386172     11.940    12.3881  31.863986    26.9057     11.833  276.33841  276.46876    11.2175     7.1683 0.0000e+00
 131.386175     11.985    12.3846  31.863583    26.9067     11.878  276.35469  276.48482    11.2953     7.1683 0.0000e+00
 131.386178     12.042    12.3773  31.862199    26.9107     11.934  276.39018  276.51984    10.9529     7.1885 0.0000e+00
 131.386181     12.102    12.3714  31.858390    26.9114     11.994  276.42372  276.55301    11.0930     7.4513 0.0000e+00
 131.386183     12.164    12.3632  31.857006    26.9159     12.055  276.46302  276.59178    10.9840     7.4271 0.0000e+00
 131.386186     12.224    12.3535  31.859951    26.9256     12.115  276.50114  276.62922    10.9529     7.4796 0.0000e+00
 131.386189     12.270    12.3461  31.858971    26.9278     12.160  276.53621  276.66380    10.9996     7.4149 0.0000e+00
 131.386192     12.305    12.3435  31.859375    26.9299     12.195  276.54722  276.67464     9.8167     6.4970 -9.990e-29
 131.386195     12.325    12.3433  31.857413    26.9305     12.214  276.55174  276.67915     9.7545     6.4647 -9.990e-29
 131.386198     12.332    12.3429  31.857009    26.9303     12.222  276.55406  276.68146     9.7233     6.4889 -9.990e-29
 131.386201     12.330    12.3422  31.856778    26.9306     12.220  276.55764  276.68499     9.9257     6.4566 -9.990e-29
 131.386204     12.332    12.3408  31.857182    26.9320     12.222  276.56325  276.69050    10.5015     7.0833 -9.990e-29
 131.386207     12.332    12.3401  31.857413    26.9327     12.222  276.56600  276.69320    10.5482     7.0389 -9.990e-29
 131.386209     12.336    12.3391  31.858164    26.9342     12.225  276.56939  276.69652    10.5638     7.0591 -9.990e-29
 131.386212     12.352    12.3374  31.857183    26.9344     12.241  276.57878  276.70580    10.5638     7.0793 -9.990e-29
 131.386215     12.381    12.3338  31.854413    26.9372     12.270  276.59965  276.72647    15.5910     7.8597 0.0000e+00
 131.386218     12.420    12.3287  31.856376    26.9399     12.308  276.61925  276.74570    15.5599     7.9082 0.0000e+00
 131.386221     12.467    12.3224  31.856377    26.9444     12.355  276.64747  276.77349    15.6066     7.9446 0.0000e+00
 131.386224     12.527    12.3173  31.856781    26.9485     12.415  276.66990  276.79557    15.5599     7.9810 0.0000e+00
 131.386227     12.582    12.3124  31.853781    26.9491     12.469  276.69722  276.82260    15.6222     7.8597 0.0000e+00
 131.386230     12.642    12.3053  31.855802    26.9561     12.529  276.72559  276.85047    11.1241     6.8650 0.0000e+00
 131.386233     12.693    12.2984  31.854995    26.9603     12.579  276.75812  276.88254    10.9529     6.8326 0.0000e+00
 131.386236     12.733    12.2950  31.855399    26.9631     12.619  276.77293  276.89711    10.9373     6.8488 0.0000e+00
 131.386238     12.762    12.2937  31.855399    26.9640     12.648  276.77865  276.90275    11.0307     6.8205 0.0000e+00
 131.386241     12.797    12.2920  31.855631    26.9647     12.682  276.78585  276.90983    10.5638     6.7760 0.0000e+00
 131.386244     12.824    12.2895  31.854996    26.9654     12.709  276.79810  276.92193    10.5482     6.7437 -9.990e-29
 131.386247     12.848    12.2871  31.852226    26.9658     12.733  276.81423  276.93791    10.4237     6.7558 -9.990e-29
 131.386250     12.875    12.2848  31.854997    26.9700     12.759  276.81935  276.94285    10.4704     6.7194 -9.990e-29
 131.386253     12.895    12.2838  31.854420    26.9710     12.779  276.82484  276.94829    10.2525     7.8112 -9.990e-29
 131.386256     12.920    12.2832  31.854824    26.9714     12.805  276.82698  276.95037    10.0969     7.7263 0.0000e+00
 131.386259     12.946    12.2828  31.855401    26.9718     12.830  276.82785  276.95121    10.2214     7.7303 0.0000e+00
 131.386262     12.971    12.2827  31.855401    26.9718     12.855  276.82818  276.95154    10.2525     7.7263 0.0000e+00
 131.386264     13.001    12.2828  31.854824    26.9715     12.884  276.82893  276.95230    11.2175     7.6616 0.0000e+00
