Processed/SBE19plus_01907321_2022_05_10_Cast111_wfilter.cnv
* Sea-Bird SBE19plus  Data File:
* FileName = E:\Prandtl_Daten\2022\CTD\Raw\SBE19plus_01907321_2022_05_10_Cast111.hex
* Software version 2.6.1.12
* Temperature SN = 7321
* Conductivity SN = 7321
* System UpLoad Time = May 10 2022 10:34:34
* <ApplicationData>
* <Seaterm232>
** Messpraktikum 2022
** CTD 09.05  MP2
** NMEA Latitude = 54 04 16N
** NMEA Longitude = 008 42 09E
# nquan = 11
# nvalues = 411                         
# units = specified
# name 0 = timeJ: Julian Days
# name 1 = prdM: Pressure, Strain Gauge [db]
# name 2 = tv290C: Temperature [ITS-90, deg C]
# name 3 = c0mS/cm: Conductivity [mS/cm]
# name 4 = sal00: Salinity, Practical [PSU]
# name 5 = depSM: Depth [salt water, m], lat = 54.00
# name 6 = oxsatMm/Kg: Oxygen Saturation, Weiss [umol/kg]
# name 7 = oxsolMm/Kg: Oxygen Saturation, Garcia & Gordon [umol/kg]
# name 8 = turbWETntu0: Turbidity, WET Labs ECO [NTU]
# name 9 = flECO-AFL: Fluorescence, WET Labs ECO-AFL/FL [mg/m^3]
# name 10 = flag:  0.000e+00
# span 0 = 130.436424, 130.437610       
# span 1 =      0.440,     10.500       
# span 2 =    14.1214,    14.3092       
# span 3 =  33.238279,  33.427273       
# span 4 =    26.9349,    26.9852       
# span 5 =      0.436,     10.406       
# span 6 =  265.34067,  266.43529       
# span 7 =  265.57645,  266.66169       
# span 8 =    20.7584,   121.5677       
# span 9 =     9.6147,    22.8616       
# span 10 = 0.0000e+00, 0.0000e+00      
# interval = seconds: 0.25
# start_time = May 10 2022 10:26:58 [Instrument's time stamp, header]
# bad_flag = -9.990e-29
*END*
[from data line 263]
 130.437185      7.076    14.2970  33.424108    26.9835      7.012  265.39446  265.62956    44.9140    14.3821 -9.990e-29
 130.437187      7.090    14.2966  33.424050    26.9837      7.027  265.39613  265.63121    44.8362    14.3902 -9.990e-29
 130.437190      7.107    14.2962  33.423050    26.9831      7.043  265.39966  265.63472    44.6338    14.6611 -9.990e-29
 130.437193      7.128    14.2957  33.423815    26.9841      7.065  265.40061  265.63564    44.5249    14.6409 -9.990e-29
 130.437196      7.154    14.2954  33.423521    26.9837      7.090  265.40236  265.63737    44.4004    14.6166 0.0000e+00
 130.437199      7.183    14.2948  33.422227    26.9833      7.119  265.40670  265.64169    44.4626    14.6935 0.0000e+00
 130.437202      7.212    14.2946  33.421992    26.9833      7.148  265.40804  265.64302    44.7895    14.6854 0.0000e+00
 130.437205      7.241    14.2940  33.422227    26.9838      7.177  265.41018  265.64512    44.7584    14.6490 0.0000e+00
 130.437208      7.272    14.2938  33.422228    26.9838      7.207  265.41114  265.64607    44.8206    14.7177 0.0000e+00
 130.437211      7.298    14.2938  33.421816    26.9839      7.233  265.41183  265.64676    45.0385    14.6409 0.0000e+00
 130.437214      7.329    14.2934  33.421816    26.9838      7.263  265.41341  265.64832    42.2058    14.3134 0.0000e+00
 130.437216      7.358    14.2932  33.421581    26.9838      7.292  265.41476  265.64966    42.1124    14.3012 0.0000e+00
 130.437219      7.384    14.2928  33.421816    26.9838      7.318  265.41595  265.65083    42.0035    14.2406 -9.990e-29
 130.437222      7.402    14.2930  33.421581    26.9839      7.336  265.41572  265.65061    41.9257    14.2568 -9.990e-29
 130.437225      7.424    14.2926  33.418994    26.9819      7.357  265.42154  265.65643    42.1124    14.2365 -9.990e-29
 130.437228      7.440    14.2923  33.421405    26.9842      7.374  265.41886  265.65371    43.9957    14.8512 -9.990e-29
 130.437231      7.464    14.2919  33.419700    26.9830      7.397  265.42323  265.65807    43.9957    14.8027 -9.990e-29
 130.437234      7.482    14.2918  33.419582    26.9829      7.415  265.42375  265.65859    43.8712    14.7824 -9.990e-29
 130.437237      7.511    14.2914  33.420112    26.9837      7.444  265.42478  265.65959    43.8556    14.7905 -9.990e-29
 130.437240      7.535    14.2913  33.420406    26.9839      7.468  265.42463  265.65943    45.9257    14.8350 -9.990e-29
 130.437242      7.564    14.2913  33.420347    26.9838      7.497  265.42474  265.65954    45.7700    14.8593 0.0000e+00
 130.437245      7.597    14.2914  33.419994    26.9839      7.529  265.42502  265.65983    45.8012    14.8027 0.0000e+00
 130.437248      7.626    14.2910  33.420112    26.9837      7.558  265.42642  265.66120    45.7389    14.8795 0.0000e+00
 130.437251      7.652    14.2909  33.419818    26.9838      7.583  265.42754  265.66232    45.3498    14.9118 0.0000e+00
 130.437254      7.679    14.2906  33.419054    26.9837      7.610  265.42975  265.66452    45.1163    14.9037 -9.990e-29
 130.437257      7.703    14.2903  33.419407    26.9838      7.634  265.43075  265.66550    45.3342    14.9037 -9.990e-29
 130.437260      7.721    14.2900  33.418878    26.9835      7.652  265.43257  265.66731    45.3654    14.8957 -9.990e-29
 130.437263      7.737    14.2897  33.418231    26.9831      7.668  265.43490  265.66962    47.9490    15.2838 -9.990e-29
 130.437266      7.752    14.2893  33.417819    26.9830      7.683  265.43746  265.67217    48.0424    15.3364 -9.990e-29
 130.437269      7.774    14.2889  33.416526    26.9821      7.704  265.44116  265.67585    48.0735    15.3202 -9.990e-29
 130.437271      7.798    14.2880  33.416173    26.9824      7.728  265.44552  265.68016    48.0580    15.3081 -9.990e-29
 130.437274      7.820    14.2870  33.415703    26.9840      7.750  265.45038  265.68497    48.1980    15.2919 -9.990e-29
 130.437277      7.851    14.2866  33.416820    26.9833      7.780  265.45044  265.68500    49.8478    15.2758 0.0000e+00
 130.437280      7.885    14.2866  33.415292    26.9826      7.815  265.45297  265.68754    49.8478    15.3283 0.0000e+00
 130.437283      7.918    14.2863  33.413998    26.9818      7.847  265.45605  265.69062    50.1436    15.2960 0.0000e+00
 130.437286      7.946    14.2855  33.413587    26.9816      7.875  265.46019  265.69471    50.1124    15.3607 0.0000e+00
 130.437289      7.976    14.2845  33.412352    26.9816      7.905  265.46631  265.70078    59.4510    16.1937 0.0000e+00
 130.437292      8.008    14.2836  33.411294    26.9814      7.936  265.47214  265.70657    59.4665    16.2260 -9.990e-29
 130.437295      8.031    14.2827  33.408707    26.9793      7.959  265.47984  265.71424    59.4976    16.1937 -9.990e-29
 130.437297      8.053    14.2812  33.405944    26.9779      7.981  265.49066  265.72499    59.6377    16.1492 -9.990e-29
 130.437300      8.071    14.2794  33.402652    26.9763      7.999  265.50391  265.73816    55.0152    16.0481 -9.990e-29
 130.437303      8.090    14.2766  33.394540    26.9710      8.017  265.52883  265.76298    54.9529    16.0845 -9.990e-29
 130.437306      8.108    14.2724  33.395245    26.9745      8.035  265.54493  265.77884    55.1552    16.0683 -9.990e-29
 130.437309      8.128    14.2691  33.390484    26.9717      8.055  265.56686  265.80062    55.1552    16.0683 -9.990e-29
 130.437312      8.155    14.2658  33.387017    26.9723      8.082  265.58606  265.81965    61.3187    17.0064 0.0000e+00
 130.437315      8.181    14.2624  33.385665    26.9719      8.108  265.60272  265.83612    61.5677    17.0509 0.0000e+00
 130.437318      8.212    14.2598  33.382609    26.9729      8.138  265.61842  265.85170    61.5366    17.0307 0.0000e+00
 130.437321      8.245    14.2579  33.382903    26.9719      8.171  265.62579  265.85896    61.2253    17.0307 0.0000e+00
 130.437323      8.274    14.2561  33.377555    26.9699      8.200  265.64212  265.87523    61.4120    17.0469 0.0000e+00
 130.437326      8.300    14.2538  33.374852    26.9693      8.225  265.65630  265.88929    56.7739    16.4646 0.0000e+00
 130.437329      8.327    14.2512  33.373030    26.9692      8.252  265.67028  265.90314    56.8362    16.4525 0.0000e+00
 130.437332      8.356    14.2485  33.366801    26.9693      8.281  265.69182  265.92457    56.8362    16.4646 -9.990e-29
 130.437335      8.380    14.2443  33.365215    26.9671      8.305  265.71201  265.94453    56.9607    16.4363 -9.990e-29
 130.437338      8.402    14.2417  33.366802    26.9704      8.326  265.72039  265.95275    75.2642    18.1872 -9.990e-29
 130.437341      8.414    14.2406  33.365039    26.9695      8.339  265.72769  265.96000    75.4665    18.1629 -9.990e-29
 130.437344      8.436    14.2396  33.360515    26.9661      8.361  265.73922  265.97150    75.3576    18.1710 -9.990e-29
 130.437347      8.456    14.2370  33.354992    26.9630      8.381  265.75928  265.99146    75.2642    18.1548 -9.990e-29
 130.437350      8.480    14.2330  33.355051    26.9677      8.404  265.77583  266.00777    59.6066    17.0267 -9.990e-29
 130.437352      8.507    14.2303  33.355051    26.9656      8.431  265.78714  266.01893    59.7778    17.0469 0.0000e+00
 130.437355      8.540    14.2288  33.349235    26.9635      8.464  265.80299  266.03474    59.8089    17.0509 0.0000e+00
 130.437358      8.571    14.2266  33.345592    26.9623      8.495  265.81841  266.05006    59.6066    17.0186 0.0000e+00
 130.437361      8.604    14.2236  33.343830    26.9623      8.527  265.83357  266.06506    67.6222    17.9850 0.0000e+00
 130.437364      8.635    14.2213  33.346181    26.9660      8.558  265.83945  266.07079    67.7622    17.9688 0.0000e+00
 130.437367      8.662    14.2207  33.349001    26.9674      8.585  265.83733  266.06862    67.6377    17.9810 0.0000e+00
 130.437370      8.688    14.2212  33.345593    26.9689      8.610  265.84107  266.07241    67.6066    17.9526 -9.990e-29
 130.437373      8.712    14.2206  33.340306    26.9612      8.634  265.85198  266.08332    67.7778    17.9446 -9.990e-29
 130.437376      8.734    14.2185  33.332787    26.9560      8.656  265.87346  266.10474    87.0463    20.0230 -9.990e-29
 130.437378      8.750    14.2139  33.327501    26.9544      8.672  265.90131  266.13236    86.9996    19.9987 -9.990e-29
 130.437381      8.768    14.2079  33.324564    26.9560      8.690  265.93126  266.16199    87.0619    20.0553 -9.990e-29
 130.437384      8.786    14.2037  33.326445    26.9606      8.708  265.94574  266.17622    87.0930    19.9462 -9.990e-29
 130.437387      8.810    14.2018  33.324389    26.9606      8.731  265.95699  266.18737    86.2992    19.5741 -9.990e-29
 130.437390      8.836    14.2006  33.324154    26.9600      8.757  265.96241  266.19272    86.3459    19.4892 0.0000e+00
 130.437393      8.865    14.1994  33.321805    26.9594      8.786  265.97163  266.20189    86.4082    19.5580 0.0000e+00
 130.437396      8.896    14.1982  33.315403    26.9545      8.816  265.98721  266.21745    86.3459    19.4811 0.0000e+00
 130.437399      8.929    14.1951  33.309237    26.9531      8.849  266.01025  266.24036    86.3459    20.1928 0.0000e+00
 130.437402      8.954    14.1909  33.308181    26.9531      8.874  266.02958  266.25946    86.6105    20.2494 0.0000e+00
 130.437405      8.981    14.1875  33.309415    26.9559      8.901  266.04169  266.27136    86.4704    20.1847 0.0000e+00
 130.437407      9.011    14.1865  33.308005    26.9562      8.930  266.04811  266.27773    86.4393    20.2697 0.0000e+00
 130.437410      9.036    14.1860  33.307771    26.9559      8.955  266.05071  266.28030    84.0580    19.4811 -9.990e-29
 130.437413      9.058    14.1851  33.306068    26.9552      8.977  266.05729  266.28685    84.2447    19.4771 -9.990e-29
 130.437416      9.080    14.1841  33.304600    26.9545      8.999  266.06381  266.29332    84.2759    19.5256 -9.990e-29
 130.437419      9.098    14.1829  33.303308    26.9542      9.017  266.07097  266.30042    84.0424    19.4973 -9.990e-29
 130.437422      9.118    14.1820  33.304365    26.9558      9.037  266.07332  266.30270    84.1669    19.5216 -9.990e-29
 130.437425      9.138    14.1814  33.302310    26.9570      9.057  266.07891  266.30828    86.0657    20.4233 -9.990e-29
 130.437428      9.168    14.1803  33.304366    26.9565      9.085  266.08025  266.30954    86.2681    20.4435 0.0000e+00
 130.437431      9.199    14.1802  33.303133    26.9570      9.116  266.08293  266.31222    86.1124    20.3950 0.0000e+00
 130.437433      9.230    14.1804  33.305247    26.9560      9.147  266.07852  266.30781    86.1280    20.4071 0.0000e+00
 130.437436      9.260    14.1808  33.302956    26.9554      9.178  266.08074  266.31007    94.5171    20.1888 0.0000e+00
 130.437439      9.290    14.1806  33.299962    26.9541      9.207  266.08633  266.31567    94.3770    20.1605 0.0000e+00
 130.437442      9.319    14.1793  33.296556    26.9528      9.236  266.09761  266.32690    94.4082    20.1524 -9.990e-29
 130.437445      9.344    14.1771  33.295970    26.9491      9.261  266.10769  266.33686    94.4237    20.1888 -9.990e-29
 130.437448      9.370    14.1754  33.291801    26.9491      9.286  266.12180  266.35090    93.8945    19.9381 0.0000e+00
 130.437451      9.396    14.1732  33.290744    26.9491      9.312  266.13266  266.36164    93.9568    19.8734 -9.990e-29
 130.437454      9.418    14.1707  33.293915    26.9542      9.333  266.13780  266.36662    93.8634    19.9300 -9.990e-29
 130.437457      9.436    14.1704  33.288396    26.9495      9.351  266.14848  266.37732    93.9879    19.8572 -9.990e-29
 130.437459      9.454    14.1685  33.286518    26.9491      9.369  266.15944  266.38818    95.3109    21.1229 -9.990e-29
 130.437462      9.472    14.1664  33.282585    26.9471      9.388  266.17473  266.40338    95.3420    21.1633 -9.990e-29
 130.437465      9.496    14.1633  33.282350    26.9513      9.411  266.18800  266.41647    95.3264    21.1229 -9.990e-29
 130.437468      9.523    14.1616  33.283583    26.9517      9.438  266.19320  266.42157    95.4665    21.1026 0.0000e+00
 130.437471      9.549    14.1611  33.284053    26.9513      9.463  266.19464  266.42297    95.4043    21.1026 0.0000e+00
 130.437474      9.576    14.1612  33.282116    26.9502      9.490  266.19722  266.42558   100.9451    21.5353 0.0000e+00
 130.437477      9.607    14.1609  33.279592    26.9482      9.521  266.20297  266.43133   100.9140    21.5636 0.0000e+00
 130.437480      9.633    14.1599  33.278770    26.9481      9.546  266.20843  266.43673   100.9451    21.5717 0.0000e+00
 130.437483      9.662    14.1590  33.276774    26.9481      9.575  266.21550  266.44377   100.8984    21.5474 -9.990e-29
 130.437486      9.685    14.1576  33.275835    26.9470      9.599  266.22272  266.45092   108.1513    21.3857 -9.990e-29
 130.437488      9.711    14.1564  33.275190    26.9473      9.624  266.22882  266.45695   107.8245    21.4423 -9.990e-29
 130.437491      9.731    14.1554  33.272607    26.9457      9.644  266.23749  266.46558   107.8712    21.3695 -9.990e-29
 130.437494      9.755    14.1537  33.271022    26.9454      9.667  266.24703  266.47504   107.7467    21.3897 -9.990e-29
 130.437497      9.775    14.1524  33.269790    26.9452      9.687  266.25472  266.48266   107.1864    22.0125 -9.990e-29
 130.437500      9.789    14.1512  33.268088    26.9446      9.702  266.26257  266.49045   107.1397    21.9842 -9.990e-29
 130.437503      9.815    14.1496  33.262981    26.9411      9.727  266.27760  266.50543   107.2798    22.0286 -9.990e-29
 130.437506      9.839    14.1466  33.262219    26.9464      9.751  266.29143  266.51910   107.2798    22.0125 -9.990e-29
 130.437509      9.866    14.1448  33.265154    26.9466      9.778  266.29445  266.52199   111.5755    22.0691 0.0000e+00
 130.437512      9.899    14.1445  33.265623    26.9464      9.810  266.29464  266.52216   111.3731    22.0165 0.0000e+00
 130.437514      9.932    14.1448  33.260928    26.9429      9.843  266.30116  266.52873   111.2953    22.0206 0.0000e+00
 130.437517      9.965    14.1439  33.260635    26.9425      9.875  266.30574  266.53326   111.3420    22.0327 0.0000e+00
 130.437520      9.996    14.1427  33.259285    26.9429      9.906  266.31270  266.54016   111.5755    22.0610 0.0000e+00
 130.437523     10.023    14.1417  33.259285    26.9429      9.933  266.31711  266.54451   111.4198    21.6243 0.0000e+00
 130.437526     10.054    14.1410  33.259814    26.9432      9.964  266.31908  266.54644   111.2642    21.6364 -9.990e-29
 130.437529     10.078    14.1410  33.260342    26.9446      9.988  266.31823  266.54558   111.6377    21.6404 -9.990e-29
 130.437532     10.098    14.1414  33.260635    26.9446     10.007  266.31618  266.54356   111.2175    21.6162 -9.990e-29
 130.437535     10.118    14.1416  33.259051    26.9430     10.027  266.31787  266.54527   109.3965    22.1136 -9.990e-29
 130.437538     10.132    14.1412  33.257818    26.9422     10.042  266.32180  266.54918   109.1008    22.1176 -9.990e-29
 130.437541     10.149    14.1404  33.256116    26.9412     10.058  266.32776  266.55511   109.2875    22.1499 -9.990e-29
 130.437543     10.171    14.1390  33.254649    26.9433     10.080  266.33616  266.56344   109.1163    22.0893 -9.990e-29
 130.437546     10.196    14.1373  33.256000    26.9434     10.105  266.34117  266.56834   112.5093    22.7444 0.0000e+00
 130.437549     10.224    14.1370  33.256117    26.9436     10.132  266.34225  266.56940   112.4471    22.7201 0.0000e+00
 130.437552     10.251    14.1373  33.257408    26.9441     10.159  266.33887  266.56603   112.3692    22.6999 0.0000e+00
 130.437555     10.280    14.1380  33.257584    26.9445     10.188  266.33577  266.56297   112.3848    22.6635 -9.990e-29
 130.437558     10.304    14.1384  33.257408    26.9437     10.211  266.33420  266.56142   116.6338    22.4694 -9.990e-29
