Processed/SBE19plus_01907321_2022_05_09_Cast101_wfilter.cnv
* Sea-Bird SBE19plus  Data File:
* FileName = E:\Prandtl_Daten\2022\CTD\Raw\SBE19plus_01907321_2022_05_09_Cast101.hex
* Software version 2.6.1.12
* Temperature SN = 7321
* Conductivity SN = 7321
* System UpLoad Time = May 09 2022 12:30:57
* <ApplicationData>
* <Seaterm232>
** Messpraktikum 2022
** CTD 09.05 SW1
** NMEA Latitude = 54 06.145 N
** NMEA Longitude = 008 35.839E
# nquan = 11
# nvalues = 563                         
# units = specified
# name 0 = timeJ: Julian Days
# name 1 = prdM: Pressure, Strain Gauge [db]
# name 2 = tv290C: Temperature [ITS-90, deg C]
# name 3 = c0mS/cm: Conductivity [mS/cm]
# name 4 = sal00: Salinity, Practical [PSU]
# name 5 = depSM: Depth [salt water, m], lat = 54.00
# name 6 = oxsatMm/Kg: Oxygen Saturation, Weiss [umol/kg]
# name 7 = oxsolMm/Kg: Oxygen Saturation, Garcia & Gordon [umol/kg]
# name 8 = turbWETntu0: Turbidity, WET Labs ECO [NTU]
# name 9 = flECO-AFL: Fluorescence, WET Labs ECO-AFL/FL [mg/m^3]
# name 10 = flag:  0.000e+00
# span 0 = 129.512737, 129.514363       
# span 1 =      0.464,     16.221       
# span 2 =    12.4725,    14.1390       
# span 3 =  31.596243,  32.432440       
# span 4 =    26.1696,    26.9423       
# span 5 =      0.460,     16.075       
# span 6 =  267.69112,  276.32503       
# span 7 =  267.92457,  276.46316       
# span 8 =     0.2292,    26.3148       
# span 9 =     1.5031,    10.6822       
# span 10 = 0.0000e+00, 0.0000e+00      
# interval = seconds: 0.25
# start_time = May 09 2022 12:16:58 [Instrument's time stamp, header]
# bad_flag = -9.990e-29
*END*
[from data line 132]
 129.513119      4.227    12.6056  31.605150    26.5124      4.189  275.82220  275.96944     6.2836     8.6806 -9.990e-29
 129.513122      4.256    12.5993  31.603597    26.5154      4.218  275.85340  276.00024     6.6883     8.0862 -9.990e-29
 129.513125      4.276    12.5949  31.601987    26.5169      4.238  275.87576  276.02234     6.5794     8.0902 -9.990e-29
 129.513128      4.307    12.5912  31.600779    26.5184      4.269  275.89454  276.04088     6.5171     8.0983 -9.990e-29
 129.513131      4.331    12.5882  31.601010    26.5242      4.292  275.90755  276.05369     6.5638     8.1104 -9.990e-29
 129.513134      4.364    12.5867  31.603599    26.5239      4.325  275.90996  276.05598     7.7778     8.0619 0.0000e+00
 129.513137      4.395    12.5869  31.603196    26.5242      4.356  275.90974  276.05578     7.9179     8.0781 0.0000e+00
 129.513139      4.430    12.5873  31.604347    26.5237      4.390  275.90579  276.05185     7.8556     8.0255 0.0000e+00
 129.513142      4.466    12.5880  31.603944    26.5235      4.426  275.90334  276.04945     7.7934     8.0619 0.0000e+00
 129.513145      4.499    12.5874  31.601413    26.5220      4.459  275.91076  276.05685     7.7622     8.3490 0.0000e+00
 129.513148      4.534    12.5852  31.600205    26.5218      4.493  275.92284  276.06880     7.7311     8.3490 0.0000e+00
 129.513151      4.561    12.5820  31.601989    26.5220      4.520  275.93403  276.07976     7.8401     8.3530 -9.990e-29
 129.513154      4.585    12.5808  31.604578    26.5291      4.544  275.93452  276.08015     7.8712     8.3611 -9.990e-29
 129.513157      4.596    12.5818  31.603945    26.5278      4.555  275.93119  276.07689     7.8089     8.3814 -9.990e-29
 129.513160      4.614    12.5821  31.602219    26.5261      4.573  275.93333  276.07906     7.4665     8.7534 -9.990e-29
 129.513163      4.634    12.5799  31.602565    26.5279      4.593  275.94230  276.08789     7.3731     8.7493 -9.990e-29
 129.513166      4.651    12.5776  31.602795    26.5297      4.609  275.95211  276.09755     7.6689     8.7372 -9.990e-29
 129.513168      4.671    12.5756  31.602220    26.5355      4.629  275.96240  276.10772     7.5443     8.7372 -9.990e-29
 129.513171      4.700    12.5732  31.605730    26.5349      4.658  275.96667  276.11180     7.4510     8.0498 0.0000e+00
 129.513174      4.733    12.5739  31.604982    26.5355      4.691  275.96516  276.11034     7.7467     8.0538 0.0000e+00
 129.513177      4.762    12.5740  31.608146    26.5359      4.719  275.95920  276.10435     7.4665     8.0215 0.0000e+00
 129.513180      4.800    12.5744  31.607111    26.5359      4.757  275.95916  276.10435     7.5132     8.0498 0.0000e+00
 129.513183      4.831    12.5727  31.603602    26.5359      4.788  275.97280  276.11791     8.5560     8.3571 0.0000e+00
 129.513186      4.873    12.5668  31.602567    26.5371      4.830  276.00148  276.14622     8.4626     8.4016 0.0000e+00
 129.513189      4.913    12.5594  31.600036    26.5399      4.869  276.03922  276.18350     8.3848     8.3571 0.0000e+00
 129.513192      4.946    12.5509  31.599232    26.5451      4.902  276.07897  276.22270     8.1513     8.3450 0.0000e+00
 129.513194      4.977    12.5428  31.598025    26.5497      4.933  276.11753  276.26074     8.1358     7.9810 0.0000e+00
 129.513197      5.005    12.5358  31.596645    26.5533      4.960  276.15128  276.29405     8.2914     7.9527 0.0000e+00
 129.513200      5.032    12.5284  31.596243    26.5581      4.987  276.18520  276.32749     8.3848     7.9891 0.0000e+00
 129.513203      5.065    12.5214  31.597279    26.5640      5.020  276.21494  276.35676     8.3537     7.9689 0.0000e+00
 129.513206      5.092    12.5171  31.598028    26.5658      5.047  276.23307  276.37460     8.3692     8.0093 0.0000e+00
 129.513209      5.122    12.5130  31.599639    26.5677      5.076  276.24869  276.38994     8.2447     7.8799 -9.990e-29
 129.513212      5.142    12.5114  31.600617    26.5742      5.096  276.25429  276.39542     8.1980     7.9042 -9.990e-29
 129.513215      5.165    12.5105  31.601826    26.5759      5.119  276.25596  276.39702     8.3692     7.9082 -9.990e-29
 129.513218      5.191    12.5100  31.603379    26.5777      5.144  276.25542  276.39643     8.2603     7.9042 -9.990e-29
 129.513220      5.213    12.5086  31.606543    26.5844      5.166  276.25613  276.39702     8.1358     7.8678 -9.990e-29
 129.513223      5.238    12.5058  31.607349    26.5844      5.191  276.26745  276.40815     8.4938     7.8759 0.0000e+00
 129.513226      5.264    12.5032  31.609306    26.5844      5.217  276.27544  276.41594     8.3848     7.8557 -9.990e-29
 129.513229      5.289    12.5019  31.609709    26.5892      5.242  276.28047  276.42089     8.1358     7.8880 -9.990e-29
 129.513232      5.311    12.5008  31.617016    26.5994      5.264  276.27246  276.41273     7.7778     7.4513 -9.990e-29
 129.513235      5.340    12.4994  31.618800    26.6026      5.293  276.27533  276.41550     7.9334     7.4554 0.0000e+00
 129.513238      5.371    12.4981  31.624555    26.6057      5.323  276.27107  276.41109     7.8089     7.4796 0.0000e+00
 129.513241      5.408    12.4946  31.632670    26.6157      5.359  276.27245  276.41216     7.7934     7.4392 0.0000e+00
 129.513244      5.446    12.4907  31.633649    26.6194      5.397  276.28824  276.42768     8.0424     7.1925 0.0000e+00
 129.513247      5.483    12.4913  31.642743    26.6274      5.434  276.26905  276.40845     8.1047     7.1804 0.0000e+00
 129.513249      5.519    12.4881  31.644758    26.6315      5.470  276.27979  276.41896     7.8712     7.2127 0.0000e+00
 129.513252      5.550    12.4846  31.655235    26.6437      5.500  276.27659  276.41542     7.9490     7.2168 0.0000e+00
 129.513255      5.579    12.4783  31.652876    26.6448      5.529  276.30919  276.44764     8.0735     7.1966 0.0000e+00
 129.513258      5.608    12.4739  31.655237    26.6459      5.558  276.32503  276.46316     7.3420     6.9539 -9.990e-29
 129.513261      5.630    12.4725  31.661166    26.6578      5.580  276.32075  276.45872     7.3420     6.9176 -9.990e-29
 129.513264      5.654    12.4734  31.667327    26.6629      5.603  276.30555  276.44352     7.2798     6.9176 -9.990e-29
 129.513267      5.672    12.4746  31.680398    26.6742      5.621  276.27664  276.41456     7.2175     6.9620 -9.990e-29
 129.513270      5.692    12.4730  31.683335    26.6781      5.641  276.27869  276.41648     7.3576     7.0995 -9.990e-29
 129.513273      5.712    12.4729  31.694278    26.6912      5.661  276.25934  276.39702     7.1708     7.1238 -9.990e-29
 129.513275      5.740    12.4747  31.698828    26.6955      5.688  276.24291  276.38065     7.4043     7.1440 0.0000e+00
 129.513278      5.771    12.4769  31.709715    26.6923      5.719  276.21349  276.35127     7.4198     7.0995 0.0000e+00
 129.513281      5.803    12.4796  31.703781    26.6998      5.751  276.21209  276.35011     7.8401     7.0389 0.0000e+00
 129.513284      5.836    12.4819  31.713689    26.6999      5.784  276.18412  276.32219     7.9334     7.0793 0.0000e+00
 129.513287      5.873    12.4835  31.726825    26.7110      5.820  276.15322  276.29127     7.9646     7.0672 0.0000e+00
 129.513290      5.907    12.4842  31.740309    26.7230      5.855  276.12582  276.26379     7.6377     7.0591 0.0000e+00
 129.513293      5.938    12.4853  31.747282    26.7287      5.885  276.10823  276.24619     7.2642     6.7679 0.0000e+00
 129.513296      5.966    12.4866  31.753219    26.7333      5.912  276.09185  276.22985     6.9218     6.8043 0.0000e+00
 129.513299      5.997    12.4882  31.757426    26.7361      5.943  276.07732  276.21538     7.1552     6.8084 0.0000e+00
 129.513302      6.028    12.4899  31.761980    26.7391      5.974  276.06153  276.19965     7.0152     6.7962 0.0000e+00
 129.513304      6.053    12.4925  31.766361    26.7402      5.999  276.04192  276.18017     6.9996     6.7679 0.0000e+00
 129.513307      6.079    12.4955  31.767514    26.7413      6.025  276.02652  276.16495     6.7973     6.4040 -9.990e-29
 129.513310      6.097    12.4975  31.777891    26.7485      6.043  275.99899  276.13746     6.7661     6.4000 -9.990e-29
 129.513313      6.121    12.5004  31.781638    26.7499      6.066  275.97925  276.11787     6.9373     6.4081 -9.990e-29
 129.513316      6.143    12.5029  31.792017    26.7578      6.088  275.94951  276.08819     6.9529     6.4000 -9.990e-29
 129.513319      6.165    12.5052  31.791613    26.7574      6.110  275.93977  276.07861    10.8906     7.4998 -9.990e-29
 129.513322      6.194    12.5075  31.795188    26.7570      6.138  275.92289  276.06185    11.1552     7.5079 0.0000e+00
 129.513325      6.223    12.5091  31.795361    26.7574      6.167  275.91561  276.05467    10.9062     7.5241 0.0000e+00
 129.513328      6.258    12.5109  31.800551    26.7600      6.202  275.89805  276.03719    10.9996     7.5281 0.0000e+00
 129.513330      6.287    12.5129  31.803954    26.7617      6.231  275.88307  276.02230     7.5599     6.6790 0.0000e+00
 129.513333      6.323    12.5153  31.807933    26.7637      6.267  275.86516  276.00451     7.5443     6.6588 0.0000e+00
 129.513336      6.354    12.5176  31.817277    26.7679      6.298  275.83825  275.97766     7.4510     6.6911 0.0000e+00
 129.513339      6.393    12.5208  31.816700    26.7688      6.335  275.82502  275.96464     7.4665     6.6668 0.0000e+00
 129.513342      6.425    12.5226  31.819065    26.7679      6.368  275.81255  275.95227     6.9218     6.7962 0.0000e+00
 129.513345      6.458    12.5247  31.818892    26.7680      6.401  275.80367  275.94353     7.1241     6.8084 0.0000e+00
 129.513348      6.488    12.5263  31.821488    26.7672      6.430  275.79205  275.93198     7.1241     6.7882 -9.990e-29
 129.513351      6.513    12.5279  31.822468    26.7682      6.455  275.78300  275.92303     6.8906     6.8124 -9.990e-29
 129.513354      6.533    12.5289  31.821488    26.7666      6.475  275.78001  275.92012     7.2175     6.7720 -9.990e-29
 129.513356      6.557    12.5284  31.822295    26.7677      6.498  275.78112  275.92118     8.5093     6.8609 -9.990e-29
 129.513359      6.577    12.5276  31.821084    26.7671      6.518  275.78679  275.92682     8.4315     6.8569 -9.990e-29
 129.513362      6.606    12.5273  31.822642    26.7688      6.547  275.78529  275.92529     8.5716     6.8731 -9.990e-29
 129.513365      6.623    12.5273  31.824834    26.7708      6.563  275.78137  275.92134     8.6650     6.8488 -9.990e-29
 129.513368      6.650    12.5280  31.826680    26.7720      6.591  275.77490  275.91491     6.9218     7.0753 -9.990e-29
 129.513371      6.668    12.5292  31.828641    26.7730      6.609  275.76632  275.90638     6.9062     7.0591 -9.990e-29
 129.513374      6.692    12.5308  31.831814    26.7750      6.632  275.75334  275.89348     6.9685     7.0429 -9.990e-29
 129.513377      6.718    12.5326  31.833430    26.7760      6.657  275.74221  275.88245     6.9529     7.0793 0.0000e+00
 129.513380      6.749    12.5348  31.837237    26.7750      6.688  275.72588  275.86622     7.8401     7.0469 0.0000e+00
 129.513383      6.780    12.5364  31.835622    26.7766      6.719  275.72149  275.86196     7.6533     7.0753 0.0000e+00
 129.513385      6.816    12.5376  31.839026    26.7766      6.755  275.71002  275.85053     8.0113     7.0510 0.0000e+00
 129.513388      6.847    12.5387  31.842199    26.7784      6.786  275.69959  275.84014     7.8245     7.0793 0.0000e+00
 129.513391      6.882    12.5399  31.842776    26.7788      6.820  275.69286  275.83349     7.6377     6.4687 0.0000e+00
 129.513394      6.924    12.5411  31.846008    26.7785      6.862  275.68202  275.82269     7.5132     6.4930 0.0000e+00
 129.513397      6.964    12.5421  31.844565    26.7806      6.901  275.68019  275.82094     7.5910     6.5011 0.0000e+00
 129.513400      7.006    12.5428  31.848604    26.7808      6.943  275.66980  275.81056     7.6222     6.5132 0.0000e+00
 129.513403      7.044    12.5436  31.848200    26.7813      6.981  275.66674  275.80756     7.6222     6.4566 0.0000e+00
 129.513406      7.077    12.5447  31.849585    26.7811      7.013  275.65952  275.80040     6.7506     6.2665 0.0000e+00
 129.513409      7.104    12.5447  31.849585    26.7813      7.041  275.65954  275.80042     6.6261     6.3070 -9.990e-29
 129.513411      7.128    12.5446  31.849182    26.7810      7.064  275.66091  275.80178     6.9062     6.2746 -9.990e-29
 129.513414      7.140    12.5444  31.850567    26.7824      7.077  275.65908  275.79992     6.9685     6.2867 -9.990e-29
 129.513417      7.159    12.5447  31.850567    26.7822      7.095  275.65782  275.79868     7.5443     6.6062 -9.990e-29
 129.513420      7.171    12.5453  31.851778    26.7829      7.107  275.65312  275.79401     7.3887     6.5981 -9.990e-29
 129.513423      7.181    12.5455  31.850797    26.7818      7.116  275.65393  275.79484     7.2486     6.6385 -9.990e-29
 129.513426      7.193    12.5456  31.849586    26.7806      7.129  275.65547  275.79641     7.2331     6.6062 -9.990e-29
 129.513429      7.208    12.5456  31.851144    26.7820      7.143  275.65269  275.79361     7.6222     6.9984 -9.990e-29
 129.513432      7.226    12.5456  31.851952    26.7811      7.162  275.65157  275.79248     7.8868     6.9823 -9.990e-29
 129.513435      7.252    12.5458  31.850221    26.7815      7.187  275.65374  275.79468     7.7622     7.0146 0.0000e+00
 129.513438      7.283    12.5465  31.851779    26.7818      7.218  275.64779  275.78876     7.6844     6.9782 0.0000e+00
 129.513440      7.321    12.5470  31.851952    26.7818      7.256  275.64528  275.78629     7.3887     6.5455 0.0000e+00
 129.513443      7.365    12.5477  31.849355    26.7789      7.299  275.64679  275.78787     7.5755     6.5375 0.0000e+00
 129.513446      7.412    12.5471  31.848374    26.7789      7.346  275.65112  275.79217     7.5288     6.5334 0.0000e+00
 129.513449      7.460    12.5459  31.848605    26.7794      7.393  275.65613  275.79710     7.5599     6.5294 0.0000e+00
 129.513452      7.503    12.5453  31.848375    26.7796      7.436  275.65943  275.80036     7.5288     6.5375 0.0000e+00
 129.513455      7.551    12.5449  31.849760    26.7798      7.483  275.65857  275.79946     7.7934     6.0037 0.0000e+00
 129.513458      7.595    12.5456  31.848779    26.7798      7.527  275.65750  275.79844     7.9334     6.0199 0.0000e+00
 129.513461      7.627    12.5457  31.847567    26.7785      7.559  275.65905  275.80002     7.8245     6.0280 0.0000e+00
 129.513464      7.657    12.5450  31.846586    26.7783      7.588  275.66400  275.80493     7.6533     5.9956 0.0000e+00
 129.513466      7.682    12.5438  31.844971    26.7781      7.614  275.67231  275.81318     8.2447     6.2827 -9.990e-29
 129.513469      7.704    12.5426  31.843009    26.7765      7.635  275.68124  275.82204     8.2603     6.2908 -9.990e-29
 129.513472      7.721    12.5407  31.841221    26.7761      7.652  275.69271  275.83341     8.1980     6.2706 -9.990e-29
 129.513475      7.739    12.5393  31.841798    26.7777      7.670  275.69804  275.83864     8.4471     6.2625 -9.990e-29
 129.513478      7.752    12.5387  31.843010    26.7792      7.682  275.69841  275.83896     8.2136     6.7477 -9.990e-29
 129.513481      7.772    12.5387  31.842375    26.7786      7.702  275.69988  275.84043     7.9179     6.7113 -9.990e-29
 129.513484      7.788    12.5384  31.842606    26.7791      7.718  275.70075  275.84128     7.9179     6.6992 -9.990e-29
 129.513487      7.805    12.5382  31.842202    26.7788      7.735  275.70212  275.84264     8.0113     6.7275 -9.990e-29
 129.513490      7.819    12.5386  31.843414    26.7796      7.749  275.69837  275.83890     7.3576     7.3704 -9.990e-29
 129.513492      7.839    12.5392  31.843818    26.7796      7.769  275.69512  275.83569     7.5288     7.3866 -9.990e-29
