Processed/SBE19plus_01907321_2022_05_08_Cast91_wfilter.cnv
* Sea-Bird SBE19plus  Data File:
* FileName = E:\Prandtl Daten\2022\CTD\Raw\SBE19plus_01907321_2022_05_08_Cast91.hex
* Software version 2.6.1.12
* Temperature SN = 7321
* Conductivity SN = 7321
* System UpLoad Time = May 08 2022 13:34:49
* <ApplicationData>
* <Seaterm232>
** Messpraktikum 2022
** CTD 08.05 BE
** NMEA Latitude = 54 07.51 N
** NMEA Longitude = 008 49.92 E
# nquan = 11
# nvalues = 542                         
# units = specified
# name 0 = timeJ: Julian Days
# name 1 = prdM: Pressure, Strain Gauge [db]
# name 2 = tv290C: Temperature [ITS-90, deg C]
# name 3 = c0mS/cm: Conductivity [mS/cm]
# name 4 = sal00: Salinity, Practical [PSU]
# name 5 = depSM: Depth [salt water, m], lat = 54.00
# name 6 = oxsatMm/Kg: Oxygen Saturation, Weiss [umol/kg]
# name 7 = oxsolMm/Kg: Oxygen Saturation, Garcia & Gordon [umol/kg]
# name 8 = turbWETntu0: Turbidity, WET Labs ECO [NTU]
# name 9 = flECO-AFL: Fluorescence, WET Labs ECO-AFL/FL [mg/m^3]
# name 10 = flag:  0.000e+00
# span 0 = 128.559931, 128.561496       
# span 1 =      0.410,     18.245       
# span 2 =    12.7032,    13.3277       
# span 3 =  32.203871,  32.738438       
# span 4 =    26.9934,    27.0647       
# span 5 =      0.407,     18.081       
# span 6 =  270.67443,  274.32986       
# span 7 =  270.85712,  274.47773       
# span 8 =    -2.8525,   226.9373       
# span 9 =     1.0745,    18.2842       
# span 10 = 0.0000e+00, 0.0000e+00      
# interval = seconds: 0.25
# start_time = May 08 2022 13:25:03 [Instrument's time stamp, header]
# bad_flag = -9.990e-29
*END*
[from data line 263]
 128.560692      9.123    12.8259  32.364637    27.0578      9.042  273.49773  273.65203    46.0346     9.1658 0.0000e+00
 128.560694      9.158    12.8252  32.364231    27.0578      9.076  273.50163  273.65588    46.0502     9.2184 0.0000e+00
 128.560697      9.194    12.8250  32.365857    27.0594      9.112  273.49972  273.65395    46.9062     9.1496 0.0000e+00
 128.560700      9.229    12.8252  32.366670    27.0600      9.146  273.49737  273.65160    46.8128     9.1052 0.0000e+00
 128.560703      9.265    12.8256  32.367309    27.0600      9.182  273.49437  273.64862    46.8284     9.1011 0.0000e+00
 128.560706      9.293    12.8262  32.366670    27.0598      9.210  273.49300  273.64729    46.7350     9.1618 0.0000e+00
 128.560709      9.320    12.8266  32.368703    27.0593      9.237  273.48785  273.64215    46.7194     9.1092 -9.990e-29
 128.560712      9.344    12.8272  32.370154    27.0609      9.260  273.48247  273.63680    46.5015     9.7441 -9.990e-29
 128.560715      9.373    12.8281  32.369980    27.0604      9.289  273.47870  273.63309    46.5327     9.6430 0.0000e+00
 128.560718      9.402    12.8291  32.369748    27.0600      9.318  273.47503  273.62949    46.4082     9.7360 0.0000e+00
 128.560720      9.433    12.8293  32.368935    27.0591      9.349  273.47554  273.63002    46.5015     9.6591 0.0000e+00
 128.560723      9.470    12.8291  32.367890    27.0583      9.385  273.47836  273.63283    41.6766     9.3397 0.0000e+00
 128.560726      9.505    12.8284  32.366903    27.0583      9.420  273.48327  273.63770    41.6144     9.3559 0.0000e+00
 128.560729      9.543    12.8278  32.368297    27.0591      9.457  273.48336  273.63774    41.6922     9.3437 0.0000e+00
 128.560732      9.579    12.8278  32.367832    27.0591      9.493  273.48420  273.63859    41.7389     9.3720 0.0000e+00
 128.560735      9.614    12.8281  32.366671    27.0591      9.528  273.48501  273.63943    51.6533     9.9543 0.0000e+00
 128.560738      9.654    12.8282  32.369923    27.0593      9.567  273.47867  273.63307    51.4354    10.0433 0.0000e+00
 128.560741      9.688    12.8286  32.368704    27.0593      9.602  273.47895  273.63339    51.3887    10.0190 0.0000e+00
 128.560744      9.721    12.8285  32.366497    27.0579      9.634  273.48350  273.63794    51.2642    10.0433 0.0000e+00
 128.560747      9.750    12.8277  32.366497    27.0579      9.663  273.48698  273.64138    51.4043    10.2738 0.0000e+00
 128.560749      9.776    12.8270  32.366265    27.0579      9.688  273.49056  273.64491    51.5443    10.2899 0.0000e+00
 128.560752      9.803    12.8268  32.365452    27.0576      9.715  273.49296  273.64730    51.4043    10.2374 0.0000e+00
 128.560755      9.836    12.8262  32.365046    27.0576      9.748  273.49622  273.65053    51.4821    10.2819 0.0000e+00
 128.560758      9.867    12.8256  32.362607    27.0558      9.779  273.50306  273.65736    51.4043    10.2819 0.0000e+00
 128.560761      9.902    12.8250  32.362201    27.0558      9.813  273.50664  273.66090    51.9179    10.7307 0.0000e+00
 128.560764      9.942    12.8241  32.363769    27.0563      9.853  273.50768  273.66187    51.9179    10.7145 0.0000e+00
 128.560767      9.977    12.8237  32.361795    27.0565      9.887  273.51307  273.66725    52.0268    10.6903 0.0000e+00
 128.560770     10.012    12.8230  32.361389    27.0563      9.922  273.51696  273.67110    52.1047    10.7226 0.0000e+00
 128.560773     10.050    12.8222  32.359182    27.0565      9.960  273.52435  273.67846    49.1319    10.3789 0.0000e+00
 128.560775     10.084    12.8212  32.360170    27.0566      9.994  273.52704  273.68108    49.1008    10.3870 0.0000e+00
 128.560778     10.121    12.8206  32.361854    27.0582     10.030  273.52661  273.68059    48.8984    10.4193 0.0000e+00
 128.560781     10.150    12.8210  32.361796    27.0582     10.059  273.52484  273.67885    49.0696    10.4153 0.0000e+00
 128.560784     10.178    12.8215  32.362028    27.0581     10.087  273.52256  273.67660    50.6883    10.8722 0.0000e+00
 128.560787     10.205    12.8218  32.362028    27.0581     10.114  273.52100  273.67506    50.5949    10.9046 -9.990e-29
 128.560790     10.229    12.8219  32.360983    27.0561     10.137  273.52255  273.67662    50.5327    10.9127 -9.990e-29
 128.560793     10.258    12.8216  32.359996    27.0560     10.166  273.52557  273.67963    50.3148    10.9572 0.0000e+00
 128.560796     10.289    12.8211  32.359532    27.0560     10.197  273.52862  273.68265    58.5794    11.5273 0.0000e+00
 128.560799     10.322    12.8204  32.358545    27.0560     10.229  273.53353  273.68753    58.9062    11.5637 0.0000e+00
 128.560802     10.360    12.8197  32.358545    27.0556     10.267  273.53671  273.69066    58.6572    11.5556 0.0000e+00
 128.560804     10.398    12.8194  32.357732    27.0561     10.305  273.53943  273.69337    58.6416    11.5394 0.0000e+00
 128.560807     10.435    12.8187  32.358371    27.0555     10.341  273.54147  273.69536    58.5794    11.5394 0.0000e+00
 128.560810     10.471    12.8187  32.353900    27.0524     10.377  273.54939  273.70332    68.4626    11.6324 0.0000e+00
 128.560813     10.508    12.8175  32.350243    27.0499     10.414  273.56123  273.71511    68.4626    11.5839 0.0000e+00
 128.560816     10.544    12.8154  32.348618    27.0499     10.450  273.57326  273.72703    68.2914    11.6446 0.0000e+00
 128.560819     10.577    12.8137  32.348618    27.0511     10.482  273.58053  273.73419    68.5560    11.5960 0.0000e+00
 128.560822     10.606    12.8126  32.348618    27.0519     10.511  273.58559  273.73918    63.7000    12.0489 0.0000e+00
 128.560825     10.632    12.8125  32.349431    27.0523     10.536  273.58449  273.73806    63.7000    11.9478 0.0000e+00
 128.560828     10.659    12.8126  32.346586    27.0527     10.563  273.58921  273.74282    63.8556    11.9761 -9.990e-29
 128.560830     10.683    12.8120  32.347167    27.0527     10.587  273.59072  273.74429    63.5132    12.0166 -9.990e-29
 128.560833     10.714    12.8113  32.348619    27.0537     10.618  273.59133  273.74484    55.8556    11.9276 0.0000e+00
 128.560836     10.743    12.8116  32.350825    27.0543     10.647  273.58620  273.73970    55.7934    11.9478 0.0000e+00
 128.560839     10.775    12.8123  32.351057    27.0543     10.679  273.58266  273.73620    55.7934    11.9276 0.0000e+00
 128.560842     10.810    12.8132  32.349606    27.0532     10.713  273.58114  273.73476    55.9179    11.9600 0.0000e+00
 128.560845     10.848    12.8135  32.350825    27.0523     10.751  273.57775  273.73138    60.4626    11.3979 0.0000e+00
 128.560848     10.888    12.8137  32.350012    27.0526     10.791  273.57859  273.73223    60.3848    11.4181 0.0000e+00
 128.560851     10.925    12.8135  32.350245    27.0523     10.827  273.57883  273.73246    60.4004    11.4505 0.0000e+00
 128.560854     10.963    12.8136  32.350013    27.0523     10.865  273.57895  273.73259    60.5871    11.4303 0.0000e+00
 128.560856     10.998    12.8132  32.349606    27.0522     10.900  273.58126  273.73489    60.2292    11.4181 0.0000e+00
 128.560859     11.029    12.8127  32.349084    27.0521     10.930  273.58473  273.73832    66.2681    11.8104 0.0000e+00
 128.560862     11.062    12.8124  32.348213    27.0515     10.963  273.58755  273.74113    66.3770    11.8225 0.0000e+00
 128.560865     11.088    12.8122  32.347807    27.0513     10.988  273.58923  273.74280    66.0502    11.8184 0.0000e+00
 128.560868     11.117    12.8117  32.343105    27.0472     11.017  273.59944  273.75303    66.1124    11.7740 0.0000e+00
 128.560871     11.144    12.8102  32.341886    27.0472     11.044  273.60823  273.76173    56.6961    11.9559 0.0000e+00
 128.560874     11.181    12.8087  32.342292    27.0486     11.080  273.61447  273.76786    56.7272    11.9559 0.0000e+00
 128.560877     11.217    12.8077  32.341944    27.0490     11.116  273.61952  273.77285    56.8984    11.9478 0.0000e+00
 128.560880     11.253    12.8072  32.345950    27.0530     11.153  273.61436  273.76763    56.7117    11.9317 0.0000e+00
 128.560883     11.295    12.8077  32.347982    27.0538     11.194  273.60859  273.76187    59.8868    11.8144 0.0000e+00
 128.560885     11.332    12.8090  32.348214    27.0538     11.231  273.60253  273.75590    59.8712    11.7982 0.0000e+00
 128.560888     11.370    12.8101  32.349027    27.0538     11.269  273.59640  273.74982    60.1825    11.7942 0.0000e+00
 128.560891     11.402    12.8107  32.349434    27.0537     11.300  273.59286  273.74632    59.9646    11.7901 0.0000e+00
 128.560894     11.438    12.8114  32.349434    27.0534     11.336  273.58973  273.74324    65.1163    12.4937 0.0000e+00
 128.560897     11.469    12.8119  32.348215    27.0532     11.366  273.59002  273.74356    65.2408    12.4614 -9.990e-29
 128.560900     11.493    12.8119  32.346357    27.0499     11.390  273.59300  273.74657    65.2564    12.4412 -9.990e-29
 128.560903     11.515    12.8112  32.346357    27.0492     11.412  273.59648  273.75000    64.9762    12.4493 -9.990e-29
 128.560906     11.542    12.8104  32.344325    27.0489     11.439  273.60355  273.75704    65.1319    12.4654 0.0000e+00
 128.560909     11.568    12.8095  32.343106    27.0489     11.464  273.60950  273.76295    66.2058    13.1245 0.0000e+00
 128.560911     11.599    12.8086  32.342700    27.0489     11.495  273.61434  273.76772    66.4704    13.1407 0.0000e+00
 128.560914     11.628    12.8078  32.342932    27.0490     11.524  273.61741  273.77075    66.4704    13.1084 0.0000e+00
 128.560917     11.666    12.8072  32.341714    27.0492     11.562  273.62243  273.77573    66.3770    13.1407 0.0000e+00
 128.560920     11.701    12.8068  32.341714    27.0490     11.596  273.62403  273.77731    68.9762    12.4735 0.0000e+00
 128.560923     11.744    12.8065  32.340669    27.0492     11.639  273.62716  273.78043    68.7272    12.4573 0.0000e+00
 128.560926     11.781    12.8059  32.340959    27.0492     11.675  273.62951  273.78274    68.8673    12.4654 0.0000e+00
 128.560929     11.818    12.8056  32.340901    27.0493     11.712  273.63058  273.78379    68.8829    12.4452 0.0000e+00
 128.560932     11.860    12.8054  32.341714    27.0493     11.753  273.63012  273.78331    70.8595    12.3967 0.0000e+00
 128.560935     11.894    12.8058  32.340495    27.0488     11.788  273.63072  273.78394    70.7817    12.3805 0.0000e+00
 128.560937     11.929    12.8060  32.339044    27.0480     11.822  273.63236  273.78561    70.7661    12.3441 0.0000e+00
 128.560940     11.960    12.8055  32.339451    27.0473     11.853  273.63387  273.78708    70.8906    12.3805 0.0000e+00
 128.560943     11.989    12.8051  32.338058    27.0470     11.882  273.63824  273.79144    69.9257    12.4007 0.0000e+00
 128.560946     12.018    12.8044  32.337419    27.0470     11.910  273.64222  273.79539    69.9101    12.3765 0.0000e+00
 128.560949     12.047    12.8038  32.338232    27.0474     11.939  273.64364  273.79676    69.9101    12.3563 0.0000e+00
 128.560952     12.086    12.8036  32.337420    27.0474     11.977  273.64605  273.79916    70.0346    12.3522 0.0000e+00
 128.560955     12.122    12.8034  32.337246    27.0474     12.013  273.64701  273.80011    69.7078    12.3724 0.0000e+00
 128.560958     12.158    12.8031  32.338465    27.0487     12.049  273.64614  273.79921    66.3459    11.9964 0.0000e+00
 128.560961     12.195    12.8031  32.340206    27.0502     12.086  273.64309  273.79614    66.4704    11.9964 0.0000e+00
 128.560964     12.229    12.8039  32.340671    27.0503     12.120  273.63914  273.79224    66.5949    12.0085 0.0000e+00
 128.560966     12.264    12.8046  32.341483    27.0502     12.154  273.63457  273.78771    66.3303    12.0045 0.0000e+00
 128.560969     12.301    12.8053  32.341077    27.0495     12.190  273.63216  273.78535    76.5249    12.8455 0.0000e+00
 128.560972     12.328    12.8058  32.340671    27.0488     12.218  273.63069  273.78392    76.8362    12.8577 0.0000e+00
 128.560975     12.353    12.8056  32.338465    27.0479     12.243  273.63555  273.78878    76.9607    12.8294 0.0000e+00
 128.560978     12.381    12.8049  32.339046    27.0469     12.270  273.63738  273.79056    76.6805    12.8213 -9.990e-29
 128.560981     12.401    12.8044  32.337827    27.0448     12.290  273.64207  273.79523    83.7311    13.9090 -9.990e-29
 128.560984     12.428    12.8038  32.334808    27.0435     12.317  273.64994  273.80309    83.7000    13.8847 0.0000e+00
 128.560987     12.456    12.8025  32.330978    27.0421     12.344  273.66240  273.81550    83.5443    13.8686 0.0000e+00
 128.560990     12.491    12.8005  32.328134    27.0409     12.379  273.67627  273.82927    83.5910    13.8928 0.0000e+00
 128.560992     12.525    12.7981  32.325116    27.0409     12.413  273.69203  273.84491    80.2447    13.4359 0.0000e+00
 128.560995     12.562    12.7963  32.325465    27.0414     12.449  273.69963  273.85239    80.3070    13.4197 0.0000e+00
 128.560998     12.598    12.7948  32.326510    27.0434     12.485  273.70412  273.85677    80.1358    13.4359 0.0000e+00
 128.561001     12.640    12.7947  32.329122    27.0459     12.527  273.70016  273.85278    80.2759    13.4440 0.0000e+00
 128.561004     12.682    12.7952  32.329528    27.0459     12.569  273.69726  273.84991    80.2136    13.4480 0.0000e+00
 128.561007     12.719    12.7961  32.329528    27.0453     12.605  273.69350  273.84620    71.4665    12.7808 0.0000e+00
 128.561010     12.757    12.7964  32.328599    27.0453     12.643  273.69359  273.84633    71.4043    12.7727 0.0000e+00
 128.561013     12.794    12.7966  32.330167    27.0455     12.679  273.69021  273.84294    71.7000    12.7808 0.0000e+00
 128.561016     12.826    12.7969  32.333011    27.0479     12.711  273.68363  273.83636    71.5132    12.7687 0.0000e+00
 128.561019     12.859    12.7978  32.334404    27.0485     12.744  273.67741  273.83018    74.1124    13.1003 0.0000e+00
 128.561021     12.885    12.7992  32.336610    27.0485     12.769  273.66723  273.82007    73.8012    13.0558 0.0000e+00
 128.561024     12.918    12.8004  32.335855    27.0480     12.802  273.66322  273.81615    73.8634    13.0720 0.0000e+00
 128.561027     12.951    12.8010  32.333011    27.0449     12.835  273.66575  273.81874    73.8323    13.0558 0.0000e+00
 128.561030     12.982    12.8006  32.331386    27.0449     12.865  273.67053  273.82351    78.9685    13.6381 0.0000e+00
 128.561033     13.022    12.7994  32.331792    27.0449     12.905  273.67488  273.82778    78.7817    13.6543 0.0000e+00
 128.561036     13.056    12.7990  32.332373    27.0457     12.939  273.67577  273.82864    78.8284    13.6462 0.0000e+00
 128.561039     13.089    12.7988  32.332779    27.0462     12.972  273.67602  273.82887    78.7039    13.6098 0.0000e+00
 128.561042     13.124    12.7991  32.333418    27.0466     13.006  273.67334  273.82620    74.4704    13.6219 0.0000e+00
 128.561045     13.160    12.7996  32.333998    27.0466     13.042  273.67013  273.82302    74.4082    13.2742 0.0000e+00
 128.561047     13.191    12.7999  32.333418    27.0460     13.073  273.66991  273.82283    74.2214    13.2984 0.0000e+00
 128.561050     13.222    12.8003  32.332606    27.0450     13.104  273.66979  273.82274    74.0969    13.2620 0.0000e+00
 128.561053     13.255    12.8001  32.331967    27.0448     13.136  273.67157  273.82452    74.3303    13.2742 0.0000e+00
 128.561056     13.281    12.7998  32.332606    27.0445     13.162  273.67204  273.82495    74.3459    13.4116 -9.990e-29
 128.561059     13.304    12.7994  32.332664    27.0458     13.185  273.67384  273.82673    74.2214    13.3389 -9.990e-29
 128.561062     13.332    12.7993  32.332780    27.0465     13.212  273.67397  273.82685    74.2681    13.3712 0.0000e+00
 128.561065     13.365    12.7994  32.334231    27.0471     13.245  273.67111  273.82398    74.5015    13.3955 0.0000e+00
