Processed/SBE19plus_01907321_2022_05_11_Cast124_wfilter.cnv
* Sea-Bird SBE19plus  Data File:
* FileName = E:\Prandtl_Daten\2022\CTD\Raw\SBE19plus_01907321_2022_05_11_Cast124.hex
* Software version 2.6.1.12
* Temperature SN = 7321
* Conductivity SN = 7321
* System UpLoad Time = May 11 2022 08:40:52
* <ApplicationData>
* <Seaterm232>
** Messpraktikum 2022
** CTD 10.05  TS
** NMEA Latitude = 54 07.51N
** NMEA Longitude = 008 41,99E
# nquan = 11
# nvalues = 399                         
# units = specified
# name 0 = timeJ: Julian Days
# name 1 = prdM: Pressure, Strain Gauge [db]
# name 2 = tv290C: Temperature [ITS-90, deg C]
# name 3 = c0mS/cm: Conductivity [mS/cm]
# name 4 = sal00: Salinity, Practical [PSU]
# name 5 = depSM: Depth [salt water, m], lat = 54.00
# name 6 = oxsatMm/Kg: Oxygen Saturation, Weiss [umol/kg]
# name 7 = oxsolMm/Kg: Oxygen Saturation, Garcia & Gordon [umol/kg]
# name 8 = turbWETntu0: Turbidity, WET Labs ECO [NTU]
# name 9 = flECO-AFL: Fluorescence, WET Labs ECO-AFL/FL [mg/m^3]
# name 10 = flag:  0.000e+00
# span 0 = 131.357436, 131.358588       
# span 1 =      0.537,     10.080       
# span 2 =    12.9831,    13.3255       
# span 3 =  31.425623,  32.463530       
# span 4 =    26.0832,    26.7954       
# span 5 =      0.532,      9.989       
# span 6 =  271.14219,  274.43598       
# span 7 =  271.32720,  274.60886       
# span 8 =     2.1591,   139.9023       
# span 9 =     4.9604,    19.3356       
# span 10 = 0.0000e+00, 0.0000e+00      
# interval = seconds: 0.25
# start_time = May 11 2022 08:33:23 [Instrument's time stamp, header]
# bad_flag = -9.990e-29
*END*
[from data line 263]
 131.358197      7.250    13.3173  32.444752    26.7839      7.185  271.20894  271.39361    23.1864     7.9325 -9.990e-29
 131.358200      7.268    13.3182  32.447193    26.7855      7.203  271.20096  271.38566    26.8595     7.9527 -9.990e-29
 131.358203      7.286    13.3191  32.448646    26.7874      7.221  271.19436  271.37910    26.9996     7.9082 -9.990e-29
 131.358206      7.312    13.3201  32.450681    26.7881      7.247  271.18676  271.37155    26.8595     8.0134 0.0000e+00
 131.358209      7.339    13.3206  32.452657    26.7874      7.274  271.18116  271.36596    26.9062     7.9972 0.0000e+00
 131.358212      7.378    13.3209  32.449634    26.7879      7.312  271.18481  271.36966    32.8362     9.1011 0.0000e+00
 131.358215      7.410    13.3211  32.452076    26.7879      7.344  271.17999  271.36483    33.0074     9.1335 0.0000e+00
 131.358218      7.441    13.3211  32.452308    26.7881      7.375  271.17961  271.36445    32.9451     9.0849 0.0000e+00
 131.358220      7.470    13.3209  32.453297    26.7886      7.404  271.17856  271.36338    33.0385     9.0930 0.0000e+00
 131.358223      7.498    13.3210  32.453413    26.7891      7.431  271.17806  271.36288    32.9918     9.0930 -9.990e-29
 131.358226      7.522    13.3209  32.453297    26.7891      7.454  271.17859  271.36341    31.5288     9.5257 -9.990e-29
 131.358229      7.542    13.3210  32.453936    26.7896      7.474  271.17719  271.36200    31.4976     9.5014 -9.990e-29
 131.358232      7.565    13.3212  32.453530    26.7891      7.498  271.17727  271.36210    31.5132     9.4772 -9.990e-29
 131.358235      7.578    13.3214  32.454343    26.7897      7.510  271.17493  271.35977    31.5132     9.4529 -9.990e-29
 131.358238      7.602    13.3212  32.454227    26.7897      7.534  271.17578  271.36060    24.5093     7.8557 -9.990e-29
 131.358241      7.627    13.3214  32.455739    26.7904      7.559  271.17256  271.35738    24.4004     7.9082 -9.990e-29
 131.358244      7.656    13.3216  32.455332    26.7905      7.588  271.17233  271.35717    24.6338     7.9406 0.0000e+00
 131.358247      7.686    13.3215  32.455332    26.7905      7.617  271.17298  271.35781    24.4471     7.9285 0.0000e+00
 131.358249      7.717    13.3217  32.455972    26.7909      7.648  271.17095  271.35579    22.6261     7.8395 0.0000e+00
 131.358252      7.744    13.3219  32.457309    26.7915      7.675  271.16771  271.35256    22.5327     7.8880 0.0000e+00
 131.358255      7.771    13.3221  32.457192    26.7920      7.702  271.16698  271.35184    22.6105     7.8840 -9.990e-29
 131.358258      7.791    13.3223  32.458006    26.7923      7.722  271.16465  271.34951    22.4548     7.8557 -9.990e-29
 131.358261      7.811    13.3225  32.457367    26.7916      7.741  271.16481  271.34969    23.2953     7.6535 -9.990e-29
 131.358264      7.835    13.3228  32.458181    26.7921      7.765  271.16248  271.34737    23.2953     7.7101 -9.990e-29
 131.358267      7.851    13.3228  32.458297    26.7922      7.781  271.16197  271.34686    23.2331     7.6737 -9.990e-29
 131.358270      7.879    13.3230  32.457774    26.7916      7.808  271.16226  271.34716    23.1552     7.6292 -9.990e-29
 131.358273      7.900    13.3230  32.458588    26.7923      7.830  271.16087  271.34577    23.2642     7.6373 -9.990e-29
 131.358275      7.919    13.3231  32.459402    26.7927      7.848  271.15885  271.34375    25.0541     8.0174 -9.990e-29
 131.358278      7.944    13.3235  32.459402    26.7928      7.873  271.15728  271.34221    25.0229     7.9851 0.0000e+00
 131.358281      7.979    13.3236  32.459634    26.7929      7.907  271.15659  271.34151    25.0074     8.0012 0.0000e+00
 131.358284      8.010    13.3238  32.460216    26.7932      7.938  271.15466  271.33959    24.9140     7.9810 0.0000e+00
 131.358287      8.041    13.3239  32.460855    26.7937      7.969  271.15294  271.33788    30.7039     9.1335 0.0000e+00
 131.358290      8.074    13.3240  32.461437    26.7937      8.001  271.15165  271.33659    30.7350     9.0971 0.0000e+00
 131.358293      8.104    13.3241  32.461030    26.7942      8.032  271.15205  271.33700    30.7973     9.0607 0.0000e+00
 131.358296      8.137    13.3242  32.461960    26.7942      8.064  271.14984  271.33479    30.7817     9.1577 0.0000e+00
 131.358299      8.166    13.3244  32.461844    26.7944      8.093  271.14942  271.33438    28.1669     8.6563 0.0000e+00
 131.358302      8.196    13.3247  32.461263    26.7942      8.122  271.14918  271.33416    28.3226     8.6401 -9.990e-29
 131.358304      8.217    13.3248  32.462077    26.7941      8.144  271.14716  271.33214    28.1358     8.6684 -9.990e-29
 131.358307      8.238    13.3247  32.460449    26.7927      8.164  271.15061  271.33559    28.3537     8.5835 -9.990e-29
 131.358310      8.249    13.3247  32.462775    26.7949      8.175  271.14661  271.33158    28.1358     8.5552 -9.990e-29
 131.358313      8.267    13.3248  32.463472    26.7954      8.193  271.14479  271.32976    28.2447     8.5391 -9.990e-29
 131.358316      8.278    13.3251  32.462891    26.7947      8.204  271.14453  271.32952    28.1358     8.5552 -9.990e-29
 131.358319      8.296    13.3252  32.463065    26.7947      8.222  271.14361  271.32861    28.0735     8.5633 -9.990e-29
 131.358322      8.320    13.3254  32.463530    26.7948      8.245  271.14219  271.32720    28.3692     8.5471 -9.990e-29
 131.358325      8.347    13.3253  32.463298    26.7948      8.272  271.14292  271.32793    35.5910     9.3357 0.0000e+00
 131.358328      8.375    13.3253  32.463298    26.7948      8.300  271.14294  271.32795    35.6533     9.3316 0.0000e+00
 131.358330      8.404    13.3255  32.462659    26.7948      8.329  271.14343  271.32845    35.5910     9.3720 0.0000e+00
 131.358333      8.436    13.3253  32.463298    26.7941      8.361  271.14298  271.32799    35.5288     9.3316 0.0000e+00
 131.358336      8.469    13.3252  32.461380    26.7940      8.393  271.14694  271.33195    32.8829     9.3801 0.0000e+00
 131.358339      8.497    13.3251  32.462252    26.7940      8.421  271.14577  271.33077    32.7739     9.3923 0.0000e+00
 131.358342      8.535    13.3249  32.462252    26.7941      8.459  271.14674  271.33173    32.7584     9.3276 0.0000e+00
 131.358345      8.565    13.3249  32.462485    26.7941      8.488  271.14604  271.33103    32.8673     9.3276 0.0000e+00
 131.358348      8.594    13.3249  32.462078    26.7940      8.517  271.14708  271.33207    39.2331    10.8844 0.0000e+00
 131.358351      8.621    13.3247  32.461787    26.7940      8.544  271.14823  271.33321    39.4354    10.9329 0.0000e+00
 131.358354      8.647    13.3245  32.461846    26.7939      8.569  271.14909  271.33406    39.4976    10.9127 0.0000e+00
 131.358356      8.672    13.3244  32.461439    26.7940      8.595  271.15012  271.33509    39.4976    10.9329 -9.990e-29
 131.358359      8.690    13.3243  32.460451    26.7929      8.613  271.15247  271.33743    46.5482    11.1108 -9.990e-29
 131.358362      8.711    13.3243  32.460044    26.7925      8.633  271.15318  271.33815    46.5949    11.0946 -9.990e-29
 131.358365      8.727    13.3240  32.457893    26.7907      8.649  271.15816  271.34313    46.5327    11.1108 -9.990e-29
 131.358368      8.747    13.3236  32.459811    26.7927      8.669  271.15645  271.34138    46.5015    11.1310 -9.990e-29
 131.358371      8.765    13.3236  32.459404    26.7924      8.687  271.15748  271.34241    46.4237    11.1149 -9.990e-29
 131.358374      8.787    13.3232  32.458184    26.7912      8.709  271.16117  271.34609    51.4976    12.3199 -9.990e-29
 131.358377      8.813    13.3231  32.457777    26.7911      8.734  271.16252  271.34744    51.4665    12.3441 0.0000e+00
 131.358380      8.842    13.3228  32.457312    26.7910      8.763  271.16460  271.34951    51.5288    12.3279 0.0000e+00
 131.358383      8.875    13.3225  32.456963    26.7909      8.796  271.16649  271.35138    51.5132    12.3199 0.0000e+00
 131.358385      8.908    13.3223  32.456382    26.7905      8.828  271.16846  271.35334    55.7934    12.6070 0.0000e+00
 131.358388      8.935    13.3223  32.456150    26.7904      8.855  271.16888  271.35376    55.7155    12.6070 0.0000e+00
 131.358391      8.961    13.3219  32.455975    26.7903      8.881  271.17077  271.35563    55.7311    12.5867 -9.990e-29
 131.358394      8.985    13.3215  32.455162    26.7899      8.904  271.17409  271.35892    55.8556    12.5787 -9.990e-29
 131.358397      9.012    13.3215  32.454522    26.7893      8.931  271.17489  271.35974    56.8050    12.8657 -9.990e-29
 131.358400      9.032    13.3212  32.454929    26.7898      8.951  271.17546  271.36029    56.7739    12.8253 -9.990e-29
 131.358403      9.059    13.3211  32.454929    26.7899      8.978  271.17611  271.36093    56.7895    12.8132 -9.990e-29
 131.358406      9.082    13.3211  32.454813    26.7898      9.001  271.17633  271.36115    56.7428    12.8374 -9.990e-29
 131.358409      9.104    13.3210  32.454930    26.7896      9.023  271.17646  271.36127    56.8984    12.9062 -9.990e-29
 131.358411      9.130    13.3209  32.454523    26.7896      9.048  271.17749  271.36230    56.8362    12.9224 0.0000e+00
 131.358414      9.161    13.3209  32.454523    26.7896      9.079  271.17751  271.36232    56.7272    12.8819 0.0000e+00
 131.358417      9.194    13.3209  32.454116    26.7893      9.111  271.17855  271.36336    56.8362    12.8900 0.0000e+00
 131.358420      9.224    13.3208  32.454000    26.7892      9.142  271.17908  271.36389    56.8050    12.8860 0.0000e+00
 131.358423      9.250    13.3207  32.453128    26.7889      9.167  271.18123  271.36604    55.2642    12.2471 0.0000e+00
 131.358426      9.279    13.3206  32.453302    26.7885      9.196  271.18127  271.36607    55.1708    12.2592 -9.990e-29
 131.358429      9.299    13.3206  32.453535    26.7889      9.216  271.18088  271.36568    55.1864    12.2390 -9.990e-29
 131.358432      9.323    13.3206  32.454349    26.7897      9.239  271.17949  271.36428    55.1708    12.2916 -9.990e-29
 131.358435      9.341    13.3207  32.452489    26.7879      9.257  271.18207  271.36689    57.2253    12.1419 -9.990e-29
 131.358438      9.359    13.3206  32.454523    26.7898      9.275  271.17921  271.36401    57.3031    12.1339 -9.990e-29
 131.358440      9.379    13.3206  32.454524    26.7898      9.295  271.17923  271.36402    57.1630    12.1419 -9.990e-29
 131.358443      9.401    13.3207  32.453942    26.7892      9.317  271.17961  271.36441    57.1475    12.1096 -9.990e-29
 131.358446      9.427    13.3207  32.453710    26.7890      9.342  271.18002  271.36483    49.8634    11.3656 -9.990e-29
 131.358449      9.449    13.3206  32.453826    26.7892      9.364  271.18047  271.36527    49.7545    11.3534 -9.990e-29
 131.358452      9.476    13.3207  32.453942    26.7893      9.391  271.17997  271.36477    49.7233    11.3817 0.0000e+00
 131.358455      9.507    13.3205  32.453943    26.7892      9.422  271.18062  271.36542    49.7856    11.3656 0.0000e+00
 131.358458      9.538    13.3205  32.453536    26.7893      9.453  271.18134  271.36614    51.5288    11.7982 0.0000e+00
 131.358461      9.568    13.3204  32.454931    26.7903      9.482  271.17959  271.36437    51.5755    11.7942 0.0000e+00
 131.358464      9.598    13.3206  32.456152    26.7903      9.512  271.17656  271.36134    51.5132    11.8023 0.0000e+00
 131.358466      9.626    13.3209  32.455338    26.7912      9.540  271.17671  271.36152    51.6066    11.8265 0.0000e+00
 131.358469      9.660    13.3212  32.456966    26.7909      9.574  271.17235  271.35716    51.5443    11.8346 0.0000e+00
 131.358472      9.688    13.3215  32.457373    26.7915      9.601  271.17040  271.35523    65.5054    14.0344 -9.990e-29
 131.358475      9.710    13.3217  32.456559    26.7907      9.623  271.17087  271.35572    65.1630    14.0182 -9.990e-29
 131.358478      9.735    13.3220  32.457722    26.7916      9.648  271.16794  271.35279    65.5988    14.0263 -9.990e-29
 131.358481      9.755    13.3220  32.457780    26.7917      9.668  271.16785  271.35270    65.5521    14.0344 -9.990e-29
 131.358484      9.777    13.3220  32.457606    26.7915      9.690  271.16816  271.35301    75.0930    14.8027 -9.990e-29
 131.358487      9.798    13.3220  32.454932    26.7890      9.710  271.17246  271.35734    75.0619    14.8148 -9.990e-29
 131.358490      9.820    13.3220  32.456792    26.7913      9.732  271.16927  271.35414    75.1085    14.8269 -9.990e-29
 131.358492      9.849    13.3219  32.457315    26.7909      9.761  271.16902  271.35387    74.9996    14.8269 0.0000e+00
 131.358495      9.876    13.3220  32.456559    26.7909      9.788  271.17003  271.35489    78.2214    15.5386 0.0000e+00
 131.358498      9.906    13.3219  32.456153    26.7905      9.817  271.17106  271.35592    78.2369    15.5912 -9.990e-29
 131.358501      9.929    13.3217  32.455746    26.7899      9.840  271.17241  271.35726    78.1747    15.5629 -9.990e-29
 131.358504      9.951    13.3215  32.454932    26.7893      9.862  271.17477  271.35962    78.4860    15.5507 -9.990e-29
 131.358507      9.969    13.3212  32.454409    26.7891      9.880  271.17695  271.36178    90.2525    15.5426 -9.990e-29
 131.358510      9.989    13.3211  32.455339    26.7900      9.900  271.17599  271.36081   104.9140    17.2410 -9.990e-29
 131.358513     10.011    13.3212  32.454758    26.7890      9.922  271.17669  271.36152   104.7428    17.2774 -9.990e-29
 131.358516     10.038    13.3212  32.454351    26.7890      9.948  271.17709  271.36193   104.8206    17.2693 0.0000e+00
 131.358519     10.067    13.3212  32.454526    26.7890      9.977  271.17713  271.36196   104.7739    17.2652 -9.990e-29
 131.358521     10.067    13.3212  32.453072    26.7878      9.977  271.17931  271.36416    97.3498    16.3190 -9.990e-29
 131.358524     10.068    13.3210  32.452898    26.7878      9.978  271.18056  271.36539    97.2408    16.2826 -9.990e-29
 131.358527     10.069    13.3212  32.451910    26.7868      9.979  271.18163  271.36648    97.4743    16.2826 -9.990e-29
 131.358530     10.067    13.3212  32.452491    26.7873      9.977  271.18031  271.36516    97.3031    16.3150 -9.990e-29
 131.358533     10.069    13.3209  32.451096    26.7862      9.979  271.18398  271.36883   116.6494    16.2462 -9.990e-29
 131.358536     10.071    13.3211  32.452317    26.7872      9.981  271.18125  271.36609   116.7117    16.2948 -9.990e-29
 131.358539     10.069    13.3211  32.452317    26.7872      9.979  271.18125  271.36609   116.5871    16.2826 -9.990e-29
 131.358542     10.065    13.3213  32.453130    26.7878      9.975  271.17889  271.36374   116.6183    16.2786 -9.990e-29
 131.358545     10.067    13.3215  32.453537    26.7880      9.977  271.17725  271.36211   139.6066    18.4541 -9.990e-29
 131.358547     10.060    13.3215  32.453654    26.7882      9.970  271.17736  271.36221   139.7467    18.5268 -9.990e-29
 131.358550     10.056    13.3215  32.453305    26.7878      9.966  271.17764  271.36250   139.9023    18.5592 -9.990e-29
 131.358553     10.054    13.3217  32.453305    26.7877      9.964  271.17669  271.36157   139.6844    18.5228 -9.990e-29
 131.358556     10.053    13.3217  32.453537    26.7879      9.963  271.17660  271.36147   139.7000    18.4338 -9.990e-29
 131.358559     10.051    13.3216  32.453130    26.7876      9.961  271.17762  271.36249   133.9879    19.1132 -9.990e-29
 131.358562     10.051    13.3218  32.453072    26.7874      9.961  271.17677  271.36165   133.8478    19.1172 -9.990e-29
 131.358565     10.056    13.3217  32.453130    26.7875      9.966  271.17699  271.36187   133.9879    19.1415 -9.990e-29
 131.358568     10.058    13.3219  32.452723    26.7870      9.968  271.17706  271.36195   133.6299    19.1253 -9.990e-29
 131.358571     10.061    13.3218  32.453712    26.7880      9.971  271.17568  271.36055   138.8128    19.3315 -9.990e-29
