Processed/SBE19plus_01907321_2022_05_03_Cast02_wfilter.cnv
* Sea-Bird SBE19plus  Data File:
* FileName = E:\Prandtl Daten\2022\CTD\Raw\SBE19plus_01907321_2022_05_03_Cast02.hex
* Software version 2.6.1.12
* Temperature SN = 7321
* Conductivity SN = 7321
* System UpLoad Time = May 03 2022 10:21:02
* <ApplicationData>
* <Seaterm232>
** Messpraktikum 2022
** Suederpiep - Mooring2
** 54 06.05N
** 008 38.61E
** Jan Ladwig, Torbjörn Kagel
# nquan = 11
# nvalues = 549                         
# units = specified
# name 0 = timeJ: Julian Days
# name 1 = prdM: Pressure, Strain Gauge [db]
# name 2 = tv290C: Temperature [ITS-90, deg C]
# name 3 = c0mS/cm: Conductivity [mS/cm]
# name 4 = sal00: Salinity, Practical [PSU]
# name 5 = depSM: Depth [salt water, m], lat = 54.00
# name 6 = oxsatMm/Kg: Oxygen Saturation, Weiss [umol/kg]
# name 7 = oxsolMm/Kg: Oxygen Saturation, Garcia & Gordon [umol/kg]
# name 8 = turbWETntu0: Turbidity, WET Labs ECO [NTU]
# name 9 = flECO-AFL: Fluorescence, WET Labs ECO-AFL/FL [mg/m^3]
# name 10 = flag:  0.000e+00
# span 0 = 123.423640, 123.425226       
# span 1 =      0.655,     14.517       
# span 2 =    11.5538,    11.7942       
# span 3 =  30.901389,  31.154215       
# span 4 =    26.4355,    26.8345       
# span 5 =      0.649,     14.387       
# span 6 =  280.78693,  281.46794       
# span 7 =  280.88683,  281.54846       
# span 8 =    51.1397,   147.0463       
# span 9 =    12.1217,    15.5224       
# span 10 = 0.0000e+00, 0.0000e+00      
# interval = seconds: 0.25
# start_time = May 03 2022 10:08:30 [Instrument's time stamp, header]
# bad_flag = -9.990e-29
*END*
[from data line 132]
 123.424022      4.116    11.7594  30.923930    26.4729      4.079  280.92778  281.02518    68.1047    13.4440 0.0000e+00
 123.424025      4.156    11.7593  30.924558    26.4731      4.119  280.92727  281.02466    68.0891    13.4399 0.0000e+00
 123.424028      4.189    11.7592  30.925299    26.4734      4.152  280.92623  281.02360    68.0735    13.4440 -9.990e-29
 123.424031      4.211    11.7591  30.924729    26.4737      4.174  280.92763  281.02500    67.9957    13.4278 -9.990e-29
 123.424034      4.226    11.7590  30.924330    26.4733      4.188  280.92871  281.02608    67.1708    13.3510 -9.990e-29
 123.424036      4.246    11.7593  30.923930    26.4728      4.208  280.92851  281.02590    67.2019    13.3429 -9.990e-29
 123.424039      4.268    11.7593  30.923588    26.4725      4.229  280.92916  281.02655    67.2175    13.3146 -9.990e-29
 123.424042      4.290    11.7597  30.922618    26.4712      4.251  280.92906  281.02649    67.1241    13.3510 -9.990e-29
 123.424045      4.308    11.7604  30.922618    26.4708      4.269  280.92586  281.02334    68.9762    13.4399 -9.990e-29
 123.424048      4.319    11.7609  30.923759    26.4714      4.280  280.92117  281.01868    68.7739    13.4521 -9.990e-29
 123.424051      4.328    11.7609  30.924330    26.4720      4.289  280.92011  281.01761    69.0074    13.4723 -9.990e-29
 123.424054      4.328    11.7604  30.924729    26.4727      4.290  280.92161  281.01908    68.9296    13.4763 -9.990e-29
 123.424057      4.324    11.7599  30.924044    26.4724      4.286  280.92514  281.02257    68.9762    13.4399 -9.990e-29
 123.424060      4.324    11.7595  30.923189    26.4719      4.286  280.92898  281.02639    67.9023    13.3227 -9.990e-29
 123.424063      4.332    11.7591  30.922048    26.4711      4.293  280.93272  281.03012    67.7311    13.3510 -9.990e-29
 123.424065      4.343    11.7590  30.921649    26.4708      4.304  280.93379  281.03120    67.9334    13.3227 -9.990e-29
 123.424068      4.366    11.7588  30.921078    26.4699      4.327  280.93584  281.03323    67.7778    13.3308 -9.990e-29
 123.424071      4.406    11.7586  30.920394    26.4695      4.367  280.93843  281.03581    66.6883    13.4359 0.0000e+00
 123.424074      4.458    11.7586  30.919538    26.4690      4.418  280.93974  281.03714    66.7194    13.4885 0.0000e+00
 123.424077      4.527    11.7588  30.918569    26.4680      4.486  280.94095  281.03837    66.7039    13.4642 0.0000e+00
 123.424080      4.591    11.7589  30.918740    26.4680      4.550  280.94004  281.03746    66.5638    13.4844 0.0000e+00
 123.424083      4.642    11.7590  30.917770    26.4675      4.600  280.94156  281.03900    65.8012    13.4642 0.0000e+00
 123.424086      4.678    11.7595  30.918569    26.4670      4.637  280.93785  281.03531    65.5677    13.4521 -9.990e-29
 123.424089      4.702    11.7597  30.917770    26.4665      4.660  280.93807  281.03556    65.7078    13.4278 -9.990e-29
 123.424091      4.717    11.7602  30.918341    26.4667      4.675  280.93477  281.03229    65.5521    13.4561 -9.990e-29
 123.424094      4.715    11.7605  30.917999    26.4661      4.673  280.93412  281.03166    70.0346    13.4116 -9.990e-29
 123.424097      4.717    11.7607  30.920680    26.4685      4.674  280.92815  281.02568    70.0969    13.3752 -9.990e-29
 123.424100      4.719    11.7602  30.923475    26.4715      4.676  280.92518  281.02265    70.0969    13.3550 -9.990e-29
 123.424103      4.733    11.7594  30.925700    26.4742      4.691  280.92489  281.02227    70.2058    13.3955 -9.990e-29
 123.424106      4.753    11.7582  30.926841    26.4762      4.711  280.92855  281.02583    70.0191    13.3995 -9.990e-29
 123.424109      4.777    11.7570  30.927412    26.4785      4.734  280.93264  281.02984    70.6727    13.4683 -9.990e-29
 123.424112      4.815    11.7561  30.927812    26.4783      4.772  280.93609  281.03322    70.5638    13.4359 0.0000e+00
 123.424115      4.848    11.7556  30.927127    26.4782      4.805  280.93996  281.03706    70.5327    13.4723 0.0000e+00
 123.424117      4.890    11.7553  30.926671    26.4781      4.846  280.94212  281.03921    70.5949    13.4602 0.0000e+00
 123.424120      4.923    11.7553  30.924332    26.4780      4.879  280.94651  281.04363    64.9762    13.2984 -9.990e-29
 123.424123      4.945    11.7558  30.923020    26.4742      4.901  280.94673  281.04389    64.7428    13.3227 -9.990e-29
 123.424126      4.958    11.7566  30.921251    26.4719      4.913  280.94619  281.04343    64.9451    13.3672 -9.990e-29
 123.424129      4.969    11.7577  30.920224    26.4701      4.924  280.94298  281.04031    64.8362    13.2822 -9.990e-29
 123.424132      4.978    11.7587  30.918741    26.4680      4.933  280.94126  281.03867    66.2058    13.3672 -9.990e-29
 123.424135      4.994    11.7593  30.919882    26.4673      4.950  280.93625  281.03369    66.1436    13.4197 -9.990e-29
 123.424138      5.029    11.7597  30.918741    26.4674      4.984  280.93648  281.03396    66.1747    13.4036 0.0000e+00
 123.424141      5.067    11.7601  30.919141    26.4673      5.022  280.93415  281.03166    66.3148    13.3874 0.0000e+00
 123.424144      5.106    11.7604  30.918970    26.4670      5.060  280.93289  281.03043    66.5794    13.3429 0.0000e+00
 123.424146      5.142    11.7606  30.918741    26.4666      5.096  280.93270  281.03025    66.6727    13.3227 0.0000e+00
 123.424149      5.185    11.7607  30.918342    26.4666      5.138  280.93283  281.03039    66.6261    13.3308 0.0000e+00
 123.424152      5.223    11.7605  30.919141    26.4666      5.176  280.93233  281.02987    66.5949    13.3227 0.0000e+00
 123.424155      5.248    11.7604  30.918342    26.4670      5.201  280.93448  281.03202    66.6105    13.3227 -9.990e-29
 123.424158      5.270    11.7606  30.919198    26.4670      5.223  280.93194  281.02948    71.9023    13.5936 -9.990e-29
 123.424161      5.283    11.7604  30.922051    26.4698      5.235  280.92726  281.02476    71.7155    13.5693 -9.990e-29
 123.424164      5.286    11.7595  30.925873    26.4741      5.239  280.92430  281.02169    72.0113    13.5653 -9.990e-29
 123.424167      5.288    11.7577  30.926672    26.4761      5.241  280.93116  281.02842    71.9023    13.6017 -9.990e-29
 123.424170      5.290    11.7558  30.928783    26.4795      5.242  280.93621  281.03331    74.9062    13.5572 -9.990e-29
 123.424172      5.292    11.7541  30.929126    26.4810      5.244  280.94359  281.04057    74.8751    13.5451 -9.990e-29
 123.424175      5.308    11.7532  30.931465    26.4861      5.260  280.94341  281.04029    74.8440    13.5815 -9.990e-29
 123.424178      5.339    11.7519  30.932834    26.4890      5.291  280.94665  281.04343    74.8440    13.5936 0.0000e+00
 123.424181      5.385    11.7504  30.938027    26.4920      5.336  280.94404  281.04066    89.4120    13.7796 0.0000e+00
 123.424184      5.439    11.7481  30.943848    26.4992      5.391  280.94412  281.04051    89.3342    13.7796 0.0000e+00
 123.424187      5.501    11.7439  30.956346    26.5139      5.452  280.94006  281.03602    89.3342    13.7796 0.0000e+00
 123.424190      5.548    11.7372  30.961369    26.5235      5.499  280.96182  281.05726    89.2720    13.7756 0.0000e+00
 123.424193      5.592    11.7308  30.964681    26.5273      5.542  280.98516  281.08012    82.3148    13.9373 0.0000e+00
 123.424196      5.621    11.7263  30.965423    26.5311      5.571  281.00496  281.09959    82.4704    13.8969 -9.990e-29
 123.424198      5.638    11.7232  30.963483    26.5354      5.588  281.02303  281.11746    82.3459    13.9211 -9.990e-29
 123.424201      5.651    11.7221  30.963255    26.5360      5.600  281.02859  281.12295    82.3459    13.8888 -9.990e-29
 123.424204      5.662    11.7218  30.962170    26.5351      5.611  281.03159  281.12595    82.3926    13.8888 -9.990e-29
 123.424207      5.660    11.7217  30.962570    26.5356      5.610  281.03148  281.12583    80.9762    13.6017 -9.990e-29
 123.424210      5.673    11.7217  30.962170    26.5352      5.622  281.03224  281.12659    80.9140    13.5693 -9.990e-29
 123.424213      5.691    11.7220  30.961029    26.5339      5.640  281.03310  281.12748    80.9607    13.5653 -9.990e-29
 123.424216      5.715    11.7226  30.957776    26.5304      5.664  281.03632  281.13078    81.0074    13.5774 -9.990e-29
 123.424219      5.739    11.7235  30.956349    26.5284      5.688  281.03483  281.12937    75.0307    13.6462 -9.990e-29
 123.424222      5.768    11.7250  30.950014    26.5213      5.717  281.03964  281.13436    74.9996    13.6502 -9.990e-29
 123.424225      5.785    11.7277  30.947902    26.5174      5.733  281.03141  281.12634    75.1241    13.6381 -9.990e-29
 123.424227      5.810    11.7305  30.944193    26.5119      5.758  281.02521  281.12038    75.0619    13.6300 -9.990e-29
 123.424230      5.829    11.7333  30.941682    26.5075      5.776  281.01709  281.11247    75.4043    13.6543 -9.990e-29
 123.424233      5.852    11.7357  30.941739    26.5058      5.800  281.00545  281.10101    75.3264    13.6462 -9.990e-29
 123.424236      5.871    11.7377  30.941682    26.5019      5.818  280.99658  281.09228    75.2798    13.6421 -9.990e-29
 123.424239      5.898    11.7386  30.939798    26.5022      5.845  280.99563  281.09141    75.3109    13.6543 0.0000e+00
 123.424242      5.924    11.7397  30.941111    26.5024      5.871  280.98838  281.08422    74.5327    13.6219 0.0000e+00
 123.424245      5.960    11.7399  30.942309    26.5034      5.907  280.98520  281.08105    74.6416    13.6583 0.0000e+00
 123.424248      5.993    11.7395  30.942138    26.5034      5.939  280.98747  281.08329    74.6416    13.6462 0.0000e+00
 123.424251      6.029    11.7391  30.939171    26.5009      5.975  280.99465  281.09047    74.6105    13.6502 0.0000e+00
 123.424253      6.069    11.7393  30.935748    26.4976      6.015  281.00043  281.09630    74.5638    13.6785 0.0000e+00
 123.424256      6.106    11.7407  30.932267    26.4932      6.051  281.00022  281.09623    70.1747    13.4399 0.0000e+00
 123.424259      6.137    11.7429  30.929528    26.4911      6.082  280.99509  281.09129    70.1280    13.4723 0.0000e+00
 123.424262      6.166    11.7451  30.928558    26.4890      6.111  280.98697  281.08333    70.1903    13.5006 -9.990e-29
 123.424265      6.188    11.7469  30.928387    26.4851      6.132  280.97864  281.07513    70.1280    13.4804 -9.990e-29
 123.424268      6.208    11.7483  30.929186    26.4849      6.152  280.97074  281.06732    72.8984    13.5774 -9.990e-29
 123.424271      6.219    11.7486  30.929357    26.4848      6.163  280.96915  281.06574    72.9140    13.6138 -9.990e-29
 123.424274      6.226    11.7483  30.929928    26.4856      6.170  280.96969  281.06626    72.7272    13.5774 -9.990e-29
 123.424277      6.233    11.7478  30.931183    26.4871      6.178  280.96960  281.06611    73.0074    13.5936 -9.990e-29
 123.424280      6.235    11.7472  30.932838    26.4891      6.179  280.96907  281.06554    76.8362    13.6017 -9.990e-29
 123.424282      6.241    11.7463  30.933408    26.4903      6.185  280.97218  281.06858    76.7117    13.5815 -9.990e-29
 123.424285      6.255    11.7455  30.934207    26.4916      6.199  280.97455  281.07088    76.8206    13.5653 -9.990e-29
 123.424288      6.275    11.7442  30.936661    26.4989      6.219  280.97576  281.07197    76.8050    13.5815 -9.990e-29
 123.424291      6.305    11.7430  30.940085    26.5040      6.248  280.97516  281.07124    86.5794    14.0344 0.0000e+00
 123.424294      6.346    11.7409  30.949215    26.5091      6.290  280.96807  281.06391    86.5638    14.0344 0.0000e+00
 123.424297      6.390    11.7363  30.960801    26.5233      6.333  280.96762  281.06301    86.6105    14.0141 0.0000e+00
 123.424300      6.431    11.7292  30.968336    26.5354      6.373  280.98627  281.08108    86.7039    14.0505 0.0000e+00
 123.424303      6.472    11.7221  30.969136    26.5366      6.415  281.01815  281.11245    86.5015    14.0303 0.0000e+00
 123.424306      6.509    11.7175  30.960803    26.5372      6.451  281.05493  281.14900    84.0735    13.9778 0.0000e+00
 123.424308      6.544    11.7169  30.961032    26.5369      6.485  281.05709  281.15112    84.1980    13.9575 0.0000e+00
 123.424311      6.571    11.7178  30.961203    26.5372      6.512  281.05262  281.14671    84.2914    13.9575 -9.990e-29
 123.424314      6.595    11.7184  30.963144    26.5382      6.536  281.04644  281.14055    84.0735    13.9778 -9.990e-29
 123.424317      6.622    11.7180  30.967767    26.5428      6.563  281.03973  281.13376    98.3303    14.0182 -9.990e-29
 123.424320      6.642    11.7159  30.978100    26.5541      6.583  281.03003  281.12380    98.4237    14.0505 -9.990e-29
 123.424323      6.662    11.7110  30.989804    26.5687      6.603  281.03090  281.12420    98.3148    14.0263 -9.990e-29
 123.424326      6.675    11.7036  30.994601    26.5785      6.615  281.05622  281.14894    98.3459    14.0182 -9.990e-29
 123.424329      6.688    11.6969  30.997914    26.5864      6.628  281.08111  281.17332    91.7155    14.0303 -9.990e-29
 123.424332      6.704    11.6921  30.995802    26.5878      6.644  281.10750  281.19940    91.7622    14.0424 -9.990e-29
 123.424334      6.721    11.6897  30.996373    26.5901      6.660  281.11765  281.20937    91.7155    14.0182 -9.990e-29
 123.424337      6.741    11.6881  30.998886    26.5975      6.680  281.12033  281.21191    91.5910    13.9939 -9.990e-29
 123.424340      6.766    11.6866  31.001798    26.5975      6.706  281.12193  281.21338    94.2681    13.9414 0.0000e+00
 123.424343      6.799    11.6846  31.000428    26.5975      6.738  281.13349  281.22482    94.3303    13.9414 0.0000e+00
 123.424346      6.828    11.6837  31.000200    26.5980      6.767  281.13842  281.22968    94.2369    13.9454 0.0000e+00
 123.424349      6.861    11.6831  31.001570    26.5997      6.800  281.13844  281.22964    94.4237    13.9858 0.0000e+00
 123.424352      6.890    11.6823  31.006196    26.6022      6.829  281.13332  281.22441    94.3926    13.9373 0.0000e+00
 123.424355      6.925    11.6799  31.013964    26.6046      6.863  281.12999  281.22083    97.6144    14.1395 -9.990e-29
 123.424358      6.947    11.6759  31.015906    26.6184      6.885  281.14526  281.23579    97.5833    14.1314 -9.990e-29
 123.424361      6.965    11.6725  31.016649    26.6215      6.903  281.15925  281.24954    97.6455    14.1516 -9.990e-29
 123.424363      6.985    11.6700  31.017220    26.6238      6.923  281.17004  281.26014    97.4276    14.1476 -9.990e-29
 123.424366      7.003    11.6686  31.017620    26.6252      6.941  281.17570  281.26571    99.2486    14.2244 -9.990e-29
 123.424369      7.027    11.6677  31.019848    26.6308      6.965  281.17602  281.26593    99.3731    14.2244 -9.990e-29
 123.424372      7.060    11.6662  31.021676    26.6343      6.997  281.17934  281.26913    99.2642    14.1961 0.0000e+00
 123.424375      7.095    11.6645  31.027902    26.6379      7.031  281.17569  281.26529    99.1552    14.1921 0.0000e+00
 123.424378      7.128    11.6614  31.036015    26.6478      7.064  281.17490  281.26418   105.3342    14.2285 0.0000e+00
 123.424381      7.164    11.6568  31.041614    26.6564      7.100  281.18586  281.27476   105.3498    14.2002 0.0000e+00
 123.424384      7.192    11.6516  31.045100    26.6634      7.127  281.20333  281.29182   105.3187    14.2082 0.0000e+00
 123.424387      7.226    11.6475  31.045101    26.6663      7.162  281.22223  281.31044   105.1941    14.1799 0.0000e+00
 123.424389      7.263    11.6449  31.048243    26.6712      7.198  281.22851  281.31650   109.4899    14.2770 0.0000e+00
 123.424392      7.292    11.6426  31.051329    26.6735      7.227  281.23362  281.32140   109.3809    14.3053 0.0000e+00
 123.424395      7.321    11.6403  31.054815    26.6758      7.256  281.23765  281.32523   109.4120    14.2689 -9.990e-29
