Processed/SBE19plus_01907321_2022_05_05_Cast23_wfilter.cnv
* Sea-Bird SBE19plus  Data File:
* FileName = E:\Prandtl Daten\2022\CTD\Raw\SBE19plus_01907321_2022_05_04_Cast23.hex
* Software version 2.6.1.12
* Temperature SN = 7321
* Conductivity SN = 7321
* System UpLoad Time = May 05 2022 08:00:07
* <ApplicationData>
* <Seaterm232>
** Messpraktikum 2022
** CTD 05.05 BM
# nquan = 11
# nvalues = 522                         
# units = specified
# name 0 = timeJ: Julian Days
# name 1 = prdM: Pressure, Strain Gauge [db]
# name 2 = tv290C: Temperature [ITS-90, deg C]
# name 3 = c0mS/cm: Conductivity [mS/cm]
# name 4 = sal00: Salinity, Practical [PSU]
# name 5 = depSM: Depth [salt water, m], lat = 54.00
# name 6 = oxsatMm/Kg: Oxygen Saturation, Weiss [umol/kg]
# name 7 = oxsolMm/Kg: Oxygen Saturation, Garcia & Gordon [umol/kg]
# name 8 = turbWETntu0: Turbidity, WET Labs ECO [NTU]
# name 9 = flECO-AFL: Fluorescence, WET Labs ECO-AFL/FL [mg/m^3]
# name 10 = flag:  0.000e+00
# span 0 = 125.328900, 125.330408       
# span 1 =      0.576,     13.441       
# span 2 =    12.2978,    12.3328       
# span 3 =  31.834243,  31.889107       
# span 4 =    26.9444,    26.9688       
# span 5 =      0.571,     13.321       
# span 6 =  276.54293,  276.78392       
# span 7 =  276.66932,  276.90857       
# span 8 =    -6.3389,    87.8556       
# span 9 =    -0.1790,    16.5495       
# span 10 = 0.0000e+00, 0.0000e+00      
# interval = seconds: 0.25
# start_time = May 05 2022 07:51:39 [Instrument's time stamp, header]
# bad_flag = -9.990e-29
*END*
[from data line 132]
 125.329282      3.901    12.3090  31.846022    26.9474      3.866  276.72101  276.84620    33.1630    11.7376 -9.990e-29
 125.329285      3.925    12.3093  31.845619    26.9467      3.890  276.72017  276.84540    33.1786    11.7699 -9.990e-29
 125.329288      3.943    12.3095  31.846022    26.9469      3.908  276.71850  276.84374    33.1941    11.7295 -9.990e-29
 125.329291      3.959    12.3095  31.845619    26.9466      3.924  276.71956  276.84479    33.2253    11.7740 -9.990e-29
 125.329294      3.980    12.3090  31.844984    26.9463      3.944  276.72263  276.84784    31.5132    12.8415 -9.990e-29
 125.329297      3.996    12.3087  31.846773    26.9482      3.960  276.72098  276.84615    31.5132    12.8657 -9.990e-29
 125.329300      4.021    12.3092  31.847581    26.9481      3.986  276.71732  276.84251    31.5599    12.8738 -9.990e-29
 125.329303      4.047    12.3096  31.847408    26.9482      4.011  276.71575  276.84097    31.5132    12.8213 0.0000e+00
 125.329306      4.075    12.3105  31.848216    26.9481      4.038  276.71050  276.83577    32.8050    12.2996 0.0000e+00
 125.329308      4.106    12.3107  31.846600    26.9466      4.069  276.71218  276.83749    32.7272    12.2632 0.0000e+00
 125.329311      4.135    12.3106  31.844811    26.9458      4.098  276.71608  276.84139    32.8206    12.2471 0.0000e+00
 125.329314      4.166    12.3094  31.845619    26.9450      4.128  276.72002  276.84524    32.8362    12.2592 -9.990e-29
 125.329317      4.191    12.3088  31.846427    26.9478      4.154  276.72142  276.84660    33.0852    11.8144 -9.990e-29
 125.329320      4.219    12.3088  31.847408    26.9486      4.181  276.71934  276.84451    33.0541    11.8184 -9.990e-29
 125.329323      4.241    12.3095  31.847581    26.9483      4.203  276.71588  276.84109    33.0229    11.7982 -9.990e-29
 125.329326      4.257    12.3100  31.847408    26.9478      4.219  276.71399  276.83924    32.9607    11.7901 -9.990e-29
 125.329329      4.277    12.3100  31.846774    26.9472      4.239  276.71515  276.84041    33.0074    11.7982 -9.990e-29
 125.329332      4.293    12.3105  31.847812    26.9478      4.255  276.71106  276.83634    33.4899    12.3522 -9.990e-29
 125.329334      4.310    12.3107  31.847581    26.9482      4.271  276.71054  276.83584    33.5677    12.3037 -9.990e-29
 125.329337      4.335    12.3109  31.848620    26.9483      4.296  276.70772  276.83302    33.4587    12.3118 0.0000e+00
 125.329340      4.366    12.3116  31.849197    26.9483      4.327  276.70385  276.82919    33.5677    12.3441 0.0000e+00
 125.329343      4.395    12.3121  31.849601    26.9483      4.356  276.70092  276.82629    30.7973    11.6284 0.0000e+00
 125.329346      4.428    12.3123  31.848967    26.9476      4.388  276.70114  276.82653    30.7973    11.6446 0.0000e+00
 125.329349      4.457    12.3124  31.846601    26.9474      4.417  276.70513  276.83055    30.7350    11.5920 0.0000e+00
 125.329352      4.490    12.3114  31.848217    26.9474      4.450  276.70634  276.83168    30.7350    11.5960 0.0000e+00
 125.329355      4.519    12.3113  31.848390    26.9477      4.478  276.70668  276.83201    34.7506    11.1149 0.0000e+00
 125.329358      4.546    12.3113  31.848390    26.9477      4.506  276.70670  276.83203    34.7661    11.1432 0.0000e+00
 125.329361      4.572    12.3115  31.849371    26.9477      4.531  276.70399  276.82932    34.7661    11.0906 -9.990e-29
 125.329363      4.592    12.3119  31.848621    26.9475      4.551  276.70378  276.82914    34.7350    11.1270 -9.990e-29
 125.329366      4.608    12.3121  31.848736    26.9474      4.567  276.70263  276.82800    33.3654    11.6324 -9.990e-29
 125.329369      4.628    12.3119  31.847409    26.9463      4.586  276.70600  276.83137    33.2408    11.6527 -9.990e-29
 125.329372      4.648    12.3114  31.847005    26.9463      4.606  276.70896  276.83431    33.3654    11.6082 -9.990e-29
 125.329375      4.670    12.3105  31.848390    26.9488      4.628  276.71058  276.83585    33.2564    11.6082 -9.990e-29
 125.329378      4.697    12.3105  31.848968    26.9485      4.655  276.70955  276.83482    33.3031    11.6203 0.0000e+00
 125.329381      4.725    12.3110  31.848795    26.9482      4.683  276.70735  276.83266    32.7895    11.7901 0.0000e+00
 125.329384      4.756    12.3112  31.848391    26.9477      4.713  276.70715  276.83248    32.8206    11.7982 0.0000e+00
 125.329387      4.789    12.3110  31.847814    26.9477      4.746  276.70917  276.83449    32.8362    11.7740 0.0000e+00
 125.329389      4.818    12.3105  31.848795    26.9486      4.775  276.70995  276.83521    32.8050    11.8023 0.0000e+00
 125.329392      4.845    12.3106  31.849199    26.9486      4.802  276.70860  276.83387    35.0619    11.4181 0.0000e+00
 125.329395      4.873    12.3110  31.848795    26.9485      4.829  276.70745  276.83275    34.9685    11.4343 0.0000e+00
 125.329398      4.900    12.3113  31.851565    26.9481      4.856  276.70118  276.82648    34.8906    11.4383 -9.990e-29
 125.329401      4.920    12.3123  31.850815    26.9491      4.876  276.69812  276.82349    34.9529    11.4464 -9.990e-29
 125.329404      4.937    12.3128  31.850180    26.9482      4.893  276.69706  276.82247    32.1980    11.9519 -9.990e-29
 125.329407      4.955    12.3124  31.849199    26.9475      4.911  276.70075  276.82615    32.2603    11.9438 -9.990e-29
 125.329410      4.975    12.3118  31.850584    26.9492      4.931  276.70079  276.82613    32.2292    11.9559 -9.990e-29
 125.329413      4.998    12.3121  31.851565    26.9499      4.953  276.69744  276.82280    32.2447    11.9398 -9.990e-29
 125.329416      5.019    12.3128  31.852200    26.9505      4.975  276.69346  276.81885    32.9451    11.9195 -9.990e-29
 125.329418      5.050    12.3134  31.853181    26.9500      5.005  276.68885  276.81427    33.0229    12.2390 0.0000e+00
 125.329421      5.076    12.3139  31.852373    26.9494      5.031  276.68811  276.81358    32.9607    12.2794 0.0000e+00
 125.329424      5.114    12.3138  31.850584    26.9486      5.069  276.69170  276.81718    33.0229    12.2552 0.0000e+00
 125.329427      5.140    12.3133  31.851161    26.9481      5.094  276.69289  276.81833    33.0696    12.2471 0.0000e+00
 125.329430      5.174    12.3131  31.850642    26.9486      5.128  276.69480  276.82023    34.3770    11.3494 -9.990e-29
 125.329433      5.198    12.3129  31.851796    26.9495      5.152  276.69368  276.81908    34.2681    11.3494 -9.990e-29
 125.329436      5.231    12.3130  31.851797    26.9494      5.184  276.69338  276.81879    34.3148    11.3656 -9.990e-29
 125.329439      5.255    12.3131  31.852374    26.9498      5.208  276.69172  276.81713    34.3615    11.3575 -9.990e-29
 125.329442      5.275    12.3136  31.852374    26.9495      5.228  276.68983  276.81527    34.9218    11.8791 -9.990e-29
 125.329444      5.291    12.3140  31.851162    26.9481      5.244  276.69014  276.81562    34.9685    11.8670 -9.990e-29
 125.329447      5.304    12.3140  31.852201    26.9491      5.257  276.68826  276.81373    34.9218    11.8912 -9.990e-29
 125.329450      5.324    12.3139  31.850989    26.9480      5.276  276.69079  276.81627    35.1241    11.8751 -9.990e-29
 125.329453      5.346    12.3136  31.852374    26.9491      5.298  276.68956  276.81501    35.9334    12.7808 -9.990e-29
 125.329456      5.371    12.3138  31.852201    26.9490      5.323  276.68894  276.81440    35.9801    12.7687 0.0000e+00
 125.329459      5.398    12.3140  31.851970    26.9488      5.350  276.68874  276.81422    36.0424    12.7849 0.0000e+00
 125.329462      5.431    12.3142  31.851970    26.9487      5.383  276.68781  276.81330    35.9023    12.7687 0.0000e+00
 125.329465      5.459    12.3140  31.851393    26.9487      5.410  276.68983  276.81531    35.9023    12.7768 0.0000e+00
 125.329468      5.495    12.3135  31.851797    26.9489      5.446  276.69134  276.81678    32.9918    11.3130 0.0000e+00
 125.329470      5.522    12.3133  31.851567    26.9490      5.473  276.69272  276.81816    33.0696    11.2726 0.0000e+00
 125.329473      5.555    12.3134  31.852201    26.9491      5.505  276.69096  276.81640    32.9918    11.2806 0.0000e+00
 125.329476      5.581    12.3136  31.851971    26.9494      5.531  276.69076  276.81621    33.0229    11.2928 -9.990e-29
 125.329479      5.604    12.3135  31.851798    26.9489      5.554  276.69141  276.81685    35.0774    11.9074 -9.990e-29
 125.329482      5.620    12.3136  31.851971    26.9490      5.570  276.69047  276.81593    34.9996    11.8872 -9.990e-29
 125.329485      5.635    12.3138  31.851394    26.9483      5.585  276.69058  276.81605    35.0152    11.8710 -9.990e-29
 125.329488      5.654    12.3136  31.851163    26.9483      5.603  276.69228  276.81773    34.8751    11.8751 -9.990e-29
 125.329491      5.670    12.3133  31.851798    26.9492      5.619  276.69240  276.81783    34.2992    13.1165 -9.990e-29
 125.329494      5.695    12.3135  31.852144    26.9491      5.644  276.69084  276.81628    34.2369    13.1245 0.0000e+00
 125.329497      5.723    12.3136  31.851971    26.9491      5.672  276.69054  276.81599    34.4393    13.1124 0.0000e+00
 125.329499      5.752    12.3138  31.852202    26.9490      5.701  276.68951  276.81497    34.2836    13.1084 0.0000e+00
 125.329502      5.781    12.3138  31.850990    26.9479      5.730  276.69172  276.81720    33.8634    11.5354 0.0000e+00
 125.329505      5.811    12.3133  31.849202    26.9472      5.759  276.69689  276.82235    33.6922    11.5516 0.0000e+00
 125.329508      5.843    12.3126  31.849375    26.9468      5.791  276.70008  276.82549    33.8167    11.5354 0.0000e+00
 125.329511      5.871    12.3120  31.850991    26.9472      5.819  276.69970  276.82506    33.8323    11.5516 -9.990e-29
 125.329514      5.895    12.3121  31.851568    26.9496      5.842  276.69804  276.82340    33.6611    11.5435 -9.990e-29
 125.329517      5.920    12.3127  31.851164    26.9488      5.868  276.69625  276.82165    33.5366    11.6769 -9.990e-29
 125.329520      5.944    12.3130  31.851799    26.9492      5.891  276.69385  276.81926    33.5210    11.6971 -9.990e-29
 125.329523      5.966    12.3133  31.851799    26.9490      5.913  276.69260  276.81803    33.5366    11.7093 -9.990e-29
 125.329525      5.979    12.3137  31.851164    26.9488      5.926  276.69186  276.81733    33.5366    11.6527 -9.990e-29
 125.329528      6.005    12.3134  31.851799    26.9488      5.951  276.69199  276.81743    34.9996    12.5867 0.0000e+00
 125.329531      6.030    12.3138  31.852607    26.9488      5.976  276.68896  276.81442    34.9529    12.5948 -9.990e-29
 125.329534      6.054    12.3141  31.852203    26.9474      6.000  276.68813  276.81361    34.8906    12.5503 -9.990e-29
 125.329537      6.080    12.3138  31.850587    26.9477      6.025  276.69234  276.81782    35.0463    12.5867 0.0000e+00
 125.329540      6.111    12.3136  31.851164    26.9474      6.056  276.69226  276.81772    33.9257    11.6041 0.0000e+00
 125.329543      6.138    12.3131  31.849780    26.9478      6.083  276.69732  276.82276    34.0191    11.6001 0.0000e+00
 125.329546      6.165    12.3125  31.850011    26.9478      6.110  276.69946  276.82486    33.9568    11.5920 0.0000e+00
 125.329549      6.196    12.3124  31.850415    26.9482      6.141  276.69938  276.82476    34.0346    11.5920 0.0000e+00
 125.329552      6.223    12.3124  31.851569    26.9488      6.168  276.69699  276.82237    34.7350    11.6244 0.0000e+00
 125.329554      6.251    12.3125  31.850992    26.9493      6.195  276.69774  276.82312    34.6572    11.6082 -9.990e-29
 125.329557      6.270    12.3126  31.851569    26.9491      6.214  276.69639  276.82177    34.7350    11.5960 -9.990e-29
 125.329560      6.287    12.3130  31.852204    26.9494      6.231  276.69335  276.81876    34.7194    11.6082 -9.990e-29
 125.329563      6.307    12.3135  31.850819    26.9478      6.251  276.69365  276.81911    34.7661    11.6163 -9.990e-29
 125.329566      6.327    12.3136  31.850992    26.9478      6.271  276.69272  276.81818    33.4276    11.9357 -9.990e-29
 125.329569      6.355    12.3136  31.851396    26.9482      6.298  276.69201  276.81747    33.4899    11.9478 -9.990e-29
 125.329572      6.376    12.3139  31.851973    26.9496      6.319  276.68971  276.81518    33.4743    11.9195 -9.990e-29
 125.329575      6.407    12.3140  31.853185    26.9490      6.350  276.68722  276.81268    33.5210    11.9195 0.0000e+00
 125.329578      6.437    12.3143  31.851973    26.9483      6.379  276.68816  276.81366    33.3342    11.5192 0.0000e+00
 125.329580      6.466    12.3139  31.850819    26.9478      6.408  276.69186  276.81734    33.3031    11.5313 0.0000e+00
 125.329583      6.499    12.3133  31.850819    26.9474      6.441  276.69441  276.81986    33.2564    11.5516 -9.990e-29
 125.329586      6.522    12.3131  31.851397    26.9495      6.464  276.69465  276.82007    33.3342    11.5394 -9.990e-29
 125.329589      6.550    12.3128  31.852205    26.9495      6.491  276.69447  276.81987    31.6066    11.1634 0.0000e+00
 125.329592      6.579    12.3131  31.852378    26.9495      6.520  276.69291  276.81832    31.5288    11.1917 -9.990e-29
 125.329595      6.597    12.3134  31.851801    26.9486      6.538  276.69238  276.81783    31.4976    11.1472 -9.990e-29
 125.329598      6.617    12.3137  31.852609    26.9492      6.558  276.68967  276.81512    31.5288    11.1634 -9.990e-29
 125.329601      6.634    12.3139  31.851801    26.9483      6.575  276.69019  276.81567    32.0735    11.8225 -9.990e-29
 125.329604      6.655    12.3138  31.851570    26.9482      6.595  276.69126  276.81673    32.0113    11.8023 -9.990e-29
 125.329606      6.680    12.3136  31.852378    26.9491      6.620  276.69076  276.81621    31.9334    11.7982 -9.990e-29
 125.329609      6.704    12.3140  31.852378    26.9490      6.644  276.68888  276.81435    32.0424    11.8184 -9.990e-29
 125.329612      6.729    12.3141  31.852782    26.9486      6.669  276.68753  276.81301    31.9646    11.7740 0.0000e+00
 125.329615      6.760    12.3142  31.851974    26.9486      6.699  276.68869  276.81419    31.2798    11.3453 0.0000e+00
 125.329618      6.791    12.3140  31.851397    26.9482      6.730  276.69039  276.81588    31.2642    11.3494 -9.990e-29
 125.329621      6.816    12.3135  31.851397    26.9480      6.755  276.69294  276.81840    31.2331    11.3736 -9.990e-29
 125.329624      6.847    12.3134  31.851167    26.9485      6.786  276.69370  276.81915    31.3887    11.3696 0.0000e+00
 125.329627      6.875    12.3135  31.852205    26.9485      6.813  276.69152  276.81696    34.4704    11.1472 0.0000e+00
 125.329630      6.904    12.3138  31.852379    26.9489      6.842  276.68996  276.81542    34.4704    11.1108 -9.990e-29
 125.329633      6.924    12.3143  31.852609    26.9487      6.862  276.68734  276.81283    34.5015    11.1229 -9.990e-29
 125.329635      6.946    12.3148  31.852783    26.9485      6.884  276.68482  276.81034    34.5015    11.0946 -9.990e-29
 125.329638      6.964    12.3149  31.852206    26.9478      6.902  276.68524  276.81078    33.0852    11.7133 -9.990e-29
 125.329641      6.986    12.3145  31.850821    26.9468      6.923  276.68935  276.81488    32.9607    11.7618 -9.990e-29
 125.329644      7.006    12.3142  31.852206    26.9483      6.943  276.68844  276.81393    33.0385    11.7618 -9.990e-29
 125.329647      7.029    12.3141  31.852610    26.9479      6.967  276.68804  276.81352    32.9918    11.7376 -9.990e-29
 125.329650      7.057    12.3144  31.851975    26.9478      6.994  276.68794  276.81345    32.7584    12.1217 0.0000e+00
 125.329653      7.084    12.3145  31.851802    26.9477      7.021  276.68796  276.81347    32.7895    12.1419 0.0000e+00
 125.329656      7.113    12.3143  31.851398    26.9476      7.049  276.68934  276.81485    32.6650    12.1379 0.0000e+00
