Processed/SBE19plus_01907321_2022_05_07_Cast60_wfilter.cnv
* Sea-Bird SBE19plus  Data File:
* FileName = E:\Prandtl Daten\2022\CTD\Raw\SBE19plus_01907321_2022_05_07_Cast60.hex
* Software version 2.6.1.12
* Temperature SN = 7321
* Conductivity SN = 7321
* System UpLoad Time = May 07 2022 07:16:06
* <ApplicationData>
* <Seaterm232>
** Messpraktikum 2022
** CTD 07.05 BW2
** NMEA Latitude = 54 07.806 N
** NMEA Longitude = 008 44.895 E
# nquan = 11
# nvalues = 863                         
# units = specified
# name 0 = timeJ: Julian Days
# name 1 = prdM: Pressure, Strain Gauge [db]
# name 2 = tv290C: Temperature [ITS-90, deg C]
# name 3 = c0mS/cm: Conductivity [mS/cm]
# name 4 = sal00: Salinity, Practical [PSU]
# name 5 = depSM: Depth [salt water, m], lat = 54.00
# name 6 = oxsatMm/Kg: Oxygen Saturation, Weiss [umol/kg]
# name 7 = oxsolMm/Kg: Oxygen Saturation, Garcia & Gordon [umol/kg]
# name 8 = turbWETntu0: Turbidity, WET Labs ECO [NTU]
# name 9 = flECO-AFL: Fluorescence, WET Labs ECO-AFL/FL [mg/m^3]
# name 10 = flag:  0.000e+00
# span 0 = 127.296690, 127.299184       
# span 1 =      0.490,     16.138       
# span 2 =    13.0375,    13.1519       
# span 3 =  32.452673,  32.574452       
# span 4 =    26.9883,    27.0210       
# span 5 =      0.485,     15.994       
# span 6 =  271.71109,  272.40879       
# span 7 =  271.88428,  272.57581       
# span 8 =    18.6572,   184.2603       
# span 9 =     6.7032,    20.5810       
# span 10 = 0.0000e+00, 0.0000e+00      
# interval = seconds: 0.25
# start_time = May 07 2022 07:06:04 [Instrument's time stamp, header]
# bad_flag = -9.990e-29
*END*
[from data line 132]
 127.297072      3.703    13.0400  32.454594    26.9900      3.670  272.39780  272.56499    22.9373     7.3502 -9.990e-29
 127.297075      3.723    13.0400  32.454536    26.9899      3.690  272.39792  272.56510    22.9840     7.3826 -9.990e-29
 127.297078      3.743    13.0399  32.454768    26.9901      3.710  272.39784  272.56502    22.9685     7.4028 -9.990e-29
 127.297080      3.770    13.0400  32.454768    26.9896      3.736  272.39754  272.56473    22.8906     7.3543 0.0000e+00
 127.297083      3.799    13.0401  32.453722    26.9898      3.765  272.39907  272.56627    23.0619     7.3826 0.0000e+00
 127.297086      3.825    13.0399  32.454420    26.9896      3.791  272.39850  272.56568    23.2331     7.5160 0.0000e+00
 127.297089      3.856    13.0398  32.454129    26.9898      3.821  272.39966  272.56684    23.3420     7.5322 0.0000e+00
 127.297092      3.883    13.0395  32.454362    26.9898      3.849  272.40053  272.56769    23.2642     7.5160 0.0000e+00
 127.297095      3.914    13.0395  32.454362    26.9900      3.879  272.40024  272.56740    23.0930     7.4958 -9.990e-29
 127.297098      3.938    13.0393  32.454362    26.9901      3.903  272.40120  272.56834    22.8751     7.8193 -9.990e-29
 127.297101      3.964    13.0391  32.454420    26.9903      3.928  272.40206  272.56919    22.7039     7.8557 -9.990e-29
 127.297104      3.978    13.0390  32.454536    26.9905      3.943  272.40218  272.56931    22.8751     7.8355 -9.990e-29
 127.297106      3.998    13.0391  32.454362    26.9903      3.962  272.40218  272.56931    22.6883     7.8233 -9.990e-29
 127.297109      4.009    13.0390  32.454537    26.9905      3.973  272.40220  272.56933    25.1475     7.7505 -9.990e-29
 127.297112      4.024    13.0393  32.454943    26.9907      3.988  272.40055  272.56769    25.2564     7.7627 -9.990e-29
 127.297115      4.042    13.0393  32.454595    26.9900      4.006  272.40086  272.56800    25.1630     7.7505 -9.990e-29
 127.297118      4.069    13.0394  32.454362    26.9902      4.033  272.40096  272.56812    25.1941     7.7788 0.0000e+00
 127.297121      4.102    13.0390  32.454362    26.9903      4.065  272.40256  272.56969    26.4548     7.9487 0.0000e+00
 127.297124      4.135    13.0390  32.454363    26.9903      4.098  272.40290  272.57002    26.3615     7.9446 0.0000e+00
 127.297127      4.164    13.0390  32.453956    26.9900      4.127  272.40363  272.57076    26.5327     7.9729 0.0000e+00
 127.297130      4.197    13.0388  32.453840    26.9900      4.159  272.40480  272.57191    26.3926     7.9568 0.0000e+00
 127.297133      4.228    13.0385  32.453956    26.9902      4.190  272.40587  272.57297    26.3770     7.9244 0.0000e+00
 127.297135      4.254    13.0384  32.454537    26.9903      4.216  272.40519  272.57228    24.8050     7.8799 -9.990e-29
 127.297138      4.277    13.0385  32.454363    26.9906      4.239  272.40488  272.57198    24.7584     7.9002 -9.990e-29
 127.297141      4.295    13.0387  32.454537    26.9906      4.257  272.40396  272.57106    24.6961     7.8961 -9.990e-29
 127.297144      4.312    13.0385  32.454421    26.9906      4.273  272.40480  272.57190    24.6494     7.8880 -9.990e-29
 127.297147      4.330    13.0388  32.454538    26.9906      4.291  272.40366  272.57077    25.2253     8.0174 -9.990e-29
 127.297150      4.349    13.0388  32.454131    26.9902      4.310  272.40439  272.57150    25.4587     7.9851 -9.990e-29
 127.297153      4.372    13.0388  32.454131    26.9901      4.333  272.40440  272.57151    25.2564     8.0255 -9.990e-29
 127.297156      4.399    13.0386  32.453956    26.9901      4.360  272.40535  272.57246    25.1475     8.0255 0.0000e+00
 127.297159      4.430    13.0382  32.453666    26.9901      4.391  272.40746  272.57454    25.0229     8.1509 0.0000e+00
 127.297161      4.456    13.0382  32.453957    26.9903      4.416  272.40728  272.57436    24.9140     8.1873 0.0000e+00
 127.297164      4.483    13.0380  32.454131    26.9904      4.443  272.40794  272.57500    25.0229     8.1306 -9.990e-29
 127.297167      4.507    13.0381  32.454131    26.9906      4.467  272.40732  272.57440    24.9607     8.1913 -9.990e-29
 127.297170      4.531    13.0381  32.454248    26.9907      4.490  272.40713  272.57421    25.1319     8.0902 -9.990e-29
 127.297173      4.554    13.0380  32.453957    26.9905      4.514  272.40797  272.57504    24.8673     8.0983 -9.990e-29
 127.297176      4.576    13.0382  32.454131    26.9905      4.535  272.40705  272.57413    25.0074     8.0862 -9.990e-29
 127.297179      4.604    13.0380  32.454364    26.9908      4.562  272.40729  272.57436    25.0541     8.1185 -9.990e-29
 127.297182      4.624    13.0382  32.454539    26.9908      4.582  272.40606  272.57313    24.8206     8.0781 -9.990e-29
 127.297185      4.649    13.0383  32.454422    26.9907      4.608  272.40596  272.57304    27.5910     8.3935 -9.990e-29
 127.297188      4.671    13.0384  32.454132    26.9903      4.629  272.40617  272.57326    27.7467     8.3652 -9.990e-29
 127.297190      4.693    13.0382  32.454539    26.9908      4.651  272.40610  272.57318    27.7155     8.4258 -9.990e-29
 127.297193      4.715    13.0382  32.454539    26.9908      4.673  272.40611  272.57319    27.5910     8.4218 -9.990e-29
 127.297196      4.744    13.0382  32.454132    26.9904      4.702  272.40684  272.57393    25.2408     8.2277 -9.990e-29
 127.297199      4.768    13.0381  32.454597    26.9909      4.725  272.40668  272.57375    25.2564     8.2358 -9.990e-29
 127.297202      4.790    13.0382  32.454772    26.9910      4.747  272.40607  272.57314    25.1008     8.2520 -9.990e-29
 127.297205      4.815    13.0381  32.454772    26.9911      4.772  272.40640  272.57347    25.0541     8.2358 -9.990e-29
 127.297208      4.840    13.0382  32.454539    26.9908      4.797  272.40651  272.57358    26.5015     8.4905 -9.990e-29
 127.297211      4.868    13.0380  32.454365    26.9908      4.825  272.40778  272.57484    26.5015     8.4865 0.0000e+00
 127.297214      4.894    13.0379  32.454598    26.9908      4.850  272.40770  272.57476    26.4237     8.5107 -9.990e-29
 127.297216      4.917    13.0379  32.454772    26.9912      4.873  272.40741  272.57447    26.4237     8.4784 -9.990e-29
 127.297219      4.939    13.0377  32.454772    26.9913      4.895  272.40806  272.57510    27.6533     8.6765 -9.990e-29
 127.297222      4.959    13.0377  32.454772    26.9913      4.915  272.40807  272.57512    27.6689     8.6765 -9.990e-29
 127.297225      4.985    13.0377  32.454947    26.9915      4.940  272.40810  272.57514    27.5288     8.6887 -9.990e-29
 127.297228      5.007    13.0377  32.454423    26.9909      4.962  272.40871  272.57576    27.6689     8.6725 -9.990e-29
 127.297231      5.030    13.0379  32.454772    26.9913      4.985  272.40748  272.57454    27.6689     8.6563 -9.990e-29
 127.297234      5.058    13.0379  32.454947    26.9913      5.013  272.40720  272.57425    28.9140     8.7453 0.0000e+00
 127.297237      5.087    13.0377  32.454773    26.9913      5.042  272.40847  272.57551    28.8206     8.7776 0.0000e+00
 127.297240      5.113    13.0375  32.455180    26.9916      5.067  272.40840  272.57543    28.7584     8.7978 0.0000e+00
 127.297242      5.142    13.0375  32.455180    26.9918      5.096  272.40842  272.57545    28.7272     8.7453 -9.990e-29
 127.297245      5.166    13.0375  32.455180    26.9919      5.120  272.40875  272.57578    29.4743     9.0890 -9.990e-29
 127.297248      5.199    13.0375  32.455354    26.9919      5.152  272.40847  272.57549    29.6299     9.1133 0.0000e+00
 127.297251      5.224    13.0375  32.455180    26.9919      5.178  272.40879  272.57581    29.6766     9.1254 -9.990e-29
 127.297254      5.248    13.0376  32.455761    26.9922      5.201  272.40716  272.57419    29.4120     9.0930 -9.990e-29
 127.297257      5.270    13.0377  32.455761    26.9921      5.223  272.40686  272.57389    30.5015     8.8989 -9.990e-29
 127.297260      5.286    13.0377  32.456808    26.9930      5.239  272.40473  272.57175    30.7350     8.9030 -9.990e-29
 127.297263      5.303    13.0380  32.457389    26.9934      5.256  272.40246  272.56950    30.5482     8.9394 -9.990e-29
 127.297266      5.323    13.0383  32.457796    26.9935      5.275  272.40050  272.56756    30.5794     8.8989 -9.990e-29
 127.297269      5.349    13.0385  32.457622    26.9932      5.301  272.39988  272.56695    29.6144     8.7453 -9.990e-29
 127.297271      5.374    13.0387  32.457738    26.9931      5.326  272.39906  272.56614    29.5833     8.7453 -9.990e-29
 127.297274      5.401    13.0386  32.457622    26.9932      5.353  272.39960  272.56667    29.5988     8.7291 0.0000e+00
 127.297277      5.427    13.0387  32.457796    26.9932      5.378  272.39899  272.56607    29.5833     8.7453 0.0000e+00
 127.297280      5.452    13.0386  32.457796    26.9933      5.403  272.39932  272.56640    29.5521     8.7453 0.0000e+00
 127.297283      5.481    13.0388  32.458320    26.9935      5.432  272.39780  272.56488    28.4315     8.7978 0.0000e+00
 127.297286      5.507    13.0388  32.458610    26.9936      5.458  272.39699  272.56407    28.5560     8.7655 -9.990e-29
 127.297289      5.531    13.0389  32.458611    26.9937      5.481  272.39669  272.56378    28.3537     8.7817 -9.990e-29
 127.297292      5.560    13.0390  32.458611    26.9937      5.510  272.39639  272.56349    28.3537     8.7857 0.0000e+00
 127.297295      5.585    13.0391  32.458611    26.9937      5.535  272.39578  272.56288    28.9918     8.7412 0.0000e+00
 127.297297      5.611    13.0392  32.458320    26.9936      5.560  272.39599  272.56310    28.8673     8.7291 -9.990e-29
 127.297300      5.633    13.0393  32.458204    26.9931      5.582  272.39558  272.56269    29.0541     8.7574 -9.990e-29
 127.297303      5.654    13.0394  32.458436    26.9932      5.604  272.39487  272.56199    29.1630     8.7493 -9.990e-29
 127.297306      5.674    13.0395  32.458204    26.9930      5.624  272.39497  272.56210    29.8323     8.8625 -9.990e-29
 127.297309      5.698    13.0395  32.458204    26.9929      5.647  272.39467  272.56180    29.8012     8.8585 -9.990e-29
 127.297312      5.720    13.0394  32.458088    26.9929      5.669  272.39552  272.56264    29.7233     8.8666 -9.990e-29
 127.297315      5.744    13.0393  32.458030    26.9930      5.692  272.39595  272.56307    29.7545     8.8787 -9.990e-29
 127.297318      5.769    13.0391  32.458030    26.9926      5.718  272.39691  272.56402    28.4782     8.8585 0.0000e+00
 127.297321      5.797    13.0391  32.456984    26.9930      5.745  272.39876  272.56587    28.4315     8.8585 0.0000e+00
 127.297323      5.827    13.0389  32.458030    26.9932      5.775  272.39789  272.56499    28.6027     8.8868 0.0000e+00
 127.297326      5.857    13.0390  32.458495    26.9935      5.804  272.39647  272.56357    28.5871     8.8828 0.0000e+00
 127.297329      5.890    13.0390  32.458612    26.9936      5.837  272.39660  272.56370    28.5249     8.8545 0.0000e+00
 127.297332      5.921    13.0393  32.458844    26.9936      5.868  272.39496  272.56207    29.0541     8.8949 0.0000e+00
 127.297335      5.948    13.0393  32.459251    26.9936      5.895  272.39426  272.56137    29.0229     8.8909 -9.990e-29
 127.297338      5.968    13.0393  32.459833    26.9945      5.914  272.39326  272.56036    29.0852     8.8949 -9.990e-29
 127.297341      5.981    13.0394  32.460065    26.9946      5.927  272.39223  272.55934    29.0541     8.9272 -9.990e-29
 127.297344      5.995    13.0398  32.460240    26.9945      5.942  272.39005  272.55718    30.9996     9.1092 -9.990e-29
 127.297347      6.010    13.0401  32.460647    26.9947      5.956  272.38840  272.55554    30.9373     9.1173 -9.990e-29
 127.297350      6.030    13.0402  32.460879    26.9948      5.976  272.38738  272.55453    31.0152     9.0769 -9.990e-29
 127.297352      6.048    13.0404  32.461054    26.9948      5.994  272.38614  272.55330    30.9685     9.0890 -9.990e-29
 127.297355      6.073    13.0404  32.461054    26.9949      6.019  272.38616  272.55332    34.0346     9.2265 0.0000e+00
 127.297358      6.099    13.0403  32.461054    26.9949      6.044  272.38680  272.55395    33.9724     9.2507 0.0000e+00
 127.297361      6.126    13.0401  32.461693    26.9956      6.071  272.38633  272.55347    34.0502     9.2548 0.0000e+00
 127.297364      6.153    13.0406  32.462507    26.9960      6.098  272.38304  272.55020    34.1280     9.2224 0.0000e+00
 127.297367      6.185    13.0408  32.462914    26.9961      6.129  272.38140  272.54857    34.1903     9.9584 0.0000e+00
 127.297370      6.214    13.0409  32.462973    26.9962      6.158  272.38069  272.54787    34.3303     9.9301 0.0000e+00
 127.297373      6.243    13.0414  32.463496    26.9961      6.187  272.37790  272.54510    34.2525     9.9624 -9.990e-29
 127.297376      6.267    13.0416  32.464135    26.9967      6.211  272.37586  272.54306    34.2058     9.9260 -9.990e-29
 127.297378      6.294    13.0420  32.464542    26.9968      6.238  272.37327  272.54050    34.1903     9.9301 -9.990e-29
 127.297381      6.314    13.0424  32.464891    26.9968      6.258  272.37079  272.53804    34.7973     9.6187 -9.990e-29
 127.297384      6.338    13.0427  32.465356    26.9971      6.281  272.36904  272.53631    34.7350     9.6227 -9.990e-29
 127.297387      6.365    13.0429  32.466170    26.9976      6.308  272.36638  272.53366    34.7973     9.5985 -9.990e-29
 127.297390      6.384    13.0434  32.465996    26.9971      6.327  272.36449  272.53180    34.8284     9.6308 -9.990e-29
 127.297393      6.413    13.0437  32.466403    26.9973      6.355  272.36285  272.53017    33.6766     9.5217 -9.990e-29
 127.297396      6.435    13.0437  32.466461    26.9973      6.377  272.36276  272.53009    33.6922     9.5217 -9.990e-29
 127.297399      6.462    13.0437  32.466403    26.9972      6.404  272.36257  272.52989    33.8478     9.5095 -9.990e-29
 127.297402      6.486    13.0437  32.466171    26.9972      6.428  272.36330  272.53063    33.7700     9.4772 -9.990e-29
 127.297405      6.511    13.0437  32.466403    26.9971      6.453  272.36260  272.52993    31.4354     9.1901 0.0000e+00
 127.297407      6.537    13.0436  32.465996    26.9971      6.478  272.36396  272.53128    31.5443     9.2103 0.0000e+00
 127.297410      6.563    13.0436  32.465299    26.9969      6.504  272.36519  272.53252    31.6689     9.2386 -9.990e-29
 127.297413      6.584    13.0433  32.464950    26.9961      6.525  272.36707  272.53439    31.5755     9.2386 -9.990e-29
 127.297416      6.599    13.0430  32.464776    26.9962      6.540  272.36865  272.53594    33.6922    10.0029 -9.990e-29
 127.297419      6.615    13.0427  32.464776    26.9964      6.556  272.36992  272.53720    33.4899    10.0150 -9.990e-29
 127.297422      6.635    13.0426  32.464136    26.9959      6.576  272.37168  272.53895    33.5988     9.9907 -9.990e-29
 127.297425      6.655    13.0427  32.463730    26.9962      6.596  272.37209  272.53937    33.5366     9.9948 -9.990e-29
 127.297428      6.687    13.0426  32.464544    26.9965      6.627  272.37100  272.53827    33.4120     9.9745 0.0000e+00
 127.297431      6.718    13.0425  32.465183    26.9969      6.658  272.37022  272.53748    31.7622     9.4529 0.0000e+00
 127.297433      6.747    13.0426  32.466172    26.9977      6.686  272.36820  272.53545    31.9334     9.4408 0.0000e+00
 127.297436      6.787    13.0429  32.466579    26.9977      6.726  272.36625  272.53352    31.7934     9.4287 0.0000e+00
 127.297439      6.814    13.0432  32.466055    26.9975      6.753  272.36561  272.53291    31.7000     9.4246 0.0000e+00
 127.297442      6.840    13.0436  32.466579    26.9971      6.779  272.36313  272.53045    33.7233     9.7926 -9.990e-29
 127.297445      6.864    13.0437  32.466172    26.9969      6.802  272.36323  272.53056    33.3965     9.8371 -9.990e-29
