Processed/SBE19plus_01907321_2022_05_03_Cast02_wfilter.cnv
* Sea-Bird SBE19plus  Data File:
* FileName = E:\Prandtl Daten\2022\CTD\Raw\SBE19plus_01907321_2022_05_03_Cast02.hex
* Software version 2.6.1.12
* Temperature SN = 7321
* Conductivity SN = 7321
* System UpLoad Time = May 03 2022 10:21:02
* <ApplicationData>
* <Seaterm232>
** Messpraktikum 2022
** Suederpiep - Mooring2
** 54 06.05N
** 008 38.61E
** Jan Ladwig, Torbjörn Kagel
# nquan = 11
# nvalues = 549                         
# units = specified
# name 0 = timeJ: Julian Days
# name 1 = prdM: Pressure, Strain Gauge [db]
# name 2 = tv290C: Temperature [ITS-90, deg C]
# name 3 = c0mS/cm: Conductivity [mS/cm]
# name 4 = sal00: Salinity, Practical [PSU]
# name 5 = depSM: Depth [salt water, m], lat = 54.00
# name 6 = oxsatMm/Kg: Oxygen Saturation, Weiss [umol/kg]
# name 7 = oxsolMm/Kg: Oxygen Saturation, Garcia & Gordon [umol/kg]
# name 8 = turbWETntu0: Turbidity, WET Labs ECO [NTU]
# name 9 = flECO-AFL: Fluorescence, WET Labs ECO-AFL/FL [mg/m^3]
# name 10 = flag:  0.000e+00
# span 0 = 123.423640, 123.425226       
# span 1 =      0.655,     14.517       
# span 2 =    11.5538,    11.7942       
# span 3 =  30.901389,  31.154215       
# span 4 =    26.4355,    26.8345       
# span 5 =      0.649,     14.387       
# span 6 =  280.78693,  281.46794       
# span 7 =  280.88683,  281.54846       
# span 8 =    51.1397,   147.0463       
# span 9 =    12.1217,    15.5224       
# span 10 = 0.0000e+00, 0.0000e+00      
# interval = seconds: 0.25
# start_time = May 03 2022 10:08:30 [Instrument's time stamp, header]
# bad_flag = -9.990e-29
*END*
[from data line 394]
 123.424780     10.660    11.5836  31.112051    26.7746     10.565  281.39534  281.47826   120.3381    14.6935 0.0000e+00
 123.424783     10.694    11.5840  31.112623    26.7747     10.598  281.39269  281.47563   120.3537    14.6773 -9.990e-29
 123.424786     10.717    11.5840  31.113595    26.7758     10.621  281.39056  281.47349   118.1280    14.7824 -9.990e-29
 123.424789     10.745    11.5835  31.114339    26.7768     10.648  281.39141  281.47430   118.3148    14.7824 -9.990e-29
 123.424792     10.759    11.5830  31.116283    26.7791     10.663  281.39032  281.47314   118.4082    14.7824 -9.990e-29
 123.424795     10.766    11.5824  31.116683    26.7799     10.670  281.39212  281.47490   118.3303    14.7946 -9.990e-29
 123.424797     10.766    11.5822  31.115311    26.7788     10.670  281.39598  281.47876   119.1864    14.5277 -9.990e-29
 123.424800     10.756    11.5823  31.115711    26.7790     10.659  281.39458  281.47737   118.9529    14.5600 -9.990e-29
 123.424803     10.741    11.5824  31.115139    26.7785     10.645  281.39533  281.47813   119.1552    14.5479 -9.990e-29
 123.424806     10.734    11.5824  31.115540    26.7788     10.638  281.39457  281.47736   119.0152    14.5439 -9.990e-29
 123.424809     10.732    11.5826  31.113767    26.7770     10.636  281.39663  281.47946   121.8478    14.6854 -9.990e-29
 123.424812     10.743    11.5832  31.110107    26.7680     10.647  281.40097  281.48389   121.9101    14.6733 -9.990e-29
 123.424815     10.772    11.5849  31.106104    26.7661     10.676  281.40055  281.48363   121.6922    14.6652 0.0000e+00
 123.424818     10.814    11.5869  31.103474    26.7670     10.717  281.39627  281.47952   121.8323    14.6773 0.0000e+00
 123.424821     10.870    11.5884  31.107763    26.7670     10.773  281.38121  281.46452   122.3148    14.8512 0.0000e+00
 123.424823     10.940    11.5881  31.111823    26.7711     10.842  281.37489  281.45814   122.5949    14.8552 0.0000e+00
 123.424826     11.013    11.5864  31.114739    26.7751     10.914  281.37775  281.46084   122.4393    14.8512 0.0000e+00
 123.424829     11.082    11.5845  31.119772    26.7812     10.983  281.37695  281.45984   122.2369    14.8552 0.0000e+00
 123.424832     11.148    11.5822  31.122689    26.7856     11.048  281.38204  281.46474   122.5482    14.8552 0.0000e+00
 123.424835     11.193    11.5800  31.125321    26.7876     11.093  281.38733  281.46984   124.6650    14.5479 0.0000e+00
 123.424838     11.224    11.5778  31.127151    26.7897     11.124  281.39412  281.47645   124.6805    14.5803 -9.990e-29
 123.424841     11.234    11.5759  31.129496    26.7966     11.133  281.39864  281.48081   124.8829    14.6086 -9.990e-29
 123.424844     11.235    11.5743  31.132013    26.8001     11.135  281.40125  281.48327   124.7117    14.6126 -9.990e-29
 123.424847     11.226    11.5727  31.134358    26.8036     11.126  281.40448  281.48637   125.0541    14.6288 -9.990e-29
 123.424850     11.217    11.5710  31.134359    26.8048     11.117  281.41245  281.49421   125.0074    14.6247 -9.990e-29
 123.424852     11.212    11.5699  31.134359    26.8056     11.111  281.41755  281.49924   124.9918    14.6490 -9.990e-29
 123.424855     11.214    11.5694  31.133958    26.8055     11.113  281.42022  281.50188   124.9451    14.5722 -9.990e-29
 123.424858     11.215    11.5694  31.134359    26.8059     11.115  281.41979  281.50144   123.8556    14.6005 -9.990e-29
 123.424861     11.235    11.5693  31.133958    26.8056     11.135  281.42088  281.50253   123.8401    14.6086 -9.990e-29
 123.424864     11.263    11.5693  31.133958    26.8048     11.162  281.42090  281.50254   123.8556    14.6328 0.0000e+00
 123.424867     11.296    11.5696  31.132643    26.8041     11.195  281.42180  281.50349   123.8712    14.5762 0.0000e+00
 123.424870     11.338    11.5699  31.130069    26.8014     11.236  281.42540  281.50714   122.8128    14.5722 0.0000e+00
 123.424873     11.380    11.5703  31.129497    26.8006     11.278  281.42459  281.50637   122.8751    15.3081 0.0000e+00
 123.424876     11.420    11.5711  31.128010    26.7996     11.317  281.42391  281.50576   122.8284    15.3122 0.0000e+00
 123.424878     11.447    11.5718  31.128353    26.7986     11.345  281.41977  281.50167   122.7506    15.3202 -9.990e-29
 123.424881     11.469    11.5723  31.127953    26.7976     11.366  281.41831  281.50024   122.7817    15.3081 -9.990e-29
 123.424884     11.487    11.5726  31.127553    26.7970     11.385  281.41780  281.49976   123.0463    15.0857 -9.990e-29
 123.424887     11.502    11.5729  31.127381    26.7966     11.399  281.41654  281.49852   123.0619    15.0776 -9.990e-29
 123.424890     11.526    11.5731  31.127782    26.7969     11.422  281.41516  281.49715   123.0152    15.0089 -9.990e-29
 123.424893     11.549    11.5731  31.127953    26.7997     11.446  281.41485  281.49684   123.0463    15.0372 -9.990e-29
 123.424896     11.584    11.5729  31.130642    26.8007     11.480  281.41077  281.49272   126.0191    15.0048 0.0000e+00
 123.424899     11.633    11.5722  31.132243    26.8017     11.529  281.41098  281.49286   126.2058    14.9725 0.0000e+00
 123.424902     11.681    11.5713  31.134531    26.8046     11.576  281.41085  281.49264   126.2992    15.0048 0.0000e+00
 123.424905     11.737    11.5703  31.134761    26.8054     11.632  281.41493  281.49664   126.1903    14.9887 0.0000e+00
 123.424907     11.789    11.5693  31.136134    26.8064     11.683  281.41716  281.49879   128.3226    14.4145 0.0000e+00
 123.424910     11.827    11.5685  31.137106    26.8075     11.721  281.41919  281.50074   128.5871    14.4185 -9.990e-29
 123.424913     11.847    11.5676  31.137621    26.8101     11.741  281.42238  281.50386   128.4159    14.4266 -9.990e-29
 123.424916     11.856    11.5667  31.137278    26.8104     11.750  281.42718  281.50861   128.4004    14.4387 -9.990e-29
 123.424919     11.847    11.5662  31.139051    26.8125     11.741  281.42607  281.50744   128.3537    14.4185 -9.990e-29
 123.424922     11.834    11.5655  31.142712    26.8164     11.728  281.42235  281.50363   127.6222    14.6611 -9.990e-29
 123.424925     11.812    11.5646  31.144085    26.8185     11.707  281.42421  281.50541   127.4198    14.6652 -9.990e-29
 123.424928     11.802    11.5633  31.143285    26.8186     11.696  281.43146  281.51257   127.3887    14.6571 -9.990e-29
 123.424931     11.801    11.5629  31.140996    26.8167     11.696  281.43768  281.51880   127.6066    14.6894 -9.990e-29
 123.424933     11.816    11.5637  31.138022    26.8107     11.710  281.43979  281.52099   123.5443    14.4832 -9.990e-29
 123.424936     11.851    11.5650  31.136306    26.8082     11.744  281.43667  281.51799   123.6066    14.4468 0.0000e+00
 123.424939     11.909    11.5668  31.132416    26.8057     11.802  281.43606  281.51754   123.5443    14.4589 0.0000e+00
 123.424942     11.986    11.5685  31.130472    26.8027     11.878  281.43148  281.51311   123.6377    14.4670 0.0000e+00
 123.424945     12.062    11.5699  31.131673    26.8026     11.954  281.42288  281.50461   124.9762    14.0950 0.0000e+00
 123.424948     12.135    11.5710  31.131845    26.8025     12.027  281.41782  281.49962   125.0852    14.1031 0.0000e+00
 123.424951     12.194    11.5714  31.132645    26.8023     12.085  281.41412  281.49594   125.1163    14.0708 0.0000e+00
 123.424954     12.227    11.5712  31.133103    26.8025     12.117  281.41456  281.49635   125.0385    14.1031 -9.990e-29
 123.424957     12.236    11.5705  31.134934    26.8053     12.126  281.41399  281.49572   128.4159    14.6288 -9.990e-29
 123.424959     12.223    11.5699  31.138423    26.8091     12.113  281.41060  281.49224   128.5093    14.5883 -9.990e-29
 123.424962     12.197    11.5686  31.140597    26.8121     12.088  281.41223  281.49376   128.6494    14.6045 -9.990e-29
 123.424965     12.172    11.5668  31.142542    26.8152     12.063  281.41684  281.49822   128.5093    14.6207 -9.990e-29
 123.424968     12.157    11.5654  31.144086    26.8177     12.048  281.42062  281.50188   128.3692    14.5681 -9.990e-29
 123.424971     12.161    11.5637  31.145459    26.8202     12.052  281.42569  281.50682   129.3187    14.6328 -9.990e-29
 123.424974     12.186    11.5628  31.145402    26.8215     12.077  281.43029  281.51134   129.5210    14.5722 -9.990e-29
 123.424977     12.232    11.5620  31.145460    26.8221     12.122  281.43372  281.51472   129.4432    14.5843 0.0000e+00
 123.424980     12.298    11.5613  31.146204    26.8224     12.188  281.43555  281.51649   129.4432    14.6005 0.0000e+00
 123.424983     12.360    11.5607  31.145460    26.8226     12.249  281.43987  281.52077   130.7661    14.5964 0.0000e+00
 123.424986     12.425    11.5602  31.146204    26.8234     12.314  281.44106  281.52192   130.5171    14.6005 0.0000e+00
 123.424988     12.478    11.5598  31.147005    26.8239     12.366  281.44118  281.52201   130.7039    14.5924 0.0000e+00
 123.424991     12.517    11.5595  31.146834    26.8244     12.404  281.44313  281.52393   130.6105    14.5924 -9.990e-29
 123.424994     12.535    11.5591  31.147463    26.8254     12.422  281.44387  281.52464   130.0035    14.6045 -9.990e-29
 123.424997     12.542    11.5584  31.148951    26.8273     12.430  281.44394  281.52465   130.2214    14.6005 -9.990e-29
 123.425000     12.542    11.5583  31.148951    26.8274     12.430  281.44458  281.52528   130.0502    14.6005 -9.990e-29
 123.425003     12.535    11.5581  31.148550    26.8271     12.423  281.44629  281.52697   130.1436    14.6126 -9.990e-29
 123.425006     12.540    11.5582  31.149695    26.8281     12.428  281.44350  281.52418   132.6338    15.2798 -9.990e-29
 123.425009     12.560    11.5580  31.150496    26.8289     12.448  281.44296  281.52362   132.6805    15.2596 -9.990e-29
 123.425012     12.586    11.5579  31.150324    26.8293     12.473  281.44394  281.52459   132.6183    15.2272 0.0000e+00
 123.425014     12.626    11.5575  31.150725    26.8295     12.513  281.44480  281.52543   132.7272    15.2394 0.0000e+00
 123.425017     12.673    11.5573  31.150496    26.8295     12.560  281.44654  281.52715   132.6494    15.2636 0.0000e+00
 123.425020     12.712    11.5569  31.150096    26.8295     12.598  281.44892  281.52950   133.2253    15.3081 0.0000e+00
 123.425023     12.743    11.5564  31.150496    26.8298     12.629  281.45042  281.53096   133.4743    15.3122 0.0000e+00
 123.425026     12.770    11.5563  31.150325    26.8301     12.656  281.45140  281.53194   133.3809    15.2960 -9.990e-29
 123.425029     12.783    11.5560  31.150668    26.8305     12.668  281.45204  281.53255   133.3965    15.3122 -9.990e-29
 123.425032     12.777    11.5560  31.149924    26.8298     12.663  281.45344  281.53396   134.1124    14.6490 -9.990e-29
 123.425035     12.777    11.5560  31.150668    26.8306     12.663  281.45235  281.53286   134.1436    14.6773 -9.990e-29
 123.425038     12.777    11.5558  31.150897    26.8309     12.663  281.45256  281.53306   133.9879    14.6935 -9.990e-29
 123.425041     12.796    11.5554  31.151641    26.8345     12.681  281.45308  281.53354   134.0813    14.6571 -9.990e-29
 123.425043     12.821    11.5551  31.154215    26.8338     12.706  281.44952  281.52993   136.0580    14.9846 0.0000e+00
 123.425046     12.865    11.5549  31.152614    26.8332     12.750  281.45385  281.53426   136.0424    14.9927 0.0000e+00
 123.425049     12.920    11.5550  31.150897    26.8315     12.804  281.45648  281.53692   135.9801    15.0008 0.0000e+00
 123.425052     12.978    11.5553  31.150097    26.8314     12.862  281.45644  281.53691   136.1202    14.9806 0.0000e+00
 123.425055     13.033    11.5556  31.151298    26.8304     12.916  281.45326  281.53373   138.5794    13.7270 0.0000e+00
 123.425058     13.080    11.5556  31.148896    26.8302     12.963  281.45782  281.53832   138.6105    13.7028 0.0000e+00
 123.425061     13.117    11.5556  31.150326    26.8291     12.999  281.45483  281.53532   138.3926    13.6543 -9.990e-29
 123.425064     13.135    11.5558  31.151299    26.8312     13.017  281.45237  281.53286   138.4237    13.7392 -9.990e-29
 123.425067     13.146    11.5556  31.151470    26.8315     13.028  281.45269  281.53317   138.7194    13.7068 -9.990e-29
 123.425069     13.148    11.5553  31.151642    26.8319     13.030  281.45396  281.53441   138.9529    15.0372 -9.990e-29
 123.425072     13.142    11.5551  31.151642    26.8320     13.024  281.45460  281.53504   138.9218    14.9644 -9.990e-29
 123.425075     13.150    11.5549  31.152042    26.8325     13.032  281.45480  281.53523   139.1864    15.0048 -9.990e-29
 123.425078     13.161    11.5548  31.152329    26.8329     13.043  281.45491  281.53532   138.9840    14.9887 -9.990e-29
 123.425081     13.184    11.5546  31.152443    26.8332     13.066  281.45567  281.53606   140.2447    15.5103 -9.990e-29
 123.425084     13.221    11.5545  31.152443    26.8333     13.102  281.45633  281.53671   140.1825    15.5224 0.0000e+00
 123.425087     13.254    11.5542  31.152443    26.8334     13.135  281.45731  281.53768   140.2914    15.5062 0.0000e+00
 123.425090     13.286    11.5540  31.152615    26.8334     13.167  281.45829  281.53863   140.2136    15.4941 0.0000e+00
 123.425093     13.327    11.5538  31.151299    26.8325     13.207  281.46143  281.54178   129.9568    15.1625 0.0000e+00
 123.425095     13.358    11.5539  31.148954    26.8314     13.238  281.46556  281.54594   130.0346    15.1666 0.0000e+00
 123.425098     13.385    11.5543  31.149297    26.8302     13.265  281.46301  281.54342   130.0346    15.1908 -9.990e-29
 123.425101     13.403    11.5551  31.147581    26.8281     13.283  281.46275  281.54324   130.0191    15.2111 -9.990e-29
 123.425104     13.423    11.5560  31.145636    26.8255     13.303  281.46197  281.54254   130.0502    15.3688 -9.990e-29
 123.425107     13.447    11.5571  31.145235    26.8243     13.326  281.45764  281.53829   129.8478    15.3890 -9.990e-29
 123.425110     13.465    11.5580  31.144091    26.8226     13.345  281.45566  281.53639   129.9101    15.3809 -9.990e-29
 123.425113     13.485    11.5588  31.144491    26.8224     13.365  281.45109  281.53188   129.8012    15.3445 -9.990e-29
 123.425116     13.504    11.5593  31.143691    26.8213     13.383  281.45070  281.53153   129.8790    15.3485 -9.990e-29
 123.425119     13.524    11.5598  31.143118    26.8219     13.402  281.44924  281.53011   130.9529    15.0493 -9.990e-29
 123.425122     13.549    11.5600  31.144892    26.8220     13.428  281.44495  281.52582   130.8595    15.0776 0.0000e+00
 123.425124     13.584    11.5603  31.145235    26.8219     13.462  281.44306  281.52394   130.9840    15.0574 0.0000e+00
 123.425127     13.613    11.5602  31.144663    26.8218     13.491  281.44447  281.52536   130.8751    15.0655 0.0000e+00
 123.425130     13.646    11.5604  31.144892    26.8215     13.524  281.44311  281.52401   130.1903    14.7258 -9.990e-29
 123.425133     13.670    11.5605  31.145064    26.8217     13.547  281.44248  281.52338   130.1436    14.7016 -9.990e-29
 123.425136     13.690    11.5606  31.145236    26.8218     13.567  281.44185  281.52276   130.2525    14.7218 -9.990e-29
 123.425139     13.710    11.5607  31.145007    26.8214     13.587  281.44166  281.52258   130.1591    14.7582 -9.990e-29
 123.425142     13.728    11.5609  31.144664    26.8210     13.605  281.44136  281.52230   127.8245    14.8795 -9.990e-29
 123.425145     13.745    11.5609  31.144263    26.8206     13.621  281.44213  281.52307   127.8401    14.8633 -9.990e-29
 123.425148     13.768    11.5610  31.143920    26.8209     13.645  281.44247  281.52342   127.6533    14.8512 -9.990e-29
 123.425150     13.801    11.5610  31.144664    26.8206     13.677  281.44109  281.52203   127.7622    14.8876 0.0000e+00
 123.425153     13.832    11.5612  31.144263    26.8203     13.708  281.44091  281.52187   131.5599    14.8754 0.0000e+00
