Processed/SBE19plus_01907321_2022_05_10_Cast117_wfilter.cnv
* Sea-Bird SBE19plus  Data File:
* FileName = E:\Prandtl_Daten\2022\CTD\Raw\SBE19plus_01907321_2022_05_10_Cast117.hex
* Software version 2.6.1.12
* Temperature SN = 7321
* Conductivity SN = 7321
* System UpLoad Time = May 10 2022 14:41:10
* <ApplicationData>
* <Seaterm232>
** Messpraktikum 2022
** CTD 10.05  TS
** NMEA Latitude = 54 04.75N
** NMEA Longitude = 008 42.30E
# nquan = 11
# nvalues = 414                         
# units = specified
# name 0 = timeJ: Julian Days
# name 1 = prdM: Pressure, Strain Gauge [db]
# name 2 = tv290C: Temperature [ITS-90, deg C]
# name 3 = c0mS/cm: Conductivity [mS/cm]
# name 4 = sal00: Salinity, Practical [PSU]
# name 5 = depSM: Depth [salt water, m], lat = 54.00
# name 6 = oxsatMm/Kg: Oxygen Saturation, Weiss [umol/kg]
# name 7 = oxsolMm/Kg: Oxygen Saturation, Garcia & Gordon [umol/kg]
# name 8 = turbWETntu0: Turbidity, WET Labs ECO [NTU]
# name 9 = flECO-AFL: Fluorescence, WET Labs ECO-AFL/FL [mg/m^3]
# name 10 = flag:  0.000e+00
# span 0 = 130.607347, 130.608542       
# span 1 =      0.544,     12.931       
# span 2 =    13.5099,    13.5720       
# span 3 =  32.827072,  32.870034       
# span 4 =    26.9875,    27.0012       
# span 5 =      0.540,     12.815       
# span 6 =  269.37900,  269.72008       
# span 7 =  269.57564,  269.91333       
# span 8 =    -2.7903,    33.0229       
# span 9 =     1.7174,     8.1185       
# span 10 = 0.0000e+00, 0.0000e+00      
# interval = seconds: 0.25
# start_time = May 10 2022 14:33:26 [Instrument's time stamp, header]
# bad_flag = -9.990e-29
*END*
 130.607347      0.544    13.5708  32.869041    26.9943      0.540  269.38549  269.58207    -2.5101     1.7619 -9.990e-29
 130.607350      0.566    13.5714  32.870034    26.9948      0.561  269.38130  269.57791    -2.4790     1.7376 -9.990e-29
 130.607352      0.585    13.5720  32.869917    26.9942      0.579  269.37900  269.57564    -2.4012     1.7174 -9.990e-29
 130.607355      0.607    13.5720  32.867756    26.9927      0.601  269.38269  269.57935    -2.4479     1.7417 -9.990e-29
 130.607358      0.632    13.5708  32.867347    26.9929      0.626  269.38843  269.58502    -2.4167     1.7983 0.0000e+00
 130.607361      0.670    13.5698  32.866938    26.9931      0.664  269.39355  269.59008    -2.6502     2.0045 0.0000e+00
 130.607364      0.701    13.5688  32.866529    26.9933      0.695  269.39835  269.59483    -2.6969     2.0005 0.0000e+00
 130.607367      0.742    13.5682  32.866939    26.9941      0.735  269.40019  269.59664    -2.6813     2.0005 0.0000e+00
 130.607370      0.773    13.5680  32.867348    26.9945      0.766  269.40077  269.59720    -2.6658     1.9964 0.0000e+00
 130.607373      0.798    13.5680  32.867172    26.9947      0.791  269.40077  269.59720    -2.6658     1.8590 0.0000e+00
 130.607376      0.829    13.5684  32.867990    26.9945      0.822  269.39783  269.59427    -2.5568     1.8468 0.0000e+00
 130.607378      0.857    13.5688  32.867698    26.9944      0.849  269.39677  269.59324    -2.6191     1.8994 0.0000e+00
 130.607381      0.889    13.5688  32.865712    26.9940      0.882  269.39985  269.59634    -2.6813     1.8630 0.0000e+00
 130.607384      0.922    13.5689  32.867348    26.9939      0.914  269.39678  269.59326    -2.6813     1.8468 0.0000e+00
 130.607387      0.953    13.5688  32.867173    26.9940      0.944  269.39773  269.59420    -2.7125     1.8023 0.0000e+00
 130.607390      0.982    13.5688  32.867524    26.9942      0.973  269.39715  269.59362    -2.6502     1.8104 0.0000e+00
 130.607393      1.008    13.5686  32.867582    26.9944      0.999  269.39769  269.59415    -2.6658     1.7902 0.0000e+00
 130.607396      1.037    13.5685  32.867582    26.9944      1.028  269.39803  269.59448    -2.6502     1.8266 0.0000e+00
 130.607399      1.068    13.5685  32.867115    26.9942      1.059  269.39884  269.59530    -2.6191     1.9843 0.0000e+00
 130.607402      1.097    13.5687  32.867173    26.9940      1.087  269.39813  269.59460    -2.7903     2.0288 -9.990e-29
 130.607405      1.121    13.5687  32.867173    26.9911      1.111  269.39814  269.59461    -2.6969     1.9762 -9.990e-29
 130.607407      1.149    13.5685  32.863961    26.9910      1.138  269.40456  269.60105    -2.7436     2.0086 0.0000e+00
 130.607410      1.185    13.5666  32.862208    26.9910      1.174  269.41574  269.61212    -2.5257     1.8751 0.0000e+00
 130.607413      1.227    13.5638  32.846088    26.9909      1.216  269.45512  269.65147    -2.3701     1.8590 -9.990e-29
 130.607416      1.252    13.5613  32.861041    26.9937      1.241  269.44041  269.63647    -2.4323     1.8832 -9.990e-29
 130.607419      1.283    13.5601  32.860340    26.9945      1.272  269.44665  269.64265    -2.4167     1.8994 0.0000e+00
 130.607422      1.320    13.5587  32.860983    26.9945      1.308  269.45155  269.64746    -1.5763     1.9237 0.0000e+00
 130.607425      1.349    13.5586  32.863261    26.9952      1.337  269.44832  269.64421    -1.5296     1.9317 -9.990e-29
 130.607428      1.369    13.5598  32.862385    26.9954      1.357  269.44448  269.64045    -1.6074     1.9600 -9.990e-29
 130.607431      1.395    13.5605  32.862619    26.9954      1.383  269.44096  269.63697    -1.5918     1.9277 0.0000e+00
 130.607433      1.421    13.5607  32.861158    26.9954      1.408  269.44283  269.63886    -1.4829     2.1420 -9.990e-29
 130.607436      1.444    13.5602  32.859640    26.9929      1.431  269.44731  269.64333    -1.5452     2.2148 -9.990e-29
 130.607439      1.463    13.5589  32.858063    26.9932      1.449  269.45598  269.65192    -1.5452     2.2067 -9.990e-29
 130.607442      1.493    13.5569  32.857420    26.9934      1.480  269.46558  269.66141    -1.4051     2.1865 0.0000e+00
 130.607445      1.526    13.5551  32.856311    26.9935      1.512  269.47503  269.67076    -1.3428     2.2108 0.0000e+00
 130.607448      1.561    13.5536  32.856603    26.9948      1.547  269.48116  269.67679    -1.1872     1.9398 0.0000e+00
 130.607451      1.593    13.5528  32.857889    26.9950      1.579  269.48245  269.67803    -1.1405     1.9317 0.0000e+00
 130.607454      1.630    13.5528  32.856312    26.9950      1.615  269.48484  269.68044    -1.1405     1.9479 0.0000e+00
 130.607457      1.670    13.5521  32.854326    26.9937      1.655  269.49139  269.68696    -1.0782     1.9115 0.0000e+00
 130.607459      1.703    13.5510  32.852691    26.9934      1.688  269.49891  269.69442    -0.6424     2.0894 0.0000e+00
 130.607462      1.736    13.5492  32.851406    26.9930      1.721  269.50897  269.70439    -0.5335     2.0773 -9.990e-29
 130.607465      1.760    13.5467  32.847084    26.9909      1.744  269.52672  269.72202    -0.6424     2.1137 -9.990e-29
 130.607468      1.785    13.5429  32.842179    26.9892      1.769  269.55175  269.74685    -0.7358     2.0450 -9.990e-29
 130.607471      1.811    13.5379  32.839493    26.9902      1.795  269.57740  269.77223    -0.3778     2.1946 -9.990e-29
 130.607474      1.827    13.5330  32.836457    26.9875      1.811  269.60365  269.79821    -0.3778     2.2027 -9.990e-29
 130.607477      1.856    13.5284  32.829158    26.9915      1.840  269.63591  269.83025    -0.3778     2.1905 0.0000e+00
 130.607480      1.885    13.5254  32.835523    26.9954      1.869  269.63798  269.83208    -0.4090     2.2027 0.0000e+00
 130.607483      1.922    13.5234  32.835465    26.9968      1.905  269.64691  269.84088    -0.5179     2.0126 0.0000e+00
 130.607486      1.955    13.5224  32.836575    26.9984      1.938  269.64912  269.84303    -0.6736     2.0247 0.0000e+00
 130.607488      1.992    13.5228  32.838035    26.9994      1.974  269.64477  269.83869    -0.6113     2.0045 0.0000e+00
 130.607491      2.030    13.5239  32.839203    26.9998      2.012  269.63841  269.83238    -0.5490     1.9681 0.0000e+00
 130.607494      2.063    13.5252  32.840313    26.9998      2.044  269.63088  269.82492    -0.6736     2.0126 0.0000e+00
 130.607497      2.092    13.5265  32.840313    26.9989      2.073  269.62524  269.81936    -0.7047     2.2067 0.0000e+00
 130.607500      2.123    13.5275  32.839904    26.9984      2.104  269.62155  269.81574    -0.6891     2.1905 0.0000e+00
 130.607503      2.150    13.5278  32.840546    26.9978      2.131  269.61921  269.81342    -0.5335     2.2108 -9.990e-29
 130.607506      2.174    13.5280  32.840079    26.9976      2.154  269.61940  269.81361    -0.5957     2.2350 -9.990e-29
 130.607509      2.188    13.5280  32.840897    26.9983      2.169  269.61801  269.81222    -0.4245     2.1784 -9.990e-29
 130.607512      2.216    13.5283  32.840546    26.9978      2.196  269.61705  269.81129    -0.3778     2.2269 -9.990e-29
 130.607514      2.241    13.5283  32.839028    26.9975      2.221  269.61966  269.81390    -0.4401     2.1905 -9.990e-29
 130.607517      2.276    13.5278  32.839904    26.9979      2.256  269.62039  269.81460    -0.4401     2.2027 0.0000e+00
 130.607520      2.311    13.5274  32.840547    26.9984      2.290  269.62120  269.81538    -0.6891     2.0652 0.0000e+00
 130.607523      2.345    13.5279  32.842182    26.9984      2.324  269.61624  269.81043    -0.6113     2.1056 0.0000e+00
 130.607526      2.387    13.5290  32.840488    26.9972      2.366  269.61443  269.80871    -0.6580     2.0814 0.0000e+00
 130.607529      2.420    13.5291  32.840372    26.9970      2.399  269.61434  269.80862    -0.6736     2.0652 0.0000e+00
 130.607532      2.453    13.5286  32.839262    26.9964      2.431  269.61845  269.81271    -0.3311     2.0126 0.0000e+00
 130.607535      2.484    13.5280  32.838445    26.9963      2.462  269.62237  269.81661    -0.4712     1.9924 0.0000e+00
 130.607538      2.512    13.5267  32.837803    26.9963      2.489  269.62883  269.82299    -0.3934     2.0247 0.0000e+00
 130.607541      2.545    13.5256  32.837628    26.9966      2.522  269.63386  269.82796    -0.4245     2.0086 0.0000e+00
 130.607543      2.574    13.5248  32.837394    26.9969      2.551  269.63805  269.83210    -0.2689     2.0369 -9.990e-29
 130.607546      2.596    13.5243  32.838037    26.9982      2.572  269.63886  269.83287    -0.9537     2.0086 -9.990e-29
 130.607549      2.621    13.5243  32.838212    26.9983      2.598  269.63858  269.83259    -0.8915     1.9924 -9.990e-29
 130.607552      2.643    13.5242  32.838446    26.9977      2.619  269.63851  269.83251    -0.8759     2.0045 -9.990e-29
 130.607555      2.674    13.5244  32.837628    26.9977      2.650  269.63929  269.83331    -0.9226     2.0005 0.0000e+00
 130.607558      2.701    13.5242  32.837395    26.9977      2.677  269.64065  269.83466    -0.3467     2.2633 0.0000e+00
 130.607561      2.734    13.5239  32.838037    26.9984      2.710  269.64052  269.83451    -0.4712     2.2350 0.0000e+00
 130.607564      2.769    13.5241  32.838213    26.9984      2.744  269.63961  269.83361    -0.4090     2.2714 0.0000e+00
 130.607567      2.800    13.5243  32.838388    26.9984      2.775  269.63839  269.83240    -0.3623     2.2916 0.0000e+00
 130.607569      2.834    13.5248  32.839030    26.9985      2.809  269.63543  269.82946     0.1202     2.1258 0.0000e+00
 130.607572      2.860    13.5253  32.839264    26.9985      2.834  269.63285  269.82691     0.1047     2.1339 0.0000e+00
 130.607575      2.894    13.5256  32.839030    26.9985      2.868  269.63169  269.82578     0.0891     2.1258 0.0000e+00
 130.607578      2.925    13.5263  32.840198    26.9984      2.899  269.62689  269.82101     0.0735     2.1420 0.0000e+00
 130.607581      2.955    13.5267  32.840490    26.9987      2.928  269.62453  269.81867    -0.9537     2.1905 -9.990e-29
 130.607584      2.980    13.5272  32.840315    26.9981      2.953  269.62296  269.81712    -0.8603     2.2108 -9.990e-29
 130.607587      3.006    13.5274  32.840374    26.9980      2.979  269.62193  269.81611    -0.9537     2.1986 -9.990e-29
 130.607590      3.029    13.5275  32.839498    26.9982      3.002  269.62312  269.81731    -0.9226     2.2148 -9.990e-29
 130.607593      3.058    13.5275  32.840724    26.9980      3.031  269.62074  269.81492    -0.8448     2.2067 0.0000e+00
 130.607595      3.088    13.5278  32.840549    26.9979      3.060  269.62011  269.81431    -0.9848     1.9358 0.0000e+00
 130.607598      3.126    13.5278  32.840082    26.9979      3.098  269.62061  269.81483    -0.9381     1.9520 0.0000e+00
 130.607601      3.163    13.5276  32.840491    26.9979      3.134  269.62088  269.81508    -0.8448     1.9196 0.0000e+00
 130.607604      3.196    13.5274  32.840900    26.9979      3.167  269.62115  269.81533    -0.8136     1.9398 0.0000e+00
 130.607607      3.230    13.5276  32.840550    26.9979      3.202  269.62083  269.81502    -0.1288     1.9520 0.0000e+00
 130.607610      3.259    13.5278  32.840491    26.9979      3.230  269.62031  269.81452    -0.1444     1.9317 0.0000e+00
 130.607613      3.294    13.5277  32.841309    26.9986      3.265  269.61926  269.81345    -0.1755     1.9358 0.0000e+00
 130.607616      3.321    13.5279  32.841718    26.9987      3.292  269.61764  269.81184    -0.0821     1.9237 0.0000e+00
 130.607619      3.352    13.5281  32.841309    26.9988      3.322  269.61741  269.81163    -0.6580     2.0733 -9.990e-29
 130.607622      3.376    13.5282  32.841543    26.9984      3.346  269.61671  269.81093    -0.5957     2.0894 -9.990e-29
 130.607624      3.396    13.5281  32.841543    26.9984      3.366  269.61704  269.81125    -0.7202     2.0652 -9.990e-29
 130.607627      3.423    13.5280  32.841543    26.9985      3.393  269.61768  269.81189    -0.6424     2.0571 -9.990e-29
 130.607630      3.447    13.5280  32.841543    26.9984      3.417  269.61770  269.81191    -0.3311     1.8185 -9.990e-29
 130.607633      3.476    13.5276  32.841134    26.9984      3.445  269.61998  269.81417    -0.4401     1.8549 0.0000e+00
 130.607636      3.509    13.5275  32.840901    26.9983      3.478  269.62103  269.81521    -0.3778     1.8428 0.0000e+00
 130.607639      3.542    13.5273  32.840726    26.9983      3.510  269.62198  269.81615    -0.4401     1.8064 0.0000e+00
 130.607642      3.578    13.5272  32.841544    26.9987      3.546  269.62124  269.81540    -0.4090     1.8185 0.0000e+00
 130.607645      3.608    13.5272  32.841135    26.9990      3.575  269.62195  269.81612    -1.4518     2.0814 0.0000e+00
 130.607648      3.646    13.5277  32.842595    26.9994      3.613  269.61729  269.81147    -1.4206     2.0935 0.0000e+00
 130.607650      3.679    13.5280  32.842595    26.9995      3.646  269.61605  269.81025    -1.4829     2.0288 0.0000e+00
 130.607653      3.709    13.5286  32.843296    26.9995      3.676  269.61205  269.80628    -1.4518     2.0975 0.0000e+00
 130.607656      3.739    13.5294  32.843997    26.9995      3.705  269.60773  269.80200    -1.1716     2.0005 -9.990e-29
 130.607659      3.764    13.5303  32.844230    26.9992      3.730  269.60326  269.79759    -1.1094     2.0005 -9.990e-29
 130.607662      3.788    13.5311  32.844873    26.9993      3.754  269.59903  269.79340    -1.0782     2.0126 -9.990e-29
 130.607665      3.810    13.5322  32.845457    26.9991      3.776  269.59334  269.78777    -1.2494     1.9884 -9.990e-29
 130.607668      3.837    13.5331  32.846274    26.9975      3.803  269.58787  269.78236    -0.5802     1.9398 0.0000e+00
 130.607671      3.865    13.5339  32.843296    26.9983      3.830  269.58950  269.78406    -0.6424     1.9722 0.0000e+00
 130.607674      3.896    13.5347  32.846683    26.9981      3.861  269.58030  269.77488    -0.6891     1.9520 0.0000e+00
 130.607677      3.932    13.5355  32.847092    26.9981      3.897  269.57648  269.77110    -0.7669     1.9317 0.0000e+00
 130.607679      3.965    13.5360  32.847559    26.9981      3.929  269.57319  269.76784    -0.7981     2.0450 0.0000e+00
 130.607682      4.001    13.5366  32.848027    26.9981      3.965  269.56990  269.76459    -0.6113     2.0288 0.0000e+00
 130.607685      4.038    13.5373  32.847092    26.9980      4.002  269.56869  269.76342    -0.6424     1.9681 0.0000e+00
 130.607688      4.071    13.5380  32.848961    26.9977      4.034  269.56238  269.75714    -0.6113     2.0369 0.0000e+00
 130.607691      4.104    13.5390  32.849428    26.9977      4.067  269.55752  269.75233    -0.6736     2.0167 0.0000e+00
 130.607694      4.133    13.5394  32.849370    26.9975      4.096  269.55575  269.75059     0.9296     2.3321 0.0000e+00
 130.607697      4.162    13.5398  32.849604    26.9973      4.125  269.55380  269.74866     0.8206     2.2957 -9.990e-29
 130.607700      4.184    13.5402  32.848027    26.9955      4.146  269.55461  269.74951     0.8517     2.3482 -9.990e-29
 130.607703      4.206    13.5399  32.848377    26.9958      4.168  269.55560  269.75048     0.7584     2.3280 -9.990e-29
 130.607705      4.232    13.5395  32.847735    26.9961      4.194  269.55828  269.75314     0.8673     2.4372 0.0000e+00
 130.607708      4.259    13.5393  32.848261    26.9964      4.221  269.55834  269.75319     0.7428     2.4695 0.0000e+00
 130.607711      4.290    13.5391  32.848553    26.9964      4.251  269.55850  269.75333     0.8050     2.4615 0.0000e+00
 130.607714      4.326    13.5391  32.848144    26.9964      4.288  269.55921  269.75405     0.8673     2.4372 0.0000e+00
 130.607717      4.364    13.5388  32.847736    26.9964      4.325  269.56119  269.75601     0.0268     2.2067 0.0000e+00
 130.607720      4.397    13.5387  32.848261    26.9967      4.358  269.56095  269.75575     0.1513     2.1865 0.0000e+00
 130.607723      4.436    13.5384  32.847969    26.9968      4.396  269.56272  269.75752     0.1358     2.1905 0.0000e+00
