Processed/SBE19plus_01907321_2022_05_06_Cast43_wfilter.cnv
* Sea-Bird SBE19plus  Data File:
* FileName = E:\Prandtl Daten\2022\CTD\Raw\SBE19plus_01907321_2022_05_06_Cast43.hex
* Software version 2.6.1.12
* Temperature SN = 7321
* Conductivity SN = 7321
* System UpLoad Time = May 06 2022 09:08:50
* <ApplicationData>
* <Seaterm232>
** Messpraktikum 2022
** CTD 06.05 TS
** NMEA Latitude = 54 07.625 N
** NMEA Longitude = 008 42.144 E
# nquan = 11
# nvalues = 335                         
# units = specified
# name 0 = timeJ: Julian Days
# name 1 = prdM: Pressure, Strain Gauge [db]
# name 2 = tv290C: Temperature [ITS-90, deg C]
# name 3 = c0mS/cm: Conductivity [mS/cm]
# name 4 = sal00: Salinity, Practical [PSU]
# name 5 = depSM: Depth [salt water, m], lat = 54.00
# name 6 = oxsatMm/Kg: Oxygen Saturation, Weiss [umol/kg]
# name 7 = oxsolMm/Kg: Oxygen Saturation, Garcia & Gordon [umol/kg]
# name 8 = turbWETntu0: Turbidity, WET Labs ECO [NTU]
# name 9 = flECO-AFL: Fluorescence, WET Labs ECO-AFL/FL [mg/m^3]
# name 10 = flag:  0.000e+00
# span 0 = 126.376453, 126.377419       
# span 1 =      0.620,      8.948       
# span 2 =    12.5848,    12.6202       
# span 3 =  32.142260,  32.165876       
# span 4 =    27.0198,    27.0309       
# span 5 =      0.614,      8.868       
# span 6 =  274.75412,  274.95422       
# span 7 =  274.89684,  275.09488       
# span 8 =    15.5599,    28.4315       
# span 9 =     7.6535,    10.3506       
# span 10 = 0.0000e+00, 0.0000e+00      
# interval = seconds: 0.25
# start_time = May 06 2022 09:00:25 [Instrument's time stamp, header]
# bad_flag = -9.990e-29
*END*
 126.376453      0.620    12.6202  32.165468    27.0232      0.614  274.75446  274.89719    16.8206     8.4905 -9.990e-29
 126.376455      0.638    12.6200  32.165237    27.0231      0.633  274.75552  274.89824    16.5871     8.4703 -9.990e-29
 126.376458      0.669    12.6200  32.165874    27.0237      0.663  274.75440  274.89712    17.0229     8.5876 -9.990e-29
 126.376461      0.686    12.6200  32.165874    27.0237      0.680  274.75473  274.89744    17.1941     8.5916 -9.990e-29
 126.376464      0.697    12.6200  32.165642    27.0234      0.690  274.75483  274.89755    17.1941     8.5754 -9.990e-29
 126.376467      0.715    12.6201  32.165874    27.0228      0.708  274.75412  274.89684    16.9140     8.5148 -9.990e-29
 126.376470      0.744    12.6200  32.165005    27.0228      0.737  274.75600  274.89872    16.6338     8.4460 0.0000e+00
 126.376473      0.781    12.6200  32.164832    27.0228      0.774  274.75633  274.89906    16.4782     8.4460 -9.990e-29
 126.376476      0.802    12.6195  32.165237    27.0234      0.795  274.75783  274.90052    16.4315     8.3935 -9.990e-29
 126.376479      0.821    12.6195  32.165469    27.0236      0.813  274.75743  274.90012    16.6805     8.4177 -9.990e-29
 126.376481      0.828    12.6194  32.165237    27.0235      0.821  274.75848  274.90116    17.0541     8.2358 -9.990e-29
 126.376484      0.834    12.6192  32.165469    27.0238      0.826  274.75870  274.90137    17.1630     8.1670 -9.990e-29
 126.376487      0.848    12.6193  32.165469    27.0236      0.841  274.75840  274.90107    17.3498     8.1913 -9.990e-29
 126.376490      0.879    12.6195  32.165469    27.0231      0.872  274.75747  274.90016    17.0696     8.2520 0.0000e+00
 126.376493      0.930    12.6193  32.164253    27.0230      0.922  274.76062  274.90331    17.7078     8.0983 0.0000e+00
 126.376496      0.982    12.6187  32.164253    27.0230      0.973  274.76350  274.90614    17.6922     8.0579 0.0000e+00
 126.376499      1.025    12.6182  32.164427    27.0232      1.016  274.76542  274.90803    17.4587     8.1145 0.0000e+00
 126.376502      1.058    12.6180  32.164833    27.0235      1.049  274.76535  274.90795    17.4587     8.0902 -9.990e-29
 126.376505      1.075    12.6181  32.164833    27.0239      1.065  274.76505  274.90765    17.4899     8.0983 -9.990e-29
 126.376508      1.082    12.6182  32.164833    27.0239      1.073  274.76474  274.90734    16.6338     7.7020 -9.990e-29
 126.376510      1.097    12.6183  32.165238    27.0241      1.087  274.76339  274.90600    16.4315     7.6778 -9.990e-29
 126.376513      1.115    12.6187  32.165238    27.0239      1.105  274.76183  274.90446    16.4626     7.6535 -9.990e-29
 126.376516      1.132    12.6187  32.165354    27.0240      1.122  274.76163  274.90426    16.5871     7.7101 -9.990e-29
 126.376519      1.154    12.6189  32.165238    27.0237      1.143  274.76090  274.90355    17.4587     8.0417 -9.990e-29
 126.376522      1.175    12.6187  32.165470    27.0236      1.165  274.76145  274.90409    17.5366     8.0174 -9.990e-29
 126.376525      1.203    12.6188  32.165065    27.0236      1.192  274.76156  274.90421    17.5210     8.0134 0.0000e+00
 126.376528      1.234    12.6187  32.165065    27.0236      1.223  274.76190  274.90454    17.5988     8.0053 0.0000e+00
 126.376531      1.261    12.6190  32.165470    27.0236      1.250  274.76025  274.90290    16.8206     7.9810 0.0000e+00
 126.376534      1.288    12.6190  32.165239    27.0238      1.277  274.76036  274.90302    16.7895     7.9406 0.0000e+00
 126.376536      1.325    12.6192  32.165586    27.0238      1.313  274.75913  274.90180    16.9296     7.9527 0.0000e+00
 126.376539      1.356    12.6192  32.165876    27.0240      1.344  274.75864  274.90130    16.8206     8.0053 0.0000e+00
 126.376542      1.391    12.6192  32.165876    27.0240      1.378  274.75866  274.90132    17.2253     7.8799 0.0000e+00
 126.376545      1.420    12.6193  32.165065    27.0240      1.407  274.75949  274.90217    17.1941     7.9204 -9.990e-29
 126.376548      1.443    12.6192  32.165645    27.0238      1.430  274.75911  274.90177    17.3187     7.8719 -9.990e-29
 126.376551      1.456    12.6192  32.165471    27.0236      1.443  274.75911  274.90178    16.9607     7.8921 -9.990e-29
 126.376554      1.471    12.6188  32.164834    27.0233      1.457  274.76215  274.90480    16.9762     7.9244 -9.990e-29
 126.376557      1.481    12.6187  32.163444    27.0221      1.468  274.76527  274.90792    16.1047     7.8516 -9.990e-29
 126.376560      1.502    12.6182  32.162864    27.0219      1.488  274.76852  274.91115    16.3381     7.8152 -9.990e-29
 126.376563      1.520    12.6180  32.164660    27.0243      1.506  274.76596  274.90856    16.1825     7.8274 -9.990e-29
 126.376565      1.551    12.6179  32.165240    27.0243      1.537  274.76558  274.90817    16.1202     7.8274 0.0000e+00
 126.376568      1.593    12.6180  32.165240    27.0242      1.579  274.76498  274.90757    16.9762     7.9082 0.0000e+00
 126.376571      1.633    12.6185  32.165066    27.0237      1.619  274.76342  274.90605    17.0229     7.8961 0.0000e+00
 126.376574      1.668    12.6187  32.165240    27.0237      1.653  274.76219  274.90482    16.9918     7.8799 0.0000e+00
 126.376577      1.697    12.6188  32.165066    27.0236      1.682  274.76188  274.90453    16.6650     7.9163 0.0000e+00
 126.376580      1.723    12.6188  32.163850    27.0234      1.707  274.76407  274.90673    17.0229     8.0579 -9.990e-29
 126.376583      1.741    12.6185  32.165008    27.0236      1.725  274.76328  274.90591    16.7272     8.0174 -9.990e-29
 126.376586      1.763    12.6183  32.164835    27.0235      1.747  274.76455  274.90717    16.9762     8.0174 -9.990e-29
 126.376589      1.775    12.6183  32.164661    27.0234      1.759  274.76487  274.90749    16.6961     8.0134 -9.990e-29
 126.376591      1.792    12.6185  32.165240    27.0238      1.776  274.76290  274.90553    16.9140     8.4824 -9.990e-29
 126.376594      1.809    12.6189  32.165240    27.0222      1.792  274.76133  274.90398    16.7895     8.4299 -9.990e-29
 126.376597      1.834    12.6189  32.163850    27.0222      1.818  274.76383  274.90649    16.6961     8.4865 0.0000e+00
 126.376600      1.860    12.6182  32.164256    27.0222      1.843  274.76628  274.90889    16.7895     8.4986 -9.990e-29
 126.376603      1.885    12.6177  32.163445    27.0241      1.868  274.76995  274.91254    17.0229     8.5107 -9.990e-29
 126.376606      1.914    12.6177  32.165009    27.0238      1.897  274.76686  274.90944    16.4626     8.3086 0.0000e+00
 126.376609      1.945    12.6180  32.164662    27.0240      1.928  274.76656  274.90915    16.6338     8.3207 0.0000e+00
 126.376612      1.975    12.6185  32.165473    27.0236      1.957  274.76292  274.90554    16.5249     8.3409 0.0000e+00
 126.376615      2.006    12.6190  32.164835    27.0229      1.988  274.76155  274.90422    16.4938     8.3126 0.0000e+00
 126.376617      2.037    12.6194  32.164835    27.0227      2.018  274.75999  274.90268    16.6805     8.4541 0.0000e+00
 126.376620      2.068    12.6190  32.163214    27.0221      2.049  274.76480  274.90748    16.8673     8.5229 0.0000e+00
 126.376623      2.099    12.6178  32.163214    27.0215      2.080  274.76987  274.91247    16.9918     8.4541 -9.990e-29
 126.376626      2.124    12.6174  32.163272    27.0226      2.105  274.77168  274.91425    16.5871     8.5148 -9.990e-29
 126.376629      2.148    12.6172  32.163620    27.0231      2.129  274.77202  274.91458    17.4120     8.7695 -9.990e-29
 126.376632      2.161    12.6170  32.163040    27.0227      2.141  274.77401  274.91656    17.4743     8.8140 -9.990e-29
 126.376635      2.181    12.6163  32.162809    27.0229      2.161  274.77728  274.91979    17.5210     8.7817 -9.990e-29
 126.376638      2.204    12.6159  32.161998    27.0229      2.185  274.78063  274.92312    17.6144     8.7574 -9.990e-29
 126.376641      2.232    12.6153  32.161998    27.0228      2.212  274.78349  274.92594    17.0696     8.7453 0.0000e+00
 126.376644      2.259    12.6146  32.161419    27.0228      2.239  274.78738  274.92979    16.9296     8.7655 0.0000e+00
 126.376646      2.288    12.6143  32.161825    27.0228      2.268  274.78794  274.93033    16.7428     8.7493 -9.990e-29
 126.376649      2.310    12.6141  32.160956    27.0228      2.290  274.79045  274.93284    16.8517     8.7372 -9.990e-29
 126.376652      2.334    12.6136  32.160435    27.0227      2.313  274.79393  274.93627    16.9762     8.7898 -9.990e-29
 126.376655      2.354    12.6133  32.160608    27.0230      2.333  274.79489  274.93722    17.4276     8.4501 -9.990e-29
 126.376658      2.372    12.6128  32.160029    27.0238      2.351  274.79783  274.94014    17.2564     8.4218 -9.990e-29
 126.376661      2.403    12.6122  32.160609    27.0241      2.382  274.79966  274.94192    17.3809     8.4380 0.0000e+00
 126.376664      2.434    12.6123  32.161420    27.0238      2.412  274.79792  274.94017    17.3809     8.4056 0.0000e+00
 126.376667      2.465    12.6126  32.160435    27.0239      2.443  274.79811  274.94040    16.7895     8.8747 0.0000e+00
 126.376670      2.493    12.6128  32.161188    27.0233      2.470  274.79584  274.93814    16.8984     8.9515 -9.990e-29
 126.376672      2.511    12.6131  32.160609    27.0231      2.488  274.79562  274.93794    17.1319     8.9475 -9.990e-29
 126.376675      2.535    12.6128  32.159219    27.0220      2.512  274.79970  274.94201    16.8050     8.9636 -9.990e-29
 126.376678      2.555    12.6119  32.158003    27.0215      2.532  274.80567  274.94794    19.2486     9.3073 -9.990e-29
 126.376681      2.578    12.6104  32.156555    27.0213      2.555  274.81490  274.95708    19.0307     9.3033 -9.990e-29
 126.376684      2.613    12.6089  32.155397    27.0217      2.590  274.82393  274.96602    19.1085     9.3276 0.0000e+00
 126.376687      2.642    12.6073  32.155165    27.0221      2.619  274.83131  274.97330    19.0930     9.3033 0.0000e+00
 126.376690      2.668    12.6059  32.154586    27.0226      2.644  274.83836  274.98027    17.7545     9.2993 0.0000e+00
 126.376693      2.695    12.6053  32.155166    27.0231      2.671  274.84019  274.98204    17.5677     8.8342 0.0000e+00
 126.376696      2.723    12.6049  32.155397    27.0236      2.698  274.84137  274.98320    17.7545     8.7817 -9.990e-29
 126.376698      2.746    12.6050  32.155398    27.0240      2.722  274.84107  274.98291    17.8012     8.7776 -9.990e-29
 126.376701      2.768    12.6051  32.154181    27.0228      2.743  274.84294  274.98479    17.6455     8.7898 -9.990e-29
 126.376704      2.795    12.6045  32.154181    27.0232      2.770  274.84548  274.98730    17.3809     8.8989 -9.990e-29
 126.376707      2.817    12.6039  32.152965    27.0225      2.792  274.85051  274.99229    17.5210     8.9313 -9.990e-29
 126.376710      2.843    12.6031  32.152328    27.0224      2.817  274.85513  274.99687    17.3498     8.8666 -9.990e-29
 126.376713      2.867    12.6024  32.151923    27.0226      2.841  274.85903  275.00073    17.4587     8.9677 -9.990e-29
 126.376716      2.887    12.6015  32.150707    27.0220      2.861  274.86500  275.00666    17.7078     9.4570 -9.990e-29
 126.376719      2.916    12.6007  32.151576    27.0235      2.890  274.86726  275.00885    17.5677     9.4206 -9.990e-29
 126.376722      2.941    12.6003  32.152329    27.0244      2.915  274.86751  275.00907    17.8323     9.4044 -9.990e-29
 126.376725      2.967    12.6005  32.152155    27.0241      2.940  274.86689  275.00846    17.8634     9.4570 -9.990e-29
 126.376727      2.990    12.6007  32.151750    27.0228      2.964  274.86668  275.00827    17.0541     9.1537 -9.990e-29
 126.376730      3.018    12.6007  32.150939    27.0226      2.991  274.86846  275.01006    17.1319     9.1335 0.0000e+00
 126.376733      3.047    12.6000  32.149955    27.0228      3.020  274.87308  275.01464    17.0852     9.1537 0.0000e+00
 126.376736      3.076    12.5995  32.150534    27.0228      3.048  274.87428  275.01580    16.9451     9.1294 0.0000e+00
 126.376739      3.103    12.5992  32.151113    27.0232      3.076  274.87484  275.01633    16.9918     9.1294 -9.990e-29
 126.376742      3.127    12.5993  32.152156    27.0249      3.099  274.87268  275.01417    16.9607     8.6968 -9.990e-29
 126.376745      3.150    12.5996  32.152735    27.0252      3.122  274.87008  275.01159    16.8517     8.6523 -9.990e-29
 126.376748      3.174    12.6007  32.152561    27.0243      3.146  274.86567  275.00725    16.8362     8.6523 -9.990e-29
 126.376751      3.191    12.6015  32.153546    27.0246      3.162  274.86045  275.00207    16.9451     8.6806 -9.990e-29
 126.376753      3.211    12.6020  32.154183    27.0254      3.182  274.85680  274.99845    16.7895     9.0405 -9.990e-29
 126.376756      3.236    12.6028  32.155399    27.0252      3.207  274.85117  274.99287    16.9607     9.0364 0.0000e+00
 126.376759      3.264    12.6038  32.155747    27.0250      3.234  274.84615  274.98791    16.6338     9.0526 0.0000e+00
 126.376762      3.293    12.6049  32.155399    27.0250      3.263  274.84206  274.98389    16.7895     9.0526 0.0000e+00
 126.376765      3.320    12.6053  32.156963    27.0250      3.290  274.83739  274.97923    16.3381     8.4946 0.0000e+00
 126.376768      3.353    12.6062  32.158006    27.0250      3.323  274.83176  274.97365    16.2759     8.4460 0.0000e+00
 126.376771      3.382    12.6074  32.158006    27.0250      3.352  274.82641  274.96838    16.5405     8.4016 0.0000e+00
 126.376774      3.411    12.6081  32.159222    27.0250      3.381  274.82079  274.96280    16.2914     8.4905 0.0000e+00
 126.376777      3.439    12.6091  32.160612    27.0253      3.408  274.81391  274.95597    15.5599     8.3611 0.0000e+00
 126.376780      3.468    12.6105  32.160438    27.0256      3.437  274.80824  274.95039    15.6844     8.3652 -9.990e-29
 126.376782      3.482    12.6112  32.160844    27.0243      3.451  274.80437  274.94656    15.6689     8.3935 -9.990e-29
 126.376785      3.504    12.6121  32.162640    27.0254      3.473  274.79739  274.93962    15.6377     8.3975 -9.990e-29
 126.376788      3.521    12.6133  32.162871    27.0247      3.489  274.79131  274.93362    15.6066     8.3571 -9.990e-29
 126.376791      3.539    12.6148  32.164261    27.0249      3.507  274.78252  274.92492    16.5871     8.6401 -9.990e-29
 126.376794      3.555    12.6160  32.163450    27.0221      3.524  274.77862  274.92110    16.6494     8.7372 -9.990e-29
 126.376797      3.583    12.6163  32.162408    27.0223      3.551  274.77923  274.92174    16.6650     8.6968 0.0000e+00
 126.376800      3.616    12.6158  32.162408    27.0224      3.583  274.78115  274.92363    16.4626     8.6563 0.0000e+00
 126.376803      3.645    12.6155  32.163045    27.0233      3.612  274.78161  274.92406    16.8984     8.6968 0.0000e+00
 126.376806      3.683    12.6156  32.164030    27.0241      3.651  274.77924  274.92170    16.7739     8.6442 0.0000e+00
 126.376808      3.718    12.6161  32.164783    27.0241      3.685  274.77571  274.91819    16.7739     8.6159 0.0000e+00
 126.376811      3.749    12.6170  32.164262    27.0233      3.716  274.77288  274.91542    16.7895     8.6118 0.0000e+00
 126.376814      3.776    12.6171  32.162640    27.0217      3.743  274.77516  274.91772    17.0852     9.0890 0.0000e+00
 126.376817      3.804    12.6165  32.161829    27.0215      3.770  274.77946  274.92199    17.1630     9.1739 0.0000e+00
 126.376820      3.833    12.6153  32.162235    27.0214      3.799  274.78381  274.92626    17.0541     9.0809 -9.990e-29
 126.376823      3.851    12.6148  32.162640    27.0233      3.817  274.78562  274.92803    17.0229     9.0930 -9.990e-29
 126.376826      3.864    12.6148  32.161424    27.0221      3.830  274.78748  274.92991    17.3498     9.4934 -9.990e-29
 126.376829      3.875    12.6141  32.158586    27.0200      3.841  274.79571  274.93812    17.1630     9.5459 -9.990e-29
