Processed/SBE19plus_01907321_2022_05_09_Cast104_wfilter.cnv
* Sea-Bird SBE19plus  Data File:
* FileName = E:\Prandtl_Daten\2022\CTD\Raw\SBE19plus_01907321_2022_05_09_Cast104.hex
* Software version 2.6.1.12
* Temperature SN = 7321
* Conductivity SN = 7321
* System UpLoad Time = May 09 2022 13:53:17
* <ApplicationData>
* <Seaterm232>
** Messpraktikum 2022
** CTD 09.05  BM
** NMEA Latitude = 54 07 838N
** NMEA Longitude = 008 47 148E
# nquan = 11
# nvalues = 513                         
# units = specified
# name 0 = timeJ: Julian Days
# name 1 = prdM: Pressure, Strain Gauge [db]
# name 2 = tv290C: Temperature [ITS-90, deg C]
# name 3 = c0mS/cm: Conductivity [mS/cm]
# name 4 = sal00: Salinity, Practical [PSU]
# name 5 = depSM: Depth [salt water, m], lat = 54.00
# name 6 = oxsatMm/Kg: Oxygen Saturation, Weiss [umol/kg]
# name 7 = oxsolMm/Kg: Oxygen Saturation, Garcia & Gordon [umol/kg]
# name 8 = turbWETntu0: Turbidity, WET Labs ECO [NTU]
# name 9 = flECO-AFL: Fluorescence, WET Labs ECO-AFL/FL [mg/m^3]
# name 10 = flag:  0.000e+00
# span 0 = 129.573605, 129.575087       
# span 1 =      0.493,     15.420       
# span 2 =    13.1314,    14.5070       
# span 3 =  32.621565,  33.654308       
# span 4 =    27.0053,    27.1251       
# span 5 =      0.489,     15.282       
# span 6 =  264.14874,  271.71590       
# span 7 =  264.39407,  271.88742       
# span 8 =    -1.0627,   290.4548       
# span 9 =     1.3535,    12.2835       
# span 10 = 0.0000e+00, 0.0000e+00      
# interval = seconds: 0.25
# start_time = May 09 2022 13:44:34 [Instrument's time stamp, header]
# bad_flag = -9.990e-29
*END*
[from data line 132]
 129.573987      4.351    13.6112  33.017333    27.0992      4.312  268.96343  269.16124    -0.6736     2.1784 -9.990e-29
 129.573990      4.373    13.6100  33.013295    27.0963      4.333  268.97531  269.17309    -0.9693     2.4008 -9.990e-29
 129.573993      4.394    13.6073  33.010019    27.0953      4.355  268.99248  269.19012    -0.8448     2.4089 -9.990e-29
 129.573996      4.420    13.6034  33.008147    27.0963      4.380  269.01230  269.20972    -0.9848     2.4129 -9.990e-29
 129.573999      4.433    13.5995  33.007152    27.0983      4.393  269.03093  269.22812    -0.8448     2.4089 -9.990e-29
 129.574002      4.462    13.5964  33.004812    27.0989      4.422  269.04809  269.24511    -0.9381     2.4049 0.0000e+00
 129.574005      4.495    13.5934  33.003993    27.0986      4.454  269.06236  269.25920    -0.6736     2.1865 0.0000e+00
 129.574008      4.529    13.5905  33.000600    27.0991      4.489  269.08038  269.27707    -0.5646     2.2108 0.0000e+00
 129.574010      4.571    13.5866  32.998202    27.0991      4.530  269.10110  269.29757    -0.5024     2.2067 0.0000e+00
 129.574013      4.606    13.5829  32.998202    27.1017      4.565  269.11680  269.31305    -0.5802     2.2027 0.0000e+00
 129.574016      4.648    13.5801  32.996857    27.1017      4.606  269.13135  269.32743    -0.9848     2.3280 0.0000e+00
 129.574019      4.688    13.5774  32.989661    27.0978      4.646  269.15488  269.35087    -0.9381     2.3402 0.0000e+00
 129.574022      4.730    13.5719  32.985098    27.0976      4.687  269.18619  269.38188    -0.8603     2.3563 0.0000e+00
 129.574025      4.764    13.5649  32.968194    27.0871      4.722  269.24474  269.44015    -0.9381     2.3402 0.0000e+00
 129.574028      4.799    13.5515  32.953165    27.0871      4.756  269.32774  269.52245    -0.2845     2.3523 0.0000e+00
 129.574031      4.830    13.5329  32.945858    27.0862      4.787  269.41990  269.61353    -0.4557     2.3563 0.0000e+00
 129.574034      4.856    13.5165  32.947263    27.0895      4.812  269.48781  269.68043    -0.4712     2.3078 -9.990e-29
 129.574036      4.876    13.5079  32.951299    27.1121      4.832  269.51765  269.70971    -0.4868     2.3442 -9.990e-29
 129.574039      4.896    13.5050  32.943990    27.1075      4.852  269.54267  269.73461    -0.0043     2.6717 -9.990e-29
 129.574042      4.921    13.5007  32.939956    27.1068      4.877  269.56776  269.75947     0.0268     2.6192 -9.990e-29
 129.574045      4.945    13.4943  32.925340    27.1079      4.901  269.62031  269.81175     0.1202     2.6192 -9.990e-29
 129.574048      4.972    13.4853  32.929083    27.1076      4.928  269.65253  269.84339     0.0580     2.6192 0.0000e+00
 129.574051      5.005    13.4793  32.923764    27.1072      4.960  269.68705  269.87758     0.0735     2.6717 0.0000e+00
 129.574054      5.034    13.4747  32.910671    27.0986      4.989  269.72950  269.91986    -0.0043     2.7243 0.0000e+00
 129.574057      5.064    13.4655  32.899684    27.0986      5.018  269.78751  269.97740    -0.3156     2.7000 0.0000e+00
 129.574060      5.095    13.4540  32.897114    27.1008      5.049  269.84120  270.03040    -0.1755     2.7122 0.0000e+00
 129.574063      5.124    13.4453  32.894719    27.1028      5.078  269.88265  270.07135    -0.1132     2.7526 0.0000e+00
 129.574065      5.153    13.4390  32.887649    27.1038      5.107  269.92175  270.11012     1.0229     2.9467 0.0000e+00
 129.574068      5.180    13.4328  32.878009    27.1028      5.134  269.96494  270.15300     1.1941     2.8982 -9.990e-29
 129.574071      5.202    13.4244  32.867377    27.0997      5.156  270.01956  270.20719     1.0852     2.8820 -9.990e-29
 129.574074      5.230    13.4130  32.864107    27.1007      5.183  270.07384  270.26080     0.9607     2.8941 0.0000e+00
 129.574077      5.257    13.4036  32.858909    27.0997      5.210  270.12325  270.30967     0.9762     3.1489 0.0000e+00
 129.574080      5.284    13.3954  32.848163    27.0995      5.237  270.17685  270.36285     1.1786     3.1772 0.0000e+00
 129.574083      5.317    13.3862  32.843024    27.0995      5.270  270.22524  270.41072     1.1786     3.1448 0.0000e+00
 129.574086      5.354    13.3776  32.841332    27.1040      5.306  270.26521  270.45017     1.0696     3.1327 0.0000e+00
 129.574089      5.392    13.3714  32.846121    27.1128      5.344  270.28369  270.46823     0.3381     2.6434 0.0000e+00
 129.574091      5.434    13.3698  32.853130    27.1204      5.385  270.27891  270.46328     0.2759     2.6434 0.0000e+00
 129.574094      5.472    13.3724  32.860373    27.1227      5.423  270.25521  270.43968     0.3070     2.6475 0.0000e+00
 129.574097      5.507    13.3781  32.862242    27.1251      5.458  270.22723  270.41205     0.3537     2.6151 0.0000e+00
 129.574100      5.538    13.3824  32.868259    27.1235      5.489  270.19873  270.38376     0.3848     2.6434 0.0000e+00
 129.574103      5.569    13.3868  32.869894    27.1244      5.519  270.17680  270.36209     1.2875     3.0882 0.0000e+00
 129.574106      5.596    13.3901  32.870537    27.1235      5.546  270.16160  270.34709     1.3965     3.0963 -9.990e-29
 129.574109      5.618    13.3922  32.869660    27.1194      5.568  270.15402  270.33964     1.4276     3.1044 -9.990e-29
 129.574112      5.638    13.3933  32.866389    27.1157      5.588  270.15493  270.34065     1.4276     3.0721 -9.990e-29
 129.574115      5.653    13.3922  32.861832    27.1123      5.602  270.16746  270.35315     2.3303     3.7473 -9.990e-29
 129.574117      5.677    13.3895  32.855816    27.1088      5.626  270.18971  270.37529     2.3148     3.7433 -9.990e-29
 129.574120      5.699    13.3851  32.853130    27.1100      5.648  270.21317  270.39849     2.3148     3.7514 -9.990e-29
 129.574123      5.726    13.3807  32.850443    27.1097      5.675  270.23663  270.42170     2.1903     3.7029 0.0000e+00
 129.574126      5.755    13.3766  32.846706    27.1095      5.704  270.26063  270.44549     4.1202     4.0142 0.0000e+00
 129.574129      5.786    13.3724  32.829362    27.0967      5.735  270.30862  270.49337     4.0268     4.0344 0.0000e+00
 129.574132      5.817    13.3639  32.816985    27.0914      5.765  270.36631  270.55064     4.0891     3.9819 0.0000e+00
 129.574135      5.852    13.3528  32.802041    27.0914      5.800  270.44005  270.62382     4.1202     3.9778 0.0000e+00
 129.574138      5.889    13.3406  32.802743    27.0856      5.836  270.49132  270.67432     4.3848     4.1274 0.0000e+00
 129.574141      5.925    13.3317  32.783950    27.0899      5.872  270.56197  270.74459     4.3226     4.0789 0.0000e+00
 129.574144      5.956    13.3211  32.782200    27.0862      5.903  270.61087  270.79283     4.4004     4.1436 0.0000e+00
 129.574146      5.987    13.3127  32.771580    27.0862      5.933  270.66529  270.84682     4.2603     4.1072 0.0000e+00
 129.574149      6.014    13.3049  32.764813    27.0855      5.960  270.71089  270.89199     4.4315     4.1355 0.0000e+00
 129.574152      6.040    13.2971  32.750986    27.0784      5.986  270.76802  270.94877     5.0541     4.2528 0.0000e+00
 129.574155      6.069    13.2865  32.740429    27.0762      6.015  270.83211  271.01229     5.0229     4.2285 0.0000e+00
 129.574158      6.095    13.2754  32.728765    27.0762      6.040  270.90032  271.07991     5.0229     4.2649 0.0000e+00
 129.574161      6.124    13.2641  32.728358    27.0810      6.069  270.94976  271.12864     5.0696     4.2043 0.0000e+00
 129.574164      6.158    13.2567  32.722585    27.0811      6.103  270.99180  271.17027     4.3226     4.2204 0.0000e+00
 129.574167      6.195    13.2509  32.722003    27.0817      6.139  271.01797  271.19608     4.2759     4.2366 0.0000e+00
 129.574170      6.226    13.2467  32.715589    27.0817      6.170  271.04729  271.22519     4.2292     4.2447 0.0000e+00
 129.574172      6.259    13.2423  32.710691    27.0817      6.203  271.07463  271.25230     4.2136     4.2568 0.0000e+00
 129.574175      6.288    13.2378  32.715706    27.0882      6.231  271.08578  271.26312     4.0580     4.0021 0.0000e+00
 129.574178      6.319    13.2365  32.716640    27.0891      6.262  271.08953  271.26679     3.9957     4.0223 0.0000e+00
 129.574181      6.346    13.2365  32.714366    27.0899      6.289  271.09348  271.27075     4.0113     4.0102 -9.990e-29
 129.574184      6.370    13.2365  32.715823    27.0892      6.313  271.09129  271.26855     4.1825     3.9859 -9.990e-29
 129.574187      6.392    13.2367  32.715532    27.0888      6.335  271.09086  271.26814     1.9101     3.2500 -9.990e-29
 129.574190      6.412    13.2371  32.719089    27.0917      6.354  271.08284  271.26011     1.8790     3.2378 -9.990e-29
 129.574193      6.430    13.2388  32.719089    27.0905      6.373  271.07563  271.25300     1.8012     3.1974 -9.990e-29
 129.574196      6.454    13.2397  32.720605    27.0950      6.396  271.06925  271.24667     1.8945     3.2176 -9.990e-29
 129.574198      6.481    13.2407  32.725504    27.0990      6.423  271.05641  271.23385     1.8478     3.2500 0.0000e+00
 129.574201      6.514    13.2431  32.736002    27.1029      6.456  271.02761  271.20511     0.2292     2.5585 0.0000e+00
 129.574204      6.547    13.2488  32.756769    27.1178      6.488  270.96727  271.14494     0.2914     2.5545 0.0000e+00
 129.574207      6.582    13.2597  32.770246    27.1224      6.523  270.89692  271.07516     0.4782     2.5747 0.0000e+00
 129.574210      6.626    13.2737  32.782733    27.1239      6.566  270.81512  270.99412     0.3381     2.5585 0.0000e+00
 129.574213      6.660    13.2874  32.793470    27.1239      6.601  270.73730  270.91706     2.2525     3.3228 0.0000e+00
 129.574216      6.693    13.3006  32.811857    27.1239      6.633  270.64851  270.82894     2.4860     3.3632 0.0000e+00
 129.574219      6.731    13.3150  32.806251    27.1160      6.671  270.59635  270.77772     2.3615     3.3349 0.0000e+00
 129.574222      6.764    13.3219  32.810395    27.1154      6.704  270.55941  270.74118     2.2836     3.3430 0.0000e+00
 129.574225      6.791    13.3257  32.810103    27.1149      6.731  270.54329  270.72531     3.0619     3.4805 -9.990e-29
 129.574227      6.813    13.3281  32.808351    27.0982      6.752  270.53627  270.71845     3.0930     3.5007 -9.990e-29
 129.574230      6.841    13.3288  32.797610    27.0978      6.779  270.55162  270.73394     2.9373     3.4845 0.0000e+00
 129.574233      6.868    13.3255  32.794109    27.0981      6.807  270.57211  270.75425     3.0152     3.4441 0.0000e+00
 129.574236      6.894    13.3206  32.791074    27.0981      6.832  270.59839  270.78025     2.9218     3.4683 0.0000e+00
 129.574239      6.925    13.3164  32.790374    27.1004      6.863  270.61783  270.79943     2.8906     3.4683 0.0000e+00
 129.574242      6.957    13.3134  32.789324    27.1004      6.895  270.63222  270.81365     2.8284     3.4481 0.0000e+00
 129.574245      6.988    13.3114  32.786115    27.1015      6.926  270.64656  270.82789     2.8440     3.4764 0.0000e+00
 129.574248      7.019    13.3096  32.787049    27.1000      6.956  270.65282  270.83403     2.9685     3.4683 0.0000e+00
 129.574251      7.050    13.3085  32.781330    27.0977      6.987  270.66740  270.84859     4.4471     4.0506 0.0000e+00
 129.574253      7.083    13.3059  32.772635    27.0969      7.020  270.69369  270.87480     4.5560     4.0466 0.0000e+00
 129.574256      7.109    13.3004  32.774153    27.0943      7.045  270.71466  270.89541     4.6650     4.0627 0.0000e+00
 129.574259      7.140    13.2968  32.768318    27.0969      7.076  270.74043  270.92101     4.4938     4.0142 -9.990e-29
 129.574262      7.158    13.2931  32.762542    27.0915      7.094  270.76641  270.94681     6.3303     4.5561 -9.990e-29
 129.574265      7.182    13.2885  32.756125    27.0888      7.117  270.79728  270.97744     6.2369     4.5682 -9.990e-29
 129.574268      7.202    13.2828  32.749358    27.0867      7.137  270.83346  271.01333     6.2836     4.5601 -9.990e-29
 129.574271      7.224    13.2754  32.738859    27.0775      7.159  270.88363  271.06313     6.3303     4.5601 -9.990e-29
 129.574274      7.253    13.2678  32.727720    27.0786      7.188  270.93586  271.11498     5.4120     4.4428 0.0000e+00
 129.574277      7.284    13.2586  32.722997    27.0775      7.218  270.98363  271.16222     5.2253     4.4226 0.0000e+00
 129.574280      7.316    13.2505  32.713551    27.0797      7.251  271.03485  271.21301     5.2097     4.4307 0.0000e+00
 129.574282      7.353    13.2428  32.712502    27.0813      7.287  271.07031  271.24800     5.3965     4.4065 0.0000e+00
 129.574285      7.393    13.2376  32.709879    27.0819      7.327  271.09718  271.27457     5.7389     4.5197 0.0000e+00
 129.574288      7.426    13.2338  32.706148    27.0819      7.360  271.12031  271.29749     5.7545     4.5156 0.0000e+00
 129.574291      7.461    13.2304  32.700201    27.0793      7.394  271.14538  271.32240     5.7856     4.4752 0.0000e+00
 129.574294      7.501    13.2264  32.697695    27.0788      7.434  271.16671  271.34351     5.8167     4.5116 0.0000e+00
 129.574297      7.532    13.2223  32.693381    27.0788      7.464  271.19211  271.36868     5.8478     4.4954 0.0000e+00
 129.574300      7.565    13.2185  32.691341    27.0783      7.497  271.21200  271.38836     4.3226     4.3054 -9.990e-29
 129.574303      7.590    13.2159  32.689476    27.0792      7.522  271.22656  271.40277     4.2914     4.3094 -9.990e-29
 129.574306      7.616    13.2135  32.688252    27.0798      7.548  271.23907  271.41514     4.2603     4.2932 -9.990e-29
 129.574308      7.638    13.2120  32.690642    27.0834      7.569  271.24155  271.41750     4.1825     4.3377 -9.990e-29
 129.574311      7.665    13.2117  32.690759    27.0842      7.597  271.24262  271.41855     3.7934     3.8565 0.0000e+00
 129.574314      7.691    13.2118  32.692566    27.0844      7.622  271.23920  271.41512     3.8245     3.8848 0.0000e+00
 129.574317      7.720    13.2128  32.692800    27.0844      7.651  271.23441  271.41039     3.8556     3.8686 0.0000e+00
 129.574320      7.749    13.2140  32.692042    27.0836      7.680  271.23071  271.40677     3.7934     3.8686 0.0000e+00
 129.574323      7.777    13.2145  32.693208    27.0836      7.707  271.22620  271.40229     4.0891     4.0102 0.0000e+00
 129.574326      7.815    13.2152  32.694665    27.0844      7.745  271.22087  271.39699     4.3226     4.0021 0.0000e+00
 129.574329      7.841    13.2161  32.695540    27.0846      7.770  271.21560  271.39177     4.2759     4.0183 0.0000e+00
 129.574332      7.873    13.2171  32.696472    27.0846      7.803  271.20961  271.38583     4.2603     4.0183 0.0000e+00
 129.574334      7.904    13.2182  32.696297    27.0842      7.834  271.20490  271.38120     7.0463     5.0858 0.0000e+00
 129.574337      7.934    13.2188  32.695889    27.0837      7.863  271.20311  271.37945     7.3264     5.0656 -9.990e-29
 129.574340      7.959    13.2193  32.694607    27.0814      7.888  271.20346  271.37984     7.2331     5.0615 -9.990e-29
 129.574343      7.983    13.2190  32.692975    27.0801      7.911  271.20724  271.38362     7.3109     5.0292 -9.990e-29
 129.574346      8.003    13.2180  32.688078    27.0763      7.931  271.22013  271.39648     7.3576     5.0494 -9.990e-29
 129.574349      8.026    13.2158  32.687029    27.0762      7.954  271.23139  271.40761     6.3148     4.8715 -9.990e-29
 129.574352      8.057    13.2137  32.684581    27.0750      7.985  271.24507  271.42118     6.2525     4.8674 0.0000e+00
 129.574355      8.090    13.2109  32.679860    27.0738      8.018  271.26521  271.44119     6.3926     4.8593 0.0000e+00
 129.574358      8.127    13.2077  32.676130    27.0729      8.054  271.28552  271.46133     6.3459     4.8917 0.0000e+00
 129.574361      8.167    13.2042  32.673683    27.0726      8.094  271.30487  271.48049     8.3381     5.1828 0.0000e+00
