Processed/SBE19plus_01907321_2022_05_07_Cast58_wfilter.cnv
* Sea-Bird SBE19plus  Data File:
* FileName = E:\Prandtl Daten\2022\CTD\Raw\SBE19plus_01907321_2022_05_07_Cast58.hex
* Software version 2.6.1.12
* Temperature SN = 7321
* Conductivity SN = 7321
* System UpLoad Time = May 07 2022 06:32:00
* <ApplicationData>
* <Seaterm232>
** Messpraktikum 2022
** CTD 07.05 BE
** NMEA Latitude = 54 07.51 N
** NMEA Longitude = 008 50.26 E
# nquan = 11
# nvalues = 477                         
# units = specified
# name 0 = timeJ: Julian Days
# name 1 = prdM: Pressure, Strain Gauge [db]
# name 2 = tv290C: Temperature [ITS-90, deg C]
# name 3 = c0mS/cm: Conductivity [mS/cm]
# name 4 = sal00: Salinity, Practical [PSU]
# name 5 = depSM: Depth [salt water, m], lat = 54.00
# name 6 = oxsatMm/Kg: Oxygen Saturation, Weiss [umol/kg]
# name 7 = oxsolMm/Kg: Oxygen Saturation, Garcia & Gordon [umol/kg]
# name 8 = turbWETntu0: Turbidity, WET Labs ECO [NTU]
# name 9 = flECO-AFL: Fluorescence, WET Labs ECO-AFL/FL [mg/m^3]
# name 10 = flag:  0.000e+00
# span 0 = 127.266531, 127.267908       
# span 1 =      0.581,     12.847       
# span 2 =    13.2949,    13.3190       
# span 3 =  32.692156,  32.709386       
# span 4 =    27.0207,    27.0312       
# span 5 =      0.575,     12.732       
# span 6 =  270.74364,  270.87013       
# span 7 =  270.92610,  271.05122       
# span 8 =    25.4432,    58.2058       
# span 9 =     7.2896,    13.0113       
# span 10 = 0.0000e+00, 0.0000e+00      
# interval = seconds: 0.25
# start_time = May 07 2022 06:22:02 [Instrument's time stamp, header]
# bad_flag = -9.990e-29
*END*
[from data line 132]
 127.266913      4.020    13.2990  32.698317    27.0295      3.984  270.84931  271.03062    43.5288     9.6227 0.0000e+00
 127.266916      4.049    13.2989  32.698317    27.0295      4.013  270.84995  271.03126    43.6689     9.6470 -9.990e-29
 127.266918      4.074    13.2988  32.698259    27.0296      4.038  270.85039  271.03169    43.5910     9.5783 -9.990e-29
 127.266921      4.096    13.2987  32.698084    27.0296      4.060  270.85133  271.03263    43.7311     9.5864 -9.990e-29
 127.266924      4.113    13.2984  32.697676    27.0294      4.076  270.85330  271.03458    43.4354    10.1848 -9.990e-29
 127.266927      4.136    13.2983  32.698084    27.0294      4.099  270.85293  271.03420    43.2642    10.1929 -9.990e-29
 127.266930      4.162    13.2983  32.697676    27.0297      4.125  270.85365  271.03492    43.2331    10.2050 0.0000e+00
 127.266933      4.193    13.2982  32.698085    27.0297      4.156  270.85359  271.03486    43.2175    10.2212 0.0000e+00
 127.266936      4.226    13.2982  32.697910    27.0298      4.188  270.85391  271.03518    43.5288    10.5770 0.0000e+00
 127.266939      4.255    13.2982  32.698085    27.0297      4.217  270.85363  271.03490    43.5443    10.6134 -9.990e-29
 127.266942      4.277    13.2981  32.697502    27.0294      4.239  270.85496  271.03623    43.7311    10.6013 -9.990e-29
 127.266944      4.300    13.2980  32.698085    27.0300      4.262  270.85429  271.03554    43.6533    10.5932 -9.990e-29
 127.266947      4.324    13.2980  32.697502    27.0294      4.286  270.85531  271.03657    43.7622    10.6094 -9.990e-29
 127.266950      4.344    13.2979  32.698085    27.0301      4.305  270.85495  271.03619    42.0969    10.2414 -9.990e-29
 127.266953      4.366    13.2979  32.698085    27.0299      4.327  270.85496  271.03621    41.9412    10.2697 -9.990e-29
 127.266956      4.391    13.2981  32.698085    27.0298      4.352  270.85403  271.03529    41.8012    10.2819 0.0000e+00
 127.266959      4.417    13.2983  32.698085    27.0297      4.378  270.85310  271.03438    41.8945    10.2455 0.0000e+00
 127.266962      4.444    13.2986  32.697269    27.0292      4.405  270.85327  271.03457    40.8362    10.5528 0.0000e+00
 127.266965      4.481    13.2988  32.697911    27.0292      4.441  270.85124  271.03255    40.9918    10.5407 0.0000e+00
 127.266968      4.513    13.2990  32.698086    27.0292      4.473  270.85033  271.03165    40.8673    10.5609 0.0000e+00
 127.266970      4.543    13.2991  32.697911    27.0292      4.502  270.85002  271.03135    40.8829    10.5487 -9.990e-29
 127.266973      4.568    13.2990  32.697678    27.0288      4.528  270.85107  271.03239    43.9179    11.0259 -9.990e-29
 127.266976      4.588    13.2989  32.697095    27.0283      4.547  270.85240  271.03372    43.7622    11.0663 -9.990e-29
 127.266979      4.603    13.2985  32.696862    27.0284      4.562  270.85439  271.03569    43.8556    11.0138 -9.990e-29
 127.266982      4.619    13.2985  32.696920    27.0284      4.578  270.85430  271.03559    43.8556    11.0178 -9.990e-29
 127.266985      4.641    13.2983  32.696454    27.0281      4.600  270.85606  271.03735    43.9023    10.8641 -9.990e-29
 127.266988      4.663    13.2979  32.697503    27.0293      4.622  270.85584  271.03709    43.9801    10.8722 -9.990e-29
 127.266991      4.693    13.2977  32.697270    27.0292      4.651  270.85720  271.03845    43.7778    10.8763 0.0000e+00
 127.266994      4.733    13.2977  32.697095    27.0292      4.690  270.85753  271.03877    43.8712    10.8399 0.0000e+00
 127.266997      4.767    13.2978  32.697270    27.0292      4.725  270.85693  271.03818    44.0424    10.8763 0.0000e+00
 127.266999      4.798    13.2977  32.697679    27.0294      4.756  270.85656  271.03781    43.3109    10.8641 0.0000e+00
 127.267002      4.829    13.2977  32.697329    27.0296      4.786  270.85750  271.03874    43.2019    10.8925 -9.990e-29
 127.267005      4.853    13.2974  32.696863    27.0291      4.810  270.85926  271.04049    43.2331    10.9208 -9.990e-29
 127.267008      4.875    13.2974  32.697679    27.0299      4.831  270.85818  271.03940    43.1085    10.9572 -9.990e-29
 127.267011      4.891    13.2972  32.696688    27.0291      4.848  270.86053  271.04175    40.4159    10.0029 -9.990e-29
 127.267014      4.914    13.2971  32.697504    27.0298      4.870  270.85945  271.04066    40.5093    10.0029 -9.990e-29
 127.267017      4.930    13.2972  32.697096    27.0294      4.886  270.85985  271.04107    40.4315     9.9907 -9.990e-29
 127.267020      4.946    13.2970  32.697096    27.0291      4.902  270.86080  271.04201    40.3692     9.9786 -9.990e-29
 127.267023      4.972    13.2971  32.696688    27.0293      4.927  270.86089  271.04211    41.7700    10.8884 0.0000e+00
 127.267025      4.999    13.2973  32.697329    27.0291      4.955  270.85918  271.04040    41.6299    10.8399 0.0000e+00
 127.267028      5.034    13.2974  32.696863    27.0291      4.989  270.85937  271.04061    41.6611    10.8682 0.0000e+00
 127.267031      5.068    13.2973  32.696863    27.0291      5.023  270.86003  271.04125    41.5521    10.8156 0.0000e+00
 127.267034      5.100    13.2974  32.697330    27.0291      5.054  270.85861  271.03984    41.1941    10.3466 0.0000e+00
 127.267037      5.131    13.2974  32.696863    27.0292      5.085  270.85943  271.04067    41.1941    10.3546 0.0000e+00
 127.267040      5.162    13.2974  32.697272    27.0290      5.115  270.85875  271.03998    41.2564    10.3506 -9.990e-29
 127.267043      5.180    13.2974  32.697272    27.0294      5.134  270.85908  271.04030    41.0229    10.3223 -9.990e-29
 127.267046      5.209    13.2973  32.697330    27.0295      5.163  270.85931  271.04053    41.1008    10.3344 -9.990e-29
 127.267049      5.233    13.2974  32.697505    27.0295      5.186  270.85839  271.03962    42.3459    10.6417 -9.990e-29
 127.267052      5.253    13.2976  32.696281    27.0283      5.206  270.85989  271.04113    42.4704    10.5973 -9.990e-29
 127.267054      5.275    13.2976  32.697097    27.0290      5.228  270.85849  271.03974    42.3303    10.6094 -9.990e-29
 127.267057      5.299    13.2975  32.696689    27.0287      5.251  270.85953  271.04077    42.4704    10.6094 -9.990e-29
 127.267060      5.311    13.2976  32.697272    27.0292      5.264  270.85822  271.03946    43.6844    10.7994 -9.990e-29
 127.267063      5.335    13.2974  32.696456    27.0285      5.287  270.86027  271.04150    43.5910    10.7833 -9.990e-29
 127.267066      5.359    13.2977  32.697505    27.0289      5.311  270.85721  271.03846    43.6377    10.8116 -9.990e-29
 127.267069      5.386    13.2977  32.697097    27.0292      5.338  270.85825  271.03950    43.5132    10.7994 0.0000e+00
 127.267072      5.421    13.2975  32.697506    27.0289      5.372  270.85820  271.03943    41.8012    10.9248 0.0000e+00
 127.267075      5.452    13.2977  32.696864    27.0294      5.403  270.85869  271.03994    42.0657    10.9086 0.0000e+00
 127.267078      5.481    13.2977  32.697681    27.0293      5.432  270.85699  271.03824    41.9257    10.9208 0.0000e+00
 127.267080      5.510    13.2977  32.697506    27.0294      5.461  270.85762  271.03887    41.9412    10.9288 0.0000e+00
 127.267083      5.546    13.2979  32.697681    27.0293      5.497  270.85640  271.03766    42.3926    10.8116 -9.990e-29
 127.267086      5.570    13.2979  32.698322    27.0298      5.520  270.85500  271.03625    42.5015    10.7064 -9.990e-29
 127.267089      5.596    13.2983  32.697914    27.0292      5.546  270.85414  271.03542    42.2836    10.7145 -9.990e-29
 127.267092      5.616    13.2982  32.697681    27.0290      5.565  270.85519  271.03646    42.2681    10.7186 -9.990e-29
 127.267095      5.628    13.2982  32.697914    27.0292      5.578  270.85448  271.03575    42.2369    10.7711 -9.990e-29
 127.267098      5.650    13.2981  32.697681    27.0291      5.600  270.85552  271.03679    43.2642    10.9369 -9.990e-29
 127.267101      5.665    13.2980  32.697914    27.0293      5.614  270.85545  271.03671    43.0307    10.9329 -9.990e-29
 127.267104      5.683    13.2981  32.697914    27.0293      5.632  270.85514  271.03641    43.0930    10.9329 -9.990e-29
 127.267106      5.705    13.2982  32.697506    27.0289      5.654  270.85554  271.03682    43.2486    10.9572 -9.990e-29
 127.267109      5.729    13.2982  32.698089    27.0290      5.677  270.85456  271.03583    46.0035    10.9733 -9.990e-29
 127.267112      5.760    13.2979  32.697507    27.0292      5.708  270.85652  271.03778    46.3459    11.0016 0.0000e+00
 127.267115      5.791    13.2980  32.697915    27.0293      5.739  270.85552  271.03679    46.1280    10.9733 0.0000e+00
 127.267118      5.825    13.2980  32.698090    27.0293      5.773  270.85524  271.03651    45.9101    10.9814 0.0000e+00
 127.267121      5.862    13.2985  32.698265    27.0293      5.809  270.85308  271.03437    44.6961    10.6094 0.0000e+00
 127.267124      5.897    13.2984  32.698090    27.0292      5.844  270.85372  271.03500    44.9607    10.6134 0.0000e+00
 127.267127      5.928    13.2986  32.698731    27.0292      5.875  270.85169  271.03298    44.6650    10.5851 -9.990e-29
 127.267130      5.944    13.2989  32.698731    27.0294      5.891  270.85044  271.03175    44.6650    10.6013 -9.990e-29
 127.267133      5.957    13.2990  32.697682    27.0284      5.904  270.85194  271.03327    44.4626    10.5770 -9.990e-29
 127.267135      5.966    13.2991  32.698731    27.0292      5.913  270.84951  271.03083    43.6066    10.7752 -9.990e-29
 127.267138      5.977    13.2992  32.698731    27.0292      5.924  270.84920  271.03053    43.7934    10.7792 -9.990e-29
 127.267141      5.997    13.2995  32.699373    27.0269      5.944  270.84654  271.02788    43.7000    10.7833 -9.990e-29
 127.267144      6.028    13.2995  32.696516    27.0273      5.974  270.85148  271.03285    43.5910    10.7348 0.0000e+00
 127.267147      6.067    13.2995  32.697274    27.0276      6.012  270.85051  271.03187    46.9218    11.0016 0.0000e+00
 127.267150      6.105    13.2995  32.698732    27.0289      6.050  270.84802  271.02937    46.7973    10.9895 0.0000e+00
 127.267153      6.143    13.2994  32.698849    27.0289      6.088  270.84816  271.02950    46.9685    10.9612 0.0000e+00
 127.267156      6.174    13.2992  32.697916    27.0287      6.119  270.85073  271.03207    46.9685    10.9733 0.0000e+00
 127.267159      6.202    13.2989  32.698557    27.0283      6.146  270.85090  271.03222    44.7584    10.8641 -9.990e-29
 127.267161      6.224    13.2987  32.698324    27.0291      6.168  270.85226  271.03356    44.9140    10.8884 -9.990e-29
 127.267164      6.242    13.2985  32.697916    27.0288      6.186  270.85392  271.03521    44.8673    10.8439 -9.990e-29
 127.267167      6.256    13.2981  32.697683    27.0289      6.200  270.85590  271.03717    44.7739    10.8318 -9.990e-29
 127.267170      6.276    13.2979  32.698091    27.0293      6.220  270.85584  271.03710    45.6455    10.9652 -9.990e-29
 127.267173      6.295    13.2979  32.698324    27.0297      6.238  270.85577  271.03702    45.3031    10.9693 -9.990e-29
 127.267176      6.322    13.2977  32.698266    27.0298      6.265  270.85683  271.03807    45.4432    10.9855 0.0000e+00
 127.267179      6.353    13.2977  32.698558    27.0297      6.296  270.85603  271.03727    45.6299    11.0138 0.0000e+00
 127.267182      6.389    13.2980  32.698558    27.0297      6.332  270.85479  271.03605    45.4432    10.9935 0.0000e+00
 127.267185      6.418    13.2979  32.698092    27.0297      6.361  270.85593  271.03719    44.7272    10.8722 0.0000e+00
 127.267188      6.449    13.2981  32.698675    27.0295      6.392  270.85432  271.03558    44.9607    10.8722 0.0000e+00
 127.267190      6.477    13.2982  32.698558    27.0297      6.419  270.85391  271.03518    44.8362    10.8601 -9.990e-29
 127.267193      6.498    13.2985  32.698733    27.0294      6.440  270.85236  271.03365    44.7584    10.8520 -9.990e-29
 127.267196      6.521    13.2984  32.698675    27.0295      6.462  270.85310  271.03438    44.1669    10.9855 -9.990e-29
 127.267199      6.542    13.2985  32.698558    27.0293      6.484  270.85269  271.03398    44.1980    11.0016 -9.990e-29
 127.267202      6.570    13.2988  32.698558    27.0291      6.511  270.85145  271.03276    44.1047    10.9814 -9.990e-29
 127.267205      6.593    13.2990  32.697684    27.0281      6.534  270.85234  271.03367    44.0580    10.9935 -9.990e-29
 127.267208      6.615    13.2990  32.698675    27.0290      6.556  270.85033  271.03165    42.8128    11.0865 -9.990e-29
 127.267211      6.641    13.2990  32.697917    27.0283      6.581  270.85165  271.03298    42.8440    11.0906 -9.990e-29
 127.267214      6.660    13.2990  32.697917    27.0283      6.601  270.85167  271.03300    42.6572    11.0704 -9.990e-29
 127.267216      6.683    13.2990  32.697684    27.0281      6.623  270.85240  271.03372    42.7661    11.1027 -9.990e-29
 127.267219      6.706    13.2987  32.698092    27.0286      6.646  270.85265  271.03396    46.1591    11.4869 -9.990e-29
 127.267222      6.734    13.2986  32.697918    27.0280      6.674  270.85360  271.03490    46.0969    11.4950 0.0000e+00
 127.267225      6.759    13.2985  32.696460    27.0281      6.699  270.85676  271.03806    45.9568    11.5152 0.0000e+00
 127.267228      6.799    13.2985  32.697277    27.0281      6.739  270.85537  271.03667    46.0969    11.5233 0.0000e+00
 127.267231      6.832    13.2985  32.697918    27.0286      6.771  270.85398  271.03527    45.9724    11.4747 0.0000e+00
 127.267234      6.867    13.2987  32.698326    27.0286      6.806  270.85235  271.03366    46.3615    10.7307 0.0000e+00
 127.267237      6.896    13.2988  32.697685    27.0284      6.834  270.85316  271.03448    46.2369    10.7348 0.0000e+00
 127.267240      6.927    13.2988  32.698093    27.0281      6.865  270.85248  271.03379    46.0502    10.7226 -9.990e-29
 127.267242      6.949    13.2990  32.697685    27.0280      6.887  270.85225  271.03358    46.2369    10.7105 -9.990e-29
 127.267245      6.960    13.2991  32.698326    27.0285      6.898  270.85084  271.03217    48.4315    11.2119 -9.990e-29
 127.267248      6.977    13.2992  32.697277    27.0275      6.914  270.85234  271.03368    48.3226    11.2604 -9.990e-29
 127.267251      6.986    13.2991  32.698268    27.0284      6.923  270.85095  271.03228    48.1669    11.2402 -9.990e-29
 127.267254      7.004    13.2993  32.698560    27.0286      6.941  270.84952  271.03086    48.3692    11.2240 -9.990e-29
 127.267257      7.026    13.2995  32.698735    27.0286      6.963  270.84860  271.02995    49.0229    11.6567 -9.990e-29
 127.267260      7.063    13.2995  32.698735    27.0286      6.999  270.84863  271.02998    49.0385    11.6607 0.0000e+00
 127.267263      7.097    13.2995  32.698677    27.0286      7.034  270.84875  271.03010    49.1786    11.6527 0.0000e+00
 127.267266      7.137    13.2996  32.699143    27.0286      7.073  270.84734  271.02870    48.8362    11.6607 0.0000e+00
 127.267269      7.177    13.2998  32.698968    27.0286      7.113  270.84704  271.02840    48.4626    10.8116 0.0000e+00
 127.267271      7.208    13.2998  32.698677    27.0284      7.144  270.84724  271.02862    48.4159    10.7833 0.0000e+00
 127.267274      7.238    13.2998  32.698969    27.0282      7.173  270.84707  271.02844    48.5093    10.7671 -9.990e-29
 127.267277      7.263    13.2999  32.699144    27.0286      7.198  270.84616  271.02753    48.5716    10.7590 -9.990e-29
 127.267280      7.285    13.2998  32.698561    27.0281      7.220  270.84781  271.02918    48.3381    10.7752 -9.990e-29
 127.267283      7.301    13.2999  32.698852    27.0283      7.236  270.84669  271.02806    48.9296    10.8884 -9.990e-29
 127.267286      7.314    13.2999  32.699144    27.0286      7.249  270.84619  271.02757    48.9296    10.8803 -9.990e-29
