Processed/SBE19plus_01907321_2022_05_05_Cast24_wfilter.cnv
* Sea-Bird SBE19plus  Data File:
* FileName = E:\Prandtl Daten\2022\CTD\Raw\SBE19plus_01907321_2022_05_05_Cast24.hex
* Software version 2.6.1.12
* Temperature SN = 7321
* Conductivity SN = 7321
* System UpLoad Time = May 05 2022 08:32:15
* <ApplicationData>
* <Seaterm232>
** Messpraktikum 2022
** CTD 05.05 BW2
# nquan = 11
# nvalues = 565                         
# units = specified
# name 0 = timeJ: Julian Days
# name 1 = prdM: Pressure, Strain Gauge [db]
# name 2 = tv290C: Temperature [ITS-90, deg C]
# name 3 = c0mS/cm: Conductivity [mS/cm]
# name 4 = sal00: Salinity, Practical [PSU]
# name 5 = depSM: Depth [salt water, m], lat = 54.00
# name 6 = oxsatMm/Kg: Oxygen Saturation, Weiss [umol/kg]
# name 7 = oxsolMm/Kg: Oxygen Saturation, Garcia & Gordon [umol/kg]
# name 8 = turbWETntu0: Turbidity, WET Labs ECO [NTU]
# name 9 = flECO-AFL: Fluorescence, WET Labs ECO-AFL/FL [mg/m^3]
# name 10 = flag:  0.000e+00
# span 0 = 125.348964, 125.350596       
# span 1 =      0.591,     15.558       
# span 2 =    12.2376,    12.3436       
# span 3 =  31.849528,  31.924299       
# span 4 =    26.9910,    27.0024       
# span 5 =      0.586,     15.419       
# span 6 =  276.42410,  277.04350       
# span 7 =  276.55083,  277.16388       
# span 8 =    20.2292,    96.8517       
# span 9 =     9.6308,    16.7840       
# span 10 = 0.0000e+00, 0.0000e+00      
# interval = seconds: 0.25
# start_time = May 05 2022 08:21:10 [Instrument's time stamp, header]
# bad_flag = -9.990e-29
*END*
[from data line 263]
 125.349725      7.656    12.3350  31.918307    26.9950      7.588  276.47578  276.60201    32.7584    12.3846 -9.990e-29
 125.349728      7.673    12.3350  31.919116    26.9957      7.604  276.47402  276.60023    32.6027    12.3603 -9.990e-29
 125.349731      7.695    12.3350  31.919289    26.9958      7.626  276.47372  276.59993    32.6650    13.3227 -9.990e-29
 125.349734      7.717    12.3354  31.918885    26.9954      7.648  276.47288  276.59912    32.4938    13.3429 -9.990e-29
 125.349737      7.746    12.3354  31.919116    26.9949      7.676  276.47248  276.59872    32.4315    13.3429 0.0000e+00
 125.349740      7.775    12.3353  31.918077    26.9952      7.705  276.47470  276.60095    32.6027    13.3065 0.0000e+00
 125.349742      7.810    12.3351  31.918712    26.9952      7.740  276.47452  276.60075    33.4432    12.6312 0.0000e+00
 125.349745      7.839    12.3350  31.918712    26.9952      7.769  276.47486  276.60108    33.4276    12.6433 0.0000e+00
 125.349748      7.874    12.3349  31.918712    26.9952      7.803  276.47551  276.60173    33.2875    12.6272 0.0000e+00
 125.349751      7.901    12.3350  31.917904    26.9949      7.830  276.47668  276.60290    33.3965    12.6393 0.0000e+00
 125.349754      7.930    12.3347  31.918077    26.9947      7.859  276.47765  276.60385    34.3615    12.7768 0.0000e+00
 125.349757      7.961    12.3341  31.917904    26.9949      7.890  276.48083  276.60699    34.1903    12.7525 -9.990e-29
 125.349760      7.983    12.3336  31.917269    26.9949      7.912  276.48421  276.61035    34.2992    12.7768 -9.990e-29
 125.349763      8.007    12.3330  31.916865    26.9949      7.935  276.48749  276.61359    34.1280    12.7606 -9.990e-29
 125.349766      8.027    12.3326  31.917673    26.9959      7.955  276.48762  276.61369    34.2214    12.7444 -9.990e-29
 125.349769      8.045    12.3326  31.917500    26.9958      7.973  276.48794  276.61402    33.8945    13.3227 -9.990e-29
 125.349771      8.065    12.3326  31.917962    26.9952      7.993  276.48712  276.61319    33.7233    13.3146 -9.990e-29
 125.349774      8.096    12.3329  31.917096    26.9954      8.024  276.48776  276.61385    33.7856    13.2822 0.0000e+00
 125.349777      8.129    12.3329  31.917500    26.9954      8.057  276.48674  276.61283    33.9257    13.3267 0.0000e+00
 125.349780      8.160    12.3331  31.917500    26.9954      8.087  276.48581  276.61191    33.8323    13.0598 0.0000e+00
 125.349783      8.197    12.3328  31.916288    26.9950      8.123  276.48961  276.61570    33.8012    13.0639 0.0000e+00
 125.349786      8.226    12.3324  31.916519    26.9949      8.152  276.49111  276.61717    33.6922    13.0679 0.0000e+00
 125.349789      8.259    12.3319  31.916115    26.9950      8.185  276.49376  276.61980    33.7233    13.0598 0.0000e+00
 125.349792      8.291    12.3318  31.916866    26.9957      8.217  276.49305  276.61908    33.5833    12.7364 0.0000e+00
 125.349795      8.317    12.3316  31.916693    26.9957      8.243  276.49433  276.62035    33.4587    12.7121 0.0000e+00
 125.349797      8.342    12.3314  31.916519    26.9957      8.268  276.49561  276.62161    33.4120    12.7080 0.0000e+00
 125.349800      8.368    12.3314  31.916519    26.9957      8.293  276.49563  276.62163    33.4587    12.6919 -9.990e-29
 125.349803      8.383    12.3312  31.917906    26.9970      8.308  276.49376  276.61974    33.1941    13.1488 -9.990e-29
 125.349806      8.403    12.3318  31.918079    26.9968      8.327  276.49093  276.61694    33.1630    13.1205 -9.990e-29
 125.349809      8.423    12.3324  31.917675    26.9960      8.347  276.48915  276.61520    33.2097    13.1165 -9.990e-29
 125.349812      8.454    12.3328  31.917906    26.9959      8.378  276.48685  276.61293    33.1941    13.1407 -9.990e-29
 125.349815      8.478    12.3328  31.916520    26.9951      8.402  276.48938  276.61547    33.2097    13.1731 -9.990e-29
 125.349818      8.507    12.3324  31.916809    26.9952      8.431  276.49045  276.61652    34.8284    13.3955 0.0000e+00
 125.349821      8.538    12.3320  31.916693    26.9953      8.461  276.49258  276.61862    35.1241    13.4157 0.0000e+00
 125.349823      8.567    12.3315  31.916693    26.9957      8.490  276.49513  276.62113    35.0307    13.3672 0.0000e+00
 125.349826      8.594    12.3313  31.917098    26.9957      8.517  276.49505  276.62104    34.9062    13.4036 0.0000e+00
 125.349829      8.623    12.3312  31.916289    26.9954      8.546  276.49685  276.62284    37.8945    13.3308 0.0000e+00
 125.349832      8.654    12.3311  31.915077    26.9954      8.577  276.49970  276.62569    37.9101    13.3308 0.0000e+00
 125.349835      8.680    12.3305  31.915712    26.9949      8.602  276.50141  276.62736    37.8323    13.3065 0.0000e+00
 125.349838      8.709    12.3300  31.914904    26.9954      8.631  276.50511  276.63103    37.8323    13.3146 -9.990e-29
 125.349841      8.733    12.3293  31.913518    26.9942      8.655  276.51048  276.63638    38.3926    13.5087 -9.990e-29
 125.349844      8.753    12.3287  31.912305    26.9935      8.675  276.51554  276.64140    38.4704    13.5168 -9.990e-29
 125.349847      8.773    12.3275  31.912479    26.9940      8.695  276.52062  276.64640    38.3615    13.5006 -9.990e-29
 125.349850      8.799    12.3262  31.910920    26.9944      8.720  276.52947  276.65517    38.5482    13.5329 0.0000e+00
 125.349852      8.826    12.3246  31.910516    26.9947      8.747  276.53718  276.66278    38.9996    13.9050 0.0000e+00
 125.349855      8.855    12.3231  31.909881    26.9952      8.776  276.54531  276.67082    38.9996    13.8928 0.0000e+00
 125.349858      8.881    12.3219  31.909303    26.9956      8.801  276.55175  276.67718    38.8440    13.8807 0.0000e+00
 125.349861      8.914    12.3211  31.909072    26.9959      8.834  276.55567  276.68105    39.0930    13.8605 0.0000e+00
 125.349864      8.945    12.3202  31.908611    26.9961      8.865  276.56032  276.68565    39.0619    13.9050 0.0000e+00
 125.349867      8.978    12.3196  31.908495    26.9964      8.898  276.56340  276.68869    38.3770    13.1084 0.0000e+00
 125.349870      9.005    12.3190  31.908091    26.9964      8.925  276.56668  276.69194    38.5015    13.0962 0.0000e+00
 125.349873      9.034    12.3188  31.908322    26.9966      8.954  276.56755  276.69278    38.3615    13.0558 0.0000e+00
 125.349876      9.062    12.3186  31.907283    26.9968      8.981  276.57008  276.69532    38.5482    13.0760 -9.990e-29
 125.349878      9.082    12.3183  31.906879    26.9957      9.001  276.57209  276.69732    35.9957    13.6260 -9.990e-29
 125.349881      9.104    12.3179  31.906706    26.9959      9.022  276.57432  276.69952    35.9334    13.6583 -9.990e-29
 125.349884      9.122    12.3174  31.906706    26.9962      9.040  276.57655  276.70171    35.9957    13.6381 -9.990e-29
 125.349887      9.144    12.3171  31.906879    26.9961      9.062  276.57751  276.70265    36.0113    13.6543 -9.990e-29
 125.349890      9.171    12.3169  31.906129    26.9960      9.089  276.58016  276.70529    38.6572    13.9858 0.0000e+00
 125.349893      9.201    12.3166  31.905725    26.9961      9.118  276.58217  276.70729    38.5482    13.9697 0.0000e+00
 125.349896      9.233    12.3162  31.905898    26.9961      9.151  276.58378  276.70886    38.7817    13.9494 0.0000e+00
 125.349899      9.264    12.3159  31.905494    26.9962      9.182  276.58548  276.71056    38.7973    13.9575 0.0000e+00
 125.349902      9.296    12.3155  31.905321    26.9961      9.212  276.58771  276.71276    36.8984    13.6057 0.0000e+00
 125.349905      9.327    12.3150  31.904281    26.9962      9.243  276.59215  276.71717    36.9140    13.5896 0.0000e+00
 125.349907      9.354    12.3142  31.904513    26.9963      9.270  276.59523  276.72020    36.8362    13.5774 0.0000e+00
 125.349910      9.381    12.3137  31.904051    26.9964      9.297  276.59830  276.72324    36.9451    13.5734 0.0000e+00
 125.349913      9.409    12.3131  31.903300    26.9963      9.324  276.60221  276.72712    37.0385    13.5774 -9.990e-29
 125.349916      9.430    12.3126  31.901915    26.9951      9.346  276.60727  276.73215    40.9607    13.7553 -9.990e-29
 125.349919      9.452    12.3120  31.901510    26.9952      9.368  276.61054  276.73539    40.9140    13.7756 -9.990e-29
 125.349922      9.476    12.3110  31.900933    26.9953      9.391  276.61603  276.74082    40.9918    13.7311 -9.990e-29
 125.349925      9.496    12.3098  31.899317    26.9947      9.411  276.62436  276.74908    41.0074    13.7675 -9.990e-29
 125.349928      9.522    12.3081  31.898104    26.9943      9.436  276.63416  276.75879    38.7661    14.2082 0.0000e+00
 125.349931      9.553    12.3062  31.895737    26.9947      9.467  276.64702  276.77154    38.8128    14.2244 0.0000e+00
 125.349933      9.585    12.3044  31.896892    26.9950      9.500  276.65317  276.77756    38.8906    14.2002 0.0000e+00
 125.349936      9.619    12.3031  31.894525    26.9950      9.532  276.66350  276.78782    38.8906    14.2244 0.0000e+00
 125.349939      9.651    12.3012  31.890311    26.9947      9.565  276.67939  276.80363    37.1630    13.2661 0.0000e+00
 125.349942      9.684    12.2985  31.890715    26.9947      9.597  276.69102  276.81507    37.1786    13.2539 0.0000e+00
 125.349945      9.717    12.2965  31.891351    26.9967      9.630  276.69875  276.82266    37.1008    13.2620 0.0000e+00
 125.349948      9.744    12.2955  31.891928    26.9979      9.657  276.70215  276.82598    37.1319    13.2539 0.0000e+00
 125.349951      9.777    12.2956  31.893718    26.9987      9.689  276.69861  276.82243    38.5482    13.5855 0.0000e+00
 125.349954      9.802    12.2963  31.893892    26.9995      9.715  276.69515  276.81901    38.7973    13.5693 -9.990e-29
 125.349957      9.817    12.2972  31.893141    26.9978      9.729  276.69240  276.81634    38.7350    13.5855 -9.990e-29
 125.349959      9.834    12.2974  31.892737    26.9973      9.746  276.69220  276.81616    38.6727    13.5774 -9.990e-29
 125.349962      9.850    12.2969  31.890716    26.9958      9.762  276.69841  276.82234    38.7350    13.5329 -9.990e-29
 125.349965      9.868    12.2956  31.888349    26.9963      9.780  276.70841  276.83228    40.6650    14.5479 -9.990e-29
 125.349968      9.896    12.2936  31.888754    26.9965      9.807  276.71687  276.84060    40.6494    14.5641 0.0000e+00
 125.349971      9.923    12.2922  31.888119    26.9963      9.834  276.72405  276.84770    40.5716    14.5439 0.0000e+00
 125.349974      9.956    12.2917  31.887138    26.9961      9.867  276.72807  276.85169    40.6494    14.5277 0.0000e+00
 125.349977      9.987    12.2902  31.885521    26.9960      9.898  276.73766  276.86121    40.2603    13.5653 0.0000e+00
 125.349980     10.023    12.2890  31.884944    26.9960      9.934  276.74443  276.86790    40.1202    13.5896 0.0000e+00
 125.349983     10.056    12.2876  31.884136    26.9963      9.966  276.75225  276.87563    40.2136    13.5653 0.0000e+00
 125.349986     10.088    12.2862  31.883155    26.9963      9.997  276.76038  276.88367    40.1669    13.5653 0.0000e+00
 125.349988     10.122    12.2851  31.883329    26.9963     10.032  276.76483  276.88805    38.5794    13.3833 -9.990e-29
 125.349991     10.142    12.2841  31.881943    26.9966     10.051  276.77179  276.89496    38.5794    13.3672 -9.990e-29
 125.349994     10.166    12.2832  31.881135    26.9965     10.075  276.77739  276.90050    38.8128    13.3833 -9.990e-29
 125.349997     10.186    12.2822  31.879750    26.9959     10.095  276.78434  276.90741    38.7973    13.3955 -9.990e-29
 125.350000     10.204    12.2809  31.879346    26.9965     10.113  276.79110  276.91408    40.1980    14.0708 -9.990e-29
 125.350003     10.227    12.2799  31.877730    26.9964     10.135  276.79848  276.92141    40.2292    14.0869 -9.990e-29
 125.350006     10.254    12.2784  31.877326    26.9972     10.162  276.80588  276.92871    40.1358    14.0708 0.0000e+00
 125.350009     10.281    12.2772  31.877961    26.9979     10.189  276.81044  276.93318    40.2292    14.0991 0.0000e+00
 125.350012     10.312    12.2766  31.878365    26.9987     10.220  276.81226  276.93495    40.1980    14.0991 0.0000e+00
 125.350014     10.345    12.2766  31.878596    26.9987     10.253  276.81186  276.93455    40.1513    14.0263 0.0000e+00
 125.350017     10.376    12.2769  31.877557    26.9982     10.283  276.81218  276.93491    40.1513    14.0667 0.0000e+00
 125.350020     10.409    12.2773  31.879924    26.9976     10.316  276.80633  276.92906    40.2136    14.0263 -9.990e-29
 125.350023     10.434    12.2779  31.879347    26.9977     10.341  276.80486  276.92763    40.1669    14.0141 -9.990e-29
 125.350026     10.465    12.2786  31.878943    26.9977     10.372  276.80245  276.92528    39.2642    13.3914 0.0000e+00
 125.350029     10.494    12.2787  31.880155    26.9977     10.401  276.79964  276.92246    39.1241    13.4076 -9.990e-29
 125.350032     10.516    12.2789  31.879924    26.9984     10.422  276.79912  276.92196    39.2331    13.3833 -9.990e-29
 125.350035     10.538    12.2791  31.879347    26.9977     10.444  276.79955  276.92240    39.0619    13.3833 -9.990e-29
 125.350038     10.556    12.2792  31.880155    26.9984     10.462  276.79746  276.92032    40.3537    14.1759 -9.990e-29
 125.350041     10.580    12.2795  31.880733    26.9987     10.486  276.79517  276.91803    40.2914    14.1759 -9.990e-29
 125.350043     10.600    12.2800  31.880964    26.9984     10.506  276.79254  276.91544    40.1202    14.1638 -9.990e-29
 125.350046     10.628    12.2801  31.880964    26.9973     10.533  276.79193  276.91484    40.2603    14.1759 0.0000e+00
 125.350049     10.657    12.2802  31.878539    26.9966     10.562  276.79603  276.91897    41.9101    13.8322 0.0000e+00
 125.350052     10.690    12.2800  31.878943    26.9966     10.594  276.79595  276.91888    41.8012    13.8362 0.0000e+00
 125.350055     10.719    12.2797  31.879348    26.9972     10.624  276.79682  276.91972    41.9101    13.8362 0.0000e+00
 125.350058     10.758    12.2793  31.879348    26.9972     10.661  276.79843  276.92130    41.8945    13.8281 0.0000e+00
 125.350061     10.785    12.2788  31.878367    26.9974     10.688  276.80244  276.92530    41.9257    13.8281 0.0000e+00
 125.350064     10.816    12.2782  31.878944    26.9974     10.719  276.80427  276.92707    39.7155    12.6070 0.0000e+00
 125.350067     10.849    12.2777  31.877963    26.9979     10.752  276.80828  276.93106    39.7000    12.6029 -9.990e-29
 125.350069     10.873    12.2774  31.877617    26.9972     10.775  276.81019  276.93296    39.7622    12.6029 -9.990e-29
 125.350072     10.895    12.2769  31.878136    26.9980     10.797  276.81148  276.93421    39.6689    12.5827 -9.990e-29
 125.350075     10.913    12.2768  31.878367    26.9983     10.815  276.81171  276.93442    41.3654    13.5693 -9.990e-29
 125.350078     10.937    12.2767  31.878367    26.9984     10.839  276.81236  276.93506    41.4120    13.5693 -9.990e-29
 125.350081     10.960    12.2768  31.878771    26.9994     10.862  276.81100  276.93371    41.3965    13.5936 -9.990e-29
 125.350084     10.988    12.2771  31.879753    26.9988     10.889  276.80798  276.93069    41.2875    13.5774 0.0000e+00
 125.350087     11.019    12.2778  31.878945    26.9981     10.920  276.80630  276.92907    41.2408    14.1597 0.0000e+00
 125.350090     11.048    12.2778  31.878945    26.9981     10.949  276.80632  276.92909    41.1319    14.1557 0.0000e+00
 125.350093     11.080    12.2778  31.878368    26.9978     10.981  276.80739  276.93017    41.1630    14.1435 0.0000e+00
 125.350095     11.115    12.2776  31.878541    26.9977     11.015  276.80805  276.93081    41.1786    14.1314 0.0000e+00
 125.350098     11.150    12.2775  31.879349    26.9978     11.050  276.80692  276.92967    42.4704    13.0720 -9.990e-29
