Processed/SBE19plus_01907321_2022_05_04_Cast15_wfilter.cnv
* Sea-Bird SBE19plus  Data File:
* FileName = E:\Prandtl Daten\2022\CTD\Raw\SBE19plus_01907321_2022_05_04_Cast15.hex
* Software version 2.6.1.12
* Temperature SN = 7321
* Conductivity SN = 7321
* System UpLoad Time = May 04 2022 09:43:43
* <ApplicationData>
* <Seaterm232>
** Messpraktikum 2022
** CTD 04.05 NM
# nquan = 11
# nvalues = 337                         
# units = specified
# name 0 = timeJ: Julian Days
# name 1 = prdM: Pressure, Strain Gauge [db]
# name 2 = tv290C: Temperature [ITS-90, deg C]
# name 3 = c0mS/cm: Conductivity [mS/cm]
# name 4 = sal00: Salinity, Practical [PSU]
# name 5 = depSM: Depth [salt water, m], lat = 54.00
# name 6 = oxsatMm/Kg: Oxygen Saturation, Weiss [umol/kg]
# name 7 = oxsolMm/Kg: Oxygen Saturation, Garcia & Gordon [umol/kg]
# name 8 = turbWETntu0: Turbidity, WET Labs ECO [NTU]
# name 9 = flECO-AFL: Fluorescence, WET Labs ECO-AFL/FL [mg/m^3]
# name 10 = flag:  0.000e+00
# span 0 = 124.400171, 124.401143       
# span 1 =      0.592,      9.065       
# span 2 =    11.1061,    11.4497       
# span 3 =  25.672584,  28.914795       
# span 4 =    21.7634,    25.0159       
# span 5 =      0.587,      8.984       
# span 6 =  287.85989,  292.58566       
# span 7 =  287.93524,  292.71725       
# span 8 =    43.7934,   147.9646       
# span 9 =    12.3603,    15.7610       
# span 10 = 0.0000e+00, 0.0000e+00      
# interval = seconds: 0.25
# start_time = May 04 2022 09:34:48 [Instrument's time stamp, header]
# bad_flag = -9.990e-29
*END*
[from data line 132]
 124.400553      3.852    11.3335  26.551496    22.6388      3.818  291.29214  291.41032    50.7973    14.4468 -9.990e-29
 124.400556      3.865    11.3332  26.557959    22.6451      3.830  291.28111  291.39920    50.3148    15.0534 -9.990e-29
 124.400558      3.887    11.3332  26.576487    22.7790      3.852  291.24581  291.36369    50.2058    15.0291 -9.990e-29
 124.400561      3.913    11.3348  26.701893    22.8098      3.878  290.99617  291.11273    50.3615    15.0372 0.0000e+00
 124.400564      3.955    11.3417  26.772023    22.8405      3.919  290.82619  290.94239    50.0969    15.0655 0.0000e+00
 124.400567      4.002    11.3524  26.856551    22.8677      3.966  290.60923  290.72515    50.2836    15.0453 0.0000e+00
 124.400570      4.046    11.3640  26.815732    22.8881      4.009  290.62866  290.74579    48.9296    14.8350 0.0000e+00
 124.400573      4.095    11.3692  26.840977    22.8881      4.058  290.55418  290.67135    48.9762    14.8512 0.0000e+00
 124.400576      4.137    11.3724  26.906859    22.9479      4.100  290.41143  290.52806    48.9140    14.8552 0.0000e+00
 124.400579      4.172    11.3789  26.987644    22.9838      4.135  290.22318  290.33932    49.0541    14.8552 0.0000e+00
 124.400582      4.201    11.3883  26.980493    23.0196      4.163  290.18949  290.30631    48.7117    14.3740 -9.990e-29
 124.400584      4.225    11.3944  26.983905    23.0064      4.187  290.15181  290.26898    48.7428    14.3498 -9.990e-29
 124.400587      4.243    11.3977  27.012189    23.0309      4.205  290.08100  290.19806    48.6650    14.3457 -9.990e-29
 124.400590      4.257    11.4007  27.040267    23.0553      4.219  290.01198  290.12892    48.7584    14.3174 -9.990e-29
 124.400593      4.263    11.4050  27.033978    23.0468      4.225  290.00259  290.11988    48.9296    14.4994 -9.990e-29
 124.400596      4.272    11.4068  27.056587    23.0669      4.234  289.95030  290.06744    49.0229    14.4872 -9.990e-29
 124.400599      4.278    11.4088  27.092494    23.0993      4.239  289.87116  289.98803    49.1008    14.4872 -9.990e-29
 124.400602      4.288    11.4117  27.113819    23.1175      4.250  289.81582  289.93264    49.1008    14.4711 -9.990e-29
 124.400605      4.297    11.4143  27.136399    23.1370      4.259  289.75948  289.87620    47.2331    13.6947 -9.990e-29
 124.400608      4.311    11.4172  27.153501    23.1512      4.272  289.71225  289.82897    47.4043    13.7028 -9.990e-29
 124.400611      4.329    11.4193  27.158280    23.1544      4.290  289.69207  289.80888    47.2486    13.7028 -9.990e-29
 124.400613      4.353    11.4196  27.188479    23.1825      4.314  289.63291  289.74940    47.3576    13.7109 -9.990e-29
 124.400616      4.376    11.4197  27.397881    23.5078      4.337  289.23192  289.34605    47.2486    13.7190 -9.990e-29
 124.400619      4.409    11.4130  27.530665    23.4986      4.370  289.01153  289.12372    46.5949    14.9361 0.0000e+00
 124.400622      4.451    11.3957  27.499344    23.4965      4.411  289.15784  289.26927    46.4548    14.8957 0.0000e+00
 124.400625      4.490    11.3854  27.500055    23.4965      4.449  289.20860  289.31934    46.5327    14.9765 0.0000e+00
 124.400628      4.537    11.3813  27.551467    23.5474      4.496  289.13032  289.24022    46.6105    14.9280 0.0000e+00
 124.400631      4.583    11.3749  27.605866    23.6026      4.542  289.05826  289.16711    43.9179    13.3955 0.0000e+00
 124.400634      4.624    11.3655  27.670585    23.6695      4.583  288.98104  289.08854    43.8089    13.4278 0.0000e+00
 124.400637      4.661    11.3541  27.729177    23.7319      4.619  288.92569  289.03177    43.7934    13.3793 0.0000e+00
 124.400639      4.694    11.3407  27.751784    23.7469      4.652  288.94951  289.05444    43.8089    13.3672 0.0000e+00
 124.400642      4.727    11.3294  27.782887    23.7619      4.684  288.94638  289.05021    44.4315    13.2378 -9.990e-29
 124.400645      4.747    11.3193  27.792802    23.8143      4.705  288.97776  289.08080    44.6183    13.2822 -9.990e-29
 124.400648      4.758    11.3117  27.807703    23.8332      4.715  288.98693  289.08930    44.4626    13.2742 -9.990e-29
 124.400651      4.769    11.3058  27.796363    23.8263      4.726  289.03801  289.14013    44.5871    13.2418 -9.990e-29
 124.400654      4.774    11.3037  27.804471    23.8353      4.732  289.03298  289.13486    45.3965    13.3348 -9.990e-29
 124.400657      4.780    11.3024  27.834718    23.8646      4.737  288.98129  289.08273    45.3965    13.3186 -9.990e-29
 124.400660      4.785    11.2986  27.862510    23.8933      4.742  288.94690  289.04776    45.2097    13.3146 -9.990e-29
 124.400663      4.799    11.2926  27.892617    23.9256      4.756  288.91891  289.01903    45.2097    13.3348 -9.990e-29
 124.400666      4.818    11.2850  27.927345    23.9633      4.775  288.88982  288.98902    45.2408    13.3146 -9.990e-29
 124.400668      4.842    11.2775  27.949958    24.0194      4.798  288.88366  288.98210    50.1280    14.2891 -9.990e-29
 124.400671      4.873    11.2707  27.976915    24.0117      4.829  288.86605  288.96372    50.2058    14.2851 0.0000e+00
 124.400674      4.909    11.2636  27.955723    24.0040      4.865  288.94217  289.03962    50.2369    14.2851 0.0000e+00
 124.400677      4.941    11.2611  27.951222    24.0040      4.896  288.96342  289.06075    50.1903    14.3012 0.0000e+00
 124.400680      4.975    11.2608  27.967692    24.0171      4.931  288.93307  289.03019    47.2642    13.3267 0.0000e+00
 124.400683      5.015    11.2591  27.988175    24.0375      4.970  288.90178  288.99854    47.2331    13.3227 0.0000e+00
 124.400686      5.047    11.2555  28.024870    24.0746      5.001  288.84906  288.94516    47.2953    13.3510 0.0000e+00
 124.400689      5.075    11.2501  28.043665    24.0959      5.030  288.83997  288.93548    47.2642    13.3348 0.0000e+00
 124.400692      5.104    11.2450  28.048228    24.1035      5.059  288.85660  288.95171    45.2253    13.3146 0.0000e+00
 124.400694      5.130    11.2413  28.051141    24.1086      5.085  288.86928  288.96411    45.3654    13.2984 0.0000e+00
 124.400697      5.156    11.2391  28.056968    24.1121      5.110  288.86890  288.96352    45.5054    13.3267 0.0000e+00
 124.400700      5.182    11.2376  28.049328    24.1156      5.135  288.89144  288.98604    45.3965    13.3429 -9.990e-29
 124.400703      5.202    11.2371  28.044436    24.1050      5.155  288.90326  288.99788    47.4354    13.3227 -9.990e-29
 124.400706      5.222    11.2376  28.041688    24.1021      5.175  288.90620  289.00089    50.8284    13.1043 -9.990e-29
 124.400709      5.240    11.2380  28.052791    24.1123      5.193  288.88277  288.97736    50.6883    13.0962 -9.990e-29
 124.400712      5.255    11.2373  28.062246    24.1217      5.208  288.86793  288.96236    50.7973    13.0315 -9.990e-29
 124.400715      5.279    11.2360  28.071482    24.1421      5.231  288.85657  288.95080    50.7194    13.0396 -9.990e-29
 124.400718      5.306    11.2345  28.081875    24.1407      5.259  288.84399  288.93800    47.6222    14.0141 0.0000e+00
 124.400720      5.337    11.2328  28.077696    24.1421      5.289  288.86053  288.95447    47.4198    14.0263 0.0000e+00
 124.400723      5.370    11.2318  28.081160    24.1432      5.322  288.85894  288.95278    47.5443    14.0263 0.0000e+00
 124.400726      5.399    11.2312  28.080940    24.1433      5.351  288.86210  288.95590    47.6377    14.0546 0.0000e+00
 124.400729      5.426    11.2308  28.085505    24.1456      5.378  288.85534  288.94906    47.3264    13.1731 0.0000e+00
 124.400732      5.455    11.2301  28.093314    24.1479      5.406  288.84402  288.93759    47.3264    13.2014 -9.990e-29
 124.400735      5.473    11.2294  28.098979    24.1616      5.424  288.83648  288.92995    47.2175    13.1771 -9.990e-29
 124.400738      5.490    11.2285  28.102059    24.1651      5.441  288.83495  288.92832    47.3264    13.2014 -9.990e-29
 124.400741      5.513    11.2278  28.094964    24.1588      5.464  288.85204  288.94544    44.8984    13.3105 -9.990e-29
 124.400744      5.526    11.2275  28.092985    24.1571      5.476  288.85756  288.95096    45.1008    13.3065 -9.990e-29
 124.400747      5.549    11.2272  28.098980    24.1630      5.500  288.84736  288.94068    45.1163    13.3227 -9.990e-29
 124.400749      5.571    11.2267  28.104810    24.1795      5.521  288.83883  288.93204    45.1008    13.3105 -9.990e-29
 124.400752      5.600    11.2259  28.115537    24.1832      5.550  288.82221  288.91524    44.9607    13.3308 0.0000e+00
 124.400755      5.633    11.2250  28.122689    24.1869      5.583  288.81283  288.90572    45.3498    13.3752 0.0000e+00
 124.400758      5.668    11.2242  28.126486    24.1910      5.617  288.80958  288.90237    45.3187    13.4036 0.0000e+00
 124.400761      5.702    11.2234  28.131438    24.1936      5.651  288.80411  288.89678    45.3031    13.4278 0.0000e+00
 124.400764      5.737    11.2227  28.140188    24.1962      5.686  288.79063  288.88315    45.2875    13.3631 -9.990e-29
 124.400767      5.759    11.2220  28.145637    24.2105      5.708  288.78351  288.87592    45.5054    13.0194 -9.990e-29
 124.400770      5.785    11.2212  28.142885    24.2084      5.733  288.79289  288.88528    45.5521    13.0113 -9.990e-29
 124.400773      5.801    11.2207  28.142335    24.2082      5.749  288.79633  288.88870    45.4276    13.0032 -9.990e-29
 124.400775      5.827    11.2203  28.144371    24.2104      5.775  288.79445  288.88676    45.5054    13.0113 -9.990e-29
 124.400778      5.850    11.2198  28.151856    24.2178      5.798  288.78238  288.87458    51.0619    13.2984 -9.990e-29
 124.400781      5.876    11.2189  28.150756    24.2174      5.824  288.78925  288.88140    50.9373    13.2539 -9.990e-29
 124.400784      5.900    11.2180  28.143821    24.2114      5.847  288.80705  288.89921    50.9062    13.3146 -9.990e-29
 124.400787      5.924    11.2176  28.154003    24.2213      5.871  288.78944  288.88145    51.0930    13.2701 -9.990e-29
 124.400790      5.947    11.2171  28.166059    24.2330      5.894  288.76855  288.86039    47.6066    13.2216 -9.990e-29
 124.400793      5.977    11.2157  28.184173    24.2511      5.924  288.74070  288.83223    47.4665    13.2054 -9.990e-29
 124.400796      5.997    11.2137  28.194416    24.2621      5.944  288.73074  288.82201    47.5288    13.2175 -9.990e-29
 124.400799      6.021    11.2115  28.196013    24.2651      5.967  288.73881  288.82992    47.5132    13.2014 -9.990e-29
 124.400802      6.045    11.2099  28.216173    24.2852      5.991  288.70767  288.79843    47.6377    13.2014 -9.990e-29
 124.400804      6.069    11.2077  28.218542    24.2888      6.014  288.71391  288.80450    51.5443    13.0679 -9.990e-29
 124.400807      6.094    11.2058  28.238487    24.3090      6.040  288.68487  288.77508    51.5755    13.0720 -9.990e-29
 124.400810      6.118    11.2035  28.226751    24.2995      6.063  288.71901  288.80921    51.5599    13.1165 -9.990e-29
 124.400813      6.152    11.2022  28.226035    24.3089      6.097  288.72683  288.81695    51.6066    13.0841 0.0000e+00
 124.400816      6.185    11.2017  28.245597    24.3089      6.130  288.69143  288.78129    60.8206    13.1084 0.0000e+00
 124.400819      6.218    11.2005  28.249289    24.3184      6.162  288.69073  288.78046    60.8673    13.1407 -9.990e-29
 124.400822      6.240    11.1987  28.270345    24.3438      6.184  288.65884  288.74820    60.9607    13.1245 -9.990e-29
 124.400825      6.260    11.1969  28.273488    24.3480      6.204  288.66155  288.75075    60.8673    13.1488 -9.990e-29
 124.400828      6.277    11.1948  28.283192    24.3586      6.220  288.65327  288.74221    55.9334    13.3065 -9.990e-29
 124.400830      6.295    11.1925  28.293283    24.3697      6.238  288.64524  288.73390    56.0268    13.3146 -9.990e-29
 124.400833      6.311    11.1905  28.299515    24.3769      6.255  288.64332  288.73177    55.9023    13.3389 -9.990e-29
 124.400836      6.333    11.1886  28.332943    24.4098      6.276  288.58784  288.67576    55.9646    13.3429 -9.990e-29
 124.400839      6.357    11.1865  28.356120    24.4738      6.300  288.55384  288.64134    78.6105    14.4387 -9.990e-29
 124.400842      6.384    11.1832  28.396641    24.4937      6.327  288.49170  288.57849    78.4237    14.4306 0.0000e+00
 124.400845      6.411    11.1779  28.434809    24.5108      6.354  288.44416  288.53014    78.4548    14.4104 0.0000e+00
 124.400848      6.444    11.1720  28.427793    24.5136      6.386  288.48697  288.57263    78.4082    14.3862 0.0000e+00
 124.400851      6.486    11.1686  28.440887    24.5255      6.428  288.47848  288.56374    78.4704    14.4589 0.0000e+00
 124.400854      6.528    11.1661  28.492788    24.5765      6.469  288.39056  288.47503    71.9023    12.8657 0.0000e+00
 124.400856      6.572    11.1613  28.546772    24.6309      6.513  288.30966  288.39316    71.9023    12.8334 0.0000e+00
 124.400859      6.603    11.1554  28.548322    24.6336      6.544  288.33584  288.41891    71.9334    12.8738 0.0000e+00
 124.400862      6.630    11.1514  28.539802    24.6363      6.571  288.37245  288.45535    71.7934    12.8496 -9.990e-29
 124.400865      6.650    11.1499  28.539249    24.6314      6.591  288.38091  288.46371    78.9373    13.2580 -9.990e-29
 124.400868      6.661    11.1489  28.570957    24.6622      6.601  288.32425  288.40660    78.9996    13.2742 -9.990e-29
 124.400871      6.670    11.1463  28.578209    24.6708      6.611  288.32295  288.40503    78.9373    13.2418 -9.990e-29
 124.400874      6.678    11.1439  28.570736    24.6653      6.618  288.34947  288.43148    78.9685    13.2620 -9.990e-29
 124.400877      6.681    11.1429  28.574113    24.6691      6.622  288.34763  288.42953   115.4198    14.3174 -9.990e-29
 124.400880      6.689    11.1424  28.562047    24.6580      6.629  288.37367  288.45567   115.3731    14.3619 -9.990e-29
 124.400883      6.702    11.1424  28.584298    24.6792      6.642  288.33060  288.41234   115.4510    14.3579 -9.990e-29
 124.400885      6.720    11.1414  28.607331    24.7319      6.660  288.29105  288.37244   115.2798    14.3376 -9.990e-29
 124.400888      6.755    11.1397  28.637849    24.7508      6.694  288.24036  288.32127   114.9062    13.7068 0.0000e+00
 124.400891      6.793    11.1370  28.675640    24.7696      6.732  288.18027  288.26053   114.8751    13.7190 0.0000e+00
 124.400894      6.842    11.1339  28.706186    24.8008      6.781  288.13687  288.21654   115.0463    13.7028 0.0000e+00
 124.400897      6.890    11.1312  28.712341    24.8085      6.828  288.13801  288.21742   114.7661    13.7270 0.0000e+00
 124.400900      6.934    11.1291  28.792679    24.8853      6.872  287.99282  288.07112   114.7817    13.7351 0.0000e+00
 124.400903      6.972    11.1256  28.789127    24.8863      6.909  288.01706  288.09516   112.6494    13.5653 0.0000e+00
 124.400906      6.999    11.1225  28.845711    24.9133      6.937  287.92283  288.00001   112.5560    13.4966 0.0000e+00
 124.400909      7.029    11.1189  28.867657    24.9413      6.966  287.89766  287.97433   112.6494    13.5289 -9.990e-29
 124.400911      7.051    11.1158  28.873270    24.9721      6.988  287.90244  287.97883   112.6961    13.5370 -9.990e-29
 124.400914      7.065    11.1137  28.882440    24.9823      7.002  287.89501  287.97113   110.5949    13.9980 -9.990e-29
 124.400917      7.078    11.1123  28.891888    24.9922      7.015  287.88336  287.95928   110.8595    14.0263 -9.990e-29
 124.400920      7.098    11.1111  28.897503    24.9984      7.035  287.87849  287.95425   110.5794    14.0263 -9.990e-29
 124.400923      7.127    11.1101  28.899004    25.0004      7.063  287.88026  287.95593   110.5327    14.0182 -9.990e-29
 124.400926      7.149    11.1097  28.897892    24.9978      7.085  287.88442  287.96008   106.4704    13.8200 -9.990e-29
