Processed/SBE19plus_01907321_2022_05_08_Cast85_wfilter.cnv
* Sea-Bird SBE19plus  Data File:
* FileName = E:\Prandtl Daten\2022\CTD\Raw\SBE19plus_01907321_2022_05_08_Cast85.hex
* Software version 2.6.1.12
* Temperature SN = 7321
* Conductivity SN = 7321
* System UpLoad Time = May 08 2022 11:42:22
* <ApplicationData>
* <Seaterm232>
** Messpraktikum 2022
** CTD 08.05 NP5
** NMEA Latitude = 54 10.79 N
** NMEA Longitude = 008 36.47 E
# nquan = 11
# nvalues = 427                         
# units = specified
# name 0 = timeJ: Julian Days
# name 1 = prdM: Pressure, Strain Gauge [db]
# name 2 = tv290C: Temperature [ITS-90, deg C]
# name 3 = c0mS/cm: Conductivity [mS/cm]
# name 4 = sal00: Salinity, Practical [PSU]
# name 5 = depSM: Depth [salt water, m], lat = 54.00
# name 6 = oxsatMm/Kg: Oxygen Saturation, Weiss [umol/kg]
# name 7 = oxsolMm/Kg: Oxygen Saturation, Garcia & Gordon [umol/kg]
# name 8 = turbWETntu0: Turbidity, WET Labs ECO [NTU]
# name 9 = flECO-AFL: Fluorescence, WET Labs ECO-AFL/FL [mg/m^3]
# name 10 = flag:  0.000e+00
# span 0 = 128.483432, 128.484664       
# span 1 =      0.518,     11.179       
# span 2 =    12.5306,    12.7060       
# span 3 =  32.947447,  33.065088       
# span 4 =    27.7857,    27.8171       
# span 5 =      0.513,     11.079       
# span 6 =  272.78461,  273.75840       
# span 7 =  272.92430,  273.88745       
# span 8 =     2.4548,    32.8517       
# span 9 =     2.8780,    10.6984       
# span 10 = 0.0000e+00, 0.0000e+00      
# interval = seconds: 0.25
# start_time = May 08 2022 11:34:38 [Instrument's time stamp, header]
# bad_flag = -9.990e-29
*END*
 128.483432      0.518    12.6673  33.031938    27.7949      0.513  273.00495  273.14234     2.5794     3.0923 0.0000e+00
 128.483435      0.589    12.6673  33.032172    27.7949      0.584  273.00458  273.14196     2.6261     3.0842 0.0000e+00
 128.483437      0.644    12.6673  33.031587    27.7951      0.638  273.00565  273.14305     2.5482     3.1287 0.0000e+00
 128.483440      0.686    12.6677  33.032582    27.7950      0.679  273.00236  273.13977     2.7973     3.1610 0.0000e+00
 128.483443      0.733    12.6677  33.032348    27.7950      0.726  273.00281  273.14022     2.8284     3.1731 0.0000e+00
 128.483446      0.771    12.6677  33.032173    27.7948      0.764  273.00315  273.14056     2.7194     3.1448 0.0000e+00
 128.483449      0.826    12.6676  33.030709    27.7942      0.819  273.00609  273.14351     2.8440     3.1731 0.0000e+00
 128.483452      0.868    12.6671  33.031178    27.7938      0.860  273.00746  273.14484     2.8595     3.1125 0.0000e+00
 128.483455      0.893    12.6666  33.029246    27.7942      0.886  273.01308  273.15045     2.7506     3.0721 -9.990e-29
 128.483458      0.903    12.6661  33.028603    27.7926      0.895  273.01641  273.15375     2.7973     3.0842 -9.990e-29
 128.483461      0.899    12.6655  33.028603    27.7930      0.891  273.01889  273.15619     2.7817     3.0842 -9.990e-29
 128.483464      0.896    12.6653  33.029247    27.7937      0.888  273.01867  273.15595     3.0152     3.0235 -9.990e-29
 128.483466      0.897    12.6650  33.028603    27.7933      0.889  273.02106  273.15833     3.0619     3.0114 -9.990e-29
 128.483469      0.904    12.6652  33.030007    27.7945      0.896  273.01795  273.15521     2.9373     2.9548 -9.990e-29
 128.483472      0.910    12.6652  33.030476    27.7949      0.902  273.01681  273.15407     3.0307     2.9548 -9.990e-29
 128.483475      0.914    12.6652  33.030300    27.7948      0.905  273.01743  273.15469     3.0463     2.9588 -9.990e-29
 128.483478      0.917    12.6652  33.028427    27.7930      0.909  273.02045  273.15774     2.7661     3.0276 -9.990e-29
 128.483481      0.926    12.6652  33.030066    27.7975      0.918  273.01786  273.15512     2.7506     2.9912 -9.990e-29
 128.483484      0.983    12.6660  33.033812    27.7969      0.974  273.00783  273.14511     2.8595     3.0357 0.0000e+00
 128.483487      1.067    12.6677  33.033988    27.7964      1.057  273.00012  273.13751     2.6727     3.0518 0.0000e+00
 128.483490      1.160    12.6688  33.031354    27.7930      1.149  272.99990  273.13739     3.0152     2.9507 0.0000e+00
 128.483492      1.227    12.6682  33.028428    27.7919      1.216  273.00793  273.14541     2.9996     2.9710 0.0000e+00
 128.483495      1.253    12.6658  33.027784    27.7908      1.242  273.01933  273.15667     3.1085     2.9629 -9.990e-29
 128.483498      1.242    12.6639  33.026321    27.7919      1.231  273.03031  273.16752     3.0774     2.9629 -9.990e-29
 128.483501      1.214    12.6632  33.029423    27.7954      1.203  273.02788  273.16502     2.7506     3.1893 -9.990e-29
 128.483504      1.178    12.6638  33.030067    27.7955      1.167  273.02392  273.16109     2.9840     3.1731 -9.990e-29
 128.483507      1.158    12.6642  33.028604    27.7938      1.147  273.02464  273.16186     2.7817     3.1731 -9.990e-29
 128.483510      1.154    12.6642  33.029013    27.7942      1.144  273.02391  273.16113     2.7817     3.1772 -9.990e-29
 128.483513      1.165    12.6643  33.027609    27.7929      1.155  273.02611  273.16334     2.7506     3.1570 -9.990e-29
 128.483516      1.204    12.6635  33.024682    27.7928      1.193  273.03506  273.17226     2.7817     3.0842 -9.990e-29
 128.483519      1.256    12.6621  33.025853    27.7922      1.245  273.03891  273.17601     2.8440     3.1044 0.0000e+00
 128.483521      1.308    12.6608  33.023629    27.7928      1.296  273.04848  273.18552     2.7194     3.1125 0.0000e+00
 128.483524      1.355    12.6601  33.025327    27.7938      1.343  273.04860  273.18557     2.7661     3.0923 0.0000e+00
 128.483527      1.386    12.6598  33.025620    27.7940      1.374  273.04934  273.18629     2.8128     3.0599 0.0000e+00
 128.483530      1.419    12.6598  33.026966    27.7942      1.406  273.04728  273.18422     2.7194     3.0599 -9.990e-29
 128.483533      1.444    12.6601  33.025737    27.7941      1.431  273.04793  273.18490     2.7194     3.0316 -9.990e-29
 128.483536      1.457    12.6601  33.026030    27.7944      1.444  273.04742  273.18439     2.7817     3.0195 -9.990e-29
 128.483539      1.459    12.6602  33.025913    27.7942      1.446  273.04732  273.18429     3.3109     3.1004 -9.990e-29
 128.483542      1.455    12.6600  33.025444    27.7939      1.442  273.04877  273.18574     3.3109     3.0842 -9.990e-29
 128.483545      1.446    12.6599  33.025327    27.7939      1.433  273.04959  273.18655     3.3264     3.1165 -9.990e-29
 128.483547      1.470    12.6600  33.026322    27.7945      1.457  273.04753  273.18448     3.2486     3.1125 -9.990e-29
 128.483550      1.514    12.6603  33.026264    27.7940      1.500  273.04642  273.18340     3.2019     3.0801 0.0000e+00
 128.483553      1.577    12.6601  33.025094    27.7945      1.563  273.04916  273.18614     3.3887     3.0680 0.0000e+00
 128.483556      1.634    12.6603  33.026733    27.7949      1.620  273.04567  273.18264     3.3731     3.0842 0.0000e+00
 128.483559      1.683    12.6600  33.026850    27.7950      1.668  273.04642  273.18338     3.3576     3.1287 0.0000e+00
 128.483562      1.716    12.6602  33.026557    27.7951      1.701  273.04635  273.18331     3.3264     3.1084 -9.990e-29
 128.483565      1.740    12.6600  33.025094    27.7935      1.724  273.04958  273.18655     3.2953     3.1246 -9.990e-29
 128.483568      1.758    12.6598  33.026031    27.7945      1.743  273.04917  273.18612     3.4354     3.0842 -9.990e-29
 128.483571      1.773    12.6595  33.025328    27.7940      1.757  273.05136  273.18830     3.3887     3.1165 -9.990e-29
 128.483573      1.784    12.6594  33.025914    27.7947      1.768  273.05095  273.18787     3.3576     3.0680 -9.990e-29
 128.483576      1.793    12.6591  33.024860    27.7939      1.777  273.05407  273.19098     3.1708     3.1731 -9.990e-29
 128.483579      1.808    12.6593  33.026558    27.7953      1.792  273.05013  273.18704     3.2486     3.1448 -9.990e-29
 128.483582      1.828    12.6597  33.026558    27.7945      1.812  273.04859  273.18553     3.4043     3.1448 -9.990e-29
 128.483585      1.865    12.6598  33.026031    27.7945      1.848  273.04924  273.18619     3.3109     3.1570 0.0000e+00
 128.483588      1.905    12.6595  33.025914    27.7945      1.888  273.05041  273.18734     3.3109     3.1044 0.0000e+00
 128.483591      1.943    12.6593  33.025270    27.7941      1.926  273.05282  273.18974     3.3264     3.1084 0.0000e+00
 128.483594      1.981    12.6590  33.024276    27.7937      1.964  273.05585  273.19276     3.2486     3.1004 0.0000e+00
 128.483597      2.012    12.6582  33.022813    27.7934      1.994  273.06189  273.19876     3.3576     3.1084 -9.990e-29
 128.483600      2.032    12.6569  33.022871    27.7936      2.014  273.06739  273.20417     2.8440     3.0882 -9.990e-29
 128.483602      2.053    12.6562  33.023223    27.7944      2.034  273.06988  273.20661     2.9218     3.1206 -9.990e-29
 128.483605      2.067    12.6557  33.023632    27.7952      2.049  273.07133  273.20803     2.7661     3.1206 -9.990e-29
 128.483608      2.084    12.6553  33.023281    27.7951      2.065  273.07352  273.21020     2.7506     3.1125 -9.990e-29
 128.483611      2.098    12.6556  33.024862    27.7964      2.079  273.06948  273.20616     3.0463     3.1044 -9.990e-29
 128.483614      2.111    12.6563  33.026149    27.7970      2.092  273.06410  273.20081     2.9529     2.9629 -9.990e-29
 128.483617      2.133    12.6583  33.029602    27.7981      2.114  273.04928  273.18610     3.0152     2.9912 -9.990e-29
 128.483620      2.162    12.6606  33.030714    27.7978      2.142  273.03740  273.17435     3.0930     2.9548 0.0000e+00
 128.483623      2.206    12.6632  33.032178    27.7975      2.186  273.02334  273.16046     2.9840     2.9629 0.0000e+00
 128.483626      2.258    12.6654  33.031768    27.7961      2.238  273.01479  273.15206     2.8284     3.0154 0.0000e+00
 128.483628      2.302    12.6669  33.033641    27.7956      2.281  273.00467  273.14202     2.7817     3.0599 0.0000e+00
 128.483631      2.342    12.6677  33.033348    27.7957      2.321  273.00211  273.13951     2.8595     3.0599 0.0000e+00
 128.483634      2.375    12.6682  33.033407    27.7953      2.354  272.99954  273.13699     2.9062     3.0316 -9.990e-29
 128.483637      2.398    12.6690  33.033816    27.7947      2.377  272.99542  273.13291     3.2953     3.1165 -9.990e-29
 128.483640      2.410    12.6693  33.034168    27.7948      2.388  272.99356  273.13107     3.2175     3.1044 -9.990e-29
 128.483643      2.419    12.6693  33.033641    27.7944      2.397  272.99450  273.13201     3.2953     3.0963 -9.990e-29
 128.483646      2.421    12.6694  33.030890    27.7917      2.399  272.99908  273.13662     3.3576     3.0842 -9.990e-29
 128.483649      2.428    12.6692  33.032178    27.7931      2.406  272.99773  273.13524     3.1552     3.5532 -9.990e-29
 128.483652      2.444    12.6689  33.032353    27.7935      2.422  272.99867  273.13616     3.1552     3.5290 -9.990e-29
 128.483655      2.462    12.6686  33.032178    27.7939      2.440  273.00023  273.13771     3.0619     3.5573 -9.990e-29
 128.483657      2.497    12.6681  33.032178    27.7942      2.475  273.00243  273.13987     3.1552     3.5452 0.0000e+00
 128.483660      2.532    12.6678  33.032763    27.7946      2.509  273.00265  273.14008     3.0152     3.5452 0.0000e+00
 128.483663      2.570    12.6678  33.033232    27.7948      2.547  273.00185  273.13926     2.7973     2.9103 0.0000e+00
 128.483666      2.596    12.6681  33.033583    27.7950      2.573  273.00000  273.13743     2.7506     2.9224 -9.990e-29
 128.483669      2.616    12.6685  33.034051    27.7939      2.592  272.99732  273.13478     2.7817     2.9265 -9.990e-29
 128.483672      2.647    12.6687  33.032764    27.7945      2.623  272.99870  273.13618     2.8284     2.9143 0.0000e+00
 128.483675      2.674    12.6692  33.034344    27.7949      2.650  272.99373  273.13124     3.1241     2.9993 0.0000e+00
 128.483678      2.705    12.6695  33.034461    27.7949      2.681  272.99231  273.12983     2.9840     3.0276 0.0000e+00
 128.483681      2.742    12.6698  33.033349    27.7936      2.717  272.99306  273.13061     2.9996     3.0316 0.0000e+00
 128.483683      2.780    12.6696  33.031945    27.7924      2.755  272.99652  273.13406     3.0307     3.0357 0.0000e+00
 128.483686      2.819    12.6693  33.030891    27.7921      2.793  272.99965  273.13719     3.0619     3.1893 0.0000e+00
 128.483689      2.851    12.6687  33.032413    27.7917      2.826  272.99977  273.13725     2.9529     3.1651 -9.990e-29
 128.483692      2.868    12.6682  33.032764    27.7942      2.842  273.00102  273.13847     3.0774     3.1327 -9.990e-29
 128.483695      2.882    12.6682  33.031769    27.7932      2.857  273.00279  273.14025     3.0930     3.1610 -9.990e-29
 128.483698      2.901    12.6682  33.032004    27.7935      2.875  273.00270  273.14015     3.3576     3.2136 -9.990e-29
 128.483701      2.913    12.6679  33.030892    27.7927      2.887  273.00592  273.14337     3.3731     3.2176 -9.990e-29
 128.483704      2.934    12.6677  33.030892    27.7928      2.907  273.00687  273.14430     3.3576     3.2136 -9.990e-29
 128.483707      2.959    12.6671  33.028199    27.7907      2.933  273.01415  273.15157     3.1864     3.2742 -9.990e-29
 128.483709      2.981    12.6664  33.029487    27.7917      2.954  273.01498  273.15234     3.3420     3.2257 -9.990e-29
 128.483712      3.012    12.6652  33.027790    27.7915      2.985  273.02329  273.16059     2.5171     3.0437 0.0000e+00
 128.483715      3.049    12.6645  33.026854    27.7915      3.022  273.02778  273.16504     2.5794     3.0276 0.0000e+00
 128.483718      3.081    12.6640  33.026561    27.7915      3.054  273.03080  273.16803     2.5638     3.0357 0.0000e+00
 128.483721      3.116    12.6634  33.027030    27.7923      3.088  273.03247  273.16966     2.6727     3.0357 0.0000e+00
 128.483724      3.156    12.6630  33.027381    27.7926      3.128  273.03343  273.17058     2.7039     3.1165 0.0000e+00
 128.483727      3.184    12.6630  33.026327    27.7929      3.155  273.03532  273.17249     2.6261     3.0761 -9.990e-29
 128.483730      3.209    12.6630  33.029196    27.7946      3.180  273.03024  273.16738     2.6261     3.0842 -9.990e-29
 128.483733      3.227    12.6635  33.028610    27.7937      3.198  273.02943  273.16660     2.4860     3.0963 -9.990e-29
 128.483736      3.240    12.6642  33.029488    27.7940      3.211  273.02478  273.16199     3.0774     3.0761 -9.990e-29
 128.483738      3.246    12.6648  33.030600    27.7945      3.217  273.02001  273.15725     3.0152     3.1044 -9.990e-29
 128.483741      3.260    12.6652  33.030483    27.7942      3.231  273.01868  273.15594     3.1085     3.0882 -9.990e-29
 128.483744      3.275    12.6655  33.031537    27.7949      3.245  273.01526  273.15254     3.0152     3.1125 -9.990e-29
 128.483747      3.300    12.6661  33.032766    27.7954      3.271  273.01061  273.14792     3.2953     3.0235 -9.990e-29
 128.483750      3.329    12.6669  33.033234    27.7942      3.300  273.00608  273.14344     3.1552     3.0316 0.0000e+00
 128.483753      3.361    12.6677  33.031361    27.7941      3.330  273.00632  273.14375     3.3731     3.0357 0.0000e+00
 128.483756      3.393    12.6680  33.032766    27.7937      3.363  273.00229  273.13973     3.1864     3.0599 0.0000e+00
 128.483759      3.432    12.6680  33.032356    27.7941      3.401  273.00305  273.14049     3.2642     3.0033 0.0000e+00
 128.483762      3.464    12.6682  33.033586    27.7937      3.434  273.00027  273.13771     3.3576     3.2257 0.0000e+00
 128.483764      3.505    12.6682  33.031127    27.7936      3.473  273.00435  273.14182     3.2642     3.2176 0.0000e+00
 128.483767      3.532    12.6674  33.031362    27.7924      3.500  273.00768  273.14508     3.4043     3.2500 -9.990e-29
 128.483770      3.550    12.6667  33.031186    27.7936      3.519  273.01079  273.14816     3.2486     3.2095 -9.990e-29
 128.483773      3.561    12.6667  33.030484    27.7930      3.530  273.01236  273.14973     3.9957     3.2055 -9.990e-29
 128.483776      3.570    12.6665  33.029899    27.7926      3.539  273.01433  273.15170     4.1202     3.2136 -9.990e-29
 128.483779      3.581    12.6665  33.032182    27.7946      3.549  273.00998  273.14732     3.9957     3.2095 -9.990e-29
 128.483782      3.598    12.6669  33.033645    27.7957      3.566  273.00553  273.14288     3.9179     3.1974 -9.990e-29
 128.483785      3.614    12.6677  33.034055    27.7947      3.582  273.00171  273.13911     2.9840     2.9790 -9.990e-29
 128.483788      3.640    12.6687  33.033996    27.7938      3.607  272.99748  273.13495     3.1397     2.9750 0.0000e+00
 128.483791      3.673    12.6691  33.032357    27.7939      3.640  272.99855  273.13607     3.0152     2.9710 0.0000e+00
 128.483793      3.715    12.6687  33.033235    27.7936      3.682  272.99857  273.13605     3.2019     2.9710 0.0000e+00
 128.483796      3.757    12.6682  33.032416    27.7936      3.724  273.00254  273.13999     3.2486     3.0235 0.0000e+00
 128.483799      3.803    12.6679  33.031772    27.7936      3.769  273.00464  273.14209     3.2486     3.0397 0.0000e+00
 128.483802      3.844    12.6680  33.033236    27.7937      3.810  273.00176  273.13920     3.3576     3.0559 0.0000e+00
 128.483805      3.870    12.6680  33.033997    27.7944      3.836  273.00043  273.13786     3.3576     3.0559 -9.990e-29
 128.483808      3.885    12.6684  33.035694    27.7964      3.850  272.99556  273.13300     3.2486     3.0235 -9.990e-29
