Processed/SBE19plus_01907321_2022_05_05_Cast29_wfilter.cnv
* Sea-Bird SBE19plus  Data File:
* FileName = E:\Prandtl Daten\2022\CTD\Raw\SBE19plus_01907321_2022_05_05_Cast29.hex
* Software version 2.6.1.12
* Temperature SN = 7321
* Conductivity SN = 7321
* System UpLoad Time = May 05 2022 10:05:19
* <ApplicationData>
* <Seaterm232>
** Messpraktikum 2022
** CTD 05.05 NP5
# nquan = 11
# nvalues = 436                         
# units = specified
# name 0 = timeJ: Julian Days
# name 1 = prdM: Pressure, Strain Gauge [db]
# name 2 = tv290C: Temperature [ITS-90, deg C]
# name 3 = c0mS/cm: Conductivity [mS/cm]
# name 4 = sal00: Salinity, Practical [PSU]
# name 5 = depSM: Depth [salt water, m], lat = 54.00
# name 6 = oxsatMm/Kg: Oxygen Saturation, Weiss [umol/kg]
# name 7 = oxsolMm/Kg: Oxygen Saturation, Garcia & Gordon [umol/kg]
# name 8 = turbWETntu0: Turbidity, WET Labs ECO [NTU]
# name 9 = flECO-AFL: Fluorescence, WET Labs ECO-AFL/FL [mg/m^3]
# name 10 = flag:  0.000e+00
# span 0 = 125.416438, 125.417697       
# span 1 =      0.594,     12.111       
# span 2 =    11.6583,    11.9287       
# span 3 =  32.063045,  32.331599       
# span 4 =    27.5633,    27.7409       
# span 5 =      0.589,     12.003       
# span 6 =  277.75307,  279.24445       
# span 7 =  277.84803,  279.32171       
# span 8 =     5.9101,    42.2369       
# span 9 =     4.2730,    11.0016       
# span 10 = 0.0000e+00, 0.0000e+00      
# interval = seconds: 0.25
# start_time = May 05 2022 09:58:20 [Instrument's time stamp, header]
# bad_flag = -9.990e-29
*END*
[from data line 263]
 125.417199      7.584    11.7753  32.229555    27.6976      7.516  278.42432  278.50820    12.1202     6.6588 -9.990e-29
 125.417202      7.602    11.7747  32.228570    27.6971      7.534  278.42898  278.51283    11.9646     6.6790 -9.990e-29
 125.417205      7.616    11.7744  32.227932    27.6967      7.548  278.43143  278.51526    12.0424     6.6668 -9.990e-29
 125.417208      7.642    11.7744  32.231179    27.6998      7.574  278.42541  278.50920    13.7233     7.0389 -9.990e-29
 125.417211      7.665    11.7753  32.232628    27.7008      7.597  278.41866  278.50251    13.6455     7.0469 -9.990e-29
 125.417214      7.700    11.7764  32.233846    27.7002      7.631  278.41173  278.49564    13.6299     7.0389 0.0000e+00
 125.417216      7.740    11.7770  32.233034    27.7008      7.671  278.41046  278.49442    13.6611     7.0227 0.0000e+00
 125.417219      7.775    11.7775  32.235875    27.7019      7.706  278.40301  278.48698    14.8751     6.7720 0.0000e+00
 125.417222      7.813    11.7784  32.240108    27.7053      7.743  278.39110  278.47508    14.7973     6.7032 0.0000e+00
 125.417225      7.841    11.7802  32.246949    27.7079      7.771  278.36996  278.45400    14.8906     6.7275 0.0000e+00
 125.417228      7.874    11.7836  32.247993    27.7104      7.803  278.35304  278.43731    14.7973     6.7194 -9.990e-29
 125.417231      7.897    11.7863  32.245731    27.7047      7.827  278.34508  278.42956    18.0035     7.0065 -9.990e-29
 125.417234      7.923    11.7876  32.253212    27.7108      7.852  278.32494  278.40944    18.0346     7.0106 -9.990e-29
 125.417237      7.939    11.7899  32.250428    27.7065      7.868  278.32012  278.40482    18.1124     6.9823 -9.990e-29
 125.417240      7.958    11.7910  32.250718    27.7059      7.886  278.31428  278.39906    18.0657     6.9782 -9.990e-29
 125.417242      7.968    11.7913  32.253211    27.7080      7.897  278.30841  278.39317    17.7700     7.7627 -9.990e-29
 125.417245      7.987    11.7921  32.259126    27.7155      7.915  278.29399  278.37875    17.8167     7.7788 -9.990e-29
 125.417248      8.012    11.7944  32.263534    27.7158      7.941  278.27519  278.36007    17.8012     7.7505 0.0000e+00
 125.417251      8.040    11.7973  32.266376    27.7161      7.968  278.25712  278.34217    17.8012     7.7586 0.0000e+00
 125.417254      8.069    11.7997  32.270667    27.7175      7.997  278.23824  278.32341    17.8012     7.7384 0.0000e+00
 125.417257      8.106    11.8024  32.271943    27.7175      8.033  278.22371  278.30906    18.2214     7.4351 0.0000e+00
 125.417260      8.137    11.8045  32.272059    27.7160      8.064  278.21383  278.29933    18.3148     7.4594 0.0000e+00
 125.417263      8.171    11.8059  32.272291    27.7160      8.098  278.20749  278.29308    18.2058     7.4351 0.0000e+00
 125.417266      8.205    11.8063  32.273857    27.7153      8.131  278.20241  278.28803    18.3459     7.4594 0.0000e+00
 125.417269      8.231    11.8068  32.271247    27.7150      8.157  278.20509  278.29077    21.4899     7.5524 0.0000e+00
 125.417271      8.260    11.8067  32.272871    27.7135      8.186  278.20272  278.28837    21.4899     7.5605 -9.990e-29
 125.417274      8.278    11.8068  32.274902    27.7170      8.204  278.19834  278.28398    21.4276     7.5807 -9.990e-29
 125.417277      8.300    11.8079  32.275192    27.7165      8.225  278.19313  278.27884    21.4899     7.5888 -9.990e-29
 125.417280      8.324    11.8088  32.278556    27.7190      8.249  278.18284  278.26858    20.4938     7.9608 -9.990e-29
 125.417283      8.347    11.8100  32.280586    27.7200      8.272  278.17346  278.25927    20.4938     7.9325 -9.990e-29
 125.417286      8.373    11.8115  32.283603    27.7217      8.298  278.16132  278.24719    20.5249     7.9527 -9.990e-29
 125.417289      8.396    11.8130  32.287663    27.7230      8.321  278.14693  278.23286    20.4938     7.9446 -9.990e-29
 125.417292      8.427    11.8150  32.287663    27.7217      8.352  278.13789  278.22397    21.8945     7.9891 0.0000e+00
 125.417295      8.460    11.8166  32.286213    27.7204      8.384  278.13342  278.21963    21.9101     8.0296 0.0000e+00
 125.417297      8.487    11.8169  32.284821    27.7204      8.411  278.13477  278.22102    21.9257     8.0457 0.0000e+00
 125.417300      8.516    11.8170  32.287837    27.7202      8.439  278.12857  278.21480    21.9568     8.0376 0.0000e+00
 125.417303      8.547    11.8172  32.287663    27.7216      8.470  278.12829  278.21453    21.9257     8.0012 -9.990e-29
 125.417306      8.571    11.8174  32.290274    27.7236      8.494  278.12221  278.20844    22.4548     7.8435 -9.990e-29
 125.417309      8.596    11.8181  32.291318    27.7240      8.519  278.11717  278.20343    22.5327     7.8152 -9.990e-29
 125.417312      8.617    11.8191  32.291028    27.7230      8.540  278.11335  278.19969    22.4548     7.8314 -9.990e-29
 125.417315      8.637    11.8202  32.292711    27.7238      8.560  278.10524  278.19164    22.5949     7.7950 -9.990e-29
 125.417318      8.657    11.8208  32.291086    27.7218      8.580  278.10546  278.19192    22.2214     8.5471 -9.990e-29
 125.417321      8.679    11.8212  32.292711    27.7231      8.602  278.10090  278.18737    22.2214     8.5310 -9.990e-29
 125.417323      8.698    11.8213  32.295554    27.7275      8.620  278.09501  278.18146    22.1903     8.5471 -9.990e-29
 125.417326      8.727    11.8226  32.298571    27.7259      8.649  278.08350  278.17001    22.2525     8.5674 0.0000e+00
 125.417329      8.754    11.8245  32.296598    27.7249      8.676  278.07875  278.16541    22.9529     8.6806 0.0000e+00
 125.417332      8.783    11.8253  32.297990    27.7249      8.705  278.07244  278.15915    22.9062     8.6725 0.0000e+00
 125.417335      8.816    11.8259  32.299615    27.7261      8.737  278.06695  278.15368    22.8751     8.6846 0.0000e+00
 125.417338      8.847    11.8266  32.300195    27.7261      8.768  278.06277  278.14954    22.8906     8.6765 0.0000e+00
 125.417341      8.881    11.8271  32.300195    27.7261      8.802  278.06029  278.14711    22.9062     8.2883 0.0000e+00
 125.417344      8.909    11.8276  32.301240    27.7263      8.829  278.05650  278.14334    22.8595     8.3045 0.0000e+00
 125.417347      8.938    11.8280  32.301820    27.7265      8.858  278.05357  278.14043    22.9840     8.2964 0.0000e+00
 125.417350      8.964    11.8284  32.303445    27.7266      8.884  278.04870  278.13557    23.0619     8.3247 -9.990e-29
 125.417352      8.984    11.8289  32.302864    27.7268      8.903  278.04729  278.13421    22.9218     8.2803 -9.990e-29
 125.417355      9.004    11.8295  32.302632    27.7262      8.923  278.04524  278.13220    22.2214     8.0053 -9.990e-29
 125.417358      9.023    11.8294  32.302052    27.7257      8.942  278.04695  278.13391    22.1591     8.0457 -9.990e-29
 125.417361      9.041    11.8296  32.305882    27.7299      8.960  278.03893  278.12585    22.1903     8.0619 -9.990e-29
 125.417364      9.070    11.8303  32.307217    27.7294      8.989  278.03335  278.12031    22.1903     8.0255 0.0000e+00
 125.417367      9.099    11.8314  32.306926    27.7288      9.017  278.02860  278.11565    23.4198     8.9272 0.0000e+00
 125.417370      9.135    11.8320  32.305708    27.7272      9.054  278.02838  278.11549    23.4821     8.9151 0.0000e+00
 125.417373      9.168    11.8319  32.304664    27.7263      9.086  278.03097  278.11807    23.5132     8.9272 0.0000e+00
 125.417376      9.201    11.8317  32.304083    27.7263      9.119  278.03269  278.11979    23.4354     8.8909 0.0000e+00
 125.417378      9.234    11.8314  32.304490    27.7261      9.151  278.03321  278.12029    25.8323     8.3814 0.0000e+00
 125.417381      9.260    11.8314  32.304142    27.7263      9.177  278.03419  278.12126    25.9101     8.3854 0.0000e+00
 125.417384      9.285    11.8314  32.301008    27.7261      9.202  278.03970  278.12682    25.8945     8.3450 -9.990e-29
 125.417387      9.307    11.8311  32.304084    27.7263      9.224  278.03558  278.12263    25.8478     8.3328 -9.990e-29
 125.417390      9.331    11.8312  32.306115    27.7281      9.247  278.03151  278.11855    23.4665     8.4339 -9.990e-29
 125.417393      9.347    11.8314  32.305477    27.7273      9.264  278.03146  278.11853    23.3887     8.4137 -9.990e-29
 125.417396      9.362    11.8314  32.304258    27.7261      9.278  278.03373  278.12081    23.4354     8.4016 -9.990e-29
 125.417399      9.380    11.8314  32.307217    27.7290      9.296  278.02857  278.11561    23.3576     8.4380 -9.990e-29
 125.417402      9.402    11.8316  32.309132    27.7300      9.318  278.02378  278.11082    23.4976     8.4177 -9.990e-29
 125.417405      9.432    11.8323  32.308958    27.7302      9.347  278.02131  278.10840    25.3965     9.1456 0.0000e+00
 125.417407      9.465    11.8325  32.309771    27.7300      9.380  278.01858  278.10568    25.4587     9.0849 0.0000e+00
 125.417410      9.496    11.8332  32.309539    27.7298      9.411  278.01591  278.10306    25.4587     9.1173 0.0000e+00
 125.417413      9.536    11.8334  32.309133    27.7298      9.451  278.01576  278.10293    25.3965     9.0849 0.0000e+00
 125.417416      9.565    11.8337  32.311512    27.7308      9.480  278.01043  278.09759    27.6222     8.7291 0.0000e+00
 125.417419      9.600    11.8339  32.311164    27.7311      9.514  278.00985  278.09703    27.6377     8.7453 0.0000e+00
 125.417422      9.630    11.8345  32.311802    27.7308      9.543  278.00619  278.09340    27.6377     8.7453 -9.990e-29
 125.417425      9.653    11.8346  32.312208    27.7313      9.567  278.00514  278.09236    27.6222     8.7170 -9.990e-29
 125.417428      9.680    11.8351  32.311802    27.7305      9.594  278.00341  278.09067    28.1980     9.1901 -9.990e-29
 125.417431      9.700    11.8352  32.310584    27.7292      9.614  278.00506  278.09235    28.1669     9.1820 -9.990e-29
 125.417433      9.719    11.8350  32.309539    27.7284      9.632  278.00826  278.09554    28.1358     9.1537 -9.990e-29
 125.417436      9.737    11.8346  32.311164    27.7302      9.650  278.00682  278.09405    28.1980     9.1618 -9.990e-29
 125.417439      9.756    11.8345  32.311164    27.7303      9.668  278.00746  278.09468    24.7584     8.9717 -9.990e-29
 125.417442      9.778    11.8347  32.313602    27.7336      9.690  278.00202  278.08923    24.8206     9.0243 -9.990e-29
 125.417445      9.807    11.8355  32.315401    27.7338      9.719  277.99527  278.08251    24.6805     8.9879 0.0000e+00
 125.417448      9.836    11.8364  32.316619    27.7336      9.748  277.98866  278.07596    24.7272     8.9636 0.0000e+00
 125.417451      9.866    11.8371  32.316329    27.7332      9.778  277.98609  278.07345    24.7739     8.9636 0.0000e+00
 125.417454      9.901    11.8375  32.315807    27.7324      9.812  277.98552  278.07291    27.3887     8.3409 0.0000e+00
 125.417457      9.932    11.8377  32.315633    27.7322      9.843  277.98493  278.07234    27.2953     8.3450 0.0000e+00
 125.417459      9.959    11.8377  32.315807    27.7322      9.870  277.98432  278.07172    27.5288     8.3409 0.0000e+00
 125.417462      9.990    11.8375  32.316039    27.7322      9.900  277.98484  278.07223    27.4976     8.3652 0.0000e+00
 125.417465     10.015    11.8375  32.315401    27.7323      9.926  277.98604  278.07344    27.2019     8.5027 0.0000e+00
 125.417468     10.041    11.8376  32.315517    27.7319      9.951  277.98553  278.07294    27.2642     8.5107 -9.990e-29
 125.417471     10.061    11.8375  32.315633    27.7322      9.971  277.98565  278.07304    27.2331     8.5471 -9.990e-29
 125.417474     10.081    11.8377  32.317665    27.7340      9.991  277.98127  278.06865    27.2486     8.5633 -9.990e-29
 125.417477     10.103    11.8379  32.317839    27.7340     10.012  277.98003  278.06742    27.7311     8.6442 -9.990e-29
 125.417480     10.123    11.8382  32.318651    27.7332     10.032  277.97697  278.06438    27.6844     8.6846 -9.990e-29
 125.417483     10.149    11.8386  32.317665    27.7324     10.058  277.97695  278.06440    27.7155     8.6765 0.0000e+00
 125.417486     10.176    11.8388  32.315924    27.7315     10.085  277.97957  278.06705    27.6689     8.6523 0.0000e+00
 125.417488     10.207    11.8386  32.315808    27.7315     10.116  277.98043  278.06790    24.1513     8.6563 0.0000e+00
 125.417491     10.242    11.8383  32.315808    27.7317     10.150  277.98201  278.06946    24.2136     8.4258 0.0000e+00
 125.417494     10.273    11.8381  32.317027    27.7330     10.181  277.98071  278.06813    24.1669     8.4258 0.0000e+00
 125.417497     10.300    11.8380  32.317027    27.7330     10.208  277.98136  278.06877    24.3070     8.4258 0.0000e+00
 125.417500     10.328    11.8379  32.316853    27.7330     10.235  277.98201  278.06942    24.3537     8.4177 0.0000e+00
 125.417503     10.362    11.8378  32.317491    27.7330     10.270  277.98116  278.06856    24.6961     8.1994 -9.990e-29
 125.417506     10.382    11.8378  32.316621    27.7328     10.289  277.98279  278.07020    24.7272     8.2277 -9.990e-29
 125.417509     10.403    11.8379  32.316621    27.7327     10.310  277.98249  278.06990    24.6805     8.2236 -9.990e-29
 125.417512     10.418    11.8378  32.315228    27.7314     10.324  277.98540  278.07282    24.7117     8.2115 -9.990e-29
 125.417514     10.434    11.8374  32.315634    27.7321     10.341  277.98653  278.07392    26.8906     8.7372 -9.990e-29
 125.417517     10.454    11.8371  32.314590    27.7314     10.360  277.99004  278.07741    26.7817     8.7736 -9.990e-29
 125.417520     10.478    11.8370  32.312849    27.7288     10.384  277.99360  278.08098    26.9996     8.7493 -9.990e-29
 125.417523     10.503    11.8364  32.311398    27.7303     10.409  277.99880  278.08617    26.9373     8.7493 0.0000e+00
 125.417526     10.534    11.8360  32.314242    27.7317     10.440  277.99543  278.08273    27.3887     8.8949 0.0000e+00
 125.417529     10.563    11.8361  32.314242    27.7318     10.469  277.99513  278.08244    27.4354     8.9192 0.0000e+00
 125.417532     10.596    11.8364  32.317260    27.7336     10.501  277.98831  278.07561    27.4665     8.9232 0.0000e+00
 125.417535     10.628    11.8369  32.316854    27.7344     10.533  277.98659  278.07393    27.3576     8.9555 0.0000e+00
 125.417538     10.657    11.8374  32.320162    27.7357     10.562  277.97829  278.06563    27.4043     8.9070 0.0000e+00
 125.417541     10.687    11.8384  32.320278    27.7360     10.591  277.97373  278.06113    27.6377     9.1052 0.0000e+00
 125.417543     10.718    11.8391  32.320104    27.7357     10.622  277.97095  278.05840    27.5910     9.1011 -9.990e-29
 125.417546     10.740    11.8393  32.320510    27.7352     10.644  277.96927  278.05674    27.5910     9.1173 -9.990e-29
 125.417549     10.761    11.8397  32.319466    27.7339     10.665  277.96935  278.05686    27.5910     9.1213 -9.990e-29
 125.417552     10.785    11.8396  32.318247    27.7328     10.689  277.97194  278.05946    28.4471     9.5742 -9.990e-29
 125.417555     10.807    11.8393  32.317841    27.7327     10.710  277.97427  278.06177    28.5249     9.5742 -9.990e-29
 125.417558     10.838    11.8390  32.318247    27.7333     10.741  277.97479  278.06226    28.3848     9.5257 -9.990e-29
 125.417561     10.861    11.8391  32.319292    27.7330     10.764  277.97255  278.06002    28.4938     9.5783 -9.990e-29
 125.417564     10.889    11.8393  32.318247    27.7330     10.792  277.97326  278.06076    28.1358     9.7521 0.0000e+00
 125.417567     10.916    11.8395  32.318479    27.7330     10.818  277.97191  278.05942    28.0268     9.7360 0.0000e+00
 125.417569     10.947    11.8393  32.318247    27.7330     10.849  277.97330  278.06080    28.2292     9.7360 0.0000e+00
 125.417572     10.980    11.8393  32.318422    27.7332     10.882  277.97331  278.06080    28.2136     9.7360 0.0000e+00
