Processed/SBE19plus_01907321_2022_05_07_Cast61_wfilter.cnv
* Sea-Bird SBE19plus  Data File:
* FileName = E:\Prandtl Daten\2022\CTD\Raw\SBE19plus_01907321_2022_05_07_Cast61.hex
* Software version 2.6.1.12
* Temperature SN = 7321
* Conductivity SN = 7321
* System UpLoad Time = May 07 2022 07:47:26
* <ApplicationData>
* <Seaterm232>
** Messpraktikum 2022
** CTD 07.05 TS
** NMEA Latitude = 54 07.51 N
** NMEA Longitude = 008 42.19 E
# nquan = 11
# nvalues = 298                         
# units = specified
# name 0 = timeJ: Julian Days
# name 1 = prdM: Pressure, Strain Gauge [db]
# name 2 = tv290C: Temperature [ITS-90, deg C]
# name 3 = c0mS/cm: Conductivity [mS/cm]
# name 4 = sal00: Salinity, Practical [PSU]
# name 5 = depSM: Depth [salt water, m], lat = 54.00
# name 6 = oxsatMm/Kg: Oxygen Saturation, Weiss [umol/kg]
# name 7 = oxsolMm/Kg: Oxygen Saturation, Garcia & Gordon [umol/kg]
# name 8 = turbWETntu0: Turbidity, WET Labs ECO [NTU]
# name 9 = flECO-AFL: Fluorescence, WET Labs ECO-AFL/FL [mg/m^3]
# name 10 = flag:  0.000e+00
# span 0 = 127.321131, 127.321991       
# span 1 =      0.499,      7.667       
# span 2 =    12.8694,    12.9020       
# span 3 =  32.295672,  32.322168       
# span 4 =    26.9628,    26.9681       
# span 5 =      0.494,      7.599       
# span 6 =  273.23343,  273.42558       
# span 7 =  273.39300,  273.58333       
# span 8 =    20.9918,    58.3148       
# span 9 =     7.2896,    12.0085       
# span 10 = 0.0000e+00, 0.0000e+00      
# interval = seconds: 0.25
# start_time = May 07 2022 07:41:04 [Instrument's time stamp, header]
# bad_flag = -9.990e-29
*END*
[from data line 132]
 127.321513      3.714    12.8919  32.313298    26.9651      3.681  273.29455  273.45357    29.5833     9.8209 0.0000e+00
 127.321516      3.745    12.8915  32.313472    26.9651      3.712  273.29616  273.45515    29.4899     9.8411 0.0000e+00
 127.321519      3.773    12.8912  32.312718    26.9652      3.739  273.29877  273.45774    29.5833     9.8047 0.0000e+00
 127.321522      3.804    12.8912  32.312660    26.9650      3.770  273.29889  273.45787    29.5054     9.8047 -9.990e-29
 127.321525      3.826    12.8910  32.312892    26.9653      3.791  273.29944  273.45840    30.8128     9.9948 -9.990e-29
 127.321528      3.840    12.8907  32.313298    26.9659      3.806  273.30000  273.45894    30.8128    10.0150 -9.990e-29
 127.321531      3.859    12.8907  32.313879    26.9664      3.824  273.29867  273.45761    30.8595    10.0190 -9.990e-29
 127.321534      3.873    12.8910  32.314865    26.9671      3.839  273.29569  273.45463    30.8128    10.0029 -9.990e-29
 127.321536      3.892    12.8917  32.315039    26.9667      3.857  273.29224  273.45123    30.8128    10.0352 -9.990e-29
 127.321539      3.916    12.8926  32.317128    26.9680      3.881  273.28479  273.44382    29.8167     9.7521 -9.990e-29
 127.321542      3.941    12.8938  32.318347    26.9664      3.906  273.27730  273.43639    29.8012     9.7400 -9.990e-29
 127.321545      3.978    12.8954  32.317535    26.9661      3.942  273.27181  273.43101    29.7545     9.7602 0.0000e+00
 127.321548      4.012    12.8963  32.317709    26.9659      3.976  273.26742  273.42668    29.7700     9.7400 0.0000e+00
 127.321551      4.047    12.8964  32.317128    26.9659      4.011  273.26815  273.42742    33.2408     9.6672 0.0000e+00
 127.321554      4.080    12.8963  32.317941    26.9657      4.043  273.26737  273.42663    33.3031     9.7198 0.0000e+00
 127.321557      4.107    12.8965  32.318115    26.9661      4.070  273.26613  273.42540    33.2097     9.6753 -9.990e-29
 127.321560      4.127    12.8969  32.318928    26.9665      4.090  273.26282  273.42211    33.2097     9.7036 -9.990e-29
 127.321563      4.151    12.8975  32.318928    26.9661      4.114  273.26031  273.41964    40.2292    10.7469 -9.990e-29
 127.321565      4.169    12.8981  32.318521    26.9653      4.132  273.25852  273.41788    40.2292    10.7833 -9.990e-29
 127.321568      4.180    12.8983  32.319160    26.9658      4.143  273.25645  273.41583    40.2603    10.8075 -9.990e-29
 127.321571      4.193    12.8984  32.319102    26.9656      4.155  273.25593  273.41532    40.1980    10.7994 -9.990e-29
 127.321574      4.202    12.8985  32.319566    26.9660      4.164  273.25481  273.41419    37.9879    10.7509 -9.990e-29
 127.321577      4.223    12.8988  32.319334    26.9656      4.186  273.25397  273.41337    37.9724    10.7226 -9.990e-29
 127.321580      4.245    12.8990  32.320147    26.9649      4.207  273.25160  273.41102    37.9412    10.6943 -9.990e-29
 127.321583      4.273    12.8991  32.318928    26.9645      4.235  273.25313  273.41257    38.0035    10.7509 0.0000e+00
 127.321586      4.305    12.8987  32.317709    26.9641      4.267  273.25719  273.41661    37.9879    10.7267 0.0000e+00
 127.321589      4.342    12.8975  32.316549    26.9639      4.303  273.26462  273.42397    38.6261    10.4598 0.0000e+00
 127.321591      4.377    12.8961  32.314692    26.9639      4.338  273.27391  273.43319    38.6416    10.4315 0.0000e+00
 127.321594      4.413    12.8946  32.314460    26.9640      4.374  273.28097  273.44015    38.8440    10.4881 0.0000e+00
 127.321597      4.441    12.8934  32.313706    26.9641      4.401  273.28768  273.44679    38.7039    10.4234 0.0000e+00
 127.321600      4.468    12.8925  32.312662    26.9641      4.428  273.29363  273.45270    37.1630    10.3587 -9.990e-29
 127.321603      4.490    12.8913  32.312256    26.9642      4.450  273.29941  273.45841    37.2564    10.3061 -9.990e-29
 127.321606      4.506    12.8906  32.312314    26.9648      4.466  273.30248  273.46142    37.1008    10.2859 -9.990e-29
 127.321609      4.519    12.8901  32.311850    26.9647      4.479  273.30551  273.46443    37.1630    10.3344 -9.990e-29
 127.321612      4.530    12.8897  32.311443    26.9646      4.489  273.30781  273.46671    40.6338    11.4626 -9.990e-29
 127.321615      4.546    12.8889  32.310863    26.9646      4.506  273.31231  273.47117    40.6961    11.5071 -9.990e-29
 127.321617      4.566    12.8882  32.310457    26.9648      4.526  273.31620  273.47501    40.6494    11.4950 -9.990e-29
 127.321620      4.590    12.8879  32.310864    26.9653      4.549  273.31676  273.47555    40.6961    11.4950 -9.990e-29
 127.321623      4.621    12.8877  32.310574    26.9654      4.580  273.31855  273.47733    43.4354    11.0865 0.0000e+00
 127.321626      4.658    12.8873  32.310632    26.9656      4.616  273.32005  273.47880    43.2798    11.1351 0.0000e+00
 127.321629      4.685    12.8872  32.310632    26.9656      4.643  273.32039  273.47913    43.4976    11.1027 0.0000e+00
 127.321632      4.720    12.8869  32.310632    26.9657      4.678  273.32199  273.48071    43.3264    11.1149 0.0000e+00
 127.321635      4.753    12.8871  32.310226    26.9658      4.710  273.32178  273.48052    43.4821    11.1310 -9.990e-29
 127.321638      4.778    12.8869  32.310226    26.9654      4.735  273.32274  273.48146    43.6533    10.7307 -9.990e-29
 127.321641      4.804    12.8868  32.309065    26.9644      4.761  273.32511  273.48385    43.5910    10.6903 -9.990e-29
 127.321644      4.822    12.8864  32.308833    26.9645      4.779  273.32743  273.48613    43.7778    10.7348 -9.990e-29
 127.321646      4.838    12.8859  32.307615    26.9637      4.795  273.33147  273.49017    43.6066    10.7145 -9.990e-29
 127.321649      4.855    12.8853  32.307789    26.9643      4.811  273.33402  273.49267    42.1280    11.3615 -9.990e-29
 127.321652      4.868    12.8847  32.305758    26.9628      4.824  273.34013  273.49876    42.0035    11.3979 -9.990e-29
 127.321655      4.888    12.8842  32.307209    26.9645      4.844  273.33980  273.49838    42.1591    11.3453 -9.990e-29
 127.321658      4.912    12.8833  32.306165    26.9643      4.868  273.34544  273.50398    42.0657    11.3575 -9.990e-29
 127.321661      4.943    12.8826  32.305759    26.9648      4.898  273.34933  273.50782    46.7973    10.9814 0.0000e+00
 127.321664      4.970    12.8821  32.306397    26.9643      4.926  273.35075  273.50920    46.9373    10.9855 0.0000e+00
 127.321667      5.001    12.8818  32.305179    26.9649      4.956  273.35386  273.51231    46.7817    10.9855 0.0000e+00
 127.321670      5.028    12.8818  32.305759    26.9646      4.984  273.35317  273.51161    46.8440    10.9814 0.0000e+00
 127.321672      5.058    12.8814  32.305585    26.9649      5.012  273.35507  273.51349    43.8556    10.9248 -9.990e-29
 127.321675      5.079    12.8813  32.305933    26.9654      5.034  273.35511  273.51351    43.9023    10.9329 -9.990e-29
 127.321678      5.107    12.8810  32.305353    26.9650      5.061  273.35709  273.51549    43.9179    10.9127 -9.990e-29
 127.321681      5.130    12.8806  32.305179    26.9651      5.085  273.35931  273.51768    43.7778    10.9167 -9.990e-29
 127.321684      5.152    12.8804  32.305179    26.9653      5.106  273.36027  273.51863    43.9179    10.8722 -9.990e-29
 127.321687      5.169    12.8802  32.304541    26.9648      5.123  273.36235  273.52070    41.8790    11.1068 -9.990e-29
 127.321690      5.187    12.8799  32.303729    26.9643      5.141  273.36505  273.52339    41.8634    11.0987 -9.990e-29
 127.321693      5.209    12.8795  32.304425    26.9654      5.162  273.36574  273.52404    41.8945    11.0946 -9.990e-29
 127.321696      5.236    12.8793  32.304541    26.9650      5.189  273.36618  273.52448    42.0502    11.1108 0.0000e+00
 127.321698      5.263    12.8793  32.303555    26.9654      5.216  273.36825  273.52655    45.7700    11.4626 0.0000e+00
 127.321701      5.289    12.8793  32.304542    26.9645      5.241  273.36621  273.52451    45.6766    11.4828 0.0000e+00
 127.321704      5.316    12.8793  32.303555    26.9650      5.269  273.36797  273.52627    45.8167    11.4909 0.0000e+00
 127.321707      5.347    12.8793  32.303729    26.9645      5.299  273.36768  273.52599    45.8167    11.5313 -9.990e-29
 127.321710      5.367    12.8793  32.304194    26.9651      5.319  273.36719  273.52549    46.3926    11.0663 -9.990e-29
 127.321713      5.391    12.8792  32.304136    26.9648      5.342  273.36763  273.52592    46.2836    11.0097 -9.990e-29
 127.321716      5.420    12.8790  32.303730    26.9648      5.371  273.36899  273.52728    46.2214    11.0461 0.0000e+00
 127.321719      5.447    12.8788  32.303730    26.9648      5.398  273.37027  273.52854    46.3459    11.0461 -9.990e-29
 127.321722      5.467    12.8786  32.302511    26.9640      5.418  273.37306  273.53133    44.7584    10.8520 -9.990e-29
 127.321725      5.487    12.8784  32.303324    26.9649      5.438  273.37259  273.53084    44.9140    10.8439 -9.990e-29
 127.321727      5.505    12.8782  32.302860    26.9646      5.456  273.37436  273.53260    44.7272    10.8520 -9.990e-29
 127.321730      5.526    12.8779  32.303150    26.9650      5.476  273.37513  273.53335    44.7584    10.8480 -9.990e-29
 127.321733      5.548    12.8777  32.302744    26.9644      5.498  273.37649  273.53470    44.8050    10.8358 -9.990e-29
 127.321736      5.575    12.8774  32.302106    26.9644      5.525  273.37921  273.53740    43.6377    11.5111 0.0000e+00
 127.321739      5.604    12.8772  32.301932    26.9644      5.554  273.38017  273.53835    43.5599    11.4950 0.0000e+00
 127.321742      5.634    12.8770  32.302744    26.9648      5.583  273.38002  273.53818    43.4976    11.4869 0.0000e+00
 127.321745      5.663    12.8768  32.302106    26.9648      5.612  273.38179  273.53995    43.4976    11.4788 0.0000e+00
 127.321748      5.694    12.8770  32.301932    26.9648      5.643  273.38149  273.53966    45.2720    10.8439 0.0000e+00
 127.321751      5.721    12.8768  32.302512    26.9648      5.670  273.38111  273.53927    45.2875    10.8358 0.0000e+00
 127.321753      5.747    12.8767  32.301932    26.9651      5.695  273.38278  273.54093    45.3654    10.8358 -9.990e-29
 127.321756      5.769    12.8770  32.301932    26.9645      5.717  273.38153  273.53970    45.3031    10.8237 -9.990e-29
 127.321759      5.791    12.8769  32.302513    26.9651      5.739  273.38084  273.53900    47.0307    11.2281 -9.990e-29
 127.321762      5.809    12.8769  32.302280    26.9649      5.757  273.38126  273.53942    47.0930    11.2564 -9.990e-29
 127.321765      5.826    12.8768  32.301526    26.9642      5.773  273.38292  273.54108    47.0930    11.1957 -9.990e-29
 127.321768      5.840    12.8767  32.302107    26.9648      5.788  273.38254  273.54069    46.9373    11.2442 -9.990e-29
 127.321771      5.858    12.8767  32.301526    26.9642      5.806  273.38357  273.54172    49.0385    11.6850 -9.990e-29
 127.321774      5.886    12.8765  32.301294    26.9641      5.833  273.38463  273.54277    49.0852    11.6971 0.0000e+00
 127.321777      5.913    12.8766  32.301120    26.9642      5.860  273.38463  273.54279    48.9918    11.6527 0.0000e+00
 127.321780      5.942    12.8767  32.301701    26.9644      5.889  273.38332  273.54147    48.9296    11.6769 0.0000e+00
 127.321782      5.976    12.8765  32.302107    26.9649      5.923  273.38325  273.54140    48.9918    11.7012 0.0000e+00
 127.321785      6.006    12.8762  32.302107    26.9649      5.952  273.38454  273.54266    45.0385    10.8925 0.0000e+00
 127.321788      6.035    12.8762  32.301933    26.9650      5.981  273.38486  273.54299    44.9607    10.9248 0.0000e+00
 127.321791      6.066    12.8761  32.301933    26.9649      6.012  273.38551  273.54363    45.0541    10.9208 0.0000e+00
 127.321794      6.091    12.8761  32.301121    26.9646      6.037  273.38696  273.54508    45.1008    10.8722 0.0000e+00
 127.321797      6.117    12.8760  32.301353    26.9642      6.062  273.38688  273.54500    44.5093    10.4557 -9.990e-29
 127.321800      6.131    12.8759  32.301295    26.9645      6.077  273.38762  273.54573    44.5093    10.4800 -9.990e-29
 127.321803      6.144    12.8758  32.301527    26.9648      6.089  273.38754  273.54564    44.4626    10.4800 -9.990e-29
 127.321806      6.157    12.8757  32.300309    26.9637      6.102  273.39001  273.54812    44.5560    10.4477 -9.990e-29
 127.321808      6.170    12.8756  32.300889    26.9644      6.115  273.38963  273.54772    47.6066    11.9842 -9.990e-29
 127.321811      6.193    12.8753  32.301121    26.9650      6.138  273.39050  273.54857    47.6689    12.0085 -9.990e-29
 127.321814      6.219    12.8755  32.301528    26.9652      6.163  273.38885  273.54693    47.7155    11.9721 0.0000e+00
 127.321817      6.252    12.8755  32.301934    26.9650      6.196  273.38816  273.54624    47.9646    11.9802 0.0000e+00
 127.321820      6.281    12.8758  32.300715    26.9640      6.225  273.38906  273.54717    49.1319    11.4788 0.0000e+00
 127.321823      6.320    12.8757  32.300483    26.9640      6.263  273.38981  273.54791    48.9918    11.4788 0.0000e+00
 127.321826      6.351    12.8753  32.300484    26.9641      6.294  273.39172  273.54980    48.9451    11.5071 0.0000e+00
 127.321829      6.383    12.8753  32.301528    26.9651      6.326  273.38990  273.54797    49.0229    11.4950 0.0000e+00
 127.321832      6.416    12.8754  32.301702    26.9652      6.359  273.38930  273.54737    48.9762    11.4788 0.0000e+00
 127.321834      6.442    12.8753  32.301354    26.9652      6.384  273.39025  273.54832    48.6494    10.8520 -9.990e-29
 127.321837      6.460    12.8752  32.300890    26.9645      6.402  273.39139  273.54946    48.6961    10.8358 -9.990e-29
 127.321840      6.473    12.8752  32.301296    26.9649      6.415  273.39068  273.54875    48.8050    10.8844 -9.990e-29
 127.321843      6.485    12.8754  32.300716    26.9643      6.427  273.39108  273.54916    48.6961    10.8601 -9.990e-29
 127.321846      6.500    12.8752  32.300890    26.9646      6.442  273.39173  273.54980    49.0696    11.7578 -9.990e-29
 127.321849      6.515    12.8753  32.301296    26.9648      6.456  273.39040  273.54847    49.0696    11.7376 -9.990e-29
 127.321852      6.535    12.8750  32.300542    26.9647      6.476  273.39300  273.55106    49.0541    11.7537 -9.990e-29
 127.321855      6.564    12.8747  32.300716    26.9646      6.505  273.39429  273.55233    49.0229    11.7537 0.0000e+00
 127.321858      6.595    12.8749  32.300716    26.9647      6.536  273.39336  273.55141    48.3070    11.4626 0.0000e+00
 127.321861      6.630    12.8749  32.301123    26.9649      6.570  273.39267  273.55072    48.3070    11.5111 0.0000e+00
 127.321863      6.659    12.8749  32.301529    26.9651      6.599  273.39197  273.55002    48.3381    11.4950 0.0000e+00
 127.321866      6.692    12.8751  32.301529    26.9651      6.632  273.39105  273.54910    48.1825    11.4707 0.0000e+00
 127.321869      6.723    12.8753  32.300775    26.9650      6.662  273.39145  273.54953    46.4860    10.8399 0.0000e+00
 127.321872      6.754    12.8749  32.301297    26.9646      6.693  273.39213  273.55018    46.5015    10.8278 0.0000e+00
 127.321875      6.781    12.8752  32.300717    26.9650      6.720  273.39190  273.54998    46.5327    10.8358 -9.990e-29
 127.321878      6.803    12.8752  32.300891    26.9644      6.742  273.39161  273.54968    46.5949    10.8237 -9.990e-29
 127.321881      6.825    12.8753  32.301123    26.9646      6.764  273.39090  273.54898    46.5327    10.8318 -9.990e-29
 127.321884      6.839    12.8753  32.300079    26.9636      6.778  273.39275  273.55083    48.4159    11.1068 -9.990e-29
 127.321887      6.859    12.8755  32.300949    26.9643      6.798  273.39060  273.54868    48.3848    11.0744 -9.990e-29
