Processed/SBE19plus_01907321_2022_05_09_Cast97_wfilter.cnv
* Sea-Bird SBE19plus  Data File:
* FileName = E:\Prandtl_Daten\2022\CTD\Raw\SBE19plus_01907321_2022_05_09_Cast97.hex
* Software version 2.6.1.12
* Temperature SN = 7321
* Conductivity SN = 7321
* System UpLoad Time = May 09 2022 10:14:45
* <ApplicationData>
* <Seaterm232>
** Messpraktikum 2022
** CTD 09.05 NM
** NMEA Latitude = 54 01.446 N
** NMEA Longitude = 008 33.477 E
# nquan = 11
# nvalues = 509                         
# units = specified
# name 0 = timeJ: Julian Days
# name 1 = prdM: Pressure, Strain Gauge [db]
# name 2 = tv290C: Temperature [ITS-90, deg C]
# name 3 = c0mS/cm: Conductivity [mS/cm]
# name 4 = sal00: Salinity, Practical [PSU]
# name 5 = depSM: Depth [salt water, m], lat = 54.00
# name 6 = oxsatMm/Kg: Oxygen Saturation, Weiss [umol/kg]
# name 7 = oxsolMm/Kg: Oxygen Saturation, Garcia & Gordon [umol/kg]
# name 8 = turbWETntu0: Turbidity, WET Labs ECO [NTU]
# name 9 = flECO-AFL: Fluorescence, WET Labs ECO-AFL/FL [mg/m^3]
# name 10 = flag:  0.000e+00
# span 0 = 129.421696, 129.423166       
# span 1 =      0.659,     15.643       
# span 2 =    11.6817,    12.1499       
# span 3 =  26.913655,  30.749134       
# span 4 =    22.4815,    26.3562       
# span 5 =      0.654,     15.503       
# span 6 =  281.58147,  286.49637       
# span 7 =  281.67664,  286.66043       
# span 8 =    14.3459,   104.0735       
# span 9 =    13.5046,    21.9639       
# span 10 = 0.0000e+00, 0.0000e+00      
# interval = seconds: 0.25
# start_time = May 09 2022 10:06:03 [Instrument's time stamp, header]
# bad_flag = -9.990e-29
*END*
[from data line 263]
 129.422457      8.537    12.0963  28.480323    23.9593      8.461  283.86991  284.01555    22.7506    16.1532 -9.990e-29
 129.422459      8.557    12.0959  28.532141    24.0054      8.481  283.77638  283.92147    22.7661    16.1654 -9.990e-29
 129.422462      8.579    12.0950  28.553442    24.0257      8.502  283.74116  283.88598    22.8284    16.1411 -9.990e-29
 129.422465      8.605    12.0943  28.569048    24.0406      8.528  283.71610  283.86072    22.7194    16.1492 -9.990e-29
 129.422468      8.629    12.0939  28.575137    24.0425      8.552  283.70691  283.85144    26.0191    16.2988 -9.990e-29
 129.422471      8.658    12.0940  28.570875    24.0412      8.580  283.71412  283.85870    26.0657    16.3028 0.0000e+00
 129.422474      8.691    12.0946  28.568440    24.0398      8.613  283.71559  283.86024    25.9568    16.2745 0.0000e+00
 129.422477      8.722    12.0955  28.567001    24.0398      8.644  283.71422  283.85893    25.9257    16.2907 0.0000e+00
 129.422480      8.753    12.0968  28.575303    24.0448      8.675  283.69252  283.83723    26.0035    17.4391 0.0000e+00
 129.422483      8.782    12.0983  28.593903    24.0610      8.703  283.65082  283.79545    26.0813    17.4148 0.0000e+00
 129.422486      8.811    12.1000  28.616164    24.0806      8.732  283.60171  283.74621    25.9879    17.3946 0.0000e+00
 129.422488      8.837    12.1010  28.620428    24.0823      8.758  283.58915  283.73367    25.9879    17.4148 0.0000e+00
 129.422491      8.864    12.1018  28.649289    24.0839      8.785  283.53192  283.67620    31.6844    17.8435 -9.990e-29
 129.422494      8.887    12.1025  28.665303    24.1255      8.807  283.49905  283.64322    31.4354    17.8920 -9.990e-29
 129.422497      8.915    12.1032  28.666855    24.1339      8.836  283.49318  283.63737    31.6066    17.8516 0.0000e+00
 129.422500      8.945    12.1038  28.685589    24.1424      8.865  283.45564  283.59968    31.6377    17.8677 0.0000e+00
 129.422503      8.972    12.1046  28.710926    24.1654      8.892  283.40526  283.54909    31.6222    17.8677 0.0000e+00
 129.422506      9.012    12.1053  28.723625    24.1767      8.932  283.37852  283.52227    35.2019    18.8827 0.0000e+00
 129.422509      9.047    12.1059  28.727951    24.1803      8.966  283.36755  283.51129    35.3264    18.8908 0.0000e+00
 129.422512      9.085    12.1060  28.760238    24.2101      9.004  283.30741  283.45083    35.3109    18.9353 0.0000e+00
 129.422514      9.120    12.1060  28.801365    24.2483      9.039  283.23166  283.37467    35.3109    18.9029 0.0000e+00
 129.422517      9.155    12.1060  28.818078    24.2638      9.073  283.20089  283.34373    37.3342    18.6805 0.0000e+00
 129.422520      9.188    12.1057  28.827407    24.2726      9.105  283.18507  283.32779    37.3342    18.6765 0.0000e+00
 129.422523      9.221    12.1055  28.829851    24.2750      9.138  283.18159  283.32428    37.2253    18.6926 0.0000e+00
 129.422526      9.246    12.1053  28.848847    24.2839      9.163  283.14762  283.29010    37.1786    18.6926 0.0000e+00
 129.422529      9.275    12.1051  28.852514    24.2927      9.192  283.14189  283.28432    38.3615    18.1831 -9.990e-29
 129.422532      9.299    12.1052  28.857959    24.3013      9.216  283.13154  283.27392    38.5638    18.1791 -9.990e-29
 129.422535      9.319    12.1055  28.856681    24.2999      9.236  283.13256  283.27497    38.5171    18.1791 -9.990e-29
 129.422538      9.334    12.1060  28.873794    24.3154      9.250  283.09836  283.24063    38.4393    18.1710 -9.990e-29
 129.422541      9.354    12.1058  28.891190    24.3388      9.270  283.06734  283.20942    39.9490    18.7533 -9.990e-29
 129.422543      9.379    12.1055  28.898694    24.3445      9.295  283.05521  283.19719    40.1047    18.7331 0.0000e+00
 129.422546      9.407    12.1048  28.910535    24.3503      9.322  283.03676  283.17858    39.9957    18.7492 0.0000e+00
 129.422549      9.441    12.1040  28.926605    24.3542      9.357  283.01087  283.15247    40.0268    18.7573 0.0000e+00
 129.422552      9.479    12.1032  28.913761    24.3657      9.394  283.03824  283.17993    40.0113    18.7897 0.0000e+00
 129.422555      9.525    12.1032  28.934057    24.3731      9.440  283.00121  283.14269    40.4938    18.9595 0.0000e+00
 129.422558      9.570    12.1029  28.951745    24.3897      9.485  282.97000  283.11128    40.5093    18.9636 0.0000e+00
 129.422561      9.607    12.1019  28.962370    24.4002      9.521  282.95513  283.09624    40.4626    18.9636 0.0000e+00
 129.422564      9.645    12.1012  28.970605    24.4083      9.559  282.94334  283.08432    40.5249    18.9555 0.0000e+00
 129.422567      9.680    12.1005  28.971718    24.4097      9.593  282.94465  283.08558    40.4159    18.3570 0.0000e+00
 129.422569      9.707    12.1004  28.973665    24.4107      9.620  282.94175  283.08265    40.4315    18.3772 0.0000e+00
 129.422572      9.736    12.1001  28.975891    24.4116      9.649  282.93901  283.07987    40.5249    18.3489 -9.990e-29
 129.422575      9.753    12.1001  28.979675    24.4173      9.665  282.93171  283.07254    40.3381    18.3772 -9.990e-29
 129.422578      9.769    12.1003  28.984350    24.4216      9.682  282.92244  283.06323    43.2331    18.4500 -9.990e-29
 129.422581      9.780    12.1001  28.987466    24.4246      9.692  282.91738  283.05812    43.2019    18.4217 -9.990e-29
 129.422584      9.798    12.0997  28.987578    24.4249      9.711  282.91919  283.05991    43.1864    18.4500 -9.990e-29
 129.422587      9.824    12.0994  28.988914    24.4264      9.736  282.91842  283.05910    43.0619    18.4379 -9.990e-29
 129.422590      9.848    12.0991  28.989637    24.4275      9.759  282.91844  283.05909    45.4276    19.3841 -9.990e-29
 129.422593      9.882    12.0991  28.989971    24.4281      9.794  282.91785  283.05850    45.3809    19.4003 0.0000e+00
 129.422595      9.919    12.0995  28.991530    24.4287      9.830  282.91299  283.05365    45.3031    19.4003 0.0000e+00
 129.422598      9.961    12.0999  28.996261    24.4328      9.871  282.90229  283.04294    45.3031    19.3679 0.0000e+00
 129.422601     10.003    12.1000  29.001604    24.4377      9.913  282.89214  283.03273    45.3809    19.3922 0.0000e+00
 129.422604     10.043    12.0999  29.006447    24.4423      9.953  282.88391  283.02445    42.5327    19.1657 0.0000e+00
 129.422607     10.082    12.0997  29.013239    24.4487      9.992  282.87243  283.01288    42.5638    19.1577 0.0000e+00
 129.422610     10.114    12.0990  29.022259    24.4531     10.023  282.85884  282.99916    42.4548    19.1657 0.0000e+00
 129.422613     10.141    12.0981  29.025098    24.4575     10.050  282.85798  282.99821    42.5638    19.1860 -9.990e-29
 129.422616     10.160    12.0978  29.024764    24.4606     10.069  282.85994  283.00016    45.5521    18.8099 -9.990e-29
 129.422619     10.180    12.0977  29.028885    24.4645     10.089  282.85303  282.99320    45.5677    18.8342 -9.990e-29
 129.422622     10.203    12.0973  29.032115    24.4707     10.112  282.84910  282.98921    45.5054    18.8018 -9.990e-29
 129.422624     10.232    12.0967  29.034955    24.4706     10.141  282.84656  282.98660    45.6299    18.8827 0.0000e+00
 129.422627     10.263    12.0964  29.034565    24.4707     10.171  282.84864  282.98866    47.7934    19.8410 0.0000e+00
 129.422630     10.296    12.0966  29.035122    24.4710     10.204  282.84696  282.98699    47.7311    19.8612 0.0000e+00
 129.422633     10.331    12.0972  29.036236    24.4716     10.238  282.84192  282.98198    47.9023    19.8693 0.0000e+00
 129.422636     10.367    12.0979  29.040246    24.4748     10.274  282.83122  282.97128    47.9023    19.8774 0.0000e+00
 129.422639     10.396    12.0981  29.050995    24.4847     10.303  282.81043  282.95040    48.1202    20.2454 0.0000e+00
 129.422642     10.427    12.0974  29.055618    24.4894     10.334  282.80527  282.94515    48.0268    20.2171 0.0000e+00
 129.422645     10.458    12.0966  29.060075    24.4941     10.365  282.80109  282.94087    48.0735    20.2333 0.0000e+00
 129.422648     10.488    12.0957  29.071217    24.4995     10.394  282.78493  282.92453    48.1047    20.2494 0.0000e+00
 129.422650     10.518    12.0942  29.074839    24.5050     10.424  282.78529  282.92476    47.9490    20.2373 -9.990e-29
 129.422653     10.541    12.0929  29.073947    24.5093     10.446  282.79296  282.93236    48.3070    19.2790 -9.990e-29
 129.422656     10.559    12.0928  29.075953    24.5200     10.464  282.78994  282.92931    48.2914    19.2507 -9.990e-29
 129.422659     10.586    12.0923  29.085036    24.5228     10.491  282.77556  282.91481    48.2447    19.2668 0.0000e+00
 129.422662     10.611    12.0912  29.090107    24.5255     10.516  282.77157  282.91070    48.2603    19.2668 0.0000e+00
 129.422665     10.646    12.0897  29.095848    24.5316     10.551  282.76836  282.90733    48.7895    19.5378 0.0000e+00
 129.422668     10.683    12.0883  29.094677    24.5318     10.587  282.77688  282.91578    48.8517    19.5418 0.0000e+00
 129.422671     10.717    12.0877  29.098245    24.5353     10.621  282.77334  282.91216    48.7584    19.5337 0.0000e+00
 129.422674     10.757    12.0872  29.103818    24.5408     10.661  282.76542  282.90416    48.8050    19.5216 0.0000e+00
 129.422677     10.784    12.0860  29.106828    24.5443     10.688  282.76557  282.90420    50.1903    19.8532 0.0000e+00
 129.422679     10.812    12.0849  29.111344    24.5493     10.715  282.76260  282.90111    50.1280    19.8572 0.0000e+00
 129.422682     10.843    12.0838  29.111734    24.5498     10.746  282.76724  282.90568    50.0191    19.8168 0.0000e+00
 129.422685     10.870    12.0829  29.113072    24.5503     10.773  282.76880  282.90717    49.9412    19.8774 -9.990e-29
 129.422688     10.892    12.0820  29.114020    24.5536     10.795  282.77140  282.90970    48.5716    19.7238 -9.990e-29
 129.422691     10.918    12.0818  29.111177    24.5511     10.820  282.77800  282.91631    48.5716    19.7278 -9.990e-29
 129.422694     10.942    12.0820  29.116696    24.5592     10.844  282.76684  282.90510    48.6183    19.7076 -9.990e-29
 129.422697     10.971    12.0813  29.119539    24.5600     10.873  282.76462  282.90282    48.5716    19.7561 0.0000e+00
 129.422700     11.000    12.0808  29.120877    24.5607     10.901  282.76450  282.90266    48.6027    19.7238 0.0000e+00
 129.422703     11.033    12.0802  29.121045    24.5613     10.934  282.76722  282.90533    49.9568    20.9207 0.0000e+00
 129.422705     11.071    12.0795  29.122383    24.5630     10.972  282.76811  282.90617    50.0969    20.9692 0.0000e+00
 129.422708     11.104    12.0792  29.123219    24.5639     11.005  282.76792  282.90595    50.0969    20.9490 0.0000e+00
 129.422711     11.139    12.0790  29.123665    24.5645     11.039  282.76846  282.90646    50.0035    20.9449 0.0000e+00
 129.422714     11.170    12.0788  29.126174    24.5661     11.070  282.76485  282.90282    49.8323    20.0270 0.0000e+00
 129.422717     11.203    12.0787  29.125227    24.5670     11.102  282.76695  282.90493    49.7700    20.0553 0.0000e+00
 129.422720     11.234    12.0788  29.126732    24.5661     11.133  282.76387  282.90183    49.6922    20.0432 0.0000e+00
 129.422723     11.259    12.0788  29.123498    24.5660     11.158  282.76951  282.90751    49.8478    20.0351 0.0000e+00
 129.422726     11.285    12.0789  29.127123    24.5644     11.184  282.76251  282.90048    49.6455    20.5568 -9.990e-29
 129.422729     11.308    12.0790  29.126119    24.5675     11.207  282.76371  282.90169    49.4899    20.5608 -9.990e-29
 129.422731     11.336    12.0792  29.127123    24.5679     11.234  282.76087  282.89886    49.6299    20.5406 0.0000e+00
 129.422734     11.361    12.0790  29.127680    24.5682     11.260  282.76120  282.89916    49.5366    20.5648 0.0000e+00
 129.422737     11.398    12.0790  29.129019    24.5694     11.296  282.75875  282.89670    49.0696    21.4949 0.0000e+00
 129.422740     11.431    12.0784  29.130134    24.5708     11.328  282.75939  282.89729    48.9296    21.5191 0.0000e+00
 129.422743     11.471    12.0779  29.130301    24.5712     11.368  282.76144  282.89931    49.0696    21.4908 0.0000e+00
 129.422746     11.508    12.0780  29.130970    24.5718     11.404  282.75989  282.89776    49.0852    21.5191 0.0000e+00
 129.422749     11.546    12.0778  29.133145    24.5739     11.442  282.75658  282.89441    49.0229    21.4868 0.0000e+00
 129.422752     11.579    12.0767  29.141342    24.5781     11.475  282.74682  282.88450    49.8012    19.4811 0.0000e+00
 129.422755     11.606    12.0747  29.141454    24.5823     11.502  282.75630  282.89385    49.8945    19.4811 -9.990e-29
 129.422758     11.629    12.0731  29.150266    24.5929     11.525  282.74774  282.88510    49.8790    19.4811 -9.990e-29
 129.422760     11.649    12.0711  29.150991    24.5949     11.545  282.75575  282.89298    49.7389    19.4811 -9.990e-29
 129.422763     11.671    12.0701  29.157684    24.6018     11.567  282.74842  282.88551    51.7467    19.9745 -9.990e-29
 129.422766     11.684    12.0687  29.161812    24.6065     11.580  282.74748  282.88444    51.8089    19.9583 -9.990e-29
 129.422769     11.701    12.0663  29.169622    24.6153     11.596  282.74442  282.88115    51.7934    19.9704 -9.990e-29
 129.422772     11.724    12.0632  29.180390    24.6385     11.619  282.73957  282.87598    51.7778    19.9906 -9.990e-29
 129.422775     11.750    12.0593  29.189541    24.6467     11.645  282.74136  282.87743    58.0969    21.0784 0.0000e+00
 129.422778     11.794    12.0545  29.203828    24.6549     11.688  282.73767  282.87329    58.0657    21.0824 0.0000e+00
 129.422781     11.836    12.0494  29.207847    24.6620     11.730  282.75459  282.88984    58.1436    21.0824 0.0000e+00
 129.422784     11.884    12.0456  29.220183    24.6759     11.778  282.74982  282.88470    58.0191    21.0824 0.0000e+00
 129.422786     11.939    12.0420  29.235201    24.6923     11.832  282.73943  282.87392    54.5015    19.9583 0.0000e+00
 129.422789     11.985    12.0371  29.248156    24.7076     11.878  282.73883  282.87287    54.5327    19.7319 0.0000e+00
 129.422792     12.027    12.0323  29.258656    24.7205     11.919  282.74241  282.87604    54.5015    19.7319 0.0000e+00
 129.422795     12.058    12.0284  29.261673    24.7232     11.950  282.75549  282.88882    54.5482    19.6955 0.0000e+00
 129.422798     12.087    12.0259  29.260109    24.7259     11.979  282.77037  282.90356    54.5949    19.7319 -9.990e-29
 129.422801     12.100    12.0248  29.269660    24.7357     11.991  282.75771  282.89074    56.2603    20.6781 -9.990e-29
 129.422804     12.107    12.0230  29.280386    24.7469     11.999  282.74654  282.87934    56.3381    20.6902 -9.990e-29
 129.422807     12.115    12.0194  29.298322    24.7660     12.006  282.73068  282.86305    56.2603    20.7023 -9.990e-29
 129.422810     12.117    12.0147  29.313970    24.7836     12.008  282.72401  282.85592    56.3692    20.6942 -9.990e-29
 129.422812     12.133    12.0091  29.323137    24.8079     12.024  282.73364  282.86510    57.3031    20.8802 -9.990e-29
 129.422815     12.160    12.0038  29.332250    24.8190     12.051  282.74238  282.87339    57.3498    20.8398 0.0000e+00
 129.422818     12.191    11.9989  29.352546    24.8300     12.082  282.72776  282.85824    57.2564    20.8924 0.0000e+00
 129.422821     12.240    11.9935  29.374246    24.8539     12.131  282.71351  282.84342    57.2408    20.8843 0.0000e+00
 129.422824     12.291    11.9885  29.384707    24.8669     12.181  282.71807  282.84754    56.5560    20.2939 0.0000e+00
 129.422827     12.352    11.9844  29.401940    24.8857     12.241  282.70577  282.83480    56.5716    20.3060 0.0000e+00
 129.422830     12.403    11.9802  29.422982    24.9081     12.291  282.68673  282.81526    56.5249    20.3182 0.0000e+00
