Processed/SBE19plus_01907321_2022_05_06_Cast55_wfilter.cnv
* Sea-Bird SBE19plus  Data File:
* FileName = E:\Prandtl Daten\2022\CTD\Raw\SBE19plus_01907321_2022_05_06_Cast55.hex
* Software version 2.6.1.12
* Temperature SN = 7321
* Conductivity SN = 7321
* System UpLoad Time = May 06 2022 13:46:39
* <ApplicationData>
* <Seaterm232>
** Messpraktikum 2022
** CTD 06.05 BW2
** NMEA Latitude = 54 07,910 N
** NMEA Longitude = 008 45,080 E
# nquan = 11
# nvalues = 637                         
# units = specified
# name 0 = timeJ: Julian Days
# name 1 = prdM: Pressure, Strain Gauge [db]
# name 2 = tv290C: Temperature [ITS-90, deg C]
# name 3 = c0mS/cm: Conductivity [mS/cm]
# name 4 = sal00: Salinity, Practical [PSU]
# name 5 = depSM: Depth [salt water, m], lat = 54.00
# name 6 = oxsatMm/Kg: Oxygen Saturation, Weiss [umol/kg]
# name 7 = oxsolMm/Kg: Oxygen Saturation, Garcia & Gordon [umol/kg]
# name 8 = turbWETntu0: Turbidity, WET Labs ECO [NTU]
# name 9 = flECO-AFL: Fluorescence, WET Labs ECO-AFL/FL [mg/m^3]
# name 10 = flag:  0.000e+00
# span 0 = 126.568539, 126.570379       
# span 1 =      0.610,     17.300       
# span 2 =    12.3112,    12.5447       
# span 3 =  31.664330,  32.684681       
# span 4 =    26.7253,    27.5566       
# span 5 =      0.604,     17.145       
# span 6 =  274.17950,  276.94415       
# span 7 =  274.31203,  277.07194       
# span 8 =    14.0191,    25.0541       
# span 9 =     6.0967,     8.8949       
# span 10 = 0.0000e+00, 0.0000e+00      
# interval = seconds: 0.25
# start_time = May 06 2022 13:37:28 [Instrument's time stamp, header]
# bad_flag = -9.990e-29
*END*
[from data line 263]
 126.569300      7.493    12.3623  31.939676    26.9954      7.426  276.31461  276.44244    15.1864     6.3757 -9.990e-29
 126.569303      7.513    12.3663  31.986135    27.0359      7.446  276.21264  276.34028    15.1708     6.4323 -9.990e-29
 126.569306      7.537    12.3726  32.014404    27.0578      7.469  276.13347  276.26124    15.0307     6.4161 -9.990e-29
 126.569308      7.561    12.3798  32.045922    27.0858      7.493  276.04436  276.17230    15.5910     6.6628 -9.990e-29
 126.569311      7.588    12.3868  32.055351    27.0915      7.520  275.99611  276.12442    15.5910     6.6830 0.0000e+00
 126.569314      7.621    12.3922  32.071666    27.0971      7.552  275.94239  276.07090    15.6844     6.6709 0.0000e+00
 126.569317      7.652    12.3966  32.093367    27.0993      7.583  275.88338  276.01198    15.5443     6.7113 0.0000e+00
 126.569320      7.686    12.4008  32.080634    27.1123      7.618  275.88776  276.01676    15.2486     6.6102 0.0000e+00
 126.569323      7.719    12.4029  32.096202    27.1123      7.650  275.85024  275.97923    15.4510     6.3110 0.0000e+00
 126.569326      7.750    12.4048  32.109863    27.1180      7.681  275.81743  275.94640    15.3576     6.2625 0.0000e+00
 126.569329      7.776    12.4071  32.115710    27.1237      7.706  275.79650  275.92557    15.3420     6.3312 -9.990e-29
 126.569332      7.800    12.4091  32.114494    27.1249      7.730  275.78988  275.91909    15.3887     6.2908 -9.990e-29
 126.569334      7.818    12.4101  32.120341    27.1297      7.748  275.77494  275.90416    15.9023     6.5779 -9.990e-29
 126.569337      7.836    12.4108  32.124973    27.1334      7.766  275.76313  275.89236    15.8556     6.5213 -9.990e-29
 126.569340      7.854    12.4124  32.146919    27.1528      7.784  275.71666  275.84577    15.9179     6.5334 -9.990e-29
 126.569343      7.872    12.4149  32.154680    27.1582      7.802  275.69166  275.82086    16.1202     6.5617 -9.990e-29
 126.569346      7.898    12.4172  32.156418    27.1628      7.827  275.67814  275.80748    17.1319     6.7396 0.0000e+00
 126.569349      7.927    12.4188  32.167713    27.1675      7.856  275.65057  275.77990    16.9607     6.6830 0.0000e+00
 126.569352      7.958    12.4205  32.169741    27.1675      7.887  275.63969  275.76911    17.1475     6.7154 0.0000e+00
 126.569355      7.989    12.4217  32.167307    27.1676      7.918  275.63842  275.76796    17.1786     6.7073 0.0000e+00
 126.569358      8.022    12.4223  32.170552    27.1672      7.950  275.63008  275.75962    17.0852     6.3717 0.0000e+00
 126.569361      8.051    12.4227  32.170320    27.1676      7.979  275.62894  275.75851    17.0229     6.3151 0.0000e+00
 126.569363      8.084    12.4230  32.173970    27.1688      8.012  275.62082  275.75037    17.2253     6.4242 0.0000e+00
 126.569366      8.111    12.4237  32.168872    27.1703      8.039  275.62687  275.75652    17.1319     6.4161 -9.990e-29
 126.569369      8.135    12.4236  32.171131    27.1672      8.062  275.62344  275.75306    16.9607     6.3231 -9.990e-29
 126.569372      8.157    12.4237  32.174375    27.1701      8.084  275.61698  275.74658    16.0580     6.6426 -9.990e-29
 126.569375      8.173    12.4243  32.183472    27.1782      8.100  275.59778  275.72733    15.9023     6.5779 -9.990e-29
 126.569378      8.195    12.4254  32.183472    27.1774      8.122  275.59307  275.72269    15.9646     6.5617 -9.990e-29
 126.569381      8.215    12.4263  32.182023    27.1754      8.142  275.59191  275.72160    15.8401     6.6143 -9.990e-29
 126.569384      8.238    12.4268  32.176403    27.1698      8.164  275.59984  275.72962    15.8868     7.1197 -9.990e-29
 126.569387      8.261    12.4261  32.173159    27.1663      8.187  275.60853  275.73830    15.8556     7.1642 -9.990e-29
 126.569389      8.296    12.4255  32.171769    27.1651      8.221  275.61358  275.74333    15.8868     7.1723 0.0000e+00
 126.569392      8.329    12.4249  32.168698    27.1644      8.254  275.62197  275.75170    15.7934     7.1925 0.0000e+00
 126.569395      8.363    12.4243  32.168699    27.1639      8.288  275.62483  275.75452    15.5910     6.8326 0.0000e+00
 126.569398      8.396    12.4239  32.165686    27.1618      8.321  275.63216  275.76186    15.3887     6.7720 0.0000e+00
 126.569401      8.429    12.4234  32.160068    27.1569      8.353  275.64419  275.77392    15.3887     6.8407 0.0000e+00
 126.569404      8.458    12.4229  32.158620    27.1564      8.382  275.64934  275.77904    15.4510     6.7882 0.0000e+00
 126.569407      8.485    12.4225  32.160474    27.1559      8.409  275.64760  275.77725    15.5443     6.9944 -9.990e-29
 126.569410      8.507    12.4224  32.160416    27.1580      8.431  275.64835  275.77799    15.3109     7.0308 -9.990e-29
 126.569413      8.531    12.4224  32.158041    27.1557      8.455  275.65264  275.78231    15.4043     6.9701 -9.990e-29
 126.569416      8.551    12.4224  32.158041    27.1557      8.474  275.65265  275.78232    15.3731     6.9782 -9.990e-29
 126.569418      8.565    12.4223  32.156187    27.1540      8.489  275.65632  275.78600    15.5288     6.9459 -9.990e-29
 126.569421      8.586    12.4222  32.157809    27.1554      8.509  275.65372  275.78339    14.1747     7.2572 -9.990e-29
 126.569424      8.611    12.4224  32.157809    27.1553      8.534  275.65279  275.78247    14.1591     7.2491 0.0000e+00
 126.569427      8.642    12.4224  32.157636    27.1554      8.565  275.65344  275.78312    14.0191     7.2734 0.0000e+00
 126.569430      8.671    12.4223  32.158041    27.1557      8.594  275.65305  275.78271    14.0657     7.2532 0.0000e+00
 126.569433      8.707    12.4224  32.160069    27.1575      8.630  275.64879  275.77845    16.7739     7.1885 0.0000e+00
 126.569436      8.742    12.4225  32.161227    27.1575      8.664  275.64641  275.77606    16.7584     7.1602 0.0000e+00
 126.569439      8.770    12.4227  32.159258    27.1566      8.691  275.64935  275.77902    16.7584     7.1683 0.0000e+00
 126.569442      8.799    12.4227  32.158853    27.1564      8.720  275.65010  275.77978    16.7272     7.1602 0.0000e+00
 126.569444      8.828    12.4225  32.158447    27.1562      8.749  275.65148  275.78115    16.0580     6.8165 -9.990e-29
 126.569447      8.848    12.4224  32.157405    27.1550      8.769  275.65400  275.78368    15.8245     6.8650 -9.990e-29
 126.569450      8.863    12.4222  32.153987    27.1519      8.784  275.66079  275.79050    15.7000     6.8569 -9.990e-29
 126.569453      8.881    12.4220  32.150339    27.1487      8.801  275.66832  275.79805    15.9179     6.8124 -9.990e-29
 126.569456      8.896    12.4214  32.149470    27.1483      8.816  275.67273  275.80242    15.5443     7.3704 -9.990e-29
 126.569459      8.917    12.4207  32.148138    27.1487      8.838  275.67830  275.80796    15.3109     7.2896 -9.990e-29
 126.569462      8.943    12.4201  32.148949    27.1484      8.863  275.67938  275.80899    15.4354     7.3138 0.0000e+00
 126.569465      8.974    12.4195  32.147733    27.1480      8.894  275.68411  275.81369    15.4821     7.2855 0.0000e+00
 126.569468      9.007    12.4195  32.144548    27.1455      8.926  275.69018  275.81980    15.4354     7.2734 0.0000e+00
 126.569470      9.041    12.4193  32.144895    27.1455      8.960  275.69053  275.82012    17.5054     7.5443 0.0000e+00
 126.569473      9.078    12.4191  32.145533    27.1462      8.996  275.69003  275.81961    17.7233     7.5928 0.0000e+00
 126.569476      9.109    12.4190  32.148544    27.1491      9.027  275.68494  275.81449    17.4276     7.5605 0.0000e+00
 126.569479      9.140    12.4190  32.148892    27.1493      9.058  275.68465  275.81419    17.6611     7.6131 0.0000e+00
 126.569482      9.167    12.4193  32.148950    27.1494      9.085  275.68331  275.81286    17.4899     6.8407 -9.990e-29
 126.569485      9.187    12.4193  32.149587    27.1499      9.105  275.68217  275.81172    17.2875     6.8407 -9.990e-29
 126.569488      9.209    12.4192  32.149587    27.1499      9.126  275.68250  275.81205    17.1475     6.8407 -9.990e-29
 126.569491      9.227    12.4195  32.149761    27.1498      9.145  275.68062  275.81019    17.3654     6.8124 -9.990e-29
 126.569494      9.245    12.4196  32.148139    27.1482      9.163  275.68324  275.81283    18.9062     7.7344 -9.990e-29
 126.569497      9.267    12.4195  32.146344    27.1466      9.184  275.68681  275.81641    18.7039     7.7101 -9.990e-29
 126.569499      9.291    12.4193  32.146923    27.1475      9.208  275.68704  275.81662    18.8595     7.6778 -9.990e-29
 126.569502      9.322    12.4189  32.146807    27.1479      9.239  275.68884  275.81840    18.8595     7.7142 0.0000e+00
 126.569505      9.355    12.4189  32.147734    27.1483      9.271  275.68720  275.81674    17.2097     7.1844 0.0000e+00
 126.569508      9.382    12.4188  32.150340    27.1508      9.298  275.68283  275.81235    17.0696     7.2006 0.0000e+00
 126.569511      9.415    12.4190  32.150978    27.1513      9.331  275.68108  275.81060    17.0852     7.2127 0.0000e+00
 126.569514      9.448    12.4190  32.153179    27.1533      9.363  275.67682  275.80632    17.1786     7.2572 0.0000e+00
 126.569517      9.477    12.4193  32.155785    27.1544      9.392  275.67120  275.80069    17.0074     7.1723 0.0000e+00
 126.569520      9.506    12.4196  32.158044    27.1555      9.421  275.66557  275.79506    17.0385     7.2249 -9.990e-29
 126.569523      9.526    12.4199  32.159029    27.1581      9.441  275.66255  275.79205    16.8206     7.2653 -9.990e-29
 126.569525      9.550    12.4202  32.157523    27.1565      9.465  275.66402  275.79355    16.7895     7.2208 -9.990e-29
 126.569528      9.570    12.4203  32.156596    27.1555      9.484  275.66507  275.79462    17.0074     7.2815 -9.990e-29
 126.569531      9.588    12.4205  32.155785    27.1546      9.502  275.66560  275.79517    16.8206     7.2127 -9.990e-29
 126.569534      9.612    12.4203  32.155032    27.1540      9.526  275.66792  275.79749    16.9918     7.2532 -9.990e-29
 126.569537      9.634    12.4200  32.154395    27.1546      9.548  275.67066  275.80021    17.0074     7.2936 -9.990e-29
 126.569540      9.667    12.4195  32.155033    27.1548      9.580  275.67142  275.80094    16.7895     7.2855 0.0000e+00
 126.569543      9.696    12.4195  32.155438    27.1550      9.609  275.67102  275.80053    16.4626     7.1683 0.0000e+00
 126.569546      9.729    12.4195  32.157408    27.1568      9.641  275.66750  275.79699    16.2603     7.1966 0.0000e+00
 126.569549      9.760    12.4195  32.160999    27.1601      9.672  275.66073  275.79019    16.5249     7.1440 0.0000e+00
 126.569552      9.789    12.4198  32.162447    27.1613      9.701  275.65720  275.78666    16.2914     7.1925 0.0000e+00
 126.569554      9.820    12.4202  32.163258    27.1613      9.732  275.65355  275.78303    16.5716     6.9297 0.0000e+00
 126.569557      9.847    12.4203  32.161636    27.1601      9.759  275.65618  275.78568    16.6494     6.9903 0.0000e+00
 126.569560      9.873    12.4203  32.159667    27.1592      9.784  275.65974  275.78926    16.7428     6.9620 0.0000e+00
 126.569563      9.898    12.4201  32.160478    27.1583      9.810  275.65924  275.78874    16.4938     6.9620 -9.990e-29
 126.569566      9.916    12.4201  32.159667    27.1584      9.828  275.66072  275.79022    16.4938     6.9863 -9.990e-29
 126.569569      9.936    12.4200  32.159841    27.1586      9.847  275.66073  275.79023    16.8050     7.2936 -9.990e-29
 126.569572      9.954    12.4198  32.159841    27.1588      9.865  275.66169  275.79118    16.7428     7.2815 -9.990e-29
 126.569575      9.978    12.4197  32.159436    27.1591      9.889  275.66307  275.79255    17.1163     7.2977 -9.990e-29
 126.569578     10.007    12.4197  32.160073    27.1598      9.918  275.66194  275.79141    16.7895     7.2774 0.0000e+00
 126.569580     10.035    12.4198  32.161637    27.1605      9.945  275.65882  275.78829    15.7467     6.5698 0.0000e+00
 126.569583     10.066    12.4202  32.167314    27.1654      9.976  275.64673  275.77616    16.0424     6.6264 0.0000e+00
 126.569586     10.097    12.4207  32.171543    27.1658     10.006  275.63661  275.76604    15.9179     6.5738 0.0000e+00
 126.569589     10.126    12.4218  32.168936    27.1674     10.035  275.63660  275.76613    15.9179     6.6668 0.0000e+00
 126.569592     10.159    12.4227  32.171948    27.1658     10.068  275.62710  275.75666    15.2953     6.6224 -9.990e-29
 126.569595     10.184    12.4234  32.176178    27.1688     10.093  275.61635  275.74592    15.4354     6.6749 -9.990e-29
 126.569598     10.210    12.4243  32.174150    27.1688     10.119  275.61592  275.74557    15.3576     6.6911 0.0000e+00
 126.569601     10.237    12.4250  32.168704    27.1688     10.146  275.62291  275.75266    15.3109     6.6952 -9.990e-29
 126.569604     10.257    12.4248  32.171369    27.1658     10.166  275.61876  275.74847    15.1708     6.8326 -9.990e-29
 126.569606     10.276    12.4250  32.173745    27.1679     10.184  275.61386  275.74356    15.2175     6.8892 -9.990e-29
 126.569609     10.296    12.4253  32.174961    27.1688     10.204  275.61011  275.73982    15.0930     6.8690 -9.990e-29
 126.569612     10.318    12.4260  32.170558    27.1537     10.225  275.61522  275.74501    15.1708     6.8326 -9.990e-29
 126.569615     10.343    12.4264  32.159668    27.1531     10.251  275.63296  275.76289    15.1241     6.8043 0.0000e+00
 126.569618     10.374    12.4256  32.157757    27.1537     10.282  275.63988  275.76978    14.6416     7.7910 0.0000e+00
 126.569621     10.404    12.4246  32.160479    27.1558     10.311  275.63973  275.76953    14.4548     7.8314 0.0000e+00
 126.569624     10.437    12.4243  32.167083    27.1621     10.343  275.62880  275.75852    14.6105     7.7950 0.0000e+00
 126.569627     10.471    12.4251  32.176005    27.1699     10.377  275.60961  275.73929    14.6883     7.7425 0.0000e+00
 126.569630     10.499    12.4263  32.183073    27.1756     10.405  275.59123  275.72092    19.5755     7.4998 0.0000e+00
 126.569633     10.531    12.4280  32.186491    27.1776     10.437  275.57785  275.70762    19.3731     7.4918 0.0000e+00
 126.569635     10.560    12.4292  32.188288    27.1780     10.466  275.56897  275.69880    19.5288     7.5241 0.0000e+00
 126.569638     10.586    12.4301  32.183305    27.1783     10.491  275.57386  275.70381    19.7622     7.5079 -9.990e-29
 126.569641     10.606    12.4302  32.184869    27.1744     10.511  275.57074  275.70068    15.9179     7.1885 -9.990e-29
 126.569644     10.626    12.4301  32.187303    27.1768     10.531  275.56700  275.69691    15.9023     7.2330 -9.990e-29
 126.569647     10.643    12.4304  32.188520    27.1776     10.547  275.56325  275.69316    15.9334     7.2047 -9.990e-29
 126.569650     10.665    12.4309  32.195183    27.1835     10.569  275.54938  275.67925    15.8245     7.2815 -9.990e-29
 126.569653     10.688    12.4318  32.198602    27.1789     10.592  275.53915  275.66905    15.8245     7.7061 -9.990e-29
 126.569656     10.715    12.4325  32.191533    27.1743     10.619  275.54874  275.67876    15.7778     7.6818 0.0000e+00
 126.569659     10.746    12.4323  32.181625    27.1698     10.650  275.56754  275.69765    16.0424     7.7222 0.0000e+00
 126.569661     10.779    12.4312  32.177164    27.1666     10.683  275.58032  275.71040    15.7622     7.7263 0.0000e+00
 126.569664     10.812    12.4300  32.176411    27.1664     10.715  275.58705  275.71706    15.9179     7.6818 0.0000e+00
 126.569667     10.841    12.4291  32.169343    27.1606     10.744  275.60389  275.73391    15.2331     6.7558 0.0000e+00
 126.569670     10.870    12.4277  32.167489    27.1602     10.773  275.61324  275.74318    15.4976     6.8084 0.0000e+00
 126.569673     10.901    12.4270  32.163493    27.1599     10.804  275.62392  275.75385    15.3887     6.7801 -9.990e-29
