Processed/SBE19plus_01907321_2022_05_11_Cast123_wfilter.cnv
* Sea-Bird SBE19plus  Data File:
* FileName = E:\Prandtl_Daten\2022\CTD\Raw\SBE19plus_01907321_2022_05_11_Cast123.hex
* Software version 2.6.1.12
* Temperature SN = 7321
* Conductivity SN = 7321
* System UpLoad Time = May 11 2022 08:13:00
* <ApplicationData>
* <Seaterm232>
** Messpraktikum 2022
** CTD 10.05  BW2
** NMEA Latitude = 54 07.84N
** NMEA Longitude = 008 44.74E
# nquan = 11
# nvalues = 752                         
# units = specified
# name 0 = timeJ: Julian Days
# name 1 = prdM: Pressure, Strain Gauge [db]
# name 2 = tv290C: Temperature [ITS-90, deg C]
# name 3 = c0mS/cm: Conductivity [mS/cm]
# name 4 = sal00: Salinity, Practical [PSU]
# name 5 = depSM: Depth [salt water, m], lat = 54.00
# name 6 = oxsatMm/Kg: Oxygen Saturation, Weiss [umol/kg]
# name 7 = oxsolMm/Kg: Oxygen Saturation, Garcia & Gordon [umol/kg]
# name 8 = turbWETntu0: Turbidity, WET Labs ECO [NTU]
# name 9 = flECO-AFL: Fluorescence, WET Labs ECO-AFL/FL [mg/m^3]
# name 10 = flag:  0.000e+00
# span 0 = 131.335475, 131.337648       
# span 1 =      0.332,     17.702       
# span 2 =    13.3145,    13.5195       
# span 3 =  31.980816,  33.008022       
# span 4 =    26.3515,    27.1512       
# span 5 =      0.330,     17.544       
# span 6 =  269.37945,  271.99198       
# span 7 =  269.57178,  272.18052       
# span 8 =    -0.1755,     9.5677       
# span 9 =     2.5626,     8.6401       
# span 10 = 0.0000e+00, 0.0000e+00      
# interval = seconds: 0.25
# start_time = May 11 2022 08:01:50 [Instrument's time stamp, header]
# bad_flag = -9.990e-29
*END*
[from data line 263]
 131.336236      6.459    13.3426  32.302060    26.6381      6.401  271.34418  271.53163     8.2914     5.8258 0.0000e+00
 131.336238      6.485    13.3423  32.299565    26.6363      6.427  271.34976  271.53721     8.1980     5.8379 -9.990e-29
 131.336241      6.503    13.3421  32.296838    26.6319      6.445  271.35541  271.54288     6.1747     5.4093 -9.990e-29
 131.336244      6.518    13.3418  32.293357    26.6289      6.459  271.36268  271.55016     6.1903     5.4457 -9.990e-29
 131.336247      6.528    13.3415  32.293357    26.6291      6.470  271.36395  271.55142     6.3770     5.4416 -9.990e-29
 131.336250      6.543    13.3413  32.295213    26.6309      6.485  271.36140  271.54884     6.2525     5.4093 -9.990e-29
 131.336253      6.565    13.3413  32.295388    26.6311      6.507  271.36143  271.54886     6.2214     5.4538 -9.990e-29
 131.336256      6.584    13.3412  32.297418    26.6353      6.525  271.35827  271.54568     6.0191     5.2637 -9.990e-29
 131.336259      6.609    13.3413  32.300029    26.6353      6.550  271.35347  271.54087     6.0969     5.2637 0.0000e+00
 131.336262      6.638    13.3414  32.305542    26.6353      6.579  271.34337  271.53073     6.0969     5.2718 -9.990e-29
 131.336264      6.662    13.3416  32.309604    26.6456      6.602  271.33577  271.52309     6.0502     5.2394 -9.990e-29
 131.336267      6.691    13.3418  32.311809    26.6456      6.631  271.33072  271.51805     6.0657     4.8876 0.0000e+00
 131.336270      6.717    13.3421  32.314652    26.6456      6.656  271.32489  271.51221     6.0191     4.8472 -9.990e-29
 131.336273      6.740    13.3421  32.318251    26.6513      6.680  271.31840  271.50569     6.1436     4.8553 -9.990e-29
 131.336276      6.759    13.3424  32.317090    26.6500      6.698  271.31914  271.50646     6.0191     4.8957 -9.990e-29
 131.336279      6.775    13.3425  32.320746    26.6533      6.714  271.31254  271.49983     5.5833     4.4226 -9.990e-29
 131.336282      6.788    13.3426  32.324171    26.6564      6.727  271.30634  271.49361     5.5988     4.4267 -9.990e-29
 131.336285      6.806    13.3429  32.326434    26.6582      6.745  271.30088  271.48814     5.6455     4.4590 -9.990e-29
 131.336288      6.830    13.3432  32.330671    26.6689      6.769  271.29233  271.47958     5.6455     4.4307 -9.990e-29
 131.336291      6.855    13.3434  32.338566    26.6739      6.794  271.27782  271.46501     6.3770     4.5601 0.0000e+00
 131.336293      6.890    13.3438  32.349770    26.6788      6.828  271.25698  271.44410     6.2836     4.5601 0.0000e+00
 131.336296      6.928    13.3442  32.350351    26.6790      6.866  271.25411  271.44125     6.4393     4.5358 0.0000e+00
 131.336299      6.965    13.3447  32.357899    26.6856      6.902  271.23924  271.42635     6.3303     4.5763 0.0000e+00
 131.336302      6.996    13.3448  32.374564    26.6932      6.933  271.20996  271.39693     6.2369     4.5439 0.0000e+00
 131.336305      7.022    13.3456  32.378630    26.7007      6.959  271.19950  271.38649     5.1786     4.7785 -9.990e-29
 131.336308      7.045    13.3463  32.381882    26.7063      6.982  271.19108  271.37807     5.1163     4.8027 -9.990e-29
 131.336311      7.067    13.3467  32.389607    26.7131      7.004  271.17622  271.36317     5.1008     4.7946 -9.990e-29
 131.336314      7.085    13.3470  32.394486    26.7173      7.022  271.16626  271.35319     5.0696     4.7906 -9.990e-29
 131.336317      7.100    13.3475  32.397914    26.7201      7.036  271.15847  271.34540     5.1941     4.3296 -9.990e-29
 131.336319      7.109    13.3478  32.403607    26.7250      7.045  271.14711  271.33401     5.2875     4.3620 -9.990e-29
 131.336322      7.121    13.3480  32.404536    26.7257      7.058  271.14457  271.33147     5.2097     4.3418 -9.990e-29
 131.336325      7.140    13.3481  32.407906    26.7287      7.076  271.13847  271.32535     5.4432     4.3539 -9.990e-29
 131.336328      7.156    13.3485  32.411973    26.7321      7.092  271.12958  271.31646     5.1163     4.0223 -9.990e-29
 131.336331      7.178    13.3487  32.414820    26.7364      7.114  271.12407  271.31093     5.1163     4.0223 -9.990e-29
 131.336334      7.207    13.3490  32.417028    26.7359      7.143  271.11902  271.30588     5.0541     4.0223 0.0000e+00
 131.336337      7.235    13.3492  32.416215    26.7355      7.170  271.11949  271.30637     5.0541     4.0587 0.0000e+00
 131.336340      7.262    13.3495  32.415401    26.7351      7.197  271.11964  271.30655     4.9296     4.0506 0.0000e+00
 131.336343      7.293    13.3498  32.417028    26.7346      7.228  271.11560  271.30251     4.9607     4.0425 -9.990e-29
 131.336345      7.317    13.3499  32.422142    26.7404      7.251  271.10650  271.29337     4.7895     4.0668 -9.990e-29
 131.336348      7.348    13.3501  32.427023    26.7447      7.282  271.09718  271.28402     4.7895     4.0668 -9.990e-29
 131.336351      7.371    13.3508  32.428185    26.7453      7.305  271.09203  271.27891     4.8206     4.0425 -9.990e-29
 131.336354      7.388    13.3514  32.428650    26.7453      7.322  271.08871  271.27562     4.4471     4.3862 -9.990e-29
 131.336357      7.409    13.3518  32.430916    26.7470      7.343  271.08293  271.26985     4.4938     4.3943 -9.990e-29
 131.336360      7.429    13.3523  32.433357    26.7489      7.363  271.07653  271.26346     4.3537     4.3701 -9.990e-29
 131.336363      7.449    13.3528  32.433357    26.7479      7.383  271.07433  271.26129     4.4315     4.3418 -9.990e-29
 131.336366      7.475    13.3534  32.433067    26.7491      7.408  271.07263  271.25962     4.6961     4.3337 0.0000e+00
 131.336369      7.506    13.3537  32.435973    26.7503      7.439  271.06639  271.25338     4.4938     4.3094 0.0000e+00
 131.336372      7.532    13.3539  32.436612    26.7505      7.465  271.06404  271.25104     4.5249     4.3175 0.0000e+00
 131.336374      7.565    13.3547  32.440855    26.7507      7.497  271.05361  271.24061     4.5871     4.3054 -9.990e-29
 131.336377      7.590    13.3552  32.444516    26.7570      7.522  271.04511  271.23212     4.8206     3.8929 -9.990e-29
 131.336380      7.618    13.3561  32.446435    26.7581      7.550  271.03804  271.22508     4.8673     3.9091 -9.990e-29
 131.336383      7.640    13.3570  32.449457    26.7602      7.571  271.02874  271.21582     4.9918     3.9212 -9.990e-29
 131.336386      7.665    13.3577  32.455735    26.7654      7.596  271.01481  271.20187     4.9607     3.9576 -9.990e-29
 131.336389      7.685    13.3589  32.458002    26.7667      7.616  271.00586  271.19298     3.4821     3.8403 -9.990e-29
 131.336392      7.698    13.3601  32.464106    26.7714      7.629  270.99032  271.17746     3.2331     3.8323 -9.990e-29
 131.336395      7.716    13.3612  32.464688    26.7711      7.647  270.98428  271.17148     3.3420     3.8403 -9.990e-29
 131.336398      7.726    13.3621  32.471432    26.7767      7.657  270.96890  271.15610     3.2331     3.8565 -9.990e-29
 131.336400      7.739    13.3632  32.475327    26.7794      7.669  270.95747  271.14471     3.2953     3.8646 -9.990e-29
 131.336403      7.762    13.3644  32.482479    26.7863      7.693  270.93983  271.12708     2.5638     3.2985 -9.990e-29
 131.336406      7.792    13.3660  32.485096    26.7899      7.722  270.92839  271.11572     2.5327     3.3147 0.0000e+00
 131.336409      7.821    13.3672  32.493819    26.7933      7.751  270.90837  271.09569     2.5949     3.2985 0.0000e+00
 131.336412      7.848    13.3689  32.494924    26.7935      7.778  270.89922  271.08664     2.5638     3.2783 0.0000e+00
 131.336415      7.879    13.3703  32.501845    26.7986      7.809  270.88135  271.06879     3.1552     3.6220 0.0000e+00
 131.336418      7.908    13.3719  32.514701    26.8039      7.838  270.85234  271.03977     3.0930     3.6584 0.0000e+00
 131.336421      7.934    13.3740  32.520285    26.8092      7.863  270.83360  271.02112     2.9840     3.6624 -9.990e-29
 131.336424      7.959    13.3763  32.524125    26.8147      7.888  270.81692  271.00454     3.0307     3.6948 -9.990e-29
 131.336427      7.985    13.3779  32.525928    26.8152      7.913  270.80721  270.99491     2.9996     3.4764 -9.990e-29
 131.336429      8.010    13.3790  32.525928    26.8144      7.939  270.80217  270.98994     2.7817     3.4764 -9.990e-29
 131.336432      8.030    13.3798  32.526975    26.8148      7.958  270.79691  270.98472     2.8128     3.4683 -9.990e-29
 131.336435      8.050    13.3804  32.526510    26.8139      7.978  270.79519  270.98305     2.8906     3.5088 -9.990e-29
 131.336438      8.065    13.3806  32.525346    26.8127      7.993  270.79625  270.98413     3.3576     3.6422 -9.990e-29
 131.336441      8.081    13.3804  32.526161    26.8136      8.009  270.79581  270.98367     3.3264     3.6826 -9.990e-29
 131.336444      8.105    13.3803  32.525114    26.8127      8.032  270.79825  270.98611     3.4043     3.6746 -9.990e-29
 131.336447      8.129    13.3805  32.526510    26.8139      8.056  270.79492  270.98278     3.3731     3.6584 -9.990e-29
 131.336450      8.150    13.3806  32.530059    26.8170      8.078  270.78821  270.97605     3.2798     3.6665 -9.990e-29
 131.336453      8.174    13.3812  32.535354    26.8224      8.101  270.77661  270.96444     2.9062     3.4077 -9.990e-29
 131.336455      8.202    13.3819  32.536984    26.8265      8.129  270.77099  270.95885     2.8906     3.4279 0.0000e+00
 131.336458      8.229    13.3828  32.546585    26.8305      8.155  270.75043  270.93826     2.6572     3.4279 0.0000e+00
 131.336461      8.255    13.3844  32.554151    26.8334      8.181  270.73051  270.91838     2.7506     3.3996 0.0000e+00
 131.336464      8.284    13.3861  32.554965    26.8362      8.210  270.72187  270.90983     2.3459     3.4562 -9.990e-29
 131.336467      8.308    13.3875  32.559913    26.8393      8.233  270.70740  270.89540     2.4237     3.4926 -9.990e-29
 131.336470      8.335    13.3887  32.566257    26.8442      8.260  270.69116  270.87919     2.2836     3.4643 -9.990e-29
 131.336473      8.357    13.3905  32.570332    26.8467      8.282  270.67661  270.86471     2.4548     3.5128 -9.990e-29
 131.336476      8.377    13.3917  32.572602    26.8479      8.302  270.66736  270.85552     2.1280     3.4198 -9.990e-29
 131.336479      8.395    13.3925  32.574639    26.8492      8.320  270.66041  270.84860     2.2214     3.4198 -9.990e-29
 131.336481      8.422    13.3935  32.577084    26.8507      8.347  270.65213  270.84035     1.9257     3.4158 -9.990e-29
 131.336484      8.442    13.3943  32.577143    26.8502      8.367  270.64857  270.83684     1.9724     3.4158 -9.990e-29
 131.336487      8.461    13.3947  32.577492    26.8502      8.385  270.64609  270.83439     2.9373     3.4117 -9.990e-29
 131.336490      8.484    13.3951  32.579355    26.8517      8.409  270.64133  270.82963     2.8440     3.4198 -9.990e-29
 131.336493      8.503    13.3952  32.580985    26.8530      8.426  270.63791  270.82621     2.7817     3.3834 -9.990e-29
 131.336496      8.526    13.3956  32.582033    26.8537      8.450  270.63455  270.82287     2.7506     3.4319 -9.990e-29
 131.336499      8.548    13.3960  32.581567    26.8530      8.471  270.63347  270.82182     2.8128     3.4238 -9.990e-29
 131.336502      8.571    13.3964  32.580578    26.8518      8.495  270.63360  270.82198     2.9840     3.4885 -9.990e-29
 131.336505      8.599    13.3965  32.579937    26.8511      8.522  270.63409  270.82248     2.7194     3.5128 -9.990e-29
 131.336508      8.622    13.3963  32.577667    26.8492      8.545  270.63894  270.82734     2.7973     3.4845 -9.990e-29
 131.336510      8.646    13.3960  32.575804    26.8478      8.569  270.64373  270.83212     2.8906     3.4683 -9.990e-29
 131.336513      8.670    13.3957  32.572195    26.8447      8.592  270.65120  270.83960     2.1280     3.5249 -9.990e-29
 131.336516      8.692    13.3951  32.571322    26.8443      8.614  270.65524  270.84361     2.1591     3.5209 -9.990e-29
 131.336519      8.719    13.3945  32.571555    26.8449      8.641  270.65738  270.84572     2.0191     3.5452 -9.990e-29
 131.336522      8.743    13.3945  32.574815    26.8493      8.665  270.65180  270.84011     2.0813     3.5654 -9.990e-29
 131.336525      8.774    13.3946  32.576445    26.8503      8.695  270.64871  270.83701     2.6261     3.7393 0.0000e+00
 131.336528      8.803    13.3948  32.578948    26.8503      8.724  270.64349  270.83178     2.5327     3.7676 0.0000e+00
 131.336531      8.834    13.3954  32.581976    26.8514      8.755  270.63547  270.82378     2.4860     3.7312 -9.990e-29
 131.336534      8.858    13.3961  32.586342    26.8572      8.778  270.62516  270.81347     2.5327     3.7190 -9.990e-29
 131.336536      8.879    13.3970  32.586925    26.8571      8.800  270.62039  270.80875     2.8440     3.5532 -9.990e-29
 131.336539      8.899    13.3975  32.585294    26.8552      8.820  270.62099  270.80939     2.9062     3.5532 -9.990e-29
 131.336542      8.916    13.3977  32.585702    26.8555      8.836  270.61935  270.80777     2.8595     3.5169 -9.990e-29
 131.336545      8.927    13.3977  32.585120    26.8549      8.847  270.62036  270.80878     2.8595     3.5330 -9.990e-29
 131.336548      8.944    13.3978  32.585702    26.8554      8.864  270.61905  270.80747     2.8906     3.5452 -9.990e-29
 131.336551      8.955    13.3977  32.585702    26.8554      8.875  270.61938  270.80779     2.5482     3.3025 -9.990e-29
 131.336554      8.971    13.3976  32.583432    26.8534      8.891  270.62360  270.81202     2.4237     3.2945 -9.990e-29
 131.336557      8.995    13.3975  32.584189    26.8530      8.914  270.62294  270.81136     2.4548     3.3066 -9.990e-29
 131.336560      9.024    13.3974  32.582791    26.8531      8.943  270.62567  270.81409     2.5015     3.2864 0.0000e+00
 131.336563      9.059    13.3973  32.583024    26.8530      8.978  270.62561  270.81403     2.8284     3.5169 0.0000e+00
 131.336565      9.084    13.3970  32.582617    26.8530      9.003  270.62759  270.81599     2.9218     3.5452 0.0000e+00
 131.336568      9.119    13.3968  32.580346    26.8514      9.037  270.63277  270.82117     2.8284     3.5492 0.0000e+00
 131.336571      9.148    13.3966  32.580463    26.8513      9.066  270.63322  270.82161     2.8751     3.5330 0.0000e+00
 131.336574      9.179    13.3963  32.579124    26.8514      9.097  270.63679  270.82518     3.0152     3.6826 -9.990e-29
 131.336577      9.203    13.3962  32.579357    26.8507      9.120  270.63704  270.82542     3.0774     3.6786 -9.990e-29
 131.336580      9.225    13.3959  32.578135    26.8497      9.142  270.64041  270.82878     2.9840     3.6543 -9.990e-29
 131.336583      9.243    13.3957  32.574991    26.8470      9.160  270.64645  270.83483     3.0463     3.6584 -9.990e-29
 131.336586      9.263    13.3954  32.575049    26.8473      9.180  270.64794  270.83630     3.3576     3.5937 -9.990e-29
 131.336589      9.281    13.3950  32.573827    26.8464      9.198  270.65162  270.83997     3.2953     3.6058 -9.990e-29
 131.336591      9.298    13.3948  32.575224    26.8478      9.214  270.65018  270.83851     3.2953     3.6018 -9.990e-29
 131.336594      9.316    13.3945  32.574235    26.8471      9.232  270.65316  270.84147     3.2953     3.6382 -9.990e-29
 131.336597      9.336    13.3944  32.576039    26.8488      9.252  270.65039  270.83868     3.3576     3.5977 -9.990e-29
 131.336600      9.358    13.3945  32.577495    26.8501      9.274  270.64759  270.83588     2.5327     3.5694 -9.990e-29
 131.336603      9.380    13.3949  32.580755    26.8528      9.296  270.64043  270.82872     2.5482     3.6058 -9.990e-29
 131.336606      9.403    13.3953  32.584539    26.8559      9.319  270.63207  270.82034     2.5171     3.5735 -9.990e-29
 131.336609      9.427    13.3962  32.587334    26.8580      9.342  270.62350  270.81181     2.6416     3.5815 -9.990e-29
