Processed/SBE19plus_01907321_2022_05_07_Cast73_wfilter.cnv
* Sea-Bird SBE19plus  Data File:
* FileName = E:\Prandtl Daten\2022\CTD\Raw\SBE19plus_01907321_2022_05_07_Cast73.hex
* Software version 2.6.1.12
* Temperature SN = 7321
* Conductivity SN = 7321
* System UpLoad Time = May 07 2022 13:31:42
* <ApplicationData>
* <Seaterm232>
** Messpraktikum 2022
** CTD 07.05 BE
** NMEA Latitude = 54 07.440 N
** NMEA Longitude = 008 50.213 E
# nquan = 11
# nvalues = 599                         
# units = specified
# name 0 = timeJ: Julian Days
# name 1 = prdM: Pressure, Strain Gauge [db]
# name 2 = tv290C: Temperature [ITS-90, deg C]
# name 3 = c0mS/cm: Conductivity [mS/cm]
# name 4 = sal00: Salinity, Practical [PSU]
# name 5 = depSM: Depth [salt water, m], lat = 54.00
# name 6 = oxsatMm/Kg: Oxygen Saturation, Weiss [umol/kg]
# name 7 = oxsolMm/Kg: Oxygen Saturation, Garcia & Gordon [umol/kg]
# name 8 = turbWETntu0: Turbidity, WET Labs ECO [NTU]
# name 9 = flECO-AFL: Fluorescence, WET Labs ECO-AFL/FL [mg/m^3]
# name 10 = flag:  0.000e+00
# span 0 = 127.555900, 127.557630       
# span 1 =      0.541,     17.248       
# span 2 =    13.0476,    13.0669       
# span 3 =  32.482310,  32.533157       
# span 4 =    27.0053,    27.0448       
# span 5 =      0.536,     17.093       
# span 6 =  272.14229,  272.32407       
# span 7 =  272.31047,  272.49155       
# span 8 =    12.4159,   126.8595       
# span 9 =     5.9349,    16.8690       
# span 10 = 0.0000e+00, 0.0000e+00      
# interval = seconds: 0.25
# start_time = May 07 2022 13:19:21 [Instrument's time stamp, header]
# bad_flag = -9.990e-29
*END*
[from data line 525]
 127.557419     15.394    13.0504  32.490794    27.0120     15.256  272.29674  272.46430   100.7584    15.9996 0.0000e+00
 127.557422     15.429    13.0504  32.490910    27.0119     15.291  272.29656  272.46411   100.9762    15.9996 0.0000e+00
 127.557425     15.463    13.0503  32.490503    27.0120     15.325  272.29761  272.46516   101.0074    16.0117 0.0000e+00
 127.557428     15.493    13.0504  32.492132    27.0123     15.354  272.29447  272.46201   101.0385    16.0360 0.0000e+00
 127.557431     15.524    13.0504  32.491318    27.0125     15.385  272.29591  272.46346   101.9879    15.8136 0.0000e+00
 127.557433     15.559    13.0504  32.491551    27.0125     15.419  272.29521  272.46276   101.9879    15.8378 0.0000e+00
 127.557436     15.588    13.0504  32.491725    27.0125     15.448  272.29492  272.46248   102.1436    15.8338 0.0000e+00
 127.557439     15.617    13.0504  32.491318    27.0126     15.477  272.29597  272.46352   102.2681    15.8297 -9.990e-29
 127.557442     15.639    13.0504  32.490504    27.0115     15.499  272.29740  272.46496   102.4704    16.1168 -9.990e-29
 127.557445     15.659    13.0503  32.491725    27.0127     15.519  272.29560  272.46314   102.5638    16.0238 -9.990e-29
 127.557448     15.685    13.0504  32.491376    27.0123     15.544  272.29559  272.46315   102.6416    16.0804 -9.990e-29
 127.557451     15.705    13.0502  32.490504    27.0120     15.564  272.29807  272.46563   102.6416    16.1168 -9.990e-29
 127.557454     15.732    13.0504  32.491086    27.0123     15.591  272.29645  272.46400    99.9179    16.3595 0.0000e+00
 127.557457     15.763    13.0502  32.491493    27.0125     15.621  272.29639  272.46393   100.0268    16.3595 0.0000e+00
 127.557459     15.795    13.0502  32.491726    27.0125     15.654  272.29600  272.46354    99.9490    16.3069 0.0000e+00
 127.557462     15.830    13.0504  32.490912    27.0118     15.688  272.29681  272.46437   100.0735    16.3069 0.0000e+00
 127.557465     15.861    13.0504  32.490679    27.0118     15.718  272.29724  272.46480    99.9646    16.3595 0.0000e+00
 127.557468     15.890    13.0504  32.490912    27.0118     15.747  272.29685  272.46441   104.4782    16.2098 0.0000e+00
 127.557471     15.924    13.0505  32.491726    27.0121     15.781  272.29482  272.46238   104.3381    16.2381 0.0000e+00
 127.557474     15.955    13.0505  32.491377    27.0123     15.812  272.29545  272.46301   104.2447    16.1613 0.0000e+00
 127.557477     15.983    13.0505  32.491319    27.0121     15.839  272.29557  272.46313   104.3848    16.2098 -9.990e-29
 127.557480     16.008    13.0505  32.490912    27.0117     15.864  272.29630  272.46386   105.4743    16.1573 -9.990e-29
 127.557483     16.032    13.0505  32.491494    27.0122     15.888  272.29530  272.46286   105.4432    16.1168 -9.990e-29
 127.557486     16.056    13.0505  32.491727    27.0124     15.912  272.29491  272.46247   105.3031    16.1371 -9.990e-29
 127.557488     16.077    13.0503  32.492134    27.0129     15.933  272.29516  272.46270   105.4743    16.1613 -9.990e-29
 127.557491     16.101    13.0502  32.491727    27.0127     15.957  272.29620  272.46374   104.2292    16.8366 -9.990e-29
 127.557494     16.132    13.0501  32.491727    27.0127     15.987  272.29685  272.46438   104.1513    16.8568 0.0000e+00
 127.557497     16.160    13.0499  32.491727    27.0128     16.015  272.29749  272.46502   104.3537    16.8690 0.0000e+00
 127.557500     16.198    13.0500  32.491960    27.0128     16.053  272.29680  272.46432   104.3070    16.8690 0.0000e+00
 127.557503     16.231    13.0502  32.491087    27.0120     16.086  272.29771  272.46525   103.1708    14.8067 0.0000e+00
 127.557506     16.264    13.0499  32.490913    27.0120     16.118  272.29929  272.46682   103.3731    14.7824 0.0000e+00
 127.557509     16.293    13.0501  32.490913    27.0120     16.147  272.29837  272.46591   103.1708    14.7865 0.0000e+00
 127.557512     16.328    13.0499  32.491320    27.0123     16.181  272.29863  272.46615   103.1552    14.7743 0.0000e+00
 127.557514     16.353    13.0498  32.491146    27.0123     16.207  272.29926  272.46678   102.9373    14.8188 0.0000e+00
 127.557517     16.379    13.0498  32.490681    27.0121     16.232  272.30009  272.46761   102.2836    14.4751 0.0000e+00
 127.557520     16.405    13.0498  32.490914    27.0118     16.257  272.29970  272.46722   102.3770    14.4428 -9.990e-29
 127.557523     16.421    13.0498  32.490914    27.0120     16.274  272.29971  272.46723   102.0969    14.4428 -9.990e-29
 127.557526     16.445    13.0498  32.490507    27.0117     16.297  272.30044  272.46796   102.1436    14.4387 -9.990e-29
 127.557529     16.470    13.0498  32.490972    27.0121     16.323  272.29964  272.46716   103.2486    15.0655 -9.990e-29
 127.557532     16.502    13.0496  32.490914    27.0116     16.354  272.30039  272.46790   103.1397    15.0776 0.0000e+00
 127.557535     16.531    13.0496  32.489867    27.0117     16.383  272.30224  272.46976   103.1864    15.0251 0.0000e+00
 127.557538     16.564    13.0496  32.490507    27.0114     16.415  272.30114  272.46866   103.0619    15.0857 0.0000e+00
 127.557541     16.601    13.0497  32.490216    27.0114     16.452  272.30136  272.46888   104.7428    14.2851 0.0000e+00
 127.557543     16.632    13.0494  32.489693    27.0114     16.482  272.30355  272.47106   104.5405    14.2891 0.0000e+00
 127.557546     16.670    13.0494  32.490914    27.0111     16.520  272.30176  272.46925   104.5716    14.2891 0.0000e+00
 127.557549     16.699    13.0493  32.489461    27.0110     16.549  272.30463  272.47213   104.6961    14.2608 0.0000e+00
 127.557552     16.732    13.0494  32.489054    27.0108     16.582  272.30504  272.47256   112.6494    14.4589 0.0000e+00
 127.557555     16.759    13.0492  32.489054    27.0105     16.609  272.30569  272.47319   112.6494    14.4630 -9.990e-29
 127.557558     16.779    13.0489  32.488647    27.0105     16.629  272.30767  272.47516   112.4004    14.4347 -9.990e-29
 127.557561     16.801    13.0490  32.489228    27.0109     16.651  272.30636  272.47385   112.7117    14.4913 -9.990e-29
 127.557564     16.819    13.0490  32.489461    27.0111     16.669  272.30596  272.47345   112.8517    14.4751 -9.990e-29
 127.557567     16.841    13.0491  32.488647    27.0086     16.690  272.30708  272.47458   112.0580    15.1261 -9.990e-29
 127.557569     16.867    13.0490  32.486728    27.0099     16.716  272.31076  272.47827   111.9179    15.0978 0.0000e+00
 127.557572     16.898    13.0487  32.489229    27.0111     16.746  272.30768  272.47515   112.0580    15.1100 0.0000e+00
 127.557575     16.933    13.0485  32.489229    27.0112     16.781  272.30865  272.47610   111.9490    15.0938 0.0000e+00
 127.557578     16.967    13.0484  32.489229    27.0112     16.815  272.30899  272.47644   110.3926    14.7380 0.0000e+00
 127.557581     17.000    13.0483  32.487659    27.0106     16.848  272.31238  272.47983   110.4548    14.7299 0.0000e+00
 127.557584     17.029    13.0481  32.488241    27.0106     16.877  272.31201  272.47945   110.4548    14.7663 0.0000e+00
 127.557587     17.060    13.0481  32.488648    27.0110     16.907  272.31163  272.47907   110.3615    14.6854 0.0000e+00
 127.557590     17.093    13.0479  32.488648    27.0110     16.940  272.31229  272.47971   120.4938    14.8067 0.0000e+00
 127.557593     17.121    13.0479  32.488241    27.0111     16.967  272.31301  272.48044   120.8517    14.7946 -9.990e-29
 127.557595     17.144    13.0478  32.486903    27.0095     16.991  272.31568  272.48311   120.4938    14.7986 -9.990e-29
 127.557598     17.164    13.0480  32.486380    27.0089     17.010  272.31597  272.48342   120.5871    14.7622 -9.990e-29
 127.557601     17.188    13.0478  32.486206    27.0088     17.034  272.31692  272.48437   125.4120    15.0776 -9.990e-29
 127.557604     17.206    13.0476  32.486787    27.0095     17.052  272.31686  272.48429   125.2564    15.0251 -9.990e-29
 127.557607     17.232    13.0476  32.485973    27.0088     17.077  272.31830  272.48573   125.1475    15.0493 -9.990e-29
 127.557610     17.239    13.0476  32.486148    27.0089     17.085  272.31800  272.48543   125.1163    15.0372 -9.990e-29
 127.557613     17.239    13.0476  32.485392    27.0083     17.085  272.31964  272.48707   125.5054    15.0251 -9.990e-29
 127.557616     17.239    13.0477  32.484985    27.0078     17.085  272.31972  272.48716   126.6883    14.9037 -9.990e-29
 127.557619     17.242    13.0478  32.484985    27.0077     17.088  272.31940  272.48685   126.8128    14.8957 -9.990e-29
 127.557622     17.244    13.0479  32.485159    27.0078     17.090  272.31847  272.48593   126.8595    14.9401 -9.990e-29
 127.557624     17.246    13.0478  32.482310    27.0053     17.091  272.32407  272.49155   126.7506    14.9442 -9.990e-29
 127.557627     17.246    13.0481  32.484985    27.0075     17.091  272.31814  272.48561   123.6844    15.1383 -9.990e-29
 127.557630     17.248    13.0479  32.484345    27.0071     17.093  272.31989  272.48736   123.4043    15.1706 -9.990e-29
