Processed/SBE19plus_01907321_2022_05_12_Cast133_wfilter.cnv
* Sea-Bird SBE19plus  Data File:
* FileName = E:\Prandtl_Daten\2022\CTD\Raw\SBE19plus_01907321_2022_05_12_Cast133.hex
* Software version 2.6.1.12
* Temperature SN = 7321
* Conductivity SN = 7321
* System UpLoad Time = May 12 2022 09:50:06
* <ApplicationData>
* <Seaterm232>
** Messpraktikum 2022
** CTD 10.05  M1
** NMEA Latitude = 54 00.22N
** NMEA Longitude = 008 41.53E
# nquan = 11
# nvalues = 283                         
# units = specified
# name 0 = timeJ: Julian Days
# name 1 = prdM: Pressure, Strain Gauge [db]
# name 2 = tv290C: Temperature [ITS-90, deg C]
# name 3 = c0mS/cm: Conductivity [mS/cm]
# name 4 = sal00: Salinity, Practical [PSU]
# name 5 = depSM: Depth [salt water, m], lat = 54.00
# name 6 = oxsatMm/Kg: Oxygen Saturation, Weiss [umol/kg]
# name 7 = oxsolMm/Kg: Oxygen Saturation, Garcia & Gordon [umol/kg]
# name 8 = turbWETntu0: Turbidity, WET Labs ECO [NTU]
# name 9 = flECO-AFL: Fluorescence, WET Labs ECO-AFL/FL [mg/m^3]
# name 10 = flag:  0.000e+00
# span 0 = 132.406672, 132.407488       
# span 1 =      0.536,      6.750       
# span 2 =    12.8361,    13.3365       
# span 3 =  28.789882,  29.625537       
# span 4 =    23.5767,    24.5349       
# span 5 =      0.531,      6.689       
# span 6 =  277.19124,  279.17691       
# span 7 =  277.40645,  279.36838       
# span 8 =    16.2603,    98.1747       
# span 9 =    14.8148,    26.2745       
# span 10 = 0.0000e+00, 0.0000e+00      
# interval = seconds: 0.25
# start_time = May 12 2022 09:44:27 [Instrument's time stamp, header]
# bad_flag = -9.990e-29
*END*
[from data line 263]
 132.407433      6.461    12.8399  29.566580    24.4787      6.403  278.38257  278.56349    56.0424    23.6542 -9.990e-29
 132.407436      6.470    12.8396  29.568150    24.4803      6.412  278.38113  278.56201    56.1358    23.6946 -9.990e-29
 132.407439      6.461    12.8397  29.569832    24.4818      6.403  278.37781  278.55868    56.0268    23.6825 -9.990e-29
 132.407442      6.454    12.8399  29.569832    24.4817      6.396  278.37680  278.55769    62.1903    23.9292 -9.990e-29
 132.407445      6.441    12.8397  29.572692    24.4844      6.383  278.37239  278.55324    62.2214    23.9413 -9.990e-29
 132.407448      6.435    12.8395  29.579702    24.4909      6.378  278.36095  278.54173    62.2681    23.9494 -9.990e-29
 132.407451      6.445    12.8392  29.584638    24.4956      6.387  278.35354  278.53426    62.1903    23.9453 -9.990e-29
 132.407454      6.461    12.8387  29.587947    24.5018      6.403  278.35001  278.53067    62.2992    23.9008 -9.990e-29
 132.407457      6.492    12.8385  29.590864    24.5023      6.434  278.34619  278.52680    62.6727    24.7055 0.0000e+00
 132.407459      6.534    12.8382  29.591817    24.5028      6.476  278.34585  278.52644    62.5638    24.7015 0.0000e+00
 132.407462      6.585    12.8382  29.598998    24.5093      6.526  278.33282  278.51335    62.6572    24.7055 0.0000e+00
 132.407465      6.638    12.8384  29.604271    24.5140      6.579  278.32284  278.50333    62.6727    24.6974 0.0000e+00
 132.407468      6.693    12.8380  29.606123    24.5150      6.633  278.32158  278.50203    82.6727    26.2381 0.0000e+00
 132.407471      6.741    12.8377  29.612126    24.5160      6.680  278.31230  278.49267    82.5327    26.2745 -9.990e-29
 132.407474      6.735    12.8372  29.603206    24.5138      6.675  278.33010  278.51054    82.6572    26.2542 -9.990e-29
 132.407477      6.735    12.8368  29.614707    24.5245      6.675  278.31170  278.49201    82.6105    26.2704 -9.990e-29
 132.407480      6.735    12.8364  29.618298    24.5281      6.675  278.30700  278.48725    98.0813    25.4617 -9.990e-29
 132.407483      6.741    12.8364  29.621889    24.5313      6.680  278.30063  278.48085    98.0191    25.4172 -9.990e-29
 132.407486      6.744    12.8362  29.624864    24.5342      6.684  278.29636  278.47654    98.1747    25.4576 -9.990e-29
 132.407488      6.750    12.8361  29.625537    24.5349      6.689  278.29583  278.47600    98.1436    25.4657 -9.990e-29
