Processed/SBE19plus_01907321_2022_05_10_Cast119_wfilter.cnv
* Sea-Bird SBE19plus  Data File:
* FileName = E:\Prandtl_Daten\2022\CTD\Raw\SBE19plus_01907321_2022_05_10_Cast119.hex
* Software version 2.6.1.12
* Temperature SN = 7321
* Conductivity SN = 7321
* System UpLoad Time = May 10 2022 15:17:30
* <ApplicationData>
* <Seaterm232>
** Messpraktikum 2022
** CTD 10.05  BM
** NMEA Latitude = 54 07.81N
** NMEA Longitude = 008 47.16E
# nquan = 11
# nvalues = 503                         
# units = specified
# name 0 = timeJ: Julian Days
# name 1 = prdM: Pressure, Strain Gauge [db]
# name 2 = tv290C: Temperature [ITS-90, deg C]
# name 3 = c0mS/cm: Conductivity [mS/cm]
# name 4 = sal00: Salinity, Practical [PSU]
# name 5 = depSM: Depth [salt water, m], lat = 54.00
# name 6 = oxsatMm/Kg: Oxygen Saturation, Weiss [umol/kg]
# name 7 = oxsolMm/Kg: Oxygen Saturation, Garcia & Gordon [umol/kg]
# name 8 = turbWETntu0: Turbidity, WET Labs ECO [NTU]
# name 9 = flECO-AFL: Fluorescence, WET Labs ECO-AFL/FL [mg/m^3]
# name 10 = flag:  0.000e+00
# span 0 = 130.632196, 130.633649       
# span 1 =      0.267,     16.064       
# span 2 =    13.8524,    13.8610       
# span 3 =  33.158923,  33.179082       
# span 4 =    27.0554,    27.0665       
# span 5 =      0.264,     15.920       
# span 6 =  267.64213,  267.69815       
# span 7 =  267.85361,  267.90933       
# span 8 =     0.9918,    96.8829       
# span 9 =     2.7041,    10.8035       
# span 10 = 0.0000e+00, 0.0000e+00      
# interval = seconds: 0.25
# start_time = May 10 2022 15:08:42 [Instrument's time stamp, header]
# bad_flag = -9.990e-29
*END*
[from data line 263]
 130.632957      8.654    13.8541  33.166747    27.0617      8.577  267.68226  267.89349     6.9218     4.4226 0.0000e+00
 130.632960      8.687    13.8542  33.166747    27.0617      8.609  267.68197  267.89320     5.5054     4.0991 0.0000e+00
 130.632963      8.722    13.8542  33.166747    27.0617      8.644  267.68168  267.89291     5.4899     4.1153 0.0000e+00
 130.632966      8.749    13.8543  33.166747    27.0616      8.671  267.68138  267.89262     5.5521     4.1113 -9.990e-29
 130.632969      8.771    13.8542  33.166747    27.0617      8.692  267.68202  267.89325     5.5210     4.1113 -9.990e-29
 130.632972      8.796    13.8543  33.166982    27.0617      8.718  267.68101  267.89225     7.0619     4.0587 -9.990e-29
 130.632975      8.822    13.8543  33.166923    27.0617      8.743  267.68113  267.89237     7.1085     4.0385 0.0000e+00
 130.632977      8.853    13.8544  33.166982    27.0617      8.774  267.68074  267.89198     7.0463     4.0587 0.0000e+00
 130.632980      8.888    13.8543  33.166924    27.0617      8.809  267.68117  267.89241     7.0774     4.0668 0.0000e+00
 130.632983      8.923    13.8544  33.167393    27.0619      8.843  267.68009  267.89133     6.0191     4.2690 0.0000e+00
 130.632986      8.964    13.8542  33.167158    27.0619      8.884  267.68114  267.89237     6.0969     4.2245 0.0000e+00
 130.632989      9.003    13.8543  33.166924    27.0617      8.922  267.68124  267.89248     6.0813     4.2366 0.0000e+00
 130.632992      9.035    13.8546  33.167159    27.0617      8.954  267.67961  267.89086     6.0969     4.2366 0.0000e+00
 130.632995      9.068    13.8545  33.167335    27.0618      8.987  267.67996  267.89121     6.3615     4.2164 0.0000e+00
 130.632998      9.099    13.8544  33.167159    27.0619      9.018  267.68059  267.89183     6.2525     3.9536 0.0000e+00
 130.633001      9.130    13.8545  33.167393    27.0618      9.048  267.67959  267.89084     6.3303     3.8929 0.0000e+00
 130.633003      9.156    13.8547  33.167335    27.0618      9.074  267.67908  267.89033     6.3148     3.9091 0.0000e+00
 130.633006      9.182    13.8546  33.167394    27.0618      9.099  267.67931  267.89056     6.2525     3.9010 0.0000e+00
 130.633009      9.207    13.8548  33.166925    27.0618      9.125  267.67948  267.89075     5.4899     4.1679 -9.990e-29
 130.633012      9.232    13.8548  33.167159    27.0615      9.150  267.67879  267.89006     5.4899     4.1517 -9.990e-29
 130.633015      9.265    13.8547  33.167159    27.0615      9.182  267.67944  267.89070     5.5521     4.1517 0.0000e+00
 130.633018      9.300    13.8546  33.167101    27.0615      9.217  267.67987  267.89112     5.5210     4.1841 0.0000e+00
 130.633021      9.333    13.8546  33.165518    27.0614      9.250  267.68254  267.89381     4.5560     3.9253 0.0000e+00
 130.633024      9.371    13.8545  33.166925    27.0614      9.288  267.68084  267.89208     4.5249     3.9131 0.0000e+00
 130.633027      9.406    13.8545  33.166984    27.0614      9.322  267.68044  267.89170     4.5249     3.9131 0.0000e+00
 130.633030      9.441    13.8548  33.166984    27.0614      9.356  267.67921  267.89048     4.4938     3.9253 0.0000e+00
 130.633032      9.474    13.8546  33.167101    27.0615      9.389  267.67998  267.89123     4.7895     3.9010 0.0000e+00
 130.633035      9.509    13.8545  33.167160    27.0615      9.423  267.68021  267.89146     4.7895     3.9455 0.0000e+00
 130.633038      9.542    13.8547  33.166984    27.0613      9.456  267.67990  267.89116     4.7895     3.9050 0.0000e+00
 130.633041      9.569    13.8548  33.166750    27.0610      9.483  267.68000  267.89126     4.7584     3.9010 0.0000e+00
 130.633044      9.595    13.8547  33.166750    27.0610      9.509  267.68033  267.89159     5.0541     3.9455 0.0000e+00
 130.633047      9.622    13.8545  33.166750    27.0610      9.536  267.68097  267.89222     5.1163     3.8686 0.0000e+00
 130.633050      9.649    13.8547  33.166750    27.0611      9.563  267.68036  267.89162     5.1163     3.8484 0.0000e+00
 130.633053      9.680    13.8546  33.166750    27.0610      9.593  267.68069  267.89195     5.0541     3.8565 0.0000e+00
 130.633056      9.716    13.8547  33.166750    27.0611      9.629  267.68040  267.89166     5.0852     3.8444 0.0000e+00
 130.633058      9.751    13.8545  33.166750    27.0610      9.664  267.68105  267.89230     6.1124     4.2366 0.0000e+00
 130.633061      9.784    13.8547  33.166751    27.0611      9.696  267.68044  267.89170     6.1591     4.2447 0.0000e+00
 130.633064      9.824    13.8546  33.166985    27.0612      9.736  267.68039  267.89164     6.0035     4.2568 0.0000e+00
 130.633067      9.864    13.8545  33.167161    27.0614      9.776  267.68043  267.89168     6.0813     4.2488 0.0000e+00
 130.633070      9.895    13.8545  33.167103    27.0614      9.807  267.68086  267.89211     5.0229     3.8848 0.0000e+00
 130.633073      9.924    13.8547  33.166985    27.0611      9.835  267.68013  267.89139     5.0852     3.8767 0.0000e+00
 130.633076      9.955    13.8547  33.166927    27.0611      9.866  267.68025  267.89151     5.1319     3.8565 0.0000e+00
 130.633079      9.988    13.8548  33.166986    27.0611      9.899  267.67986  267.89112     5.1941     3.8727 0.0000e+00
 130.633082     10.013    13.8548  33.167162    27.0612      9.924  267.67958  267.89084     4.5405     3.7393 0.0000e+00
 130.633084     10.041    13.8547  33.167103    27.0612      9.951  267.68001  267.89127     4.6183     3.7231 0.0000e+00
 130.633087     10.068    13.8548  33.166751    27.0608      9.978  267.68030  267.89157     4.4626     3.7150 0.0000e+00
 130.633090     10.095    13.8549  33.166751    27.0607     10.005  267.67969  267.89097     4.5093     3.7271 0.0000e+00
 130.633093     10.122    13.8548  33.166576    27.0607     10.032  267.68063  267.89190     4.3226     3.7312 0.0000e+00
 130.633096     10.157    13.8548  33.165110    27.0606     10.066  267.68310  267.89438     3.5755     3.7352 0.0000e+00
 130.633099     10.193    13.8548  33.166517    27.0606     10.102  267.68077  267.89204     3.6533     3.7352 0.0000e+00
 130.633102     10.232    13.8548  33.166752    27.0608     10.140  267.68040  267.89167     3.5288     3.7150 0.0000e+00
 130.633105     10.268    13.8546  33.166752    27.0608     10.176  267.68105  267.89231     3.4665     3.7554 0.0000e+00
 130.633108     10.299    13.8546  33.166342    27.0605     10.207  267.68175  267.89302     3.4510     3.5532 0.0000e+00
 130.633111     10.334    13.8547  33.165931    27.0602     10.241  267.68215  267.89342     3.2953     3.5209 0.0000e+00
 130.633113     10.363    13.8548  33.166107    27.0602     10.270  267.68156  267.89283     3.3576     3.5290 0.0000e+00
 130.633116     10.394    13.8547  33.166166    27.0602     10.301  267.68179  267.89306     3.2642     3.5492 0.0000e+00
 130.633119     10.421    13.8546  33.165521    27.0601     10.328  267.68320  267.89447     3.4976     3.7393 0.0000e+00
 130.633122     10.456    13.8548  33.166108    27.0601     10.363  267.68130  267.89258     3.4976     3.7271 0.0000e+00
 130.633125     10.483    13.8548  33.166342    27.0601     10.389  267.68124  267.89251     3.4821     3.7352 0.0000e+00
 130.633128     10.509    13.8548  33.166108    27.0602     10.415  267.68165  267.89292     3.6689     3.7433 0.0000e+00
 130.633131     10.540    13.8548  33.166167    27.0601     10.446  267.68157  267.89284     3.5599     3.4683 0.0000e+00
 130.633134     10.575    13.8548  33.166167    27.0602     10.480  267.68159  267.89286     3.6844     3.5088 0.0000e+00
 130.633137     10.602    13.8548  33.166343    27.0602     10.507  267.68100  267.89228     3.5599     3.4602 0.0000e+00
 130.633139     10.637    13.8547  33.166343    27.0602     10.541  267.68165  267.89292     3.5443     3.4683 0.0000e+00
 130.633142     10.673    13.8548  33.165112    27.0603     10.577  267.68342  267.89470     3.6222     3.4885 0.0000e+00
 130.633145     10.704    13.8545  33.166167    27.0600     10.608  267.68261  267.89387     2.5949     3.4683 0.0000e+00
 130.633148     10.742    13.8546  33.165933    27.0600     10.646  267.68271  267.89398     2.6572     3.4764 0.0000e+00
 130.633151     10.781    13.8548  33.166109    27.0600     10.684  267.68150  267.89278     2.5015     3.4724 0.0000e+00
 130.633154     10.815    13.8549  33.165933    27.0598     10.718  267.68150  267.89279     2.4860     3.4562 0.0000e+00
 130.633157     10.845    13.8546  33.166168    27.0597     10.748  267.68238  267.89365     2.7817     3.6260 -9.990e-29
 130.633160     10.870    13.8548  33.165757    27.0597     10.773  267.68246  267.89374     2.7817     3.6341 -9.990e-29
 130.633163     10.894    13.8547  33.165699    27.0597     10.797  267.68288  267.89416     2.8751     3.5977 -9.990e-29
 130.633166     10.918    13.8548  33.165933    27.0597     10.820  267.68188  267.89316     2.8284     3.6058 -9.990e-29
 130.633168     10.945    13.8546  33.165699    27.0594     10.847  267.68323  267.89450     2.5794     3.3632 0.0000e+00
 130.633171     10.974    13.8548  33.165289    27.0593     10.876  267.68299  267.89428     2.6261     3.3470 0.0000e+00
 130.633174     11.009    13.8548  33.165347    27.0593     10.910  267.68323  267.89451     2.5327     3.3430 0.0000e+00
 130.633177     11.043    13.8548  33.165699    27.0594     10.944  267.68266  267.89394     2.6105     3.3551 0.0000e+00
 130.633180     11.084    13.8548  33.165523    27.0596     10.984  267.68298  267.89426     6.0502     4.0304 0.0000e+00
 130.633183     11.120    13.8548  33.165934    27.0594     11.021  267.68200  267.89328     6.0969     4.0304 0.0000e+00
 130.633186     11.155    13.8547  33.164703    27.0597     11.055  267.68471  267.89599     6.0813     4.0668 0.0000e+00
 130.633189     11.193    13.8548  33.165934    27.0597     11.093  267.68236  267.89364     5.9412     4.0547 0.0000e+00
 130.633192     11.224    13.8548  33.166169    27.0599     11.124  267.68167  267.89295     6.0813     4.0385 0.0000e+00
 130.633194     11.256    13.8550  33.166345    27.0599     11.155  267.68077  267.89206     8.1358     4.4712 0.0000e+00
 130.633197     11.283    13.8550  33.166579    27.0599     11.182  267.68039  267.89168     8.1047     4.5156 -9.990e-29
 130.633200     11.307    13.8551  33.167166    27.0611     11.205  267.67880  267.89009     7.9179     4.5318 -9.990e-29
 130.633203     11.334    13.8553  33.167928    27.0611     11.232  267.67691  267.88820     7.9334     4.5075 0.0000e+00
 130.633206     11.359    13.8554  33.168045    27.0611     11.257  267.67610  267.88740     5.4120     3.9980 0.0000e+00
 130.633209     11.386    13.8555  33.167928    27.0611     11.284  267.67600  267.88731     5.3342     3.9900 0.0000e+00
 130.633212     11.419    13.8556  33.168456    27.0610     11.317  267.67451  267.88582     5.3187     3.9980 0.0000e+00
 130.633215     11.450    13.8557  33.168221    27.0611     11.348  267.67461  267.88593     5.2875     3.9576 0.0000e+00
 130.633218     11.487    13.8558  33.168339    27.0610     11.384  267.67412  267.88544     8.6027     4.4186 0.0000e+00
 130.633220     11.527    13.8559  33.167635    27.0604     11.424  267.67501  267.88634     8.6183     4.3862 0.0000e+00
 130.633223     11.562    13.8558  33.167635    27.0604     11.458  267.67535  267.88667     8.4938     4.4348 0.0000e+00
 130.633226     11.595    13.8557  33.168925    27.0616     11.491  267.67352  267.88483     8.4626     4.4226 0.0000e+00
 130.633229     11.629    13.8558  33.169512    27.0619     11.525  267.67224  267.88356    11.2486     5.0292 0.0000e+00
 130.633232     11.655    13.8559  33.169101    27.0621     11.550  267.67232  267.88364    11.3576     5.0534 -9.990e-29
 130.633235     11.678    13.8560  33.170098    27.0624     11.574  267.67035  267.88167    11.2642     5.0494 -9.990e-29
 130.633238     11.702    13.8562  33.168633    27.0610     11.597  267.67219  267.88354    11.2953     5.0615 -9.990e-29
 130.633241     11.722    13.8562  33.169922    27.0621     11.617  267.66973  267.88107    11.2486     5.0615 -9.990e-29
 130.633244     11.746    13.8562  33.170098    27.0624     11.641  267.66945  267.88079    14.7194     5.6195 -9.990e-29
 130.633247     11.780    13.8563  33.170333    27.0625     11.675  267.66877  267.88010    14.6883     5.6398 0.0000e+00
 130.633249     11.811    13.8562  33.170509    27.0626     11.706  267.66880  267.88014    14.6105     5.6357 0.0000e+00
 130.633252     11.848    13.8563  33.170744    27.0627     11.742  267.66812  267.87945    14.6261     5.6479 0.0000e+00
 130.633255     11.892    13.8564  33.170744    27.0628     11.785  267.66783  267.87917    14.0969     5.3163 0.0000e+00
 130.633258     11.932    13.8563  33.170978    27.0629     11.825  267.66778  267.87911    14.0969     5.2839 0.0000e+00
 130.633261     11.965    13.8564  33.171330    27.0632     11.858  267.66690  267.87823    14.1747     5.3405 0.0000e+00
 130.633264     11.992    13.8565  33.171799    27.0635     11.885  267.66550  267.87684    14.1124     5.3203 0.0000e+00
 130.633267     12.027    13.8565  33.171800    27.0635     11.919  267.66552  267.87686    11.5910     5.0453 0.0000e+00
 130.633270     12.054    13.8567  33.172093    27.0636     11.946  267.66442  267.87577    11.4976     5.0575 0.0000e+00
 130.633273     12.084    13.8568  33.172210    27.0637     11.975  267.66393  267.87528    11.5599     5.0373 0.0000e+00
 130.633275     12.111    13.8567  33.172093    27.0637     12.003  267.66445  267.87580    11.4976     5.0615 -9.990e-29
 130.633278     12.133    13.8568  33.172445    27.0638     12.024  267.66325  267.87460    10.7194     4.9847 -9.990e-29
 130.633281     12.157    13.8566  33.171976    27.0635     12.048  267.66499  267.87633    10.7194     4.9806 -9.990e-29
 130.633284     12.186    13.8568  33.172093    27.0635     12.077  267.66387  267.87523    10.7506     5.0009 0.0000e+00
 130.633287     12.215    13.8568  33.171976    27.0634     12.106  267.66440  267.87575    10.7973     4.9928 0.0000e+00
 130.633290     12.246    13.8568  33.171918    27.0634     12.137  267.66452  267.87587    10.7039     4.9806 0.0000e+00
 130.633293     12.281    13.8568  33.171800    27.0633     12.171  267.66442  267.87578    13.7856     5.4093 0.0000e+00
 130.633296     12.316    13.8568  33.171976    27.0633     12.205  267.66415  267.87550    13.9724     5.4012 0.0000e+00
 130.633299     12.354    13.8568  33.171918    27.0633     12.244  267.66458  267.87594    13.8323     5.4578 0.0000e+00
 130.633302     12.389    13.8569  33.171977    27.0633     12.278  267.66388  267.87524    13.8634     5.4295 0.0000e+00
 130.633304     12.422    13.8568  33.172211    27.0633     12.311  267.66382  267.87517    14.9062     5.3122 0.0000e+00
 130.633307     12.455    13.8568  33.171097    27.0635     12.343  267.66571  267.87707    14.9529     5.3244 0.0000e+00
 130.633310     12.485    13.8568  33.172622    27.0632     12.374  267.66348  267.87483    14.8284     5.3001 0.0000e+00
 130.633313     12.513    13.8568  33.172505    27.0639     12.401  267.66370  267.87505    14.6883     5.2961 -9.990e-29
 130.633316     12.535    13.8568  33.173032    27.0643     12.422  267.66283  267.87417    20.7895     6.5617 -9.990e-29
 130.633319     12.559    13.8568  33.173267    27.0644     12.446  267.66214  267.87348    20.8673     6.5455 -9.990e-29
 130.633322     12.582    13.8568  33.173091    27.0635     12.469  267.66276  267.87410    20.7895     6.5455 -9.990e-29
 130.633325     12.611    13.8568  33.172212    27.0639     12.498  267.66393  267.87529    20.6961     6.5375 0.0000e+00
 130.633328     12.644    13.8569  33.173326    27.0644     12.531  267.66178  267.87313    24.4626     7.1480 0.0000e+00
 130.633330     12.677    13.8568  33.173267    27.0644     12.563  267.66221  267.87355    24.5093     7.1319 0.0000e+00
