Processed/SBE19plus_01907321_2022_05_10_Cast112_wfilter.cnv
* Sea-Bird SBE19plus  Data File:
* FileName = E:\Prandtl_Daten\2022\CTD\Raw\SBE19plus_01907321_2022_05_10_Cast112.hex
* Software version 2.6.1.12
* Temperature SN = 7321
* Conductivity SN = 7321
* System UpLoad Time = May 10 2022 10:51:13
* <ApplicationData>
* <Seaterm232>
** Messpraktikum 2022
** CTD 09.05  MP3
** NMEA Latitude = 54 03.49 N
** NMEA Longitude = 008 42.83 E
# nquan = 11
# nvalues = 390                         
# units = specified
# name 0 = timeJ: Julian Days
# name 1 = prdM: Pressure, Strain Gauge [db]
# name 2 = tv290C: Temperature [ITS-90, deg C]
# name 3 = c0mS/cm: Conductivity [mS/cm]
# name 4 = sal00: Salinity, Practical [PSU]
# name 5 = depSM: Depth [salt water, m], lat = 54.00
# name 6 = oxsatMm/Kg: Oxygen Saturation, Weiss [umol/kg]
# name 7 = oxsolMm/Kg: Oxygen Saturation, Garcia & Gordon [umol/kg]
# name 8 = turbWETntu0: Turbidity, WET Labs ECO [NTU]
# name 9 = flECO-AFL: Fluorescence, WET Labs ECO-AFL/FL [mg/m^3]
# name 10 = flag:  0.000e+00
# span 0 = 130.448495, 130.449621       
# span 1 =      0.475,      9.523       
# span 2 =    14.3091,    14.3614       
# span 3 =  33.235119,  33.338830       
# span 4 =    26.7980,    26.8951       
# span 5 =      0.470,      9.438       
# span 6 =  265.35932,  265.61637       
# span 7 =  265.59910,  265.85398       
# span 8 =    11.3731,    48.2603       
# span 9 =     7.2936,    14.7501       
# span 10 = 0.0000e+00, 0.0000e+00      
# interval = seconds: 0.25
# start_time = May 10 2022 10:44:35 [Instrument's time stamp, header]
# bad_flag = -9.990e-29
*END*
 130.448495      0.475    14.3321  33.242802    26.7995      0.470  265.54103  265.77945    18.1436     9.8330 -9.990e-29
 130.448498      0.485    14.3312  33.241394    26.7988      0.481  265.54711  265.78550    17.9879     9.7966 -9.990e-29
 130.448501      0.485    14.3305  33.241218    26.7991      0.481  265.55023  265.78858    17.8478    10.3304 -9.990e-29
 130.448504      0.489    14.3298  33.241570    26.7999      0.485  265.55249  265.79080    17.8478    10.3223 -9.990e-29
 130.448507      0.491    14.3297  33.241805    26.8002      0.487  265.55274  265.79104    18.0657    10.3385 -9.990e-29
 130.448510      0.493    14.3294  33.241394    26.8001      0.488  265.55467  265.79295    17.8323    10.3708 -9.990e-29
 130.448513      0.489    14.3291  33.238871    26.7980      0.485  265.56006  265.79834    18.6572    10.5164 -9.990e-29
 130.448516      0.485    14.3286  33.240162    26.7995      0.481  265.55983  265.79808    18.6261    10.5285 -9.990e-29
 130.448519      0.482    14.3279  33.237991    26.7980      0.477  265.56621  265.80444    18.5638    10.5730 -9.990e-29
 130.448521      0.478    14.3272  33.239517    26.7999      0.474  265.56686  265.80503    18.5638    10.5609 -9.990e-29
 130.448524      0.489    14.3267  33.239399    26.8001      0.485  265.56895  265.80710    19.0463    10.6377 -9.990e-29
 130.448527      0.507    14.3263  33.238871    26.7999      0.503  265.57171  265.80984    19.1241    10.6822 -9.990e-29
 130.448530      0.527    14.3257  33.237405    26.7990      0.523  265.57664  265.81474    19.0930    10.6781 -9.990e-29
 130.448533      0.548    14.3246  33.238226    26.8005      0.543  265.57971  265.81775    18.9996    10.6458 -9.990e-29
 130.448536      0.571    14.3234  33.238050    26.8011      0.566  265.58505  265.82302    18.9996    10.6701 -9.990e-29
 130.448539      0.597    14.3224  33.237229    26.8019      0.591  265.59050  265.82842    19.1552    10.7186 0.0000e+00
 130.448542      0.628    14.3217  33.238286    26.8022      0.622  265.59194  265.82981    18.9996    10.7671 0.0000e+00
 130.448545      0.657    14.3213  33.237582    26.8024      0.651  265.59468  265.83253    19.0152    10.7348 0.0000e+00
 130.448547      0.686    14.3207  33.237230    26.8022      0.680  265.59779  265.83561    19.0619    10.6984 -9.990e-29
 130.448550      0.708    14.3200  33.237641    26.8031      0.702  265.59996  265.83774    20.4626    10.5609 -9.990e-29
 130.448553      0.731    14.3198  33.237582    26.8032      0.725  265.60102  265.83879    20.5249    10.5690 -9.990e-29
 130.448556      0.755    14.3195  33.235939    26.8019      0.748  265.60498  265.84274    20.5716    10.5609 -9.990e-29
 130.448559      0.775    14.3190  33.237817    26.8040      0.768  265.60412  265.84184    20.5560    10.5770 -9.990e-29
 130.448562      0.797    14.3189  33.236350    26.8027      0.790  265.60685  265.84458    18.8284    10.0231 -9.990e-29
 130.448565      0.816    14.3191  33.237230    26.8034      0.808  265.60479  265.84252    18.7661    10.0231 -9.990e-29
 130.448568      0.832    14.3189  33.237582    26.8038      0.825  265.60485  265.84257    18.8128    10.0150 -9.990e-29
 130.448571      0.856    14.3187  33.237230    26.8045      0.848  265.60639  265.84409    18.8906    10.0271 -9.990e-29
 130.448573      0.883    14.3187  33.238228    26.8045      0.875  265.60477  265.84247    19.7311     9.8411 0.0000e+00
 130.448576      0.912    14.3189  33.238287    26.8045      0.904  265.60375  265.84146    19.7155     9.7926 0.0000e+00
 130.448579      0.941    14.3191  33.238052    26.8044      0.933  265.60352  265.84124    19.7934     9.8411 -9.990e-29
 130.448582      0.965    14.3187  33.235588    26.8037      0.957  265.60914  265.84686    19.9334     9.8532 -9.990e-29
 130.448585      0.993    14.3182  33.236996    26.8037      0.984  265.60874  265.84642    19.4976     9.4489 0.0000e+00
 130.448588      1.022    14.3179  33.236820    26.8037      1.013  265.61031  265.84797    19.4510     9.4003 -9.990e-29
 130.448591      1.045    14.3179  33.235119    26.8031      1.036  265.61311  265.85079    19.5443     9.4610 -9.990e-29
 130.448594      1.073    14.3172  33.235588    26.8040      1.063  265.61550  265.85313    19.4665     9.4489 0.0000e+00
 130.448597      1.098    14.3164  33.236997    26.8040      1.089  265.61636  265.85394    19.5132     9.3923 0.0000e+00
 130.448600      1.126    14.3167  33.236997    26.8049      1.116  265.61543  265.85302    17.7233     8.9070 -9.990e-29
 130.448602      1.146    14.3167  33.236234    26.8040      1.136  265.61637  265.85398    17.5988     8.8949 -9.990e-29
 130.448605      1.166    14.3169  33.235941    26.8036      1.155  265.61624  265.85385    17.7233     8.9111 -9.990e-29
 130.448608      1.186    14.3169  33.237584    26.8051      1.175  265.61356  265.85116    17.6299     8.8949 -9.990e-29
 130.448611      1.204    14.3176  33.240987    26.8076      1.193  265.60485  265.84247    12.5871     7.7586 -9.990e-29
 130.448614      1.228    14.3193  33.242043    26.8074      1.217  265.59621  265.83392    12.4471     7.7748 -9.990e-29
 130.448617      1.253    14.3212  33.248381    26.8132      1.242  265.57798  265.81575    12.3848     7.7991 -9.990e-29
 130.448620      1.281    14.3246  33.252723    26.8131      1.269  265.55673  265.79466    12.4315     7.7869 0.0000e+00
 130.448623      1.310    14.3288  33.255775    26.8132      1.298  265.53414  265.77228    11.6222     7.3340 0.0000e+00
 130.448626      1.337    14.3328  33.264461    26.8130      1.325  265.50295  265.74126    11.3731     7.3624 0.0000e+00
 130.448628      1.363    14.3381  33.262347    26.8152      1.350  265.48440  265.72303    11.6844     7.3260 0.0000e+00
 130.448631      1.390    14.3414  33.265340    26.8124      1.378  265.46568  265.70448    11.4198     7.2936 -9.990e-29
 130.448634      1.414    14.3441  33.268216    26.8135      1.401  265.44998  265.68890    11.4976     7.6899 -9.990e-29
 130.448637      1.439    14.3469  33.274145    26.8168      1.426  265.42835  265.66739    11.4510     7.7222 -9.990e-29
 130.448640      1.461    14.3505  33.276023    26.8161      1.448  265.41051  265.64974    11.6066     7.7222 -9.990e-29
 130.448643      1.480    14.3535  33.279134    26.8167      1.466  265.39285  265.63223    11.6533     7.6818 -9.990e-29
 130.448646      1.502    14.3563  33.279779    26.8154      1.488  265.38017  265.61970    11.4976     7.7222 -9.990e-29
 130.448649      1.522    14.3583  33.280425    26.8145      1.508  265.37063  265.61027    13.6299     7.7708 -9.990e-29
 130.448652      1.547    14.3596  33.279955    26.8133      1.533  265.36575  265.60548    13.9257     7.8031 -9.990e-29
 130.448655      1.573    14.3608  33.281012    26.8124      1.559  265.35932  265.59910    13.6299     7.7829 0.0000e+00
 130.448657      1.600    14.3614  33.279368    26.8114      1.586  265.35951  265.59933    13.5054     7.7829 0.0000e+00
 130.448660      1.627    14.3614  33.279368    26.8114      1.613  265.35953  265.59935    14.0969     8.1226 0.0000e+00
 130.448663      1.655    14.3612  33.277490    26.8114      1.640  265.36355  265.60338    14.2214     8.1953 -9.990e-29
 130.448666      1.680    14.3606  33.275729    26.8069      1.665  265.36896  265.60877    14.1280     8.1751 -9.990e-29
 130.448669      1.706    14.3593  33.272677    26.8069      1.691  265.37932  265.61907    14.0346     8.1994 0.0000e+00
 130.448672      1.732    14.3578  33.272560    26.8069      1.716  265.38581  265.62548    13.8323     8.1185 -9.990e-29
 130.448675      1.757    14.3563  33.272208    26.8085      1.741  265.39238  265.63197    13.8478     8.0740 -9.990e-29
 130.448678      1.788    14.3556  33.272149    26.8089      1.772  265.39564  265.63519    13.7700     8.1306 -9.990e-29
 130.448681      1.804    14.3549  33.272032    26.8093      1.788  265.39867  265.63819    13.9101     8.1226 -9.990e-29
 130.448683      1.825    14.3548  33.272678    26.8099      1.808  265.39795  265.63745    13.9257     8.3733 -9.990e-29
 130.448686      1.843    14.3551  33.272736    26.8098      1.826  265.39660  265.63612    13.7233     8.3409 -9.990e-29
 130.448689      1.863    14.3551  33.269508    26.8069      1.846  265.40221  265.64174    13.7545     8.3652 -9.990e-29
 130.448692      1.883    14.3540  33.268569    26.8068      1.866  265.40816  265.64764    14.0813     8.4097 -9.990e-29
 130.448695      1.907    14.3528  33.265928    26.8053      1.890  265.41752  265.65696    13.9101     8.3490 -9.990e-29
 130.448698      1.930    14.3514  33.263639    26.8040      1.913  265.42694  265.66632    15.1708     8.3126 -9.990e-29
 130.448701      1.962    14.3496  33.261937    26.8046      1.944  265.43761  265.67689    14.9996     8.2641 0.0000e+00
 130.448704      1.991    14.3480  33.262172    26.8052      1.973  265.44353  265.68273    15.0152     8.3045 0.0000e+00
 130.448707      2.020    14.3471  33.263170    26.8063      2.002  265.44601  265.68514    15.1241     8.2883 0.0000e+00
 130.448709      2.047    14.3467  33.262348    26.8066      2.029  265.44894  265.68806    14.0657     8.3045 0.0000e+00
 130.448712      2.078    14.3465  33.261938    26.8063      2.060  265.45058  265.68968    14.0969     8.3005 -9.990e-29
 130.448715      2.102    14.3464  33.261762    26.8059      2.083  265.45119  265.69030    14.0657     8.2964 -9.990e-29
 130.448718      2.126    14.3462  33.260881    26.8052      2.107  265.45328  265.69238    14.0502     8.2803 -9.990e-29
 130.448721      2.142    14.3455  33.261175    26.8060      2.123  265.45595  265.69501    15.1708     8.5552 -9.990e-29
 130.448724      2.161    14.3450  33.260295    26.8055      2.141  265.45929  265.69833    15.3576     8.5754 -9.990e-29
 130.448727      2.177    14.3446  33.259590    26.8052      2.158  265.46234  265.70136    15.3887     8.5391 -9.990e-29
 130.448730      2.195    14.3438  33.259415    26.8056      2.176  265.46610  265.70507    15.4510     8.5633 -9.990e-29
 130.448733      2.219    14.3431  33.259004    26.8070      2.199  265.46962  265.70855    14.8440     8.5350 -9.990e-29
 130.448736      2.245    14.3429  33.260354    26.8066      2.225  265.46805  265.70697    14.8128     8.5552 0.0000e+00
 130.448738      2.274    14.3431  33.259650    26.8069      2.254  265.46859  265.70752    14.7661     8.5512 0.0000e+00
 130.448741      2.305    14.3435  33.260589    26.8069      2.284  265.46550  265.70445    14.9996     8.5431 0.0000e+00
 130.448744      2.338    14.3438  33.262995    26.8083      2.317  265.46033  265.69927    14.7661     8.5754 0.0000e+00
 130.448747      2.367    14.3449  33.263347    26.8088      2.346  265.45505  265.69406    15.3887     8.0417 0.0000e+00
 130.448750      2.396    14.3459  33.265108    26.8087      2.375  265.44778  265.68684    15.4198     8.0134 0.0000e+00
 130.448753      2.423    14.3472  33.264052    26.8091      2.402  265.44418  265.68331    15.3420     8.0255 -9.990e-29
 130.448756      2.445    14.3485  33.265930    26.8081      2.424  265.43577  265.67497    15.2953     8.0700 -9.990e-29
 130.448759      2.464    14.3497  33.267397    26.8086      2.442  265.42835  265.66760    15.3731     8.4420 -9.990e-29
 130.448762      2.478    14.3505  33.266986    26.8077      2.456  265.42588  265.66518    15.3731     8.4218 -9.990e-29
 130.448764      2.493    14.3507  33.266575    26.8071      2.471  265.42562  265.66493    15.2953     8.4460 -9.990e-29
 130.448767      2.511    14.3505  33.266575    26.8052      2.489  265.42626  265.66556    15.4354     8.4016 -9.990e-29
 130.448770      2.537    14.3504  33.264169    26.8055      2.514  265.43084  265.67015    17.1786     9.2588 0.0000e+00
 130.448773      2.564    14.3494  33.264052    26.8057      2.541  265.43514  265.67440    17.0541     9.2426 0.0000e+00
 130.448776      2.595    14.3484  33.263759    26.8057      2.572  265.43973  265.67893    17.0696     9.2507 0.0000e+00
 130.448779      2.630    14.3478  33.262585    26.8055      2.606  265.44418  265.68336    17.2408     9.1901 0.0000e+00
 130.448782      2.660    14.3471  33.260942    26.8051      2.637  265.45003  265.68918    15.1397     8.7493 0.0000e+00
 130.448785      2.690    14.3461  33.261764    26.8046      2.666  265.45280  265.69188    15.1552     8.6401 -9.990e-29
 130.448788      2.715    14.3456  33.261940    26.8064      2.691  265.45441  265.69347    15.2953     8.6078 -9.990e-29
 130.448791      2.742    14.3455  33.261353    26.8060      2.718  265.45602  265.69507    15.2331     8.6199 -9.990e-29
 130.448793      2.760    14.3450  33.259416    26.8046      2.736  265.46108  265.70013    15.1708     8.6240 -9.990e-29
 130.448796      2.777    14.3438  33.258184    26.8043      2.752  265.46846  265.70744    15.3109     8.7372 -9.990e-29
 130.448799      2.788    14.3425  33.256717    26.8039      2.763  265.47621  265.71513    15.1241     8.7453 -9.990e-29
 130.448802      2.806    14.3407  33.254839    26.8034      2.781  265.48653  265.72537    14.9529     8.7129 -9.990e-29
 130.448805      2.828    14.3393  33.255954    26.8054      2.803  265.49070  265.72944    15.1552     8.7655 -9.990e-29
 130.448808      2.850    14.3381  33.256307    26.8070      2.824  265.49517  265.73384    17.1319     9.2548 -9.990e-29
 130.448811      2.881    14.3375  33.256365    26.8058      2.855  265.49761  265.73625    17.1319     9.2346 0.0000e+00
 130.448814      2.912    14.3374  33.253549    26.8046      2.886  265.50286  265.74152    17.0696     9.2467 0.0000e+00
 130.448817      2.939    14.3365  33.252962    26.8046      2.913  265.50730  265.74591    17.3031     9.2467 0.0000e+00
 130.448819      2.972    14.3350  33.253960    26.8066      2.946  265.51198  265.75050    16.5716     9.2386 0.0000e+00
 130.448822      2.999    14.3341  33.254840    26.8080      2.972  265.51433  265.75279    16.8206     9.2386 0.0000e+00
 130.448825      3.025    14.3344  33.255369    26.8081      2.998  265.51222  265.75070    16.6650     9.2426 0.0000e+00
 130.448828      3.054    14.3350  33.256073    26.8082      3.027  265.50857  265.74707    16.5405     9.2386 -9.990e-29
 130.448831      3.078    14.3356  33.253608    26.8058      3.050  265.51010  265.74866    16.2136     9.2426 -9.990e-29
 130.448834      3.092    14.3347  33.251261    26.8043      3.065  265.51773  265.75625    15.6222     8.8059 -9.990e-29
 130.448837      3.109    14.3326  33.250205    26.8048      3.081  265.52828  265.76668    15.6844     8.8342 -9.990e-29
 130.448840      3.127    14.3310  33.252200    26.8077      3.099  265.53163  265.76993    15.6689     8.8181 -9.990e-29
 130.448843      3.146    14.3307  33.252494    26.8082      3.117  265.53242  265.77070    15.7000     8.7817 -9.990e-29
 130.448845      3.167    14.3310  33.253609    26.8080      3.139  265.52935  265.76764    18.5327     9.1901 -9.990e-29
 130.448848      3.196    14.3318  33.253139    26.8081      3.168  265.52699  265.76533    18.5015     9.2143 0.0000e+00
 130.448851      3.224    14.3326  33.254196    26.8080      3.195  265.52181  265.76019    18.3926     9.1982 0.0000e+00
 130.448854      3.260    14.3333  33.253961    26.8077      3.231  265.51939  265.75781    18.5638     9.1618 0.0000e+00
 130.448857      3.290    14.3341  33.254196    26.8075      3.260  265.51556  265.75402    17.5677     9.0526 0.0000e+00
 130.448860      3.321    14.3346  33.255193    26.8073      3.291  265.51206  265.75054    17.4587     9.0526 -9.990e-29
 130.448863      3.344    14.3350  33.254841    26.8072      3.314  265.51076  265.74927    17.6299     9.0526 -9.990e-29
 130.448866      3.377    14.3352  33.254959    26.8072      3.347  265.50964  265.74817    17.6611     9.0526 -9.990e-29
 130.448869      3.395    14.3353  33.254196    26.8064      3.365  265.51059  265.74912    17.5521     9.5176 -9.990e-29
 130.448872      3.416    14.3351  33.253140    26.8056      3.385  265.51327  265.75180    17.5988     9.5055 -9.990e-29
