Processed/SBE19plus_01907321_2022_05_10_Cast107_wfilter.cnv
* Sea-Bird SBE19plus  Data File:
* FileName = E:\Prandtl_Daten\2022\CTD\Raw\SBE19plus_01907321_2022_05_09_Cast107.hex
* Software version 2.6.1.12
* Temperature SN = 7321
* Conductivity SN = 7321
* System UpLoad Time = May 10 2022 08:20:34
* <ApplicationData>
* <Seaterm232>
** Messpraktikum 2022
** CTD 09.05  BE
** NMEA Latitude = 54 07 547N
** NMEA Longitude = 008 51 781E
# nquan = 11
# nvalues = 625                         
# units = specified
# name 0 = timeJ: Julian Days
# name 1 = prdM: Pressure, Strain Gauge [db]
# name 2 = tv290C: Temperature [ITS-90, deg C]
# name 3 = c0mS/cm: Conductivity [mS/cm]
# name 4 = sal00: Salinity, Practical [PSU]
# name 5 = depSM: Depth [salt water, m], lat = 54.00
# name 6 = oxsatMm/Kg: Oxygen Saturation, Weiss [umol/kg]
# name 7 = oxsolMm/Kg: Oxygen Saturation, Garcia & Gordon [umol/kg]
# name 8 = turbWETntu0: Turbidity, WET Labs ECO [NTU]
# name 9 = flECO-AFL: Fluorescence, WET Labs ECO-AFL/FL [mg/m^3]
# name 10 = flag:  0.000e+00
# span 0 = 130.342222, 130.344028       
# span 1 =      0.504,     15.685       
# span 2 =    13.7491,    13.8342       
# span 3 =  33.011293,  33.122764       
# span 4 =    26.9826,    27.0719       
# span 5 =      0.499,     15.544       
# span 6 =  267.84177,  268.30554       
# span 7 =  268.05215,  268.51289       
# span 8 =     4.2136,    13.1786       
# span 9 =     3.1934,     4.8068       
# span 10 = 0.0000e+00, 0.0000e+00      
# interval = seconds: 0.25
# start_time = May 10 2022 08:11:37 [Instrument's time stamp, header]
# bad_flag = -9.990e-29
*END*
[from data line 394]
 130.343362     10.038    13.7608  33.102120    27.0686      9.948  268.18706  268.39323     5.5988     3.7595 0.0000e+00
 130.343365     10.075    13.7611  33.102062    27.0683      9.984  268.18593  268.39212     5.6144     3.7271 0.0000e+00
 130.343368     10.109    13.7609  33.101652    27.0683     10.019  268.18758  268.39376     4.4938     3.4117 0.0000e+00
 130.343371     10.144    13.7604  33.102531    27.0686     10.053  268.18832  268.39446     4.4782     3.3996 0.0000e+00
 130.343374     10.173    13.7606  33.102706    27.0692     10.082  268.18710  268.39325     4.5405     3.4400 -9.990e-29
 130.343377     10.197    13.7610  33.102706    27.0689     10.106  268.18523  268.39141     4.6805     3.4158 -9.990e-29
 130.343380     10.221    13.7611  33.103937    27.0699     10.129  268.18286  268.38904     5.0852     3.6220 -9.990e-29
 130.343383     10.243    13.7616  33.102706    27.0685     10.151  268.18275  268.38897     5.0696     3.6179 -9.990e-29
 130.343385     10.257    13.7614  33.102531    27.0684     10.165  268.18399  268.39020     5.0541     3.6260 -9.990e-29
 130.343388     10.274    13.7612  33.102238    27.0683     10.182  268.18544  268.39163     4.9918     3.6139 -9.990e-29
 130.343391     10.290    13.7606  33.101652    27.0682     10.198  268.18894  268.39511     4.8517     3.6099 -9.990e-29
 130.343394     10.305    13.7601  33.101535    27.0684     10.212  268.19103  268.39717     4.5405     3.8484 -9.990e-29
 130.343397     10.326    13.7597  33.102063    27.0692     10.234  268.19204  268.39815     4.5405     3.8808 -9.990e-29
 130.343400     10.346    13.7598  33.102707    27.0698     10.254  268.19065  268.39676     4.5560     3.8565 -9.990e-29
 130.343403     10.378    13.7604  33.103293    27.0697     10.285  268.18718  268.39331     4.5560     3.8565 0.0000e+00
 130.343406     10.407    13.7612  33.103703    27.0696     10.313  268.18305  268.38924     4.3537     3.7473 0.0000e+00
 130.343409     10.434    13.7620  33.103703    27.0690     10.341  268.17962  268.38585     4.3226     3.7231 0.0000e+00
 130.343411     10.459    13.7621  33.102707    27.0684     10.366  268.18069  268.38693     4.2603     3.7433 0.0000e+00
 130.343414     10.490    13.7618  33.102883    27.0684     10.397  268.18166  268.38789     4.3226     3.7595 0.0000e+00
 130.343417     10.516    13.7618  33.103703    27.0688     10.422  268.18061  268.38683     5.9257     3.9980 0.0000e+00
 130.343420     10.543    13.7617  33.104758    27.0692     10.449  268.17917  268.38537     5.6922     3.9980 -9.990e-29
 130.343423     10.567    13.7627  33.105695    27.0703     10.473  268.17322  268.37948     5.8167     3.9980 -9.990e-29
 130.343426     10.589    13.7636  33.104582    27.0686     10.494  268.17134  268.37766     5.8323     4.0021 -9.990e-29
 130.343429     10.605    13.7635  33.104172    27.0683     10.510  268.17235  268.37867     6.5171     3.9738 -9.990e-29
 130.343432     10.618    13.7634  33.104699    27.0689     10.523  268.17210  268.37841     6.6261     3.9900 -9.990e-29
 130.343435     10.643    13.7632  33.104992    27.0693     10.548  268.17256  268.37886     6.5949     4.0142 -9.990e-29
 130.343437     10.667    13.7632  33.103938    27.0676     10.572  268.17435  268.38065     6.5482     3.9980 -9.990e-29
 130.343440     10.695    13.7629  33.102942    27.0679     10.599  268.17699  268.38328     6.5949     3.9980 0.0000e+00
 130.343443     10.722    13.7623  33.103118    27.0682     10.626  268.17953  268.38578     6.3303     4.2690 0.0000e+00
 130.343446     10.755    13.7617  33.104114    27.0693     10.658  268.18038  268.38659     6.2836     4.2568 0.0000e+00
 130.343449     10.787    13.7621  33.104173    27.0693     10.691  268.17874  268.38497     6.2525     4.2407 0.0000e+00
 130.343452     10.817    13.7623  33.103528    27.0689     10.720  268.17890  268.38515     6.3615     4.2407 0.0000e+00
 130.343455     10.846    13.7621  33.103118    27.0685     10.749  268.18055  268.38679     7.5910     3.8727 -9.990e-29
 130.343458     10.868    13.7619  33.102708    27.0680     10.770  268.18188  268.38811     7.5132     3.8767 -9.990e-29
 130.343461     10.890    13.7612  33.102709    27.0686     10.792  268.18503  268.39122     7.5910     3.8403 -9.990e-29
 130.343464     10.906    13.7604  33.103119    27.0695     10.808  268.18780  268.39394     7.4821     3.8686 -9.990e-29
 130.343466     10.922    13.7604  33.103529    27.0699     10.825  268.18712  268.39325     5.8634     4.0385 -9.990e-29
 130.343469     10.933    13.7606  33.102533    27.0688     10.835  268.18786  268.39402     5.9101     4.0344 -9.990e-29
 130.343472     10.950    13.7607  33.102709    27.0689     10.852  268.18726  268.39342     5.7078     4.0466 -9.990e-29
 130.343475     10.966    13.7601  33.101010    27.0685     10.868  268.19232  268.39847     5.8167     4.0627 -9.990e-29
 130.343478     10.994    13.7589  33.100952    27.0684     10.895  268.19777  268.40384     6.5171     4.3013 0.0000e+00
 130.343481     11.019    13.7583  33.100366    27.0685     10.920  268.20128  268.40732     6.5171     4.3094 0.0000e+00
 130.343484     11.057    13.7575  33.101245    27.0695     10.958  268.20296  268.40895     6.5171     4.3418 0.0000e+00
 130.343487     11.096    13.7574  33.100952    27.0697     10.996  268.20410  268.41009     6.6883     4.3458 0.0000e+00
 130.343490     11.130    13.7576  33.101421    27.0695     11.031  268.20240  268.40839     6.4548     4.2811 0.0000e+00
 130.343492     11.163    13.7577  33.100835    27.0692     11.063  268.20309  268.40909     5.7389     3.6624 0.0000e+00
 130.343495     11.198    13.7573  33.100308    27.0692     11.097  268.20557  268.41155     5.7700     3.6624 0.0000e+00
 130.343498     11.229    13.7567  33.100191    27.0692     11.128  268.20860  268.41455     5.8012     3.6705 0.0000e+00
 130.343501     11.254    13.7567  33.099957    27.0693     11.153  268.20901  268.41496     5.8478     3.6746 -9.990e-29
 130.343504     11.269    13.7561  33.100367    27.0699     11.168  268.21084  268.41675     6.8128     3.8403 -9.990e-29
 130.343507     11.287    13.7562  33.101011    27.0704     11.186  268.20914  268.41505     6.7194     3.8686 -9.990e-29
 130.343510     11.301    13.7565  33.101539    27.0706     11.200  268.20701  268.41293     6.7350     3.8606 -9.990e-29
 130.343513     11.320    13.7573  33.101832    27.0704     11.218  268.20339  268.40936     6.8128     3.8484 -9.990e-29
 130.343516     11.336    13.7576  33.100836    27.0698     11.235  268.20351  268.40950     6.2836     4.0304 -9.990e-29
 130.343519     11.363    13.7577  33.101539    27.0691     11.262  268.20203  268.40802     6.2681     4.0466 0.0000e+00
 130.343521     11.394    13.7579  33.100191    27.0684     11.292  268.20337  268.40939     6.2369     4.0385 0.0000e+00
 130.343524     11.425    13.7575  33.099547    27.0684     11.323  268.20636  268.41236     6.2681     4.0142 0.0000e+00
 130.343527     11.462    13.7565  33.100192    27.0694     11.359  268.20937  268.41531     5.7078     3.8242 0.0000e+00
 130.343530     11.497    13.7565  33.100368    27.0695     11.394  268.20910  268.41503     5.8167     3.7918 0.0000e+00
 130.343533     11.526    13.7564  33.100133    27.0695     11.422  268.20983  268.41576     5.7700     3.7837 -9.990e-29
 130.343536     11.549    13.7564  33.100368    27.0695     11.446  268.20945  268.41537     5.8945     3.8242 -9.990e-29
 130.343539     11.573    13.7563  33.100837    27.0701     11.470  268.20930  268.41521     5.7545     3.7878 -9.990e-29
 130.343542     11.586    13.7564  33.100544    27.0697     11.482  268.20917  268.41510     6.0969     3.6584 -9.990e-29
 130.343545     11.602    13.7564  33.101247    27.0704     11.498  268.20831  268.41423     6.0502     3.6826 -9.990e-29
 130.343547     11.610    13.7567  33.101950    27.0707     11.506  268.20557  268.41150     6.0191     3.6665 -9.990e-29
 130.343550     11.619    13.7570  33.101247    27.0699     11.515  268.20550  268.41146     5.9879     3.6948 -9.990e-29
 130.343553     11.642    13.7570  33.100837    27.0695     11.538  268.20620  268.41217     6.0969     3.9859 -9.990e-29
 130.343556     11.666    13.7566  33.099314    27.0691     11.562  268.21066  268.41661     5.9879     3.9778 -9.990e-29
 130.343559     11.699    13.7562  33.099783    27.0698     11.594  268.21146  268.41738     5.9568     3.9819 0.0000e+00
 130.343562     11.732    13.7559  33.101247    27.0703     11.627  268.21027  268.41616     6.0502     3.9617 0.0000e+00
 130.343565     11.766    13.7565  33.101306    27.0703     11.661  268.20769  268.41361     6.3303     3.9010 0.0000e+00
 130.343568     11.797    13.7571  33.101423    27.0699     11.692  268.20500  268.41096     6.3303     3.8646 0.0000e+00
 130.343571     11.832    13.7572  33.100955    27.0699     11.726  268.20550  268.41147     6.2058     3.8808 0.0000e+00
 130.343573     11.863    13.7570  33.101423    27.0697     11.757  268.20567  268.41162     6.2681     3.8727 0.0000e+00
 130.343576     11.892    13.7567  33.100838    27.0699     11.785  268.20792  268.41386     5.7700     3.9374 0.0000e+00
 130.343579     11.919    13.7564  33.101716    27.0697     11.812  268.20740  268.41332     5.6611     3.9293 -9.990e-29
 130.343582     11.939    13.7568  33.102712    27.0713     11.832  268.20417  268.41011     5.7700     3.9253 -9.990e-29
 130.343585     11.954    13.7575  33.102712    27.0708     11.847  268.20136  268.40733     5.7856     3.9293 -9.990e-29
 130.343588     11.970    13.7581  33.102947    27.0705     11.863  268.19815  268.40416     5.8323     3.9253 -9.990e-29
 130.343591     11.987    13.7587  33.102068    27.0694     11.879  268.19744  268.40349     6.6883     4.2771 -9.990e-29
 130.343594     12.010    13.7589  33.100545    27.0678     11.903  268.19908  268.40516     6.7817     4.2488 -9.990e-29
 130.343597     12.030    13.7578  33.100194    27.0682     11.923  268.20408  268.41009     6.9062     4.2528 -9.990e-29
 130.343600     12.054    13.7569  33.099959    27.0699     11.946  268.20856  268.41452     6.8595     4.2407 -9.990e-29
 130.343602     12.080    13.7561  33.100721    27.0703     11.971  268.21075  268.41665     6.7350     4.0627 0.0000e+00
 130.343605     12.105    13.7556  33.101248    27.0708     11.997  268.21207  268.41794     6.7817     4.0668 0.0000e+00
 130.343608     12.138    13.7560  33.101659    27.0708     12.029  268.20952  268.41541     6.9062     4.0668 0.0000e+00
 130.343611     12.173    13.7565  33.102537    27.0708     12.064  268.20586  268.41178     6.6883     4.0587 0.0000e+00
 130.343614     12.200    13.7570  33.102245    27.0709     12.091  268.20418  268.41013     7.7622     4.0304 0.0000e+00
 130.343617     12.229    13.7572  33.101307    27.0706     12.120  268.20515  268.41112     7.8245     4.0264 -9.990e-29
 130.343620     12.251    13.7569  33.101659    27.0702     12.141  268.20582  268.41177     7.9023     4.0749 -9.990e-29
 130.343623     12.273    13.7568  33.101425    27.0700     12.163  268.20654  268.41249     7.7000     4.0385 -9.990e-29
 130.343626     12.288    13.7566  33.101308    27.0700     12.178  268.20769  268.41362     7.6066     4.1800 -9.990e-29
 130.343628     12.300    13.7566  33.102069    27.0707     12.190  268.20642  268.41234     7.6222     4.1962 -9.990e-29
 130.343631     12.319    13.7570  33.102714    27.0710     12.208  268.20378  268.40972     7.4976     4.1679 -9.990e-29
 130.343634     12.337    13.7575  33.103299    27.0696     12.226  268.20061  268.40658     7.5910     4.1800 -9.990e-29
 130.343637     12.362    13.7584  33.102245    27.0682     12.252  268.19832  268.40436     7.6066     4.1679 0.0000e+00
 130.343640     12.388    13.7585  33.099316    27.0681     12.277  268.20295  268.40902     7.3264     4.7582 0.0000e+00
 130.343643     12.421    13.7573  33.099785    27.0681     12.309  268.20720  268.41319     7.2331     4.7340 0.0000e+00
 130.343646     12.454    13.7561  33.100371    27.0695     12.342  268.21125  268.41717     7.3109     4.7542 0.0000e+00
 130.343649     12.490    13.7556  33.099961    27.0695     12.378  268.21447  268.42036     7.3576     4.7502 0.0000e+00
 130.343652     12.530    13.7554  33.100371    27.0695     12.418  268.21444  268.42031     7.8245     4.0830 0.0000e+00
 130.343655     12.565    13.7553  33.099141    27.0694     12.452  268.21684  268.42272     7.7311     4.1153 0.0000e+00
 130.343657     12.592    13.7550  33.099727    27.0689     12.479  268.21744  268.42329     7.8089     4.1194 -9.990e-29
 130.343660     12.610    13.7547  33.098087    27.0684     12.497  268.22147  268.42731     7.7622     4.1113 -9.990e-29
 130.343663     12.628    13.7539  33.099551    27.0703     12.515  268.22246  268.42825     8.0580     4.2488 -9.990e-29
 130.343666     12.643    13.7536  33.099552    27.0704     12.530  268.22341  268.42918     8.0580     4.2326 -9.990e-29
 130.343669     12.654    13.7541  33.100606    27.0711     12.540  268.21976  268.42555     8.0113     4.2649 -9.990e-29
 130.343672     12.672    13.7547  33.099317    27.0694     12.558  268.21912  268.42496     8.0113     4.2407 -9.990e-29
 130.343675     12.688    13.7545  33.098731    27.0690     12.575  268.22106  268.42689     8.6183     4.4024 -9.990e-29
 130.343678     12.712    13.7541  33.099552    27.0701     12.598  268.22157  268.42737     8.6183     4.4267 -9.990e-29
 130.343681     12.736    13.7541  33.098380    27.0703     12.622  268.22356  268.42937     8.5560     4.4388 -9.990e-29
 130.343683     12.768    13.7541  33.099786    27.0705     12.654  268.22121  268.42701     8.4626     4.4469 0.0000e+00
 130.343686     12.798    13.7545  33.100548    27.0703     12.683  268.21807  268.42388     8.5560     4.4307 0.0000e+00
 130.343689     12.834    13.7553  33.100372    27.0702     12.719  268.21525  268.42111     8.5560     4.2043 0.0000e+00
 130.343692     12.867    13.7555  33.100841    27.0701     12.752  268.21354  268.41941     8.5716     4.1598 0.0000e+00
 130.343695     12.898    13.7558  33.099318    27.0702     12.782  268.21487  268.42077     8.4626     4.1921 -9.990e-29
 130.343698     12.914    13.7555  33.099786    27.0692     12.798  268.21534  268.42122     8.6338     4.1638 -9.990e-29
 130.343701     12.936    13.7552  33.098966    27.0687     12.820  268.21799  268.42386     8.8050     4.3013 -9.990e-29
 130.343704     12.956    13.7551  33.099318    27.0691     12.840  268.21773  268.42359     8.8517     4.3296 -9.990e-29
 130.343707     12.972    13.7550  33.099787    27.0696     12.856  268.21757  268.42342     8.8829     4.3175 -9.990e-29
 130.343709     12.992    13.7553  33.099963    27.0695     12.876  268.21604  268.42190     8.8984     4.3134 -9.990e-29
 130.343712     13.011    13.7554  33.099963    27.0694     12.894  268.21542  268.42129     8.8984     4.4631 -9.990e-29
 130.343715     13.032    13.7555  33.100841    27.0702     12.916  268.21364  268.41951     9.0541     4.4954 -9.990e-29
 130.343718     13.058    13.7559  33.100314    27.0694     12.941  268.21266  268.41857     9.0229     4.5237 -9.990e-29
 130.343721     13.082    13.7566  33.099553    27.0680     12.965  268.21114  268.41708     9.1163     4.5116 -9.990e-29
 130.343724     13.116    13.7563  33.099143    27.0682     12.999  268.21310  268.41904     7.2642     4.0385 0.0000e+00
 130.343727     13.151    13.7554  33.098967    27.0685     13.033  268.21718  268.42307     7.2642     4.0547 0.0000e+00
 130.343730     13.186    13.7545  33.098733    27.0689     13.068  268.22136  268.42719     7.2642     4.0627 0.0000e+00
 130.343733     13.217    13.7542  33.098967    27.0691     13.099  268.22255  268.42836     7.3264     4.0466 0.0000e+00
 130.343736     13.244    13.7539  33.098323    27.0693     13.126  268.22491  268.43071     7.2175     4.0344 -9.990e-29
