Processed/SBE19plus_01907321_2022_05_08_Cast87_wfilter.cnv
* Sea-Bird SBE19plus  Data File:
* FileName = E:\Prandtl Daten\2022\CTD\Raw\SBE19plus_01907321_2022_05_08_Cast87.hex
* Software version 2.6.1.12
* Temperature SN = 7321
* Conductivity SN = 7321
* System UpLoad Time = May 08 2022 12:17:55
* <ApplicationData>
* <Seaterm232>
** Messpraktikum 2022
** CTD 08.05 NP3
** NMEA Latitude = 54 09.95 N
** NMEA Longitude = 008 40.41 E
# nquan = 11
# nvalues = 550                         
# units = specified
# name 0 = timeJ: Julian Days
# name 1 = prdM: Pressure, Strain Gauge [db]
# name 2 = tv290C: Temperature [ITS-90, deg C]
# name 3 = c0mS/cm: Conductivity [mS/cm]
# name 4 = sal00: Salinity, Practical [PSU]
# name 5 = depSM: Depth [salt water, m], lat = 54.00
# name 6 = oxsatMm/Kg: Oxygen Saturation, Weiss [umol/kg]
# name 7 = oxsolMm/Kg: Oxygen Saturation, Garcia & Gordon [umol/kg]
# name 8 = turbWETntu0: Turbidity, WET Labs ECO [NTU]
# name 9 = flECO-AFL: Fluorescence, WET Labs ECO-AFL/FL [mg/m^3]
# name 10 = flag:  0.000e+00
# span 0 = 128.507700, 128.509288       
# span 1 =      0.582,     14.789       
# span 2 =    12.5196,    12.7601       
# span 3 =  32.660569,  33.019915       
# span 4 =    27.5349,    27.7159       
# span 5 =      0.576,     14.657       
# span 6 =  272.63322,  274.29254       
# span 7 =  272.77695,  274.42387       
# span 8 =    -6.4790,    72.5716       
# span 9 =    -0.2154,    15.0776       
# span 10 = 0.0000e+00, 0.0000e+00      
# interval = seconds: 0.25
# start_time = May 08 2022 12:10:02 [Instrument's time stamp, header]
# bad_flag = -9.990e-29
*END*
 128.507700      0.582    12.6525  32.754597    27.5476      0.576  273.56266  273.70177    -6.3078    -0.1426 0.0000e+00
 128.507703      0.616    12.6526  32.751271    27.5460      0.611  273.56828  273.70744    -6.4323    -0.1426 0.0000e+00
 128.507705      0.642    12.6526  32.751680    27.5444      0.636  273.56758  273.70672    -6.3856    -0.1709 -9.990e-29
 128.507708      0.660    12.6526  32.754597    27.5475      0.654  273.56240  273.70152    -6.2144    -0.0982 -9.990e-29
 128.507711      0.678    12.6526  32.754363    27.5469      0.672  273.56251  273.70164    -6.1522    -0.1831 -9.990e-29
 128.507714      0.719    12.6528  32.754130    27.5472      0.712  273.56233  273.70147    -6.2455    -0.2033 0.0000e+00
 128.507717      0.759    12.6529  32.754772    27.5474      0.752  273.56059  273.69973    -6.3234    -0.1467 0.0000e+00
 128.507720      0.793    12.6531  32.755006    27.5475      0.786  273.55958  273.69873    -6.4790    -0.1265 0.0000e+00
 128.507723      0.830    12.6534  32.755997    27.5481      0.822  273.55628  273.69544    -6.3545    -0.2154 0.0000e+00
 128.507726      0.859    12.6541  32.756639    27.5481      0.851  273.55203  273.69124    -6.3389    -0.1871 0.0000e+00
 128.507729      0.901    12.6551  32.757339    27.5482      0.893  273.54645  273.68571    -5.4362    -0.0254 0.0000e+00
 128.507731      0.935    12.6560  32.758273    27.5481      0.927  273.54075  273.68007    -5.5140    -0.0092 -9.990e-29
 128.507734      0.952    12.6567  32.758681    27.5482      0.943  273.53723  273.67659    -5.4985    -0.0254 -9.990e-29
 128.507737      0.976    12.6573  32.758915    27.5479      0.967  273.53402  273.67342    -5.5763    -0.0213 -9.990e-29
 128.507740      0.985    12.6578  32.759673    27.5483      0.976  273.53050  273.66992    -0.6113     1.1958 -9.990e-29
 128.507743      0.992    12.6583  32.758681    27.5470      0.983  273.53008  273.66955    -0.7669     1.1958 -9.990e-29
 128.507746      1.003    12.6587  32.759731    27.5477      0.994  273.52666  273.66614    -0.7514     1.1635 -9.990e-29
 128.507749      1.025    12.6587  32.756756    27.5476      1.016  273.53196  273.67147    -0.6424     1.1635 -9.990e-29
 128.507752      1.050    12.6588  32.759731    27.5478      1.041  273.52638  273.66586    -0.6736     1.1715 0.0000e+00
 128.507755      1.089    12.6587  32.760140    27.5476      1.079  273.52599  273.66547    -0.3000     1.3252 0.0000e+00
 128.507758      1.127    12.6589  32.758681    27.5466      1.117  273.52767  273.66718    -0.5490     1.3495 0.0000e+00
 128.507760      1.173    12.6593  32.759090    27.5466      1.162  273.52542  273.66494    -0.5490     1.3535 0.0000e+00
 128.507763      1.213    12.6603  32.761132    27.5478      1.202  273.51744  273.65701    -0.5179     1.3737 0.0000e+00
 128.507766      1.250    12.6610  32.762591    27.5482      1.238  273.51144  273.65105    -0.4245     1.4142 0.0000e+00
 128.507769      1.279    12.6617  32.764224    27.5485      1.268  273.50544  273.64508    -0.2222     1.3939 -9.990e-29
 128.507772      1.301    12.6629  32.762824    27.5474      1.289  273.50295  273.64268    -0.4090     1.4829 -9.990e-29
 128.507775      1.301    12.6637  32.763407    27.5474      1.289  273.49848  273.63825    -0.3311     1.4667 -9.990e-29
 128.507778      1.305    12.6646  32.759907    27.5434      1.293  273.50065  273.64052    -0.5490     1.4748 -9.990e-29
 128.507781      1.317    12.6649  32.765158    27.5481      1.306  273.49007  273.62991    -0.7669     1.4303 -9.990e-29
 128.507784      1.337    12.6650  32.764049    27.5479      1.325  273.49143  273.63129    -0.7202     1.4465 -9.990e-29
 128.507786      1.368    12.6653  32.765275    27.5478      1.356  273.48803  273.62789    -0.4712     1.4546 0.0000e+00
 128.507789      1.406    12.6655  32.765391    27.5478      1.394  273.48691  273.62679    -0.4090     1.5355 0.0000e+00
 128.507792      1.434    12.6655  32.763816    27.5463      1.421  273.48973  273.62962    -0.3934     1.5516 0.0000e+00
 128.507795      1.474    12.6650  32.759907    27.5437      1.461  273.49920  273.63909    -0.3934     1.5557 0.0000e+00
 128.507798      1.509    12.6631  32.759091    27.5437      1.495  273.50879  273.64857    -0.4557     1.5395 0.0000e+00
 128.507801      1.542    12.6608  32.759091    27.5446      1.528  273.51911  273.65873    -0.5179     1.5799 0.0000e+00
 128.507804      1.569    12.6597  32.759500    27.5454      1.555  273.52308  273.66263    -0.7047     1.5516 -9.990e-29
 128.507807      1.585    12.6595  32.760316    27.5474      1.571  273.52226  273.66179    -0.7514     1.5557 -9.990e-29
 128.507810      1.603    12.6597  32.756758    27.5440      1.589  273.52798  273.66755    -0.7669     1.5678 -9.990e-29
 128.507813      1.627    12.6590  32.759325    27.5469      1.613  273.52655  273.66605    -0.4557     1.5476 -9.990e-29
 128.507815      1.647    12.6588  32.759908    27.5475      1.633  273.52615  273.66564    -0.3156     1.5921 -9.990e-29
 128.507818      1.671    12.6586  32.759500    27.5473      1.656  273.52783  273.66731    -0.0510     1.6123 -9.990e-29
 128.507821      1.695    12.6587  32.759909    27.5476      1.680  273.52680  273.66628    -0.2378     1.6123 -9.990e-29
 128.507824      1.717    12.6586  32.760550    27.5481      1.701  273.52599  273.66546    -0.1599     1.6285 -9.990e-29
 128.507827      1.749    12.6590  32.760725    27.5480      1.734  273.52414  273.66363    -0.5490     1.6406 0.0000e+00
 128.507830      1.780    12.6593  32.760667    27.5479      1.764  273.52302  273.66253    -0.3778     1.6204 0.0000e+00
 128.507833      1.815    12.6596  32.760726    27.5479      1.799  273.52137  273.66091    -0.4245     1.6446 0.0000e+00
 128.507836      1.844    12.6599  32.761776    27.5480      1.828  273.51828  273.65782    -0.3467     1.6042 0.0000e+00
 128.507839      1.876    12.6604  32.762184    27.5484      1.859  273.51539  273.65496    -0.5646     1.8023 -9.990e-29
 128.507841      1.899    12.6608  32.762068    27.5480      1.882  273.51405  273.65365    -0.2533     1.7902 -9.990e-29
 128.507844      1.927    12.6615  32.763235    27.5486      1.909  273.50888  273.64851    -0.3934     1.8185 -9.990e-29
 128.507847      1.952    12.6620  32.763001    27.5480      1.935  273.50712  273.64679    -0.5179     1.8104 -9.990e-29
 128.507850      1.970    12.6623  32.763643    27.5483      1.953  273.50443  273.64412     0.1825     1.7943 -9.990e-29
 128.507853      1.985    12.6628  32.763410    27.5477      1.967  273.50267  273.64240     0.2292     1.9520 -9.990e-29
 128.507856      2.007    12.6628  32.762185    27.5466      1.989  273.50487  273.64460     0.2759     1.9398 -9.990e-29
 128.507859      2.029    12.6622  32.759326    27.5424      2.011  273.51246  273.65218     0.1202     1.9843 -9.990e-29
 128.507862      2.060    12.6605  32.755942    27.5420      2.042  273.52598  273.66563     0.5093     1.9237 0.0000e+00
 128.507865      2.093    12.6578  32.752734    27.5424      2.074  273.54388  273.68337     0.1202     2.0207 0.0000e+00
 128.507867      2.129    12.6552  32.755593    27.5458      2.110  273.55006  273.68935    -0.0043     1.9843 0.0000e+00
 128.507870      2.168    12.6538  32.754368    27.5458      2.148  273.55819  273.69740     0.1513     2.0045 0.0000e+00
 128.507873      2.199    12.6529  32.753026    27.5452      2.179  273.56466  273.70382     0.2292     2.0531 0.0000e+00
 128.507876      2.228    12.6516  32.749235    27.5439      2.208  273.57704  273.71615    -0.0977     2.1258 0.0000e+00
 128.507879      2.257    12.6499  32.750635    27.5426      2.237  273.58206  273.72104     0.1047     2.0611 -9.990e-29
 128.507882      2.272    12.6489  32.751627    27.5469      2.252  273.58498  273.72389     0.1825     2.0450 -9.990e-29
 128.507885      2.295    12.6486  32.750869    27.5464      2.275  273.58759  273.72649     0.0424     2.1420 -9.990e-29
 128.507888      2.314    12.6481  32.751685    27.5475      2.293  273.58834  273.72719     0.1358     2.1986 -9.990e-29
 128.507891      2.332    12.6481  32.752094    27.5478      2.311  273.58762  273.72647     0.0580     2.2471 -9.990e-29
 128.507894      2.348    12.6486  32.752269    27.5476      2.327  273.58483  273.72371     0.2292     2.2229 -9.990e-29
 128.507896      2.370    12.6493  32.752327    27.5472      2.349  273.58193  273.72086     0.1202     2.1622 -9.990e-29
 128.507899      2.399    12.6502  32.753144    27.5452      2.378  273.57644  273.71542    -0.0510     2.2593 0.0000e+00
 128.507902      2.430    12.6506  32.749119    27.5433      2.409  273.58206  273.72111    -0.1911     2.3968 0.0000e+00
 128.507905      2.458    12.6487  32.747777    27.5432      2.436  273.59258  273.73151    -0.0666     2.3482 0.0000e+00
 128.507908      2.496    12.6461  32.740136    27.5381      2.473  273.61775  273.75658    -0.0199     2.4049 0.0000e+00
 128.507911      2.529    12.6427  32.735237    27.5360      2.506  273.64116  273.77982     0.1047     2.3846 0.0000e+00
 128.507914      2.565    12.6367  32.727364    27.5349      2.542  273.68173  273.82006    -0.1911     2.3240 0.0000e+00
 128.507917      2.594    12.6287  32.723049    27.5349      2.571  273.72439  273.86224    -0.1288     2.2957 0.0000e+00
 128.507920      2.627    12.6213  32.726782    27.5393      2.603  273.75023  273.88755    -0.0666     2.3442 0.0000e+00
 128.507922      2.654    12.6184  32.725966    27.5437      2.631  273.76450  273.90163     0.0891     2.3685 -9.990e-29
 128.507925      2.676    12.6171  32.721009    27.5414      2.652  273.77897  273.91606    -0.3156     2.3482 -9.990e-29
 128.507928      2.691    12.6142  32.714828    27.5378      2.667  273.80279  273.93975    -0.2222     2.3321 -9.990e-29
 128.507931      2.700    12.6096  32.714013    27.5403      2.676  273.82423  273.96089    -0.4245     2.3078 -9.990e-29
 128.507934      2.713    12.6059  32.711681    27.5409      2.688  273.84494  273.98137    -0.4401     2.3482 -9.990e-29
 128.507937      2.725    12.6031  32.711156    27.5424      2.701  273.85806  273.99431     0.4004     2.3563 -9.990e-29
 128.507940      2.749    12.6005  32.709465    27.5458      2.725  273.87264  274.00873     0.3537     2.4372 -9.990e-29
 128.507943      2.779    12.5982  32.710924    27.5465      2.754  273.88005  274.01598     0.2292     2.4251 0.0000e+00
 128.507946      2.818    12.5976  32.711857    27.5458      2.793  273.88122  274.01710     0.3070     2.3846 0.0000e+00
 128.507948      2.862    12.5981  32.709058    27.5441      2.837  273.88375  274.01969    -0.1132     2.3725 0.0000e+00
 128.507951      2.908    12.5970  32.707834    27.5441      2.882  273.89096  274.02683    -0.2066     2.3321 0.0000e+00
 128.507954      2.948    12.5951  32.708534    27.5458      2.922  273.89816  274.03390     0.0113     2.3482 0.0000e+00
 128.507957      2.983    12.5946  32.711741    27.5474      2.956  273.89434  274.03002    -0.3156     2.3321 0.0000e+00
 128.507960      3.014    12.5958  32.712790    27.5491      2.987  273.88718  274.02293    -0.1132     2.3240 -9.990e-29
 128.507963      3.038    12.5975  32.713199    27.5483      3.010  273.87929  274.01514    -0.1132     2.4898 -9.990e-29
 128.507966      3.057    12.5994  32.713840    27.5475      3.030  273.86973  274.00571    -0.1911     2.4979 -9.990e-29
 128.507969      3.059    12.6003  32.712965    27.5460      3.032  273.86723  274.00328    -0.1755     2.5342 -9.990e-29
 128.507972      3.068    12.6006  32.710924    27.5439      3.041  273.86963  274.00572    -0.1132     2.5585 -9.990e-29
 128.507975      3.083    12.5998  32.705560    27.5395      3.055  273.88295  274.01904     1.6299     2.5383 -9.990e-29
 128.507977      3.096    12.5968  32.703053    27.5393      3.068  273.90023  274.03615     1.5833     2.5262 -9.990e-29
 128.507980      3.121    12.5928  32.702296    27.5461      3.093  273.91940  274.05505     1.5677     2.5464 -9.990e-29
 128.507983      3.149    12.5907  32.705561    27.5448      3.121  273.92296  274.05843     1.6144     2.5504 0.0000e+00
 128.507986      3.182    12.5902  32.702296    27.5435      3.154  273.93099  274.06646     1.7389     2.3927 0.0000e+00
 128.507989      3.220    12.5886  32.697341    27.5400      3.192  273.94672  274.08214     1.7233     2.4008 0.0000e+00
 128.507992      3.262    12.5847  32.686906    27.5363      3.233  273.98255  274.11781     1.8945     2.3765 0.0000e+00
 128.507995      3.299    12.5779  32.685042    27.5361      3.269  274.01557  274.15039     1.8945     2.3968 0.0000e+00
 128.507998      3.333    12.5716  32.679971    27.5363      3.304  274.05244  274.18689    -0.2378     2.8254 0.0000e+00
 128.508001      3.361    12.5656  32.677232    27.5371      3.331  274.08389  274.21796    -0.4090     2.9022 0.0000e+00
 128.508003      3.392    12.5613  32.675601    27.5380      3.361  274.10556  274.23937    -0.4090     2.9224 -9.990e-29
 128.508006      3.408    12.5583  32.674960    27.5412      3.378  274.12015  274.25375    -0.3467     2.9265 -9.990e-29
 128.508009      3.425    12.5556  32.672105    27.5405      3.394  274.13713  274.27058    -0.3623     2.9103 -9.990e-29
 128.508012      3.441    12.5522  32.671289    27.5422      3.410  274.15327  274.28651     0.0268     2.3765 -9.990e-29
 128.508015      3.465    12.5497  32.670066    27.5448      3.434  274.16672  274.29979     0.0113     2.3563 -9.990e-29
 128.508018      3.492    12.5481  32.670882    27.5442      3.461  274.17215  274.30511     0.1047     2.4008 0.0000e+00
 128.508021      3.523    12.5480  32.669600    27.5446      3.492  274.17508  274.30805     0.0735     2.3968 0.0000e+00
 128.508024      3.559    12.5480  32.670649    27.5446      3.528  274.17323  274.30619    -0.2689     2.4412 0.0000e+00
 128.508027      3.596    12.5480  32.671465    27.5452      3.564  274.17149  274.30444    -0.0043     2.5019 0.0000e+00
 128.508030      3.629    12.5480  32.671290    27.5453      3.596  274.17213  274.30508    -0.1132     2.4210 0.0000e+00
 128.508032      3.656    12.5478  32.670591    27.5452      3.623  274.17434  274.30728    -0.1599     2.5100 -9.990e-29
 128.508035      3.672    12.5477  32.671465    27.5456      3.639  274.17310  274.30603    -0.1911     2.6111 -9.990e-29
 128.508038      3.696    12.5475  32.670241    27.5445      3.663  274.17593  274.30886    -0.1755     2.5585 -9.990e-29
 128.508041      3.709    12.5477  32.670941    27.5451      3.676  274.17406  274.30700    -0.3000     2.5989 -9.990e-29
 128.508044      3.723    12.5482  32.671873    27.5455      3.690  274.16990  274.30287    -0.1599     2.5747 -9.990e-29
 128.508047      3.734    12.5494  32.674146    27.5468      3.701  274.16085  274.29387     0.1825     2.4412 -9.990e-29
 128.508050      3.751    12.5504  32.672689    27.5447      3.717  274.15910  274.29220     0.4471     2.4372 -9.990e-29
 128.508053      3.776    12.5509  32.671523    27.5429      3.742  274.15870  274.29185     0.1825     2.4332 -9.990e-29
 128.508056      3.811    12.5502  32.670649    27.5430      3.777  274.16372  274.29683     0.3537     2.5100 0.0000e+00
 128.508058      3.851    12.5487  32.669659    27.5429      3.816  274.17208  274.30509     0.2914     2.4655 0.0000e+00
 128.508061      3.899    12.5475  32.666978    27.5425      3.864  274.18221  274.31517     0.0580     2.2512 0.0000e+00
 128.508064      3.941    12.5459  32.666862    27.5425      3.905  274.18932  274.32217    -0.0510     2.2431 0.0000e+00
 128.508067      3.975    12.5447  32.665930    27.5425      3.940  274.19631  274.32910     0.0891     2.2269 0.0000e+00
 128.508070      4.010    12.5433  32.665347    27.5425      3.974  274.20363  274.33632     0.1513     2.2633 -9.990e-29
 128.508073      4.034    12.5419  32.663891    27.5426      3.998  274.21249  274.34511    -0.3623     2.4655 -9.990e-29
 128.508076      4.052    12.5409  32.662725    27.5423      4.016  274.21896  274.35152    -0.5179     2.4089 -9.990e-29
