Processed/SBE19plus_01907321_2022_05_05_Cast33_wfilter.cnv
* Sea-Bird SBE19plus  Data File:
* FileName = E:\Prandtl Daten\2022\CTD\Raw\SBE19plus_01907321_2022_05_05_Cast33.hex
* Software version 2.6.1.12
* Temperature SN = 7321
* Conductivity SN = 7321
* System UpLoad Time = May 05 2022 11:57:31
* <ApplicationData>
* <Seaterm232>
** Messpraktikum 2022
** CTD 05.05 NP5
# nquan = 11
# nvalues = 485                         
# units = specified
# name 0 = timeJ: Julian Days
# name 1 = prdM: Pressure, Strain Gauge [db]
# name 2 = tv290C: Temperature [ITS-90, deg C]
# name 3 = c0mS/cm: Conductivity [mS/cm]
# name 4 = sal00: Salinity, Practical [PSU]
# name 5 = depSM: Depth [salt water, m], lat = 54.00
# name 6 = oxsatMm/Kg: Oxygen Saturation, Weiss [umol/kg]
# name 7 = oxsolMm/Kg: Oxygen Saturation, Garcia & Gordon [umol/kg]
# name 8 = turbWETntu0: Turbidity, WET Labs ECO [NTU]
# name 9 = flECO-AFL: Fluorescence, WET Labs ECO-AFL/FL [mg/m^3]
# name 10 = flag:  0.000e+00
# span 0 = 125.494227, 125.495628       
# span 1 =      0.577,     13.116       
# span 2 =    11.9647,    12.1172       
# span 3 =  32.684509,  32.832828       
# span 4 =    27.8950,    28.1057       
# span 5 =      0.572,     12.998       
# span 6 =  276.00606,  276.51475       
# span 7 =  276.10896,  276.60590       
# span 8 =    10.1903,    74.4704       
# span 9 =     4.3337,    10.0352       
# span 10 = 0.0000e+00, 0.0000e+00      
# interval = seconds: 0.25
# start_time = May 05 2022 11:50:20 [Instrument's time stamp, header]
# bad_flag = -9.990e-29
*END*
[from data line 394]
 125.495367     10.983    11.9651  32.809736    28.1048     10.885  276.50327  276.59432    43.1397     9.4772 -9.990e-29
 125.495370     11.003    11.9651  32.809911    28.1052     10.905  276.50296  276.59401    43.1397     9.5014 -9.990e-29
 125.495373     11.027    11.9652  32.809094    28.1044     10.929  276.50386  276.59493    43.2019     9.4772 -9.990e-29
 125.495376     11.054    11.9652  32.808510    28.1038     10.955  276.50495  276.59603    43.0930     9.4529 -9.990e-29
 125.495379     11.076    11.9653  32.807459    28.1027     10.977  276.50659  276.59769    40.4938     9.0486 -9.990e-29
 125.495382     11.098    11.9652  32.805766    28.1012     10.999  276.51003  276.60114    40.4159     9.0445 -9.990e-29
 125.495385     11.119    11.9652  32.806000    28.1014     11.019  276.50962  276.60072    40.5405     9.0405 -9.990e-29
 125.495388     11.135    11.9652  32.804541    28.1000     11.035  276.51231  276.60343    40.3848     9.0283 -9.990e-29
 125.495391     11.157    11.9653  32.805533    28.1009     11.057  276.51019  276.60131    31.3420     7.7303 -9.990e-29
 125.495394     11.182    11.9654  32.805825    28.1011     11.082  276.50936  276.60048    31.2331     7.7263 -9.990e-29
 125.495396     11.204    11.9652  32.805592    28.1010     11.104  276.51043  276.60154    31.3887     7.7142 -9.990e-29
 125.495399     11.224    11.9652  32.804774    28.1002     11.124  276.51226  276.60337    31.3420     7.7222 -9.990e-29
 125.495402     11.242    11.9652  32.807343    28.1027     11.142  276.50754  276.59863    32.4004     8.0781 -9.990e-29
 125.495405     11.266    11.9652  32.807868    28.1030     11.165  276.50659  276.59767    32.2914     8.0740 -9.990e-29
 125.495408     11.292    11.9651  32.807635    28.1035     11.191  276.50735  276.59843    32.2914     8.0781 0.0000e+00
 125.495411     11.325    11.9650  32.808686    28.1040     11.223  276.50575  276.59681    32.2292     8.1266 0.0000e+00
 125.495414     11.365    11.9650  32.809328    28.1043     11.263  276.50459  276.59565    32.2914     8.0902 0.0000e+00
 125.495417     11.401    11.9649  32.808920    28.1044     11.299  276.50599  276.59704    32.5093     7.7505 0.0000e+00
 125.495420     11.443    11.9649  32.809095    28.1043     11.341  276.50539  276.59644    32.5871     7.7505 0.0000e+00
 125.495422     11.476    11.9650  32.808920    28.1044     11.373  276.50542  276.59648    32.5716     7.7829 0.0000e+00
 125.495425     11.509    11.9649  32.810146    28.1048     11.406  276.50381  276.59484    32.4938     7.7465 0.0000e+00
 125.495428     11.538    11.9649  32.809913    28.1054     11.435  276.50395  276.59499    32.5871     7.8961 -9.990e-29
 125.495431     11.560    11.9649  32.809854    28.1051     11.456  276.50438  276.59542    32.5249     7.8961 -9.990e-29
 125.495434     11.589    11.9648  32.808920    28.1043     11.485  276.50643  276.59747    32.4626     7.8638 -9.990e-29
 125.495437     11.613    11.9648  32.809738    28.1051     11.509  276.50494  276.59598    32.5405     7.9002 -9.990e-29
 125.495440     11.631    11.9649  32.810497    28.1057     11.527  276.50325  276.59428    33.6299     8.0659 -9.990e-29
 125.495443     11.652    11.9648  32.810146    28.1054     11.548  276.50422  276.59525    33.4120     8.0215 -9.990e-29
 125.495446     11.674    11.9649  32.810147    28.1053     11.570  276.50362  276.59466    33.3965     8.0134 -9.990e-29
 125.495448     11.700    11.9649  32.809271    28.1045     11.595  276.50555  276.59660    33.5677     8.0053 -9.990e-29
 125.495451     11.724    11.9649  32.809738    28.1053     11.619  276.50471  276.59575    37.6766     8.3045 -9.990e-29
 125.495454     11.755    11.9647  32.809913    28.1056     11.649  276.50534  276.59636    37.6455     8.2600 0.0000e+00
 125.495457     11.784    11.9649  32.810731    28.1053     11.678  276.50262  276.59365    37.6611     8.2681 0.0000e+00
 125.495460     11.811    11.9649  32.810089    28.1052     11.705  276.50382  276.59486    37.7545     8.2803 0.0000e+00
 125.495463     11.844    11.9649  32.808688    28.1046     11.738  276.50673  276.59778    37.6455     8.2762 0.0000e+00
 125.495466     11.869    11.9650  32.807637    28.1039     11.763  276.50806  276.59913    40.5249     8.9232 -9.990e-29
 125.495469     11.893    11.9650  32.808279    28.1034     11.786  276.50689  276.59796    40.4938     8.9232 -9.990e-29
 125.495472     11.922    11.9651  32.805827    28.1010     11.815  276.51112  276.60222    40.5716     8.9272 -9.990e-29
 125.495475     11.936    11.9652  32.807228    28.1023     11.829  276.50824  276.59933    40.4626     8.9030 -9.990e-29
 125.495477     11.953    11.9652  32.806820    28.1019     11.846  276.50900  276.60010    44.5093     9.2871 -9.990e-29
 125.495480     11.971    11.9652  32.807112    28.1022     11.864  276.50848  276.59957    44.4626     9.3154 -9.990e-29
 125.495483     11.993    11.9652  32.806236    28.1013     11.886  276.51010  276.60120    44.4626     9.2993 -9.990e-29
 125.495486     12.015    11.9649  32.805828    28.1026     11.908  276.51180  276.60289    44.5249     9.2912 -9.990e-29
 125.495489     12.050    11.9650  32.807521    28.1017     11.942  276.50840  276.59948    41.5366     8.8949 0.0000e+00
 125.495492     12.090    11.9650  32.805594    28.1008     11.982  276.51197  276.60307    41.4432     8.8585 0.0000e+00
 125.495495     12.134    11.9651  32.805595    28.1007     12.025  276.51169  276.60280    41.4276     8.8666 0.0000e+00
 125.495498     12.180    11.9652  32.805536    28.1007     12.070  276.51121  276.60233    41.3654     8.8504 0.0000e+00
 125.495501     12.223    11.9652  32.806412    28.1006     12.114  276.50963  276.60074    39.4043     8.6240 0.0000e+00
 125.495503     12.258    11.9654  32.804953    28.1008     12.148  276.51172  276.60285    39.3264     8.5997 0.0000e+00
 125.495506     12.287    11.9654  32.806004    28.1003     12.177  276.50950  276.60062    39.4665     8.6240 0.0000e+00
 125.495509     12.317    11.9654  32.804953    28.1008     12.206  276.51176  276.60289    39.4354     8.6401 -9.990e-29
 125.495512     12.333    11.9654  32.805829    28.1006     12.222  276.50985  276.60098    39.3576     8.6118 -9.990e-29
 125.495515     12.348    11.9653  32.805362    28.1003     12.237  276.51134  276.60246    41.0852     9.2548 -9.990e-29
 125.495518     12.357    11.9654  32.805362    28.1002     12.246  276.51104  276.60217    41.2564     9.2426 -9.990e-29
 125.495521     12.366    11.9654  32.805595    28.1004     12.255  276.51062  276.60174    41.1319     9.2224 -9.990e-29
 125.495524     12.381    11.9654  32.805595    28.1004     12.270  276.51063  276.60175    41.2253     9.2305 -9.990e-29
 125.495527     12.399    11.9655  32.805362    28.1001     12.288  276.51045  276.60159    44.3381     9.3963 -9.990e-29
 125.495530     12.428    11.9655  32.805362    28.0996     12.317  276.51047  276.60161    44.4004     9.3599 0.0000e+00
 125.495532     12.461    11.9654  32.804136    28.0997     12.350  276.51306  276.60420    44.3226     9.3559 0.0000e+00
 125.495535     12.505    11.9654  32.804953    28.0995     12.393  276.51159  276.60272    44.2136     9.3437 0.0000e+00
 125.495538     12.545    11.9655  32.804778    28.0997     12.433  276.51163  276.60277    43.5910     9.1618 0.0000e+00
 125.495541     12.585    11.9654  32.804954    28.0995     12.473  276.51164  276.60278    43.6066     9.1982 0.0000e+00
 125.495544     12.614    11.9654  32.803961    28.0992     12.501  276.51380  276.60494    43.5288     9.1537 0.0000e+00
 125.495547     12.644    11.9653  32.805538    28.0988     12.530  276.51123  276.60235    43.7622     9.1577 -9.990e-29
 125.495550     12.667    11.9654  32.805363    28.1001     12.554  276.51126  276.60238    39.7311     9.1820 -9.990e-29
 125.495553     12.687    11.9654  32.804779    28.0996     12.574  276.51234  276.60348    39.7622     9.1577 -9.990e-29
 125.495556     12.700    11.9653  32.804545    28.0994     12.586  276.51309  276.60422    39.5910     9.1860 -9.990e-29
 125.495558     12.711    11.9654  32.804604    28.0993     12.597  276.51237  276.60351    39.6377     9.1779 -9.990e-29
 125.495561     12.728    11.9654  32.803320    28.0981     12.614  276.51475  276.60590    39.9179     9.1618 -9.990e-29
 125.495564     12.749    11.9654  32.803553    28.0991     12.635  276.51464  276.60579    40.8984     9.2548 -9.990e-29
 125.495567     12.784    11.9654  32.804371    28.0994     12.670  276.51285  276.60400    40.8984     9.2346 0.0000e+00
 125.495570     12.820    11.9656  32.805188    28.0997     12.706  276.51045  276.60160    40.8517     9.2588 0.0000e+00
 125.495573     12.857    11.9656  32.805363    28.0998     12.742  276.51015  276.60130    41.0229     9.2467 0.0000e+00
 125.495576     12.893    11.9656  32.805363    28.0998     12.778  276.51048  276.60163    41.2253     9.1133 0.0000e+00
 125.495579     12.928    11.9655  32.804546    28.0998     12.812  276.51232  276.60347    41.1475     9.1011 0.0000e+00
 125.495582     12.957    11.9654  32.805188    28.0995     12.841  276.51178  276.60291    41.1630     9.1133 0.0000e+00
 125.495584     12.986    11.9653  32.804780    28.0996     12.870  276.51286  276.60399    41.1941     9.0809 0.0000e+00
 125.495587     13.014    11.9654  32.806123    28.0995     12.897  276.51010  276.60122    43.3576     9.4165 -9.990e-29
 125.495590     13.036    11.9653  32.804371    28.0991     12.919  276.51365  276.60478    43.3576     9.4246 -9.990e-29
 125.495593     13.056    11.9653  32.806240    28.1009     12.939  276.51022  276.60134    43.4665     9.4206 -9.990e-29
 125.495596     13.068    11.9654  32.804955    28.0995     12.951  276.51198  276.60312    43.3109     9.3963 -9.990e-29
 125.495599     13.081    11.9655  32.805831    28.1003     12.964  276.51006  276.60120    48.0113     9.4165 -9.990e-29
 125.495602     13.089    11.9654  32.806648    28.1011     12.971  276.50888  276.60000    50.4704    10.0352 -9.990e-29
 125.495605     13.096    11.9654  32.804955    28.0995     12.979  276.51200  276.60313    50.5638    10.0190 -9.990e-29
 125.495608     13.103    11.9656  32.804780    28.0992     12.986  276.51170  276.60285    50.4548     9.9867 -9.990e-29
 125.495611     13.102    11.9656  32.805597    28.1000     12.984  276.50989  276.60104    50.5015    10.0069 -9.990e-29
 125.495613     13.107    11.9656  32.805189    28.0996     12.990  276.51065  276.60180    53.6922     9.8735 -9.990e-29
 125.495616     13.109    11.9656  32.803204    28.0977     12.991  276.51430  276.60547    53.7700     9.8937 -9.990e-29
 125.495619     13.112    11.9656  32.804547    28.0990     12.995  276.51183  276.60299    53.8167     9.8815 -9.990e-29
 125.495622     13.107    11.9655  32.806415    28.1008     12.989  276.50901  276.60014    53.7389     9.8654 -9.990e-29
 125.495625     13.112    11.9655  32.805773    28.1002     12.995  276.51019  276.60133    74.4704     9.3761 -9.990e-29
 125.495628     13.116    11.9654  32.804955    28.0996     12.998  276.51232  276.60345    74.2992     9.3720 -9.990e-29
