Processed/SBE19plus_01907321_2022_05_05_Cast37_wfilter.cnv
* Sea-Bird SBE19plus  Data File:
* FileName = E:\Prandtl Daten\2022\CTD\Raw\SBE19plus_01907321_2022_05_05_Cast37.hex
* Software version 2.6.1.12
* Temperature SN = 7321
* Conductivity SN = 7321
* System UpLoad Time = May 05 2022 13:26:50
* <ApplicationData>
* <Seaterm232>
** Messpraktikum 2022
** CTD 05.05 BM
# nquan = 11
# nvalues = 646                         
# units = specified
# name 0 = timeJ: Julian Days
# name 1 = prdM: Pressure, Strain Gauge [db]
# name 2 = tv290C: Temperature [ITS-90, deg C]
# name 3 = c0mS/cm: Conductivity [mS/cm]
# name 4 = sal00: Salinity, Practical [PSU]
# name 5 = depSM: Depth [salt water, m], lat = 54.00
# name 6 = oxsatMm/Kg: Oxygen Saturation, Weiss [umol/kg]
# name 7 = oxsolMm/Kg: Oxygen Saturation, Garcia & Gordon [umol/kg]
# name 8 = turbWETntu0: Turbidity, WET Labs ECO [NTU]
# name 9 = flECO-AFL: Fluorescence, WET Labs ECO-AFL/FL [mg/m^3]
# name 10 = flag:  0.000e+00
# span 0 = 125.555029, 125.556895       
# span 1 =      0.557,     16.774       
# span 2 =    12.0105,    12.1096       
# span 3 =  31.762408,  32.126255       
# span 4 =    27.0181,    27.4218       
# span 5 =      0.552,     16.624       
# span 6 =  277.46113,  277.80598       
# span 7 =  277.56660,  277.91693       
# span 8 =    15.2953,    65.9101       
# span 9 =     7.0995,    16.1613       
# span 10 = 0.0000e+00, 0.0000e+00      
# interval = seconds: 0.25
# start_time = May 05 2022 13:17:50 [Instrument's time stamp, header]
# bad_flag = -9.990e-29
*END*
[from data line 525]
 125.556548     13.998    12.0179  32.122601    27.4148     13.872  277.53292  277.63524    30.3926     9.9988 -9.990e-29
 125.556551     14.021    12.0172  32.123412    27.4161     13.896  277.53427  277.63654    30.1280     9.9867 -9.990e-29
 125.556554     14.040    12.0163  32.124049    27.4173     13.914  277.53720  277.63939    30.3926    10.0109 -9.990e-29
 125.556557     14.058    12.0157  32.123644    27.4174     13.932  277.54078  277.64293    30.3615     9.9907 -9.990e-29
 125.556560     14.078    12.0153  32.124223    27.4183     13.952  277.54130  277.64342    30.2369    10.0029 -9.990e-29
 125.556563     14.103    12.0152  32.124223    27.4183     13.977  277.54195  277.64406    30.5794    10.1242 0.0000e+00
 125.556565     14.131    12.0150  32.124049    27.4183     14.004  277.54323  277.64533    30.3926    10.1565 0.0000e+00
 125.556568     14.160    12.0150  32.124628    27.4186     14.033  277.54218  277.64428    30.4548    10.1242 0.0000e+00
 125.556571     14.193    12.0151  32.124570    27.4186     14.066  277.54168  277.64379    30.5949    10.1201 0.0000e+00
 125.556574     14.224    12.0153  32.124049    27.4186     14.096  277.54204  277.64415    30.1747    10.2131 0.0000e+00
 125.556577     14.253    12.0154  32.124860    27.4180     14.126  277.53994  277.64206    30.0813    10.2172 0.0000e+00
 125.556580     14.284    12.0152  32.123644    27.4182     14.156  277.54314  277.64525    29.8634    10.2010 0.0000e+00
 125.556583     14.315    12.0151  32.123644    27.4177     14.187  277.54347  277.64558    29.9568    10.1848 -9.990e-29
 125.556586     14.337    12.0151  32.125034    27.4190     14.208  277.54093  277.64303    34.2525    10.9248 -9.990e-29
 125.556589     14.363    12.0153  32.124629    27.4185     14.234  277.54075  277.64287    34.1747    10.9127 -9.990e-29
 125.556591     14.381    12.0153  32.124629    27.4185     14.252  277.54076  277.64288    34.1747    10.9046 -9.990e-29
 125.556594     14.397    12.0150  32.124571    27.4187     14.268  277.54245  277.64455    34.2369    10.9288 -9.990e-29
 125.556597     14.421    12.0149  32.124629    27.4188     14.292  277.54268  277.64476    36.8517    11.0582 -9.990e-29
 125.556600     14.441    12.0147  32.124224    27.4185     14.312  277.54438  277.64645    36.9607    11.0785 -9.990e-29
 125.556603     14.466    12.0148  32.124224    27.4182     14.337  277.54408  277.64616    36.9918    11.0097 -9.990e-29
 125.556606     14.497    12.0146  32.123819    27.4189     14.368  277.54547  277.64755    36.8673    11.0461 0.0000e+00
 125.556609     14.526    12.0146  32.125440    27.4195     14.396  277.54283  277.64488    36.8984    10.9895 0.0000e+00
 125.556612     14.563    12.0146  32.125208    27.4196     14.432  277.54296  277.64503    33.2875    10.3061 0.0000e+00
 125.556615     14.590    12.0145  32.125209    27.4195     14.459  277.54361  277.64566    33.3342    10.3061 -9.990e-29
 125.556617     14.614    12.0142  32.125440    27.4200     14.483  277.54446  277.64649    33.1941    10.3223 -9.990e-29
 125.556620     14.647    12.0140  32.125730    27.4204     14.516  277.54489  277.64690    33.4276    10.3425 -9.990e-29
 125.556623     14.671    12.0135  32.125440    27.4205     14.539  277.54764  277.64962    27.0930     9.4287 -9.990e-29
 125.556626     14.692    12.0135  32.124051    27.4192     14.561  277.55052  277.65251    27.1552     9.4408 -9.990e-29
 125.556629     14.713    12.0137  32.124630    27.4196     14.581  277.54853  277.65053    27.3731     9.4084 -9.990e-29
 125.556632     14.729    12.0136  32.124862    27.4198     14.597  277.54843  277.65042    27.1241     9.4044 -9.990e-29
 125.556635     14.753    12.0136  32.124225    27.4192     14.621  277.54961  277.65161    28.1047     9.5985 -9.990e-29
 125.556638     14.777    12.0137  32.124457    27.4193     14.644  277.54858  277.65058    28.0268     9.5661 -9.990e-29
 125.556641     14.806    12.0138  32.124457    27.4191     14.673  277.54828  277.65030    27.9646     9.6106 0.0000e+00
 125.556644     14.833    12.0139  32.124225    27.4189     14.700  277.54810  277.65012    28.2292     9.6268 0.0000e+00
 125.556646     14.868    12.0142  32.124051    27.4186     14.735  277.54718  277.64923    32.7739    10.1201 0.0000e+00
 125.556649     14.901    12.0148  32.124457    27.4185     14.767  277.54395  277.64603    32.6650    10.1282 0.0000e+00
 125.556652     14.931    12.0148  32.124225    27.4183     14.798  277.54440  277.64648    32.3692    10.1484 0.0000e+00
 125.556655     14.959    12.0150  32.124225    27.4181     14.825  277.54347  277.64557    32.6027    10.1444 0.0000e+00
 125.556658     14.990    12.0151  32.124225    27.4181     14.856  277.54318  277.64528    32.6961    10.1363 0.0000e+00
 125.556661     15.017    12.0151  32.124631    27.4181     14.883  277.54245  277.64455    36.0735    10.6984 -9.990e-29
 125.556664     15.036    12.0151  32.124862    27.4186     14.901  277.54173  277.64383    35.9179    10.7509 -9.990e-29
 125.556667     15.058    12.0153  32.124052    27.4177     14.923  277.54260  277.64472    36.0735    10.7428 -9.990e-29
 125.556670     15.074    12.0155  32.122894    27.4164     14.939  277.54349  277.64564    35.8556    10.7226 -9.990e-29
 125.556672     15.090    12.0153  32.124863    27.4184     14.955  277.54082  277.64294    37.0074    11.5677 -9.990e-29
 125.556675     15.116    12.0151  32.124631    27.4184     14.980  277.54221  277.64431    36.9607    11.5354 -9.990e-29
 125.556678     15.140    12.0146  32.124052    27.4190     15.004  277.54580  277.64787    37.0696    11.5233 -9.990e-29
 125.556681     15.169    12.0142  32.124631    27.4190     15.033  277.54633  277.64837    37.0696    11.5435 0.0000e+00
 125.556684     15.200    12.0141  32.124458    27.4190     15.064  277.54729  277.64933    34.5638    10.9935 0.0000e+00
 125.556687     15.229    12.0143  32.125211    27.4189     15.093  277.54499  277.64703    34.6261    10.9410 0.0000e+00
 125.556690     15.264    12.0143  32.124458    27.4188     15.127  277.54640  277.64844    34.5949    11.0380 0.0000e+00
 125.556693     15.291    12.0140  32.123995    27.4185     15.154  277.54852  277.65056    34.2214    11.0016 0.0000e+00
 125.556696     15.317    12.0137  32.123416    27.4185     15.180  277.55117  277.65319    40.4315    11.1270 0.0000e+00
 125.556698     15.346    12.0133  32.124632    27.4189     15.209  277.55053  277.65251    40.4626    11.1229 0.0000e+00
 125.556701     15.372    12.0133  32.125848    27.4196     15.234  277.54831  277.65028    40.4626    11.1593 -9.990e-29
 125.556704     15.392    12.0134  32.125037    27.4199     15.254  277.54950  277.65148    40.4626    11.2079 -9.990e-29
 125.556707     15.414    12.0133  32.125443    27.4203     15.275  277.54908  277.65106    40.4782    11.1351 -9.990e-29
 125.556710     15.432    12.0132  32.125038    27.4201     15.293  277.55047  277.65244    38.7194    12.1460 -9.990e-29
 125.556713     15.454    12.0128  32.125443    27.4207     15.315  277.55131  277.65325    38.6727    12.0692 -9.990e-29
 125.556716     15.477    12.0125  32.125617    27.4208     15.339  277.55226  277.65418    38.7194    12.1500 -9.990e-29
 125.556719     15.503    12.0125  32.125385    27.4207     15.364  277.55271  277.65462    38.7973    12.1702 0.0000e+00
 125.556722     15.536    12.0124  32.125038    27.4208     15.396  277.55400  277.65591    39.4665    11.4707 0.0000e+00
 125.556725     15.567    12.0122  32.125212    27.4209     15.427  277.55464  277.65654    39.5599    11.4747 0.0000e+00
 125.556727     15.599    12.0124  32.125849    27.4209     15.460  277.55255  277.65445    39.3576    11.4747 0.0000e+00
 125.556730     15.627    12.0124  32.125212    27.4207     15.487  277.55374  277.65565    39.4510    11.5313 0.0000e+00
 125.556733     15.656    12.0124  32.125212    27.4207     15.515  277.55376  277.65567    33.8012    11.2604 0.0000e+00
 125.556736     15.683    12.0124  32.125849    27.4210     15.543  277.55261  277.65451    33.6299    11.2847 0.0000e+00
 125.556739     15.711    12.0125  32.125212    27.4213     15.570  277.55348  277.65540    33.7233    11.3211 -9.990e-29
 125.556742     15.732    12.0124  32.125154    27.4206     15.591  277.55392  277.65583    33.5677    11.2604 -9.990e-29
 125.556745     15.751    12.0123  32.124054    27.4196     15.609  277.55627  277.65818    36.1047    11.0785 -9.990e-29
 125.556748     15.765    12.0122  32.125212    27.4208     15.624  277.55477  277.65667    35.9334    11.0380 -9.990e-29
 125.556751     15.785    12.0123  32.125212    27.4207     15.644  277.55416  277.65607    36.1358    11.0704 -9.990e-29
 125.556753     15.809    12.0125  32.126023    27.4210     15.667  277.55206  277.65397    35.9490    11.0340 -9.990e-29
 125.556756     15.835    12.0125  32.125618    27.4212     15.693  277.55282  277.65473    35.8556    11.1068 0.0000e+00
 125.556759     15.862    12.0127  32.126255    27.4210     15.720  277.55073  277.65265    34.9996    10.9814 0.0000e+00
 125.556762     15.895    12.0129  32.126023    27.4210     15.752  277.55023  277.65217    34.9685    10.9774 0.0000e+00
 125.556765     15.924    12.0129  32.126023    27.4210     15.781  277.55025  277.65219    34.8751    10.9248 0.0000e+00
 125.556768     15.957    12.0129  32.125387    27.4210     15.814  277.55145  277.65339    34.9373    11.0016 -9.990e-29
 125.556771     15.981    12.0131  32.125213    27.4194     15.837  277.55084  277.65280    37.7233    11.3009 -9.990e-29
 125.556774     16.014    12.0131  32.124460    27.4194     15.870  277.55224  277.65421    37.7078    11.2806 0.0000e+00
 125.556777     16.041    12.0132  32.124634    27.4194     15.897  277.55132  277.65329    37.8012    11.2523 -9.990e-29
 125.556780     16.063    12.0132  32.125445    27.4202     15.919  277.54984  277.65181    37.8323    11.3211 -9.990e-29
 125.556782     16.083    12.0134  32.125619    27.4202     15.939  277.54891  277.65088    33.9724    11.1917 -9.990e-29
 125.556785     16.103    12.0135  32.126024    27.4205     15.959  277.54786  277.64984    33.9568    11.1512 -9.990e-29
 125.556788     16.123    12.0134  32.126024    27.4206     15.978  277.54819  277.65016    34.1436    11.1149 -9.990e-29
 125.556791     16.147    12.0132  32.125966    27.4207     16.002  277.54925  277.65121    34.0035    11.1998 -9.990e-29
 125.556794     16.169    12.0133  32.125214    27.4204     16.024  277.55002  277.65200    39.1397    11.7740 -9.990e-29
 125.556797     16.196    12.0135  32.125850    27.4205     16.051  277.54824  277.65022    39.2953    11.7740 0.0000e+00
 125.556800     16.231    12.0133  32.126024    27.4204     16.085  277.54858  277.65055    39.1241    11.7821 0.0000e+00
 125.556803     16.258    12.0132  32.125619    27.4206     16.112  277.54997  277.65193    39.4976    11.7699 0.0000e+00
 125.556806     16.289    12.0132  32.126024    27.4206     16.143  277.54893  277.65089    39.2331    11.8468 0.0000e+00
 125.556808     16.318    12.0131  32.125851    27.4206     16.172  277.54990  277.65185    41.1630    12.0934 0.0000e+00
 125.556811     16.344    12.0131  32.125619    27.4206     16.197  277.55034  277.65230    41.2408    12.0732 0.0000e+00
 125.556814     16.373    12.0129  32.125851    27.4205     16.226  277.55088  277.65282    41.1630    12.1379 0.0000e+00
 125.556817     16.400    12.0128  32.126141    27.4207     16.253  277.55099  277.65292    41.1163    12.0368 -9.990e-29
 125.556820     16.419    12.0128  32.125446    27.4204     16.271  277.55228  277.65422    48.2914    13.0235 -9.990e-29
 125.556823     16.441    12.0127  32.124635    27.4197     16.293  277.55410  277.65604    48.4626    13.0679 -9.990e-29
 125.556826     16.459    12.0126  32.126025    27.4210     16.311  277.55187  277.65379    48.2914    13.0477 -9.990e-29
 125.556829     16.481    12.0128  32.126025    27.4209     16.333  277.55126  277.65319    48.2292    13.1003 -9.990e-29
 125.556832     16.504    12.0127  32.124636    27.4207     16.356  277.55414  277.65608    51.2953    13.7190 -9.990e-29
 125.556834     16.530    12.0125  32.125620    27.4209     16.381  277.55298  277.65490    51.2953    13.7796 0.0000e+00
 125.556837     16.561    12.0126  32.126025    27.4209     16.412  277.55194  277.65386    50.9996    13.7473 0.0000e+00
 125.556840     16.590    12.0122  32.125562    27.4209     16.441  277.55470  277.65659    51.1241    13.8362 0.0000e+00
 125.556843     16.621    12.0121  32.124636    27.4209     16.472  277.55674  277.65864    53.8634    13.7149 0.0000e+00
 125.556846     16.655    12.0120  32.125852    27.4201     16.506  277.55515  277.65703    54.0657    13.6704 0.0000e+00
 125.556849     16.683    12.0121  32.124636    27.4208     16.533  277.55709  277.65899    54.0191    13.6219 0.0000e+00
 125.556852     16.710    12.0117  32.125215    27.4205     16.560  277.55762  277.65948    54.1280    13.6300 0.0000e+00
 125.556855     16.741    12.0116  32.125042    27.4208     16.591  277.55859  277.66044    54.1280    13.5936 -9.990e-29
 125.556858     16.756    12.0116  32.125852    27.4215     16.606  277.55679  277.65865    53.1941    13.6179 -9.990e-29
 125.556861     16.752    12.0116  32.125447    27.4212     16.602  277.55785  277.65970    53.1319    13.5451 -9.990e-29
 125.556863     16.758    12.0118  32.125042    27.4206     16.608  277.55765  277.65953    53.1008    13.5936 -9.990e-29
 125.556866     16.760    12.0114  32.124231    27.4202     16.609  277.56103  277.66288    53.4587    13.5896 -9.990e-29
 125.556869     16.767    12.0111  32.123826    27.4200     16.617  277.56304  277.66487    54.1591    14.0020 -9.990e-29
 125.556872     16.769    12.0109  32.124637    27.4209     16.618  277.56249  277.66430    54.2369    14.0465 -9.990e-29
 125.556875     16.767    12.0107  32.125042    27.4214     16.617  277.56269  277.66448    54.2058    14.0546 -9.990e-29
 125.556878     16.769    12.0105  32.124463    27.4210     16.619  277.56438  277.66617    54.1436    14.0182 -9.990e-29
 125.556881     16.771    12.0105  32.124463    27.4210     16.620  277.56438  277.66617    60.1358    15.3081 -9.990e-29
 125.556884     16.773    12.0107  32.125447    27.4218     16.622  277.56194  277.66373    60.0268    15.3283 -9.990e-29
 125.556887     16.771    12.0107  32.123826    27.4202     16.620  277.56461  277.66642    60.1358    15.3364 -9.990e-29
 125.556889     16.771    12.0107  32.121510    27.4180     16.620  277.56887  277.67071    59.9957    15.3688 -9.990e-29
 125.556892     16.773    12.0105  32.123652    27.4202     16.622  277.56587  277.66767    65.5677    16.1613 -9.990e-29
 125.556895     16.774    12.0106  32.123652    27.4202     16.624  277.56556  277.66736    65.9101    16.1007 -9.990e-29
