Processed/SBE19plus_01907321_2022_05_10_Cast113_wfilter.cnv
* Sea-Bird SBE19plus  Data File:
* FileName = E:\Prandtl_Daten\2022\CTD\Raw\SBE19plus_01907321_2022_05_10_Cast113.hex
* Software version 2.6.1.12
* Temperature SN = 7321
* Conductivity SN = 7321
* System UpLoad Time = May 10 2022 11:13:40
* <ApplicationData>
* <Seaterm232>
** Messpraktikum 2022
** CTD 09.05  DB
** NMEA Latitude = 54 02.94N
** NMEA Longitude = 008 44.01E
# nquan = 11
# nvalues = 104                         
# units = specified
# name 0 = timeJ: Julian Days
# name 1 = prdM: Pressure, Strain Gauge [db]
# name 2 = tv290C: Temperature [ITS-90, deg C]
# name 3 = c0mS/cm: Conductivity [mS/cm]
# name 4 = sal00: Salinity, Practical [PSU]
# name 5 = depSM: Depth [salt water, m], lat = 54.00
# name 6 = oxsatMm/Kg: Oxygen Saturation, Weiss [umol/kg]
# name 7 = oxsolMm/Kg: Oxygen Saturation, Garcia & Gordon [umol/kg]
# name 8 = turbWETntu0: Turbidity, WET Labs ECO [NTU]
# name 9 = flECO-AFL: Fluorescence, WET Labs ECO-AFL/FL [mg/m^3]
# name 10 = flag:  0.000e+00
# span 0 = 130.465243, 130.465541       
# span 1 =      1.312,      3.694       
# span 2 =    15.0423,    15.1381       
# span 3 =  33.833579,  33.896165       
# span 4 =    26.8097,    26.8401       
# span 5 =      1.300,      3.661       
# span 6 =  261.18624,  261.65518       
# span 7 =  261.46450,  261.92866       
# span 8 =     8.4471,    36.6027       
# span 9 =     4.8796,     9.0486       
# span 10 = 0.0000e+00, 0.0000e+00      
# interval = seconds: 0.25
# start_time = May 10 2022 11:08:39 [Instrument's time stamp, header]
# bad_flag = -9.990e-29
*END*
 130.465243      1.312    15.0992  33.861878    26.8193      1.300  261.38653  261.66289     9.7233     5.3648 -9.990e-29
 130.465246      1.337    15.0993  33.861819    26.8192      1.326  261.38632  261.66269     9.7856     5.3729 -9.990e-29
 130.465249      1.352    15.0994  33.860696    26.8181      1.340  261.38778  261.66416     9.8945     5.2880 -9.990e-29
 130.465252      1.376    15.0995  33.862115    26.8193      1.364  261.38494  261.66131     9.7078     5.2920 -9.990e-29
 130.465255      1.405    15.0998  33.863060    26.8199      1.393  261.38252  261.65890     9.8790     5.3041 -9.990e-29
 130.465258      1.425    15.1008  33.863356    26.8194      1.412  261.37768  261.65411     9.8634     5.3284 -9.990e-29
 130.465260      1.440    15.1016  33.863711    26.8192      1.427  261.37399  261.65047     9.6766     5.2758 -9.990e-29
 130.465263      1.464    15.1020  33.864538    26.8197      1.451  261.37113  261.64762     9.9879     5.4174 -9.990e-29
 130.465266      1.482    15.1025  33.863060    26.8181      1.469  261.37159  261.64811    10.0346     5.4780 -9.990e-29
 130.465269      1.502    15.1026  33.866784    26.8212      1.489  261.36511  261.64161    10.1903     5.4376 -9.990e-29
 130.465272      1.526    15.1037  33.875770    26.8332      1.512  261.34658  261.62309    10.0969     5.4214 -9.990e-29
 130.465275      1.553    15.1088  33.885347    26.8336      1.539  261.31081  261.58753     8.9296     5.1181 0.0000e+00
 130.465278      1.582    15.1178  33.893151    26.8332      1.568  261.26186  261.53900     9.1163     5.1424 0.0000e+00
 130.465281      1.611    15.1275  33.895220    26.8291      1.597  261.21942  261.49707     9.0074     5.1667 0.0000e+00
 130.465284      1.643    15.1342  33.896165    26.8253      1.628  261.19066  261.46866     9.0852     5.0939 0.0000e+00
 130.465286      1.670    15.1381  33.889010    26.8164      1.655  261.18624  261.46450     9.6922     5.3648 0.0000e+00
 130.465289      1.699    15.1369  33.883512    26.8144      1.684  261.19992  261.47815     9.6144     5.3567 0.0000e+00
 130.465292      1.726    15.1328  33.877186    26.8124      1.711  261.22620  261.50425     9.8167     5.3648 -9.990e-29
 130.465295      1.748    15.1273  33.872930    26.8097      1.733  261.25549  261.53328     9.8634     5.3729 -9.990e-29
 130.465298      1.768    15.1209  33.869030    26.8106      1.752  261.28768  261.56515     9.8167     5.3405 -9.990e-29
 130.465301      1.788    15.1156  33.865897    26.8115      1.772  261.31396  261.59117     9.9412     5.2758 -9.990e-29
 130.465304      1.806    15.1113  33.864538    26.8132      1.790  261.33368  261.61066     9.6299     5.3041 -9.990e-29
 130.465307      1.827    15.1079  33.861997    26.8133      1.810  261.35150  261.62832     9.7545     5.3244 -9.990e-29
 130.465310      1.850    15.1047  33.860874    26.8145      1.834  261.36614  261.64280     9.7545     5.2597 -9.990e-29
 130.465313      1.877    15.1025  33.859693    26.8149      1.861  261.37680  261.65335    10.5327     5.4052 -9.990e-29
 130.465315      1.899    15.1013  33.859870    26.8149      1.882  261.38155  261.65804    10.5949     5.4578 -9.990e-29
 130.465318      1.930    15.1004  33.858038    26.8152      1.913  261.38822  261.66467    10.4237     5.4174 0.0000e+00
 130.465321      1.958    15.0998  33.858156    26.8154      1.940  261.39025  261.66667    10.7506     5.4699 0.0000e+00
 130.465324      1.989    15.0995  33.858216    26.8156      1.971  261.39174  261.66814    10.5794     5.3729 0.0000e+00
 130.465327      2.016    15.0992  33.856679    26.8157      1.998  261.39512  261.67151    10.6261     5.3931 -9.990e-29
 130.465330      2.038    15.0989  33.855379    26.8136      2.020  261.39843  261.67482    10.4548     5.3608 -9.990e-29
 130.465333      2.064    15.0979  33.855202    26.8141      2.045  261.40280  261.67914    10.6105     5.3729 -9.990e-29
 130.465336      2.080    15.0970  33.853902    26.8136      2.061  261.40863  261.68492    12.0424     5.5629 -9.990e-29
 130.465339      2.095    15.0953  33.853370    26.8143      2.076  261.41638  261.69258    11.9646     5.5832 -9.990e-29
 130.465341      2.117    15.0924  33.851952    26.8150      2.098  261.43023  261.70630    11.7155     5.5912 -9.990e-29
 130.465344      2.135    15.0878  33.850888    26.8172      2.116  261.45074  261.72657    11.8089     5.5832 -9.990e-29
 130.465347      2.153    15.0829  33.851126    26.8221      2.134  261.47046  261.74602    10.2369     5.0494 -9.990e-29
 130.465350      2.179    15.0799  33.850298    26.8222      2.159  261.48370  261.75911     9.9568     5.0211 0.0000e+00
 130.465353      2.208    15.0791  33.850062    26.8223      2.188  261.48754  261.76290     9.9568     5.0817 0.0000e+00
 130.465356      2.237    15.0790  33.849826    26.8223      2.217  261.48824  261.76360     9.9257     5.0373 0.0000e+00
 130.465359      2.267    15.0798  33.850299    26.8222      2.246  261.48437  261.75977     9.8634     5.0777 0.0000e+00
 130.465362      2.298    15.0813  33.850890    26.8221      2.277  261.47719  261.75266    10.2836     5.1505 -9.990e-29
 130.465365      2.323    15.0828  33.850712    26.8204      2.302  261.47152  261.74708    10.4237     5.1869 -9.990e-29
 130.465367      2.349    15.0841  33.850653    26.8195      2.328  261.46629  261.74192    10.5482     5.1505 -9.990e-29
 130.465370      2.374    15.0854  33.850062    26.8180      2.353  261.46191  261.73761    10.2836     5.1707 -9.990e-29
 130.465373      2.398    15.0865  33.850889    26.8180      2.376  261.45622  261.73198     8.6961     4.9079 -9.990e-29
 130.465376      2.418    15.0876  33.850889    26.8173      2.396  261.45184  261.72766     8.4782     4.9806 -9.990e-29
 130.465379      2.431    15.0882  33.850889    26.8168      2.409  261.44934  261.72519     8.6338     4.9604 -9.990e-29
 130.465382      2.449    15.0885  33.851540    26.8172      2.427  261.44707  261.72293     8.4471     4.8796 -9.990e-29
 130.465385      2.465    15.0896  33.851717    26.8166      2.443  261.44241  261.71832     9.0229     5.2597 -9.990e-29
 130.465388      2.487    15.0907  33.852190    26.8148      2.465  261.43728  261.71325     8.8517     5.3122 -9.990e-29
 130.465391      2.513    15.0917  33.851303    26.8148      2.490  261.43430  261.71034     9.0229     5.2314 0.0000e+00
 130.465394      2.544    15.0924  33.852721    26.8148      2.521  261.42958  261.70563     8.8984     5.2435 -9.990e-29
 130.465396      2.568    15.0927  33.852603    26.8152      2.545  261.42821  261.70428    11.1552     5.5387 -9.990e-29
 130.465399      2.597    15.0927  33.852308    26.8150      2.574  261.42900  261.70508    11.4354     5.4821 -9.990e-29
 130.465402      2.622    15.0922  33.853017    26.8155      2.599  261.42978  261.70583    11.0307     5.5023 -9.990e-29
 130.465405      2.648    15.0924  33.852722    26.8155      2.624  261.42963  261.70569    11.3887     5.5104 0.0000e+00
 130.465408      2.674    15.0915  33.850476    26.8155      2.650  261.43664  261.71266    11.1552     5.5306 -9.990e-29
 130.465411      2.696    15.0883  33.846399    26.8127      2.671  261.45594  261.73182    15.2331     6.0765 -9.990e-29
 130.465414      2.717    15.0819  33.839899    26.8114      2.693  261.49255  261.76814    15.0774     6.0603 -9.990e-29
 130.465417      2.728    15.0720  33.838482    26.8169      2.704  261.53496  261.81002    15.2642     6.0684 -9.990e-29
 130.465420      2.747    15.0629  33.839074    26.8237      2.722  261.57106  261.84563    15.1241     6.0967 -9.990e-29
 130.465422      2.763    15.0570  33.838070    26.8268      2.738  261.59649  261.87076    13.3187     5.9511 -9.990e-29
 130.465425      2.783    15.0538  33.833579    26.8250      2.758  261.61645  261.89058    13.0385     5.9552 -9.990e-29
 130.465428      2.805    15.0491  33.836535    26.8342      2.780  261.63094  261.90479    12.9918     6.0158 -9.990e-29
 130.465431      2.831    15.0449  33.837067    26.8342      2.805  261.64736  261.92099    13.0696     5.9147 0.0000e+00
 130.465434      2.860    15.0424  33.838486    26.8342      2.834  261.65518  261.92866    15.1864     6.4242 -9.990e-29
 130.465437      2.882    15.0423  33.841913    26.8399      2.856  261.65040  261.92386    15.1552     6.4081 -9.990e-29
 130.465440      2.911    15.0451  33.843745    26.8399      2.885  261.63592  261.90952    14.9218     6.4081 0.0000e+00
 130.465443      2.940    15.0494  33.844926    26.8399      2.914  261.61682  261.89064    15.0930     6.4161 -9.990e-29
 130.465446      2.960    15.0532  33.847644    26.8378      2.934  261.59718  261.87117    15.8556     6.5294 -9.990e-29
 130.465448      2.986    15.0585  33.848767    26.8351      2.959  261.57346  261.84774    15.9179     6.5658 -9.990e-29
 130.465451      3.010    15.0627  33.850303    26.8336      2.983  261.55412  261.82861    15.9023     6.5455 -9.990e-29
 130.465454      3.024    15.0660  33.853435    26.8340      2.997  261.53570  261.81034    15.9179     6.5213 -9.990e-29
 130.465457      3.041    15.0677  33.858459    26.8373      3.013  261.52088  261.79559    15.9023     6.5051 -9.990e-29
 130.465460      3.059    15.0683  33.858045    26.8365      3.032  261.51935  261.79408    12.0113     5.9390 -9.990e-29
 130.465463      3.075    15.0683  33.856272    26.8342      3.048  261.52215  261.79690    12.1358     5.8743 -9.990e-29
 130.465466      3.101    15.0677  33.854972    26.8346      3.073  261.52642  261.80114    12.1358     5.8460 0.0000e+00
 130.465469      3.128    15.0676  33.855622    26.8349      3.100  261.52603  261.80075    12.1513     5.9026 0.0000e+00
 130.465472      3.157    15.0677  33.856213    26.8353      3.129  261.52480  261.79952    14.1280     6.1735 0.0000e+00
 130.465475      3.183    15.0680  33.856450    26.8353      3.154  261.52319  261.79792    14.0969     6.1493 0.0000e+00
 130.465477      3.218    15.0689  33.857041    26.8353      3.189  261.51851  261.79329    14.2369     6.1654 0.0000e+00
 130.465480      3.245    15.0702  33.857809    26.8352      3.216  261.51199  261.78683    14.3148     6.1614 -9.990e-29
 130.465483      3.269    15.0713  33.857750    26.8342      3.239  261.50770  261.78260    17.0229     6.7882 -9.990e-29
 130.465486      3.294    15.0722  33.858223    26.8339      3.265  261.50321  261.77815    16.9296     6.8205 -9.990e-29
 130.465489      3.316    15.0726  33.858577    26.8340      3.286  261.50109  261.77606    17.0852     6.7882 -9.990e-29
 130.465492      3.329    15.0728  33.859050    26.8342      3.299  261.49941  261.77439    17.1475     6.8286 -9.990e-29
 130.465495      3.349    15.0733  33.859464    26.8343      3.319  261.49689  261.77189    24.7739     6.7720 -9.990e-29
 130.465498      3.365    15.0738  33.860055    26.8344      3.335  261.49377  261.76879    32.6650     9.0486 -9.990e-29
 130.465501      3.387    15.0742  33.860705    26.8347      3.357  261.49119  261.76623    32.7895     9.0405 -9.990e-29
 130.465503      3.409    15.0749  33.860942    26.8344      3.379  261.48801  261.76308    32.7895     9.0202 -9.990e-29
 130.465506      3.433    15.0754  33.861888    26.8360      3.402  261.48465  261.75974    32.8984     9.0324 -9.990e-29
 130.465509      3.460    15.0748  33.862656    26.8360      3.429  261.48565  261.76070    36.3692     8.4905 0.0000e+00
 130.465512      3.488    15.0737  33.862952    26.8360      3.456  261.48959  261.76458    36.4315     8.4744 -9.990e-29
 130.465515      3.513    15.0724  33.862479    26.8385      3.482  261.49568  261.77061    36.4782     8.4784 -9.990e-29
 130.465518      3.539    15.0715  33.862952    26.8393      3.507  261.49871  261.77359    36.6027     8.4703 0.0000e+00
 130.465521      3.566    15.0704  33.863957    26.8393      3.534  261.50184  261.77665    32.7272     8.6684 0.0000e+00
 130.465524      3.592    15.0692  33.863071    26.8401      3.560  261.50796  261.78272    32.9296     8.6725 -9.990e-29
 130.465527      3.617    15.0689  33.861712    26.8392      3.585  261.51137  261.78612    32.7272     8.6321 -9.990e-29
 130.465530      3.634    15.0693  33.861830    26.8390      3.601  261.50963  261.78440    32.7272     8.6887 -9.990e-29
 130.465532      3.652    15.0697  33.862125    26.8390      3.619  261.50760  261.78239    31.0774     8.0498 -9.990e-29
 130.465535      3.670    15.0702  33.862480    26.8389      3.637  261.50486  261.77967    30.9373     8.0174 -9.990e-29
 130.465538      3.690    15.0714  33.862953    26.8385      3.657  261.49911  261.77398    30.9996     8.0296 -9.990e-29
 130.465541      3.694    15.0731  33.863130    26.8375      3.661  261.49225  261.76721    31.0930     8.0417 -9.990e-29
