Processed/SBE19plus_01907321_2022_05_10_Cast120_wfilter.cnv
* Sea-Bird SBE19plus  Data File:
* FileName = E:\Prandtl_Daten\2022\CTD\Raw\SBE19plus_01907321_2022_05_10_Cast120.hex
* Software version 2.6.1.12
* Temperature SN = 7321
* Conductivity SN = 7321
* System UpLoad Time = May 10 2022 15:34:08
* <ApplicationData>
* <Seaterm232>
** Messpraktikum 2022
** CTD 10.05  BE
** NMEA Latitude = 54 07.51N
** NMEA Longitude = 008 50.04E
# nquan = 11
# nvalues = 607                         
# units = specified
# name 0 = timeJ: Julian Days
# name 1 = prdM: Pressure, Strain Gauge [db]
# name 2 = tv290C: Temperature [ITS-90, deg C]
# name 3 = c0mS/cm: Conductivity [mS/cm]
# name 4 = sal00: Salinity, Practical [PSU]
# name 5 = depSM: Depth [salt water, m], lat = 54.00
# name 6 = oxsatMm/Kg: Oxygen Saturation, Weiss [umol/kg]
# name 7 = oxsolMm/Kg: Oxygen Saturation, Garcia & Gordon [umol/kg]
# name 8 = turbWETntu0: Turbidity, WET Labs ECO [NTU]
# name 9 = flECO-AFL: Fluorescence, WET Labs ECO-AFL/FL [mg/m^3]
# name 10 = flag:  0.000e+00
# span 0 = 130.643168, 130.644922       
# span 1 =      0.375,     17.864       
# span 2 =    13.8919,    13.9396       
# span 3 =  33.165662,  33.232664       
# span 4 =    27.0366,    27.0623       
# span 5 =      0.372,     17.704       
# span 6 =  267.21229,  267.51799       
# span 7 =  267.42807,  267.73144       
# span 8 =     6.4548,    53.4276       
# span 9 =     3.7190,    11.4343       
# span 10 = 0.0000e+00, 0.0000e+00      
# interval = seconds: 0.25
# start_time = May 10 2022 15:24:57 [Instrument's time stamp, header]
# bad_flag = -9.990e-29
*END*
 130.643168      0.375    13.8919  33.166306    27.0376      0.372  267.51799  267.73144     8.6961     4.6289 -9.990e-29
 130.643171      0.388    13.8921  33.166951    27.0379      0.384  267.51629  267.72974     8.8050     4.6491 -9.990e-29
 130.643174      0.424    13.8921  33.166893    27.0376      0.420  267.51609  267.72955     8.7895     4.5844 0.0000e+00
 130.643177      0.481    13.8921  33.166131    27.0379      0.476  267.51772  267.73118     8.6494     4.5682 0.0000e+00
 130.643180      0.546    13.8922  33.167303    27.0373      0.541  267.51517  267.72863     8.7117     4.5965 0.0000e+00
 130.643183      0.601    13.8924  33.165662    27.0374      0.595  267.51732  267.73080     8.6805     4.5763 0.0000e+00
 130.643186      0.630    13.8922  33.167597    27.0366      0.625  267.51473  267.72819     7.5288     3.9172 -9.990e-29
 130.643189      0.643    13.8923  33.168066    27.0388      0.637  267.51364  267.72710     7.4510     3.9010 -9.990e-29
 130.643192      0.647    13.8924  33.168007    27.0386      0.641  267.51311  267.72658     7.4510     3.9333 -9.990e-29
 130.643194      0.652    13.8926  33.168183    27.0387      0.646  267.51219  267.72567     7.5599     3.9212 -9.990e-29
 130.643197      0.670    13.8926  33.167890    27.0381      0.664  267.51238  267.72587     7.3887     3.8970 -9.990e-29
 130.643200      0.698    13.8926  33.167597    27.0382      0.691  267.51289  267.72637     8.8517     4.1194 0.0000e+00
 130.643203      0.730    13.8926  33.167714    27.0382      0.724  267.51271  267.72620     8.8206     4.1274 0.0000e+00
 130.643206      0.774    13.8925  33.168008    27.0384      0.767  267.51288  267.72635     8.8673     4.0910 0.0000e+00
 130.643209      0.818    13.8926  33.168008    27.0385      0.811  267.51228  267.72576     8.9140     4.0991 0.0000e+00
 130.643212      0.857    13.8926  33.168067    27.0384      0.849  267.51220  267.72568     7.9957     3.8767 0.0000e+00
 130.643215      0.893    13.8924  33.168184    27.0385      0.885  267.51297  267.72644     8.0113     3.9010 -9.990e-29
 130.643218      0.917    13.8926  33.168067    27.0385      0.909  267.51255  267.72603     7.9646     3.9374 -9.990e-29
 130.643220      0.939    13.8925  33.168008    27.0385      0.930  267.51298  267.72645     7.9179     3.8889 -9.990e-29
 130.643223      0.961    13.8924  33.168008    27.0385      0.952  267.51330  267.72677     7.8556     3.8646 -9.990e-29
 130.643226      0.984    13.8924  33.168067    27.0384      0.976  267.51322  267.72669     7.8556     3.8848 -9.990e-29
 130.643229      1.012    13.8924  33.167774    27.0384      1.003  267.51404  267.72751     7.8401     3.8646 0.0000e+00
 130.643232      1.039    13.8924  33.167715    27.0384      1.030  267.51415  267.72762     7.8245     3.8403 0.0000e+00
 130.643235      1.068    13.8921  33.168185    27.0383      1.059  267.51433  267.72778     8.0580     3.8080 -9.990e-29
 130.643238      1.090    13.8923  33.168185    27.0389      1.080  267.51372  267.72718     8.1047     3.7837 -9.990e-29
 130.643241      1.117    13.8924  33.168478    27.0390      1.107  267.51261  267.72608     7.9646     3.7959 0.0000e+00
 130.643244      1.145    13.8927  33.168830    27.0389      1.135  267.51079  267.72427     8.1513     3.7959 0.0000e+00
 130.643247      1.178    13.8926  33.168712    27.0390      1.167  267.51132  267.72480     8.0268     3.7999 0.0000e+00
 130.643249      1.212    13.8926  33.168595    27.0389      1.201  267.51153  267.72501     8.2447     3.8646 -9.990e-29
 130.643252      1.236    13.8926  33.168595    27.0388      1.225  267.51155  267.72503     8.3226     3.8565 -9.990e-29
 130.643255      1.265    13.8926  33.168713    27.0390      1.253  267.51168  267.72516     8.4004     3.8646 -9.990e-29
 130.643258      1.288    13.8926  33.168596    27.0390      1.277  267.51158  267.72506     8.2292     3.8848 -9.990e-29
 130.643261      1.323    13.8926  33.168830    27.0390      1.311  267.51121  267.72469     6.8906     3.7312 0.0000e+00
 130.643264      1.354    13.8928  33.168889    27.0390      1.342  267.51050  267.72399     6.6883     3.7554 0.0000e+00
 130.643267      1.390    13.8929  33.169065    27.0390      1.377  267.50960  267.72310     6.7506     3.7190 0.0000e+00
 130.643270      1.417    13.8929  33.169065    27.0390      1.404  267.50993  267.72342     6.7506     3.7554 0.0000e+00
 130.643273      1.444    13.8932  33.169475    27.0392      1.432  267.50801  267.72151     7.1552     3.8767 0.0000e+00
 130.643275      1.470    13.8932  33.169476    27.0392      1.457  267.50803  267.72153     7.0463     3.8808 0.0000e+00
 130.643278      1.501    13.8932  33.169710    27.0392      1.488  267.50734  267.72085     7.0463     3.8565 -9.990e-29
 130.643281      1.522    13.8933  33.169652    27.0394      1.508  267.50714  267.72065     6.9529     3.8767 -9.990e-29
 130.643284      1.553    13.8934  33.169886    27.0394      1.539  267.50645  267.71996     7.5599     3.7433 0.0000e+00
 130.643287      1.582    13.8935  33.170062    27.0394      1.568  267.50555  267.71907     7.6222     3.7393 0.0000e+00
 130.643290      1.608    13.8937  33.170297    27.0395      1.593  267.50454  267.71807     7.4198     3.7473 0.0000e+00
 130.643293      1.635    13.8938  33.170473    27.0395      1.620  267.50395  267.71748     7.4043     3.7393 0.0000e+00
 130.643296      1.672    13.8939  33.169886    27.0396      1.657  267.50433  267.71787     7.5288     3.7433 -9.990e-29
 130.643299      1.695    13.8942  33.170062    27.0394      1.680  267.50279  267.71635     6.4548     3.8323 -9.990e-29
 130.643302      1.732    13.8943  33.170707    27.0395      1.717  267.50142  267.71498     6.5482     3.8444 0.0000e+00
 130.643304      1.767    13.8942  33.170708    27.0395      1.751  267.50176  267.71531     6.5171     3.8565 0.0000e+00
 130.643307      1.800    13.8941  33.170708    27.0395      1.783  267.50209  267.71564     6.6105     3.8848 -9.990e-29
 130.643310      1.823    13.8943  33.170473    27.0392      1.807  267.50187  267.71543     6.9840     3.8646 -9.990e-29
 130.643313      1.842    13.8944  33.171060    27.0396      1.825  267.50027  267.71384     7.1397     3.8929 -9.990e-29
 130.643316      1.864    13.8944  33.171118    27.0396      1.847  267.50019  267.71375     7.0930     3.8646 -9.990e-29
 130.643319      1.882    13.8946  33.171353    27.0397      1.865  267.49918  267.71275     6.9996     3.8565 -9.990e-29
 130.643322      1.905    13.8947  33.171294    27.0396      1.888  267.49898  267.71256     8.4938     4.2285 -9.990e-29
 130.643325      1.929    13.8949  33.170943    27.0393      1.911  267.49864  267.71223     8.5249     4.2407 -9.990e-29
 130.643328      1.963    13.8946  33.170943    27.0393      1.946  267.49992  267.71349     8.4626     4.2730 0.0000e+00
 130.643330      2.007    13.8944  33.170708    27.0392      1.989  267.50096  267.71453     8.5249     4.2326 0.0000e+00
 130.643333      2.044    13.8944  33.170708    27.0392      2.025  267.50098  267.71455     7.7467     4.1841 0.0000e+00
 130.643336      2.088    13.8945  33.170709    27.0391      2.069  267.50070  267.71427     7.8245     4.1962 0.0000e+00
 130.643339      2.128    13.8947  33.169653    27.0391      2.109  267.50186  267.71545     7.7311     4.1557 -9.990e-29
 130.643342      2.153    13.8944  33.170474    27.0390      2.134  267.50144  267.71501     7.9179     4.2043 -9.990e-29
 130.643345      2.179    13.8945  33.170474    27.0389      2.160  267.50114  267.71472     7.8245     4.1800 -9.990e-29
 130.643348      2.197    13.8944  33.169888    27.0384      2.178  267.50245  267.71603     8.3226     4.2568 -9.990e-29
 130.643351      2.212    13.8946  33.170299    27.0387      2.192  267.50114  267.71473     8.2136     4.2164 -9.990e-29
 130.643354      2.229    13.8945  33.171119    27.0395      2.209  267.50010  267.71367     8.2603     4.2366 -9.990e-29
 130.643356      2.253    13.8944  33.170944    27.0394      2.233  267.50103  267.71460     8.3848     4.2407 -9.990e-29
 130.643359      2.280    13.8943  33.170885    27.0393      2.259  267.50146  267.71502     8.7895     4.2447 0.0000e+00
 130.643362      2.318    13.8945  33.170709    27.0391      2.297  267.50084  267.71441     8.7428     4.2204 0.0000e+00
 130.643365      2.356    13.8942  33.170475    27.0391      2.335  267.50251  267.71607     8.8206     4.2649 0.0000e+00
 130.643368      2.393    13.8941  33.170475    27.0391      2.371  267.50316  267.71671     8.7117     4.2488 0.0000e+00
 130.643371      2.428    13.8940  33.170299    27.0391      2.406  267.50378  267.71733     7.6066     4.0830 0.0000e+00
 130.643374      2.459    13.8939  33.170065    27.0390      2.437  267.50451  267.71805     7.5599     4.0627 -9.990e-29
 130.643377      2.482    13.8936  33.170475    27.0396      2.460  267.50509  267.71862     7.5910     4.0547 -9.990e-29
 130.643380      2.510    13.8937  33.170710    27.0396      2.487  267.50440  267.71793     7.4821     4.0425 0.0000e+00
 130.643383      2.535    13.8939  33.170476    27.0396      2.512  267.50387  267.71741    10.0969     4.0385 -9.990e-29
 130.643385      2.559    13.8941  33.171121    27.0396      2.536  267.50186  267.71542    10.1591     4.7825 -9.990e-29
 130.643388      2.579    13.8943  33.171883    27.0402      2.556  267.49998  267.71353     9.9257     4.7502 -9.990e-29
 130.643391      2.599    13.8947  33.173407    27.0413      2.575  267.49556  267.70913    10.0346     4.7340 -9.990e-29
 130.643394      2.624    13.8954  33.174873    27.0420      2.601  267.49030  267.70390     9.9257     4.7502 -9.990e-29
 130.643397      2.653    13.8963  33.175518    27.0422      2.630  267.48548  267.69912    11.8712     5.1869 0.0000e+00
 130.643400      2.686    13.8971  33.176573    27.0420      2.662  267.48028  267.69397    11.9334     5.1828 0.0000e+00
 130.643403      2.725    13.8979  33.176632    27.0419      2.700  267.47676  267.69049    12.0735     5.2030 0.0000e+00
 130.643406      2.761    13.8982  33.176339    27.0414      2.736  267.47602  267.68977    11.9801     5.1667 0.0000e+00
 130.643409      2.796    13.8985  33.176163    27.0410      2.771  267.47508  267.68885    10.4082     4.9604 0.0000e+00
 130.643411      2.825    13.8984  33.174873    27.0410      2.800  267.47756  267.69134    10.4237     5.0009 0.0000e+00
 130.643414      2.856    13.8979  33.175929    27.0406      2.831  267.47801  267.69175    10.5638     4.9766 0.0000e+00
 130.643417      2.889    13.8978  33.175460    27.0412      2.864  267.47944  267.69318    10.4860     5.0009 -9.990e-29
 130.643420      2.913    13.8981  33.176574    27.0417      2.887  267.47634  267.69008    11.0307     5.1828 -9.990e-29
 130.643423      2.935    13.8981  33.176750    27.0418      2.909  267.47606  267.68980    11.0619     5.1707 -9.990e-29
 130.643426      2.957    13.8984  33.177454    27.0422      2.931  267.47364  267.68740    10.9840     5.1747 -9.990e-29
 130.643429      2.975    13.8988  33.177630    27.0421      2.949  267.47148  267.68526    10.9685     5.2030 -9.990e-29
 130.643432      2.995    13.8992  33.178040    27.0413      2.968  267.46924  267.68303    10.9373     5.1667 -9.990e-29
 130.643435      3.026    13.8995  33.177395    27.0417      2.999  267.46877  267.68259    11.5910     4.9038 0.0000e+00
 130.643438      3.061    13.8995  33.178216    27.0413      3.033  267.46742  267.68123    11.7000     4.9200 0.0000e+00
 130.643440      3.092    13.8995  33.177454    27.0413      3.064  267.46871  267.68253    11.4198     4.9362 0.0000e+00
 130.643443      3.124    13.8992  33.176985    27.0412      3.096  267.47108  267.68489    11.5599     4.9240 0.0000e+00
 130.643446      3.161    13.8993  33.177044    27.0412      3.132  267.47069  267.68450     9.8634     4.7785 -9.990e-29
 130.643449      3.186    13.8990  33.176985    27.0410      3.158  267.47206  267.68585     9.6766     4.7461 -9.990e-29
 130.643452      3.218    13.8988  33.176575    27.0410      3.189  267.47339  267.68718     9.7545     4.7663 0.0000e+00
 130.643455      3.245    13.8985  33.176282    27.0410      3.216  267.47515  267.68892     9.8012     4.7663 0.0000e+00
 130.643458      3.272    13.8984  33.176165    27.0410      3.243  267.47568  267.68945    10.1747     4.7582 -9.990e-29
 130.643461      3.294    13.8982  33.176048    27.0405      3.265  267.47683  267.69058    10.2369     4.7421 -9.990e-29
 130.643464      3.321    13.8982  33.175520    27.0407      3.292  267.47773  267.69149    10.2525     4.7582 0.0000e+00
 130.643466      3.348    13.8979  33.175755    27.0409      3.318  267.47861  267.69235    10.2836     4.7582 0.0000e+00
 130.643469      3.374    13.8977  33.175872    27.0409      3.344  267.47937  267.69309     9.5521     4.5561 0.0000e+00
 130.643472      3.405    13.8977  33.175286    27.0406      3.374  267.48036  267.69410     9.4899     4.5561 0.0000e+00
 130.643475      3.437    13.8977  33.175051    27.0406      3.407  267.48078  267.69451     9.5833     4.5601 0.0000e+00
 130.643478      3.468    13.8975  33.175286    27.0407      3.437  267.48134  267.69506     9.4899     4.5480 0.0000e+00
 130.643481      3.505    13.8975  33.175286    27.0407      3.474  267.48105  267.69478     9.5833     4.5358 0.0000e+00
 130.643484      3.532    13.8974  33.174876    27.0404      3.501  267.48238  267.69610    10.5327     4.7987 0.0000e+00
 130.643487      3.563    13.8973  33.174465    27.0402      3.531  267.48340  267.69712    10.5171     4.8027 0.0000e+00
 130.643490      3.592    13.8972  33.174465    27.0401      3.560  267.48405  267.69775    10.4548     4.7825 0.0000e+00
 130.643492      3.622    13.8970  33.173469    27.0402      3.589  267.48636  267.70006    10.5327     4.7946 0.0000e+00
 130.643495      3.653    13.8968  33.174290    27.0402      3.620  267.48594  267.69963     8.4471     4.6289 0.0000e+00
 130.643498      3.683    13.8968  33.174290    27.0402      3.650  267.48596  267.69965     8.5716     4.6329 0.0000e+00
 130.643501      3.709    13.8966  33.174290    27.0402      3.676  267.48692  267.70059     8.4159     4.6046 -9.990e-29
 130.643504      3.733    13.8966  33.174290    27.0404      3.699  267.48693  267.70061     8.5249     4.6167 -9.990e-29
 130.643507      3.758    13.8966  33.174290    27.0404      3.725  267.48695  267.70062     8.3226     4.0587 -9.990e-29
 130.643510      3.780    13.8964  33.174056    27.0402      3.746  267.48798  267.70165     8.3070     4.0668 -9.990e-29
 130.643513      3.806    13.8964  33.174056    27.0402      3.772  267.48800  267.70167     8.2292     4.0587 0.0000e+00
 130.643516      3.835    13.8965  33.174056    27.0402      3.801  267.48770  267.70137     8.2447     4.0506 0.0000e+00
 130.643519      3.866    13.8964  33.173880    27.0401      3.832  267.48864  267.70231     7.3264     4.1517 0.0000e+00
 130.643521      3.897    13.8964  33.173880    27.0401      3.863  267.48866  267.70233     7.3420     4.0830 0.0000e+00
 130.643524      3.926    13.8962  33.173411    27.0398      3.891  267.49009  267.70375     7.2642     4.1355 0.0000e+00
 130.643527      3.957    13.8962  33.173294    27.0397      3.922  267.49030  267.70397     7.3420     4.1032 0.0000e+00
 130.643530      3.992    13.8961  33.172591    27.0393      3.956  267.49182  267.70548     7.3420     4.1032 0.0000e+00
 130.643533      4.029    13.8961  33.172825    27.0392      3.993  267.49176  267.70542    12.8517     5.2435 0.0000e+00
 130.643536      4.056    13.8959  33.173470    27.0393      4.019  267.49132  267.70497    12.7272     5.2314 -9.990e-29
 130.643539      4.079    13.8959  33.174291    27.0407      4.043  267.48997  267.70360    12.7584     5.2637 -9.990e-29
 130.643542      4.101    13.8963  33.176637    27.0426      4.065  267.48449  267.69813    12.7428     5.2435 -9.990e-29
 130.643545      4.121    13.8972  33.180331    27.0453      4.085  267.47457  267.68823    11.5910     5.0575 -9.990e-29
