Processed/SBE19plus_01907321_2022_05_10_Cast110_wfilter.cnv
* Sea-Bird SBE19plus  Data File:
* FileName = E:\Prandtl_Daten\2022\CTD\Raw\SBE19plus_01907321_2022_05_10_Cast110.hex
* Software version 2.6.1.12
* Temperature SN = 7321
* Conductivity SN = 7321
* System UpLoad Time = May 10 2022 09:26:29
* <ApplicationData>
* <Seaterm232>
** Messpraktikum 2022
** CTD 09.05  TS
** NMEA Latitude = 54 07.79N
** NMEA Longitude = 008 42.28E
# nquan = 11
# nvalues = 429                         
# units = specified
# name 0 = timeJ: Julian Days
# name 1 = prdM: Pressure, Strain Gauge [db]
# name 2 = tv290C: Temperature [ITS-90, deg C]
# name 3 = c0mS/cm: Conductivity [mS/cm]
# name 4 = sal00: Salinity, Practical [PSU]
# name 5 = depSM: Depth [salt water, m], lat = 54.00
# name 6 = oxsatMm/Kg: Oxygen Saturation, Weiss [umol/kg]
# name 7 = oxsolMm/Kg: Oxygen Saturation, Garcia & Gordon [umol/kg]
# name 8 = turbWETntu0: Turbidity, WET Labs ECO [NTU]
# name 9 = flECO-AFL: Fluorescence, WET Labs ECO-AFL/FL [mg/m^3]
# name 10 = flag:  0.000e+00
# span 0 = 130.389170, 130.390408       
# span 1 =      0.386,     11.528       
# span 2 =    13.4008,    13.4487       
# span 3 =  32.749359,  32.772365       
# span 4 =    26.9905,    27.0030       
# span 5 =      0.383,     11.425       
# span 6 =  270.07585,  270.32567       
# span 7 =  270.26578,  270.51288       
# span 8 =     3.2486,    16.4315       
# span 9 =     1.9439,     5.4538       
# span 10 = 0.0000e+00, 0.0000e+00      
# interval = seconds: 0.25
# start_time = May 10 2022 09:18:51 [Instrument's time stamp, header]
# bad_flag = -9.990e-29
*END*
 130.389170      0.386    13.4480  32.772365    26.9930      0.383  270.07727  270.26716     3.5288     1.9439 -9.990e-29
 130.389172      0.401    13.4487  32.771548    26.9909      0.397  270.07585  270.26578     3.5910     1.9762 -9.990e-29
 130.389175      0.437    13.4486  32.770556    26.9909      0.433  270.07788  270.26782     3.5755     1.9722 0.0000e+00
 130.389178      0.464    13.4480  32.770965    26.9909      0.460  270.08003  270.26992     3.6066     1.9560 -9.990e-29
 130.389181      0.483    13.4477  32.771140    26.9920      0.478  270.08069  270.27057     3.6689     1.9439 -9.990e-29
 130.389184      0.499    13.4476  32.770732    26.9918      0.495  270.08202  270.27190     3.6533     2.2471 -9.990e-29
 130.389187      0.515    13.4474  32.770323    26.9915      0.511  270.08368  270.27354     3.5599     2.2633 -9.990e-29
 130.389190      0.541    13.4472  32.770207    26.9916      0.536  270.08484  270.27469     3.5910     2.2633 -9.990e-29
 130.389193      0.565    13.4468  32.770149    26.9919      0.560  270.08652  270.27635     3.5443     2.2876 -9.990e-29
 130.389196      0.590    13.4466  32.770149    26.9920      0.585  270.08748  270.27730     3.8556     2.3765 0.0000e+00
 130.389198      0.621    13.4464  32.770207    26.9919      0.616  270.08835  270.27815     3.8556     2.3927 0.0000e+00
 130.389201      0.656    13.4461  32.769741    26.9920      0.650  270.09011  270.27990     3.8868     2.3765 0.0000e+00
 130.389204      0.696    13.4459  32.769741    26.9918      0.690  270.09108  270.28086     3.7000     2.3563 0.0000e+00
 130.389207      0.721    13.4456  32.769332    26.9919      0.715  270.09305  270.28282     5.5054     2.7728 0.0000e+00
 130.389210      0.749    13.4453  32.769041    26.9918      0.742  270.09514  270.28488     5.6922     2.8011 -9.990e-29
 130.389213      0.763    13.4450  32.768924    26.9919      0.757  270.09661  270.28633     5.4587     2.7647 -9.990e-29
 130.389216      0.787    13.4445  32.769099    26.9920      0.780  270.09821  270.28791     5.5833     2.7850 -9.990e-29
 130.389219      0.822    13.4446  32.768808    26.9926      0.814  270.09841  270.28812     4.2603     2.7203 0.0000e+00
 130.389222      0.851    13.4447  32.770150    26.9926      0.843  270.09582  270.28552     4.3226     2.7203 0.0000e+00
 130.389225      0.880    13.4450  32.769508    26.9932      0.872  270.09537  270.28509     4.3226     2.7041 -9.990e-29
 130.389227      0.902    13.4450  32.768808    26.9917      0.894  270.09658  270.28631     4.2603     2.7081 -9.990e-29
 130.389230      0.918    13.4447  32.768458    26.9916      0.910  270.09844  270.28816     4.3537     2.6960 -9.990e-29
 130.389233      0.939    13.4443  32.767233    26.9907      0.930  270.10244  270.29214     5.1630     2.9022 -9.990e-29
 130.389236      0.961    13.4438  32.768283    26.9921      0.952  270.10286  270.29252     5.0541     2.8941 -9.990e-29
 130.389239      0.992    13.4436  32.767875    26.9918      0.983  270.10421  270.29386     5.0852     2.9063 -9.990e-29
 130.389242      1.017    13.4434  32.767466    26.9913      1.008  270.10618  270.29582     5.0229     2.9224 -9.990e-29
 130.389245      1.046    13.4432  32.767058    26.9909      1.037  270.10753  270.29716     3.2486     3.1125 0.0000e+00
 130.389248      1.083    13.4428  32.765891    26.9909      1.073  270.11112  270.30074     3.3264     3.1004 0.0000e+00
 130.389251      1.118    13.4421  32.764783    26.9905      1.108  270.11618  270.30577     3.2486     3.1287 -9.990e-29
 130.389253      1.141    13.4414  32.765425    26.9921      1.131  270.11824  270.30778     3.3264     3.0761 -9.990e-29
 130.389256      1.170    13.4412  32.766417    26.9923      1.160  270.11719  270.30672     4.3848     3.0397 0.0000e+00
 130.389259      1.202    13.4412  32.766884    26.9923      1.191  270.11641  270.30593     4.3848     3.0680 0.0000e+00
 130.389262      1.233    13.4417  32.766242    26.9925      1.222  270.11533  270.30489     4.3537     3.0276 -9.990e-29
 130.389265      1.245    13.4416  32.765833    26.9913      1.234  270.11667  270.30622     4.2292     3.0316 -9.990e-29
 130.389268      1.262    13.4415  32.765308    26.9909      1.250  270.11820  270.30775     4.3381     2.8456 -9.990e-29
 130.389271      1.285    13.4409  32.764550    26.9906      1.274  270.12203  270.31155     4.3226     2.8416 -9.990e-29
 130.389274      1.303    13.4402  32.765192    26.9917      1.292  270.12378  270.31325     4.2914     2.8173 -9.990e-29
 130.389277      1.325    13.4398  32.764550    26.9914      1.314  270.12678  270.31622     4.3537     2.8699 -9.990e-29
 130.389280      1.354    13.4397  32.764492    26.9911      1.342  270.12721  270.31665     4.3381     2.8577 0.0000e+00
 130.389282      1.387    13.4395  32.763734    26.9911      1.375  270.12947  270.31891     5.0541     3.1448 0.0000e+00
 130.389285      1.416    13.4388  32.763559    26.9911      1.404  270.13262  270.32202     5.1163     3.1489 0.0000e+00
 130.389288      1.444    13.4383  32.764142    26.9920      1.431  270.13384  270.32320     5.1163     3.1772 0.0000e+00
 130.389291      1.471    13.4380  32.764142    26.9922      1.458  270.13512  270.32446     4.9607     3.1853 0.0000e+00
 130.389294      1.506    13.4381  32.764376    26.9923      1.492  270.13442  270.32377     5.5677     3.0963 0.0000e+00
 130.389297      1.535    13.4384  32.764551    26.9923      1.521  270.13288  270.32225     5.5366     3.0963 0.0000e+00
 130.389300      1.562    13.4386  32.764726    26.9923      1.548  270.13166  270.32103     5.5210     3.0963 0.0000e+00
 130.389303      1.593    13.4390  32.764551    26.9923      1.579  270.13040  270.31980     5.6611     3.1206 -9.990e-29
 130.389306      1.617    13.4390  32.764785    26.9921      1.603  270.13002  270.31942     3.7934     2.7607 -9.990e-29
 130.389308      1.635    13.4390  32.764493    26.9917      1.621  270.13021  270.31962     3.9023     2.8052 -9.990e-29
 130.389311      1.650    13.4392  32.763968    26.9911      1.635  270.13049  270.31991     3.8401     2.7890 -9.990e-29
 130.389314      1.668    13.4388  32.763968    26.9914      1.653  270.13239  270.32178     3.8089     2.7930 -9.990e-29
 130.389317      1.688    13.4386  32.761868    26.9913      1.673  270.13663  270.32603     4.0891     2.9790 -9.990e-29
 130.389320      1.717    13.4385  32.763560    26.9912      1.702  270.13438  270.32376     4.0113     2.9629 0.0000e+00
 130.389323      1.750    13.4379  32.762918    26.9913      1.735  270.13801  270.32736     3.9179     2.9831 0.0000e+00
 130.389326      1.785    13.4371  32.763152    26.9919      1.769  270.14110  270.33039     4.1047     2.9871 0.0000e+00
 130.389329      1.821    13.4367  32.763735    26.9925      1.805  270.14169  270.33096     4.0113     3.0114 0.0000e+00
 130.389332      1.852    13.4369  32.763735    26.9926      1.836  270.14077  270.33005     5.8167     3.0559 0.0000e+00
 130.389334      1.883    13.4375  32.763969    26.9925      1.866  270.13787  270.32719     5.7233     3.0599 -9.990e-29
 130.389337      1.905    13.4376  32.763735    26.9920      1.888  270.13797  270.32729     5.7856     3.0437 -9.990e-29
 130.389340      1.929    13.4377  32.764144    26.9922      1.912  270.13666  270.32599     5.8012     3.0316 -9.990e-29
 130.389343      1.953    13.4379  32.764377    26.9923      1.935  270.13533  270.32467     5.3342     2.9386 -9.990e-29
 130.389346      1.973    13.4384  32.764552    26.9921      1.955  270.13316  270.32252     5.3498     2.9063 -9.990e-29
 130.389349      1.995    13.4386  32.765078    26.9908      1.977  270.13133  270.32070     5.3031     2.8941 -9.990e-29
 130.389352      2.022    13.4386  32.763327    26.9912      2.004  270.13434  270.32373     5.3031     2.9305 0.0000e+00
 130.389355      2.055    13.4385  32.764144    26.9916      2.036  270.13328  270.32265     4.5560     2.9022 0.0000e+00
 130.389358      2.088    13.4384  32.764378    26.9918      2.069  270.13353  270.32289     4.5249     2.9305 0.0000e+00
 130.389361      2.115    13.4383  32.764144    26.9918      2.096  270.13426  270.32362     4.6027     2.9022 0.0000e+00
 130.389363      2.144    13.4381  32.763969    26.9918      2.125  270.13552  270.32487     4.5249     2.8941 0.0000e+00
 130.389366      2.172    13.4377  32.764378    26.9921      2.153  270.13641  270.32574     5.7856     3.0437 0.0000e+00
 130.389369      2.203    13.4377  32.764320    26.9924      2.183  270.13653  270.32586     5.8012     3.0599 -9.990e-29
 130.389372      2.225    13.4376  32.764553    26.9916      2.205  270.13677  270.32609     5.7233     3.0357 -9.990e-29
 130.389375      2.252    13.4377  32.763561    26.9916      2.232  270.13786  270.32719     5.8478     3.0235 0.0000e+00
 130.389378      2.280    13.4377  32.764145    26.9916      2.259  270.13719  270.32652     5.7545     3.0154 -9.990e-29
 130.389381      2.302    13.4374  32.763912    26.9922      2.281  270.13886  270.32817     5.1008     3.0276 -9.990e-29
 130.389384      2.320    13.4370  32.762745    26.9914      2.299  270.14244  270.33174     5.0696     3.0437 -9.990e-29
 130.389387      2.342    13.4364  32.763328    26.9923      2.321  270.14398  270.33323     5.0541     3.0478 -9.990e-29
 130.389389      2.360    13.4360  32.762920    26.9922      2.339  270.14657  270.33580     4.9918     3.0518 -9.990e-29
 130.389392      2.387    13.4358  32.762512    26.9920      2.366  270.14823  270.33745     5.0852     2.8699 -9.990e-29
 130.389395      2.411    13.4352  32.762920    26.9925      2.390  270.14975  270.33894     5.1008     2.8537 -9.990e-29
 130.389398      2.440    13.4350  32.762512    26.9926      2.418  270.15173  270.34090     5.0385     2.8133 0.0000e+00
 130.389401      2.477    13.4347  32.762571    26.9927      2.455  270.15259  270.34175     4.9296     2.8497 0.0000e+00
 130.389404      2.510    13.4343  32.762746    26.9931      2.487  270.15420  270.34333     3.3576     2.6960 0.0000e+00
 130.389407      2.541    13.4344  32.762746    26.9931      2.518  270.15391  270.34304     3.4198     2.7243 0.0000e+00
 130.389410      2.570    13.4341  32.762163    26.9930      2.547  270.15618  270.34530     3.2486     2.7122 0.0000e+00
 130.389413      2.597    13.4335  32.761871    26.9928      2.574  270.15921  270.34830     3.2486     2.7081 -9.990e-29
 130.389416      2.622    13.4330  32.761871    26.9933      2.599  270.16143  270.35049     4.1202     2.8577 -9.990e-29
 130.389418      2.644    13.4328  32.761871    26.9934      2.621  270.16207  270.35112     4.0424     2.8456 -9.990e-29
 130.389421      2.663    13.4325  32.761580    26.9934      2.639  270.16416  270.35319     4.0580     2.8497 -9.990e-29
 130.389424      2.684    13.4320  32.761696    26.9938      2.660  270.16617  270.35517     4.0891     2.8699 -9.990e-29
 130.389427      2.699    13.4319  32.761288    26.9935      2.675  270.16720  270.35619     4.0735     2.8739 -9.990e-29
 130.389430      2.721    13.4317  32.761171    26.9938      2.697  270.16804  270.35703     4.3381     2.8699 -9.990e-29
 130.389433      2.754    13.4314  32.761288    26.9941      2.729  270.16912  270.35809     4.2603     2.9063 0.0000e+00
 130.389436      2.788    13.4312  32.761872    26.9945      2.763  270.16940  270.35834     4.3537     2.9224 0.0000e+00
 130.389439      2.823    13.4316  32.762922    26.9945      2.798  270.16574  270.35470     4.3848     2.9305 0.0000e+00
 130.389442      2.858    13.4325  32.762922    26.9948      2.832  270.16198  270.35100     4.4626     3.1812 0.0000e+00
 130.389444      2.887    13.4335  32.763972    26.9947      2.861  270.15580  270.34487     4.5716     3.2014 0.0000e+00
 130.389447      2.914    13.4350  32.765198    26.9948      2.888  270.14743  270.33658     4.5871     3.1287 -9.990e-29
 130.389450      2.934    13.4362  32.765489    26.9942      2.908  270.14159  270.33082     4.5405     3.1691 -9.990e-29
 130.389453      2.958    13.4369  32.765197    26.9934      2.932  270.13896  270.32823     4.8206     3.0761 -9.990e-29
 130.389456      2.978    13.4372  32.765197    26.9932      2.951  270.13772  270.32701     4.8829     3.0963 -9.990e-29
 130.389459      3.002    13.4375  32.765198    26.9930      2.975  270.13647  270.32578     4.8050     3.1125 -9.990e-29
 130.389462      3.024    13.4379  32.765081    26.9926      2.997  270.13480  270.32414     4.8050     3.0963 -9.990e-29
 130.389465      3.042    13.4378  32.763972    26.9917      3.015  270.13734  270.32667     4.7584     3.0518 -9.990e-29
 130.389468      3.066    13.4373  32.764556    26.9925      3.038  270.13855  270.32786     4.8517     3.0235 -9.990e-29
 130.389470      3.088    13.4369  32.764148    26.9924      3.060  270.14084  270.33012     4.8517     3.0074 -9.990e-29
 130.389473      3.112    13.4370  32.764556    26.9927      3.084  270.13984  270.32912     4.8517     3.0397 -9.990e-29
 130.389476      3.137    13.4369  32.763973    26.9922      3.109  270.14117  270.33045     4.7272     3.0559 -9.990e-29
 130.389479      3.159    13.4365  32.763739    26.9926      3.131  270.14347  270.33273     3.6066     3.0599 -9.990e-29
 130.389482      3.188    13.4358  32.763565    26.9927      3.159  270.14662  270.33584     3.5599     3.1206 0.0000e+00
 130.389485      3.217    13.4350  32.763156    26.9927      3.188  270.15080  270.33997     3.6533     3.1044 0.0000e+00
 130.389488      3.255    13.4346  32.762748    26.9928      3.226  270.15341  270.34256     3.5910     3.0599 0.0000e+00
 130.389491      3.290    13.4342  32.762923    26.9931      3.260  270.15470  270.34383     5.4587     3.1529 0.0000e+00
 130.389494      3.325    13.4342  32.763332    26.9933      3.295  270.15402  270.34315     5.5833     3.1691 0.0000e+00
 130.389497      3.361    13.4341  32.762923    26.9935      3.331  270.15506  270.34418     5.6611     3.1651 -9.990e-29
 130.389499      3.383    13.4337  32.762515    26.9931      3.353  270.15766  270.34676     5.5521     3.1731 -9.990e-29
 130.389502      3.407    13.4331  32.762165    26.9932      3.376  270.16079  270.34986     3.9646     3.2985 -9.990e-29
 130.389505      3.425    13.4328  32.761290    26.9926      3.394  270.16387  270.35292     4.1202     3.2945 -9.990e-29
 130.389508      3.445    13.4319  32.761290    26.9933      3.414  270.16766  270.35666     3.9957     3.3106 -9.990e-29
 130.389511      3.463    13.4312  32.759598    26.9922      3.432  270.17340  270.36237     4.1202     3.2783 -9.990e-29
 130.389514      3.489    13.4309  32.760474    26.9932      3.458  270.17317  270.36212     5.5833     3.1691 -9.990e-29
 130.389517      3.513    13.4302  32.760240    26.9936      3.481  270.17674  270.36564     5.5521     3.1287 -9.990e-29
 130.389520      3.545    13.4298  32.760066    26.9938      3.514  270.17894  270.36782     5.6144     3.0923 0.0000e+00
 130.389523      3.575    13.4291  32.760007    26.9940      3.543  270.18189  270.37073     5.4587     3.0761 0.0000e+00
 130.389525      3.606    13.4290  32.760241    26.9940      3.574  270.18214  270.37097     5.5833     3.1165 0.0000e+00
 130.389528      3.633    13.4288  32.759424    26.9940      3.601  270.18419  270.37301     4.4626     2.9790 0.0000e+00
 130.389531      3.666    13.4289  32.760766    26.9937      3.633  270.18159  270.37041     4.5249     2.9588 -9.990e-29
 130.389534      3.688    13.4293  32.761058    26.9948      3.655  270.17954  270.36837     4.6338     2.9790 -9.990e-29
 130.389537      3.706    13.4294  32.761058    26.9947      3.673  270.17892  270.36777     4.5249     2.9871 -9.990e-29
 130.389540      3.726    13.4299  32.760241    26.9936      3.693  270.17813  270.36701     4.1513     3.0842 -9.990e-29
 130.389543      3.743    13.4300  32.760766    26.9940      3.709  270.17692  270.36581     4.0891     3.1165 -9.990e-29
 130.389546      3.761    13.4298  32.760650    26.9940      3.727  270.17808  270.36695     4.0268     3.1165 -9.990e-29
