Processed/SBE19plus_01907321_2022_05_11_Cast126_wfilter.cnv
* Sea-Bird SBE19plus  Data File:
* FileName = E:\Prandtl_Daten\2022\CTD\Raw\SBE19plus_01907321_2022_05_126.hex
* Software version 2.6.1.12
* Temperature SN = 7321
* Conductivity SN = 7321
* System UpLoad Time = May 11 2022 09:58:38
* <ApplicationData>
* <Seaterm232>
** Messpraktikum 2022
** CTD 10.05  SW1
** NMEA Latitude = 54 06.01N
** NMEA Longitude = 008 29.42E
# nquan = 11
# nvalues = 422                         
# units = specified
# name 0 = timeJ: Julian Days
# name 1 = prdM: Pressure, Strain Gauge [db]
# name 2 = tv290C: Temperature [ITS-90, deg C]
# name 3 = c0mS/cm: Conductivity [mS/cm]
# name 4 = sal00: Salinity, Practical [PSU]
# name 5 = depSM: Depth [salt water, m], lat = 54.00
# name 6 = oxsatMm/Kg: Oxygen Saturation, Weiss [umol/kg]
# name 7 = oxsolMm/Kg: Oxygen Saturation, Garcia & Gordon [umol/kg]
# name 8 = turbWETntu0: Turbidity, WET Labs ECO [NTU]
# name 9 = flECO-AFL: Fluorescence, WET Labs ECO-AFL/FL [mg/m^3]
# name 10 = flag:  0.000e+00
# span 0 = 131.410327, 131.411545       
# span 1 =      0.395,     13.601       
# span 2 =    11.4063,    12.6937       
# span 3 =  31.987315,  33.145318       
# span 4 =    26.8390,    28.8473       
# span 5 =      0.391,     13.479       
# span 6 =  274.67456,  278.38566       
# span 7 =  274.82345,  278.43156       
# span 8 =    -2.0588,    11.6222       
# span 9 =     2.6798,     8.7129       
# span 10 = 0.0000e+00, 0.0000e+00      
# interval = seconds: 0.25
# start_time = May 11 2022 09:49:14 [Instrument's time stamp, header]
# bad_flag = -9.990e-29
*END*
[from data line 394]
 131.411467     12.760    11.4085  33.136308    28.8431     12.645  278.37522  278.42121     2.0657     4.3822 0.0000e+00
 131.411470     12.791    11.4080  33.136133    28.8430     12.676  278.37802  278.42397     2.0969     4.3337 0.0000e+00
 131.411473     12.822    11.4078  33.135957    28.8431     12.707  278.37929  278.42523     2.0657     4.3781 -9.990e-29
 131.411476     12.845    11.4074  33.136543    28.8426     12.730  278.37973  278.42563     2.1436     4.3741 -9.990e-29
 131.411479     12.871    11.4070  33.134844    28.8436     12.756  278.38479  278.43069     1.7233     4.0991 0.0000e+00
 131.411481     12.899    11.4065  33.136367    28.8445     12.783  278.38438  278.43021     1.8012     4.1072 0.0000e+00
 131.411484     12.931    11.4063  33.136543    28.8448     12.815  278.38468  278.43050     1.7856     4.1113 0.0000e+00
 131.411487     12.959    11.4066  33.137774    28.8448     12.843  278.38115  278.42698     1.8634     4.0991 0.0000e+00
 131.411490     12.988    11.4073  33.137188    28.8455     12.872  278.37923  278.42511     2.2525     5.1141 0.0000e+00
 131.411493     13.019    11.4074  33.138185    28.8446     12.902  278.37706  278.42294     2.3148     5.0817 0.0000e+00
 131.411496     13.046    11.4078  33.137130    28.8442     12.929  278.37724  278.42316     2.0969     5.1222 0.0000e+00
 131.411499     13.079    11.4077  33.135489    28.8440     12.962  278.38067  278.42661     2.0813     5.0979 0.0000e+00
 131.411502     13.114    11.4073  33.136544    28.8440     12.996  278.38054  278.42643     1.6299     4.0749 0.0000e+00
 131.411505     13.152    11.4072  33.136544    28.8440     13.034  278.38087  278.42676     1.6144     4.0668 0.0000e+00
 131.411508     13.196    11.4076  33.137365    28.8440     13.078  278.37752  278.42343     1.5210     4.0304 0.0000e+00
 131.411510     13.230    11.4085  33.136368    28.8437     13.112  278.37545  278.42144     1.5833     4.0425 0.0000e+00
 131.411513     13.258    11.4089  33.136954    28.8428     13.139  278.37284  278.41885     0.9296     4.3256 -9.990e-29
 131.411516     13.278    11.4085  33.137365    28.8437     13.159  278.37360  278.41958     1.0229     4.2851 -9.990e-29
 131.411519     13.292    11.4081  33.136544    28.8433     13.173  278.37730  278.42326     0.9918     4.3054 -9.990e-29
 131.411522     13.305    11.4079  33.135900    28.8428     13.186  278.37914  278.42509     1.1630     4.3013 -9.990e-29
 131.411525     13.318    11.4078  33.136779    28.8437     13.198  278.37810  278.42403     1.1941     4.3094 -9.990e-29
 131.411528     13.334    11.4079  33.137189    28.8433     13.215  278.37703  278.42296     2.7350     4.4388 -9.990e-29
 131.411531     13.365    11.4078  33.136310    28.8434     13.246  278.37902  278.42496     2.9373     4.4428 0.0000e+00
 131.411534     13.400    11.4079  33.136545    28.8434     13.280  278.37830  278.42424     2.9218     4.4388 0.0000e+00
 131.411536     13.444    11.4079  33.137365    28.8440     13.323  278.37648  278.42241     2.8595     4.4307 0.0000e+00
 131.411539     13.498    11.4081  33.137365    28.8440     13.377  278.37560  278.42155     2.2992     4.4105 0.0000e+00
 131.411542     13.568    11.4077  33.135373    28.8423     13.446  278.38125  278.42719     2.3926     4.4428 0.0000e+00
 131.411545     13.601    11.4070  33.134670    28.8422     13.479  278.38566  278.43156     2.3303     4.4509 0.0000e+00
