Processed/SBE19plus_01907321_2022_05_10_Cast117_wfilter.cnv
* Sea-Bird SBE19plus  Data File:
* FileName = E:\Prandtl_Daten\2022\CTD\Raw\SBE19plus_01907321_2022_05_10_Cast117.hex
* Software version 2.6.1.12
* Temperature SN = 7321
* Conductivity SN = 7321
* System UpLoad Time = May 10 2022 14:41:10
* <ApplicationData>
* <Seaterm232>
** Messpraktikum 2022
** CTD 10.05  TS
** NMEA Latitude = 54 04.75N
** NMEA Longitude = 008 42.30E
# nquan = 11
# nvalues = 414                         
# units = specified
# name 0 = timeJ: Julian Days
# name 1 = prdM: Pressure, Strain Gauge [db]
# name 2 = tv290C: Temperature [ITS-90, deg C]
# name 3 = c0mS/cm: Conductivity [mS/cm]
# name 4 = sal00: Salinity, Practical [PSU]
# name 5 = depSM: Depth [salt water, m], lat = 54.00
# name 6 = oxsatMm/Kg: Oxygen Saturation, Weiss [umol/kg]
# name 7 = oxsolMm/Kg: Oxygen Saturation, Garcia & Gordon [umol/kg]
# name 8 = turbWETntu0: Turbidity, WET Labs ECO [NTU]
# name 9 = flECO-AFL: Fluorescence, WET Labs ECO-AFL/FL [mg/m^3]
# name 10 = flag:  0.000e+00
# span 0 = 130.607347, 130.608542       
# span 1 =      0.544,     12.931       
# span 2 =    13.5099,    13.5720       
# span 3 =  32.827072,  32.870034       
# span 4 =    26.9875,    27.0012       
# span 5 =      0.540,     12.815       
# span 6 =  269.37900,  269.72008       
# span 7 =  269.57564,  269.91333       
# span 8 =    -2.7903,    33.0229       
# span 9 =     1.7174,     8.1185       
# span 10 = 0.0000e+00, 0.0000e+00      
# interval = seconds: 0.25
# start_time = May 10 2022 14:33:26 [Instrument's time stamp, header]
# bad_flag = -9.990e-29
*END*
[from data line 263]
 130.608108      8.422    13.5185  32.837238    26.9996      8.346  269.66870  269.86238     9.5366     4.1679 0.0000e+00
 130.608111      8.454    13.5187  32.837647    26.9998      8.379  269.66739  269.86108    12.5716     4.6976 0.0000e+00
 130.608113      8.487    13.5191  32.838465    27.0002      8.411  269.66413  269.85784    12.4626     4.6774 0.0000e+00
 130.608116      8.516    13.5196  32.838815    27.0002      8.440  269.66135  269.85509    12.5716     4.6936 0.0000e+00
 130.608119      8.554    13.5201  32.838640    27.0002      8.478  269.65979  269.85355    12.4938     4.6936 0.0000e+00
 130.608122      8.580    13.5206  32.839925    27.0005      8.503  269.65510  269.84889    12.5871     4.6774 0.0000e+00
 130.608125      8.605    13.5212  32.841151    27.0012      8.528  269.65051  269.84433    10.8284     4.5763 0.0000e+00
 130.608128      8.631    13.5222  32.842202    27.0012      8.553  269.64465  269.83851    10.8284     4.5844 0.0000e+00
 130.608131      8.656    13.5233  32.842202    27.0007      8.579  269.63995  269.83388    10.7506     4.5520 0.0000e+00
 130.608134      8.687    13.5242  32.841969    27.0005      8.609  269.63659  269.83058    10.6883     4.5439 0.0000e+00
 130.608137      8.718    13.5248  32.843137    26.9999      8.640  269.63211  269.82612    12.8829     4.9402 0.0000e+00
 130.608139      8.753    13.5254  32.843020    26.9999      8.674  269.62950  269.82355    12.8517     4.9362 0.0000e+00
 130.608142      8.785    13.5259  32.843195    26.9999      8.707  269.62702  269.82110    12.9918     4.9079 0.0000e+00
 130.608145      8.824    13.5263  32.843955    27.0000      8.745  269.62418  269.81828    12.9918     4.9402 0.0000e+00
 130.608148      8.853    13.5265  32.844013    27.0000      8.774  269.62315  269.81727    14.1436     5.3203 0.0000e+00
 130.608151      8.884    13.5269  32.844247    27.0000      8.804  269.62120  269.81534    14.1280     5.3041 0.0000e+00
 130.608154      8.915    13.5271  32.844889    27.0003      8.835  269.61918  269.81333    14.1124     5.3203 0.0000e+00
 130.608157      8.942    13.5275  32.845882    27.0003      8.862  269.61562  269.80979    14.2214     5.3324 0.0000e+00
 130.608160      8.970    13.5281  32.845707    27.0006      8.889  269.61342  269.80762    12.5249     5.1909 0.0000e+00
 130.608163      8.999    13.5286  32.845882    27.0003      8.918  269.61094  269.80517    12.4782     5.1586 -9.990e-29
 130.608166      9.022    13.5290  32.846700    27.0006      8.942  269.60799  269.80224    12.6338     5.2071 -9.990e-29
 130.608168      9.044    13.5297  32.847342    27.0006      8.963  269.60408  269.79836    12.5560     5.1950 -9.990e-29
 130.608171      9.070    13.5301  32.847576    27.0003      8.988  269.60181  269.79612    12.4938     5.1828 0.0000e+00
 130.608174      9.104    13.5306  32.847459    27.0002      9.023  269.59983  269.79417    10.6261     4.4388 0.0000e+00
 130.608177      9.137    13.5307  32.847576    27.0001      9.055  269.59934  269.79368    10.8906     4.4024 0.0000e+00
 130.608180      9.167    13.5311  32.847751    27.0000      9.085  269.59717  269.79154    10.6261     4.4671 0.0000e+00
 130.608183      9.209    13.5311  32.847693    26.9999      9.126  269.59730  269.79167    10.7506     4.4307 0.0000e+00
 130.608186      9.240    13.5311  32.847109    26.9994      9.157  269.59831  269.79268    10.0035     4.4914 0.0000e+00
 130.608189      9.272    13.5311  32.846701    26.9990      9.189  269.59903  269.79340    10.0191     4.4833 0.0000e+00
 130.608192      9.305    13.5308  32.846467    26.9990      9.222  269.60070  269.79506    10.0035     4.4914 0.0000e+00
 130.608194      9.334    13.5303  32.846701    26.9993      9.251  269.60253  269.79685    10.0191     4.4873 0.0000e+00
 130.608197      9.363    13.5301  32.846292    26.9996      9.280  269.60418  269.79850    12.8206     4.8027 -9.990e-29
 130.608200      9.384    13.5300  32.846701    26.9998      9.300  269.60413  269.79843    12.7584     4.7987 -9.990e-29
 130.608203      9.406    13.5300  32.844891    26.9981      9.321  269.60691  269.80123    12.6494     4.7946 -9.990e-29
 130.608206      9.433    13.5297  32.845884    26.9993      9.349  269.60681  269.80110    12.7739     4.7785 -9.990e-29
 130.608209      9.457    13.5296  32.845708    26.9986      9.372  269.60744  269.80173    14.5794     5.2435 -9.990e-29
 130.608212      9.491    13.5292  32.844891    26.9990      9.407  269.61042  269.80470    14.6883     5.2314 0.0000e+00
 130.608215      9.526    13.5288  32.845300    26.9993      9.441  269.61163  269.80588    14.7350     5.2475 0.0000e+00
 130.608218      9.563    13.5286  32.845884    27.0000      9.477  269.61160  269.80583    14.5638     5.2435 0.0000e+00
 130.608220      9.599    13.5286  32.846118    27.0000      9.513  269.61091  269.80514    14.5482     5.2435 0.0000e+00
 130.608223      9.632    13.5291  32.846293    26.9999      9.546  269.60844  269.80270    11.0307     4.6895 0.0000e+00
 130.608226      9.663    13.5292  32.846293    26.9999      9.576  269.60814  269.80241    11.1085     4.6895 0.0000e+00
 130.608229      9.695    13.5293  32.846293    26.9998      9.609  269.60785  269.80212    11.0152     4.6814 0.0000e+00
 130.608232      9.725    13.5294  32.845884    26.9996      9.638  269.60825  269.80252    10.9529     4.6733 0.0000e+00
 130.608235      9.756    13.5293  32.846118    26.9995      9.668  269.60818  269.80245    12.5560     4.4995 0.0000e+00
 130.608238      9.783    13.5291  32.845709    26.9996      9.696  269.60984  269.80410    12.5560     4.4995 -9.990e-29
 130.608241      9.807    13.5289  32.845476    26.9993      9.719  269.61088  269.80513    12.4626     4.4995 -9.990e-29
 130.608244      9.829    13.5288  32.845067    26.9990      9.741  269.61222  269.80647    12.6027     4.4671 -9.990e-29
 130.608247      9.854    13.5282  32.844892    26.9989      9.766  269.61505  269.80926     9.5833     4.3822 -9.990e-29
 130.608249      9.887    13.5280  32.844308    26.9992      9.799  269.61701  269.81121     9.5366     4.3943 0.0000e+00
 130.608252      9.913    13.5277  32.844659    26.9994      9.824  269.61768  269.81187     9.5210     4.3701 0.0000e+00
 130.608255      9.949    13.5276  32.844892    26.9994      9.860  269.61762  269.81180     9.5833     4.3701 0.0000e+00
 130.608258      9.984    13.5273  32.844133    26.9991      9.894  269.62019  269.81436     9.5210     4.3943 0.0000e+00
 130.608261     10.020    13.5271  32.843608    26.9988      9.930  269.62205  269.81621     9.4743     4.4267 0.0000e+00
 130.608264     10.060    13.5266  32.842382    26.9980      9.970  269.62637  269.82051     9.6299     4.3498 0.0000e+00
 130.608267     10.091    13.5260  32.841739    26.9980     10.001  269.63000  269.82411     9.5210     4.3498 0.0000e+00
 130.608270     10.124    13.5251  32.842207    26.9989     10.034  269.63300  269.82705     9.5521     4.3701 0.0000e+00
 130.608273     10.157    13.5248  32.842616    26.9992     10.066  269.63389  269.82792    11.0152     4.8432 0.0000e+00
 130.608275     10.188    13.5250  32.841331    26.9995     10.097  269.63516  269.82920    11.1085     4.8391 -9.990e-29
 130.608278     10.208    13.5247  32.842558    26.9995     10.117  269.63434  269.82836    10.9996     4.8432 -9.990e-29
 130.608281     10.223    13.5248  32.842791    26.9996     10.131  269.63332  269.82735    11.0930     4.8876 -9.990e-29
 130.608284     10.247    13.5250  32.843200    26.9998     10.155  269.63201  269.82604    12.7739     4.6976 -9.990e-29
 130.608287     10.270    13.5253  32.843726    27.0000     10.178  269.62956  269.82361    12.8206     4.6976 -9.990e-29
 130.608290     10.301    13.5258  32.844018    26.9999     10.209  269.62719  269.82127    12.7117     4.6895 0.0000e+00
 130.608293     10.331    13.5259  32.843843    27.0000     10.238  269.62688  269.82097    12.7584     4.6733 0.0000e+00
 130.608296     10.371    13.5265  32.844894    27.0003     10.278  269.62260  269.81671    12.7895     4.6814 0.0000e+00
 130.608299     10.409    13.5269  32.845478    27.0003     10.316  269.62006  269.81419    12.6961     4.6895 0.0000e+00
 130.608302     10.447    13.5275  32.845478    27.0001     10.354  269.61756  269.81173    12.7739     4.6855 0.0000e+00
 130.608304     10.486    13.5280  32.845887    27.0000     10.392  269.61438  269.80858    12.7895     4.7057 0.0000e+00
 130.608307     10.520    13.5283  32.845712    27.0000     10.426  269.61344  269.80766    12.0580     4.7178 0.0000e+00
 130.608310     10.551    13.5286  32.846296    26.9999     10.457  269.61152  269.80575    12.0268     4.7421 0.0000e+00
 130.608313     10.579    13.5288  32.845712    27.0000     10.484  269.61159  269.80583    12.0424     4.7340 -9.990e-29
 130.608316     10.604    13.5289  32.845887    26.9994     10.509  269.61099  269.80524    11.9957     4.7259 -9.990e-29
 130.608319     10.628    13.5288  32.846121    26.9997     10.533  269.61092  269.80516    11.9801     4.7461 -9.990e-29
 130.608322     10.648    13.5287  32.845712    26.9995     10.553  269.61195  269.80619    11.4821     4.6208 -9.990e-29
 130.608325     10.674    13.5287  32.845888    26.9995     10.578  269.61166  269.80590    11.5288     4.6208 0.0000e+00
 130.608328     10.701    13.5286  32.845888    26.9995     10.605  269.61231  269.80654    11.4198     4.6086 0.0000e+00
 130.608330     10.734    13.5287  32.845304    26.9994     10.638  269.61269  269.80694    11.4510     4.6208 0.0000e+00
 130.608333     10.765    13.5288  32.845888    26.9991     10.669  269.61140  269.80565    10.3770     4.7502 0.0000e+00
 130.608336     10.798    13.5287  32.845479    26.9994     10.701  269.61244  269.80668    10.5015     4.7340 0.0000e+00
 130.608339     10.834    13.5285  32.845713    26.9991     10.737  269.61300  269.80723    10.5171     4.7825 0.0000e+00
 130.608342     10.871    13.5284  32.845304    26.9994     10.774  269.61404  269.80826    10.5949     4.7582 0.0000e+00
 130.608345     10.902    13.5283  32.845479    26.9991     10.804  269.61439  269.80860     9.3187     4.2488 0.0000e+00
 130.608348     10.933    13.5280  32.844662    26.9991     10.835  269.61706  269.81126     9.3654     4.2326 0.0000e+00
 130.608351     10.964    13.5278  32.845304    26.9988     10.866  269.61692  269.81111     9.2564     4.2568 -9.990e-29
 130.608354     10.986    13.5276  32.844137    26.9986     10.887  269.61956  269.81374     9.2564     4.2609 -9.990e-29
 130.608356     11.011    13.5277  32.844253    26.9986     10.913  269.61906  269.81325    12.2136     5.1020 -9.990e-29
 130.608359     11.035    13.5273  32.843436    26.9981     10.936  269.62204  269.81621    12.2914     5.1141 -9.990e-29
 130.608362     11.055    13.5269  32.843553    26.9990     10.956  269.62374  269.81789    12.2292     5.1222 -9.990e-29
 130.608365     11.086    13.5266  32.843845    26.9993     10.987  269.62452  269.81865    12.3381     5.1222 0.0000e+00
 130.608368     11.117    13.5264  32.844254    26.9995     11.017  269.62478  269.81889    12.2603     5.1020 0.0000e+00
 130.608371     11.155    13.5264  32.844312    26.9996     11.055  269.62471  269.81882    12.9296     5.3122 0.0000e+00
 130.608374     11.188    13.5266  32.845714    27.0004     11.088  269.62140  269.81551    12.8673     5.3001 0.0000e+00
 130.608377     11.225    13.5272  32.845889    27.0004     11.124  269.61861  269.81275    12.8517     5.3041 0.0000e+00
 130.608380     11.259    13.5277  32.845714    27.0004     11.158  269.61672  269.81091    12.8829     5.3284 0.0000e+00
 130.608383     11.286    13.5280  32.846532    27.0004     11.185  269.61409  269.80828    13.6144     5.2516 0.0000e+00
 130.608385     11.316    13.5286  32.847350    27.0006     11.214  269.60989  269.80411    13.5521     5.2435 0.0000e+00
 130.608388     11.343    13.5293  32.847759    27.0007     11.241  269.60638  269.80064    13.6299     5.2516 0.0000e+00
 130.608391     11.370    13.5300  32.847700    27.0006     11.269  269.60367  269.79797    13.6766     5.2394 -9.990e-29
 130.608394     11.394    13.5301  32.847350    26.9996     11.292  269.60365  269.79796    13.0074     4.7866 -9.990e-29
 130.608397     11.420    13.5302  32.848576    27.0006     11.317  269.60095  269.79526    12.8984     4.7825 -9.990e-29
 130.608400     11.443    13.5308  32.849452    27.0010     11.341  269.59695  269.79130    12.9451     4.7785 -9.990e-29
 130.608403     11.473    13.5315  32.849803    27.0008     11.370  269.59355  269.78793    12.9607     4.7906 -9.990e-29
 130.608406     11.498    13.5322  32.850270    27.0005     11.395  269.58994  269.78435    15.1241     5.5104 -9.990e-29
 130.608409     11.529    13.5328  32.850445    27.0004     11.426  269.58683  269.78128    15.1864     5.5185 0.0000e+00
 130.608411     11.565    13.5333  32.850679    27.0004     11.462  269.58425  269.77874    14.9840     5.5185 0.0000e+00
 130.608414     11.600    13.5337  32.851088    27.0004     11.496  269.58201  269.77651    15.0619     5.5144 0.0000e+00
 130.608417     11.635    13.5341  32.851439    27.0004     11.530  269.57986  269.77438    15.0774     5.4821 0.0000e+00
 130.608420     11.669    13.5345  32.850446    27.0005     11.565  269.57968  269.77424    14.3615     5.3891 0.0000e+00
 130.608423     11.702    13.5347  32.852081    27.0006     11.597  269.57598  269.77053    14.4860     5.3608 0.0000e+00
 130.608426     11.733    13.5353  32.852548    27.0006     11.628  269.57268  269.76727    14.3926     5.3567 0.0000e+00
 130.608429     11.768    13.5357  32.852607    27.0006     11.662  269.57103  269.76565    14.3615     5.3931 -9.990e-29
 130.608432     11.790    13.5359  32.853133    27.0007     11.684  269.56921  269.76383    14.8906     5.1990 -9.990e-29
 130.608435     11.813    13.5365  32.853542    27.0006     11.708  269.56601  269.76067    14.7661     5.1869 -9.990e-29
 130.608438     11.835    13.5368  32.853366    27.0002     11.729  269.56507  269.75974    14.9373     5.1667 -9.990e-29
 130.608440     11.859    13.5369  32.853133    27.0001     11.753  269.56485  269.75954    14.8440     5.2030 -9.990e-29
 130.608443     11.886    13.5371  32.853542    27.0002     11.780  269.56323  269.75792    13.8634     4.9928 0.0000e+00
 130.608446     11.917    13.5371  32.853775    27.0003     11.810  269.56285  269.75754    13.7856     4.9766 0.0000e+00
 130.608449     11.950    13.5374  32.854360    27.0003     11.843  269.56062  269.75532    13.7856     5.0009 0.0000e+00
 130.608452     11.983    13.5377  32.853951    27.0001     11.876  269.56039  269.75511    13.8945     4.9726 0.0000e+00
 130.608455     12.021    13.5379  32.853951    27.0001     11.913  269.55947  269.75421    18.3148     5.9956 0.0000e+00
 130.608458     12.052    13.5380  32.854360    27.0002     11.944  269.55817  269.75291    18.3303     5.9835 0.0000e+00
 130.608461     12.087    13.5382  32.854594    27.0003     11.978  269.55716  269.75191    18.2681     6.0441 0.0000e+00
 130.608464     12.119    13.5385  32.855411    27.0006     12.011  269.55453  269.74929    18.3615     6.0401 0.0000e+00
 130.608466     12.156    13.5389  32.856346    27.0008     12.047  269.55108  269.74586    18.3303     6.0158 -9.990e-29
 130.608469     12.181    13.5396  32.856638    27.0011     12.072  269.54745  269.74227    20.0268     6.3514 -9.990e-29
 130.608472     12.203    13.5406  32.857456    27.0011     12.094  269.54199  269.73686    20.1669     6.3434 -9.990e-29
 130.608475     12.227    13.5412  32.857690    27.0009     12.117  269.53909  269.73400    20.0891     6.3353 -9.990e-29
 130.608478     12.249    13.5417  32.857456    27.0003     12.139  269.53730  269.73224    20.0268     6.3434 -9.990e-29
 130.608481     12.271    13.5421  32.858098    27.0000     12.161  269.53465  269.72961    24.1202     6.9620 -9.990e-29
