Processed/SBE19plus_01907321_2022_05_11_Cast122_wfilter.cnv
* Sea-Bird SBE19plus  Data File:
* FileName = E:\Prandtl_Daten\2022\CTD\Raw\SBE19plus_01907321_2022_05_11_Cast122.hex
* Software version 2.6.1.12
* Temperature SN = 7321
* Conductivity SN = 7321
* System UpLoad Time = May 11 2022 07:43:47
* <ApplicationData>
* <Seaterm232>
** Messpraktikum 2022
** CTD 10.05  BM
** NMEA Latitude = 54 07.80N
** NMEA Longitude = 008 47.51E
# nquan = 11
# nvalues = 756                         
# units = specified
# name 0 = timeJ: Julian Days
# name 1 = prdM: Pressure, Strain Gauge [db]
# name 2 = tv290C: Temperature [ITS-90, deg C]
# name 3 = c0mS/cm: Conductivity [mS/cm]
# name 4 = sal00: Salinity, Practical [PSU]
# name 5 = depSM: Depth [salt water, m], lat = 54.00
# name 6 = oxsatMm/Kg: Oxygen Saturation, Weiss [umol/kg]
# name 7 = oxsolMm/Kg: Oxygen Saturation, Garcia & Gordon [umol/kg]
# name 8 = turbWETntu0: Turbidity, WET Labs ECO [NTU]
# name 9 = flECO-AFL: Fluorescence, WET Labs ECO-AFL/FL [mg/m^3]
# name 10 = flag:  0.000e+00
# span 0 = 131.316021, 131.318206       
# span 1 =      0.500,     17.105       
# span 2 =    13.5583,    13.5664       
# span 3 =  32.806030,  32.952618       
# span 4 =    26.9452,    27.0716       
# span 5 =      0.495,     16.952       
# span 6 =  269.28656,  269.54229       
# span 7 =  269.48225,  269.73869       
# span 8 =    -1.0160,     2.8595       
# span 9 =     1.9034,     3.0478       
# span 10 = 0.0000e+00, 0.0000e+00      
# interval = seconds: 0.25
# start_time = May 11 2022 07:33:43 [Instrument's time stamp, header]
# bad_flag = -9.990e-29
*END*
[from data line 132]
 131.316403      3.422    13.5596  32.813220    26.9505      3.392  269.53031  269.72668    -0.4401     2.1824 -9.990e-29
 131.316406      3.446    13.5597  32.813453    26.9507      3.415  269.52961  269.72599    -0.3623     2.3523 -9.990e-29
 131.316409      3.463    13.5596  32.813220    26.9505      3.432  269.53033  269.72670    -0.4557     2.3442 -9.990e-29
 131.316412      3.484    13.5597  32.813454    26.9506      3.453  269.52963  269.72601    -0.4712     2.3442 -9.990e-29
 131.316415      3.505    13.5599  32.813395    26.9504      3.473  269.52880  269.72519    -0.3778     2.3321 -9.990e-29
 131.316418      3.525    13.5597  32.813220    26.9504      3.493  269.53005  269.72643    -0.4712     2.3402 -9.990e-29
 131.316421      3.545    13.5597  32.813220    26.9504      3.514  269.52975  269.72614    -0.6891     2.4008 -9.990e-29
 131.316424      3.565    13.5596  32.813629    26.9508      3.533  269.52970  269.72607    -0.5179     2.4170 -9.990e-29
 131.316427      3.580    13.5596  32.813863    26.9510      3.548  269.52931  269.72568    -0.4712     2.3927 -9.990e-29
 131.316429      3.602    13.5595  32.813863    26.9511      3.570  269.52964  269.72600    -0.6424     2.4008 -9.990e-29
 131.316432      3.625    13.5596  32.814038    26.9515      3.593  269.52904  269.72541     0.3537     2.1501 -9.990e-29
 131.316435      3.653    13.5594  32.814272    26.9515      3.620  269.52960  269.72596     0.3226     2.1137 0.0000e+00
 131.316438      3.682    13.5592  32.815323    26.9515      3.649  269.52847  269.72480     0.2914     2.1339 -9.990e-29
 131.316441      3.707    13.5591  32.815323    26.9527      3.674  269.52911  269.72544     0.3070     2.1339 -9.990e-29
 131.316444      3.731    13.5591  32.815790    26.9531      3.698  269.52833  269.72465    -0.0821     2.0692 -9.990e-29
 131.316447      3.749    13.5590  32.815907    26.9532      3.716  269.52846  269.72477    -0.1911     2.0935 -9.990e-29
 131.316450      3.769    13.5589  32.816140    26.9536      3.736  269.52870  269.72501    -0.1444     2.0814 -9.990e-29
 131.316453      3.791    13.5588  32.816958    26.9543      3.757  269.52764  269.72394    -0.0510     2.0611 -9.990e-29
 131.316455      3.811    13.5586  32.817775    26.9552      3.777  269.52689  269.72317    -0.4245     2.1784 -9.990e-29
 131.316458      3.835    13.5587  32.818184    26.9555      3.801  269.52590  269.72218    -0.4868     2.1420 -9.990e-29
 131.316461      3.857    13.5587  32.818534    26.9558      3.822  269.52532  269.72159    -0.5179     2.1380 -9.990e-29
 131.316464      3.884    13.5586  32.817775    26.9552      3.849  269.52694  269.72322    -0.4401     2.1622 -9.990e-29
 131.316467      3.908    13.5587  32.817775    26.9551      3.873  269.52664  269.72292    -0.3467     2.1501 -9.990e-29
 131.316470      3.930    13.5587  32.817192    26.9546      3.895  269.52764  269.72393    -0.5646     2.3806 -9.990e-29
 131.316473      3.952    13.5589  32.816958    26.9542      3.916  269.52711  269.72341    -0.6424     2.4170 -9.990e-29
 131.316476      3.975    13.5587  32.816550    26.9540      3.940  269.52876  269.72506    -0.6113     2.4251 -9.990e-29
 131.316479      3.997    13.5589  32.816316    26.9536      3.961  269.52855  269.72485    -0.6736     2.4049 -9.990e-29
 131.316481      4.015    13.5589  32.816199    26.9535      3.979  269.52876  269.72506    -0.4557     2.1420 -9.990e-29
 131.316484      4.026    13.5589  32.816725    26.9540      3.990  269.52755  269.72386    -0.3467     2.1744 -9.990e-29
 131.316487      4.052    13.5589  32.816141    26.9534      4.016  269.52856  269.72487    -0.3623     2.0975 -9.990e-29
 131.316490      4.070    13.5587  32.817134    26.9545      4.033  269.52783  269.72412    -0.3311     2.1258 -9.990e-29
 131.316493      4.095    13.5587  32.817367    26.9547      4.059  269.52745  269.72374    -0.6424     2.2027 -9.990e-29
 131.316496      4.123    13.5586  32.818185    26.9555      4.086  269.52670  269.72298    -0.6891     2.1824 -9.990e-29
 131.316499      4.148    13.5587  32.818594    26.9558      4.111  269.52540  269.72167    -0.5957     2.1986 -9.990e-29
 131.316502      4.176    13.5586  32.818535    26.9558      4.138  269.52583  269.72210    -0.6424     2.2027 -9.990e-29
 131.316505      4.199    13.5586  32.819236    26.9564      4.162  269.52496  269.72123    -0.3934     2.2027 -9.990e-29
 131.316508      4.223    13.5585  32.817601    26.9550      4.185  269.52807  269.72435    -0.4090     2.1905 -9.990e-29
 131.316510      4.241    13.5586  32.818360    26.9556      4.203  269.52648  269.72275    -0.3778     2.2108 -9.990e-29
 131.316513      4.264    13.5584  32.819411    26.9567      4.226  269.52534  269.72159    -0.3778     2.2229 -9.990e-29
 131.316516      4.288    13.5586  32.819411    26.9566      4.250  269.52472  269.72098    -0.3467     2.2391 -9.990e-29
 131.316519      4.308    13.5586  32.819120    26.9562      4.270  269.52492  269.72118    -0.3778     2.1097 -9.990e-29
 131.316522      4.323    13.5586  32.818828    26.9560      4.284  269.52542  269.72169    -0.3467     2.1501 -9.990e-29
 131.316525      4.341    13.5586  32.819003    26.9561      4.302  269.52513  269.72140    -0.3934     2.1461 -9.990e-29
 131.316528      4.361    13.5587  32.818828    26.9559      4.322  269.52513  269.72141    -0.4401     2.1420 -9.990e-29
 131.316531      4.382    13.5587  32.818361    26.9555      4.342  269.52594  269.72222     0.1202     2.2674 -9.990e-29
 131.316534      4.404    13.5587  32.819003    26.9559      4.364  269.52486  269.72113     0.0113     2.2755 -9.990e-29
 131.316536      4.431    13.5586  32.818828    26.9556      4.392  269.52549  269.72176     0.0424     2.2350 0.0000e+00
 131.316539      4.458    13.5588  32.818361    26.9558      4.418  269.52567  269.72195     0.2292     2.2229 0.0000e+00
 131.316542      4.486    13.5588  32.818828    26.9556      4.445  269.52489  269.72117     0.3537     2.4695 0.0000e+00
 131.316545      4.515    13.5587  32.818420    26.9558      4.474  269.52592  269.72220     0.2136     2.4615 -9.990e-29
 131.316548      4.535    13.5588  32.818536    26.9555      4.494  269.52542  269.72170     0.3070     2.4453 -9.990e-29
 131.316551      4.560    13.5588  32.818595    26.9556      4.520  269.52534  269.72162     0.3070     2.4372 -9.990e-29
 131.316554      4.579    13.5589  32.817194    26.9542      4.538  269.52741  269.72371    -0.3934     2.2552 -9.990e-29
 131.316557      4.599    13.5589  32.818186    26.9551      4.558  269.52574  269.72203    -0.5490     2.2552 -9.990e-29
 131.316560      4.608    13.5589  32.818361    26.9553      4.567  269.52545  269.72174    -0.4245     2.2835 -9.990e-29
 131.316563      4.628    13.5588  32.818420    26.9554      4.587  269.52567  269.72196    -0.3778     2.2876 -9.990e-29
 131.316565      4.646    13.5588  32.818186    26.9552      4.605  269.52608  269.72237    -0.4245     2.2552 -9.990e-29
 131.316568      4.666    13.5589  32.818128    26.9551      4.625  269.52588  269.72217    -0.7047     2.2391 -9.990e-29
 131.316571      4.688    13.5590  32.818011    26.9548      4.646  269.52546  269.72176    -0.6269     2.2755 -9.990e-29
 131.316574      4.714    13.5589  32.818187    26.9551      4.671  269.52581  269.72210    -0.5646     2.2633 -9.990e-29
 131.316577      4.739    13.5590  32.818362    26.9551      4.697  269.52490  269.72120    -0.6736     2.2835 -9.990e-29
 131.316580      4.766    13.5591  32.818187    26.9549      4.723  269.52490  269.72120     0.2759     2.2795 -9.990e-29
 131.316583      4.790    13.5589  32.817603    26.9545      4.747  269.52685  269.72315     0.4004     2.2633 -9.990e-29
 131.316586      4.813    13.5589  32.818829    26.9555      4.770  269.52478  269.72107     0.3537     2.2391 -9.990e-29
 131.316589      4.843    13.5589  32.818712    26.9555      4.799  269.52468  269.72097     0.3692     2.2714 0.0000e+00
 131.316591      4.873    13.5589  32.819004    26.9555      4.830  269.52420  269.72049    -0.1288     2.3159 -9.990e-29
 131.316594      4.897    13.5589  32.819647    26.9563      4.853  269.52313  269.71941    -0.1444     2.3078 -9.990e-29
 131.316597      4.911    13.5589  32.819705    26.9564      4.868  269.52304  269.71932    -0.0977     2.3321 -9.990e-29
 131.316600      4.926    13.5590  32.820698    26.9572      4.882  269.52104  269.71732    -0.1132     2.3402 -9.990e-29
 131.316603      4.935    13.5591  32.821690    26.9580      4.891  269.51873  269.71501     1.2720     2.5666 -9.990e-29
 131.316606      4.953    13.5591  32.821866    26.9582      4.909  269.51844  269.71472     1.2408     2.5747 -9.990e-29
 131.316609      4.971    13.5593  32.823384    26.9595      4.927  269.51524  269.71152     1.3965     2.5949 -9.990e-29
 131.316612      4.997    13.5594  32.823559    26.9598      4.952  269.51465  269.71093     1.2564     2.5666 0.0000e+00
 131.316615      5.028    13.5594  32.824201    26.9601      4.983  269.51357  269.70985     1.2875     2.5828 0.0000e+00
 131.316617      5.059    13.5594  32.824610    26.9604      5.013  269.51258  269.70886    -0.6424     2.2997 0.0000e+00
 131.316620      5.088    13.5595  32.825194    26.9608      5.043  269.51129  269.70757    -0.5957     2.3321 0.0000e+00
 131.316623      5.115    13.5594  32.825019    26.9609      5.070  269.51224  269.70851    -0.6269     2.3159 0.0000e+00
 131.316626      5.143    13.5594  32.825428    26.9608      5.097  269.51156  269.70782    -0.7358     2.3321 -9.990e-29
 131.316629      5.165    13.5594  32.825662    26.9613      5.119  269.51086  269.70713    -0.5802     2.5221 -9.990e-29
 131.316632      5.183    13.5594  32.826479    26.9621      5.137  269.50980  269.70605    -0.6736     2.5221 -9.990e-29
 131.316635      5.198    13.5593  32.826771    26.9624      5.151  269.50963  269.70587    -0.8448     2.5221 -9.990e-29
 131.316638      5.218    13.5594  32.827297    26.9628      5.171  269.50811  269.70437    -0.6113     2.5181 -9.990e-29
 131.316641      5.232    13.5594  32.827297    26.9628      5.185  269.50844  269.70469    -0.1911     2.3159 -9.990e-29
 131.316644      5.251    13.5596  32.826888    26.9623      5.204  269.50820  269.70447    -0.1755     2.3361 -9.990e-29
 131.316646      5.271    13.5597  32.827414    26.9627      5.224  269.50669  269.70296    -0.0821     2.3240 -9.990e-29
 131.316649      5.293    13.5596  32.826655    26.9621      5.245  269.50862  269.70489    -0.0821     2.3240 -9.990e-29
 131.316652      5.318    13.5595  32.827297    26.9627      5.271  269.50786  269.70412    -0.7514     2.3846 -9.990e-29
 131.316655      5.342    13.5597  32.827414    26.9631      5.294  269.50705  269.70331    -0.6113     2.3846 -9.990e-29
 131.316658      5.367    13.5594  32.827706    26.9633      5.319  269.50751  269.70376    -0.6269     2.4170 0.0000e+00
 131.316661      5.395    13.5596  32.828115    26.9633      5.346  269.50620  269.70246    -0.6424     2.3968 0.0000e+00
 131.316664      5.424    13.5596  32.828757    26.9634      5.375  269.50513  269.70138    -0.6736     2.3685 -9.990e-29
 131.316667      5.449    13.5596  32.830159    26.9652      5.401  269.50276  269.69900    -0.5802     2.5909 -9.990e-29
 131.316670      5.477    13.5596  32.831443    26.9664      5.428  269.50060  269.69682    -0.7202     2.5787 -9.990e-29
 131.316672      5.501    13.5596  32.831735    26.9666      5.451  269.50011  269.69634    -0.6891     2.5747 -9.990e-29
 131.316675      5.517    13.5596  32.832845    26.9676      5.468  269.49824  269.69445    -0.5957     2.5666 -9.990e-29
 131.316678      5.532    13.5596  32.835356    26.9699      5.482  269.49398  269.69017    -0.5490     2.5909 -9.990e-29
 131.316681      5.548    13.5597  32.836816    26.9712      5.498  269.49119  269.68738    -0.7825     2.5909 -9.990e-29
 131.316684      5.563    13.5596  32.837984    26.9723      5.513  269.48953  269.68570    -0.6736     2.5666 -9.990e-29
 131.316687      5.583    13.5595  32.838626    26.9729      5.533  269.48876  269.68492    -0.6736     2.5787 -9.990e-29
 131.316690      5.610    13.5595  32.838627    26.9729      5.560  269.48878  269.68494    -0.1444     2.2471 0.0000e+00
 131.316693      5.637    13.5595  32.840554    26.9729      5.587  269.48552  269.68167    -0.0977     2.2512 -9.990e-29
 131.316696      5.661    13.5597  32.840729    26.9742      5.611  269.48461  269.68076    -0.0821     2.2471 -9.990e-29
 131.316698      5.689    13.5596  32.840087    26.9749      5.638  269.48603  269.68219    -0.0821     2.2755 0.0000e+00
 131.316701      5.716    13.5596  32.841547    26.9749      5.665  269.48356  269.67971    -0.5957     2.2593 0.0000e+00
 131.316704      5.745    13.5596  32.842598    26.9755      5.694  269.48179  269.67793    -0.4401     2.2552 -9.990e-29
 131.316707      5.767    13.5596  32.841722    26.9756      5.716  269.48330  269.67944    -0.3467     2.2835 -9.990e-29
 131.316710      5.793    13.5597  32.843182    26.9768      5.741  269.48020  269.67634    -0.5490     2.2633 -9.990e-29
 131.316713      5.811    13.5594  32.844117    26.9779      5.759  269.47988  269.67600    -0.4090     2.2633 -9.990e-29
 131.316716      5.829    13.5598  32.845694    26.9790      5.777  269.47564  269.67176     1.3187     2.3321 -9.990e-29
 131.316719      5.840    13.5597  32.846687    26.9800      5.787  269.47427  269.67038     1.3187     2.3159 -9.990e-29
 131.316722      5.856    13.5597  32.849023    26.9821      5.804  269.47031  269.66640     1.3187     2.3361 -9.990e-29
 131.316725      5.875    13.5598  32.850834    26.9837      5.822  269.46693  269.66301     1.2875     2.3199 -9.990e-29
 131.316727      5.889    13.5602  32.853520    26.9859      5.836  269.46080  269.65688    -0.4090     2.3927 -9.990e-29
 131.316730      5.916    13.5601  32.855506    26.9877      5.863  269.45775  269.65381    -0.4868     2.4129 -9.990e-29
 131.316733      5.938    13.5602  32.857025    26.9905      5.885  269.45455  269.65061    -0.3623     2.4008 -9.990e-29
 131.316736      5.965    13.5603  32.858719    26.9905      5.912  269.45137  269.64742    -0.4401     2.3927 0.0000e+00
 131.316739      5.996    13.5606  32.858895    26.9905      5.943  269.44984  269.64590     1.3187     2.3280 0.0000e+00
 131.316742      6.024    13.5605  32.858895    26.9905      5.970  269.45017  269.64623     1.2564     2.3280 0.0000e+00
 131.316745      6.054    13.5606  32.861173    26.9915      6.000  269.44600  269.64204     1.3031     2.3159 0.0000e+00
 131.316748      6.080    13.5608  32.864561    26.9925      6.025  269.43963  269.63565     1.2720     2.3280 -9.990e-29
 131.316751      6.100    13.5610  32.866372    26.9969      6.045  269.43562  269.63164     0.2914     2.7041 -9.990e-29
 131.316753      6.118    13.5611  32.869468    26.9996      6.063  269.42974  269.62574     0.2759     2.6758 -9.990e-29
 131.316756      6.131    13.5613  32.871747    27.0015      6.076  269.42493  269.62093     0.3692     2.7324 -9.990e-29
 131.316759      6.148    13.5616  32.872097    27.0017      6.093  269.42340  269.61941     0.2292     2.7122 -9.990e-29
 131.316762      6.170    13.5617  32.874201    27.0035      6.114  269.41921  269.61521     0.1825     2.7000 -9.990e-29
 131.316765      6.194    13.5619  32.874843    27.0037      6.138  269.41750  269.61351     0.3070     2.6192 -9.990e-29
 131.316768      6.219    13.5619  32.874610    27.0037      6.164  269.41791  269.61392     0.3848     2.5828 0.0000e+00
 131.316771      6.247    13.5620  32.874610    27.0037      6.191  269.41730  269.61332     0.3226     2.5909 0.0000e+00
 131.316774      6.272    13.5622  32.874435    27.0036      6.216  269.41699  269.61301     0.2914     2.5545 -9.990e-29
 131.316777      6.293    13.5621  32.874610    27.0036      6.236  269.41702  269.61304     0.3381     2.3927 -9.990e-29
