Processed/SBE19plus_01907321_2022_05_11_Cast125_wfilter.cnv
* Sea-Bird SBE19plus  Data File:
* FileName = E:\Prandtl_Daten\2022\CTD\Raw\SBE19plus_01907321_2022_05_11_Cast125.hex
* Software version 2.6.1.12
* Temperature SN = 7321
* Conductivity SN = 7321
* System UpLoad Time = May 11 2022 09:21:57
* <ApplicationData>
* <Seaterm232>
** Messpraktikum 2022
** CTD 10.05  KFN2
** NMEA Latitude = 54 06.14N
** NMEA Longitude = 008 35.89E
# nquan = 11
# nvalues = 493                         
# units = specified
# name 0 = timeJ: Julian Days
# name 1 = prdM: Pressure, Strain Gauge [db]
# name 2 = tv290C: Temperature [ITS-90, deg C]
# name 3 = c0mS/cm: Conductivity [mS/cm]
# name 4 = sal00: Salinity, Practical [PSU]
# name 5 = depSM: Depth [salt water, m], lat = 54.00
# name 6 = oxsatMm/Kg: Oxygen Saturation, Weiss [umol/kg]
# name 7 = oxsolMm/Kg: Oxygen Saturation, Garcia & Gordon [umol/kg]
# name 8 = turbWETntu0: Turbidity, WET Labs ECO [NTU]
# name 9 = flECO-AFL: Fluorescence, WET Labs ECO-AFL/FL [mg/m^3]
# name 10 = flag:  0.000e+00
# span 0 = 131.385130, 131.386554       
# span 1 =      0.464,     16.018       
# span 2 =    12.2109,    12.8828       
# span 3 =  31.449596,  31.930453       
# span 4 =    26.2794,    27.0373       
# span 5 =      0.460,     15.874       
# span 6 =  274.10813,  277.12613       
# span 7 =  274.27019,  277.24447       
# span 8 =     0.9140,   351.0307       
# span 9 =     5.0858,    12.0247       
# span 10 = 0.0000e+00, 0.0000e+00      
# interval = seconds: 0.25
# start_time = May 11 2022 09:13:18 [Instrument's time stamp, header]
# bad_flag = -9.990e-29
*END*
[from data line 394]
 131.386270     13.081    12.2852  31.853785    26.9696     12.964  276.82010  276.94364    11.2642     7.5928 0.0000e+00
 131.386273     13.121    12.2857  31.855401    26.9691     13.004  276.81466  276.93823    11.3576     7.6090 0.0000e+00
 131.386276     13.160    12.2852  31.854420    26.9691     13.042  276.81900  276.94254    11.3731     7.6131 0.0000e+00
 131.386279     13.202    12.2847  31.852401    26.9691     13.083  276.82491  276.94843    11.1864     7.2815 0.0000e+00
 131.386282     13.234    12.2831  31.856210    26.9722     13.116  276.82499  276.94837    11.3887     7.2613 0.0000e+00
 131.386285     13.264    12.2825  31.855979    26.9723     13.145  276.82827  276.95161    11.3264     7.2532 0.0000e+00
 131.386288     13.295    12.2824  31.854998    26.9724     13.176  276.83071  276.95405    11.2486     7.2572 -9.990e-29
 131.386291     13.311    12.2810  31.853613    26.9713     13.192  276.83925  276.96251    12.2136     7.8880 -9.990e-29
 131.386293     13.322    12.2806  31.855633    26.9734     13.203  276.83749  276.96070    12.2292     7.9163 -9.990e-29
 131.386296     13.332    12.2804  31.856210    26.9741     13.212  276.83740  276.96059    12.1825     7.9325 -9.990e-29
 131.386299     13.344    12.2796  31.857019    26.9754     13.225  276.83942  276.96256    12.3381     7.8840 -9.990e-29
 131.386302     13.366    12.2784  31.855634    26.9753     13.247  276.84765  276.97071    10.9840     7.3098 -9.990e-29
 131.386305     13.396    12.2762  31.854191    26.9759     13.276  276.86010  276.98303    10.9685     7.3179 0.0000e+00
 131.386308     13.441    12.2750  31.854596    26.9764     13.321  276.86447  276.98732    11.0307     7.2653 0.0000e+00
 131.386311     13.489    12.2752  31.856154    26.9764     13.368  276.86104  276.98388    11.0152     7.3745 0.0000e+00
 131.386314     13.547    12.2757  31.854019    26.9753     13.426  276.86242  276.98532    11.5288     6.9539 0.0000e+00
 131.386317     13.607    12.2748  31.851018    26.9753     13.485  276.87234  276.99521    11.4510     6.9095 0.0000e+00
 131.386319     13.671    12.2731  31.854596    26.9768     13.549  276.87317  276.99589    11.5599     6.9459 0.0000e+00
 131.386322     13.722    12.2727  31.853212    26.9777     13.599  276.87793  277.00063    11.5599     6.9701 0.0000e+00
 131.386325     13.768    12.2729  31.854828    26.9775     13.644  276.87408  276.99678    11.6844     6.9095 0.0000e+00
 131.386328     13.800    12.2727  31.853212    26.9781     13.677  276.87798  277.00069    11.2642     6.5900 -9.990e-29
 131.386331     13.817    12.2722  31.851192    26.9751     13.693  276.88356  277.00626    11.2019     6.6426 -9.990e-29
 131.386334     13.830    12.2717  31.852404    26.9767     13.706  276.88390  277.00655    11.2953     6.5900 -9.990e-29
 131.386337     13.832    12.2713  31.853039    26.9775     13.708  276.88433  277.00695    11.2175     6.6305 -9.990e-29
 131.386340     13.835    12.2710  31.853443    26.9781     13.711  276.88487  277.00746    12.2914     7.6575 -9.990e-29
 131.386343     13.846    12.2713  31.852635    26.9771     13.722  276.88508  277.00769    12.1358     7.7505 -9.990e-29
 131.386345     13.866    12.2715  31.851019    26.9753     13.742  276.88707  277.00972    12.0891     7.7182 -9.990e-29
 131.386348     13.892    12.2720  31.851192    26.9749     13.767  276.88456  277.00724    12.4471     7.7344 0.0000e+00
 131.386351     13.921    12.2727  31.850846    26.9753     13.796  276.88236  277.00509    12.0113     7.9244 0.0000e+00
 131.386354     13.955    12.2727  31.852808    26.9755     13.830  276.87850  277.00121    11.9801     7.9649 0.0000e+00
 131.386357     13.997    12.2725  31.851827    26.9755     13.872  276.88126  277.00397    12.0424     7.8799 0.0000e+00
 131.386360     14.043    12.2717  31.850443    26.9755     13.917  276.88729  277.00996    12.0113     7.8799 0.0000e+00
 131.386363     14.094    12.2712  31.852636    26.9771     13.967  276.88556  277.00817    11.0307     6.4000 0.0000e+00
 131.386366     14.143    12.2703  31.852001    26.9771     14.016  276.89086  277.01342    10.9218     6.4000 0.0000e+00
 131.386369     14.185    12.2710  31.851020    26.9758     14.058  276.88982  277.01243    10.9685     6.4323 0.0000e+00
 131.386372     14.230    12.2717  31.850443    26.9758     14.103  276.88741  277.01008    11.0307     6.4404 0.0000e+00
 131.386374     14.274    12.2710  31.853098    26.9776     14.146  276.88579  277.00838    11.0619     6.4161 0.0000e+00
 131.386377     14.309    12.2703  31.853444    26.9781     14.181  276.88867  277.01121    10.7194     6.9256 0.0000e+00
 131.386380     14.341    12.2704  31.852233    26.9785     14.213  276.89025  277.01282    10.7350     6.9014 -9.990e-29
 131.386383     14.361    12.2708  31.853445    26.9781     14.233  276.88617  277.00875    10.8128     6.8973 -9.990e-29
 131.386386     14.374    12.2699  31.851598    26.9770     14.245  276.89364  277.01618    10.8284     6.9499 -9.990e-29
 131.386389     14.381    12.2683  31.853041    26.9795     14.252  276.89831  277.02072    12.5871     7.6333 -9.990e-29
 131.386392     14.385    12.2666  31.850848    26.9787     14.256  276.90989  277.03221    12.7428     7.6656 -9.990e-29
 131.386395     14.398    12.2655  31.852233    26.9808     14.269  276.91245  277.03468    12.8050     7.6899 -9.990e-29
 131.386398     14.419    12.2648  31.850445    26.9813     14.290  276.91857  277.04077    12.7584     7.6535 -9.990e-29
 131.386400     14.449    12.2644  31.852003    26.9811     14.319  276.91765  277.03981    18.0502     9.0324 0.0000e+00
 131.386403     14.492    12.2645  31.851599    26.9813     14.362  276.91810  277.04027    18.2214     9.0930 0.0000e+00
 131.386406     14.551    12.2643  31.853792    26.9830     14.420  276.91511  277.03724    18.1280     9.0849 0.0000e+00
 131.386409     14.615    12.2639  31.855408    26.9848     14.484  276.91380  277.03589    18.1436     9.0526 0.0000e+00
 131.386412     14.681    12.2634  31.857832    26.9874     14.549  276.91197  277.03400    24.7584     7.9972 0.0000e+00
 131.386415     14.750    12.2612  31.857833    26.9890     14.618  276.92183  277.04371    24.9296     7.9851 0.0000e+00
 131.386418     14.803    12.2570  31.859392    26.9912     14.670  276.93771  277.05929    24.6650     7.9770 0.0000e+00
 131.386421     14.841    12.2531  31.859796    26.9934     14.708  276.95472  277.07603    24.6650     7.9487 -9.990e-29
 131.386424     14.861    12.2506  31.858584    26.9972     14.728  276.96801  277.08917    24.5560     7.9487 -9.990e-29
 131.386427     14.870    12.2480  31.858008    26.9985     14.737  276.98078  277.10177    28.5560     9.1213 -9.990e-29
 131.386429     14.858    12.2455  31.862625    27.0047     14.724  276.98377  277.10454    28.2292     9.1456 -9.990e-29
 131.386432     14.854    12.2426  31.862394    27.0066     14.721  276.99716  277.11774    28.5871     9.0728 -9.990e-29
 131.386435     14.854    12.2402  31.862048    27.0079     14.721  277.00855  277.12897    28.2292     9.0809 -9.990e-29
 131.386438     14.865    12.2388  31.864415    27.0134     14.731  277.01058  277.13088    22.2369     8.9636 -9.990e-29
 131.386441     14.896    12.2359  31.864588    27.0146     14.762  277.02358  277.14367    22.1591     8.8949 0.0000e+00
 131.386444     14.936    12.2324  31.864416    27.0158     14.802  277.03974  277.15960    22.3148     8.9151 0.0000e+00
 131.386447     14.993    12.2302  31.864820    27.0172     14.858  277.04885  277.16856    22.2369     8.9192 0.0000e+00
 131.386450     15.049    12.2298  31.864012    27.0177     14.915  277.05194  277.17163    33.2564     9.4003 0.0000e+00
 131.386453     15.102    12.2293  31.865398    27.0188     14.967  277.05167  277.17131    33.1786     9.4408 0.0000e+00
 131.386455     15.151    12.2285  31.865167    27.0192     15.016  277.05592  277.17551    33.3965     9.4772 0.0000e+00
 131.386458     15.193    12.2278  31.864821    27.0193     15.057  277.05974  277.17929    33.3031     9.4246 0.0000e+00
 131.386461     15.221    12.2272  31.867014    27.0194     15.084  277.05862  277.17809    43.1708    10.5851 -9.990e-29
 131.386464     15.237    12.2265  31.866784    27.0221     15.101  277.06190  277.18133    43.0930    10.5770 -9.990e-29
 131.386467     15.248    12.2258  31.867015    27.0228     15.112  277.06465  277.18403    43.1241    10.6013 -9.990e-29
 131.386470     15.261    12.2246  31.867188    27.0239     15.124  277.06972  277.18902    43.1864    10.5649 -9.990e-29
 131.386473     15.276    12.2233  31.868977    27.0259     15.139  277.07248  277.19168    43.1864    10.5649 -9.990e-29
 131.386476     15.307    12.2218  31.867188    27.0255     15.169  277.08272  277.20183    41.6455    11.4343 0.0000e+00
 131.386479     15.356    12.2213  31.865976    27.0259     15.218  277.08686  277.20595    41.6922    11.4788 0.0000e+00
 131.386481     15.407    12.2212  31.867362    27.0264     15.269  277.08500  277.20407    41.6766    11.4424 0.0000e+00
 131.386484     15.471    12.2207  31.869209    27.0285     15.332  277.08390  277.20291    41.7233    11.4141 0.0000e+00
 131.386487     15.531    12.2202  31.868978    27.0285     15.392  277.08657  277.20556    40.8517     9.9948 0.0000e+00
 131.386490     15.590    12.2195  31.866381    27.0286     15.450  277.09450  277.21347    40.8984     9.9786 0.0000e+00
 131.386493     15.633    12.2188  31.870595    27.0289     15.493  277.09002  277.20890    40.9918     9.9098 0.0000e+00
 131.386496     15.664    12.2188  31.865804    27.0311     15.524  277.09876  277.21769    40.9762    10.0231 -9.990e-29
 131.386499     15.686    12.2190  31.870768    27.0312     15.545  277.08911  277.20799    45.0696    10.7833 -9.990e-29
 131.386502     15.688    12.2188  31.866786    27.0275     15.547  277.09699  277.21591    45.0074    10.7631 -9.990e-29
 131.386505     15.682    12.2183  31.871172    27.0320     15.542  277.09122  277.21005    44.9607    10.7914 -9.990e-29
 131.386508     15.668    12.2178  31.866786    27.0283     15.527  277.10173  277.22057    45.0541    10.8035 -9.990e-29
 131.386510     15.667    12.2176  31.871981    27.0333     15.527  277.09290  277.21168    46.3459    11.7699 -9.990e-29
 131.386513     15.669    12.2173  31.869787    27.0314     15.529  277.09816  277.21694    46.2369    11.7699 -9.990e-29
 131.386516     15.688    12.2171  31.868979    27.0336     15.547  277.10091  277.21968    46.2058    11.7295 -9.990e-29
 131.386519     15.724    12.2164  31.871404    27.0333     15.583  277.09968  277.21838    46.1903    11.7133 0.0000e+00
 131.386522     15.769    12.2161  31.870596    27.0336     15.628  277.10245  277.22114    46.2681    11.7537 0.0000e+00
 131.386525     15.835    12.2155  31.871173    27.0340     15.693  277.10397  277.22262    51.4976    11.9398 0.0000e+00
 131.386528     15.903    12.2154  31.871808    27.0346     15.760  277.10318  277.22181    51.5443    11.9519 0.0000e+00
 131.386531     15.981    12.2154  31.872155    27.0348     15.838  277.10260  277.22123    51.5288    11.9357 0.0000e+00
 131.386534     16.008    12.2147  31.871809    27.0349     15.865  277.10673  277.22531    51.5288    11.9357 -9.990e-29
 131.386536     16.008    12.2137  31.871578    27.0356     15.865  277.11158  277.23009    81.3654    11.9721 -9.990e-29
 131.386539     16.012    12.2126  31.872155    27.0370     15.868  277.11559  277.23402    81.5366    12.0247 -9.990e-29
 131.386542     16.016    12.2119  31.871001    27.0363     15.872  277.12054  277.23894    81.4120    12.0045 -9.990e-29
 131.386545     16.012    12.2117  31.871809    27.0373     15.868  277.12033  277.23871    81.2097    11.9842 -9.990e-29
 131.386548     16.016    12.2116  31.871809    27.0373     15.872  277.12065  277.23902   350.9996    10.6296 -9.990e-29
 131.386551     16.016    12.2112  31.870251    27.0361     15.872  277.12507  277.24343   351.0307    10.6296 -9.990e-29
 131.386554     16.018    12.2109  31.870366    27.0364     15.874  277.12613  277.24447   350.9373    10.6620 -9.990e-29
