Processed/SBE19plus_01907321_2022_05_09_Cast97_wfilter.cnv
* Sea-Bird SBE19plus  Data File:
* FileName = E:\Prandtl_Daten\2022\CTD\Raw\SBE19plus_01907321_2022_05_09_Cast97.hex
* Software version 2.6.1.12
* Temperature SN = 7321
* Conductivity SN = 7321
* System UpLoad Time = May 09 2022 10:14:45
* <ApplicationData>
* <Seaterm232>
** Messpraktikum 2022
** CTD 09.05 NM
** NMEA Latitude = 54 01.446 N
** NMEA Longitude = 008 33.477 E
# nquan = 11
# nvalues = 509                         
# units = specified
# name 0 = timeJ: Julian Days
# name 1 = prdM: Pressure, Strain Gauge [db]
# name 2 = tv290C: Temperature [ITS-90, deg C]
# name 3 = c0mS/cm: Conductivity [mS/cm]
# name 4 = sal00: Salinity, Practical [PSU]
# name 5 = depSM: Depth [salt water, m], lat = 54.00
# name 6 = oxsatMm/Kg: Oxygen Saturation, Weiss [umol/kg]
# name 7 = oxsolMm/Kg: Oxygen Saturation, Garcia & Gordon [umol/kg]
# name 8 = turbWETntu0: Turbidity, WET Labs ECO [NTU]
# name 9 = flECO-AFL: Fluorescence, WET Labs ECO-AFL/FL [mg/m^3]
# name 10 = flag:  0.000e+00
# span 0 = 129.421696, 129.423166       
# span 1 =      0.659,     15.643       
# span 2 =    11.6817,    12.1499       
# span 3 =  26.913655,  30.749134       
# span 4 =    22.4815,    26.3562       
# span 5 =      0.654,     15.503       
# span 6 =  281.58147,  286.49637       
# span 7 =  281.67664,  286.66043       
# span 8 =    14.3459,   104.0735       
# span 9 =    13.5046,    21.9639       
# span 10 = 0.0000e+00, 0.0000e+00      
# interval = seconds: 0.25
# start_time = May 09 2022 10:06:03 [Instrument's time stamp, header]
# bad_flag = -9.990e-29
*END*
[from data line 132]
 129.422078      4.593    12.0992  27.232002    22.8037      4.551  286.15799  286.31630    22.6727    15.5709 -9.990e-29
 129.422080      4.620    12.0983  27.279309    22.8478      4.579  286.07541  286.23320    22.7817    15.5709 -9.990e-29
 129.422083      4.642    12.0957  27.341780    22.9242      4.600  285.97240  286.12941    22.7194    15.5709 -9.990e-29
 129.422086      4.676    12.0914  27.357679    22.9333      4.634  285.96444  286.12103    22.0346    15.6639 0.0000e+00
 129.422089      4.711    12.0876  27.374834    22.9365      4.669  285.95138  286.10757    21.9879    15.6801 0.0000e+00
 129.422092      4.751    12.0848  27.366665    22.9365      4.709  285.98066  286.13676    22.0035    15.6842 0.0000e+00
 129.422095      4.786    12.0836  27.362962    22.9365      4.743  285.99340  286.14946    21.9879    15.7206 0.0000e+00
 129.422098      4.822    12.0836  27.367210    22.9377      4.779  285.98556  286.14158    22.5015    14.6692 0.0000e+00
 129.422101      4.855    12.0844  27.376632    22.9459      4.811  285.96402  286.12000    22.5171    14.6733 0.0000e+00
 129.422104      4.886    12.0848  27.393028    22.9607      4.842  285.93165  286.08749    22.4860    14.6773 0.0000e+00
 129.422106      4.919    12.0844  27.397278    22.9628      4.875  285.92588  286.08165    22.4237    14.7137 0.0000e+00
 129.422109      4.944    12.0836  27.377123    22.9649      4.900  285.96730  286.12323    22.4237    15.3081 -9.990e-29
 129.422112      4.968    12.0841  27.363344    22.9338      4.924  285.99004  286.14613    22.5794    15.3324 -9.990e-29
 129.422115      4.990    12.0848  27.409538    22.9759      4.945  285.90118  286.05686    22.6105    15.3324 -9.990e-29
 129.422118      5.012    12.0836  27.416240    23.0090      4.967  285.89466  286.05020    22.4860    15.3324 -9.990e-29
 129.422121      5.039    12.0822  27.443712    23.0165      4.994  285.85077  286.00595    22.6416    15.3202 0.0000e+00
 129.422124      5.072    12.0801  27.458596    23.0240      5.027  285.83395  285.98885    22.4548    15.5871 0.0000e+00
 129.422127      5.107    12.0785  27.470703    23.0333      5.062  285.81950  285.97418    22.5638    15.5871 0.0000e+00
 129.422130      5.144    12.0772  27.466776    23.0333      5.098  285.83299  285.98763    22.6883    15.5790 0.0000e+00
 129.422133      5.182    12.0768  27.453853    23.0216      5.136  285.85898  286.01373    22.4860    15.5588 0.0000e+00
 129.422135      5.215    12.0777  27.450309    23.0216      5.168  285.86108  286.01591    21.7078    15.0655 0.0000e+00
 129.422138      5.246    12.0789  27.456143    23.0178      5.199  285.84445  285.99930    21.8478    15.0655 0.0000e+00
 129.422141      5.281    12.0788  27.450800    23.0201      5.234  285.85504  286.00994    21.6455    15.0695 0.0000e+00
 129.422144      5.312    12.0788  27.448837    23.0176      5.264  285.85869  286.01360    21.8323    15.0695 -9.990e-29
 129.422147      5.336    12.0790  27.450637    23.0173      5.288  285.85400  286.00891    22.0502    15.5346 -9.990e-29
 129.422150      5.355    12.0790  27.466231    23.0317      5.307  285.82551  285.98027    22.1436    15.5588 -9.990e-29
 129.422153      5.374    12.0786  27.485430    23.0496      5.326  285.79174  285.94628    22.0502    15.5426 -9.990e-29
 129.422156      5.392    12.0778  27.478775    23.0440      5.344  285.80819  285.96275    22.0035    15.5507 -9.990e-29
 129.422159      5.418    12.0771  27.517620    23.0802      5.369  285.73980  285.89393    21.0541    15.1989 -9.990e-29
 129.422161      5.443    12.0754  27.560525    23.1476      5.394  285.66872  285.82232    21.0385    15.1787 -9.990e-29
 129.422164      5.476    12.0722  27.587450    23.1598      5.427  285.63441  285.78755    21.0229    15.1989 0.0000e+00
 129.422167      5.511    12.0695  27.612089    23.1721      5.461  285.60260  285.75531    20.9918    15.1989 0.0000e+00
 129.422170      5.547    12.0667  27.612581    23.1742      5.497  285.61510  285.76765    21.1319    15.2191 0.0000e+00
 129.422173      5.589    12.0653  27.616352    23.1785      5.539  285.61502  285.76745    22.0346    15.2596 0.0000e+00
 129.422176      5.624    12.0654  27.616899    23.1790      5.574  285.61369  285.76611    22.0969    15.2555 0.0000e+00
 129.422179      5.660    12.0657  27.623511    23.1849      5.610  285.60010  285.75248    22.0191    15.2394 0.0000e+00
 129.422182      5.693    12.0657  27.640946    23.1999      5.642  285.56787  285.72006    22.1747    15.3000 0.0000e+00
 129.422185      5.729    12.0652  27.639416    23.2005      5.678  285.57312  285.72531    22.3770    15.4699 0.0000e+00
 129.422188      5.761    12.0651  27.634059    23.1999      5.709  285.58339  285.73563    22.2525    15.4456 -9.990e-29
 129.422190      5.784    12.0654  27.632966    23.1938      5.732  285.58406  285.73632    22.2992    15.4496 -9.990e-29
 129.422193      5.812    12.0648  27.632584    23.1938      5.760  285.58787  285.74010    22.1591    15.4415 -9.990e-29
 129.422196      5.832    12.0638  27.626353    23.1966      5.779  285.60422  285.75645    22.4548    15.5507 -9.990e-29
 129.422199      5.861    12.0632  27.634552    23.2099      5.808  285.59216  285.74427    22.4548    15.5952 0.0000e+00
 129.422202      5.886    12.0623  27.662815    23.2233      5.834  285.54434  285.69611    22.5327    15.5467 0.0000e+00
 129.422205      5.919    12.0606  27.685183    23.2450      5.866  285.51120  285.66264    22.4860    15.5912 0.0000e+00
 129.422208      5.952    12.0588  27.693607    23.2538      5.899  285.50421  285.65546    21.7856    15.2394 0.0000e+00
 129.422211      5.979    12.0581  27.700445    23.2606      5.926  285.49500  285.64614    21.7856    15.1989 0.0000e+00
 129.422214      6.016    12.0576  27.701758    23.2621      5.962  285.49533  285.64642    21.7078    15.2596 0.0000e+00
 129.422216      6.049    12.0571  27.703126    23.2637      5.995  285.49522  285.64627    21.6922    15.2596 0.0000e+00
 129.422219      6.078    12.0568  27.703290    23.2638      6.023  285.49631  285.64733    21.7233    15.2151 0.0000e+00
 129.422222      6.105    12.0571  27.702579    23.2640      6.050  285.49627  285.64732    22.3615    15.0978 -9.990e-29
 129.422225      6.130    12.0575  27.697382    23.2581      6.075  285.50384  285.65497    22.2836    15.1181 -9.990e-29
 129.422228      6.156    12.0584  27.701321    23.2611      6.101  285.49211  285.64326    22.2992    15.1100 -9.990e-29
 129.422231      6.179    12.0585  27.706190    23.2631      6.124  285.48277  285.63388    22.2525    15.1383 -9.990e-29
 129.422234      6.205    12.0588  27.703673    23.2647      6.149  285.48608  285.63722    20.7584    15.6397 0.0000e+00
 129.422237      6.230    12.0593  27.707612    23.2663      6.175  285.47640  285.62754    20.9296    15.6478 0.0000e+00
 129.422240      6.260    12.0589  27.707229    23.2664      6.204  285.47884  285.62996    20.7272    15.6478 0.0000e+00
 129.422242      6.296    12.0583  27.707777    23.2671      6.240  285.48094  285.63201    20.7895    15.6397 0.0000e+00
 129.422245      6.336    12.0576  27.711388    23.2709      6.280  285.47736  285.62836    21.3187    15.0857 0.0000e+00
 129.422248      6.373    12.0574  27.718884    23.2780      6.316  285.46488  285.61579    21.5210    15.0655 0.0000e+00
 129.422251      6.411    12.0572  27.721621    23.2806      6.354  285.46053  285.61140    21.2720    15.0412 0.0000e+00
 129.422254      6.446    12.0572  27.725725    23.2843      6.389  285.45295  285.60378    21.3342    15.0534 0.0000e+00
 129.422257      6.483    12.0571  27.726820    23.2854      6.425  285.45164  285.60245    21.1941    15.8055 0.0000e+00
 129.422260      6.515    12.0568  27.727860    23.2860      6.457  285.45110  285.60188    21.1941    15.7610 0.0000e+00
 129.422263      6.543    12.0565  27.719432    23.2865      6.484  285.46809  285.61894    21.3031    15.7772 -9.990e-29
 129.422266      6.565    12.0567  27.728024    23.2868      6.506  285.45151  285.60229    21.4120    15.7489 -9.990e-29
 129.422269      6.583    12.0568  27.727148    23.2859      6.524  285.45246  285.60325    21.2564    15.7731 -9.990e-29
 129.422271      6.601    12.0571  27.727148    23.2857      6.542  285.45110  285.60191    20.5249    15.4941 -9.990e-29
 129.422274      6.623    12.0570  27.728407    23.2869      6.564  285.44913  285.59992    20.6961    15.4941 -9.990e-29
 129.422277      6.652    12.0569  27.741488    23.2991      6.592  285.42562  285.57627    20.5871    15.5346 -9.990e-29
 129.422280      6.677    12.0570  27.746907    23.3047      6.618  285.41492  285.56553    20.5405    15.5184 -9.990e-29
 129.422283      6.712    12.0574  27.747948    23.3059      6.652  285.41096  285.56158    20.8517    15.0857 0.0000e+00
 129.422286      6.747    12.0577  27.750685    23.3070      6.686  285.40455  285.55516    20.7584    15.0655 0.0000e+00
 129.422289      6.785    12.0579  27.758185    23.3138      6.724  285.38967  285.54021    20.8206    15.0655 0.0000e+00
 129.422292      6.820    12.0585  27.763113    23.3180      6.759  285.37783  285.52836    20.6805    15.0534 0.0000e+00
 129.422295      6.854    12.0588  27.764482    23.3191      6.793  285.37395  285.52448    19.7934    15.3526 0.0000e+00
 129.422297      6.889    12.0585  27.770396    23.3247      6.827  285.36440  285.51485    19.7934    15.3890 0.0000e+00
 129.422300      6.923    12.0581  27.776693    23.3273      6.861  285.35448  285.50485    19.8245    15.4052 0.0000e+00
 129.422303      6.955    12.0578  27.772750    23.3290      6.892  285.36350  285.51390    19.7778    15.3566 0.0000e+00
 129.422306      6.980    12.0577  27.786059    23.3273      6.918  285.33924  285.48949    19.0307    15.5022 -9.990e-29
 129.422309      7.004    12.0577  27.810326    23.3887      6.942  285.29435  285.44436    19.1552    15.5548 -9.990e-29
 129.422312      7.032    12.0572  27.838821    23.3928      6.969  285.24404  285.39373    19.1397    15.5467 0.0000e+00
 129.422315      7.061    12.0569  27.847646    23.3970      6.998  285.22909  285.37868    18.9529    15.5507 0.0000e+00
 129.422318      7.092    12.0567  27.855047    23.4040      7.028  285.21679  285.36628    19.1241    15.5709 0.0000e+00
 129.422321      7.121    12.0567  27.867986    23.4159      7.057  285.19252  285.34189    18.7817    15.7003 0.0000e+00
 129.422323      7.156    12.0562  27.874895    23.4226      7.092  285.18215  285.33142    18.8284    15.7165 0.0000e+00
 129.422326      7.191    12.0561  27.877582    23.4252      7.126  285.17789  285.32712    18.8906    15.6639 0.0000e+00
 129.422329      7.221    12.0558  27.884821    23.4320      7.157  285.16588  285.31502    18.8595    15.6761 0.0000e+00
 129.422332      7.253    12.0559  27.892006    23.4386      7.188  285.15226  285.30134    18.2992    15.6033 0.0000e+00
 129.422335      7.286    12.0558  27.899960    23.4460      7.220  285.13791  285.28690    18.3303    15.6276 0.0000e+00
 129.422338      7.311    12.0559  27.901386    23.4460      7.246  285.13494  285.28392    18.3770    15.6437 0.0000e+00
 129.422341      7.345    12.0559  27.899631    23.4464      7.280  285.13821  285.28721    18.3303    15.6397 0.0000e+00
 129.422344      7.376    12.0560  27.901770    23.4456      7.310  285.13393  285.28291    18.4548    15.5103 -9.990e-29
 129.422347      7.397    12.0564  27.901386    23.4469      7.330  285.13261  285.28162    18.5638    15.5265 -9.990e-29
 129.422350      7.422    12.0571  27.914059    23.4582      7.356  285.10576  285.25469    18.5949    15.5022 -9.990e-29
 129.422352      7.446    12.0576  27.923112    23.4686      7.379  285.08630  285.23516    18.5171    15.5305 -9.990e-29
 129.422355      7.478    12.0586  27.926350    23.4708      7.412  285.07555  285.22444    18.3615    15.5022 0.0000e+00
 129.422358      7.504    12.0598  27.931947    23.4711      7.437  285.05941  285.20832    17.8790    16.1168 0.0000e+00
 129.422361      7.533    12.0610  27.930685    23.4730      7.466  285.05596  285.20496    17.9879    16.0966 0.0000e+00
 129.422364      7.562    12.0620  27.943198    23.4821      7.495  285.02805  285.17699    17.8945    16.0481 0.0000e+00
 129.422367      7.594    12.0626  27.945723    23.4840      7.526  285.02033  285.16928    17.9257    16.0481 0.0000e+00
 129.422370      7.624    12.0633  27.952584    23.4897      7.556  285.00425  285.15317    16.6961    14.8957 0.0000e+00
 129.422373      7.653    12.0638  27.952749    23.4899      7.585  285.00157  285.15052    16.6338    14.8674 0.0000e+00
 129.422376      7.692    12.0646  27.963454    23.4991      7.623  284.97805  285.12694    16.6183    14.8512 0.0000e+00
 129.422378      7.726    12.0655  27.966693    23.5015      7.657  284.96730  285.11622    16.5560    14.8633 0.0000e+00
 129.422381      7.757    12.0662  27.977565    23.5111      7.688  284.94381  285.09266    16.6805    14.9725 0.0000e+00
 129.422384      7.785    12.0671  27.985527    23.5179      7.715  284.92467  285.07350    16.4938    14.9725 0.0000e+00
 129.422387      7.816    12.0685  27.998983    23.5295      7.746  284.89334  285.04211    16.6183    14.9806 0.0000e+00
 129.422390      7.847    12.0710  28.018210    23.5457      7.777  284.84554  284.99428    16.6183    15.0170 0.0000e+00
 129.422393      7.881    12.0748  28.027441    23.5518      7.811  284.81010  284.95898    14.6261    14.8390 0.0000e+00
 129.422396      7.907    12.0787  28.037057    23.5583      7.836  284.77327  284.92229    14.6883    14.8754 0.0000e+00
 129.422399      7.940    12.0819  28.049423    23.5630      7.869  284.73477  284.88387    14.6416    14.9078 0.0000e+00
 129.422402      7.969    12.0855  28.063770    23.5677      7.897  284.69058  284.83976    14.5794    14.8795 -9.990e-29
 129.422405      7.994    12.0901  28.079989    23.5908      7.923  284.63851  284.78781    14.6261    14.8633 -9.990e-29
 129.422407      8.023    12.0950  28.120031    23.6247      7.951  284.54079  284.68998    14.3459    15.4982 -9.990e-29
 129.422410      8.045    12.1008  28.131695    23.6318      7.973  284.49070  284.64014    14.3615    15.4820 -9.990e-29
 129.422413      8.075    12.1056  28.164387    23.6590      8.002  284.40728  284.55669    14.4860    15.5224 -9.990e-29
 129.422416      8.097    12.1095  28.191586    23.6817      8.024  284.33844  284.48781    14.4237    15.5184 -9.990e-29
 129.422419      8.119    12.1126  28.194339    23.6823      8.046  284.31809  284.46763    16.8984    16.4444 -9.990e-29
 129.422422      8.140    12.1137  28.210422    23.6964      8.068  284.28301  284.43246    16.8829    16.4929 -9.990e-29
 129.422425      8.162    12.1146  28.232348    23.7542      8.089  284.23819  284.38747    16.8673    16.4686 -9.990e-29
 129.422428      8.188    12.1149  28.273740    23.7672      8.115  284.16054  284.30943    16.7272    16.4484 0.0000e+00
 129.422431      8.220    12.1133  28.300703    23.7802      8.147  284.11866  284.26718    17.8634    16.2381 0.0000e+00
 129.422433      8.255    12.1104  28.334353    23.8131      8.181  284.07055  284.21855    17.7545    16.2584 0.0000e+00
 129.422436      8.297    12.1065  28.341140    23.8219      8.223  284.07703  284.22472    17.7856    16.2826 0.0000e+00
 129.422439      8.337    12.1028  28.357310    23.8372      8.263  284.06519  284.21249    17.7545    16.2745 0.0000e+00
 129.422442      8.373    12.1014  28.354275    23.8392      8.299  284.07759  284.22483    18.6105    15.4537 0.0000e+00
 129.422445      8.410    12.1011  28.406502    23.8758      8.335  283.98264  284.12934    18.6727    15.4415 0.0000e+00
 129.422448      8.450    12.0993  28.394519    23.8857      8.374  284.01357  284.16027    18.5949    15.4456 0.0000e+00
 129.422451      8.481    12.0983  28.434729    23.9137      8.405  283.94450  284.09073    18.7350    15.4496 0.0000e+00
