Processed/SBE19plus_01907321_2022_05_08_Cast87_wfilter.cnv
* Sea-Bird SBE19plus  Data File:
* FileName = E:\Prandtl Daten\2022\CTD\Raw\SBE19plus_01907321_2022_05_08_Cast87.hex
* Software version 2.6.1.12
* Temperature SN = 7321
* Conductivity SN = 7321
* System UpLoad Time = May 08 2022 12:17:55
* <ApplicationData>
* <Seaterm232>
** Messpraktikum 2022
** CTD 08.05 NP3
** NMEA Latitude = 54 09.95 N
** NMEA Longitude = 008 40.41 E
# nquan = 11
# nvalues = 550                         
# units = specified
# name 0 = timeJ: Julian Days
# name 1 = prdM: Pressure, Strain Gauge [db]
# name 2 = tv290C: Temperature [ITS-90, deg C]
# name 3 = c0mS/cm: Conductivity [mS/cm]
# name 4 = sal00: Salinity, Practical [PSU]
# name 5 = depSM: Depth [salt water, m], lat = 54.00
# name 6 = oxsatMm/Kg: Oxygen Saturation, Weiss [umol/kg]
# name 7 = oxsolMm/Kg: Oxygen Saturation, Garcia & Gordon [umol/kg]
# name 8 = turbWETntu0: Turbidity, WET Labs ECO [NTU]
# name 9 = flECO-AFL: Fluorescence, WET Labs ECO-AFL/FL [mg/m^3]
# name 10 = flag:  0.000e+00
# span 0 = 128.507700, 128.509288       
# span 1 =      0.582,     14.789       
# span 2 =    12.5196,    12.7601       
# span 3 =  32.660569,  33.019915       
# span 4 =    27.5349,    27.7159       
# span 5 =      0.576,     14.657       
# span 6 =  272.63322,  274.29254       
# span 7 =  272.77695,  274.42387       
# span 8 =    -6.4790,    72.5716       
# span 9 =    -0.2154,    15.0776       
# span 10 = 0.0000e+00, 0.0000e+00      
# interval = seconds: 0.25
# start_time = May 08 2022 12:10:02 [Instrument's time stamp, header]
# bad_flag = -9.990e-29
*END*
[from data line 525]
 128.509219     14.435    12.7563  33.016345    27.7101     14.306  272.65453  272.79806    40.0268    11.2847 0.0000e+00
 128.509222     14.465    12.7565  33.016813    27.7104     14.335  272.65279  272.79633    40.1047    11.2645 0.0000e+00
 128.509225     14.497    12.7569  33.017574    27.7108     14.367  272.64991  272.79347    39.9646    11.3170 0.0000e+00
 128.509227     14.523    12.7571  33.017867    27.7108     14.393  272.64848  272.79204    39.9957    11.2483 0.0000e+00
 128.509230     14.552    12.7573  33.017633    27.7106     14.422  272.64798  272.79156    46.4082    11.9114 0.0000e+00
 128.509233     14.584    12.7575  33.017165    27.7105     14.453  272.64790  272.79150    46.2992    11.9074 0.0000e+00
 128.509236     14.609    12.7577  33.017867    27.7103     14.478  272.64605  272.78965    46.3459    11.8629 0.0000e+00
 128.509239     14.635    12.7578  33.018043    27.7105     14.503  272.64513  272.78874    46.4237    11.9195 -9.990e-29
 128.509242     14.658    12.7582  33.018335    27.7105     14.527  272.64277  272.78640    50.7661    12.2875 -9.990e-29
 128.509245     14.673    12.7584  33.019915    27.7118     14.541  272.63905  272.78269    50.7817    12.2956 -9.990e-29
 128.509248     14.695    12.7591  33.019740    27.7112     14.563  272.63658  272.78026    50.7350    12.2673 -9.990e-29
 128.509251     14.720    12.7594  33.018745    27.7100     14.588  272.63680  272.78051    50.8440    12.2471 -9.990e-29
 128.509253     14.744    12.7597  33.019506    27.7105     14.612  272.63454  272.77826    54.5794    12.9021 -9.990e-29
 128.509256     14.762    12.7599  33.019096    27.7100     14.630  272.63434  272.77808    54.2369    12.8819 -9.990e-29
 128.509259     14.780    12.7599  33.019740    27.7106     14.648  272.63322  272.77695    54.4393    12.8577 -9.990e-29
 128.509262     14.780    12.7599  33.019740    27.7106     14.648  272.63322  272.77695    54.5171    12.8536 -9.990e-29
 128.509265     14.786    12.7600  33.019096    27.7098     14.653  272.63374  272.77748    54.5015    12.9062 -9.990e-29
 128.509268     14.786    12.7601  33.017926    27.7087     14.653  272.63549  272.77926    72.4938    15.0493 -9.990e-29
 128.509271     14.784    12.7601  33.018277    27.7090     14.651  272.63487  272.77863    72.3692    15.0170 -9.990e-29
 128.509274     14.786    12.7598  33.016755    27.7078     14.653  272.63881  272.78256    72.5716    15.0574 -9.990e-29
 128.509277     14.787    12.7596  33.017224    27.7084     14.655  272.63891  272.78265    72.3226    15.0776 -9.990e-29
 128.509280     14.787    12.7593  33.016989    27.7084     14.655  272.64057  272.78429    62.7350    13.5370 -9.990e-29
 128.509282     14.786    12.7589  33.016990    27.7087     14.653  272.64212  272.78582    62.8440    13.5613 -9.990e-29
 128.509285     14.787    12.7585  33.016990    27.7090     14.655  272.64399  272.78766    62.6105    13.6340 -9.990e-29
 128.509288     14.789    12.7584  33.016990    27.7091     14.657  272.64461  272.78827    62.5015    13.5491 -9.990e-29
