Processed/SBE19plus_01907321_2022_05_04_Cast06_wfilter.cnv
* Sea-Bird SBE19plus  Data File:
* FileName = E:\Prandtl Daten\2022\CTD\Raw\SBE19plus_01907321_2022_05_04_Cast06.hex
* Software version 2.6.1.12
* Temperature SN = 7321
* Conductivity SN = 7321
* System UpLoad Time = May 04 2022 05:53:20
* <ApplicationData>
* <Seaterm232>
** Messpraktikum 2022
** CTD 04.05 BM
# nquan = 11
# nvalues = 579                         
# units = specified
# name 0 = timeJ: Julian Days
# name 1 = prdM: Pressure, Strain Gauge [db]
# name 2 = tv290C: Temperature [ITS-90, deg C]
# name 3 = c0mS/cm: Conductivity [mS/cm]
# name 4 = sal00: Salinity, Practical [PSU]
# name 5 = depSM: Depth [salt water, m], lat = 54.00
# name 6 = oxsatMm/Kg: Oxygen Saturation, Weiss [umol/kg]
# name 7 = oxsolMm/Kg: Oxygen Saturation, Garcia & Gordon [umol/kg]
# name 8 = turbWETntu0: Turbidity, WET Labs ECO [NTU]
# name 9 = flECO-AFL: Fluorescence, WET Labs ECO-AFL/FL [mg/m^3]
# name 10 = flag:  0.000e+00
# span 0 = 124.238359, 124.240032       
# span 1 =      0.777,     14.031       
# span 2 =    12.5292,    12.6321       
# span 3 =  32.021437,  32.034663       
# span 4 =    26.8865,    26.9584       
# span 5 =      0.770,     13.906       
# span 6 =  274.94525,  275.41212       
# span 7 =  275.09010,  275.55031       
# span 8 =    39.2642,   205.6766       
# span 9 =    10.4396,    19.7440       
# span 10 = 0.0000e+00, 0.0000e+00      
# interval = seconds: 0.25
# start_time = May 04 2022 05:41:45 [Instrument's time stamp, header]
# bad_flag = -9.990e-29
*END*
[from data line 132]
 124.238741      3.935    12.5753  32.030217    26.9285      3.900  275.19759  275.33870    60.6805    13.3227 -9.990e-29
 124.238744      3.960    12.5748  32.030043    26.9286      3.925  275.20013  275.34121    60.6338    13.3065 -9.990e-29
 124.238747      3.984    12.5742  32.029812    26.9289      3.949  275.20341  275.34444    60.6650    13.3186 -9.990e-29
 124.238750      4.010    12.5738  32.029234    26.9286      3.974  275.20604  275.34706    60.5871    13.3146 -9.990e-29
 124.238753      4.030    12.5729  32.029639    26.9296      3.994  275.20944  275.35040    58.2058    13.2620 -9.990e-29
 124.238756      4.055    12.5715  32.028656    26.9297      4.019  275.21723  275.35810    58.3303    13.2378 -9.990e-29
 124.238759      4.071    12.5704  32.029697    26.9314      4.035  275.22044  275.36123    58.1591    13.2499 -9.990e-29
 124.238762      4.093    12.5692  32.029061    26.9317      4.057  275.22697  275.36769    58.2836    13.2459 -9.990e-29
 124.238764      4.121    12.5680  32.028657    26.9322      4.084  275.23309  275.37373    63.3264    13.4440 -9.990e-29
 124.238767      4.144    12.5671  32.028830    26.9335      4.107  275.23691  275.37749    63.4354    13.4197 -9.990e-29
 124.238770      4.177    12.5663  32.028830    26.9333      4.140  275.24041  275.38094    63.3576    13.4642 0.0000e+00
 124.238773      4.210    12.5661  32.028252    26.9335      4.172  275.24241  275.38293    63.4665    13.4480 0.0000e+00
 124.238776      4.235    12.5659  32.028831    26.9335      4.197  275.24203  275.38253    63.3731    13.4561 0.0000e+00
 124.238779      4.263    12.5656  32.028831    26.9338      4.225  275.24363  275.38411    62.9062    13.5087 -9.990e-29
 124.238782      4.283    12.5643  32.028657    26.9348      4.244  275.24965  275.39004    62.8284    13.5168 -9.990e-29
 124.238785      4.303    12.5632  32.027848    26.9348      4.264  275.25617  275.39650    62.9062    13.4966 -9.990e-29
 124.238788      4.322    12.5617  32.027443    26.9355      4.284  275.26355  275.40379    62.9685    13.5046 -9.990e-29
 124.238791      4.339    12.5602  32.026634    26.9358      4.300  275.27165  275.41180    62.3459    13.3631 -9.990e-29
 124.238793      4.357    12.5595  32.026634    26.9363      4.318  275.27483  275.41493    62.4082    13.4157 -9.990e-29
 124.238796      4.373    12.5587  32.026634    26.9369      4.334  275.27832  275.41837    62.2992    13.4238 -9.990e-29
 124.238799      4.392    12.5576  32.026230    26.9372      4.352  275.28380  275.42378    62.5638    13.3955 -9.990e-29
 124.238802      4.414    12.5565  32.026403    26.9384      4.374  275.28857  275.42847    61.9412    13.3752 -9.990e-29
 124.238805      4.443    12.5551  32.025652    26.9389      4.404  275.29594  275.43576    61.9257    13.3712 0.0000e+00
 124.238808      4.472    12.5542  32.025999    26.9394      4.432  275.29945  275.43921    61.8634    13.4116 0.0000e+00
 124.238811      4.503    12.5531  32.025652    26.9398      4.463  275.30484  275.44453    61.8323    13.4036 0.0000e+00
 124.238814      4.531    12.5522  32.025652    26.9405      4.490  275.30897  275.44860    62.9062    13.7796 0.0000e+00
 124.238817      4.562    12.5512  32.025016    26.9406      4.521  275.31456  275.45413    62.9996    13.7837 0.0000e+00
 124.238819      4.591    12.5502  32.024380    26.9408      4.550  275.32046  275.45997    62.9062    13.7837 0.0000e+00
 124.238822      4.619    12.5491  32.025248    26.9415      4.577  275.32367  275.46310    62.9062    13.7513 0.0000e+00
 124.238825      4.644    12.5486  32.024843    26.9423      4.602  275.32662  275.46602    62.8751    13.7149 -9.990e-29
 124.238828      4.669    12.5482  32.024844    26.9426      4.627  275.32854  275.46791    65.1630    13.7756 -9.990e-29
 124.238831      4.686    12.5475  32.024439    26.9427      4.644  275.33244  275.47177    65.1008    13.7837 -9.990e-29
 124.238834      4.698    12.5470  32.024612    26.9432      4.656  275.33403  275.47333    65.1163    13.7634 -9.990e-29
 124.238837      4.711    12.5468  32.024613    26.9434      4.669  275.33531  275.47459    65.0229    13.7311 -9.990e-29
 124.238840      4.722    12.5465  32.024613    26.9436      4.680  275.33658  275.47584    65.1630    13.3146 -9.990e-29
 124.238843      4.737    12.5460  32.024439    26.9437      4.694  275.33880  275.47803    65.0852    13.3065 -9.990e-29
 124.238845      4.762    12.5455  32.024035    26.9420      4.720  275.34207  275.48127    65.1630    13.3510 -9.990e-29
 124.238848      4.789    12.5447  32.021606    26.9430      4.747  275.34992  275.48909    65.0852    13.3348 0.0000e+00
 124.238851      4.820    12.5437  32.023052    26.9440      4.777  275.35178  275.49087    66.7350    13.8281 0.0000e+00
 124.238854      4.855    12.5429  32.022416    26.9441      4.812  275.35642  275.49547    66.8284    13.7998 0.0000e+00
 124.238857      4.893    12.5426  32.023226    26.9450      4.850  275.35657  275.49559    66.9062    13.8200 0.0000e+00
 124.238860      4.931    12.5424  32.023399    26.9452      4.887  275.35692  275.49593    67.0307    13.8079 0.0000e+00
 124.238863      4.959    12.5420  32.022995    26.9453      4.914  275.35956  275.49854    63.2019    13.8322 0.0000e+00
 124.238866      4.986    12.5418  32.023226    26.9452      4.941  275.36011  275.49908    63.2642    13.7958 -9.990e-29
 124.238869      5.008    12.5415  32.022821    26.9454      4.963  275.36212  275.50107    63.1552    13.8403 -9.990e-29
 124.238872      5.023    12.5414  32.022995    26.9456      4.978  275.36245  275.50139    63.1864    13.8281 -9.990e-29
 124.238874      5.034    12.5412  32.023226    26.9459      4.989  275.36268  275.50160    63.2175    13.8524 -9.990e-29
 124.238877      5.048    12.5411  32.022995    26.9458      5.003  275.36373  275.50265    75.7622    14.3376 -9.990e-29
 124.238880      5.063    12.5412  32.023805    26.9465      5.018  275.36198  275.50089    75.9023    14.3417 -9.990e-29
 124.238883      5.081    12.5412  32.022648    26.9454      5.036  275.36374  275.50268    75.8089    14.3538 -9.990e-29
 124.238886      5.105    12.5414  32.023400    26.9459      5.059  275.36146  275.50040    75.8089    14.3215 -9.990e-29
 124.238889      5.132    12.5416  32.023805    26.9461      5.086  275.35981  275.49876    84.6338    14.9887 -9.990e-29
 124.238892      5.156    12.5416  32.023400    26.9458      5.110  275.36055  275.49950    84.6650    14.9887 -9.990e-29
 124.238895      5.182    12.5415  32.023400    26.9459      5.135  275.36120  275.50014    84.5249    14.9806 0.0000e+00
 124.238898      5.211    12.5410  32.023227    26.9460      5.164  275.36374  275.50266    84.5560    14.9482 0.0000e+00
 124.238900      5.242    12.5402  32.023400    26.9463      5.195  275.36725  275.50610    84.7117    14.8593 0.0000e+00
 124.238903      5.273    12.5394  32.022244    26.9468      5.226  275.37282  275.51163    84.6650    14.8674 0.0000e+00
 124.238906      5.306    12.5390  32.022822    26.9467      5.258  275.37370  275.51248    84.6805    14.8310 0.0000e+00
 124.238909      5.333    12.5382  32.023227    26.9471      5.285  275.37616  275.51489    84.6494    14.8754 -9.990e-29
 124.238912      5.357    12.5377  32.022591    26.9477      5.309  275.37953  275.51823    86.1280    14.9442 -9.990e-29
 124.238915      5.379    12.5373  32.023054    26.9484      5.331  275.38061  275.51928    86.0502    14.9199 -9.990e-29
 124.238918      5.399    12.5368  32.022996    26.9487      5.351  275.38294  275.52158    86.1124    14.9361 -9.990e-29
 124.238921      5.423    12.5365  32.022997    26.9490      5.374  275.38454  275.52316    85.9879    14.9199 -9.990e-29
 124.238924      5.438    12.5365  32.022997    26.9490      5.389  275.38455  275.52317    86.0346    14.9037 -9.990e-29
 124.238927      5.461    12.5365  32.023228    26.9492      5.412  275.38415  275.52276    83.1397    14.8957 -9.990e-29
 124.238929      5.481    12.5365  32.024038    26.9499      5.432  275.38271  275.52132    83.2019    14.9078 -9.990e-29
 124.238932      5.505    12.5363  32.023633    26.9482      5.456  275.38440  275.52300    83.0619    14.9240 -9.990e-29
 124.238935      5.530    12.5365  32.022245    26.9490      5.481  275.38595  275.52458    83.1397    14.9199 0.0000e+00
 124.238938      5.556    12.5363  32.023633    26.9493      5.506  275.38443  275.52303    82.5327    14.9280 0.0000e+00
 124.238941      5.585    12.5359  32.022997    26.9497      5.535  275.38717  275.52575    82.6727    14.9361 0.0000e+00
 124.238944      5.612    12.5357  32.024038    26.9498      5.562  275.38628  275.52483    82.6727    14.9280 0.0000e+00
 124.238947      5.639    12.5356  32.023402    26.9504      5.589  275.38775  275.52631    82.6416    14.9037 -9.990e-29
 124.238950      5.660    12.5355  32.023402    26.9500      5.609  275.38840  275.52694    72.6338    14.9887 -9.990e-29
 124.238953      5.683    12.5353  32.022014    26.9488      5.632  275.39185  275.53039    72.7272    14.9887 -9.990e-29
 124.238955      5.707    12.5348  32.021841    26.9490      5.656  275.39407  275.53259    72.6027    14.9765 -9.990e-29
 124.238958      5.725    12.5341  32.021841    26.9495      5.674  275.39725  275.53572    72.5716    14.9806 -9.990e-29
 124.238961      5.747    12.5339  32.022015    26.9498      5.695  275.39790  275.53636    87.8556    15.8985 -9.990e-29
 124.238964      5.766    12.5338  32.021841    26.9497      5.715  275.39854  275.53699    87.7934    15.8944 -9.990e-29
 124.238967      5.792    12.5340  32.021437    26.9492      5.740  275.39865  275.53712    87.7467    15.8823 -9.990e-29
 124.238970      5.816    12.5341  32.021610    26.9493      5.764  275.39804  275.53651    87.8245    15.8540 -9.990e-29
 124.238973      5.840    12.5338  32.021610    26.9500      5.788  275.39932  275.53777    87.8712    15.8540 -9.990e-29
 124.238976      5.867    12.5339  32.022246    26.9500      5.815  275.39756  275.53602    86.7506    15.9308 0.0000e+00
 124.238979      5.897    12.5341  32.023056    26.9500      5.844  275.39518  275.53365    86.8751    15.9510 -9.990e-29
 124.238981      5.922    12.5346  32.022825    26.9500      5.869  275.39371  275.53221    86.7973    15.9591 -9.990e-29
 124.238984      5.952    12.5347  32.022015    26.9492      5.898  275.39455  275.53306    86.7661    15.9106 -9.990e-29
 124.238987      5.972    12.5349  32.022998    26.9499      5.918  275.39185  275.53037    91.2798    16.0643 -9.990e-29
 124.238990      5.990    12.5350  32.024039    26.9508      5.936  275.38969  275.52820    91.2019    16.0643 -9.990e-29
 124.238993      6.012    12.5353  32.023635    26.9502      5.958  275.38916  275.52769    91.3420    16.0966 -9.990e-29
 124.238996      6.032    12.5355  32.023230    26.9495      5.978  275.38895  275.52750    91.2331    16.0279 -9.990e-29
 124.238999      6.059    12.5355  32.022999    26.9498      6.005  275.38938  275.52794    90.2369    16.0562 0.0000e+00
 124.239002      6.086    12.5352  32.023404    26.9500      6.032  275.38994  275.52847    90.3770    16.0804 0.0000e+00
 124.239005      6.112    12.5350  32.023230    26.9500      6.057  275.39090  275.52942    90.3459    16.0481 0.0000e+00
 124.239008      6.139    12.5350  32.022825    26.9496      6.084  275.39196  275.53048    90.2836    16.0724 0.0000e+00
 124.239010      6.165    12.5350  32.022652    26.9496      6.110  275.39229  275.53081    88.6183    15.9268 0.0000e+00
 124.239013      6.192    12.5349  32.023635    26.9495      6.137  275.39086  275.52937    88.6338    15.8823 -9.990e-29
 124.239016      6.212    12.5352  32.023809    26.9504      6.157  275.38930  275.52782    88.5405    15.8742 -9.990e-29
 124.239019      6.230    12.5354  32.024214    26.9506      6.175  275.38763  275.52617    88.5560    15.8742 -9.990e-29
 124.239022      6.252    12.5356  32.024214    26.9504      6.196  275.38670  275.52525    88.6027    15.8823 -9.990e-29
 124.239025      6.270    12.5357  32.024214    26.9504      6.214  275.38639  275.52495    91.1085    16.1411 -9.990e-29
 124.239028      6.285    12.5357  32.024445    26.9506      6.228  275.38599  275.52455    91.1708    16.1168 -9.990e-29
 124.239031      6.303    12.5358  32.024445    26.9505      6.246  275.38569  275.52425    90.9996    16.1168 -9.990e-29
 124.239034      6.325    12.5359  32.024619    26.9509      6.268  275.38476  275.52332    91.0930    16.1128 -9.990e-29
 124.239036      6.354    12.5360  32.025023    26.9507      6.297  275.38373  275.52230    97.0229    16.2098 0.0000e+00
 124.239039      6.383    12.5358  32.024445    26.9505      6.326  275.38542  275.52399    97.0229    16.2018 0.0000e+00
 124.239042      6.414    12.5358  32.023809    26.9499      6.357  275.38690  275.52546    97.0852    16.1734 0.0000e+00
 124.239045      6.445    12.5355  32.023636    26.9499      6.387  275.38818  275.52673    97.0696    16.1775 0.0000e+00
 124.239048      6.473    12.5353  32.024041    26.9505      6.415  275.38874  275.52727    93.4743    15.5669 0.0000e+00
 124.239051      6.498    12.5351  32.024619    26.9508      6.440  275.38835  275.52687    93.4120    15.5871 0.0000e+00
 124.239054      6.525    12.5355  32.025255    26.9511      6.467  275.38565  275.52418    93.4743    15.5548 -9.990e-29
 124.239057      6.545    12.5357  32.024214    26.9503      6.487  275.38657  275.52513    93.3342    15.5507 -9.990e-29
 124.239060      6.565    12.5359  32.024446    26.9503      6.507  275.38522  275.52379    93.4432    15.5629 -9.990e-29
 124.239063      6.589    12.5358  32.023405    26.9495      6.530  275.38774  275.52631    95.6066    16.0602 -9.990e-29
 124.239065      6.606    12.5354  32.023405    26.9497      6.547  275.38933  275.52788    95.6533    16.0602 -9.990e-29
 124.239068      6.626    12.5348  32.023810    26.9505      6.566  275.39115  275.52965    95.5755    16.0562 -9.990e-29
 124.239071      6.646    12.5346  32.023810    26.9507      6.587  275.39243  275.53091    95.6844    16.0724 -9.990e-29
 124.239074      6.671    12.5346  32.024157    26.9510      6.612  275.39182  275.53031    95.4354    15.6842 -9.990e-29
 124.239077      6.693    12.5344  32.022827    26.9499      6.634  275.39485  275.53334    95.2642    15.7044 -9.990e-29
 124.239080      6.717    12.5342  32.023001    26.9502      6.657  275.39551  275.53398    95.3420    15.6801 -9.990e-29
 124.239083      6.746    12.5343  32.023406    26.9505      6.686  275.39448  275.53296    95.3109    15.6639 -9.990e-29
 124.239086      6.770    12.5340  32.023637    26.9509      6.709  275.39535  275.53380    91.2331    15.5143 -9.990e-29
 124.239089      6.792    12.5339  32.024447    26.9517      6.731  275.39423  275.53267    91.2798    15.4982 -9.990e-29
 124.239091      6.816    12.5345  32.024852    26.9516      6.755  275.39099  275.52946    91.3420    15.4699 -9.990e-29
 124.239094      6.838    12.5347  32.024215    26.9511      6.777  275.39119  275.52969    91.2798    15.5184 -9.990e-29
 124.239097      6.863    12.5348  32.024447    26.9511      6.802  275.39048  275.52898    89.8790    15.8217 0.0000e+00
 124.239100      6.889    12.5347  32.024620    26.9511      6.827  275.39050  275.52899    89.7078    15.7933 -9.990e-29
 124.239103      6.912    12.5346  32.023637    26.9504      6.850  275.39260  275.53109    89.8167    15.8217 -9.990e-29
 124.239106      6.931    12.5347  32.024158    26.9508      6.869  275.39136  275.52985    89.7545    15.8176 -9.990e-29
 124.239109      6.952    12.5347  32.024042    26.9507      6.890  275.39158  275.53008    89.7389    15.8136 -9.990e-29
 124.239112      6.978    12.5343  32.024621    26.9515      6.915  275.39246  275.53092    91.5910    16.3392 -9.990e-29
 124.239115      7.001    12.5344  32.024216    26.9510      6.939  275.39257  275.53104    91.4821    16.3109 -9.990e-29
