Processed/SBE19plus_01907321_2022_05_12_Cast133_wfilter.cnv
* Sea-Bird SBE19plus  Data File:
* FileName = E:\Prandtl_Daten\2022\CTD\Raw\SBE19plus_01907321_2022_05_12_Cast133.hex
* Software version 2.6.1.12
* Temperature SN = 7321
* Conductivity SN = 7321
* System UpLoad Time = May 12 2022 09:50:06
* <ApplicationData>
* <Seaterm232>
** Messpraktikum 2022
** CTD 10.05  M1
** NMEA Latitude = 54 00.22N
** NMEA Longitude = 008 41.53E
# nquan = 11
# nvalues = 283                         
# units = specified
# name 0 = timeJ: Julian Days
# name 1 = prdM: Pressure, Strain Gauge [db]
# name 2 = tv290C: Temperature [ITS-90, deg C]
# name 3 = c0mS/cm: Conductivity [mS/cm]
# name 4 = sal00: Salinity, Practical [PSU]
# name 5 = depSM: Depth [salt water, m], lat = 54.00
# name 6 = oxsatMm/Kg: Oxygen Saturation, Weiss [umol/kg]
# name 7 = oxsolMm/Kg: Oxygen Saturation, Garcia & Gordon [umol/kg]
# name 8 = turbWETntu0: Turbidity, WET Labs ECO [NTU]
# name 9 = flECO-AFL: Fluorescence, WET Labs ECO-AFL/FL [mg/m^3]
# name 10 = flag:  0.000e+00
# span 0 = 132.406672, 132.407488       
# span 1 =      0.536,      6.750       
# span 2 =    12.8361,    13.3365       
# span 3 =  28.789882,  29.625537       
# span 4 =    23.5767,    24.5349       
# span 5 =      0.531,      6.689       
# span 6 =  277.19124,  279.17691       
# span 7 =  277.40645,  279.36838       
# span 8 =    16.2603,    98.1747       
# span 9 =    14.8148,    26.2745       
# span 10 = 0.0000e+00, 0.0000e+00      
# interval = seconds: 0.25
# start_time = May 12 2022 09:44:27 [Instrument's time stamp, header]
# bad_flag = -9.990e-29
*END*
 132.406672      0.536    13.3362  28.929523    23.5904      0.531  277.19124  277.40645    16.8829    15.4132 0.0000e+00
 132.406675      0.572    13.3365  28.926576    23.5875      0.567  277.19502  277.41026    16.8517    15.4496 0.0000e+00
 132.406678      0.610    13.3365  28.926242    23.5872      0.605  277.19562  277.41086    16.4315    15.7003 0.0000e+00
 132.406681      0.641    13.3360  28.925297    23.5872      0.635  277.19930  277.41453    16.4004    15.7084 0.0000e+00
 132.406684      0.680    13.3352  28.927577    23.5879      0.673  277.19909  277.41426    16.3537    15.6842 0.0000e+00
 132.406687      0.718    13.3341  28.926020    23.5892      0.711  277.20722  277.42233    16.2914    15.6639 -9.990e-29
 132.406690      0.733    13.3326  28.924519    23.5880      0.726  277.21659  277.43163    16.3381    15.6801 -9.990e-29
 132.406693      0.716    13.3303  28.919237    23.5847      0.710  277.23655  277.45151    18.3303    16.2462 -9.990e-29
 132.406696      0.674    13.3269  28.919348    23.5869      0.668  277.25189  277.46665    18.2992    16.2624 -9.990e-29
 132.406698      0.641    13.3251  28.925465    23.5935      0.636  277.24973  277.46434    18.3926    16.2462 -9.990e-29
 132.406701      0.621    13.3263  28.924909    23.5923      0.616  277.24493  277.45962    18.3459    16.2705 -9.990e-29
 132.406704      0.649    13.3280  28.924186    23.5911      0.643  277.23842  277.45321    16.8673    14.8431 -9.990e-29
 132.406707      0.700    13.3287  28.925298    23.5896      0.693  277.23314  277.44796    16.8984    14.8148 0.0000e+00
 132.406710      0.747    13.3284  28.921684    23.5881      0.740  277.24112  277.45595    16.7895    14.8552 0.0000e+00
 132.406713      0.793    13.3282  28.921350    23.5881      0.786  277.24240  277.45723    16.9451    14.8633 0.0000e+00
 132.406716      0.849    13.3281  28.925409    23.5898      0.842  277.23608  277.45086    16.6338    15.3122 0.0000e+00
 132.406719      0.895    13.3285  28.923797    23.5907      0.887  277.23687  277.45169    16.6961    15.2758 0.0000e+00
 132.406722      0.937    13.3284  28.923797    23.5898      0.929  277.23723  277.45205    16.6183    15.2919 -9.990e-29
 132.406725      0.950    13.3287  28.923797    23.5897      0.941  277.23589  277.45072    16.6027    15.2919 -9.990e-29
 132.406727      0.937    13.3295  28.925243    23.5905      0.929  277.22999  277.44485    17.0541    16.4282 -9.990e-29
 132.406730      0.901    13.3300  28.923964    23.5890      0.893  277.22948  277.44439    17.1630    16.4646 -9.990e-29
 132.406733      0.855    13.3303  28.924130    23.5891      0.847  277.22815  277.44307    17.1786    16.4767 -9.990e-29
 132.406736      0.818    13.3305  28.924130    23.5889      0.811  277.22712  277.44205    17.0696    16.4727 -9.990e-29
 132.406739      0.807    13.3298  28.924909    23.5901      0.800  277.22915  277.44403    17.1475    16.4322 -9.990e-29
 132.406742      0.849    13.3296  28.924909    23.5859      0.842  277.22985  277.44472    17.1008    16.1411 -9.990e-29
 132.406745      0.906    13.3293  28.920016    23.5858      0.898  277.23971  277.45460    17.0696    16.1654 0.0000e+00
 132.406748      0.962    13.3280  28.918904    23.5857      0.954  277.24775  277.46258    17.0229    16.1128 0.0000e+00
 132.406751      1.021    13.3252  28.915068    23.5840      1.011  277.26762  277.48232    17.0074    16.1290 0.0000e+00
 132.406753      1.065    13.3215  28.908174    23.5827      1.055  277.29684  277.51139    17.3342    15.4820 0.0000e+00
 132.406756      1.105    13.3167  28.907786    23.5827      1.095  277.31952  277.53380    17.2720    15.5143 0.0000e+00
 132.406759      1.137    13.3124  28.905896    23.5832      1.127  277.34277  277.55683    17.3187    15.5022 0.0000e+00
 132.406762      1.163    13.3081  28.907564    23.5836      1.153  277.36018  277.57398    17.3031    15.5265 -9.990e-29
 132.406765      1.172    13.3052  28.904618    23.5869      1.162  277.37849  277.59215    17.5677    15.9066 -9.990e-29
 132.406768      1.178    13.3030  28.903673    23.5874      1.167  277.39027  277.60382    17.5521    15.8621 -9.990e-29
 132.406771      1.179    13.3019  28.907787    23.5918      1.169  277.38821  277.60166    17.5677    15.8742 -9.990e-29
 132.406774      1.190    13.3025  28.905397    23.5893      1.180  277.39000  277.60350    17.4899    15.8500 -9.990e-29
 132.406777      1.211    13.3033  28.906286    23.5880      1.200  277.38475  277.59828    17.2408    16.1856 -9.990e-29
 132.406780      1.252    13.3029  28.904229    23.5875      1.241  277.39003  277.60356    17.1941    16.2018 0.0000e+00
 132.406782      1.300    13.3025  28.902895    23.5880      1.288  277.39440  277.60792    17.3809    16.1694 0.0000e+00
 132.406785      1.344    13.3020  28.904341    23.5878      1.332  277.39395  277.60743    17.3654    16.1977 0.0000e+00
 132.406788      1.380    13.3012  28.904397    23.5886      1.368  277.39759  277.61103    17.2253    16.2058 -9.990e-29
 132.406791      1.399    13.3003  28.900116    23.5858      1.386  277.40942  277.62284    16.5871    15.7933 -9.990e-29
 132.406794      1.402    13.2990  28.902896    23.5892      1.390  277.41069  277.62401    16.5871    15.8217 -9.990e-29
 132.406797      1.393    13.2982  28.901506    23.5884      1.381  277.41682  277.63011    16.5249    15.8378 -9.990e-29
 132.406800      1.380    13.2974  28.900672    23.5881      1.368  277.42164  277.63489    16.6494    15.8176 -9.990e-29
 132.406803      1.378    13.2970  28.901617    23.5892      1.366  277.42203  277.63525    16.9296    16.1937 -9.990e-29
 132.406806      1.389    13.2968  28.902340    23.5900      1.377  277.42179  277.63500    16.8206    16.1977 -9.990e-29
 132.406808      1.409    13.2970  28.903786    23.5899      1.397  277.41828  277.63149    16.7584    16.1977 -9.990e-29
 132.406811      1.446    13.2971  28.902507    23.5894      1.433  277.41984  277.63307    16.7584    16.1937 0.0000e+00
 132.406814      1.495    13.2967  28.901229    23.5890      1.481  277.42412  277.63733    16.6183    16.6546 0.0000e+00
 132.406817      1.557    13.2962  28.899339    23.5876      1.543  277.42980  277.64300    16.5716    16.6021 0.0000e+00
 132.406820      1.630    13.2957  28.898616    23.5873      1.615  277.43347  277.64664    16.5249    16.6344 0.0000e+00
 132.406823      1.701    13.2941  28.895949    23.5861      1.686  277.44558  277.65868    16.6183    16.6304 0.0000e+00
 132.406826      1.756    13.2908  28.894059    23.5859      1.740  277.46411  277.67704    17.0229    16.5697 0.0000e+00
 132.406829      1.782    13.2880  28.895227    23.5861      1.766  277.47529  277.68805    17.1008    16.5657 -9.990e-29
 132.406832      1.772    13.2866  28.890780    23.5858      1.757  277.48943  277.70215    17.1941    16.6021 -9.990e-29
 132.406834      1.743    13.2839  28.881110    23.5788      1.728  277.51872  277.73137    17.1941    16.5778 -9.990e-29
 132.406837      1.707    13.2761  28.877720    23.5805      1.692  277.56078  277.77302    17.1475    16.5980 -9.990e-29
 132.406840      1.679    13.2684  28.876220    23.5839      1.664  277.59923  277.81104    17.1941    16.8204 -9.990e-29
 132.406843      1.671    13.2632  28.876165    23.5871      1.656  277.62367  277.83519    17.1630    16.8447 -9.990e-29
 132.406846      1.681    13.2606  28.875110    23.5878      1.666  277.63735  277.84874    17.1008    16.8528 -9.990e-29
 132.406849      1.709    13.2586  28.872665    23.5868      1.694  277.65109  277.86238    17.0541    16.8528 -9.990e-29
 132.406852      1.756    13.2574  28.874555    23.5901      1.741  277.65358  277.86478    16.3226    16.0845 -9.990e-29
 132.406855      1.811    13.2572  28.875444    23.5897      1.795  277.65274  277.86393    16.2603    16.0724 0.0000e+00
 132.406858      1.870    13.2577  28.874944    23.5901      1.853  277.65128  277.86250    16.3848    16.1249 0.0000e+00
 132.406861      1.926    13.2583  28.877556    23.5910      1.909  277.64406  277.85530    16.3692    16.0562 0.0000e+00
 132.406863      1.975    13.2586  28.877389    23.5910      1.958  277.64303  277.85428    16.6961    15.5831 0.0000e+00
 132.406866      2.023    13.2587  28.876667    23.5907      2.005  277.64397  277.85523    16.5871    15.5831 0.0000e+00
 132.406869      2.050    13.2587  28.874389    23.5903      2.032  277.64795  277.85923    16.5871    15.5629 -9.990e-29
 132.406872      2.067    13.2587  28.876445    23.5901      2.048  277.64439  277.85565    16.6494    15.5507 -9.990e-29
 132.406875      2.070    13.2595  28.879835    23.5926      2.052  277.63477  277.84605    17.3031    16.7193 -9.990e-29
 132.406878      2.065    13.2611  28.879168    23.5910      2.046  277.62849  277.83986    17.3965    16.7234 -9.990e-29
 132.406881      2.054    13.2633  28.880168    23.5905      2.035  277.61626  277.82775    17.3187    16.7072 -9.990e-29
 132.406884      2.038    13.2651  28.882835    23.5919      2.019  277.60350  277.81507    17.3498    16.7072 -9.990e-29
 132.406887      2.036    13.2669  28.883391    23.5912      2.018  277.59407  277.80574    17.3187    16.6829 -9.990e-29
 132.406889      2.050    13.2684  28.884335    23.5917      2.032  277.58534  277.79709    16.6338    16.5091 -9.990e-29
 132.406892      2.082    13.2697  28.885836    23.5892      2.063  277.57666  277.78847    16.5405    16.4889 0.0000e+00
 132.406895      2.123    13.2710  28.881112    23.5872      2.104  277.57880  277.79073    16.6183    16.5131 0.0000e+00
 132.406898      2.169    13.2719  28.882446    23.5872      2.150  277.57245  277.78442    16.5871    16.5252 0.0000e+00
 132.406901      2.217    13.2723  28.884336    23.5872      2.197  277.56717  277.77914    16.6027    17.3663 0.0000e+00
 132.406904      2.255    13.2726  28.881112    23.5872      2.235  277.57144  277.78345    16.5560    17.3663 0.0000e+00
 132.406907      2.286    13.2731  28.886559    23.5856      2.266  277.55962  277.77162    16.6650    17.3704 -9.990e-29
 132.406910      2.308    13.2738  28.886003    23.5892      2.287  277.55756  277.76960    16.6027    17.3825 -9.990e-29
 132.406913      2.321    13.2742  28.886670    23.5896      2.300  277.55438  277.76644    17.7078    17.3218 -9.990e-29
 132.406916      2.335    13.2747  28.885836    23.5885      2.315  277.55381  277.76590    17.8790    17.3178 -9.990e-29
 132.406918      2.348    13.2750  28.883558    23.5863      2.327  277.55608  277.76821    17.6922    17.3380 -9.990e-29
 132.406921      2.366    13.2752  28.886392    23.5895      2.345  277.55049  277.76261    17.8012    17.3380 -9.990e-29
 132.406924      2.394    13.2753  28.887393    23.5886      2.372  277.54809  277.76021    18.2369    17.3259 0.0000e+00
 132.406927      2.430    13.2755  28.885447    23.5877      2.409  277.55081  277.76295    18.2369    17.8799 0.0000e+00
 132.406930      2.460    13.2753  28.885281    23.5876      2.438  277.55180  277.76393    18.2525    17.8677 0.0000e+00
 132.406933      2.492    13.2747  28.884114    23.5872      2.470  277.55655  277.76866    18.2992    17.8516 0.0000e+00
 132.406936      2.521    13.2741  28.883280    23.5869      2.499  277.56106  277.77314    18.2214    17.8394 -9.990e-29
 132.406939      2.543    13.2739  28.882836    23.5862      2.521  277.56252  277.77460    17.0696    18.0457 -9.990e-29
 132.406942      2.552    13.2737  28.884670    23.5881      2.530  277.56069  277.77274    17.0541    18.0335 -9.990e-29
 132.406944      2.562    13.2738  28.883392    23.5868      2.539  277.56224  277.77430    17.1475    18.0295 -9.990e-29
 132.406947      2.569    13.2741  28.882836    23.5861      2.546  277.56186  277.77394    17.1008    18.0416 -9.990e-29
 132.406950      2.576    13.2742  28.885615    23.5885      2.553  277.55636  277.76843    17.0541    16.8285 -9.990e-29
 132.406953      2.592    13.2744  28.883002    23.5861      2.569  277.56023  277.77233    16.8984    16.8245 -9.990e-29
 132.406956      2.607    13.2747  28.886170    23.5887      2.584  277.55304  277.76514    17.1630    16.8326 -9.990e-29
 132.406959      2.634    13.2753  28.885615    23.5879      2.611  277.55166  277.76378    17.1475    16.8528 -9.990e-29
 132.406962      2.658    13.2763  28.885448    23.5886      2.634  277.54689  277.75908    18.0191    17.5200 -9.990e-29
 132.406965      2.685    13.2774  28.887893    23.5886      2.661  277.53758  277.74981    17.9101    17.5321 0.0000e+00
 132.406968      2.715    13.2783  28.888282    23.5886      2.690  277.53286  277.74514    18.1591    17.5200 -9.990e-29
 132.406970      2.738    13.2790  28.889005    23.5867      2.714  277.52858  277.74089    18.1436    17.5321 -9.990e-29
 132.406973      2.768    13.2797  28.887393    23.5867      2.743  277.52801  277.74037    18.0191    17.4998 0.0000e+00
 132.406976      2.797    13.2805  28.886170    23.5867      2.772  277.52643  277.73885    17.6299    17.4755 -9.990e-29
 132.406979      2.822    13.2811  28.890117    23.5882      2.797  277.51655  277.72897    17.6455    17.4674 -9.990e-29
 132.406982      2.851    13.2813  28.888449    23.5866      2.826  277.51878  277.73123    17.5988    17.4593 -9.990e-29
 132.406985      2.873    13.2805  28.886337    23.5852      2.848  277.52618  277.73860    17.5988    17.4351 -9.990e-29
 132.406988      2.890    13.2789  28.883392    23.5836      2.864  277.53875  277.75110    18.0191    17.9931 -9.990e-29
 132.406991      2.915    13.2769  28.881669    23.5832      2.889  277.55089  277.76315    18.1280    17.9446 -9.990e-29
 132.406994      2.943    13.2756  28.882837    23.5851      2.917  277.55497  277.76714    18.1124    18.0052 -9.990e-29
 132.406997      2.967    13.2753  28.885282    23.5874      2.940  277.55209  277.76422    18.0502    17.9526 -9.990e-29
 132.406999      2.992    13.2766  28.887116    23.5883      2.966  277.54316  277.75535    19.3264    18.7048 -9.990e-29
 132.407002      3.025    13.2773  28.883170    23.5843      2.998  277.54666  277.75892    19.1864    18.6926 -9.990e-29
 132.407005      3.050    13.2763  28.877946    23.5767      3.023  277.56014  277.77239    19.3109    18.6684 -9.990e-29
 132.407008      3.082    13.2713  28.870612    23.5786      3.054  277.59624  277.80827    19.2798    18.7169 0.0000e+00
 132.407011      3.107    13.2630  28.869112    23.5786      3.080  277.63777  277.84934    16.5871    17.8394 0.0000e+00
 132.407014      3.133    13.2554  28.868946    23.5805      3.105  277.67326  277.88440    16.5716    17.8435 -9.990e-29
 132.407017      3.145    13.2505  28.868558    23.5877      3.117  277.69661  277.90748    16.6338    17.8475 -9.990e-29
 132.407020      3.151    13.2482  28.866169    23.5869      3.123  277.71159  277.92235    16.6183    17.8394 -9.990e-29
 132.407023      3.149    13.2471  28.867058    23.5884      3.121  277.71512  277.92580    16.6183    17.8313 -9.990e-29
 132.407025      3.147    13.2460  28.864613    23.5869      3.119  277.72444  277.93509    16.5871    17.4957 -9.990e-29
 132.407028      3.147    13.2442  28.863113    23.5867      3.119  277.73551  277.94607    16.7117    17.5281 -9.990e-29
 132.407031      3.153    13.2420  28.857613    23.5831      3.125  277.75557  277.96604    16.6650    17.5362 -9.990e-29
 132.407034      3.169    13.2371  28.851113    23.5838      3.141  277.78956  277.99981    16.6650    17.5078 -9.990e-29
 132.407037      3.200    13.2297  28.850003    23.5860      3.172  277.82602  278.03586    17.5988    17.6170 0.0000e+00
 132.407040      3.241    13.2238  28.850892    23.5882      3.212  277.85190  278.06140    17.5521    17.6494 0.0000e+00
 132.407043      3.279    13.2212  28.851726    23.5888      3.250  277.86265  278.07200    17.5210    17.6251 0.0000e+00
 132.407046      3.324    13.2208  28.849393    23.5900      3.295  277.86877  278.07811    17.5988    17.6575 0.0000e+00
 132.407049      3.363    13.2209  28.850893    23.5900      3.333  277.86550  278.07484    16.3070    19.5580 0.0000e+00
