Processed/SBE19plus_01907321_2022_05_08_Cast82_wfilter.cnv
* Sea-Bird SBE19plus  Data File:
* FileName = E:\Prandtl Daten\2022\CTD\Raw\SBE19plus_01907321_2022_05_08_Cast82.hex
* Software version 2.6.1.12
* Temperature SN = 7321
* Conductivity SN = 7321
* System UpLoad Time = May 08 2022 10:41:33
* <ApplicationData>
* <Seaterm232>
** Messpraktikum 2022
** CTD 08.05 Schnitt5_1
** NMEA Latitude = 54 11.98 N
** NMEA Longitude = 008 33.69 E
# nquan = 11
# nvalues = 252                         
# units = specified
# name 0 = timeJ: Julian Days
# name 1 = prdM: Pressure, Strain Gauge [db]
# name 2 = tv290C: Temperature [ITS-90, deg C]
# name 3 = c0mS/cm: Conductivity [mS/cm]
# name 4 = sal00: Salinity, Practical [PSU]
# name 5 = depSM: Depth [salt water, m], lat = 54.00
# name 6 = oxsatMm/Kg: Oxygen Saturation, Weiss [umol/kg]
# name 7 = oxsolMm/Kg: Oxygen Saturation, Garcia & Gordon [umol/kg]
# name 8 = turbWETntu0: Turbidity, WET Labs ECO [NTU]
# name 9 = flECO-AFL: Fluorescence, WET Labs ECO-AFL/FL [mg/m^3]
# name 10 = flag:  0.000e+00
# span 0 = 128.441253, 128.441979       
# span 1 =      0.273,      7.193       
# span 2 =    11.9370,    12.5686       
# span 3 =  33.095090,  33.335847       
# span 4 =    27.9370,    28.6265       
# span 5 =      0.270,      7.129       
# span 6 =  273.28725,  275.67761       
# span 7 =  273.41705,  275.76093       
# span 8 =    -0.8759,   113.1475       
# span 9 =     1.4303,    22.3926       
# span 10 = 0.0000e+00, 0.0000e+00      
# interval = seconds: 0.25
# start_time = May 08 2022 10:34:20 [Instrument's time stamp, header]
# bad_flag = -9.990e-29
*END*
 128.441253      0.273    12.5682  33.105674    27.9370      0.270  273.30531  273.43528    -0.4401     1.4303 0.0000e+00
 128.441256      0.377    12.5686  33.113935    27.9432      0.373  273.28909  273.41900    -0.4401     1.4708 0.0000e+00
 128.441259      0.475    12.5678  33.112178    27.9432      0.471  273.29538  273.42527    -0.6113     1.6123 0.0000e+00
 128.441262      0.557    12.5663  33.108429    27.9432      0.552  273.30894  273.43876    -0.6424     1.5031 0.0000e+00
 128.441264      0.645    12.5643  33.111183    27.9449      0.639  273.31275  273.44241    -0.6580     1.5678 0.0000e+00
 128.441267      0.751    12.5629  33.110304    27.9451      0.744  273.32058  273.45015    -0.6424     1.5880 0.0000e+00
 128.441270      0.818    12.5615  33.109192    27.9451      0.811  273.32881  273.45829    -0.6891     1.6366 0.0000e+00
 128.441273      0.875    12.5604  33.109661    27.9451      0.867  273.33265  273.46206    -0.8759     1.6487 -9.990e-29
 128.441276      0.891    12.5600  33.104681    27.9419      0.883  273.34341  273.47283    -0.7358     1.6608 -9.990e-29
 128.441279      0.888    12.5609  33.113527    27.9495      0.880  273.32359  273.45299    -0.6736     1.5719 -9.990e-29
 128.441282      0.855    12.5623  33.115695    27.9505      0.847  273.31351  273.44298    -0.6424     1.6244 -9.990e-29
 128.441285      0.800    12.5638  33.113000    27.9469      0.793  273.31178  273.44138    -0.6269     1.6204 -9.990e-29
 128.441288      0.742    12.5653  33.114523    27.9472      0.735  273.30252  273.43221    -0.6736     1.6002 -9.990e-29
 128.441291      0.714    12.5659  33.115929    27.9481      0.708  273.29752  273.42723    -0.7825     1.5880 -9.990e-29
 128.441293      0.722    12.5661  33.116514    27.9485      0.715  273.29524  273.42497    -0.6736     1.6406 -9.990e-29
 128.441296      0.785    12.5668  33.119034    27.9493      0.778  273.28800  273.41775    -0.5490     1.5759 -9.990e-29
 128.441299      0.874    12.5669  33.118038    27.9500      0.867  273.28922  273.41898    -0.6113     1.5880 0.0000e+00
 128.441302      0.973    12.5667  33.119328    27.9493      0.964  273.28791  273.41765    -0.6736     1.5516 0.0000e+00
 128.441305      1.064    12.5670  33.117160    27.9483      1.055  273.29061  273.42038    -0.5802     1.5395 0.0000e+00
 128.441308      1.134    12.5671  33.117336    27.9483      1.124  273.28972  273.41951    -0.6424     1.5314 0.0000e+00
 128.441311      1.170    12.5674  33.118039    27.9483      1.160  273.28725  273.41705    -0.6891     1.5233 -9.990e-29
 128.441314      1.168    12.5664  33.117160    27.9488      1.158  273.29346  273.42320    -0.6736     1.5233 -9.990e-29
 128.441317      1.139    12.5645  33.117512    27.9505      1.129  273.30086  273.43047    -0.6736     1.5274 -9.990e-29
 128.441319      1.087    12.5637  33.118449    27.9519      1.077  273.30256  273.43210    -0.7202     1.6204 -9.990e-29
 128.441322      1.026    12.5641  33.119445    27.9526      1.017  273.29919  273.42875    -0.8292     1.6285 -9.990e-29
 128.441325      0.984    12.5646  33.118098    27.9510      0.975  273.29940  273.42901    -0.6736     1.6042 -9.990e-29
 128.441328      0.986    12.5647  33.117570    27.9504      0.977  273.29972  273.42935    -0.6891     1.6649 -9.990e-29
 128.441331      1.044    12.5634  33.116340    27.9521      1.035  273.30784  273.43738    -0.7202     1.6649 -9.990e-29
 128.441334      1.161    12.5623  33.117571    27.9523      1.151  273.31036  273.43982    -0.6269     1.6608 0.0000e+00
 128.441337      1.280    12.5607  33.116751    27.9521      1.268  273.31872  273.44808    -0.5957     1.6689 0.0000e+00
 128.441340      1.393    12.5580  33.114115    27.9525      1.380  273.33526  273.46446    -0.7047     1.6730 0.0000e+00
 128.441343      1.473    12.5556  33.113237    27.9525      1.460  273.34772  273.47676    -0.5802     1.6810 0.0000e+00
 128.441345      1.515    12.5529  33.113823    27.9530      1.501  273.35815  273.48701    -0.7202     1.5516 -9.990e-29
 128.441348      1.538    12.5512  33.113941    27.9568      1.525  273.36538  273.49412    -0.6891     1.5516 -9.990e-29
 128.441351      1.546    12.5501  33.113238    27.9570      1.532  273.37159  273.50027    -0.7047     1.5355 -9.990e-29
 128.441354      1.520    12.5485  33.113531    27.9585      1.507  273.37817  273.50673    -0.6424     1.5638 -9.990e-29
 128.441357      1.487    12.5448  33.111949    27.9598      1.474  273.39707  273.52539    -0.8759     1.5799 -9.990e-29
 128.441360      1.443    12.5391  33.109489    27.9617      1.430  273.42619  273.55415    -0.7825     1.6406 -9.990e-29
 128.441363      1.414    12.5325  33.112126    27.9691      1.402  273.45024  273.57772    -0.6113     1.5880 -9.990e-29
 128.441366      1.400    12.5302  33.112185    27.9708      1.387  273.46002  273.58735    -0.6580     1.6406 -9.990e-29
 128.441369      1.409    12.5310  33.112360    27.9704      1.396  273.45631  273.58369    -0.8603     1.6406 -9.990e-29
 128.441372      1.442    12.5314  33.112361    27.9690      1.429  273.45448  273.58189    -0.6736     1.6002 -9.990e-29
 128.441374      1.495    12.5321  33.111775    27.9688      1.481  273.45278  273.58024    -0.6113     1.6204 0.0000e+00
 128.441377      1.560    12.5340  33.112771    27.9685      1.546  273.44268  273.57027    -0.7825     1.6649 0.0000e+00
 128.441380      1.635    12.5355  33.113240    27.9678      1.621  273.43509  273.56277    -0.4401     1.6608 0.0000e+00
 128.441383      1.721    12.5357  33.112361    27.9668      1.706  273.43610  273.56380    -0.3467     1.6891 0.0000e+00
 128.441386      1.798    12.5343  33.111190    27.9668      1.782  273.44443  273.57205    -0.4557     1.6891 0.0000e+00
 128.441389      1.856    12.5331  33.112362    27.9677      1.839  273.44764  273.57516    -0.4401     1.6487 0.0000e+00
 128.441392      1.891    12.5318  33.112596    27.9687      1.874  273.45281  273.58025    -0.3156     1.6972 -9.990e-29
 128.441395      1.893    12.5314  33.112538    27.9701      1.876  273.45447  273.58188    -0.4401     1.7053 -9.990e-29
 128.441398      1.880    12.5316  33.112186    27.9696      1.863  273.45416  273.58159    -0.2378     1.6810 -9.990e-29
 128.441400      1.856    12.5320  33.111542    27.9687      1.840  273.45375  273.58121    -0.4401     1.6689 -9.990e-29
 128.441403      1.820    12.5321  33.112596    27.9697      1.804  273.45153  273.57898    -0.4245     1.6891 -9.990e-29
 128.441406      1.795    12.5319  33.111951    27.9693      1.779  273.45359  273.58104    -0.2066     1.7498 -9.990e-29
 128.441409      1.777    12.5316  33.112772    27.9702      1.761  273.45335  273.58077    -0.5179     1.7740 -9.990e-29
 128.441412      1.789    12.5312  33.113241    27.9709      1.773  273.45407  273.58146    -0.3778     1.7336 -9.990e-29
 128.441415      1.833    12.5306  33.111952    27.9709      1.817  273.45919  273.58654    -0.5335     1.7740 -9.990e-29
 128.441418      1.897    12.5299  33.112128    27.9714      1.880  273.46201  273.58932    -0.3311     1.6366 0.0000e+00
 128.441421      1.974    12.5296  33.113007    27.9719      1.956  273.46173  273.58901    -0.3934     1.6204 0.0000e+00
 128.441424      2.059    12.5280  33.112949    27.9719      2.041  273.46870  273.59587    -0.2378     1.6406 0.0000e+00
 128.441427      2.150    12.5247  33.108614    27.9729      2.131  273.49105  273.61804    -0.4712     1.6244 0.0000e+00
 128.441429      2.225    12.5215  33.114708    27.9771      2.205  273.49413  273.62084    -0.2066     1.6972 0.0000e+00
 128.441432      2.280    12.5190  33.110372    27.9782      2.259  273.51275  273.63934    -0.1755     1.6972 0.0000e+00
 128.441435      2.309    12.5170  33.110490    27.9771      2.288  273.52122  273.64767    -0.1599     1.7013 -9.990e-29
 128.441438      2.300    12.5146  33.115939    27.9856      2.279  273.52198  273.64821    -0.3156     1.7053 -9.990e-29
 128.441441      2.278    12.5125  33.115353    27.9866      2.258  273.53230  273.65839    -0.1132     1.7296 -9.990e-29
 128.441444      2.245    12.5116  33.114885    27.9869      2.225  273.53713  273.66317    -0.1755     2.0288 -9.990e-29
 128.441447      2.210    12.5105  33.116935    27.9896      2.191  273.53808  273.66402    -0.1444     1.9762 -9.990e-29
 128.441450      2.200    12.5082  33.113830    27.9884      2.180  273.55353  273.67935    -0.1132     2.0005 -9.990e-29
 128.441453      2.201    12.5046  33.119924    27.9968      2.182  273.55840  273.68391    -0.1444     1.9924 -9.990e-29
 128.441455      2.230    12.5001  33.118343    27.9987      2.210  273.58104  273.70626     0.0891     2.7607 -9.990e-29
 128.441458      2.276    12.4959  33.120922    28.0026      2.255  273.59470  273.71961     0.0891     2.6879 -9.990e-29
 128.441461      2.342    12.4931  33.116996    28.0014      2.321  273.61415  273.73890     0.1513     2.7203 0.0000e+00
 128.441464      2.394    12.4934  33.114770    28.0003      2.373  273.61694  273.74173     0.1047     2.7041 0.0000e+00
 128.441467      2.436    12.4961  33.116117    27.9999      2.415  273.60249  273.72746    -0.1755     1.9156 0.0000e+00
 128.441470      2.468    12.4982  33.115531    27.9995      2.446  273.59459  273.71970    -0.1599     1.9398 -9.990e-29
 128.441473      2.488    12.4980  33.116996    27.9989      2.466  273.59260  273.71769    -0.2222     1.9681 -9.990e-29
 128.441476      2.500    12.4963  33.118871    28.0019      2.478  273.59667  273.72163    -0.1444     1.9681 -9.990e-29
 128.441479      2.510    12.4946  33.117524    28.0019      2.487  273.60682  273.73167     0.1047     1.6932 -9.990e-29
 128.441481      2.519    12.4931  33.117583    28.0031      2.496  273.61322  273.73796     0.0424     1.7700 -9.990e-29
 128.441484      2.543    12.4923  33.112954    28.0031      2.520  273.62493  273.74967     0.0580     1.7700 -9.990e-29
 128.441487      2.585    12.4919  33.116763    28.0048      2.562  273.61968  273.74436    -0.0043     1.7498 0.0000e+00
 128.441490      2.652    12.4915  33.120103    28.0066      2.628  273.61560  273.74021    -0.1132     1.8913 0.0000e+00
 128.441493      2.711    12.4902  33.121275    28.0086      2.686  273.61941  273.74392    -0.1444     2.0450 0.0000e+00
 128.441496      2.754    12.4880  33.121568    28.0105      2.730  273.62850  273.75286    -0.1599     2.0086 0.0000e+00
 128.441499      2.787    12.4851  33.123444    28.0125      2.762  273.63753  273.76168    -0.2066     2.0167 0.0000e+00
 128.441502      2.813    12.4823  33.120339    28.0144      2.788  273.65549  273.77947    -0.1755     2.0126 -9.990e-29
 128.441505      2.835    12.4798  33.123269    28.0181      2.810  273.66107  273.78485     0.5871     2.2957 -9.990e-29
 128.441508      2.835    12.4777  33.118523    28.0153      2.810  273.67885  273.80254     0.4782     2.2674 -9.990e-29
 128.441510      2.826    12.4758  33.120750    28.0188      2.801  273.68320  273.80673     0.6027     2.2795 -9.990e-29
 128.441513      2.813    12.4736  33.123680    28.0232      2.788  273.68753  273.81088     0.6338     2.2755 -9.990e-29
 128.441516      2.805    12.4709  33.122918    28.0245      2.780  273.70064  273.82381     0.2914     2.3846 -9.990e-29
 128.441519      2.815    12.4696  33.120516    28.0240      2.789  273.71051  273.83362     0.3381     2.3927 -9.990e-29
 128.441522      2.842    12.4686  33.120516    28.0253      2.817  273.71517  273.83821     0.3226     2.4291 0.0000e+00
 128.441525      2.889    12.4675  33.122509    28.0249      2.864  273.71627  273.83921     0.1825     2.4089 0.0000e+00
 128.441528      2.948    12.4665  33.119931    28.0266      2.921  273.72526  273.84816     2.1747     2.6475 0.0000e+00
 128.441531      3.008    12.4662  33.130244    28.0348      2.981  273.70835  273.83112     2.0191     2.6717 0.0000e+00
 128.441534      3.064    12.4583  33.136164    28.0462      3.037  273.73207  273.85425     2.1124     2.6273 0.0000e+00
 128.441536      3.117    12.4469  33.134701    28.0533      3.090  273.78449  273.90589     2.0191     2.6353 0.0000e+00
 128.441539      3.156    12.4384  33.142379    28.0601      3.127  273.80780  273.92855     2.0969     2.6919 0.0000e+00
 128.441542      3.183    12.4292  33.153517    28.0668      3.154  273.82797  273.94797     2.1591     2.7526 -9.990e-29
 128.441545      3.197    12.4152  33.158091    28.0988      3.169  273.88090  273.99988     2.0502     2.6717 -9.990e-29
 128.441548      3.205    12.4003  33.161669    28.1133      3.176  273.93961  274.05753     2.0346     2.7122 -9.990e-29
 128.441551      3.216    12.3880  33.165832    28.1264      3.187  273.98583  274.10285     2.1591     2.7203 -9.990e-29
 128.441554      3.223    12.3781  33.160909    28.1292      3.194  274.03821  274.15460     0.0424     2.0207 -9.990e-29
 128.441557      3.232    12.3756  33.152058    28.1228      3.203  274.06497  274.18127     0.0891     1.9762 -9.990e-29
 128.441560      3.236    12.3813  33.150181    28.1168      3.207  274.04366  274.16037     0.1980     2.0086 -9.990e-29
 128.441563      3.240    12.3869  33.148188    28.0986      3.211  274.02255  274.13968     0.0580     2.0531 -9.990e-29
 128.441565      3.267    12.3928  33.139982    28.0892      3.238  274.01172  274.12934    -0.1444     2.0854 0.0000e+00
 128.441568      3.295    12.4036  33.128670    28.0798      3.265  273.98453  274.10302    -0.0354     2.0773 0.0000e+00
 128.441571      3.328    12.4214  33.119702    28.0581      3.298  273.92282  274.04263    -0.0666     2.1056 0.0000e+00
 128.441574      3.355    12.4446  33.121575    28.0426      3.325  273.81810  273.93949    -0.1755     2.1056 0.0000e+00
 128.441577      3.382    12.4582  33.121515    28.0324      3.352  273.75919  273.88151    -0.3000     2.0126 0.0000e+00
 128.441580      3.412    12.4642  33.118643    28.0253      3.381  273.73809  273.86084    -0.3623     2.0409 0.0000e+00
 128.441583      3.443    12.4698  33.112842    28.0157      3.412  273.72408  273.84728    -0.4245     2.0167 0.0000e+00
 128.441586      3.476    12.4776  33.110967    28.0080      3.445  273.69314  273.81690    -0.4712     2.0369 0.0000e+00
 128.441589      3.505    12.4851  33.107158    27.9989      3.473  273.66721  273.79152    -0.4090     2.0975 0.0000e+00
 128.441591      3.534    12.4920  33.108387    27.9949      3.502  273.63502  273.75979    -0.5024     2.1178 0.0000e+00
 128.441594      3.561    12.4960  33.108036    27.9916      3.529  273.61803  273.74308    -0.4401     2.0652 0.0000e+00
 128.441597      3.590    12.4986  33.108445    27.9916      3.558  273.60618  273.73140    -0.4090     2.0733 0.0000e+00
 128.441600      3.630    12.5002  33.111785    27.9920      3.598  273.59343  273.71872    -0.3467     2.0733 0.0000e+00
 128.441603      3.679    12.4998  33.112195    27.9926      3.647  273.59427  273.71953    -0.3623     2.0086 0.0000e+00
 128.441606      3.736    12.4983  33.113836    27.9952      3.703  273.59787  273.72301    -0.4557     1.9843 0.0000e+00
 128.441609      3.787    12.4965  33.114540    27.9973      3.753  273.60468  273.72970    -0.4401     2.0126 0.0000e+00
 128.441612      3.838    12.4956  33.114716    27.9980      3.804  273.60811  273.73307    -0.3467     2.0126 0.0000e+00
 128.441615      3.880    12.4952  33.114950    27.9983      3.846  273.60958  273.73450    -0.6424     2.1420 0.0000e+00
 128.441617      3.909    12.4941  33.118232    27.9986      3.875  273.60867  273.73348    -0.7514     2.1218 -9.990e-29
 128.441620      3.933    12.4909  33.121982    28.0083      3.898  273.61588  273.74044    -0.5646     2.1299 -9.990e-29
 128.441623      3.942    12.4878  33.119346    28.0082      3.907  273.63422  273.75859    -0.7825     2.1703 -9.990e-29
 128.441626      3.938    12.4879  33.117178    28.0060      3.903  273.63748  273.76188     0.4315     1.8711 -9.990e-29
 128.441629      3.911    12.4918  33.114775    28.0009      3.876  273.62476  273.74945     0.3226     1.8792 -9.990e-29
