Processed/SBE19plus_01907321_2022_05_10_Cast112_wfilter.cnv
* Sea-Bird SBE19plus  Data File:
* FileName = E:\Prandtl_Daten\2022\CTD\Raw\SBE19plus_01907321_2022_05_10_Cast112.hex
* Software version 2.6.1.12
* Temperature SN = 7321
* Conductivity SN = 7321
* System UpLoad Time = May 10 2022 10:51:13
* <ApplicationData>
* <Seaterm232>
** Messpraktikum 2022
** CTD 09.05  MP3
** NMEA Latitude = 54 03.49 N
** NMEA Longitude = 008 42.83 E
# nquan = 11
# nvalues = 390                         
# units = specified
# name 0 = timeJ: Julian Days
# name 1 = prdM: Pressure, Strain Gauge [db]
# name 2 = tv290C: Temperature [ITS-90, deg C]
# name 3 = c0mS/cm: Conductivity [mS/cm]
# name 4 = sal00: Salinity, Practical [PSU]
# name 5 = depSM: Depth [salt water, m], lat = 54.00
# name 6 = oxsatMm/Kg: Oxygen Saturation, Weiss [umol/kg]
# name 7 = oxsolMm/Kg: Oxygen Saturation, Garcia & Gordon [umol/kg]
# name 8 = turbWETntu0: Turbidity, WET Labs ECO [NTU]
# name 9 = flECO-AFL: Fluorescence, WET Labs ECO-AFL/FL [mg/m^3]
# name 10 = flag:  0.000e+00
# span 0 = 130.448495, 130.449621       
# span 1 =      0.475,      9.523       
# span 2 =    14.3091,    14.3614       
# span 3 =  33.235119,  33.338830       
# span 4 =    26.7980,    26.8951       
# span 5 =      0.470,      9.438       
# span 6 =  265.35932,  265.61637       
# span 7 =  265.59910,  265.85398       
# span 8 =    11.3731,    48.2603       
# span 9 =     7.2936,    14.7501       
# span 10 = 0.0000e+00, 0.0000e+00      
# interval = seconds: 0.25
# start_time = May 10 2022 10:44:35 [Instrument's time stamp, header]
# bad_flag = -9.990e-29
*END*
[from data line 132]
 130.448877      3.448    14.3342  33.253551    26.8066      3.418  265.51639  265.75487    17.5521     9.5297 -9.990e-29
 130.448880      3.467    14.3337  33.253199    26.8066      3.436  265.51887  265.75732    17.6144     9.4812 -9.990e-29
 130.448883      3.492    14.3333  33.253551    26.8078      3.461  265.52020  265.75862    17.1163     9.5823 -9.990e-29
 130.448886      3.520    14.3333  33.254196    26.8071      3.488  265.51916  265.75757    17.0229     9.6349 0.0000e+00
 130.448889      3.554    14.3337  33.252964    26.8065      3.523  265.51962  265.75807    17.2253     9.6106 0.0000e+00
 130.448892      3.582    14.3338  33.253140    26.8065      3.550  265.51872  265.75717    16.9607     9.6147 0.0000e+00
 130.448895      3.611    14.3331  33.252788    26.8065      3.579  265.52246  265.76087    18.6572     9.8290 0.0000e+00
 130.448898      3.638    14.3322  33.251908    26.8066      3.606  265.52769  265.76606    18.4393     9.8249 0.0000e+00
 130.448900      3.666    14.3316  33.250559    26.8065      3.633  265.53212  265.77047    18.3459     9.8128 -9.990e-29
 130.448903      3.689    14.3304  33.250617    26.8065      3.656  265.53707  265.77535    18.5327     9.7845 -9.990e-29
 130.448906      3.713    14.3296  33.251498    26.8079      3.680  265.53910  265.77733    21.0541     9.7602 -9.990e-29
 130.448909      3.735    14.3288  33.251205    26.8081      3.702  265.54274  265.78093    21.0385     9.7198 -9.990e-29
 130.448912      3.755    14.3285  33.250618    26.8078      3.722  265.54497  265.78315    20.9918     9.7441 -9.990e-29
 130.448915      3.773    14.3278  33.249972    26.8077      3.740  265.54919  265.78733    21.1319     9.7724 -9.990e-29
 130.448918      3.788    14.3267  33.248095    26.8068      3.754  265.55699  265.79508    19.5599    10.1242 -9.990e-29
 130.448921      3.808    14.3257  33.249151    26.8096      3.774  265.55936  265.79739    19.5443    10.1444 -9.990e-29
 130.448924      3.836    14.3251  33.249973    26.8100      3.801  265.56055  265.79853    19.6533    10.1242 0.0000e+00
 130.448927      3.861    14.3249  33.250619    26.8100      3.827  265.56014  265.79811    19.4354    10.1363 0.0000e+00
 130.448929      3.896    14.3250  33.251206    26.8103      3.861  265.55888  265.79685    19.5599    10.1322 -9.990e-29
 130.448932      3.921    14.3252  33.251264    26.8100      3.886  265.55786  265.79584    19.8868    10.2899 -9.990e-29
 130.448935      3.950    14.3253  33.250619    26.8100      3.915  265.55862  265.79661    20.0891    10.2859 0.0000e+00
 130.448938      3.980    14.3252  33.251969    26.8100      3.944  265.55674  265.79472    19.9957    10.2899 -9.990e-29
 130.448941      4.002    14.3252  33.251499    26.8108      3.966  265.55752  265.79550    20.0580    10.2657 -9.990e-29
 130.448944      4.029    14.3251  33.251206    26.8106      3.993  265.55865  265.79662    20.5249    10.3668 -9.990e-29
 130.448947      4.053    14.3243  33.250032    26.8101      4.017  265.56404  265.80198    20.5716    10.3344 -9.990e-29
 130.448950      4.073    14.3235  33.250795    26.8113      4.036  265.56595  265.80384    20.4159    10.3223 -9.990e-29
 130.448953      4.091    14.3229  33.250443    26.8114      4.054  265.56906  265.80691    20.4626    10.3991 -9.990e-29
 130.448955      4.107    14.3224  33.250444    26.8117      4.071  265.57095  265.80879    20.6805    10.4315 -9.990e-29
 130.448958      4.128    14.3225  33.250561    26.8118      4.091  265.57046  265.80829    20.7272    10.3910 -9.990e-29
 130.448961      4.153    14.3225  33.251265    26.8129      4.116  265.56932  265.80715    20.7428    10.3789 -9.990e-29
 130.448964      4.184    14.3222  33.251559    26.8129      4.147  265.57012  265.80793    20.7428    10.4315 0.0000e+00
 130.448967      4.215    14.3221  33.251500    26.8129      4.177  265.57055  265.80835    21.1008     9.9503 0.0000e+00
 130.448970      4.244    14.3219  33.250855    26.8124      4.206  265.57256  265.81036    20.9607     9.9503 0.0000e+00
 130.448973      4.270    14.3211  33.250209    26.8124      4.232  265.57710  265.81485    21.0541     9.9503 0.0000e+00
 130.448976      4.299    14.3201  33.249799    26.8124      4.261  265.58188  265.81958    21.0229     9.9422 -9.990e-29
 130.448979      4.323    14.3197  33.250386    26.8138      4.284  265.58250  265.82018    21.0229     9.9503 -9.990e-29
 130.448981      4.352    14.3196  33.250621    26.8138      4.313  265.58277  265.82043    21.1786    10.3668 0.0000e+00
 130.448984      4.379    14.3194  33.251266    26.8138      4.340  265.58235  265.82001    21.2097    10.3425 -9.990e-29
 130.448987      4.397    14.3197  33.250562    26.8137      4.358  265.58257  265.82025    21.2875    10.4719 -9.990e-29
 130.448990      4.417    14.3194  33.249565    26.8129      4.378  265.58516  265.82283    21.2253    10.3749 -9.990e-29
 130.448993      4.437    14.3186  33.248802    26.8128      4.398  265.58988  265.82751    24.0268    10.4800 -9.990e-29
 130.448996      4.452    14.3183  33.248743    26.8130      4.412  265.59125  265.82886    24.0580    10.4355 -9.990e-29
 130.448999      4.476    14.3177  33.248978    26.8136      4.436  265.59339  265.83097    24.0268    10.4800 -9.990e-29
 130.449002      4.498    14.3172  33.248098    26.8135      4.457  265.59705  265.83460    24.0580    10.4962 -9.990e-29
 130.449005      4.529    14.3170  33.248333    26.8138      4.488  265.59731  265.83485    21.7856    10.1484 0.0000e+00
 130.449008      4.558    14.3169  33.248978    26.8140      4.517  265.59690  265.83443    21.7233    10.1403 0.0000e+00
 130.449010      4.587    14.3168  33.248744    26.8140      4.546  265.59762  265.83514    21.7233    10.1606 0.0000e+00
 130.449013      4.614    14.3170  33.248392    26.8139      4.573  265.59758  265.83512    21.6299    10.1201 0.0000e+00
 130.449016      4.645    14.3172  33.248979    26.8137      4.604  265.59570  265.83324    20.8206    10.3304 0.0000e+00
 130.449019      4.671    14.3173  33.250035    26.8139      4.629  265.59335  265.83090    20.5871    10.3061 -9.990e-29
 130.449022      4.696    14.3178  33.250211    26.8146      4.654  265.59119  265.82876    20.6494    10.3102 -9.990e-29
 130.449025      4.720    14.3184  33.248979    26.8130      4.678  265.59071  265.82832    20.8673    10.3183 -9.990e-29
 130.449028      4.733    14.3184  33.248979    26.8130      4.691  265.59071  265.82833    20.7895    10.3749 -9.990e-29
 130.449031      4.749    14.3180  33.248099    26.8125      4.707  265.59374  265.83134    20.4782    10.3830 -9.990e-29
 130.449034      4.767    14.3170  33.247923    26.8130      4.725  265.59813  265.83567    20.0735    10.2899 -9.990e-29
 130.449036      4.789    14.3167  33.247571    26.8129      4.747  265.60029  265.83781    20.3537    10.3668 -9.990e-29
 130.449039      4.815    14.3164  33.247277    26.8133      4.772  265.60204  265.83955    20.4471    10.3587 0.0000e+00
 130.449042      4.842    14.3166  33.248393    26.8137      4.799  265.59929  265.83680    21.0541    10.3466 0.0000e+00
 130.449045      4.873    14.3171  33.248979    26.8137      4.830  265.59614  265.83369    21.0541    10.3789 0.0000e+00
 130.449048      4.903    14.3175  33.248569    26.8132      4.859  265.59526  265.83283    20.9140    10.4032 0.0000e+00
 130.449051      4.932    14.3180  33.248980    26.8132      4.888  265.59240  265.83000    21.2253    10.3506 0.0000e+00
 130.449054      4.959    14.3183  33.248980    26.8132      4.915  265.59116  265.82877    19.2175    10.0231 0.0000e+00
 130.449057      4.988    14.3188  33.250212    26.8134      4.944  265.58727  265.82490    19.1241    10.0069 0.0000e+00
 130.449060      5.016    14.3194  33.250858    26.8138      4.971  265.58372  265.82137    19.1241    10.0069 -9.990e-29
 130.449063      5.037    14.3199  33.251210    26.8139      4.992  265.58095  265.81863    18.9062     9.9988 -9.990e-29
 130.449065      5.058    14.3205  33.250623    26.8129      5.012  265.57941  265.81713    22.8284    10.2657 -9.990e-29
 130.449068      5.078    14.3206  33.250212    26.8125      5.032  265.57978  265.81750    22.6883    10.2738 -9.990e-29
 130.449071      5.094    14.3203  33.249977    26.8125      5.048  265.58143  265.81914    22.8284    10.3061 -9.990e-29
 130.449074      5.114    14.3196  33.250212    26.8132      5.068  265.58389  265.82156    22.7194    10.2374 -9.990e-29
 130.449077      5.141    14.3190  33.249802    26.8132      5.095  265.58709  265.82473    22.9529    10.2657 0.0000e+00
 130.449080      5.169    14.3182  33.250037    26.8132      5.123  265.59018  265.82778    21.7545    10.9046 -9.990e-29
 130.449083      5.191    14.3179  33.250447    26.8146      5.144  265.59078  265.82836    21.6299    10.8116 -9.990e-29
 130.449086      5.224    14.3176  33.250565    26.8149      5.177  265.59187  265.82942    21.6455    10.8520 -9.990e-29
 130.449089      5.247    14.3171  33.250859    26.8154      5.200  265.59329  265.83082    21.6611    10.8439 -9.990e-29
 130.449091      5.278    14.3171  33.250800    26.8154      5.231  265.59340  265.83093    19.7311    10.2980 0.0000e+00
 130.449094      5.304    14.3174  33.250624    26.8154      5.256  265.59245  265.83000    19.7622    10.2576 -9.990e-29
 130.449097      5.328    14.3172  33.250976    26.8155      5.280  265.59283  265.83036    19.7000    10.3263 -9.990e-29
 130.449100      5.349    14.3172  33.250624    26.8151      5.302  265.59342  265.83095    19.9023    10.2778 -9.990e-29
 130.449103      5.369    14.3170  33.250859    26.8155      5.321  265.59399  265.83151    20.1047    10.3587 -9.990e-29
 130.449106      5.386    14.3170  33.250566    26.8152      5.338  265.59417  265.83169    19.9179    10.3991 -9.990e-29
 130.449109      5.402    14.3170  33.250448    26.8151      5.354  265.59468  265.83221    20.2292    10.3951 -9.990e-29
 130.449112      5.421    14.3167  33.250566    26.8154      5.372  265.59545  265.83295    20.0268    10.4032 -9.990e-29
 130.449115      5.446    14.3167  33.250624    26.8158      5.397  265.59568  265.83318    23.1241    10.3425 -9.990e-29
 130.449117      5.473    14.3165  33.250859    26.8158      5.425  265.59594  265.83343    22.8751    10.3061 0.0000e+00
 130.449120      5.503    14.3164  33.250801    26.8158      5.454  265.59637  265.83386    23.1708    10.3668 0.0000e+00
 130.449123      5.534    14.3164  33.250625    26.8158      5.484  265.59667  265.83417    23.0307    10.3385 0.0000e+00
 130.449126      5.566    14.3164  33.251212    26.8156      5.517  265.59573  265.83322    23.0619    10.3466 0.0000e+00
 130.449129      5.596    14.3167  33.250625    26.8160      5.546  265.59577  265.83327    21.1630    10.1201 0.0000e+00
 130.449132      5.621    14.3167  33.251388    26.8159      5.571  265.59422  265.83172    21.2564    10.1606 0.0000e+00
 130.449135      5.647    14.3171  33.251505    26.8160      5.596  265.59247  265.82999    21.3498    10.0918 0.0000e+00
 130.449138      5.676    14.3169  33.251682    26.8159      5.625  265.59314  265.83065    21.3498    10.1363 -9.990e-29
 130.449141      5.701    14.3166  33.251212    26.8160      5.650  265.59518  265.83268    24.3226    10.5690 -9.990e-29
 130.449144      5.720    14.3161  33.250449    26.8156      5.669  265.59833  265.83581    24.2759    10.5002 -9.990e-29
 130.449146      5.740    14.3154  33.250391    26.8161      5.688  265.60158  265.83902    24.4782    10.5528 -9.990e-29
 130.449149      5.758    14.3143  33.250626    26.8170      5.706  265.60562  265.84299    24.2914    10.5164 -9.990e-29
 130.449152      5.778    14.3134  33.250861    26.8178      5.726  265.60902  265.84634    22.0657    11.0057 -9.990e-29
 130.449155      5.798    14.3124  33.251389    26.8190      5.746  265.61225  265.84951    22.3459    11.0825 -9.990e-29
 130.449158      5.825    14.3120  33.251917    26.8197      5.773  265.61329  265.85052    22.2992    11.0259 -9.990e-29
 130.449161      5.849    14.3118  33.252211    26.8201      5.797  265.61377  265.85098    22.3459    11.0946 -9.990e-29
 130.449164      5.878    14.3117  33.253561    26.8214      5.826  265.61189  265.84909    24.4471    10.9410 -9.990e-29
 130.449167      5.902    14.3120  33.253150    26.8208      5.849  265.61132  265.84854    24.5716    10.9046 -9.990e-29
 130.449170      5.929    14.3122  33.254382    26.8217      5.876  265.60837  265.84560    24.5249    10.9410 -9.990e-29
 130.449172      5.950    14.3127  33.254852    26.8219      5.896  265.60541  265.84267    24.4626    10.9248 -9.990e-29
 130.449175      5.979    14.3127  33.254969    26.8219      5.925  265.60524  265.84249    24.4782    10.8884 0.0000e+00
 130.449178      6.006    14.3131  33.254852    26.8219      5.953  265.60387  265.84115    22.9062    10.8965 -9.990e-29
 130.449181      6.024    14.3134  33.255380    26.8218      5.971  265.60176  265.83905    22.7661    10.8722 -9.990e-29
 130.449184      6.041    14.3138  33.255028    26.8212      5.987  265.60078  265.83809    22.8440    10.8925 -9.990e-29
 130.449187      6.057    14.3139  33.253972    26.8201      6.003  265.60189  265.83921    22.7973    10.8722 -9.990e-29
 130.449190      6.081    14.3136  33.253972    26.8204      6.027  265.60347  265.84078    23.3887    11.0259 -9.990e-29
 130.449193      6.103    14.3130  33.252740    26.8204      6.049  265.60771  265.84499    23.2642    10.9935 -9.990e-29
 130.449196      6.130    14.3123  33.252975    26.8209      6.075  265.61048  265.84772    23.0774    10.9855 0.0000e+00
 130.449198      6.158    14.3120  33.253796    26.8213      6.103  265.61041  265.84763    23.0463    10.9288 0.0000e+00
 130.449201      6.191    14.3122  33.254618    26.8219      6.135  265.60814  265.84537    25.0229    11.1715 0.0000e+00
 130.449204      6.218    14.3121  33.255381    26.8226      6.162  265.60754  265.84475    25.0541    11.0906 0.0000e+00
 130.449207      6.247    14.3120  33.255264    26.8226      6.191  265.60806  265.84527    24.9607    11.1391 0.0000e+00
 130.449210      6.278    14.3119  33.256614    26.8237      6.222  265.60618  265.84338    25.0229    11.1512 0.0000e+00
 130.449213      6.305    14.3123  33.256731    26.8237      6.249  265.60444  265.84165    25.9412    11.4343 0.0000e+00
 130.449216      6.333    14.3124  33.256790    26.8237      6.276  265.60404  265.84126    25.9568    11.4747 -9.990e-29
 130.449219      6.351    14.3123  33.256497    26.8234      6.294  265.60485  265.84206    25.9257    11.4788 -9.990e-29
 130.449222      6.369    14.3118  33.257553    26.8247      6.312  265.60501  265.84220    26.2058    11.4222 -9.990e-29
 130.449225      6.386    14.3113  33.258375    26.8258      6.328  265.60588  265.84302    25.8945    11.4222 -9.990e-29
 130.449227      6.402    14.3108  33.258845    26.8266      6.345  265.60732  265.84443    27.7000    11.6446 -9.990e-29
 130.449230      6.424    14.3107  33.259197    26.8269      6.366  265.60707  265.84418    27.7311    11.6931 -9.990e-29
 130.449233      6.449    14.3107  33.259666    26.8273      6.391  265.60632  265.84342    27.6222    11.7335 -9.990e-29
 130.449236      6.473    14.3108  33.259432    26.8280      6.415  265.60640  265.84351    27.7311    11.6850 -9.990e-29
 130.449239      6.502    14.3106  33.260371    26.8280      6.444  265.60551  265.84260    26.7194    11.4060 0.0000e+00
 130.449242      6.533    14.3106  33.260488    26.8281      6.475  265.60565  265.84274    26.7973    11.4505 0.0000e+00
 130.449245      6.559    14.3106  33.260782    26.8283      6.500  265.60487  265.84196    26.7973    11.4100 0.0000e+00
 130.449248      6.588    14.3105  33.261134    26.8287      6.529  265.60494  265.84202    26.6261    11.3979 0.0000e+00
 130.449251      6.617    14.3103  33.261604    26.8290      6.558  265.60482  265.84188    25.3031    11.1432 0.0000e+00
