Processed/SBE19plus_01907321_2022_05_09_Cast94_wfilter.cnv
* Sea-Bird SBE19plus  Data File:
* FileName = E:\Prandtl Daten\2022\CTD\Raw\SBE19plus_01907321_2022_05_09_Cast94.hex
* Software version 2.6.1.12
* Temperature SN = 7321
* Conductivity SN = 7321
* System UpLoad Time = May 09 2022 07:59:34
* <ApplicationData>
* <Seaterm232>
** Messpraktikum 2022
** CTD 09.05 KFN
** NMEA Latitude = 54 06.179 N
** NMEA Longitude = 008 35.830 E
# nquan = 11
# nvalues = 541                         
# units = specified
# name 0 = timeJ: Julian Days
# name 1 = prdM: Pressure, Strain Gauge [db]
# name 2 = tv290C: Temperature [ITS-90, deg C]
# name 3 = c0mS/cm: Conductivity [mS/cm]
# name 4 = sal00: Salinity, Practical [PSU]
# name 5 = depSM: Depth [salt water, m], lat = 54.00
# name 6 = oxsatMm/Kg: Oxygen Saturation, Weiss [umol/kg]
# name 7 = oxsolMm/Kg: Oxygen Saturation, Garcia & Gordon [umol/kg]
# name 8 = turbWETntu0: Turbidity, WET Labs ECO [NTU]
# name 9 = flECO-AFL: Fluorescence, WET Labs ECO-AFL/FL [mg/m^3]
# name 10 = flag:  0.000e+00
# span 0 = 129.328038, 129.329601       
# span 1 =      0.643,     13.756       
# span 2 =    12.1816,    12.3427       
# span 3 =  31.348425,  31.888760       
# span 4 =    26.5412,    26.9598       
# span 5 =      0.637,     13.633       
# span 6 =  276.49874,  278.16867       
# span 7 =  276.62580,  278.29060       
# span 8 =     0.7584,    36.0735       
# span 9 =     2.6353,     7.9123       
# span 10 = 0.0000e+00, 0.0000e+00      
# interval = seconds: 0.25
# start_time = May 09 2022 07:51:13 [Instrument's time stamp, header]
# bad_flag = -9.990e-29
*END*
 129.328038      0.643    12.2431  31.360971    26.5418      0.637  277.89777  278.02350     2.0191     2.6353 0.0000e+00
 129.328041      0.669    12.2431  31.360398    26.5418      0.663  277.89883  278.02457     2.0346     2.6596 -9.990e-29
 129.328044      0.689    12.2428  31.360570    26.5417      0.683  277.90013  278.02584     2.6883     3.0842 -9.990e-29
 129.328047      0.694    12.2424  31.360398    26.5417      0.688  277.90204  278.02774     2.8284     3.0680 -9.990e-29
 129.328050      0.689    12.2421  31.360570    26.5421      0.683  277.90300  278.02868     2.7350     3.0599 -9.990e-29
 129.328053      0.683    12.2421  31.360398    26.5420      0.677  277.90331  278.02899     2.8128     3.0680 -9.990e-29
 129.328056      0.713    12.2421  31.360398    26.5420      0.706  277.90365  278.02932     2.2525     3.3996 0.0000e+00
 129.328058      0.760    12.2421  31.360398    26.5420      0.753  277.90368  278.02935     2.3148     3.3915 0.0000e+00
 129.328061      0.793    12.2421  31.360169    26.5420      0.786  277.90380  278.02948     2.2992     3.4158 -9.990e-29
 129.328064      0.804    12.2419  31.360169    26.5418      0.797  277.90477  278.03043     2.3615     3.4683 -9.990e-29
 129.328067      0.809    12.2418  31.360398    26.5418      0.802  277.90499  278.03065     2.4237     3.4238 -9.990e-29
 129.328070      0.835    12.2418  31.359997    26.5415      0.827  277.90574  278.03140     1.5521     3.3632 0.0000e+00
 129.328073      0.869    12.2418  31.359423    26.5412      0.861  277.90681  278.03247     1.5521     3.3551 0.0000e+00
 129.328076      0.915    12.2411  31.358621    26.5412      0.907  277.91150  278.03712     1.4587     3.3551 0.0000e+00
 129.328079      0.968    12.2400  31.358621    26.5414      0.959  277.91632  278.04188     1.5054     3.3591 0.0000e+00
 129.328082      1.019    12.2390  31.358793    26.5417      1.010  277.92052  278.04601     1.7856     3.4117 -9.990e-29
 129.328084      1.032    12.2386  31.358621    26.5427      1.022  277.92276  278.04822     1.7545     3.3915 -9.990e-29
 129.328087      1.030    12.2385  31.359596    26.5437      1.021  277.92162  278.04706     1.7700     3.3955 -9.990e-29
 129.328090      1.043    12.2389  31.359596    26.5434      1.033  277.91971  278.04518     1.7389     3.3996 -9.990e-29
 129.328093      1.059    12.2393  31.358793    26.5424      1.050  277.91959  278.04509     1.6144     3.4158 -9.990e-29
 129.328096      1.085    12.2390  31.358679    26.5424      1.075  277.92109  278.04657     1.6144     3.4036 0.0000e+00
 129.328099      1.112    12.2387  31.358621    26.5424      1.102  277.92249  278.04796     1.5833     3.4077 -9.990e-29
 129.328102      1.136    12.2386  31.358794    26.5428      1.126  277.92251  278.04797     1.5210     3.4158 -9.990e-29
 129.328105      1.150    12.2383  31.359023    26.5432      1.140  277.92338  278.04882     1.9879     3.4643 -9.990e-29
 129.328108      1.167    12.2383  31.358622    26.5432      1.156  277.92444  278.04988     2.0813     3.4602 -9.990e-29
 129.328111      1.209    12.2383  31.359023    26.5429      1.198  277.92374  278.04918     2.1903     3.4683 0.0000e+00
 129.328113      1.250    12.2384  31.358450    26.5429      1.239  277.92417  278.04962     1.8945     3.4360 0.0000e+00
 129.328116      1.289    12.2381  31.358794    26.5426      1.277  277.92517  278.05059     2.0813     3.4885 -9.990e-29
 129.328119      1.309    12.2377  31.358221    26.5428      1.297  277.92783  278.05323     1.8323     3.7797 -9.990e-29
 129.328122      1.322    12.2376  31.359196    26.5438      1.310  277.92638  278.05177     1.8945     3.8080 -9.990e-29
 129.328125      1.322    12.2378  31.359024    26.5435      1.310  277.92605  278.05145     1.9257     3.8161 -9.990e-29
 129.328128      1.320    12.2381  31.359425    26.5437      1.308  277.92404  278.04946     1.7389     3.7918 -9.990e-29
 129.328131      1.334    12.2385  31.359712    26.5431      1.322  277.92161  278.04705     2.8128     3.3996 -9.990e-29
 129.328134      1.364    12.2389  31.359425    26.5431      1.351  277.92024  278.04571     2.7817     3.4279 0.0000e+00
 129.328137      1.405    12.2391  31.359597    26.5431      1.393  277.91899  278.04448     2.8284     3.3875 0.0000e+00
 129.328139      1.446    12.2390  31.359425    26.5431      1.433  277.91997  278.04545     2.7817     3.3794 0.0000e+00
 129.328142      1.488    12.2392  31.360171    26.5430      1.474  277.91768  278.04317     2.1124     3.3268 0.0000e+00
 129.328145      1.522    12.2394  31.359770    26.5436      1.509  277.91748  278.04298     1.9724     3.3511 0.0000e+00
 129.328148      1.559    12.2395  31.360745    26.5435      1.545  277.91541  278.04090     2.0191     3.3551 0.0000e+00
 129.328151      1.590    12.2396  31.360974    26.5439      1.576  277.91437  278.03987     2.0969     3.3470 -9.990e-29
 129.328154      1.603    12.2399  31.360401    26.5432      1.588  277.91414  278.03967     2.0813     3.2661 -9.990e-29
 129.328157      1.614    12.2395  31.360171    26.5433      1.599  277.91617  278.04167     2.0191     3.2783 -9.990e-29
 129.328160      1.625    12.2389  31.360172    26.5437      1.610  277.91905  278.04452     2.1280     3.2823 -9.990e-29
 129.328163      1.628    12.2389  31.359770    26.5433      1.614  277.91978  278.04525     2.0813     3.2823 -9.990e-29
 129.328166      1.646    12.2390  31.360344    26.5437      1.632  277.91811  278.04359     1.9568     3.3025 -9.990e-29
 129.328168      1.674    12.2388  31.360172    26.5437      1.659  277.91940  278.04486     1.6922     3.6503 0.0000e+00
 129.328171      1.703    12.2383  31.360000    26.5437      1.688  277.92229  278.04772     1.8634     3.6746 -9.990e-29
 129.328174      1.721    12.2376  31.359197    26.5437      1.706  277.92696  278.05235     1.8634     3.6220 -9.990e-29
 129.328177      1.743    12.2374  31.359426    26.5440      1.728  277.92720  278.05257     1.8012     3.6422 -9.990e-29
 129.328180      1.765    12.2376  31.360574    26.5450      1.749  277.92448  278.04986     1.8634     4.1436 -9.990e-29
 129.328183      1.778    12.2376  31.360172    26.5445      1.762  277.92490  278.05028     1.9568     4.1557 -9.990e-29
 129.328186      1.800    12.2372  31.358796    26.5430      1.784  277.92934  278.05471     1.8478     4.1194 -9.990e-29
 129.328189      1.840    12.2359  31.357247    26.5432      1.824  277.93826  278.06356     1.7233     4.1315 0.0000e+00
 129.328192      1.882    12.2335  31.355871    26.5434      1.865  277.95166  278.07681     1.8634     3.6260 0.0000e+00
 129.328194      1.931    12.2317  31.355871    26.5446      1.914  277.95968  278.08472     1.8323     3.5977 0.0000e+00
 129.328197      1.975    12.2298  31.356273    26.5455      1.957  277.96761  278.09251     1.7856     3.5492 0.0000e+00
 129.328200      2.011    12.2286  31.356216    26.5464      1.993  277.97349  278.09831     1.8790     3.6058 -9.990e-29
 129.328203      2.028    12.2286  31.355872    26.5469      2.010  277.97413  278.09895     2.6261     3.7959 -9.990e-29
 129.328206      2.041    12.2282  31.356102    26.5474      2.022  277.97564  278.10043     2.4704     3.7878 -9.990e-29
 129.328209      2.041    12.2277  31.355299    26.5470      2.022  277.97934  278.10410     2.5171     3.7878 -9.990e-29
 129.328212      2.048    12.2267  31.354324    26.5467      2.030  277.98527  278.10999     2.6883     3.7756 -9.990e-29
 129.328215      2.066    12.2257  31.355069    26.5481      2.047  277.98872  278.11336     2.5171     3.7878 -9.990e-29
 129.328218      2.091    12.2252  31.354725    26.5481      2.073  277.99160  278.11621     3.0152     4.2649 0.0000e+00
 129.328220      2.119    12.2248  31.353751    26.5481      2.100  277.99532  278.11990     3.0774     4.2164 -9.990e-29
 129.328223      2.139    12.2242  31.354095    26.5482      2.120  277.99726  278.12180     3.0930     4.2326 -9.990e-29
 129.328226      2.150    12.2236  31.353120    26.5478      2.131  278.00192  278.12643     3.2019     4.2326 -9.990e-29
 129.328229      2.165    12.2233  31.354324    26.5491      2.145  278.00101  278.12549     2.0657     3.9172 -9.990e-29
 129.328232      2.179    12.2234  31.354783    26.5495      2.160  277.99987  278.12435     1.9879     3.9576 -9.990e-29
 129.328235      2.194    12.2236  31.354898    26.5494      2.174  277.99871  278.12320     2.0191     3.9536 -9.990e-29
 129.328238      2.212    12.2238  31.354898    26.5491      2.192  277.99776  278.12227     2.0657     3.9293 -9.990e-29
 129.328241      2.241    12.2239  31.354898    26.5491      2.221  277.99714  278.12166     1.8167     3.4805 0.0000e+00
 129.328244      2.272    12.2240  31.355070    26.5491      2.252  277.99653  278.12105     1.7700     3.4885 0.0000e+00
 129.328247      2.312    12.2242  31.355070    26.5492      2.292  277.99592  278.12045     1.8634     3.4522 0.0000e+00
 129.328249      2.347    12.2241  31.355300    26.5494      2.326  277.99584  278.12036     1.6922     3.4279 0.0000e+00
 129.328252      2.380    12.2240  31.355874    26.5497      2.359  277.99514  278.11965     1.7700     3.6058 0.0000e+00
 129.328255      2.407    12.2243  31.356677    26.5500      2.386  277.99241  278.11694     1.8012     3.5896 -9.990e-29
 129.328258      2.431    12.2250  31.357250    26.5501      2.409  277.98819  278.11275     1.8478     3.6099 -9.990e-29
 129.328261      2.457    12.2256  31.357250    26.5500      2.435  277.98533  278.10994     1.9412     3.6058 0.0000e+00
 129.328264      2.486    12.2260  31.357422    26.5499      2.464  277.98312  278.10775     1.7856     3.5613 0.0000e+00
 129.328267      2.519    12.2265  31.356849    26.5492      2.496  277.98226  278.10693     2.3615     3.4683 0.0000e+00
 129.328270      2.552    12.2263  31.356849    26.5491      2.529  277.98293  278.10759     2.2525     3.4400 0.0000e+00
 129.328273      2.585    12.2265  31.356677    26.5492      2.561  277.98262  278.10729     2.3615     3.4643 -9.990e-29
 129.328275      2.604    12.2265  31.356677    26.5488      2.581  277.98232  278.10699     2.2836     3.4683 -9.990e-29
 129.328278      2.628    12.2269  31.357078    26.5490      2.605  277.98000  278.10470     1.8167     3.5815 -9.990e-29
 129.328281      2.639    12.2271  31.357423    26.5491      2.616  277.97842  278.10313     1.8167     3.5452 -9.990e-29
 129.328284      2.650    12.2272  31.357251    26.5489      2.626  277.97842  278.10314     1.8634     3.5654 -9.990e-29
 129.328287      2.659    12.2273  31.357079    26.5487      2.636  277.97810  278.10283     1.8945     3.5128 -9.990e-29
 129.328290      2.674    12.2271  31.357251    26.5490      2.650  277.97876  278.10347     1.8323     4.0183 -9.990e-29
 129.328293      2.690    12.2269  31.356849    26.5487      2.666  277.98046  278.10516     1.8945     3.9657 -9.990e-29
 129.328296      2.705    12.2265  31.357079    26.5493      2.681  277.98165  278.10632     1.8634     3.9657 -9.990e-29
 129.328299      2.732    12.2263  31.357079    26.5494      2.708  277.98263  278.10728     1.7700     3.9778 0.0000e+00
 129.328302      2.760    12.2263  31.357251    26.5493      2.735  277.98265  278.10730     1.7856     4.1921 0.0000e+00
 129.328304      2.789    12.2260  31.356678    26.5491      2.764  277.98467  278.10932     1.6611     4.2043 0.0000e+00
 129.328307      2.820    12.2256  31.355473    26.5487      2.795  277.98881  278.11343     1.8167     4.1679 0.0000e+00
 129.328310      2.853    12.2245  31.353753    26.5483      2.827  277.99708  278.12165     1.8167     4.1598 -9.990e-29
 129.328313      2.877    12.2227  31.354900    26.5498      2.851  278.00299  278.12743     1.8167     4.1679 -9.990e-29
 129.328316      2.900    12.2211  31.354097    26.5502      2.874  278.01214  278.13648     1.7389     3.9172 -9.990e-29
 129.328319      2.924    12.2201  31.353753    26.5506      2.898  278.01726  278.14153     1.4120     3.9333 -9.990e-29
 129.328322      2.944    12.2190  31.353123    26.5513      2.918  278.02353  278.14774     1.7078     3.9536 -9.990e-29
 129.328325      2.971    12.2174  31.352549    26.5512      2.945  278.03163  278.15574     1.5833     3.9172 0.0000e+00
 129.328328      3.002    12.2159  31.351173    26.5513      2.975  278.04119  278.16521     2.0813     3.8848 0.0000e+00
 129.328330      3.035    12.2140  31.351976    26.5532      3.008  278.04838  278.17226     1.9879     3.8889 0.0000e+00
 129.328333      3.077    12.2132  31.351919    26.5534      3.050  278.05202  278.17585     2.0502     3.8767 0.0000e+00
 129.328336      3.112    12.2133  31.353124    26.5537      3.084  278.04953  278.17335     2.0502     3.8403 -9.990e-29
 129.328339      3.135    12.2138  31.352550    26.5538      3.107  278.04803  278.17190     1.7233     4.2204 -9.990e-29
 129.328342      3.157    12.2142  31.353525    26.5544      3.129  278.04435  278.16824     1.9568     4.2285 -9.990e-29
 129.328345      3.179    12.2147  31.354099    26.5546      3.151  278.04109  278.16500     1.7856     4.2285 -9.990e-29
 129.328348      3.192    12.2156  31.354328    26.5542      3.163  278.03684  278.16081     1.8167     4.2245 -9.990e-29
 129.328351      3.199    12.2160  31.354500    26.5541      3.170  278.03462  278.15861     2.7194     4.0789 -9.990e-29
 129.328354      3.214    12.2164  31.354902    26.5541      3.185  278.03198  278.15599     2.7194     4.0304 -9.990e-29
 129.328356      3.223    12.2171  31.354328    26.5531      3.194  278.02983  278.15390     2.8595     4.0789 -9.990e-29
 129.328359      3.237    12.2172  31.354500    26.5532      3.208  278.02921  278.15328     2.8906     3.9980 -9.990e-29
 129.328362      3.250    12.2175  31.354099    26.5526      3.221  278.02867  278.15277     2.8284     4.0385 -9.990e-29
 129.328365      3.270    12.2178  31.354902    26.5519      3.241  278.02594  278.15005     2.5482     4.4428 -9.990e-29
 129.328368      3.300    12.2180  31.353755    26.5519      3.270  278.02709  278.15123     2.6261     4.4509 0.0000e+00
 129.328371      3.332    12.2175  31.353353    26.5519      3.302  278.02976  278.15387     2.5949     4.3862 0.0000e+00
 129.328374      3.367    12.2168  31.352149    26.5519      3.337  278.03550  278.15957     2.7194     4.4631 0.0000e+00
 129.328377      3.402    12.2154  31.351977    26.5520      3.371  278.04191  278.16589     2.0191     4.3054 0.0000e+00
 129.328380      3.436    12.2142  31.351576    26.5525      3.406  278.04809  278.17200     1.9724     4.3054 0.0000e+00
 129.328383      3.469    12.2133  31.351404    26.5528      3.438  278.05290  278.17675     2.0502     4.3134 0.0000e+00
 129.328385      3.504    12.2130  31.352150    26.5530      3.473  278.05284  278.17666     1.9724     4.3175 -9.990e-29
 129.328388      3.526    12.2130  31.352150    26.5539      3.494  278.05286  278.17667     2.2214     4.0183 -9.990e-29
 129.328391      3.547    12.2128  31.351003    26.5529      3.516  278.05560  278.17942     2.3615     4.0830 -9.990e-29
 129.328394      3.568    12.2126  31.351175    26.5532      3.536  278.05626  278.18006     2.4548     4.0587 -9.990e-29
 129.328397      3.580    12.2122  31.350774    26.5531      3.548  278.05892  278.18270     2.3148     4.0304 -9.990e-29
 129.328400      3.597    12.2119  31.349799    26.5525      3.565  278.06231  278.18607     2.0969     4.0991 -9.990e-29
 129.328403      3.617    12.2118  31.349856    26.5526      3.584  278.06253  278.18629     2.0191     4.1032 -9.990e-29
 129.328406      3.648    12.2114  31.349627    26.5530      3.615  278.06489  278.18863     2.1280     4.0870 0.0000e+00
 129.328409      3.677    12.2109  31.350029    26.5530      3.644  278.06610  278.18980     2.0502     4.1032 0.0000e+00
 129.328411      3.704    12.2106  31.350602    26.5533      3.671  278.06667  278.19034     2.1124     4.1194 -9.990e-29
 129.328414      3.728    12.2097  31.350029    26.5542      3.695  278.07188  278.19550     1.7856     4.3498 -9.990e-29
