Processed/SBE19plus_01907321_2022_05_04_Cast07_wfilter.cnv
* Sea-Bird SBE19plus  Data File:
* FileName = E:\Prandtl Daten\2022\CTD\Raw\SBE19plus_01907321_2022_05_04_Cast0708_0007.hex
* Software version 2.6.1.12
* Temperature SN = 7321
* Conductivity SN = 7321
* System UpLoad Time = May 04 2022 06:21:38
* <ApplicationData>
* <Seaterm232>
** Messpraktikum 2022
** CTD 04.05 BW1+2
# nquan = 11
# nvalues = 561                         
# units = specified
# name 0 = timeJ: Julian Days
# name 1 = prdM: Pressure, Strain Gauge [db]
# name 2 = tv290C: Temperature [ITS-90, deg C]
# name 3 = c0mS/cm: Conductivity [mS/cm]
# name 4 = sal00: Salinity, Practical [PSU]
# name 5 = depSM: Depth [salt water, m], lat = 54.00
# name 6 = oxsatMm/Kg: Oxygen Saturation, Weiss [umol/kg]
# name 7 = oxsolMm/Kg: Oxygen Saturation, Garcia & Gordon [umol/kg]
# name 8 = turbWETntu0: Turbidity, WET Labs ECO [NTU]
# name 9 = flECO-AFL: Fluorescence, WET Labs ECO-AFL/FL [mg/m^3]
# name 10 = flag:  0.000e+00
# span 0 = 124.250527, 124.252147       
# span 1 =      0.518,     14.622       
# span 2 =    12.5145,    12.5672       
# span 3 =  32.018593,  32.048760       
# span 4 =    26.9270,    26.9754       
# span 5 =      0.513,     14.491       
# span 6 =  275.24482,  275.47247       
# span 7 =  275.38545,  275.60970       
# span 8 =    29.4432,   162.0502       
# span 9 =     9.2265,    18.4541       
# span 10 = 0.0000e+00, 0.0000e+00      
# interval = seconds: 0.25
# start_time = May 04 2022 05:59:20 [Instrument's time stamp, header]
# bad_flag = -9.990e-29
*END*
[from data line 394]
 124.251667     10.488    12.5265  32.044123    26.9740     10.394  275.39461  275.53238    93.3809    15.2596 -9.990e-29
 124.251670     10.508    12.5267  32.043313    26.9731     10.414  275.39513  275.53291    93.3809    15.2151 -9.990e-29
 124.251672     10.517    12.5265  32.043313    26.9733     10.422  275.39608  275.53386    93.4743    15.2475 -9.990e-29
 124.251675     10.526    12.5263  32.043718    26.9738     10.431  275.39599  275.53375    93.3809    15.2313 -9.990e-29
 124.251678     10.533    12.5265  32.043487    26.9734     10.439  275.39578  275.53355    95.4354    16.3311 -9.990e-29
 124.251681     10.551    12.5266  32.044123    26.9753     10.457  275.39402  275.53180    95.3264    16.3069 -9.990e-29
 124.251684     10.577    12.5265  32.045511    26.9749     10.482  275.39187  275.52962    95.3576    16.3554 0.0000e+00
 124.251687     10.613    12.5271  32.045107    26.9745     10.518  275.39009  275.52788    95.3887    16.3392 0.0000e+00
 124.251690     10.648    12.5275  32.044528    26.9737     10.553  275.38956  275.52739    96.8050    15.4213 0.0000e+00
 124.251693     10.692    12.5274  32.044297    26.9737     10.596  275.39032  275.52815    96.8673    15.4415 0.0000e+00
 124.251696     10.723    12.5270  32.044529    26.9740     10.627  275.39183  275.52962    96.8362    15.4496 0.0000e+00
 124.251698     10.760    12.5270  32.044644    26.9740     10.663  275.39164  275.52944    96.7272    15.4294 0.0000e+00
 124.251701     10.787    12.5269  32.044934    26.9741     10.690  275.39146  275.52925    92.7428    15.4335 -9.990e-29
 124.251704     10.805    12.5271  32.044934    26.9742     10.708  275.39052  275.52832    92.4471    15.2677 -9.990e-29
 124.251707     10.819    12.5273  32.045107    26.9742     10.722  275.38927  275.52709    92.4471    15.2475 -9.990e-29
 124.251710     10.837    12.5278  32.045107    26.9739     10.740  275.38707  275.52492    92.4471    15.2515 -9.990e-29
 124.251713     10.857    12.5280  32.044702    26.9734     10.760  275.38718  275.52504    92.4004    15.2394 -9.990e-29
 124.251716     10.874    12.5279  32.044702    26.9734     10.777  275.38750  275.52536   100.1513    16.4201 -9.990e-29
 124.251719     10.889    12.5278  32.045107    26.9733     10.791  275.38710  275.52495   100.1202    16.3635 -9.990e-29
 124.251722     10.918    12.5275  32.044298    26.9739     10.820  275.38984  275.52768   100.1669    16.3878 0.0000e+00
 124.251725     10.949    12.5267  32.045108    26.9746     10.851  275.39189  275.52966   100.2447    16.4039 0.0000e+00
 124.251727     10.978    12.5268  32.045339    26.9746     10.880  275.39117  275.52895   118.9218    17.2652 0.0000e+00
 124.251730     11.012    12.5270  32.044819    26.9742     10.913  275.39150  275.52929   118.7817    17.2854 0.0000e+00
 124.251733     11.042    12.5269  32.044703    26.9742     10.943  275.39204  275.52983   118.7973    17.2571 0.0000e+00
 124.251736     11.071    12.5270  32.045339    26.9741     10.972  275.39060  275.52839   118.9062    17.2774 0.0000e+00
 124.251739     11.100    12.5272  32.044935    26.9743     11.001  275.39008  275.52789   120.2759    17.4836 0.0000e+00
 124.251742     11.126    12.5276  32.046323    26.9740     11.026  275.38603  275.52385   120.4471    17.4512 -9.990e-29
 124.251745     11.148    12.5279  32.045918    26.9745     11.048  275.38551  275.52335   120.3848    17.4715 -9.990e-29
 124.251748     11.168    12.5281  32.045513    26.9739     11.068  275.38530  275.52316   120.3537    17.4755 -9.990e-29
 124.251751     11.186    12.5283  32.045918    26.9742     11.086  275.38363  275.52151   120.3070    17.4310 -9.990e-29
 124.251753     11.205    12.5283  32.045513    26.9738     11.104  275.38437  275.52225   118.6727    17.1075 -9.990e-29
 124.251756     11.225    12.5284  32.046150    26.9743     11.124  275.38293  275.52080   118.6416    17.1399 -9.990e-29
 124.251759     11.243    12.5285  32.046554    26.9746     11.142  275.38158  275.51946   118.6572    17.1197 -9.990e-29
 124.251762     11.265    12.5286  32.047307    26.9752     11.164  275.37993  275.51781   118.6105    17.1399 -9.990e-29
 124.251765     11.296    12.5292  32.047538    26.9750     11.195  275.37669  275.51461   125.7389    16.9579 -9.990e-29
 124.251768     11.318    12.5297  32.046555    26.9745     11.217  275.37626  275.51422   125.5677    16.9781 -9.990e-29
 124.251771     11.343    12.5298  32.047538    26.9746     11.242  275.37420  275.51215   125.8323    16.9377 0.0000e+00
 124.251774     11.370    12.5299  32.047712    26.9746     11.269  275.37359  275.51155   125.6299    16.9296 0.0000e+00
 124.251777     11.399    12.5297  32.047943    26.9746     11.297  275.37414  275.51208   127.6533    17.3057 0.0000e+00
 124.251780     11.432    12.5297  32.046728    26.9740     11.330  275.37602  275.51398   127.7467    17.3138 0.0000e+00
 124.251782     11.466    12.5297  32.046902    26.9738     11.363  275.37573  275.51369   127.6533    17.3380 0.0000e+00
 124.251785     11.497    12.5294  32.046324    26.9740     11.394  275.37837  275.51631   127.6533    17.3340 0.0000e+00
 124.251788     11.522    12.5290  32.046555    26.9739     11.419  275.37955  275.51747   128.3848    17.2652 0.0000e+00
 124.251791     11.550    12.5289  32.046729    26.9741     11.446  275.37958  275.51748   128.4782    17.2410 -9.990e-29
 124.251794     11.572    12.5289  32.047307    26.9749     11.469  275.37887  275.51677   128.3692    17.2652 -9.990e-29
 124.251797     11.588    12.5292  32.048117    26.9754     11.484  275.37585  275.51376   128.5249    17.2935 -9.990e-29
 124.251800     11.608    12.5296  32.047712    26.9748     11.504  275.37501  275.51295   128.3848    17.2531 -9.990e-29
 124.251803     11.632    12.5297  32.047308    26.9743     11.528  275.37543  275.51338   134.3303    16.9579 -9.990e-29
 124.251806     11.652    12.5297  32.046324    26.9734     11.548  275.37721  275.51517   134.2525    16.9983 -9.990e-29
 124.251808     11.678    12.5295  32.047539    26.9746     11.573  275.37568  275.51362   134.4237    16.9903 -9.990e-29
 124.251811     11.700    12.5295  32.046903    26.9740     11.595  275.37683  275.51478   134.2525    16.9579 -9.990e-29
 124.251814     11.720    12.5297  32.047713    26.9747     11.615  275.37445  275.51240   133.1941    17.1277 -9.990e-29
 124.251817     11.746    12.5299  32.047944    26.9747     11.640  275.37310  275.51106   133.0229    17.1601 0.0000e+00
 124.251820     11.773    12.5302  32.047134    26.9747     11.667  275.37362  275.51161   133.1163    17.1358 -9.990e-29
 124.251823     11.797    12.5299  32.047713    26.9745     11.691  275.37387  275.51183   133.1319    17.1480 -9.990e-29
 124.251826     11.822    12.5296  32.046903    26.9739     11.716  275.37660  275.51455   123.0307    16.9215 -9.990e-29
 124.251829     11.844    12.5292  32.047135    26.9744     11.737  275.37778  275.51570   123.0463    16.9215 -9.990e-29
 124.251832     11.867    12.5292  32.047135    26.9745     11.761  275.37779  275.51572   122.9529    16.8973 -9.990e-29
 124.251834     11.895    12.5293  32.047308    26.9744     11.788  275.37718  275.51511   123.0619    16.8973 0.0000e+00
 124.251837     11.928    12.5297  32.047540    26.9745     11.821  275.37521  275.51316   129.4743    17.5806 0.0000e+00
 124.251840     11.956    12.5298  32.047945    26.9744     11.849  275.37387  275.51182   129.4120    17.6170 0.0000e+00
 124.251843     11.990    12.5299  32.047540    26.9742     11.882  275.37399  275.51195   129.4743    17.5847 0.0000e+00
 124.251846     12.019    12.5299  32.047540    26.9742     11.911  275.37401  275.51197   129.4432    17.5685 0.0000e+00
 124.251849     12.048    12.5301  32.047714    26.9742     11.940  275.37308  275.51106   129.3809    17.6292 -9.990e-29
 124.251852     12.068    12.5299  32.047714    26.9744     11.960  275.37404  275.51200   126.2214    16.8447 -9.990e-29
 124.251855     12.088    12.5300  32.047135    26.9738     11.980  275.37446  275.51244   126.2681    16.8366 -9.990e-29
 124.251858     12.105    12.5302  32.048119    26.9746     11.996  275.37208  275.51005   126.1747    16.8528 -9.990e-29
 124.251861     12.125    12.5302  32.047945    26.9743     12.016  275.37208  275.51007   126.1747    16.8366 -9.990e-29
 124.251863     12.149    12.5304  32.047714    26.9740     12.040  275.37157  275.50957   126.1747    17.0711 -9.990e-29
 124.251866     12.170    12.5305  32.047714    26.9724     12.061  275.37126  275.50927   126.2992    17.0792 -9.990e-29
 124.251869     12.195    12.5306  32.046152    26.9732     12.085  275.37376  275.51179   126.2525    17.0833 0.0000e+00
 124.251872     12.224    12.5303  32.047714    26.9739     12.115  275.37225  275.51024   126.2992    17.0509 0.0000e+00
 124.251875     12.250    12.5302  32.047541    26.9740     12.140  275.37289  275.51088   129.2097    17.0630 0.0000e+00
 124.251878     12.281    12.5302  32.047888    26.9743     12.171  275.37261  275.51059   129.1475    17.1156 0.0000e+00
 124.251881     12.315    12.5302  32.048119    26.9743     12.205  275.37190  275.50988   129.2097    17.1035 0.0000e+00
 124.251884     12.348    12.5300  32.047541    26.9742     12.237  275.37390  275.51188   129.1630    17.0792 0.0000e+00
 124.251887     12.374    12.5299  32.047136    26.9740     12.263  275.37528  275.51325   133.8790    17.4593 -9.990e-29
 124.251889     12.395    12.5296  32.045922    26.9728     12.284  275.37873  275.51670   133.8634    17.4432 -9.990e-29
 124.251892     12.417    12.5292  32.046732    26.9738     12.306  275.37888  275.51681   133.9101    17.4472 -9.990e-29
 124.251895     12.437    12.5288  32.046732    26.9741     12.326  275.38079  275.51869   133.8478    17.4432 -9.990e-29
 124.251898     12.457    12.5287  32.046732    26.9742     12.346  275.38143  275.51933   133.8012    17.4472 -9.990e-29
 124.251901     12.479    12.5288  32.046558    26.9739     12.367  275.38113  275.51903   136.2603    18.0901 -9.990e-29
 124.251904     12.497    12.5287  32.045749    26.9733     12.385  275.38322  275.52112   136.1825    18.0820 -9.990e-29
 124.251907     12.523    12.5286  32.046385    26.9739     12.411  275.38241  275.52031   136.3537    18.1104 -9.990e-29
 124.251910     12.543    12.5284  32.046154    26.9739     12.431  275.38379  275.52167   136.4782    18.0982 -9.990e-29
 124.251913     12.565    12.5281  32.045344    26.9742     12.452  275.38652  275.52439   135.0774    18.4298 -9.990e-29
 124.251916     12.594    12.5279  32.046154    26.9744     12.481  275.38604  275.52388   135.0774    18.4298 0.0000e+00
 124.251918     12.628    12.5279  32.046732    26.9742     12.515  275.38502  275.52286   135.1085    18.4541 0.0000e+00
 124.251921     12.657    12.5284  32.046327    26.9740     12.544  275.38355  275.52143   135.0307    18.4136 0.0000e+00
 124.251924     12.694    12.5284  32.045923    26.9740     12.580  275.38430  275.52219   120.9140    16.8164 0.0000e+00
 124.251927     12.723    12.5284  32.046733    26.9743     12.609  275.38256  275.52044   120.9762    16.8609 0.0000e+00
 124.251930     12.752    12.5287  32.047138    26.9743     12.638  275.38058  275.51848   120.8829    16.8164 0.0000e+00
 124.251933     12.778    12.5292  32.047311    26.9743     12.663  275.37808  275.51600   120.8984    16.8568 0.0000e+00
 124.251936     12.805    12.5297  32.047543    26.9742     12.690  275.37578  275.51374   118.5482    16.8406 -9.990e-29
 124.251939     12.829    12.5299  32.048468    26.9748     12.714  275.37288  275.51084   118.6572    16.8447 -9.990e-29
 124.251942     12.849    12.5302  32.047716    26.9739     12.734  275.37329  275.51127   118.6261    16.8568 -9.990e-29
 124.251944     12.867    12.5302  32.048352    26.9745     12.752  275.37184  275.50983   118.6883    16.8083 -9.990e-29
 124.251947     12.880    12.5303  32.047948    26.9740     12.765  275.37226  275.51025   118.5638    16.8447 -9.990e-29
 124.251950     12.896    12.5304  32.047948    26.9739     12.781  275.37164  275.50964   116.6494    16.6061 -9.990e-29
 124.251953     12.915    12.5304  32.047948    26.9739     12.799  275.37165  275.50965   116.4782    16.6102 -9.990e-29
 124.251956     12.935    12.5302  32.048121    26.9739     12.819  275.37230  275.51029   116.7428    16.5576 -9.990e-29
 124.251959     12.966    12.5304  32.047948    26.9740     12.849  275.37169  275.50969   116.7739    16.5657 0.0000e+00
 124.251962     13.002    12.5303  32.047948    26.9740     12.886  275.37234  275.51033   110.6416    15.8217 0.0000e+00
 124.251965     13.039    12.5301  32.048527    26.9743     12.922  275.37228  275.51025   110.7350    15.8136 0.0000e+00
 124.251968     13.077    12.5300  32.048122    26.9743     12.960  275.37334  275.51131   110.7817    15.8136 0.0000e+00
 124.251970     13.110    12.5302  32.047312    26.9741     12.993  275.37418  275.51217   110.7817    15.8055 0.0000e+00
 124.251973     13.136    12.5302  32.047948    26.9738     13.018  275.37306  275.51104   108.4004    15.9349 0.0000e+00
 124.251976     13.161    12.5302  32.047139    26.9741     13.043  275.37453  275.51252   108.4938    15.9227 -9.990e-29
 124.251979     13.183    12.5299  32.046907    26.9733     13.065  275.37622  275.51420   108.4159    15.9430 -9.990e-29
 124.251982     13.190    12.5294  32.046907    26.9736     13.072  275.37812  275.51607   108.2914    15.9551 -9.990e-29
 124.251985     13.203    12.5294  32.047312    26.9740     13.085  275.37772  275.51566   125.7700    16.9498 -9.990e-29
 124.251988     13.219    12.5294  32.047949    26.9745     13.100  275.37628  275.51421   125.8167    16.9660 -9.990e-29
 124.251991     13.241    12.5297  32.048122    26.9737     13.122  275.37472  275.51267   125.7545    16.9579 -9.990e-29
 124.251994     13.266    12.5298  32.047313    26.9734     13.147  275.37587  275.51383   125.6922    16.9660 0.0000e+00
 124.251997     13.297    12.5299  32.046792    26.9734     13.178  275.37650  275.51448   125.7545    16.9660 0.0000e+00
 124.251999     13.332    12.5294  32.046734    26.9734     13.213  275.37884  275.51679   129.6455    17.4512 0.0000e+00
 124.252002     13.361    12.5291  32.047718    26.9745     13.242  275.37837  275.51628   129.6611    17.4876 0.0000e+00
 124.252005     13.396    12.5291  32.048354    26.9748     13.276  275.37725  275.51516   129.7700    17.4512 0.0000e+00
 124.252008     13.425    12.5294  32.048528    26.9751     13.305  275.37538  275.51331   129.6299    17.4755 -9.990e-29
 124.252011     13.449    12.5299  32.048123    26.9743     13.329  275.37422  275.51218   129.9568    17.9001 -9.990e-29
 124.252014     13.476    12.5299  32.047545    26.9737     13.356  275.37496  275.51293   129.9412    17.9324 -9.990e-29
 124.252017     13.498    12.5297  32.046908    26.9733     13.377  275.37706  275.51503   129.8945    17.9163 -9.990e-29
 124.252020     13.517    12.5297  32.046735    26.9731     13.396  275.37770  275.51566   130.0502    17.9243 -9.990e-29
 124.252023     13.537    12.5294  32.047313    26.9739     13.416  275.37794  275.51588   128.6183    17.2005 -9.990e-29
 124.252025     13.554    12.5292  32.047140    26.9738     13.432  275.37890  275.51683   128.5871    17.2005 -9.990e-29
 124.252028     13.577    12.5291  32.046793    26.9736     13.455  275.38017  275.51809   128.6650    17.1924 -9.990e-29
 124.252031     13.599    12.5289  32.048123    26.9738     13.477  275.37843  275.51633   128.5871    17.1763 -9.990e-29
 124.252034     13.624    12.5289  32.046909    26.9742     13.502  275.38062  275.51854   131.8089    17.4108 0.0000e+00
 124.252037     13.652    12.5291  32.047950    26.9744     13.529  275.37814  275.51605   131.8712    17.3987 0.0000e+00
 124.252040     13.679    12.5292  32.047719    26.9744     13.557  275.37826  275.51618   131.8089    17.3987 0.0000e+00
