Processed/SBE19plus_01907321_2022_05_08_Cast75_wfilter.cnv
* Sea-Bird SBE19plus  Data File:
* FileName = E:\Prandtl Daten\2022\CTD\Raw\SBE19plus_01907321_2022_05_08_Cast75.hex
* Software version 2.6.1.12
* Temperature SN = 7321
* Conductivity SN = 7321
* System UpLoad Time = May 08 2022 07:30:08
* <ApplicationData>
* <Seaterm232>
** Messpraktikum 2022
** CTD 08.05 BE
** NMEA Latitude = 54 07.48 N
** NMEA Longitude = 008 50.23 E
# nquan = 11
# nvalues = 701                         
# units = specified
# name 0 = timeJ: Julian Days
# name 1 = prdM: Pressure, Strain Gauge [db]
# name 2 = tv290C: Temperature [ITS-90, deg C]
# name 3 = c0mS/cm: Conductivity [mS/cm]
# name 4 = sal00: Salinity, Practical [PSU]
# name 5 = depSM: Depth [salt water, m], lat = 54.00
# name 6 = oxsatMm/Kg: Oxygen Saturation, Weiss [umol/kg]
# name 7 = oxsolMm/Kg: Oxygen Saturation, Garcia & Gordon [umol/kg]
# name 8 = turbWETntu0: Turbidity, WET Labs ECO [NTU]
# name 9 = flECO-AFL: Fluorescence, WET Labs ECO-AFL/FL [mg/m^3]
# name 10 = flag:  0.000e+00
# span 0 = 128.305972, 128.307998       
# span 1 =      0.401,     17.999       
# span 2 =    13.1129,    13.1569       
# span 3 =  32.520097,  32.592175       
# span 4 =    26.9931,    27.0383       
# span 5 =      0.398,     17.838       
# span 6 =  271.65111,  271.95963       
# span 7 =  271.82445,  272.13105       
# span 8 =    24.8673,    98.5638       
# span 9 =     7.6211,    17.0630       
# span 10 = 0.0000e+00, 0.0000e+00      
# interval = seconds: 0.25
# start_time = May 08 2022 07:19:30 [Instrument's time stamp, header]
# bad_flag = -9.990e-29
*END*
[from data line 394]
 128.307112     10.310    13.1174  32.563789    27.0333     10.217  271.87409  272.04522    74.4393    14.3700 0.0000e+00
 128.307115     10.344    13.1173  32.564429    27.0330     10.252  271.87332  272.04444    71.2642    13.8969 0.0000e+00
 128.307118     10.377    13.1173  32.563324    27.0337     10.284  271.87558  272.04670    71.0619    13.8079 0.0000e+00
 128.307121     10.414    13.1169  32.564430    27.0333     10.321  271.87525  272.04634    71.1708    13.8484 0.0000e+00
 128.307124     10.449    13.1169  32.564197    27.0339     10.355  271.87568  272.04677    71.1397    13.8686 -9.990e-29
 128.307127     10.472    13.1170  32.563790    27.0333     10.378  271.87609  272.04719    68.8517    13.7553 -9.990e-29
 128.307130     10.492    13.1170  32.563731    27.0332     10.398  271.87620  272.04730    68.9762    13.7149 -9.990e-29
 128.307133     10.503    13.1170  32.564197    27.0336     10.409  271.87508  272.04619    69.0385    13.6664 -9.990e-29
 128.307135     10.507    13.1172  32.562975    27.0324     10.413  271.87658  272.04770    68.9607    13.6826 -9.990e-29
 128.307138     10.505    13.1176  32.564837    27.0338     10.411  271.87177  272.04290    68.7739    13.7190 -9.990e-29
 128.307141     10.503    13.1176  32.564896    27.0339     10.409  271.87167  272.04279    71.0619    14.2365 -9.990e-29
 128.307144     10.513    13.1178  32.564605    27.0334     10.418  271.87092  272.04207    71.0930    14.2406 -9.990e-29
 128.307147     10.534    13.1182  32.565652    27.0344     10.440  271.86754  272.03870    71.1397    14.3134 -9.990e-29
 128.307150     10.573    13.1188  32.566467    27.0341     10.478  271.86363  272.03482    71.1241    14.3053 0.0000e+00
 128.307153     10.624    13.1191  32.566060    27.0338     10.529  271.86279  272.03401    80.7428    14.4145 0.0000e+00
 128.307156     10.673    13.1192  32.566060    27.0337     10.578  271.86251  272.03373    80.7739    14.3740 0.0000e+00
 128.307159     10.719    13.1191  32.565478    27.0333     10.623  271.86418  272.03540    80.8362    14.3862 0.0000e+00
 128.307161     10.754    13.1190  32.563616    27.0325     10.657  271.86775  272.03899    80.5560    14.3862 0.0000e+00
 128.307164     10.785    13.1189  32.565886    27.0316     10.688  271.86446  272.03566    80.1980    13.9737 -9.990e-29
 128.307167     10.806    13.1193  32.565886    27.0335     10.710  271.86258  272.03381    80.1980    14.0384 -9.990e-29
 128.307170     10.819    13.1192  32.565071    27.0327     10.723  271.86432  272.03556    80.2759    13.9656 -9.990e-29
 128.307173     10.827    13.1189  32.565246    27.0331     10.730  271.86528  272.03650    80.0891    14.0586 -9.990e-29
 128.307176     10.831    13.1189  32.565071    27.0330     10.734  271.86590  272.03711    82.2369    16.1411 -9.990e-29
 128.307179     10.832    13.1187  32.564489    27.0326     10.735  271.86755  272.03875    82.4704    16.1168 -9.990e-29
 128.307182     10.854    13.1189  32.565479    27.0331     10.757  271.86521  272.03642    82.2058    16.1411 -9.990e-29
 128.307185     10.887    13.1189  32.565246    27.0330     10.789  271.86532  272.03653    82.6105    16.0804 0.0000e+00
 128.307188     10.935    13.1194  32.565246    27.0328     10.837  271.86346  272.03470    82.4393    16.1371 0.0000e+00
 128.307190     10.993    13.1196  32.565479    27.0328     10.895  271.86215  272.03340    84.4159    15.0008 0.0000e+00
 128.307193     11.044    13.1196  32.563558    27.0322     10.945  271.86552  272.03679    84.4471    15.0048 0.0000e+00
 128.307196     11.090    13.1192  32.564606    27.0316     10.991  271.86530  272.03654    84.5093    15.0776 0.0000e+00
 128.307199     11.121    13.1186  32.564024    27.0322     11.021  271.86885  272.04006    84.7739    15.0129 -9.990e-29
 128.307202     11.143    13.1184  32.563792    27.0320     11.043  271.87022  272.04141    81.5366    13.7675 -9.990e-29
 128.307205     11.158    13.1181  32.563733    27.0322     11.058  271.87190  272.04307    81.6611    13.7270 -9.990e-29
 128.307208     11.161    13.1181  32.564432    27.0328     11.061  271.87037  272.04155    81.9412    13.7392 -9.990e-29
 128.307211     11.167    13.1183  32.562395    27.0308     11.067  271.87329  272.04449    81.5988    13.7311 -9.990e-29
 128.307214     11.174    13.1185  32.563792    27.0320     11.074  271.86992  272.04112    85.2875    15.7691 -9.990e-29
 128.307216     11.190    13.1183  32.563908    27.0320     11.090  271.87067  272.04186    85.0696    15.7731 -9.990e-29
 128.307219     11.220    13.1181  32.563617    27.0319     11.119  271.87183  272.04301    85.3031    15.7772 0.0000e+00
 128.307222     11.258    13.1180  32.563210    27.0320     11.157  271.87319  272.04436    85.2720    15.7448 0.0000e+00
 128.307225     11.296    13.1177  32.563385    27.0321     11.195  271.87417  272.04532    82.7973    14.3983 0.0000e+00
 128.307228     11.337    13.1174  32.563559    27.0321     11.235  271.87515  272.04628    82.7661    14.4509 0.0000e+00
 128.307231     11.377    13.1173  32.562977    27.0322     11.275  271.87650  272.04764    82.7661    14.4670 0.0000e+00
 128.307234     11.406    13.1173  32.563210    27.0320     11.304  271.87643  272.04756    82.9062    14.3619 -9.990e-29
 128.307237     11.431    13.1173  32.563210    27.0322     11.329  271.87645  272.04758    82.6883    14.3740 -9.990e-29
 128.307240     11.450    13.1172  32.563618    27.0326     11.347  271.87607  272.04719    85.7389    14.7986 -9.990e-29
 128.307242     11.466    13.1174  32.563327    27.0322     11.363  271.87564  272.04677    85.5677    14.8350 -9.990e-29
 128.307245     11.488    13.1174  32.562978    27.0320     11.385  271.87626  272.04740    85.6455    14.7824 -9.990e-29
 128.307248     11.515    13.1173  32.562978    27.0314     11.412  271.87691  272.04804    85.6766    14.7986 0.0000e+00
 128.307251     11.544    13.1173  32.561756    27.0320     11.441  271.87905  272.05019    83.1397    14.7946 0.0000e+00
 128.307254     11.574    13.1170  32.562978    27.0321     11.470  271.87789  272.04900    83.0463    14.7986 0.0000e+00
 128.307257     11.610    13.1170  32.563211    27.0321     11.506  271.87782  272.04893    83.0774    14.7622 0.0000e+00
 128.307260     11.641    13.1173  32.563211    27.0322     11.537  271.87658  272.04771    83.1708    14.7622 0.0000e+00
 128.307263     11.672    13.1171  32.563211    27.0322     11.568  271.87723  272.04835    85.5988    14.6409 0.0000e+00
 128.307266     11.700    13.1170  32.562164    27.0322     11.595  271.87970  272.05082    85.5366    14.7016 -9.990e-29
 128.307269     11.720    13.1169  32.561174    27.0305     11.615  271.88175  272.05287    85.5677    14.6692 -9.990e-29
 128.307271     11.731    13.1170  32.563386    27.0324     11.626  271.87728  272.04839    85.5054    14.6247 -9.990e-29
 128.307274     11.744    13.1172  32.562804    27.0318     11.638  271.87767  272.04880    88.4471    15.7570 -9.990e-29
 128.307277     11.753    13.1172  32.562804    27.0318     11.647  271.87767  272.04880    88.3070    15.6923 -9.990e-29
 128.307280     11.764    13.1170  32.562571    27.0317     11.658  271.87872  272.04984    88.2292    15.6963 -9.990e-29
 128.307283     11.778    13.1168  32.561756    27.0313     11.673  271.88109  272.05220    88.3537    15.7286 -9.990e-29
 128.307286     11.804    13.1168  32.561989    27.0318     11.698  271.88101  272.05212    88.1513    15.7691 0.0000e+00
 128.307289     11.833    13.1171  32.563212    27.0320     11.727  271.87733  272.04845    83.3264    16.0562 0.0000e+00
 128.307292     11.868    13.1173  32.563154    27.0320     11.762  271.87682  272.04796    83.4665    15.9632 0.0000e+00
 128.307295     11.906    13.1173  32.562805    27.0320     11.800  271.87714  272.04828    83.1085    16.0036 0.0000e+00
 128.307297     11.943    13.1171  32.563212    27.0322     11.836  271.87740  272.04852    83.5132    15.9430 0.0000e+00
 128.307300     11.980    13.1168  32.562979    27.0322     11.872  271.87940  272.05050    85.1630    14.5317 0.0000e+00
 128.307303     12.012    13.1167  32.563329    27.0324     11.905  271.87913  272.05022    85.0541    14.5075 0.0000e+00
 128.307306     12.049    13.1167  32.563212    27.0325     11.941  271.87936  272.05045    84.9140    14.5439 -9.990e-29
 128.307309     12.069    13.1170  32.563213    27.0322     11.961  271.87811  272.04922    85.0696    14.5358 -9.990e-29
 128.307312     12.091    13.1169  32.562805    27.0319     11.983  271.87915  272.05026    84.4315    15.9349 -9.990e-29
 128.307315     12.106    13.1168  32.563154    27.0323     11.997  271.87918  272.05028    84.4782    15.9147 -9.990e-29
 128.307318     12.115    13.1168  32.562805    27.0319     12.006  271.87948  272.05058    84.6338    15.9389 -9.990e-29
 128.307321     12.133    13.1167  32.562572    27.0318     12.024  271.88052  272.05162    84.1980    15.9308 -9.990e-29
 128.307323     12.155    13.1168  32.562805    27.0328     12.046  271.87982  272.05092    82.1124    16.2179 -9.990e-29
 128.307326     12.184    13.1166  32.563620    27.0327     12.075  271.87905  272.05014    82.0657    16.3069 0.0000e+00
 128.307329     12.217    13.1168  32.563562    27.0328     12.108  271.87823  272.04933    82.2058    16.3069 0.0000e+00
 128.307332     12.254    13.1172  32.564435    27.0327     12.144  271.87516  272.04627    82.0035    16.2907 0.0000e+00
 128.307335     12.288    13.1177  32.564435    27.0329     12.178  271.87298  272.04412    82.0657    16.2988 0.0000e+00
 128.307338     12.321    13.1178  32.563795    27.0327     12.211  271.87380  272.04495    84.6805    14.5560 -9.990e-29
 128.307341     12.345    13.1177  32.563563    27.0319     12.234  271.87453  272.04569    84.7895    14.5641 -9.990e-29
 128.307344     12.371    13.1174  32.562573    27.0312     12.260  271.87753  272.04867    84.6183    14.5196 -9.990e-29
 128.307347     12.387    13.1170  32.562806    27.0317     12.276  271.87871  272.04983    84.5871    14.5236 -9.990e-29
 128.307350     12.400    13.1170  32.562981    27.0318     12.289  271.87841  272.04953    85.8323    16.0521 -9.990e-29
 128.307352     12.413    13.1168  32.562573    27.0316     12.302  271.88007  272.05118    85.5677    16.0643 -9.990e-29
 128.307355     12.429    13.1169  32.560362    27.0321     12.318  271.88361  272.05475    85.8790    16.0885 -9.990e-29
 128.307358     12.455    13.1167  32.562981    27.0317     12.344  271.88002  272.05112    85.7233    16.0764 0.0000e+00
 128.307361     12.482    13.1165  32.561992    27.0321     12.371  271.88239  272.05348    87.3731    16.0400 0.0000e+00
 128.307364     12.522    13.1165  32.562981    27.0313     12.410  271.88101  272.05209    87.3731    16.0481 0.0000e+00
 128.307367     12.557    13.1164  32.561992    27.0322     12.445  271.88306  272.05415    87.3109    16.0238 0.0000e+00
 128.307370     12.599    13.1164  32.563214    27.0322     12.486  271.88096  272.05204    87.2798    16.1007 0.0000e+00
 128.307373     12.627    13.1165  32.562981    27.0323     12.513  271.88107  272.05216    85.8167    14.6854 0.0000e+00
 128.307376     12.654    13.1165  32.562399    27.0322     12.541  271.88179  272.05288    85.6922    14.6571 -9.990e-29
 128.307378     12.676    13.1163  32.562574    27.0319     12.562  271.88276  272.05383    85.7078    14.6692 -9.990e-29
 128.307381     12.692    13.1160  32.561759    27.0313     12.578  271.88513  272.05620    85.6766    14.6813 -9.990e-29
 128.307384     12.709    13.1159  32.562167    27.0318     12.595  271.88506  272.05611    86.0035    14.6692 -9.990e-29
 128.307387     12.727    13.1160  32.561992    27.0315     12.613  271.88474  272.05581    86.8751    16.2301 -9.990e-29
 128.307390     12.745    13.1159  32.561585    27.0313     12.631  271.88609  272.05716    87.1397    16.2503 -9.990e-29
 128.307393     12.765    13.1156  32.562167    27.0324     12.651  271.88635  272.05739    87.0152    16.3150 -9.990e-29
 128.307396     12.795    13.1153  32.562400    27.0320     12.680  271.88723  272.05824    87.0774    16.2826 0.0000e+00
 128.307399     12.826    13.1157  32.561993    27.0324     12.711  271.88607  272.05711    86.6727    15.7933 0.0000e+00
 128.307402     12.862    13.1160  32.563157    27.0317     12.747  271.88281  272.05386    86.6416    15.7893 0.0000e+00
 128.307405     12.900    13.1161  32.561993    27.0314     12.785  271.88454  272.05561    86.6261    15.7853 0.0000e+00
 128.307407     12.930    13.1159  32.561586    27.0314     12.814  271.88621  272.05727    86.5949    15.7893 0.0000e+00
 128.307410     12.955    13.1155  32.562401    27.0317     12.839  271.88638  272.05742    86.0813    15.6882 0.0000e+00
 128.307413     12.981    13.1156  32.561760    27.0322     12.865  271.88720  272.05824    86.0657    15.7165 -9.990e-29
 128.307416     12.999    13.1157  32.562168    27.0318     12.883  271.88587  272.05692    86.0035    15.7084 -9.990e-29
 128.307419     13.015    13.1159  32.562401    27.0319     12.899  271.88485  272.05590    86.0035    15.6478 -9.990e-29
 128.307422     13.030    13.1159  32.561993    27.0315     12.913  271.88557  272.05662    86.2681    16.7396 -9.990e-29
 128.307425     13.048    13.1156  32.562168    27.0319     12.931  271.88653  272.05757    86.1747    16.7355 -9.990e-29
 128.307428     13.070    13.1157  32.563158    27.0327     12.953  271.88451  272.05555    86.5171    16.6789 -9.990e-29
 128.307431     13.088    13.1158  32.562576    27.0320     12.971  271.88491  272.05595    86.2369    16.7234 -9.990e-29
 128.307433     13.114    13.1162  32.562808    27.0322     12.997  271.88294  272.05401    86.5327    16.7234 0.0000e+00
 128.307436     13.140    13.1161  32.563216    27.0320     13.022  271.88257  272.05363    87.1864    16.7962 0.0000e+00
 128.307439     13.173    13.1162  32.562750    27.0320     13.055  271.88308  272.05415    87.3887    16.7274 0.0000e+00
 128.307442     13.204    13.1160  32.561354    27.0309     13.085  271.88616  272.05723    87.3731    16.8204 0.0000e+00
 128.307445     13.235    13.1153  32.560946    27.0309     13.116  271.89004  272.06107    87.3109    16.7921 0.0000e+00
 128.307448     13.264    13.1144  32.559724    27.0309     13.145  271.89596  272.06695    87.9334    15.6599 -9.990e-29
 128.307451     13.288    13.1143  32.561179    27.0318     13.169  271.89407  272.06504    88.0891    15.5507 -9.990e-29
 128.307454     13.310    13.1141  32.561820    27.0328     13.190  271.89392  272.06486    88.1047    15.5831 -9.990e-29
 128.307457     13.339    13.1142  32.562169    27.0330     13.219  271.89270  272.06365    87.8712    15.6842 0.0000e+00
 128.307459     13.368    13.1145  32.562809    27.0329     13.248  271.89034  272.06131    84.5093    16.2098 0.0000e+00
 128.307462     13.394    13.1150  32.562984    27.0330     13.274  271.88785  272.05885    84.3692    16.2462 0.0000e+00
 128.307465     13.419    13.1155  32.562577    27.0329     13.299  271.88637  272.05741    84.3692    16.2260 -9.990e-29
 128.307468     13.443    13.1157  32.520097    26.9931     13.323  271.95963  272.13105    84.4159    16.2745 -9.990e-29
 128.307471     13.467    13.1157  32.552158    27.0225     13.346  271.90389  272.07503    87.0774    16.1937 -9.990e-29
 128.307474     13.492    13.1155  32.562984    27.0325     13.372  271.88571  272.05674    87.4510    16.2098 -9.990e-29
 128.307477     13.516    13.1159  32.562402    27.0317     13.395  271.88517  272.05622    87.2798    16.2462 -9.990e-29
 128.307480     13.534    13.1159  32.562402    27.0317     13.413  271.88518  272.05623    87.4354    16.2139 -9.990e-29
 128.307483     13.553    13.1159  32.562577    27.0319     13.431  271.88489  272.05594    87.3887    16.1694 -9.990e-29
 128.307486     13.569    13.1159  32.562984    27.0323     13.447  271.88419  272.05524    89.4743    16.2220 -9.990e-29
