Processed/SBE19plus_01907321_2022_05_11_Cast126_wfilter.cnv
* Sea-Bird SBE19plus  Data File:
* FileName = E:\Prandtl_Daten\2022\CTD\Raw\SBE19plus_01907321_2022_05_126.hex
* Software version 2.6.1.12
* Temperature SN = 7321
* Conductivity SN = 7321
* System UpLoad Time = May 11 2022 09:58:38
* <ApplicationData>
* <Seaterm232>
** Messpraktikum 2022
** CTD 10.05  SW1
** NMEA Latitude = 54 06.01N
** NMEA Longitude = 008 29.42E
# nquan = 11
# nvalues = 422                         
# units = specified
# name 0 = timeJ: Julian Days
# name 1 = prdM: Pressure, Strain Gauge [db]
# name 2 = tv290C: Temperature [ITS-90, deg C]
# name 3 = c0mS/cm: Conductivity [mS/cm]
# name 4 = sal00: Salinity, Practical [PSU]
# name 5 = depSM: Depth [salt water, m], lat = 54.00
# name 6 = oxsatMm/Kg: Oxygen Saturation, Weiss [umol/kg]
# name 7 = oxsolMm/Kg: Oxygen Saturation, Garcia & Gordon [umol/kg]
# name 8 = turbWETntu0: Turbidity, WET Labs ECO [NTU]
# name 9 = flECO-AFL: Fluorescence, WET Labs ECO-AFL/FL [mg/m^3]
# name 10 = flag:  0.000e+00
# span 0 = 131.410327, 131.411545       
# span 1 =      0.395,     13.601       
# span 2 =    11.4063,    12.6937       
# span 3 =  31.987315,  33.145318       
# span 4 =    26.8390,    28.8473       
# span 5 =      0.391,     13.479       
# span 6 =  274.67456,  278.38566       
# span 7 =  274.82345,  278.43156       
# span 8 =    -2.0588,    11.6222       
# span 9 =     2.6798,     8.7129       
# span 10 = 0.0000e+00, 0.0000e+00      
# interval = seconds: 0.25
# start_time = May 11 2022 09:49:14 [Instrument's time stamp, header]
# bad_flag = -9.990e-29
*END*
[from data line 132]
 131.410709      4.546    12.3845  32.071079    27.1032      4.505  275.97579  276.10378     4.9607     7.0146 -9.990e-29
 131.410712      4.553    12.3811  32.074666    27.1090      4.513  275.98446  276.11219     4.6805     7.0227 -9.990e-29
 131.410715      4.571    12.3777  32.073452    27.1104      4.530  276.00213  276.12963     3.7934     6.4647 -9.990e-29
 131.410718      4.588    12.3766  32.075882    27.1160      4.547  276.00248  276.12989     3.8712     6.4606 -9.990e-29
 131.410720      4.617    12.3757  32.078081    27.1182      4.576  276.00232  276.12965     3.9490     6.5132 0.0000e+00
 131.410723      4.657    12.3741  32.081496    27.1204      4.615  276.00375  276.13093     3.9801     6.4525 0.0000e+00
 131.410726      4.699    12.3713  32.082711    27.1235      4.657  276.01388  276.14087     3.9179     6.1048 0.0000e+00
 131.410729      4.741    12.3689  32.087515    27.1298      4.699  276.01596  276.14273     3.7311     6.1129 0.0000e+00
 131.410732      4.790    12.3647  32.093766    27.1386      4.747  276.02331  276.14973     3.8556     6.0724 0.0000e+00
 131.410735      4.832    12.3556  32.100366    27.1514      4.789  276.05240  276.17814     3.7155     6.1129 0.0000e+00
 131.410738      4.876    12.3451  32.104014    27.1623      4.832  276.09249  276.21748     3.8245     6.0805 0.0000e+00
 131.410741      4.905    12.3372  32.103609    27.1677      4.861  276.12885  276.25332     3.5910     5.9996 0.0000e+00
 131.410744      4.934    12.3316  32.104652    27.1727      4.890  276.15189  276.27596     3.5910     5.9309 0.0000e+00
 131.410747      4.965    12.3289  32.108068    27.1778      4.921  276.15770  276.28156     3.6533     5.9471 0.0000e+00
 131.410749      4.992    12.3264  32.114088    27.1852      4.948  276.15785  276.28148     3.5599     5.9794 0.0000e+00
 131.410752      5.024    12.3212  32.117099    27.1918      4.979  276.17574  276.29898     2.2525     5.1505 0.0000e+00
 131.410755      5.051    12.3175  32.117910    27.1952      5.006  276.19098  276.31397     2.2058     5.1626 0.0000e+00
 131.410758      5.078    12.3147  32.122948    27.2020      5.033  276.19448  276.31722     2.1280     5.2030 0.0000e+00
 131.410761      5.109    12.3109  32.127407    27.2054      5.064  276.20312  276.32556     2.2058     5.1869 0.0000e+00
 131.410764      5.139    12.3078  32.132213    27.2089      5.093  276.20860  276.33078     1.7545     3.9900 -9.990e-29
 131.410767      5.159    12.3038  32.136035    27.2397      5.113  276.21932  276.34119     2.0346     3.9576 -9.990e-29
 131.410770      5.186    12.2995  32.151556    27.2533      5.140  276.21042  276.33184     1.8945     3.9859 0.0000e+00
 131.410773      5.217    12.2921  32.174786    27.2669      5.171  276.20169  276.32236     2.0191     3.9900 0.0000e+00
 131.410775      5.250    12.2833  32.192517    27.2898      5.203  276.20857  276.32846     1.3498     4.7866 0.0000e+00
 131.410778      5.283    12.2746  32.222018    27.3239      5.236  276.19437  276.31335     1.4432     4.8108 0.0000e+00
 131.410781      5.317    12.2642  32.247993    27.3558      5.270  276.19343  276.31144     1.3654     4.7866 0.0000e+00
 131.410784      5.344    12.2539  32.250545    27.3649      5.297  276.23466  276.35194     1.4276     4.7744 0.0000e+00
 131.410787      5.378    12.2474  32.244689    27.3656      5.329  276.27452  276.39141     1.3187     4.8351 0.0000e+00
 131.410790      5.407    12.2461  32.311340    27.4284      5.358  276.15943  276.27554     0.3226     3.8039 0.0000e+00
 131.410793      5.440    12.2351  32.327533    27.4516      5.391  276.17894  276.29412     0.2603     3.7837 0.0000e+00
 131.410796      5.474    12.2239  32.345007    27.4516      5.425  276.19734  276.31156     0.3692     3.7878 0.0000e+00
 131.410799      5.511    12.2178  32.310705    27.4763      5.462  276.28670  276.40086     0.2914     3.8282 0.0000e+00
 131.410802      5.549    12.2157  32.352207    27.4890      5.499  276.22063  276.33422    -0.6580     3.7271 0.0000e+00
 131.410804      5.584    12.2098  32.379326    27.5188      5.534  276.19793  276.31082    -0.4557     3.7352 0.0000e+00
 131.410807      5.618    12.1980  32.446667    27.5908      5.568  276.12764  276.23901    -0.4090     3.7918 0.0000e+00
 131.410810      5.655    12.1807  32.465852    27.6119      5.604  276.16991  276.27987    -0.4557     3.7352 0.0000e+00
 131.410813      5.690    12.1652  32.443415    27.6168      5.639  276.27987  276.38900    -0.2066     3.3753 0.0000e+00
 131.410816      5.719    12.1593  32.445799    27.6119      5.668  276.30179  276.41048    -0.0666     3.3915 -9.990e-29
 131.410819      5.743    12.1571  32.448531    27.6227      5.691  276.30682  276.41533    -0.1444     3.4036 -9.990e-29
 131.410822      5.772    12.1550  32.467483    27.6420      5.720  276.28133  276.38949    -0.3000     3.4036 -9.990e-29
 131.410825      5.797    12.1511  32.477077    27.6539      5.745  276.28133  276.38912    -0.3156     3.0397 -9.990e-29
 131.410828      5.823    12.1456  32.496850    27.6766      5.771  276.26993  276.37712    -0.0043     3.0721 -9.990e-29
 131.410830      5.843    12.1387  32.498887    27.6868      5.791  276.29681  276.40350    -0.0666     3.0680 -9.990e-29
 131.410833      5.870    12.1347  32.499120    27.6915      5.818  276.31450  276.42090    -0.0510     3.0154 0.0000e+00
 131.410836      5.906    12.1330  32.507670    27.6955      5.854  276.30609  276.41229    -0.2378     3.0437 0.0000e+00
 131.410839      5.935    12.1309  32.505460    27.6961      5.882  276.31950  276.42558     1.7233     3.5815 0.0000e+00
 131.410842      5.974    12.1291  32.516513    27.7073      5.920  276.30746  276.41329     1.5210     3.5613 0.0000e+00
 131.410845      6.014    12.1270  32.541823    27.7327      5.960  276.27093  276.37634     1.7233     3.5007 0.0000e+00
 131.410848      6.050    12.1197  32.554918    27.7504      5.996  276.27913  276.38390     1.4587     3.5492 0.0000e+00
 131.410851      6.090    12.1120  32.559226    27.7602      6.036  276.30588  276.41005    -0.0821     3.4319 0.0000e+00
 131.410854      6.127    12.1067  32.568132    27.7664      6.072  276.31330  276.41700    -0.2222     3.4926 0.0000e+00
 131.410856      6.160    12.1032  32.572091    27.7725      6.105  276.32135  276.42477    -0.2689     3.4845 -9.990e-29
 131.410859      6.185    12.1008  32.577796    27.7860      6.130  276.32152  276.42471     0.0424     3.5047 -9.990e-29
 131.410862      6.207    12.0975  32.580882    27.7913      6.151  276.33084  276.43376    -0.7669     3.1570 -9.990e-29
 131.410865      6.225    12.0948  32.576575    27.7893      6.170  276.35056  276.45335    -0.6424     3.1570 -9.990e-29
 131.410868      6.247    12.0939  32.581349    27.7944      6.191  276.34589  276.44856    -0.5802     3.1610 -9.990e-29
 131.410871      6.267    12.0941  32.586239    27.8032      6.211  276.33634  276.43897    -0.6736     3.1448 -9.990e-29
 131.410874      6.300    12.0940  32.590723    27.8065      6.244  276.32847  276.43105     0.3848     3.5977 0.0000e+00
 131.410877      6.333    12.0932  32.597070    27.8098      6.276  276.32031  276.42276     0.3381     3.5977 0.0000e+00
 131.410880      6.369    12.0902  32.601088    27.8158      6.312  276.32637  276.42856     0.3848     3.5735 0.0000e+00
 131.410883      6.413    12.0875  32.608368    27.8247      6.356  276.32522  276.42714     0.3070     3.6139 0.0000e+00
 131.410885      6.455    12.0848  32.614309    27.8323      6.397  276.32651  276.42818     0.3226     3.6260 0.0000e+00
 131.410888      6.499    12.0818  32.633357    27.8525      6.441  276.30506  276.40631     0.7272     3.1327 0.0000e+00
 131.410891      6.541    12.0769  32.641514    27.8638      6.482  276.31192  276.41274     0.6027     3.1165 0.0000e+00
 131.410894      6.577    12.0722  32.644428    27.8700      6.519  276.32714  276.42760     0.6338     3.1287 0.0000e+00
 131.410897      6.603    12.0690  32.647749    27.8728      6.544  276.33568  276.43588     0.6961     3.1125 0.0000e+00
 131.410900      6.628    12.0669  32.654683    27.8756      6.569  276.33233  276.43230     0.4626     3.2257 -9.990e-29
 131.410903      6.652    12.0648  32.663017    27.8930      6.593  276.32610  276.42583     0.6183     3.2176 -9.990e-29
 131.410906      6.668    12.0629  32.668845    27.9000      6.609  276.32413  276.42367     0.5871     3.2581 -9.990e-29
 131.410909      6.688    12.0606  32.678520    27.9108      6.629  276.31636  276.41564     0.6183     3.2217 -9.990e-29
 131.410911      6.710    12.0583  32.687789    27.9213      6.650  276.30996  276.40897     0.8362     3.6624 -9.990e-29
 131.410914      6.734    12.0560  32.693153    27.9521      6.674  276.31009  276.40888     0.7428     3.6584 -9.990e-29
 131.410917      6.763    12.0535  32.716534    27.9596      6.703  276.27876  276.37711     0.7584     3.6665 0.0000e+00
 131.410920      6.798    12.0476  32.727673    27.9670      6.737  276.28443  276.38225     0.8829     3.6462 0.0000e+00
 131.410923      6.836    12.0414  32.729948    27.9715      6.775  276.30759  276.40495     0.9607     3.1731 0.0000e+00
 131.410926      6.875    12.0377  32.724583    27.9715      6.813  276.33421  276.43136     1.2253     3.1731 0.0000e+00
 131.410929      6.921    12.0361  32.721318    27.9715      6.859  276.34706  276.44413     1.1630     3.1934 0.0000e+00
 131.410932      6.961    12.0354  32.759000    28.0057      6.898  276.28109  276.37770     1.3031     3.1489 0.0000e+00
 131.410935      6.997    12.0287  32.788819    28.0389      6.935  276.25649  276.35229     1.0852     3.1731 0.0000e+00
 131.410937      7.030    12.0159  32.817132    28.0753      6.967  276.26124  276.35583     1.8323     3.4481 0.0000e+00
 131.410940      7.057    12.0009  32.820871    28.0827      6.994  276.32095  276.41443     1.5677     3.3955 0.0000e+00
 131.410943      7.088    11.9897  32.864966    28.0901      7.025  276.28978  276.38197     1.5210     3.3996 -9.990e-29
 131.410946      7.112    11.9728  32.875834    28.1860      7.048  276.34463  276.43549     1.5833     3.4319 -9.990e-29
 131.410949      7.143    11.9566  32.886820    28.2044      7.079  276.39645  276.48602     2.1280     3.5735 0.0000e+00
 131.410952      7.170    11.9443  32.915810    28.2181      7.106  276.39777  276.48613     2.0191     3.5573 0.0000e+00
 131.410955      7.198    11.9285  32.898394    28.2228      7.133  276.49965  276.58708     2.1591     3.5371 0.0000e+00
 131.410958      7.225    11.9217  32.912714    28.2369      7.160  276.50384  276.59061     2.1903     3.5128 0.0000e+00
 131.410961      7.252    11.9147  32.925692    28.2545      7.187  276.51080  276.59692     1.8167     3.2621 0.0000e+00
 131.410964      7.281    11.9036  32.943175    28.2795      7.216  276.52793  276.61305     1.8790     3.2257 0.0000e+00
 131.410966      7.312    11.8902  32.955164    28.3011      7.247  276.56503  276.64906     1.9257     3.2823 0.0000e+00
 131.410969      7.349    11.8730  32.941892    28.3011      7.283  276.66604  276.74896     1.9257     3.2702 0.0000e+00
 131.410972      7.378    11.8683  32.929264    28.2972      7.312  276.71006  276.79279     2.0191     2.9750 0.0000e+00
 131.410975      7.416    11.8743  32.957915    28.2930      7.350  276.63063  276.71346     2.0035     2.9831 -9.990e-29
 131.410978      7.440    11.8689  32.967156    28.3432      7.373  276.63760  276.71994     2.0346     2.9790 -9.990e-29
 131.410981      7.473    11.8525  32.969322    28.3580      7.406  276.70665  276.78777     1.8478     3.0033 0.0000e+00
 131.410984      7.505    11.8393  32.990090    28.3729      7.438  276.72677  276.80669     2.2058     2.9386 0.0000e+00
 131.410987      7.538    11.8203  33.017828    28.4138      7.471  276.75977  276.83799     1.1163     2.7324 0.0000e+00
 131.410990      7.571    11.7930  33.016075    28.4329      7.503  276.88395  276.96020     1.1319     2.7324 0.0000e+00
 131.410992      7.607    11.7736  33.021052    28.4525      7.539  276.96117  277.03592     1.0229     2.7364 0.0000e+00
 131.410995      7.642    11.7629  33.023161    28.4627      7.574  277.00494  277.07888     1.1786     2.6798 0.0000e+00
 131.410998      7.671    11.7576  33.031473    28.4747      7.603  277.01288  277.08634     1.3965     3.1893 0.0000e+00
 131.411001      7.702    11.7510  33.033112    28.4813      7.633  277.03937  277.11232     1.3342     3.1651 0.0000e+00
 131.411004      7.728    11.7456  33.040430    28.4924      7.659  277.04944  277.12192     1.1941     3.1651 0.0000e+00
 131.411007      7.757    11.7351  33.045407    28.5052      7.688  277.08691  277.15855     1.5054     3.1772 0.0000e+00
 131.411010      7.783    11.7236  33.039964    28.5087      7.713  277.14806  277.21891    -1.6541     3.2742 0.0000e+00
 131.411013      7.812    11.7214  33.046756    28.5169      7.742  277.14527  277.21588    -1.5607     3.3106 0.0000e+00
 131.411016      7.841    11.7154  33.065200    28.5392      7.771  277.13798  277.20793    -1.3428     3.3025 0.0000e+00
 131.411019      7.880    11.6976  33.074923    28.5621      7.809  277.19879  277.26731    -1.3739     3.2864 0.0000e+00
 131.411021      7.912    11.6734  33.074750    28.5805      7.842  277.30685  277.37357    -1.7319     3.2055 0.0000e+00
 131.411024      7.951    11.6558  33.083947    28.6029      7.879  277.36794  277.43324    -1.5607     3.1934 0.0000e+00
 131.411027      7.987    11.6421  33.098182    28.6270      7.916  277.40209  277.46621    -1.6697     3.2581 0.0000e+00
 131.411030      8.016    11.6201  33.105215    28.6507      7.945  277.48705  277.54943    -1.5607     3.2055 0.0000e+00
 131.411033      8.049    11.5954  33.112482    28.6768      7.977  277.58347  277.64391    -1.6385     3.2419 0.0000e+00
 131.411036      8.076    11.5734  33.109497    28.6909      8.004  277.68711  277.74593    -0.8136     3.7029 0.0000e+00
 131.411039      8.104    11.5593  33.112721    28.7048      8.031  277.74356  277.80128    -0.8915     3.6786 0.0000e+00
 131.411042      8.131    11.5514  33.119460    28.7175      8.059  277.76645  277.82349    -1.0938     3.6584 0.0000e+00
 131.411045      8.162    11.5381  33.118348    28.7267      8.089  277.82764  277.88369    -0.9848     3.6826 0.0000e+00
 131.411047      8.193    11.5309  33.125439    28.7329      8.120  277.84648  277.90190    -0.8759     2.9669 0.0000e+00
 131.411050      8.221    11.5237  33.128604    28.7391      8.147  277.87238  277.92722    -0.9070     2.9912 -9.990e-29
 131.411053      8.244    11.5195  33.123975    28.7521      8.171  277.90007  277.95465    -1.1094     2.9305 -9.990e-29
 131.411056      8.272    11.5210  33.131066    28.7551      8.198  277.88003  277.93463    -0.9381     2.9548 0.0000e+00
 131.411059      8.299    11.5149  33.132356    28.7581      8.225  277.90485  277.95898    -1.1716     2.8052 0.0000e+00
 131.411062      8.325    11.5073  33.131712    28.7634      8.250  277.94004  277.99360    -1.1405     2.7930 0.0000e+00
 131.411065      8.359    11.5041  33.133178    28.7672      8.284  277.95138  278.00468    -1.1249     2.7809 0.0000e+00
 131.411068      8.387    11.4970  33.136109    28.7756      8.312  277.97770  278.03042    -1.3428     2.7971 0.0000e+00
 131.411071      8.427    11.4871  33.136755    28.7838      8.351  278.02055  278.07252    -1.5607     2.9022 0.0000e+00
 131.411073      8.465    11.4795  33.138924    28.7918      8.389  278.05044  278.10180    -1.7164     2.8982 0.0000e+00
 131.411076      8.507    11.4731  33.143614    28.8013      8.431  278.07007  278.12089    -1.7942     2.9143 0.0000e+00
 131.411079      8.551    11.4678  33.140508    28.8024      8.474  278.09950  278.14995    -1.7942     2.9386 0.0000e+00
 131.411082      8.593    11.4594  33.142092    28.8104      8.516  278.13415  278.18394    -1.9343     2.9143 0.0000e+00
