Processed/SBE19plus_01907321_2022_05_11_Cast123_wfilter.cnv
* Sea-Bird SBE19plus  Data File:
* FileName = E:\Prandtl_Daten\2022\CTD\Raw\SBE19plus_01907321_2022_05_11_Cast123.hex
* Software version 2.6.1.12
* Temperature SN = 7321
* Conductivity SN = 7321
* System UpLoad Time = May 11 2022 08:13:00
* <ApplicationData>
* <Seaterm232>
** Messpraktikum 2022
** CTD 10.05  BW2
** NMEA Latitude = 54 07.84N
** NMEA Longitude = 008 44.74E
# nquan = 11
# nvalues = 752                         
# units = specified
# name 0 = timeJ: Julian Days
# name 1 = prdM: Pressure, Strain Gauge [db]
# name 2 = tv290C: Temperature [ITS-90, deg C]
# name 3 = c0mS/cm: Conductivity [mS/cm]
# name 4 = sal00: Salinity, Practical [PSU]
# name 5 = depSM: Depth [salt water, m], lat = 54.00
# name 6 = oxsatMm/Kg: Oxygen Saturation, Weiss [umol/kg]
# name 7 = oxsolMm/Kg: Oxygen Saturation, Garcia & Gordon [umol/kg]
# name 8 = turbWETntu0: Turbidity, WET Labs ECO [NTU]
# name 9 = flECO-AFL: Fluorescence, WET Labs ECO-AFL/FL [mg/m^3]
# name 10 = flag:  0.000e+00
# span 0 = 131.335475, 131.337648       
# span 1 =      0.332,     17.702       
# span 2 =    13.3145,    13.5195       
# span 3 =  31.980816,  33.008022       
# span 4 =    26.3515,    27.1512       
# span 5 =      0.330,     17.544       
# span 6 =  269.37945,  271.99198       
# span 7 =  269.57178,  272.18052       
# span 8 =    -0.1755,     9.5677       
# span 9 =     2.5626,     8.6401       
# span 10 = 0.0000e+00, 0.0000e+00      
# interval = seconds: 0.25
# start_time = May 11 2022 08:01:50 [Instrument's time stamp, header]
# bad_flag = -9.990e-29
*END*
[from data line 394]
 131.336615      9.485    13.3977  32.591643    26.8606      9.400  270.60952  270.79789     2.2369     3.5290 0.0000e+00
 131.336617      9.520    13.3983  32.591992    26.8607      9.434  270.60642  270.79482     2.3770     3.5492 0.0000e+00
 131.336620      9.547    13.3989  32.593273    26.8606      9.461  270.60140  270.78983     2.4237     3.5371 -9.990e-29
 131.336623      9.571    13.3993  32.596359    26.8638      9.485  270.59455  270.78297     1.9257     3.2176 -9.990e-29
 131.336626      9.589    13.3997  32.596534    26.8637      9.503  270.59236  270.78081     1.8634     3.1853 -9.990e-29
 131.336629      9.609    13.4002  32.598397    26.8650      9.523  270.58729  270.77575     1.9101     3.2095 -9.990e-29
 131.336632      9.622    13.4005  32.599562    26.8659      9.536  270.58404  270.77251     1.7389     3.2378 -9.990e-29
 131.336635      9.632    13.4008  32.602707    26.8685      9.546  270.57708  270.76554     2.5638     3.1529 -9.990e-29
 131.336638      9.656    13.4016  32.605560    26.8734      9.570  270.56904  270.75753     2.4548     3.1448 -9.990e-29
 131.336641      9.682    13.4021  32.609054    26.8735      9.595  270.56086  270.74935     2.4548     3.1570 0.0000e+00
 131.336644      9.709    13.4030  32.609928    26.8734      9.622  270.55560  270.74413     2.6883     3.1812 0.0000e+00
 131.336646      9.737    13.4035  32.608647    26.8736      9.650  270.55528  270.74386     2.6883     3.1731 0.0000e+00
 131.336649      9.764    13.4041  32.611908    26.8733      9.677  270.54750  270.73609     2.2525     3.4522 0.0000e+00
 131.336652      9.791    13.4045  32.614354    26.8746      9.704  270.54143  270.73002     2.4082     3.4845 -9.990e-29
 131.336655      9.815    13.4049  32.614820    26.8767      9.728  270.53907  270.72768     2.3615     3.4643 -9.990e-29
 131.336658      9.841    13.4053  32.615170    26.8767      9.753  270.53660  270.72523     2.3615     3.4926 -9.990e-29
 131.336661      9.863    13.4056  32.615170    26.8765      9.775  270.53535  270.72400     2.5327     3.1651 -9.990e-29
 131.336664      9.883    13.4058  32.614588    26.8758      9.795  270.53541  270.72408     2.5794     3.1651 -9.990e-29
 131.336667      9.903    13.4057  32.612666    26.8741      9.814  270.53904  270.72772     2.5327     3.1651 -9.990e-29
 131.336670      9.923    13.4057  32.614180    26.8755      9.834  270.53677  270.72543     2.5171     3.1448 -9.990e-29
 131.336672      9.940    13.4057  32.615170    26.8752      9.851  270.53477  270.72343     1.8790     3.3106 -9.990e-29
 131.336675      9.965    13.4057  32.613947    26.8755      9.876  270.53688  270.72555     1.8634     3.3066 0.0000e+00
 131.336678      9.993    13.4058  32.614588    26.8755      9.903  270.53548  270.72415     1.7856     3.2864 0.0000e+00
 131.336681     10.024    13.4059  32.616219    26.8757      9.934  270.53239  270.72105     1.8167     3.3106 -9.990e-29
 131.336684     10.048    13.4059  32.614588    26.8757      9.958  270.53520  270.72387     2.3615     3.4683 -9.990e-29
 131.336687     10.073    13.4060  32.615811    26.8767      9.983  270.53281  270.72147     2.4082     3.4764 -9.990e-29
 131.336690     10.096    13.4060  32.617326    26.8780     10.006  270.52991  270.71857     2.1903     3.4805 -9.990e-29
 131.336693     10.113    13.4061  32.616801    26.8775     10.022  270.53050  270.71917     2.2836     3.4764 -9.990e-29
 131.336696     10.135    13.4063  32.616219    26.8768     10.044  270.53057  270.71925     2.2681     3.4966 -9.990e-29
 131.336698     10.153    13.4064  32.617442    26.8779     10.062  270.52817  270.71685     2.3303     3.2176 -9.990e-29
 131.336701     10.175    13.4065  32.617559    26.8779     10.083  270.52767  270.71635     2.2525     3.2257 -9.990e-29
 131.336704     10.193    13.4065  32.616802    26.8772     10.102  270.52897  270.71767     2.4237     3.2217 -9.990e-29
 131.336707     10.214    13.4065  32.615812    26.8763     10.123  270.53069  270.71938     2.3459     3.2338 -9.990e-29
 131.336710     10.237    13.4063  32.615404    26.8777     10.145  270.53203  270.72072     2.8595     3.1004 -9.990e-29
 131.336713     10.268    13.4062  32.617151    26.8777     10.176  270.52937  270.71804     2.7817     3.1044 0.0000e+00
 131.336716     10.295    13.4063  32.617210    26.8777     10.203  270.52897  270.71765     2.7661     3.0882 0.0000e+00
 131.336719     10.322    13.4063  32.616394    26.8773     10.230  270.53038  270.71907     2.9062     3.0923 0.0000e+00
 131.336722     10.348    13.4064  32.617210    26.8769     10.255  270.52869  270.71737     2.3459     3.4319 -9.990e-29
 131.336725     10.373    13.4064  32.617326    26.8777     10.281  270.52850  270.71719     2.3770     3.4077 -9.990e-29
 131.336727     10.390    13.4064  32.617210    26.8759     10.297  270.52871  270.71740     2.2525     3.4036 -9.990e-29
 131.336730     10.417    13.4065  32.615405    26.8764     10.324  270.53151  270.72021     2.2214     3.3915 0.0000e+00
 131.336733     10.448    13.4064  32.616395    26.8762     10.355  270.53015  270.71884     2.5794     3.4158 0.0000e+00
 131.336736     10.476    13.4062  32.615579    26.8765     10.382  270.53219  270.72088     2.4860     3.4077 0.0000e+00
 131.336739     10.503    13.4062  32.615172    26.8762     10.409  270.53291  270.72160     2.5949     3.4077 -9.990e-29
 131.336742     10.527    13.4062  32.615580    26.8762     10.432  270.53254  270.72122     2.6883     3.4238 -9.990e-29
 131.336745     10.541    13.4060  32.615172    26.8759     10.447  270.53388  270.72256     2.5949     3.4481 -9.990e-29
 131.336748     10.556    13.4060  32.613250    26.8742     10.461  270.53718  270.72588     2.0502     3.3875 -9.990e-29
 131.336751     10.572    13.4059  32.614997    26.8759     10.477  270.53483  270.72350     2.0969     3.3672 -9.990e-29
 131.336753     10.587    13.4060  32.613367    26.8743     10.492  270.53732  270.72601     2.0191     3.4077 -9.990e-29
 131.336756     10.607    13.4057  32.612726    26.8739     10.512  270.53969  270.72837     2.1124     3.4117 -9.990e-29
 131.336759     10.629    13.4056  32.613658    26.8748     10.533  270.53842  270.72709     1.6455     3.2136 -9.990e-29
 131.336762     10.658    13.4056  32.612319    26.8736     10.562  270.54073  270.72941     1.5833     3.2217 -9.990e-29
 131.336765     10.681    13.4054  32.613134    26.8749     10.586  270.53998  270.72864     1.5988     3.2459 -9.990e-29
 131.336768     10.712    13.4056  32.613775    26.8750     10.616  270.53827  270.72694     1.4587     3.2176 0.0000e+00
 131.336771     10.741    13.4055  32.614008    26.8750     10.645  270.53821  270.72687     1.3498     3.1529 0.0000e+00
 131.336774     10.771    13.4057  32.614357    26.8751     10.674  270.53700  270.72566     1.2875     3.1691 -9.990e-29
 131.336777     10.791    13.4057  32.614590    26.8755     10.694  270.53629  270.72496     1.2875     3.1691 -9.990e-29
 131.336780     10.811    13.4058  32.614998    26.8758     10.714  270.53529  270.72396     1.2720     3.1772 -9.990e-29
 131.336782     10.833    13.4060  32.617153    26.8777     10.736  270.53098  270.71964     1.7545     3.5896 -9.990e-29
 131.336785     10.844    13.4063  32.618668    26.8775     10.747  270.52681  270.71548     1.8945     3.5977 -9.990e-29
 131.336788     10.870    13.4066  32.617444    26.8775     10.772  270.52767  270.71636     1.7856     3.6503 0.0000e+00
 131.336791     10.895    13.4069  32.620124    26.8775     10.797  270.52183  270.71052     1.7700     3.5775 -9.990e-29
 131.336794     10.918    13.4070  32.620648    26.8795     10.821  270.52063  270.70932     1.9257     3.6260 -9.990e-29
 131.336797     10.953    13.4073  32.620299    26.8797     10.855  270.51967  270.70839     2.2525     3.4643 0.0000e+00
 131.336800     10.986    13.4076  32.620939    26.8799     10.888  270.51765  270.70637     2.4082     3.4845 0.0000e+00
 131.336803     11.012    13.4077  32.621930    26.8805     10.913  270.51534  270.70406     2.3615     3.4805 0.0000e+00
 131.336806     11.037    13.4079  32.621813    26.8806     10.938  270.51461  270.70335     2.4237     3.4966 0.0000e+00
 131.336808     11.063    13.4081  32.621755    26.8805     10.963  270.51409  270.70284     1.3031     3.4036 -9.990e-29
 131.336811     11.086    13.4083  32.622571    26.8809     10.987  270.51176  270.70052     1.3965     3.3794 -9.990e-29
 131.336814     11.108    13.4083  32.622338    26.8807     11.009  270.51217  270.70093     1.4587     3.4238 -9.990e-29
 131.336817     11.123    13.4084  32.623037    26.8812     11.023  270.51035  270.69912     1.2564     3.3470 -9.990e-29
 131.336820     11.138    13.4085  32.622338    26.8805     11.038  270.51125  270.70002     1.8945     3.2783 -9.990e-29
 131.336823     11.151    13.4086  32.623386    26.8814     11.051  270.50914  270.69791     1.8634     3.2904 -9.990e-29
 131.336826     11.163    13.4087  32.622571    26.8806     11.063  270.51023  270.69901     1.7856     3.2702 -9.990e-29
 131.336829     11.180    13.4089  32.623619    26.8814     11.080  270.50750  270.69628     1.7545     3.2864 -9.990e-29
 131.336832     11.198    13.4089  32.623386    26.8811     11.098  270.50759  270.69638     3.0619     3.1691 -9.990e-29
 131.336834     11.222    13.4091  32.623212    26.8808     11.121  270.50728  270.69608     3.0463     3.1529 -9.990e-29
 131.336837     11.257    13.4092  32.623212    26.8801     11.156  270.50698  270.69579     3.0307     3.1731 0.0000e+00
 131.336840     11.286    13.4091  32.621639    26.8805     11.185  270.51001  270.69883     3.1241     3.1610 0.0000e+00
 131.336843     11.321    13.4092  32.622979    26.8801     11.220  270.50711  270.69592     3.0152     3.1327 0.0000e+00
 131.336846     11.355    13.4095  32.622746    26.8805     11.254  270.50658  270.69541     0.7895     3.2540 0.0000e+00
 131.336849     11.387    13.4093  32.623387    26.8808     11.285  270.50613  270.69495     0.9296     3.2217 0.0000e+00
 131.336852     11.414    13.4095  32.623969    26.8810     11.312  270.50452  270.69334     0.7895     3.2338 0.0000e+00
 131.336855     11.440    13.4095  32.622979    26.8812     11.337  270.50592  270.69475     0.8829     3.2055 -9.990e-29
 131.336858     11.460    13.4098  32.624843    26.8818     11.358  270.50148  270.69031     1.6299     3.0599 -9.990e-29
 131.336861     11.473    13.4097  32.624028    26.8811     11.370  270.50351  270.69234     1.7545     3.0437 -9.990e-29
 131.336863     11.491    13.4097  32.624203    26.8813     11.388  270.50323  270.69205     1.6611     3.0276 -9.990e-29
 131.336866     11.509    13.4098  32.624785    26.8817     11.406  270.50161  270.69044     1.5210     3.0518 -9.990e-29
 131.336869     11.523    13.4097  32.626882    26.8836     11.420  270.49834  270.68715     0.7584     2.9912 -9.990e-29
 131.336872     11.545    13.4101  32.626649    26.8832     11.442  270.49717  270.68601     0.8206     2.9750 -9.990e-29
 131.336875     11.572    13.4103  32.627290    26.8836     11.469  270.49546  270.68430     0.7272     2.9548 -9.990e-29
 131.336878     11.596    13.4106  32.628106    26.8841     11.492  270.49250  270.68136     0.7739     2.9669 -9.990e-29
 131.336881     11.625    13.4108  32.628747    26.8846     11.521  270.49079  270.67965     1.4276     3.1812 -9.990e-29
 131.336884     11.645    13.4110  32.628747    26.8844     11.541  270.48986  270.67873     1.3498     3.2257 -9.990e-29
 131.336887     11.669    13.4112  32.630145    26.8855     11.564  270.48653  270.67540     1.3965     3.2176 -9.990e-29
 131.336889     11.694    13.4116  32.631193    26.8862     11.589  270.48317  270.67206     1.3498     3.2136 -9.990e-29
 131.336892     11.718    13.4119  32.631193    26.8860     11.613  270.48193  270.67083     1.4276     3.2176 -9.990e-29
 131.336895     11.738    13.4122  32.628747    26.8836     11.633  270.48487  270.67381     1.0696     3.3106 -9.990e-29
 131.336898     11.756    13.4122  32.632766    26.8872     11.650  270.47799  270.66690     1.1163     3.2742 -9.990e-29
 131.336901     11.776    13.4125  32.633232    26.8874     11.670  270.47563  270.66456     1.0852     3.2945 -9.990e-29
 131.336904     11.797    13.4127  32.631776    26.8859     11.692  270.47719  270.66615     1.0696     3.3025 -9.990e-29
 131.336907     11.812    13.4128  32.633873    26.8878     11.706  270.47329  270.66224     2.0813     3.0963 -9.990e-29
 131.336910     11.839    13.4130  32.634339    26.8881     11.733  270.47188  270.66083     2.1747     3.0963 -9.990e-29
 131.336913     11.858    13.4130  32.634456    26.8881     11.752  270.47138  270.66033     2.0813     3.0963 -9.990e-29
 131.336916     11.884    13.4131  32.635272    26.8888     11.777  270.46968  270.65863     2.1280     3.1206 -9.990e-29
 131.336918     11.906    13.4134  32.634689    26.8881     11.799  270.46943  270.65840     0.8829     3.1408 -9.990e-29
 131.336921     11.928    13.4135  32.634922    26.8889     11.821  270.46873  270.65770     0.8984     3.1448 -9.990e-29
 131.336924     11.961    13.4135  32.635680    26.8888     11.853  270.46745  270.65642     0.8362     3.1448 0.0000e+00
 131.336927     11.988    13.4135  32.635680    26.8888     11.881  270.46716  270.65613     0.9762     3.1367 0.0000e+00
 131.336930     12.025    13.4135  32.635680    26.8888     11.917  270.46718  270.65615     1.1630     3.1812 0.0000e+00
 131.336933     12.056    13.4136  32.635913    26.8889     11.948  270.46648  270.65546     1.1630     3.2500 0.0000e+00
 131.336936     12.085    13.4137  32.635913    26.8890     11.977  270.46619  270.65516     1.1008     3.2055 -9.990e-29
 131.336939     12.107    13.4137  32.635680    26.8887     11.999  270.46660  270.65558     1.0852     3.1974 -9.990e-29
 131.336942     12.131    13.4137  32.634690    26.8878     12.022  270.46831  270.65730     1.1786     3.2055 -9.990e-29
 131.336944     12.146    13.4136  32.634340    26.8875     12.037  270.46923  270.65822     4.7739     3.3187 -9.990e-29
 131.336947     12.166    13.4135  32.633874    26.8871     12.057  270.47036  270.65935     4.7272     3.3268 -9.990e-29
 131.336950     12.173    13.4136  32.635273    26.8883     12.064  270.46765  270.65663     4.7739     3.3672 -9.990e-29
 131.336953     12.195    13.4136  32.635273    26.8883     12.086  270.46767  270.65665     4.8829     3.3632 -9.990e-29
 131.336956     12.213    13.4135  32.633758    26.8870     12.104  270.47059  270.65958     0.8984     3.1651 -9.990e-29
 131.336959     12.233    13.4136  32.635273    26.8883     12.124  270.46769  270.65667     0.7895     3.1570 -9.990e-29
 131.336962     12.257    13.4136  32.635506    26.8887     12.147  270.46731  270.65628     0.8984     3.1610 -9.990e-29
 131.336965     12.283    13.4134  32.635506    26.8887     12.173  270.46827  270.65723     0.8362     3.1570 0.0000e+00
 131.336968     12.310    13.4135  32.635914    26.8887     12.200  270.46727  270.65624     1.0696     3.3955 -9.990e-29
 131.336970     12.332    13.4133  32.636904    26.8900     12.222  270.46622  270.65517     1.1786     3.4238 -9.990e-29
 131.336973     12.358    13.4135  32.638361    26.8911     12.247  270.46279  270.65174     1.0852     3.3996 -9.990e-29
 131.336976     12.378    13.4139  32.639584    26.8920     12.267  270.45913  270.64810     1.0541     3.4077 -9.990e-29
 131.336979     12.400    13.4143  32.641390    26.8956     12.289  270.45416  270.64313     0.8517     3.4077 -9.990e-29
 131.336982     12.426    13.4149  32.644304    26.8952     12.314  270.44667  270.63565     0.9296     3.0923 0.0000e+00
 131.336985     12.451    13.4160  32.644303    26.8950     12.339  270.44227  270.63131     0.9607     3.1044 0.0000e+00
 131.336988     12.484    13.4165  32.644944    26.8948     12.372  270.43867  270.62774     0.8829     3.0963 0.0000e+00
