Processed/SBE19plus_01907321_2022_05_06_Cast53_wfilter.cnv
* Sea-Bird SBE19plus  Data File:
* FileName = E:\Prandtl Daten\2022\CTD\Raw\SBE19plus_01907321_2022_05_06_Cast53.hex
* Software version 2.6.1.12
* Temperature SN = 7321
* Conductivity SN = 7321
* System UpLoad Time = May 06 2022 12:33:35
* <ApplicationData>
* <Seaterm232>
** Messpraktikum 2022
** CTD 06.05 MP1
** NMEA Latitude = 54 04.68 N
** NMEA Longitude = 008 41.76 E
# nquan = 11
# nvalues = 313                         
# units = specified
# name 0 = timeJ: Julian Days
# name 1 = prdM: Pressure, Strain Gauge [db]
# name 2 = tv290C: Temperature [ITS-90, deg C]
# name 3 = c0mS/cm: Conductivity [mS/cm]
# name 4 = sal00: Salinity, Practical [PSU]
# name 5 = depSM: Depth [salt water, m], lat = 54.00
# name 6 = oxsatMm/Kg: Oxygen Saturation, Weiss [umol/kg]
# name 7 = oxsolMm/Kg: Oxygen Saturation, Garcia & Gordon [umol/kg]
# name 8 = turbWETntu0: Turbidity, WET Labs ECO [NTU]
# name 9 = flECO-AFL: Fluorescence, WET Labs ECO-AFL/FL [mg/m^3]
# name 10 = flag:  0.000e+00
# span 0 = 126.520133, 126.521036       
# span 1 =      0.559,      8.642       
# span 2 =    12.0579,    12.6381       
# span 3 =  31.177498,  31.894869       
# span 4 =    26.4970,    26.7642       
# span 5 =      0.554,      8.565       
# span 6 =  275.16962,  279.08197       
# span 7 =  275.31615,  279.19719       
# span 8 =    43.0619,   146.5171       
# span 9 =    12.3563,    19.8693       
# span 10 = 0.0000e+00, 0.0000e+00      
# interval = seconds: 0.25
# start_time = May 06 2022 12:27:50 [Instrument's time stamp, header]
# bad_flag = -9.990e-29
*END*
[from data line 132]
 126.520515      4.049    12.1000  31.238453    26.5267      4.013  278.77661  278.89399   108.3848    18.2397 0.0000e+00
 126.520518      4.077    12.1010  31.238625    26.5269      4.040  278.77183  278.88927   108.3692    18.2397 0.0000e+00
 126.520521      4.111    12.1019  31.238797    26.5267      4.075  278.76738  278.88488   110.6105    17.9607 -9.990e-29
 126.520524      4.135    12.1022  31.238797    26.5265      4.098  278.76579  278.88332   110.7817    17.9607 -9.990e-29
 126.520527      4.161    12.1025  31.239599    26.5265      4.124  278.76338  278.88091   110.8440    17.9931 0.0000e+00
 126.520530      4.186    12.1027  31.239599    26.5265      4.149  278.76212  278.87967   110.6416    17.9850 -9.990e-29
 126.520532      4.207    12.1028  31.241718    26.5282      4.169  278.75792  278.87546   110.6883    17.9607 -9.990e-29
 126.520535      4.232    12.1034  31.243322    26.5293      4.194  278.75212  278.86968   109.6611    18.3772 -9.990e-29
 126.520538      4.252    12.1041  31.245269    26.5306      4.214  278.74536  278.86295   109.6455    18.4217 -9.990e-29
 126.520541      4.276    12.1053  31.248992    26.5332      4.238  278.73311  278.85075   109.8167    18.3489 -9.990e-29
 126.520544      4.302    12.1069  31.250138    26.5342      4.263  278.72399  278.84172   109.6455    18.3085 0.0000e+00
 126.520547      4.328    12.1085  31.253575    26.5352      4.289  278.71003  278.82783   107.1708    18.0254 0.0000e+00
 126.520550      4.360    12.1106  31.256954    26.5369      4.321  278.69426  278.81217   107.1397    18.0133 0.0000e+00
 126.520553      4.391    12.1129  31.261251    26.5392      4.352  278.67617  278.79419   107.2486    18.0254 0.0000e+00
 126.520556      4.420    12.1154  31.263027    26.5392      4.381  278.66142  278.77959   107.1708    17.9971 0.0000e+00
 126.520558      4.455    12.1172  31.261079    26.5361      4.415  278.65702  278.77532   117.1008    18.5309 0.0000e+00
 126.520561      4.484    12.1182  31.261079    26.5358      4.444  278.65224  278.77061   117.1008    18.5794 0.0000e+00
 126.520564      4.515    12.1184  31.257527    26.5354      4.475  278.65781  278.77623   117.1163    18.5390 -9.990e-29
 126.520567      4.537    12.1172  31.255579    26.5310      4.497  278.66715  278.78551   117.1319    18.5228 -9.990e-29
 126.520570      4.563    12.1162  31.259876    26.5356      4.522  278.66345  278.78171   122.9685    18.2681 -9.990e-29
 126.520573      4.581    12.1168  31.256611    26.5322      4.540  278.66689  278.78522   122.7973    18.3044 -9.990e-29
 126.520576      4.604    12.1165  31.254033    26.5299      4.563  278.67291  278.79124   122.9062    18.3085 -9.990e-29
 126.520579      4.626    12.1151  31.248591    26.5258      4.585  278.68929  278.80759   122.8906    18.2802 -9.990e-29
 126.520582      4.646    12.1130  31.246644    26.5247      4.605  278.70279  278.82097   122.8751    18.3166 -9.990e-29
 126.520584      4.676    12.1110  31.244296    26.5247      4.634  278.71607  278.83414   120.2759    18.4136 0.0000e+00
 126.520587      4.705    12.1088  31.242521    26.5246      4.662  278.72927  278.84720   120.4782    18.3651 0.0000e+00
 126.520590      4.732    12.1076  31.241376    26.5243      4.690  278.73683  278.85469   120.1825    18.3974 0.0000e+00
 126.520593      4.765    12.1062  31.233186    26.5187      4.722  278.75826  278.87612   120.2136    18.4298 0.0000e+00
 126.520596      4.798    12.1031  31.231984    26.5183      4.755  278.77489  278.89255   123.9179    18.3449 0.0000e+00
 126.520599      4.829    12.1002  31.229350    26.5187      4.785  278.79286  278.91036   123.5755    18.3085 0.0000e+00
 126.520602      4.860    12.0981  31.229293    26.5183      4.816  278.80291  278.92026   123.7622    18.2923 0.0000e+00
 126.520605      4.892    12.0964  31.225571    26.5185      4.849  278.81712  278.93440   123.8245    18.2600 0.0000e+00
 126.520608      4.918    12.0950  31.221448    26.5174      4.874  278.83142  278.94864   126.4393    18.2317 -9.990e-29
 126.520611      4.942    12.0925  31.216238    26.5114      4.898  278.85220  278.96931   126.6416    18.2195 -9.990e-29
 126.520613      4.965    12.0896  31.208394    26.5061      4.921  278.88005  278.99705   126.5638    18.2236 -9.990e-29
 126.520616      4.980    12.0853  31.203529    26.5045      4.936  278.90852  279.02528   126.6727    18.1953 -9.990e-29
 126.520619      5.011    12.0810  31.201812    26.5060      4.967  278.93154  279.04802   113.1008    18.0942 -9.990e-29
 126.520622      5.035    12.0778  31.204102    26.5131      4.990  278.94208  279.05832   113.2408    18.0537 -9.990e-29
 126.520625      5.061    12.0770  31.206449    26.5144      5.015  278.94131  279.05747   113.2253    18.0133 0.0000e+00
 126.520628      5.093    12.0775  31.209598    26.5150      5.048  278.93331  279.04947   113.0385    18.0335 0.0000e+00
 126.520631      5.119    12.0785  31.209598    26.5157      5.073  278.92884  279.04507   113.1475    18.0780 0.0000e+00
 126.520634      5.154    12.0796  31.212289    26.5153      5.108  278.91881  279.03508   129.8012    18.4500 0.0000e+00
 126.520637      5.181    12.0806  31.211545    26.5166      5.134  278.91571  279.03206   129.8012    18.4136 0.0000e+00
 126.520639      5.208    12.0811  31.213262    26.5166      5.161  278.91001  279.02638   130.0035    18.3974 0.0000e+00
 126.520642      5.234    12.0819  31.214465    26.5168      5.187  278.90430  279.02071   129.9101    18.4136 0.0000e+00
 126.520645      5.263    12.0832  31.214980    26.5171      5.215  278.89761  279.01410   124.1358    17.9607 -9.990e-29
 126.520648      5.282    12.0839  31.213491    26.5148      5.235  278.89684  279.01340   124.1669    17.9769 -9.990e-29
 126.520651      5.303    12.0839  31.210171    26.5116      5.255  278.90295  279.01954   124.3537    17.9810 -9.990e-29
 126.520654      5.325    12.0833  31.206278    26.5084      5.277  278.91299  279.02958   124.4315    18.0052 -9.990e-29
 126.520657      5.346    12.0818  31.202385    26.5058      5.298  278.92687  279.04341   121.5210    18.2236 -9.990e-29
 126.520660      5.370    12.0794  31.204332    26.5093      5.322  278.93420  279.05055   121.3187    18.2317 -9.990e-29
 126.520663      5.395    12.0781  31.205477    26.5112      5.347  278.93820  279.05445   121.4432    18.1548 -9.990e-29
 126.520666      5.424    12.0778  31.205134    26.5116      5.376  278.94013  279.05636   121.4120    18.1265 0.0000e+00
 126.520668      5.459    12.0776  31.205935    26.5121      5.410  278.93996  279.05617   117.9101    18.2721 0.0000e+00
 126.520671      5.490    12.0778  31.208397    26.5138      5.441  278.93418  279.05038   117.9101    18.3166 0.0000e+00
 126.520674      5.523    12.0787  31.208626    26.5138      5.473  278.92994  279.04619   117.8478    18.3004 0.0000e+00
 126.520677      5.552    12.0793  31.208397    26.5135      5.502  278.92750  279.04380   117.8790    18.2842 0.0000e+00
 126.520680      5.585    12.0797  31.208626    26.5132      5.535  278.92550  279.04182   117.7545    18.3004 -9.990e-29
 126.520683      5.609    12.0806  31.209599    26.5133      5.559  278.91925  279.03562   119.4976    18.1063 -9.990e-29
 126.520686      5.629    12.0808  31.205878    26.5097      5.578  278.92545  279.04188   119.5599    18.0820 -9.990e-29
 126.520689      5.653    12.0805  31.208397    26.5123      5.602  278.92212  279.03850   119.7155    18.1104 -9.990e-29
 126.520692      5.676    12.0801  31.204733    26.5091      5.626  278.93079  279.04718   119.6533    18.1063 -9.990e-29
 126.520694      5.695    12.0791  31.206680    26.5116      5.644  278.93171  279.04801   124.1202    18.7169 -9.990e-29
 126.520697      5.718    12.0784  31.206852    26.5126      5.667  278.93461  279.05086   123.9490    18.7250 -9.990e-29
 126.520700      5.746    12.0780  31.206852    26.5127      5.694  278.93655  279.05277   124.0735    18.6926 0.0000e+00
 126.520703      5.777    12.0778  31.207081    26.5126      5.725  278.93711  279.05332   123.8868    18.7088 0.0000e+00
 126.520706      5.804    12.0776  31.204333    26.5125      5.752  278.94281  279.05904   125.4899    19.1172 0.0000e+00
 126.520709      5.835    12.0778  31.206681    26.5125      5.783  278.93756  279.05378   125.3965    19.1172 0.0000e+00
 126.520712      5.863    12.0778  31.207253    26.5125      5.810  278.93653  279.05274   125.4276    19.1415 0.0000e+00
 126.520715      5.892    12.0783  31.206337    26.5119      5.839  278.93631  279.05256   125.6144    19.1172 0.0000e+00
 126.520718      5.919    12.0786  31.206280    26.5117      5.866  278.93483  279.05111   130.6727    19.1132 0.0000e+00
 126.520720      5.945    12.0784  31.204906    26.5115      5.892  278.93833  279.05461   130.6105    19.1253 -9.990e-29
 126.520723      5.968    12.0780  31.204334    26.5101      5.915  278.94132  279.05757   130.7506    19.1617 -9.990e-29
 126.520726      5.985    12.0776  31.206681    26.5126      5.931  278.93862  279.05483   130.7661    19.1415 -9.990e-29
 126.520729      6.003    12.0779  31.204506    26.5103      5.949  278.94135  279.05759   130.9062    19.1334 -9.990e-29
 126.520732      6.021    12.0785  31.206452    26.5118      5.967  278.93522  279.05149   128.7895    19.0727 -9.990e-29
 126.520735      6.045    12.0785  31.203189    26.5089      5.991  278.94091  279.05722   128.8206    19.0808 -9.990e-29
 126.520738      6.076    12.0774  31.202674    26.5092      6.022  278.94700  279.06323   129.1163    19.0687 0.0000e+00
 126.520741      6.107    12.0765  31.202560    26.5089      6.052  278.95139  279.06757   128.8517    19.0444 0.0000e+00
 126.520744      6.138    12.0758  31.200842    26.5083      6.083  278.95777  279.07391   129.9101    18.9555 0.0000e+00
 126.520747      6.175    12.0753  31.199640    26.5075      6.119  278.96224  279.07837   129.9879    18.9231 0.0000e+00
 126.520749      6.202    12.0745  31.196721    26.5062      6.146  278.97146  279.08756   129.9101    18.9150 0.0000e+00
 126.520752      6.235    12.0733  31.196721    26.5062      6.179  278.97693  279.09294   129.9101    18.9231 0.0000e+00
 126.520755      6.267    12.0721  31.198095    26.5072      6.211  278.97987  279.09579   130.4082    18.4298 0.0000e+00
 126.520758      6.297    12.0720  31.197523    26.5083      6.240  278.98126  279.09718   130.5171    18.4136 -9.990e-29
 126.520761      6.320    12.0721  31.195920    26.5063      6.264  278.98390  279.09984   130.8128    18.4298 -9.990e-29
 126.520764      6.344    12.0717  31.195749    26.5064      6.287  278.98615  279.10207   130.5794    18.4055 -9.990e-29
 126.520767      6.364    12.0714  31.195005    26.5059      6.308  278.98881  279.10472   130.5015    18.4258 -9.990e-29
 126.520770      6.379    12.0706  31.191284    26.5030      6.322  278.99918  279.11507   128.5093    19.0647 -9.990e-29
 126.520773      6.401    12.0693  31.191857    26.5065      6.344  279.00422  279.12002   128.4315    19.0566 -9.990e-29
 126.520775      6.430    12.0681  31.193231    26.5063      6.373  279.00716  279.12287   128.3848    19.0566 0.0000e+00
 126.520778      6.456    12.0680  31.192658    26.5061      6.398  279.00887  279.12457   128.4159    19.0808 0.0000e+00
 126.520781      6.485    12.0678  31.192429    26.5061      6.427  279.00995  279.12565   128.0113    19.0687 0.0000e+00
 126.520784      6.518    12.0678  31.194261    26.5060      6.459  279.00693  279.12260   128.0424    19.0727 0.0000e+00
 126.520787      6.549    12.0684  31.191857    26.5054      6.490  279.00848  279.12422   128.2136    19.0444 0.0000e+00
 126.520790      6.578    12.0689  31.192659    26.5050      6.519  279.00479  279.12055   128.2292    19.0808 0.0000e+00
 126.520793      6.609    12.0690  31.192258    26.5049      6.550  279.00491  279.12068   130.9996    19.0727 0.0000e+00
 126.520796      6.638    12.0688  31.191686    26.5047      6.579  279.00694  279.12271   131.0307    19.0889 0.0000e+00
 126.520799      6.664    12.0688  31.191457    26.5045      6.604  279.00738  279.12315   131.0930    19.0647 -9.990e-29
 126.520802      6.688    12.0684  31.190713    26.5039      6.628  279.01068  279.12643   130.8751    19.0566 -9.990e-29
 126.520804      6.704    12.0676  31.190598    26.5043      6.644  279.01442  279.13012   132.4159    19.0889 -9.990e-29
 126.520807      6.724    12.0672  31.188939    26.5031      6.664  279.01941  279.13510   132.4159    19.0283 -9.990e-29
 126.520810      6.744    12.0664  31.188939    26.5044      6.684  279.02326  279.13890   132.7272    19.0727 -9.990e-29
 126.520813      6.770    12.0660  31.189511    26.5038      6.709  279.02383  279.13943   132.6183    19.1051 0.0000e+00
 126.520816      6.797    12.0663  31.188367    26.5034      6.736  279.02467  279.14030   132.4159    19.0404 0.0000e+00
 126.520819      6.826    12.0662  31.188538    26.5031      6.765  279.02501  279.14064   131.6222    18.6926 0.0000e+00
 126.520822      6.857    12.0662  31.187966    26.5033      6.796  279.02577  279.14140   131.4821    18.7654 0.0000e+00
 126.520825      6.890    12.0663  31.188539    26.5033      6.828  279.02442  279.14005   131.9490    18.7412 0.0000e+00
 126.520828      6.923    12.0661  31.189168    26.5039      6.861  279.02424  279.13985   131.8089    18.7533 0.0000e+00
 126.520830      6.952    12.0662  31.189168    26.5039      6.890  279.02362  279.13924   130.7661    17.9810 0.0000e+00
 126.520833      6.983    12.0669  31.188195    26.5030      6.921  279.02255  279.13822   130.4860    17.9405 0.0000e+00
 126.520836      7.009    12.0666  31.188539    26.5027      6.946  279.02321  279.13887   130.6727    17.9284 0.0000e+00
 126.520839      7.036    12.0664  31.189340    26.5030      6.973  279.02240  279.13803   130.7506    17.9890 -9.990e-29
 126.520842      7.060    12.0667  31.186994    26.5015      6.996  279.02577  279.14144   127.5910    17.4836 -9.990e-29
 126.520845      7.074    12.0662  31.186593    26.5014      7.011  279.02843  279.14408   127.7155    17.5725 -9.990e-29
 126.520848      7.092    12.0653  31.185277    26.5009      7.029  279.03535  279.15094   127.6844    17.4674 -9.990e-29
 126.520851      7.112    12.0641  31.185449    26.5020      7.049  279.04049  279.15600   127.8089    17.5523 -9.990e-29
 126.520854      7.138    12.0634  31.185048    26.5021      7.074  279.04444  279.15992   130.6727    18.3287 0.0000e+00
 126.520856      7.163    12.0631  31.185048    26.5022      7.099  279.04574  279.16119   130.6727    18.3368 0.0000e+00
 126.520859      7.198    12.0626  31.185277    26.5022      7.133  279.04759  279.16300   130.5015    18.3004 0.0000e+00
 126.520862      7.227    12.0625  31.184476    26.5023      7.162  279.04972  279.16513   130.7817    18.3206 0.0000e+00
 126.520865      7.258    12.0623  31.184648    26.5021      7.193  279.05006  279.16547   130.7350    18.2478 0.0000e+00
 126.520868      7.287    12.0622  31.183332    26.5018      7.222  279.05314  279.16855   128.6805    17.5523 0.0000e+00
 126.520871      7.318    12.0619  31.184648    26.5012      7.252  279.05202  279.16740   128.7428    17.4755 -9.990e-29
 126.520874      7.341    12.0618  31.183847    26.5019      7.276  279.05383  279.16921   128.7117    17.4755 -9.990e-29
 126.520877      7.367    12.0620  31.184877    26.5027      7.301  279.05100  279.16638   128.5093    17.4674 -9.990e-29
 126.520880      7.391    12.0621  31.182702    26.5006      7.325  279.05469  279.17010   130.8906    18.3166 -9.990e-29
 126.520883      7.412    12.0621  31.182931    26.5008      7.346  279.05428  279.16969   131.0307    18.2883 -9.990e-29
 126.520885      7.431    12.0621  31.184477    26.5022      7.364  279.05145  279.16685   131.0463    18.2883 -9.990e-29
 126.520888      7.453    12.0620  31.184649    26.5027      7.386  279.05179  279.16718   131.1708    18.2842 -9.990e-29
