Processed/SBE19plus_01907321_2022_05_06_Cast45_wfilter.cnv
* Sea-Bird SBE19plus  Data File:
* FileName = E:\Prandtl Daten\2022\CTD\Raw\SBE19plus_01907321_2022_05_06_Cast45.hex
* Software version 2.6.1.12
* Temperature SN = 7321
* Conductivity SN = 7321
* System UpLoad Time = May 06 2022 10:32:32
* <ApplicationData>
* <Seaterm232>
** Messpraktikum 2022
** CTD 06.05 MP1
** NMEA Latitude = 54 04.743 N
** NMEA Longitude = 008 41.763 E
# nquan = 11
# nvalues = 269                         
# units = specified
# name 0 = timeJ: Julian Days
# name 1 = prdM: Pressure, Strain Gauge [db]
# name 2 = tv290C: Temperature [ITS-90, deg C]
# name 3 = c0mS/cm: Conductivity [mS/cm]
# name 4 = sal00: Salinity, Practical [PSU]
# name 5 = depSM: Depth [salt water, m], lat = 54.00
# name 6 = oxsatMm/Kg: Oxygen Saturation, Weiss [umol/kg]
# name 7 = oxsolMm/Kg: Oxygen Saturation, Garcia & Gordon [umol/kg]
# name 8 = turbWETntu0: Turbidity, WET Labs ECO [NTU]
# name 9 = flECO-AFL: Fluorescence, WET Labs ECO-AFL/FL [mg/m^3]
# name 10 = flag:  0.000e+00
# span 0 = 126.435582, 126.436357       
# span 1 =      0.598,      6.081       
# span 2 =    12.4055,    12.5623       
# span 3 =  31.764572,  32.024615       
# span 4 =    26.8016,    26.9341       
# span 5 =      0.592,      6.026       
# span 6 =  275.26714,  276.42995       
# span 7 =  275.40746,  276.56242       
# span 8 =    15.7467,    52.3070       
# span 9 =     8.5148,    13.5208       
# span 10 = 0.0000e+00, 0.0000e+00      
# interval = seconds: 0.25
# start_time = May 06 2022 10:25:48 [Instrument's time stamp, header]
# bad_flag = -9.990e-29
*END*
[from data line 132]
 126.435964      2.973    12.4136  31.780484    26.8117      2.946  276.36863  276.50150    17.1008     9.0081 -9.990e-29
 126.435966      2.996    12.4138  31.781868    26.8128      2.970  276.36520  276.49807    17.1163     9.0162 -9.990e-29
 126.435969      3.020    12.4140  31.783829    26.8145      2.993  276.36073  276.49359    17.1008     9.0283 -9.990e-29
 126.435972      3.038    12.4145  31.790229    26.8201      3.011  276.34729  276.48012    17.5677     9.5014 -9.990e-29
 126.435975      3.059    12.4158  31.793977    26.8226      3.031  276.33452  276.46740    17.5054     9.4570 -9.990e-29
 126.435978      3.071    12.4174  31.797552    26.8248      3.044  276.32078  276.45373    17.6299     9.5136 -9.990e-29
 126.435981      3.088    12.4194  31.811913    26.8368      3.060  276.28601  276.41895    17.5677     9.4934 -9.990e-29
 126.435984      3.110    12.4231  31.819469    26.8412      3.082  276.25559  276.38871    17.6299     9.4812 -9.990e-29
 126.435987      3.132    12.4268  31.824834    26.8440      3.104  276.22944  276.36275    17.3498     9.2790 -9.990e-29
 126.435990      3.159    12.4300  31.827833    26.8440      3.131  276.20978  276.34327    17.3654     9.2993 0.0000e+00
 126.435992      3.190    12.4325  31.832737    26.8440      3.162  276.18955  276.32315    17.3965     9.2912 -9.990e-29
 126.435995      3.215    12.4348  31.834641    26.8469      3.187  276.17599  276.30972    17.2875     9.3195 -9.990e-29
 126.435998      3.243    12.4365  31.834641    26.8457      3.214  276.16839  276.30224    16.8517     8.9717 -9.990e-29
 126.436001      3.266    12.4374  31.827660    26.8409      3.237  276.17717  276.31115    16.7584     8.9555 -9.990e-29
 126.436004      3.294    12.4370  31.829852    26.8409      3.264  276.17483  276.30876    16.8206     8.9555 0.0000e+00
 126.436007      3.321    12.4364  31.833256    26.8409      3.291  276.17125  276.30511    16.8050     8.9879 -9.990e-29
 126.436010      3.341    12.4368  31.836025    26.8468      3.311  276.16469  276.29855    16.0424     8.9919 -9.990e-29
 126.436013      3.363    12.4379  31.831410    26.8417      3.333  276.16795  276.30192    16.1980     9.0081 -9.990e-29
 126.436016      3.374    12.4377  31.826275    26.8370      3.344  276.17815  276.31217    16.0580     8.9515 -9.990e-29
 126.436019      3.396    12.4366  31.819296    26.8313      3.366  276.19581  276.32982    16.2292     8.9596 -9.990e-29
 126.436021      3.414    12.4347  31.814681    26.8283      3.384  276.21239  276.34632    16.6650     8.9839 -9.990e-29
 126.436024      3.436    12.4328  31.816066    26.8310      3.406  276.21879  276.35258    16.5560     8.9798 -9.990e-29
 126.436027      3.465    12.4318  31.815316    26.8310      3.434  276.22461  276.35833    16.5871     8.9717 -9.990e-29
 126.436030      3.489    12.4309  31.813528    26.8283      3.458  276.23197  276.36565    16.5560     8.9636 -9.990e-29
 126.436033      3.518    12.4298  31.810933    26.8283      3.487  276.24142  276.37506    16.6183     8.9717 0.0000e+00
 126.436036      3.546    12.4285  31.810299    26.8283      3.514  276.24830  276.38186    18.7194     9.1052 -9.990e-29
 126.436039      3.569    12.4275  31.814106    26.8329      3.537  276.24589  276.37935    18.8284     9.1254 -9.990e-29
 126.436042      3.595    12.4276  31.819701    26.8380      3.563  276.23551  276.36892    18.9218     9.0930 -9.990e-29
 126.436045      3.620    12.4289  31.822470    26.8396      3.588  276.22451  276.35798    18.8751     9.0890 -9.990e-29
 126.436047      3.637    12.4306  31.833027    26.8483      3.604  276.19820  276.33167    18.8595     9.5338 -9.990e-29
 126.436050      3.657    12.4340  31.859339    26.8704      3.624  276.13559  276.26903    18.7817     9.5540 -9.990e-29
 126.436053      3.671    12.4412  31.862744    26.8684      3.639  276.09713  276.23101    18.8128     9.5702 -9.990e-29
 126.436056      3.684    12.4473  31.863955    26.8652      3.651  276.06770  276.20197    18.6883     9.5783 -9.990e-29
 126.436059      3.704    12.4507  31.857953    26.8571      3.671  276.06298  276.19754    17.2720     9.6915 -9.990e-29
 126.436062      3.728    12.4511  31.850970    26.8504      3.695  276.07397  276.20863    17.3809     9.6794 -9.990e-29
 126.436065      3.753    12.4497  31.849470    26.8500      3.720  276.08303  276.21761    17.3498     9.6834 -9.990e-29
 126.436068      3.777    12.4481  31.846758    26.8520      3.743  276.09491  276.22941    17.1941     9.6915 -9.990e-29
 126.436071      3.808    12.4469  31.849586    26.8520      3.774  276.09523  276.22962    18.0969     9.3033 0.0000e+00
 126.436073      3.836    12.4467  31.846008    26.8520      3.802  276.10264  276.23706    18.0969     9.2952 -9.990e-29
 126.436076      3.860    12.4461  31.843008    26.8465      3.825  276.11091  276.24532    18.1747     9.3033 -9.990e-29
 126.436079      3.887    12.4446  31.836430    26.8414      3.852  276.12943  276.26380    17.9101     9.2831 -9.990e-29
 126.436082      3.912    12.4428  31.829046    26.8358      3.877  276.15068  276.28500    17.9724     9.2952 -9.990e-29
 126.436085      3.936    12.4405  31.824835    26.8335      3.901  276.16843  276.30265    18.5171    10.0554 -9.990e-29
 126.436088      3.956    12.4383  31.818489    26.8291      3.921  276.18970  276.32384    18.5015    10.0716 -9.990e-29
 126.436091      3.971    12.4362  31.817913    26.8301      3.935  276.20059  276.33459    18.5638    10.0675 -9.990e-29
 126.436094      3.987    12.4344  31.817279    26.8308      3.952  276.20967  276.34356    18.5327    10.0797 -9.990e-29
 126.436097      4.005    12.4336  31.817913    26.8319      3.970  276.21203  276.34586    18.4548    10.5811 -9.990e-29
 126.436100      4.020    12.4332  31.819471    26.8337      3.984  276.21114  276.34492    18.4860    10.6094 -9.990e-29
 126.436102      4.046    12.4332  31.819875    26.8340      4.009  276.21043  276.34421    18.5638    10.5649 -9.990e-29
 126.436105      4.070    12.4334  31.823451    26.8418      4.033  276.20305  276.33681    18.5638    10.5892 -9.990e-29
 126.436108      4.097    12.4341  31.828874    26.8447      4.060  276.19013  276.32388    20.6961    11.0299 0.0000e+00
 126.436111      4.124    12.4355  31.836201    26.8476      4.087  276.17060  276.30437    20.6650    11.0502 0.0000e+00
 126.436114      4.149    12.4376  31.841625    26.8494      4.112  276.15165  276.28551    20.8362    11.0340 0.0000e+00
 126.436117      4.177    12.4402  31.846587    26.8512      4.139  276.13100  276.26498    20.7895    11.0502 -9.990e-29
 126.436120      4.200    12.4426  31.852761    26.8579      4.163  276.10912  276.24319    22.6883    11.1796 -9.990e-29
 126.436123      4.225    12.4458  31.860321    26.8627      4.188  276.08125  276.21547    22.7039    11.1593 -9.990e-29
 126.436126      4.246    12.4490  31.863553    26.8634      4.208  276.06118  276.19557    22.6416    11.1796 -9.990e-29
 126.436128      4.260    12.4518  31.870536    26.8679      4.222  276.03594  276.17045    22.7973    11.1472 -9.990e-29
 126.436131      4.273    12.4549  31.885371    26.8795      4.235  275.99531  276.12988    22.6883    11.1674 -9.990e-29
 126.436134      4.291    12.4601  31.894897    26.8846      4.253  275.95473  276.08955    22.6105    11.3494 -9.990e-29
 126.436137      4.317    12.4663  31.910256    26.8945      4.278  275.89956  276.03464    22.4237    11.3858 -9.990e-29
 126.436140      4.339    12.4734  31.910660    26.8899      4.300  275.86717  276.00271    22.4704    11.3332 -9.990e-29
 126.436143      4.362    12.4788  31.907656    26.8832      4.323  275.84850  275.98443    22.4704    11.3494 -9.990e-29
 126.436146      4.393    12.4805  31.909042    26.8869      4.354  275.83811  275.97414    21.4587    11.0946 0.0000e+00
 126.436149      4.421    12.4812  31.917474    26.8869      4.381  275.82012  275.95612    21.4587    11.1068 0.0000e+00
 126.436152      4.450    12.4834  31.922440    26.8906      4.410  275.80108  275.93718    21.4899    11.0906 -9.990e-29
 126.436155      4.475    12.4862  31.927465    26.8963      4.435  275.77972  275.91595    21.4276    11.0865 -9.990e-29
 126.436157      4.501    12.4892  31.930238    26.8968      4.461  275.76145  275.89785    23.0152    10.9774 -9.990e-29
 126.436160      4.523    12.4920  31.934281    26.8985      4.482  275.74153  275.87808    22.9062    10.9572 -9.990e-29
 126.436163      4.545    12.4944  31.933876    26.8964      4.504  275.73150  275.86822    23.0930    10.9652 -9.990e-29
 126.436166      4.563    12.4960  31.936476    26.8977      4.522  275.71988  275.85667    23.0930    10.9895 -9.990e-29
 126.436169      4.580    12.4975  31.937862    26.8979      4.539  275.71075  275.84763    25.7700    11.6082 -9.990e-29
 126.436172      4.596    12.4987  31.941039    26.9000      4.555  275.69967  275.83660    25.7233    11.6041 -9.990e-29
 126.436175      4.616    12.5006  31.948030    26.9051      4.575  275.67859  275.81557    25.6922    11.6163 -9.990e-29
 126.436178      4.636    12.5033  31.946874    26.9021      4.595  275.66864  275.80581    25.6611    11.6244 -9.990e-29
 126.436181      4.660    12.5049  31.949647    26.9089      4.619  275.65640  275.79365    25.6455    11.5920 -9.990e-29
 126.436183      4.689    12.5063  31.956465    26.9102      4.647  275.63785  275.77513    27.3576    11.4707 0.0000e+00
 126.436186      4.718    12.5091  31.961492    26.9102      4.676  275.61650  275.75391    27.4354    11.5030 0.0000e+00
 126.436189      4.748    12.5118  31.962069    26.9116      4.705  275.60345  275.74103    27.4510    11.4950 -9.990e-29
 126.436192      4.769    12.5139  31.960856    26.9075      4.727  275.59614  275.73388    27.4665    11.4869 -9.990e-29
 126.436195      4.800    12.5148  31.960451    26.9065      4.758  275.59277  275.73057    27.3887    11.4950 -9.990e-29
 126.436198      4.821    12.5149  31.960856    26.9068      4.777  275.59174  275.72955    27.4510    11.4707 -9.990e-29
 126.436201      4.844    12.5150  31.964092    26.9097      4.801  275.58532  275.72310    27.3731    11.4707 -9.990e-29
 126.436204      4.861    12.5158  31.969061    26.9138      4.817  275.57325  275.71103    27.5288    11.4950 -9.990e-29
 126.436207      4.879    12.5177  31.977094    26.9198      4.835  275.54999  275.68782    24.4159    11.5718 -9.990e-29
 126.436209      4.894    12.5213  31.978712    26.9188      4.850  275.53127  275.66932    24.5871    11.6203 -9.990e-29
 126.436212      4.914    12.5241  31.980099    26.9181      4.870  275.51614  275.65436    24.4159    11.6284 -9.990e-29
 126.436215      4.932    12.5264  31.978712    26.9151      4.888  275.50851  275.64690    24.5093    11.6244 -9.990e-29
 126.436218      4.954    12.5272  31.975071    26.9111      4.909  275.51125  275.64973    28.9762    12.0772 -9.990e-29
 126.436221      4.983    12.5266  31.973684    26.9103      4.939  275.51661  275.65506    29.0541    12.0692 -9.990e-29
 126.436224      5.007    12.5255  31.974089    26.9124      4.962  275.52064  275.65902    28.8829    12.0328 -9.990e-29
 126.436227      5.036    12.5248  31.974493    26.9113      4.991  275.52342  275.66174    28.9918    12.0934 0.0000e+00
 126.436230      5.065    12.5243  31.971720    26.9113      5.020  275.53031  275.66863    28.9607    12.0570 0.0000e+00
 126.436233      5.091    12.5234  31.972298    26.9101      5.045  275.53341  275.67166    38.1903    12.5544 -9.990e-29
 126.436236      5.114    12.5229  31.973511    26.9127      5.068  275.53346  275.67167    38.1280    12.5099 -9.990e-29
 126.436238      5.136    12.5232  31.975072    26.9140      5.090  275.52941  275.66763    38.1591    12.5584 -9.990e-29
 126.436241      5.158    12.5236  31.977499    26.9159      5.112  275.52318  275.66139    38.1747    12.5382 -9.990e-29
 126.436244      5.172    12.5250  31.982932    26.9200      5.126  275.50743  275.64568    39.1864    12.7283 -9.990e-29
 126.436247      5.187    12.5275  31.987903    26.9229      5.141  275.48745  275.62582    39.1085    12.7283 -9.990e-29
 126.436250      5.205    12.5305  31.994203    26.9265      5.159  275.46256  275.60107    39.1085    12.7283 -9.990e-29
 126.436253      5.227    12.5345  31.995764    26.9251      5.181  275.44206  275.58081    39.2019    12.7364 -9.990e-29
 126.436256      5.249    12.5371  31.995764    26.9233      5.202  275.43036  275.56929    43.4198    13.1812 -9.990e-29
 126.436259      5.271    12.5389  31.995128    26.9214      5.224  275.42360  275.56266    43.3109    13.2216 -9.990e-29
 126.436262      5.295    12.5396  32.001545    26.9284      5.247  275.40896  275.54800    43.2642    13.1852 -9.990e-29
 126.436264      5.329    12.5414  32.004551    26.9284      5.282  275.39569  275.53481    43.4354    13.1771 0.0000e+00
 126.436267      5.358    12.5441  32.009349    26.9284      5.310  275.37509  275.51434    40.7272    12.9426 -9.990e-29
 126.436270      5.382    12.5470  32.007557    26.9271      5.334  275.36534  275.50480    40.6650    12.9021 -9.990e-29
 126.436273      5.406    12.5481  32.008366    26.9271      5.357  275.35884  275.49837    40.6961    12.8779 -9.990e-29
 126.436276      5.430    12.5486  32.007788    26.9262      5.381  275.35768  275.49725    40.7428    12.9224 -9.990e-29
 126.436279      5.452    12.5487  32.006979    26.9253      5.403  275.35851  275.49810    40.8206    12.9102 -9.990e-29
 126.436282      5.468    12.5487  32.006574    26.9249      5.419  275.35924  275.49884    41.3031    13.3550 -9.990e-29
 126.436285      5.486    12.5486  32.006401    26.9249      5.437  275.36020  275.49978    41.2253    13.3955 -9.990e-29
 126.436288      5.501    12.5483  32.006748    26.9254      5.452  275.36085  275.50042    41.1941    13.3752 -9.990e-29
 126.436291      5.519    12.5484  32.007152    26.9257      5.470  275.35982  275.49939    41.1786    13.3833 -9.990e-29
 126.436293      5.544    12.5485  32.007152    26.9256      5.495  275.35952  275.49909    45.2253    13.5168 -9.990e-29
 126.436296      5.568    12.5485  32.008771    26.9281      5.518  275.35664  275.49619    45.3654    13.5208 -9.990e-29
 126.436299      5.594    12.5489  32.010159    26.9283      5.544  275.35227  275.49184    45.2253    13.5208 0.0000e+00
 126.436302      5.623    12.5497  32.011200    26.9285      5.573  275.34663  275.48625    45.3187    13.5006 0.0000e+00
 126.436305      5.652    12.5507  32.012356    26.9285      5.602  275.34047  275.48013    46.1591    12.9830 0.0000e+00
 126.436308      5.680    12.5516  32.012183    26.9289      5.629  275.33668  275.47641    46.0035    13.0194 0.0000e+00
 126.436311      5.705    12.5521  32.015421    26.9293      5.654  275.32869  275.46842    45.9257    12.9790 0.0000e+00
 126.436314      5.731    12.5529  32.015016    26.9307      5.679  275.32595  275.46573    45.9879    13.0073 -9.990e-29
 126.436317      5.753    12.5536  32.018081    26.9320      5.701  275.31700  275.45680    48.3537    13.4116 -9.990e-29
 126.436319      5.774    12.5550  32.017618    26.9306      5.723  275.31183  275.45173    48.2292    13.4036 -9.990e-29
 126.436322      5.791    12.5560  32.020220    26.9323      5.739  275.30275  275.44269    48.1980    13.3833 -9.990e-29
 126.436325      5.807    12.5572  32.022244    26.9333      5.755  275.29376  275.43376    48.4315    13.3591 -9.990e-29
 126.436328      5.822    12.5586  32.024210    26.9341      5.769  275.28393  275.42400    48.1825    13.3955 -9.990e-29
 126.436331      5.842    12.5601  32.024036    26.9329      5.790  275.27761  275.41778    47.8245    13.3874 -9.990e-29
 126.436334      5.864    12.5612  32.023400    26.9323      5.811  275.27401  275.41426    47.6377    13.3914 -9.990e-29
 126.436337      5.891    12.5617  32.024615    26.9322      5.838  275.26933  275.40960    47.8089    13.3833 0.0000e+00
