Processed/SBE19plus_01907321_2022_05_06_Cast53_wfilter.cnv
* Sea-Bird SBE19plus  Data File:
* FileName = E:\Prandtl Daten\2022\CTD\Raw\SBE19plus_01907321_2022_05_06_Cast53.hex
* Software version 2.6.1.12
* Temperature SN = 7321
* Conductivity SN = 7321
* System UpLoad Time = May 06 2022 12:33:35
* <ApplicationData>
* <Seaterm232>
** Messpraktikum 2022
** CTD 06.05 MP1
** NMEA Latitude = 54 04.68 N
** NMEA Longitude = 008 41.76 E
# nquan = 11
# nvalues = 313                         
# units = specified
# name 0 = timeJ: Julian Days
# name 1 = prdM: Pressure, Strain Gauge [db]
# name 2 = tv290C: Temperature [ITS-90, deg C]
# name 3 = c0mS/cm: Conductivity [mS/cm]
# name 4 = sal00: Salinity, Practical [PSU]
# name 5 = depSM: Depth [salt water, m], lat = 54.00
# name 6 = oxsatMm/Kg: Oxygen Saturation, Weiss [umol/kg]
# name 7 = oxsolMm/Kg: Oxygen Saturation, Garcia & Gordon [umol/kg]
# name 8 = turbWETntu0: Turbidity, WET Labs ECO [NTU]
# name 9 = flECO-AFL: Fluorescence, WET Labs ECO-AFL/FL [mg/m^3]
# name 10 = flag:  0.000e+00
# span 0 = 126.520133, 126.521036       
# span 1 =      0.559,      8.642       
# span 2 =    12.0579,    12.6381       
# span 3 =  31.177498,  31.894869       
# span 4 =    26.4970,    26.7642       
# span 5 =      0.554,      8.565       
# span 6 =  275.16962,  279.08197       
# span 7 =  275.31615,  279.19719       
# span 8 =    43.0619,   146.5171       
# span 9 =    12.3563,    19.8693       
# span 10 = 0.0000e+00, 0.0000e+00      
# interval = seconds: 0.25
# start_time = May 06 2022 12:27:50 [Instrument's time stamp, header]
# bad_flag = -9.990e-29
*END*
[from data line 263]
 126.520894      7.513    12.0617  31.183847    26.5023      7.446  279.05459  279.16996   134.9062    18.6320 0.0000e+00
 126.520897      7.547    12.0615  31.184077    26.5019      7.480  279.05515  279.17050   134.8128    18.6401 0.0000e+00
 126.520900      7.582    12.0614  31.183676    26.5019      7.514  279.05623  279.17158   134.8906    18.6037 0.0000e+00
 126.520903      7.615    12.0613  31.183104    26.5015      7.547  279.05794  279.17329   134.9685    18.2478 0.0000e+00
 126.520906      7.644    12.0610  31.181730    26.5004      7.576  279.06177  279.17711   134.8128    18.2559 0.0000e+00
 126.520909      7.673    12.0607  31.180586    26.4999      7.605  279.06517  279.18051   134.8440    18.1629 0.0000e+00
 126.520911      7.701    12.0604  31.180414    26.4995      7.632  279.06711  279.18242   134.7817    18.2519 -9.990e-29
 126.520914      7.725    12.0597  31.180586    26.5002      7.656  279.07001  279.18528   134.9840    18.2114 -9.990e-29
 126.520917      7.745    12.0597  31.181788    26.5013      7.675  279.06781  279.18307   134.0191    19.2547 -9.990e-29
 126.520920      7.767    12.0596  31.180758    26.5004      7.697  279.07004  279.18530   134.0813    19.2911 -9.990e-29
 126.520923      7.787    12.0594  31.180186    26.5000      7.717  279.07207  279.18732   133.9257    19.2466 -9.990e-29
 126.520926      7.809    12.0590  31.180586    26.5007      7.739  279.07327  279.18849   134.0969    19.2507 -9.990e-29
 126.520929      7.832    12.0586  31.180186    26.5007      7.762  279.07562  279.19082   137.3654    19.2385 -9.990e-29
 126.520932      7.859    12.0587  31.180415    26.5010      7.789  279.07490  279.19010   137.2875    19.2790 0.0000e+00
 126.520935      7.890    12.0588  31.181159    26.5009      7.820  279.07291  279.18812   137.4276    19.2466 0.0000e+00
 126.520938      7.923    12.0590  31.180930    26.5009      7.853  279.07239  279.18762   137.3031    19.2466 0.0000e+00
 126.520940      7.958    12.0593  31.180186    26.5005      7.887  279.07250  279.18775   134.9996    19.0808 0.0000e+00
 126.520943      7.989    12.0594  31.180987    26.5000      7.918  279.07073  279.18598   135.0152    19.0647 -9.990e-29
 126.520946      8.013    12.0594  31.181560    26.5012      7.941  279.06969  279.18493   134.9529    19.0566 -9.990e-29
 126.520949      8.047    12.0596  31.181961    26.5014      7.975  279.06802  279.18327   135.1397    19.0566 -9.990e-29
 126.520952      8.069    12.0600  31.182132    26.5014      7.997  279.06612  279.18139   131.0774    19.1940 -9.990e-29
 126.520955      8.101    12.0602  31.180186    26.4994      8.028  279.06875  279.18406   130.9685    19.1940 -9.990e-29
 126.520958      8.119    12.0604  31.180988    26.5000      8.046  279.06633  279.18165   130.7973    19.1860 -9.990e-29
 126.520961      8.139    12.0602  31.179729    26.4989      8.066  279.06962  279.18493   130.9529    19.1981 -9.990e-29
 126.520964      8.157    12.0598  31.180015    26.4991      8.084  279.07071  279.18599   131.0463    19.1860 -9.990e-29
 126.520966      8.182    12.0592  31.179214    26.4990      8.109  279.07508  279.19033   130.5794    19.8249 0.0000e+00
 126.520969      8.212    12.0587  31.178642    26.4991      8.138  279.07839  279.19362   130.5327    19.8451 0.0000e+00
 126.520972      8.239    12.0581  31.180187    26.5002      8.165  279.07813  279.19330   130.6572    19.8693 0.0000e+00
 126.520975      8.272    12.0581  31.179615    26.5002      8.198  279.07921  279.19438   130.6416    19.8491 0.0000e+00
 126.520978      8.305    12.0583  31.179443    26.5002      8.230  279.07858  279.19378   136.6961    19.4731 0.0000e+00
 126.520981      8.336    12.0585  31.180588    26.5002      8.261  279.07586  279.19105   136.5249    19.4286 0.0000e+00
 126.520984      8.365    12.0585  31.179901    26.5002      8.290  279.07714  279.19234   136.5560    19.4731 0.0000e+00
 126.520987      8.392    12.0586  31.180016    26.5002      8.317  279.07663  279.19183   136.5093    19.4973 0.0000e+00
 126.520990      8.420    12.0584  31.178814    26.5002      8.345  279.07950  279.19470   137.8167    18.8625 -9.990e-29
 126.520992      8.444    12.0583  31.180417    26.5007      8.368  279.07689  279.19207   137.8167    18.8746 -9.990e-29
 126.520995      8.465    12.0585  31.180016    26.5003      8.389  279.07700  279.19219   137.7233    18.8584 -9.990e-29
 126.520998      8.482    12.0586  31.179043    26.4992      8.406  279.07815  279.19337   138.0191    18.8908 -9.990e-29
 126.521001      8.496    12.0584  31.177498    26.4979      8.420  279.08197  279.19719   138.3459    19.6712 -9.990e-29
 126.521004      8.524    12.0582  31.179501    26.5000      8.448  279.07926  279.19445   138.2992    19.6267 -9.990e-29
 126.521007      8.546    12.0583  31.178471    26.4992      8.469  279.08085  279.19605   138.2836    19.6025 -9.990e-29
 126.521010      8.577    12.0581  31.178643    26.4992      8.500  279.08120  279.19638   138.3303    19.6550 0.0000e+00
 126.521013      8.608    12.0579  31.179215    26.4992      8.531  279.08113  279.19629   138.1903    19.6186 -9.990e-29
 126.521016      8.621    12.0579  31.179788    26.5004      8.544  279.08040  279.19556   141.1163    17.7302 -9.990e-29
 126.521019      8.632    12.0579  31.180188    26.5008      8.555  279.07935  279.19451   141.2875    17.7626 -9.990e-29
 126.521021      8.632    12.0590  31.180016    26.4999      8.554  279.07486  279.19010   141.1319    17.6858 -9.990e-29
 126.521024      8.637    12.0599  31.178242    26.4976      8.560  279.07397  279.18928   141.0541    17.7181 -9.990e-29
 126.521027      8.637    12.0599  31.178471    26.4978      8.560  279.07355  279.18885   146.5171    19.1213 -9.990e-29
 126.521030      8.641    12.0596  31.177842    26.4974      8.563  279.07599  279.19128   146.5015    19.1577 -9.990e-29
 126.521033      8.641    12.0599  31.179043    26.4983      8.563  279.07250  279.18780   146.3303    19.1455 -9.990e-29
 126.521036      8.642    12.0601  31.177842    26.4970      8.565  279.07374  279.18908   146.3615    19.1455 -9.990e-29
