Processed/SBE19plus_01907321_2022_05_09_Cast98_wfilter.cnv
* Sea-Bird SBE19plus  Data File:
* FileName = E:\Prandtl_Daten\2022\CTD\Raw\SBE19plus_01907321_2022_05_09_Cast98.hex
* Software version 2.6.1.12
* Temperature SN = 7321
* Conductivity SN = 7321
* System UpLoad Time = May 09 2022 10:51:15
* <ApplicationData>
* <Seaterm232>
** Messpraktikum 2022
** CTD 09.05 SW3
** NMEA Latitude = 54 02.519 N
** NMEA Longitude = 008 29.775 E
# nquan = 11
# nvalues = 456                         
# units = specified
# name 0 = timeJ: Julian Days
# name 1 = prdM: Pressure, Strain Gauge [db]
# name 2 = tv290C: Temperature [ITS-90, deg C]
# name 3 = c0mS/cm: Conductivity [mS/cm]
# name 4 = sal00: Salinity, Practical [PSU]
# name 5 = depSM: Depth [salt water, m], lat = 54.00
# name 6 = oxsatMm/Kg: Oxygen Saturation, Weiss [umol/kg]
# name 7 = oxsolMm/Kg: Oxygen Saturation, Garcia & Gordon [umol/kg]
# name 8 = turbWETntu0: Turbidity, WET Labs ECO [NTU]
# name 9 = flECO-AFL: Fluorescence, WET Labs ECO-AFL/FL [mg/m^3]
# name 10 = flag:  0.000e+00
# span 0 = 129.447245, 129.448562       
# span 1 =      0.435,     10.795       
# span 2 =    11.5067,    12.0010       
# span 3 =  29.108877,  31.636932       
# span 4 =    24.6067,    27.3308       
# span 5 =      0.431,     10.698       
# span 6 =  280.70780,  283.23642       
# span 7 =  280.78618,  283.36766       
# span 8 =    -6.3389,    32.8206       
# span 9 =    -0.1831,    14.9320       
# span 10 = 0.0000e+00, 0.0000e+00      
# interval = seconds: 0.25
# start_time = May 09 2022 10:42:51 [Instrument's time stamp, header]
# bad_flag = -9.990e-29
*END*
[from data line 263]
 129.448006      6.257    11.8072  30.242719    25.7959      6.201  281.97694  282.08516    15.9801    11.8144 -9.990e-29
 129.448009      6.277    11.8021  30.256635    25.8125      6.221  281.97509  282.08281    15.6844    11.9640 -9.990e-29
 129.448012      6.310    11.7981  30.286398    25.8502      6.254  281.93846  282.04558    15.5599    11.9317 -9.990e-29
 129.448015      6.361    11.7944  30.291039    25.8539      6.304  281.94707  282.05389    15.5755    11.9195 0.0000e+00
 129.448018      6.421    11.7923  30.297266    25.8502      6.364  281.94525  282.05186    15.6844    11.9276 0.0000e+00
 129.448021      6.494    11.7912  30.287984    25.8544      6.436  281.96782  282.07446    16.0891    11.7537 0.0000e+00
 129.448024      6.572    11.7912  30.293134    25.8544      6.513  281.95859  282.06516    15.9801    11.7497 0.0000e+00
 129.448027      6.649    11.7912  30.309153    25.8694      6.589  281.92874  282.03514    16.0268    11.7295 0.0000e+00
 129.448030      6.720    11.7908  30.322685    25.8824      6.660  281.90549  282.01171    16.0891    11.7457 0.0000e+00
 129.448032      6.776    11.7896  30.376491    25.9081      6.716  281.81063  281.91618    16.1825    11.7537 0.0000e+00
 129.448035      6.816    11.7853  30.442413    25.9339      6.755  281.70775  281.81228    17.4276    11.8751 -9.990e-29
 129.448038      6.840    11.7779  30.476387    26.0362      6.779  281.67903  281.78268    17.2875    11.8629 -9.990e-29
 129.448041      6.845    11.7716  30.456138    26.0215      6.784  281.74600  281.84945    17.3187    11.9034 -9.990e-29
 129.448044      6.838    11.7688  30.467709    26.0344      6.777  281.73767  281.84080    17.3498    11.8589 -9.990e-29
 129.448047      6.823    11.7671  30.498402    26.0646      6.762  281.68843  281.79110    17.3031    12.8294 -9.990e-29
 129.448050      6.800    11.7651  30.523488    26.0896      6.739  281.65095  281.75320    17.2875    12.8496 -9.990e-29
 129.448053      6.780    11.7625  30.557496    26.1235      6.719  281.59938  281.70108    17.2720    12.8496 -9.990e-29
 129.448056      6.749    11.7589  30.577659    26.1451      6.688  281.57851  281.67973    17.2564    12.8415 -9.990e-29
 129.448058      6.729    11.7558  30.601065    26.1694      6.669  281.54931  281.65006    17.4276    12.3158 -9.990e-29
 129.448061      6.718    11.7523  30.614419    26.1844      6.658  281.54050  281.64086    17.3187    12.3401 -9.990e-29
 129.448064      6.718    11.7494  30.630219    26.2014      6.658  281.52453  281.62452    17.2408    12.3118 -9.990e-29
 129.448067      6.735    11.7468  30.632720    26.2056      6.674  281.53214  281.63192    17.4432    12.3279 -9.990e-29
 129.448070      6.764    11.7449  30.638064    26.2069      6.704  281.53121  281.63080    16.9607    12.8455 -9.990e-29
 129.448073      6.806    11.7439  30.631925    26.2097      6.745  281.54724  281.64682    16.8673    12.8577 0.0000e+00
 129.448076      6.855    11.7434  30.637439    26.2124      6.794  281.53922  281.63872    16.7584    12.8536 0.0000e+00
 129.448079      6.912    11.7433  30.639201    26.2124      6.850  281.53661  281.63608    16.8206    12.8334 0.0000e+00
 129.448082      6.974    11.7440  30.635734    26.2114      6.912  281.53991  281.63946    16.8984    12.8334 0.0000e+00
 129.448084      7.038    11.7447  30.637439    26.2103      6.975  281.53353  281.63311    16.8206    12.8617 0.0000e+00
 129.448087      7.098    11.7451  30.636359    26.2114      7.035  281.53333  281.63296    16.7895    12.8496 0.0000e+00
 129.448090      7.152    11.7447  30.642613    26.2162      7.088  281.52362  281.62314    16.8050    12.8334 0.0000e+00
 129.448093      7.193    11.7440  30.653699    26.2217      7.128  281.50647  281.60582    16.8050    12.8617 0.0000e+00
 129.448096      7.226    11.7427  30.663934    26.2272      7.161  281.49349  281.59264    16.8050    13.5653 -9.990e-29
 129.448099      7.249    11.7416  30.663991    26.2386      7.184  281.49856  281.59763    16.8206    13.6098 -9.990e-29
 129.448102      7.259    11.7411  30.672237    26.2468      7.194  281.48541  281.58436    16.8362    13.6017 -9.990e-29
 129.448105      7.260    11.7405  30.667062    26.2423      7.195  281.49767  281.59663    16.8206    13.5734 -9.990e-29
 129.448108      7.262    11.7407  30.685091    26.2592      7.197  281.46332  281.56209    19.4665    13.0679 -9.990e-29
 129.448111      7.258    11.7403  30.705285    26.2785      7.193  281.42717  281.52570    19.6377    13.0760 -9.990e-29
 129.448113      7.254    11.7384  30.744494    26.3169      7.189  281.36257  281.46053    19.5288    13.0720 -9.990e-29
 129.448116      7.252    11.7350  30.773245    26.3465      7.187  281.32491  281.42231    19.4043    13.0639 -9.990e-29
 129.448119      7.261    11.7309  30.784008    26.3596      7.196  281.32379  281.42078    17.8478    12.9992 -9.990e-29
 129.448122      7.272    11.7276  30.800469    26.3775      7.207  281.30846  281.40503    17.7856    12.9749 -9.990e-29
 129.448125      7.287    11.7250  30.807419    26.3859      7.222  281.30737  281.40369    17.9879    12.9668 -9.990e-29
 129.448128      7.309    11.7236  30.818927    26.3978      7.244  281.29261  281.38870    17.8478    12.9547 -9.990e-29
 129.448131      7.322    11.7226  30.828271    26.4073      7.257  281.27964  281.37556    17.8945    12.9426 -9.990e-29
 129.448134      7.346    11.7216  30.832716    26.4122      7.280  281.27617  281.37196    18.2369    13.5855 -9.990e-29
 129.448137      7.369    11.7206  30.848674    26.4389      7.303  281.25083  281.34638    18.3615    13.5896 -9.990e-29
 129.448139      7.395    11.7191  30.859105    26.4419      7.329  281.23840  281.33373    18.3303    13.5572 0.0000e+00
 129.448142      7.428    11.7173  30.864064    26.4449      7.361  281.23750  281.33265    18.4082    13.5855 0.0000e+00
 129.448145      7.466    11.7162  30.867941    26.4493      7.399  281.23541  281.33044    20.1669    13.4116 0.0000e+00
 129.448148      7.504    11.7153  30.875809    26.4574      7.437  281.22489  281.31977    20.2447    13.3712 0.0000e+00
 129.448151      7.548    11.7144  30.882937    26.4648      7.481  281.21576  281.31050    20.3226    13.3914 0.0000e+00
 129.448154      7.590    11.7134  30.892175    26.4742      7.522  281.20332  281.29788    20.1980    13.3914 0.0000e+00
 129.448157      7.632    11.7125  30.895083    26.4776      7.564  281.20176  281.29623    17.5988    13.7715 0.0000e+00
 129.448160      7.670    11.7118  30.896965    26.4787      7.602  281.20147  281.29587    17.5521    13.7877 0.0000e+00
 129.448163      7.710    11.7113  30.905863    26.4798      7.641  281.18742  281.28168    17.6299    13.7675 -9.990e-29
 129.448166      7.734    11.7103  30.916472    26.4994      7.665  281.17207  281.26615    17.6922    13.8120 -9.990e-29
 129.448168      7.753    11.7089  30.926285    26.5096      7.683  281.16014  281.25400    17.8945    13.7715 -9.990e-29
 129.448171      7.754    11.7073  30.933017    26.5172      7.685  281.15524  281.24891    18.7973    14.0344 -9.990e-29
 129.448174      7.752    11.7060  30.937639    26.5224      7.683  281.15236  281.24590    18.7661    14.0303 -9.990e-29
 129.448177      7.743    11.7051  30.953503    26.5381      7.674  281.12683  281.22012    18.7817    14.0263 -9.990e-29
 129.448180      7.729    11.7041  30.960238    26.5452      7.660  281.11902  281.21217    18.7350    14.0424 -9.990e-29
 129.448183      7.719    11.7028  30.981701    26.5665      7.650  281.08493  281.17774    19.9179    13.6543 -9.990e-29
 129.448186      7.718    11.7011  30.992378    26.5778      7.649  281.07263  281.16521    19.7934    13.6704 -9.990e-29
 129.448189      7.723    11.6999  30.997117    26.5832      7.654  281.06953  281.16197    19.7467    13.6462 -9.990e-29
 129.448192      7.741    11.6989  31.007396    26.6073      7.672  281.05478  281.14704    19.7934    13.6704 -9.990e-29
 129.448194      7.776    11.6984  31.021504    26.6110      7.706  281.03096  281.12301    20.5249    14.1718 0.0000e+00
 129.448197      7.832    11.6979  31.029044    26.6147      7.762  281.01880  281.11074    20.4626    14.1476 0.0000e+00
 129.448200      7.896    11.6979  31.032700    26.6182      7.825  281.01200  281.10390    20.5405    14.1476 0.0000e+00
 129.448203      7.960    11.6982  31.040584    26.6255      7.889  280.99632  281.08815    20.4782    14.1314 0.0000e+00
 129.448206      8.024    11.6977  31.042984    26.6281      7.952  280.99411  281.08588    19.4821    13.3065 0.0000e+00
 129.448209      8.069    11.6977  31.053040    26.6328      7.997  280.97532  281.06697    19.4665    13.3227 0.0000e+00
 129.448212      8.104    11.6981  31.055955    26.6376      8.032  280.96797  281.05961    19.6222    13.3227 -9.990e-29
 129.448215      8.121    11.6984  31.063155    26.6466      8.048  280.95290  281.04449    19.5599    13.3389 -9.990e-29
 129.448218      8.123    11.6985  31.092020    26.6739      8.050  280.89855  280.98982    19.4510    13.3227 -9.990e-29
 129.448220      8.113    11.6988  31.083674    26.6658      8.041  280.91288  281.00427    19.0463    14.8512 -9.990e-29
 129.448223      8.099    11.6990  31.095908    26.6773      8.026  280.88901  280.98027    19.0619    14.8754 -9.990e-29
 129.448226      8.088    11.6993  31.106599    26.6872      8.016  280.86740  280.95856    19.0307    14.8835 -9.990e-29
 129.448229      8.081    11.6994  31.125013    26.7046      8.008  280.83261  280.92357    18.9218    14.8754 -9.990e-29
 129.448232      8.090    11.6987  31.137082    26.7165      8.017  280.81322  280.90399    20.1358    13.9494 -9.990e-29
 129.448235      8.104    11.6973  31.152242    26.7381      8.032  280.79124  280.88175    20.0268    13.8969 -9.990e-29
 129.448238      8.139    11.6950  31.157105    26.7481      8.066  280.79270  280.88299    19.9957    13.8969 0.0000e+00
 129.448241      8.179    11.6922  31.176046    26.7581      8.106  280.77036  280.86024    20.0424    13.8969 0.0000e+00
 129.448244      8.232    11.6891  31.189554    26.7731      8.158  280.75947  280.84897    19.8089    13.9858 0.0000e+00
 129.448247      8.278    11.6849  31.201060    26.7870      8.204  280.75741  280.84649    19.7934    13.9818 0.0000e+00
 129.448249      8.316    11.6810  31.198141    26.7870      8.241  280.78077  280.86961    19.7311    13.9939 0.0000e+00
 129.448252      8.350    11.6789  31.202607    26.7870      8.276  280.78232  280.87096    19.7622    13.9535 -9.990e-29
 129.448255      8.374    11.6770  31.216634    26.8074      8.299  280.76467  280.85302    19.6533    13.7877 -9.990e-29
 129.448258      8.389    11.6739  31.224422    26.8170      8.313  280.76444  280.85248    19.5599    13.7756 -9.990e-29
 129.448261      8.399    11.6709  31.228373    26.8230      8.324  280.77107  280.85885    19.5599    13.7877 -9.990e-29
 129.448264      8.403    11.6692  31.227972    26.8238      8.328  280.77979  280.86745    19.5910    13.7998 -9.990e-29
 129.448267      8.406    11.6682  31.231867    26.8282      8.331  280.77696  280.86451    19.5443    13.7351 -9.990e-29
 129.448270      8.410    11.6665  31.241202    26.8383      8.335  280.76743  280.85475    19.0307    13.4036 -9.990e-29
 129.448273      8.419    11.6631  31.255866    26.8547      8.344  280.75556  280.84248    19.1241    13.3955 -9.990e-29
 129.448275      8.439    11.6596  31.256039    26.8677      8.364  280.77150  280.85816    18.9996    13.3995 -9.990e-29
 129.448278      8.468    11.6565  31.264632    26.8734      8.393  280.76943  280.85577    19.0307    13.4036 0.0000e+00
 129.448281      8.508    11.6537  31.274373    26.8791      8.432  280.76456  280.85060    19.7311    14.5883 0.0000e+00
 129.448284      8.547    11.6503  31.287095    26.8936      8.470  280.75633  280.84198    19.8556    14.6166 0.0000e+00
 129.448287      8.594    11.6465  31.288872    26.8980      8.518  280.77054  280.85590    19.7934    14.6207 0.0000e+00
 129.448290      8.640    11.6437  31.299246    26.9098      8.563  280.76384  280.84888    19.8556    14.6207 0.0000e+00
 129.448293      8.678    11.6408  31.310366    26.9225      8.601  280.75637  280.84107    19.2642    13.6623 0.0000e+00
 129.448296      8.715    11.6375  31.315469    26.9261      8.637  280.76209  280.84650    19.3731    13.6785 0.0000e+00
 129.448299      8.742    11.6346  31.326591    26.9297      8.664  280.75491  280.83898    19.2642    13.6623 -9.990e-29
 129.448302      8.759    11.6317  31.330491    26.9481      8.680  280.76064  280.84447    19.3576    13.6462 -9.990e-29
 129.448304      8.770    11.6295  31.336569    26.9556      8.691  280.75973  280.84333    20.5716    13.2620 -9.990e-29
 129.448307      8.768    11.6275  31.343623    26.9637      8.689  280.75571  280.83908    20.4004    13.2822 -9.990e-29
 129.448310      8.768    11.6259  31.353029    26.9738      8.689  280.74536  280.82851    20.4626    13.2903 -9.990e-29
 129.448313      8.768    11.6231  31.373220    26.9951      8.689  280.72047  280.80319    20.4782    13.2822 -9.990e-29
 129.448316      8.772    11.6184  31.386359    27.0110      8.693  280.71740  280.79963    20.4782    13.2620 -9.990e-29
 129.448319      8.781    11.6136  31.394393    27.0220      8.702  280.72423  280.80603    21.8012    13.5734 -9.990e-29
 129.448322      8.795    11.6096  31.395771    27.0263      8.717  280.74038  280.82188    21.7856    13.5976 -9.990e-29
 129.448325      8.819    11.6070  31.405412    27.0400      8.740  280.73403  280.81523    21.7389    13.5693 -9.990e-29
 129.448328      8.846    11.6048  31.406560    27.0422      8.767  280.74205  280.82308    21.8167    13.6098 0.0000e+00
 129.448330      8.876    11.6034  31.410062    27.0444      8.796  280.74215  280.82304    20.2603    13.4642 0.0000e+00
 129.448333      8.914    11.6014  31.419877    27.0551      8.834  280.73262  280.81325    20.2914    13.4399 0.0000e+00
 129.448336      8.949    11.5990  31.439167    27.0753      8.869  280.70780  280.78804    20.3226    13.4723 0.0000e+00
 129.448339      8.985    11.5943  31.444622    27.0838      8.905  280.71882  280.79866    20.2914    13.4399 0.0000e+00
 129.448342      9.020    11.5903  31.445828    27.0879      8.939  280.73529  280.81483    21.5677    13.6907 0.0000e+00
 129.448345      9.046    11.5882  31.448355    27.0918      8.965  280.74007  280.81943    21.5054    13.7230 0.0000e+00
 129.448348      9.075    11.5861  31.464895    27.1005      8.993  280.71881  280.79782    21.4432    13.7149 0.0000e+00
 129.448351      9.100    11.5831  31.459209    27.1091      9.018  280.74315  280.82202    21.4432    13.6907 -9.990e-29
 129.448354      9.118    11.5813  31.464493    27.1122      9.037  280.74147  280.82014    23.2331    13.9211 -9.990e-29
 129.448356      9.140    11.5798  31.472362    27.1208      9.058  280.73397  280.81244    23.1708    13.9292 -9.990e-29
 129.448359      9.156    11.5777  31.483564    27.1330      9.075  280.72241  280.80060    23.1708    13.8969 -9.990e-29
 129.448362      9.171    11.5751  31.488103    27.1392      9.089  280.72560  280.80356    23.2175    13.8969 -9.990e-29
 129.448365      9.185    11.5725  31.501088    27.1535      9.103  280.71353  280.79114    23.2331    13.8888 -9.990e-29
 129.448368      9.200    11.5693  31.505225    27.1597      9.117  280.72032  280.79766    22.7661    12.8941 -9.990e-29
 129.448371      9.218    11.5663  31.509593    27.1661      9.135  280.72604  280.80311    22.7194    12.9021 -9.990e-29
 129.448374      9.236    11.5643  31.512237    27.1736      9.153  280.73026  280.80715    22.7661    12.9224 -9.990e-29
 129.448377      9.263    11.5627  31.514708    27.1742      9.181  280.73291  280.80966    22.6883    12.9143 0.0000e+00
 129.448380      9.294    11.5617  31.515283    27.1748      9.211  280.73628  280.81295    23.5288    13.5249 0.0000e+00
