Processed/SBE19plus_01907321_2022_05_06_Cast45_wfilter.cnv
* Sea-Bird SBE19plus  Data File:
* FileName = E:\Prandtl Daten\2022\CTD\Raw\SBE19plus_01907321_2022_05_06_Cast45.hex
* Software version 2.6.1.12
* Temperature SN = 7321
* Conductivity SN = 7321
* System UpLoad Time = May 06 2022 10:32:32
* <ApplicationData>
* <Seaterm232>
** Messpraktikum 2022
** CTD 06.05 MP1
** NMEA Latitude = 54 04.743 N
** NMEA Longitude = 008 41.763 E
# nquan = 11
# nvalues = 269                         
# units = specified
# name 0 = timeJ: Julian Days
# name 1 = prdM: Pressure, Strain Gauge [db]
# name 2 = tv290C: Temperature [ITS-90, deg C]
# name 3 = c0mS/cm: Conductivity [mS/cm]
# name 4 = sal00: Salinity, Practical [PSU]
# name 5 = depSM: Depth [salt water, m], lat = 54.00
# name 6 = oxsatMm/Kg: Oxygen Saturation, Weiss [umol/kg]
# name 7 = oxsolMm/Kg: Oxygen Saturation, Garcia & Gordon [umol/kg]
# name 8 = turbWETntu0: Turbidity, WET Labs ECO [NTU]
# name 9 = flECO-AFL: Fluorescence, WET Labs ECO-AFL/FL [mg/m^3]
# name 10 = flag:  0.000e+00
# span 0 = 126.435582, 126.436357       
# span 1 =      0.598,      6.081       
# span 2 =    12.4055,    12.5623       
# span 3 =  31.764572,  32.024615       
# span 4 =    26.8016,    26.9341       
# span 5 =      0.592,      6.026       
# span 6 =  275.26714,  276.42995       
# span 7 =  275.40746,  276.56242       
# span 8 =    15.7467,    52.3070       
# span 9 =     8.5148,    13.5208       
# span 10 = 0.0000e+00, 0.0000e+00      
# interval = seconds: 0.25
# start_time = May 06 2022 10:25:48 [Instrument's time stamp, header]
# bad_flag = -9.990e-29
*END*
 126.435582      0.598    12.4589  31.867696    26.8615      0.592  276.00693  276.14193    22.8906     9.7602 -9.990e-29
 126.435584      0.618    12.4595  31.865907    26.8594      0.612  276.00731  276.14236    22.9529     9.7724 -9.990e-29
 126.435587      0.638    12.4597  31.863540    26.8570      0.632  276.01063  276.14572    23.1397     9.7683 -9.990e-29
 126.435590      0.650    12.4596  31.867696    26.8610      0.645  276.00379  276.13884    21.2097    10.1484 -9.990e-29
 126.435593      0.667    12.4596  31.867119    26.8604      0.661  276.00453  276.13958    21.3498    10.1363 -9.990e-29
 126.435596      0.685    12.4603  31.868331    26.8610      0.679  275.99950  276.13459    21.2564    10.1363 -9.990e-29
 126.435599      0.707    12.4604  31.868100    26.8607      0.701  275.99930  276.13440    21.2253    10.1444 -9.990e-29
 126.435602      0.725    12.4607  31.867119    26.8596      0.719  275.99981  276.13493    21.2875    10.1444 -9.990e-29
 126.435605      0.747    12.4607  31.866946    26.8598      0.741  276.00013  276.13526    22.0191    11.0987 -9.990e-29
 126.435608      0.780    12.4606  31.867292    26.8598      0.773  276.00017  276.13528    21.9568    11.0946 0.0000e+00
 126.435611      0.806    12.4607  31.868909    26.8598      0.799  275.99664  276.13175    21.9879    11.1027 -9.990e-29
 126.435613      0.828    12.4608  31.868505    26.8607      0.820  275.99675  276.13187    22.0191    11.1270 -9.990e-29
 126.435616      0.848    12.4612  31.868331    26.8603      0.840  275.99549  276.13063    22.9529    10.5326 -9.990e-29
 126.435619      0.873    12.4612  31.868909    26.8609      0.865  275.99447  276.12961    22.9218    10.5245 -9.990e-29
 126.435622      0.893    12.4615  31.869544    26.8612      0.885  275.99207  276.12722    22.9529    10.5245 -9.990e-29
 126.435625      0.912    12.4617  31.868505    26.8601      0.904  275.99300  276.12818    22.9996    10.5083 -9.990e-29
 126.435628      0.928    12.4620  31.869544    26.8609      0.920  275.98987  276.12506    22.1591    10.4638 -9.990e-29
 126.435631      0.944    12.4619  31.868736    26.8602      0.936  275.99165  276.12684    22.1280    10.4760 -9.990e-29
 126.435634      0.964    12.4618  31.870121    26.8615      0.956  275.98949  276.12466    22.2214    10.4477 -9.990e-29
 126.435637      0.990    12.4622  31.870121    26.8612      0.981  275.98792  276.12312    22.2525    10.4719 -9.990e-29
 126.435639      1.015    12.4622  31.868736    26.8586      1.006  275.99043  276.12564    22.6261     9.9624 -9.990e-29
 126.435642      1.046    12.4618  31.866947    26.8576      1.037  275.99557  276.13077    22.7350     9.9462 0.0000e+00
 126.435645      1.077    12.4608  31.864119    26.8586      1.068  276.00512  276.14028    22.6883     9.9139 0.0000e+00
 126.435648      1.108    12.4603  31.866716    26.8580      1.098  276.00269  276.13779    22.6883     9.9301 0.0000e+00
 126.435651      1.139    12.4599  31.867120    26.8594      1.129  276.00357  276.13864    22.7194     9.9341 -9.990e-29
 126.435654      1.152    12.4596  31.868102    26.8611      1.142  276.00308  276.13812    22.7661     9.5419 -9.990e-29
 126.435657      1.150    12.4603  31.869314    26.8618      1.140  275.99804  276.13312    22.7661     9.5621 -9.990e-29
 126.435660      1.147    12.4610  31.866370    26.8585      1.137  276.00017  276.13532    22.7194     9.5783 -9.990e-29
 126.435663      1.147    12.4608  31.866947    26.8592      1.137  275.99976  276.13490    22.8284     9.5297 -9.990e-29
 126.435666      1.147    12.4602  31.865331    26.8581      1.136  276.00552  276.14063    23.5132     9.8896 -9.990e-29
 126.435668      1.143    12.4594  31.864119    26.8576      1.133  276.01119  276.14626    23.5599     9.8735 -9.990e-29
 126.435671      1.143    12.4589  31.865100    26.8589      1.133  276.01196  276.14698    23.3576     9.8532 -9.990e-29
 126.435674      1.139    12.4584  31.865331    26.8594      1.129  276.01344  276.14844    23.4354     9.8735 -9.990e-29
 126.435677      1.134    12.4584  31.864350    26.8585      1.124  276.01552  276.15052    22.9529     9.8694 -9.990e-29
 126.435680      1.136    12.4582  31.864754    26.8590      1.126  276.01543  276.15042    22.9996     9.8735 -9.990e-29
 126.435683      1.132    12.4581  31.865331    26.8597      1.122  276.01502  276.14999    22.9218     9.8654 -9.990e-29
 126.435686      1.125    12.4582  31.864754    26.8591      1.115  276.01574  276.15072    22.8284     9.8573 -9.990e-29
 126.435689      1.125    12.4583  31.867121    26.8612      1.115  276.01085  276.14582    23.7934     9.9948 -9.990e-29
 126.435692      1.128    12.4584  31.869314    26.8631      1.118  276.00627  276.14123    23.5910     9.9786 -9.990e-29
 126.435694      1.127    12.4594  31.869314    26.8624      1.117  276.00183  276.13685    23.6222    10.0029 -9.990e-29
 126.435697      1.121    12.4600  31.869140    26.8618      1.111  275.99960  276.13466    23.6533    10.0029 -9.990e-29
 126.435700      1.127    12.4603  31.868102    26.8607      1.117  276.00021  276.13530    23.6533    10.0231 -9.990e-29
 126.435703      1.127    12.4601  31.868506    26.8611      1.117  276.00012  276.13519    23.1864     9.7805 -9.990e-29
 126.435706      1.127    12.4601  31.868102    26.8608      1.117  276.00084  276.13592    23.0930     9.8007 -9.990e-29
 126.435709      1.132    12.4601  31.868102    26.8608      1.122  276.00116  276.13624    23.2798     9.8492 -9.990e-29
 126.435712      1.136    12.4596  31.868102    26.8612      1.126  276.00338  276.13843    23.2642     9.8168 -9.990e-29
 126.435715      1.134    12.4593  31.868102    26.8614      1.124  276.00465  276.13967    21.7389     9.7441 -9.990e-29
 126.435718      1.138    12.4589  31.869314    26.8628      1.128  276.00406  276.13905    21.7545     9.7360 -9.990e-29
 126.435720      1.146    12.4592  31.869429    26.8627      1.135  276.00259  276.13759    21.7856     9.7602 -9.990e-29
 126.435723      1.147    12.4597  31.869718    26.8626      1.137  275.99985  276.13489    21.7856     9.7643 -9.990e-29
 126.435726      1.145    12.4599  31.867698    26.8606      1.135  276.00285  276.13791    19.4821     9.1982 -9.990e-29
 126.435729      1.153    12.4594  31.867294    26.8605      1.142  276.00548  276.14052    19.6533     9.2063 -9.990e-29
 126.435732      1.175    12.4591  31.858521    26.8526      1.164  276.02287  276.15797    19.4821     9.1618 -9.990e-29
 126.435735      1.200    12.4572  31.842191    26.8387      1.189  276.06051  276.19566    19.4976     9.1618 -9.990e-29
 126.435738      1.220    12.4531  31.835210    26.8351      1.209  276.09148  276.22643    18.8284     9.1618 -9.990e-29
 126.435741      1.240    12.4494  31.834633    26.8372      1.229  276.10935  276.24405    18.7817     9.1739 -9.990e-29
 126.435744      1.243    12.4467  31.840807    26.8449      1.232  276.11029  276.24475    18.7817     9.1658 -9.990e-29
 126.435747      1.258    12.4461  31.840807    26.8453      1.247  276.11284  276.24726    18.8440     9.1901 -9.990e-29
 126.435749      1.278    12.4465  31.843577    26.8476      1.266  276.10628  276.24070    18.6883     9.1577 -9.990e-29
 126.435752      1.296    12.4470  31.843808    26.8475      1.284  276.10366  276.23810    17.9879     8.7978 -9.990e-29
 126.435755      1.313    12.4475  31.842769    26.8366      1.301  276.10332  276.23781    18.0657     8.7817 -9.990e-29
 126.435758      1.340    12.4474  31.832441    26.8359      1.328  276.12224  276.25683    18.0191     8.8059 0.0000e+00
 126.435761      1.374    12.4456  31.829615    26.8359      1.362  276.13560  276.27010    18.0191     8.8262 0.0000e+00
 126.435764      1.403    12.4433  31.829442    26.8352      1.391  276.14608  276.28043    19.7778     9.0081 -9.990e-29
 126.435767      1.424    12.4416  31.821654    26.8306      1.411  276.16774  276.30205    19.7778     9.0324 -9.990e-29
 126.435770      1.447    12.4400  31.826269    26.8317      1.434  276.16642  276.30058    19.7778     9.0405 -9.990e-29
 126.435773      1.478    12.4393  31.821078    26.8317      1.465  276.17896  276.31313    19.6377     9.0283 0.0000e+00
 126.435775      1.508    12.4379  31.805504    26.8317      1.494  276.21338  276.34761    17.2875     8.6563 -9.990e-29
 126.435778      1.524    12.4358  31.814099    26.8277      1.511  276.20743  276.34143    17.3187     8.6240 -9.990e-29
 126.435781      1.541    12.4346  31.816060    26.8303      1.527  276.20930  276.34320    17.2564     8.6159 -9.990e-29
 126.435784      1.557    12.4344  31.812887    26.8275      1.543  276.21598  276.34990    17.2875     8.5916 -9.990e-29
 126.435787      1.579    12.4346  31.817387    26.8316      1.565  276.20694  276.34083    17.2720     8.5997 -9.990e-29
 126.435790      1.594    12.4350  31.817906    26.8318      1.580  276.20442  276.33833    17.3654     8.6523 -9.990e-29
 126.435793      1.618    12.4355  31.820271    26.8279      1.603  276.19764  276.33156    17.3498     8.7291 -9.990e-29
 126.435796      1.649    12.4360  31.814503    26.8218      1.634  276.20583  276.33984    17.3654     8.6482 0.0000e+00
 126.435799      1.678    12.4353  31.800776    26.8156      1.663  276.23375  276.36785    17.2564     8.6563 0.0000e+00
 126.435802      1.704    12.4321  31.794375    26.8127      1.688  276.25958  276.39354    17.6611     8.8787 0.0000e+00
 126.435804      1.729    12.4286  31.792588    26.8122      1.714  276.27869  276.41243    17.5677     8.8464 0.0000e+00
 126.435807      1.760    12.4258  31.792992    26.8127      1.745  276.29068  276.42423    17.6299     8.8625 -9.990e-29
 126.435810      1.784    12.4246  31.793165    26.8161      1.768  276.29578  276.42925    17.5521     8.8828 -9.990e-29
 126.435813      1.800    12.4245  31.797952    26.8206      1.784  276.28748  276.42089    19.2331     9.1618 -9.990e-29
 126.435816      1.822    12.4252  31.799163    26.8212      1.806  276.28214  276.41559    19.3264     9.1739 -9.990e-29
 126.435819      1.837    12.4263  31.801931    26.8230      1.821  276.27240  276.40589    19.3264     9.1618 -9.990e-29
 126.435822      1.854    12.4268  31.801527    26.8223      1.837  276.27092  276.40444    19.2798     9.1456 -9.990e-29
 126.435825      1.863    12.4275  31.802161    26.8223      1.846  276.26629  276.39986    17.8790     8.9353 -9.990e-29
 126.435828      1.884    12.4281  31.802161    26.8219      1.868  276.26376  276.39738    17.8945     8.9030 -9.990e-29
 126.435830      1.903    12.4283  31.801181    26.8208      1.886  276.26459  276.39823    17.7545     8.9272 -9.990e-29
 126.435833      1.926    12.4282  31.798355    26.8151      1.909  276.27002  276.40367    17.7856     8.9232 -9.990e-29
 126.435836      1.957    12.4277  31.794607    26.8148      1.940  276.27933  276.41299    17.8323     8.9030 0.0000e+00
 126.435839      1.988    12.4263  31.792820    26.8151      1.970  276.28892  276.42250    18.0657     8.7695 0.0000e+00
 126.435842      2.019    12.4251  31.792589    26.8148      2.001  276.29475  276.42826    17.9879     8.7412 0.0000e+00
 126.435845      2.045    12.4241  31.791032    26.8151      2.026  276.30202  276.43547    18.0657     8.7048 -9.990e-29
 126.435848      2.070    12.4231  31.791033    26.8151      2.052  276.30648  276.43987    18.0035     8.7615 -9.990e-29
 126.435851      2.099    12.4222  31.790629    26.8153      2.080  276.31104  276.44437    16.1047     8.6765 -9.990e-29
 126.435854      2.119    12.4217  31.788438    26.8136      2.100  276.31722  276.45055    16.0735     8.6846 -9.990e-29
 126.435856      2.139    12.4216  31.786824    26.8122      2.120  276.32078  276.45411    16.0268     8.6684 -9.990e-29
 126.435859      2.158    12.4203  31.784056    26.8105      2.138  276.33150  276.46477    16.0891     8.6321 -9.990e-29
 126.435862      2.172    12.4181  31.782845    26.8110      2.153  276.34385  276.47698    15.7467     8.6240 -9.990e-29
 126.435865      2.188    12.4158  31.782269    26.8120      2.169  276.35505  276.48805    15.8401     8.5916 -9.990e-29
 126.435868      2.208    12.4130  31.779041    26.8110      2.189  276.37327  276.50611    16.0268     8.5674 -9.990e-29
 126.435871      2.232    12.4106  31.775870    26.8093      2.212  276.38980  276.52251    15.8556     8.6401 -9.990e-29
 126.435874      2.258    12.4086  31.773910    26.8101      2.238  276.40256  276.53516    16.5560     8.5148 0.0000e+00
 126.435877      2.285    12.4071  31.774487    26.8109      2.265  276.40820  276.54070    16.6338     8.5350 0.0000e+00
 126.435880      2.316    12.4065  31.774314    26.8111      2.296  276.41139  276.54385    16.6183     8.5188 0.0000e+00
 126.435883      2.344    12.4061  31.776620    26.8112      2.323  276.40884  276.54124    16.6183     8.5552 -9.990e-29
 126.435885      2.365    12.4065  31.775467    26.8123      2.344  276.40935  276.54179    16.4159     8.5148 -9.990e-29
 126.435888      2.386    12.4062  31.772297    26.8095      2.364  276.41635  276.54880    16.6961     8.6604 -9.990e-29
 126.435891      2.415    12.4058  31.769529    26.8072      2.393  276.42327  276.55572    16.6805     8.6927 -9.990e-29
 126.435894      2.435    12.4055  31.766359    26.8044      2.413  276.42995  276.56242    16.4938     8.6684 -9.990e-29
 126.435897      2.451    12.4056  31.766762    26.8047      2.429  276.42892  276.56139    16.4626     8.6684 -9.990e-29
 126.435900      2.466    12.4058  31.767915    26.8057      2.444  276.42589  276.55837    16.3226     8.5997 -9.990e-29
 126.435903      2.483    12.4059  31.768550    26.8062      2.460  276.42444  276.55692    16.3692     8.6240 -9.990e-29
 126.435906      2.501    12.4059  31.766128    26.8039      2.478  276.42882  276.56132    16.4004     8.6159 -9.990e-29
 126.435909      2.522    12.4062  31.766129    26.8028      2.500  276.42757  276.56008    16.2914     8.6038 -9.990e-29
 126.435911      2.550    12.4067  31.765552    26.8028      2.527  276.42640  276.55896    17.3031     8.7048 0.0000e+00
 126.435914      2.579    12.4070  31.765725    26.8027      2.556  276.42452  276.55710    17.3654     8.6887 0.0000e+00
 126.435917      2.608    12.4073  31.764572    26.8018      2.585  276.42535  276.55796    17.3187     8.6846 0.0000e+00
 126.435920      2.634    12.4075  31.765149    26.8016      2.610  276.42338  276.55599    17.3498     8.6806 0.0000e+00
 126.435923      2.663    12.4078  31.766129    26.8018      2.639  276.42036  276.55298    17.1163     8.7048 -9.990e-29
 126.435926      2.684    12.4080  31.765725    26.8020      2.660  276.42015  276.55279    17.0696     8.6644 -9.990e-29
 126.435929      2.708    12.4082  31.765552    26.8017      2.684  276.41984  276.55249    17.2253     8.6684 -9.990e-29
 126.435932      2.732    12.4086  31.766532    26.8023      2.707  276.41618  276.54885    17.0852     8.7008 -9.990e-29
 126.435935      2.748    12.4087  31.767340    26.8030      2.724  276.41410  276.54678    17.1319     8.6968 -9.990e-29
 126.435937      2.763    12.4089  31.768147    26.8036      2.738  276.41202  276.54470    16.5716     8.7736 -9.990e-29
 126.435940      2.779    12.4094  31.769934    26.8049      2.754  276.40658  276.53927    16.6338     8.7655 -9.990e-29
 126.435943      2.796    12.4099  31.771490    26.8060      2.771  276.40156  276.53427    16.5560     8.7453 -9.990e-29
 126.435946      2.816    12.4106  31.770914    26.8050      2.791  276.39944  276.53220    16.4938     8.7453 -9.990e-29
 126.435949      2.839    12.4113  31.775065    26.8093      2.814  276.38848  276.52125    16.6650     9.0405 -9.990e-29
 126.435952      2.869    12.4118  31.776506    26.8092      2.843  276.38399  276.51678    16.6183     9.0607 0.0000e+00
 126.435955      2.896    12.4123  31.776679    26.8092      2.870  276.38116  276.51398    16.5249     9.0324 0.0000e+00
 126.435958      2.924    12.4127  31.779043    26.8090      2.898  276.37533  276.50815    16.5560     9.0081 -9.990e-29
