Processed/SBE19plus_01907321_2022_05_11_Cast128_wfilter.cnv
* Sea-Bird SBE19plus  Data File:
* FileName = E:\Prandtl_Daten\2022\CTD\Raw\SBE19plus_01907321_2022_05_11_Cast128.hex
* Software version 2.6.1.12
* Temperature SN = 7321
* Conductivity SN = 7321
* System UpLoad Time = May 11 2022 11:01:18
* <ApplicationData>
* <Seaterm232>
** Messpraktikum 2022
** CTD 10.05  SW3
** NMEA Latitude = 54 02.58N
** NMEA Longitude = 008 23.31E
# nquan = 11
# nvalues = 439                         
# units = specified
# name 0 = timeJ: Julian Days
# name 1 = prdM: Pressure, Strain Gauge [db]
# name 2 = tv290C: Temperature [ITS-90, deg C]
# name 3 = c0mS/cm: Conductivity [mS/cm]
# name 4 = sal00: Salinity, Practical [PSU]
# name 5 = depSM: Depth [salt water, m], lat = 54.00
# name 6 = oxsatMm/Kg: Oxygen Saturation, Weiss [umol/kg]
# name 7 = oxsolMm/Kg: Oxygen Saturation, Garcia & Gordon [umol/kg]
# name 8 = turbWETntu0: Turbidity, WET Labs ECO [NTU]
# name 9 = flECO-AFL: Fluorescence, WET Labs ECO-AFL/FL [mg/m^3]
# name 10 = flag:  0.000e+00
# span 0 = 131.454245, 131.455512       
# span 1 =      0.457,     11.808       
# span 2 =    11.8109,    12.4166       
# span 3 =  30.774866,  32.839589       
# span 4 =    25.8768,    28.2493       
# span 5 =      0.453,     11.702       
# span 6 =  277.12594,  278.51010       
# span 7 =  277.20584,  278.63807       
# span 8 =    -0.9848,    16.3537       
# span 9 =     5.3729,    11.1310       
# span 10 = 0.0000e+00, 0.0000e+00      
# interval = seconds: 0.25
# start_time = May 11 2022 10:52:58 [Instrument's time stamp, header]
# bad_flag = -9.990e-29
*END*
[from data line 132]
 131.454627      3.884    12.1787  31.229053    26.4494      3.850  278.43420  278.55699     0.9918    10.6498 -9.990e-29
 131.454630      3.908    12.1744  31.252249    26.4876      3.873  278.41137  278.53363     1.3498     9.4448 -9.990e-29
 131.454633      3.919    12.1699  31.266916    26.5045      3.884  278.40506  278.52686     1.3498     9.4246 -9.990e-29
 131.454635      3.924    12.1651  31.273562    26.5141      3.889  278.41467  278.53609     1.3498     9.4570 -9.990e-29
 131.454638      3.935    12.1613  31.275110    26.5182      3.900  278.42945  278.55058     1.2875     9.4287 -9.990e-29
 131.454641      3.941    12.1581  31.267089    26.5129      3.905  278.45851  278.57952     2.6261     9.8007 -9.990e-29
 131.454644      3.961    12.1569  31.293677    26.5495      3.925  278.41535  278.53600     2.4704     9.7805 -9.990e-29
 131.454647      3.988    12.1536  31.302676    26.5475      3.953  278.41426  278.53459     2.5482     9.8371 0.0000e+00
 131.454650      4.028    12.1496  31.295455    26.5455      3.992  278.44540  278.56554     2.6572     9.8290 0.0000e+00
 131.454653      4.072    12.1483  31.284681    26.5419      4.036  278.47121  278.59138     1.1786    10.0675 0.0000e+00
 131.454656      4.122    12.1494  31.291501    26.5397      4.085  278.45365  278.57382     1.2097    10.0716 0.0000e+00
 131.454659      4.171    12.1508  31.290183    26.5397      4.134  278.45002  278.57029     1.0541    10.0959 0.0000e+00
 131.454661      4.222    12.1516  31.284108    26.5359      4.184  278.45733  278.57772     1.0385    10.0797 0.0000e+00
 131.454664      4.259    12.1517  31.286859    26.5346      4.221  278.45168  278.57205     1.0852    10.0959 0.0000e+00
 131.454667      4.291    12.1516  31.286859    26.5359      4.253  278.45234  278.57271     1.1786     9.8532 -9.990e-29
 131.454670      4.309    12.1515  31.287203    26.5364      4.271  278.45236  278.57272     1.1941     9.9139 -9.990e-29
 131.454673      4.313    12.1520  31.283134    26.5322      4.274  278.45757  278.57800     1.1008     9.8735 -9.990e-29
 131.454676      4.313    12.1526  31.285999    26.5344      4.274  278.44945  278.56989     1.2253     9.8937 -9.990e-29
 131.454679      4.302    12.1527  31.293106    26.5410      4.263  278.43581  278.55618     2.3148    10.3587 -9.990e-29
 131.454682      4.300    12.1525  31.296201    26.5441      4.262  278.43142  278.55175     2.4860    10.3425 -9.990e-29
 131.454685      4.309    12.1508  31.297978    26.5469      4.271  278.43554  278.55573     2.2214    10.3102 -9.990e-29
 131.454688      4.320    12.1489  31.304053    26.5538      4.282  278.43306  278.55307     2.3615    10.3263 -9.990e-29
 131.454690      4.353    12.1482  31.303423    26.5561      4.314  278.43743  278.55740     1.5988    10.2859 0.0000e+00
 131.454693      4.388    12.1479  31.308124    26.5585      4.348  278.43046  278.55035     1.5677    10.2697 0.0000e+00
 131.454696      4.435    12.1470  31.314200    26.5648      4.395  278.42353  278.54329     1.5833    10.2738 0.0000e+00
 131.454699      4.484    12.1456  31.319704    26.5709      4.444  278.41988  278.53950     1.7078    10.2697 0.0000e+00
 131.454702      4.539    12.1450  31.325151    26.5764      4.498  278.41251  278.53203     0.4938    10.6822 0.0000e+00
 131.454705      4.592    12.1445  31.338511    26.5893      4.551  278.39034  278.50969     0.5871    10.6579 0.0000e+00
 131.454708      4.643    12.1430  31.346712    26.5980      4.602  278.38240  278.50155     0.7117    10.6539 0.0000e+00
 131.454711      4.685    12.1408  31.348662    26.5997      4.643  278.38876  278.50775     0.5405    10.6701 0.0000e+00
 131.454714      4.714    12.1391  31.351989    26.6014      4.672  278.39036  278.50920     0.6338    10.6377 -9.990e-29
 131.454716      4.725    12.1381  31.354742    26.6090      4.683  278.39012  278.50886     0.8517     9.6308 -9.990e-29
 131.454719      4.727    12.1379  31.361166    26.6152      4.685  278.37932  278.49798     0.8984     9.6389 -9.990e-29
 131.454722      4.736    12.1372  31.362142    26.6165      4.694  278.38041  278.49902     0.8517     9.6470 -9.990e-29
 131.454725      4.731    12.1368  31.370172    26.6244      4.689  278.36795  278.48644     0.7895     9.6511 -9.990e-29
 131.454728      4.729    12.1362  31.382335    26.6362      4.687  278.34824  278.46656     0.3070     9.6308 -9.990e-29
 131.454731      4.740    12.1357  31.393524    26.6471      4.698  278.33001  278.44818     0.2447     9.6147 -9.990e-29
 131.454734      4.751    12.1337  31.397082    26.6518      4.708  278.33275  278.45075     0.2292     9.6187 -9.990e-29
 131.454737      4.773    12.1320  31.401157    26.6716      4.730  278.33297  278.45081     0.2914     9.6632 -9.990e-29
 131.454740      4.800    12.1313  31.416309    26.6818      4.757  278.30844  278.42607     0.0424     9.9826 0.0000e+00
 131.454742      4.844    12.1299  31.436918    26.6919      4.801  278.27712  278.39445     0.0891     9.8937 0.0000e+00
 131.454745      4.892    12.1272  31.453800    26.7018      4.848  278.25836  278.37533     0.0424     9.9705 0.0000e+00
 131.454748      4.943    12.1244  31.443407    26.7096      4.898  278.29017  278.40706     0.1825     9.9503 0.0000e+00
 131.454751      4.997    12.1232  31.452021    26.7107      4.953  278.27986  278.39657     0.0268     9.9462 0.0000e+00
 131.454754      5.041    12.1224  31.490792    26.7477      4.996  278.21272  278.32897     0.1513     9.9422 0.0000e+00
 131.454757      5.085    12.1193  31.504180    26.7551      5.039  278.20225  278.31814     0.1513     9.9341 0.0000e+00
 131.454760      5.114    12.1151  31.508892    26.7625      5.068  278.21305  278.32861     0.2759     9.9826 -9.990e-29
 131.454763      5.138    12.1120  31.510904    26.7740      5.092  278.22339  278.33871     0.0113     9.9260 -9.990e-29
 131.454766      5.154    12.1107  31.511651    26.7756      5.108  278.22776  278.34299     0.4159     9.2629 -9.990e-29
 131.454769      5.163    12.1098  31.515042    26.7794      5.117  278.22569  278.34082     0.4938     9.2588 -9.990e-29
 131.454771      5.167    12.1099  31.515042    26.7794      5.121  278.22537  278.34051     0.6338     9.3033 -9.990e-29
 131.454774      5.174    12.1102  31.522686    26.7864      5.128  278.21010  278.32518     0.5871     9.2831 -9.990e-29
 131.454777      5.180    12.1099  31.526077    26.7897      5.133  278.20485  278.31987     2.8284    10.7873 -9.990e-29
 131.454780      5.191    12.1093  31.530962    26.7851      5.144  278.19877  278.31370     2.8284    10.8035 -9.990e-29
 131.454783      5.216    12.1086  31.520157    26.7834      5.169  278.22176  278.33676     2.9062    10.7873 0.0000e+00
 131.454786      5.243    12.1084  31.516421    26.7817      5.197  278.22958  278.34460     2.8595    10.7954 0.0000e+00
 131.454789      5.273    12.1085  31.514238    26.7796      5.225  278.23328  278.34833     1.5210     9.2507 0.0000e+00
 131.454792      5.300    12.1094  31.513031    26.7778      5.253  278.23138  278.34650     1.5833     9.2143 0.0000e+00
 131.454795      5.335    12.1099  31.509296    26.7739      5.287  278.23570  278.35090     1.5833     9.2467 0.0000e+00
 131.454797      5.371    12.1104  31.504584    26.7703      5.323  278.24244  278.35772     1.6299     9.2629 0.0000e+00
 131.454800      5.404    12.1103  31.505733    26.7703      5.356  278.24068  278.35594    -0.9381     8.8868 0.0000e+00
 131.454803      5.439    12.1104  31.511480    26.7755      5.390  278.22954  278.34475    -0.8603     8.9192 0.0000e+00
 131.454806      5.477    12.1095  31.550107    26.8124      5.428  278.16294  278.27768    -0.8292     8.9515 0.0000e+00
 131.454809      5.516    12.1060  31.578744    26.8419      5.466  278.12671  278.24091    -0.9848     8.9515 0.0000e+00
 131.454812      5.550    12.1015  31.638409    26.9011      5.501  278.03775  278.15101    -0.8603     8.9070 0.0000e+00
 131.454815      5.579    12.0948  31.671281    26.9190      5.530  278.00799  278.12044    -0.6736     8.5391 0.0000e+00
 131.454818      5.607    12.0861  31.732627    26.9369      5.556  277.93486  278.04606    -0.5490     8.5754 -9.990e-29
 131.454821      5.628    12.0769  31.727846    27.0029      5.578  277.98514  278.09577    -0.7047     8.5754 -9.990e-29
 131.454823      5.650    12.0713  31.747728    27.0257      5.600  277.97434  278.08436    -0.7202     8.5593 -9.990e-29
 131.454826      5.668    12.0671  31.745135    27.0262      5.618  277.99779  278.10755     0.8517     8.4380 -9.990e-29
 131.454829      5.679    12.0651  31.747901    27.0303      5.628  278.00222  278.11181     0.8673     8.4097 -9.990e-29
 131.454832      5.692    12.0644  31.742542    27.0257      5.641  278.01491  278.12452     0.8517     8.3935 -9.990e-29
 131.454835      5.708    12.0648  31.762023    27.0437      5.657  277.97727  278.08670     0.9607     8.4177 -9.990e-29
 131.454838      5.726    12.0639  31.790677    27.0975      5.675  277.92913  278.03818     0.1513     7.0753 -9.990e-29
 131.454841      5.753    12.0596  31.815131    27.0894      5.702  277.90356  278.01206     0.0580     7.0995 0.0000e+00
 131.454844      5.779    12.0549  31.794426    27.0963      5.727  277.96309  278.07148     0.0424     7.0146 0.0000e+00
 131.454847      5.808    12.0543  31.809767    27.0889      5.756  277.93747  278.04566     0.1358     7.0631 0.0000e+00
 131.454850      5.837    12.0537  31.820496    27.0963      5.785  277.92064  278.02867     0.4938     7.4554 -9.990e-29
 131.454852      5.861    12.0521  31.840227    27.1265      5.808  277.89138  277.99909     0.5716     7.4594 -9.990e-29
 131.454855      5.890    12.0505  31.866369    27.1523      5.837  277.85067  277.95799     0.6650     7.4796 -9.990e-29
 131.454858      5.914    12.0463  32.001424    27.2826      5.861  277.62197  277.72754     0.5405     7.4190 -9.990e-29
 131.454861      5.934    12.0324  32.119564    27.4880      5.881  277.46763  277.57096     0.5716     7.4918 -9.990e-29
 131.454864      5.961    12.0113  32.191968    27.5104      5.908  277.42939  277.53046     5.5210     8.1226 0.0000e+00
 131.454867      5.987    11.9905  32.223267    27.5329      5.933  277.46526  277.56453     5.5366     8.1711 0.0000e+00
 131.454870      6.024    11.9742  32.241705    27.5623      5.970  277.50464  277.60256     5.4587     8.1994 0.0000e+00
 131.454873      6.068    11.9634  32.233357    27.5624      6.014  277.56859  277.66584     5.5054     8.1751 0.0000e+00
 131.454876      6.108    11.9580  32.239040    27.5717      6.054  277.58257  277.67937    -0.6424     6.2948 0.0000e+00
 131.454878      6.159    11.9548  32.309342    27.6405      6.104  277.46712  277.56293    -0.5490     6.3029 0.0000e+00
 131.454881      6.207    11.9475  32.339523    27.6745      6.151  277.44465  277.53960    -0.5957     6.3110 0.0000e+00
 131.454884      6.247    11.9395  32.359438    27.6869      6.191  277.44356  277.53774    -0.6736     6.2706 0.0000e+00
 131.454887      6.278    11.9338  32.366174    27.6993      6.222  277.45677  277.55046     2.2525     6.2665 -9.990e-29
 131.454890      6.293    11.9300  32.382610    27.7283      6.237  277.44362  277.53686     2.2992     6.2948 -9.990e-29
 131.454893      6.300    11.9267  32.436119    27.7814      6.244  277.35956  277.45198     2.4237     6.3029 -9.990e-29
 131.454896      6.295    11.9201  32.495072    27.8422      6.239  277.28037  277.37166     2.4548     6.2948 -9.990e-29
 131.454899      6.280    11.9106  32.525263    27.8779      6.224  277.26727  277.35755     1.3498     5.8824 -9.990e-29
 131.454902      6.275    11.9011  32.538356    27.8975      6.219  277.28571  277.37516     1.3654     5.8864 -9.990e-29
 131.454905      6.271    11.8938  32.562858    27.9261      6.215  277.27278  277.36144     1.2564     5.8945 -9.990e-29
 131.454907      6.280    11.8889  32.583990    27.9499      6.224  277.25580  277.34387     1.3187     5.9107 -9.990e-29
 131.454910      6.302    11.8831  32.627610    28.0088      6.246  277.20129  277.28845     1.2564     5.8986 -9.990e-29
 131.454913      6.335    11.8754  32.635417    28.0160      6.278  277.22101  277.30754     3.4510     6.4889 0.0000e+00
 131.454916      6.380    11.8699  32.646196    28.0232      6.323  277.22594  277.31194     3.5288     6.4728 0.0000e+00
 131.454919      6.436    11.8661  32.665427    28.0443      6.379  277.20747  277.29298     3.6066     6.4728 0.0000e+00
 131.454922      6.495    11.8615  32.708156    28.0883      6.437  277.14861  277.23332     3.4510     6.4930 0.0000e+00
 131.454925      6.550    11.8548  32.720461    28.1050      6.491  277.15593  277.24001     2.2214     7.4351 0.0000e+00
 131.454928      6.601    11.8486  32.722153    28.1113      6.542  277.18039  277.26401     2.1280     7.4998 0.0000e+00
 131.454931      6.639    11.8442  32.722154    28.1129      6.580  277.20024  277.28353     2.1280     7.4392 0.0000e+00
 131.454933      6.674    11.8414  32.725012    28.1146      6.614  277.20736  277.29042     2.1747     7.4594 -9.990e-29
 131.454936      6.697    11.8400  32.723321    28.1188      6.638  277.21670  277.29968     2.1591     5.5225 -9.990e-29
 131.454939      6.717    11.8391  32.723962    28.1201      6.657  277.21955  277.30246     2.1124     5.5063 -9.990e-29
 131.454942      6.730    11.8392  32.723379    28.1195      6.670  277.22033  277.30325     2.0035     5.5144 -9.990e-29
 131.454945      6.745    11.8395  32.728103    28.1237      6.684  277.21004  277.29293     2.0191     5.4901 -9.990e-29
 131.454948      6.750    11.8392  32.727228    28.1232      6.690  277.21321  277.29609     2.6261     5.7813 -9.990e-29
 131.454951      6.763    11.8386  32.731836    28.1280      6.703  277.20748  277.29026     2.5949     5.7409 -9.990e-29
 131.454954      6.776    11.8379  32.729562    28.1264      6.715  277.21479  277.29755     2.6261     5.7368 -9.990e-29
 131.454957      6.796    11.8374  32.734053    28.1310      6.735  277.20866  277.29133     2.6572     5.7489 -9.990e-29
 131.454959      6.819    11.8377  32.733703    28.1304      6.758  277.20808  277.29078     2.4860     5.7732 -9.990e-29
 131.454962      6.840    11.8386  32.733644    28.1285      6.779  277.20418  277.28694     2.0657     6.0724 -9.990e-29
 131.454965      6.867    11.8391  32.732828    28.1294      6.805  277.20355  277.28635     2.1280     6.0441 0.0000e+00
 131.454968      6.892    11.8404  32.735686    28.1292      6.831  277.19239  277.27526     2.0969     6.0967 0.0000e+00
 131.454971      6.920    11.8407  32.734869    28.1303      6.858  277.19237  277.27527     2.1124     6.1129 0.0000e+00
 131.454974      6.949    11.8406  32.736328    28.1293      6.887  277.19031  277.27319     2.5171     5.9673 0.0000e+00
 131.454977      6.980    11.8404  32.734695    28.1300      6.917  277.19429  277.27717     2.6572     5.9633 0.0000e+00
 131.454980      7.007    11.8400  32.735686    28.1293      6.944  277.19433  277.27716     2.6416     5.9349 -9.990e-29
 131.454983      7.027    11.8398  32.737553    28.1324      6.964  277.19150  277.27431     2.6261     5.9794 -9.990e-29
 131.454986      7.051    11.8393  32.733237    28.1287      6.988  277.20199  277.28481     3.0152     6.1007 -9.990e-29
 131.454988      7.069    11.8382  32.730962    28.1255      7.006  277.21086  277.29362     3.0930     6.0967 -9.990e-29
 131.454991      7.100    11.8375  32.728513    28.1274      7.037  277.21851  277.30126     2.9529     6.0886 0.0000e+00
 131.454994      7.131    11.8372  32.732246    28.1293      7.067  277.21317  277.29585     3.0463     6.0967 0.0000e+00
 131.454997      7.167    11.8374  32.735512    28.1322      7.103  277.20622  277.28887     2.8284     5.7894 0.0000e+00
 131.455000      7.211    11.8375  32.739420    28.1358      7.147  277.19839  277.28101     2.9062     5.7813 0.0000e+00
