Processed/SBE19plus_01907321_2022_05_04_Cast12_wfilter.cnv
* Sea-Bird SBE19plus  Data File:
* FileName = E:\Prandtl Daten\2022\CTD\Raw\SBE19plus_01907321_2022_05_04_Cast12.hex
* Software version 2.6.1.12
* Temperature SN = 7321
* Conductivity SN = 7321
* System UpLoad Time = May 04 2022 08:13:15
* <ApplicationData>
* <Seaterm232>
** Messpraktikum 2022
** CTD 04.05 SW2
# nquan = 11
# nvalues = 357                         
# units = specified
# name 0 = timeJ: Julian Days
# name 1 = prdM: Pressure, Strain Gauge [db]
# name 2 = tv290C: Temperature [ITS-90, deg C]
# name 3 = c0mS/cm: Conductivity [mS/cm]
# name 4 = sal00: Salinity, Practical [PSU]
# name 5 = depSM: Depth [salt water, m], lat = 54.00
# name 6 = oxsatMm/Kg: Oxygen Saturation, Weiss [umol/kg]
# name 7 = oxsolMm/Kg: Oxygen Saturation, Garcia & Gordon [umol/kg]
# name 8 = turbWETntu0: Turbidity, WET Labs ECO [NTU]
# name 9 = flECO-AFL: Fluorescence, WET Labs ECO-AFL/FL [mg/m^3]
# name 10 = flag:  0.000e+00
# span 0 = 124.337925, 124.338955       
# span 1 =      0.833,     10.365       
# span 2 =    11.0948,    11.7544       
# span 3 =  30.042003,  31.530507       
# span 4 =    25.6601,    27.5345       
# span 5 =      0.826,     10.272       
# span 6 =  282.00451,  283.18347       
# span 7 =  282.10372,  283.23821       
# span 8 =    67.1397,   103.1397       
# span 9 =    11.0946,    21.2887       
# span 10 = 0.0000e+00, 0.0000e+00      
# interval = seconds: 0.25
# start_time = May 04 2022 08:05:23 [Instrument's time stamp, header]
# bad_flag = -9.990e-29
*END*
[from data line 263]
 124.338686      7.845    11.1568  31.319987    27.2864      7.775  282.98414  283.03338    72.6494    12.6757 0.0000e+00
 124.338689      7.872    11.1554  31.330537    27.2920      7.802  282.97053  283.01952    72.6961    12.6959 0.0000e+00
 124.338692      7.903    11.1537  31.334493    27.2976      7.833  282.97085  283.01967    72.7584    12.6838 -9.990e-29
 124.338695      7.927    11.1520  31.339884    27.3123      7.856  282.96810  283.01673    73.8012    12.7202 -9.990e-29
 124.338698      7.956    11.1507  31.342293    27.3124      7.885  282.96950  283.01801    73.5366    12.7000 0.0000e+00
 124.338701      7.987    11.1499  31.341891    27.3125      7.916  282.97441  283.02285    73.7078    12.7202 0.0000e+00
 124.338704      8.022    11.1494  31.350150    27.3208      7.950  282.96077  283.00907    73.7545    12.7242 0.0000e+00
 124.338707      8.055    11.1488  31.354853    27.3257      7.983  282.95428  283.00248    73.6299    12.7364 0.0000e+00
 124.338709      8.090    11.1482  31.358581    27.3298      8.017  282.94998  282.99809    70.9996    12.2794 0.0000e+00
 124.338712      8.125    11.1476  31.363056    27.3346      8.052  282.94456  282.99257    71.0774    12.2026 0.0000e+00
 124.338715      8.157    11.1467  31.365981    27.3380      8.084  282.94275  282.99066    71.0152    12.2511 0.0000e+00
 124.338718      8.194    11.1461  31.367588    27.3400      8.120  282.94254  282.99038    70.9529    12.2390 0.0000e+00
 124.338721      8.225    11.1460  31.368161    27.3406      8.151  282.94209  282.98991    74.7039    12.1702 0.0000e+00
 124.338724      8.260    11.1460  31.373439    27.3432      8.186  282.93196  282.97972    74.6416    12.2026 0.0000e+00
 124.338727      8.287    11.1454  31.379922    27.3457      8.213  282.92235  282.96999    74.6261    12.2107 -9.990e-29
 124.338730      8.309    11.1445  31.383365    27.3563      8.235  282.91986  282.96738    74.5327    12.1824 -9.990e-29
 124.338733      8.324    11.1434  31.387554    27.3612      8.249  282.91687  282.96426    72.5405    11.8912 -9.990e-29
 124.338736      8.338    11.1424  31.396563    27.3706      8.263  282.90429  282.95149    72.6494    11.8751 -9.990e-29
 124.338738      8.353    11.1410  31.404253    27.3790      8.278  282.89614  282.94314    72.4315    11.8872 -9.990e-29
 124.338741      8.365    11.1393  31.412461    27.3882      8.291  282.88826  282.93503    72.6338    11.8670 -9.990e-29
 124.338744      8.378    11.1375  31.415446    27.3924      8.303  282.89074  282.93734    71.9334    11.6082 -9.990e-29
 124.338747      8.398    11.1361  31.418775    27.3967      8.323  282.89099  282.93744    71.9334    11.6122 -9.990e-29
 124.338750      8.417    11.1347  31.420899    27.4010      8.341  282.89323  282.93955    71.9023    11.6122 -9.990e-29
 124.338753      8.442    11.1342  31.421875    27.4024      8.367  282.89390  282.94017    71.9646    11.5839 0.0000e+00
 124.338756      8.477    11.1336  31.424286    27.4038      8.401  282.89213  282.93832    72.0268    11.6041 0.0000e+00
 124.338759      8.515    11.1331  31.428764    27.4085      8.439  282.88575  282.93185    71.7155    11.7982 0.0000e+00
 124.338762      8.553    11.1322  31.430716    27.4110      8.477  282.88612  282.93213    71.5910    11.7901 0.0000e+00
 124.338764      8.584    11.1318  31.430716    27.4111      8.508  282.88836  282.93433    71.4665    11.8427 0.0000e+00
 124.338767      8.610    11.1314  31.432496    27.4113      8.533  282.88653  282.93246    71.5599    11.8104 -9.990e-29
 124.338770      8.630    11.1309  31.433874    27.4149      8.553  282.88610  282.93198    73.5054    11.8387 -9.990e-29
 124.338773      8.650    11.1305  31.433989    27.4154      8.573  282.88779  282.93363    73.7233    11.8306 -9.990e-29
 124.338776      8.668    11.1298  31.437434    27.4181      8.591  282.88465  282.93039    73.5833    11.8831 -9.990e-29
 124.338779      8.696    11.1295  31.436056    27.4196      8.618  282.88858  282.93432    73.5677    11.8508 0.0000e+00
 124.338782      8.722    11.1295  31.439214    27.4202      8.644  282.88284  282.92853    73.7700    11.9034 0.0000e+00
 124.338785      8.753    11.1292  31.438008    27.4212      8.674  282.88644  282.93213    73.5677    11.8670 0.0000e+00
 124.338788      8.787    11.1289  31.445071    27.4272      8.709  282.87414  282.91972    73.7078    11.8670 0.0000e+00
 124.338791      8.824    11.1282  31.446277    27.4289      8.745  282.87532  282.92082    73.5677    11.9114 0.0000e+00
 124.338793      8.862    11.1274  31.448402    27.4315      8.783  282.87473  282.92015    72.7739    12.0934 0.0000e+00
 124.338796      8.904    11.1267  31.449033    27.4326      8.825  282.87701  282.92238    72.6961    12.0449 0.0000e+00
 124.338799      8.952    11.1261  31.452766    27.4366      8.872  282.87239  282.91766    72.9296    12.1136 0.0000e+00
 124.338802      8.999    11.1255  31.453341    27.4376      8.919  282.87416  282.91938    72.8984    12.0570 0.0000e+00
 124.338805      9.043    11.1248  31.453915    27.4387      8.962  282.87624  282.92140    72.8206    12.1298 0.0000e+00
 124.338808      9.087    11.1245  31.455121    27.4401      9.005  282.87553  282.92065    72.0735    11.6284 0.0000e+00
 124.338811      9.123    11.1243  31.457246    27.4412      9.041  282.87241  282.91749    71.9023    11.6244 0.0000e+00
 124.338814      9.150    11.1238  31.462013    27.4422      9.068  282.86546  282.91045    71.8556    11.6203 -9.990e-29
 124.338817      9.161    11.1229  31.463392    27.4492      9.079  282.86723  282.91213    71.8556    11.6446 -9.990e-29
 124.338819      9.165    11.1220  31.464196    27.4506      9.083  282.86979  282.91461    72.1513    11.5233 -9.990e-29
 124.338822      9.154    11.1213  31.464368    27.4513      9.072  282.87261  282.91737    72.0735    11.5435 -9.990e-29
 124.338825      9.143    11.1211  31.466148    27.4532      9.061  282.87012  282.91485    72.2136    11.5556 -9.990e-29
 124.338828      9.128    11.1206  31.468848    27.4562      9.046  282.86712  282.91178    72.2292    11.5435 -9.990e-29
 124.338831      9.130    11.1200  31.470629    27.4583      9.048  282.86653  282.91112    70.9062    11.1189 -9.990e-29
 124.338834      9.145    11.1192  31.472007    27.4597      9.063  282.86767  282.91218    71.1708    11.1310 -9.990e-29
 124.338837      9.176    11.1184  31.470859    27.4611      9.094  282.87369  282.91816    70.9685    11.1310 0.0000e+00
 124.338840      9.230    11.1179  31.473214    27.4624      9.148  282.87172  282.91612    70.9685    11.0946 0.0000e+00
 124.338843      9.294    11.1173  31.475971    27.4654      9.211  282.86898  282.91330    74.0657    11.5111 0.0000e+00
 124.338845      9.367    11.1168  31.478097    27.4678      9.283  282.86715  282.91141    74.1436    11.6244 0.0000e+00
 124.338848      9.429    11.1160  31.478729    27.4690      9.345  282.86976  282.91395    74.0035    11.6001 0.0000e+00
 124.338851      9.484    11.1154  31.479476    27.4696      9.399  282.87120  282.91534    74.0969    11.6082 0.0000e+00
 124.338854      9.522    11.1152  31.478729    27.4702      9.437  282.87393  282.91805    74.0191    11.6082 -9.990e-29
 124.338857      9.540    11.1148  31.482061    27.4731      9.455  282.86910  282.91316    73.5054    11.3089 -9.990e-29
 124.338860      9.548    11.1145  31.481832    27.4731      9.462  282.87113  282.91516    73.4587    11.3777 -9.990e-29
 124.338863      9.544    11.1141  31.482234    27.4738      9.459  282.87224  282.91624    73.6611    11.3413 -9.990e-29
 124.338866      9.531    11.1141  31.482636    27.4742      9.446  282.87114  282.91514    73.5366    11.3656 -9.990e-29
 124.338869      9.527    11.1139  31.484819    27.4765      9.442  282.86820  282.91215    72.4626    11.3696 -9.990e-29
 124.338872      9.533    11.1135  31.488955    27.4807      9.447  282.86181  282.90568    72.5716    11.3251 -9.990e-29
 124.338874      9.555    11.1126  31.490736    27.4853      9.469  282.86250  282.90628    72.6494    11.3939 -9.990e-29
 124.338877      9.591    11.1116  31.492288    27.4869      9.505  282.86427  282.90795    72.4626    11.4181 0.0000e+00
 124.338880      9.639    11.1110  31.495046    27.4885      9.552  282.86214  282.90574    80.4782    11.9964 0.0000e+00
 124.338883      9.693    11.1100  31.496827    27.4909      9.607  282.86316  282.90667    80.4782    11.9721 0.0000e+00
 124.338886      9.746    11.1093  31.499585    27.4940      9.659  282.86104  282.90446    80.5871    12.0085 0.0000e+00
 124.338889      9.799    11.1082  31.499011    27.4943      9.711  282.86755  282.91089    80.3692    12.0408 0.0000e+00
 124.338892      9.850    11.1074  31.500965    27.4968      9.762  282.86760  282.91086    78.3770    11.9923 0.0000e+00
 124.338895      9.887    11.1071  31.501942    27.4974      9.798  282.86701  282.91023    75.8868    11.8144 0.0000e+00
 124.338898      9.920    11.1065  31.501942    27.4979      9.831  282.86956  282.91274    76.2292    11.8265 -9.990e-29
 124.338900      9.943    11.1065  31.502747    27.4991      9.854  282.86834  282.91150    76.0424    11.8265 -9.990e-29
 124.338903      9.966    11.1061  31.503494    27.5001      9.876  282.86849  282.91162    75.8868    11.7821 -9.990e-29
 124.338906      9.989    11.1059  31.505677    27.5024      9.900  282.86556  282.90865    77.7078    12.2390 -9.990e-29
 124.338909     10.008    11.1052  31.507459    27.5046      9.918  282.86530  282.90831    77.5988    12.2916 -9.990e-29
 124.338912     10.031    11.1047  31.508263    27.5057      9.941  282.86597  282.90893    77.8012    12.2996 -9.990e-29
 124.338915     10.053    11.1042  31.509240    27.5070      9.963  282.86631  282.90922    77.8790    12.2835 -9.990e-29
 124.338918     10.079    11.1038  31.508838    27.5069      9.988  282.86899  282.91188    80.4938    12.5301 -9.990e-29
 124.338921     10.097    11.1036  31.509413    27.5076     10.006  282.86885  282.91171    80.4159    12.5059 -9.990e-29
 124.338924     10.115    11.1036  31.510620    27.5088     10.025  282.86653  282.90939    80.5093    12.5180 -9.990e-29
 124.338927     10.121    11.1034  31.511769    27.5100     10.030  282.86527  282.90809    80.2447    12.5180 -9.990e-29
 124.338929     10.130    11.1032  31.513148    27.5115     10.039  282.86356  282.90635    84.1513    12.5220 -9.990e-29
 124.338932     10.133    11.1028  31.516712    27.5153     10.043  282.85859  282.90130    83.8245    12.5301 -9.990e-29
 124.338935     10.152    11.1019  31.518263    27.5174     10.061  282.85971  282.90234    83.9179    12.5342 -9.990e-29
 124.338938     10.159    11.1009  31.521597    27.5214     10.068  282.85802  282.90053    84.0891    12.5099 -9.990e-29
 124.338941     10.182    11.0998  31.524011    27.5257     10.091  282.85874  282.90113    83.9334    12.5261 -9.990e-29
 124.338944     10.208    11.0987  31.524414    27.5280     10.117  282.86303  282.90533    80.3848    12.1581 0.0000e+00
 124.338947     10.246    11.0978  31.528322    27.5302     10.155  282.85962  282.90180    80.3537    12.1783 0.0000e+00
 124.338950     10.294    11.0967  31.529702    27.5313     10.202  282.86203  282.90412    80.2759    12.1905 0.0000e+00
 124.338953     10.363    11.0956  31.529932    27.5323     10.270  282.86668  282.90868    80.5560    12.2026 -9.990e-29
 124.338955     10.365    11.0948  31.530507    27.5345     10.272  282.86967  282.91160    89.1941    12.5220 -9.990e-29
