Processed/SBE19plus_01907321_2022_05_04_Cast13_wfilter.cnv
* Sea-Bird SBE19plus  Data File:
* FileName = E:\Prandtl Daten\2022\CTD\Raw\SBE19plus_01907321_2022_05_04_Cast13.hex
* Software version 2.6.1.12
* Temperature SN = 7321
* Conductivity SN = 7321
* System UpLoad Time = May 04 2022 08:45:43
* <ApplicationData>
* <Seaterm232>
** Messpraktikum 2022
** CTD 04.05 SW3
# nquan = 11
# nvalues = 328                         
# units = specified
# name 0 = timeJ: Julian Days
# name 1 = prdM: Pressure, Strain Gauge [db]
# name 2 = tv290C: Temperature [ITS-90, deg C]
# name 3 = c0mS/cm: Conductivity [mS/cm]
# name 4 = sal00: Salinity, Practical [PSU]
# name 5 = depSM: Depth [salt water, m], lat = 54.00
# name 6 = oxsatMm/Kg: Oxygen Saturation, Weiss [umol/kg]
# name 7 = oxsolMm/Kg: Oxygen Saturation, Garcia & Gordon [umol/kg]
# name 8 = turbWETntu0: Turbidity, WET Labs ECO [NTU]
# name 9 = flECO-AFL: Fluorescence, WET Labs ECO-AFL/FL [mg/m^3]
# name 10 = flag:  0.000e+00
# span 0 = 124.359644, 124.360590       
# span 1 =      0.535,      9.145       
# span 2 =    10.8977,    11.0680       
# span 3 =  28.383388,  30.234899       
# span 4 =    24.5426,    26.4292       
# span 5 =      0.530,      9.063       
# span 6 =  286.31435,  289.24907       
# span 7 =  286.35795,  289.32580       
# span 8 =    26.0969,    74.7194       
# span 9 =     9.4650,    14.6166       
# span 10 = 0.0000e+00, 0.0000e+00      
# interval = seconds: 0.25
# start_time = May 04 2022 08:36:24 [Instrument's time stamp, header]
# bad_flag = -9.990e-29
*END*
[from data line 132]
 124.360026      4.238    11.0302  28.405485    24.5848      4.200  289.23209  289.30822    42.0657    12.1217 -9.990e-29
 124.360029      4.223    11.0299  28.407860    24.5872      4.185  289.22880  289.30488    42.2681    12.1541 -9.990e-29
 124.360032      4.199    11.0293  28.409351    24.5890      4.162  289.22857  289.30459    42.3926    12.1298 -9.990e-29
 124.360035      4.177    11.0289  28.412278    24.5921      4.140  289.22487  289.30082    41.9724    12.1824 -9.990e-29
 124.360038      4.159    11.0280  28.416531    24.5968      4.122  289.22127  289.29711    40.4004    11.6931 -9.990e-29
 124.360041      4.150    11.0270  28.419127    24.5999      4.113  289.22091  289.29665    40.4626    11.6244 -9.990e-29
 124.360043      4.148    11.0261  28.417636    24.5991      4.111  289.22851  289.30420    40.1513    11.6769 -9.990e-29
 124.360046      4.157    11.0252  28.418575    24.6006      4.120  289.23139  289.30700    40.4315    11.6769 -9.990e-29
 124.360049      4.165    11.0247  28.420785    24.6030      4.128  289.22910  289.30466    39.3731    12.0489 -9.990e-29
 124.360052      4.179    11.0249  28.421337    24.6042      4.142  289.22736  289.30293    39.4976    12.0166 -9.990e-29
 124.360055      4.208    11.0253  28.422442    24.6032      4.170  289.22321  289.29879    39.3731    12.0692 0.0000e+00
 124.360058      4.236    11.0255  28.420564    24.6029      4.198  289.22589  289.30150    39.3576    12.0894 0.0000e+00
 124.360061      4.276    11.0258  28.421393    24.6029      4.237  289.22296  289.29858    38.1903    12.7040 0.0000e+00
 124.360064      4.327    11.0258  28.425204    24.6046      4.288  289.21556  289.29114    38.2681    12.7121 0.0000e+00
 124.360067      4.385    11.0256  28.423161    24.6060      4.346  289.22026  289.29585    38.1591    12.7202 0.0000e+00
 124.360069      4.451    11.0254  28.424487    24.6060      4.411  289.21872  289.29429    38.1280    12.7080 0.0000e+00
 124.360072      4.522    11.0254  28.426144    24.6075      4.482  289.21554  289.29109    38.2525    12.7444 0.0000e+00
 124.360075      4.604    11.0252  28.429790    24.6111      4.563  289.20950  289.28499    38.6883    11.5111 0.0000e+00
 124.360078      4.690    11.0248  28.432001    24.6114      4.648  289.20727  289.28270    38.6572    11.5111 0.0000e+00
 124.360081      4.765    11.0242  28.429459    24.6118      4.722  289.21529  289.29071    38.7973    11.5637 0.0000e+00
 124.360084      4.828    11.0236  28.429460    24.6118      4.785  289.21835  289.29373    38.7039    11.5313 0.0000e+00
 124.360087      4.874    11.0233  28.429791    24.6121      4.830  289.21908  289.29443    40.3848    12.2228 0.0000e+00
 124.360090      4.901    11.0231  28.427803    24.6123      4.858  289.22431  289.29968    40.2759    12.3118 -9.990e-29
 124.360093      4.903    11.0229  28.424654    24.6077      4.859  289.23112  289.30651    40.6183    12.3158 -9.990e-29
 124.360095      4.890    11.0231  28.424488    24.6074      4.847  289.23076  289.30617    40.3848    12.2916 -9.990e-29
 124.360098      4.870    11.0231  28.424101    24.6071      4.827  289.23150  289.30691    42.7039    11.8346 -9.990e-29
 124.360101      4.843    11.0233  28.425206    24.6080      4.800  289.22833  289.30373    42.5327    11.8104 -9.990e-29
 124.360104      4.808    11.0231  28.425924    24.6088      4.765  289.22758  289.30296    42.5171    11.8104 -9.990e-29
 124.360107      4.779    11.0228  28.426808    24.6098      4.736  289.22751  289.30287    42.6261    11.8023 -9.990e-29
 124.360110      4.757    11.0224  28.428134    24.6113      4.715  289.22659  289.30191    42.8284    11.8508 -9.990e-29
 124.360113      4.746    11.0222  28.429073    24.6124      4.704  289.22576  289.30105    42.6883    11.9195 -9.990e-29
 124.360116      4.746    11.0225  28.428520    24.6117      4.704  289.22550  289.30081    42.7350    11.8548 -9.990e-29
 124.360119      4.768    11.0227  28.428907    24.6119      4.726  289.22409  289.29941    42.5949    11.8751 -9.990e-29
 124.360122      4.796    11.0227  28.427968    24.6110      4.753  289.22593  289.30127    42.6572    11.8508 -9.990e-29
 124.360124      4.838    11.0229  28.428134    24.6111      4.794  289.22463  289.29998    40.4471    12.3199 -9.990e-29
 124.360127      4.880    11.0233  28.428521    24.6114      4.836  289.22156  289.29693    40.3692    12.3158 0.0000e+00
 124.360130      4.936    11.0238  28.429460    24.6116      4.892  289.21742  289.29281    40.6027    12.3199 0.0000e+00
 124.360133      5.000    11.0240  28.430344    24.6116      4.955  289.21473  289.29013    40.4471    12.2916 0.0000e+00
 124.360136      5.064    11.0241  28.428908    24.6112      5.018  289.21724  289.29266    40.7272    11.6365 0.0000e+00
 124.360139      5.135    11.0241  28.429240    24.6110      5.089  289.21664  289.29205    40.7584    11.5556 0.0000e+00
 124.360142      5.211    11.0241  28.429074    24.6112      5.165  289.21701  289.29243    40.6183    11.6648 0.0000e+00
 124.360145      5.286    11.0239  28.430013    24.6120      5.239  289.21624  289.29163    40.6650    11.6041 0.0000e+00
 124.360148      5.354    11.0235  28.430345    24.6120      5.306  289.21765  289.29301    41.4276    11.7457 0.0000e+00
 124.360150      5.409    11.0231  28.428909    24.6120      5.360  289.22217  289.29752    41.4276    11.7537 0.0000e+00
 124.360153      5.451    11.0232  28.430898    24.6114      5.402  289.21798  289.29332    41.6144    11.7214 -9.990e-29
 124.360156      5.471    11.0230  28.430843    24.6133      5.422  289.21911  289.29443    41.5210    11.7780 -9.990e-29
 124.360159      5.478    11.0229  28.431450    24.6139      5.429  289.21827  289.29358    43.9179    11.7901 -9.990e-29
 124.360162      5.469    11.0228  28.431837    24.6144      5.420  289.21818  289.29347    45.6144    12.4937 -9.990e-29
 124.360165      5.447    11.0225  28.432390    24.6151      5.398  289.21843  289.29370    45.5833    12.4735 -9.990e-29
 124.360168      5.429    11.0220  28.432555    24.6156      5.380  289.22044  289.29568    45.6299    12.5342 -9.990e-29
 124.360171      5.407    11.0218  28.432942    24.6162      5.358  289.22102  289.29623    45.5988    12.5018 -9.990e-29
 124.360174      5.390    11.0216  28.433108    24.6165      5.342  289.22169  289.29689    43.7622    11.8629 -9.990e-29
 124.360177      5.387    11.0210  28.433715    24.6174      5.338  289.22319  289.29834    43.3576    11.8265 -9.990e-29
 124.360179      5.390    11.0208  28.436091    24.6198      5.342  289.21957  289.29467    43.7622    11.8427 -9.990e-29
 124.360182      5.407    11.0205  28.437196    24.6211      5.358  289.21910  289.29417    43.5910    11.9074 -9.990e-29
 124.360185      5.430    11.0203  28.434986    24.6202      5.382  289.22443  289.29952    42.5015    12.5544 -9.990e-29
 124.360188      5.458    11.0207  28.436478    24.6208      5.409  289.21953  289.29462    42.6105    12.5584 0.0000e+00
 124.360191      5.499    11.0213  28.438136    24.6214      5.450  289.21331  289.28842    42.4704    12.5503 0.0000e+00
 124.360194      5.540    11.0214  28.438688    24.6218      5.490  289.21159  289.28671    42.7039    12.5787 0.0000e+00
 124.360197      5.592    11.0217  28.439572    24.6221      5.542  289.20856  289.28369    42.1903    12.2875 0.0000e+00
 124.360200      5.643    11.0217  28.439241    24.6225      5.593  289.20924  289.28437    42.1747    12.2592 0.0000e+00
 124.360203      5.706    11.0217  28.440678    24.6235      5.655  289.20648  289.28159    42.2214    12.2916 0.0000e+00
 124.360205      5.758    11.0217  28.441451    24.6235      5.707  289.20501  289.28011    42.0502    12.3360 0.0000e+00
 124.360208      5.813    11.0215  28.440512    24.6234      5.761  289.20788  289.28298    42.0035    12.3199 0.0000e+00
 124.360211      5.864    11.0214  28.440126    24.6234      5.812  289.20934  289.28444    43.0152    11.8144 0.0000e+00
 124.360214      5.913    11.0210  28.440347    24.6235      5.860  289.21062  289.28569    43.0307    11.8023 0.0000e+00
 124.360217      5.955    11.0204  28.443662    24.6253      5.902  289.20721  289.28220    43.0307    11.8265 0.0000e+00
 124.360220      5.984    11.0202  28.444602    24.6271      5.931  289.20674  289.28170    43.1864    11.8346 -9.990e-29
 124.360223      6.003    11.0197  28.446425    24.6302      5.949  289.20555  289.28045    44.1669    12.5099 -9.990e-29
 124.360226      6.023    11.0196  28.444878    24.6288      5.969  289.20891  289.28383    43.9334    12.5503 -9.990e-29
 124.360229      6.025    11.0195  28.445873    24.6298      5.971  289.20731  289.28221    43.9334    12.5180 -9.990e-29
 124.360231      6.023    11.0195  28.446812    24.6307      5.969  289.20581  289.28070    43.8712    12.5180 -9.990e-29
 124.360234      6.021    11.0193  28.447531    24.6315      5.967  289.20508  289.27995    43.6689    13.3510 -9.990e-29
 124.360237      6.017    11.0193  28.445873    24.6300      5.963  289.20865  289.28353    43.4976    13.3065 -9.990e-29
 124.360240      6.010    11.0193  28.447365    24.6314      5.956  289.20574  289.28060    43.7000    13.2822 -9.990e-29
 124.360243      6.014    11.0190  28.447365    24.6316      5.960  289.20708  289.28192    43.6222    13.3065 -9.990e-29
 124.360246      6.021    11.0191  28.447696    24.6318      5.967  289.20577  289.28062    44.1669    12.1783 -9.990e-29
 124.360249      6.039    11.0192  28.447475    24.6315      5.985  289.20588  289.28073    44.4159    12.2390 -9.990e-29
 124.360252      6.067    11.0190  28.447365    24.6317      6.012  289.20712  289.28196    44.2914    12.1702 0.0000e+00
 124.360255      6.111    11.0190  28.447697    24.6315      6.056  289.20650  289.28134    44.1669    12.1945 0.0000e+00
 124.360258      6.165    11.0191  28.446592    24.6318      6.110  289.20802  289.28288    44.1047    12.1702 0.0000e+00
 124.360260      6.222    11.0193  28.450128    24.6332      6.167  289.20049  289.27532    42.8595    12.5018 0.0000e+00
 124.360263      6.286    11.0193  28.449355    24.6332      6.230  289.20204  289.27688    43.1241    12.5342 0.0000e+00
 124.360266      6.339    11.0191  28.448802    24.6332      6.282  289.20383  289.27866    42.8751    12.5665 0.0000e+00
 124.360269      6.386    11.0183  28.449742    24.6335      6.329  289.20639  289.28115    42.9062    12.4978 0.0000e+00
 124.360272      6.419    11.0179  28.450626    24.6342      6.362  289.20637  289.28109    45.3965    12.0813 -9.990e-29
 124.360275      6.439    11.0181  28.447145    24.6318      6.382  289.21249  289.28727    45.2720    12.1339 -9.990e-29
 124.360278      6.448    11.0181  28.451068    24.6356      6.391  289.20485  289.27959    45.3187    12.1136 -9.990e-29
 124.360281      6.450    11.0183  28.451400    24.6358      6.392  289.20320  289.27795    45.2253    12.1460 -9.990e-29
 124.360284      6.450    11.0183  28.451400    24.6357      6.392  289.20287  289.27761    43.3264    12.5989 -9.990e-29
 124.360286      6.459    11.0187  28.451234    24.6353      6.402  289.20118  289.27596    43.0774    12.6029 -9.990e-29
 124.360289      6.483    11.0189  28.451400    24.6340      6.425  289.19987  289.27466    43.2331    12.5625 -9.990e-29
 124.360292      6.519    11.0190  28.450129    24.6346      6.461  289.20203  289.27685    43.1864    12.5867 0.0000e+00
 124.360295      6.570    11.0192  28.451511    24.6352      6.512  289.19837  289.27318    43.3264    12.6312 0.0000e+00
 124.360298      6.627    11.0192  28.452174    24.6358      6.567  289.19712  289.27192    43.4665    12.5544 0.0000e+00
 124.360301      6.680    11.0193  28.452340    24.6359      6.620  289.19649  289.27130    43.4043    12.5584 0.0000e+00
 124.360304      6.725    11.0194  28.453058    24.6362      6.665  289.19445  289.26926    43.4043    12.5665 0.0000e+00
 124.360307      6.763    11.0192  28.453059    24.6365      6.703  289.19548  289.27027    43.3731    12.5908 -9.990e-29
 124.360310      6.785    11.0189  28.451788    24.6356      6.724  289.19932  289.27410    46.0346    12.5261 -9.990e-29
 124.360313      6.785    11.0187  28.451069    24.6350      6.724  289.20172  289.27651    45.9257    12.5180 -9.990e-29
 124.360315      6.783    11.0183  28.451069    24.6353      6.723  289.20374  289.27849    46.0346    12.5261 -9.990e-29
 124.360318      6.773    11.0182  28.452948    24.6372      6.712  289.20074  289.27546    45.8323    12.5018 -9.990e-29
 124.360321      6.761    11.0179  28.452893    24.6374      6.701  289.20251  289.27721    46.8284    13.0518 -9.990e-29
 124.360324      6.756    11.0179  28.453280    24.6377      6.696  289.20176  289.27645    47.0930    13.1205 -9.990e-29
 124.360327      6.762    11.0177  28.454551    24.6397      6.701  289.19996  289.27462    47.0307    13.0760 -9.990e-29
 124.360330      6.787    11.0175  28.455104    24.6402      6.726  289.19990  289.27455    46.9685    13.0598 0.0000e+00
 124.360333      6.816    11.0173  28.456043    24.6407      6.755  289.19910  289.27372    48.7739    13.0315 0.0000e+00
 124.360336      6.856    11.0169  28.457867    24.6427      6.795  289.19758  289.27215    49.1008    13.0679 0.0000e+00
 124.360339      6.895    11.0164  28.459083    24.6432      6.833  289.19792  289.27244    48.7739    13.1205 0.0000e+00
 124.360341      6.935    11.0163  28.458033    24.6440      6.873  289.20033  289.27486    48.7895    13.1043 0.0000e+00
 124.360344      6.972    11.0163  28.458807    24.6440      6.909  289.19885  289.27336    47.6222    11.9802 0.0000e+00
 124.360347      7.010    11.0165  28.460465    24.6454      6.947  289.19463  289.26915    47.7000    11.9478 0.0000e+00
 124.360350      7.043    11.0169  28.461570    24.6462      6.980  289.19049  289.26502    47.7155    11.9559 0.0000e+00
 124.360353      7.077    11.0171  28.461736    24.6462      7.014  289.18918  289.26372    47.6689    11.9155 0.0000e+00
 124.360356      7.116    11.0170  28.462123    24.6466      7.052  289.18913  289.26365    47.7311    11.8953 0.0000e+00
 124.360359      7.158    11.0168  28.465440    24.6499      7.094  289.18336  289.25784    45.0541    12.7000 0.0000e+00
 124.360362      7.211    11.0167  28.472404    24.6566      7.146  289.17050  289.24488    44.9451    12.7364 0.0000e+00
 124.360365      7.260    11.0170  28.473565    24.6575      7.195  289.16693  289.24131    44.8673    12.7444 0.0000e+00
 124.360367      7.320    11.0171  28.474118    24.6575      7.255  289.16522  289.23961    45.1319    12.7161 0.0000e+00
 124.360370      7.378    11.0170  28.472681    24.6573      7.312  289.16873  289.24313    48.0580    12.6029 0.0000e+00
 124.360373      7.421    11.0167  28.473234    24.6570      7.354  289.16902  289.24339    48.1047    12.6070 0.0000e+00
 124.360376      7.448    11.0162  28.475998    24.6573      7.381  289.16600  289.24030    47.9646    12.5948 -9.990e-29
 124.360379      7.464    11.0163  28.476551    24.6607      7.397  289.16460  289.23890    47.9957    12.5625 -9.990e-29
 124.360382      7.466    11.0164  28.478375    24.6624      7.399  289.16071  289.23499    48.7584    13.0962 -9.990e-29
 124.360385      7.455    11.0162  28.476551    24.6608      7.388  289.16493  289.23923    48.8206    13.0922 -9.990e-29
 124.360388      7.438    11.0161  28.475224    24.6596      7.372  289.16817  289.24248    48.8206    13.0801 -9.990e-29
 124.360391      7.416    11.0158  28.474340    24.6590      7.350  289.17156  289.24585    48.7428    13.0396 -9.990e-29
 124.360394      7.395    11.0155  28.473234    24.6581      7.329  289.17504  289.24933    51.8868    13.2378 -9.990e-29
 124.360396      7.378    11.0152  28.472681    24.6578      7.312  289.17745  289.25172    51.9646    13.3105 -9.990e-29
 124.360399      7.371    11.0149  28.473953    24.6592      7.305  289.17664  289.25087    52.1202    13.2903 -9.990e-29
