Processed/SBE19plus_01907321_2022_05_05_Cast23_wfilter.cnv
* Sea-Bird SBE19plus  Data File:
* FileName = E:\Prandtl Daten\2022\CTD\Raw\SBE19plus_01907321_2022_05_04_Cast23.hex
* Software version 2.6.1.12
* Temperature SN = 7321
* Conductivity SN = 7321
* System UpLoad Time = May 05 2022 08:00:07
* <ApplicationData>
* <Seaterm232>
** Messpraktikum 2022
** CTD 05.05 BM
# nquan = 11
# nvalues = 522                         
# units = specified
# name 0 = timeJ: Julian Days
# name 1 = prdM: Pressure, Strain Gauge [db]
# name 2 = tv290C: Temperature [ITS-90, deg C]
# name 3 = c0mS/cm: Conductivity [mS/cm]
# name 4 = sal00: Salinity, Practical [PSU]
# name 5 = depSM: Depth [salt water, m], lat = 54.00
# name 6 = oxsatMm/Kg: Oxygen Saturation, Weiss [umol/kg]
# name 7 = oxsolMm/Kg: Oxygen Saturation, Garcia & Gordon [umol/kg]
# name 8 = turbWETntu0: Turbidity, WET Labs ECO [NTU]
# name 9 = flECO-AFL: Fluorescence, WET Labs ECO-AFL/FL [mg/m^3]
# name 10 = flag:  0.000e+00
# span 0 = 125.328900, 125.330408       
# span 1 =      0.576,     13.441       
# span 2 =    12.2978,    12.3328       
# span 3 =  31.834243,  31.889107       
# span 4 =    26.9444,    26.9688       
# span 5 =      0.571,     13.321       
# span 6 =  276.54293,  276.78392       
# span 7 =  276.66932,  276.90857       
# span 8 =    -6.3389,    87.8556       
# span 9 =    -0.1790,    16.5495       
# span 10 = 0.0000e+00, 0.0000e+00      
# interval = seconds: 0.25
# start_time = May 05 2022 07:51:39 [Instrument's time stamp, header]
# bad_flag = -9.990e-29
*END*
 125.328900      0.576    12.3019  31.840012    26.9480      0.571  276.76168  276.88644    29.5677     9.8775 -9.990e-29
 125.328903      0.592    12.3019  31.839031    26.9470      0.587  276.76315  276.88793    29.6922     9.9018 -9.990e-29
 125.328906      0.601    12.3018  31.838801    26.9469      0.596  276.76421  276.88898    29.3498     9.8654 -9.990e-29
 125.328909      0.623    12.3020  31.837012    26.9451      0.618  276.76651  276.89132    29.4743     9.8573 -9.990e-29
 125.328912      0.642    12.3012  31.835627    26.9444      0.636  276.77284  276.89760    30.4704    10.0069 -9.990e-29
 125.328915      0.674    12.2993  31.834243    26.9486      0.668  276.78392  276.90857    30.4548    10.0109 0.0000e+00
 125.328918      0.709    12.2978  31.842032    26.9498      0.703  276.77615  276.90063    30.6416    10.0312 0.0000e+00
 125.328921      0.747    12.3003  31.840821    26.9498      0.741  276.76729  276.89194    30.5015     9.9867 0.0000e+00
 125.328924      0.784    12.3021  31.840417    26.9481      0.777  276.75981  276.88459    30.9996     9.7562 0.0000e+00
 125.328927      0.819    12.3026  31.837993    26.9468      0.811  276.76201  276.88685    30.9685     9.7319 0.0000e+00
 125.328929      0.844    12.3016  31.837243    26.9455      0.837  276.76814  276.89292    31.0307     9.7441 -9.990e-29
 125.328932      0.866    12.3004  31.837648    26.9467      0.858  276.77281  276.89750    31.0930     9.7319 -9.990e-29
 125.328935      0.890    12.3004  31.837648    26.9467      0.882  276.77282  276.89751    31.0307     9.7441 -9.990e-29
 125.328938      0.912    12.3000  31.836840    26.9462      0.903  276.77589  276.90056    33.0696    10.2050 -9.990e-29
 125.328941      0.930    12.2993  31.837013    26.9469      0.922  276.77875  276.90338    33.1319    10.2212 -9.990e-29
 125.328944      0.952    12.2994  31.837244    26.9470      0.943  276.77803  276.90266    32.9451    10.1969 -9.990e-29
 125.328947      0.974    12.2996  31.838398    26.9480      0.965  276.77500  276.89963    32.8984    10.1727 -9.990e-29
 125.328950      0.995    12.2997  31.839033    26.9485      0.987  276.77323  276.89787    30.0035     9.9826 -9.990e-29
 125.328953      1.018    12.3001  31.839033    26.9482      1.009  276.77167  276.89632    30.0969     9.9624 -9.990e-29
 125.328955      1.043    12.3005  31.838629    26.9476      1.034  276.77083  276.89551    30.0502     9.9867 -9.990e-29
 125.328958      1.067    12.3005  31.839841    26.9491      1.057  276.76833  276.89301    30.0191     9.9745 -9.990e-29
 125.328961      1.097    12.3011  31.840822    26.9489      1.088  276.76404  276.88874    30.2525     9.8856 0.0000e+00
 125.328964      1.130    12.3019  31.840995    26.9491      1.120  276.75995  276.88471    30.2992     9.8815 0.0000e+00
 125.328967      1.163    12.3028  31.843822    26.9505      1.153  276.75104  276.87583    30.2214     9.8492 0.0000e+00
 125.328970      1.196    12.3050  31.845380    26.9506      1.185  276.73811  276.86303    30.4082     9.8694 0.0000e+00
 125.328973      1.225    12.3069  31.845495    26.9505      1.214  276.72968  276.85473    32.0891    10.5407 -9.990e-29
 125.328976      1.247    12.3081  31.843591    26.9467      1.236  276.72776  276.85291    31.9646    10.5447 -9.990e-29
 125.328979      1.269    12.3076  31.840995    26.9445      1.258  276.73439  276.85953    32.0424    10.5043 -9.990e-29
 125.328981      1.282    12.3061  31.840418    26.9451      1.270  276.74241  276.86745    32.1047    10.5083 -9.990e-29
 125.328984      1.295    12.3050  31.840418    26.9459      1.283  276.74748  276.87245    31.9957    10.5083 -9.990e-29
 125.328987      1.313    12.3038  31.840995    26.9472      1.301  276.75152  276.87641    34.4393    11.0785 -9.990e-29
 125.328990      1.331    12.3036  31.841226    26.9491      1.319  276.75238  276.87724    34.5638    11.0744 -9.990e-29
 125.328993      1.362    12.3036  31.842784    26.9494      1.350  276.74957  276.87442    34.5949    11.1229 0.0000e+00
 125.328996      1.391    12.3044  31.844226    26.9498      1.379  276.74318  276.86807    34.5015    11.1189 0.0000e+00
 125.328999      1.426    12.3056  31.845784    26.9504      1.413  276.73499  276.85995    32.1513    10.3870 0.0000e+00
 125.329002      1.459    12.3074  31.847169    26.9504      1.446  276.72459  276.84965    32.4938    10.3708 0.0000e+00
 125.329005      1.494    12.3089  31.846592    26.9488      1.480  276.71869  276.84386    32.1669    10.3991 0.0000e+00
 125.329008      1.521    12.3093  31.845207    26.9472      1.508  276.71932  276.84453    32.1669    10.3749 0.0000e+00
 125.329010      1.550    12.3092  31.843419    26.9464      1.536  276.72321  276.84844    31.8868    10.7145 0.0000e+00
 125.329013      1.578    12.3085  31.844977    26.9456      1.563  276.72357  276.84873    31.7155    10.7267 -9.990e-29
 125.329016      1.589    12.3081  31.844227    26.9471      1.575  276.72652  276.85167    31.7778    10.7307 -9.990e-29
 125.329019      1.603    12.3078  31.843188    26.9463      1.589  276.72968  276.85482    31.7778    10.7388 -9.990e-29
 125.329022      1.614    12.3075  31.843188    26.9466      1.599  276.73127  276.85639    31.9334    11.8144 -9.990e-29
 125.329025      1.634    12.3071  31.844227    26.9478      1.619  276.73099  276.85607    32.0268    11.8265 -9.990e-29
 125.329028      1.650    12.3071  31.843592    26.9485      1.636  276.73215  276.85723    32.0268    11.7780 -9.990e-29
 125.329031      1.683    12.3069  31.844804    26.9483      1.668  276.73124  276.85629    31.9957    11.7740 0.0000e+00
 125.329034      1.716    12.3073  31.844804    26.9485      1.701  276.72936  276.85444    31.9334    11.8023 0.0000e+00
 125.329036      1.749    12.3076  31.845497    26.9486      1.733  276.72654  276.85164    34.8751    11.5313 0.0000e+00
 125.329039      1.780    12.3081  31.846016    26.9486      1.764  276.72341  276.84853    34.9529    11.5435 0.0000e+00
 125.329042      1.811    12.3087  31.846189    26.9485      1.795  276.72058  276.84574    35.0307    11.5556 0.0000e+00
 125.329045      1.844    12.3090  31.846016    26.9484      1.827  276.71933  276.84452    34.9685    11.5475 -9.990e-29
 125.329048      1.869    12.3091  31.845208    26.9472      1.852  276.72050  276.84570    30.7039    11.5111 -9.990e-29
 125.329051      1.889    12.3088  31.845786    26.9480      1.872  276.72105  276.84622    30.7973    11.5556 -9.990e-29
 125.329054      1.913    12.3089  31.846593    26.9486      1.896  276.71896  276.84414    30.8751    11.5677 -9.990e-29
 125.329057      1.935    12.3091  31.845786    26.9477      1.918  276.71949  276.84469    30.7661    11.5273 -9.990e-29
 125.329060      1.951    12.3093  31.845209    26.9471      1.934  276.71992  276.84513    31.5288    12.3805 -9.990e-29
 125.329063      1.966    12.3091  31.846190    26.9472      1.948  276.71878  276.84398    31.5288    12.3926 -9.990e-29
 125.329065      1.993    12.3091  31.845209    26.9472      1.976  276.72058  276.84578    31.5288    12.3886 0.0000e+00
 125.329068      2.019    12.3088  31.845382    26.9472      2.001  276.72155  276.84673    31.5755    12.3886 -9.990e-29
 125.329071      2.043    12.3086  31.845613    26.9467      2.025  276.72241  276.84757    32.2292    12.3805 -9.990e-29
 125.329074      2.075    12.3082  31.843997    26.9466      2.057  276.72695  276.85210    32.1669    12.3967 0.0000e+00
 125.329077      2.105    12.3076  31.843420    26.9467      2.086  276.73086  276.85598    32.2603    12.3886 0.0000e+00
 125.329080      2.139    12.3069  31.843421    26.9471      2.120  276.73405  276.85912    32.2136    12.3967 0.0000e+00
 125.329083      2.166    12.3063  31.844402    26.9481      2.147  276.73483  276.85985    32.1825    12.3522 0.0000e+00
 125.329086      2.198    12.3067  31.844402    26.9483      2.178  276.73326  276.85831    31.4665    11.9276 0.0000e+00
 125.329089      2.225    12.3070  31.844402    26.9481      2.205  276.73170  276.85677    31.4976    11.9478 -9.990e-29
 125.329091      2.245    12.3071  31.844806    26.9482      2.225  276.73066  276.85573    31.5443    11.9721 -9.990e-29
 125.329094      2.260    12.3071  31.845787    26.9491      2.240  276.72889  276.85395    31.4976    11.9317 -9.990e-29
 125.329097      2.278    12.3078  31.846018    26.9487      2.258  276.72500  276.85011    29.3342    12.3199 -9.990e-29
 125.329100      2.294    12.3081  31.845383    26.9479      2.274  276.72490  276.85003    29.3342    12.3199 -9.990e-29
 125.329103      2.312    12.3083  31.844748    26.9459      2.292  276.72511  276.85027    29.3031    12.3118 -9.990e-29
 125.329106      2.338    12.3078  31.843017    26.9464      2.317  276.73048  276.85562    29.3809    12.3199 0.0000e+00
 125.329109      2.366    12.3071  31.843594    26.9462      2.344  276.73262  276.85771    30.7506    12.9102 0.0000e+00
 125.329112      2.396    12.3066  31.842383    26.9462      2.375  276.73737  276.86244    30.8440    12.8981 0.0000e+00
 125.329115      2.425    12.3063  31.842210    26.9462      2.404  276.73897  276.86402    30.6883    12.9102 0.0000e+00
 125.329117      2.460    12.3059  31.841402    26.9458      2.438  276.74236  276.86739    30.8906    12.8900 0.0000e+00
 125.329120      2.493    12.3052  31.840595    26.9456      2.471  276.74670  276.87169    29.8012    11.2766 0.0000e+00
 125.329123      2.519    12.3043  31.840018    26.9455      2.496  276.75219  276.87713    29.8012    11.2847 0.0000e+00
 125.329126      2.548    12.3035  31.840826    26.9456      2.525  276.75423  276.87910    29.8012    11.3049 -9.990e-29
 125.329129      2.573    12.3035  31.841403    26.9474      2.550  276.75320  276.87807    29.6922    11.2847 -9.990e-29
 125.329132      2.595    12.3040  31.841403    26.9470      2.572  276.75068  276.87559    29.8012    11.3049 -9.990e-29
 125.329135      2.614    12.3043  31.842211    26.9476      2.590  276.74796  276.87288    30.9996    12.2835 -9.990e-29
 125.329138      2.630    12.3049  31.842211    26.9472      2.606  276.74544  276.87039    30.9373    12.2552 -9.990e-29
 125.329141      2.646    12.3053  31.841807    26.9465      2.623  276.74428  276.86927    30.9996    12.2794 -9.990e-29
 125.329144      2.668    12.3052  31.841403    26.9456      2.644  276.74535  276.87033    31.1552    12.2552 -9.990e-29
 125.329146      2.694    12.3047  31.840422    26.9454      2.670  276.74968  276.87463    34.0657    12.8981 0.0000e+00
 125.329149      2.721    12.3040  31.839441    26.9456      2.697  276.75432  276.87925    34.0657    12.8941 0.0000e+00
 125.329152      2.752    12.3031  31.839442    26.9455      2.727  276.75878  276.88364    34.0657    12.8860 0.0000e+00
 125.329155      2.783    12.3026  31.840019    26.9458      2.758  276.75965  276.88448    33.9568    12.9021 -9.990e-29
 125.329158      2.808    12.3028  31.838230    26.9456      2.783  276.76196  276.88682    32.4626    11.6850 -9.990e-29
 125.329161      2.839    12.3028  31.839038    26.9456      2.814  276.76084  276.88568    32.4471    11.6850 0.0000e+00
 125.329164      2.867    12.3025  31.838807    26.9456      2.841  276.76254  276.88737    32.5560    11.6971 0.0000e+00
 125.329167      2.896    12.3022  31.838231    26.9456      2.870  276.76487  276.88969    32.4782    11.7052 -9.990e-29
 125.329170      2.921    12.3017  31.838461    26.9459      2.895  276.76700  276.89178    32.3070    11.9276 -9.990e-29
 125.329172      2.936    12.3016  31.839038    26.9465      2.910  276.76628  276.89105    32.2759    11.9559 -9.990e-29
 125.329175      2.958    12.3020  31.839442    26.9465      2.931  276.76367  276.88845    32.2914    11.9559 -9.990e-29
 125.329178      2.974    12.3026  31.838808    26.9455      2.947  276.76229  276.88713    32.3070    11.9317 -9.990e-29
 125.329181      2.994    12.3027  31.839212    26.9458      2.967  276.76094  276.88578    32.2292    11.9236 -9.990e-29
 125.329184      3.016    12.3028  31.839212    26.9458      2.989  276.76064  276.88548    34.4704    12.5787 -9.990e-29
 125.329187      3.042    12.3025  31.839039    26.9466      3.015  276.76224  276.88706    34.4704    12.5584 0.0000e+00
 125.329190      3.075    12.3028  31.841001    26.9466      3.047  276.75744  276.88226    34.4393    12.5463 0.0000e+00
 125.329193      3.106    12.3034  31.840597    26.9466      3.078  276.75534  276.88021    34.5638    12.5908 0.0000e+00
 125.329196      3.132    12.3037  31.839616    26.9460      3.104  276.75587  276.88077    32.2136    11.7659 0.0000e+00
 125.329198      3.163    12.3033  31.840020    26.9460      3.134  276.75674  276.88161    32.1980    11.7376 0.0000e+00
 125.329201      3.195    12.3031  31.841232    26.9474      3.167  276.75583  276.88067    32.2603    11.7376 0.0000e+00
 125.329204      3.225    12.3036  31.842386    26.9477      3.196  276.75122  276.87609    32.3381    11.7376 0.0000e+00
 125.329207      3.252    12.3042  31.842790    26.9480      3.223  276.74798  276.87288    34.1124    11.7537 -9.990e-29
 125.329210      3.274    12.3052  31.842039    26.9465      3.245  276.74460  276.86958    34.0346    11.7376 -9.990e-29
 125.329213      3.290    12.3055  31.841001    26.9454      3.261  276.74554  276.87055    34.0969    11.7618 -9.990e-29
 125.329216      3.307    12.3048  31.840020    26.9449      3.277  276.75018  276.87515    34.0813    11.7376 -9.990e-29
 125.329219      3.327    12.3040  31.840597    26.9461      3.297  276.75295  276.87786    31.4665    12.6757 -9.990e-29
 125.329222      3.351    12.3036  31.843194    26.9487      3.321  276.74984  276.87470    31.4198    12.7242 -9.990e-29
 125.329225      3.374    12.3044  31.843021    26.9482      3.344  276.74669  276.87160    31.5288    12.7161 -9.990e-29
 125.329227      3.402    12.3052  31.843829    26.9483      3.372  276.74176  276.86671    31.6066    12.7080 0.0000e+00
 125.329230      3.429    12.3056  31.844406    26.9482      3.398  276.73883  276.86381    31.5599    12.7121 0.0000e+00
 125.329233      3.462    12.3065  31.844002    26.9479      3.431  276.73547  276.86051    33.0696    12.2632 0.0000e+00
 125.329236      3.491    12.3065  31.841867    26.9474      3.460  276.73935  276.86442    33.0385    12.2754 -9.990e-29
 125.329239      3.516    12.3061  31.841405    26.9462      3.485  276.74211  276.86715    33.1319    12.2430 -9.990e-29
 125.329242      3.545    12.3057  31.842213    26.9462      3.514  276.74225  276.86726    32.8829    12.2511 0.0000e+00
 125.329245      3.571    12.3056  31.843829    26.9462      3.539  276.73997  276.86496    33.5054    11.7457 -9.990e-29
 125.329248      3.595    12.3062  31.843829    26.9474      3.563  276.73745  276.86248    33.4587    11.7699 -9.990e-29
 125.329251      3.613    12.3067  31.845214    26.9483      3.581  276.73242  276.85747    33.4587    11.7578 -9.990e-29
 125.329253      3.633    12.3074  31.845387    26.9480      3.601  276.72895  276.85405    33.5677    11.7537 -9.990e-29
 125.329256      3.655    12.3077  31.844233    26.9467      3.622  276.72979  276.85492    35.0152    12.4695 -9.990e-29
 125.329259      3.679    12.3080  31.846195    26.9483      3.646  276.72498  276.85011    34.9996    12.4614 -9.990e-29
 125.329262      3.702    12.3086  31.846426    26.9481      3.669  276.72205  276.84721    34.9996    12.4493 -9.990e-29
 125.329265      3.730    12.3093  31.847003    26.9477      3.697  276.71754  276.84274    34.9685    12.4573 0.0000e+00
 125.329268      3.757    12.3098  31.846599    26.9473      3.724  276.71607  276.84131    35.2331    11.6122 0.0000e+00
 125.329271      3.786    12.3103  31.846599    26.9470      3.753  276.71387  276.83915    35.2642    11.6365 0.0000e+00
 125.329274      3.817    12.3104  31.844579    26.9467      3.783  276.71724  276.84254    35.2331    11.6405 0.0000e+00
 125.329277      3.848    12.3093  31.845618    26.9459      3.814  276.72012  276.84534    35.2953    11.6446 0.0000e+00
