Processed/SBE19plus_01907321_2022_05_07_Cast63_wfilter.cnv
* Sea-Bird SBE19plus  Data File:
* FileName = E:\Prandtl Daten\2022\CTD\Raw\SBE19plus_01907321_2022_05_07_Cast63.hex
* Software version 2.6.1.12
* Temperature SN = 7321
* Conductivity SN = 7321
* System UpLoad Time = May 07 2022 08:44:14
* <ApplicationData>
* <Seaterm232>
** Messpraktikum 2022
** CTD 07.05 MP3
** NMEA Latitude = 54 03.51 N
** NMEA Longitude = 008 42.82 E
# nquan = 11
# nvalues = 358                         
# units = specified
# name 0 = timeJ: Julian Days
# name 1 = prdM: Pressure, Strain Gauge [db]
# name 2 = tv290C: Temperature [ITS-90, deg C]
# name 3 = c0mS/cm: Conductivity [mS/cm]
# name 4 = sal00: Salinity, Practical [PSU]
# name 5 = depSM: Depth [salt water, m], lat = 54.00
# name 6 = oxsatMm/Kg: Oxygen Saturation, Weiss [umol/kg]
# name 7 = oxsolMm/Kg: Oxygen Saturation, Garcia & Gordon [umol/kg]
# name 8 = turbWETntu0: Turbidity, WET Labs ECO [NTU]
# name 9 = flECO-AFL: Fluorescence, WET Labs ECO-AFL/FL [mg/m^3]
# name 10 = flag:  0.000e+00
# span 0 = 127.360098, 127.361131       
# span 1 =      0.522,      8.939       
# span 2 =    13.4877,    13.6804       
# span 3 =  32.746244,  32.907314       
# span 4 =    26.9126,    26.9589       
# span 5 =      0.517,      8.859       
# span 6 =  268.85580,  269.93924       
# span 7 =  269.05870,  270.13172       
# span 8 =    21.3809,    37.2720       
# span 9 =    10.3627,    13.8847       
# span 10 = 0.0000e+00, 0.0000e+00      
# interval = seconds: 0.25
# start_time = May 07 2022 08:36:27 [Instrument's time stamp, header]
# bad_flag = -9.990e-29
*END*
[from data line 132]
 127.360480      3.626    13.6748  32.902813    26.9499      3.594  268.88551  269.08811    26.0969    11.0016 -9.990e-29
 127.360483      3.659    13.6759  32.902755    26.9499      3.626  268.88091  269.08358    25.7700    11.0097 0.0000e+00
 127.360486      3.684    13.6765  32.902755    26.9499      3.652  268.87841  269.08112    26.0346    11.0987 -9.990e-29
 127.360489      3.706    13.6769  32.902813    26.9493      3.673  268.87675  269.07948    27.2798    11.7821 -9.990e-29
 127.360492      3.728    13.6770  32.902755    26.9491      3.695  268.87623  269.07897    27.3420    11.7578 -9.990e-29
 127.360495      3.743    13.6769  32.901294    26.9478      3.709  268.87903  269.08178    27.4198    11.8144 -9.990e-29
 127.360498      3.763    13.6769  32.902404    26.9489      3.729  268.87748  269.08021    27.4198    11.7901 -9.990e-29
 127.360501      3.790    13.6767  32.903398    26.9499      3.757  268.87644  269.07916    27.3576    11.7901 -9.990e-29
 127.360503      3.814    13.6770  32.905853    26.9518      3.780  268.87105  269.07377    27.9646    12.1419 -9.990e-29
 127.360506      3.845    13.6782  32.906729    26.9517      3.811  268.86455  269.06733    28.0891    12.2066 0.0000e+00
 127.360509      3.871    13.6792  32.907314    26.9516      3.836  268.85918  269.06202    27.8556    12.2107 0.0000e+00
 127.360512      3.902    13.6802  32.906905    26.9511      3.867  268.85580  269.05870    28.0424    12.1460 0.0000e+00
 127.360515      3.931    13.6804  32.905443    26.9506      3.896  268.85734  269.06027    27.7311    11.5152 -9.990e-29
 127.360518      3.956    13.6802  32.903807    26.9478      3.921  268.86107  269.06399    27.6377    11.5435 -9.990e-29
 127.360521      3.978    13.6792  32.902989    26.9477      3.943  268.86655  269.06943    27.5910    11.5394 -9.990e-29
 127.360524      4.002    13.6777  32.900710    26.9466      3.966  268.87671  269.07952    27.7155    11.5233 -9.990e-29
 127.360527      4.024    13.6759  32.900652    26.9479      3.988  268.88469  269.08738    27.9957    11.7254 -9.990e-29
 127.360530      4.044    13.6741  32.899834    26.9484      4.008  268.89363  269.09623    27.7934    11.7133 -9.990e-29
 127.360532      4.057    13.6728  32.900477    26.9499      4.021  268.89822  269.10072    27.9334    11.7295 -9.990e-29
 127.360535      4.077    13.6727  32.900828    26.9503      4.040  268.89826  269.10076    27.9023    11.7093 -9.990e-29
 127.360538      4.099    13.6728  32.899016    26.9485      4.062  268.90071  269.10323    29.4587    12.1419 -9.990e-29
 127.360541      4.119    13.6722  32.895919    26.9462      4.082  268.90848  269.11099    29.4587    12.0853 -9.990e-29
 127.360544      4.144    13.6697  32.894108    26.9468      4.107  268.92225  269.12463    29.5988    12.1258 0.0000e+00
 127.360547      4.175    13.6665  32.892822    26.9473      4.138  268.93829  269.14048    29.6611    12.1541 0.0000e+00
 127.360550      4.208    13.6636  32.892998    26.9495      4.171  268.95028  269.15229    29.4432    12.1541 0.0000e+00
 127.360553      4.236    13.6623  32.893174    26.9496      4.198  268.95566  269.15759    28.0891    12.0247 0.0000e+00
 127.360556      4.270    13.6614  32.891362    26.9504      4.232  268.96252  269.16442    28.2292    11.9721 0.0000e+00
 127.360558      4.300    13.6599  32.891187    26.9497      4.261  268.96913  269.17093    28.2603    12.0328 0.0000e+00
 127.360561      4.327    13.6586  32.889376    26.9500      4.288  268.97787  269.17961    28.1825    12.0570 0.0000e+00
 127.360564      4.353    13.6572  32.889084    26.9497      4.314  268.98436  269.18602    28.4938    11.8670 -9.990e-29
 127.360567      4.373    13.6560  32.888675    26.9509      4.334  268.99009  269.19169    28.5871    11.8468 -9.990e-29
 127.360570      4.393    13.6556  32.892181    26.9543      4.354  268.98575  269.18729    28.3537    11.8184 -9.990e-29
 127.360573      4.407    13.6570  32.893467    26.9545      4.368  268.97760  269.17922    28.5560    11.8144 -9.990e-29
 127.360576      4.429    13.6587  32.892590    26.9525      4.390  268.97218  269.17390    27.5910    12.4493 -9.990e-29
 127.360579      4.453    13.6598  32.890603    26.9500      4.413  268.97052  269.17233    27.8245    12.4129 -9.990e-29
 127.360582      4.479    13.6598  32.890779    26.9494      4.439  268.97024  269.17205    27.6844    12.5140 0.0000e+00
 127.360584      4.506    13.6585  32.888500    26.9489      4.466  268.97978  269.18152    27.6533    12.4169 0.0000e+00
 127.360587      4.537    13.6562  32.886222    26.9484      4.497  268.99340  269.19503    28.3226    12.0651 0.0000e+00
 127.360590      4.566    13.6539  32.884294    26.9484      4.526  269.00675  269.20825    28.3070    12.0692 0.0000e+00
 127.360593      4.592    13.6520  32.886222    26.9498      4.551  269.01137  269.21274    28.2759    12.0894 0.0000e+00
 127.360596      4.618    13.6514  32.887858    26.9514      4.576  269.01144  269.21277    28.4938    12.0287 -9.990e-29
 127.360599      4.643    13.6520  32.887800    26.9528      4.602  269.00904  269.21040    28.4626    12.0732 -9.990e-29
 127.360602      4.667    13.6531  32.887449    26.9517      4.625  269.00462  269.20605    31.8556    12.0934 -9.990e-29
 127.360605      4.687    13.6533  32.885580    26.9499      4.645  269.00717  269.20862    31.7155    12.0489 -9.990e-29
 127.360608      4.703    13.6528  32.885872    26.9505      4.661  269.00888  269.21031    31.8401    12.0772 -9.990e-29
 127.360611      4.718    13.6519  32.885346    26.9506      4.675  269.01356  269.21493    31.5599    12.0570 -9.990e-29
 127.360613      4.738    13.6506  32.885171    26.9514      4.695  269.01953  269.22082    31.1241    13.3065 -9.990e-29
 127.360616      4.756    13.6495  32.884879    26.9529      4.713  269.02444  269.22567    31.3420    13.3227 -9.990e-29
 127.360619      4.785    13.6492  32.885814    26.9531      4.742  269.02413  269.22534    31.3109    13.2903 0.0000e+00
 127.360622      4.812    13.6492  32.886223    26.9533      4.769  269.02377  269.22497    31.3576    13.3065 0.0000e+00
 127.360625      4.845    13.6497  32.887450    26.9534      4.802  269.01951  269.22073    31.0930    11.9317 0.0000e+00
 127.360628      4.876    13.6506  32.887450    26.9534      4.833  269.01576  269.21703    31.1552    11.8993 0.0000e+00
 127.360631      4.907    13.6515  32.886399    26.9518      4.863  269.01378  269.21512    31.3576    11.9761 0.0000e+00
 127.360634      4.936    13.6514  32.885639    26.9515      4.892  269.01540  269.21674    31.2953    11.8912 0.0000e+00
 127.360637      4.964    13.6506  32.884763    26.9512      4.919  269.02004  269.22135    29.8945    12.0408 -9.990e-29
 127.360639      4.989    13.6497  32.883711    26.9506      4.945  269.02593  269.22718    29.6922    11.9842 -9.990e-29
 127.360642      5.015    13.6486  32.883478    26.9512      4.970  269.03106  269.23225    29.7856    12.0328 -9.990e-29
 127.360645      5.037    13.6474  32.884121    26.9526      4.992  269.03502  269.23613    29.7545    12.0085 -9.990e-29
 127.360648      5.051    13.6474  32.884354    26.9528      5.006  269.03463  269.23574    29.7389    12.0368 -9.990e-29
 127.360651      5.073    13.6475  32.885581    26.9538      5.028  269.03225  269.23336    32.0580    12.7768 -9.990e-29
 127.360654      5.091    13.6482  32.885289    26.9515      5.046  269.02961  269.23077    32.3537    12.8698 -9.990e-29
 127.360657      5.117    13.6487  32.883945    26.9513      5.071  269.03002  269.23121    32.3848    12.8374 0.0000e+00
 127.360660      5.142    13.6485  32.883303    26.9515      5.096  269.03175  269.23294    32.2914    12.8374 0.0000e+00
 127.360663      5.172    13.6477  32.883712    26.9519      5.125  269.03454  269.23567    31.0619    12.5989 0.0000e+00
 127.360666      5.201    13.6469  32.883537    26.9519      5.154  269.03831  269.23940    31.1552    12.5584 0.0000e+00
 127.360668      5.228    13.6464  32.881667    26.9517      5.181  269.04338  269.24446    30.9685    12.5908 0.0000e+00
 127.360671      5.256    13.6457  32.882485    26.9510      5.209  269.04516  269.24618    31.0307    12.6191 -9.990e-29
 127.360674      5.281    13.6454  32.882661    26.9526      5.234  269.04613  269.24714    34.6261    12.4129 -9.990e-29
 127.360677      5.308    13.6454  32.882252    26.9522      5.261  269.04684  269.24785    34.5327    12.4290 -9.990e-29
 127.360680      5.332    13.6453  32.882310    26.9523      5.284  269.04739  269.24839    34.4860    12.5261 -9.990e-29
 127.360683      5.352    13.6450  32.881668    26.9519      5.304  269.04975  269.25073    34.4393    12.4856 -9.990e-29
 127.360686      5.367    13.6448  32.881843    26.9522      5.319  269.05009  269.25107    33.7389    12.5018 -9.990e-29
 127.360689      5.383    13.6445  32.881902    26.9525      5.335  269.05157  269.25253    33.9879    12.9143 -9.990e-29
 127.360692      5.405    13.6445  32.881843    26.9524      5.357  269.05137  269.25233    33.6766    12.9668 -9.990e-29
 127.360694      5.427    13.6448  32.879974    26.9478      5.378  269.05361  269.25459    33.7700    12.9588 -9.990e-29
 127.360697      5.454    13.6437  32.876176    26.9487      5.405  269.06446  269.26541    33.8634    12.9507 0.0000e+00
 127.360700      5.485    13.6410  32.876060    26.9496      5.436  269.07631  269.27711    34.1591    12.7525 0.0000e+00
 127.360703      5.514    13.6387  32.875242    26.9505      5.465  269.08747  269.28813    34.0191    12.7364 0.0000e+00
 127.360706      5.547    13.6375  32.874833    26.9509      5.498  269.09322  269.29381    34.0035    12.6272 0.0000e+00
 127.360709      5.578    13.6368  32.876002    26.9525      5.528  269.09440  269.29494    34.0813    12.6757 0.0000e+00
 127.360712      5.607    13.6366  32.876469    26.9525      5.557  269.09457  269.29509    33.8478    12.2147 0.0000e+00
 127.360715      5.633    13.6367  32.875243    26.9524      5.583  269.09604  269.29658    33.6299    12.2066 0.0000e+00
 127.360718      5.660    13.6367  32.875243    26.9518      5.610  269.09605  269.29660    33.7233    12.2147 -9.990e-29
 127.360720      5.681    13.6365  32.875243    26.9520      5.630  269.09701  269.29754    33.8634    12.1581 -9.990e-29
 127.360723      5.699    13.6361  32.878106    26.9548      5.648  269.09374  269.29423    32.4626    13.1367 -9.990e-29
 127.360726      5.719    13.6374  32.879333    26.9550      5.668  269.08633  269.28688    32.1669    13.1771 -9.990e-29
 127.360729      5.733    13.6391  32.877696    26.9524      5.682  269.08187  269.28254    32.5249    13.1690 -9.990e-29
 127.360732      5.757    13.6395  32.877112    26.9515      5.706  269.08099  269.28169    32.3226    13.1245 -9.990e-29
 127.360735      5.781    13.6393  32.875827    26.9492      5.729  269.08413  269.28482    32.4004    13.1003 -9.990e-29
 127.360738      5.806    13.6388  32.874016    26.9482      5.755  269.08941  269.29009    33.5677    12.8011 0.0000e+00
 127.360741      5.832    13.6373  32.870686    26.9483      5.780  269.10136  269.30198    33.7233    12.8738 0.0000e+00
 127.360744      5.863    13.6348  32.869927    26.9477      5.811  269.11336  269.31383    33.4899    12.8213 0.0000e+00
 127.360747      5.896    13.6323  32.870687    26.9483      5.843  269.12279  269.32311    33.5677    12.8455 -9.990e-29
 127.360749      5.918    13.6310  32.871914    26.9523      5.865  269.12639  269.32661    32.4938    12.0166 -9.990e-29
 127.360752      5.945    13.6310  32.871447    26.9523      5.892  269.12720  269.32743    32.3537    12.0692 0.0000e+00
 127.360755      5.973    13.6312  32.871096    26.9523      5.919  269.12686  269.32711    32.1047    12.0975 -9.990e-29
 127.360758      5.996    13.6311  32.870921    26.9517      5.943  269.12749  269.32773    32.1980    12.0813 -9.990e-29
 127.360761      6.011    13.6310  32.872148    26.9529      5.957  269.12605  269.32627    33.6299    12.7202 -9.990e-29
 127.360764      6.031    13.6314  32.873258    26.9536      5.977  269.12229  269.32254    33.7856    12.7808 -9.990e-29
 127.360767      6.049    13.6320  32.872323    26.9523      5.995  269.12137  269.32166    33.6922    12.7727 -9.990e-29
 127.360770      6.073    13.6325  32.871739    26.9515      6.019  269.12049  269.32081    33.7078    12.8294 -9.990e-29
 127.360773      6.098    13.6320  32.870688    26.9519      6.044  269.12417  269.32447    34.9996    12.9871 -9.990e-29
 127.360775      6.127    13.6310  32.871097    26.9517      6.073  269.12790  269.32814    34.8284    13.0154 0.0000e+00
 127.360778      6.160    13.6303  32.870045    26.9518      6.105  269.13285  269.33305    35.2019    12.9588 0.0000e+00
 127.360781      6.193    13.6297  32.869929    26.9517      6.138  269.13559  269.33575    34.9685    12.9385 0.0000e+00
 127.360784      6.219    13.6290  32.869461    26.9518      6.163  269.13923  269.33935    34.8906    12.9345 -9.990e-29
 127.360787      6.244    13.6286  32.868819    26.9522      6.188  269.14222  269.34232    36.3848    12.3926 -9.990e-29
 127.360790      6.275    13.6284  32.869520    26.9522      6.219  269.14168  269.34177    36.1669    12.3886 0.0000e+00
 127.360793      6.301    13.6284  32.868819    26.9522      6.244  269.14288  269.34298    36.3226    12.3805 -9.990e-29
 127.360796      6.319    13.6282  32.868819    26.9518      6.262  269.14384  269.34392    36.1202    12.3886 -9.990e-29
 127.360799      6.339    13.6278  32.868702    26.9520      6.282  269.14593  269.34599    31.1241    12.8011 -9.990e-29
 127.360802      6.359    13.6276  32.868410    26.9518      6.302  269.14707  269.34712    31.0619    12.7808 -9.990e-29
 127.360804      6.372    13.6281  32.867359    26.9505      6.315  269.14697  269.34706    30.9996    12.7970 -9.990e-29
 127.360807      6.396    13.6279  32.866132    26.9495      6.339  269.14970  269.34978    30.9996    12.7687 -9.990e-29
 127.360810      6.414    13.6268  32.863036    26.9453      6.357  269.15967  269.35972    31.7622    12.9992 -9.990e-29
 127.360813      6.440    13.6247  32.859123    26.9445      6.382  269.17513  269.37509    31.8401    12.9466 0.0000e+00
 127.360816      6.469    13.6222  32.855385    26.9437      6.411  269.19218  269.39202    31.7778    12.9385 0.0000e+00
 127.360819      6.498    13.6192  32.851413    26.9437      6.440  269.21184  269.41152    31.6066    12.9871 0.0000e+00
 127.360822      6.525    13.6156  32.853516    26.9466      6.467  269.22371  269.42315    32.5560    12.1055 0.0000e+00
 127.360825      6.558    13.6141  32.855620    26.9496      6.499  269.22677  269.42611    32.4626    12.0328 0.0000e+00
 127.360828      6.585    13.6143  32.857664    26.9496      6.527  269.22237  269.42171    32.4315    12.0045 0.0000e+00
 127.360830      6.613    13.6152  32.855211    26.9499      6.554  269.22277  269.42218    32.6650    12.0449 0.0000e+00
 127.360833      6.639    13.6148  32.854568    26.9485      6.579  269.22545  269.42484    32.4471    12.0692 -9.990e-29
 127.360836      6.660    13.6142  32.854160    26.9482      6.601  269.22868  269.42804    32.0735    12.2309 -9.990e-29
 127.360839      6.679    13.6136  32.853751    26.9482      6.619  269.23221  269.43154    32.1047    12.2107 -9.990e-29
 127.360842      6.688    13.6131  32.852291    26.9473      6.628  269.23690  269.43620    32.0580    12.2754 -9.990e-29
 127.360845      6.715    13.6120  32.847560    26.9437      6.655  269.24934  269.44862    31.9023    12.2511 -9.990e-29
 127.360848      6.735    13.6104  32.842537    26.9403      6.675  269.26480  269.46402    31.2953    12.4937 -9.990e-29
 127.360851      6.757    13.6067  32.831617    26.9126      6.697  269.29907  269.49816    31.4510    12.4856 -9.990e-29
 127.360854      6.790    13.5992  32.803360    26.9175      6.729  269.37947  269.57834    31.7311    12.5503 0.0000e+00
