Processed/SBE19plus_01907321_2022_05_08_Cast76_wfilter.cnv
* Sea-Bird SBE19plus  Data File:
* FileName = E:\Prandtl Daten\2022\CTD\Raw\SBE19plus_01907321_2022_05_08_Cast76.hex
* Software version 2.6.1.12
* Temperature SN = 7321
* Conductivity SN = 7321
* System UpLoad Time = May 08 2022 07:51:52
* <ApplicationData>
* <Seaterm232>
** Messpraktikum 2022
** CTD 08.05 BM
** NMEA Latitude = 54 07.82 N
** NMEA Longitude = 008 47.40 E
# nquan = 11
# nvalues = 605                         
# units = specified
# name 0 = timeJ: Julian Days
# name 1 = prdM: Pressure, Strain Gauge [db]
# name 2 = tv290C: Temperature [ITS-90, deg C]
# name 3 = c0mS/cm: Conductivity [mS/cm]
# name 4 = sal00: Salinity, Practical [PSU]
# name 5 = depSM: Depth [salt water, m], lat = 54.00
# name 6 = oxsatMm/Kg: Oxygen Saturation, Weiss [umol/kg]
# name 7 = oxsolMm/Kg: Oxygen Saturation, Garcia & Gordon [umol/kg]
# name 8 = turbWETntu0: Turbidity, WET Labs ECO [NTU]
# name 9 = flECO-AFL: Fluorescence, WET Labs ECO-AFL/FL [mg/m^3]
# name 10 = flag:  0.000e+00
# span 0 = 128.321722, 128.323469       
# span 1 =      0.704,     14.781       
# span 2 =    13.1666,    13.1751       
# span 3 =  32.488628,  32.626263       
# span 4 =    26.9274,    27.0506       
# span 5 =      0.697,     14.649       
# span 6 =  271.51560,  271.79129       
# span 7 =  271.68980,  271.96623       
# span 8 =    -6.3856,   399.1085       
# span 9 =    -0.1831,    21.1350       
# span 10 = 0.0000e+00, 0.0000e+00      
# interval = seconds: 0.25
# start_time = May 08 2022 07:42:13 [Instrument's time stamp, header]
# bad_flag = -9.990e-29
*END*
[from data line 132]
 128.322104      3.753    13.1709  32.619486    27.0489      3.719  271.54063  271.71461    40.1980     8.8868 -9.990e-29
 128.322106      3.780    13.1709  32.620127    27.0486      3.746  271.53954  271.71351    40.1980     8.8464 0.0000e+00
 128.322109      3.806    13.1709  32.619486    27.0483      3.772  271.54066  271.71465    40.1669     8.8747 0.0000e+00
 128.322112      3.839    13.1707  32.619311    27.0483      3.804  271.54193  271.71590    40.2136     8.8868 0.0000e+00
 128.322115      3.866    13.1702  32.617622    27.0477      3.831  271.54708  271.72104    38.4393     8.9030 0.0000e+00
 128.322118      3.897    13.1697  32.619312    27.0471      3.862  271.54637  271.72028    38.3459     8.9192 -9.990e-29
 128.322121      3.917    13.1696  32.618904    27.0487      3.882  271.54741  271.72131    38.3770     8.8787 -9.990e-29
 128.322124      3.941    13.1694  32.618322    27.0483      3.906  271.54937  271.72327    38.3615     8.8989 -9.990e-29
 128.322127      3.963    13.1689  32.618904    27.0492      3.927  271.55027  271.72413    38.0657     9.0809 -9.990e-29
 128.322130      3.977    13.1692  32.619079    27.0492      3.942  271.54903  271.72291    37.8478     9.0930 -9.990e-29
 128.322133      3.990    13.1692  32.619079    27.0491      3.954  271.54872  271.72261    38.0502     9.0769 -9.990e-29
 128.322135      4.006    13.1692  32.618730    27.0488      3.971  271.54934  271.72323    37.8323     9.0971 -9.990e-29
 128.322138      4.023    13.1691  32.618264    27.0484      3.987  271.55079  271.72467    37.9257     9.1133 -9.990e-29
 128.322141      4.045    13.1689  32.618497    27.0489      4.009  271.55103  271.72490    41.6299     9.4731 -9.990e-29
 128.322144      4.074    13.1687  32.618497    27.0481      4.038  271.55199  271.72585    41.7233     9.4934 0.0000e+00
 128.322147      4.112    13.1687  32.616575    27.0488      4.075  271.55566  271.72953    41.6766     9.5217 0.0000e+00
 128.322150      4.150    13.1683  32.618089    27.0488      4.113  271.55463  271.72846    41.6144     9.4731 0.0000e+00
 128.322153      4.183    13.1682  32.618264    27.0490      4.146  271.55466  271.72849    39.7311     9.5581 0.0000e+00
 128.322156      4.222    13.1681  32.618264    27.0491      4.184  271.55532  271.72914    39.7778     9.5257 0.0000e+00
 128.322159      4.249    13.1684  32.618730    27.0493      4.211  271.55295  271.72679    39.6689     9.5338 0.0000e+00
 128.322161      4.275    13.1685  32.618905    27.0493      4.236  271.55235  271.72619    39.5599     9.5459 0.0000e+00
 128.322164      4.302    13.1686  32.618905    27.0494      4.263  271.55205  271.72590    39.4354     9.2588 -9.990e-29
 128.322167      4.320    13.1688  32.619080    27.0493      4.281  271.55082  271.72468    39.4354     9.2143 -9.990e-29
 128.322170      4.334    13.1688  32.619080    27.0493      4.296  271.55083  271.72469    39.3420     9.2386 -9.990e-29
 128.322173      4.344    13.1690  32.618905    27.0490      4.305  271.55019  271.72407    39.4043     9.2588 -9.990e-29
 128.322176      4.356    13.1689  32.618498    27.0487      4.317  271.55154  271.72540    38.3615     9.0405 -9.990e-29
 128.322179      4.374    13.1687  32.618906    27.0492      4.335  271.55147  271.72533    38.4393     9.0405 -9.990e-29
 128.322182      4.394    13.1687  32.618148    27.0487      4.355  271.55311  271.72697    38.3148     9.0324 -9.990e-29
 128.322185      4.424    13.1685  32.618265    27.0487      4.384  271.55356  271.72740    38.3615     9.0809 0.0000e+00
 128.322187      4.456    13.1681  32.617857    27.0487      4.417  271.55586  271.72969    38.5015     9.0243 0.0000e+00
 128.322190      4.488    13.1679  32.618091    27.0490      4.447  271.55673  271.73054    38.3303     8.8666 0.0000e+00
 128.322193      4.522    13.1676  32.618498    27.0490      4.482  271.55699  271.73078    38.2058     8.8787 0.0000e+00
 128.322196      4.555    13.1677  32.617916    27.0492      4.515  271.55771  271.73151    38.1903     8.9192 0.0000e+00
 128.322199      4.586    13.1681  32.619314    27.0489      4.545  271.55373  271.72754    38.0502     8.8868 -9.990e-29
 128.322202      4.610    13.1684  32.619489    27.0499      4.569  271.55218  271.72601    38.5638     9.2750 -9.990e-29
 128.322205      4.634    13.1687  32.619897    27.0500      4.592  271.55023  271.72407    38.5949     9.2993 -9.990e-29
 128.322208      4.656    13.1692  32.619081    27.0489      4.614  271.54946  271.72334    38.7039     9.3033 -9.990e-29
 128.322211      4.670    13.1695  32.619897    27.0495      4.629  271.54679  271.72069    38.6105     9.2912 -9.990e-29
 128.322214      4.691    13.1696  32.619489    27.0490      4.649  271.54688  271.72079    37.7856     9.3437 -9.990e-29
 128.322216      4.705    13.1693  32.619489    27.0492      4.663  271.54815  271.72204    37.9257     9.3720 -9.990e-29
 128.322219      4.729    13.1692  32.619081    27.0489      4.686  271.54919  271.72308    37.8790     9.3599 -9.990e-29
 128.322222      4.756    13.1691  32.619081    27.0491      4.714  271.54984  271.72371    37.9724     9.3559 0.0000e+00
 128.322225      4.787    13.1685  32.618907    27.0489      4.745  271.55268  271.72652    40.9918     9.7602 0.0000e+00
 128.322228      4.815    13.1683  32.618266    27.0487      4.772  271.55475  271.72858    40.8673     9.7441 0.0000e+00
 128.322231      4.846    13.1679  32.617742    27.0487      4.802  271.55756  271.73138    40.9296     9.7805 0.0000e+00
 128.322234      4.880    13.1674  32.617859    27.0488      4.837  271.55927  271.73306    40.9451     9.7683 0.0000e+00
 128.322237      4.908    13.1671  32.617626    27.0490      4.864  271.56095  271.73472    40.9140     9.7602 -9.990e-29
 128.322240      4.933    13.1668  32.618092    27.0496      4.889  271.56173  271.73547    39.5443     9.4853 -9.990e-29
 128.322242      4.960    13.1670  32.618500    27.0498      4.916  271.56010  271.73385    39.6377     9.4772 -9.990e-29
 128.322245      4.980    13.1672  32.618267    27.0495      4.936  271.55957  271.73334    39.6377     9.4853 -9.990e-29
 128.322248      4.995    13.1674  32.618092    27.0491      4.950  271.55894  271.73272    39.6689     9.4974 -9.990e-29
 128.322251      5.011    13.1679  32.617859    27.0486      4.966  271.55747  271.73128    39.0930     9.3923 -9.990e-29
 128.322254      5.029    13.1681  32.618908    27.0494      4.984  271.55472  271.72853    39.0619     9.3599 -9.990e-29
 128.322257      5.051    13.1680  32.618500    27.0491      5.006  271.55575  271.72957    39.2331     9.3518 -9.990e-29
 128.322260      5.073    13.1683  32.619082    27.0494      5.028  271.55350  271.72733    39.0463     9.3842 -9.990e-29
 128.322263      5.095    13.1684  32.618675    27.0491      5.050  271.55359  271.72743    39.1085     9.3882 -9.990e-29
 128.322266      5.123    13.1685  32.618908    27.0491      5.077  271.55289  271.72673    39.1241     9.4367 0.0000e+00
 128.322269      5.152    13.1681  32.618675    27.0491      5.106  271.55488  271.72871    39.0619     9.4408 0.0000e+00
 128.322271      5.183    13.1680  32.619316    27.0498      5.137  271.55442  271.72823    39.1241     9.4327 0.0000e+00
 128.322274      5.212    13.1681  32.619491    27.0498      5.165  271.55382  271.72763    38.3459     9.3073 0.0000e+00
 128.322277      5.245    13.1682  32.619724    27.0499      5.198  271.55281  271.72663    38.2992     9.3357 -9.990e-29
 128.322280      5.270    13.1685  32.619724    27.0498      5.223  271.55157  271.72540    38.4548     9.2952 -9.990e-29
 128.322283      5.303    13.1689  32.619724    27.0495      5.256  271.55001  271.72387    38.2681     9.3073 -9.990e-29
 128.322286      5.327    13.1689  32.619724    27.0494      5.279  271.54971  271.72358    38.4704     9.2952 -9.990e-29
 128.322289      5.343    13.1689  32.619724    27.0495      5.296  271.55004  271.72390    38.5327     9.5661 -9.990e-29
 128.322292      5.367    13.1689  32.619899    27.0496      5.319  271.54975  271.72361    38.4704     9.5581 -9.990e-29
 128.322295      5.391    13.1689  32.619899    27.0496      5.343  271.54977  271.72363    38.4393     9.5783 -9.990e-29
 128.322297      5.416    13.1691  32.619083    27.0487      5.368  271.55025  271.72413    38.4704     9.5621 -9.990e-29
 128.322300      5.440    13.1689  32.618501    27.0483      5.391  271.55191  271.72578    38.6883     9.4125 -9.990e-29
 128.322303      5.463    13.1687  32.619317    27.0492      5.415  271.55177  271.72562    38.9218     9.4246 -9.990e-29
 128.322306      5.487    13.1685  32.619084    27.0494      5.438  271.55281  271.72666    38.9840     9.4408 -9.990e-29
 128.322309      5.514    13.1684  32.619317    27.0496      5.465  271.55306  271.72689    38.9062     9.4246 0.0000e+00
 128.322312      5.542    13.1681  32.619492    27.0496      5.492  271.55371  271.72753    38.1436     9.2184 0.0000e+00
 128.322315      5.569    13.1682  32.619317    27.0497      5.519  271.55372  271.72754    38.3770     9.2386 -9.990e-29
 128.322318      5.591    13.1682  32.618909    27.0491      5.541  271.55444  271.72827    38.1747     9.2224 -9.990e-29
 128.322321      5.616    13.1681  32.618502    27.0488      5.566  271.55579  271.72962    38.0969     9.2143 -9.990e-29
 128.322323      5.631    13.1679  32.618910    27.0493      5.581  271.55573  271.72953    40.8050     9.6834 -9.990e-29
 128.322326      5.649    13.1676  32.618677    27.0493      5.599  271.55740  271.73119    40.7272     9.7198 -9.990e-29
 128.322329      5.666    13.1675  32.619492    27.0501      5.615  271.55662  271.73040    40.7117     9.6915 -9.990e-29
 128.322332      5.688    13.1677  32.619492    27.0500      5.637  271.55569  271.72948    40.4938     9.6753 -9.990e-29
 128.322335      5.715    13.1681  32.619492    27.0497      5.664  271.55382  271.72764    40.5716     9.7117 -9.990e-29
 128.322338      5.739    13.1680  32.618677    27.0493      5.688  271.55588  271.72970    43.3731     9.8573 -9.990e-29
 128.322341      5.768    13.1679  32.618910    27.0495      5.716  271.55613  271.72993    43.3576     9.8654 0.0000e+00
 128.322344      5.797    13.1677  32.619085    27.0494      5.745  271.55647  271.73027    43.3887     9.8694 0.0000e+00
 128.322347      5.828    13.1676  32.618910    27.0494      5.776  271.55711  271.73090    43.4976     9.8896 0.0000e+00
 128.322350      5.858    13.1675  32.618095    27.0494      5.805  271.55917  271.73296    42.1280     9.9139 0.0000e+00
 128.322352      5.887    13.1676  32.618910    27.0491      5.834  271.55715  271.73094    42.1591     9.8654 0.0000e+00
 128.322355      5.912    13.1676  32.618095    27.0494      5.859  271.55858  271.73237    42.1436     9.8775 -9.990e-29
 128.322358      5.934    13.1677  32.619085    27.0495      5.881  271.55656  271.73035    42.2369     9.8856 -9.990e-29
 128.322361      5.954    13.1678  32.618270    27.0487      5.901  271.55767  271.73148    42.3926     9.8209 -9.990e-29
 128.322364      5.971    13.1673  32.618678    27.0494      5.917  271.55886  271.73264    42.3303     9.7805 -9.990e-29
 128.322367      5.987    13.1673  32.618270    27.0491      5.934  271.55989  271.73367    42.3303     9.8128 -9.990e-29
 128.322370      6.004    13.1673  32.618911    27.0496      5.950  271.55879  271.73256    42.3615     9.8007 -9.990e-29
 128.322373      6.031    13.1673  32.618678    27.0494      5.977  271.55890  271.73267    44.9140     9.8937 -9.990e-29
 128.322376      6.055    13.1675  32.618911    27.0491      6.001  271.55788  271.73166    45.0074     9.8735 -9.990e-29
 128.322378      6.086    13.1674  32.618503    27.0494      6.031  271.55892  271.73270    44.9607     9.8694 0.0000e+00
 128.322381      6.124    13.1676  32.619319    27.0491      6.069  271.55659  271.73038    44.8829     9.8694 0.0000e+00
 128.322384      6.153    13.1679  32.617863    27.0490      6.098  271.55819  271.73200    45.0385     9.8613 0.0000e+00
 128.322387      6.188    13.1679  32.618096    27.0482      6.132  271.55749  271.73131    41.6299     9.6713 -9.990e-29
 128.322390      6.208    13.1677  32.618504    27.0489      6.152  271.55774  271.73154    41.6922     9.6996 -9.990e-29
 128.322393      6.229    13.1677  32.619319    27.0496      6.174  271.55634  271.73013    41.6766     9.6996 -9.990e-29
 128.322396      6.249    13.1678  32.619319    27.0496      6.193  271.55604  271.72984    41.6766     9.6389 -9.990e-29
 128.322399      6.264    13.1681  32.618911    27.0490      6.208  271.55550  271.72932    41.6611     9.4974 -9.990e-29
 128.322402      6.273    13.1680  32.619319    27.0494      6.217  271.55511  271.72892    41.7078     9.4893 -9.990e-29
 128.322405      6.280    13.1680  32.619319    27.0494      6.224  271.55511  271.72893    41.6611     9.5176 -9.990e-29
 128.322407      6.296    13.1681  32.619494    27.0495      6.240  271.55419  271.72801    41.6299     9.5095 -9.990e-29
 128.322410      6.316    13.1682  32.619086    27.0486      6.260  271.55460  271.72842    45.3654     9.6551 -9.990e-29
 128.322413      6.342    13.1682  32.618679    27.0485      6.285  271.55532  271.72915    45.2097     9.6551 0.0000e+00
 128.322416      6.369    13.1681  32.618504    27.0486      6.312  271.55596  271.72978    45.4276     9.6996 0.0000e+00
 128.322419      6.400    13.1679  32.619320    27.0493      6.343  271.55550  271.72931    45.3031     9.6591 0.0000e+00
 128.322422      6.437    13.1678  32.619087    27.0494      6.379  271.55656  271.73036    44.7272    10.1444 0.0000e+00
 128.322425      6.470    13.1676  32.619087    27.0494      6.412  271.55721  271.73100    44.8984    10.1889 0.0000e+00
 128.322428      6.505    13.1674  32.619320    27.0496      6.446  271.55777  271.73155    44.7584    10.2212 0.0000e+00
 128.322431      6.539    13.1676  32.619320    27.0497      6.480  271.55717  271.73095    44.8362    10.2050 0.0000e+00
 128.322433      6.574    13.1679  32.619728    27.0497      6.515  271.55522  271.72902    44.8362    10.2212 0.0000e+00
 128.322436      6.599    13.1681  32.617631    27.0498      6.540  271.55793  271.73176    43.9334    10.0716 -9.990e-29
 128.322439      6.618    13.1682  32.619495    27.0493      6.559  271.55408  271.72791    43.8556    10.0554 -9.990e-29
 128.322442      6.631    13.1682  32.618680    27.0486      6.571  271.55550  271.72934    43.8245    10.0635 -9.990e-29
 128.322445      6.643    13.1681  32.617049    27.0471      6.584  271.55865  271.73250    43.8868    10.0837 -9.990e-29
 128.322448      6.656    13.1681  32.619903    27.0497      6.597  271.55371  271.72753    44.1825     9.8128 -9.990e-29
 128.322451      6.667    13.1681  32.619087    27.0490      6.607  271.55513  271.72896    44.0580     9.8249 -9.990e-29
 128.322454      6.687    13.1682  32.619321    27.0491      6.628  271.55443  271.72825    44.1047     9.8047 -9.990e-29
 128.322457      6.707    13.1680  32.617631    27.0481      6.647  271.55831  271.73214    44.1358     9.8047 -9.990e-29
 128.322459      6.733    13.1675  32.617632    27.0483      6.673  271.56053  271.73433    39.7934     9.2184 0.0000e+00
 128.322462      6.762    13.1670  32.617748    27.0485      6.701  271.56255  271.73631    39.6844     9.2224 0.0000e+00
 128.322465      6.793    13.1668  32.618506    27.0494      6.732  271.56220  271.73594    39.5755     9.2346 0.0000e+00
 128.322468      6.824    13.1671  32.618913    27.0494      6.763  271.55994  271.73370    39.7778     9.2265 0.0000e+00
 128.322471      6.860    13.1674  32.619088    27.0495      6.799  271.55840  271.73218    40.4626     9.7198 0.0000e+00
 128.322474      6.892    13.1676  32.619321    27.0495      6.830  271.55707  271.73086    40.4782     9.6591 0.0000e+00
 128.322477      6.921    13.1679  32.619904    27.0495      6.859  271.55514  271.72894    40.4626     9.6915 -9.990e-29
