Processed/SBE19plus_01907321_2022_05_07_Cast73_wfilter.cnv
* Sea-Bird SBE19plus  Data File:
* FileName = E:\Prandtl Daten\2022\CTD\Raw\SBE19plus_01907321_2022_05_07_Cast73.hex
* Software version 2.6.1.12
* Temperature SN = 7321
* Conductivity SN = 7321
* System UpLoad Time = May 07 2022 13:31:42
* <ApplicationData>
* <Seaterm232>
** Messpraktikum 2022
** CTD 07.05 BE
** NMEA Latitude = 54 07.440 N
** NMEA Longitude = 008 50.213 E
# nquan = 11
# nvalues = 599                         
# units = specified
# name 0 = timeJ: Julian Days
# name 1 = prdM: Pressure, Strain Gauge [db]
# name 2 = tv290C: Temperature [ITS-90, deg C]
# name 3 = c0mS/cm: Conductivity [mS/cm]
# name 4 = sal00: Salinity, Practical [PSU]
# name 5 = depSM: Depth [salt water, m], lat = 54.00
# name 6 = oxsatMm/Kg: Oxygen Saturation, Weiss [umol/kg]
# name 7 = oxsolMm/Kg: Oxygen Saturation, Garcia & Gordon [umol/kg]
# name 8 = turbWETntu0: Turbidity, WET Labs ECO [NTU]
# name 9 = flECO-AFL: Fluorescence, WET Labs ECO-AFL/FL [mg/m^3]
# name 10 = flag:  0.000e+00
# span 0 = 127.555900, 127.557630       
# span 1 =      0.541,     17.248       
# span 2 =    13.0476,    13.0669       
# span 3 =  32.482310,  32.533157       
# span 4 =    27.0053,    27.0448       
# span 5 =      0.536,     17.093       
# span 6 =  272.14229,  272.32407       
# span 7 =  272.31047,  272.49155       
# span 8 =    12.4159,   126.8595       
# span 9 =     5.9349,    16.8690       
# span 10 = 0.0000e+00, 0.0000e+00      
# interval = seconds: 0.25
# start_time = May 07 2022 13:19:21 [Instrument's time stamp, header]
# bad_flag = -9.990e-29
*END*
[from data line 394]
 127.557040     11.691    13.0572  32.496365    27.0139     11.586  272.25472  272.42265    77.6144    13.8362 0.0000e+00
 127.557043     11.722    13.0571  32.497354    27.0134     11.617  272.25365  272.42156    77.4120    13.8726 0.0000e+00
 127.557046     11.753    13.0568  32.495144    27.0134     11.648  272.25878  272.42669    77.5054    13.8443 0.0000e+00
 127.557049     11.782    13.0568  32.495958    27.0125     11.676  272.25738  272.42528    81.6455    14.7501 -9.990e-29
 127.557052     11.804    13.0566  32.495784    27.0133     11.698  272.25864  272.42653    81.6611    14.7339 -9.990e-29
 127.557054     11.831    13.0564  32.495551    27.0132     11.725  272.25969  272.42758    81.5677    14.7056 -9.990e-29
 127.557057     11.847    13.0563  32.496773    27.0144     11.741  272.25820  272.42607    81.6766    14.7703 -9.990e-29
 127.557060     11.869    13.0561  32.495784    27.0136     11.763  272.26057  272.42844    85.7700    15.3566 -9.990e-29
 127.557063     11.886    13.0562  32.495959    27.0142     11.779  272.25996  272.42783    85.8323    15.3162 -9.990e-29
 127.557066     11.913    13.0562  32.496598    27.0142     11.806  272.25887  272.42673    85.9101    15.2838 0.0000e+00
 127.557069     11.940    13.0558  32.496191    27.0142     11.834  272.26148  272.42932    85.7389    15.3081 0.0000e+00
 127.557072     11.977    13.0559  32.496192    27.0141     11.870  272.26119  272.42904    88.9607    15.3364 0.0000e+00
 127.557075     12.008    13.0556  32.495785    27.0139     11.900  272.26287  272.43070    89.1475    15.3202 0.0000e+00
 127.557078     12.044    13.0553  32.495145    27.0138     11.936  272.26527  272.43309    89.1630    15.3000 0.0000e+00
 127.557080     12.082    13.0551  32.495378    27.0135     11.974  272.26583  272.43363    88.9762    15.3566 0.0000e+00
 127.557083     12.115    13.0551  32.494447    27.0138     12.007  272.26779  272.43560    89.0541    15.2919 0.0000e+00
 127.557086     12.148    13.0550  32.495785    27.0142     12.039  272.26579  272.43358    86.8440    14.9199 0.0000e+00
 127.557089     12.179    13.0548  32.495552    27.0142     12.070  272.26685  272.43463    86.6105    14.9684 0.0000e+00
 127.557092     12.210    13.0551  32.495145    27.0142     12.101  272.26663  272.43443    86.7661    14.9644 -9.990e-29
 127.557095     12.234    13.0548  32.494448    27.0131     12.124  272.26881  272.43661    86.8440    14.8957 -9.990e-29
 127.557098     12.256    13.0548  32.495146    27.0138     12.146  272.26761  272.43540    85.8012    14.9765 -9.990e-29
 127.557101     12.278    13.0548  32.494739    27.0134     12.168  272.26864  272.43643    85.7078    14.9725 -9.990e-29
 127.557104     12.303    13.0544  32.494332    27.0133     12.193  272.27095  272.43872    85.7389    14.9361 -9.990e-29
 127.557106     12.327    13.0544  32.494564    27.0141     12.217  272.27055  272.43832    85.7545    14.9361 -9.990e-29
 127.557109     12.362    13.0541  32.495030    27.0140     12.251  272.27103  272.43877    89.2720    15.3485 0.0000e+00
 127.557112     12.391    13.0542  32.494739    27.0139     12.280  272.27124  272.43899    88.8829    15.3000 0.0000e+00
 127.557115     12.422    13.0541  32.494739    27.0138     12.310  272.27189  272.43963    88.8362    15.3445 0.0000e+00
 127.557118     12.451    13.0541  32.494565    27.0138     12.339  272.27221  272.43995    89.0229    15.2758 0.0000e+00
 127.557121     12.480    13.0540  32.494565    27.0137     12.368  272.27254  272.44028    87.9023    14.9361 0.0000e+00
 127.557124     12.513    13.0541  32.493867    27.0138     12.401  272.27315  272.44091    87.7778    14.9361 0.0000e+00
 127.557127     12.542    13.0541  32.494739    27.0134     12.430  272.27196  272.43971    87.8089    14.9563 0.0000e+00
 127.557130     12.570    13.0542  32.494332    27.0139     12.457  272.27206  272.43982    87.9023    14.9361 -9.990e-29
 127.557133     12.592    13.0542  32.494740    27.0137     12.479  272.27136  272.43912    87.9646    14.8916 -9.990e-29
 127.557135     12.612    13.0542  32.494274    27.0133     12.499  272.27219  272.43995    89.3031    15.3485 -9.990e-29
 127.557138     12.630    13.0543  32.494565    27.0135     12.517  272.27138  272.43914    89.5833    15.3041 -9.990e-29
 127.557141     12.652    13.0543  32.494565    27.0133     12.538  272.27108  272.43884    89.1786    15.3081 -9.990e-29
 127.557144     12.677    13.0543  32.494333    27.0132     12.564  272.27181  272.43958    89.3342    15.2596 0.0000e+00
 127.557147     12.708    13.0541  32.493926    27.0133     12.594  272.27317  272.44093    91.0152    15.6397 0.0000e+00
 127.557150     12.743    13.0541  32.494449    27.0131     12.629  272.27260  272.44034    91.1708    15.7246 0.0000e+00
 127.557153     12.779    13.0540  32.493926    27.0132     12.665  272.27385  272.44160    91.1397    15.6559 0.0000e+00
 127.557156     12.816    13.0541  32.494159    27.0131     12.701  272.27315  272.44090    91.2019    15.6720 0.0000e+00
 127.557159     12.847    13.0538  32.493752    27.0130     12.732  272.27483  272.44257    90.0502    15.0170 0.0000e+00
 127.557161     12.880    13.0538  32.493519    27.0130     12.764  272.27557  272.44331    90.0813    14.9644 0.0000e+00
 127.557164     12.912    13.0535  32.493519    27.0129     12.797  272.27653  272.44426    90.1903    14.9563 0.0000e+00
 127.557167     12.945    13.0531  32.493520    27.0130     12.829  272.27844  272.44614    90.1280    15.0089 -9.990e-29
 127.557170     12.969    13.0530  32.493345    27.0131     12.853  272.27908  272.44677    90.4082    14.9118 -9.990e-29
 127.557173     12.991    13.0529  32.493345    27.0132     12.875  272.27972  272.44741    90.6105    14.8633 -9.990e-29
 127.557176     13.015    13.0528  32.493113    27.0131     12.898  272.28077  272.44845    90.3770    14.8957 -9.990e-29
 127.557179     13.035    13.0526  32.492531    27.0127     12.918  272.28243  272.45011    90.3615    14.8795 -9.990e-29
 127.557182     13.057    13.0525  32.492938    27.0130     12.940  272.28205  272.44972    90.5482    14.8674 -9.990e-29
 127.557185     13.086    13.0524  32.492706    27.0129     12.969  272.28310  272.45076    92.7895    15.0655 0.0000e+00
 127.557188     13.112    13.0526  32.492531    27.0129     12.994  272.28248  272.45015    92.8050    15.0170 0.0000e+00
 127.557190     13.144    13.0525  32.492706    27.0129     13.026  272.28251  272.45018    93.1008    15.0412 0.0000e+00
 127.557193     13.177    13.0526  32.493927    27.0137     13.059  272.28009  272.44775    92.8829    15.0331 0.0000e+00
 127.557196     13.212    13.0527  32.493753    27.0137     13.094  272.28010  272.44777    91.9490    14.6369 0.0000e+00
 127.557199     13.243    13.0528  32.493113    27.0130     13.124  272.28060  272.44829    91.6689    14.6207 0.0000e+00
 127.557202     13.272    13.0529  32.493113    27.0129     13.154  272.28031  272.44800    91.8089    14.6369 0.0000e+00
 127.557205     13.303    13.0528  32.492881    27.0129     13.184  272.28136  272.44904    92.2136    14.6247 0.0000e+00
 127.557208     13.329    13.0526  32.492299    27.0128     13.210  272.28302  272.45070    92.1047    15.0736 -9.990e-29
 127.557211     13.351    13.0525  32.492125    27.0123     13.231  272.28366  272.45133    92.3070    15.1100 -9.990e-29
 127.557214     13.370    13.0524  32.492532    27.0127     13.250  272.28359  272.45125    92.1047    15.0453 -9.990e-29
 127.557216     13.395    13.0520  32.492707    27.0131     13.275  272.28488  272.45251    92.3381    15.0898 -9.990e-29
 127.557219     13.417    13.0517  32.492125    27.0127     13.297  272.28716  272.45479    92.0735    15.0453 -9.990e-29
 127.557222     13.446    13.0515  32.491893    27.0127     13.325  272.28853  272.45615    91.5755    15.0978 0.0000e+00
 127.557225     13.479    13.0515  32.491718    27.0127     13.358  272.28917  272.45678    91.8401    15.1261 0.0000e+00
 127.557228     13.512    13.0512  32.491893    27.0129     13.391  272.28984  272.45743    91.6689    15.1221 0.0000e+00
 127.557231     13.548    13.0511  32.492300    27.0134     13.427  272.28978  272.45736    91.4665    15.1666 0.0000e+00
 127.557234     13.581    13.0512  32.492707    27.0134     13.459  272.28877  272.45636    87.9334    15.0008 0.0000e+00
 127.557237     13.617    13.0515  32.491719    27.0133     13.495  272.28895  272.45656    87.8556    15.0210 0.0000e+00
 127.557240     13.648    13.0520  32.492940    27.0133     13.526  272.28495  272.45258    88.0424    15.0251 0.0000e+00
 127.557242     13.681    13.0522  32.493522    27.0134     13.559  272.28269  272.45034    88.2447    14.9765 0.0000e+00
 127.557245     13.709    13.0524  32.493696    27.0136     13.586  272.28178  272.44943    94.4860    15.4294 -9.990e-29
 127.557248     13.730    13.0528  32.492940    27.0127     13.607  272.28153  272.44921    94.5482    15.4577 -9.990e-29
 127.557251     13.749    13.0530  32.494976    27.0144     13.625  272.27705  272.44473    94.5638    15.4294 -9.990e-29
 127.557254     13.771    13.0533  32.494976    27.0142     13.647  272.27549  272.44319    94.7194    15.4496 -9.990e-29
 127.557257     13.792    13.0537  32.493115    27.0122     13.669  272.27717  272.44491    93.9412    15.6599 -9.990e-29
 127.557260     13.816    13.0538  32.493929    27.0125     13.692  272.27514  272.44288    93.9412    15.5952 -9.990e-29
 127.557263     13.845    13.0538  32.493522    27.0126     13.721  272.27618  272.44392    94.3926    15.5993 0.0000e+00
 127.557266     13.878    13.0538  32.493755    27.0127     13.754  272.27580  272.44354    94.2525    15.6154 0.0000e+00
 127.557269     13.909    13.0535  32.494162    27.0132     13.784  272.27605  272.44377    94.3459    15.6639 0.0000e+00
 127.557271     13.944    13.0535  32.494104    27.0132     13.819  272.27649  272.44421    95.4354    14.8431 0.0000e+00
 127.557274     13.976    13.0535  32.493755    27.0129     13.851  272.27712  272.44484    95.4198    14.9240 0.0000e+00
 127.557277     14.007    13.0534  32.492941    27.0123     13.882  272.27887  272.44660    95.3420    14.9320 0.0000e+00
 127.557280     14.038    13.0533  32.492941    27.0122     13.913  272.27952  272.44724    95.1864    14.8350 0.0000e+00
 127.557283     14.071    13.0531  32.491080    27.0115     13.945  272.28342  272.45114    94.6727    15.4132 0.0000e+00
 127.557286     14.099    13.0530  32.493290    27.0106     13.972  272.27990  272.44760    94.7350    15.3930 -9.990e-29
 127.557289     14.121    13.0529  32.493116    27.0126     13.994  272.28085  272.44854    94.5015    15.3445 -9.990e-29
 127.557292     14.139    13.0527  32.492709    27.0124     14.012  272.28251  272.45019    94.8595    15.3607 -9.990e-29
 127.557295     14.162    13.0525  32.492709    27.0124     14.036  272.28316  272.45083    96.8362    15.7448 -9.990e-29
 127.557297     14.193    13.0525  32.492535    27.0127     14.066  272.28380  272.45147    97.3342    15.7286 0.0000e+00
 127.557300     14.223    13.0524  32.493116    27.0125     14.095  272.28312  272.45078    97.1786    15.7610 0.0000e+00
 127.557303     14.257    13.0522  32.492535    27.0126     14.130  272.28478  272.45244    97.0852    15.7327 0.0000e+00
 127.557306     14.288    13.0522  32.492535    27.0126     14.160  272.28512  272.45277    95.5288    15.3041 0.0000e+00
 127.557309     14.321    13.0522  32.492535    27.0126     14.193  272.28514  272.45279    95.6689    15.2232 0.0000e+00
 127.557312     14.356    13.0519  32.492710    27.0126     14.227  272.28612  272.45375    95.6066    15.2151 0.0000e+00
 127.557315     14.383    13.0518  32.491896    27.0122     14.254  272.28787  272.45550    95.9023    15.2475 0.0000e+00
 127.557318     14.420    13.0517  32.491489    27.0119     14.290  272.28892  272.45655    95.5755    15.2838 0.0000e+00
 127.557321     14.453    13.0517  32.491489    27.0119     14.323  272.28925  272.45688    94.0035    15.4375 0.0000e+00
 127.557323     14.478    13.0517  32.492129    27.0119     14.349  272.28784  272.45547    93.8478    15.5103 -9.990e-29
 127.557326     14.500    13.0517  32.492303    27.0126     14.370  272.28786  272.45549    93.8945    15.5346 -9.990e-29
 127.557329     14.518    13.0515  32.492943    27.0133     14.388  272.28739  272.45500    93.7856    15.4941 -9.990e-29
 127.557332     14.540    13.0517  32.492536    27.0128     14.410  272.28717  272.45479    98.8751    15.8095 -9.990e-29
 127.557335     14.562    13.0518  32.493118    27.0116     14.432  272.28585  272.45348    98.9685    15.7610 -9.990e-29
 127.557338     14.591    13.0519  32.491373    27.0118     14.461  272.28860  272.45624    98.7661    15.7974 0.0000e+00
 127.557341     14.621    13.0520  32.491896    27.0120     14.489  272.28739  272.45503    98.7350    15.7691 0.0000e+00
 127.557344     14.650    13.0520  32.493118    27.0126     14.518  272.28528  272.45291    99.6689    15.2070 0.0000e+00
 127.557347     14.690    13.0519  32.492536    27.0126     14.558  272.28663  272.45427    99.3887    15.2677 0.0000e+00
 127.557350     14.721    13.0517  32.492129    27.0126     14.589  272.28799  272.45562    99.3887    15.2070 0.0000e+00
 127.557352     14.750    13.0517  32.492537    27.0124     14.618  272.28762  272.45524    99.3264    15.2070 0.0000e+00
 127.557355     14.785    13.0516  32.491897    27.0122     14.652  272.28907  272.45669    99.3731    15.3405 0.0000e+00
 127.557358     14.818    13.0515  32.491316    27.0119     14.685  272.29042  272.45804    99.1864    15.3364 0.0000e+00
 127.557361     14.845    13.0515  32.492304    27.0117     14.712  272.28903  272.45664    99.1708    15.2919 -9.990e-29
 127.557364     14.867    13.0515  32.491316    27.0117     14.734  272.29045  272.45807    99.5132    15.2960 -9.990e-29
 127.557367     14.891    13.0516  32.490560    27.0110     14.757  272.29147  272.45910    99.1864    15.3283 -9.990e-29
 127.557370     14.914    13.0515  32.491723    27.0121     14.781  272.29009  272.45770   101.2720    15.6923 -9.990e-29
 127.557373     14.936    13.0514  32.492130    27.0126     14.802  272.28970  272.45731   101.3809    15.6639 -9.990e-29
 127.557376     14.963    13.0512  32.492130    27.0127     14.829  272.29035  272.45795   101.5054    15.6882 0.0000e+00
 127.557378     14.993    13.0513  32.492537    27.0126     14.858  272.28935  272.45694   101.5054    15.7165 0.0000e+00
 127.557381     15.027    13.0512  32.491898    27.0126     14.892  272.29111  272.45871   100.5093    15.6195 0.0000e+00
 127.557384     15.058    13.0509  32.491898    27.0124     14.923  272.29208  272.45966   100.4782    15.6639 0.0000e+00
 127.557387     15.091    13.0510  32.491084    27.0121     14.956  272.29320  272.46080   100.4159    15.6276 0.0000e+00
 127.557390     15.124    13.0510  32.491491    27.0121     14.988  272.29252  272.46011   100.5716    15.6033 0.0000e+00
 127.557393     15.153    13.0510  32.491724    27.0123     15.017  272.29213  272.45972    99.8712    15.4456 0.0000e+00
 127.557396     15.186    13.0509  32.492131    27.0125     15.050  272.29207  272.45964    99.9801    15.4496 0.0000e+00
 127.557399     15.217    13.0508  32.491317    27.0128     15.080  272.29382  272.46140   100.1825    15.4496 -9.990e-29
 127.557402     15.240    13.0509  32.491724    27.0124     15.104  272.29281  272.46039   100.0735    15.4415 -9.990e-29
 127.557405     15.266    13.0507  32.491491    27.0123     15.129  272.29387  272.46144   102.3459    16.0198 -9.990e-29
 127.557407     15.286    13.0508  32.491143    27.0119     15.149  272.29417  272.46175   102.0813    15.9551 -9.990e-29
 127.557410     15.310    13.0507  32.491492    27.0123     15.172  272.29389  272.46147   102.3303    16.0481 -9.990e-29
 127.557413     15.334    13.0507  32.491317    27.0125     15.196  272.29421  272.46179   102.0813    15.9753 -9.990e-29
