Processed/SBE19plus_01907321_2022_05_08_Cast77_wfilter.cnv
* Sea-Bird SBE19plus  Data File:
* FileName = E:\Prandtl Daten\2022\CTD\Raw\SBE19plus_01907321_2022_05_08_Cast77.hex
* Software version 2.6.1.12
* Temperature SN = 7321
* Conductivity SN = 7321
* System UpLoad Time = May 08 2022 08:17:11
* <ApplicationData>
* <Seaterm232>
** Messpraktikum 2022
** CTD 08.05 BW2
** NMEA Latitude = 54 07.79 N
** NMEA Longitude = 008 44.93 E
# nquan = 11
# nvalues = 557                         
# units = specified
# name 0 = timeJ: Julian Days
# name 1 = prdM: Pressure, Strain Gauge [db]
# name 2 = tv290C: Temperature [ITS-90, deg C]
# name 3 = c0mS/cm: Conductivity [mS/cm]
# name 4 = sal00: Salinity, Practical [PSU]
# name 5 = depSM: Depth [salt water, m], lat = 54.00
# name 6 = oxsatMm/Kg: Oxygen Saturation, Weiss [umol/kg]
# name 7 = oxsolMm/Kg: Oxygen Saturation, Garcia & Gordon [umol/kg]
# name 8 = turbWETntu0: Turbidity, WET Labs ECO [NTU]
# name 9 = flECO-AFL: Fluorescence, WET Labs ECO-AFL/FL [mg/m^3]
# name 10 = flag:  0.000e+00
# span 0 = 128.340084, 128.341693       
# span 1 =      0.663,     15.392       
# span 2 =    12.9222,    13.0068       
# span 3 =  32.386170,  32.468641       
# span 4 =    27.0068,    27.0253       
# span 5 =      0.657,     15.254       
# span 6 =  272.52828,  273.03599       
# span 7 =  272.69328,  273.19629       
# span 8 =    24.0580,   165.5210       
# span 9 =     6.9863,    20.1200       
# span 10 = 0.0000e+00, 0.0000e+00      
# interval = seconds: 0.25
# start_time = May 08 2022 08:08:26 [Instrument's time stamp, header]
# bad_flag = -9.990e-29
*END*
[from data line 263]
 128.340845      7.623    12.9264  32.389827    27.0098      7.554  273.01117  273.17170    46.7817    10.8641 -9.990e-29
 128.340848      7.634    12.9260  32.390060    27.0103      7.565  273.01234  273.17285    46.7194    10.8439 -9.990e-29
 128.340851      7.643    12.9259  32.390060    27.0103      7.574  273.01266  273.17317    42.6727    11.2847 -9.990e-29
 128.340854      7.650    12.9258  32.390060    27.0104      7.582  273.01330  273.17379    42.5794    11.2766 -9.990e-29
 128.340856      7.663    12.9257  32.390060    27.0104      7.594  273.01362  273.17411    42.6883    11.3332 -9.990e-29
 128.340859      7.681    12.9256  32.389247    27.0108      7.613  273.01538  273.17587    42.5638    11.2806 -9.990e-29
 128.340862      7.710    12.9258  32.390467    27.0105      7.641  273.01262  273.17311    47.5288    11.4990 0.0000e+00
 128.340865      7.738    12.9260  32.390060    27.0102      7.668  273.01241  273.17292    47.4043    11.5030 0.0000e+00
 128.340868      7.774    12.9261  32.389015    27.0100      7.705  273.01364  273.17417    47.3731    11.5030 0.0000e+00
 128.340871      7.815    12.9259  32.389712    27.0095      7.745  273.01370  273.17420    47.4821    11.4788 0.0000e+00
 128.340874      7.857    12.9254  32.388841    27.0095      7.786  273.01715  273.17763    44.1047    10.9329 0.0000e+00
 128.340877      7.897    12.9252  32.388202    27.0093      7.826  273.01924  273.17972    44.1669    10.9248 0.0000e+00
 128.340880      7.930    12.9249  32.388434    27.0090      7.859  273.02012  273.18057    44.0891    10.9329 -9.990e-29
 128.340883      7.953    12.9247  32.389422    27.0105      7.882  273.01934  273.17978    44.1047    10.9127 -9.990e-29
 128.340885      7.975    12.9246  32.389132    27.0103      7.903  273.02050  273.18092    44.0735    10.9288 -9.990e-29
 128.340888      7.993    12.9244  32.388609    27.0099      7.922  273.02206  273.18248    39.6377    11.0097 -9.990e-29
 128.340891      8.010    12.9240  32.388841    27.0104      7.938  273.02355  273.18394    39.6222    11.0138 -9.990e-29
 128.340894      8.032    12.9238  32.388609    27.0103      7.960  273.02460  273.18499    39.7155    11.0016 -9.990e-29
 128.340897      8.054    12.9236  32.388028    27.0099      7.982  273.02658  273.18696    39.6533    10.9774 -9.990e-29
 128.340900      8.077    12.9236  32.388145    27.0098      8.005  273.02639  273.18677    39.1085    11.4303 -9.990e-29
 128.340903      8.105    12.9234  32.387796    27.0100      8.032  273.02797  273.18834    39.1085    11.4343 0.0000e+00
 128.340906      8.134    12.9231  32.387796    27.0098      8.061  273.02956  273.18991    39.1708    11.4383 0.0000e+00
 128.340909      8.167    12.9227  32.387216    27.0101      8.094  273.03218  273.19251    39.1708    11.4505 0.0000e+00
 128.340911      8.201    12.9223  32.387797    27.0098      8.128  273.03276  273.19306    47.2486    11.4020 0.0000e+00
 128.340914      8.230    12.9222  32.386403    27.0100      8.157  273.03586  273.19616    47.3576    11.4343 0.0000e+00
 128.340917      8.265    12.9222  32.387564    27.0094      8.191  273.03384  273.19413    47.2331    11.4181 -9.990e-29
 128.340920      8.285    12.9223  32.386170    27.0091      8.211  273.03599  273.19629    47.2953    11.4303 -9.990e-29
 128.340923      8.309    12.9223  32.386809    27.0096      8.235  273.03456  273.19487    45.8012    11.4141 -9.990e-29
 128.340926      8.327    12.9223  32.387623    27.0104      8.253  273.03315  273.19345    45.5833    11.4464 -9.990e-29
 128.340929      8.353    12.9223  32.388436    27.0111      8.278  273.03174  273.19203    45.4743    11.4505 -9.990e-29
 128.340932      8.377    12.9225  32.388146    27.0100      8.302  273.03163  273.19193    45.5677    11.4383 -9.990e-29
 128.340935      8.408    12.9226  32.387391    27.0100      8.333  273.03266  273.19298    45.5677    11.4505 0.0000e+00
 128.340938      8.441    12.9224  32.387216    27.0100      8.365  273.03362  273.19393    48.2914    12.1419 0.0000e+00
 128.340940      8.474    12.9224  32.387391    27.0101      8.398  273.03333  273.19364    48.2603    12.1460 0.0000e+00
 128.340943      8.508    12.9223  32.388030    27.0101      8.432  273.03286  273.19316    48.3692    12.1258 0.0000e+00
 128.340946      8.536    12.9222  32.386984    27.0107      8.459  273.03503  273.19533    48.3381    12.1622 0.0000e+00
 128.340949      8.561    12.9222  32.388901    27.0107      8.485  273.03168  273.19196    58.5015    12.9264 0.0000e+00
 128.340952      8.586    12.9230  32.389656    27.0116      8.509  273.02691  273.18723    58.4860    12.8981 -9.990e-29
 128.340955      8.610    12.9238  32.390644    27.0120      8.533  273.02172  273.18208    58.5638    12.8900 -9.990e-29
 128.340958      8.622    12.9245  32.390470    27.0114      8.545  273.01888  273.17929    58.5015    12.9102 -9.990e-29
 128.340961      8.642    12.9249  32.391283    27.0119      8.565  273.01589  273.17632    59.7311    13.4723 -9.990e-29
 128.340964      8.653    12.9258  32.392967    27.0127      8.576  273.00884  273.16931    59.7155    13.5289 -9.990e-29
 128.340966      8.674    12.9274  32.395116    27.0157      8.596  272.99814  273.15870    59.8556    13.5653 -9.990e-29
 128.340969      8.699    12.9295  32.399008    27.0145      8.621  272.98219  273.14284    59.6533    13.5289 0.0000e+00
 128.340972      8.732    12.9323  32.398601    27.0133      8.654  272.97063  273.13146    59.6689    13.5410 0.0000e+00
 128.340975      8.766    12.9340  32.399008    27.0124      8.688  272.96237  273.12331    65.8323    13.7634 0.0000e+00
 128.340978      8.806    12.9354  32.399763    27.0121      8.728  272.95477  273.11579    65.9101    13.7796 0.0000e+00
 128.340981      8.843    12.9360  32.399589    27.0115      8.764  272.95257  273.11364    65.8167    13.7837 0.0000e+00
 128.340984      8.878    12.9364  32.397962    27.0115      8.798  272.95387  273.11498    65.9101    13.7715 0.0000e+00
 128.340987      8.914    12.9367  32.401855    27.0121      8.834  272.94549  273.10658    63.4510    13.1488 0.0000e+00
 128.340990      8.947    12.9382  32.402029    27.0126      8.867  272.93859  273.09977    63.3731    13.1569 0.0000e+00
 128.340992      8.978    12.9394  32.402261    27.0121      8.897  272.93316  273.09442    63.4043    13.1569 -9.990e-29
 128.340995      9.002    12.9398  32.401448    27.0105      8.921  272.93271  273.09400    63.3731    13.1609 -9.990e-29
 128.340998      9.022    12.9399  32.403481    27.0123      8.941  272.92884  273.09012    62.5638    13.4440 -9.990e-29
 128.341001      9.037    12.9409  32.405282    27.0132      8.956  272.92127  273.08260    62.5949    13.4440 -9.990e-29
 128.341004      9.050    12.9420  32.405282    27.0124      8.969  272.91655  273.07795    62.6261    13.4399 -9.990e-29
 128.341007      9.063    12.9433  32.406328    27.0124      8.982  272.90874  273.07021    62.5949    13.4359 -9.990e-29
 128.341010      9.084    12.9445  32.406734    27.0120      9.003  272.90300  273.06454    63.4043    14.3376 -9.990e-29
 128.341013      9.105    12.9455  32.405921    27.0107      9.023  272.90002  273.06164    63.3731    14.3457 -9.990e-29
 128.341016      9.135    12.9464  32.406909    27.0104      9.054  272.89421  273.05588    63.3887    14.3579 0.0000e+00
 128.341019      9.165    12.9467  32.406502    27.0106      9.082  272.89368  273.05537    63.4821    14.3659 0.0000e+00
 128.341021      9.197    12.9466  32.406909    27.0104      9.115  272.89331  273.05499    63.4821    14.3376 0.0000e+00
 128.341024      9.236    12.9466  32.406735    27.0104      9.153  272.89364  273.05532    67.1708    14.0869 0.0000e+00
 128.341027      9.269    12.9464  32.406096    27.0104      9.186  272.89572  273.05740    67.1708    14.1031 0.0000e+00
 128.341030      9.305    12.9461  32.406735    27.0103      9.222  272.89589  273.05754    67.1864    14.0869 0.0000e+00
 128.341033      9.334    12.9461  32.406503    27.0107      9.251  272.89631  273.05797    67.0619    14.1031 -9.990e-29
 128.341036      9.358    12.9463  32.407955    27.0117      9.274  272.89284  273.05449    66.1280    13.9737 -9.990e-29
 128.341039      9.382    12.9468  32.408478    27.0118      9.298  272.89004  273.05172    66.2369    13.9939 -9.990e-29
 128.341042      9.400    12.9473  32.404295    27.0076      9.316  272.89518  273.05693    66.1124    13.9737 -9.990e-29
 128.341045      9.425    12.9473  32.407549    27.0106      9.341  272.88949  273.05121    66.1903    13.9616 -9.990e-29
 128.341047      9.448    12.9476  32.406910    27.0098      9.363  272.88905  273.05080    60.8206    13.7998 -9.990e-29
 128.341050      9.470    12.9482  32.409350    27.0114      9.385  272.88227  273.04403    61.0074    13.7756 -9.990e-29
 128.341053      9.502    12.9486  32.409466    27.0112      9.417  272.88051  273.04229    60.8984    13.7877 0.0000e+00
 128.341056      9.530    12.9490  32.409350    27.0110      9.444  272.87884  273.04065    61.0074    13.7917 0.0000e+00
 128.341059      9.559    12.9494  32.409582    27.0110      9.473  272.87687  273.03871    64.7428    14.2487 0.0000e+00
 128.341062      9.590    12.9493  32.406910    27.0110      9.504  272.88189  273.04375    64.6338    14.3053 0.0000e+00
 128.341065      9.619    12.9490  32.409350    27.0096      9.533  272.87889  273.04071    64.4626    14.2851 0.0000e+00
 128.341068      9.648    12.9488  32.407723    27.0103      9.562  272.88271  273.04453    64.7739    14.2972 0.0000e+00
 128.341071      9.677    12.9488  32.409989    27.0096      9.590  272.87876  273.04055    64.6494    14.2851 -9.990e-29
 128.341073      9.697    12.9489  32.409350    27.0111      9.610  272.87957  273.04138    64.8206    13.3995 -9.990e-29
 128.341076      9.717    12.9492  32.409583    27.0111      9.630  272.87792  273.03974    64.9140    13.3995 -9.990e-29
 128.341079      9.737    12.9492  32.409176    27.0107      9.650  272.87864  273.04047    64.8829    13.3874 -9.990e-29
 128.341082      9.758    12.9491  32.409583    27.0111      9.670  272.87826  273.04008    64.8362    13.3914 -9.990e-29
 128.341085      9.777    12.9489  32.410048    27.0112      9.690  272.87809  273.03989    62.8284    14.2365 -9.990e-29
 128.341088      9.807    12.9491  32.409757    27.0112      9.719  272.87799  273.03980    62.9529    14.2487 0.0000e+00
 128.341091      9.836    12.9492  32.409990    27.0112      9.748  272.87697  273.03879    63.0152    14.2446 0.0000e+00
 128.341094      9.875    12.9493  32.409758    27.0111      9.787  272.87708  273.03891    62.9373    14.2365 0.0000e+00
 128.341097      9.906    12.9492  32.407724    27.0109      9.817  272.88130  273.04314    65.3654    13.4561 0.0000e+00
 128.341100      9.943    12.9488  32.409235    27.0109      9.854  272.88025  273.04205    65.4432    13.4319 0.0000e+00
 128.341102      9.972    12.9485  32.409351    27.0109      9.882  272.88133  273.04311    65.4432    13.4561 0.0000e+00
 128.341105     10.003    12.9484  32.408945    27.0110      9.913  272.88269  273.04447    65.2875    13.4642 0.0000e+00
 128.341108     10.028    12.9483  32.409177    27.0109      9.939  272.88261  273.04438    67.9490    13.7756 -9.990e-29
 128.341111     10.050    12.9481  32.408538    27.0107      9.960  272.88469  273.04646    67.9490    13.7917 -9.990e-29
 128.341114     10.065    12.9480  32.407318    27.0097      9.975  272.88716  273.04893    67.8245    13.7917 -9.990e-29
 128.341117     10.082    12.9481  32.409352    27.0115      9.991  272.88329  273.04504    67.8556    13.7634 -9.990e-29
 128.341120     10.093    12.9487  32.409991    27.0117     10.003  272.87965  273.04144    67.8401    13.8120 -9.990e-29
 128.341123     10.113    12.9492  32.409352    27.0123     10.023  272.87826  273.04009    64.6183    14.5803 -9.990e-29
 128.341126     10.143    12.9503  32.412024    27.0123     10.052  272.86887  273.03074    64.6961    14.5479 0.0000e+00
 128.341128     10.170    12.9510  32.412547    27.0123     10.079  272.86482  273.02673    64.6027    14.5398 0.0000e+00
 128.341131     10.210    12.9517  32.411792    27.0111     10.119  272.86333  273.02529    64.6805    14.5034 0.0000e+00
 128.341134     10.250    12.9517  32.411792    27.0111     10.159  272.86336  273.02532    65.8323    14.4104 0.0000e+00
 128.341137     10.289    12.9516  32.411385    27.0108     10.197  272.86441  273.02637    65.8167    14.4226 0.0000e+00
 128.341140     10.329    12.9512  32.409178    27.0108     10.237  272.86988  273.03184    65.9101    14.3983 0.0000e+00
 128.341143     10.361    12.9509  32.411211    27.0101     10.268  272.86791  273.02983    65.9568    14.4226 0.0000e+00
 128.341146     10.389    12.9507  32.411211    27.0111     10.296  272.86888  273.03078    65.6144    13.7513 -9.990e-29
 128.341149     10.410    12.9505  32.409352    27.0096     10.317  272.87278  273.03469    65.6766    13.7553 -9.990e-29
 128.341152     10.426    12.9505  32.410573    27.0108     10.333  272.87065  273.03255    65.7078    13.7837 -9.990e-29
 128.341155     10.439    12.9504  32.410805    27.0111     10.346  272.87088  273.03277    65.6299    13.7917 -9.990e-29
 128.341157     10.454    12.9503  32.410805    27.0111     10.360  272.87121  273.03309    66.5949    13.8403 -9.990e-29
 128.341160     10.474    12.9504  32.411212    27.0114     10.380  272.86988  273.03177    66.6727    13.8484 -9.990e-29
 128.341163     10.498    12.9507  32.411386    27.0116     10.404  272.86864  273.03054    66.6572    13.8524 -9.990e-29
 128.341166     10.524    12.9512  32.412025    27.0114     10.430  272.86533  273.02726    66.5638    13.8160 0.0000e+00
 128.341169     10.550    12.9515  32.411793    27.0112     10.455  272.86449  273.02644    66.6727    13.8443 0.0000e+00
 128.341172     10.583    12.9516  32.410980    27.0108     10.488  272.86531  273.02728    66.8751    14.3579 0.0000e+00
 128.341175     10.612    12.9512  32.411212    27.0108     10.517  272.86650  273.02844    66.9529    14.3336 0.0000e+00
 128.341178     10.639    12.9511  32.411619    27.0110     10.544  272.86643  273.02836    66.9218    14.3336 0.0000e+00
 128.341181     10.672    12.9510  32.410806    27.0112     10.576  272.86851  273.03044    66.9840    14.3619 -9.990e-29
 128.341183     10.696    12.9509  32.409992    27.0099     10.600  272.87027  273.03220    68.4315    14.7743 -9.990e-29
 128.341186     10.721    12.9507  32.410806    27.0107     10.625  272.86949  273.03140    68.2603    14.7460 -9.990e-29
 128.341189     10.745    12.9503  32.410980    27.0112     10.649  272.87109  273.03297    68.4315    14.7380 -9.990e-29
 128.341192     10.767    12.9502  32.411213    27.0113     10.671  272.87101  273.03289    68.3070    14.7703 -9.990e-29
 128.341195     10.794    12.9501  32.410980    27.0110     10.698  272.87206  273.03394    73.3342    14.9442 0.0000e+00
 128.341198     10.831    12.9502  32.410574    27.0110     10.734  272.87217  273.03405    73.3498    14.9037 0.0000e+00
 128.341201     10.864    12.9502  32.410806    27.0110     10.766  272.87178  273.03367    73.3654    14.9523 0.0000e+00
 128.341204     10.896    12.9504  32.411387    27.0110     10.799  272.87015  273.03204    73.3031    14.9240 0.0000e+00
 128.341207     10.934    12.9504  32.409761    27.0111     10.837  272.87303  273.03493    65.3498    14.1557 0.0000e+00
 128.341209     10.962    12.9503  32.410981    27.0105     10.864  272.87123  273.03311    65.3342    14.1435 0.0000e+00
 128.341212     10.989    12.9505  32.412201    27.0111     10.891  272.86816  273.03005    65.4743    14.1840 -9.990e-29
 128.341215     11.010    12.9509  32.412201    27.0118     10.911  272.86659  273.02851    65.3965    14.1840 -9.990e-29
 128.341218     11.032    12.9512  32.412143    27.0115     10.933  272.86545  273.02738    65.4276    14.1476 -9.990e-29
