Processed/SBE19plus_01907321_2022_05_08_Cast88_wfilter.cnv
* Sea-Bird SBE19plus  Data File:
* FileName = E:\Prandtl Daten\2022\CTD\Raw\SBE19plus_01907321_2022_05_08_Cast88.hex
* Software version 2.6.1.12
* Temperature SN = 7321
* Conductivity SN = 7321
* System UpLoad Time = May 08 2022 12:32:52
* <ApplicationData>
* <Seaterm232>
** Messpraktikum 2022
** CTD 08.05 NP2
** NMEA Latitude = 54 09.28 N
** NMEA Longitude = 008 42.02 E
# nquan = 11
# nvalues = 448                         
# units = specified
# name 0 = timeJ: Julian Days
# name 1 = prdM: Pressure, Strain Gauge [db]
# name 2 = tv290C: Temperature [ITS-90, deg C]
# name 3 = c0mS/cm: Conductivity [mS/cm]
# name 4 = sal00: Salinity, Practical [PSU]
# name 5 = depSM: Depth [salt water, m], lat = 54.00
# name 6 = oxsatMm/Kg: Oxygen Saturation, Weiss [umol/kg]
# name 7 = oxsolMm/Kg: Oxygen Saturation, Garcia & Gordon [umol/kg]
# name 8 = turbWETntu0: Turbidity, WET Labs ECO [NTU]
# name 9 = flECO-AFL: Fluorescence, WET Labs ECO-AFL/FL [mg/m^3]
# name 10 = flag:  0.000e+00
# span 0 = 128.518261, 128.519554       
# span 1 =      0.468,     13.481       
# span 2 =    12.5700,    12.8013       
# span 3 =  32.712366,  32.765034       
# span 4 =    27.4425,    27.5947       
# span 5 =      0.464,     13.360       
# span 6 =  272.89672,  273.95229       
# span 7 =  273.04558,  274.08605       
# span 8 =    -0.5802,    48.1047       
# span 9 =     1.9762,    12.1662       
# span 10 = 0.0000e+00, 0.0000e+00      
# interval = seconds: 0.25
# start_time = May 08 2022 12:25:13 [Instrument's time stamp, header]
# bad_flag = -9.990e-29
*END*
[from data line 394]
 128.519401     11.976    12.5740  32.746182    27.5932     11.869  273.92937  274.06336    30.5482     9.2346 0.0000e+00
 128.519404     12.003    12.5739  32.746357    27.5931     11.895  273.92970  274.06368    29.3342     9.0405 -9.990e-29
 128.519407     12.027    12.5740  32.745773    27.5927     11.919  273.93045  274.06443    29.2097     9.0688 -9.990e-29
 128.519410     12.052    12.5739  32.745774    27.5928     11.944  273.93077  274.06476    29.2720     9.0526 -9.990e-29
 128.519413     12.074    12.5740  32.744607    27.5916     11.966  273.93225  274.06625    29.2564     9.0081 -9.990e-29
 128.519416     12.096    12.5742  32.745949    27.5926     11.988  273.92893  274.06294    29.2253     9.0405 -9.990e-29
 128.519418     12.118    12.5743  32.745307    27.5920     12.009  273.92978  274.06380    33.2097     9.3842 -9.990e-29
 128.519421     12.132    12.5740  32.745424    27.5923     12.024  273.93083  274.06483    33.2253     9.3963 -9.990e-29
 128.519424     12.156    12.5740  32.744491    27.5914     12.047  273.93251  274.06652    33.3498     9.3478 -9.990e-29
 128.519427     12.178    12.5740  32.744899    27.5911     12.069  273.93180  274.06580    33.1786     9.3437 -9.990e-29
 128.519430     12.211    12.5739  32.744082    27.5911     12.102  273.93390  274.06790    32.8206     9.5459 0.0000e+00
 128.519433     12.247    12.5738  32.744024    27.5911     12.138  273.93434  274.06834    33.0541     9.5419 0.0000e+00
 128.519436     12.286    12.5739  32.744899    27.5915     12.176  273.93249  274.06648    32.9296     9.5581 0.0000e+00
 128.519439     12.324    12.5737  32.744316    27.5915     12.213  273.93449  274.06848    33.1008     9.5702 0.0000e+00
 128.519442     12.362    12.5736  32.742683    27.5909     12.251  273.93775  274.07174    31.7311     9.5297 0.0000e+00
 128.519444     12.397    12.5736  32.743675    27.5904     12.286  273.93600  274.06999    31.6844     9.5217 0.0000e+00
 128.519447     12.437    12.5737  32.743266    27.5906     12.326  273.93613  274.07013    31.7155     9.5176 0.0000e+00
 128.519450     12.470    12.5737  32.743500    27.5905     12.358  273.93605  274.07004    31.7934     9.5459 0.0000e+00
 128.519453     12.504    12.5737  32.744608    27.5906     12.392  273.93378  274.06777    31.2331     9.2912 -9.990e-29
 128.519456     12.526    12.5737  32.744317    27.5914     12.414  273.93463  274.06861    31.3264     9.3114 -9.990e-29
 128.519459     12.546    12.5739  32.744900    27.5918     12.434  273.93266  274.06666    31.2953     9.3357 -9.990e-29
 128.519462     12.565    12.5737  32.743675    27.5908     12.452  273.93580  274.06979    31.2486     9.3154 -9.990e-29
 128.519465     12.588    12.5738  32.744900    27.5913     12.475  273.93300  274.06699    31.1708     9.3437 -9.990e-29
 128.519468     12.616    12.5737  32.744317    27.5915     12.503  273.93438  274.06837    28.0891     8.6887 0.0000e+00
 128.519470     12.647    12.5737  32.744900    27.5913     12.533  273.93335  274.06734    28.1513     8.6846 0.0000e+00
 128.519473     12.678    12.5738  32.744259    27.5912     12.564  273.93421  274.06820    28.1825     8.6684 0.0000e+00
 128.519476     12.712    12.5739  32.743092    27.5912     12.598  273.93600  274.07002    28.1980     8.6725 0.0000e+00
 128.519479     12.742    12.5740  32.744901    27.5912     12.627  273.93248  274.06648    30.8440     9.0607 0.0000e+00
 128.519482     12.776    12.5740  32.744492    27.5912     12.662  273.93292  274.06693    30.6261     9.0809 0.0000e+00
 128.519485     12.807    12.5744  32.744609    27.5910     12.693  273.93117  274.06521    30.7506     9.0607 0.0000e+00
 128.519488     12.835    12.5746  32.744318    27.5908     12.720  273.93078  274.06483    30.7817     9.0566 0.0000e+00
 128.519491     12.864    12.5747  32.745309    27.5906     12.749  273.92840  274.06245    37.6455    10.1889 -9.990e-29
 128.519494     12.884    12.5747  32.743034    27.5893     12.769  273.93279  274.06686    37.5054    10.2050 -9.990e-29
 128.519497     12.906    12.5745  32.744901    27.5912     12.790  273.93009  274.06413    37.7545    10.1848 -9.990e-29
 128.519499     12.926    12.5743  32.745543    27.5916     12.810  273.92990  274.06392    37.7700    10.2050 -9.990e-29
 128.519502     12.952    12.5742  32.745135    27.5917     12.836  273.93127  274.06528    42.5171    11.0704 0.0000e+00
 128.519505     12.977    12.5737  32.744843    27.5917     12.861  273.93368  274.06766    42.7350    10.9652 0.0000e+00
 128.519508     13.008    12.5733  32.745777    27.5919     12.892  273.93390  274.06785    42.6572    10.9855 0.0000e+00
 128.519511     13.048    12.5732  32.744727    27.5924     12.931  273.93643  274.07038    42.6261    11.0138 0.0000e+00
 128.519514     13.088    12.5730  32.745019    27.5924     12.971  273.93687  274.07080    42.7350    11.0178 0.0000e+00
 128.519517     13.121    12.5725  32.745544    27.5932     13.004  273.93814  274.07203    43.1552    11.1351 0.0000e+00
 128.519520     13.158    12.5720  32.745777    27.5938     13.040  273.93993  274.07379    43.0930    11.1553 0.0000e+00
 128.519523     13.193    12.5718  32.745777    27.5938     13.074  273.94089  274.07473    43.2953    11.1391 0.0000e+00
 128.519525     13.224    12.5715  32.744844    27.5936     13.105  273.94351  274.07735    43.0619    11.1998 0.0000e+00
 128.519528     13.255    12.5713  32.744494    27.5932     13.136  273.94540  274.07923    47.9490    12.1662 -9.990e-29
 128.519531     13.271    12.5710  32.744494    27.5933     13.152  273.94666  274.08047    47.9334    12.1258 -9.990e-29
 128.519534     13.293    12.5709  32.744611    27.5934     13.174  273.94678  274.08058    48.1047    12.0692 -9.990e-29
 128.519537     13.309    12.5707  32.745311    27.5942     13.190  273.94648  274.08025    47.9646    12.1177 -9.990e-29
 128.519540     13.327    12.5704  32.744495    27.5937     13.208  273.94919  274.08296    46.3148    11.4383 -9.990e-29
 128.519543     13.347    12.5703  32.744728    27.5936     13.228  273.94941  274.08317    46.4082    11.4343 -9.990e-29
 128.519546     13.373    12.5702  32.744261    27.5935     13.253  273.95058  274.08433    46.2214    11.4464 0.0000e+00
 128.519549     13.400    12.5702  32.744086    27.5934     13.280  273.95091  274.08466    46.3770    11.4707 0.0000e+00
 128.519552     13.449    12.5701  32.743503    27.5934     13.329  273.95229  274.08605    46.3459    11.5597 0.0000e+00
 128.519554     13.481    12.5700  32.744612    27.5940     13.360  273.95096  274.08470    45.9412    11.5718 0.0000e+00
