Processed/SBE19plus_01907321_2022_05_11_Cast122_wfilter.cnv
* Sea-Bird SBE19plus  Data File:
* FileName = E:\Prandtl_Daten\2022\CTD\Raw\SBE19plus_01907321_2022_05_11_Cast122.hex
* Software version 2.6.1.12
* Temperature SN = 7321
* Conductivity SN = 7321
* System UpLoad Time = May 11 2022 07:43:47
* <ApplicationData>
* <Seaterm232>
** Messpraktikum 2022
** CTD 10.05  BM
** NMEA Latitude = 54 07.80N
** NMEA Longitude = 008 47.51E
# nquan = 11
# nvalues = 756                         
# units = specified
# name 0 = timeJ: Julian Days
# name 1 = prdM: Pressure, Strain Gauge [db]
# name 2 = tv290C: Temperature [ITS-90, deg C]
# name 3 = c0mS/cm: Conductivity [mS/cm]
# name 4 = sal00: Salinity, Practical [PSU]
# name 5 = depSM: Depth [salt water, m], lat = 54.00
# name 6 = oxsatMm/Kg: Oxygen Saturation, Weiss [umol/kg]
# name 7 = oxsolMm/Kg: Oxygen Saturation, Garcia & Gordon [umol/kg]
# name 8 = turbWETntu0: Turbidity, WET Labs ECO [NTU]
# name 9 = flECO-AFL: Fluorescence, WET Labs ECO-AFL/FL [mg/m^3]
# name 10 = flag:  0.000e+00
# span 0 = 131.316021, 131.318206       
# span 1 =      0.500,     17.105       
# span 2 =    13.5583,    13.5664       
# span 3 =  32.806030,  32.952618       
# span 4 =    26.9452,    27.0716       
# span 5 =      0.495,     16.952       
# span 6 =  269.28656,  269.54229       
# span 7 =  269.48225,  269.73869       
# span 8 =    -1.0160,     2.8595       
# span 9 =     1.9034,     3.0478       
# span 10 = 0.0000e+00, 0.0000e+00      
# interval = seconds: 0.25
# start_time = May 11 2022 07:33:43 [Instrument's time stamp, header]
# bad_flag = -9.990e-29
*END*
[from data line 263]
 131.316782      6.345    13.5619  32.875253    27.0042      6.288  269.41658  269.61259     0.2292     2.3563 -9.990e-29
 131.316785      6.367    13.5621  32.876012    27.0048      6.310  269.41468  269.61069     0.3692     2.4089 -9.990e-29
 131.316788      6.389    13.5621  32.876889    27.0056      6.332  269.41320  269.60920     0.0580     2.3563 -9.990e-29
 131.316791      6.413    13.5621  32.877123    27.0058      6.356  269.41282  269.60882     0.0580     2.3159 -9.990e-29
 131.316794      6.428    13.5623  32.877006    27.0055      6.370  269.41208  269.60810     0.1513     2.3118 -9.990e-29
 131.316797      6.448    13.5621  32.878992    27.0075      6.390  269.40966  269.60565     0.0891     2.3280 -9.990e-29
 131.316800      6.457    13.5622  32.879401    27.0078      6.399  269.40834  269.60433     0.8206     2.6475 -9.990e-29
 131.316803      6.473    13.5622  32.879577    27.0079      6.415  269.40806  269.60404     0.9607     2.6596 -9.990e-29
 131.316806      6.492    13.5624  32.879577    27.0085      6.434  269.40744  269.60344     0.8517     2.6434 -9.990e-29
 131.316808      6.517    13.5624  32.880395    27.0087      6.459  269.40575  269.60174     0.9140     2.6556 0.0000e+00
 131.316811      6.544    13.5625  32.880862    27.0085      6.486  269.40466  269.60065     0.8050     2.6515 0.0000e+00
 131.316814      6.574    13.5624  32.880161    27.0089      6.515  269.40618  269.60218     0.1358     2.3321 0.0000e+00
 131.316817      6.610    13.5625  32.881681    27.0095      6.551  269.40331  269.59930     0.1513     2.3240 0.0000e+00
 131.316820      6.641    13.5626  32.881681    27.0095      6.581  269.40301  269.59901     0.0891     2.2957 0.0000e+00
 131.316823      6.666    13.5625  32.881914    27.0095      6.607  269.40294  269.59893     0.1669     2.3159 -9.990e-29
 131.316826      6.688    13.5627  32.881447    27.0092      6.628  269.40312  269.59912     0.5560     2.5383 -9.990e-29
 131.316829      6.705    13.5627  32.881681    27.0094      6.645  269.40242  269.59843     0.6183     2.5221 -9.990e-29
 131.316832      6.719    13.5627  32.880921    27.0087      6.659  269.40404  269.60004     0.5871     2.5221 -9.990e-29
 131.316834      6.734    13.5627  32.879811    27.0077      6.673  269.40562  269.60164     0.5560     2.5181 -9.990e-29
 131.316837      6.753    13.5627  32.879811    27.0075      6.693  269.40563  269.60165    -0.3934     2.3321 -9.990e-29
 131.316840      6.779    13.5627  32.879578    27.0071      6.718  269.40636  269.60238    -0.5179     2.3078 0.0000e+00
 131.316843      6.810    13.5626  32.878584    27.0070      6.749  269.40838  269.60440    -0.4712     2.3402 0.0000e+00
 131.316846      6.839    13.5626  32.878994    27.0068      6.778  269.40770  269.60372    -0.4868     2.3321 0.0000e+00
 131.316849      6.865    13.5626  32.879578    27.0070      6.803  269.40673  269.60274     0.1825     2.2431 -9.990e-29
 131.316852      6.888    13.5624  32.879987    27.0080      6.827  269.40699  269.60298     0.2136     2.2633 -9.990e-29
 131.316855      6.907    13.5626  32.879578    27.0075      6.845  269.40675  269.60276     0.0424     2.3078 -9.990e-29
 131.316858      6.928    13.5625  32.880221    27.0080      6.866  269.40599  269.60199     0.0580     2.2552 -9.990e-29
 131.316861      6.954    13.5626  32.880162    27.0080      6.892  269.40579  269.60180     0.0268     2.2633 0.0000e+00
 131.316863      6.983    13.5627  32.879987    27.0080      6.921  269.40579  269.60180    -0.2066     2.2067 -9.990e-29
 131.316866      7.007    13.5627  32.879987    27.0077      6.945  269.40549  269.60151    -0.1755     2.1946 -9.990e-29
 131.316869      7.033    13.5625  32.879754    27.0077      6.970  269.40685  269.60285    -0.2378     2.1744 -9.990e-29
 131.316872      7.054    13.5627  32.878585    27.0065      6.991  269.40790  269.60393    -0.1132     2.1865 -9.990e-29
 131.316875      7.074    13.5627  32.879403    27.0072      7.011  269.40684  269.60286    -0.1288     2.2593 -9.990e-29
 131.316878      7.091    13.5626  32.879170    27.0071      7.028  269.40756  269.60358    -0.1132     2.2795 -9.990e-29
 131.316881      7.109    13.5626  32.878585    27.0065      7.046  269.40857  269.60459    -0.1599     2.2431 -9.990e-29
 131.316884      7.131    13.5627  32.879579    27.0074      7.067  269.40658  269.60259    -0.1755     2.2835 -9.990e-29
 131.316887      7.155    13.5627  32.879345    27.0074      7.091  269.40699  269.60301     0.0268     2.5100 -9.990e-29
 131.316889      7.181    13.5627  32.879579    27.0074      7.116  269.40661  269.60262     0.0891     2.5383 0.0000e+00
 131.316892      7.212    13.5625  32.880397    27.0074      7.147  269.40586  269.60187     0.0891     2.5302 -9.990e-29
 131.316895      7.236    13.5627  32.881507    27.0090      7.171  269.40305  269.59905     0.0891     2.5221 -9.990e-29
 131.316898      7.259    13.5628  32.882092    27.0095      7.194  269.40176  269.59776     0.5249     2.5302 -9.990e-29
 131.316901      7.283    13.5628  32.883552    27.0108      7.218  269.39929  269.59528     0.5560     2.5342 -9.990e-29
 131.316904      7.299    13.5629  32.885072    27.0122      7.234  269.39640  269.59239     0.5871     2.5140 -9.990e-29
 131.316907      7.317    13.5628  32.883552    27.0108      7.252  269.39931  269.59530     0.4938     2.5140 -9.990e-29
 131.316910      7.332    13.5629  32.884780    27.0119      7.266  269.39692  269.59291     0.4626     2.4979 -9.990e-29
 131.316913      7.344    13.5627  32.884663    27.0119      7.279  269.39807  269.59404     0.3848     2.3968 -9.990e-29
 131.316916      7.364    13.5628  32.884955    27.0121      7.298  269.39695  269.59294     0.3848     2.4049 -9.990e-29
 131.316918      7.384    13.5628  32.885189    27.0119      7.318  269.39657  269.59255     0.4626     2.3685 -9.990e-29
 131.316921      7.410    13.5628  32.884780    27.0121      7.344  269.39728  269.59326     0.4004     2.4089 0.0000e+00
 131.316924      7.436    13.5628  32.885306    27.0122      7.369  269.39640  269.59238     0.3226     2.3442 0.0000e+00
 131.316927      7.461    13.5630  32.885189    27.0122      7.394  269.39599  269.59198     0.3537     2.3240 0.0000e+00
 131.316930      7.488    13.5630  32.883962    27.0116      7.421  269.39809  269.59409     0.3537     2.3361 0.0000e+00
 131.316933      7.515    13.5630  32.885657    27.0110      7.448  269.39523  269.59121     0.3226     2.3280 -9.990e-29
 131.316936      7.539    13.5630  32.885832    27.0127      7.471  269.39494  269.59093    -0.2378     2.3199 -9.990e-29
 131.316939      7.561    13.5629  32.887643    27.0144      7.493  269.39219  269.58816    -0.1444     2.3361 -9.990e-29
 131.316942      7.581    13.5630  32.888228    27.0148      7.513  269.39058  269.58655    -0.0821     2.3240 -9.990e-29
 131.316944      7.599    13.5630  32.888053    27.0147      7.531  269.39121  269.58717    -0.2066     2.3402 -9.990e-29
 131.316947      7.616    13.5632  32.888929    27.0154      7.547  269.38878  269.58475    -0.3778     2.4129 -9.990e-29
 131.316950      7.637    13.5631  32.889397    27.0158      7.569  269.38832  269.58428    -0.3778     2.3806 -9.990e-29
 131.316953      7.652    13.5633  32.889747    27.0160      7.583  269.38710  269.58307    -0.3778     2.4049 -9.990e-29
 131.316956      7.675    13.5631  32.889514    27.0167      7.607  269.38814  269.58410    -0.5024     2.3968 -9.990e-29
 131.316959      7.703    13.5632  32.890390    27.0168      7.634  269.38635  269.58231    -0.3623     2.3968 0.0000e+00
 131.316962      7.730    13.5633  32.890566    27.0168      7.661  269.38576  269.58172     1.3965     2.5868 0.0000e+00
 131.316965      7.758    13.5633  32.890799    27.0168      7.688  269.38506  269.58103     1.3031     2.6030 -9.990e-29
 131.316968      7.778    13.5633  32.891618    27.0177      7.709  269.38400  269.57995     1.3965     2.6070 -9.990e-29
 131.316970      7.798    13.5633  32.891793    27.0178      7.728  269.38340  269.57936     1.3031     2.5747 -9.990e-29
 131.316973      7.819    13.5634  32.892845    27.0187      7.749  269.38131  269.57726     0.8206     2.5989 -9.990e-29
 131.316976      7.831    13.5635  32.892787    27.0186      7.761  269.38110  269.57706     0.8206     2.5747 -9.990e-29
 131.316979      7.846    13.5634  32.894306    27.0200      7.776  269.37884  269.57478     0.8362     2.5828 -9.990e-29
 131.316982      7.857    13.5633  32.893020    27.0189      7.787  269.38166  269.57761     0.7895     2.5868 -9.990e-29
 131.316985      7.868    13.5633  32.894715    27.0204      7.798  269.37848  269.57441     0.0580     2.5140 -9.990e-29
 131.316988      7.883    13.5634  32.894365    27.0200      7.812  269.37877  269.57471     0.1202     2.5221 -9.990e-29
 131.316991      7.896    13.5634  32.895300    27.0216      7.825  269.37719  269.57312     0.0891     2.5342 -9.990e-29
 131.316994      7.925    13.5633  32.895942    27.0216      7.854  269.37674  269.57266     0.1047     2.5221 0.0000e+00
 131.316997      7.950    13.5633  32.895943    27.0216      7.879  269.37675  269.57267    -0.2845     2.4453 0.0000e+00
 131.316999      7.987    13.5634  32.896995    27.0224      7.916  269.37436  269.57028    -0.2066     2.4534 0.0000e+00
 131.317002      8.016    13.5634  32.899858    27.0250      7.945  269.36951  269.56541    -0.1132     2.4695 0.0000e+00
 131.317005      8.044    13.5634  32.901261    27.0256      7.972  269.36714  269.56303    -0.2066     2.4412 0.0000e+00
 131.317008      8.077    13.5635  32.901553    27.0263      8.004  269.36635  269.56224    -0.2066     2.4453 -9.990e-29
 131.317011      8.098    13.5635  32.900910    27.0259      8.026  269.36746  269.56335    -0.4712     2.6111 -9.990e-29
 131.317014      8.122    13.5635  32.899859    27.0249      8.049  269.36926  269.56516    -0.4557     2.5828 -9.990e-29
 131.317017      8.144    13.5634  32.899859    27.0250      8.071  269.36959  269.56549    -0.4712     2.5706 -9.990e-29
 131.317020      8.160    13.5635  32.900092    27.0251      8.087  269.36857  269.56448    -0.4712     2.5868 -9.990e-29
 131.317023      8.176    13.5636  32.899450    27.0244      8.103  269.36936  269.56528     0.8206     2.6030 -9.990e-29
 131.317025      8.187    13.5635  32.900911    27.0258      8.114  269.36720  269.56310     0.7272     2.5787 -9.990e-29
 131.317028      8.204    13.5636  32.900911    27.0257      8.130  269.36690  269.56280     0.6961     2.5747 -9.990e-29
 131.317031      8.220    13.5635  32.900443    27.0254      8.146  269.36802  269.56392     0.8517     2.6030 -9.990e-29
 131.317034      8.243    13.5636  32.900736    27.0253      8.169  269.36722  269.56312     1.8478     2.4453 -9.990e-29
 131.317037      8.269    13.5636  32.900502    27.0257      8.195  269.36763  269.56354     1.8945     2.4372 0.0000e+00
 131.317040      8.298    13.5635  32.901262    27.0261      8.224  269.36667  269.56257     1.8634     2.4615 0.0000e+00
 131.317043      8.325    13.5635  32.902781    27.0268      8.251  269.36442  269.56030     1.8167     2.4615 0.0000e+00
 131.317046      8.353    13.5635  32.904652    27.0275      8.278  269.36126  269.55712    -0.2066     2.8254 -9.990e-29
 131.317049      8.375    13.5635  32.907165    27.0314      8.300  269.35669  269.55253    -0.1288     2.8456 -9.990e-29
 131.317052      8.394    13.5635  32.908568    27.0327      8.319  269.35431  269.55015    -0.0821     2.8416 -9.990e-29
 131.317054      8.414    13.5636  32.910672    27.0345      8.339  269.35044  269.54625    -0.1911     2.8294 -9.990e-29
 131.317057      8.429    13.5637  32.911490    27.0352      8.354  269.34874  269.54456    -0.2066     2.8133 -9.990e-29
 131.317060      8.442    13.5638  32.912952    27.0365      8.366  269.34595  269.54176    -0.2845     2.5181 -9.990e-29
 131.317063      8.462    13.5638  32.914179    27.0376      8.386  269.34388  269.53967    -0.4401     2.5302 -9.990e-29
 131.317066      8.477    13.5638  32.914822    27.0382      8.401  269.34279  269.53858    -0.4712     2.4898 -9.990e-29
 131.317069      8.491    13.5639  32.916634    27.0397      8.415  269.33909  269.53488    -0.2378     2.5181 -9.990e-29
 131.317072      8.513    13.5638  32.917686    27.0406      8.437  269.33763  269.53341     0.0580     2.7041 -9.990e-29
 131.317075      8.546    13.5638  32.917511    27.0409      8.469  269.33795  269.53373     0.0580     2.7324 0.0000e+00
 131.317078      8.573    13.5638  32.918213    27.0406      8.496  269.33677  269.53254     0.1669     2.7203 0.0000e+00
 131.317080      8.612    13.5639  32.917687    27.0410      8.534  269.33738  269.53316     0.1513     2.7000 0.0000e+00
 131.317083      8.641    13.5639  32.918096    27.0410      8.563  269.33670  269.53248    -0.1755     2.5181 0.0000e+00
 131.317086      8.670    13.5638  32.918213    27.0410      8.592  269.33683  269.53260    -0.1755     2.5383 0.0000e+00
 131.317089      8.695    13.5640  32.917278    27.0411      8.617  269.33781  269.53360    -0.0977     2.5221 -9.990e-29
 131.317092      8.717    13.5640  32.917278    27.0402      8.639  269.33782  269.53361    -0.2222     2.5504 -9.990e-29
 131.317095      8.735    13.5638  32.917453    27.0405      8.657  269.33848  269.53425    -0.4557     2.5747 -9.990e-29
 131.317098      8.753    13.5640  32.918096    27.0409      8.675  269.33646  269.53224    -0.3934     2.5747 -9.990e-29
 131.317101      8.770    13.5641  32.918096    27.0409      8.692  269.33615  269.53194    -0.4712     2.5989 -9.990e-29
 131.317104      8.783    13.5641  32.918213    27.0410      8.704  269.33596  269.53175    -0.4401     2.6030 -9.990e-29
 131.317106      8.801    13.5640  32.917512    27.0404      8.722  269.33748  269.53326    -0.5024     2.5585 -9.990e-29
 131.317109      8.819    13.5641  32.918506    27.0412      8.740  269.33517  269.53096     0.4159     2.5221 -9.990e-29
 131.317112      8.841    13.5640  32.918038    27.0408      8.762  269.33661  269.53239     0.2759     2.5302 -9.990e-29
 131.317115      8.866    13.5641  32.919149    27.0418      8.787  269.33442  269.53020     0.2759     2.5302 -9.990e-29
 131.317118      8.888    13.5640  32.918506    27.0412      8.809  269.33584  269.53162     0.3226     2.5181 -9.990e-29
 131.317121      8.914    13.5642  32.919617    27.0421      8.834  269.33303  269.52881    -0.3467     2.5302 -9.990e-29
 131.317124      8.936    13.5643  32.920377    27.0427      8.856  269.33144  269.52722    -0.3778     2.5262 -9.990e-29
 131.317127      8.954    13.5643  32.920786    27.0431      8.874  269.33075  269.52653    -0.3778     2.4898 -9.990e-29
 131.317130      8.978    13.5644  32.920961    27.0431      8.898  269.32984  269.52563    -0.3156     2.5059 -9.990e-29
 131.317133      8.996    13.5643  32.920786    27.0431      8.916  269.33078  269.52656     0.0891     2.4534 -9.990e-29
 131.317135      9.017    13.5644  32.921195    27.0434      8.936  269.32978  269.52556     0.0891     2.4291 -9.990e-29
 131.317138      9.029    13.5643  32.920962    27.0432      8.948  269.33050  269.52628     0.1202     2.4372 -9.990e-29
 131.317141      9.047    13.5642  32.920786    27.0431      8.966  269.33112  269.52690     0.1513     2.4291 -9.990e-29
 131.317144      9.064    13.5644  32.921663    27.0444      8.983  269.32870  269.52448     0.5871     2.5747 -9.990e-29
 131.317147      9.093    13.5644  32.922365    27.0442      9.011  269.32784  269.52361     0.5871     2.5747 0.0000e+00
 131.317150      9.120    13.5644  32.922072    27.0444      9.039  269.32804  269.52382     0.6183     2.5949 0.0000e+00
 131.317153      9.149    13.5644  32.923476    27.0454      9.067  269.32568  269.52144     0.5560     2.5666 0.0000e+00
 131.317156      9.181    13.5644  32.923943    27.0457      9.098  269.32490  269.52066     0.5405     2.5828 0.0000e+00
