Processed/SBE19plus_01907321_2022_05_10_Cast107_wfilter.cnv
* Sea-Bird SBE19plus  Data File:
* FileName = E:\Prandtl_Daten\2022\CTD\Raw\SBE19plus_01907321_2022_05_09_Cast107.hex
* Software version 2.6.1.12
* Temperature SN = 7321
* Conductivity SN = 7321
* System UpLoad Time = May 10 2022 08:20:34
* <ApplicationData>
* <Seaterm232>
** Messpraktikum 2022
** CTD 09.05  BE
** NMEA Latitude = 54 07 547N
** NMEA Longitude = 008 51 781E
# nquan = 11
# nvalues = 625                         
# units = specified
# name 0 = timeJ: Julian Days
# name 1 = prdM: Pressure, Strain Gauge [db]
# name 2 = tv290C: Temperature [ITS-90, deg C]
# name 3 = c0mS/cm: Conductivity [mS/cm]
# name 4 = sal00: Salinity, Practical [PSU]
# name 5 = depSM: Depth [salt water, m], lat = 54.00
# name 6 = oxsatMm/Kg: Oxygen Saturation, Weiss [umol/kg]
# name 7 = oxsolMm/Kg: Oxygen Saturation, Garcia & Gordon [umol/kg]
# name 8 = turbWETntu0: Turbidity, WET Labs ECO [NTU]
# name 9 = flECO-AFL: Fluorescence, WET Labs ECO-AFL/FL [mg/m^3]
# name 10 = flag:  0.000e+00
# span 0 = 130.342222, 130.344028       
# span 1 =      0.504,     15.685       
# span 2 =    13.7491,    13.8342       
# span 3 =  33.011293,  33.122764       
# span 4 =    26.9826,    27.0719       
# span 5 =      0.499,     15.544       
# span 6 =  267.84177,  268.30554       
# span 7 =  268.05215,  268.51289       
# span 8 =     4.2136,    13.1786       
# span 9 =     3.1934,     4.8068       
# span 10 = 0.0000e+00, 0.0000e+00      
# interval = seconds: 0.25
# start_time = May 10 2022 08:11:37 [Instrument's time stamp, header]
# bad_flag = -9.990e-29
*END*
[from data line 263]
 130.342983      6.846    13.7657  33.087992    27.0534      6.785  268.18816  268.39473     5.3809     3.6746 0.0000e+00
 130.342986      6.881    13.7661  33.089515    27.0540      6.819  268.18374  268.39032     5.1008     3.6543 0.0000e+00
 130.342989      6.914    13.7667  33.089515    27.0545      6.852  268.18125  268.38787     5.0074     3.6503 0.0000e+00
 130.342992      6.943    13.7667  33.090394    27.0544      6.881  268.17979  268.38640     5.0385     3.6746 0.0000e+00
 130.342995      6.968    13.7668  33.091624    27.0548      6.906  268.17742  268.38403     5.0385     3.6665 -9.990e-29
 130.342998      6.988    13.7669  33.091390    27.0556      6.926  268.17751  268.38413     4.7584     3.6665 -9.990e-29
 130.343001      7.005    13.7665  33.091390    27.0559      6.942  268.17909  268.38568     4.7584     3.6665 -9.990e-29
 130.343003      7.019    13.7661  33.092034    27.0567      6.957  268.17958  268.38615     4.8050     3.6826 -9.990e-29
 130.343006      7.030    13.7653  33.092796    27.0580      6.968  268.18176  268.38827     4.7895     3.6746 -9.990e-29
 130.343009      7.047    13.7644  33.093265    27.0590      6.984  268.18475  268.39120     4.7895     3.6746 -9.990e-29
 130.343012      7.069    13.7642  33.094788    27.0605      7.005  268.18314  268.38956     4.9918     3.6584 -9.990e-29
 130.343015      7.092    13.7643  33.095608    27.0616      7.029  268.18115  268.38757     5.0541     3.6746 -9.990e-29
 130.343018      7.120    13.7645  33.096194    27.0617      7.056  268.17955  268.38598     5.0852     3.6462 0.0000e+00
 130.343021      7.147    13.7648  33.096721    27.0618      7.083  268.17742  268.38387     4.9918     3.6422 0.0000e+00
 130.343024      7.173    13.7647  33.097483    27.0626      7.109  268.17647  268.38291     5.0074     3.7190 0.0000e+00
 130.343027      7.200    13.7650  33.098713    27.0635      7.136  268.17316  268.37961     5.1163     3.7433 0.0000e+00
 130.343030      7.231    13.7655  33.099709    27.0636      7.167  268.16931  268.37578     5.0229     3.7271 0.0000e+00
 130.343032      7.266    13.7661  33.099767    27.0637      7.201  268.16673  268.37323     4.9607     3.7190 0.0000e+00
 130.343035      7.295    13.7660  33.099768    27.0636      7.230  268.16706  268.37356     5.8945     3.7231 0.0000e+00
 130.343038      7.322    13.7657  33.099299    27.0635      7.257  268.16912  268.37560     5.7389     3.7433 0.0000e+00
 130.343041      7.348    13.7650  33.098479    27.0634      7.282  268.17365  268.38010     5.8478     3.7352 -9.990e-29
 130.343044      7.368    13.7643  33.099124    27.0643      7.302  268.17540  268.38180     5.8012     3.7312 -9.990e-29
 130.343047      7.384    13.7637  33.099358    27.0649      7.318  268.17784  268.38420     5.0229     3.6907 -9.990e-29
 130.343050      7.401    13.7636  33.099358    27.0650      7.335  268.17816  268.38452     5.0074     3.6705 -9.990e-29
 130.343053      7.419    13.7636  33.099534    27.0651      7.353  268.17788  268.38423     4.9918     3.6624 -9.990e-29
 130.343056      7.435    13.7638  33.099944    27.0651      7.369  268.17626  268.38262     5.0852     3.6665 -9.990e-29
 130.343058      7.464    13.7646  33.100354    27.0646      7.398  268.17213  268.37854     4.9607     3.6665 0.0000e+00
 130.343061      7.492    13.7652  33.099710    27.0641      7.425  268.17073  268.37718     4.5405     3.7473 0.0000e+00
 130.343064      7.523    13.7653  33.099124    27.0639      7.455  268.17142  268.37788     4.6183     3.7109 0.0000e+00
 130.343067      7.554    13.7649  33.099300    27.0638      7.486  268.17271  268.37914     4.5560     3.7514 0.0000e+00
 130.343070      7.583    13.7649  33.099124    27.0639      7.515  268.17334  268.37977     4.4004     3.7635 0.0000e+00
 130.343073      7.614    13.7649  33.099124    27.0638      7.546  268.17335  268.37979     4.8050     3.5937 -9.990e-29
 130.343076      7.638    13.7646  33.098539    27.0634      7.569  268.17530  268.38172     4.8673     3.6099 -9.990e-29
 130.343079      7.659    13.7641  33.098304    27.0636      7.591  268.17790  268.38429     4.7895     3.6179 -9.990e-29
 130.343082      7.676    13.7636  33.098715    27.0643      7.607  268.17941  268.38578     4.7739     3.6099 -9.990e-29
 130.343084      7.689    13.7637  33.098129    27.0637      7.620  268.18009  268.38646     5.1008     3.6584 -9.990e-29
 130.343087      7.701    13.7637  33.098480    27.0640      7.632  268.17951  268.38588     5.0852     3.6867 -9.990e-29
 130.343090      7.721    13.7635  33.098363    27.0641      7.652  268.18066  268.38702     5.0541     3.6665 -9.990e-29
 130.343093      7.749    13.7633  33.098070    27.0639      7.680  268.18180  268.38815     5.0852     3.6705 -9.990e-29
 130.343096      7.773    13.7632  33.098481    27.0643      7.703  268.18175  268.38809     5.1163     3.6099 -9.990e-29
 130.343099      7.800    13.7636  33.098715    27.0641      7.730  268.17949  268.38585     5.0541     3.6058 0.0000e+00
 130.343102      7.833    13.7642  33.098949    27.0640      7.763  268.17661  268.38300     5.0541     3.5896 0.0000e+00
 130.343105      7.862    13.7649  33.099359    27.0639      7.792  268.17280  268.37923     5.1008     3.6220 0.0000e+00
 130.343108      7.895    13.7656  33.097133    27.0614      7.824  268.17374  268.38024     4.9918     3.6139 0.0000e+00
 130.343111      7.920    13.7655  33.096196    27.0610      7.850  268.17565  268.38214     4.5716     3.7029 0.0000e+00
 130.343113      7.950    13.7652  33.096724    27.0606      7.878  268.17603  268.38251     4.4782     3.7352 -9.990e-29
 130.343116      7.970    13.7656  33.095786    27.0601      7.898  268.17605  268.38256     4.5249     3.7312 -9.990e-29
 130.343119      7.991    13.7657  33.095142    27.0595      7.920  268.17684  268.38335     4.5560     3.7271 -9.990e-29
 130.343122      8.015    13.7655  33.095962    27.0603      7.943  268.17610  268.38260     5.3031     3.5209 -9.990e-29
 130.343125      8.031    13.7656  33.097251    27.0614      7.960  268.17363  268.38012     5.3809     3.5532 -9.990e-29
 130.343128      8.053    13.7661  33.097251    27.0611      7.981  268.17145  268.37797     5.3031     3.5532 -9.990e-29
 130.343131      8.073    13.7667  33.096724    27.0602      8.001  268.16984  268.37640     5.3031     3.5452 -9.990e-29
 130.343134      8.095    13.7666  33.097251    27.0608      8.023  268.16959  268.37614     6.0502     3.7190 -9.990e-29
 130.343137      8.124    13.7657  33.097368    27.0615      8.052  268.17317  268.37967     6.0502     3.7554 -9.990e-29
 130.343139      8.148    13.7652  33.097251    27.0617      8.075  268.17527  268.38174     5.9879     3.7109 -9.990e-29
 130.343142      8.172    13.7643  33.098482    27.0634      8.099  268.17698  268.38338     6.0035     3.7352 -9.990e-29
 130.343145      8.195    13.7643  33.099302    27.0644      8.122  268.17592  268.38232     4.5716     3.7554 -9.990e-29
 130.343148      8.223    13.7648  33.099946    27.0643      8.149  268.17266  268.37908     4.5560     3.7190 0.0000e+00
 130.343151      8.252    13.7655  33.100181    27.0643      8.178  268.16946  268.37592     4.4938     3.7109 0.0000e+00
 130.343154      8.279    13.7661  33.099302    27.0641      8.205  268.16813  268.37464     4.5249     3.7231 -9.990e-29
 130.343157      8.301    13.7662  33.099771    27.0632      8.227  268.16704  268.37355     4.5249     3.7635 -9.990e-29
 130.343160      8.321    13.7658  33.099126    27.0629      8.247  268.16971  268.37620     5.5210     3.7918 -9.990e-29
 130.343163      8.343    13.7655  33.099127    27.0640      8.268  268.17129  268.37776     5.6766     3.7959 -9.990e-29
 130.343166      8.368    13.7650  33.099771    27.0640      8.293  268.17210  268.37854     5.5521     3.8201 0.0000e+00
 130.343168      8.396    13.7649  33.098717    27.0640      8.321  268.17452  268.38096     5.5521     3.7959 -9.990e-29
 130.343171      8.421    13.7646  33.098307    27.0628      8.346  268.17648  268.38291     4.6027     3.8646 -9.990e-29
 130.343174      8.454    13.7641  33.097663    27.0629      8.378  268.17978  268.38618     4.5405     3.8565 0.0000e+00
 130.343177      8.483    13.7634  33.097370    27.0630      8.407  268.18312  268.38948     4.6183     3.8565 0.0000e+00
 130.343180      8.509    13.7627  33.097487    27.0635      8.433  268.18576  268.39208     4.5249     3.8565 0.0000e+00
 130.343183      8.540    13.7622  33.097370    27.0635      8.463  268.18817  268.39446     5.0074     3.7109 0.0000e+00
 130.343186      8.567    13.7621  33.096843    27.0638      8.491  268.18939  268.39568     5.0541     3.7271 0.0000e+00
 130.343189      8.593    13.7619  33.097487    27.0637      8.516  268.18926  268.39553     5.0385     3.7433 0.0000e+00
 130.343192      8.618    13.7621  33.097546    27.0641      8.541  268.18824  268.39452     5.1163     3.7352 -9.990e-29
 130.343194      8.638    13.7626  33.097488    27.0636      8.561  268.18646  268.39278     5.5833     3.8201 -9.990e-29
 130.343197      8.658    13.7629  33.097663    27.0635      8.581  268.18461  268.39095     5.5366     3.7918 -9.990e-29
 130.343200      8.678    13.7633  33.096726    27.0624      8.601  268.18463  268.39100     5.5366     3.7959 -9.990e-29
 130.343203      8.697    13.7635  33.096609    27.0622      8.619  268.18421  268.39059     5.5366     3.8039 -9.990e-29
 130.343206      8.719    13.7635  33.095789    27.0614      8.641  268.18561  268.39199     5.5521     3.8120 -9.990e-29
 130.343209      8.737    13.7634  33.095145    27.0625      8.659  268.18702  268.39340     5.2875     3.6584 -9.990e-29
 130.343212      8.764    13.7632  33.096844    27.0625      8.686  268.18480  268.39116     5.2720     3.6786 0.0000e+00
 130.343215      8.793    13.7636  33.097136    27.0625      8.715  268.18276  268.38914     5.3187     3.6746 -9.990e-29
 130.343218      8.817    13.7640  33.097488    27.0625      8.738  268.18061  268.38701     5.2097     3.6948 -9.990e-29
 130.343220      8.844    13.7648  33.098074    27.0625      8.765  268.17619  268.38264     5.3031     3.7150 -9.990e-29
 130.343223      8.868    13.7654  33.098132    27.0618      8.789  268.17360  268.38008     5.2097     3.7190 -9.990e-29
 130.343226      8.895    13.7655  33.097898    27.0618      8.816  268.17370  268.38018     5.3187     3.7029 0.0000e+00
 130.343229      8.923    13.7653  33.099773    27.0618      8.843  268.17119  268.37765     5.2253     3.7716 -9.990e-29
 130.343232      8.945    13.7663  33.099304    27.0625      8.865  268.16791  268.37443     5.2564     3.9333 -9.990e-29
 130.343235      8.967    13.7667  33.098074    27.0611      8.886  268.16811  268.37467     5.3965     3.9374 -9.990e-29
 130.343238      8.988    13.7660  33.098367    27.0619      8.908  268.17077  268.37728     5.3187     3.9455 -9.990e-29
 130.343241      9.010    13.7651  33.098484    27.0626      8.930  268.17435  268.38081     5.3187     3.8929 -9.990e-29
 130.343244      9.036    13.7644  33.098953    27.0635      8.955  268.17640  268.38281     5.1163     3.5937 -9.990e-29
 130.343247      9.060    13.7640  33.098953    27.0641      8.978  268.17830  268.38468     5.1008     3.6139 -9.990e-29
 130.343249      9.085    13.7635  33.098953    27.0643      9.004  268.18020  268.38655     4.9918     3.5977 0.0000e+00
 130.343252      9.118    13.7630  33.099129    27.0644      9.036  268.18212  268.38844     4.9918     3.6260 0.0000e+00
 130.343255      9.147    13.7626  33.098544    27.0645      9.065  268.18500  268.39131     5.1319     3.6139 0.0000e+00
 130.343258      9.174    13.7618  33.098075    27.0644      9.092  268.18894  268.39521     5.9724     3.8039 -9.990e-29
 130.343261      9.196    13.7614  33.098954    27.0656      9.114  268.18936  268.39559     5.9879     3.8323 -9.990e-29
 130.343264      9.218    13.7615  33.099130    27.0657      9.136  268.18876  268.39500     6.0346     3.8039 -9.990e-29
 130.343267      9.240    13.7616  33.098075    27.0646      9.157  268.18992  268.39618     6.0502     3.7959 -9.990e-29
 130.343270      9.260    13.7617  33.100536    27.0668      9.177  268.18548  268.39172     5.2875     3.7271 -9.990e-29
 130.343273      9.278    13.7624  33.099950    27.0657      9.195  268.18334  268.38963     5.3965     3.7514 -9.990e-29
 130.343275      9.295    13.7629  33.099950    27.0653      9.212  268.18116  268.38747     5.4587     3.7433 -9.990e-29
 130.343278      9.311    13.7628  33.099540    27.0651      9.228  268.18248  268.38880     5.2875     3.7635 -9.990e-29
 130.343281      9.331    13.7626  33.099950    27.0656      9.248  268.18275  268.38904     5.0074     3.7352 -9.990e-29
 130.343284      9.357    13.7626  33.099306    27.0649      9.273  268.18353  268.38984     5.0852     3.7635 -9.990e-29
 130.343287      9.380    13.7625  33.099540    27.0653      9.296  268.18378  268.39007     5.1008     3.7433 -9.990e-29
 130.343290      9.404    13.7621  33.100185    27.0660      9.320  268.18428  268.39055     5.0852     3.7150 -9.990e-29
 130.343293      9.429    13.7624  33.100302    27.0660      9.345  268.18316  268.38944     6.0657     3.6826 0.0000e+00
 130.343296      9.459    13.7623  33.100361    27.0660      9.374  268.18339  268.38966     6.0969     3.6139 -9.990e-29
 130.343299      9.477    13.7626  33.100595    27.0660      9.392  268.18175  268.38804     6.0502     3.5977 -9.990e-29
 130.343302      9.506    13.7624  33.100302    27.0660      9.421  268.18289  268.38917     5.9879     3.6260 0.0000e+00
 130.343304      9.533    13.7624  33.101240    27.0660      9.448  268.18164  268.38791     6.0191     3.6220 -9.990e-29
 130.343307      9.557    13.7623  33.101708    27.0673      9.472  268.18118  268.38745     5.2875     3.6179 -9.990e-29
 130.343310      9.579    13.7626  33.100361    27.0658      9.493  268.18190  268.38819     5.3498     3.5896 -9.990e-29
 130.343313      9.597    13.7619  33.100185    27.0662      9.511  268.18534  268.39159     5.3187     3.6139 -9.990e-29
 130.343316      9.617    13.7606  33.100127    27.0671      9.531  268.19109  268.39727     5.3342     3.5896 -9.990e-29
 130.343319      9.636    13.7595  33.101006    27.0687      9.549  268.19402  268.40012     4.3848     3.7271 -9.990e-29
 130.343322      9.661    13.7594  33.101006    27.0681      9.575  268.19466  268.40076     4.2759     3.7029 0.0000e+00
 130.343325      9.690    13.7597  33.099952    27.0677      9.603  268.19520  268.40132     4.3226     3.7271 0.0000e+00
 130.343328      9.719    13.7593  33.099952    27.0675      9.632  268.19678  268.40289     4.2136     3.7433 0.0000e+00
 130.343330      9.748    13.7589  33.099307    27.0677      9.661  268.19977  268.40585     5.5521     3.8646 0.0000e+00
 130.343333      9.779    13.7584  33.099776    27.0682      9.692  268.20119  268.40724     5.7233     3.8929 0.0000e+00
 130.343336      9.805    13.7578  33.101007    27.0698      9.717  268.20165  268.40765     5.6299     3.8565 0.0000e+00
 130.343339      9.834    13.7584  33.102120    27.0698      9.746  268.19728  268.40331     5.5988     3.8565 0.0000e+00
 130.343342      9.860    13.7596  33.101651    27.0696      9.771  268.19276  268.39886     4.5716     3.8363 0.0000e+00
 130.343345      9.889    13.7601  33.102881    27.0690      9.800  268.18851  268.39463     4.5249     3.5977 -9.990e-29
 130.343348      9.909    13.7609  33.102120    27.0685      9.820  268.18635  268.39253     4.4938     3.5896 -9.990e-29
 130.343351      9.931    13.7613  33.101241    27.0674      9.842  268.18628  268.39249     4.5405     3.6220 -9.990e-29
 130.343354      9.953    13.7609  33.101300    27.0678      9.863  268.18807  268.39426     4.4782     3.6301 -9.990e-29
 130.343356      9.976    13.7603  33.102706    27.0695      9.887  268.18823  268.39437     5.4899     3.7231 -9.990e-29
