Processed/SBE19plus_01907321_2022_05_05_Cast38_wfilter.cnv
* Sea-Bird SBE19plus  Data File:
* FileName = E:\Prandtl Daten\2022\CTD\Raw\SBE19plus_01907321_2022_05_05_Cast38.hex
* Software version 2.6.1.12
* Temperature SN = 7321
* Conductivity SN = 7321
* System UpLoad Time = May 05 2022 13:49:22
* <ApplicationData>
* <Seaterm232>
** Messpraktikum 2022
** CTD 05.05 BE
# nquan = 11
# nvalues = 752                         
# units = specified
# name 0 = timeJ: Julian Days
# name 1 = prdM: Pressure, Strain Gauge [db]
# name 2 = tv290C: Temperature [ITS-90, deg C]
# name 3 = c0mS/cm: Conductivity [mS/cm]
# name 4 = sal00: Salinity, Practical [PSU]
# name 5 = depSM: Depth [salt water, m], lat = 54.00
# name 6 = oxsatMm/Kg: Oxygen Saturation, Weiss [umol/kg]
# name 7 = oxsolMm/Kg: Oxygen Saturation, Garcia & Gordon [umol/kg]
# name 8 = turbWETntu0: Turbidity, WET Labs ECO [NTU]
# name 9 = flECO-AFL: Fluorescence, WET Labs ECO-AFL/FL [mg/m^3]
# name 10 = flag:  0.000e+00
# span 0 = 125.570573, 125.572746       
# span 1 =      0.597,     18.336       
# span 2 =    12.2978,    12.4649       
# span 3 =  31.983567,  32.095134       
# span 4 =    27.0587,    27.1402       
# span 5 =      0.592,     18.171       
# span 6 =  275.57479,  276.52846       
# span 7 =  275.70790,  276.65154       
# span 8 =    13.7700,    85.5521       
# span 9 =     5.6802,    14.1557       
# span 10 = 0.0000e+00, 0.0000e+00      
# interval = seconds: 0.25
# start_time = May 05 2022 13:40:23 [Instrument's time stamp, header]
# bad_flag = -9.990e-29
*END*
[from data line 263]
 125.571334      6.631    12.3412  32.037710    27.1025      6.571  276.23093  276.35635    18.2214     6.9014 -9.990e-29
 125.571337      6.647    12.3404  32.036901    27.1023      6.587  276.23619  276.36156    18.2525     6.9337 -9.990e-29
 125.571340      6.662    12.3396  32.035917    27.1020      6.602  276.24145  276.36678    18.3148     6.9459 -9.990e-29
 125.571343      6.683    12.3388  32.035108    27.1018      6.623  276.24672  276.37200    18.0657     6.9256 -9.990e-29
 125.571345      6.709    12.3384  32.034298    27.1013      6.649  276.24978  276.37504    18.9062     6.9297 -9.990e-29
 125.571348      6.731    12.3383  32.033894    27.1005      6.670  276.25115  276.37641    18.6883     6.9256 -9.990e-29
 125.571351      6.758    12.3385  32.033489    27.1003      6.698  276.25096  276.37624    18.9529     6.9014 0.0000e+00
 125.571354      6.784    12.3389  32.033373    27.1001      6.723  276.24961  276.37491    18.7973     6.9459 0.0000e+00
 125.571357      6.811    12.3391  32.032679    27.0997      6.750  276.24993  276.37526    18.6727     6.9256 0.0000e+00
 125.571360      6.836    12.3398  32.031869    27.0993      6.775  276.24826  276.37364    18.6572     7.0389 -9.990e-29
 125.571363      6.860    12.3410  32.031060    27.0963      6.799  276.24406  276.36953    18.6105     7.0591 -9.990e-29
 125.571366      6.882    12.3429  32.030250    27.0942      6.821  276.23701  276.36263    18.3926     7.0995 -9.990e-29
 125.571369      6.904    12.3456  32.031291    27.0933      6.842  276.22347  276.34924    18.5638     7.0995 -9.990e-29
 125.571372      6.922    12.3481  32.031464    27.0916      6.860  276.21180  276.33775    19.0307     7.0631 -9.990e-29
 125.571374      6.939    12.3505  32.031464    27.0899      6.877  276.20108  276.32719    19.1085     7.0106 -9.990e-29
 125.571377      6.952    12.3527  32.030654    27.0875      6.889  276.19245  276.31872    18.9685     7.0469 -9.990e-29
 125.571380      6.973    12.3546  32.031868    27.0874      6.911  276.18206  276.30844    19.2798     6.9742 -9.990e-29
 125.571383      6.999    12.3554  32.032678    27.0880      6.936  276.17683  276.30325    18.2681     7.1036 0.0000e+00
 125.571386      7.028    12.3549  32.033546    27.0886      6.965  276.17749  276.30387    18.2369     7.0753 0.0000e+00
 125.571389      7.054    12.3534  32.034066    27.0902      6.991  276.18351  276.30978    18.3148     7.0874 0.0000e+00
 125.571392      7.081    12.3511  32.035513    27.0917      7.018  276.19133  276.31743    18.3459     7.1238 0.0000e+00
 125.571395      7.112    12.3486  32.037306    27.0932      7.048  276.19915  276.32508    18.2992     7.0833 -9.990e-29
 125.571398      7.136    12.3466  32.038116    27.0988      7.072  276.20654  276.33232    18.2992     6.8852 -9.990e-29
 125.571400      7.163    12.3452  32.038926    27.1006      7.099  276.21141  276.33709    18.2992     6.9216 -9.990e-29
 125.571403      7.187    12.3437  32.039909    27.1026      7.123  276.21627  276.34184    18.3303     6.8165 -9.990e-29
 125.571406      7.211    12.3427  32.043149    27.1063      7.146  276.21485  276.34032    18.1903     6.9014 -9.990e-29
 125.571409      7.229    12.3417  32.047140    27.1108      7.164  276.21238  276.33773    17.7233     6.6062 -9.990e-29
 125.571412      7.245    12.3404  32.051132    27.1154      7.180  276.21085  276.33607    17.4899     6.5415 -9.990e-29
 125.571415      7.263    12.3392  32.055181    27.1201      7.199  276.20890  276.33400    17.4899     6.6305 -9.990e-29
 125.571418      7.276    12.3381  32.056570    27.1222      7.211  276.21144  276.33646    17.5677     6.5941 -9.990e-29
 125.571421      7.298    12.3372  32.057958    27.1241      7.233  276.21273  276.33767    19.1552     6.9014 -9.990e-29
 125.571424      7.326    12.3368  32.060215    27.1265      7.260  276.21056  276.33545    18.8595     6.9176 -9.990e-29
 125.571427      7.347    12.3365  32.061603    27.1298      7.282  276.20932  276.33418    18.9996     6.9539 -9.990e-29
 125.571429      7.373    12.3364  32.063397    27.1300      7.307  276.20673  276.33156    18.8906     6.9256 0.0000e+00
 125.571432      7.400    12.3365  32.064034    27.1298      7.334  276.20528  276.33011    18.7039     6.9095 0.0000e+00
 125.571435      7.429    12.3363  32.062819    27.1293      7.363  276.20813  276.33296    19.0152     6.8933 0.0000e+00
 125.571438      7.457    12.3362  32.062819    27.1292      7.390  276.20846  276.33329    18.7973     6.9297 0.0000e+00
 125.571441      7.482    12.3361  32.064207    27.1293      7.415  276.20659  276.33140    18.9840     6.9782 -9.990e-29
 125.571444      7.504    12.3362  32.064555    27.1309      7.437  276.20535  276.33016    18.7350     6.9135 -9.990e-29
 125.571447      7.526    12.3363  32.063224    27.1296      7.459  276.20746  276.33229    18.9218     6.8852 -9.990e-29
 125.571450      7.541    12.3362  32.062414    27.1289      7.473  276.20956  276.33439    18.9529     6.9135 -9.990e-29
 125.571453      7.555    12.3358  32.061431    27.1283      7.488  276.21324  276.33805    18.6572     6.9742 -9.990e-29
 125.571455      7.574    12.3357  32.062009    27.1289      7.506  276.21253  276.33732    18.8284     6.8892 -9.990e-29
 125.571458      7.594    12.3358  32.062009    27.1283      7.526  276.21222  276.33703    20.0580     7.0106 -9.990e-29
 125.571461      7.621    12.3357  32.061431    27.1285      7.553  276.21360  276.33841    20.2292     7.0065 0.0000e+00
 125.571464      7.647    12.3359  32.062009    27.1287      7.578  276.21163  276.33644    20.2759     7.0065 0.0000e+00
 125.571467      7.674    12.3361  32.062588    27.1291      7.605  276.20965  276.33447    20.1825     7.0429 0.0000e+00
 125.571470      7.703    12.3363  32.063803    27.1296      7.634  276.20653  276.33135    19.5599     6.9661 0.0000e+00
 125.571473      7.729    12.3369  32.063225    27.1301      7.660  276.20507  276.32994    19.2953     7.0429 -9.990e-29
 125.571476      7.753    12.3374  32.060390    27.1261      7.683  276.20800  276.33293    19.3887     6.9580 -9.990e-29
 125.571479      7.782    12.3382  32.057613    27.1229      7.712  276.20926  276.33428    19.5910     7.0227 -9.990e-29
 125.571481      7.805    12.3393  32.057613    27.1221      7.736  276.20423  276.32932    19.7311     6.9459 -9.990e-29
 125.571484      7.824    12.3403  32.056571    27.1204      7.754  276.20202  276.32719    19.4198     6.9661 -9.990e-29
 125.571487      7.842    12.3411  32.056803    27.1200      7.772  276.19783  276.32305    19.5443     6.8529 -9.990e-29
 125.571490      7.857    12.3418  32.056571    27.1193      7.786  276.19511  276.32038    19.5443     6.8973 -9.990e-29
 125.571493      7.875    12.3423  32.056398    27.1188      7.804  276.19322  276.31853    19.3731     6.9176 -9.990e-29
 125.571496      7.895    12.3423  32.055993    27.1184      7.824  276.19397  276.31928    19.7934     6.8812 -9.990e-29
 125.571499      7.915    12.3421  32.055993    27.1191      7.844  276.19493  276.32022    19.6533     6.9580 -9.990e-29
 125.571502      7.940    12.3417  32.056340    27.1195      7.869  276.19590  276.32116    19.6533     6.9499 0.0000e+00
 125.571505      7.973    12.3414  32.056977    27.1195      7.902  276.19634  276.32158    19.5288     6.9216 0.0000e+00
 125.571508      7.999    12.3412  32.057613    27.1199      7.927  276.19584  276.32106    20.7117     7.0995 -9.990e-29
 125.571510      8.022    12.3410  32.057787    27.1212      7.951  276.19649  276.32169    20.6961     7.1076 -9.990e-29
 125.571513      8.050    12.3407  32.057787    27.1214      7.978  276.19808  276.32327    20.5093     7.0874 0.0000e+00
 125.571516      8.077    12.3403  32.057787    27.1214      8.005  276.20000  276.32515    20.6650     7.1359 0.0000e+00
 125.571519      8.104    12.3401  32.057613    27.1215      8.032  276.20127  276.32641    19.7778     7.0510 -9.990e-29
 125.571522      8.126    12.3396  32.057209    27.1214      8.054  276.20391  276.32903    20.0268     7.0672 -9.990e-29
 125.571525      8.143    12.3395  32.055357    27.1197      8.070  276.20790  276.33303    19.9646     7.0389 -9.990e-29
 125.571528      8.159    12.3392  32.054201    27.1188      8.086  276.21127  276.33639    20.1669     7.0469 -9.990e-29
 125.571531      8.176    12.3394  32.053101    27.1177      8.103  276.21232  276.33747    19.1552     6.8650 -9.990e-29
 125.571534      8.192    12.3397  32.052986    27.1173      8.119  276.21128  276.33645    19.0930     6.8933 -9.990e-29
 125.571536      8.212    12.3401  32.053796    27.1179      8.139  276.20825  276.33343    18.9996     6.9095 -9.990e-29
 125.571539      8.239    12.3404  32.054201    27.1174      8.166  276.20596  276.33116    19.0463     6.8812 0.0000e+00
 125.571542      8.265    12.3406  32.053391    27.1170      8.191  276.20650  276.33172    18.8284     6.8326 0.0000e+00
 125.571545      8.294    12.3410  32.052350    27.1164      8.220  276.20651  276.33177    20.1980     7.0833 0.0000e+00
 125.571548      8.325    12.3415  32.052176    27.1157      8.251  276.20463  276.32993    20.0891     7.0955 -9.990e-29
 125.571551      8.349    12.3421  32.052581    27.1152      8.274  276.20139  276.32672    20.3381     7.0591 -9.990e-29
 125.571554      8.373    12.3425  32.053565    27.1158      8.298  276.19773  276.32308    20.2447     7.0389 -9.990e-29
 125.571557      8.402    12.3427  32.055358    27.1173      8.327  276.19356  276.31891    20.1669     7.0186 -9.990e-29
 125.571560      8.420    12.3425  32.056746    27.1187      8.345  276.19201  276.31733    20.4315     6.9539 -9.990e-29
 125.571563      8.444    12.3422  32.059003    27.1210      8.368  276.18921  276.31448    20.2603     7.0469 -9.990e-29
 125.571565      8.458    12.3419  32.061433    27.1236      8.383  276.18640  276.31163    20.0580     6.9661 -9.990e-29
 125.571568      8.471    12.3414  32.062185    27.1246      8.395  276.18726  276.31244    20.8673     7.1723 -9.990e-29
 125.571571      8.491    12.3407  32.064441    27.1272      8.415  276.18634  276.31146    20.8984     7.1804 -9.990e-29
 125.571574      8.515    12.3402  32.066235    27.1293      8.439  276.18532  276.31039    20.9451     7.2047 -9.990e-29
 125.571577      8.539    12.3396  32.068260    27.1316      8.462  276.18451  276.30951    20.8673     7.1966 -9.990e-29
 125.571580      8.562    12.3391  32.068839    27.1335      8.486  276.18569  276.31065    24.1825     7.5403 -9.990e-29
 125.571583      8.591    12.3386  32.069649    27.1339      8.515  276.18614  276.31106    24.3381     7.5160 0.0000e+00
 125.571586      8.619    12.3381  32.070054    27.1339      8.542  276.18763  276.31252    24.3070     7.4715 0.0000e+00
 125.571589      8.650    12.3377  32.072022    27.1343      8.572  276.18598  276.31082    24.1202     7.5524 -9.990e-29
 125.571591      8.670    12.3372  32.071675    27.1357      8.592  276.18883  276.31364    24.1047     7.5322 -9.990e-29
 125.571594      8.697    12.3369  32.070633    27.1357      8.619  276.19200  276.31680    20.9918     7.1197 0.0000e+00
 125.571597      8.725    12.3365  32.070055    27.1357      8.647  276.19495  276.31973    20.8673     7.1076 -9.990e-29
 125.571600      8.745    12.3356  32.069824    27.1358      8.667  276.19949  276.32420    20.9296     7.0833 -9.990e-29
 125.571603      8.763    12.3353  32.069419    27.1357      8.685  276.20181  276.32651    21.0385     7.1157 -9.990e-29
 125.571606      8.778    12.3349  32.070055    27.1366      8.699  276.20224  276.32691    23.5910     7.5807 -9.990e-29
 125.571609      8.796    12.3346  32.071270    27.1379      8.717  276.20132  276.32596    23.9023     7.5888 -9.990e-29
 125.571612      8.814    12.3346  32.072254    27.1388      8.735  276.19955  276.32418    23.7622     7.6333 -9.990e-29
 125.571615      8.836    12.3349  32.072659    27.1390      8.757  276.19757  276.32221    23.5910     7.5848 -9.990e-29
 125.571617      8.867    12.3353  32.072023    27.1381      8.788  276.19685  276.32153    22.4548     7.1602 -9.990e-29
 125.571620      8.887    12.3356  32.071849    27.1384      8.808  276.19592  276.32062    22.6883     7.1885 -9.990e-29
 125.571623      8.917    12.3356  32.072659    27.1385      8.837  276.19447  276.31916    22.4548     7.1400 0.0000e+00
 125.571626      8.944    12.3356  32.072891    27.1386      8.864  276.19407  276.31876    22.3303     7.2289 0.0000e+00
 125.571629      8.970    12.3358  32.073065    27.1386      8.889  276.19314  276.31784    20.4159     6.9337 0.0000e+00
 125.571632      8.997    12.3360  32.072891    27.1387      8.916  276.19253  276.31724    20.0891     6.9337 -9.990e-29
 125.571635      9.020    12.3359  32.072660    27.1382      8.940  276.19328  276.31799    20.1980     6.9297 -9.990e-29
 125.571638      9.041    12.3357  32.072081    27.1378      8.960  276.19528  276.31999    20.4315     6.9014 -9.990e-29
 125.571641      9.057    12.3353  32.071271    27.1373      8.976  276.19865  276.32333    20.1669     6.9459 -9.990e-29
 125.571644      9.075    12.3348  32.069940    27.1365      8.994  276.20328  276.32794    23.9646     7.5281 -9.990e-29
 125.571646      9.088    12.3341  32.068263    27.1353      9.007  276.20916  276.33380    23.9334     7.5201 -9.990e-29
 125.571649      9.108    12.3338  32.069651    27.1369      9.027  276.20824  276.33284    23.9957     7.4998 -9.990e-29
 125.571652      9.130    12.3338  32.069420    27.1367      9.048  276.20868  276.33328    24.0580     7.5079 -9.990e-29
 125.571655      9.155    12.3337  32.068841    27.1362      9.074  276.21005  276.33466    21.3654     6.9863 -9.990e-29
 125.571658      9.186    12.3334  32.069073    27.1366      9.104  276.21123  276.33581    21.3654     6.9620 -9.990e-29
 125.571661      9.210    12.3331  32.069652    27.1375      9.128  276.21146  276.33601    21.3342     6.9823 -9.990e-29
 125.571664      9.236    12.3329  32.069652    27.1375      9.153  276.21243  276.33696    21.2253     6.9742 0.0000e+00
 125.571667      9.265    12.3329  32.070462    27.1375      9.182  276.21098  276.33551    19.8245     6.9944 -9.990e-29
 125.571670      9.289    12.3329  32.070636    27.1384      9.205  276.21068  276.33521    20.0580     6.9944 -9.990e-29
 125.571672      9.312    12.3325  32.069363    27.1375      9.229  276.21458  276.33909    19.9334     7.0267 -9.990e-29
 125.571675      9.336    12.3325  32.069826    27.1379      9.253  276.21376  276.33827    20.1980     6.9620 -9.990e-29
 125.571678      9.356    12.3323  32.069652    27.1379      9.273  276.21503  276.33953    21.1941     7.1319 -9.990e-29
 125.571681      9.371    12.3322  32.069247    27.1375      9.287  276.21609  276.34059    21.5366     7.1359 -9.990e-29
 125.571684      9.385    12.3321  32.068842    27.1373      9.301  276.21746  276.34195    21.3498     7.1885 -9.990e-29
 125.571687      9.402    12.3321  32.069826    27.1382      9.318  276.21569  276.34017    21.0696     7.0995 -9.990e-29
 125.571690      9.422    12.3322  32.070058    27.1384      9.338  276.21497  276.33946    21.3809     7.1278 -9.990e-29
 125.571693      9.448    12.3323  32.070231    27.1379      9.363  276.21404  276.33854    22.2525     7.2370 0.0000e+00
 125.571696      9.473    12.3322  32.069074    27.1384      9.388  276.21647  276.34097    22.0969     7.2249 0.0000e+00
 125.571698      9.502    12.3323  32.070636    27.1381      9.417  276.21335  276.33784    22.0969     7.3057 0.0000e+00
 125.571701      9.532    12.3323  32.069942    27.1384      9.446  276.21462  276.33912    22.2369     7.2532 0.0000e+00
 125.571704      9.557    12.3322  32.070058    27.1381      9.472  276.21475  276.33924    24.5560     7.6778 -9.990e-29
 125.571707      9.579    12.3321  32.071042    27.1392      9.493  276.21361  276.33808    24.6338     7.7061 -9.990e-29
