Processed/SBE19plus_01907321_2022_05_06_Cast51_wfilter.cnv
* Sea-Bird SBE19plus  Data File:
* FileName = E:\Prandtl Daten\2022\CTD\Raw\SBE19plus_01907321_2022_05_06_Cast51.hex
* Software version 2.6.1.12
* Temperature SN = 7321
* Conductivity SN = 7321
* System UpLoad Time = May 06 2022 12:04:15
* <ApplicationData>
* <Seaterm232>
** Messpraktikum 2022
** CTD 06.05 MP3
** NMEA Latitude = 54 03.530 N
** NMEA Longitude = 008 42.765 E
# nquan = 11
# nvalues = 460                         
# units = specified
# name 0 = timeJ: Julian Days
# name 1 = prdM: Pressure, Strain Gauge [db]
# name 2 = tv290C: Temperature [ITS-90, deg C]
# name 3 = c0mS/cm: Conductivity [mS/cm]
# name 4 = sal00: Salinity, Practical [PSU]
# name 5 = depSM: Depth [salt water, m], lat = 54.00
# name 6 = oxsatMm/Kg: Oxygen Saturation, Weiss [umol/kg]
# name 7 = oxsolMm/Kg: Oxygen Saturation, Garcia & Gordon [umol/kg]
# name 8 = turbWETntu0: Turbidity, WET Labs ECO [NTU]
# name 9 = flECO-AFL: Fluorescence, WET Labs ECO-AFL/FL [mg/m^3]
# name 10 = flag:  0.000e+00
# span 0 = 126.498681, 126.500009       
# span 1 =      0.480,     11.220       
# span 2 =    12.2822,    12.5341       
# span 3 =  31.558990,  31.729973       
# span 4 =    26.6572,    26.7731       
# span 5 =      0.476,     11.120       
# span 6 =  275.92093,  277.35534       
# span 7 =  276.06224,  277.48166       
# span 8 =    54.5482,   117.5988       
# span 9 =    11.1108,    15.9147       
# span 10 = 0.0000e+00, 0.0000e+00      
# interval = seconds: 0.25
# start_time = May 06 2022 11:56:50 [Instrument's time stamp, header]
# bad_flag = -9.990e-29
*END*
[from data line 132]
 126.499062      3.581    12.2831  31.564688    26.7029      3.549  277.34778  277.47412    90.5482    15.7408 -9.990e-29
 126.499065      3.609    12.2831  31.564688    26.7030      3.576  277.34812  277.47445    90.4393    15.7165 0.0000e+00
 126.499068      3.638    12.2826  31.564688    26.7030      3.605  277.35005  277.47635    88.3848    15.6882 0.0000e+00
 126.499071      3.669    12.2825  31.564861    26.7032      3.636  277.35039  277.47669    88.2136    15.6842 -9.990e-29
 126.499074      3.694    12.2824  31.563883    26.7026      3.661  277.35282  277.47912    88.4471    15.7246 -9.990e-29
 126.499077      3.723    12.2824  31.562331    26.7011      3.690  277.35534  277.48166    88.4159    15.7165 -9.990e-29
 126.499080      3.745    12.2829  31.563883    26.7023      3.712  277.35062  277.47695    88.4471    15.7408 -9.990e-29
 126.499083      3.765    12.2833  31.564286    26.7023      3.732  277.34800  277.47435    88.1047    15.7084 -9.990e-29
 126.499086      3.785    12.2836  31.564113    26.7020      3.751  277.34705  277.47342    88.4315    15.7691 -9.990e-29
 126.499089      3.801    12.2842  31.563136    26.7006      3.767  277.34597  277.47239    88.3226    15.7529 -9.990e-29
 126.499091      3.814    12.2842  31.563883    26.7013      3.780  277.34462  277.47104    87.7622    15.5103 -9.990e-29
 126.499094      3.835    12.2844  31.563711    26.7010      3.800  277.34399  277.47043    87.8712    15.5507 -9.990e-29
 126.499097      3.860    12.2845  31.564516    26.7019      3.826  277.34223  277.46866    87.9646    15.5709 -9.990e-29
 126.499100      3.888    12.2844  31.564689    26.7021      3.853  277.34225  277.46868    87.8089    15.5750 0.0000e+00
 126.499103      3.915    12.2842  31.564861    26.7022      3.880  277.34291  277.46932    87.7000    15.5709 0.0000e+00
 126.499106      3.942    12.2843  31.565091    26.7022      3.907  277.34187  277.46829    84.2759    15.3526 0.0000e+00
 126.499109      3.968    12.2850  31.567679    26.7023      3.932  277.33433  277.46076    84.3381    15.3890 -9.990e-29
 126.499112      3.993    12.2859  31.569232    26.7050      3.958  277.32738  277.45386    84.1980    15.3809 -9.990e-29
 126.499115      4.015    12.2874  31.570209    26.7048      3.979  277.31862  277.44519    84.3537    15.3849 -9.990e-29
 126.499117      4.043    12.2889  31.569807    26.7034      4.006  277.31268  277.43936    84.5093    15.2677 -9.990e-29
 126.499120      4.062    12.2907  31.570209    26.7025      4.026  277.30400  277.43079    84.5716    15.3607 -9.990e-29
 126.499123      4.086    12.2923  31.571819    26.7028      4.050  277.29377  277.42065    84.6961    15.2960 -9.990e-29
 126.499126      4.110    12.2940  31.572567    26.7023      4.073  277.28479  277.41178    84.6805    15.2838 -9.990e-29
 126.499129      4.127    12.2957  31.572567    26.7011      4.090  277.27716  277.40426    85.1941    15.1666 -9.990e-29
 126.499132      4.150    12.2967  31.571014    26.6989      4.113  277.27522  277.40240    84.9918    15.1585 -9.990e-29
 126.499135      4.178    12.2976  31.571992    26.6992      4.140  277.26964  277.39687    85.0696    15.1464 -9.990e-29
 126.499138      4.198    12.2986  31.571186    26.6967      4.160  277.26665  277.39396    85.2564    15.0817 -9.990e-29
 126.499141      4.225    12.2991  31.570439    26.6969      4.187  277.26548  277.39283    86.1124    15.3526 0.0000e+00
 126.499144      4.256    12.2995  31.571186    26.6967      4.218  277.26255  277.38992    86.0657    15.3526 0.0000e+00
 126.499146      4.284    12.2996  31.569059    26.6961      4.245  277.26580  277.39320    85.8945    15.4092 0.0000e+00
 126.499149      4.313    12.2994  31.569806    26.6950      4.274  277.26541  277.39279    86.0346    15.3445 -9.990e-29
 126.499152      4.335    12.2996  31.568829    26.6948      4.296  277.26625  277.39365    85.9724    15.3485 -9.990e-29
 126.499155      4.361    12.2999  31.568829    26.6946      4.322  277.26499  277.39241    85.3031    15.4820 -9.990e-29
 126.499158      4.384    12.3002  31.568829    26.6943      4.345  277.26341  277.39086    85.1475    15.4901 -9.990e-29
 126.499161      4.399    12.3007  31.569634    26.6947      4.360  277.26005  277.38752    85.2720    15.4577 -9.990e-29
 126.499164      4.417    12.3009  31.569634    26.6945      4.378  277.25879  277.38627    85.1008    15.5305 -9.990e-29
 126.499167      4.432    12.3009  31.569404    26.6943      4.392  277.25922  277.38670    85.3965    15.5871 -9.990e-29
 126.499170      4.443    12.3005  31.569634    26.6949      4.403  277.26103  277.38849    85.5210    15.5750 -9.990e-29
 126.499172      4.465    12.2999  31.570037    26.6956      4.425  277.26287  277.39028    85.5521    15.5790 -9.990e-29
 126.499175      4.488    12.2997  31.569634    26.6960      4.448  277.26457  277.39197    85.1941    15.5912 -9.990e-29
 126.499178      4.516    12.2995  31.570210    26.6961      4.475  277.26418  277.39156    84.4004    15.3930 0.0000e+00
 126.499181      4.545    12.2993  31.570210    26.6962      4.504  277.26515  277.39252    84.5249    15.4496 0.0000e+00
 126.499184      4.572    12.2986  31.570612    26.6970      4.531  277.26763  277.39495    84.2447    15.4496 0.0000e+00
 126.499187      4.602    12.2974  31.571418    26.6978      4.561  277.27192  277.39914    84.2603    15.3930 0.0000e+00
 126.499190      4.631    12.2959  31.570440    26.6987      4.589  277.28008  277.40722    85.7078    15.5103 -9.990e-29
 126.499193      4.656    12.2950  31.571591    26.7005      4.615  277.28215  277.40922    85.9257    15.5548 -9.990e-29
 126.499196      4.682    12.2943  31.571418    26.7008      4.640  277.28566  277.41268    85.8945    15.5912 -9.990e-29
 126.499198      4.704    12.2937  31.569808    26.6998      4.662  277.29146  277.41846    85.9568    15.5507 -9.990e-29
 126.499201      4.720    12.2930  31.571419    26.7018      4.678  277.29174  277.41867    86.0035    15.5629 -9.990e-29
 126.499204      4.736    12.2922  31.572799    26.7036      4.694  277.29274  277.41961    83.1708    15.7084 -9.990e-29
 126.499207      4.751    12.2915  31.573604    26.7048      4.709  277.29448  277.42129    83.0463    15.6639 -9.990e-29
 126.499210      4.771    12.2912  31.573949    26.7054      4.728  277.29546  277.42224    83.1397    15.7327 -9.990e-29
 126.499213      4.791    12.2909  31.574179    26.7058      4.748  277.29601  277.42278    83.2642    15.7044 -9.990e-29
 126.499216      4.815    12.2909  31.574755    26.7063      4.772  277.29530  277.42206    84.7117    15.3809 -9.990e-29
 126.499219      4.849    12.2905  31.576365    26.7081      4.806  277.29399  277.42071    85.0074    15.4577 -9.990e-29
 126.499222      4.873    12.2898  31.576135    26.7086      4.830  277.29760  277.42428    84.8362    15.4618 -9.990e-29
 126.499225      4.902    12.2890  31.575733    26.7096      4.858  277.30218  277.42880    85.0385    15.4577 0.0000e+00
 126.499227      4.928    12.2882  31.577343    26.7096      4.884  277.30277  277.42932    83.1085    15.5629 0.0000e+00
 126.499230      4.957    12.2879  31.576941    26.7106      4.913  277.30479  277.43133    83.1708    15.5790 -9.990e-29
 126.499233      4.981    12.2882  31.577343    26.7106      4.936  277.30281  277.42936    83.2019    15.5871 -9.990e-29
 126.499236      5.001    12.2892  31.577343    26.7099      4.956  277.29836  277.42498    83.1864    15.5790 -9.990e-29
 126.499239      5.021    12.2907  31.576711    26.7082      4.976  277.29252  277.41925    83.5132    15.4901 -9.990e-29
 126.499242      5.037    12.2915  31.576366    26.7073      4.992  277.28965  277.41644    85.2720    15.6882 -9.990e-29
 126.499245      5.048    12.2919  31.577113    26.7078      5.003  277.28671  277.41351    85.1319    15.7327 -9.990e-29
 126.499248      5.068    12.2917  31.576136    26.7070      5.023  277.28945  277.41625    85.3031    15.6801 -9.990e-29
 126.499251      5.092    12.2909  31.576136    26.7068      5.046  277.29297  277.41972    85.1163    15.7327 -9.990e-29
 126.499253      5.119    12.2899  31.574583    26.7069      5.073  277.30027  277.42696    86.9062    15.5629 0.0000e+00
 126.499256      5.148    12.2889  31.573951    26.7068      5.102  277.30589  277.43253    87.2331    15.5507 0.0000e+00
 126.499259      5.178    12.2881  31.571823    26.7054      5.131  277.31328  277.43988    86.9373    15.5305 0.0000e+00
 126.499262      5.207    12.2874  31.571191    26.7053      5.160  277.31763  277.44419    86.9062    15.5952 0.0000e+00
 126.499265      5.238    12.2866  31.567855    26.7041      5.191  277.32753  277.45407    86.2525    15.5103 0.0000e+00
 126.499268      5.265    12.2857  31.568028    26.7028      5.218  277.33105  277.45754    86.3303    15.5871 -9.990e-29
 126.499271      5.289    12.2850  31.570041    26.7060      5.242  277.33092  277.45733    86.2058    15.5709 -9.990e-29
 126.499274      5.314    12.2848  31.569408    26.7055      5.267  277.33304  277.45944    86.2992    15.5184 -9.990e-29
 126.499277      5.338    12.2848  31.569811    26.7058      5.290  277.33200  277.45841    84.8050    15.5993 -9.990e-29
 126.499280      5.354    12.2844  31.569639    26.7060      5.306  277.33424  277.46062    85.0229    15.5426 -9.990e-29
 126.499282      5.367    12.2843  31.571191    26.7075      5.319  277.33206  277.45842    85.0074    15.5426 -9.990e-29
 126.499285      5.385    12.2841  31.572572    26.7090      5.337  277.33052  277.45685    84.8673    15.5426 -9.990e-29
 126.499288      5.409    12.2838  31.573779    26.7102      5.361  277.32930  277.45560    84.6650    15.5709 -9.990e-29
 126.499291      5.429    12.2834  31.573780    26.7105      5.381  277.33122  277.45750    86.5171    15.3445 -9.990e-29
 126.499294      5.458    12.2832  31.573607    26.7103      5.409  277.33251  277.45877    86.3770    15.4294 0.0000e+00
 126.499297      5.487    12.2833  31.573205    26.7101      5.438  277.33294  277.45921    86.6416    15.3566 0.0000e+00
 126.499300      5.518    12.2830  31.571997    26.7096      5.469  277.33643  277.46269    86.5015    15.4213 0.0000e+00
 126.499303      5.547    12.2829  31.573205    26.7091      5.498  277.33458  277.46082    84.7428    15.4658 -9.990e-29
 126.499306      5.569    12.2825  31.572975    26.7104      5.520  277.33692  277.46314    84.8984    15.4577 -9.990e-29
 126.499308      5.591    12.2823  31.573953    26.7114      5.541  277.33611  277.46231    84.9296    15.4496 -9.990e-29
 126.499311      5.615    12.2823  31.574355    26.7118      5.565  277.33540  277.46159    84.7117    15.3971 -9.990e-29
 126.499314      5.639    12.2822  31.575161    26.7126      5.588  277.33459  277.46076    83.8712    15.3607 -9.990e-29
 126.499317      5.655    12.2823  31.578496    26.7157      5.605  277.32790  277.45405    83.9023    15.3202 -9.990e-29
 126.499320      5.672    12.2824  31.579877    26.7169      5.621  277.32509  277.45123    83.7934    15.2960 -9.990e-29
 126.499323      5.690    12.2823  31.579532    26.7166      5.639  277.32605  277.45218    83.7622    15.3081 -9.990e-29
 126.499326      5.712    12.2825  31.581257    26.7181      5.661  277.32197  277.44811    82.5794    15.2232 -9.990e-29
 126.499329      5.736    12.2826  31.580682    26.7162      5.684  277.32240  277.44854    82.5171    15.2515 -9.990e-29
 126.499332      5.765    12.2828  31.579532    26.7172      5.713  277.32387  277.45004    82.4860    15.2838 0.0000e+00
 126.499334      5.791    12.2828  31.581488    26.7172      5.739  277.32033  277.44648    82.7039    15.1949 0.0000e+00
 126.499337      5.820    12.2828  31.583271    26.7181      5.768  277.31711  277.44325    82.4704    15.1989 -9.990e-29
 126.499340      5.843    12.2829  31.582523    26.7199      5.791  277.31817  277.44431    78.5949    15.0251 -9.990e-29
 126.499343      5.874    12.2827  31.583443    26.7199      5.822  277.31716  277.44328    78.9218    15.0372 0.0000e+00
 126.499346      5.904    12.2829  31.584824    26.7199      5.851  277.31371  277.43984    78.7661    15.1019 -9.990e-29
 126.499349      5.925    12.2832  31.586434    26.7223      5.872  277.30953  277.43566    78.4548    15.0493 -9.990e-29
 126.499352      5.953    12.2834  31.588793    26.7244      5.900  277.30431  277.43043    79.9646    15.2151 -9.990e-29
 126.499355      5.971    12.2835  31.588218    26.7238      5.918  277.30505  277.43118    80.2447    15.1908 -9.990e-29
 126.499358      5.991    12.2835  31.589598    26.7251      5.937  277.30255  277.42867    80.1825    15.1787 -9.990e-29
 126.499361      6.005    12.2835  31.590576    26.7260      5.952  277.30079  277.42689    80.1047    15.1585 -9.990e-29
 126.499363      6.027    12.2836  31.590174    26.7255      5.973  277.30122  277.42733    77.7545    15.0251 -9.990e-29
 126.499366      6.051    12.2837  31.590979    26.7262      5.997  277.29913  277.42525    77.9101    15.0493 -9.990e-29
 126.499369      6.074    12.2839  31.591957    26.7281      6.020  277.29642  277.42254    77.6766    15.0776 -9.990e-29
 126.499372      6.100    12.2841  31.593338    26.7287      6.045  277.29329  277.41941    77.4743    15.0493 0.0000e+00
 126.499375      6.127    12.2843  31.594718    26.7287      6.073  277.28985  277.41596    77.1630    15.2960 0.0000e+00
 126.499378      6.158    12.2841  31.594316    26.7293      6.103  277.29155  277.41766    77.0696    15.2232 -9.990e-29
 126.499381      6.182    12.2840  31.595121    26.7299      6.126  277.29042  277.41652    77.1941    15.2758 -9.990e-29
 126.499384      6.212    12.2841  31.595294    26.7298      6.157  277.28950  277.41560    77.1008    15.2151 0.0000e+00
 126.499387      6.242    12.2842  31.595121    26.7298      6.186  277.28951  277.41562    77.2408    15.2232 0.0000e+00
 126.499389      6.267    12.2841  31.596675    26.7296      6.211  277.28734  277.41342    74.3303    14.9401 -9.990e-29
 126.499392      6.291    12.2840  31.596502    26.7311      6.235  277.28799  277.41407    74.2058    14.9240 -9.990e-29
 126.499395      6.304    12.2840  31.597653    26.7321      6.248  277.28591  277.41198    74.2525    14.9765 -9.990e-29
 126.499398      6.320    12.2841  31.599091    26.7334      6.264  277.28267  277.40873    74.1436    14.8633 -9.990e-29
 126.499401      6.340    12.2841  31.600644    26.7348      6.283  277.27986  277.40591    73.3654    14.8269 -9.990e-29
 126.499404      6.362    12.2842  31.602025    26.7384      6.305  277.27705  277.40309    73.2408    14.8148 -9.990e-29
 126.499407      6.388    12.2843  31.604614    26.7389      6.331  277.27205  277.39807    73.4432    14.7784 0.0000e+00
 126.499410      6.415    12.2844  31.605765    26.7394      6.358  277.26934  277.39536    73.3498    14.7420 0.0000e+00
 126.499413      6.445    12.2845  31.606973    26.7399      6.387  277.26653  277.39254    71.7311    14.4509 0.0000e+00
 126.499416      6.474    12.2846  31.607951    26.7404      6.416  277.26446  277.39046    71.9023    14.3983 -9.990e-29
 126.499418      6.499    12.2848  31.609332    26.7424      6.441  277.26133  277.38733    72.0113    14.4145 -9.990e-29
 126.499421      6.528    12.2850  31.610138    26.7430      6.470  277.25893  277.38494    71.9801    14.4670 -9.990e-29
 126.499424      6.550    12.2850  31.610943    26.7437      6.492  277.25717  277.38317    71.3109    14.3376 -9.990e-29
 126.499427      6.576    12.2852  31.612497    26.7451      6.517  277.25373  277.37972    71.1708    14.3942 -9.990e-29
 126.499430      6.600    12.2852  31.615259    26.7476      6.541  277.24873  277.37470    71.2486    14.3295 -9.990e-29
 126.499433      6.622    12.2856  31.614281    26.7464      6.563  277.24861  277.37462    70.9373    14.2689 -9.990e-29
 126.499436      6.633    12.2857  31.615662    26.7477      6.573  277.24579  277.37179    71.0619    14.3134 -9.990e-29
