Processed/SBE19plus_01907321_2022_05_09_Cast94_wfilter.cnv
* Sea-Bird SBE19plus  Data File:
* FileName = E:\Prandtl Daten\2022\CTD\Raw\SBE19plus_01907321_2022_05_09_Cast94.hex
* Software version 2.6.1.12
* Temperature SN = 7321
* Conductivity SN = 7321
* System UpLoad Time = May 09 2022 07:59:34
* <ApplicationData>
* <Seaterm232>
** Messpraktikum 2022
** CTD 09.05 KFN
** NMEA Latitude = 54 06.179 N
** NMEA Longitude = 008 35.830 E
# nquan = 11
# nvalues = 541                         
# units = specified
# name 0 = timeJ: Julian Days
# name 1 = prdM: Pressure, Strain Gauge [db]
# name 2 = tv290C: Temperature [ITS-90, deg C]
# name 3 = c0mS/cm: Conductivity [mS/cm]
# name 4 = sal00: Salinity, Practical [PSU]
# name 5 = depSM: Depth [salt water, m], lat = 54.00
# name 6 = oxsatMm/Kg: Oxygen Saturation, Weiss [umol/kg]
# name 7 = oxsolMm/Kg: Oxygen Saturation, Garcia & Gordon [umol/kg]
# name 8 = turbWETntu0: Turbidity, WET Labs ECO [NTU]
# name 9 = flECO-AFL: Fluorescence, WET Labs ECO-AFL/FL [mg/m^3]
# name 10 = flag:  0.000e+00
# span 0 = 129.328038, 129.329601       
# span 1 =      0.643,     13.756       
# span 2 =    12.1816,    12.3427       
# span 3 =  31.348425,  31.888760       
# span 4 =    26.5412,    26.9598       
# span 5 =      0.637,     13.633       
# span 6 =  276.49874,  278.16867       
# span 7 =  276.62580,  278.29060       
# span 8 =     0.7584,    36.0735       
# span 9 =     2.6353,     7.9123       
# span 10 = 0.0000e+00, 0.0000e+00      
# interval = seconds: 0.25
# start_time = May 09 2022 07:51:13 [Instrument's time stamp, header]
# bad_flag = -9.990e-29
*END*
[from data line 132]
 129.328420      3.777    12.2063  31.349399    26.5560      3.744  278.08840  278.21180     1.8945     4.3620 -9.990e-29
 129.328423      3.796    12.2046  31.349399    26.5583      3.762  278.09641  278.21968     1.8012     4.3903 -9.990e-29
 129.328426      3.821    12.2030  31.349399    26.5583      3.787  278.10345  278.22663     1.7389     4.3862 0.0000e+00
 129.328429      3.847    12.2019  31.349629    26.5583      3.812  278.10816  278.23126     1.8167     4.4024 -9.990e-29
 129.328432      3.867    12.2008  31.349227    26.5596      3.832  278.11370  278.23673     1.7700     4.4226 -9.990e-29
 129.328435      3.893    12.1998  31.349629    26.5608      3.858  278.11778  278.24074     1.8790     4.4550 -9.990e-29
 129.328438      3.915    12.1980  31.349629    26.5620      3.880  278.12578  278.24862     2.5015     4.3094 -9.990e-29
 129.328440      3.937    12.1965  31.349629    26.5631      3.901  278.13283  278.25556     2.5949     4.3337 -9.990e-29
 129.328443      3.955    12.1956  31.349630    26.5637      3.920  278.13668  278.25935     2.6261     4.2932 -9.990e-29
 129.328446      3.984    12.1949  31.348425    26.5631      3.948  278.14241  278.26505     2.6261     4.3256 -9.990e-29
 129.328449      4.008    12.1944  31.349630    26.5645      3.972  278.14246  278.26505     2.1747     4.4065 -9.990e-29
 129.328452      4.032    12.1943  31.349228    26.5642      3.996  278.14353  278.26612     2.0502     4.4348 -9.990e-29
 129.328455      4.061    12.1943  31.349229    26.5641      4.024  278.14355  278.26614     2.0191     4.4024 0.0000e+00
 129.328458      4.086    12.1947  31.349229    26.5639      4.050  278.14165  278.26427     2.0191     4.4226 0.0000e+00
 129.328461      4.114    12.1947  31.349057    26.5639      4.077  278.14198  278.26460     2.0191     4.4267 0.0000e+00
 129.328464      4.141    12.1944  31.349229    26.5641      4.104  278.14328  278.26588     1.9257     4.2609 0.0000e+00
 129.328466      4.168    12.1940  31.349458    26.5643      4.131  278.14480  278.26737     1.7389     4.2851 0.0000e+00
 129.328469      4.196    12.1935  31.348828    26.5646      4.158  278.14789  278.27043     1.8790     4.3013 -9.990e-29
 129.328472      4.218    12.1936  31.349401    26.5648      4.180  278.14653  278.26908     1.8634     4.3013 -9.990e-29
 129.328475      4.232    12.1940  31.349631    26.5648      4.194  278.14453  278.26709     1.7545     4.4833 -9.990e-29
 129.328478      4.254    12.1941  31.349803    26.5648      4.216  278.14359  278.26616     1.8167     4.5358 -9.990e-29
 129.328481      4.278    12.1942  31.350032    26.5635      4.240  278.14255  278.26513     1.8478     4.4712 -9.990e-29
 129.328484      4.305    12.1942  31.348426    26.5643      4.267  278.14581  278.26841     1.7856     4.4873 0.0000e+00
 129.328487      4.336    12.1940  31.350032    26.5650      4.297  278.14386  278.26642     1.7233     4.4873 0.0000e+00
 129.328490      4.363    12.1935  31.349631    26.5650      4.324  278.14653  278.26907     1.4899     4.5278 0.0000e+00
 129.328492      4.394    12.1935  31.350205    26.5650      4.355  278.14582  278.26835     1.5988     4.5237 -9.990e-29
 129.328495      4.418    12.1931  31.349803    26.5655      4.379  278.14817  278.27068     1.5054     4.4631 -9.990e-29
 129.328498      4.440    12.1925  31.349230    26.5654      4.400  278.15211  278.27458     2.6261     3.9859 -9.990e-29
 129.328501      4.458    12.1921  31.349459    26.5659      4.418  278.15362  278.27606     2.5794     4.0304 -9.990e-29
 129.328504      4.476    12.1916  31.348829    26.5656      4.436  278.15670  278.27912     2.5171     3.9617 -9.990e-29
 129.328507      4.499    12.1915  31.349402    26.5662      4.458  278.15631  278.27871     2.5949     3.9374 -9.990e-29
 129.328510      4.515    12.1915  31.351008    26.5677      4.475  278.15339  278.27577     2.5949     4.0142 -9.990e-29
 129.328513      4.539    12.1918  31.351180    26.5676      4.498  278.15181  278.27421     1.6766     4.2730 -9.990e-29
 129.328516      4.561    12.1916  31.349804    26.5665      4.520  278.15497  278.27738     1.5833     4.2124 -9.990e-29
 129.328519      4.584    12.1916  31.351410    26.5686      4.543  278.15238  278.27477     1.5833     4.2204 -9.990e-29
 129.328521      4.610    12.1915  31.351983    26.5686      4.569  278.15167  278.27405     1.5366     4.2447 0.0000e+00
 129.328524      4.639    12.1916  31.352557    26.5686      4.598  278.15032  278.27270     1.6611     4.3013 -9.990e-29
 129.328527      4.661    12.1913  31.355310    26.5739      4.619  278.14659  278.26892     1.4276     4.2851 -9.990e-29
 129.328530      4.689    12.1904  31.356859    26.5739      4.647  278.14793  278.27018     1.7856     4.3054 0.0000e+00
 129.328533      4.721    12.1893  31.358293    26.5739      4.679  278.15045  278.27261     1.5054     4.3013 -9.990e-29
 129.328536      4.745    12.1883  31.359613    26.5779      4.703  278.15221  278.27430     1.6299     4.1355 -9.990e-29
 129.328539      4.776    12.1876  31.359613    26.5784      4.734  278.15543  278.27746     1.5988     4.1234 -9.990e-29
 129.328542      4.800    12.1869  31.358810    26.5776      4.757  278.16010  278.28210     1.6922     4.0951 -9.990e-29
 129.328545      4.829    12.1874  31.358638    26.5776      4.786  278.15820  278.28023     1.5366     4.1234 0.0000e+00
 129.328547      4.855    12.1878  31.360990    26.5776      4.811  278.15233  278.27436     1.5521     4.3013 -9.990e-29
 129.328550      4.873    12.1874  31.360990    26.5798      4.829  278.15393  278.27594     1.6922     4.2973 -9.990e-29
 129.328553      4.884    12.1868  31.361391    26.5806      4.840  278.15608  278.27805     1.5677     4.2892 -9.990e-29
 129.328556      4.900    12.1866  31.361162    26.5805      4.856  278.15747  278.27942     1.6299     4.3296 -9.990e-29
 129.328559      4.920    12.1864  31.361563    26.5811      4.876  278.15771  278.27964     1.5366     4.3215 -9.990e-29
 129.328562      4.944    12.1861  31.360990    26.5802      4.900  278.16005  278.28197     1.0541     4.6289 -9.990e-29
 129.328565      4.970    12.1858  31.360187    26.5797      4.925  278.16281  278.28472     1.0541     4.6046 0.0000e+00
 129.328568      4.997    12.1860  31.359327    26.5792      4.953  278.16376  278.28569     0.9607     4.6733 0.0000e+00
 129.328571      5.025    12.1862  31.359040    26.5790      4.980  278.16335  278.28529     1.1163     4.6127 0.0000e+00
 129.328573      5.056    12.1865  31.358639    26.5788      5.010  278.16250  278.28448     1.4899     4.2730 -9.990e-29
 129.328576      5.079    12.1864  31.357090    26.5768      5.034  278.16598  278.28796     1.6611     4.3256 -9.990e-29
 129.328579      5.105    12.1864  31.359040    26.5786      5.059  278.16244  278.28440     1.7856     4.3215 -9.990e-29
 129.328582      5.127    12.1862  31.358237    26.5780      5.081  278.16456  278.28652     1.4587     4.3296 -9.990e-29
 129.328585      5.148    12.1860  31.357664    26.5776      5.102  278.16658  278.28853     1.8167     4.3943 -9.990e-29
 129.328588      5.165    12.1861  31.358639    26.5784      5.119  278.16449  278.28644     1.7389     4.3862 -9.990e-29
 129.328591      5.185    12.1861  31.358237    26.5781      5.139  278.16524  278.28719     1.7233     4.4065 -9.990e-29
 129.328594      5.201    12.1862  31.357664    26.5786      5.155  278.16566  278.28762     1.7545     4.4226 -9.990e-29
 129.328597      5.227    12.1860  31.358811    26.5781      5.180  278.16454  278.28648     1.7389     3.7190 0.0000e+00
 129.328600      5.261    12.1857  31.357435    26.5786      5.214  278.16867  278.29060     1.8167     3.7635 0.0000e+00
 129.328602      5.291    12.1853  31.359328    26.5796      5.243  278.16715  278.28903     1.7389     3.7514 0.0000e+00
 129.328605      5.320    12.1851  31.360016    26.5804      5.272  278.16687  278.28873     1.8323     3.7554 0.0000e+00
 129.328608      5.351    12.1851  31.360188    26.5805      5.303  278.16626  278.28812     1.8478     3.7514 0.0000e+00
 129.328611      5.380    12.1851  31.361163    26.5810      5.332  278.16482  278.28667     1.3342     3.7554 0.0000e+00
 129.328614      5.405    12.1846  31.366269    26.5815      5.357  278.15743  278.27920     1.3498     3.7716 -9.990e-29
 129.328617      5.427    12.1846  31.366670    26.5870      5.379  278.15703  278.27879     1.3187     3.8282 -9.990e-29
 129.328620      5.451    12.1847  31.368047    26.5882      5.402  278.15389  278.27565     1.3187     3.8080 -9.990e-29
 129.328623      5.477    12.1851  31.364720    26.5847      5.428  278.15807  278.27989     1.0385     3.8848 -9.990e-29
 129.328626      5.497    12.1853  31.362368    26.5824      5.448  278.16174  278.28359     1.1941     3.8242 -9.990e-29
 129.328628      5.515    12.1850  31.363344    26.5835      5.466  278.16125  278.28307     1.2253     3.8767 -9.990e-29
 129.328631      5.533    12.1845  31.363745    26.5842      5.484  278.16276  278.28455     1.1941     3.8889 -9.990e-29
 129.328634      5.552    12.1842  31.363516    26.5842      5.502  278.16447  278.28624     1.0229     4.3903 -9.990e-29
 129.328637      5.570    12.1839  31.365122    26.5860      5.520  278.16315  278.28487     1.1008     4.4105 -9.990e-29
 129.328640      5.596    12.1837  31.366499    26.5873      5.546  278.16129  278.28299     1.1319     4.4267 -9.990e-29
 129.328643      5.619    12.1836  31.365696    26.5866      5.569  278.16309  278.28480     1.1941     4.3741 -9.990e-29
 129.328646      5.642    12.1837  31.364893    26.5858      5.591  278.16425  278.28597     1.2875     5.0656 -9.990e-29
 129.328649      5.671    12.1839  31.365467    26.5862      5.620  278.16226  278.28399     1.4587     5.0575 -9.990e-29
 129.328652      5.694    12.1843  31.365467    26.5859      5.644  278.16068  278.28244     1.2875     5.0737 -9.990e-29
 129.328655      5.715    12.1846  31.367474    26.5889      5.664  278.15575  278.27751     1.4276     5.0656 -9.990e-29
 129.328657      5.742    12.1846  31.368851    26.5904      5.691  278.15326  278.27500     1.3498     5.0494 0.0000e+00
 129.328660      5.767    12.1842  31.371777    26.5919      5.716  278.14953  278.27121     2.4548     4.3134 0.0000e+00
 129.328663      5.795    12.1841  31.371777    26.5919      5.743  278.15019  278.27186     2.4548     4.3134 0.0000e+00
 129.328666      5.820    12.1840  31.371949    26.5920      5.768  278.15021  278.27188     2.3926     4.2892 -9.990e-29
 129.328669      5.840    12.1841  31.373728    26.5938      5.788  278.14666  278.26831     2.2214     4.2932 -9.990e-29
 129.328672      5.864    12.1838  31.374416    26.5946      5.811  278.14669  278.26832     1.4276     4.5439 -9.990e-29
 129.328675      5.888    12.1839  31.377629    26.6011      5.835  278.14052  278.26212     1.2564     4.5480 -9.990e-29
 129.328678      5.920    12.1836  31.381186    26.6011      5.867  278.13533  278.25687     1.3187     4.5682 0.0000e+00
 129.328681      5.948    12.1827  31.379982    26.6011      5.895  278.14138  278.26288     1.2253     4.5601 -9.990e-29
 129.328683      5.969    12.1822  31.379810    26.6008      5.916  278.14426  278.26572     1.3342     4.2892 -9.990e-29
 129.328686      5.995    12.1820  31.380384    26.6015      5.941  278.14419  278.26563     1.3187     4.3134 -9.990e-29
 129.328689      6.019    12.1818  31.380957    26.6021      5.965  278.14411  278.26554     1.2564     4.3134 -9.990e-29
 129.328692      6.042    12.1817  31.381933    26.6031      5.988  278.14267  278.26408     1.4432     4.2892 -9.990e-29
 129.328695      6.068    12.1816  31.385662    26.6066      6.014  278.13619  278.25756     1.3031     4.0183 -9.990e-29
 129.328698      6.090    12.1816  31.386294    26.6072      6.035  278.13506  278.25641     1.3031     4.0587 -9.990e-29
 129.328701      6.108    12.1816  31.386867    26.6077      6.053  278.13402  278.25537     1.2720     4.0425 -9.990e-29
 129.328704      6.128    12.1819  31.387040    26.6077      6.073  278.13244  278.25381     1.3031     4.0304 -9.990e-29
 129.328707      6.144    12.1819  31.393925    26.6219      6.089  278.11988  278.24118     1.1941     4.0708 -9.990e-29
 129.328709      6.172    12.1822  31.402476    26.6248      6.117  278.10269  278.22392     1.5988     3.9657 0.0000e+00
 129.328712      6.197    12.1827  31.409019    26.6271      6.142  278.08885  278.21004     1.5988     3.9778 0.0000e+00
 129.328715      6.226    12.1829  31.408617    26.6271      6.171  278.08832  278.20954     1.5521     3.9980 0.0000e+00
 129.328718      6.254    12.1832  31.408617    26.6271      6.198  278.08706  278.20830     1.6299     3.9617 0.0000e+00
 129.328721      6.289    12.1837  31.412979    26.6306      6.232  278.07689  278.19811     1.5677     4.1032 0.0000e+00
 129.328724      6.318    12.1841  31.415677    26.6329      6.261  278.07007  278.19129     1.4743     4.0587 0.0000e+00
 129.328727      6.343    12.1845  31.416710    26.6333      6.286  278.06661  278.18784     1.4899     4.0385 0.0000e+00
 129.328730      6.371    12.1851  31.413553    26.6336      6.314  278.06951  278.19083     1.5521     4.0587 -9.990e-29
 129.328733      6.394    12.1853  31.416079    26.6324      6.337  278.06396  278.18526     0.8050     3.8929 -9.990e-29
 129.328736      6.416    12.1856  31.420039    26.6359      6.359  278.05547  278.17675     0.7584     3.9536 -9.990e-29
 129.328738      6.442    12.1859  31.422967    26.6384      6.384  278.04887  278.17013     1.0074     3.9091 -9.990e-29
 129.328741      6.460    12.1862  31.424173    26.6393      6.402  278.04508  278.16636     0.8206     3.9617 -9.990e-29
 129.328744      6.480    12.1864  31.423943    26.6389      6.422  278.04488  278.16617     1.4276     3.9374 -9.990e-29
 129.328747      6.498    12.1863  31.422795    26.6379      6.440  278.04731  278.16860     1.3187     3.9131 -9.990e-29
 129.328750      6.518    12.1863  31.424173    26.6392      6.460  278.04480  278.16609     1.3031     3.9455 -9.990e-29
 129.328753      6.539    12.1862  31.424173    26.6392      6.480  278.04514  278.16641     1.3187     3.9455 -9.990e-29
 129.328756      6.564    12.1862  31.424747    26.6398      6.505  278.04442  278.16569     1.4276     3.9414 -9.990e-29
 129.328759      6.586    12.1862  31.425723    26.6392      6.527  278.04234  278.16360     1.5677     4.0142 -9.990e-29
 129.328762      6.617    12.1863  31.424173    26.6392      6.558  278.04487  278.16615     1.6766     3.9940 0.0000e+00
 129.328764      6.645    12.1864  31.423771    26.6392      6.585  278.04530  278.16659     1.7389     4.0061 -9.990e-29
 129.328767      6.668    12.1867  31.424747    26.6394      6.609  278.04194  278.16325     1.4899     3.9576 -9.990e-29
 129.328770      6.697    12.1867  31.424747    26.6394      6.638  278.04196  278.16327     3.5755     3.8242 -9.990e-29
 129.328773      6.720    12.1872  31.422968    26.6374      6.659  278.04331  278.16466     3.6377     3.7878 -9.990e-29
 129.328776      6.749    12.1872  31.423140    26.6376      6.689  278.04301  278.16437     3.6066     3.7837 -9.990e-29
 129.328779      6.771    12.1873  31.423140    26.6374      6.710  278.04239  278.16375     3.5288     3.8242 -9.990e-29
 129.328782      6.791    12.1875  31.429627    26.6434      6.730  278.02961  278.15091     3.7467     4.0304 -9.990e-29
 129.328785      6.807    12.1882  31.439674    26.6523      6.746  278.00809  278.12934     3.7622     4.0264 -9.990e-29
 129.328788      6.833    12.1900  31.440076    26.6514      6.772  277.99940  278.12076     3.7778     3.9859 -9.990e-29
 129.328791      6.857    12.1913  31.450067    26.6598      6.795  277.97512  278.09647     3.7934     4.0425 -9.990e-29
 129.328793      6.886    12.1934  31.467985    26.6751      6.824  277.93288  278.05419     3.4354     4.2649 -9.990e-29
