Processed/SBE19plus_01907321_2022_05_05_Cast33_wfilter.cnv
* Sea-Bird SBE19plus  Data File:
* FileName = E:\Prandtl Daten\2022\CTD\Raw\SBE19plus_01907321_2022_05_05_Cast33.hex
* Software version 2.6.1.12
* Temperature SN = 7321
* Conductivity SN = 7321
* System UpLoad Time = May 05 2022 11:57:31
* <ApplicationData>
* <Seaterm232>
** Messpraktikum 2022
** CTD 05.05 NP5
# nquan = 11
# nvalues = 485                         
# units = specified
# name 0 = timeJ: Julian Days
# name 1 = prdM: Pressure, Strain Gauge [db]
# name 2 = tv290C: Temperature [ITS-90, deg C]
# name 3 = c0mS/cm: Conductivity [mS/cm]
# name 4 = sal00: Salinity, Practical [PSU]
# name 5 = depSM: Depth [salt water, m], lat = 54.00
# name 6 = oxsatMm/Kg: Oxygen Saturation, Weiss [umol/kg]
# name 7 = oxsolMm/Kg: Oxygen Saturation, Garcia & Gordon [umol/kg]
# name 8 = turbWETntu0: Turbidity, WET Labs ECO [NTU]
# name 9 = flECO-AFL: Fluorescence, WET Labs ECO-AFL/FL [mg/m^3]
# name 10 = flag:  0.000e+00
# span 0 = 125.494227, 125.495628       
# span 1 =      0.577,     13.116       
# span 2 =    11.9647,    12.1172       
# span 3 =  32.684509,  32.832828       
# span 4 =    27.8950,    28.1057       
# span 5 =      0.572,     12.998       
# span 6 =  276.00606,  276.51475       
# span 7 =  276.10896,  276.60590       
# span 8 =    10.1903,    74.4704       
# span 9 =     4.3337,    10.0352       
# span 10 = 0.0000e+00, 0.0000e+00      
# interval = seconds: 0.25
# start_time = May 05 2022 11:50:20 [Instrument's time stamp, header]
# bad_flag = -9.990e-29
*END*
[from data line 263]
 125.494988      7.388    11.9669  32.801668    28.0979      7.321  276.50754  276.59880    29.2875     7.3785 0.0000e+00
 125.494991      7.429    11.9670  32.803186    28.0983      7.363  276.50447  276.59572    29.3187     7.3704 0.0000e+00
 125.494994      7.462    11.9670  32.802719    28.0983      7.395  276.50535  276.59660    29.3498     7.3907 0.0000e+00
 125.494997      7.493    11.9670  32.802252    28.0981      7.426  276.50623  276.59749    31.0307     7.7061 0.0000e+00
 125.495000      7.520    11.9670  32.803595    28.0978      7.453  276.50378  276.59502    31.1085     7.7061 -9.990e-29
 125.495003      7.544    11.9668  32.804529    28.1000      7.476  276.50270  276.59392    31.0774     7.6980 -9.990e-29
 125.495006      7.573    11.9668  32.804354    28.0993      7.505  276.50335  276.59457    31.0307     7.6899 0.0000e+00
 125.495009      7.604    11.9667  32.802720    28.1000      7.536  276.50669  276.59792    29.5366     7.4392 0.0000e+00
 125.495012      7.639    11.9666  32.804354    28.1000      7.571  276.50402  276.59522    29.5210     7.4473 0.0000e+00
 125.495014      7.679    11.9666  32.805347    28.1000      7.610  276.50222  276.59342    29.5210     7.4473 0.0000e+00
 125.495017      7.715    11.9665  32.803946    28.1009      7.646  276.50513  276.59634    29.5677     7.4432 0.0000e+00
 125.495020      7.746    11.9664  32.805172    28.1003      7.677  276.50352  276.59470    28.4626     7.4311 0.0000e+00
 125.495023      7.772    11.9663  32.804763    28.1009      7.702  276.50460  276.59578    28.4782     7.3583 -9.990e-29
 125.495026      7.792    11.9663  32.805814    28.1016      7.722  276.50268  276.59385    28.3692     7.3179 -9.990e-29
 125.495029      7.810    11.9663  32.806223    28.1020      7.740  276.50225  276.59341    28.3226     7.3098 -9.990e-29
 125.495032      7.821    11.9665  32.807332    28.1029      7.751  276.49928  276.59045    28.3226     7.3462 -9.990e-29
 125.495035      7.830    11.9665  32.808033    28.1035      7.760  276.49769  276.58885    31.0619     7.4351 -9.990e-29
 125.495038      7.843    11.9665  32.807858    28.1034      7.773  276.49833  276.58949    30.9840     7.4634 -9.990e-29
 125.495041      7.857    11.9665  32.808500    28.1040      7.787  276.49716  276.58831    30.9685     7.4392 -9.990e-29
 125.495043      7.874    11.9668  32.808500    28.1038      7.804  276.49594  276.58711    31.0619     7.4392 -9.990e-29
 125.495046      7.898    11.9667  32.807040    28.1024      7.827  276.49895  276.59013    33.1475     7.9851 -9.990e-29
 125.495049      7.918    11.9666  32.806106    28.1016      7.847  276.50099  276.59218    33.2564     7.9810 -9.990e-29
 125.495052      7.940    11.9667  32.805990    28.1014      7.869  276.50091  276.59210    33.3965     7.9932 -9.990e-29
 125.495055      7.961    11.9667  32.805990    28.1014      7.890  276.50092  276.59212    33.1630     7.9527 -9.990e-29
 125.495058      7.985    11.9666  32.806632    28.0994      7.914  276.50007  276.59125    35.1708     8.1873 -9.990e-29
 125.495061      8.022    11.9666  32.803772    28.0997      7.950  276.50536  276.59657    35.2642     8.1630 0.0000e+00
 125.495064      8.057    11.9666  32.804356    28.0994      7.984  276.50431  276.59552    35.3109     8.1509 0.0000e+00
 125.495067      8.100    11.9668  32.803714    28.0999      8.028  276.50459  276.59582    35.2019     8.1711 0.0000e+00
 125.495069      8.140    11.9670  32.804765    28.0995      8.068  276.50207  276.59330    35.2798     8.1387 0.0000e+00
 125.495072      8.179    11.9668  32.804123    28.0995      8.106  276.50420  276.59542    34.7661     8.2681 0.0000e+00
 125.495075      8.223    11.9668  32.803539    28.0992      8.149  276.50500  276.59623    34.7039     8.3005 0.0000e+00
 125.495078      8.258    11.9669  32.803597    28.0989      8.184  276.50460  276.59584    34.6572     8.2924 -9.990e-29
 125.495081      8.281    11.9668  32.802722    28.0982      8.207  276.50685  276.59809    34.7817     8.2722 -9.990e-29
 125.495084      8.305    11.9668  32.804532    28.0998      8.230  276.50323  276.59445    31.8089     7.5524 -9.990e-29
 125.495087      8.326    11.9672  32.804123    28.0992      8.252  276.50245  276.59370    31.8089     7.5605 -9.990e-29
 125.495090      8.341    11.9673  32.803948    28.0989      8.266  276.50216  276.59343    31.7000     7.5848 -9.990e-29
 125.495093      8.354    11.9677  32.804356    28.0990      8.279  276.49987  276.59116    31.8245     7.5807 -9.990e-29
 125.495095      8.368    11.9677  32.805174    28.0997      8.294  276.49807  276.58935    33.0696     7.9123 -9.990e-29
 125.495098      8.389    11.9680  32.804765    28.0991      8.314  276.49760  276.58890    33.0074     7.8759 -9.990e-29
 125.495101      8.410    11.9684  32.805349    28.0982      8.335  276.49468  276.58601    33.0229     7.8961 -9.990e-29
 125.495104      8.447    11.9686  32.804357    28.0984      8.371  276.49560  276.58696    33.0074     7.8961 0.0000e+00
 125.495107      8.480    11.9686  32.804765    28.0986      8.404  276.49487  276.58622    33.1941     8.0457 0.0000e+00
 125.495110      8.521    11.9686  32.804766    28.0986      8.445  276.49490  276.58625    33.1941     8.0296 0.0000e+00
 125.495113      8.563    11.9686  32.804941    28.0988      8.487  276.49492  276.58626    33.3498     8.0457 0.0000e+00
 125.495116      8.598    11.9686  32.804941    28.0988      8.521  276.49494  276.58629    33.3809     8.0174 0.0000e+00
 125.495119      8.627    11.9686  32.804941    28.0988      8.550  276.49465  276.58600    33.2097     8.0174 -9.990e-29
 125.495122      8.647    11.9686  32.804532    28.0984      8.570  276.49573  276.58708    31.9801     7.8233 -9.990e-29
 125.495124      8.660    11.9686  32.803540    28.0974      8.582  276.49756  276.58892    32.0580     7.8476 -9.990e-29
 125.495127      8.669    11.9687  32.804591    28.0983      8.591  276.49502  276.58638    32.0735     7.8274 -9.990e-29
 125.495130      8.672    11.9688  32.805817    28.0994      8.595  276.49245  276.58380    31.9490     7.8152 -9.990e-29
 125.495133      8.678    11.9688  32.804766    28.0984      8.600  276.49439  276.58575    35.0307     8.2803 -9.990e-29
 125.495136      8.684    11.9688  32.805583    28.0992      8.606  276.49258  276.58394    35.0619     8.2883 -9.990e-29
 125.495139      8.700    11.9691  32.805525    28.0987      8.622  276.49146  276.58284    34.9218     8.3005 -9.990e-29
 125.495142      8.733    11.9691  32.805350    28.0982      8.655  276.49181  276.58319    34.9218     8.2883 0.0000e+00
 125.495145      8.778    11.9692  32.804358    28.0977      8.700  276.49336  276.58475    36.3848     8.2560 0.0000e+00
 125.495148      8.835    11.9688  32.803774    28.0977      8.756  276.49602  276.58740    36.5560     8.2358 0.0000e+00
 125.495150      8.895    11.9685  32.804358    28.0974      8.816  276.49653  276.58788    36.5560     8.2115 0.0000e+00
 125.495153      8.957    11.9681  32.801264    28.0962      8.877  276.50412  276.59548    36.4471     8.2075 0.0000e+00
 125.495156      9.016    11.9679  32.801790    28.0962      8.935  276.50413  276.59546    32.4938     7.8152 0.0000e+00
 125.495159      9.060    11.9678  32.803133    28.0975      8.979  276.50200  276.59331    32.5249     7.8557 0.0000e+00
 125.495162      9.100    11.9678  32.803950    28.0979      9.019  276.50052  276.59182    32.5249     7.8476 0.0000e+00
 125.495165      9.125    11.9679  32.803542    28.0982      9.044  276.50098  276.59229    32.4004     7.8193 -9.990e-29
 125.495168      9.142    11.9680  32.804943    28.0990      9.060  276.49780  276.58910    32.5560     7.8557 -9.990e-29
 125.495171      9.148    11.9682  32.803950    28.0979      9.066  276.49870  276.59003    36.5560     8.1509 -9.990e-29
 125.495174      9.151    11.9686  32.804534    28.0981      9.069  276.49577  276.58713    36.5249     8.1590 -9.990e-29
 125.495177      9.160    11.9688  32.802608    28.0962      9.079  276.49870  276.59009    36.5249     8.1873 -9.990e-29
 125.495179      9.177    11.9686  32.804534    28.0981      9.095  276.49579  276.58714    36.5249     8.1711 -9.990e-29
 125.495182      9.195    11.9684  32.804126    28.0979      9.113  276.49779  276.58913    32.7895     7.8921 -9.990e-29
 125.495185      9.223    11.9679  32.803717    28.0986      9.140  276.50042  276.59173    32.8050     7.8921 0.0000e+00
 125.495188      9.254    11.9674  32.804768    28.0991      9.171  276.50098  276.59225    32.7584     7.9082 0.0000e+00
 125.495191      9.283    11.9670  32.804359    28.0993      9.200  276.50330  276.59455    32.6961     7.8961 0.0000e+00
 125.495194      9.312    11.9668  32.805352    28.0998      9.229  276.50242  276.59364    30.5015     7.8395 0.0000e+00
 125.495197      9.339    11.9666  32.804768    28.1002      9.256  276.50445  276.59566    30.6727     7.8274 0.0000e+00
 125.495200      9.367    11.9665  32.805352    28.1005      9.283  276.50401  276.59520    30.6105     7.8557 0.0000e+00
 125.495203      9.396    11.9663  32.806228    28.1008      9.312  276.50335  276.59452    30.4082     7.7950 0.0000e+00
 125.495205      9.422    11.9663  32.805527    28.1008      9.337  276.50465  276.59583    32.2447     7.9851 0.0000e+00
 125.495208      9.449    11.9663  32.805586    28.1008      9.364  276.50457  276.59574    32.2603     7.9406 0.0000e+00
 125.495211      9.484    11.9663  32.805820    28.1010      9.399  276.50385  276.59503    32.2447     7.9649 0.0000e+00
 125.495214      9.518    11.9662  32.805820    28.1010      9.433  276.50449  276.59566    32.3226     7.9649 0.0000e+00
 125.495217      9.560    11.9666  32.805528    28.1008      9.474  276.50320  276.59441    32.2292     7.9689 0.0000e+00
 125.495220      9.608    11.9665  32.805820    28.1005      9.522  276.50332  276.59451    33.3342     8.3571 0.0000e+00
 125.495223      9.655    11.9665  32.804361    28.0998      9.569  276.50604  276.59724    33.5366     8.3409 0.0000e+00
 125.495226      9.699    11.9663  32.804594    28.0998      9.612  276.50657  276.59775    33.5210     8.3692 0.0000e+00
 125.495229      9.741    11.9660  32.804945    28.1003      9.654  276.50719  276.59835    33.5366     8.3611 0.0000e+00
 125.495231      9.779    11.9659  32.806229    28.1007      9.692  276.50516  276.59631    32.6338     7.9366 0.0000e+00
 125.495234      9.816    11.9659  32.805354    28.1012      9.728  276.50680  276.59795    32.5560     7.9244 0.0000e+00
 125.495237      9.843    11.9660  32.804770    28.1007      9.755  276.50758  276.59875    32.5093     7.9406 -9.990e-29
 125.495240      9.865    11.9658  32.805587    28.1010      9.776  276.50702  276.59816    32.4938     7.9285 -9.990e-29
 125.495243      9.883    11.9657  32.806405    28.1019      9.794  276.50584  276.59697    34.0969     7.8921 -9.990e-29
 125.495246      9.890    11.9657  32.807105    28.1025      9.801  276.50456  276.59568    34.0035     7.9002 -9.990e-29
 125.495249      9.886    11.9658  32.806230    28.1016      9.798  276.50586  276.59699    34.0502     7.9244 -9.990e-29
 125.495252      9.890    11.9657  32.806405    28.1019      9.801  276.50585  276.59697    34.0035     7.9082 -9.990e-29
 125.495255      9.892    11.9657  32.806930    28.1023      9.803  276.50488  276.59600    33.7700     8.0538 -9.990e-29
 125.495258      9.904    11.9656  32.804537    28.1001      9.816  276.50960  276.60075    33.7700     8.0296 -9.990e-29
 125.495260      9.928    11.9656  32.805996    28.1015      9.839  276.50693  276.59806    33.6611     8.0498 -9.990e-29
 125.495263      9.952    11.9655  32.806230    28.1005      9.863  276.50714  276.59826    33.7856     8.0417 -9.990e-29
 125.495266      9.988    11.9654  32.804770    28.1011      9.899  276.51016  276.60129    33.7078     8.0255 0.0000e+00
 125.495269     10.027    11.9653  32.805821    28.1016      9.937  276.50887  276.59998    30.3459     8.0457 0.0000e+00
 125.495272     10.065    11.9652  32.806405    28.1016      9.975  276.50844  276.59953    30.2369     8.0336 0.0000e+00
 125.495275     10.099    11.9653  32.805355    28.1022     10.009  276.50978  276.60089    30.2681     8.0296 0.0000e+00
 125.495278     10.136    11.9652  32.807456    28.1018     10.045  276.50625  276.59733    30.1747     8.0376 0.0000e+00
 125.495281     10.171    11.9654  32.806230    28.1026     10.080  276.50791  276.59902    31.2331     7.8557 0.0000e+00
 125.495284     10.205    11.9655  32.807106    28.1026     10.114  276.50570  276.59681    31.2642     7.9002 0.0000e+00
 125.495286     10.233    11.9657  32.807457    28.1027     10.141  276.50415  276.59527    31.3420     7.9204 0.0000e+00
 125.495289     10.260    11.9659  32.808274    28.1027     10.169  276.50174  276.59286    31.3109     7.8880 0.0000e+00
 125.495292     10.286    11.9661  32.806639    28.1023     10.194  276.50383  276.59499    34.4704     8.0902 0.0000e+00
 125.495295     10.319    11.9661  32.807340    28.1021     10.226  276.50288  276.59402    34.5482     8.0902 0.0000e+00
 125.495298     10.351    11.9661  32.807223    28.1023     10.259  276.50281  276.59396    34.4704     8.0902 0.0000e+00
 125.495301     10.386    11.9662  32.807632    28.1021     10.293  276.50177  276.59292    34.5794     8.1145 0.0000e+00
 125.495304     10.417    11.9661  32.806932    28.1018     10.324  276.50339  276.59454    35.5132     8.2803 0.0000e+00
 125.495307     10.445    11.9661  32.805356    28.1011     10.351  276.50662  276.59778    35.3887     8.2600 0.0000e+00
 125.495310     10.474    11.9660  32.803721    28.1004     10.380  276.50995  276.60113    35.4665     8.2883 -9.990e-29
 125.495313     10.496    11.9659  32.805181    28.1003     10.402  276.50759  276.59875    35.3731     8.3086 -9.990e-29
 125.495315     10.516    11.9658  32.806407    28.1015     10.421  276.50566  276.59680    35.3887     8.2924 -9.990e-29
 125.495318     10.532    11.9656  32.806407    28.1017     10.438  276.50660  276.59773    32.8206     7.8799 -9.990e-29
 125.495321     10.547    11.9658  32.806407    28.1015     10.453  276.50568  276.59682    32.6494     7.8880 -9.990e-29
 125.495324     10.556    11.9659  32.807107    28.1021     10.462  276.50409  276.59523    32.7272     7.8921 -9.990e-29
 125.495327     10.567    11.9660  32.808508    28.1034     10.472  276.50121  276.59234    32.7584     7.8880 -9.990e-29
 125.495330     10.582    11.9659  32.807633    28.1026     10.487  276.50314  276.59428    33.8323     8.1064 -9.990e-29
 125.495333     10.598    11.9660  32.808684    28.1035     10.503  276.50091  276.59204    33.6766     8.1145 -9.990e-29
 125.495336     10.620    11.9656  32.808684    28.1037     10.525  276.50247  276.59358    33.7856     8.0740 -9.990e-29
 125.495339     10.646    11.9657  32.808684    28.1040     10.550  276.50218  276.59329    33.8167     8.0902 0.0000e+00
 125.495341     10.679    11.9654  32.809093    28.1042     10.583  276.50269  276.59377    32.2914     8.0296 0.0000e+00
 125.495344     10.717    11.9656  32.809093    28.1042     10.621  276.50210  276.59319    32.3226     8.0336 0.0000e+00
 125.495347     10.759    11.9654  32.807458    28.1042     10.663  276.50606  276.59716    32.2603     8.0457 0.0000e+00
 125.495350     10.790    11.9653  32.809502    28.1040     10.694  276.50263  276.59370    32.2136     8.0457 0.0000e+00
 125.495353     10.830    11.9653  32.808684    28.1043     10.733  276.50417  276.59524    35.9179     8.8706 0.0000e+00
 125.495356     10.869    11.9652  32.808918    28.1043     10.771  276.50438  276.59545    35.9957     8.8423 0.0000e+00
 125.495359     10.901    11.9653  32.809502    28.1047     10.804  276.50271  276.59378    36.0268     8.8868 0.0000e+00
 125.495362     10.931    11.9652  32.809852    28.1048     10.833  276.50240  276.59346    35.9801     8.9192 0.0000e+00
