Processed/SBE19plus_01907321_2022_05_11_Cast124_wfilter.cnv
* Sea-Bird SBE19plus  Data File:
* FileName = E:\Prandtl_Daten\2022\CTD\Raw\SBE19plus_01907321_2022_05_11_Cast124.hex
* Software version 2.6.1.12
* Temperature SN = 7321
* Conductivity SN = 7321
* System UpLoad Time = May 11 2022 08:40:52
* <ApplicationData>
* <Seaterm232>
** Messpraktikum 2022
** CTD 10.05  TS
** NMEA Latitude = 54 07.51N
** NMEA Longitude = 008 41,99E
# nquan = 11
# nvalues = 399                         
# units = specified
# name 0 = timeJ: Julian Days
# name 1 = prdM: Pressure, Strain Gauge [db]
# name 2 = tv290C: Temperature [ITS-90, deg C]
# name 3 = c0mS/cm: Conductivity [mS/cm]
# name 4 = sal00: Salinity, Practical [PSU]
# name 5 = depSM: Depth [salt water, m], lat = 54.00
# name 6 = oxsatMm/Kg: Oxygen Saturation, Weiss [umol/kg]
# name 7 = oxsolMm/Kg: Oxygen Saturation, Garcia & Gordon [umol/kg]
# name 8 = turbWETntu0: Turbidity, WET Labs ECO [NTU]
# name 9 = flECO-AFL: Fluorescence, WET Labs ECO-AFL/FL [mg/m^3]
# name 10 = flag:  0.000e+00
# span 0 = 131.357436, 131.358588       
# span 1 =      0.537,     10.080       
# span 2 =    12.9831,    13.3255       
# span 3 =  31.425623,  32.463530       
# span 4 =    26.0832,    26.7954       
# span 5 =      0.532,      9.989       
# span 6 =  271.14219,  274.43598       
# span 7 =  271.32720,  274.60886       
# span 8 =     2.1591,   139.9023       
# span 9 =     4.9604,    19.3356       
# span 10 = 0.0000e+00, 0.0000e+00      
# interval = seconds: 0.25
# start_time = May 11 2022 08:33:23 [Instrument's time stamp, header]
# bad_flag = -9.990e-29
*END*
 131.357436      0.537    12.9869  31.425623    26.0832      0.532  274.43074  274.60390     3.7934     6.4081 0.0000e+00
 131.357439      0.586    12.9871  31.425623    26.0832      0.581  274.43012  274.60330     3.7311     6.3919 0.0000e+00
 131.357442      0.637    12.9872  31.426599    26.0834      0.631  274.42812  274.60129     3.8556     6.3959 0.0000e+00
 131.357445      0.685    12.9873  31.426197    26.0836      0.678  274.42821  274.60140     3.8401     6.4404 0.0000e+00
 131.357448      0.715    12.9874  31.426599    26.0834      0.709  274.42689  274.60007     3.7155     6.4000 -9.990e-29
 131.357451      0.728    12.9874  31.427001    26.0841      0.722  274.42619  274.59937     2.8284     6.5091 -9.990e-29
 131.357454      0.734    12.9875  31.426772    26.0838      0.727  274.42627  274.59947     2.7506     6.5294 -9.990e-29
 131.357457      0.739    12.9877  31.427403    26.0844      0.733  274.42453  274.59772     2.8906     6.5011 -9.990e-29
 131.357459      0.770    12.9877  31.427575    26.0839      0.763  274.42424  274.59744     2.8906     6.5658 0.0000e+00
 131.357462      0.816    12.9879  31.426600    26.0843      0.809  274.42502  274.59824     2.6883     6.1897 0.0000e+00
 131.357465      0.852    12.9879  31.427576    26.0836      0.845  274.42333  274.59654     2.5171     6.1816 0.0000e+00
 131.357468      0.887    12.9878  31.426772    26.0843      0.879  274.42508  274.59829     2.4393     6.2746 0.0000e+00
 131.357471      0.914    12.9877  31.427576    26.0836      0.906  274.42433  274.59753     2.5171     6.1816 0.0000e+00
 131.357474      0.940    12.9879  31.427002    26.0844      0.932  274.42407  274.59729     2.1747     6.1735 0.0000e+00
 131.357477      0.967    12.9879  31.428781    26.0847      0.959  274.42097  274.59417     2.2681     6.1735 0.0000e+00
 131.357480      0.997    12.9882  31.428380    26.0850      0.988  274.42072  274.59394     2.3303     6.1978 0.0000e+00
 131.357483      1.028    12.9884  31.429356    26.0847      1.019  274.41807  274.59129     2.1591     6.1978 -9.990e-29
 131.357486      1.046    12.9883  31.428954    26.0852      1.037  274.41911  274.59233     3.1864     6.5294 -9.990e-29
 131.357488      1.062    12.9881  31.430332    26.0866      1.053  274.41766  274.59086     3.4043     6.4606 -9.990e-29
 131.357491      1.073    12.9876  31.429930    26.0865      1.064  274.42063  274.59379     3.2486     6.4364 -9.990e-29
 131.357494      1.070    12.9872  31.429528    26.0865      1.060  274.42326  274.59640     3.3576     6.4606 -9.990e-29
 131.357497      1.068    12.9868  31.429528    26.0867      1.058  274.42486  274.59799     3.3731     6.4970 -9.990e-29
 131.357500      1.086    12.9866  31.429930    26.0881      1.076  274.42513  274.59824     3.6222     6.0441 -9.990e-29
 131.357503      1.124    12.9866  31.430906    26.0881      1.114  274.42344  274.59654     3.5910     5.9835 0.0000e+00
 131.357506      1.185    12.9866  31.430906    26.0880      1.174  274.42316  274.59626     3.4510     6.0037 0.0000e+00
 131.357509      1.237    12.9866  31.430734    26.0879      1.226  274.42350  274.59660     3.6222     5.9875 0.0000e+00
 131.357512      1.285    12.9868  31.430333    26.0877      1.273  274.42359  274.59670     3.2175     6.4687 0.0000e+00
 131.357514      1.318    12.9871  31.430160    26.0874      1.306  274.42262  274.59576     3.2486     6.4404 -9.990e-29
 131.357517      1.332    12.9872  31.430907    26.0876      1.320  274.42068  274.59382     3.2953     6.5091 -9.990e-29
 131.357520      1.336    12.9872  31.428955    26.0858      1.324  274.42411  274.59726     3.3420     6.5011 -9.990e-29
 131.357523      1.349    12.9875  31.429931    26.0865      1.336  274.42112  274.59428     2.7350     5.7772 -9.990e-29
 131.357526      1.369    12.9877  31.430505    26.0852      1.356  274.41916  274.59233     2.8284     5.8177 -9.990e-29
 131.357529      1.400    12.9879  31.428783    26.0868      1.387  274.42156  274.59475     2.7039     5.7894 0.0000e+00
 131.357532      1.440    12.9877  31.432113    26.0868      1.427  274.41638  274.58954     2.8128     5.7166 0.0000e+00
 131.357535      1.467    12.9877  31.432515    26.0883      1.454  274.41570  274.58885     2.9685     6.1210 -9.990e-29
 131.357538      1.486    12.9877  31.430333    26.0867      1.472  274.41986  274.59303     3.0619     6.1048 -9.990e-29
 131.357541      1.491    12.9876  31.430735    26.0871      1.478  274.41948  274.59264     2.8751     6.0441 -9.990e-29
 131.357543      1.502    12.9877  31.429529    26.0860      1.488  274.42128  274.59445     2.8128     6.0927 -9.990e-29
 131.357546      1.524    12.9877  31.430505    26.0884      1.510  274.41958  274.59275     2.8906     6.0846 -9.990e-29
 131.357549      1.553    12.9876  31.432113    26.0894      1.539  274.41710  274.59025     4.6650     6.2059 0.0000e+00
 131.357552      1.597    12.9874  31.434237    26.0904      1.582  274.41404  274.58716     4.4938     6.2504 0.0000e+00
 131.357555      1.639    12.9876  31.434467    26.0904      1.624  274.41302  274.58615     4.3537     6.2180 0.0000e+00
 131.357558      1.681    12.9878  31.433262    26.0904      1.666  274.41420  274.58735     4.5560     6.2261 0.0000e+00
 131.357561      1.712    12.9879  31.434640    26.0898      1.696  274.41116  274.58431     3.9646     6.0522 0.0000e+00
 131.357564      1.739    12.9880  31.433262    26.0904      1.723  274.41327  274.58644     4.1202     5.9835 -9.990e-29
 131.357567      1.754    12.9878  31.434238    26.0901      1.738  274.41253  274.58568     3.9801     6.0482 -9.990e-29
 131.357569      1.770    12.9874  31.432688    26.0889      1.754  274.41687  274.59001     4.0580     5.9875 -9.990e-29
 131.357572      1.779    12.9873  31.435616    26.0917      1.763  274.41238  274.58548     3.1241     6.4283 -9.990e-29
 131.357575      1.797    12.9875  31.435042    26.0910      1.781  274.41244  274.58556     3.1085     6.4566 -9.990e-29
 131.357578      1.817    12.9876  31.434640    26.0898      1.801  274.41283  274.58596     3.2331     6.3676 -9.990e-29
 131.357581      1.844    12.9878  31.433894    26.0906      1.828  274.41319  274.58634     2.9529     6.3636 0.0000e+00
 131.357584      1.879    12.9877  31.435444    26.0902      1.863  274.41114  274.58427     2.6261     6.4485 0.0000e+00
 131.357587      1.907    12.9874  31.434066    26.0909      1.890  274.41486  274.58798     2.4548     6.4485 0.0000e+00
 131.357590      1.938    12.9871  31.434640    26.0906      1.920  274.41516  274.58825     2.5171     6.4687 0.0000e+00
 131.357593      1.965    12.9871  31.435674    26.0909      1.948  274.41336  274.58645     2.4237     6.4930 -9.990e-29
 131.357595      1.985    12.9869  31.436018    26.0923      1.968  274.41341  274.58649     2.7194     6.4768 -9.990e-29
 131.357598      2.007    12.9864  31.436018    26.0926      1.989  274.41567  274.58872     3.4976     6.8771 -9.990e-29
 131.357601      2.027    12.9856  31.436019    26.0932      2.009  274.41922  274.59222     3.2486     6.8326 -9.990e-29
 131.357604      2.053    12.9853  31.435847    26.0929      2.035  274.42115  274.59412     3.2175     6.8812 0.0000e+00
 131.357607      2.082    12.9849  31.434871    26.0926      2.064  274.42448  274.59745     3.3576     6.8407 0.0000e+00
 131.357610      2.115    12.9846  31.433665    26.0926      2.096  274.42791  274.60086     3.9490     6.3555 0.0000e+00
 131.357613      2.153    12.9842  31.434469    26.0922      2.134  274.42845  274.60137     4.0580     6.4081 0.0000e+00
 131.357616      2.182    12.9840  31.435617    26.0927      2.163  274.42742  274.60031     3.9957     6.3878 -9.990e-29
 131.357619      2.206    12.9838  31.435617    26.0940      2.186  274.42839  274.60128     4.2292     6.3797 -9.990e-29
 131.357622      2.232    12.9837  31.435847    26.0942      2.212  274.42833  274.60121     4.7428     6.5698 -9.990e-29
 131.357624      2.255    12.9837  31.435847    26.0942      2.235  274.42834  274.60122     4.6027     6.6466 -9.990e-29
 131.357627      2.274    12.9836  31.434871    26.0934      2.253  274.43071  274.60359     4.5871     6.6224 -9.990e-29
 131.357630      2.294    12.9836  31.436249    26.0947      2.273  274.42831  274.60117     4.4004     6.5981 -9.990e-29
 131.357633      2.314    12.9834  31.436422    26.0949      2.293  274.42866  274.60151     3.9179     6.5860 -9.990e-29
 131.357636      2.337    12.9835  31.436249    26.0947      2.316  274.42865  274.60151     3.7622     6.5294 -9.990e-29
 131.357639      2.354    12.9833  31.437627    26.0961      2.333  274.42689  274.59973     3.8245     6.5698 -9.990e-29
 131.357642      2.372    12.9832  31.437398    26.0960      2.351  274.42795  274.60078     3.6533     6.5658 -9.990e-29
 131.357645      2.397    12.9832  31.436824    26.0954      2.376  274.42897  274.60181     3.6533     6.5334 -9.990e-29
 131.357648      2.419    12.9833  31.436020    26.0947      2.398  274.42975  274.60260     3.5755     6.9863 -9.990e-29
 131.357650      2.454    12.9831  31.436020    26.0936      2.432  274.43074  274.60358     3.3731     6.9256 0.0000e+00
 131.357653      2.485    12.9832  31.433666    26.0939      2.463  274.43456  274.60743     3.6533     7.0065 0.0000e+00
 131.357656      2.518    12.9833  31.435274    26.0925      2.496  274.43112  274.60398     3.5910     6.9863 0.0000e+00
 131.357659      2.549    12.9833  31.432518    26.0933      2.526  274.43598  274.60886     4.0113     6.8731 0.0000e+00
 131.357662      2.576    12.9836  31.434872    26.0933      2.553  274.43090  274.60378     4.1513     6.8326 0.0000e+00
 131.357665      2.602    12.9837  31.436250    26.0939      2.579  274.42785  274.60073     4.1980     6.8771 0.0000e+00
 131.357668      2.628    12.9838  31.434872    26.0945      2.604  274.42997  274.60286     3.9023     6.8488 -9.990e-29
 131.357671      2.644    12.9841  31.437226    26.0951      2.620  274.42456  274.59745     4.1825     6.6264 -9.990e-29
 131.357674      2.660    12.9843  31.439006    26.0966      2.637  274.42049  274.59337     4.2292     6.6305 -9.990e-29
 131.357677      2.677    12.9846  31.440958    26.1020      2.653  274.41579  274.58867     4.1825     6.6830 -9.990e-29
 131.357679      2.704    12.9848  31.445265    26.1046      2.680  274.40729  274.58015     4.4315     6.6507 0.0000e+00
 131.357682      2.739    12.9851  31.451179    26.1071      2.715  274.39533  274.56816     4.4626     6.4040 0.0000e+00
 131.357685      2.774    12.9859  31.456864    26.1119      2.749  274.38216  274.55499     4.6338     6.2948 0.0000e+00
 131.357688      2.810    12.9866  31.460023    26.1131      2.785  274.37343  274.54627     4.4471     6.2908 0.0000e+00
 131.357691      2.841    12.9873  31.463354    26.1142      2.816  274.36440  274.53725     4.5249     6.2746 -9.990e-29
 131.357694      2.865    12.9883  31.465307    26.1179      2.839  274.35649  274.52939     4.6183     6.2463 -9.990e-29
 131.357697      2.885    12.9891  31.467489    26.1193      2.859  274.34914  274.52207     3.9957     6.3231 -9.990e-29
 131.357700      2.901    12.9897  31.475760    26.1265      2.875  274.33176  274.50465     3.9334     6.3272 -9.990e-29
 131.357703      2.910    12.9910  31.479264    26.1288      2.884  274.31984  274.49278     3.8712     6.3070 -9.990e-29
 131.357705      2.927    12.9919  31.479494    26.1284      2.901  274.31559  274.48859     4.1825     6.3231 -9.990e-29
 131.357708      2.945    12.9925  31.487134    26.1350      2.919  274.29964  274.47260     4.2447     6.0643 -9.990e-29
 131.357711      2.969    12.9936  31.493052    26.1467      2.942  274.28446  274.45744     4.3381     6.0643 -9.990e-29
 131.357714      2.998    12.9951  31.501900    26.1476      2.971  274.26223  274.43522     4.4004     6.1129 0.0000e+00
 131.357717      3.032    12.9971  31.505463    26.1486      3.005  274.24701  274.42010     4.1825     6.1371 0.0000e+00
 131.357720      3.071    12.9992  31.508623    26.1500      3.043  274.23219  274.40538     5.8167     6.7275 0.0000e+00
 131.357723      3.109    13.0012  31.514312    26.1539      3.081  274.21326  274.38652     5.6766     6.7275 0.0000e+00
 131.357726      3.144    13.0030  31.515921    26.1540      3.116  274.20244  274.37580     5.8945     6.7639 0.0000e+00
 131.357729      3.173    13.0045  31.518852    26.1541      3.145  274.19058  274.36401     5.6922     6.7315 -9.990e-29
 131.357731      3.197    13.0058  31.522415    26.1581      3.168  274.17857  274.35205     5.1008     6.7437 -9.990e-29
 131.357734      3.215    13.0072  31.528335    26.1626      3.186  274.16212  274.33562     5.2253     6.2504 -9.990e-29
 131.357737      3.235    13.0086  31.531497    26.1645      3.206  274.15017  274.32374     5.1319     6.1897 -9.990e-29
 131.357740      3.257    13.0103  31.533623    26.1652      3.228  274.13876  274.31242     5.1630     6.2342 -9.990e-29
 131.357743      3.281    13.0115  31.535405    26.1660      3.251  274.13052  274.30423     5.0541     6.1937 -9.990e-29
 131.357746      3.304    13.0127  31.540177    26.1696      3.275  274.11704  274.29079     4.2759     6.4768 -9.990e-29
 131.357749      3.330    13.0140  31.540521    26.1690      3.300  274.11068  274.28450     4.1513     6.4525 -9.990e-29
 131.357752      3.350    13.0150  31.537590    26.1656      3.320  274.11134  274.28525     3.9646     6.4849 -9.990e-29
 131.357755      3.376    13.0153  31.540176    26.1678      3.345  274.10522  274.27913     3.9957     6.5051 -9.990e-29
 131.357758      3.396    13.0156  31.542706    26.1699      3.365  274.09952  274.27342     4.5871     6.4040 -9.990e-29
 131.357760      3.416    13.0163  31.542304    26.1690      3.385  274.09735  274.27130     4.4782     6.4566 -9.990e-29
 131.357763      3.437    13.0169  31.545293    26.1713      3.407  274.08924  274.26320     4.6494     6.4121 -9.990e-29
 131.357766      3.460    13.0173  31.546040    26.1717      3.429  274.08602  274.26000     4.5560     6.4404 -9.990e-29
 131.357769      3.476    13.0180  31.555354    26.1798      3.445  274.06684  274.24078     4.5560     6.7154 -9.990e-29
 131.357772      3.499    13.0196  31.556734    26.1875      3.468  274.05706  274.23109     4.3537     6.6668 -9.990e-29
 131.357775      3.529    13.0212  31.566222    26.1892      3.497  274.03341  274.20745     4.6183     6.7073 0.0000e+00
 131.357778      3.560    13.0236  31.571743    26.1909      3.528  274.01318  274.18733     4.5405     6.7073 0.0000e+00
 131.357781      3.600    13.0257  31.573525    26.1911      3.568  274.00079  274.17505     4.8517     6.6507 0.0000e+00
 131.357784      3.640    13.0279  31.581577    26.1969      3.607  273.97678  274.15111     4.8673     6.5172 0.0000e+00
 131.357786      3.673    13.0302  31.589284    26.2024      3.640  273.95306  274.12746     4.8206     6.5091 0.0000e+00
 131.357789      3.702    13.0329  31.592275    26.2028      3.669  273.93598  274.11052     4.8362     6.4728 0.0000e+00
 131.357792      3.731    13.0354  31.598373    26.2033      3.698  273.91444  274.08907     4.6805     6.4485 -9.990e-29
 131.357795      3.752    13.0377  31.602515    26.2093      3.718  273.89663  274.07137     4.2759     7.3826 -9.990e-29
 131.357798      3.775    13.0398  31.604298    26.2095      3.742  273.88455  274.05941     4.3537     7.3866 -9.990e-29
 131.357801      3.790    13.0418  31.607290    26.2109      3.756  273.87035  274.04531     4.2136     7.3381 -9.990e-29
 131.357804      3.808    13.0432  31.613216    26.2154      3.774  273.85391  274.02890     4.2603     7.4109 -9.990e-29
 131.357807      3.827    13.0447  31.613619    26.2146      3.792  273.84617  274.02125     4.4626     6.5334 -9.990e-29
 131.357810      3.845    13.0460  31.615000    26.2150      3.810  273.83832  274.01347     4.4315     6.5779 -9.990e-29
 131.357812      3.870    13.0470  31.617934    26.2221      3.836  273.82872  274.00390     4.4159     6.5738 -9.990e-29
