Processed/SBE19plus_01907321_2022_05_04_Cast06_wfilter.cnv
* Sea-Bird SBE19plus  Data File:
* FileName = E:\Prandtl Daten\2022\CTD\Raw\SBE19plus_01907321_2022_05_04_Cast06.hex
* Software version 2.6.1.12
* Temperature SN = 7321
* Conductivity SN = 7321
* System UpLoad Time = May 04 2022 05:53:20
* <ApplicationData>
* <Seaterm232>
** Messpraktikum 2022
** CTD 04.05 BM
# nquan = 11
# nvalues = 579                         
# units = specified
# name 0 = timeJ: Julian Days
# name 1 = prdM: Pressure, Strain Gauge [db]
# name 2 = tv290C: Temperature [ITS-90, deg C]
# name 3 = c0mS/cm: Conductivity [mS/cm]
# name 4 = sal00: Salinity, Practical [PSU]
# name 5 = depSM: Depth [salt water, m], lat = 54.00
# name 6 = oxsatMm/Kg: Oxygen Saturation, Weiss [umol/kg]
# name 7 = oxsolMm/Kg: Oxygen Saturation, Garcia & Gordon [umol/kg]
# name 8 = turbWETntu0: Turbidity, WET Labs ECO [NTU]
# name 9 = flECO-AFL: Fluorescence, WET Labs ECO-AFL/FL [mg/m^3]
# name 10 = flag:  0.000e+00
# span 0 = 124.238359, 124.240032       
# span 1 =      0.777,     14.031       
# span 2 =    12.5292,    12.6321       
# span 3 =  32.021437,  32.034663       
# span 4 =    26.8865,    26.9584       
# span 5 =      0.770,     13.906       
# span 6 =  274.94525,  275.41212       
# span 7 =  275.09010,  275.55031       
# span 8 =    39.2642,   205.6766       
# span 9 =    10.4396,    19.7440       
# span 10 = 0.0000e+00, 0.0000e+00      
# interval = seconds: 0.25
# start_time = May 04 2022 05:41:45 [Instrument's time stamp, header]
# bad_flag = -9.990e-29
*END*
[from data line 263]
 124.239120      7.049    12.5345  32.023002    26.9498      6.986  275.39446  275.53295    91.5132    16.2988 -9.990e-29
 124.239123      7.073    12.5341  32.023233    26.9504      7.009  275.39596  275.53442    90.2992    16.6385 -9.990e-29
 124.239126      7.095    12.5338  32.023812    26.9511      7.031  275.39620  275.53464    90.3459    16.6344 -9.990e-29
 124.239129      7.124    12.5334  32.023638    26.9512      7.060  275.39811  275.53653    90.2836    16.6425 -9.990e-29
 124.239132      7.148    12.5333  32.023812    26.9514      7.084  275.39813  275.53654    90.1436    16.6182 -9.990e-29
 124.239135      7.171    12.5333  32.023812    26.9514      7.107  275.39815  275.53656    94.4082    15.1706 -9.990e-29
 124.239138      7.195    12.5334  32.023581    26.9511      7.131  275.39826  275.53668    94.3459    15.1625 -9.990e-29
 124.239141      7.213    12.5332  32.023407    26.9511      7.149  275.39953  275.53794    94.4237    15.1464 -9.990e-29
 124.239144      7.232    12.5331  32.024043    26.9517      7.167  275.39872  275.53711    94.3926    15.1706 -9.990e-29
 124.239146      7.250    12.5334  32.023407    26.9509      7.185  275.39861  275.53703    95.2798    15.2232 -9.990e-29
 124.239149      7.273    12.5333  32.024622    26.9521      7.208  275.39676  275.53517    95.3887    15.2434 -9.990e-29
 124.239152      7.304    12.5333  32.025431    26.9528      7.239  275.39533  275.53373    95.3731    15.2151 -9.990e-29
 124.239155      7.328    12.5338  32.024044    26.9514      7.262  275.39594  275.53437    95.4198    15.2272 -9.990e-29
 124.239158      7.362    12.5336  32.024044    26.9511      7.296  275.39691  275.53533    95.2175    15.1989 0.0000e+00
 124.239161      7.391    12.5333  32.023408    26.9514      7.325  275.39902  275.53743    90.8440    14.4630 0.0000e+00
 124.239164      7.419    12.5327  32.023639    26.9513      7.353  275.40147  275.53984    90.7973    14.4670 0.0000e+00
 124.239167      7.445    12.5326  32.023408    26.9516      7.378  275.40221  275.54058    90.8440    14.4549 -9.990e-29
 124.239170      7.468    12.5326  32.024449    26.9524      7.401  275.40068  275.53903    90.7194    14.4670 -9.990e-29
 124.239172      7.490    12.5333  32.024218    26.9517      7.423  275.39795  275.53635    98.7506    14.5398 -9.990e-29
 124.239175      7.506    12.5339  32.024449    26.9514      7.439  275.39470  275.53314    98.8128    14.5398 -9.990e-29
 124.239178      7.521    12.5340  32.024449    26.9514      7.453  275.39439  275.53284    98.7350    14.5196 -9.990e-29
 124.239181      7.529    12.5341  32.024622    26.9514      7.462  275.39345  275.53191    98.7661    14.5439 -9.990e-29
 124.239184      7.537    12.5343  32.024449    26.9512      7.469  275.39313  275.53160    99.2798    15.3688 -9.990e-29
 124.239187      7.548    12.5346  32.024622    26.9511      7.480  275.39157  275.53005    99.2953    15.3526 -9.990e-29
 124.239190      7.571    12.5345  32.026647    26.9544      7.504  275.38827  275.52673    99.2798    15.3485 -9.990e-29
 124.239193      7.601    12.5348  32.028266    26.9539      7.533  275.38412  275.52259    99.3420    15.3607 0.0000e+00
 124.239196      7.638    12.5355  32.027861    26.9534      7.569  275.38139  275.51991   102.4393    14.6086 0.0000e+00
 124.239198      7.687    12.5360  32.027225    26.9525      7.618  275.38035  275.51891   102.4082    14.5924 0.0000e+00
 124.239201      7.734    12.5360  32.027225    26.9524      7.665  275.38070  275.51925   102.3770    14.5883 0.0000e+00
 124.239204      7.783    12.5358  32.026416    26.9518      7.714  275.38281  275.52136   102.3459    14.6288 0.0000e+00
 124.239207      7.818    12.5355  32.025838    26.9517      7.748  275.38514  275.52368   102.3148    14.6166 0.0000e+00
 124.239210      7.843    12.5350  32.025028    26.9515      7.773  275.38882  275.52733   105.0852    14.5479 -9.990e-29
 124.239213      7.858    12.5349  32.024623    26.9508      7.787  275.39019  275.52869   105.0385    14.5277 -9.990e-29
 124.239216      7.855    12.5346  32.026243    26.9525      7.784  275.38886  275.52733   105.2253    14.5236 -9.990e-29
 124.239219      7.851    12.5349  32.026416    26.9524      7.780  275.38697  275.52546   105.1630    14.5641 -9.990e-29
 124.239222      7.845    12.5351  32.026011    26.9519      7.775  275.38674  275.52525   109.3965    16.7517 -9.990e-29
 124.239225      7.844    12.5350  32.025838    26.9519      7.774  275.38769  275.52619   109.4120    16.7476 -9.990e-29
 124.239227      7.860    12.5348  32.026416    26.9536      7.790  275.38761  275.52609   109.4899    16.7921 -9.990e-29
 124.239230      7.888    12.5347  32.027457    26.9532      7.817  275.38608  275.52454   109.4120    16.7840 0.0000e+00
 124.239233      7.924    12.5346  32.026648    26.9536      7.853  275.38787  275.52634   105.5054    15.7327 0.0000e+00
 124.239236      7.971    12.5350  32.027862    26.9528      7.900  275.38383  275.52231   105.5833    15.7570 0.0000e+00
 124.239239      8.017    12.5355  32.026648    26.9522      7.945  275.38413  275.52266   105.6144    15.7853 0.0000e+00
 124.239242      8.062    12.5355  32.026648    26.9522      7.990  275.38416  275.52269   105.6611    15.7570 0.0000e+00
 124.239245      8.098    12.5352  32.026243    26.9521      8.026  275.38618  275.52469   103.7934    14.5236 0.0000e+00
 124.239248      8.128    12.5350  32.026648    26.9520      8.055  275.38642  275.52491   103.8245    14.5803 -9.990e-29
 124.239251      8.150    12.5348  32.025434    26.9515      8.077  275.38924  275.52774   103.7467    14.5600 -9.990e-29
 124.239253      8.169    12.5345  32.026417    26.9526      8.096  275.38908  275.52754   103.8245    14.5439 -9.990e-29
 124.239256      8.180    12.5345  32.026648    26.9528      8.106  275.38867  275.52713   103.8556    14.5196 -9.990e-29
 124.239259      8.179    12.5346  32.026822    26.9529      8.106  275.38772  275.52619   109.8790    16.4727 -9.990e-29
 124.239262      8.186    12.5350  32.027458    26.9532      8.113  275.38469  275.52318   110.0346    16.4322 -9.990e-29
 124.239265      8.199    12.5353  32.028036    26.9535      8.126  275.38240  275.52090   110.0502    16.4727 -9.990e-29
 124.239268      8.219    12.5356  32.027227    26.9526      8.145  275.38260  275.52113   109.8945    16.4889 -9.990e-29
 124.239271      8.239    12.5357  32.028268    26.9540      8.165  275.38043  275.51895   108.9607    16.4484 -9.990e-29
 124.239274      8.272    12.5360  32.029077    26.9536      8.198  275.37742  275.51596   108.8829    16.4161 0.0000e+00
 124.239277      8.307    12.5363  32.028441    26.9535      8.232  275.37763  275.51619   108.9762    16.4565 0.0000e+00
 124.239280      8.341    12.5361  32.028673    26.9533      8.267  275.37787  275.51642   108.9451    16.4282 0.0000e+00
 124.239282      8.379    12.5360  32.028442    26.9533      8.304  275.37863  275.51718   138.9840    15.8661 0.0000e+00
 124.239285      8.411    12.5357  32.027459    26.9530      8.335  275.38199  275.52053   138.8906    15.8985 0.0000e+00
 124.239288      8.445    12.5351  32.028268    26.9527      8.370  275.38309  275.52158   139.0774    15.8661 -9.990e-29
 124.239291      8.467    12.5345  32.028269    26.9543      8.392  275.38596  275.52440   138.9373    15.8742 -9.990e-29
 124.239294      8.489    12.5343  32.027633    26.9538      8.414  275.38774  275.52618   143.6533    16.7072 -9.990e-29
 124.239297      8.506    12.5343  32.029252    26.9553      8.430  275.38485  275.52328   143.6844    16.6951 -9.990e-29
 124.239300      8.515    12.5347  32.029425    26.9552      8.439  275.38297  275.52141   143.7778    16.6870 -9.990e-29
 124.239303      8.528    12.5352  32.030466    26.9558      8.451  275.37889  275.51737   143.7000    16.7032 -9.990e-29
 124.239306      8.548    12.5355  32.031045    26.9561      8.471  275.37661  275.51509   143.7155    16.6708 -9.990e-29
 124.239308      8.570    12.5356  32.030062    26.9553      8.493  275.37775  275.51625   138.9840    17.3744 -9.990e-29
 124.239311      8.599    12.5358  32.030466    26.9555      8.522  275.37609  275.51461   138.8440    17.3785 0.0000e+00
 124.239314      8.634    12.5358  32.030871    26.9553      8.556  275.37539  275.51390   138.9840    17.3906 0.0000e+00
 124.239317      8.659    12.5358  32.030062    26.9553      8.581  275.37718  275.51569   138.8751    17.3704 0.0000e+00
 124.239320      8.686    12.5358  32.029252    26.9549      8.608  275.37864  275.51716   121.0541    15.7893 -9.990e-29
 124.239323      8.710    12.5358  32.030872    26.9557      8.632  275.37576  275.51426   121.1475    15.7974 -9.990e-29
 124.239326      8.731    12.5357  32.030698    26.9556      8.653  275.37640  275.51490   121.0696    15.7933 -9.990e-29
 124.239329      8.748    12.5356  32.030467    26.9554      8.670  275.37714  275.51564   121.0385    15.8055 -9.990e-29
 124.239332      8.764    12.5359  32.031045    26.9557      8.686  275.37485  275.51336   122.8284    17.4432 -9.990e-29
 124.239334      8.778    12.5358  32.031277    26.9560      8.700  275.37476  275.51327   122.8440    17.4270 -9.990e-29
 124.239337      8.797    12.5358  32.030236    26.9553      8.718  275.37695  275.51547   122.8284    17.4512 -9.990e-29
 124.239340      8.824    12.5354  32.030236    26.9561      8.745  275.37855  275.51704   122.6883    17.4512 0.0000e+00
 124.239343      8.857    12.5349  32.031451    26.9558      8.777  275.37861  275.51706   129.7233    16.3918 0.0000e+00
 124.239346      8.895    12.5346  32.030236    26.9558      8.816  275.38208  275.52052   129.6144    16.3837 0.0000e+00
 124.239349      8.937    12.5343  32.029080    26.9558      8.857  275.38544  275.52387   129.7545    16.3958 0.0000e+00
 124.239352      8.963    12.5339  32.029832    26.9554      8.882  275.38601  275.52441   129.7078    16.3999 0.0000e+00
 124.239355      8.994    12.5339  32.029947    26.9559      8.913  275.38582  275.52422   129.6455    16.3918 -9.990e-29
 124.239358      9.011    12.5343  32.028849    26.9548      8.930  275.38622  275.52465   144.9451    16.4808 -9.990e-29
 124.239361      9.015    12.5345  32.028270    26.9541      8.935  275.38631  275.52476   145.0229    16.5252 -9.990e-29
 124.239363      9.027    12.5343  32.028270    26.9542      8.946  275.38695  275.52539   144.9762    16.5293 -9.990e-29
 124.239366      9.046    12.5341  32.029080    26.9551      8.965  275.38678  275.52519   144.9140    16.4848 -9.990e-29
 124.239369      9.064    12.5340  32.029832    26.9559      8.983  275.38576  275.52416   134.4548    17.4027 -9.990e-29
 124.239372      9.088    12.5341  32.029427    26.9549      9.007  275.38587  275.52428   134.2992    17.4027 -9.990e-29
 124.239375      9.113    12.5343  32.029080    26.9555      9.032  275.38588  275.52430   134.3148    17.3785 0.0000e+00
 124.239378      9.139    12.5339  32.030064    26.9561      9.057  275.38571  275.52410   134.4393    17.3623 0.0000e+00
 124.239381      9.172    12.5343  32.030642    26.9562      9.090  275.38280  275.52122   129.2097    16.1937 0.0000e+00
 124.239384      9.201    12.5350  32.031047    26.9562      9.119  275.37893  275.51739   129.1163    16.1977 0.0000e+00
 124.239387      9.236    12.5353  32.029948    26.9562      9.153  275.37966  275.51815   129.2720    16.2018 -9.990e-29
 124.239389      9.260    12.5353  32.030064    26.9551      9.177  275.37978  275.51826   129.2253    16.1896 -9.990e-29
 124.239392      9.280    12.5350  32.030064    26.9553      9.197  275.38106  275.51952   137.3031    17.9971 -9.990e-29
 124.239395      9.298    12.5348  32.030469    26.9558      9.215  275.38098  275.51943   137.3965    17.9971 -9.990e-29
 124.239398      9.316    12.5348  32.030064    26.9554      9.233  275.38172  275.52017   137.3965    17.9365 -9.990e-29
 124.239401      9.335    12.5350  32.030064    26.9553      9.251  275.38110  275.51956   137.4120    17.9607 -9.990e-29
 124.239404      9.357    12.5351  32.030874    26.9559      9.273  275.37903  275.51749   137.3654    17.9607 -9.990e-29
 124.239407      9.377    12.5350  32.032088    26.9571      9.293  275.37750  275.51594   153.7389    18.0173 -9.990e-29
 124.239410      9.399    12.5351  32.031684    26.9567      9.315  275.37760  275.51606   153.7545    18.0578 -9.990e-29
 124.239413      9.421    12.5352  32.031452    26.9564      9.336  275.37772  275.51618   153.6611    18.0173 -9.990e-29
 124.239416      9.444    12.5353  32.031684    26.9557      9.360  275.37669  275.51516   153.6922    18.0335 -9.990e-29
 124.239418      9.472    12.5353  32.030874    26.9558      9.387  275.37815  275.51663   152.8517    17.2450 0.0000e+00
 124.239421      9.499    12.5351  32.030874    26.9557      9.414  275.37912  275.51759   152.8829    17.2935 0.0000e+00
 124.239424      9.528    12.5352  32.030238    26.9559      9.443  275.37996  275.51844   152.8673    17.2369 0.0000e+00
 124.239427      9.565    12.5356  32.031279    26.9556      9.479  275.37622  275.51472   152.9296    17.2531 0.0000e+00
 124.239430      9.590    12.5356  32.030470    26.9559      9.504  275.37769  275.51619   156.7895    16.7679 -9.990e-29
 124.239433      9.614    12.5353  32.031684    26.9565      9.528  275.37711  275.51558   157.0541    16.7881 -9.990e-29
 124.239436      9.609    12.5354  32.030643    26.9554      9.523  275.37834  275.51683   156.8206    16.7840 -9.990e-29
 124.239439      9.603    12.5355  32.029255    26.9540      9.517  275.38019  275.51870   156.7739    16.7800 -9.990e-29
 124.239442      9.597    12.5354  32.028272    26.9532      9.511  275.38258  275.52109   150.7506    19.7440 -9.990e-29
 124.239444      9.594    12.5348  32.026826    26.9523      9.508  275.38802  275.52650   150.6883    19.7197 -9.990e-29
 124.239447      9.590    12.5338  32.027462    26.9536      9.504  275.39099  275.52940   150.6727    19.7157 -9.990e-29
 124.239450      9.591    12.5336  32.028793    26.9550      9.505  275.38955  275.52794   150.6261    19.6914 -9.990e-29
 124.239453      9.593    12.5337  32.029255    26.9553      9.507  275.38841  275.52680   150.7973    19.7319 -9.990e-29
 124.239456      9.592    12.5339  32.029660    26.9556      9.506  275.38673  275.52513   150.8128    19.2021 -9.990e-29
 124.239459      9.593    12.5341  32.028446    26.9543      9.508  275.38796  275.52639   150.7506    19.1940 -9.990e-29
 124.239462      9.595    12.5340  32.029429    26.9553      9.509  275.38683  275.52524   150.9062    19.1657 -9.990e-29
 124.239465      9.604    12.5342  32.028850    26.9546      9.518  275.38693  275.52535   150.8906    19.2183 -9.990e-29
 124.239468      9.604    12.5341  32.028272    26.9542      9.518  275.38860  275.52702   145.3342    19.5499 -9.990e-29
 124.239470      9.607    12.5336  32.028272    26.9545      9.521  275.39050  275.52889   145.4743    19.5661 -9.990e-29
 124.239473      9.611    12.5334  32.028446    26.9548      9.525  275.39114  275.52951   145.4276    19.5661 -9.990e-29
 124.239476      9.608    12.5328  32.029082    26.9558      9.522  275.39252  275.53086   145.3809    19.5701 -9.990e-29
 124.239479      9.604    12.5331  32.028677    26.9552      9.518  275.39198  275.53034   143.0774    19.5135 -9.990e-29
 124.239482      9.600    12.5336  32.029140    26.9553      9.514  275.38925  275.52763   143.1241    19.5014 -9.990e-29
 124.239485      9.593    12.5341  32.029429    26.9553      9.507  275.38652  275.52493   143.2019    19.5458 -9.990e-29
 124.239488      9.584    12.5345  32.029082    26.9546      9.498  275.38523  275.52368   143.1085    19.5054 -9.990e-29
 124.239491      9.580    12.5346  32.028850    26.9544      9.494  275.38533  275.52378   146.2058    19.5337 -9.990e-29
 124.239494      9.587    12.5345  32.029660    26.9567      9.501  275.38420  275.52264   146.1280    19.0202 -9.990e-29
