Processed/SBE19plus_01907321_2022_05_09_Cast106_wfilter.cnv
* Sea-Bird SBE19plus  Data File:
* FileName = E:\Prandtl_Daten\2022\CTD\Raw\SBE19plus_01907321_2022_05_09_Cast106.hex
* Software version 2.6.1.12
* Temperature SN = 7321
* Conductivity SN = 7321
* System UpLoad Time = May 09 2022 14:26:08
* <ApplicationData>
* <Seaterm232>
** Messpraktikum 2022
** CTD 09.05  BE
** NMEA Latitude = 54 07 414N
** NMEA Longitude = 008 50 409E
# nquan = 11
# nvalues = 609                         
# units = specified
# name 0 = timeJ: Julian Days
# name 1 = prdM: Pressure, Strain Gauge [db]
# name 2 = tv290C: Temperature [ITS-90, deg C]
# name 3 = c0mS/cm: Conductivity [mS/cm]
# name 4 = sal00: Salinity, Practical [PSU]
# name 5 = depSM: Depth [salt water, m], lat = 54.00
# name 6 = oxsatMm/Kg: Oxygen Saturation, Weiss [umol/kg]
# name 7 = oxsolMm/Kg: Oxygen Saturation, Garcia & Gordon [umol/kg]
# name 8 = turbWETntu0: Turbidity, WET Labs ECO [NTU]
# name 9 = flECO-AFL: Fluorescence, WET Labs ECO-AFL/FL [mg/m^3]
# name 10 = flag:  0.000e+00
# span 0 = 129.589436, 129.591195       
# span 1 =      0.294,     18.055       
# span 2 =    12.8891,    14.4140       
# span 3 =  32.371551,  33.560437       
# span 4 =    26.9493,    27.0620       
# span 5 =      0.291,     17.893       
# span 6 =  264.68313,  273.20837       
# span 7 =  264.92388,  273.36672       
# span 8 =    -0.5802,   223.0307       
# span 9 =     1.7174,    22.2268       
# span 10 = 0.0000e+00, 0.0000e+00      
# interval = seconds: 0.25
# start_time = May 09 2022 14:07:33 [Instrument's time stamp, header]
# bad_flag = -9.990e-29
*END*
[from data line 525]
 129.590955     15.640    12.9718  32.444989    27.0255     15.500  272.72040  272.88337   108.2292    17.9890 0.0000e+00
 129.590958     15.678    12.9715  32.445338    27.0261     15.538  272.72139  272.88433   108.2447    17.9446 0.0000e+00
 129.590961     15.710    12.9715  32.446210    27.0268     15.569  272.71989  272.88282   108.2914    17.9769 0.0000e+00
 129.590964     15.737    12.9721  32.446616    27.0269     15.596  272.71636  272.87933   112.7117    18.4541 0.0000e+00
 129.590966     15.764    12.9725  32.448302    27.0275     15.623  272.71185  272.87482   112.7117    18.3974 0.0000e+00
 129.590969     15.793    12.9735  32.449930    27.0281     15.652  272.70429  272.86732   112.4938    18.3934 -9.990e-29
 129.590972     15.813    12.9753  32.450801    27.0283     15.672  272.69490  272.85804   112.6650    18.4298 -9.990e-29
 129.590975     15.841    12.9767  32.454987    27.0312     15.699  272.68160  272.84479   114.3459    18.4662 -9.990e-29
 129.590978     15.863    12.9790  32.457428    27.0318     15.720  272.66726  272.83057   114.2681    18.4783 -9.990e-29
 129.590981     15.894    12.9826  32.460276    27.0304     15.751  272.64654  272.81006   114.3615    18.4945 0.0000e+00
 129.590984     15.925    12.9860  32.459869    27.0290     15.782  272.63246  272.79620   114.3459    18.4824 0.0000e+00
 129.590987     15.959    12.9880  32.459520    27.0288     15.816  272.62428  272.78815   120.1047    18.9433 0.0000e+00
 129.590990     15.996    12.9894  32.462311    27.0283     15.852  272.61343  272.77736   120.1047    19.0323 0.0000e+00
 129.590992     16.030    12.9907  32.462718    27.0283     15.887  272.60707  272.77108   120.1825    19.0242 0.0000e+00
 129.590995     16.063    12.9920  32.460915    27.0259     15.919  272.60426  272.76837   119.9490    19.0444 0.0000e+00
 129.590998     16.096    12.9925  32.461497    27.0256     15.952  272.60137  272.76551   116.3692    18.3166 0.0000e+00
 129.591001     16.131    12.9924  32.461090    27.0259     15.986  272.60242  272.76656   116.1513    18.3530 0.0000e+00
 129.591004     16.162    12.9920  32.462718    27.0273     16.017  272.60117  272.76527   116.3381    18.3368 0.0000e+00
 129.591007     16.191    12.9923  32.464578    27.0281     16.046  272.59667  272.76077   116.3537    18.3691 0.0000e+00
 129.591010     16.216    12.9937  32.466439    27.0288     16.071  272.58745  272.75162   116.2292    18.3691 -9.990e-29
 129.591013     16.238    12.9953  32.466904    27.0306     16.093  272.57972  272.74398   122.3459    18.7533 -9.990e-29
 129.591016     16.264    12.9969  32.470101    27.0302     16.118  272.56721  272.73155   122.3148    18.7533 0.0000e+00
 129.591019     16.293    12.9990  32.470915    27.0298     16.147  272.55635  272.72082   122.1436    18.7290 0.0000e+00
 129.591021     16.322    13.0013  32.472136    27.0298     16.176  272.54447  272.70907   122.5171    18.7452 0.0000e+00
 129.591024     16.357    13.0032  32.476381    27.0293     16.210  272.52856  272.69325   127.2486    17.5847 0.0000e+00
 129.591027     16.390    13.0064  32.475799    27.0290     16.243  272.51574  272.68064   127.3887    17.5564 0.0000e+00
 129.591030     16.423    13.0092  32.474578    27.0259     16.275  272.50561  272.67070   127.2331    17.5968 0.0000e+00
 129.591033     16.459    13.0094  32.474578    27.0259     16.312  272.50469  272.66979   127.2642    17.5200 0.0000e+00
 129.591036     16.492    13.0091  32.475392    27.0257     16.344  272.50486  272.66993   123.1241    17.6777 0.0000e+00
 129.591039     16.525    13.0091  32.474345    27.0257     16.377  272.50671  272.67179   122.9840    17.7181 0.0000e+00
 129.591042     16.558    13.0086  32.471962    27.0248     16.409  272.51279  272.67787   122.9685    17.6898 0.0000e+00
 129.591045     16.585    13.0074  32.472136    27.0238     16.436  272.51786  272.68285   123.2642    17.6575 -9.990e-29
 129.591047     16.609    13.0062  32.470508    27.0242     16.460  272.52576  272.69070   133.9568    18.7088 -9.990e-29
 129.591050     16.632    13.0050  32.468474    27.0232     16.483  272.53469  272.69957   134.0035    18.6926 -9.990e-29
 129.591053     16.656    13.0034  32.467660    27.0235     16.507  272.54306  272.70784   133.6611    18.6765 -9.990e-29
 129.591056     16.680    13.0022  32.466497    27.0248     16.530  272.55047  272.71518   133.8634    18.6360 -9.990e-29
 129.591059     16.709    13.0011  32.467253    27.0256     16.559  272.55420  272.71884   133.8634    18.7290 0.0000e+00
 129.591062     16.735    13.0004  32.468475    27.0264     16.585  272.55492  272.71950   147.1241    20.9369 0.0000e+00
 129.591065     16.764    13.0004  32.470103    27.0279     16.613  272.55209  272.71666   147.0152    20.9207 0.0000e+00
 129.591068     16.793    13.0015  32.473940    27.0279     16.643  272.54067  272.70527   147.1864    20.9449 0.0000e+00
 129.591071     16.824    13.0040  32.471149    27.0263     16.673  272.53455  272.69934   147.1708    20.9409 0.0000e+00
 129.591073     16.857    13.0054  32.471730    27.0263     16.706  272.52725  272.69213   169.1163    21.4019 0.0000e+00
 129.591076     16.890    13.0057  32.475568    27.0275     16.738  272.51962  272.68447   169.1941    21.4019 0.0000e+00
 129.591079     16.922    13.0075  32.479696    27.0292     16.771  272.50423  272.66916   169.2408    21.4544 -9.990e-29
 129.591082     16.946    13.0110  32.480277    27.0297     16.794  272.48811  272.65326   169.3654    21.4059 -9.990e-29
 129.591085     16.977    13.0137  32.484348    27.0315     16.825  272.46936  272.63464   166.1280    20.2494 -9.990e-29
 129.591088     16.999    13.0173  32.487837    27.0322     16.847  272.44753  272.61301   165.9724    20.2130 -9.990e-29
 129.591091     17.016    13.0216  32.489057    27.0270     16.863  272.42651  272.59225   166.0969    20.2413 -9.990e-29
 129.591094     17.043    13.0252  32.488417    27.0277     16.890  272.41189  272.57787   165.8323    20.1847 0.0000e+00
 129.591097     17.072    13.0272  32.491383    27.0277     16.919  272.39791  272.56399   169.1941    21.0258 0.0000e+00
 129.591100     17.101    13.0292  32.492314    27.0277     16.948  272.38748  272.55369   168.9918    21.0056 0.0000e+00
 129.591102     17.132    13.0313  32.492546    27.0267     16.978  272.37828  272.54461   169.1941    21.0622 0.0000e+00
 129.591105     17.169    13.0327  32.493942    27.0267     17.015  272.36956  272.53597   169.1630    21.0339 0.0000e+00
 129.591108     17.203    13.0341  32.494989    27.0267     17.049  272.36146  272.52795   169.2097    21.0501 0.0000e+00
 129.591111     17.236    13.0355  32.494291    27.0257     17.082  272.35671  272.52330   184.1047    20.5325 0.0000e+00
 129.591114     17.267    13.0362  32.495570    27.0257     17.112  272.35167  272.51828   184.0735    20.4557 0.0000e+00
 129.591117     17.300    13.0368  32.496792    27.0261     17.145  272.34672  272.51336   184.1358    20.4476 0.0000e+00
 129.591120     17.327    13.0380  32.497431    27.0262     17.172  272.34058  272.50729   184.0113    20.5123 0.0000e+00
 129.591123     17.353    13.0391  32.496792    27.0261     17.197  272.33667  272.50347   204.9140    19.9987 -9.990e-29
 129.591126     17.375    13.0401  32.499641    27.0266     17.219  272.32730  272.49413   204.8517    19.9381 -9.990e-29
 129.591128     17.398    13.0420  32.499874    27.0255     17.242  272.31872  272.48567   204.9296    19.9704 -9.990e-29
 129.591131     17.422    13.0437  32.501910    27.0262     17.266  272.30794  272.47498   205.1941    19.9906 -9.990e-29
 129.591134     17.446    13.0449  32.501502    27.0246     17.289  272.30331  272.47043   203.8089    21.6324 -9.990e-29
 129.591137     17.473    13.0463  32.502258    27.0250     17.317  272.29571  272.46291   203.8712    21.7254 0.0000e+00
 129.591140     17.500    13.0478  32.504178    27.0246     17.344  272.28576  272.45305   203.7311    21.6647 0.0000e+00
 129.591143     17.531    13.0497  32.504759    27.0244     17.374  272.27658  272.44398   203.8245    21.7618 0.0000e+00
 129.591146     17.557    13.0509  32.505399    27.0242     17.400  272.27013  272.43759   202.1591    21.5353 0.0000e+00
 129.591149     17.588    13.0522  32.505574    27.0234     17.430  272.26417  272.43172   202.3770    21.5879 0.0000e+00
 129.591152     17.617    13.0531  32.505574    27.0228     17.459  272.26041  272.42801   202.3615    21.6364 0.0000e+00
 129.591155     17.648    13.0543  32.505399    27.0219     17.490  272.25570  272.42337   202.3303    21.5353 0.0000e+00
 129.591157     17.675    13.0546  32.505806    27.0219     17.517  272.25343  272.42113   202.2214    21.5677 0.0000e+00
 129.591160     17.703    13.0553  32.507202    27.0219     17.544  272.24786  272.41559   197.3031    22.2025 -9.990e-29
 129.591163     17.727    13.0559  32.507493    27.0225     17.568  272.24485  272.41261   197.3031    22.1742 -9.990e-29
 129.591166     17.752    13.0565  32.507610    27.0222     17.593  272.24214  272.40994   197.3342    22.2025 -9.990e-29
 129.591169     17.774    13.0569  32.507435    27.0217     17.614  272.24057  272.40840   197.4432    22.2268 -9.990e-29
 129.591172     17.799    13.0572  32.507435    27.0210     17.640  272.23933  272.40718   190.9996    21.7698 -9.990e-29
 129.591175     17.832    13.0571  32.506795    27.0213     17.672  272.24109  272.40894   191.1241    21.7092 0.0000e+00
 129.591178     17.862    13.0567  32.507144    27.0216     17.701  272.24208  272.40990   191.0307    21.7496 0.0000e+00
 129.591181     17.893    13.0564  32.507028    27.0217     17.732  272.24388  272.41167   191.2642    21.7415 0.0000e+00
 129.591183     17.931    13.0562  32.507610    27.0223     17.770  272.24352  272.41130   221.9412    20.8924 0.0000e+00
 129.591186     17.969    13.0562  32.507843    27.0223     17.808  272.24313  272.41092   221.9412    20.9166 0.0000e+00
 129.591189     17.999    13.0564  32.507145    27.0221     17.837  272.24342  272.41123   222.0657    20.9005 0.0000e+00
 129.591192     18.033    13.0571  32.507436    27.0217     17.872  272.24010  272.40795   221.8167    20.9207 -9.990e-29
 129.591195     18.055    13.0582  32.507843    27.0211     17.893  272.23468  272.40259   223.0307    20.1888 -9.990e-29
