Processed/SBE19plus_01907321_2022_05_04_Cast17_wfilter.cnv
* Sea-Bird SBE19plus  Data File:
* FileName = E:\Prandtl Daten\2022\CTD\Raw\SBE19plus_01907321_2022_05_04_Cast17.hex
* Software version 2.6.1.12
* Temperature SN = 7321
* Conductivity SN = 7321
* System UpLoad Time = May 04 2022 11:13:39
* <ApplicationData>
* <Seaterm232>
** Messpraktikum 2022
** CTD 04.05 NFW
# nquan = 11
# nvalues = 264                         
# units = specified
# name 0 = timeJ: Julian Days
# name 1 = prdM: Pressure, Strain Gauge [db]
# name 2 = tv290C: Temperature [ITS-90, deg C]
# name 3 = c0mS/cm: Conductivity [mS/cm]
# name 4 = sal00: Salinity, Practical [PSU]
# name 5 = depSM: Depth [salt water, m], lat = 54.00
# name 6 = oxsatMm/Kg: Oxygen Saturation, Weiss [umol/kg]
# name 7 = oxsolMm/Kg: Oxygen Saturation, Garcia & Gordon [umol/kg]
# name 8 = turbWETntu0: Turbidity, WET Labs ECO [NTU]
# name 9 = flECO-AFL: Fluorescence, WET Labs ECO-AFL/FL [mg/m^3]
# name 10 = flag:  0.000e+00
# span 0 = 124.462448, 124.463209       
# span 1 =      0.582,      7.165       
# span 2 =    11.5891,    11.6320       
# span 3 =  30.386133,  30.409132       
# span 4 =    26.0719,    26.0919       
# span 5 =      0.577,      7.101       
# span 6 =  282.48871,  282.72184       
# span 7 =  282.58305,  282.81346       
# span 8 =    75.9023,   122.6572       
# span 9 =    14.2123,    18.2802       
# span 10 = 0.0000e+00, 0.0000e+00      
# interval = seconds: 0.25
# start_time = May 04 2022 11:04:10 [Instrument's time stamp, header]
# bad_flag = -9.990e-29
*END*
[from data line 132]
 124.462830      3.992    11.5981  30.390101    26.0816      3.957  282.68267  282.77485    92.0268    17.0024 -9.990e-29
 124.462833      4.007    11.5978  30.390045    26.0818      3.972  282.68441  282.77657    91.9801    17.0509 -9.990e-29
 124.462836      4.022    11.5968  30.389365    26.0818      3.986  282.69023  282.78234    91.9490    17.0105 -9.990e-29
 124.462839      4.033    11.5962  30.388402    26.0813      3.997  282.69497  282.78704    93.3031    17.4755 -9.990e-29
 124.462841      4.047    11.5956  30.389422    26.0827      4.011  282.69598  282.78799    93.1630    17.4189 -9.990e-29
 124.462844      4.068    11.5950  30.389139    26.0828      4.031  282.69912  282.79110    93.1319    17.4068 -9.990e-29
 124.462847      4.086    11.5946  30.389932    26.0838      4.049  282.69958  282.79152    93.0696    17.4148 -9.990e-29
 124.462850      4.111    11.5941  30.388232    26.0836      4.074  282.70507  282.79700    91.2642    17.2369 -9.990e-29
 124.462853      4.142    11.5939  30.389139    26.0840      4.105  282.70467  282.79657    91.3264    17.2248 0.0000e+00
 124.462856      4.173    11.5934  30.389536    26.0840      4.136  282.70622  282.79808    91.1552    17.1237 0.0000e+00
 124.462859      4.204    11.5930  30.389819    26.0843      4.167  282.70765  282.79948    91.1864    17.1844 -9.990e-29
 124.462862      4.226    11.5928  30.388969    26.0839      4.188  282.70991  282.80174    86.3770    17.3987 -9.990e-29
 124.462865      4.255    11.5924  30.388403    26.0839      4.217  282.71294  282.80475    86.5327    17.3704 0.0000e+00
 124.462867      4.281    11.5923  30.388856    26.0839      4.243  282.71243  282.80423    86.1747    17.4310 -9.990e-29
 124.462870      4.303    11.5923  30.389933    26.0846      4.264  282.71042  282.80220    86.2525    17.4270 -9.990e-29
 124.462873      4.328    11.5928  30.389536    26.0842      4.290  282.70891  282.80074    86.4704    17.3744 0.0000e+00
 124.462876      4.360    11.5932  30.389026    26.0840      4.321  282.70795  282.79981    86.6416    17.5200 0.0000e+00
 124.462879      4.394    11.5937  30.389536    26.0839      4.355  282.70507  282.79695    86.4704    17.5119 0.0000e+00
 124.462882      4.424    11.5941  30.389366    26.0835      4.384  282.70314  282.79506    86.6883    17.5240 0.0000e+00
 124.462885      4.453    11.5944  30.389423    26.0834      4.413  282.70176  282.79369    86.5638    17.4795 0.0000e+00
 124.462888      4.482    11.5949  30.389706    26.0833      4.442  282.69898  282.79094    85.2720    17.3178 0.0000e+00
 124.462891      4.509    11.5955  30.389366    26.0826      4.469  282.69672  282.78873    85.1786    17.3865 0.0000e+00
 124.462894      4.537    11.5959  30.389650    26.0825      4.496  282.69458  282.78662    85.5210    17.3380 0.0000e+00
 124.462896      4.569    11.5961  30.388007    26.0813      4.529  282.69641  282.78848    85.1475    17.3542 0.0000e+00
 124.462899      4.597    11.5965  30.388800    26.0810      4.556  282.69331  282.78540    83.2019    17.1237 0.0000e+00
 124.462902      4.626    11.5970  30.388857    26.0813      4.584  282.69095  282.78307    83.1864    17.1237 -9.990e-29
 124.462905      4.648    11.5976  30.388403    26.0801      4.606  282.68891  282.78108    82.8128    17.1277 -9.990e-29
 124.462908      4.664    11.5981  30.388460    26.0798      4.623  282.68622  282.77842    83.0463    17.1480 -9.990e-29
 124.462911      4.673    11.5985  30.388233    26.0793      4.632  282.68471  282.77695    83.7467    17.0630 -9.990e-29
 124.462914      4.686    11.5987  30.388007    26.0790      4.644  282.68450  282.77675    83.7467    17.0347 -9.990e-29
 124.462917      4.699    11.5987  30.388233    26.0792      4.657  282.68408  282.77632    83.8401    17.0873 -9.990e-29
 124.462920      4.717    11.5990  30.388403    26.0791      4.675  282.68247  282.77474    84.0424    17.0267 -9.990e-29
 124.462922      4.732    11.5994  30.388007    26.0785      4.690  282.68129  282.77358    83.7467    17.0509 -9.990e-29
 124.462925      4.753    11.5996  30.388233    26.0787      4.711  282.67990  282.77221    86.1280    17.2693 -9.990e-29
 124.462928      4.779    11.5998  30.388573    26.0787      4.736  282.67831  282.77063    86.0346    17.2329 0.0000e+00
 124.462931      4.812    11.5994  30.388234    26.0787      4.769  282.68091  282.77321    86.2525    17.2369 0.0000e+00
 124.462934      4.843    11.5991  30.389027    26.0796      4.800  282.68073  282.77300    86.0502    17.2935 0.0000e+00
 124.462937      4.881    11.5988  30.389140    26.0798      4.838  282.68184  282.77409    87.4976    17.0630 0.0000e+00
 124.462940      4.925    11.5987  30.388971    26.0799      4.881  282.68284  282.77508    87.4976    17.0267 0.0000e+00
 124.462943      4.952    11.5985  30.389254    26.0800      4.908  282.68297  282.77520    87.5755    17.0550 0.0000e+00
 124.462946      4.980    11.5984  30.388007    26.0802      4.935  282.68599  282.77822    87.5755    17.0186 -9.990e-29
 124.462948      5.002    11.5984  30.387668    26.0787      4.957  282.68664  282.77888    91.2798    17.3421 -9.990e-29
 124.462951      5.029    11.5983  30.389424    26.0804      4.984  282.68368  282.77589    91.2953    17.3906 -9.990e-29
 124.462954      5.053    11.5981  30.389368    26.0811      5.007  282.68477  282.77697    91.2798    17.3663 -9.990e-29
 124.462957      5.078    11.5981  30.389934    26.0812      5.033  282.68405  282.77623    91.4043    17.4432 0.0000e+00
 124.462960      5.104    11.5977  30.389821    26.0812      5.058  282.68590  282.77806    91.2798    17.4027 0.0000e+00
 124.462963      5.135    11.5974  30.389708    26.0813      5.089  282.68743  282.77957    90.3148    17.8313 0.0000e+00
 124.462966      5.168    11.5969  30.389708    26.0817      5.122  282.69004  282.78215    90.3459    17.8111 0.0000e+00
 124.462969      5.208    11.5963  30.389425    26.0818      5.161  282.69352  282.78559    90.2369    17.7586 0.0000e+00
 124.462972      5.242    11.5961  30.390105    26.0826      5.195  282.69323  282.78528    90.3770    17.7909 0.0000e+00
 124.462975      5.271    11.5956  30.390275    26.0829      5.224  282.69520  282.78721    91.0930    17.8233 0.0000e+00
 124.462977      5.301    11.5953  30.390445    26.0831      5.253  282.69620  282.78819    90.9529    17.8071 -9.990e-29
 124.462980      5.323    11.5950  30.390672    26.0838      5.275  282.69708  282.78905    91.1397    17.8839 -9.990e-29
 124.462983      5.337    11.5948  30.388406    26.0819      5.290  282.70266  282.79463    91.1241    17.8839 -9.990e-29
 124.462986      5.346    11.5944  30.390219    26.0838      5.299  282.70087  282.79280    92.3537    17.6413 -9.990e-29
 124.462989      5.354    11.5942  30.389709    26.0835      5.306  282.70280  282.79473    92.2759    17.5685 -9.990e-29
 124.462992      5.369    11.5939  30.390446    26.0844      5.321  282.70272  282.79462    92.6494    17.6170 -9.990e-29
 124.462995      5.380    11.5937  30.389709    26.0839      5.331  282.70541  282.79730    92.5093    17.5523 -9.990e-29
 124.462998      5.392    11.5935  30.389936    26.0842      5.344  282.70564  282.79751    92.9451    17.3461 -9.990e-29
 124.463001      5.411    11.5930  30.390616    26.0852      5.362  282.70697  282.79879    93.0696    17.3016 -9.990e-29
 124.463003      5.438    11.5928  30.390673    26.0853      5.389  282.70752  282.79934    93.1475    17.2935 -9.990e-29
 124.463006      5.460    11.5926  30.390276    26.0857      5.411  282.70958  282.80138    93.2875    17.3501 -9.990e-29
 124.463009      5.489    11.5926  30.390843    26.0853      5.440  282.70854  282.80033    93.0852    17.2935 0.0000e+00
 124.463012      5.522    11.5924  30.389936    26.0857      5.472  282.71091  282.80271    90.6727    17.6534 0.0000e+00
 124.463015      5.562    11.5922  30.391410    26.0862      5.512  282.70914  282.80090    90.6727    17.7343 0.0000e+00
 124.463018      5.602    11.5923  30.391240    26.0864      5.552  282.70916  282.80093    90.8906    17.6817 0.0000e+00
 124.463021      5.635    11.5921  30.391637    26.0864      5.585  282.70941  282.80116    90.8751    17.7424 0.0000e+00
 124.463024      5.670    11.5921  30.391410    26.0867      5.619  282.70953  282.80129    93.7700    18.2681 0.0000e+00
 124.463027      5.697    11.5921  30.391637    26.0866      5.646  282.70945  282.80120    93.9879    18.2802 0.0000e+00
 124.463030      5.730    11.5921  30.391240    26.0867      5.679  282.71022  282.80198    93.8167    18.2276 -9.990e-29
 124.463032      5.750    11.5921  30.391410    26.0865      5.699  282.70991  282.80167    93.8323    18.1953 -9.990e-29
 124.463035      5.779    11.5919  30.390617    26.0858      5.728  282.71207  282.80383    94.0346    18.2397 -9.990e-29
 124.463038      5.799    11.5921  30.391637    26.0867      5.747  282.70952  282.80127    93.9724    18.2236 -9.990e-29
 124.463041      5.823    11.5919  30.391637    26.0868      5.771  282.71050  282.80224    94.0657    18.2397 -9.990e-29
 124.463044      5.845    11.5919  30.392034    26.0872      5.793  282.70977  282.80151    94.1747    18.2074 -9.990e-29
 124.463047      5.869    11.5917  30.391071    26.0872      5.816  282.71258  282.80431    97.2720    18.2155 -9.990e-29
 124.463050      5.894    11.5913  30.391638    26.0874      5.841  282.71314  282.80485    97.3809    18.1265 0.0000e+00
 124.463053      5.927    11.5910  30.391808    26.0876      5.874  282.71447  282.80614    97.1786    18.1831 0.0000e+00
 124.463056      5.956    11.5906  30.392375    26.0876      5.903  282.71504  282.80668    97.4743    18.1791 0.0000e+00
 124.463058      5.991    11.5905  30.390845    26.0882      5.937  282.71859  282.81025    97.3498    18.1467 0.0000e+00
 124.463061      6.018    11.5905  30.392205    26.0876      5.964  282.71605  282.80769    98.4393    18.2276 0.0000e+00
 124.463064      6.045    11.5904  30.392545    26.0882      5.991  282.71575  282.80738    98.7350    18.1346 -9.990e-29
 124.463067      6.064    11.5904  30.392545    26.0886      6.009  282.71576  282.80739    98.6261    18.2478 -9.990e-29
 124.463070      6.085    11.5904  30.392602    26.0886      6.031  282.71567  282.80730    98.4704    18.2681 -9.990e-29
 124.463073      6.100    11.5903  30.391638    26.0878      6.046  282.71782  282.80945    98.8128    18.1023 -9.990e-29
 124.463076      6.109    11.5903  30.393338    26.0894      6.054  282.71462  282.80624    98.6727    18.1670 -9.990e-29
 124.463079      6.122    11.5903  30.392998    26.0890      6.067  282.71527  282.80689    98.7973    18.2074 -9.990e-29
 124.463082      6.137    11.5903  30.393112    26.0892      6.082  282.71539  282.80700    98.7039    18.1750 -9.990e-29
 124.463084      6.153    11.5902  30.394019    26.0901      6.098  282.71402  282.80561   100.5716    16.6951 -9.990e-29
 124.463087      6.177    11.5903  30.393509    26.0896      6.122  282.71467  282.80628   100.6338    16.7153 -9.990e-29
 124.463090      6.217    11.5902  30.393509    26.0890      6.162  282.71502  282.80663   100.7739    16.6789 0.0000e+00
 124.463093      6.257    11.5900  30.392035    26.0891      6.201  282.71880  282.81040   100.6338    16.6829 0.0000e+00
 124.463096      6.303    11.5901  30.392942    26.0883      6.247  282.71680  282.80840   104.5716    17.5928 0.0000e+00
 124.463099      6.347    11.5901  30.391979    26.0891      6.290  282.71864  282.81025   104.5716    17.6170 0.0000e+00
 124.463102      6.389    11.5901  30.393623    26.0882      6.331  282.71525  282.80685   104.6494    17.5564 0.0000e+00
 124.463105      6.427    11.5900  30.391639    26.0888      6.370  282.71966  282.81127   104.6183    17.5645 0.0000e+00
 124.463108      6.457    11.5900  30.392206    26.0879      6.399  282.71861  282.81022   104.6805    17.5604 -9.990e-29
 124.463111      6.478    11.5901  30.393226    26.0893      6.420  282.71606  282.80766    98.6261    17.4148 -9.990e-29
 124.463113      6.495    11.5903  30.392376    26.0884      6.437  282.71702  282.80864    98.5949    17.3542 -9.990e-29
 124.463116      6.507    11.5903  30.394076    26.0899      6.449  282.71350  282.80511    98.4860    17.3906 -9.990e-29
 124.463119      6.520    11.5903  30.394813    26.0906      6.462  282.71212  282.80372    98.6572    17.4068 -9.990e-29
 124.463122      6.535    11.5904  30.393680    26.0895      6.477  282.71394  282.80556   100.9607    18.0659 -9.990e-29
 124.463125      6.552    11.5903  30.393340    26.0892      6.493  282.71492  282.80654   101.0541    18.0012 -9.990e-29
 124.463128      6.573    11.5903  30.394020    26.0899      6.514  282.71398  282.80558   100.8829    18.0173 -9.990e-29
 124.463131      6.597    11.5902  30.395040    26.0909      6.538  282.71239  282.80398   101.1163    17.9971 -9.990e-29
 124.463134      6.617    11.5901  30.395040    26.0910      6.558  282.71273  282.80431   106.8906    17.9526 -9.990e-29
 124.463137      6.635    11.5902  30.394417    26.0903      6.576  282.71359  282.80519   106.7973    17.9041 -9.990e-29
 124.463139      6.655    11.5901  30.395777    26.0919      6.596  282.71169  282.80326   106.8751    17.9243 -9.990e-29
 124.463142      6.681    11.5900  30.395947    26.0919      6.621  282.71171  282.80328   106.8128    17.9365 0.0000e+00
 124.463145      6.719    11.5901  30.396004    26.0919      6.659  282.71131  282.80288   105.8634    17.7424 0.0000e+00
 124.463148      6.754    11.5899  30.395777    26.0918      6.694  282.71241  282.80397   105.8478    17.7505 0.0000e+00
 124.463151      6.798    11.5898  30.394474    26.0906      6.737  282.71554  282.80711   105.8167    17.6939 0.0000e+00
 124.463154      6.843    11.5899  30.394417    26.0906      6.782  282.71535  282.80693   105.7389    17.7222 0.0000e+00
 124.463157      6.882    11.5895  30.395381    26.0910      6.820  282.71518  282.80672   105.9257    17.7505 0.0000e+00
 124.463160      6.917    11.5898  30.394474    26.0916      6.855  282.71562  282.80719   103.7467    17.6696 -9.990e-29
 124.463163      6.940    11.5899  30.392434    26.0886      6.878  282.71916  282.81075   103.4821    17.6332 -9.990e-29
 124.463166      6.953    11.5898  30.392207    26.0884      6.891  282.71992  282.81151   103.6844    17.6089 -9.990e-29
 124.463168      6.964    11.5899  30.390847    26.0870      6.902  282.72184  282.81346   103.6222    17.6089 -9.990e-29
 124.463171      6.968    11.5897  30.392604    26.0888      6.905  282.71950  282.81109   108.3070    17.7181 -9.990e-29
 124.463174      6.973    11.5895  30.392208    26.0886      6.911  282.72123  282.81280   108.4471    17.7949 -9.990e-29
 124.463177      6.980    11.5895  30.394248    26.0906      6.918  282.71771  282.80926   108.3381    17.7990 -9.990e-29
 124.463180      6.995    11.5891  30.395041    26.0895      6.932  282.71785  282.80936   108.6338    17.8071 -9.990e-29
 124.463183      7.026    11.5892  30.392944    26.0897      6.963  282.72150  282.81304   114.4237    17.0105 0.0000e+00
 124.463186      7.063    11.5892  30.393398    26.0899      7.000  282.72067  282.81220   114.3770    17.0024 0.0000e+00
 124.463189      7.099    11.5892  30.393681    26.0900      7.036  282.71983  282.81137   114.3148    16.9943 0.0000e+00
 124.463192      7.145    11.5894  30.393115    26.0901      7.081  282.72028  282.81184   114.3459    16.9134 -9.990e-29
 124.463194      7.154    11.5896  30.392208    26.0885      7.090  282.72103  282.81261   114.0191    15.6356 -9.990e-29
 124.463197      7.152    11.5897  30.391641    26.0878      7.088  282.72144  282.81304   113.8790    15.6437 -9.990e-29
 124.463200      7.145    11.5901  30.392945    26.0888      7.081  282.71704  282.80865   113.7700    15.6356 -9.990e-29
 124.463203      7.150    11.5904  30.391415    26.0871      7.086  282.71863  282.81028   113.9257    15.6114 -9.990e-29
