Processed/SBE19plus_01907321_2022_05_11_Cast129_wfilter.cnv
* Sea-Bird SBE19plus  Data File:
* FileName = E:\Prandtl_Daten\2022\CTD\Raw\SBE19plus_01907321_2022_05_11_Cast129.hex
* Software version 2.6.1.12
* Temperature SN = 7321
* Conductivity SN = 7321
* System UpLoad Time = May 11 2022 11:50:05
* <ApplicationData>
* <Seaterm232>
** Messpraktikum 2022
** CTD 10.05  KFN2
** NMEA Latitude = 54 06.15N
** NMEA Longitude = 008 35.88E
# nquan = 11
# nvalues = 590                         
# units = specified
# name 0 = timeJ: Julian Days
# name 1 = prdM: Pressure, Strain Gauge [db]
# name 2 = tv290C: Temperature [ITS-90, deg C]
# name 3 = c0mS/cm: Conductivity [mS/cm]
# name 4 = sal00: Salinity, Practical [PSU]
# name 5 = depSM: Depth [salt water, m], lat = 54.00
# name 6 = oxsatMm/Kg: Oxygen Saturation, Weiss [umol/kg]
# name 7 = oxsolMm/Kg: Oxygen Saturation, Garcia & Gordon [umol/kg]
# name 8 = turbWETntu0: Turbidity, WET Labs ECO [NTU]
# name 9 = flECO-AFL: Fluorescence, WET Labs ECO-AFL/FL [mg/m^3]
# name 10 = flag:  0.000e+00
# span 0 = 131.487948, 131.489653       
# span 1 =      0.543,     14.932       
# span 2 =    13.1829,    13.2574       
# span 3 =  31.424236,  31.954220       
# span 4 =    25.9453,    26.3963       
# span 5 =      0.538,     14.798       
# span 6 =  272.37830,  273.55382       
# span 7 =  272.56339,  273.73921       
# span 8 =     3.9490,    42.5794       
# span 9 =     5.2880,    11.6324       
# span 10 = 0.0000e+00, 0.0000e+00      
# interval = seconds: 0.25
# start_time = May 11 2022 11:41:27 [Instrument's time stamp, header]
# bad_flag = -9.990e-29
*END*
[from data line 394]
 131.489089     10.286    13.2526  31.911001    26.3409     10.194  272.41474  272.60006    13.7700     7.7303 -9.990e-29
 131.489091     10.301    13.2519  31.914409    26.3445     10.209  272.41205  272.59730    13.4587     7.7222 -9.990e-29
 131.489094     10.317    13.2511  31.916603    26.3470     10.225  272.41177  272.59695    13.7233     7.7627 -9.990e-29
 131.489097     10.330    13.2500  31.919607    26.3505     10.238  272.41106  272.59615    16.0891     8.7210 -9.990e-29
 131.489100     10.339    13.2493  31.921455    26.3527     10.247  272.41106  272.59609    16.2914     8.8019 -9.990e-29
 131.489103     10.356    13.2489  31.924574    26.3558     10.263  272.40759  272.59257    16.1047     8.6968 -9.990e-29
 131.489106     10.381    13.2487  31.925383    26.3567     10.288  272.40716  272.59212    16.0113     8.7817 -9.990e-29
 131.489109     10.401    13.2487  31.925209    26.3565     10.308  272.40748  272.59243    15.9957     8.7574 -9.990e-29
 131.489112     10.425    13.2487  31.927000    26.3581     10.331  272.40439  272.58934    18.6727     8.9717 -9.990e-29
 131.489115     10.454    13.2489  31.931217    26.3618     10.360  272.39616  272.58108    18.8440     8.9394 -9.990e-29
 131.489117     10.474    13.2483  31.935607    26.3662     10.380  272.39113  272.57598    18.7039     8.9717 -9.990e-29
 131.489120     10.498    13.2468  31.937802    26.3693     10.404  272.39405  272.57878    18.7194     8.9475 -9.990e-29
 131.489123     10.512    13.2460  31.937629    26.3696     10.418  272.39755  272.58224    20.4626     8.6846 -9.990e-29
 131.489126     10.532    13.2457  31.937976    26.3702     10.438  272.39856  272.58322    20.3226     8.6806 -9.990e-29
 131.489129     10.549    13.2452  31.939420    26.3718     10.454  272.39830  272.58293    20.0891     8.7129 -9.990e-29
 131.489132     10.570    13.2445  31.941211    26.3739     10.476  272.39809  272.58266    20.2759     8.6765 -9.990e-29
 131.489135     10.590    13.2438  31.942424    26.3780     10.496  272.39920  272.58371    17.0541     8.4097 -9.990e-29
 131.489138     10.621    13.2429  31.944389    26.3788     10.526  272.39996  272.58440    17.0074     8.4097 0.0000e+00
 131.489141     10.663    13.2421  31.945602    26.3796     10.568  272.40140  272.58578    16.9918     8.4622 0.0000e+00
 131.489144     10.714    13.2410  31.947220    26.3814     10.618  272.40310  272.58740    17.1008     8.3935 0.0000e+00
 131.489146     10.767    13.2391  31.945430    26.3814     10.671  272.41453  272.59872    12.8517     7.9204 0.0000e+00
 131.489149     10.824    13.2382  31.943408    26.3802     10.727  272.42221  272.60637    12.8362     8.0376 0.0000e+00
 131.489152     10.875    13.2383  31.942021    26.3788     10.777  272.42400  272.60818    12.9918     8.0053 0.0000e+00
 131.489155     10.922    13.2392  31.941213    26.3781     10.824  272.42160  272.60584    13.0541     7.9689 0.0000e+00
 131.489158     10.951    13.2404  31.937631    26.3775     10.853  272.42271  272.60705    12.9607     7.9406 -9.990e-29
 131.489161     10.970    13.2416  31.936013    26.3711     10.871  272.42010  272.60453    11.6533     7.1966 -9.990e-29
 131.489164     10.962    13.2433  31.933991    26.3681     10.864  272.41625  272.60080    11.4510     7.1763 -9.990e-29
 131.489167     10.939    13.2448  31.933414    26.3665     10.841  272.41053  272.59519    11.4198     7.2208 -9.990e-29
 131.489170     10.889    13.2463  31.933182    26.3652     10.792  272.40420  272.58895    11.6844     7.1723 -9.990e-29
 131.489172     10.838    13.2476  31.933182    26.3643     10.741  272.39843  272.58325    12.8673     7.4432 -9.990e-29
 131.489175     10.785    13.2489  31.932026    26.3625     10.689  272.39497  272.57988    12.7428     7.4796 -9.990e-29
 131.489178     10.760    13.2493  31.931218    26.3614     10.663  272.39443  272.57938    13.0385     7.4634 -9.990e-29
 131.489181     10.760    13.2493  31.930582    26.3608     10.663  272.39553  272.58049    13.0074     7.4634 -9.990e-29
 131.489184     10.800    13.2495  31.932142    26.3622     10.703  272.39222  272.57717    12.8050     7.6858 -9.990e-29
 131.489187     10.889    13.2500  31.932200    26.3587     10.792  272.38994  272.57492    12.8362     7.6211 -9.990e-29
 131.489190     11.011    13.2508  31.929428    26.3582     10.913  272.39130  272.57636    12.8206     7.6616 0.0000e+00
 131.489193     11.159    13.2511  31.928619    26.3587     11.059  272.39120  272.57628    12.7739     7.6737 0.0000e+00
 131.489196     11.303    13.2510  31.933587    26.3623     11.202  272.38333  272.56836    15.4198     7.2977 0.0000e+00
 131.489198     11.420    13.2498  31.938209    26.3648     11.318  272.38084  272.56575    15.4354     7.2491 0.0000e+00
 131.489201     11.495    13.2479  31.939018    26.3673     11.392  272.38778  272.57257    15.2331     7.3260 -9.990e-29
 131.489204     11.517    13.2468  31.938614    26.3697     11.414  272.39328  272.57801    15.2642     7.2896 -9.990e-29
 131.489207     11.493    13.2465  31.936592    26.3680     11.390  272.39804  272.58277    15.3264     7.2734 -9.990e-29
 131.489210     11.431    13.2471  31.934397    26.3657     11.328  272.39925  272.58403    15.2953     7.6131 -9.990e-29
 131.489213     11.347    13.2476  31.932433    26.3635     11.245  272.40036  272.58519    15.3109     7.6131 -9.990e-29
 131.489216     11.252    13.2480  31.931219    26.3622     11.151  272.40048  272.58535    15.4976     7.5888 -9.990e-29
 131.489219     11.177    13.2486  31.930815    26.3614     11.077  272.39858  272.58349    15.3731     7.5767 -9.990e-29
 131.489222     11.126    13.2490  31.929428    26.3599     11.026  272.39935  272.58429    12.8206     7.0874 -9.990e-29
 131.489225     11.109    13.2488  31.930583    26.3611     11.010  272.39798  272.58291    12.7895     7.1238 -9.990e-29
 131.489227     11.126    13.2490  31.930814    26.3611     11.026  272.39664  272.58157    12.8050     7.1116 -9.990e-29
 131.489230     11.184    13.2487  31.932779    26.3631     11.084  272.39455  272.57945    12.7739     7.1238 -9.990e-29
 131.489233     11.272    13.2482  31.933183    26.3638     11.171  272.39614  272.58101    13.9879     7.5403 -9.990e-29
 131.489236     11.379    13.2478  31.931624    26.3593     11.278  272.40082  272.58567    14.1124     7.5403 -9.990e-29
 131.489239     11.487    13.2480  31.928216    26.3595     11.384  272.40582  272.59072    14.1280     7.4998 0.0000e+00
 131.489242     11.593    13.2487  31.929199    26.3598     11.489  272.40132  272.58625    14.0969     7.5241 0.0000e+00
 131.489245     11.675    13.2488  31.931625    26.3618     11.570  272.39653  272.58145    15.9334     7.2572 0.0000e+00
 131.489248     11.726    13.2482  31.934398    26.3633     11.621  272.39432  272.57918    15.9646     7.3381 0.0000e+00
 131.489251     11.753    13.2473  31.933993    26.3648     11.648  272.39919  272.58399    15.9179     7.3583 -9.990e-29
 131.489253     11.757    13.2463  31.936997    26.3684     11.652  272.39814  272.58286    15.7934     7.3017 -9.990e-29
 131.489256     11.739    13.2461  31.937228    26.3688     11.633  272.39869  272.58339    15.8089     7.3300 -9.990e-29
 131.489259     11.715    13.2460  31.939193    26.3706     11.610  272.39560  272.58028    15.1864     8.3045 -9.990e-29
 131.489262     11.691    13.2460  31.940001    26.3714     11.586  272.39418  272.57886    15.1864     8.3086 -9.990e-29
 131.489265     11.669    13.2460  31.939423    26.3709     11.565  272.39549  272.58016    15.1864     8.2964 -9.990e-29
 131.489268     11.657    13.2456  31.941619    26.3732     11.552  272.39328  272.57791    15.1708     8.3126 -9.990e-29
 131.489271     11.666    13.2450  31.940521    26.3726     11.561  272.39805  272.58265    16.9140     7.8314 -9.990e-29
 131.489274     11.695    13.2446  31.942832    26.3750     11.590  272.39567  272.58023    16.8984     7.7991 -9.990e-29
 131.489277     11.750    13.2446  31.942832    26.3755     11.644  272.39570  272.58026    16.9607     7.8880 0.0000e+00
 131.489280     11.810    13.2446  31.943988    26.3760     11.704  272.39374  272.57829    16.9296     7.8072 0.0000e+00
 131.489282     11.875    13.2443  31.943988    26.3762     11.769  272.39506  272.57959    18.2369     7.7829 0.0000e+00
 131.489285     11.937    13.2437  31.944219    26.3768     11.831  272.39757  272.58206    18.1591     7.8476 0.0000e+00
 131.489288     11.988    13.2433  31.946011    26.3777     11.881  272.39610  272.58055    18.2525     7.8719 0.0000e+00
 131.489291     12.021    13.2424  31.945202    26.3787     11.914  272.40134  272.58575    18.2992     7.9082 -9.990e-29
 131.489294     12.036    13.2415  31.946011    26.3799     11.928  272.40378  272.58813    20.1669     8.9111 -9.990e-29
 131.489297     12.039    13.2405  31.946820    26.3813     11.932  272.40685  272.59113    20.2759     8.9515 -9.990e-29
 131.489300     12.036    13.2397  31.947398    26.3824     11.928  272.40936  272.59358    20.2447     8.9636 -9.990e-29
 131.489303     12.028    13.2397  31.948438    26.3833     11.921  272.40756  272.59177    20.2292     8.9475 -9.990e-29
 131.489306     12.021    13.2402  31.948438    26.3830     11.913  272.40564  272.58988    20.2759     8.9232 -9.990e-29
 131.489308     12.019    13.2407  31.948842    26.3831     11.912  272.40270  272.58697    19.2953     8.7453 -9.990e-29
 131.489311     12.026    13.2402  31.947975    26.3826     11.919  272.40612  272.59037    19.0930     8.6604 -9.990e-29
 131.489314     12.046    13.2397  31.949593    26.3828     11.938  272.40589  272.59008    19.0307     8.6806 -9.990e-29
 131.489317     12.087    13.2394  31.947629    26.3836     11.978  272.41059  272.59478    19.1864     8.6684 0.0000e+00
 131.489320     12.134    13.2389  31.949016    26.3844     12.025  272.41013  272.59429    18.3148     8.4622 0.0000e+00
 131.489323     12.181    13.2381  31.949016    26.3850     12.072  272.41399  272.59809    18.2058     8.4582 0.0000e+00
 131.489326     12.243    13.2370  31.949016    26.3857     12.134  272.41849  272.60253    18.3926     8.4177 0.0000e+00
 131.489329     12.298    13.2363  31.948612    26.3858     12.188  272.42242  272.60642    18.3303     8.4177 0.0000e+00
 131.489332     12.351    13.2361  31.949017    26.3861     12.240  272.42271  272.60669    18.5949     7.9487 0.0000e+00
 131.489334     12.393    13.2362  31.948844    26.3862     12.282  272.42271  272.60670    18.6727     7.9689 0.0000e+00
 131.489337     12.424    13.2360  31.950404    26.3861     12.312  272.42099  272.60495    18.6416     7.9932 -9.990e-29
 131.489340     12.438    13.2358  31.948208    26.3857     12.327  272.42543  272.60941    18.7194     7.9325 -9.990e-29
 131.489343     12.442    13.2359  31.950404    26.3877     12.330  272.42132  272.60528    21.7389     9.2143 -9.990e-29
 131.489346     12.438    13.2357  31.951617    26.3889     12.327  272.42017  272.60411    21.7078     9.1375 -9.990e-29
 131.489349     12.424    13.2357  31.951213    26.3885     12.312  272.42055  272.60449    21.6922     9.2143 -9.990e-29
 131.489352     12.418    13.2360  31.952137    26.3892     12.307  272.41799  272.60193    21.5521     9.1456 -9.990e-29
 131.489355     12.424    13.2362  31.953004    26.3898     12.312  272.41521  272.59917    21.7389     9.1577 -9.990e-29
 131.489358     12.442    13.2362  31.952830    26.3892     12.330  272.41584  272.59980    22.5794     9.3357 -9.990e-29
 131.489361     12.471    13.2364  31.952426    26.3892     12.359  272.41560  272.59958    22.6105     9.3357 0.0000e+00
 131.489363     12.509    13.2358  31.952022    26.3892     12.397  272.41888  272.60282    22.5949     9.2831 0.0000e+00
 131.489366     12.555    13.2353  31.951444    26.3892     12.442  272.42214  272.60606    22.4393     9.3437 0.0000e+00
 131.489369     12.602    13.2343  31.951618    26.3898     12.489  272.42634  272.61019    20.5871     8.9232 0.0000e+00
 131.489372     12.646    13.2330  31.951618    26.3907     12.532  272.43178  272.61556    20.4938     9.0526 0.0000e+00
 131.489375     12.693    13.2323  31.953236    26.3917     12.579  272.43252  272.61623    20.5560     9.0324 0.0000e+00
 131.489378     12.726    13.2322  31.953640    26.3927     12.612  272.43216  272.61587    20.5405     8.9919 -9.990e-29
 131.489381     12.750    13.2330  31.952832    26.3918     12.635  272.43007  272.61383    19.6222     8.9475 -9.990e-29
 131.489384     12.766    13.2331  31.951040    26.3901     12.652  272.43254  272.61633    19.5132     8.8666 -9.990e-29
 131.489387     12.771    13.2333  31.952832    26.3915     12.657  272.42849  272.61227    19.5288     8.9475 -9.990e-29
 131.489389     12.777    13.2335  31.952427    26.3911     12.662  272.42855  272.61235    19.5599     8.9475 -9.990e-29
 131.489392     12.782    13.2336  31.951618    26.3902     12.668  272.42932  272.61313    23.0463     9.2143 -9.990e-29
 131.489395     12.793    13.2336  31.951445    26.3901     12.679  272.42962  272.61344    23.0307     9.1173 -9.990e-29
 131.489398     12.806    13.2336  31.953641    26.3921     12.691  272.42615  272.60994    23.1241     9.2063 -9.990e-29
 131.489401     12.824    13.2340  31.953409    26.3916     12.709  272.42465  272.60847    23.0930     9.1294 -9.990e-29
 131.489404     12.851    13.2345  31.953814    26.3906     12.736  272.42173  272.60558    23.0930     9.1577 0.0000e+00
 131.489407     12.884    13.2348  31.951792    26.3916     12.769  272.42398  272.60786    23.9334     9.2952 0.0000e+00
 131.489410     12.926    13.2347  31.954219    26.3918     12.810  272.42012  272.60398    23.8868     9.2022 0.0000e+00
 131.489413     12.974    13.2342  31.953814    26.3918     12.857  272.42308  272.60691    24.1513     9.3276 0.0000e+00
 131.489416     13.019    13.2332  31.952832    26.3916     12.903  272.42928  272.61305    23.7311     9.2588 0.0000e+00
 131.489418     13.068    13.2322  31.952024    26.3916     12.951  272.43517  272.61889    23.5599     9.2831 0.0000e+00
 131.489421     13.105    13.2314  31.952602    26.3921     12.987  272.43771  272.62137    23.4198     9.3397 0.0000e+00
 131.489424     13.136    13.2309  31.953411    26.3926     13.018  272.43856  272.62218    23.5288     9.2629 -9.990e-29
 131.489427     13.152    13.2307  31.952602    26.3931     13.035  272.44092  272.62454    23.5910     9.3073 -9.990e-29
 131.489430     13.158    13.2304  31.952429    26.3930     13.040  272.44218  272.62579    21.5210     9.4812 -9.990e-29
 131.489433     13.158    13.2307  31.951966    26.3925     13.040  272.44203  272.62565    21.6299     9.4165 -9.990e-29
 131.489436     13.156    13.2305  31.953815    26.3943     13.038  272.43946  272.62306    21.5988     9.4246 -9.990e-29
 131.489439     13.149    13.2305  31.954046    26.3945     13.031  272.43906  272.62266    21.3809     9.4489 -9.990e-29
 131.489442     13.158    13.2304  31.954046    26.3945     13.040  272.43938  272.62298    30.2369    10.0554 -9.990e-29
 131.489444     13.171    13.2305  31.953642    26.3944     13.053  272.43977  272.62338    30.5015    10.1161 -9.990e-29
 131.489447     13.205    13.2308  31.954220    26.3943     13.087  272.43752  272.62113    30.3615    10.1525 0.0000e+00
 131.489450     13.245    13.2313  31.954220    26.3941     13.127  272.43531  272.61896    30.3926    10.1201 0.0000e+00
 131.489453     13.296    13.2315  31.953816    26.3937     13.177  272.43509  272.61875    30.2992    10.1767 0.0000e+00
 131.489456     13.351    13.2312  31.953816    26.3935     13.231  272.43639  272.62004    29.1163    10.1080 0.0000e+00
 131.489459     13.395    13.2302  31.951447    26.3922     13.275  272.44499  272.62859    29.1941    10.1484 0.0000e+00
 131.489462     13.433    13.2285  31.949830    26.3920     13.313  272.45515  272.63866    29.1630    10.1444 0.0000e+00
