Processed/SBE19plus_01907321_2022_05_10_Cast116_wfilter.cnv
* Sea-Bird SBE19plus  Data File:
* FileName = E:\Prandtl_Daten\2022\CTD\Raw\SBE19plus_01907321_2022_05_10_Cast116.hex
* Software version 2.6.1.12
* Temperature SN = 7321
* Conductivity SN = 7321
* System UpLoad Time = May 10 2022 13:36:28
* <ApplicationData>
* <Seaterm232>
** Messpraktikum 2022
** CTD 10.05  Mp2
** NMEA Latitude = 54 04.13N
** NMEA Longitude = 008 42.08E
# nquan = 11
# nvalues = 445                         
# units = specified
# name 0 = timeJ: Julian Days
# name 1 = prdM: Pressure, Strain Gauge [db]
# name 2 = tv290C: Temperature [ITS-90, deg C]
# name 3 = c0mS/cm: Conductivity [mS/cm]
# name 4 = sal00: Salinity, Practical [PSU]
# name 5 = depSM: Depth [salt water, m], lat = 54.00
# name 6 = oxsatMm/Kg: Oxygen Saturation, Weiss [umol/kg]
# name 7 = oxsolMm/Kg: Oxygen Saturation, Garcia & Gordon [umol/kg]
# name 8 = turbWETntu0: Turbidity, WET Labs ECO [NTU]
# name 9 = flECO-AFL: Fluorescence, WET Labs ECO-AFL/FL [mg/m^3]
# name 10 = flag:  0.000e+00
# span 0 = 130.562833, 130.564117       
# span 1 =      0.250,      9.775       
# span 2 =    14.0787,    14.1803       
# span 3 =  33.123911,  33.251693       
# span 4 =    26.8670,    26.9160       
# span 5 =      0.248,      9.687       
# span 6 =  266.16444,  266.79832       
# span 7 =  266.39411,  267.02308       
# span 8 =     1.5366,    41.4120       
# span 9 =     4.8472,    15.7003       
# span 10 = 0.0000e+00, 0.0000e+00      
# interval = seconds: 0.25
# start_time = May 10 2022 13:29:18 [Instrument's time stamp, header]
# bad_flag = -9.990e-29
*END*
[from data line 394]
 130.563973      9.018    14.1055  33.189823    26.9059      8.937  266.58336  266.80919    10.9840     8.3369 -9.990e-29
 130.563976      9.040    14.1049  33.190175    26.9072      8.959  266.58530  266.81110    11.0619     8.3490 -9.990e-29
 130.563979      9.067    14.1044  33.188885    26.9064      8.986  266.58966  266.81543    11.0463     8.3288 -9.990e-29
 130.563981      9.091    14.1040  33.189589    26.9073      9.010  266.59008  266.81582    12.0735     8.9151 -9.990e-29
 130.563984      9.111    14.1039  33.188710    26.9066      9.030  266.59217  266.81792    12.1358     8.8666 -9.990e-29
 130.563987      9.131    14.1039  33.189003    26.9068      9.050  266.59170  266.81744    11.9179     8.8989 -9.990e-29
 130.563990      9.151    14.1038  33.189120    26.9070      9.069  266.59183  266.81757    12.1358     8.8909 -9.990e-29
 130.563993      9.166    14.1036  33.189531    26.9075      9.084  266.59179  266.81751    14.3303     9.4246 -9.990e-29
 130.563996      9.188    14.1035  33.189179    26.9072      9.105  266.59301  266.81873    14.4393     9.3599 -9.990e-29
 130.563999      9.208    14.1033  33.189296    26.9074      9.126  266.59346  266.81917    14.4082     9.4408 -9.990e-29
 130.564002      9.230    14.1030  33.188827    26.9066      9.147  266.59551  266.82120    14.5327     9.4610 -9.990e-29
 130.564005      9.259    14.1029  33.188065    26.9074      9.176  266.59741  266.82311    19.9334    10.1808 0.0000e+00
 130.564008      9.286    14.1027  33.189531    26.9078      9.203  266.59595  266.82161    20.1202    10.9329 0.0000e+00
 130.564010      9.314    14.1026  33.189180    26.9080      9.230  266.59686  266.82253    19.9957    10.9329 0.0000e+00
 130.564013      9.345    14.1023  33.188711    26.9078      9.261  266.59891  266.82456    19.8868    10.9248 -9.990e-29
 130.564016      9.368    14.1018  33.189180    26.9084      9.285  266.60035  266.82597    19.7622    10.8965 -9.990e-29
 130.564019      9.398    14.1015  33.189121    26.9085      9.314  266.60172  266.82732    20.1202    11.1068 -9.990e-29
 130.564022      9.419    14.1010  33.187831    26.9077      9.335  266.60607  266.83165    20.1202    11.1512 -9.990e-29
 130.564025      9.439    14.1007  33.187831    26.9079      9.355  266.60702  266.83259    20.2603    11.1512 -9.990e-29
 130.564028      9.461    14.1004  33.188477    26.9087      9.377  266.60754  266.83308    20.2914    11.1553 -9.990e-29
 130.564031      9.478    14.1004  33.189004    26.9091      9.393  266.60636  266.83190    24.4004    11.5758 -9.990e-29
 130.564034      9.496    14.1002  33.188301    26.9086      9.411  266.60848  266.83401    24.2914    11.5233 -9.990e-29
 130.564036      9.514    14.1001  33.187832    26.9083      9.429  266.60990  266.83543    24.1825    11.5313 -9.990e-29
 130.564039      9.538    14.0997  33.187421    26.9091      9.453  266.61216  266.83767    24.2914    11.5152 -9.990e-29
 130.564042      9.563    14.0995  33.188301    26.9092      9.478  266.61135  266.83684    22.5327    11.3736 0.0000e+00
 130.564045      9.591    14.0993  33.188418    26.9091      9.505  266.61211  266.83760    22.4082    11.3817 0.0000e+00
 130.564048      9.618    14.0994  33.187246    26.9088      9.532  266.61376  266.83925    22.6572    11.4060 0.0000e+00
 130.564051      9.649    14.0992  33.188301    26.9082      9.563  266.61266  266.83814    22.5482    11.3656 -9.990e-29
 130.564054      9.669    14.0991  33.188595    26.9096      9.583  266.61281  266.83828    23.2486    11.3898 -9.990e-29
 130.564057      9.693    14.0991  33.188712    26.9083      9.606  266.61263  266.83810    24.7272    11.8508 -9.990e-29
 130.564060      9.718    14.0992  33.187187    26.9083      9.631  266.61486  266.84034    24.6338    11.9034 0.0000e+00
 130.564063      9.749    14.0992  33.188712    26.9083      9.662  266.61204  266.83751    24.6650    11.8427 -9.990e-29
 130.564065      9.764    14.0992  33.188712    26.9096      9.677  266.61205  266.83752    24.7895    11.8629 -9.990e-29
 130.564068      9.762    14.0994  33.187833    26.9087      9.675  266.61287  266.83836    32.7895    13.5572 -9.990e-29
 130.564071      9.760    14.0990  33.187657    26.9088      9.673  266.61473  266.84020    32.7584    13.5976 -9.990e-29
 130.564074      9.764    14.0987  33.188009    26.9093      9.676  266.61541  266.84086    32.8362    13.5936 -9.990e-29
 130.564077      9.766    14.0984  33.187012    26.9086      9.678  266.61832  266.84376    32.8362    13.6017 -9.990e-29
 130.564080      9.766    14.0984  33.187246    26.9088      9.678  266.61793  266.84337    35.8089    14.4792 -9.990e-29
 130.564083      9.767    14.0981  33.187012    26.9088      9.680  266.61958  266.84500    35.8868    14.4387 -9.990e-29
 130.564086      9.766    14.0980  33.187833    26.9096      9.678  266.61853  266.84394    35.9334    14.3902 -9.990e-29
 130.564089      9.764    14.0979  33.187246    26.9092      9.676  266.62013  266.84554    35.9801    14.4428 -9.990e-29
 130.564091      9.769    14.0977  33.186836    26.9089      9.682  266.62144  266.84684    39.4354    15.1261 -9.990e-29
 130.564094      9.771    14.0976  33.187246    26.9094      9.684  266.62139  266.84678    39.4976    15.1181 -9.990e-29
 130.564097      9.771    14.0977  33.185604    26.9079      9.684  266.62379  266.84920    39.5443    15.1019 -9.990e-29
 130.564100      9.767    14.0977  33.186836    26.9090      9.680  266.62175  266.84715    39.6066    15.1544 -9.990e-29
 130.564103      9.769    14.0976  33.187657    26.9098      9.682  266.62071  266.84610    39.5443    15.1464 -9.990e-29
 130.564106      9.769    14.0975  33.187598    26.9098      9.682  266.62112  266.84651    41.2253    15.7003 -9.990e-29
 130.564109      9.773    14.0977  33.187657    26.9097      9.685  266.62008  266.84548    41.2875    15.7003 -9.990e-29
 130.564112      9.769    14.0978  33.187188    26.9092      9.682  266.62054  266.84595    41.3498    15.6923 -9.990e-29
 130.564115      9.771    14.0977  33.187833    26.9098      9.684  266.61979  266.84519    41.4120    15.7003 -9.990e-29
 130.564117      9.775    14.0981  33.187246    26.9091      9.687  266.61919  266.84461    40.6027    15.3445 -9.990e-29
