Processed/SBE19plus_01907321_2022_05_06_Cast56_wfilter.cnv
* Sea-Bird SBE19plus  Data File:
* FileName = E:\Prandtl Daten\2022\CTD\Raw\SBE19plus_01907321_2022_05_06_Cast56.hex
* Software version 2.6.1.12
* Temperature SN = 7321
* Conductivity SN = 7321
* System UpLoad Time = May 06 2022 14:03:36
* <ApplicationData>
* <Seaterm232>
** Messpraktikum 2022
** CTD 06.05 BM
** NMEA Latitude = 54 07.840 N
** NMEA Longitude = 008 47.222 E
# nquan = 11
# nvalues = 692                         
# units = specified
# name 0 = timeJ: Julian Days
# name 1 = prdM: Pressure, Strain Gauge [db]
# name 2 = tv290C: Temperature [ITS-90, deg C]
# name 3 = c0mS/cm: Conductivity [mS/cm]
# name 4 = sal00: Salinity, Practical [PSU]
# name 5 = depSM: Depth [salt water, m], lat = 54.00
# name 6 = oxsatMm/Kg: Oxygen Saturation, Weiss [umol/kg]
# name 7 = oxsolMm/Kg: Oxygen Saturation, Garcia & Gordon [umol/kg]
# name 8 = turbWETntu0: Turbidity, WET Labs ECO [NTU]
# name 9 = flECO-AFL: Fluorescence, WET Labs ECO-AFL/FL [mg/m^3]
# name 10 = flag:  0.000e+00
# span 0 = 126.580026, 126.582025       
# span 1 =      0.539,     16.991       
# span 2 =    12.4768,    12.4968       
# span 3 =  32.143709,  32.365096       
# span 4 =    27.1014,    27.2964       
# span 5 =      0.534,     16.838       
# span 6 =  274.96707,  275.40792       
# span 7 =  275.09956,  275.54167       
# span 8 =     8.6494,    35.5910       
# span 9 =     4.7946,    10.8439       
# span 10 = 0.0000e+00, 0.0000e+00      
# interval = seconds: 0.25
# start_time = May 06 2022 13:54:10 [Instrument's time stamp, header]
# bad_flag = -9.990e-29
*END*
[from data line 525]
 126.581545     13.005    12.4931  32.358994    27.2901     12.889  274.97980  275.11222    24.3381     8.0983 0.0000e+00
 126.581548     13.038    12.4934  32.358181    27.2896     12.921  274.98034  275.11278    24.2603     8.0983 0.0000e+00
 126.581551     13.067    12.4935  32.358007    27.2894     12.950  274.98004  275.11249    24.2759     8.1145 0.0000e+00
 126.581554     13.093    12.4939  32.358413    27.2893     12.975  274.97776  275.11023    24.1825     8.1185 0.0000e+00
 126.581557     13.120    12.4939  32.357020    27.2888     13.002  274.98027  275.11276    24.1513     8.1023 0.0000e+00
 126.581560     13.145    12.4941  32.356556    27.2881     13.028  274.98018  275.11269    23.3109     8.3814 -9.990e-29
 126.581563     13.169    12.4941  32.358588    27.2894     13.051  274.97624  275.10873    23.2642     8.3652 -9.990e-29
 126.581565     13.187    12.4941  32.359401    27.2901     13.069  274.97479  275.10727    23.2175     8.3652 -9.990e-29
 126.581568     13.209    12.4941  32.359401    27.2901     13.091  274.97481  275.10729    23.2642     8.3773 -9.990e-29
 126.581571     13.225    12.4939  32.359227    27.2901     13.107  274.97607  275.10854    26.6261     8.2600 -9.990e-29
 126.581574     13.242    12.4939  32.360330    27.2911     13.123  274.97410  275.10656    26.5638     8.2075 -9.990e-29
 126.581577     13.254    12.4939  32.360214    27.2910     13.136  274.97432  275.10678    26.7661     8.2115 -9.990e-29
 126.581580     13.280    12.4939  32.360853    27.2917     13.161  274.97351  275.10596    26.6883     8.2115 -9.990e-29
 126.581583     13.304    12.4939  32.361259    27.2925     13.185  274.97279  275.10524    23.5132     8.8949 -9.990e-29
 126.581586     13.335    12.4936  32.361666    27.2919     13.215  274.97302  275.10545    23.4665     8.8666 0.0000e+00
 126.581589     13.368    12.4936  32.360330    27.2925     13.248  274.97576  275.10819    23.4976     8.8585 0.0000e+00
 126.581591     13.393    12.4935  32.361666    27.2920     13.273  274.97369  275.10611    23.5599     8.8504 0.0000e+00
 126.581594     13.427    12.4934  32.361840    27.2926     13.306  274.97403  275.10644    24.7117     8.5471 -9.990e-29
 126.581597     13.451    12.4933  32.361840    27.2929     13.330  274.97436  275.10676    24.6338     8.5471 -9.990e-29
 126.581600     13.476    12.4932  32.362073    27.2932     13.356  274.97427  275.10667    24.7272     8.5552 -9.990e-29
 126.581603     13.498    12.4931  32.361841    27.2931     13.377  274.97533  275.10772    24.7428     8.5754 -9.990e-29
 126.581606     13.520    12.4929  32.362828    27.2941     13.399  274.97452  275.10688    24.7895     8.5552 -9.990e-29
 126.581609     13.540    12.4927  32.362654    27.2941     13.419  274.97547  275.10783    22.2525     8.1670 -9.990e-29
 126.581612     13.564    12.4924  32.362886    27.2945     13.443  274.97633  275.10866    22.3459     8.1711 -9.990e-29
 126.581615     13.585    12.4923  32.363293    27.2949     13.463  274.97624  275.10856    22.2681     8.1468 -9.990e-29
 126.581617     13.601    12.4922  32.363060    27.2948     13.479  274.97730  275.10961    22.2369     8.1751 -9.990e-29
 126.581620     13.628    12.4921  32.362886    27.2947     13.506  274.97794  275.11025    22.4860     7.7222 -9.990e-29
 126.581623     13.652    12.4922  32.362248    27.2929     13.530  274.97879  275.11111    22.4704     7.7303 -9.990e-29
 126.581626     13.683    12.4922  32.361028    27.2929     13.560  274.98068  275.11302    22.4082     7.7061 0.0000e+00
 126.581629     13.708    12.4920  32.360854    27.2929     13.586  274.98195  275.11428    22.3770     7.7020 0.0000e+00
 126.581632     13.742    12.4920  32.362074    27.2934     13.618  274.97979  275.11210    21.5210     8.0538 0.0000e+00
 126.581635     13.771    12.4922  32.361261    27.2940     13.648  274.98032  275.11266    21.4587     8.0053 -9.990e-29
 126.581638     13.792    12.4922  32.361667    27.2935     13.669  274.97992  275.11225    21.5988     8.0215 -9.990e-29
 126.581641     13.820    12.4922  32.360622    27.2924     13.696  274.98150  275.11385    21.5521     8.0498 -9.990e-29
 126.581644     13.842    12.4922  32.361261    27.2930     13.717  274.98037  275.11271    18.5638     7.8557 -9.990e-29
 126.581646     13.863    12.4923  32.360448    27.2922     13.739  274.98153  275.11388    18.5482     7.8476 -9.990e-29
 126.581649     13.883    12.4923  32.359635    27.2914     13.759  274.98300  275.11536    18.6572     7.8274 -9.990e-29
 126.581652     13.905    12.4925  32.358184    27.2899     13.781  274.98468  275.11707    18.5327     7.8355 -9.990e-29
 126.581655     13.921    12.4925  32.356848    27.2887     13.797  274.98708  275.11949    18.5015     7.8476 -9.990e-29
 126.581658     13.945    12.4927  32.355745    27.2875     13.820  274.98814  275.12056    24.3226     8.4299 -9.990e-29
 126.581661     13.965    12.4927  32.355978    27.2883     13.840  274.98773  275.12016    24.3226     8.4541 -9.990e-29
 126.581664     13.992    12.4929  32.356791    27.2892     13.867  274.98566  275.11809    24.3226     8.4420 0.0000e+00
 126.581667     14.020    12.4930  32.358823    27.2901     13.894  274.98141  275.11382    24.2447     8.4056 0.0000e+00
 126.581670     14.046    12.4930  32.359578    27.2905     13.920  274.98007  275.11248    24.5560     8.8828 0.0000e+00
 126.581672     14.075    12.4929  32.360217    27.2908     13.949  274.97926  275.11166    24.5249     8.8787 -9.990e-29
 126.581675     14.099    12.4929  32.360042    27.2913     13.972  274.97990  275.11230    24.5093     8.8747 -9.990e-29
 126.581678     14.122    12.4926  32.360623    27.2920     13.995  274.97982  275.11219    24.4782     8.8504 -9.990e-29
 126.581681     14.143    12.4926  32.360856    27.2923     14.017  274.97973  275.11210    23.2953     8.5067 -9.990e-29
 126.581684     14.167    12.4925  32.362075    27.2935     14.040  274.97787  275.11022    23.2486     8.4744 -9.990e-29
 126.581687     14.187    12.4922  32.361669    27.2933     14.060  274.97987  275.11221    23.2331     8.4865 -9.990e-29
 126.581690     14.207    12.4922  32.362482    27.2940     14.080  274.97842  275.11075    23.2642     8.4744 -9.990e-29
 126.581693     14.222    12.4919  32.362482    27.2943     14.095  274.98000  275.11231    25.9724     8.6240 -9.990e-29
 126.581696     14.245    12.4918  32.361669    27.2946     14.117  274.98179  275.11410    25.9257     8.6361 -9.990e-29
 126.581698     14.270    12.4919  32.362888    27.2946     14.142  274.97899  275.11130    25.9101     8.6038 0.0000e+00
 126.581701     14.300    12.4918  32.363063    27.2946     14.171  274.97933  275.11162    25.9879     8.6159 -9.990e-29
 126.581704     14.325    12.4920  32.363295    27.2945     14.197  274.97799  275.11029    26.0035     8.6321 -9.990e-29
 126.581707     14.358    12.4921  32.362889    27.2945     14.229  274.97842  275.11074    30.0346     9.2750 0.0000e+00
 126.581710     14.385    12.4922  32.363876    27.2945     14.257  274.97604  275.10836    30.0502     9.2346 -9.990e-29
 126.581713     14.409    12.4923  32.362250    27.2937     14.280  274.97866  275.11100    30.2058     9.2588 -9.990e-29
 126.581716     14.431    12.4925  32.362482    27.2937     14.302  274.97732  275.10966    30.0813     9.2305 -9.990e-29
 126.581719     14.451    12.4926  32.363411    27.2945     14.322  274.97503  275.10738    30.0346     9.5540 -9.990e-29
 126.581722     14.481    12.4926  32.363702    27.2948     14.351  274.97485  275.10719    30.1124     9.5621 -9.990e-29
 126.581725     14.497    12.4926  32.364921    27.2959     14.367  274.97267  275.10500    29.9879     9.5702 -9.990e-29
 126.581727     14.519    12.4923  32.364108    27.2954     14.389  274.97540  275.10772    30.0191     9.5621 -9.990e-29
 126.581730     14.535    12.4925  32.363702    27.2948     14.405  274.97520  275.10753    23.1864     9.0405 -9.990e-29
 126.581733     14.552    12.4923  32.364399    27.2956     14.421  274.97490  275.10721    23.2798     9.0364 -9.990e-29
 126.581736     14.575    12.4922  32.364922    27.2962     14.445  274.97429  275.10660    23.2486     9.0526 -9.990e-29
 126.581739     14.599    12.4922  32.365096    27.2964     14.468  274.97431  275.10661    23.2642     9.0324 -9.990e-29
 126.581742     14.619    12.4921  32.364515    27.2959     14.488  274.97568  275.10798    25.3187     8.9798 -9.990e-29
 126.581745     14.650    12.4922  32.365096    27.2964     14.518  274.97434  275.10664    25.1163     8.9677 -9.990e-29
 126.581748     14.673    12.4922  32.365096    27.2963     14.542  274.97404  275.10635    25.1475     8.9677 -9.990e-29
 126.581751     14.697    12.4922  32.363644    27.2950     14.565  274.97698  275.10929    25.1163     9.0162 -9.990e-29
 126.581753     14.723    12.4922  32.365096    27.2963     14.591  274.97439  275.10669    25.2408     8.9758 -9.990e-29
 126.581756     14.742    12.4923  32.364922    27.2956     14.610  274.97409  275.10640    26.5949     8.9030 -9.990e-29
 126.581759     14.768    12.4924  32.364516    27.2956     14.636  274.97452  275.10684    26.7817     8.8909 0.0000e+00
 126.581762     14.797    12.4924  32.365096    27.2956     14.665  274.97318  275.10550    26.7817     8.9151 -9.990e-29
 126.581765     14.821    12.4926  32.364806    27.2957     14.688  274.97309  275.10542    26.7506     8.9192 -9.990e-29
 126.581768     14.842    12.4929  32.363877    27.2946     14.709  274.97352  275.10588    26.1903     9.1699 -9.990e-29
 126.581771     14.859    12.4930  32.364922    27.2955     14.726  274.97102  275.10338    26.1591     9.1739 -9.990e-29
 126.581774     14.883    12.4930  32.364690    27.2953     14.749  274.97146  275.10382    26.1591     9.1820 -9.990e-29
 126.581777     14.906    12.4929  32.363297    27.2940     14.773  274.97429  275.10666    26.1280     9.1739 -9.990e-29
 126.581780     14.930    12.4931  32.364284    27.2949     14.796  274.97190  275.10427    27.5910     8.9272 -9.990e-29
 126.581782     14.959    12.4929  32.364226    27.2946     14.825  274.97297  275.10533    27.7622     8.9192 0.0000e+00
 126.581785     14.985    12.4930  32.363703    27.2943     14.851  274.97330  275.10567    27.7311     8.9111 0.0000e+00
 126.581788     15.014    12.4929  32.363297    27.2942     14.880  274.97467  275.10704    27.6689     8.8949 0.0000e+00
 126.581791     15.041    12.4930  32.363065    27.2940     14.907  274.97448  275.10686    26.6727     8.9111 -9.990e-29
 126.581794     15.062    12.4929  32.363704    27.2944     14.927  274.97366  275.10603    26.6572     8.9919 -9.990e-29
 126.581797     15.091    12.4929  32.364517    27.2952     14.955  274.97254  275.10489    26.7350     8.9960 -9.990e-29
 126.581800     15.112    12.4932  32.363413    27.2939     14.977  274.97296  275.10535    26.6572     8.9919 -9.990e-29
 126.581803     15.130    12.4931  32.364284    27.2947     14.995  274.97172  275.10410    26.6416     8.9919 -9.990e-29
 126.581806     15.149    12.4934  32.364284    27.2946     15.013  274.97079  275.10318    23.1864     8.3611 -9.990e-29
 126.581808     15.170    12.4932  32.362659    27.2931     15.034  274.97435  275.10675    23.2331     8.3814 -9.990e-29
 126.581811     15.184    12.4933  32.363878    27.2942     15.048  274.97186  275.10425    23.0619     8.3450 -9.990e-29
 126.581814     15.204    12.4933  32.362833    27.2932     15.068  274.97375  275.10615    23.2642     8.3733 -9.990e-29
 126.581817     15.227    12.4934  32.364111    27.2944     15.091  274.97116  275.10355    22.8906     8.1751 -9.990e-29
 126.581820     15.249    12.4934  32.363472    27.2944     15.113  274.97200  275.10441    22.9062     8.1549 -9.990e-29
 126.581823     15.280    12.4936  32.364285    27.2939     15.143  274.96994  275.10234    22.9996     8.1630 0.0000e+00
 126.581826     15.306    12.4939  32.363472    27.2934     15.169  274.97016  275.10259    23.1085     8.1266 0.0000e+00
 126.581829     15.337    12.4941  32.363704    27.2934     15.199  274.96882  275.10126    25.4432     8.2075 0.0000e+00
 126.581832     15.366    12.4941  32.363995    27.2934     15.228  274.96800  275.10045    25.4276     8.2439 0.0000e+00
 126.581834     15.397    12.4943  32.363066    27.2931     15.259  274.96875  275.10122    25.3654     8.2479 0.0000e+00
 126.581837     15.426    12.4942  32.363472    27.2929     15.288  274.96866  275.10112    25.3965     8.2236 0.0000e+00
 126.581840     15.456    12.4941  32.362485    27.2931     15.317  274.97077  275.10323    25.4276     8.2277 -9.990e-29
 126.581843     15.474    12.4940  32.363066    27.2928     15.335  274.97037  275.10281    21.7856     8.1832 -9.990e-29
 126.581846     15.494    12.4941  32.363240    27.2929     15.355  274.96944  275.10189    21.6766     8.1832 -9.990e-29
 126.581849     15.514    12.4941  32.362892    27.2926     15.375  274.97008  275.10254    21.6455     8.1509 -9.990e-29
 126.581852     15.532    12.4940  32.362660    27.2924     15.393  274.97114  275.10359    21.7700     8.1428 -9.990e-29
 126.581855     15.550    12.4939  32.363066    27.2925     15.411  274.97073  275.10317    21.3187     7.8355 -9.990e-29
 126.581858     15.576    12.4939  32.362660    27.2918     15.436  274.97179  275.10423    21.1941     7.8638 0.0000e+00
 126.581861     15.601    12.4939  32.361034    27.2918     15.461  274.97473  275.10718    21.1786     7.8233 0.0000e+00
 126.581863     15.627    12.4938  32.362660    27.2910     15.487  274.97214  275.10458    21.2408     7.8355 -9.990e-29
 126.581866     15.650    12.4940  32.362660    27.2924     15.510  274.97121  275.10366    20.3381     8.1387 -9.990e-29
 126.581869     15.672    12.4940  32.362486    27.2922     15.532  274.97154  275.10399    20.3070     8.1670 -9.990e-29
 126.581872     15.700    12.4940  32.362080    27.2918     15.559  274.97229  275.10474    20.3537     8.1266 -9.990e-29
 126.581875     15.722    12.4941  32.362486    27.2922     15.581  274.97126  275.10372    20.3226     8.1751 -9.990e-29
 126.581878     15.747    12.4941  32.362486    27.2922     15.606  274.97128  275.10373    23.2175     8.5593 -9.990e-29
 126.581881     15.770    12.4941  32.362486    27.2921     15.629  274.97098  275.10344    23.1708     8.5714 -9.990e-29
 126.581884     15.792    12.4944  32.360860    27.2904     15.650  274.97265  275.10515    23.2331     8.5310 -9.990e-29
 126.581887     15.812    12.4943  32.361267    27.2908     15.670  274.97225  275.10474    23.3576     8.5754 -9.990e-29
 126.581889     15.834    12.4943  32.362893    27.2924     15.692  274.96966  275.10213    23.2798     8.5714 -9.990e-29
 126.581892     15.856    12.4943  32.362080    27.2916     15.714  274.97113  275.10361    25.1319     8.8383 -9.990e-29
 126.581895     15.878    12.4944  32.363241    27.2926     15.735  274.96844  275.10091    25.2564     8.8828 -9.990e-29
 126.581898     15.905    12.4941  32.363067    27.2927     15.763  274.97002  275.10248    25.1630     8.8868 0.0000e+00
 126.581901     15.931    12.4943  32.363300    27.2927     15.788  274.96900  275.10146    25.3187     8.8585 0.0000e+00
 126.581904     15.960    12.4943  32.363067    27.2927     15.817  274.96943  275.10190    23.7155     8.7453 -9.990e-29
 126.581907     15.984    12.4943  32.362487    27.2920     15.841  274.97018  275.10265    23.7311     8.7372 -9.990e-29
 126.581910     16.009    12.4943  32.362661    27.2923     15.866  274.96988  275.10236    23.6844     8.7736 0.0000e+00
 126.581913     16.037    12.4944  32.363300    27.2923     15.893  274.96844  275.10091    23.7155     8.7251 0.0000e+00
 126.581916     16.066    12.4944  32.363474    27.2926     15.922  274.96815  275.10062    22.1280     8.3692 -9.990e-29
 126.581918     16.086    12.4944  32.363068    27.2923     15.942  274.96889  275.10136    22.2836     8.3369 -9.990e-29
