Processed/SBE19plus_01907321_2022_05_04_Cast10_wfilter.cnv
* Sea-Bird SBE19plus  Data File:
* FileName = E:\Prandtl Daten\2022\CTD\Raw\SBE19plus_01907321_2022_010_Cast08.hex
* Software version 2.6.1.12
* Temperature SN = 7321
* Conductivity SN = 7321
* System UpLoad Time = May 04 2022 07:23:58
* <ApplicationData>
* <Seaterm232>
** Messpraktikum 2022
** CTD 04.05 KFN2
# nquan = 11
# nvalues = 510                         
# units = specified
# name 0 = timeJ: Julian Days
# name 1 = prdM: Pressure, Strain Gauge [db]
# name 2 = tv290C: Temperature [ITS-90, deg C]
# name 3 = c0mS/cm: Conductivity [mS/cm]
# name 4 = sal00: Salinity, Practical [PSU]
# name 5 = depSM: Depth [salt water, m], lat = 54.00
# name 6 = oxsatMm/Kg: Oxygen Saturation, Weiss [umol/kg]
# name 7 = oxsolMm/Kg: Oxygen Saturation, Garcia & Gordon [umol/kg]
# name 8 = turbWETntu0: Turbidity, WET Labs ECO [NTU]
# name 9 = flECO-AFL: Fluorescence, WET Labs ECO-AFL/FL [mg/m^3]
# name 10 = flag:  0.000e+00
# span 0 = 124.297378, 124.298851       
# span 1 =      0.591,     14.095       
# span 2 =    12.0507,    12.0657       
# span 3 =  31.826911,  31.846479       
# span 4 =    27.1037,    27.1295       
# span 5 =      0.586,     13.969       
# span 6 =  277.81870,  277.90247       
# span 7 =  277.92728,  278.01013       
# span 8 =    35.7934,    67.4665       
# span 9 =     9.0566,    13.9899       
# span 10 = 0.0000e+00, 0.0000e+00      
# interval = seconds: 0.25
# start_time = May 04 2022 07:07:03 [Instrument's time stamp, header]
# bad_flag = -9.990e-29
*END*
 124.297378      0.591    12.0549  31.835249    27.1217      0.586  277.88461  277.99255    39.0152     9.5621 0.0000e+00
 124.297381      0.617    12.0544  31.836057    27.1225      0.611  277.88536  277.99325    39.2175     9.5500 0.0000e+00
 124.297384      0.642    12.0542  31.835653    27.1228      0.636  277.88675  277.99463    39.2175     9.5540 0.0000e+00
 124.297387      0.675    12.0546  31.836634    27.1232      0.669  277.88339  277.99129    37.7233     9.8128 0.0000e+00
 124.297390      0.708    12.0550  31.837269    27.1235      0.702  277.88035  277.98827    37.8945     9.8088 0.0000e+00
 124.297393      0.754    12.0555  31.837846    27.1235      0.747  277.87711  277.98506    37.5210     9.8209 0.0000e+00
 124.297396      0.798    12.0558  31.837442    27.1230      0.790  277.87631  277.98428    37.7233     9.8451 0.0000e+00
 124.297399      0.843    12.0562  31.837673    27.1230      0.836  277.87402  277.98202    38.1903     9.7521 0.0000e+00
 124.297402      0.868    12.0563  31.837269    27.1229      0.861  277.87446  277.98247    38.0813     9.7238 -9.990e-29
 124.297405      0.878    12.0562  31.837269    27.1225      0.870  277.87478  277.98279    38.2058     9.7077 -9.990e-29
 124.297407      0.879    12.0561  31.837442    27.1228      0.872  277.87510  277.98309    38.1124     9.7926 -9.990e-29
 124.297410      0.887    12.0559  31.836750    27.1223      0.879  277.87732  277.98531    37.8634     9.6268 -9.990e-29
 124.297413      0.903    12.0558  31.835654    27.1213      0.895  277.87998  277.98797    37.9257     9.6308 -9.990e-29
 124.297416      0.947    12.0555  31.835481    27.1215      0.939  277.88127  277.98925    37.9101     9.5985 0.0000e+00
 124.297419      1.006    12.0547  31.835250    27.1217      0.997  277.88553  277.99345    37.7078     9.5702 0.0000e+00
 124.297422      1.062    12.0537  31.836231    27.1233      1.053  277.88819  277.99603    38.4237     9.6591 0.0000e+00
 124.297425      1.119    12.0535  31.836866    27.1237      1.109  277.88832  277.99614    38.4082     9.5904 0.0000e+00
 124.297428      1.166    12.0538  31.837674    27.1241      1.156  277.88529  277.99313    38.3926     9.6470 -9.990e-29
 124.297431      1.190    12.0544  31.837039    27.1235      1.179  277.88363  277.99152    38.5794     9.6632 -9.990e-29
 124.297433      1.196    12.0551  31.837443    27.1234      1.185  277.88005  277.98797    38.6416     9.6308 -9.990e-29
 124.297436      1.190    12.0554  31.837039    27.1228      1.179  277.87921  277.98716    38.1280     9.5459 -9.990e-29
 124.297439      1.176    12.0560  31.838020    27.1233      1.165  277.87487  277.98285    37.8945     9.5136 -9.990e-29
 124.297442      1.168    12.0562  31.836866    27.1220      1.158  277.87572  277.98373    37.9879     9.5459 -9.990e-29
 124.297445      1.170    12.0558  31.837443    27.1229      1.160  277.87687  277.98484    38.0346     9.5783 -9.990e-29
 124.297448      1.186    12.0555  31.837443    27.1237      1.176  277.87815  277.98610    39.0619     9.7805 -9.990e-29
 124.297451      1.214    12.0554  31.838020    27.1234      1.203  277.87742  277.98536    38.9373     9.7441 0.0000e+00
 124.297454      1.254    12.0553  31.837443    27.1233      1.243  277.87882  277.98677    38.9840     9.7683 0.0000e+00
 124.297457      1.298    12.0552  31.837443    27.1233      1.286  277.87949  277.98742    38.7973     9.7319 0.0000e+00
 124.297459      1.345    12.0554  31.837674    27.1233      1.333  277.87815  277.98609    38.1903     9.5459 0.0000e+00
 124.297462      1.398    12.0554  31.838425    27.1240      1.385  277.87681  277.98474    38.2369     9.5581 0.0000e+00
 124.297465      1.445    12.0560  31.841656    27.1266      1.432  277.86838  277.97632    38.1280     9.5864 0.0000e+00
 124.297468      1.498    12.0584  31.844598    27.1266      1.485  277.85195  277.96003    38.1903     9.5742 0.0000e+00
 124.297471      1.547    12.0619  31.844425    27.1262      1.533  277.83651  277.94483    37.1941     9.7643 0.0000e+00
 124.297474      1.584    12.0639  31.843848    27.1249      1.570  277.82843  277.93690    37.1941     9.7198 -9.990e-29
 124.297477      1.604    12.0643  31.841021    27.1199      1.590  277.83205  277.94058    37.1319     9.7521 -9.990e-29
 124.297480      1.620    12.0628  31.839405    27.1195      1.606  277.84166  277.95010    37.4587     9.7279 -9.990e-29
 124.297483      1.618    12.0606  31.838656    27.1204      1.604  277.85315  277.96144    37.1319     9.7238 -9.990e-29
 124.297486      1.613    12.0590  31.838425    27.1213      1.598  277.86052  277.96871    36.5560     9.6672 -9.990e-29
 124.297488      1.613    12.0581  31.839060    27.1226      1.599  277.86378  277.97189    36.6027     9.7441 -9.990e-29
 124.297491      1.617    12.0575  31.839233    27.1232      1.602  277.86599  277.97407    36.7584     9.6551 -9.990e-29
 124.297494      1.633    12.0576  31.840618    27.1247      1.619  277.86314  277.97121    36.6494     9.6713 -9.990e-29
 124.297497      1.666    12.0583  31.841425    27.1246      1.651  277.85852  277.96663    37.3031     9.6187 0.0000e+00
 124.297500      1.714    12.0593  31.842060    27.1245      1.698  277.85265  277.96082    37.3965     9.6268 0.0000e+00
 124.297503      1.759    12.0606  31.842060    27.1235      1.743  277.84668  277.95494    37.1319     9.5823 0.0000e+00
 124.297506      1.801    12.0614  31.842233    27.1233      1.785  277.84291  277.95123    37.2720     9.5985 0.0000e+00
 124.297509      1.831    12.0621  31.841252    27.1231      1.814  277.84157  277.94995    36.8362     9.1092 -9.990e-29
 124.297512      1.849    12.0621  31.840041    27.1205      1.832  277.84381  277.95220    36.4938     9.0566 -9.990e-29
 124.297514      1.858    12.0616  31.840618    27.1214      1.841  277.84497  277.95332    36.7584     9.0769 -9.990e-29
 124.297517      1.867    12.0614  31.839464    27.1205      1.850  277.84804  277.95639    36.7272     9.0566 -9.990e-29
 124.297520      1.870    12.0613  31.839637    27.1207      1.854  277.84836  277.95669    36.3226     9.3559 -9.990e-29
 124.297523      1.889    12.0611  31.841022    27.1224      1.872  277.84678  277.95508    36.1669     9.3761 -9.990e-29
 124.297526      1.923    12.0611  31.841253    27.1218      1.906  277.84638  277.95468    36.1980     9.3761 0.0000e+00
 124.297529      1.973    12.0616  31.840445    27.1213      1.955  277.84568  277.95403    36.1669     9.3397 0.0000e+00
 124.297532      2.033    12.0620  31.840849    27.1213      2.015  277.84308  277.95145    36.1669     9.3882 0.0000e+00
 124.297535      2.093    12.0617  31.840619    27.1213      2.074  277.84481  277.95317    36.0268     9.1982 0.0000e+00
 124.297538      2.147    12.0618  31.840850    27.1213      2.128  277.84411  277.95247    35.9334     9.2143 0.0000e+00
 124.297541      2.197    12.0618  31.840446    27.1212      2.177  277.84457  277.95293    36.1202     9.2022 0.0000e+00
 124.297543      2.226    12.0618  31.840850    27.1210      2.206  277.84385  277.95221    36.1047     9.1375 -9.990e-29
 124.297546      2.241    12.0617  31.842119    27.1226      2.221  277.84216  277.95050    36.2603     9.3397 -9.990e-29
 124.297549      2.232    12.0625  31.842235    27.1221      2.212  277.83815  277.94654    36.3226     9.3276 -9.990e-29
 124.297552      2.210    12.0637  31.843042    27.1220      2.190  277.83128  277.93975    35.9646     9.3437 -9.990e-29
 124.297555      2.188    12.0644  31.843446    27.1220      2.169  277.82768  277.93619    36.1358     9.3559 -9.990e-29
 124.297558      2.165    12.0646  31.843042    27.1214      2.145  277.82714  277.93567    36.8050     9.4570 -9.990e-29
 124.297561      2.161    12.0648  31.841657    27.1200      2.142  277.82905  277.93760    37.1319     9.5459 -9.990e-29
 124.297564      2.172    12.0644  31.842638    27.1224      2.153  277.82884  277.93736    36.7895     9.4772 -9.990e-29
 124.297567      2.211    12.0645  31.844023    27.1216      2.191  277.82601  277.93452    36.8673     9.4974 0.0000e+00
 124.297569      2.263    12.0649  31.842811    27.1209      2.243  277.82637  277.93492    37.4899     9.5783 0.0000e+00
 124.297572      2.329    12.0648  31.842061    27.1209      2.308  277.82811  277.93666    37.7700     9.6308 0.0000e+00
 124.297575      2.408    12.0644  31.843216    27.1215      2.386  277.82794  277.93645    37.6611     9.6551 0.0000e+00
 124.297578      2.483    12.0644  31.843043    27.1216      2.460  277.82862  277.93713    37.7078     9.6268 0.0000e+00
 124.297581      2.558    12.0641  31.843447    27.1220      2.535  277.82888  277.93737    37.6611     9.6308 0.0000e+00
 124.297584      2.614    12.0641  31.843851    27.1222      2.591  277.82849  277.93698    37.7700     9.4529 0.0000e+00
 124.297587      2.660    12.0644  31.843851    27.1224      2.636  277.82694  277.93545    37.7233     9.3923 -9.990e-29
 124.297590      2.681    12.0645  31.843621    27.1219      2.657  277.82706  277.93558    37.5054     9.4367 -9.990e-29
 124.297593      2.685    12.0646  31.844024    27.1222      2.661  277.82601  277.93453    37.6766     9.4327 -9.990e-29
 124.297595      2.678    12.0644  31.843447    27.1218      2.654  277.82770  277.93621    37.2720     9.6025 -9.990e-29
 124.297598      2.659    12.0651  31.845409    27.1231      2.636  277.82124  277.92978    37.0696     9.5742 -9.990e-29
 124.297601      2.639    12.0657  31.845236    27.1225      2.616  277.81870  277.92728    37.2097     9.5621 -9.990e-29
 124.297604      2.624    12.0655  31.843851    27.1214      2.601  277.82218  277.93076    37.0385     9.5661 -9.990e-29
 124.297607      2.615    12.0650  31.844255    27.1221      2.592  277.82364  277.93219    37.1630     9.2669 -9.990e-29
 124.297610      2.619    12.0647  31.844024    27.1221      2.596  277.82533  277.93386    37.1163     9.3316 -9.990e-29
 124.297613      2.632    12.0646  31.843967    27.1227      2.608  277.82608  277.93460    37.1008     9.2507 -9.990e-29
 124.297616      2.663    12.0644  31.844428    27.1224      2.639  277.82620  277.93470    37.2720     9.3033 0.0000e+00
 124.297619      2.703    12.0644  31.843851    27.1221      2.679  277.82697  277.93548    38.9373     9.9867 0.0000e+00
 124.297622      2.756    12.0642  31.843217    27.1221      2.731  277.82912  277.93762    38.9218    10.0473 0.0000e+00
 124.297624      2.812    12.0639  31.844025    27.1226      2.787  277.82894  277.93741    38.8595     9.9826 0.0000e+00
 124.297627      2.876    12.0637  31.843852    27.1226      2.851  277.83025  277.93871    38.7039    10.0312 0.0000e+00
 124.297630      2.942    12.0634  31.842814    27.1218      2.915  277.83346  277.94192    39.0619     9.9988 0.0000e+00
 124.297633      2.995    12.0628  31.841429    27.1216      2.968  277.83888  277.94731    37.6455     9.4934 0.0000e+00
 124.297636      3.051    12.0622  31.841660    27.1216      3.024  277.84134  277.94972    37.7700     9.5419 0.0000e+00
 124.297639      3.097    12.0610  31.841833    27.1219      3.069  277.84643  277.95472    37.5521     9.4934 0.0000e+00
 124.297642      3.130    12.0606  31.840853    27.1223      3.102  277.84983  277.95811    37.5521     9.5055 0.0000e+00
 124.297645      3.159    12.0601  31.842065    27.1219      3.131  277.85015  277.95838    37.3031     9.8411 -9.990e-29
 124.297648      3.181    12.0600  31.841430    27.1229      3.152  277.85165  277.95988    37.3031     9.7683 -9.990e-29
 124.297650      3.190    12.0601  31.841430    27.1228      3.161  277.85134  277.95957    37.0696     9.8128 -9.990e-29
 124.297653      3.195    12.0599  31.842642    27.1241      3.167  277.85007  277.95827    37.2408     9.8209 -9.990e-29
 124.297656      3.195    12.0600  31.843449    27.1248      3.167  277.84795  277.95616    36.8829     9.5459 -9.990e-29
 124.297659      3.186    12.0604  31.843622    27.1246      3.157  277.84573  277.95397    36.9296     9.5095 -9.990e-29
 124.297662      3.175    12.0608  31.843218    27.1240      3.147  277.84488  277.95315    36.8517     9.4570 -9.990e-29
 124.297665      3.155    12.0612  31.842814    27.1233      3.127  277.84372  277.95202    37.0385     9.4893 -9.990e-29
 124.297668      3.146    12.0613  31.843045    27.1234      3.118  277.84266  277.95096    37.0229     9.2467 -9.990e-29
 124.297671      3.148    12.0611  31.842641    27.1232      3.120  277.84435  277.95264    36.9140     9.2426 -9.990e-29
 124.297674      3.163    12.0605  31.841430    27.1223      3.134  277.84942  277.95769    37.1008     9.1779 -9.990e-29
 124.297677      3.196    12.0602  31.841026    27.1227      3.167  277.85145  277.95970    37.0696     9.2548 0.0000e+00
 124.297679      3.247    12.0593  31.841142    27.1231      3.218  277.85570  277.96388    37.0229     9.2386 0.0000e+00
 124.297682      3.314    12.0585  31.841257    27.1238      3.285  277.85901  277.96713    38.9685    10.1282 0.0000e+00
 124.297685      3.398    12.0581  31.841258    27.1238      3.368  277.86096  277.96906    38.8128    10.1606 0.0000e+00
 124.297688      3.485    12.0577  31.840623    27.1238      3.453  277.86376  277.97184    38.8595    10.1080 0.0000e+00
 124.297691      3.568    12.0573  31.840450    27.1238      3.537  277.86603  277.97409    38.8128    10.0999 0.0000e+00
 124.297694      3.634    12.0570  31.840624    27.1240      3.602  277.86702  277.97506    37.5521    10.0231 0.0000e+00
 124.297697      3.680    12.0567  31.840855    27.1241      3.647  277.86789  277.97591    37.4432    10.0918 -9.990e-29
 124.297700      3.700    12.0567  31.842240    27.1259      3.667  277.86568  277.97367    37.3342    10.0514 -9.990e-29
 124.297703      3.700    12.0572  31.842413    27.1256      3.667  277.86284  277.97087    37.3654    10.0109 -9.990e-29
 124.297705      3.691    12.0577  31.842239    27.1251      3.658  277.86094  277.96900    36.9607     9.6066 -9.990e-29
 124.297708      3.662    12.0584  31.842643    27.1250      3.629  277.85701  277.96513    36.9607     9.6511 -9.990e-29
 124.297711      3.631    12.0586  31.842412    27.1246      3.598  277.85647  277.96460    36.9296     9.6349 -9.990e-29
 124.297714      3.609    12.0588  31.841431    27.1236      3.577  277.85762  277.96577    36.9607     9.6147 -9.990e-29
 124.297717      3.603    12.0588  31.842239    27.1244      3.571  277.85614  277.96428    38.0813     9.3720 -9.990e-29
 124.297720      3.620    12.0584  31.841662    27.1246      3.587  277.85879  277.96691    38.2369     9.3801 -9.990e-29
 124.297723      3.665    12.0585  31.842239    27.1245      3.632  277.85744  277.96556    38.1903     9.3801 0.0000e+00
 124.297726      3.725    12.0586  31.842239    27.1245      3.692  277.85717  277.96529    38.0657     9.3518 0.0000e+00
 124.297729      3.804    12.0583  31.841432    27.1239      3.770  277.85965  277.96777    38.2369     9.3599 0.0000e+00
 124.297731      3.875    12.0579  31.840855    27.1239      3.840  277.86265  277.97075    37.0541     9.8856 0.0000e+00
 124.297734      3.940    12.0575  31.841029    27.1238      3.905  277.86428  277.97234    37.3342     9.9220 0.0000e+00
 124.297737      3.993    12.0572  31.840625    27.1239      3.958  277.86632  277.97437    37.1319     9.9018 0.0000e+00
 124.297740      4.019    12.0568  31.840625    27.1238      3.983  277.86823  277.97625    37.2097     9.8815 -9.990e-29
 124.297743      4.025    12.0565  31.840625    27.1243      3.989  277.86950  277.97750    37.2408     9.6470 -9.990e-29
 124.297746      4.014    12.0566  31.841260    27.1249      3.978  277.86801  277.97601    37.2097     9.5864 -9.990e-29
 124.297749      3.992    12.0565  31.841894    27.1256      3.956  277.86715  277.97513    37.2408     9.6227 -9.990e-29
 124.297752      3.976    12.0570  31.840856    27.1242      3.940  277.86683  277.97486    37.0852     9.6066 -9.990e-29
 124.297755      3.959    12.0571  31.841259    27.1246      3.924  277.86576  277.97380    36.3381     9.2669 -9.990e-29
