Processed/SBE19plus_01907321_2022_05_09_Cast98_wfilter.cnv
* Sea-Bird SBE19plus  Data File:
* FileName = E:\Prandtl_Daten\2022\CTD\Raw\SBE19plus_01907321_2022_05_09_Cast98.hex
* Software version 2.6.1.12
* Temperature SN = 7321
* Conductivity SN = 7321
* System UpLoad Time = May 09 2022 10:51:15
* <ApplicationData>
* <Seaterm232>
** Messpraktikum 2022
** CTD 09.05 SW3
** NMEA Latitude = 54 02.519 N
** NMEA Longitude = 008 29.775 E
# nquan = 11
# nvalues = 456                         
# units = specified
# name 0 = timeJ: Julian Days
# name 1 = prdM: Pressure, Strain Gauge [db]
# name 2 = tv290C: Temperature [ITS-90, deg C]
# name 3 = c0mS/cm: Conductivity [mS/cm]
# name 4 = sal00: Salinity, Practical [PSU]
# name 5 = depSM: Depth [salt water, m], lat = 54.00
# name 6 = oxsatMm/Kg: Oxygen Saturation, Weiss [umol/kg]
# name 7 = oxsolMm/Kg: Oxygen Saturation, Garcia & Gordon [umol/kg]
# name 8 = turbWETntu0: Turbidity, WET Labs ECO [NTU]
# name 9 = flECO-AFL: Fluorescence, WET Labs ECO-AFL/FL [mg/m^3]
# name 10 = flag:  0.000e+00
# span 0 = 129.447245, 129.448562       
# span 1 =      0.435,     10.795       
# span 2 =    11.5067,    12.0010       
# span 3 =  29.108877,  31.636932       
# span 4 =    24.6067,    27.3308       
# span 5 =      0.431,     10.698       
# span 6 =  280.70780,  283.23642       
# span 7 =  280.78618,  283.36766       
# span 8 =    -6.3389,    32.8206       
# span 9 =    -0.1831,    14.9320       
# span 10 = 0.0000e+00, 0.0000e+00      
# interval = seconds: 0.25
# start_time = May 09 2022 10:42:51 [Instrument's time stamp, header]
# bad_flag = -9.990e-29
*END*
[from data line 394]
 129.448385      9.358    11.5610  31.527525    27.1870      9.274  280.71675  280.79323    23.4510    13.5168 0.0000e+00
 129.448388      9.387    11.5583  31.536550    27.1976      9.303  280.71212  280.78830    23.5599    13.5208 0.0000e+00
 129.448391      9.414    11.5549  31.544484    27.2026      9.330  280.71302  280.78886    23.1552    13.3793 0.0000e+00
 129.448394      9.446    11.5515  31.550981    27.2076      9.361  280.71630  280.79182    23.2486    13.4036 -9.990e-29
 129.448397      9.466    11.5483  31.559663    27.2269      9.381  280.71482  280.79001    23.1864    13.3995 -9.990e-29
 129.448400      9.480    11.5448  31.569899    27.2392      9.395  280.71136  280.78618    23.1864    13.3793 -9.990e-29
 129.448403      9.484    11.5419  31.571510    27.2429      9.399  280.72192  280.79651    24.7272    13.1933 -9.990e-29
 129.448406      9.482    11.5402  31.576629    27.2491      9.397  280.72018  280.79458    24.7895    13.2014 -9.990e-29
 129.448409      9.480    11.5383  31.579217    27.2529      9.395  280.72383  280.79807    24.7895    13.2216 -9.990e-29
 129.448411      9.482    11.5361  31.590433    27.2652      9.398  280.71280  280.78675    24.6650    13.2014 -9.990e-29
 129.448414      9.493    11.5334  31.592620    27.2693      9.408  280.72101  280.79474    24.5871    13.2054 -9.990e-29
 129.448417      9.510    11.5310  31.592620    27.2760      9.424  280.73209  280.80564    24.8362    13.3348 -9.990e-29
 129.448420      9.535    11.5294  31.596589    27.2772      9.450  280.73220  280.80559    24.9607    13.3267 0.0000e+00
 129.448423      9.566    11.5289  31.598776    27.2784      9.481  280.73031  280.80364    24.9607    13.3308 0.0000e+00
 129.448426      9.612    11.5279  31.600156    27.2804      9.526  280.73216  280.80540    24.8829    13.3227 0.0000e+00
 129.448429      9.661    11.5267  31.600329    27.2815      9.575  280.73756  280.81071    23.6844    13.7877 0.0000e+00
 129.448432      9.719    11.5255  31.603897    27.2857      9.632  280.73624  280.80926    23.7311    13.7958 0.0000e+00
 129.448435      9.780    11.5240  31.604300    27.2872      9.692  280.74248  280.81538    23.8401    13.7796 0.0000e+00
 129.448438      9.833    11.5231  31.606486    27.2872      9.745  280.74249  280.81531    23.8245    13.7756 0.0000e+00
 129.448440      9.876    11.5226  31.603092    27.2885      9.788  280.75146  280.82427    23.3731    13.7109 0.0000e+00
 129.448443      9.911    11.5220  31.605106    27.2871      9.822  280.75021  280.82296    23.4821    13.7190 -9.990e-29
 129.448446      9.927    11.5217  31.606256    27.2907      9.838  280.74963  280.82234    23.5288    13.7109 -9.990e-29
 129.448449      9.935    11.5212  31.604876    27.2898      9.846  280.75445  280.82715    23.3731    13.7068 -9.990e-29
 129.448452      9.933    11.5210  31.602344    27.2875      9.844  280.76017  280.83288    25.4120    13.0073 -9.990e-29
 129.448455      9.916    11.5213  31.601309    27.2863      9.828  280.76053  280.83328    25.5210    13.0194 -9.990e-29
 129.448458      9.894    11.5217  31.601941    27.2866      9.806  280.75775  280.83051    25.4743    13.0032 -9.990e-29
 129.448461      9.871    11.5219  31.602344    27.2869      9.783  280.75602  280.82880    25.4899    13.0437 -9.990e-29
 129.448464      9.852    11.5219  31.602919    27.2874      9.764  280.75492  280.82769    25.3342    13.0113 -9.990e-29
 129.448466      9.845    11.5218  31.599755    27.2845      9.757  280.76120  280.83400    26.3303    12.9790 -9.990e-29
 129.448469      9.849    11.5216  31.603092    27.2878      9.761  280.75586  280.82861    26.3459    12.9871 -9.990e-29
 129.448472      9.867    11.5213  31.604070    27.2918      9.779  280.75529  280.82801    26.4393    12.9749 -9.990e-29
 129.448475      9.898    11.5213  31.607062    27.2919      9.809  280.74998  280.82266    26.4237    12.9830 0.0000e+00
 129.448478      9.940    11.5209  31.606889    27.2920      9.851  280.75223  280.82488    26.4393    13.9737 0.0000e+00
 129.448481      9.993    11.5203  31.608040    27.2934      9.903  280.75263  280.82522    26.3303    13.9737 0.0000e+00
 129.448484     10.049    11.5199  31.611608    27.2971      9.959  280.74783  280.82035    26.4237    13.9211 0.0000e+00
 129.448487     10.108    11.5191  31.614888    27.3008     10.017  280.74516  280.81759    26.5015    13.9697 0.0000e+00
 129.448490     10.170    11.5177  31.616327    27.3032     10.079  280.74912  280.82143    27.3576    13.4197 0.0000e+00
 129.448492     10.223    11.5166  31.619319    27.3068     10.131  280.74856  280.82076    27.4976    13.3914 0.0000e+00
 129.448495     10.268    11.5158  31.618744    27.3068     10.176  280.75315  280.82530    27.3264    13.4036 0.0000e+00
 129.448498     10.312    11.5152  31.619895    27.3084     10.220  280.75417  280.82625    27.4198    13.4036 0.0000e+00
 129.448501     10.338    11.5146  31.623866    27.3105     10.245  280.74922  280.82122    28.4004    14.9280 0.0000e+00
 129.448504     10.363    11.5137  31.624671    27.3126     10.270  280.75214  280.82406    28.3381    14.9199 -9.990e-29
 129.448507     10.376    11.5131  31.626225    27.3160     10.283  280.75174  280.82360    28.4938    14.9118 -9.990e-29
 129.448510     10.380    11.5130  31.626225    27.3160     10.287  280.75206  280.82391    28.4626    14.9280 -9.990e-29
 129.448513     10.383    11.5130  31.625247    27.3151     10.290  280.75391  280.82578    28.3692    14.9320 -9.990e-29
 129.448516     10.381    11.5130  31.626225    27.3161     10.288  280.75238  280.82423    32.8206    13.5087 -9.990e-29
 129.448519     10.371    11.5127  31.628009    27.3180     10.278  280.75027  280.82207    32.7739    13.5046 -9.990e-29
 129.448521     10.365    11.5126  31.627434    27.3175     10.272  280.75198  280.82378    32.8050    13.5289 -9.990e-29
 129.448524     10.358    11.5121  31.629218    27.3196     10.265  280.75082  280.82257    32.7272    13.5329 -9.990e-29
 129.448527     10.352    11.5116  31.630772    27.3214     10.259  280.75009  280.82179    31.5910    13.3833 -9.990e-29
 129.448530     10.352    11.5111  31.630599    27.3216     10.259  280.75263  280.82429    31.5599    13.3955 -9.990e-29
 129.448533     10.365    11.5108  31.631002    27.3222     10.272  280.75345  280.82509    31.6533    13.3672 -9.990e-29
 129.448536     10.372    11.5104  31.632959    27.3244     10.279  280.75166  280.82324    31.5443    13.3914 -9.990e-29
 129.448539     10.392    11.5097  31.634168    27.3262     10.299  280.75255  280.82406    32.1980    14.0303 -9.990e-29
 129.448542     10.423    11.5091  31.633938    27.3263     10.329  280.75553  280.82701    32.0268    14.0303 0.0000e+00
 129.448545     10.455    11.5085  31.633765    27.3262     10.362  280.75872  280.83016    32.0268    14.0101 0.0000e+00
 129.448547     10.498    11.5084  31.633362    27.3265     10.404  280.75983  280.83126    32.0580    14.0020 0.0000e+00
 129.448550     10.549    11.5082  31.635722    27.3286     10.454  280.75667  280.82806    31.8089    14.1071 0.0000e+00
 129.448553     10.605    11.5075  31.636125    27.3294     10.510  280.75879  280.83013    31.8556    14.0869 0.0000e+00
 129.448556     10.658    11.5071  31.635953    27.3294     10.563  280.76105  280.83236    31.7311    14.0748 0.0000e+00
 129.448559     10.715    11.5068  31.635320    27.3295     10.619  280.76386  280.83515    31.7934    14.0829 0.0000e+00
 129.448562     10.795    11.5067  31.636932    27.3308     10.698  280.76150  280.83277    31.8245    14.1233 0.0000e+00
