Processed/SBE19plus_01907321_2022_05_11_Cast127_wfilter.cnv
* Sea-Bird SBE19plus  Data File:
* FileName = E:\Prandtl_Daten\2022\CTD\Raw\SBE19plus_01907321_2022_05_11_Cast127.hex
* Software version 2.6.1.12
* Temperature SN = 7321
* Conductivity SN = 7321
* System UpLoad Time = May 11 2022 10:15:12
* <ApplicationData>
* <Seaterm232>
** Messpraktikum 2022
** CTD 10.05  SW2
** NMEA Latitude = 54 04.82N
** NMEA Longitude = 008 29.53E
# nquan = 11
# nvalues = 354                         
# units = specified
# name 0 = timeJ: Julian Days
# name 1 = prdM: Pressure, Strain Gauge [db]
# name 2 = tv290C: Temperature [ITS-90, deg C]
# name 3 = c0mS/cm: Conductivity [mS/cm]
# name 4 = sal00: Salinity, Practical [PSU]
# name 5 = depSM: Depth [salt water, m], lat = 54.00
# name 6 = oxsatMm/Kg: Oxygen Saturation, Weiss [umol/kg]
# name 7 = oxsolMm/Kg: Oxygen Saturation, Garcia & Gordon [umol/kg]
# name 8 = turbWETntu0: Turbidity, WET Labs ECO [NTU]
# name 9 = flECO-AFL: Fluorescence, WET Labs ECO-AFL/FL [mg/m^3]
# name 10 = flag:  0.000e+00
# span 0 = 131.423278, 131.424300       
# span 1 =      0.482,     11.905       
# span 2 =    11.7271,    12.1296       
# span 3 =  32.703276,  33.076863       
# span 4 =    27.8866,    28.5390       
# span 5 =      0.478,     11.799       
# span 6 =  275.95676,  277.06851       
# span 7 =  276.06059,  277.13922       
# span 8 =    -2.5724,    12.7428       
# span 9 =     2.2108,     6.8690       
# span 10 = 0.0000e+00, 0.0000e+00      
# interval = seconds: 0.25
# start_time = May 11 2022 10:08:17 [Instrument's time stamp, header]
# bad_flag = -9.990e-29
*END*
[from data line 132]
 131.423660      4.758    12.0030  32.807610    28.0760      4.715  276.33441  276.42818    -0.5179     2.8537 -9.990e-29
 131.423663      4.782    12.0030  32.810121    28.0815      4.739  276.32982  276.42355    -0.5802     2.9063 -9.990e-29
 131.423666      4.809    12.0028  32.812398    28.0817      4.766  276.32659  276.42028    -0.7514     2.8699 0.0000e+00
 131.423669      4.838    12.0025  32.812631    28.0819      4.795  276.32742  276.42109    -0.5957     2.8294 0.0000e+00
 131.423672      4.871    12.0026  32.814266    28.0834      4.828  276.32413  276.41779     3.2486     2.7122 0.0000e+00
 131.423675      4.913    12.0026  32.814675    28.0837      4.869  276.32310  276.41676     3.2798     2.7041 0.0000e+00
 131.423678      4.953    12.0029  32.815960    28.0848      4.909  276.31984  276.41350     3.1552     2.7081 0.0000e+00
 131.423681      4.990    12.0030  32.817361    28.0860      4.945  276.31667  276.41032     3.1864     2.7405 0.0000e+00
 131.423683      5.022    12.0029  32.821039    28.0895      4.977  276.31055  276.40416    -1.4673     2.7041 0.0000e+00
 131.423686      5.050    12.0027  32.821682    28.0903      5.005  276.31001  276.40360    -1.3739     2.6717 0.0000e+00
 131.423689      5.077    12.0028  32.822266    28.0905      5.032  276.30865  276.40224    -1.3739     2.7203 0.0000e+00
 131.423692      5.106    12.0029  32.822908    28.0907      5.061  276.30718  276.40077    -1.2961     2.7081 -9.990e-29
 131.423695      5.126    12.0028  32.822908    28.0940      5.080  276.30750  276.40109    -1.2183     2.7405 -9.990e-29
 131.423698      5.153    12.0029  32.825769    28.0945      5.107  276.30196  276.39551    -1.2650     2.8416 0.0000e+00
 131.423701      5.181    12.0029  32.826820    28.0949      5.135  276.29974  276.39329    -1.5140     2.7971 0.0000e+00
 131.423704      5.206    12.0026  32.828922    28.0964      5.160  276.29713  276.39064    -1.5763     2.8335 0.0000e+00
 131.423707      5.246    12.0026  32.828164    28.0971      5.200  276.29856  276.39207    -1.3739     2.8092 0.0000e+00
 131.423709      5.280    12.0024  32.829915    28.0982      5.232  276.29660  276.39007    -1.1094     2.6111 0.0000e+00
 131.423712      5.318    12.0026  32.830733    28.0988      5.270  276.29420  276.38768    -1.1405     2.5868 0.0000e+00
 131.423715      5.358    12.0024  32.831667    28.0999      5.310  276.29344  276.38689    -1.1405     2.5706 0.0000e+00
 131.423718      5.396    12.0023  32.835288    28.1033      5.348  276.28712  276.38053    -1.3117     2.5585 0.0000e+00
 131.423721      5.429    12.0021  32.837975    28.1057      5.380  276.28314  276.37651    -1.6697     2.5342 0.0000e+00
 131.423724      5.456    12.0020  32.837566    28.1060      5.407  276.28422  276.37759    -1.8253     2.5140 0.0000e+00
 131.423727      5.486    12.0018  32.838968    28.1071      5.437  276.28259  276.37593    -1.7631     2.4979 0.0000e+00
 131.423730      5.522    12.0014  32.838793    28.1073      5.473  276.28480  276.37811    -1.6230     2.5140 0.0000e+00
 131.423733      5.557    12.0014  32.840253    28.1087      5.507  276.28214  276.37543    -1.1249     2.9224 0.0000e+00
 131.423736      5.595    12.0015  32.846443    28.1145      5.545  276.27049  276.36372    -1.2806     2.9548 0.0000e+00
 131.423738      5.628    12.0004  32.850590    28.1192      5.577  276.26753  276.36064    -1.0782     2.9305 0.0000e+00
 131.423741      5.659    11.9989  32.852226    28.1218      5.608  276.27105  276.36404    -1.0627     2.9710 0.0000e+00
 131.423744      5.690    11.9978  32.851350    28.1218      5.639  276.27763  276.37055    -1.1872     2.9467 0.0000e+00
 131.423747      5.725    11.9972  32.852694    28.1235      5.673  276.27797  276.37083    -0.4090     3.5896 0.0000e+00
 131.423750      5.755    11.9965  32.855965    28.1271      5.704  276.27507  276.36785    -0.4401     3.6220 0.0000e+00
 131.423753      5.785    11.9961  32.857659    28.1281      5.733  276.27384  276.36656    -0.4245     3.5613 0.0000e+00
 131.423756      5.814    11.9953  32.856783    28.1291      5.762  276.27887  276.37155    -0.5179     3.5977 -9.990e-29
 131.423759      5.837    11.9947  32.859061    28.1314      5.785  276.27748  276.37009    -2.0432     2.6798 -9.990e-29
 131.423762      5.861    11.9943  32.859470    28.1355      5.809  276.27861  276.37118    -1.8097     2.6717 -9.990e-29
 131.423764      5.889    11.9939  32.862800    28.1378      5.836  276.27405  276.36657    -2.0743     2.6111 0.0000e+00
 131.423767      5.920    11.9932  32.866948    28.1400      5.867  276.26986  276.36227    -2.1055     2.6596 0.0000e+00
 131.423770      5.952    11.9916  32.867357    28.1415      5.899  276.27593  276.36823    -1.5140     2.7081 0.0000e+00
 131.423773      5.985    11.9904  32.867883    28.1430      5.932  276.28055  276.37276    -1.8097     2.7000 0.0000e+00
 131.423776      6.018    11.9898  32.869636    28.1450      5.964  276.27983  276.37197    -1.5452     2.7122 0.0000e+00
 131.423779      6.051    11.9891  32.872090    28.1479      5.997  276.27874  276.37081    -1.8876     2.6636 0.0000e+00
 131.423782      6.086    11.9882  32.874193    28.1505      6.032  276.27861  276.37059    -1.5452     3.4077 0.0000e+00
 131.423785      6.119    11.9871  32.877465    28.1525      6.064  276.27757  276.36943    -1.6385     3.4319 0.0000e+00
 131.423788      6.155    11.9861  32.874603    28.1545      6.100  276.28718  276.37901    -1.7475     3.4562 0.0000e+00
 131.423791      6.193    11.9858  32.879920    28.1578      6.138  276.27898  276.37073    -1.7164     3.4441 0.0000e+00
 131.423793      6.230    11.9849  32.882432    28.1608      6.174  276.27841  276.37006    -1.6852     3.3713 0.0000e+00
 131.423796      6.270    11.9829  32.885120    28.1648      6.214  276.28215  276.37363    -1.9498     2.5989 0.0000e+00
 131.423799      6.312    11.9812  32.887400    28.1682      6.255  276.28541  276.37674    -2.1522     2.5747 0.0000e+00
 131.423802      6.349    11.9796  32.891140    28.1730      6.292  276.28598  276.37715    -1.7942     2.5828 0.0000e+00
 131.423805      6.379    11.9778  32.896750    28.1763      6.322  276.28372  276.37470    -1.9809     2.6030 0.0000e+00
 131.423808      6.410    11.9747  32.898620    28.1797      6.353  276.29389  276.38464    -1.7008     3.0518 -9.990e-29
 131.423811      6.432    11.9725  32.896868    28.1837      6.375  276.30671  276.39732    -1.6385     3.1287 -9.990e-29
 131.423814      6.454    11.9711  32.901485    28.1892      6.396  276.30441  276.39487    -1.4829     3.0437 -9.990e-29
 131.423817      6.478    11.9697  32.902946    28.1916      6.420  276.30792  276.39826    -1.6074     3.1044 -9.990e-29
 131.423819      6.498    11.9684  32.905167    28.1947      6.440  276.30972  276.39994    -1.0315     2.6758 -9.990e-29
 131.423822      6.529    11.9672  32.904174    28.1961      6.471  276.31713  276.40727    -1.1716     2.6515 0.0000e+00
 131.423825      6.562    11.9661  32.906278    28.1972      6.503  276.31822  276.40826    -1.1560     2.6353 0.0000e+00
 131.423828      6.604    11.9660  32.905927    28.1975      6.545  276.31921  276.40924    -1.0471     2.6677 0.0000e+00
 131.423831      6.640    11.9658  32.908558    28.1998      6.581  276.31501  276.40501    -1.5607     2.9103 0.0000e+00
 131.423834      6.684    11.9655  32.912474    28.2038      6.624  276.30938  276.39931    -1.5918     2.9507 0.0000e+00
 131.423837      6.715    11.9642  32.917969    28.2069      6.655  276.30485  276.39463    -1.7786     2.9386 0.0000e+00
 131.423840      6.748    11.9624  32.922003    28.2099      6.687  276.30548  276.39509    -1.5607     2.9022 -9.990e-29
 131.423843      6.773    11.9608  32.921594    28.2170      6.713  276.31367  276.40315    -1.6385     2.9831 -9.990e-29
 131.423845      6.801    11.9601  32.922120    28.2174      6.740  276.31580  276.40524    -1.2806     2.4412 0.0000e+00
 131.423848      6.830    11.9594  32.922646    28.2179      6.769  276.31763  276.40702    -1.1872     2.4655 0.0000e+00
 131.423851      6.857    11.9595  32.923465    28.2186      6.796  276.31584  276.40522    -1.1094     2.4251 0.0000e+00
 131.423854      6.883    11.9592  32.929428    28.2245      6.821  276.30612  276.39541    -1.0471     2.4170 0.0000e+00
 131.423857      6.910    11.9588  32.933228    28.2284      6.848  276.30100  276.39022    -1.7942     2.4574 0.0000e+00
 131.423860      6.943    11.9578  32.941063    28.2366      6.881  276.29093  276.37999    -1.7475     2.4332 0.0000e+00
 131.423863      6.983    11.9568  32.942642    28.2379      6.921  276.29268  276.38165    -1.7786     2.4453 0.0000e+00
 131.423866      7.025    11.9563  32.941297    28.2388      6.962  276.29734  276.38629    -1.5296     2.4979 0.0000e+00
 131.423869      7.070    11.9562  32.948548    28.2446      7.007  276.28434  276.37320    -1.7319     2.2755 0.0000e+00
 131.423872      7.112    11.9559  32.948022    28.2448      7.049  276.28688  276.37573    -1.8097     2.2593 0.0000e+00
 131.423874      7.158    11.9560  32.952876    28.2491      7.094  276.27736  276.36617    -1.4206     2.2916 0.0000e+00
 131.423877      7.196    11.9559  32.954162    28.2504      7.132  276.27564  276.36442    -1.8720     2.2108 0.0000e+00
 131.423880      7.227    11.9557  32.958841    28.2526      7.162  276.26767  276.35638    -1.9809     2.3159 0.0000e+00
 131.423883      7.258    11.9555  32.958900    28.2549      7.193  276.26882  276.35751    -2.1988     2.3321 -9.990e-29
 131.423886      7.280    11.9553  32.963052    28.2593      7.215  276.26211  276.35075    -2.3078     2.3604 -9.990e-29
 131.423889      7.298    11.9549  32.967965    28.2642      7.233  276.25463  276.34318    -2.2767     2.3927 -9.990e-29
 131.423892      7.316    11.9541  32.971182    28.2678      7.251  276.25211  276.34058    -2.0121     2.3523 -9.990e-29
 131.423895      7.329    11.9531  32.974283    28.2715      7.263  276.25104  276.33940    -1.9809     2.4695 -9.990e-29
 131.423898      7.347    11.9526  32.976271    28.2749      7.282  276.24955  276.33785    -2.3389     2.4615 -9.990e-29
 131.423900      7.378    11.9521  32.976974    28.2759      7.312  276.25075  276.33900    -2.1366     2.4291 0.0000e+00
 131.423903      7.411    11.9521  32.979080    28.2769      7.345  276.24690  276.33513    -2.0899     2.4979 0.0000e+00
 131.423906      7.451    11.9521  32.982414    28.2800      7.385  276.24048  276.32868    -2.5413     2.6111 0.0000e+00
 131.423909      7.495    11.9523  32.989259    28.2863      7.428  276.22730  276.31543    -2.5413     2.6151 0.0000e+00
 131.423912      7.541    11.9523  32.993998    28.2908      7.473  276.21830  276.30638    -2.4790     2.6273 0.0000e+00
 131.423915      7.575    11.9523  32.998211    28.2948      7.508  276.21088  276.29891    -2.3078     2.6475 0.0000e+00
 131.423918      7.616    11.9522  33.002950    28.2993      7.547  276.20249  276.29047    -2.5724     3.0154 0.0000e+00
 131.423921      7.652    11.9520  33.004999    28.3014      7.584  276.19967  276.28761    -2.3389     3.0761 0.0000e+00
 131.423924      7.689    11.9517  33.008100    28.3030      7.620  276.19522  276.28311    -2.2767     2.9871 0.0000e+00
 131.423927      7.718    11.9517  33.008978    28.3046      7.649  276.19363  276.28150    -2.5101     3.0114 -9.990e-29
 131.423929      7.740    11.9516  33.013074    28.3094      7.670  276.18672  276.27454    -2.5413     2.9993 -9.990e-29
 131.423932      7.765    11.9513  33.016469    28.3128      7.696  276.18172  276.26948    -2.5413     3.0074 -9.990e-29
 131.423935      7.787    11.9507  33.019161    28.3226      7.717  276.17956  276.26724    -2.4790     2.9750 -9.990e-29
 131.423938      7.816    11.9500  33.025716    28.3237      7.746  276.17059  276.25816    -2.2144     3.0195 0.0000e+00
 131.423941      7.843    11.9486  33.027063    28.3226      7.773  276.17399  276.26144    -2.3856     2.9831 0.0000e+00
 131.423944      7.882    11.9475  33.023727    28.3239      7.811  276.18539  276.27280    -1.6074     3.2338 0.0000e+00
 131.423947      7.922    11.9473  33.024956    28.3239      7.851  276.18408  276.27146    -1.6541     3.2378 0.0000e+00
 131.423950      7.967    11.9471  33.029580    28.3283      7.896  276.17622  276.26353    -1.5918     3.2055 0.0000e+00
 131.423953      8.011    11.9457  33.034731    28.3343      7.939  276.17324  276.26039    -1.5763     3.2338 0.0000e+00
 131.423955      8.047    11.9422  33.040995    28.3429      7.975  276.17713  276.26396    -1.4518     2.6879 0.0000e+00
 131.423958      8.086    11.9373  33.042050    28.3476      8.013  276.19677  276.28324    -1.3273     2.7203 0.0000e+00
 131.423961      8.120    11.9333  33.044743    28.3503      8.048  276.20938  276.29553    -1.4829     2.7445 0.0000e+00
 131.423964      8.148    11.9292  33.046149    28.3531      8.075  276.22529  276.31112    -1.3739     2.6798 -9.990e-29
 131.423967      8.168    11.9246  33.048081    28.3630      8.095  276.24206  276.32754    -0.4401     4.0304 -9.990e-29
 131.423970      8.190    11.9213  33.052883    28.3700      8.117  276.24769  276.33288    -0.3934     4.0183 -9.990e-29
 131.423973      8.208    11.9157  33.053937    28.3752      8.135  276.27039  276.35516    -0.3311     4.1032 -9.990e-29
 131.423976      8.230    11.9079  33.057217    28.3843      8.156  276.29913  276.38330    -0.3467     4.0668 -9.990e-29
 131.423979      8.254    11.9009  33.057452    28.3954      8.180  276.32979  276.41345     0.5871     3.7878 -9.990e-29
 131.423981      8.287    11.8941  33.057863    28.3961      8.213  276.35921  276.44237     0.8362     3.7554 0.0000e+00
 131.423984      8.323    11.8893  33.055580    28.3969      8.249  276.38468  276.46751     0.9451     3.8242 0.0000e+00
 131.423987      8.365    11.8863  33.060030    28.4033      8.290  276.38942  276.47199     0.6805     3.7716 0.0000e+00
 131.423990      8.406    11.8802  33.059328    28.4073      8.330  276.41781  276.49995     0.7739     3.7797 0.0000e+00
 131.423993      8.448    11.8722  33.063721    28.4176      8.372  276.44541  276.52691     0.6805     3.4805 0.0000e+00
 131.423996      8.482    11.8634  33.065010    28.4256      8.406  276.48211  276.56295     0.5871     3.4562 0.0000e+00
 131.423999      8.517    11.8567  33.065362    28.4283      8.441  276.51101  276.59136     0.9451     3.5128 0.0000e+00
 131.424002      8.550    11.8520  33.065187    28.4310      8.473  276.53227  276.61227     0.9607     3.4319 -9.990e-29
 131.424005      8.572    11.8469  33.066593    28.4419      8.495  276.55213  276.63175     1.4587     3.7109 -9.990e-29
 131.424008      8.601    11.8445  33.067062    28.4434      8.524  276.56204  276.64148     1.3187     3.7069 0.0000e+00
 131.424010      8.628    11.8409  33.067414    28.4449      8.551  276.57740  276.65657     1.2097     3.7554 0.0000e+00
 131.424013      8.666    11.8336  33.067883    28.4509      8.589  276.60884  276.68747     1.3342     3.7433 0.0000e+00
 131.424016      8.710    11.8255  33.068470    28.4576      8.632  276.64344  276.72148     2.7817     3.9859 0.0000e+00
 131.424019      8.756    11.8190  33.066421    28.4606      8.677  276.67616  276.75374     2.6572     3.9697 0.0000e+00
 131.424022      8.798    11.8153  33.068296    28.4652      8.719  276.68901  276.76630     2.7039     4.0102 0.0000e+00
 131.424025      8.840    11.8126  33.068706    28.4665      8.761  276.70057  276.77766     2.9062     4.0183 0.0000e+00
 131.424028      8.871    11.8101  33.069350    28.4677      8.791  276.71047  276.78736     3.9179     4.2973 -9.990e-29
 131.424031      8.894    11.8081  33.068472    28.4709      8.815  276.72102  276.79778     3.8556     4.3337 -9.990e-29
 131.424034      8.913    11.8073  33.071342    28.4742      8.833  276.71910  276.79576     3.9023     4.3498 -9.990e-29
