Processed/SBE19plus_01907321_2022_05_09_Cast99_wfilter.cnv
* Sea-Bird SBE19plus  Data File:
* FileName = E:\Prandtl_Daten\2022\CTD\Raw\SBE19plus_01907321_2022_05_09_Cast99.hex
* Software version 2.6.1.12
* Temperature SN = 7321
* Conductivity SN = 7321
* System UpLoad Time = May 09 2022 11:28:20
* <ApplicationData>
* <Seaterm232>
** Messpraktikum 2022
** CTD 09.05 SW2
** NMEA Latitude = 54 04.851 N
** NMEA Longitude = 008 29.692 E
# nquan = 11
# nvalues = 483                         
# units = specified
# name 0 = timeJ: Julian Days
# name 1 = prdM: Pressure, Strain Gauge [db]
# name 2 = tv290C: Temperature [ITS-90, deg C]
# name 3 = c0mS/cm: Conductivity [mS/cm]
# name 4 = sal00: Salinity, Practical [PSU]
# name 5 = depSM: Depth [salt water, m], lat = 54.00
# name 6 = oxsatMm/Kg: Oxygen Saturation, Weiss [umol/kg]
# name 7 = oxsolMm/Kg: Oxygen Saturation, Garcia & Gordon [umol/kg]
# name 8 = turbWETntu0: Turbidity, WET Labs ECO [NTU]
# name 9 = flECO-AFL: Fluorescence, WET Labs ECO-AFL/FL [mg/m^3]
# name 10 = flag:  0.000e+00
# span 0 = 129.465072, 129.466467       
# span 1 =      0.383,     10.896       
# span 2 =    11.9687,    12.7454       
# span 3 =  30.981231,  31.630717       
# span 4 =    26.0874,    26.9719       
# span 5 =      0.380,     10.799       
# span 6 =  275.78652,  278.71647       
# span 7 =  275.94591,  278.84128       
# span 8 =    21.0229,    49.1319       
# span 9 =     8.7331,    18.0780       
# span 10 = 0.0000e+00, 0.0000e+00      
# interval = seconds: 0.25
# start_time = May 09 2022 11:08:32 [Instrument's time stamp, header]
# bad_flag = -9.990e-29
*END*
[from data line 132]
 129.465454      1.856    12.3262  31.004574    26.1505      1.839  278.16732  278.30221    34.5638    16.2624 0.0000e+00
 129.465457      1.916    12.3197  31.002063    26.1527      1.899  278.20187  278.33636    34.5015    16.2988 0.0000e+00
 129.465460      1.976    12.3148  31.002634    26.1547      1.958  278.22342  278.35758    34.5794    16.2867 0.0000e+00
 129.465463      2.023    12.3115  31.002064    26.1566      2.005  278.23931  278.37326    35.9179    16.5374 -9.990e-29
 129.465466      2.047    12.3096  31.001322    26.1590      2.029  278.24937  278.38320    36.0113    16.5616 -9.990e-29
 129.465469      2.058    12.3076  30.997039    26.1564      2.040  278.26649  278.40023    36.1669    16.4969 -9.990e-29
 129.465472      2.057    12.3052  30.996126    26.1572      2.038  278.27878  278.41238    36.1047    16.5172 -9.990e-29
 129.465475      2.055    12.3019  30.995098    26.1586      2.037  278.29611  278.42949    36.0113    16.5131 -9.990e-29
 129.465477      2.055    12.2980  30.993386    26.1597      2.037  278.31694  278.45008    35.7155    16.4848 -9.990e-29
 129.465480      2.057    12.2940  30.992815    26.1619      2.038  278.33634  278.46922    35.7155    16.4363 -9.990e-29
 129.465483      2.081    12.2905  30.992816    26.1655      2.062  278.35213  278.48479    35.7000    16.5010 -9.990e-29
 129.465486      2.110    12.2878  30.992017    26.1652      2.091  278.36617  278.49866    35.8245    16.4363 0.0000e+00
 129.465489      2.152    12.2860  30.990018    26.1655      2.133  278.37820  278.51059    35.0463    16.5293 0.0000e+00
 129.465492      2.201    12.2842  30.990875    26.1669      2.182  278.38473  278.51699    35.0152    16.5414 0.0000e+00
 129.465495      2.252    12.2837  30.992017    26.1675      2.232  278.38494  278.51716    35.2019    16.5050 0.0000e+00
 129.465498      2.302    12.2838  30.991275    26.1675      2.281  278.38568  278.51791    34.9218    16.4848 0.0000e+00
 129.465501      2.342    12.2824  30.989334    26.1671      2.321  278.39600  278.52816    36.7272    16.8406 0.0000e+00
 129.465503      2.371    12.2805  30.989449    26.1667      2.350  278.40451  278.53654    36.6494    16.8568 -9.990e-29
 129.465506      2.390    12.2788  30.988364    26.1683      2.368  278.41422  278.54615    36.7272    16.8528 -9.990e-29
 129.465509      2.402    12.2772  30.987565    26.1686      2.381  278.42277  278.55461    36.8362    16.8609 -9.990e-29
 129.465512      2.408    12.2751  30.986423    26.1690      2.386  278.43451  278.56622    36.8984    16.9377 -9.990e-29
 129.465515      2.411    12.2730  30.986595    26.1706      2.390  278.44387  278.57543    37.0385    17.2167 -9.990e-29
 129.465518      2.418    12.2719  30.986024    26.1709      2.397  278.45006  278.58156    36.9607    17.1439 -9.990e-29
 129.465521      2.442    12.2705  30.985168    26.1710      2.420  278.45808  278.58949    37.0385    17.2005 -9.990e-29
 129.465524      2.464    12.2691  30.986995    26.1736      2.442  278.46121  278.59251    36.9918    17.2005 -9.990e-29
 129.465527      2.495    12.2687  30.986596    26.1728      2.473  278.46357  278.59485    37.0229    17.1682 0.0000e+00
 129.465530      2.524    12.2682  30.984483    26.1728      2.501  278.47001  278.60128    36.9607    17.1439 0.0000e+00
 129.465532      2.557    12.2668  30.982542    26.1720      2.534  278.47968  278.61088    37.0229    17.1439 -9.990e-29
 129.465535      2.581    12.2643  30.983114    26.1734      2.557  278.49025  278.62128    37.0852    17.1439 -9.990e-29
 129.465538      2.606    12.2622  30.981801    26.1736      2.583  278.50200  278.63290    38.0657    17.3097 -9.990e-29
 129.465541      2.628    12.2611  30.982943    26.1754      2.605  278.50509  278.63591    37.9257    17.3097 -9.990e-29
 129.465544      2.652    12.2605  30.982943    26.1759      2.629  278.50800  278.63878    37.9257    17.3259 -9.990e-29
 129.465547      2.674    12.2605  30.983171    26.1761      2.650  278.50760  278.63838    37.9101    17.3744 -9.990e-29
 129.465550      2.698    12.2596  30.982372    26.1762      2.674  278.51326  278.64398    40.0580    17.7464 -9.990e-29
 129.465553      2.731    12.2586  30.981916    26.1762      2.706  278.51862  278.64928    40.1825    17.7424 0.0000e+00
 129.465556      2.769    12.2577  30.981231    26.1762      2.745  278.52408  278.65469    40.1669    17.7100 0.0000e+00
 129.465558      2.810    12.2569  30.982544    26.1779      2.784  278.52526  278.65580    40.1513    17.7343 0.0000e+00
 129.465561      2.854    12.2564  30.982944    26.1784      2.828  278.52682  278.65732    40.0735    17.6939 0.0000e+00
 129.465564      2.892    12.2563  30.982544    26.1786      2.866  278.52821  278.65871    39.5443    17.5564 0.0000e+00
 129.465567      2.925    12.2561  30.984143    26.1784      2.899  278.52629  278.65676    39.3887    17.5321 0.0000e+00
 129.465570      2.956    12.2561  30.981403    26.1790      2.929  278.53098  278.66148    39.4510    17.4957 0.0000e+00
 129.465573      2.983    12.2558  30.982944    26.1782      2.957  278.52980  278.66026    39.4043    17.5362 0.0000e+00
 129.465576      3.009    12.2553  30.983915    26.1790      2.982  278.53030  278.66073    38.6883    17.0428 -9.990e-29
 129.465579      3.029    12.2549  30.984315    26.1809      3.002  278.53120  278.66159    38.7661    17.0347 -9.990e-29
 129.465582      3.045    12.2549  30.984943    26.1815      3.018  278.53039  278.66077    38.6883    17.0226 -9.990e-29
 129.465584      3.059    12.2549  30.985457    26.1819      3.032  278.52914  278.65952    38.6261    17.0267 -9.990e-29
 129.465587      3.074    12.2546  30.984715    26.1814      3.046  278.53179  278.66216    39.1241    17.6494 -9.990e-29
 129.465590      3.087    12.2542  30.987569    26.1844      3.059  278.52853  278.65885    39.0774    17.5968 -9.990e-29
 129.465593      3.101    12.2541  30.988197    26.1851      3.073  278.52804  278.65834    39.2019    17.6656 -9.990e-29
 129.465596      3.121    12.2535  30.988940    26.1864      3.093  278.52960  278.65985    39.2175    17.6413 -9.990e-29
 129.465599      3.147    12.2533  30.989054    26.1862      3.119  278.53005  278.66029    39.9179    17.0388 0.0000e+00
 129.465602      3.174    12.2532  30.988540    26.1862      3.146  278.53165  278.66189    39.9334    17.0347 0.0000e+00
 129.465605      3.205    12.2530  30.989911    26.1860      3.176  278.52982  278.66003    39.9334    17.0509 -9.990e-29
 129.465608      3.230    12.2530  30.989340    26.1888      3.202  278.53088  278.66110    40.0424    17.0630 -9.990e-29
 129.465611      3.262    12.2520  30.990710    26.1890      3.232  278.53323  278.66337    40.0268    17.0509 0.0000e+00
 129.465613      3.296    12.2510  30.990425    26.1892      3.267  278.53828  278.66835    39.1708    17.1399 0.0000e+00
 129.465616      3.323    12.2499  30.989740    26.1894      3.294  278.54470  278.67470    39.2953    17.1722 0.0000e+00
 129.465619      3.351    12.2484  30.990711    26.1903      3.321  278.54971  278.67961    39.2486    17.1358 0.0000e+00
 129.465622      3.380    12.2471  30.990711    26.1913      3.350  278.55553  278.68534    39.1864    17.1722 -9.990e-29
 129.465625      3.401    12.2464  30.992995    26.1948      3.370  278.55460  278.68434    41.1319    17.0388 -9.990e-29
 129.465628      3.428    12.2464  30.992253    26.1941      3.397  278.55629  278.68604    41.1786    17.0024 -9.990e-29
 129.465631      3.448    12.2466  30.993509    26.1952      3.417  278.55305  278.68280    41.1630    16.9983 -9.990e-29
 129.465634      3.475    12.2464  30.991282    26.1932      3.444  278.55777  278.68753    41.1008    17.0186 -9.990e-29
 129.465637      3.499    12.2462  30.993567    26.1954      3.468  278.55459  278.68431    39.2019    17.0792 -9.990e-29
 129.465639      3.523    12.2464  30.989341    26.1959      3.491  278.56166  278.69143    39.0774    17.0873 -9.990e-29
 129.465642      3.554    12.2461  30.993966    26.1957      3.522  278.55454  278.68425    39.0307    17.0833 0.0000e+00
 129.465645      3.583    12.2462  30.993510    26.1954      3.551  278.55475  278.68447    39.2953    17.0792 0.0000e+00
 129.465648      3.611    12.2459  30.992025    26.1946      3.578  278.55876  278.68848    39.8712    18.0780 0.0000e+00
 129.465651      3.640    12.2458  30.992425    26.1946      3.607  278.55869  278.68840    39.8245    18.0457 0.0000e+00
 129.465654      3.669    12.2459  30.996708    26.1975      3.636  278.55027  278.67994    39.9490    18.0335 0.0000e+00
 129.465657      3.704    12.2464  30.995908    26.1980      3.671  278.54981  278.67953    39.8401    18.0537 0.0000e+00
 129.465660      3.737    12.2471  30.995908    26.1975      3.703  278.54662  278.67637    39.9646    18.0295 -9.990e-29
 129.465663      3.760    12.2472  30.995965    26.1993      3.727  278.54588  278.67565    41.1941    17.4876 -9.990e-29
 129.465666      3.788    12.2471  30.998421    26.1990      3.754  278.54207  278.67181    41.2253    17.4957 0.0000e+00
 129.465668      3.813    12.2471  30.997850    26.1990      3.779  278.54313  278.67287    41.1941    17.4432 0.0000e+00
 129.465671      3.842    12.2471  30.998592    26.1987      3.808  278.54147  278.67121    41.1319    17.4593 -9.990e-29
 129.465674      3.866    12.2472  30.996708    26.2004      3.832  278.54460  278.67436    40.5093    17.0752 -9.990e-29
 129.465677      3.894    12.2464  30.999221    26.2004      3.859  278.54358  278.67327    40.5871    17.0914 0.0000e+00
 129.465680      3.921    12.2457  30.998421    26.2004      3.886  278.54828  278.67792    40.4782    17.0792 -9.990e-29
 129.465683      3.943    12.2451  30.998993    26.2011      3.907  278.55015  278.67974    40.4004    17.1035 -9.990e-29
 129.465686      3.963    12.2443  31.000363    26.2030      3.927  278.55121  278.68074    40.4626    17.0711 -9.990e-29
 129.465689      3.977    12.2440  30.998993    26.2019      3.942  278.55500  278.68453    40.4938    17.1156 -9.990e-29
 129.465692      4.003    12.2438  31.000363    26.2033      3.967  278.55381  278.68330    40.4315    17.0590 -9.990e-29
 129.465694      4.027    12.2435  30.999621    26.2028      3.991  278.55614  278.68563    40.4004    17.0711 -9.990e-29
 129.465697      4.054    12.2435  31.000535    26.2037      4.018  278.55482  278.68429    40.2603    16.9296 -9.990e-29
 129.465700      4.074    12.2438  31.000935    26.2038      4.038  278.55249  278.68198    40.1358    16.9256 -9.990e-29
 129.465703      4.096    12.2436  31.000535    26.2036      4.059  278.55420  278.68368    40.1669    16.8851 -9.990e-29
 129.465706      4.120    12.2431  31.002477    26.2057      4.083  278.55293  278.68236    40.2759    16.9215 -9.990e-29
 129.465709      4.140    12.2426  31.001849    26.2055      4.103  278.55666  278.68606    40.1358    16.9296 -9.990e-29
 129.465712      4.160    12.2426  31.001906    26.2056      4.123  278.55657  278.68597    39.7311    17.1156 -9.990e-29
 129.465715      4.184    12.2420  31.004247    26.2076      4.146  278.55490  278.68424    39.6689    17.1237 -9.990e-29
 129.465718      4.220    12.2416  31.003448    26.2083      4.183  278.55799  278.68731    39.8245    17.1237 0.0000e+00
 129.465720      4.249    12.2415  31.004990    26.2091      4.211  278.55584  278.68514    39.7000    17.1237 0.0000e+00
 129.465723      4.278    12.2419  31.007503    26.2096      4.240  278.54967  278.67897    39.9023    17.0590 0.0000e+00
 129.465726      4.308    12.2423  31.006132    26.2096      4.269  278.55026  278.67960    39.8401    17.0347 0.0000e+00
 129.465729      4.341    12.2421  31.004990    26.2096      4.302  278.55333  278.68266    40.0580    17.0024 0.0000e+00
 129.465732      4.371    12.2412  31.007674    26.2103      4.332  278.55264  278.68189    39.9490    17.0671 0.0000e+00
 129.465735      4.402    12.2409  31.009616    26.2119      4.363  278.55041  278.67962    39.8245    17.5766 -9.990e-29
 129.465738      4.424    12.2410  31.007674    26.2119      4.385  278.55332  278.68256    39.6689    17.5968 -9.990e-29
 129.465741      4.448    12.2410  31.010587    26.2146      4.408  278.54803  278.67724    39.7311    17.6170 -9.990e-29
 129.465744      4.471    12.2400  31.010816    26.2156      4.431  278.55245  278.68159    39.6844    17.5725 -9.990e-29
 129.465747      4.492    12.2395  31.011958    26.2169      4.451  278.55264  278.68173    39.4043    17.0024 -9.990e-29
 129.465749      4.519    12.2394  31.011787    26.2177      4.478  278.55329  278.68238    39.4821    17.0347 0.0000e+00
 129.465752      4.548    12.2390  31.013329    26.2186      4.507  278.55243  278.68148    39.2798    17.0509 0.0000e+00
 129.465755      4.579    12.2381  31.012929    26.2188      4.538  278.55704  278.68604    39.5599    17.0267 0.0000e+00
 129.465758      4.615    12.2368  31.014472    26.2212      4.574  278.56037  278.68926    39.4354    17.0509 0.0000e+00
 129.465761      4.645    12.2360  31.015614    26.2228      4.603  278.56217  278.69099    37.3965    16.8649 0.0000e+00
 129.465764      4.678    12.2353  31.015843    26.2234      4.636  278.56467  278.69345    37.5210    16.8285 0.0000e+00
 129.465767      4.709    12.2342  31.015272    26.2236      4.667  278.57088  278.69959    37.4587    16.8204 0.0000e+00
 129.465770      4.734    12.2338  31.015843    26.2237      4.692  278.57147  278.70015    37.5521    16.8366 -9.990e-29
 129.465773      4.749    12.2340  31.017785    26.2262      4.706  278.56729  278.69596    39.0619    16.4969 -9.990e-29
 129.465775      4.762    12.2339  31.018128    26.2265      4.719  278.56700  278.69566    38.8595    16.5131 -9.990e-29
 129.465778      4.768    12.2336  31.018128    26.2267      4.725  278.56829  278.69693    38.8595    16.5131 -9.990e-29
 129.465781      4.766    12.2329  31.019327    26.2283      4.723  278.56932  278.69790    38.9996    16.5333 -9.990e-29
 129.465784      4.777    12.2325  31.021269    26.2304      4.734  278.56772  278.69625    37.5988    16.7234 -9.990e-29
 129.465787      4.791    12.2319  31.021612    26.2312      4.748  278.57000  278.69849    37.6922    16.6991 -9.990e-29
 129.465790      4.815    12.2314  31.022012    26.2345      4.772  278.57154  278.69999    37.8167    16.7476 -9.990e-29
 129.465793      4.853    12.2308  31.024354    26.2354      4.810  278.57019  278.69858    37.8167    16.7153 0.0000e+00
 129.465796      4.897    12.2299  31.025497    26.2362      4.853  278.57200  278.70032    38.3148    17.3178 0.0000e+00
 129.465799      4.950    12.2287  31.024926    26.2365      4.906  278.57854  278.70679    38.0813    17.3299 0.0000e+00
 129.465802      5.001    12.2275  31.025897    26.2382      4.956  278.58227  278.71043    38.3615    17.3299 0.0000e+00
 129.465804      5.049    12.2263  31.025898    26.2390      5.004  278.58809  278.71617    38.0502    17.3380 0.0000e+00
 129.465807      5.098    12.2251  31.027726    26.2415      5.052  278.58994  278.71792    38.1280    17.3178 0.0000e+00
 129.465810      5.140    12.2242  31.029383    26.2426      5.094  278.59113  278.71903    37.4276    16.7759 0.0000e+00
 129.465813      5.169    12.2234  31.029154    26.2437      5.123  278.59510  278.72296    37.4587    16.7557 -9.990e-29
 129.465816      5.192    12.2226  31.031497    26.2468      5.146  278.59471  278.72248    37.3965    16.7800 -9.990e-29
 129.465819      5.203    12.2220  31.029155    26.2450      5.157  278.60188  278.72964    37.5677    16.7881 -9.990e-29
 129.465822      5.211    12.2213  31.033268    26.2493      5.164  278.59728  278.72495    35.7311    16.2988 -9.990e-29
 129.465825      5.218    12.2204  31.034867    26.2515      5.171  278.59887  278.72646    35.7778    16.2624 -9.990e-29
 129.465828      5.223    12.2191  31.036753    26.2541      5.177  278.60123  278.72871    35.9023    16.2381 -9.990e-29
