Processed/SBE19plus_01907321_2022_05_05_Cast27_wfilter.cnv
* Sea-Bird SBE19plus  Data File:
* FileName = E:\Prandtl Daten\2022\CTD\Raw\SBE19plus_01907321_2022_05_05_Cast27.hex
* Software version 2.6.1.12
* Temperature SN = 7321
* Conductivity SN = 7321
* System UpLoad Time = May 05 2022 09:29:00
* <ApplicationData>
* <Seaterm232>
** Messpraktikum 2022
** CTD 05.05 NP3
# nquan = 11
# nvalues = 482                         
# units = specified
# name 0 = timeJ: Julian Days
# name 1 = prdM: Pressure, Strain Gauge [db]
# name 2 = tv290C: Temperature [ITS-90, deg C]
# name 3 = c0mS/cm: Conductivity [mS/cm]
# name 4 = sal00: Salinity, Practical [PSU]
# name 5 = depSM: Depth [salt water, m], lat = 54.00
# name 6 = oxsatMm/Kg: Oxygen Saturation, Weiss [umol/kg]
# name 7 = oxsolMm/Kg: Oxygen Saturation, Garcia & Gordon [umol/kg]
# name 8 = turbWETntu0: Turbidity, WET Labs ECO [NTU]
# name 9 = flECO-AFL: Fluorescence, WET Labs ECO-AFL/FL [mg/m^3]
# name 10 = flag:  0.000e+00
# span 0 = 125.388238, 125.389630       
# span 1 =      0.661,     13.835       
# span 2 =    11.7454,    11.7928       
# span 3 =  31.790289,  32.017891       
# span 4 =    27.2723,    27.4851       
# span 5 =      0.655,     13.711       
# span 6 =  278.74495,  279.30779       
# span 7 =  278.83251,  279.39413       
# span 8 =     7.2175,    37.9568       
# span 9 =     4.7582,    10.3951       
# span 10 = 0.0000e+00, 0.0000e+00      
# interval = seconds: 0.25
# start_time = May 05 2022 09:17:23 [Instrument's time stamp, header]
# bad_flag = -9.990e-29
*END*
[from data line 394]
 125.389378     11.590    11.7876  32.015518    27.4837     11.486  278.76942  278.85662    19.2798     8.1832 0.0000e+00
 125.389381     11.620    11.7876  32.015518    27.4837     11.516  278.76944  278.85664    19.2331     8.1711 0.0000e+00
 125.389384     11.648    11.7878  32.015287    27.4837     11.543  278.76926  278.85647    20.4315     8.4137 -9.990e-29
 125.389387     11.668    11.7876  32.014478    27.4827     11.563  278.77141  278.85862    20.5249     8.3894 -9.990e-29
 125.389389     11.684    11.7878  32.014883    27.4830     11.579  278.77004  278.85726    20.5249     8.4258 -9.990e-29
 125.389392     11.706    11.7876  32.015866    27.4840     11.601  278.76886  278.85605    20.5560     8.4097 -9.990e-29
 125.389395     11.728    11.7877  32.013264    27.4820     11.623  278.77340  278.86062    20.4938     8.4016 -9.990e-29
 125.389398     11.757    11.7878  32.013900    27.4825     11.652  278.77161  278.85884    21.9101     8.5552 0.0000e+00
 125.389401     11.787    11.7880  32.015114    27.4828     11.681  278.76874  278.85597    21.7856     8.5350 0.0000e+00
 125.389404     11.820    11.7877  32.014709    27.4830     11.714  278.77077  278.85798    21.6922     8.5229 0.0000e+00
 125.389407     11.858    11.7878  32.015693    27.4828     11.751  278.76866  278.85586    21.8323     8.5471 0.0000e+00
 125.389410     11.894    11.7879  32.014883    27.4829     11.788  278.76956  278.85678    22.2681     8.5431 0.0000e+00
 125.389413     11.921    11.7881  32.015115    27.4829     11.815  278.76852  278.85575    22.1591     8.5593 0.0000e+00
 125.389416     11.959    11.7882  32.015519    27.4832     11.852  278.76716  278.85440    22.1903     8.5754 0.0000e+00
 125.389418     11.989    11.7881  32.015519    27.4832     11.881  278.76750  278.85473    22.1903     8.5350 0.0000e+00
 125.389421     12.016    11.7882  32.015693    27.4832     11.909  278.76688  278.85412    22.0035     8.2156 -9.990e-29
 125.389424     12.040    11.7882  32.016098    27.4837     11.932  278.76614  278.85338    21.8945     8.2156 -9.990e-29
 125.389427     12.063    11.7885  32.016907    27.4842     11.955  278.76340  278.85064    22.0191     8.2196 -9.990e-29
 125.389430     12.080    11.7886  32.015520    27.4828     11.971  278.76536  278.85263    21.9879     8.2439 -9.990e-29
 125.389433     12.099    11.7885  32.017081    27.4843     11.991  278.76279  278.85003    21.1941     8.2358 -9.990e-29
 125.389436     12.123    11.7884  32.015462    27.4818     12.015  278.76644  278.85370    21.1941     8.2439 -9.990e-29
 125.389439     12.154    11.7884  32.014306    27.4827     12.045  278.76862  278.85588    21.2253     8.2034 0.0000e+00
 125.389442     12.187    11.7883  32.016272    27.4837     12.077  278.76530  278.85254    21.4276     8.2196 0.0000e+00
 125.389444     12.219    11.7882  32.017313    27.4844     12.110  278.76401  278.85123    21.2408     8.2236 0.0000e+00
 125.389447     12.254    11.7882  32.016908    27.4848     12.144  278.76479  278.85201    22.1903     8.3490 0.0000e+00
 125.389450     12.286    11.7881  32.017486    27.4846     12.176  278.76405  278.85126    22.2681     8.3409 0.0000e+00
 125.389453     12.316    11.7883  32.017313    27.4850     12.205  278.76345  278.85068    22.1903     8.3328 0.0000e+00
 125.389456     12.345    11.7885  32.017891    27.4849     12.234  278.76177  278.84900    22.2214     8.3571 0.0000e+00
 125.389459     12.373    11.7887  32.017718    27.4851     12.262  278.76117  278.84842    21.5366     8.3409 -9.990e-29
 125.389462     12.396    11.7887  32.016099    27.4831     12.285  278.76388  278.85115    21.4899     8.3571 -9.990e-29
 125.389465     12.416    11.7889  32.017718    27.4846     12.305  278.76025  278.84752    21.4432     8.3490 -9.990e-29
 125.389468     12.436    11.7888  32.017776    27.4847     12.325  278.76047  278.84773    21.4120     8.3530 -9.990e-29
 125.389470     12.460    11.7889  32.016099    27.4830     12.348  278.76330  278.85058    23.2175     8.6280 -9.990e-29
 125.389473     12.485    11.7889  32.016677    27.4830     12.373  278.76224  278.84951    23.2642     8.6442 -9.990e-29
 125.389476     12.513    11.7890  32.016099    27.4828     12.401  278.76302  278.85031    23.3109     8.5957 0.0000e+00
 125.389479     12.547    11.7890  32.015868    27.4830     12.435  278.76316  278.85045    23.2175     8.6321 0.0000e+00
 125.389482     12.580    11.7889  32.017082    27.4838     12.467  278.76155  278.84882    21.2253     8.7898 0.0000e+00
 125.389485     12.615    11.7890  32.017083    27.4838     12.502  278.76095  278.84823    21.2564     8.8059 0.0000e+00
 125.389488     12.647    11.7893  32.015290    27.4837     12.534  278.76305  278.85037    21.2564     8.7736 0.0000e+00
 125.389491     12.678    11.7894  32.017314    27.4833     12.565  278.75899  278.84629    21.2875     8.8342 0.0000e+00
 125.389494     12.709    11.7896  32.017083    27.4833     12.596  278.75819  278.84551    21.3342     8.8181 0.0000e+00
 125.389497     12.737    11.7896  32.016678    27.4829     12.623  278.75896  278.84629    20.8050     8.3571 0.0000e+00
 125.389499     12.764    11.7896  32.016620    27.4828     12.650  278.75908  278.84642    20.6494     8.3288 0.0000e+00
 125.389502     12.790    11.7896  32.016505    27.4828     12.675  278.75932  278.84665    20.7895     8.3409 -9.990e-29
 125.389505     12.811    11.7899  32.016678    27.4827     12.697  278.75807  278.84541    20.7739     8.3530 -9.990e-29
 125.389508     12.833    11.7899  32.016678    27.4827     12.719  278.75777  278.84512    19.8245     7.9487 -9.990e-29
 125.389511     12.855    11.7899  32.015695    27.4817     12.740  278.75961  278.84697    19.7622     7.9608 -9.990e-29
 125.389514     12.883    11.7901  32.015522    27.4815     12.767  278.75932  278.84670    19.8401     7.9487 -9.990e-29
 125.389517     12.906    11.7900  32.016274    27.4813     12.791  278.75826  278.84562    19.7934     7.9487 -9.990e-29
 125.389520     12.937    11.7900  32.015291    27.4815     12.821  278.76011  278.84748    20.9451     8.6240 0.0000e+00
 125.389523     12.968    11.7900  32.015869    27.4817     12.852  278.75905  278.84642    21.0852     8.6401 0.0000e+00
 125.389525     13.003    11.7897  32.015522    27.4818     12.887  278.76098  278.84833    21.0229     8.5916 0.0000e+00
 125.389528     13.032    11.7896  32.016274    27.4824     12.916  278.76023  278.84756    20.9607     8.6361 0.0000e+00
 125.389531     13.067    11.7897  32.016274    27.4824     12.950  278.75962  278.84697    25.5366     9.0122 0.0000e+00
 125.389534     13.097    11.7898  32.016274    27.4823     12.979  278.75933  278.84668    25.4276     9.0405 0.0000e+00
 125.389537     13.128    11.7896  32.015870    27.4822     13.010  278.76105  278.84838    25.5210     9.0324 0.0000e+00
 125.389540     13.153    11.7895  32.016275    27.4821     13.035  278.76062  278.84795    25.4587     9.0162 -9.990e-29
 125.389543     13.175    11.7896  32.016506    27.4826     13.057  278.75990  278.84723    25.4276     9.0283 -9.990e-29
 125.389546     13.197    11.7899  32.016911    27.4828     13.078  278.75790  278.84525    23.2798     8.8181 -9.990e-29
 125.389549     13.218    11.7899  32.016275    27.4813     13.100  278.75879  278.84614    23.1708     8.8059 -9.990e-29
 125.389552     13.246    11.7901  32.015523    27.4817     13.127  278.75957  278.84695    23.2642     8.8423 0.0000e+00
 125.389554     13.272    11.7899  32.016101    27.4813     13.153  278.75915  278.84651    23.2642     8.7978 0.0000e+00
 125.389557     13.305    11.7902  32.015523    27.4818     13.186  278.75899  278.84637    21.6766     8.4784 0.0000e+00
 125.389560     13.334    11.7901  32.016102    27.4818     13.215  278.75825  278.84562    21.8012     8.4703 0.0000e+00
 125.389563     13.371    11.7899  32.016275    27.4821     13.251  278.75889  278.84625    21.7233     8.4824 0.0000e+00
 125.389566     13.403    11.7899  32.016622    27.4825     13.283  278.75858  278.84593    21.7233     8.4865 0.0000e+00
 125.389569     13.432    11.7898  32.017085    27.4825     13.312  278.75806  278.84540    22.2836     8.6523 0.0000e+00
 125.389572     13.465    11.7900  32.015697    27.4822     13.345  278.75972  278.84709    22.2992     8.6240 0.0000e+00
 125.389575     13.498    11.7900  32.016912    27.4815     13.377  278.75748  278.84484    22.1280     8.6159 -9.990e-29
 125.389578     13.520    11.7901  32.017085    27.4827     13.399  278.75686  278.84422    22.2214     8.6118 -9.990e-29
 125.389580     13.545    11.7901  32.017317    27.4829     13.424  278.75613  278.84350    22.9529     8.6361 -9.990e-29
 125.389583     13.564    11.7902  32.016681    27.4822     13.442  278.75702  278.84439    23.0152     8.6887 -9.990e-29
 125.389586     13.586    11.7902  32.016912    27.4824     13.464  278.75660  278.84397    22.9840     8.6968 -9.990e-29
 125.389589     13.608    11.7904  32.017317    27.4826     13.486  278.75492  278.84230    22.9685     8.6361 -9.990e-29
 125.389592     13.637    11.7905  32.017317    27.4826     13.515  278.75463  278.84202    23.0307     8.7251 -9.990e-29
 125.389595     13.661    11.7906  32.016103    27.4821     13.538  278.75627  278.84369    23.4821     9.0688 -9.990e-29
 125.389598     13.695    11.7908  32.017028    27.4821     13.573  278.75395  278.84136    23.4665     9.0405 0.0000e+00
 125.389601     13.734    11.7907  32.017086    27.4821     13.611  278.75418  278.84159    23.5599     9.0647 0.0000e+00
 125.389604     13.764    11.7908  32.016912    27.4819     13.641  278.75421  278.84163    23.4354     9.0526 0.0000e+00
 125.389606     13.797    11.7909  32.015698    27.4813     13.673  278.75586  278.84330    31.9646    10.2212 0.0000e+00
 125.389609     13.826    11.7912  32.016681    27.4807     13.702  278.75280  278.84025    32.0268    10.2212 -9.990e-29
 125.389612     13.824    11.7913  32.017722    27.4823     13.700  278.75024  278.83768    32.1202    10.2131 -9.990e-29
 125.389615     13.828    11.7917  32.017086    27.4814     13.704  278.74954  278.83702    32.0580    10.2212 -9.990e-29
 125.389618     13.828    11.7922  32.017491    27.4814     13.704  278.74659  278.83410    37.9257    10.3587 -9.990e-29
 125.389621     13.830    11.7925  32.017086    27.4808     13.706  278.74608  278.83362    37.9257    10.3708 -9.990e-29
 125.389624     13.830    11.7926  32.016103    27.4798     13.706  278.74760  278.83515    37.9568    10.3587 -9.990e-29
 125.389627     13.830    11.7928  32.016681    27.4802     13.706  278.74558  278.83314    37.8945    10.3951 -9.990e-29
 125.389630     13.835    11.7928  32.016855    27.4803     13.711  278.74495  278.83251    37.8478    10.3668 -9.990e-29
