Processed/SBE19plus_01907321_2022_05_06_Cast39_wfilter.cnv
* Sea-Bird SBE19plus  Data File:
* FileName = E:\Prandtl Daten\2022\CTD\Raw\SBE19plus_01907321_2022_05_05_Cast39.hex
* Software version 2.6.1.12
* Temperature SN = 7321
* Conductivity SN = 7321
* System UpLoad Time = May 06 2022 07:37:29
* <ApplicationData>
* <Seaterm232>
** Messpraktikum 2022
** CTD 06.05 BE
# nquan = 11
# nvalues = 391                         
# units = specified
# name 0 = timeJ: Julian Days
# name 1 = prdM: Pressure, Strain Gauge [db]
# name 2 = tv290C: Temperature [ITS-90, deg C]
# name 3 = c0mS/cm: Conductivity [mS/cm]
# name 4 = sal00: Salinity, Practical [PSU]
# name 5 = depSM: Depth [salt water, m], lat = 54.00
# name 6 = oxsatMm/Kg: Oxygen Saturation, Weiss [umol/kg]
# name 7 = oxsolMm/Kg: Oxygen Saturation, Garcia & Gordon [umol/kg]
# name 8 = turbWETntu0: Turbidity, WET Labs ECO [NTU]
# name 9 = flECO-AFL: Fluorescence, WET Labs ECO-AFL/FL [mg/m^3]
# name 10 = flag:  0.000e+00
# span 0 = 123.329933, 123.331062       
# span 1 =      0.532,      9.366       
# span 2 =    11.8133,    11.9479       
# span 3 =  31.728262,  32.324441       
# span 4 =    27.1827,    27.6588       
# span 5 =      0.527,      9.282       
# span 6 =  277.47277,  279.09579       
# span 7 =  277.56793,  279.18929       
# span 8 =    11.8868,    22.5949       
# span 9 =     3.9050,     9.8128       
# span 10 = 0.0000e+00, 0.0000e+00      
# interval = seconds: 0.25
# start_time = May 03 2022 07:53:18 [Instrument's time stamp, header]
# bad_flag = -9.990e-29
*END*
 123.329933      0.532    11.8232  31.785670    27.2436      0.527  279.02743  279.11968    12.0268     3.9131 -9.990e-29
 123.329936      0.554    11.8232  31.750274    27.2161      0.549  279.09320  279.18584    11.9179     3.9050 -9.990e-29
 123.329939      0.589    11.8232  31.756672    27.2257      0.583  279.08133  279.17391    12.1202     3.9374 0.0000e+00
 123.329942      0.625    11.8232  31.776964    27.2222      0.619  279.04367  279.13602    12.0891     3.9333 0.0000e+00
 123.329945      0.676    11.8233  31.763243    27.2222      0.670  279.06856  279.16107    12.6805     4.3862 0.0000e+00
 123.329948      0.737    11.8237  31.762033    27.2222      0.730  279.06895  279.16151    12.7584     4.3579 0.0000e+00
 123.329951      0.784    11.8242  31.776733    27.2275      0.777  279.03947  279.13190    12.7272     4.3660 0.0000e+00
 123.329954      0.810    11.8246  31.776560    27.2343      0.802  279.03791  279.13037    12.6961     4.3660 -9.990e-29
 123.329957      0.810    11.8253  31.799798    27.2553      0.803  278.99160  279.08385    12.6338     4.3377 -9.990e-29
 123.329959      0.795    11.8263  31.831696    27.2848      0.788  278.92793  279.01990    12.2292     5.0251 -9.990e-29
 123.329962      0.783    11.8270  31.783882    27.2390      0.776  279.01356  279.10611    12.2136     5.0696 -9.990e-29
 123.329965      0.784    11.8273  31.778347    27.2335      0.777  279.02227  279.11490    12.1513     5.0494 -9.990e-29
 123.329968      0.793    11.8278  31.756038    27.2121      0.786  279.06181  279.15472    12.1825     5.0373 -9.990e-29
 123.329971      0.813    11.8278  31.749698    27.2061      0.806  279.07360  279.16658    11.9646     5.0170 -9.990e-29
 123.329974      0.835    11.8272  31.757825    27.2429      0.828  279.06105  279.15390    11.9957     5.0009 -9.990e-29
 123.329977      0.862    11.8268  31.787861    27.2402      0.854  279.00718  279.09966    11.8868     4.9887 0.0000e+00
 123.329980      0.887    11.8266  31.782095    27.2402      0.879  279.01853  279.11107    12.0580     4.9483 0.0000e+00
 123.329983      0.918    11.8269  31.785094    27.2375      0.910  279.01204  279.10456    12.2292     5.2920 0.0000e+00
 123.329986      0.948    11.8273  31.778751    27.2339      0.939  279.02194  279.11457    12.2447     5.3122 0.0000e+00
 123.329988      0.986    11.8276  31.740362    27.2223      0.977  279.09169  279.18476    12.1669     5.3122 0.0000e+00
 123.329991      1.035    11.8278  31.766991    27.2156      1.026  279.04132  279.13411    12.2759     5.3001 0.0000e+00
 123.329994      1.077    11.8280  31.760016    27.2156      1.067  279.05367  279.14655    12.1980     4.8432 0.0000e+00
 123.329997      1.111    11.8281  31.751312    27.2114      1.101  279.06923  279.16221    12.0735     4.8674 0.0000e+00
 123.330000      1.138    11.8280  31.766818    27.2072      1.128  279.04077  279.13358    12.2914     4.8432 -9.990e-29
 123.330003      1.153    11.8283  31.769009    27.2238      1.142  279.03544  279.12825    12.3226     4.8715 -9.990e-29
 123.330006      1.155    11.8293  31.776330    27.2300      1.145  279.01743  279.11022    12.1358     4.8674 -9.990e-29
 123.330009      1.145    11.8301  31.777945    27.2310      1.135  279.01064  279.10347    12.2603     5.2354 -9.990e-29
 123.330012      1.144    11.8304  31.793859    27.2458      1.134  278.97982  279.07250    12.2292     5.2314 -9.990e-29
 123.330014      1.157    11.8307  31.776330    27.2290      1.146  279.01112  279.10401    12.2136     5.2799 -9.990e-29
 123.330017      1.182    11.8306  31.749871    27.2122      1.172  279.06058  279.15376    12.2914     5.2152 -9.990e-29
 123.330020      1.217    11.8307  31.758633    27.2167      1.206  279.04402  279.13711    12.5249     5.7894 0.0000e+00
 123.330023      1.259    11.8303  31.767798    27.2122      1.247  279.02861  279.12157    12.4782     5.7489 0.0000e+00
 123.330026      1.295    11.8303  31.752869    27.2141      1.284  279.05636  279.14948    12.4471     5.7732 0.0000e+00
 123.330029      1.323    11.8303  31.755463    27.2070      1.311  279.05156  279.14466    12.4004     5.7692 -9.990e-29
 123.330032      1.339    11.8307  31.777138    27.2297      1.327  279.00943  279.10232    12.5249     5.7166 -9.990e-29
 123.330035      1.346    11.8311  31.789073    27.2407      1.334  278.98569  279.07847    12.6183     5.7166 -9.990e-29
 123.330038      1.365    11.8316  31.777138    27.2291      1.352  279.00566  279.09860    12.5405     5.6923 -9.990e-29
 123.330041      1.385    11.8317  31.728262    27.1827      1.372  279.09579  279.18929    12.5716     5.7004 -9.990e-29
 123.330043      1.408    11.8320  31.765781    27.1989      1.396  279.02488  279.11798    12.8984     5.7651 -9.990e-29
 123.330046      1.438    11.8319  31.745550    27.1989      1.425  279.06310  279.15642    12.9607     5.7651 0.0000e+00
 123.330049      1.465    11.8317  31.763418    27.1989      1.452  279.03057  279.12368    12.7895     5.7934 -9.990e-29
 123.330052      1.489    11.8314  31.764398    27.2171      1.475  279.03003  279.12311    12.9762     5.7611 -9.990e-29
 123.330055      1.509    11.8315  31.744512    27.1982      1.496  279.06665  279.15996    12.8206     5.7813 -9.990e-29
 123.330058      1.522    11.8314  31.796051    27.2471      1.508  278.97160  279.06432    12.4626     5.8056 -9.990e-29
 123.330061      1.536    11.8315  31.775755    27.2277      1.523  279.00866  279.10162    12.5249     5.8298 -9.990e-29
 123.330064      1.549    11.8314  31.758461    27.2114      1.535  279.04110  279.13424    12.3848     5.8460 -9.990e-29
 123.330067      1.564    11.8316  31.759441    27.2122      1.550  279.03865  279.13180    12.6027     5.8500 -9.990e-29
 123.330069      1.584    11.8316  31.750507    27.2037      1.570  279.05494  279.14819    13.1319     5.7368 -9.990e-29
 123.330072      1.606    11.8316  31.764802    27.2124      1.591  279.02841  279.12150    13.1319     5.7975 -9.990e-29
 123.330075      1.633    11.8313  31.759441    27.2157      1.618  279.03997  279.13309    13.1475     5.7692 0.0000e+00
 123.330078      1.666    11.8311  31.766243    27.2190      1.651  279.02830  279.12134    13.0229     5.7409 0.0000e+00
 123.330081      1.699    11.8308  31.770394    27.2190      1.684  279.02188  279.11485    13.0696     5.8339 0.0000e+00
 123.330084      1.734    11.8303  31.741978    27.2090      1.718  279.07688  279.17014    13.1941     5.8339 0.0000e+00
 123.330087      1.766    11.8297  31.754657    27.2090      1.751  279.05620  279.14927    13.1319     5.8339 0.0000e+00
 123.330090      1.799    11.8289  31.763592    27.2181      1.783  279.04342  279.13633    13.1008     5.8339 0.0000e+00
 123.330093      1.830    11.8280  31.774142    27.2234      1.814  279.02764  279.12037    12.9762     5.8945 0.0000e+00
 123.330095      1.859    11.8273  31.761632    27.2286      1.842  279.05405  279.14687    12.9140     5.9107 -9.990e-29
 123.330098      1.883    11.8269  31.765783    27.2215      1.866  279.04825  279.14100    12.8673     5.8500 -9.990e-29
 123.330101      1.892    11.8266  31.754082    27.2107      1.875  279.07157  279.16442    12.9140     5.8783 -9.990e-29
 123.330104      1.899    11.8265  31.784924    27.2399      1.882  279.01461  279.10712    12.8050     5.8945 -9.990e-29
 123.330107      1.897    11.8262  31.852414    27.3041      1.880  278.89086  278.98258    12.8984     5.8703 -9.990e-29
 123.330110      1.897    11.8258  31.996579    27.4411      1.880  278.62477  278.71486    12.8984     5.8743 -9.990e-29
 123.330113      1.905    11.8246  32.120963    27.5599      1.888  278.39923  278.48785    12.8362     5.9107 -9.990e-29
 123.330116      1.923    11.8224  32.138334    27.5800      1.906  278.37703  278.46530    12.9140     5.9147 -9.990e-29
 123.330119      1.955    11.8198  32.138334    27.5808      1.938  278.38896  278.47704    12.9451     5.9107 0.0000e+00
 123.330122      1.992    11.8176  32.138508    27.5817      1.974  278.39838  278.48630    12.8362     5.9147 0.0000e+00
 123.330124      2.028    11.8163  32.138509    27.5827      2.010  278.40467  278.49249    12.8829     5.9228 0.0000e+00
 123.330127      2.059    11.8153  32.137988    27.5829      2.041  278.41004  278.49780    12.8517     5.8743 0.0000e+00
 123.330130      2.100    11.8147  32.138335    27.5834      2.081  278.41193  278.49965    13.2720     6.0482 0.0000e+00
 123.330133      2.130    11.8145  32.137930    27.5837      2.111  278.41365  278.50135    13.1319     6.0320 0.0000e+00
 123.330136      2.158    11.8143  32.138915    27.5840      2.138  278.41278  278.50045    13.1163     6.0158 0.0000e+00
 123.330139      2.189    11.8144  32.139552    27.5845      2.169  278.41130  278.49898    13.2253     6.0199 -9.990e-29
 123.330142      2.211    11.8147  32.138741    27.5841      2.191  278.41157  278.49927    13.5210     6.0846 -9.990e-29
 123.330145      2.231    11.8148  32.138509    27.5837      2.211  278.41139  278.49910    13.6922     6.0927 -9.990e-29
 123.330148      2.244    11.8146  32.137930    27.5833      2.224  278.41341  278.50112    13.6299     6.0724 -9.990e-29
 123.330150      2.255    11.8140  32.137641    27.5835      2.235  278.41646  278.50414    13.5521     6.0563 -9.990e-29
 123.330153      2.269    11.8137  32.138104    27.5842      2.249  278.41718  278.50482    13.7078     6.1129 -9.990e-29
 123.330156      2.282    11.8134  32.137525    27.5838      2.262  278.41952  278.50715    14.8128     6.3474 -9.990e-29
 123.330159      2.288    11.8133  32.138915    27.5852      2.267  278.41725  278.50486    14.7506     6.3474 -9.990e-29
 123.330162      2.302    11.8134  32.137931    27.5842      2.282  278.41878  278.50640    14.8751     6.3717 -9.990e-29
 123.330165      2.317    11.8134  32.138741    27.5849      2.296  278.41728  278.50490    14.9218     6.3636 -9.990e-29
 123.330168      2.330    11.8137  32.139321    27.5853      2.309  278.41496  278.50259    13.1475     6.1493 -9.990e-29
 123.330171      2.354    11.8138  32.139321    27.5863      2.333  278.41467  278.50230    13.0541     6.1654 -9.990e-29
 123.330174      2.383    11.8141  32.140711    27.5859      2.361  278.41054  278.49818    13.0385     6.1210 0.0000e+00
 123.330177      2.419    11.8142  32.139900    27.5854      2.398  278.41144  278.49911    13.1319     6.1735 0.0000e+00
 123.330179      2.458    11.8144  32.140132    27.5854      2.436  278.41010  278.49778    12.7584     6.0846 0.0000e+00
 123.330182      2.498    11.8144  32.140132    27.5855      2.476  278.41044  278.49811    12.8517     6.1088 0.0000e+00
 123.330185      2.538    11.8143  32.140132    27.5855      2.515  278.41078  278.49845    12.9918     6.1007 0.0000e+00
 123.330188      2.573    11.8143  32.139900    27.5855      2.550  278.41124  278.49890    12.9140     6.0927 0.0000e+00
 123.330191      2.600    11.8140  32.139900    27.5854      2.577  278.41251  278.50016    13.8012     6.0886 0.0000e+00
 123.330194      2.627    11.8143  32.140132    27.5855      2.604  278.41084  278.49851    14.4860     6.4687 -9.990e-29
 123.330197      2.646    11.8144  32.142449    27.5876      2.622  278.40593  278.49358    14.3615     6.4647 -9.990e-29
 123.330200      2.664    11.8149  32.142970    27.5878      2.640  278.40309  278.49077    14.3459     6.4647 -9.990e-29
 123.330203      2.677    11.8151  32.124208    27.5698      2.653  278.43700  278.52490    14.3770     6.4687 -9.990e-29
 123.330205      2.686    11.8155  32.144765    27.5890      2.662  278.39696  278.48466    12.9296     6.0927 -9.990e-29
 123.330208      2.697    11.8157  32.145171    27.5892      2.673  278.39527  278.48298    12.9762     6.0846 -9.990e-29
 123.330211      2.711    11.8161  32.144591    27.5884      2.687  278.39448  278.48222    12.8829     6.0927 -9.990e-29
 123.330214      2.720    11.8161  32.144186    27.5880      2.696  278.39524  278.48299    12.9451     6.0927 -9.990e-29
 123.330217      2.735    11.8165  32.144591    27.5881      2.711  278.39293  278.48070    13.1630     6.1048 -9.990e-29
 123.330220      2.755    11.8166  32.144360    27.5878      2.731  278.39275  278.48053    13.0541     6.1695 -9.990e-29
 123.330223      2.779    11.8165  32.142565    27.5861      2.754  278.39641  278.48421    13.0852     6.1533 -9.990e-29
 123.330226      2.801    11.8165  32.142565    27.5859      2.776  278.39642  278.48422    13.1630     6.1493 -9.990e-29
 123.330229      2.832    11.8165  32.142333    27.5855      2.807  278.39719  278.48498    12.7895     6.1048 0.0000e+00
 123.330231      2.863    11.8164  32.141523    27.5859      2.837  278.39903  278.48683    12.8517     6.0724 0.0000e+00
 123.330234      2.899    11.8162  32.142160    27.5859      2.873  278.39881  278.48659    12.8829     6.0765 0.0000e+00
 123.330237      2.930    11.8160  32.142334    27.5859      2.904  278.39945  278.48721    12.7584     6.0846 0.0000e+00
 123.330240      2.961    11.8158  32.141928    27.5861      2.935  278.40085  278.48861    12.9296     6.1088 0.0000e+00
 123.330243      2.987    11.8160  32.141523    27.5859      2.960  278.40099  278.48876    12.8984     6.1533 -9.990e-29
 123.330246      3.005    11.8158  32.140712    27.5848      2.978  278.40314  278.49091    12.8206     6.1533 -9.990e-29
 123.330249      3.023    11.8155  32.140944    27.5852      2.996  278.40429  278.49203    12.8673     6.1452 -9.990e-29
 123.330252      3.039    11.8154  32.140539    27.5849      3.012  278.40536  278.49311    12.7739     6.1250 -9.990e-29
 123.330255      3.065    11.8155  32.141929    27.5862      3.037  278.40249  278.49022    12.6961     6.1331 -9.990e-29
 123.330258      3.081    11.8156  32.141755    27.5859      3.054  278.40251  278.49025    12.7739     6.1493 -9.990e-29
 123.330260      3.110    11.8158  32.140944    27.5850      3.082  278.40309  278.49086    12.7272     6.1452 -9.990e-29
 123.330263      3.134    11.8158  32.141755    27.5849      3.106  278.40129  278.48905    12.6961     6.1452 -9.990e-29
 123.330266      3.163    11.8159  32.140944    27.5850      3.135  278.40250  278.49028    13.0852     6.2948 0.0000e+00
 123.330269      3.192    11.8161  32.141292    27.5850      3.163  278.40094  278.48872    13.2253     6.2504 0.0000e+00
 123.330272      3.219    11.8163  32.125600    27.5851      3.190  278.42947  278.51744    13.1941     6.2342 -9.990e-29
 123.330275      3.237    11.8163  32.141755    27.5853      3.208  278.39917  278.48696    13.1786     6.2908 -9.990e-29
 123.330278      3.250    11.8163  32.141929    27.5855      3.221  278.39886  278.48665    13.1163     6.1493 -9.990e-29
 123.330281      3.265    11.8165  32.142566    27.5860      3.236  278.39706  278.48485    13.1008     6.1533 -9.990e-29
 123.330284      3.276    11.8168  32.143145    27.5863      3.246  278.39442  278.48224    13.1163     6.1654 -9.990e-29
 123.330286      3.290    11.8169  32.143956    27.5869      3.261  278.39230  278.48012    13.1941     6.1533 -9.990e-29
 123.330289      3.312    11.8174  32.143551    27.5860      3.283  278.39119  278.47904    13.1630     6.1573 -9.990e-29
 123.330292      3.340    11.8176  32.143551    27.5857      3.310  278.38996  278.47782    12.6650     6.0077 0.0000e+00
 123.330295      3.365    11.8178  32.142972    27.5858      3.335  278.39011  278.47800    12.7272     6.0239 0.0000e+00
 123.330298      3.398    11.8179  32.143551    27.5853      3.368  278.38874  278.47663    12.7739     6.0280 0.0000e+00
 123.330301      3.433    11.8178  32.142567    27.5858      3.402  278.39091  278.47880    12.8206     6.0280 0.0000e+00
 123.330304      3.466    11.8178  32.144767    27.5870      3.435  278.38685  278.47472    12.8517     6.3514 0.0000e+00
 123.330307      3.497    11.8182  32.145578    27.5872      3.465  278.38380  278.47168    12.8829     6.3312 0.0000e+00
 123.330310      3.524    11.8186  32.145984    27.5875      3.493  278.38118  278.46909    12.7584     6.3434 -9.990e-29
