Processed/SBE19plus_01907321_2022_05_09_Cast95_wfilter.cnv
* Sea-Bird SBE19plus  Data File:
* FileName = E:\Prandtl Daten\2022\CTD\Raw\SBE19plus_01907321_2022_05_09_Cast95.hex
* Software version 2.6.1.12
* Temperature SN = 7321
* Conductivity SN = 7321
* System UpLoad Time = May 09 2022 09:00:21
* <ApplicationData>
* <Seaterm232>
** Messpraktikum 2022
** CTD 09.05 KFW
** NMEA Latitude = 54 01.481 N
** NMEA Longitude = 008 38.129 E
# nquan = 11
# nvalues = 260                         
# units = specified
# name 0 = timeJ: Julian Days
# name 1 = prdM: Pressure, Strain Gauge [db]
# name 2 = tv290C: Temperature [ITS-90, deg C]
# name 3 = c0mS/cm: Conductivity [mS/cm]
# name 4 = sal00: Salinity, Practical [PSU]
# name 5 = depSM: Depth [salt water, m], lat = 54.00
# name 6 = oxsatMm/Kg: Oxygen Saturation, Weiss [umol/kg]
# name 7 = oxsolMm/Kg: Oxygen Saturation, Garcia & Gordon [umol/kg]
# name 8 = turbWETntu0: Turbidity, WET Labs ECO [NTU]
# name 9 = flECO-AFL: Fluorescence, WET Labs ECO-AFL/FL [mg/m^3]
# name 10 = flag:  0.000e+00
# span 0 = 129.371490, 129.372240       
# span 1 =      0.533,      6.000       
# span 2 =    12.5602,    12.6056       
# span 3 =  28.555215,  28.654612       
# span 4 =    23.7304,    23.8202       
# span 5 =      0.528,      5.947       
# span 6 =  281.14511,  281.48536       
# span 7 =  281.32040,  281.65895       
# span 8 =    35.4976,    84.6183       
# span 9 =    13.6381,    20.1120       
# span 10 = 0.0000e+00, 0.0000e+00      
# interval = seconds: 0.25
# start_time = May 09 2022 08:53:43 [Instrument's time stamp, header]
# bad_flag = -9.990e-29
*END*
[from data line 132]
 129.371872      3.503    12.5626  28.629509    23.8000      3.471  281.35907  281.53187    51.5599    17.7383 -9.990e-29
 129.371875      3.521    12.5625  28.628568    23.7992      3.490  281.36112  281.53392    51.5755    17.7343 -9.990e-29
 129.371878      3.536    12.5623  28.626352    23.7973      3.504  281.36613  281.53894    57.2097    18.4824 -9.990e-29
 129.371881      3.552    12.5623  28.627460    23.7983      3.520  281.36414  281.53694    57.3342    18.5107 -9.990e-29
 129.371884      3.570    12.5620  28.626352    23.7975      3.538  281.36750  281.54029    57.1941    18.5066 -9.990e-29
 129.371887      3.589    12.5617  28.627460    23.7987      3.557  281.36721  281.53997    57.1475    18.4783 -9.990e-29
 129.371889      3.609    12.5616  28.628568    23.8002      3.577  281.36556  281.53831    57.2253    18.4662 -9.990e-29
 129.371892      3.638    12.5617  28.629122    23.8009      3.606  281.36424  281.53699    53.3809    17.3744 0.0000e+00
 129.371895      3.664    12.5619  28.630618    23.8008      3.631  281.36055  281.53329    53.1319    17.4270 0.0000e+00
 129.371898      3.695    12.5621  28.630064    23.8008      3.662  281.36055  281.53331    53.3031    17.4068 0.0000e+00
 129.371901      3.726    12.5621  28.629843    23.8007      3.693  281.36097  281.53373    53.3031    17.3663 0.0000e+00
 129.371904      3.755    12.5621  28.629898    23.8006      3.721  281.36089  281.53365    52.5405    17.6453 -9.990e-29
 129.371907      3.779    12.5620  28.626741    23.7978      3.745  281.36693  281.53972    52.3381    17.6332 -9.990e-29
 129.371910      3.804    12.5620  28.626741    23.7978      3.770  281.36728  281.54006    52.3537    17.6251 -9.990e-29
 129.371913      3.826    12.5615  28.626741    23.7981      3.792  281.36966  281.54241    52.5716    17.6696 -9.990e-29
 129.371916      3.843    12.5612  28.626686    23.7982      3.808  281.37079  281.54353    52.3070    17.1480 -9.990e-29
 129.371918      3.852    12.5612  28.626132    23.7977      3.817  281.37213  281.54487    52.1669    17.1480 -9.990e-29
 129.371921      3.868    12.5608  28.625800    23.7977      3.834  281.37442  281.54715    52.2292    17.1399 -9.990e-29
 129.371924      3.885    12.5609  28.625412    23.7972      3.850  281.37479  281.54753    52.3537    17.1035 -9.990e-29
 129.371927      3.908    12.5607  28.624692    23.7967      3.873  281.37678  281.54951    53.9724    17.3865 -9.990e-29
 129.371930      3.934    12.5607  28.624858    23.7968      3.899  281.37650  281.54923    54.0191    17.3744 -9.990e-29
 129.371933      3.956    12.5606  28.624194    23.7960      3.920  281.37838  281.55111    53.9724    17.4068 -9.990e-29
 129.371936      3.985    12.5606  28.623917    23.7962      3.949  281.37890  281.55163    54.0191    17.3825 0.0000e+00
 129.371939      4.014    12.5604  28.624138    23.7964      3.978  281.37953  281.55225    53.8478    17.3825 0.0000e+00
 129.371942      4.040    12.5602  28.625025    23.7968      4.003  281.37863  281.55133    55.7311    17.3340 0.0000e+00
 129.371944      4.069    12.5604  28.625579    23.7972      4.032  281.37697  281.54967    55.7155    17.3461 -9.990e-29
 129.371947      4.091    12.5604  28.627296    23.7992      4.054  281.37389  281.54658    55.7934    17.3218 -9.990e-29
 129.371950      4.113    12.5605  28.629179    23.8009      4.076  281.37017  281.54285    55.8868    17.3016 -9.990e-29
 129.371953      4.127    12.5609  28.629511    23.8009      4.090  281.36756  281.54025    56.7117    17.5281 -9.990e-29
 129.371956      4.145    12.5613  28.629345    23.8005      4.108  281.36584  281.53856    56.8673    17.5119 -9.990e-29
 129.371959      4.154    12.5615  28.631007    23.8019      4.117  281.36218  281.53489    56.6494    17.5281 -9.990e-29
 129.371962      4.176    12.5614  28.630785    23.8018      4.139  281.36293  281.53564    56.6650    17.5159 -9.990e-29
 129.371965      4.196    12.5616  28.631284    23.8021      4.159  281.36103  281.53375    58.0191    17.2167 -9.990e-29
 129.371968      4.222    12.5616  28.631173    23.8020      4.184  281.36124  281.53396    58.0657    17.1803 -9.990e-29
 129.371970      4.244    12.5615  28.632669    23.8034      4.206  281.35924  281.53193    57.9568    17.1561 -9.990e-29
 129.371973      4.277    12.5615  28.631949    23.8028      4.238  281.36055  281.53326    57.9724    17.1722 -9.990e-29
 129.371976      4.302    12.5617  28.633057    23.8041      4.264  281.35756  281.53027    59.2331    17.9931 -9.990e-29
 129.371979      4.335    12.5617  28.633611    23.8045      4.296  281.35658  281.52928    59.1864    17.9405 0.0000e+00
 129.371982      4.361    12.5617  28.634663    23.8045      4.322  281.35436  281.52706    59.1864    17.9850 0.0000e+00
 129.371985      4.390    12.5616  28.635827    23.8050      4.351  281.35296  281.52564    59.3264    17.9526 -9.990e-29
 129.371988      4.414    12.5616  28.637710    23.8079      4.374  281.34958  281.52224    59.3420    17.9810 -9.990e-29
 129.371991      4.430    12.5621  28.638043    23.8079      4.390  281.34663  281.51932    62.4704    17.8637 -9.990e-29
 129.371994      4.446    12.5624  28.639926    23.8094      4.407  281.34189  281.51458    62.3926    17.8556 -9.990e-29
 129.371997      4.459    12.5627  28.642364    23.8114      4.419  281.33582  281.50851    62.4082    17.8718 -9.990e-29
 129.371999      4.474    12.5632  28.643140    23.8119      4.434  281.33240  281.50511    62.3615    17.8273 -9.990e-29
 129.372002      4.490    12.5635  28.644580    23.8130      4.450  281.32813  281.50084    67.7311    18.6118 -9.990e-29
 129.372005      4.512    12.5637  28.645134    23.8133      4.472  281.32613  281.49885    67.6689    18.6441 -9.990e-29
 129.372008      4.536    12.5640  28.645522    23.8141      4.496  281.32410  281.49683    67.7311    18.6401 -9.990e-29
 129.372011      4.565    12.5643  28.646409    23.8140      4.524  281.32117  281.49391    67.7311    18.6198 0.0000e+00
 129.372014      4.591    12.5644  28.646298    23.8141      4.550  281.32070  281.49346    65.2408    18.3530 0.0000e+00
 129.372017      4.618    12.5646  28.647184    23.8146      4.577  281.31811  281.49087    65.1319    18.3853 0.0000e+00
 129.372020      4.644    12.5649  28.648292    23.8150      4.602  281.31512  281.48788    65.1319    18.3530 0.0000e+00
 129.372023      4.675    12.5650  28.647572    23.8155      4.633  281.31576  281.48853    65.1786    18.3530 -9.990e-29
 129.372025      4.698    12.5651  28.648126    23.8152      4.656  281.31443  281.48721    64.1980    18.4419 -9.990e-29
 129.372028      4.715    12.5652  28.647572    23.8145      4.673  281.31477  281.48756    64.1980    18.4500 -9.990e-29
 129.372031      4.735    12.5650  28.646298    23.8135      4.692  281.31809  281.49087    64.1825    18.4379 -9.990e-29
 129.372034      4.751    12.5650  28.645855    23.8131      4.709  281.31889  281.49169    64.2603    18.4298 -9.990e-29
 129.372037      4.766    12.5648  28.645855    23.8132      4.723  281.31992  281.49270    64.2292    18.4217 -9.990e-29
 129.372040      4.779    12.5649  28.644581    23.8120      4.736  281.32188  281.49468    60.1358    17.3744 -9.990e-29
 129.372043      4.802    12.5644  28.644747    23.8124      4.759  281.32362  281.49639    60.1980    17.4068 -9.990e-29
 129.372046      4.826    12.5643  28.644027    23.8106      4.783  281.32561  281.49838    60.2447    17.3906 -9.990e-29
 129.372049      4.859    12.5643  28.642697    23.8102      4.815  281.32803  281.50080    60.1980    17.3825 0.0000e+00
 129.372052      4.884    12.5639  28.641423    23.8106      4.841  281.33202  281.50479    64.5093    18.3732 0.0000e+00
 129.372054      4.913    12.5638  28.642531    23.8108      4.870  281.33072  281.50347    64.3692    18.3772 0.0000e+00
 129.372057      4.939    12.5637  28.642531    23.8108      4.895  281.33108  281.50382    64.4626    18.3974 0.0000e+00
 129.372060      4.966    12.5638  28.643252    23.8108      4.922  281.32946  281.50220    64.5716    18.3408 -9.990e-29
 129.372063      4.990    12.5638  28.645579    23.8135      4.945  281.32528  281.49800    64.6027    18.2964 -9.990e-29
 129.372066      5.019    12.5639  28.646410    23.8142      4.974  281.32313  281.49585    64.6183    18.3125 -9.990e-29
 129.372069      5.037    12.5642  28.646410    23.8141      4.992  281.32212  281.49486    64.7584    18.3166 -9.990e-29
 129.372072      5.052    12.5644  28.555215    23.7304      5.007  281.48536  281.65895    64.7428    18.3125 -9.990e-29
 129.372075      5.066    12.5644  28.647352    23.8147      5.021  281.31909  281.49184    63.9801    18.3449 -9.990e-29
 129.372078      5.083    12.5645  28.646853    23.8142      5.038  281.31966  281.49242    63.8089    18.3732 -9.990e-29
 129.372080      5.105    12.5644  28.648128    23.8154      5.059  281.31772  281.49046    63.7311    18.3691 -9.990e-29
 129.372083      5.125    12.5645  28.647906    23.8152      5.079  281.31779  281.49054    63.7311    18.3449 -9.990e-29
 129.372086      5.152    12.5644  28.647906    23.8152      5.106  281.31815  281.49089    63.9646    18.3691 0.0000e+00
 129.372089      5.178    12.5644  28.647740    23.8152      5.132  281.31846  281.49120    64.7272    18.4985 0.0000e+00
 129.372092      5.207    12.5644  28.648128    23.8152      5.160  281.31812  281.49085    64.8050    18.4985 0.0000e+00
 129.372095      5.232    12.5642  28.647906    23.8154      5.186  281.31921  281.49194    64.5249    18.4662 -9.990e-29
 129.372098      5.256    12.5642  28.647574    23.8151      5.209  281.32016  281.49288    64.6650    18.4743 -9.990e-29
 129.372101      5.284    12.5640  28.648128    23.8156      5.236  281.31985  281.49257    66.9373    18.4217 -9.990e-29
 129.372104      5.307    12.5641  28.648128    23.8156      5.260  281.31953  281.49225    66.7661    18.4258 -9.990e-29
 129.372106      5.331    12.5642  28.648461    23.8158      5.283  281.31861  281.49133    66.7817    18.4581 -9.990e-29
 129.372109      5.347    12.5641  28.648239    23.8157      5.300  281.31935  281.49207    66.9062    18.4338 -9.990e-29
 129.372112      5.366    12.5641  28.648128    23.8156      5.318  281.31956  281.49228    68.1825    18.7371 -9.990e-29
 129.372115      5.388    12.5642  28.647740    23.8152      5.339  281.31994  281.49266    68.1669    18.6886 -9.990e-29
 129.372118      5.404    12.5642  28.646799    23.8143      5.356  281.32164  281.49438    68.1202    18.6926 -9.990e-29
 129.372121      5.424    12.5642  28.648128    23.8155      5.376  281.31892  281.49165    68.1358    18.6724 -9.990e-29
 129.372124      5.453    12.5641  28.648128    23.8158      5.405  281.31962  281.49233    68.0580    18.7048 0.0000e+00
 129.372127      5.479    12.5643  28.648960    23.8155      5.430  281.31712  281.48984    69.4432    19.0202 0.0000e+00
 129.372130      5.506    12.5643  28.647575    23.8162      5.457  281.31963  281.49237    69.4276    19.0000 0.0000e+00
 129.372133      5.535    12.5644  28.649015    23.8162      5.486  281.31672  281.48944    69.4743    19.0000 0.0000e+00
 129.372135      5.563    12.5642  28.649015    23.8162      5.513  281.31741  281.49013    69.2564    19.0040 0.0000e+00
 129.372138      5.590    12.5644  28.649403    23.8162      5.540  281.31605  281.48877    72.6027    19.2062 -9.990e-29
 129.372141      5.614    12.5644  28.649846    23.8169      5.564  281.31527  281.48799    72.3537    19.2507 -9.990e-29
 129.372144      5.634    12.5644  28.649403    23.8165      5.584  281.31608  281.48880    72.7272    19.2143 -9.990e-29
 129.372147      5.650    12.5644  28.650179    23.8171      5.600  281.31435  281.48707    72.6805    19.2183 -9.990e-29
 129.372150      5.667    12.5646  28.650345    23.8172      5.616  281.31305  281.48578    70.3615    18.9433 -9.990e-29
 129.372153      5.683    12.5648  28.650899    23.8176      5.632  281.31139  281.48412    70.5327    18.9757 -9.990e-29
 129.372156      5.700    12.5648  28.650179    23.8169      5.649  281.31269  281.48543    70.5794    18.9353 -9.990e-29
 129.372159      5.722    12.5647  28.650567    23.8173      5.670  281.31235  281.48508    70.5638    18.9636 -9.990e-29
 129.372161      5.745    12.5647  28.650512    23.8172      5.694  281.31246  281.48519    71.8245    19.0000 -9.990e-29
 129.372164      5.769    12.5647  28.650179    23.8169      5.717  281.31307  281.48581    71.8868    19.0121 -9.990e-29
 129.372167      5.794    12.5647  28.650733    23.8158      5.743  281.31209  281.48482    71.7778    19.0202 -9.990e-29
 129.372170      5.822    12.5649  28.649016    23.8158      5.770  281.31452  281.48728    71.6689    19.0202 0.0000e+00
 129.372173      5.851    12.5648  28.650180    23.8158      5.798  281.31278  281.48553    71.8556    19.0040 -9.990e-29
 129.372176      5.874    12.5649  28.651066    23.8176      5.822  281.31086  281.48360    70.7973    19.2021 -9.990e-29
 129.372179      5.900    12.5650  28.650900    23.8174      5.847  281.31050  281.48325    70.9218    19.2062 -9.990e-29
 129.372182      5.924    12.5648  28.651454    23.8180      5.871  281.31053  281.48326    70.8440    19.2062 -9.990e-29
 129.372185      5.942    12.5650  28.652396    23.8187      5.889  281.30783  281.48057    70.7817    19.2021 -9.990e-29
 129.372188      5.962    12.5651  28.652396    23.8187      5.909  281.30751  281.48025    73.6299    19.0121 -9.990e-29
 129.372190      5.978    12.5652  28.651953    23.8182      5.925  281.30764  281.48039    73.5366    19.0121 -9.990e-29
 129.372193      5.995    12.5654  28.654058    23.8200      5.941  281.30284  281.47559    73.5521    18.9838 -9.990e-29
 129.372196      5.999    12.5656  28.654225    23.8200      5.945  281.30153  281.47429    73.5366    19.0202 -9.990e-29
 129.372199      5.997    12.5659  28.653892    23.8195      5.943  281.30078  281.47356    80.6961    20.1039 -9.990e-29
 129.372202      5.995    12.5659  28.654612    23.8202      5.941  281.29982  281.47258    80.5716    20.0958 -9.990e-29
 129.372205      5.998    12.5660  28.654612    23.8201      5.945  281.29915  281.47192    80.5716    20.0796 -9.990e-29
 129.372208      5.995    12.5659  28.654446    23.8200      5.941  281.30012  281.47289    80.6961    20.1120 -9.990e-29
 129.372211      5.995    12.5661  28.653892    23.8194      5.941  281.29976  281.47255    82.7506    19.3801 -9.990e-29
 129.372214      5.998    12.5661  28.652396    23.8180      5.945  281.30280  281.47560    82.5171    19.3679 -9.990e-29
 129.372216      5.993    12.5660  28.654058    23.8196      5.939  281.30014  281.47292    82.5949    19.4245 -9.990e-29
 129.372219      5.993    12.5660  28.654225    23.8198      5.939  281.29984  281.47262    82.7194    19.3922 -9.990e-29
 129.372222      5.995    12.5660  28.653393    23.8190      5.941  281.30134  281.47412    82.5327    19.4003 -9.990e-29
 129.372225      5.997    12.5661  28.654446    23.8199      5.943  281.29911  281.47189    80.8829    19.5054 -9.990e-29
 129.372228      5.997    12.5660  28.654446    23.8200      5.943  281.29944  281.47222    80.8362    19.5297 -9.990e-29
 129.372231      5.997    12.5661  28.654058    23.8195      5.943  281.29947  281.47225    80.8362    19.5054 -9.990e-29
 129.372234      6.000    12.5659  28.653671    23.8193      5.947  281.30152  281.47429    81.0074    19.4973 -9.990e-29
 129.372237      6.000    12.5660  28.654280    23.8198      5.947  281.29974  281.47252    84.4782    19.3396 -9.990e-29
 129.372240      6.000    12.5659  28.654446    23.8200      5.947  281.29978  281.47256    84.6183    19.3154 -9.990e-29
