Processed/SBE19plus_01907321_2022_05_06_Cast46_wfilter.cnv
* Sea-Bird SBE19plus  Data File:
* FileName = E:\Prandtl Daten\2022\CTD\Raw\SBE19plus_01907321_2022_05_06_Cast46.hex
* Software version 2.6.1.12
* Temperature SN = 7321
* Conductivity SN = 7321
* System UpLoad Time = May 06 2022 10:47:30
* <ApplicationData>
* <Seaterm232>
** Messpraktikum 2022
** CTD 06.05 MP2
** NMEA Latitude = 54 04.058 N
** NMEA Longitude = 008 41.139 E
# nquan = 11
# nvalues = 457                         
# units = specified
# name 0 = timeJ: Julian Days
# name 1 = prdM: Pressure, Strain Gauge [db]
# name 2 = tv290C: Temperature [ITS-90, deg C]
# name 3 = c0mS/cm: Conductivity [mS/cm]
# name 4 = sal00: Salinity, Practical [PSU]
# name 5 = depSM: Depth [salt water, m], lat = 54.00
# name 6 = oxsatMm/Kg: Oxygen Saturation, Weiss [umol/kg]
# name 7 = oxsolMm/Kg: Oxygen Saturation, Garcia & Gordon [umol/kg]
# name 8 = turbWETntu0: Turbidity, WET Labs ECO [NTU]
# name 9 = flECO-AFL: Fluorescence, WET Labs ECO-AFL/FL [mg/m^3]
# name 10 = flag:  0.000e+00
# span 0 = 126.445188, 126.446508       
# span 1 =      0.622,     12.251       
# span 2 =    12.7026,    12.8816       
# span 3 =  32.103792,  32.318142       
# span 4 =    26.9053,    26.9746       
# span 5 =      0.617,     12.141       
# span 6 =  273.33853,  274.49627       
# span 7 =  273.49685,  274.64499       
# span 8 =    11.5132,    59.7778       
# span 9 =     7.8395,    12.7485       
# span 10 = 0.0000e+00, 0.0000e+00      
# interval = seconds: 0.25
# start_time = May 06 2022 10:39:42 [Instrument's time stamp, header]
# bad_flag = -9.990e-29
*END*
[from data line 263]
 126.445949      7.578    12.8788  32.285925    26.9478      7.510  273.40299  273.56143    18.4704     9.7724 0.0000e+00
 126.445952      7.607    12.8786  32.286099    26.9479      7.539  273.40333  273.56176    18.5482     9.8209 0.0000e+00
 126.445955      7.637    12.8786  32.286505    26.9481      7.568  273.40264  273.56107    18.5638     9.7885 -9.990e-29
 126.445958      7.658    12.8790  32.286331    26.9480      7.590  273.40138  273.55983    15.4510     9.4246 -9.990e-29
 126.445961      7.682    12.8790  32.283895    26.9458      7.614  273.40568  273.56416    15.2175     9.4125 -9.990e-29
 126.445964      7.699    12.8780  32.279892    26.9428      7.630  273.41716  273.57561    15.2798     9.4246 -9.990e-29
 126.445966      7.723    12.8755  32.277804    26.9426      7.654  273.43191  273.59021    15.4043     9.4529 -9.990e-29
 126.445969      7.743    12.8725  32.273338    26.9346      7.673  273.45273  273.61089    15.4976     9.4165 -9.990e-29
 126.445972      7.774    12.8691  32.264232    26.9345      7.704  273.48395  273.64197    16.9918     9.5095 0.0000e+00
 126.445975      7.803    12.8628  32.259188    26.9344      7.733  273.52033  273.67800    16.8673     9.5055 0.0000e+00
 126.445978      7.834    12.8561  32.250084    26.9344      7.764  273.56609  273.72341    16.6961     9.5257 0.0000e+00
 126.445981      7.868    12.8483  32.251013    26.9352      7.798  273.59891  273.75571    16.8517     9.4853 0.0000e+00
 126.445984      7.896    12.8430  32.244809    26.9352      7.825  273.63324  273.78976    14.7194     9.0000 0.0000e+00
 126.445987      7.927    12.8378  32.231300    26.9281      7.856  273.67984  273.83615    14.6261     8.9636 0.0000e+00
 126.445990      7.960    12.8296  32.226837    26.9273      7.889  273.72407  273.87989    14.5794     8.9717 0.0000e+00
 126.445992      7.987    12.8220  32.227012    26.9281      7.916  273.75695  273.91229    14.6261     9.0162 -9.990e-29
 126.445995      8.007    12.8170  32.222201    26.9327      7.935  273.78758  273.94264    16.4626     9.5459 -9.990e-29
 126.445998      8.023    12.8125  32.216927    26.9311      7.952  273.81681  273.97163    16.3226     9.5459 -9.990e-29
 126.446001      8.045    12.8080  32.216927    26.9343      7.973  273.83673  273.99126    16.2759     9.5540 -9.990e-29
 126.446004      8.062    12.8047  32.219131    26.9386      7.990  273.84738  274.00167    16.4626     9.5581 -9.990e-29
 126.446007      8.084    12.8036  32.220348    26.9425      8.011  273.84998  274.00420    16.6027     9.7279 -9.990e-29
 126.446010      8.109    12.8037  32.222609    26.9434      8.037  273.84569  273.99988    16.4938     9.7441 0.0000e+00
 126.446013      8.137    12.8044  32.225043    26.9443      8.064  273.83825  273.99246    16.7584     9.7441 0.0000e+00
 126.446016      8.169    12.8063  32.227014    26.9448      8.096  273.82657  273.98089    16.6338     9.7966 0.0000e+00
 126.446019      8.200    12.8086  32.233101    26.9484      8.127  273.80573  273.96014    16.5249     9.7441 0.0000e+00
 126.446021      8.228    12.8122  32.235594    26.9485      8.154  273.78523  273.93986    16.8517     9.6713 0.0000e+00
 126.446024      8.261    12.8155  32.238145    26.9484      8.187  273.76622  273.92103    16.7895     9.6996 -9.990e-29
 126.446027      8.285    12.8190  32.236521    26.9461      8.210  273.75394  273.90899    16.8984     9.6996 -9.990e-29
 126.446030      8.315    12.8204  32.239362    26.9461      8.241  273.74263  273.89774    16.7739     9.6632 0.0000e+00
 126.446033      8.343    12.8225  32.242029    26.9461      8.268  273.72846  273.88369    20.3070    10.5124 -9.990e-29
 126.446036      8.365    12.8251  32.248059    26.9507      8.290  273.70646  273.86180    20.4159    10.4477 -9.990e-29
 126.446039      8.385    12.8288  32.252292    26.9520      8.310  273.68290  273.83843    20.2136    10.4315 -9.990e-29
 126.446042      8.405    12.8328  32.260468    26.9581      8.330  273.65080  273.80651    20.3226    10.5285 -9.990e-29
 126.446045      8.430    12.8377  32.265688    26.9556      8.355  273.62013  273.77612    18.5794    10.1120 0.0000e+00
 126.446047      8.456    12.8423  32.263831    26.9531      8.380  273.60290  273.75920    18.5482    10.1403 0.0000e+00
 126.446050      8.485    12.8446  32.265687    26.9530      8.409  273.58954  273.74597    18.3148    10.1161 0.0000e+00
 126.446053      8.518    12.8461  32.264875    26.9519      8.441  273.58436  273.74090    18.6105    10.1322 0.0000e+00
 126.446056      8.550    12.8474  32.266499    26.9519      8.474  273.57583  273.73244    23.0152    11.3939 0.0000e+00
 126.446059      8.581    12.8484  32.268181    26.9527      8.505  273.56847  273.72512    23.0463    11.3696 0.0000e+00
 126.446062      8.611    12.8497  32.274967    26.9580      8.534  273.55084  273.70752    22.9996    11.3858 0.0000e+00
 126.446065      8.642    12.8521  32.277229    26.9582      8.565  273.53645  273.69326    22.9996    11.3251 0.0000e+00
 126.446068      8.671    12.8547  32.281290    26.9584      8.594  273.51763  273.67457    22.9840    11.4262 -9.990e-29
 126.446071      8.695    12.8576  32.281870    26.9588      8.617  273.50400  273.66112    23.2798    11.4586 -9.990e-29
 126.446073      8.715    12.8599  32.288135    26.9629      8.637  273.48287  273.64008    23.3576    11.4181 -9.990e-29
 126.446076      8.735    12.8625  32.292834    26.9653      8.657  273.46292  273.62026    23.5599    11.4181 -9.990e-29
 126.446079      8.748    12.8656  32.299390    26.9692      8.669  273.43781  273.59528    23.3264    11.4222 -9.990e-29
 126.446082      8.771    12.8689  32.301942    26.9692      8.693  273.41913  273.57678    24.0580    11.5556 -9.990e-29
 126.446085      8.792    12.8718  32.302116    26.9667      8.713  273.40589  273.56374    23.9179    11.5880 -9.990e-29
 126.446088      8.821    12.8734  32.302754    26.9669      8.742  273.39753  273.55547    23.9334    11.6001 0.0000e+00
 126.446091      8.852    12.8745  32.303973    26.9671      8.773  273.39067  273.54867    23.9801    11.5475 0.0000e+00
 126.446094      8.881    12.8750  32.306004    26.9686      8.802  273.38490  273.54292    24.1358    11.5920 0.0000e+00
 126.446097      8.910    12.8757  32.306758    26.9686      8.831  273.38075  273.53880    24.2292    11.5839 0.0000e+00
 126.446100      8.947    12.8760  32.304959    26.9688      8.867  273.38268  273.54077    24.2914    11.5637 0.0000e+00
 126.446102      8.972    12.8759  32.307629    26.9692      8.892  273.37831  273.53637    24.2759    11.5152 0.0000e+00
 126.446105      9.003    12.8758  32.307397    26.9693      8.923  273.37906  273.53711    24.8673    11.6971 0.0000e+00
 126.446108      9.031    12.8757  32.308848    26.9692      8.950  273.37715  273.53518    24.7584    11.6688 -9.990e-29
 126.446111      9.054    12.8757  32.310472    26.9721      8.973  273.37399  273.53201    24.9918    11.6365 -9.990e-29
 126.446114      9.078    12.8763  32.311749    26.9729      8.997  273.36923  273.52728    24.9296    11.7133 -9.990e-29
 126.446117      9.100    12.8766  32.311691    26.9726      9.018  273.36809  273.52615    25.0074    11.7093 -9.990e-29
 126.446120      9.124    12.8767  32.311865    26.9727      9.042  273.36748  273.52555    24.8673    11.7699 -9.990e-29
 126.446123      9.144    12.8764  32.311691    26.9730      9.062  273.36906  273.52711    24.9762    11.7659 -9.990e-29
 126.446126      9.169    12.8760  32.311691    26.9728      9.087  273.37066  273.52869    24.9140    11.7214 0.0000e+00
 126.446128      9.200    12.8757  32.311053    26.9730      9.118  273.37306  273.53108    24.8517    11.7659 0.0000e+00
 126.446131      9.231    12.8754  32.311576    26.9733      9.149  273.37374  273.53173    23.4198    11.2483 0.0000e+00
 126.446134      9.264    12.8754  32.312910    26.9738      9.181  273.37141  273.52939    23.2953    11.2847 0.0000e+00
 126.446137      9.293    12.8756  32.312272    26.9738      9.210  273.37161  273.52960    23.3109    11.3211 0.0000e+00
 126.446140      9.324    12.8758  32.311866    26.9733      9.241  273.37139  273.52941    23.1552    11.3292 0.0000e+00
 126.446143      9.351    12.8760  32.310880    26.9727      9.268  273.37252  273.53055    17.6922     9.8411 0.0000e+00
 126.446146      9.377    12.8759  32.310473    26.9722      9.293  273.37356  273.53160    17.8634     9.8290 -9.990e-29
 126.446149      9.401    12.8757  32.309255    26.9709      9.317  273.37636  273.53439    17.7700     9.8168 -9.990e-29
 126.446152      9.423    12.8755  32.305193    26.9673      9.338  273.38447  273.54253    17.7389     9.7966 -9.990e-29
 126.446155      9.437    12.8749  32.298462    26.9615      9.353  273.39917  273.55725    15.9179     9.3235 -9.990e-29
 126.446157      9.456    12.8735  32.291790    26.9563      9.371  273.41693  273.57498    15.7622     9.3033 -9.990e-29
 126.446160      9.481    12.8713  32.283089    26.9499      9.396  273.44205  273.60005    15.8401     9.2790 -9.990e-29
 126.446163      9.505    12.8673  32.276418    26.9507      9.420  273.47150  273.62930    15.8401     9.2912 -9.990e-29
 126.446166      9.536    12.8629  32.277579    26.9508      9.451  273.48874  273.64624    15.8868     9.2952 0.0000e+00
 126.446169      9.565    12.8598  32.275375    26.9507      9.480  273.50622  273.66354    18.6416     9.9867 0.0000e+00
 126.446172      9.598    12.8573  32.272765    26.9502      9.512  273.52189  273.67908    18.3303    10.0190 0.0000e+00
 126.446175      9.631    12.8551  32.270736    26.9502      9.545  273.53528  273.69234    18.5638    10.0109 0.0000e+00
 126.446178      9.660    12.8532  32.270736    26.9506      9.574  273.54351  273.70045    18.5327    10.0271 0.0000e+00
 126.446181      9.691    12.8520  32.269112    26.9513      9.604  273.55176  273.70864    21.3187    10.8763 0.0000e+00
 126.446183      9.718    12.8511  32.269692    26.9518      9.631  273.55486  273.71167    21.3031    10.8520 0.0000e+00
 126.446186      9.747    12.8507  32.272360    26.9532      9.660  273.55175  273.70852    21.0074    10.8197 0.0000e+00
 126.446189      9.775    12.8511  32.272941    26.9545      9.688  273.54885  273.70564    21.0696    10.8803 -9.990e-29
 126.446192      9.793    12.8521  32.275783    26.9567      9.706  273.53975  273.69657    23.4198    11.2402 -9.990e-29
 126.446195      9.814    12.8536  32.280075    26.9596      9.726  273.52557  273.68245    23.7467    11.2523 -9.990e-29
 126.446198      9.835    12.8558  32.283498    26.9611      9.747  273.50976  273.66675    23.7311    11.2604 -9.990e-29
 126.446201      9.859    12.8582  32.284484    26.9612      9.771  273.49730  273.65444    23.6533    11.2079 -9.990e-29
 126.446204      9.890    12.8600  32.286862    26.9614      9.802  273.48524  273.64247    24.2914    11.5071 0.0000e+00
 126.446207      9.917    12.8615  32.288544    26.9617      9.829  273.47598  273.63329    24.0735    11.4626 0.0000e+00
 126.446209      9.952    12.8627  32.291793    26.9639      9.863  273.46491  273.62227    24.1980    11.4666 0.0000e+00
 126.446212      9.983    12.8643  32.294868    26.9656      9.894  273.45257  273.61000    24.2292    11.5475 0.0000e+00
 126.446215     10.011    12.8661  32.299103    26.9682      9.921  273.43724  273.59475    24.0891    11.4666 0.0000e+00
 126.446218     10.042    12.8682  32.301134    26.9685      9.952  273.42421  273.58184    27.3731    11.7861 0.0000e+00
 126.446221     10.071    12.8697  32.304615    26.9696      9.981  273.41147  273.56916    27.3109    11.8346 0.0000e+00
 126.446224     10.102    12.8714  32.305196    26.9707     10.011  273.40289  273.56069    27.3576    11.7942 -9.990e-29
 126.446227     10.124    12.8729  32.308213    26.9717     10.033  273.39128  273.54915    27.4821    11.7982 -9.990e-29
 126.446230     10.144    12.8742  32.311695    26.9739     10.053  273.37917  273.53709    26.1903    11.5394 -9.990e-29
 126.446233     10.168    12.8759  32.312507    26.9735     10.077  273.37050  273.52851    26.0035    11.4990 -9.990e-29
 126.446236     10.188    12.8772  32.312275    26.9724     10.096  273.36524  273.52334    26.3615    11.5030 -9.990e-29
 126.446238     10.211    12.8780  32.312333    26.9718     10.120  273.36168  273.51983    26.2836    11.5192 -9.990e-29
 126.446241     10.239    12.8785  32.312681    26.9714     10.147  273.35887  273.51706    24.9918    11.6810 0.0000e+00
 126.446244     10.268    12.8788  32.311869    26.9718     10.176  273.35906  273.51727    25.2408    11.6648 0.0000e+00
 126.446247     10.302    12.8789  32.313319    26.9716     10.210  273.35590  273.51410    25.2253    11.6446 0.0000e+00
 126.446250     10.335    12.8792  32.313087    26.9716     10.243  273.35507  273.51329    25.3187    11.6688 0.0000e+00
 126.446253     10.372    12.8793  32.312101    26.9710     10.279  273.35619  273.51444    24.7428    11.5799 0.0000e+00
 126.446256     10.401    12.8791  32.312333    26.9706     10.308  273.35675  273.51498    25.0229    11.5435 0.0000e+00
 126.446259     10.432    12.8790  32.311463    26.9705     10.339  273.35893  273.51716    25.1475    11.5394 0.0000e+00
 126.446262     10.458    12.8789  32.311695    26.9704     10.364  273.35886  273.51708    24.8984    11.6082 0.0000e+00
 126.446264     10.485    12.8789  32.311057    26.9705     10.391  273.36000  273.51822    25.0696    11.5799 -9.990e-29
 126.446267     10.508    12.8788  32.312508    26.9713     10.414  273.35778  273.51598    26.2369    11.7012 -9.990e-29
 126.446270     10.525    12.8792  32.312914    26.9714     10.431  273.35549  273.51372    26.2836    11.6446 -9.990e-29
 126.446273     10.547    12.8796  32.312914    26.9711     10.452  273.35361  273.51187    26.1903    11.7376 -9.990e-29
 126.446276     10.569    12.8798  32.313088    26.9711     10.474  273.35237  273.51064    26.1903    11.6850 -9.990e-29
 126.446279     10.598    12.8800  32.312914    26.9708     10.503  273.35175  273.51004    27.1864    12.3967 -9.990e-29
 126.446282     10.620    12.8803  32.313727    26.9709     10.525  273.34939  273.50768    27.2642    12.4493 -9.990e-29
 126.446285     10.655    12.8804  32.313320    26.9714     10.559  273.34950  273.50780    27.3887    12.3684 0.0000e+00
 126.446288     10.682    12.8802  32.314307    26.9717     10.587  273.34872  273.50700    27.1241    12.3643 0.0000e+00
 126.446291     10.719    12.8800  32.313901    26.9719     10.623  273.35009  273.50837    27.8245    11.8427 0.0000e+00
 126.446293     10.746    12.8797  32.314481    26.9721     10.650  273.35067  273.50891    27.9334    11.9195 0.0000e+00
 126.446296     10.777    12.8798  32.314133    26.9724     10.680  273.35098  273.50924    27.9334    11.8225 0.0000e+00
 126.446299     10.804    12.8795  32.314714    26.9726     10.707  273.35093  273.50916    28.1047    11.9034 0.0000e+00
 126.446302     10.831    12.8795  32.314482    26.9727     10.734  273.35167  273.50990    28.3537    11.6527 0.0000e+00
 126.446305     10.857    12.8793  32.315700    26.9726     10.760  273.35017  273.50838    28.2759    11.6971 -9.990e-29
 126.446308     10.877    12.8796  32.316223    26.9740     10.779  273.34800  273.50623    28.4938    11.6446 -9.990e-29
 126.446311     10.893    12.8799  32.316919    26.9745     10.796  273.34553  273.50376    28.4004    11.6931 -9.990e-29
 126.446314     10.915    12.8803  32.316919    26.9742     10.817  273.34365  273.50191    28.2759    11.6324 -9.990e-29
 126.446317     10.939    12.8806  32.317326    26.9737     10.841  273.34168  273.49996    28.4004    12.2390 -9.990e-29
 126.446319     10.968    12.8807  32.316745    26.9738     10.870  273.34241  273.50070    28.4938    12.2309 0.0000e+00
 126.446322     10.993    12.8806  32.316919    26.9739     10.895  273.34243  273.50072    28.4315    12.2592 0.0000e+00
