Processed/SBE19plus_01907321_2022_05_08_Cast76_wfilter.cnv
* Sea-Bird SBE19plus  Data File:
* FileName = E:\Prandtl Daten\2022\CTD\Raw\SBE19plus_01907321_2022_05_08_Cast76.hex
* Software version 2.6.1.12
* Temperature SN = 7321
* Conductivity SN = 7321
* System UpLoad Time = May 08 2022 07:51:52
* <ApplicationData>
* <Seaterm232>
** Messpraktikum 2022
** CTD 08.05 BM
** NMEA Latitude = 54 07.82 N
** NMEA Longitude = 008 47.40 E
# nquan = 11
# nvalues = 605                         
# units = specified
# name 0 = timeJ: Julian Days
# name 1 = prdM: Pressure, Strain Gauge [db]
# name 2 = tv290C: Temperature [ITS-90, deg C]
# name 3 = c0mS/cm: Conductivity [mS/cm]
# name 4 = sal00: Salinity, Practical [PSU]
# name 5 = depSM: Depth [salt water, m], lat = 54.00
# name 6 = oxsatMm/Kg: Oxygen Saturation, Weiss [umol/kg]
# name 7 = oxsolMm/Kg: Oxygen Saturation, Garcia & Gordon [umol/kg]
# name 8 = turbWETntu0: Turbidity, WET Labs ECO [NTU]
# name 9 = flECO-AFL: Fluorescence, WET Labs ECO-AFL/FL [mg/m^3]
# name 10 = flag:  0.000e+00
# span 0 = 128.321722, 128.323469       
# span 1 =      0.704,     14.781       
# span 2 =    13.1666,    13.1751       
# span 3 =  32.488628,  32.626263       
# span 4 =    26.9274,    27.0506       
# span 5 =      0.697,     14.649       
# span 6 =  271.51560,  271.79129       
# span 7 =  271.68980,  271.96623       
# span 8 =    -6.3856,   399.1085       
# span 9 =    -0.1831,    21.1350       
# span 10 = 0.0000e+00, 0.0000e+00      
# interval = seconds: 0.25
# start_time = May 08 2022 07:42:13 [Instrument's time stamp, header]
# bad_flag = -9.990e-29
*END*
 128.321722      0.704    13.1714  32.613768    27.0438      0.697  271.54640  271.72045    29.8478     7.7303 0.0000e+00
 128.321725      0.742    13.1718  32.615166    27.0448      0.735  271.54211  271.71618    29.8012     7.7829 0.0000e+00
 128.321727      0.778    13.1721  32.616389    27.0448      0.771  271.53907  271.71314    29.8634     7.7829 0.0000e+00
 128.321730      0.817    13.1721  32.614992    27.0451      0.809  271.54120  271.71529    29.8012     7.8031 0.0000e+00
 128.321733      0.851    13.1724  32.616623    27.0444      0.844  271.53714  271.71123    29.8634     7.5928 -9.990e-29
 128.321736      0.871    13.1727  32.615982    27.0448      0.864  271.53700  271.71112    29.7856     7.5605 -9.990e-29
 128.321739      0.873    13.1726  32.615400    27.0444      0.865  271.53864  271.71276    29.8323     7.5928 -9.990e-29
 128.321742      0.860    13.1719  32.614992    27.0445      0.852  271.54217  271.71625    29.7856     7.5726 -9.990e-29
 128.321745      0.833    13.1714  32.615400    27.0453      0.825  271.54365  271.71769    30.9685     7.9325 -9.990e-29
 128.321748      0.798    13.1711  32.615399    27.0455      0.791  271.54489  271.71891    31.1552     7.9770 -9.990e-29
 128.321751      0.774    13.1711  32.614234    27.0444      0.767  271.54689  271.72093    30.9840     8.0093 -9.990e-29
 128.321753      0.781    13.1713  32.610682    27.0410      0.774  271.55211  271.72619    30.9529     7.9285 -9.990e-29
 128.321756      0.805    13.1718  32.615574    27.0447      0.798  271.54144  271.71551    31.0152     7.9689 -9.990e-29
 128.321759      0.832    13.1716  32.614992    27.0446      0.825  271.54341  271.71747    30.5794     7.7788 0.0000e+00
 128.321762      0.863    13.1711  32.614410    27.0447      0.855  271.54665  271.72068    30.4860     7.7991 0.0000e+00
 128.321765      0.889    13.1706  32.614351    27.0448      0.881  271.54897  271.72297    30.5482     7.8678 0.0000e+00
 128.321768      0.924    13.1705  32.615400    27.0458      0.915  271.54748  271.72147    30.5482     7.8193 0.0000e+00
 128.321771      0.962    13.1708  32.616215    27.0464      0.953  271.54484  271.71884    29.2875     7.5605 0.0000e+00
 128.321774      1.004    13.1715  32.617905    27.0464      0.995  271.53910  271.71313    29.3342     7.5848 0.0000e+00
 128.321777      1.055    13.1726  32.617439    27.0462      1.045  271.53491  271.70901    29.2564     7.5848 0.0000e+00
 128.321780      1.095    13.1736  32.618254    27.0462      1.085  271.52943  271.70359    29.3654     7.5403 0.0000e+00
 128.321782      1.126    13.1740  32.617613    27.0457      1.116  271.52867  271.70286    31.0619     7.9487 0.0000e+00
 128.321785      1.151    13.1739  32.617148    27.0453      1.141  271.53013  271.70431    31.0307     7.9285 -9.990e-29
 128.321788      1.166    13.1737  32.615808    27.0439      1.156  271.53340  271.70758    31.0930     7.9649 -9.990e-29
 128.321791      1.170    13.1732  32.616391    27.0448      1.159  271.53428  271.70843    31.1241     8.0012 -9.990e-29
 128.321794      1.174    13.1727  32.615983    27.0447      1.163  271.53719  271.71131    31.4510     8.3045 -9.990e-29
 128.321797      1.179    13.1720  32.615401    27.0447      1.169  271.54135  271.71543    31.6222     8.3167 -9.990e-29
 128.321800      1.188    13.1712  32.614760    27.0447      1.177  271.54593  271.71997    31.4821     8.2762 -9.990e-29
 128.321803      1.201    13.1706  32.615168    27.0464      1.190  271.54775  271.72174    31.5132     8.3005 -9.990e-29
 128.321806      1.228    13.1702  32.615809    27.0458      1.217  271.54854  271.72251    31.4976     8.2722 0.0000e+00
 128.321808      1.268    13.1702  32.614586    27.0464      1.257  271.55069  271.72466    32.5249     8.2439 0.0000e+00
 128.321811      1.316    13.1702  32.615984    27.0460      1.304  271.54829  271.72226    32.7272     8.2075 0.0000e+00
 128.321814      1.358    13.1701  32.615401    27.0465      1.346  271.54965  271.72361    32.4626     8.2479 0.0000e+00
 128.321817      1.394    13.1700  32.615809    27.0463      1.382  271.54959  271.72354    32.5093     8.2520 0.0000e+00
 128.321820      1.421    13.1698  32.616159    27.0465      1.409  271.54963  271.72357    33.2253     8.2803 -9.990e-29
 128.321823      1.445    13.1700  32.615576    27.0462      1.432  271.55003  271.72398    33.3342     8.2560 -9.990e-29
 128.321826      1.458    13.1700  32.614994    27.0456      1.445  271.55073  271.72469    33.3342     8.2479 -9.990e-29
 128.321829      1.467    13.1702  32.615576    27.0460      1.454  271.54878  271.72275    33.3342     8.2762 -9.990e-29
 128.321832      1.482    13.1702  32.615169    27.0457      1.468  271.54981  271.72378    34.4237     8.3288 -9.990e-29
 128.321834      1.496    13.1699  32.613771    27.0446      1.483  271.55351  271.72747    34.5638     8.2641 -9.990e-29
 128.321837      1.514    13.1695  32.614994    27.0460      1.501  271.55297  271.72690    34.5482     8.3086 -9.990e-29
 128.321840      1.536    13.1692  32.613946    27.0452      1.523  271.55606  271.72998    34.5327     8.3086 -9.990e-29
 128.321843      1.558    13.1689  32.613247    27.0448      1.545  271.55854  271.73245    32.8984     8.1670 -9.990e-29
 128.321846      1.582    13.1685  32.615402    27.0471      1.568  271.55671  271.73057    32.6805     8.1145 -9.990e-29
 128.321849      1.606    13.1686  32.615402    27.0469      1.591  271.55641  271.73028    32.7739     8.1670 -9.990e-29
 128.321852      1.633    13.1684  32.615169    27.0468      1.618  271.55746  271.73132    32.7895     8.1670 0.0000e+00
 128.321855      1.660    13.1683  32.614995    27.0468      1.646  271.55841  271.73226    32.7117     8.1630 0.0000e+00
 128.321858      1.686    13.1680  32.613772    27.0468      1.671  271.56181  271.73565    32.8362     8.0296 0.0000e+00
 128.321861      1.711    13.1678  32.614995    27.0472      1.696  271.56064  271.73447    32.7739     8.0538 0.0000e+00
 128.321863      1.737    13.1677  32.614995    27.0472      1.721  271.56098  271.73479    32.8362     8.0053 0.0000e+00
 128.321866      1.766    13.1679  32.614995    27.0471      1.750  271.56036  271.73419    32.7584     8.0093 0.0000e+00
 128.321869      1.793    13.1676  32.614762    27.0471      1.777  271.56204  271.73585    31.3576     8.0376 0.0000e+00
 128.321872      1.828    13.1676  32.615170    27.0471      1.811  271.56104  271.73486    31.2642     8.0012 -9.990e-29
 128.321875      1.844    13.1677  32.615403    27.0475      1.828  271.56034  271.73415    31.2953     8.0174 -9.990e-29
 128.321878      1.870    13.1679  32.615753    27.0477      1.853  271.55912  271.73294    31.2953     8.0376 -9.990e-29
 128.321881      1.895    13.1684  32.615578    27.0472      1.879  271.55723  271.73109    31.6533     7.8921 -9.990e-29
 128.321884      1.910    13.1686  32.615986    27.0474      1.893  271.55559  271.72946    31.3887     7.9042 -9.990e-29
 128.321887      1.925    13.1687  32.615578    27.0469      1.908  271.55568  271.72956    31.6066     7.8921 -9.990e-29
 128.321889      1.949    13.1693  32.617325    27.0481      1.931  271.55015  271.72404    31.4665     7.9244 -9.990e-29
 128.321892      1.974    13.1700  32.617616    27.0467      1.957  271.54683  271.72076    32.5249     8.1306 -9.990e-29
 128.321895      2.002    13.1704  32.616626    27.0467      1.984  271.54667  271.72065    32.4315     8.1226 0.0000e+00
 128.321898      2.029    13.1702  32.616394    27.0467      2.011  271.54804  271.72200    32.6338     8.1306 -9.990e-29
 128.321901      2.054    13.1699  32.616627    27.0471      2.036  271.54891  271.72285    32.5560     8.1670 -9.990e-29
 128.321904      2.080    13.1700  32.616743    27.0471      2.061  271.54841  271.72235    32.4626     8.1549 0.0000e+00
 128.321907      2.109    13.1697  32.616394    27.0471      2.090  271.55029  271.72422    33.8790     8.2803 -9.990e-29
 128.321910      2.131    13.1696  32.616219    27.0460      2.112  271.55092  271.72485    33.7856     8.2924 -9.990e-29
 128.321913      2.166    13.1692  32.614996    27.0460      2.146  271.55495  271.72886    33.8634     8.3005 0.0000e+00
 128.321916      2.193    13.1689  32.614589    27.0460      2.174  271.55694  271.73083    33.8634     8.2641 -9.990e-29
 128.321918      2.217    13.1686  32.616220    27.0475      2.197  271.55538  271.72924    33.7389     8.1994 -9.990e-29
 128.321921      2.239    13.1687  32.616394    27.0476      2.219  271.55446  271.72833    33.8167     8.1994 -9.990e-29
 128.321924      2.258    13.1689  32.616220    27.0473      2.238  271.55415  271.72803    33.6611     8.2034 -9.990e-29
 128.321927      2.279    13.1689  32.616161    27.0473      2.258  271.55426  271.72815    33.7700     8.2439 -9.990e-29
 128.321930      2.295    13.1687  32.615812    27.0470      2.274  271.55551  271.72938    33.7700     8.3652 -9.990e-29
 128.321933      2.313    13.1685  32.614181    27.0472      2.293  271.55929  271.73317    33.6922     8.3652 -9.990e-29
 128.321936      2.341    13.1685  32.615812    27.0468      2.320  271.55648  271.73034    33.7545     8.3490 0.0000e+00
 128.321939      2.370    13.1683  32.614822    27.0472      2.348  271.55916  271.73302    33.7389     8.3490 0.0000e+00
 128.321942      2.401    13.1680  32.616628    27.0472      2.379  271.55731  271.73113    33.1319     8.2479 0.0000e+00
 128.321944      2.435    13.1684  32.615813    27.0475      2.413  271.55717  271.73102    32.9607     8.2156 0.0000e+00
 128.321947      2.472    13.1686  32.616220    27.0474      2.450  271.55554  271.72941    32.9451     8.2034 0.0000e+00
 128.321950      2.503    13.1686  32.616162    27.0474      2.481  271.55566  271.72953    32.9607     8.2600 0.0000e+00
 128.321953      2.534    13.1689  32.617036    27.0474      2.511  271.55260  271.72647    33.1163     8.2398 -9.990e-29
 128.321956      2.556    13.1691  32.616221    27.0471      2.533  271.55339  271.72729    32.7895     8.4703 -9.990e-29
 128.321959      2.574    13.1691  32.616221    27.0471      2.551  271.55341  271.72730    32.8673     8.5148 -9.990e-29
 128.321962      2.590    13.1689  32.616162    27.0471      2.567  271.55415  271.72803    32.8829     8.4986 -9.990e-29
 128.321965      2.603    13.1689  32.615813    27.0468      2.580  271.55476  271.72865    32.7117     8.4784 -9.990e-29
 128.321968      2.619    13.1690  32.616221    27.0471      2.596  271.55375  271.72764    33.3187     8.1792 -9.990e-29
 128.321970      2.645    13.1689  32.615580    27.0466      2.622  271.55519  271.72908    33.2564     8.2034 -9.990e-29
 128.321973      2.669    13.1685  32.615988    27.0472      2.645  271.55639  271.73025    33.4276     8.1590 -9.990e-29
 128.321976      2.696    13.1681  32.616396    27.0479      2.672  271.55758  271.73142    33.2253     8.1832 -9.990e-29
 128.321979      2.718    13.1679  32.616804    27.0480      2.694  271.55783  271.73165    34.9062     8.5350 -9.990e-29
 128.321982      2.747    13.1681  32.616629    27.0480      2.723  271.55690  271.73073    34.6105     8.5593 0.0000e+00
 128.321985      2.775    13.1684  32.617328    27.0480      2.750  271.55444  271.72829    34.8284     8.5391 -9.990e-29
 128.321988      2.800    13.1686  32.616221    27.0480      2.775  271.55575  271.72962    34.7194     8.5471 -9.990e-29
 128.321991      2.828    13.1689  32.617212    27.0480      2.802  271.55279  271.72667    35.1241     8.4420 0.0000e+00
 128.321994      2.853    13.1689  32.617037    27.0480      2.828  271.55280  271.72668    34.9062     8.3975 -9.990e-29
 128.321997      2.873    13.1690  32.616396    27.0472      2.847  271.55361  271.72750    34.7817     8.3935 -9.990e-29
 128.321999      2.897    13.1689  32.615173    27.0461      2.871  271.55637  271.73026    35.0930     8.4097 -9.990e-29
 128.322002      2.919    13.1692  32.617620    27.0478      2.893  271.55088  271.72477    34.9685     8.4339 -9.990e-29
 128.322005      2.947    13.1689  32.617037    27.0479      2.920  271.55286  271.72674    34.2681     8.2964 0.0000e+00
 128.322008      2.976    13.1687  32.617154    27.0479      2.949  271.55362  271.72748    34.2992     8.2762 0.0000e+00
 128.322011      3.003    13.1685  32.616804    27.0480      2.976  271.55518  271.72904    34.2214     8.2803 0.0000e+00
 128.322014      3.029    13.1684  32.617853    27.0479      3.002  271.55370  271.72754    34.1903     8.3045 -9.990e-29
 128.322017      3.049    13.1687  32.616397    27.0474      3.021  271.55529  271.72916    34.8284     8.4299 -9.990e-29
 128.322020      3.069    13.1686  32.617562    27.0485      3.041  271.55360  271.72745    34.8595     8.3894 -9.990e-29
 128.322023      3.087    13.1687  32.618669    27.0494      3.059  271.55106  271.72491    34.7350     8.4299 -9.990e-29
 128.322025      3.107    13.1690  32.618902    27.0494      3.079  271.54941  271.72328    34.7039     8.4177 -9.990e-29
 128.322028      3.131    13.1696  32.618902    27.0489      3.103  271.54691  271.72081    33.2097     8.0498 -9.990e-29
 128.322031      3.159    13.1699  32.619076    27.0487      3.130  271.54537  271.71929    33.3187     8.0619 0.0000e+00
 128.322034      3.189    13.1704  32.619076    27.0487      3.161  271.54318  271.71714    33.1941     8.1023 0.0000e+00
 128.322037      3.217    13.1702  32.618494    27.0485      3.188  271.54484  271.71879    33.2253     8.0983 -9.990e-29
 128.322040      3.240    13.1700  32.618902    27.0487      3.211  271.54541  271.71933    32.8362     8.1832 -9.990e-29
 128.322043      3.268    13.1697  32.618727    27.0487      3.238  271.54698  271.72090    32.7895     8.3450 -9.990e-29
 128.322046      3.289    13.1696  32.619077    27.0491      3.260  271.54671  271.72061    32.6183     8.3288 -9.990e-29
 128.322049      3.313    13.1697  32.619310    27.0492      3.283  271.54569  271.71960    32.8673     8.3652 -9.990e-29
 128.322052      3.331    13.1700  32.619077    27.0488      3.301  271.54516  271.71909    32.7428     8.3490 -9.990e-29
 128.322054      3.347    13.1699  32.618727    27.0485      3.317  271.54609  271.72002    32.7895     8.1145 -9.990e-29
 128.322057      3.357    13.1701  32.619718    27.0493      3.327  271.54344  271.71737    32.8050     8.0983 -9.990e-29
 128.322060      3.371    13.1706  32.619485    27.0487      3.341  271.54165  271.71561    32.8362     8.0902 -9.990e-29
 128.322063      3.393    13.1710  32.620125    27.0490      3.362  271.53866  271.71265    32.7584     8.1064 -9.990e-29
 128.322066      3.415    13.1710  32.620067    27.0489      3.384  271.53878  271.71276    33.0696     8.3450 -9.990e-29
 128.322069      3.444    13.1708  32.619893    27.0489      3.413  271.54004  271.71402    32.9762     8.3126 0.0000e+00
 128.322072      3.476    13.1706  32.619893    27.0490      3.445  271.54101  271.71497    32.8984     8.3490 0.0000e+00
 128.322075      3.509    13.1706  32.619893    27.0490      3.478  271.54103  271.71499    32.9918     8.3773 0.0000e+00
 128.322078      3.538    13.1706  32.619718    27.0489      3.507  271.54135  271.71531    36.9607     8.6159 0.0000e+00
 128.322080      3.573    13.1704  32.619311    27.0487      3.541  271.54302  271.71697    36.9451     8.6078 0.0000e+00
 128.322083      3.603    13.1701  32.619485    27.0486      3.570  271.54399  271.71793    36.9140     8.6240 -9.990e-29
 128.322086      3.628    13.1700  32.619486    27.0490      3.596  271.54433  271.71826    37.0541     8.6280 -9.990e-29
 128.322089      3.656    13.1700  32.619893    27.0494      3.623  271.54395  271.71787    37.2564     8.6078 -9.990e-29
 128.322092      3.674    13.1701  32.620126    27.0495      3.641  271.54293  271.71686    38.2058     8.6927 -9.990e-29
 128.322095      3.692    13.1704  32.620126    27.0493      3.659  271.54168  271.71563    38.1903     8.6846 -9.990e-29
 128.322098      3.705    13.1706  32.620126    27.0492      3.672  271.54075  271.71471    38.1591     8.6563 -9.990e-29
