Processed/SBE19plus_01907321_2022_05_06_Cast40_wfilter.cnv
* Sea-Bird SBE19plus  Data File:
* FileName = E:\Prandtl Daten\2022\CTD\Raw\SBE19plus_01907321_2022_05_06_Cast40.hex
* Software version 2.6.1.12
* Temperature SN = 7321
* Conductivity SN = 7321
* System UpLoad Time = May 06 2022 08:00:24
* <ApplicationData>
* <Seaterm232>
** Messpraktikum 2022
** CTD 06.05 BM
# nquan = 11
# nvalues = 595                         
# units = specified
# name 0 = timeJ: Julian Days
# name 1 = prdM: Pressure, Strain Gauge [db]
# name 2 = tv290C: Temperature [ITS-90, deg C]
# name 3 = c0mS/cm: Conductivity [mS/cm]
# name 4 = sal00: Salinity, Practical [PSU]
# name 5 = depSM: Depth [salt water, m], lat = 54.00
# name 6 = oxsatMm/Kg: Oxygen Saturation, Weiss [umol/kg]
# name 7 = oxsolMm/Kg: Oxygen Saturation, Garcia & Gordon [umol/kg]
# name 8 = turbWETntu0: Turbidity, WET Labs ECO [NTU]
# name 9 = flECO-AFL: Fluorescence, WET Labs ECO-AFL/FL [mg/m^3]
# name 10 = flag:  0.000e+00
# span 0 = 126.328137, 126.329855       
# span 1 =      0.529,     14.637       
# span 2 =    12.7542,    12.8409       
# span 3 =  32.240602,  32.297867       
# span 4 =    26.9810,    26.9942       
# span 5 =      0.524,     14.506       
# span 6 =  273.54611,  274.03441       
# span 7 =  273.70198,  274.18528       
# span 8 =    19.5599,   143.8089       
# span 9 =     7.9244,    21.1552       
# span 10 = 0.0000e+00, 0.0000e+00      
# interval = seconds: 0.25
# start_time = May 06 2022 07:50:49 [Instrument's time stamp, header]
# bad_flag = -9.990e-29
*END*
[from data line 394]
 126.329277     10.033    12.7593  32.242795    26.9922      9.943  274.00733  274.15846    43.7000    12.5099 0.0000e+00
 126.329280     10.060    12.7591  32.243665    26.9928      9.970  274.00676  274.15786    43.7622    12.5342 0.0000e+00
 126.329282     10.093    12.7589  32.243201    26.9928     10.003  274.00823  274.15933    44.6027    11.4181 0.0000e+00
 126.329285     10.124    12.7592  32.243433    26.9928     10.033  274.00658  274.15770    44.5716    11.4181 0.0000e+00
 126.329288     10.153    12.7592  32.243433    26.9928     10.062  274.00660  274.15772    44.4159    11.4181 -9.990e-29
 126.329291     10.177    12.7592  32.243027    26.9925     10.086  274.00765  274.15876    44.5871    11.4060 -9.990e-29
 126.329294     10.201    12.7594  32.243607    26.9929     10.110  274.00569  274.15681    45.3965    11.3251 -9.990e-29
 126.329297     10.225    12.7594  32.243433    26.9927     10.133  274.00601  274.15714    45.6922    11.3211 -9.990e-29
 126.329300     10.246    12.7591  32.243665    26.9931     10.155  274.00688  274.15798    45.5366    11.2685 -9.990e-29
 126.329303     10.261    12.7592  32.243839    26.9932     10.169  274.00627  274.15737    45.5054    11.2968 -9.990e-29
 126.329306     10.283    12.7592  32.243607    26.9929     10.191  274.00637  274.15749    44.7584    12.1783 -9.990e-29
 126.329308     10.299    12.7592  32.243607    26.9926     10.207  274.00670  274.15781    45.0229    12.2754 -9.990e-29
 126.329311     10.327    12.7594  32.243433    26.9926     10.234  274.00608  274.15721    44.6805    12.1622 0.0000e+00
 126.329314     10.356    12.7593  32.243202    26.9925     10.263  274.00682  274.15795    44.8984    12.2147 0.0000e+00
 126.329317     10.385    12.7593  32.243028    26.9925     10.292  274.00715  274.15828    43.1552    11.2564 0.0000e+00
 126.329320     10.418    12.7591  32.243318    26.9925     10.324  274.00761  274.15872    43.2642    11.2402 0.0000e+00
 126.329323     10.443    12.7592  32.243202    26.9927     10.350  274.00751  274.15863    43.1864    11.2240 0.0000e+00
 126.329326     10.470    12.7591  32.243608    26.9930     10.377  274.00713  274.15823    43.2175    11.2362 0.0000e+00
 126.329329     10.500    12.7590  32.243608    26.9930     10.406  274.00746  274.15856    43.1552    11.2523 0.0000e+00
 126.329332     10.525    12.7589  32.243608    26.9930     10.431  274.00779  274.15889    43.9334    11.1876 -9.990e-29
 126.329334     10.545    12.7589  32.243608    26.9930     10.451  274.00781  274.15890    43.9023    11.1351 -9.990e-29
 126.329337     10.569    12.7589  32.243666    26.9931     10.474  274.00803  274.15913    43.9334    11.1836 -9.990e-29
 126.329340     10.585    12.7588  32.243434    26.9930     10.490  274.00877  274.15986    43.8089    11.2079 -9.990e-29
 126.329343     10.600    12.7589  32.242623    26.9921     10.505  274.00959  274.16069    43.3264    12.2026 -9.990e-29
 126.329346     10.614    12.7589  32.243434    26.9929     10.519  274.00847  274.15957    43.4976    12.2026 -9.990e-29
 126.329349     10.636    12.7589  32.243608    26.9932     10.541  274.00818  274.15927    43.5132    12.2107 -9.990e-29
 126.329352     10.663    12.7590  32.243840    26.9932     10.568  274.00716  274.15826    43.4198    12.1379 0.0000e+00
 126.329355     10.691    12.7587  32.243609    26.9932     10.595  274.00916  274.16024    43.5910    11.8063 0.0000e+00
 126.329358     10.722    12.7588  32.243899    26.9932     10.626  274.00804  274.15912    43.8556    11.8063 0.0000e+00
 126.329361     10.754    12.7589  32.243203    26.9931     10.658  274.00898  274.16007    43.5288    11.8184 0.0000e+00
 126.329363     10.784    12.7588  32.243609    26.9928     10.687  274.00859  274.15968    43.6844    11.8144 0.0000e+00
 126.329366     10.813    12.7587  32.243609    26.9931     10.716  274.00893  274.16001    47.4510    11.6688 -9.990e-29
 126.329369     10.835    12.7587  32.243435    26.9930     10.738  274.00956  274.16065    47.3109    11.6850 -9.990e-29
 126.329372     10.860    12.7585  32.243435    26.9931     10.763  274.01021  274.16128    47.2019    11.7295 -9.990e-29
 126.329375     10.880    12.7586  32.243609    26.9932     10.783  274.00960  274.16068    47.2642    11.7174 -9.990e-29
 126.329378     10.897    12.7586  32.243319    26.9929     10.799  274.01013  274.16120    47.4354    11.7618 -9.990e-29
 126.329381     10.909    12.7586  32.243609    26.9932     10.812  274.00962  274.16070    45.1630    12.3765 -9.990e-29
 126.329384     10.928    12.7588  32.242624    26.9921     10.830  274.01043  274.16153    45.1941    12.3846 -9.990e-29
 126.329387     10.944    12.7589  32.243435    26.9933     10.846  274.00869  274.15978    45.3498    12.3563 -9.990e-29
 126.329389     10.970    12.7587  32.243841    26.9932     10.872  274.00862  274.15970    45.2564    12.4169 0.0000e+00
 126.329392     11.001    12.7584  32.243436    26.9933     10.902  274.01062  274.16169    52.3381    13.0922 0.0000e+00
 126.329395     11.030    12.7582  32.243436    26.9933     10.931  274.01190  274.16295    52.4938    13.0881 0.0000e+00
 126.329398     11.065    12.7581  32.243494    26.9934     10.966  274.01213  274.16318    52.6961    13.0962 0.0000e+00
 126.329401     11.096    12.7580  32.243610    26.9934     10.997  274.01227  274.16330    52.5716    13.0477 -9.990e-29
 126.329404     11.118    12.7577  32.243204    26.9931     11.018  274.01426  274.16529    50.7039    12.3441 -9.990e-29
 126.329407     11.149    12.7579  32.243030    26.9931     11.049  274.01396  274.16499    50.6261    12.3805 0.0000e+00
 126.329410     11.178    12.7577  32.243030    26.9931     11.078  274.01461  274.16563    50.8284    12.3441 -9.990e-29
 126.329413     11.195    12.7575  32.243030    26.9933     11.094  274.01557  274.16658    50.8751    12.3279 -9.990e-29
 126.329416     11.217    12.7575  32.243320    26.9936     11.116  274.01507  274.16608    52.4004    12.3522 -9.990e-29
 126.329418     11.235    12.7576  32.243031    26.9932     11.134  274.01528  274.16629    52.9140    12.4654 -9.990e-29
 126.329421     11.249    12.7577  32.242451    26.9926     11.149  274.01600  274.16702    52.7272    12.4654 -9.990e-29
 126.329424     11.266    12.7577  32.243031    26.9931     11.165  274.01466  274.16569    52.8673    12.4654 -9.990e-29
 126.329427     11.291    12.7575  32.243031    26.9933     11.190  274.01563  274.16664    52.8673    12.4452 -9.990e-29
 126.329430     11.315    12.7572  32.243031    26.9936     11.214  274.01691  274.16790    50.0969    13.3510 -9.990e-29
 126.329433     11.346    12.7570  32.243031    26.9937     11.245  274.01787  274.16885    49.9257    13.3348 0.0000e+00
 126.329436     11.379    12.7571  32.243321    26.9936     11.277  274.01706  274.16805    50.0035    13.2822 0.0000e+00
 126.329439     11.406    12.7572  32.242625    26.9932     11.304  274.01800  274.16899    50.1280    13.3429 0.0000e+00
 126.329442     11.436    12.7571  32.242625    26.9932     11.333  274.01833  274.16932    50.6105    12.1905 0.0000e+00
 126.329444     11.467    12.7572  32.242799    26.9932     11.364  274.01741  274.16841    50.6105    12.2228 -9.990e-29
 126.329447     11.488    12.7569  32.241640    26.9923     11.386  274.02074  274.17173    50.8128    12.1864 -9.990e-29
 126.329450     11.518    12.7569  32.243031    26.9937     11.415  274.01861  274.16959    50.6883    12.2147 -9.990e-29
 126.329453     11.532    12.7568  32.242452    26.9932     11.429  274.01997  274.17094    52.0424    12.9588 -9.990e-29
 126.329456     11.548    12.7569  32.242336    26.9930     11.445  274.01987  274.17085    51.9646    13.0356 -9.990e-29
 126.329459     11.570    12.7568  32.243032    26.9937     11.467  274.01896  274.16993    51.8868    13.0275 -9.990e-29
 126.329462     11.585    12.7568  32.243032    26.9937     11.481  274.01897  274.16994    52.0113    13.0518 -9.990e-29
 126.329465     11.607    12.7571  32.242452    26.9929     11.503  274.01875  274.16974    51.9957    12.9951 -9.990e-29
 126.329468     11.631    12.7569  32.241814    26.9936     11.527  274.02053  274.17152    54.1591    13.3429 -9.990e-29
 126.329470     11.656    12.7563  32.242626    26.9936     11.552  274.02195  274.17289    53.9568    13.3672 0.0000e+00
 126.329473     11.691    12.7560  32.242568    26.9936     11.586  274.02334  274.17426    54.0657    13.3833 -9.990e-29
 126.329476     11.714    12.7559  32.242452    26.9938     11.610  274.02387  274.17479    53.8323    13.3429 -9.990e-29
 126.329479     11.747    12.7559  32.242452    26.9932     11.642  274.02421  274.17512    50.2681    12.7161 0.0000e+00
 126.329482     11.777    12.7560  32.241235    26.9932     11.671  274.02575  274.17669    50.0969    12.7283 0.0000e+00
 126.329485     11.806    12.7558  32.242221    26.9925     11.700  274.02497  274.17588    50.1591    12.6959 -9.990e-29
 126.329488     11.828    12.7557  32.241815    26.9932     11.722  274.02602  274.17693    50.2058    12.6838 -9.990e-29
 126.329491     11.851    12.7557  32.241815    26.9933     11.745  274.02635  274.17726    48.7584    12.7970 -9.990e-29
 126.329494     11.870    12.7556  32.241757    26.9933     11.763  274.02678  274.17768    48.8362    12.7727 -9.990e-29
 126.329497     11.884    12.7555  32.242221    26.9937     11.778  274.02629  274.17718    48.8673    12.7768 -9.990e-29
 126.329499     11.910    12.7554  32.242221    26.9938     11.803  274.02693  274.17782    48.7739    12.7970 -9.990e-29
 126.329502     11.926    12.7556  32.241815    26.9933     11.819  274.02672  274.17762    49.4587    13.7594 -9.990e-29
 126.329505     11.948    12.7557  32.242047    26.9928     11.841  274.02569  274.17660    49.3342    13.7634 -9.990e-29
 126.329508     11.976    12.7557  32.241410    26.9928     11.868  274.02684  274.17775    49.3965    13.7513 0.0000e+00
 126.329511     12.005    12.7557  32.242221    26.9928     11.897  274.02573  274.17663    49.3342    13.7392 -9.990e-29
 126.329514     12.030    12.7555  32.241990    26.9939     11.923  274.02679  274.17769    49.4276    13.7715 -9.990e-29
 126.329517     12.061    12.7554  32.242453    26.9939     11.953  274.02631  274.17719    55.1708    12.9709 0.0000e+00
 126.329520     12.087    12.7555  32.241816    26.9939     11.979  274.02714  274.17803    55.3731    12.9911 -9.990e-29
 126.329523     12.110    12.7556  32.240830    26.9923     12.002  274.02858  274.17949    55.1552    12.9871 -9.990e-29
 126.329525     12.134    12.7554  32.242222    26.9937     12.026  274.02676  274.17765    55.3264    12.9749 -9.990e-29
 126.329528     12.160    12.7554  32.242048    26.9936     12.051  274.02740  274.17829    51.7622    13.2135 -9.990e-29
 126.329531     12.181    12.7551  32.242048    26.9938     12.072  274.02868  274.17955    51.8712    13.1690 -9.990e-29
 126.329534     12.194    12.7551  32.242164    26.9939     12.085  274.02848  274.17935    51.6689    13.2014 -9.990e-29
 126.329537     12.218    12.7552  32.241816    26.9935     12.109  274.02880  274.17967    51.8712    13.2014 -9.990e-29
 126.329540     12.236    12.7553  32.241816    26.9934     12.127  274.02818  274.17906    54.7661    14.0465 -9.990e-29
 126.329543     12.260    12.7554  32.242222    26.9937     12.150  274.02716  274.17804    54.9685    14.0263 -9.990e-29
 126.329546     12.287    12.7552  32.242048    26.9936     12.177  274.02843  274.17931    54.7194    14.0141 0.0000e+00
 126.329549     12.316    12.7549  32.241643    26.9935     12.206  274.03012  274.18098    54.7350    14.0182 0.0000e+00
 126.329552     12.344    12.7549  32.241585    26.9935     12.233  274.03055  274.18141    52.1669    12.7161 0.0000e+00
 126.329554     12.373    12.7551  32.242223    26.9935     12.262  274.02850  274.17936    52.1358    12.7364 0.0000e+00
 126.329557     12.402    12.7550  32.241817    26.9935     12.291  274.02955  274.18041    52.0735    12.7121 0.0000e+00
 126.329560     12.427    12.7551  32.241643    26.9934     12.316  274.02956  274.18043    52.0580    12.7000 0.0000e+00
 126.329563     12.453    12.7550  32.240831    26.9933     12.342  274.03133  274.18220    52.1047    12.7080 -9.990e-29
 126.329566     12.477    12.7551  32.242223    26.9938     12.365  274.02856  274.17943    54.6727    13.2903 -9.990e-29
 126.329569     12.497    12.7551  32.242455    26.9941     12.385  274.02817  274.17903    54.7194    13.2297 -9.990e-29
 126.329572     12.519    12.7553  32.242165    26.9936     12.407  274.02775  274.17863    54.7039    13.3105 -9.990e-29
 126.329575     12.534    12.7554  32.242223    26.9936     12.421  274.02734  274.17822    54.7194    13.2742 -9.990e-29
 126.329578     12.554    12.7554  32.242455    26.9938     12.441  274.02662  274.17751    57.1319    13.4440 -9.990e-29
 126.329580     12.581    12.7557  32.241817    26.9930     12.468  274.02682  274.17773    57.1008    13.4521 -9.990e-29
 126.329583     12.601    12.7558  32.242629    26.9937     12.488  274.02477  274.17568    57.1630    13.4561 -9.990e-29
 126.329586     12.630    12.7560  32.242803    26.9934     12.517  274.02353  274.17445    57.3342    13.4440 0.0000e+00
 126.329589     12.661    12.7564  32.242455    26.9931     12.548  274.02259  274.17354    52.1513    13.0477 0.0000e+00
 126.329592     12.689    12.7564  32.241991    26.9931     12.575  274.02311  274.17407    52.2603    13.0356 0.0000e+00
 126.329595     12.718    12.7566  32.243035    26.9934     12.604  274.02065  274.17161    52.3226    13.1003 0.0000e+00
 126.329598     12.745    12.7565  32.243441    26.9937     12.631  274.02027  274.17122    52.3381    13.0801 0.0000e+00
 126.329601     12.773    12.7567  32.242803    26.9939     12.658  274.02047  274.17144    51.2486    12.9749 -9.990e-29
 126.329604     12.795    12.7568  32.242630    26.9929     12.680  274.02047  274.17145    51.1864    12.9385 -9.990e-29
 126.329606     12.816    12.7569  32.242804    26.9930     12.702  274.01986  274.17084    51.1864    12.9588 -9.990e-29
 126.329609     12.835    12.7570  32.243209    26.9933     12.720  274.01853  274.16951    51.3264    12.9951 -9.990e-29
 126.329612     12.849    12.7570  32.242572    26.9927     12.734  274.01966  274.17065    51.3109    12.9588 -9.990e-29
 126.329615     12.866    12.7569  32.243036    26.9932     12.750  274.01949  274.17046    51.0463    13.9050 -9.990e-29
 126.329618     12.886    12.7570  32.243210    26.9931     12.770  274.01856  274.16954    50.9840    13.9616 -9.990e-29
 126.329621     12.911    12.7569  32.243036    26.9931     12.795  274.01920  274.17018    51.1708    13.9575 0.0000e+00
 126.329624     12.938    12.7570  32.243036    26.9931     12.823  274.01890  274.16989    50.8751    13.9171 0.0000e+00
 126.329627     12.969    12.7569  32.242630    26.9931     12.853  274.02027  274.17125    53.2408    13.1003 0.0000e+00
 126.329630     13.000    12.7566  32.242920    26.9930     12.884  274.02104  274.17200    53.3031    13.0113 0.0000e+00
 126.329633     13.035    12.7566  32.242630    26.9930     12.918  274.02158  274.17254    53.1475    13.0679 0.0000e+00
 126.329635     13.061    12.7564  32.242456    26.9929     12.944  274.02253  274.17349    53.1008    13.0720 0.0000e+00
 126.329638     13.090    12.7564  32.242457    26.9929     12.972  274.02287  274.17382    55.5288    12.5787 0.0000e+00
 126.329641     13.115    12.7560  32.242225    26.9930     12.998  274.02487  274.17580    55.5910    12.5706 0.0000e+00
 126.329644     13.143    12.7559  32.242225    26.9930     13.025  274.02521  274.17613    55.6066    12.6272 -9.990e-29
 126.329647     13.163    12.7555  32.242631    26.9937     13.045  274.02639  274.17729    55.4043    12.5787 -9.990e-29
 126.329650     13.179    12.7554  32.242341    26.9935     13.061  274.02723  274.17812    53.8790    13.7594 -9.990e-29
