Processed/SBE19plus_01907321_2022_05_06_Cast50_wfilter.cnv
* Sea-Bird SBE19plus  Data File:
* FileName = E:\Prandtl Daten\2022\CTD\Raw\SBE19plus_01907321_2022_05_06_Cast50.hex
* Software version 2.6.1.12
* Temperature SN = 7321
* Conductivity SN = 7321
* System UpLoad Time = May 06 2022 11:46:47
* <ApplicationData>
* <Seaterm232>
** Messpraktikum 2022
** CTD 06.05 MP4
** NMEA Latitude = 54 03.258 N
** NMEA Longitude = 008 43.758 E
# nquan = 11
# nvalues = 262                         
# units = specified
# name 0 = timeJ: Julian Days
# name 1 = prdM: Pressure, Strain Gauge [db]
# name 2 = tv290C: Temperature [ITS-90, deg C]
# name 3 = c0mS/cm: Conductivity [mS/cm]
# name 4 = sal00: Salinity, Practical [PSU]
# name 5 = depSM: Depth [salt water, m], lat = 54.00
# name 6 = oxsatMm/Kg: Oxygen Saturation, Weiss [umol/kg]
# name 7 = oxsolMm/Kg: Oxygen Saturation, Garcia & Gordon [umol/kg]
# name 8 = turbWETntu0: Turbidity, WET Labs ECO [NTU]
# name 9 = flECO-AFL: Fluorescence, WET Labs ECO-AFL/FL [mg/m^3]
# name 10 = flag:  0.000e+00
# span 0 = 126.487896, 126.488652       
# span 1 =      0.365,      6.968       
# span 2 =    12.5811,    12.7871       
# span 3 =  31.943464,  32.170492       
# span 4 =    26.8416,    26.9214       
# span 5 =      0.362,      6.905       
# span 6 =  274.01580,  275.32292       
# span 7 =  274.16940,  275.46534       
# span 8 =    34.4548,   154.9840       
# span 9 =     9.8573,    12.8617       
# span 10 = 0.0000e+00, 0.0000e+00      
# interval = seconds: 0.25
# start_time = May 06 2022 11:41:25 [Instrument's time stamp, header]
# bad_flag = -9.990e-29
*END*
 126.487896      0.365    12.7411  32.123931    26.8984      0.362  274.29193  274.44297    36.5560    10.3708 0.0000e+00
 126.487899      0.392    12.7403  32.136786    26.8984      0.389  274.27295  274.42381    36.5093    10.3789 -9.990e-29
 126.487902      0.412    12.7466  32.151495    26.9201      0.409  274.21906  274.37019    36.3848    10.3870 -9.990e-29
 126.487905      0.425    12.7577  32.161514    26.9214      0.421  274.15231  274.30407    35.4976     9.8654 -9.990e-29
 126.487908      0.445    12.7698  32.170492    26.9129      0.441  274.08268  274.23515    35.6533     9.8815 -9.990e-29
 126.487911      0.489    12.7807  32.170085    26.9061      0.485  274.03506  274.18824    35.4354     9.8573 0.0000e+00
 126.487914      0.529    12.7870  32.160179    26.9061      0.525  274.02511  274.17878    35.5288     9.8815 0.0000e+00
 126.487917      0.564    12.7859  32.158152    26.8993      0.559  274.03346  274.18708    35.5443     9.8654 -9.990e-29
 126.487920      0.586    12.7831  32.159195    26.9011      0.581  274.04396  274.19740    34.6883    10.0756 -9.990e-29
 126.487922      0.612    12.7819  32.163424    26.9059      0.606  274.04187  274.19519    34.4548    10.0635 -9.990e-29
 126.487925      0.628    12.7830  32.166841    26.9083      0.622  274.03109  274.18445    34.5327    10.0554 -9.990e-29
 126.487928      0.646    12.7853  32.166899    26.9067      0.641  274.02089  274.17439    34.6105    10.0837 -9.990e-29
 126.487931      0.667    12.7868  32.166030    26.9048      0.661  274.01580  274.16940    35.0930     9.8815 -9.990e-29
 126.487934      0.692    12.7871  32.164408    26.9031      0.686  274.01710  274.17075    34.8751     9.8775 -9.990e-29
 126.487937      0.714    12.7871  32.163424    26.9022      0.707  274.01886  274.17251    34.9996     9.8735 -9.990e-29
 126.487940      0.736    12.7866  32.160180    26.8995      0.729  274.02682  274.18047    35.0619     9.8937 -9.990e-29
 126.487943      0.760    12.7848  32.154330    26.8941      0.753  274.04541  274.19900    36.5560    10.3466 -9.990e-29
 126.487946      0.796    12.7810  32.150102    26.8944      0.789  274.06936  274.22274    36.5405    10.3627 0.0000e+00
 126.487948      0.827    12.7761  32.147091    26.8944      0.820  274.09653  274.24963    36.5560    10.2980 0.0000e+00
 126.487951      0.860    12.7716  32.143675    26.8948      0.852  274.12252  274.27536    36.5560    10.3183 -9.990e-29
 126.487954      0.883    12.7673  32.139796    26.8943      0.876  274.14839  274.30098    37.1630    10.2899 -9.990e-29
 126.487957      0.907    12.7631  32.134990    26.8916      0.899  274.17557  274.32794    37.1786    10.3183 -9.990e-29
 126.487960      0.933    12.7585  32.130126    26.8916      0.924  274.20445  274.35657    37.2875    10.3263 0.0000e+00
 126.487963      0.964    12.7537  32.126305    26.8916      0.955  274.23243  274.38428    37.3031    10.3344 0.0000e+00
 126.487966      0.993    12.7495  32.124916    26.8924      0.984  274.25358  274.40516    37.1630    10.3668 0.0000e+00
 126.487969      1.020    12.7462  32.122890    26.8932      1.011  274.27206  274.42344    38.9529    10.5326 -9.990e-29
 126.487972      1.035    12.7434  32.119706    26.8927      1.025  274.28973  274.44097    39.1708    10.5043 -9.990e-29
 126.487975      1.056    12.7408  32.118143    26.8931      1.047  274.30422  274.45530    39.0307    10.4760 -9.990e-29
 126.487977      1.073    12.7379  32.113860    26.8899      1.063  274.32448  274.47542    38.8284    10.5447 -9.990e-29
 126.487980      1.102    12.7344  32.109808    26.8897      1.092  274.34751  274.49825    40.7272    10.7590 0.0000e+00
 126.487983      1.131    12.7303  32.106393    26.8896      1.121  274.37162  274.52213    40.4938    10.8116 0.0000e+00
 126.487986      1.162    12.7261  32.101358    26.8880      1.152  274.39924  274.54952    40.5716    10.8075 0.0000e+00
 126.487989      1.191    12.7214  32.095917    26.8862      1.181  274.42948  274.57951    40.4159    10.7914 0.0000e+00
 126.487992      1.228    12.7164  32.091288    26.8858      1.217  274.46019  274.60994    42.4548    11.0299 0.0000e+00
 126.487995      1.257    12.7109  32.085096    26.8855      1.246  274.49557  274.64502    42.2369    11.0461 -9.990e-29
 126.487998      1.281    12.7050  32.081277    26.8844      1.270  274.52863  274.67773    42.5171    11.0016 -9.990e-29
 126.488001      1.305    12.6997  32.079426    26.8864      1.293  274.55536  274.70413    42.3615    10.9774 -9.990e-29
 126.488003      1.327    12.6955  32.079022    26.8890      1.315  274.57476  274.72327    44.0424    11.1593 -9.990e-29
 126.488006      1.349    12.6928  32.076418    26.8885      1.337  274.59143  274.73978    44.2447    11.1634 -9.990e-29
 126.488009      1.365    12.6902  32.073004    26.8872      1.353  274.60890  274.75712    44.2447    11.1836 -9.990e-29
 126.488012      1.385    12.6873  32.068202    26.8848      1.373  274.63043  274.77850    44.3226    11.1553 -9.990e-29
 126.488015      1.402    12.6834  32.063574    26.8832      1.389  274.65576  274.80362    44.1202    11.1796 -9.990e-29
 126.488018      1.420    12.6790  32.058715    26.8819      1.407  274.68404  274.83166    45.6455    11.5273 -9.990e-29
 126.488021      1.442    12.6739  32.055707    26.8827      1.429  274.71219  274.85951    45.9724    11.5637 -9.990e-29
 126.488024      1.467    12.6697  32.051716    26.8820      1.454  274.73799  274.88507    45.9412    11.5556 -9.990e-29
 126.488027      1.489    12.6655  32.048708    26.8830      1.476  274.76171  274.90856    45.8634    11.5394 -9.990e-29
 126.488030      1.516    12.6620  32.046916    26.8834      1.503  274.78075  274.92738    47.1708    11.6324 0.0000e+00
 126.488032      1.549    12.6588  32.045296    26.8835      1.535  274.79758  274.94402    47.3264    11.6648 0.0000e+00
 126.488035      1.577    12.6560  32.042867    26.8836      1.562  274.81459  274.96086    47.3576    11.6324 0.0000e+00
 126.488038      1.606    12.6535  32.041653    26.8835      1.591  274.82785  274.97397    47.2642    11.5920 -9.990e-29
 126.488041      1.626    12.6514  32.043099    26.8869      1.611  274.83447  274.98044    43.7000    10.9531 -9.990e-29
 126.488044      1.650    12.6511  32.046107    26.8900      1.635  274.83071  274.97663    43.7934    11.0057 -9.990e-29
 126.488047      1.662    12.6523  32.047264    26.8901      1.647  274.82296  274.96895    43.6066    11.0016 -9.990e-29
 126.488050      1.684    12.6536  32.049520    26.8913      1.669  274.81326  274.95931    43.7311    10.9369 -9.990e-29
 126.488053      1.702    12.6554  32.052297    26.8926      1.687  274.80041  274.94656    43.2175    10.9652 -9.990e-29
 126.488056      1.726    12.6580  32.056751    26.8946      1.711  274.78110  274.92737    43.0619    10.9612 -9.990e-29
 126.488058      1.757    12.6613  32.058949    26.8940      1.741  274.76233  274.90880    43.0930    11.0299 0.0000e+00
 126.488061      1.785    12.6643  32.059932    26.8940      1.769  274.74731  274.89396    43.2953    10.9652 0.0000e+00
 126.488064      1.814    12.6665  32.060337    26.8933      1.797  274.73680  274.88359    43.1708    10.9814 -9.990e-29
 126.488067      1.839    12.6681  32.059527    26.8873      1.823  274.73129  274.87820    44.7739    11.3413 -9.990e-29
 126.488070      1.878    12.6682  32.056519    26.8861      1.861  274.73604  274.88298    44.6805    11.3898 0.0000e+00
 126.488073      1.909    12.6669  32.052932    26.8865      1.891  274.74814  274.89503    44.8984    11.4100 0.0000e+00
 126.488076      1.941    12.6645  32.052701    26.8857      1.924  274.75965  274.90638    44.8829    11.3656 0.0000e+00
 126.488079      1.969    12.6626  32.055710    26.8865      1.951  274.76254  274.90913    42.2369    11.0502 -9.990e-29
 126.488082      1.987    12.6631  32.058545    26.8928      1.969  274.75529  274.90188    42.3770    11.0623 -9.990e-29
 126.488084      2.004    12.6647  32.059759    26.8928      1.986  274.74618  274.89286    42.5015    11.0178 -9.990e-29
 126.488087      2.016    12.6667  32.060685    26.8923      1.998  274.73568  274.88248    42.4860    11.0097 -9.990e-29
 126.488090      2.033    12.6680  32.059354    26.8901      2.014  274.73204  274.87895    45.3498    11.1836 -9.990e-29
 126.488093      2.058    12.6685  32.056346    26.8853      2.040  274.73520  274.88216    45.5054    11.1917 -9.990e-29
 126.488096      2.089    12.6674  32.053743    26.8841      2.070  274.74491  274.89183    45.3809    11.2038 0.0000e+00
 126.488099      2.122    12.6652  32.049520    26.8829      2.103  274.76226  274.90908    45.3342    11.1917 0.0000e+00
 126.488102      2.149    12.6620  32.046860    26.8828      2.130  274.78126  274.92789    46.9840    11.1674 0.0000e+00
 126.488105      2.180    12.6588  32.044257    26.8828      2.161  274.80016  274.94661    46.7194    11.3292 -9.990e-29
 126.488108      2.202    12.6559  32.041655    26.8822      2.183  274.81747  274.96376    46.5949    11.3170 -9.990e-29
 126.488111      2.231    12.6531  32.039862    26.8826      2.211  274.83335  274.97946    46.5482    11.3696 -9.990e-29
 126.488113      2.253    12.6504  32.036045    26.8798      2.233  274.85219  274.99817    46.9685    11.3413 -9.990e-29
 126.488116      2.279    12.6474  32.032575    26.8798      2.258  274.87137  275.01719    48.5871    11.8184 0.0000e+00
 126.488119      2.308    12.6442  32.029048    26.8798      2.287  274.89192  275.03756    48.6805    11.8508 -9.990e-29
 126.488122      2.332    12.6407  32.027198    26.8796      2.311  274.91075  275.05618    48.8984    11.8184 -9.990e-29
 126.488125      2.354    12.6378  32.025984    26.8805      2.333  274.92591  275.07116    48.6494    11.8063 -9.990e-29
 126.488128      2.375    12.6354  32.025811    26.8821      2.354  274.93699  275.08209    48.8517    11.7052 -9.990e-29
 126.488131      2.396    12.6341  32.025001    26.8822      2.374  274.94415  275.08917    48.7272    11.6931 -9.990e-29
 126.488134      2.421    12.6330  32.024192    26.8813      2.399  274.95036  275.09531    48.7584    11.6607 -9.990e-29
 126.488137      2.447    12.6320  32.022399    26.8814      2.425  274.95832  275.10322    48.7739    11.6931 0.0000e+00
 126.488139      2.481    12.6310  32.021821    26.8813      2.459  274.96381  275.10865    50.5327    11.8427 0.0000e+00
 126.488142      2.509    12.6299  32.020607    26.8811      2.486  274.97074  275.11552    50.5015    11.9114 0.0000e+00
 126.488145      2.541    12.6288  32.018815    26.8802      2.519  274.97902  275.12375    50.6261    11.9195 0.0000e+00
 126.488148      2.567    12.6272  32.017485    26.8801      2.544  274.98838  275.13302    50.3459    11.8346 0.0000e+00
 126.488151      2.596    12.6260  32.016155    26.8801      2.573  274.99615  275.14072    50.2214    11.8548 0.0000e+00
 126.488154      2.625    12.6247  32.016155    26.8802      2.602  275.00218  275.14667    49.4743    11.7659 0.0000e+00
 126.488157      2.655    12.6235  32.014999    26.8807      2.631  275.00933  275.15375    49.5366    11.7537 -9.990e-29
 126.488160      2.676    12.6229  32.016387    26.8821      2.653  275.00972  275.15409    49.2097    11.7497 -9.990e-29
 126.488163      2.697    12.6231  32.016965    26.8825      2.672  275.00775  275.15213    49.1941    11.7659 -9.990e-29
 126.488166      2.711    12.6237  32.019567    26.8845      2.687  275.00027  275.14466    47.2642    11.4505 -9.990e-29
 126.488168      2.732    12.6249  32.021823    26.8857      2.707  274.99119  275.13564    47.2642    11.4141 -9.990e-29
 126.488171      2.753    12.6271  32.027200    26.8891      2.729  274.97180  275.11634    47.3576    11.4343 -9.990e-29
 126.488174      2.777    12.6304  32.031248    26.8898      2.752  274.94972  275.09444    47.1552    11.4788 -9.990e-29
 126.488177      2.804    12.6343  32.033446    26.8888      2.779  274.92841  275.07336    48.4938    11.6971 0.0000e+00
 126.488180      2.832    12.6380  32.034082    26.8878      2.806  274.91115  275.05634    48.1980    11.6850 0.0000e+00
 126.488183      2.859    12.6400  32.033041    26.8854      2.834  274.90416  275.04949    48.4938    11.6971 0.0000e+00
 126.488186      2.890    12.6405  32.031421    26.8834      2.864  274.90453  275.04991    48.2759    11.6769 0.0000e+00
 126.488189      2.919    12.6401  32.029397    26.8827      2.893  274.91006  275.05543    45.8167    11.2766 0.0000e+00
 126.488192      2.949    12.6390  32.032231    26.8819      2.922  274.90978  275.05505    45.6766    11.3049 -9.990e-29
 126.488194      2.972    12.6395  32.036222    26.8886      2.946  274.90078  275.04604    45.9568    11.2766 -9.990e-29
 126.488197      2.996    12.6417  32.040849    26.8913      2.969  274.88242  275.02779    45.9257    11.2564 -9.990e-29
 126.488200      3.013    12.6453  32.041658    26.8895      2.986  274.86516  275.01075    45.8167    11.3089 -9.990e-29
 126.488203      3.031    12.6479  32.038882    26.8850      3.004  274.85841  275.00420    46.9996    11.3534 -9.990e-29
 126.488206      3.045    12.6479  32.034833    26.8813      3.018  274.86563  275.01146    47.0619    11.3777 -9.990e-29
 126.488209      3.069    12.6459  32.031421    26.8795      3.042  274.88059  275.02632    47.0619    11.3736 -9.990e-29
 126.488212      3.093    12.6435  32.030843    26.8801      3.065  274.89240  275.03798    46.8440    11.3575 -9.990e-29
 126.488215      3.124    12.6414  32.028646    26.8798      3.096  274.90552  275.05098    47.7934    11.6001 0.0000e+00
 126.488218      3.158    12.6393  32.026391    26.8795      3.130  274.91906  275.06441    47.7155    11.6001 0.0000e+00
 126.488220      3.191    12.6368  32.024425    26.8795      3.163  274.93398  275.07918    47.5910    11.5718 0.0000e+00
 126.488223      3.222    12.6347  32.022401    26.8791      3.193  274.94679  275.09188    47.8245    11.5071 0.0000e+00
 126.488226      3.250    12.6323  32.019799    26.8787      3.221  274.96190  275.10685    47.2486    11.5920 0.0000e+00
 126.488229      3.279    12.6300  32.018412    26.8785      3.249  274.97484  275.11966    47.2331    11.5677 0.0000e+00
 126.488232      3.308    12.6279  32.018008    26.8787      3.278  274.98476  275.12945    47.1864    11.5556 -9.990e-29
 126.488235      3.332    12.6266  32.019164    26.8818      3.302  274.98873  275.13332    47.0619    11.5799 -9.990e-29
 126.488238      3.354    12.6263  32.020610    26.8834      3.324  274.98743  275.13198    48.1980    11.5233 -9.990e-29
 126.488241      3.377    12.6269  32.021420    26.8837      3.347  274.98347  275.12805    48.1358    11.5313 -9.990e-29
 126.488244      3.395    12.6280  32.021882    26.8833      3.365  274.97759  275.12224    48.4315    11.5192 -9.990e-29
 126.488247      3.417    12.6290  32.025005    26.8855      3.387  274.96761  275.11229    48.2603    11.6001 -9.990e-29
 126.488249      3.441    12.6306  32.029631    26.8886      3.410  274.95209  275.09684    48.0424    11.5233 -9.990e-29
 126.488252      3.467    12.6337  32.032060    26.8887      3.436  274.93416  275.07909    49.6455    11.4303 -9.990e-29
 126.488255      3.492    12.6365  32.027202    26.8784      3.461  274.93050  275.07565    49.9257    11.4343 -9.990e-29
 126.488258      3.520    12.6366  32.023212    26.8768      3.488  274.93699  275.08220    49.8478    11.4141 0.0000e+00
 126.488261      3.547    12.6345  32.018008    26.8751      3.515  274.95579  275.10090    49.9724    11.4343 0.0000e+00
 126.488264      3.574    12.6309  32.014770    26.8746      3.542  274.97741  275.12232    51.8712    11.8063 0.0000e+00
 126.488267      3.603    12.6272  32.011186    26.8739      3.571  275.00029  275.14499    51.8712    11.8791 0.0000e+00
 126.488270      3.631    12.6239  32.008584    26.8738      3.598  275.01951  275.16403    51.6689    11.8346 0.0000e+00
 126.488273      3.657    12.6207  32.007544    26.8738      3.624  275.03564  275.17995    51.9334    11.7821 -9.990e-29
