Processed/SBE19plus_01907321_2022_05_04_Cast21_wfilter.cnv
* Sea-Bird SBE19plus  Data File:
* FileName = E:\Prandtl Daten\2022\CTD\Raw\SBE19plus_01907321_2022_05_04_Cast21.hex
* Software version 2.6.1.12
* Temperature SN = 7321
* Conductivity SN = 7321
* System UpLoad Time = May 04 2022 13:58:17
* <ApplicationData>
* <Seaterm232>
** Messpraktikum 2022
** CTD 04.05 BE
# nquan = 11
# nvalues = 750                         
# units = specified
# name 0 = timeJ: Julian Days
# name 1 = prdM: Pressure, Strain Gauge [db]
# name 2 = tv290C: Temperature [ITS-90, deg C]
# name 3 = c0mS/cm: Conductivity [mS/cm]
# name 4 = sal00: Salinity, Practical [PSU]
# name 5 = depSM: Depth [salt water, m], lat = 54.00
# name 6 = oxsatMm/Kg: Oxygen Saturation, Weiss [umol/kg]
# name 7 = oxsolMm/Kg: Oxygen Saturation, Garcia & Gordon [umol/kg]
# name 8 = turbWETntu0: Turbidity, WET Labs ECO [NTU]
# name 9 = flECO-AFL: Fluorescence, WET Labs ECO-AFL/FL [mg/m^3]
# name 10 = flag:  0.000e+00
# span 0 = 124.576525, 124.578692       
# span 1 =      0.523,     19.258       
# span 2 =    12.2850,    12.3929       
# span 3 =  31.914939,  31.979526       
# span 4 =    27.0024,    27.0281       
# span 5 =      0.518,     19.085       
# span 6 =  276.10529,  276.70758       
# span 7 =  276.23478,  276.83046       
# span 8 =    16.4315,   312.7584       
# span 9 =     7.2977,    22.9263       
# span 10 = 0.0000e+00, 0.0000e+00      
# interval = seconds: 0.25
# start_time = May 04 2022 13:48:50 [Instrument's time stamp, header]
# bad_flag = -9.990e-29
*END*
 124.576525      0.523    12.3590  31.954098    27.0137      0.518  276.29875  276.42620    17.7700     8.8868 -9.990e-29
 124.576528      0.546    12.3599  31.953867    27.0120      0.541  276.29476  276.42227    17.8012     8.8585 -9.990e-29
 124.576531      0.579    12.3607  31.953694    27.0142      0.574  276.29162  276.41918    17.8323     8.8585 0.0000e+00
 124.576534      0.627    12.3609  31.958490    27.0140      0.621  276.28235  276.40987    17.7545     8.8747 0.0000e+00
 124.576536      0.670    12.3631  31.957681    27.0152      0.664  276.27372  276.40141    18.3459     8.4016 0.0000e+00
 124.576539      0.705    12.3648  31.957854    27.0140      0.698  276.26584  276.39364    18.2525     8.4339 -9.990e-29
 124.576542      0.728    12.3657  31.956467    27.0110      0.722  276.26457  276.39244    18.4082     8.4016 -9.990e-29
 124.576545      0.745    12.3653  31.956294    27.0111      0.738  276.26648  276.39432    18.3459     8.4339 -9.990e-29
 124.576548      0.762    12.3650  31.963286    27.0178      0.755  276.25512  276.38288    18.2214     8.4137 -9.990e-29
 124.576551      0.784    12.3687  31.969180    27.0207      0.777  276.22804  276.35599    17.5988     7.6292 -9.990e-29
 124.576554      0.804    12.3743  31.967908    27.0154      0.797  276.20506  276.33340    17.6455     7.6495 -9.990e-29
 124.576557      0.829    12.3777  31.966058    27.0113      0.822  276.19324  276.32183    17.6299     7.6333 -9.990e-29
 124.576560      0.851    12.3783  31.965885    27.0107      0.843  276.19104  276.31967    17.6611     7.6535 -9.990e-29
 124.576562      0.873    12.3785  31.970682    27.0150      0.865  276.18145  276.31004    17.1630     7.4432 -9.990e-29
 124.576565      0.897    12.3807  31.973513    27.0141      0.889  276.16655  276.29526    17.0852     7.4473 -9.990e-29
 124.576568      0.934    12.3836  31.973686    27.0114      0.925  276.15330  276.28220    17.0074     7.4715 0.0000e+00
 124.576571      0.968    12.3856  31.969468    27.0109      0.959  276.15177  276.28085    17.1319     7.4473 0.0000e+00
 124.576574      1.002    12.3846  31.971086    27.0109      0.993  276.15330  276.28230    16.5560     7.3179 0.0000e+00
 124.576577      1.031    12.3841  31.974322    27.0127      1.022  276.15000  276.27893    16.5560     7.2977 0.0000e+00
 124.576580      1.059    12.3856  31.976519    27.0144      1.049  276.13910  276.26811    16.5093     7.3098 -9.990e-29
 124.576583      1.079    12.3879  31.974496    27.0118      1.069  276.13265  276.26183    16.5716     7.3543 -9.990e-29
 124.576586      1.099    12.3886  31.973975    27.0108      1.089  276.13044  276.25968    17.8323     7.5322 -9.990e-29
 124.576589      1.117    12.3884  31.973282    27.0103      1.107  276.13265  276.26188    17.7545     7.5120 -9.990e-29
 124.576591      1.132    12.3884  31.977096    27.0138      1.121  276.12578  276.25497    17.8634     7.4796 -9.990e-29
 124.576594      1.151    12.3897  31.978715    27.0144      1.141  276.11686  276.24613    17.8012     7.4998 -9.990e-29
 124.576597      1.172    12.3915  31.977096    27.0116      1.161  276.11190  276.24129    17.7233     7.5322 -9.990e-29
 124.576600      1.194    12.3921  31.975709    27.0070      1.183  276.11188  276.24133    17.5521     7.6454 -9.990e-29
 124.576603      1.219    12.3911  31.971895    27.0083      1.208  276.12321  276.25263    17.5988     7.6575 0.0000e+00
 124.576606      1.251    12.3886  31.972704    27.0095      1.239  276.13284  276.26209    17.5521     7.6414 0.0000e+00
 124.576609      1.289    12.3872  31.973514    27.0113      1.278  276.13772  276.26687    17.5210     7.6131 0.0000e+00
 124.576612      1.324    12.3873  31.975710    27.0129      1.312  276.13347  276.26260    18.3615     7.4432 0.0000e+00
 124.576615      1.356    12.3883  31.976115    27.0130      1.344  276.12802  276.25721    18.2525     7.4473 0.0000e+00
 124.576617      1.389    12.3892  31.976924    27.0129      1.377  276.12278  276.25203    18.1747     7.4271 0.0000e+00
 124.576620      1.418    12.3901  31.977328    27.0129      1.405  276.11796  276.24727    18.1903     7.4594 0.0000e+00
 124.576623      1.444    12.3907  31.974150    27.0127      1.431  276.12087  276.25025    18.0035     7.4554 -9.990e-29
 124.576626      1.464    12.3894  31.969469    27.0058      1.451  276.13502  276.26436    17.9257     7.4473 -9.990e-29
 124.576629      1.484    12.3859  31.965482    27.0046      1.471  276.15804  276.28719    18.0657     7.4756 -9.990e-29
 124.576632      1.502    12.3813  31.964904    27.0074      1.489  276.17965  276.30849    18.0191     7.4473 -9.990e-29
 124.576635      1.519    12.3782  31.963865    27.0086      1.505  276.19545  276.32410    16.5249     7.5281 -9.990e-29
 124.576638      1.535    12.3760  31.962305    27.0088      1.521  276.20840  276.33691    16.4315     7.4958 -9.990e-29
 124.576641      1.553    12.3742  31.967101    27.0145      1.539  276.20765  276.33599    16.5093     7.4877 -9.990e-29
 124.576644      1.575    12.3753  31.969702    27.0151      1.561  276.19791  276.32630    16.6650     7.5079 -9.990e-29
 124.576646      1.601    12.3781  31.970684    27.0145      1.586  276.18382  276.31239    16.5871     7.5160 0.0000e+00
 124.576649      1.635    12.3803  31.971088    27.0138      1.621  276.17300  276.30171    16.9296     7.5928 0.0000e+00
 124.576652      1.672    12.3820  31.971493    27.0130      1.657  276.16471  276.29353    16.9296     7.5969 0.0000e+00
 124.576655      1.705    12.3830  31.971493    27.0130      1.689  276.16030  276.28919    16.7895     7.5848 0.0000e+00
 124.576658      1.737    12.3841  31.974093    27.0138      1.722  276.15057  276.27951    16.9296     7.5767 0.0000e+00
 124.576661      1.765    12.3856  31.975307    27.0139      1.749  276.14208  276.27110    18.7194     7.6939 0.0000e+00
 124.576664      1.796    12.3871  31.977908    27.0140      1.780  276.13045  276.25955    18.7973     7.7020 -9.990e-29
 124.576667      1.816    12.3893  31.979526    27.0152      1.800  276.11774  276.24697    18.7506     7.7222 -9.990e-29
 124.576670      1.835    12.3914  31.979526    27.0137      1.818  276.10827  276.23764    18.8284     7.6858 -9.990e-29
 124.576672      1.849    12.3929  31.977503    27.0107      1.833  276.10529  276.23478    19.3264     8.3328 -9.990e-29
 124.576675      1.866    12.3928  31.973920    27.0074      1.849  276.11240  276.24192    19.2953     8.3733 -9.990e-29
 124.576678      1.882    12.3905  31.969701    27.0024      1.865  276.13014  276.25955    19.2175     8.3328 -9.990e-29
 124.576681      1.908    12.3864  31.963692    27.0032      1.891  276.15934  276.28854    19.2331     8.3369 0.0000e+00
 124.576684      1.935    12.3803  31.960687    27.0040      1.917  276.19198  276.32080    19.7311     8.6118 0.0000e+00
 124.576687      1.971    12.3745  31.958088    27.0057      1.954  276.22263  276.35109    19.7622     8.6361 0.0000e+00
 124.576690      2.004    12.3702  31.957684    27.0074      1.986  276.24299  276.37115    19.8712     8.6321 0.0000e+00
 124.576693      2.039    12.3675  31.954507    27.0085      2.020  276.26077  276.38878    19.8556     8.6078 0.0000e+00
 124.576696      2.070    12.3639  31.953467    27.0082      2.051  276.27879  276.40658    19.7000     8.6118 0.0000e+00
 124.576698      2.098    12.3609  31.953178    27.0090      2.080  276.29293  276.42052    20.0424     8.0821 -9.990e-29
 124.576701      2.120    12.3594  31.953294    27.0121      2.101  276.29937  276.42686    19.9646     8.1185 -9.990e-29
 124.576704      2.142    12.3587  31.951850    27.0112      2.123  276.30485  276.43230    20.0268     8.0983 -9.990e-29
 124.576707      2.160    12.3574  31.950463    27.0108      2.141  276.31337  276.44075    19.9490     8.0619 -9.990e-29
 124.576710      2.179    12.3558  31.949886    27.0115      2.159  276.32170  276.44898    21.1319     8.7655 -9.990e-29
 124.576713      2.199    12.3542  31.949251    27.0120      2.179  276.33014  276.45731    20.9762     8.8140 -9.990e-29
 124.576716      2.217    12.3530  31.947460    27.0112      2.197  276.33845  276.46556    20.8206     8.8302 -9.990e-29
 124.576719      2.241    12.3512  31.945900    27.0116      2.221  276.34950  276.47651    20.9296     8.8100 -9.990e-29
 124.576722      2.268    12.3494  31.945092    27.0121      2.248  276.35921  276.48610    20.8206     8.8504 0.0000e+00
 124.576725      2.298    12.3475  31.944861    27.0124      2.277  276.36818  276.49495    20.8206     8.8625 0.0000e+00
 124.576727      2.325    12.3460  31.943474    27.0127      2.304  276.37703  276.50372    20.7272     8.8747 0.0000e+00
 124.576730      2.358    12.3445  31.943070    27.0131      2.337  276.38474  276.51133    20.7584     8.8585 0.0000e+00
 124.576733      2.388    12.3431  31.942262    27.0134      2.366  276.39255  276.51905    20.5716     8.8625 0.0000e+00
 124.576736      2.415    12.3422  31.943302    27.0142      2.394  276.39448  276.52091    20.5093     8.4865 0.0000e+00
 124.576739      2.443    12.3422  31.942898    27.0150      2.421  276.39555  276.52198    20.4471     8.5027 -9.990e-29
 124.576742      2.468    12.3424  31.942898    27.0145      2.446  276.39461  276.52106    20.5249     8.4946 -9.990e-29
 124.576745      2.494    12.3424  31.942089    27.0136      2.472  276.39578  276.52224    20.6338     8.4865 -9.990e-29
 124.576748      2.519    12.3417  31.942089    27.0142      2.497  276.39927  276.52568    21.1319     9.1416 -9.990e-29
 124.576751      2.539    12.3412  31.941858    27.0143      2.517  276.40160  276.52799    21.1941     9.1658 -9.990e-29
 124.576753      2.560    12.3407  31.941049    27.0139      2.537  276.40561  276.53196    21.2564     9.1496 -9.990e-29
 124.576756      2.578    12.3399  31.940645    27.0141      2.555  276.40983  276.53614    21.3654     9.2184 -9.990e-29
 124.576759      2.600    12.3389  31.940068    27.0143      2.576  276.41563  276.54187    20.5560     9.1133 -9.990e-29
 124.576762      2.625    12.3381  31.939894    27.0151      2.602  276.41913  276.54532    20.4626     9.1173 -9.990e-29
 124.576765      2.652    12.3374  31.939895    27.0149      2.629  276.42231  276.54845    20.4782     9.1133 0.0000e+00
 124.576768      2.683    12.3369  31.939086    27.0149      2.659  276.42600  276.55213    20.5560     9.0890 0.0000e+00
 124.576771      2.711    12.3364  31.938855    27.0149      2.686  276.42897  276.55506    20.7272     8.8625 0.0000e+00
 124.576774      2.745    12.3355  31.938451    27.0150      2.720  276.43352  276.55955    20.8206     8.8747 0.0000e+00
 124.576777      2.774    12.3349  31.938278    27.0151      2.749  276.43670  276.56269    20.7428     8.8828 -9.990e-29
 124.576780      2.797    12.3343  31.937873    27.0155      2.772  276.44029  276.56624    20.8984     8.8585 -9.990e-29
 124.576782      2.825    12.3338  31.937354    27.0153      2.799  276.44346  276.56939    20.8050     8.8504 -9.990e-29
 124.576785      2.848    12.3334  31.937700    27.0160      2.823  276.44475  276.57064    20.7895     8.9919 -9.990e-29
 124.576788      2.870    12.3331  31.937065    27.0156      2.844  276.44718  276.57306    20.8829     8.9555 -9.990e-29
 124.576791      2.886    12.3328  31.937470    27.0161      2.860  276.44772  276.57358    20.6650     8.9636 -9.990e-29
 124.576794      2.904    12.3326  31.936661    27.0155      2.879  276.44983  276.57569    20.7895     8.9717 -9.990e-29
 124.576797      2.915    12.3324  31.937296    27.0162      2.889  276.44964  276.57547    21.7700     9.4772 -9.990e-29
 124.576800      2.943    12.3323  31.937065    27.0161      2.916  276.45070  276.57653    21.7233     9.5095 -9.990e-29
 124.576803      2.966    12.3322  31.936083    27.0156      2.940  276.45281  276.57865    21.7233     9.5176 -9.990e-29
 124.576806      2.997    12.3322  31.936488    27.0159      2.970  276.45210  276.57793    21.7700     9.4934 0.0000e+00
 124.576808      3.028    12.3323  31.937066    27.0161      3.001  276.45076  276.57659    21.4899     9.2548 0.0000e+00
 124.576811      3.059    12.3322  31.937470    27.0164      3.032  276.45068  276.57650    21.3342     9.2265 0.0000e+00
 124.576814      3.088    12.3321  31.937297    27.0165      3.060  276.45133  276.57714    21.4899     9.2224 0.0000e+00
 124.576817      3.121    12.3319  31.937297    27.0164      3.093  276.45198  276.57779    21.5366     9.2346 0.0000e+00
 124.576820      3.152    12.3319  31.935680    27.0158      3.124  276.45493  276.58075    21.5366     8.5835 0.0000e+00
 124.576823      3.181    12.3317  31.936026    27.0150      3.153  276.45559  276.58139    21.4587     8.5916 -9.990e-29
 124.576826      3.205    12.3310  31.936258    27.0162      3.177  276.45835  276.58410    21.5210     8.6159 -9.990e-29
 124.576829      3.225    12.3306  31.936258    27.0164      3.196  276.45994  276.58567    21.5210     8.6240 -9.990e-29
 124.576832      3.244    12.3305  31.936258    27.0165      3.215  276.46027  276.58599    21.4743     8.6199 -9.990e-29
 124.576834      3.264    12.3304  31.936662    27.0170      3.235  276.46019  276.58589    21.7233     9.1537 -9.990e-29
 124.576837      3.290    12.3305  31.936258    27.0165      3.260  276.46062  276.58634    21.7233     9.1416 -9.990e-29
 124.576840      3.310    12.3307  31.936085    27.0163      3.280  276.45968  276.58542    21.6922     9.1860 -9.990e-29
 124.576843      3.337    12.3307  31.936258    27.0165      3.307  276.45939  276.58512    21.5988     9.1496 0.0000e+00
 124.576846      3.365    12.3310  31.936893    27.0166      3.334  276.45730  276.58305    24.1980     9.0445 0.0000e+00
 124.576849      3.397    12.3308  31.936663    27.0166      3.367  276.45838  276.58411    24.1980     9.0688 0.0000e+00
 124.576852      3.427    12.3309  31.936489    27.0164      3.396  276.45839  276.58414    24.1669     9.0324 0.0000e+00
 124.576855      3.453    12.3307  31.936258    27.0164      3.422  276.45978  276.58551    24.1669     9.0243 0.0000e+00
 124.576858      3.485    12.3306  31.936663    27.0163      3.454  276.45938  276.58511    21.3031     8.8949 -9.990e-29
 124.576861      3.509    12.3303  31.935681    27.0161      3.478  276.46276  276.58847    21.2253     8.8949 -9.990e-29
 124.576863      3.533    12.3295  31.935450    27.0163      3.501  276.46636  276.59202    21.2408     8.8342 -9.990e-29
 124.576866      3.555    12.3286  31.935450    27.0170      3.523  276.47048  276.59608    21.2253     8.8625 -9.990e-29
 124.576869      3.569    12.3282  31.935450    27.0173      3.537  276.47239  276.59796    23.2331     9.3195 -9.990e-29
 124.576872      3.587    12.3279  31.934699    27.0168      3.555  276.47502  276.60059    23.1397     9.2790 -9.990e-29
 124.576875      3.607    12.3274  31.935277    27.0177      3.575  276.47620  276.60173    23.0774     9.2871 -9.990e-29
 124.576878      3.632    12.3271  31.935277    27.0184      3.600  276.47780  276.60330    23.2019     9.2912 -9.990e-29
 124.576881      3.658    12.3269  31.935682    27.0183      3.625  276.47804  276.60352    23.2331     9.2750 0.0000e+00
 124.576884      3.692    12.3269  31.935277    27.0181      3.659  276.47879  276.60428    24.3537     9.1779 0.0000e+00
 124.576887      3.723    12.3264  31.934873    27.0180      3.690  276.48176  276.60721    24.3226     9.1416 0.0000e+00
 124.576889      3.758    12.3259  31.934469    27.0180      3.724  276.48472  276.61015    24.2447     9.1537 0.0000e+00
 124.576892      3.787    12.3252  31.935278    27.0186      3.753  276.48613  276.61150    24.2292     9.1456 0.0000e+00
 124.576895      3.818    12.3251  31.935105    27.0192      3.783  276.48709  276.61246    21.4276     8.6159 -9.990e-29
 124.576898      3.843    12.3254  31.934874    27.0187      3.809  276.48626  276.61165    21.5210     8.5997 -9.990e-29
 124.576901      3.869    12.3253  31.934701    27.0186      3.834  276.48691  276.61230    21.4899     8.6240 -9.990e-29
