Processed/SBE19plus_01907321_2022_05_06_Cast44_wfilter.cnv
* Sea-Bird SBE19plus  Data File:
* FileName = E:\Prandtl Daten\2022\CTD\Raw\SBE19plus_01907321_2022_05_06_Cast44.hex
* Software version 2.6.1.12
* Temperature SN = 7321
* Conductivity SN = 7321
* System UpLoad Time = May 06 2022 09:56:03
* <ApplicationData>
* <Seaterm232>
** Messpraktikum 2022
** CTD 06.05 KFN
** NMEA Latitude = 54 06.200 N
** NMEA Longitude = 008 36.258 E
# nquan = 11
# nvalues = 451                         
# units = specified
# name 0 = timeJ: Julian Days
# name 1 = prdM: Pressure, Strain Gauge [db]
# name 2 = tv290C: Temperature [ITS-90, deg C]
# name 3 = c0mS/cm: Conductivity [mS/cm]
# name 4 = sal00: Salinity, Practical [PSU]
# name 5 = depSM: Depth [salt water, m], lat = 54.00
# name 6 = oxsatMm/Kg: Oxygen Saturation, Weiss [umol/kg]
# name 7 = oxsolMm/Kg: Oxygen Saturation, Garcia & Gordon [umol/kg]
# name 8 = turbWETntu0: Turbidity, WET Labs ECO [NTU]
# name 9 = flECO-AFL: Fluorescence, WET Labs ECO-AFL/FL [mg/m^3]
# name 10 = flag:  0.000e+00
# span 0 = 126.409320, 126.410622       
# span 1 =      0.756,     13.442       
# span 2 =    11.9990,    12.1021       
# span 3 =  31.515624,  31.745741       
# span 4 =    26.8093,    27.0708       
# span 5 =      0.750,     13.322       
# span 6 =  278.20255,  278.47973       
# span 7 =  278.31682,  278.58904       
# span 8 =    13.0385,    20.8362       
# span 9 =     7.2249,    10.4840       
# span 10 = 0.0000e+00, 0.0000e+00      
# interval = seconds: 0.25
# start_time = May 06 2022 09:48:13 [Instrument's time stamp, header]
# bad_flag = -9.990e-29
*END*
[from data line 394]
 126.410460     12.054    11.9994  31.697513    27.0281     11.946  278.39686  278.50248    15.0930     7.6980 0.0000e+00
 126.410463     12.082    11.9994  31.698493    27.0280     11.973  278.39507  278.50068    14.8440     7.6737 -9.990e-29
 126.410466     12.107    11.9995  31.705463    27.0355     11.998  278.38194  278.48748    15.0152     7.8193 -9.990e-29
 126.410469     12.131    11.9993  31.707248    27.0373     12.022  278.37962  278.48512    14.9685     7.8435 -9.990e-29
 126.410472     12.155    11.9992  31.705232    27.0355     12.046  278.38398  278.48950    15.0307     7.8233 -9.990e-29
 126.410475     12.176    11.9990  31.704829    27.0359     12.067  278.38537  278.49088    15.1864     7.8395 -9.990e-29
 126.410477     12.202    11.9991  31.705636    27.0361     12.093  278.38358  278.48909    14.6883     7.6414 0.0000e+00
 126.410480     12.231    11.9992  31.706212    27.0359     12.121  278.38191  278.48742    14.7973     7.6333 0.0000e+00
 126.410483     12.264    11.9992  31.705578    27.0363     12.154  278.38342  278.48893    14.6727     7.6373 0.0000e+00
 126.410486     12.300    11.9992  31.707825    27.0376     12.190  278.37930  278.48479    14.6727     7.6131 0.0000e+00
 126.410489     12.339    11.9992  31.707595    27.0379     12.228  278.37944  278.48493    14.1903     7.5726 0.0000e+00
 126.410492     12.373    11.9992  31.708401    27.0383     12.262  278.37798  278.48346    13.9879     7.5645 0.0000e+00
 126.410495     12.408    11.9992  31.708401    27.0384     12.297  278.37832  278.48380    14.1280     7.5605 0.0000e+00
 126.410498     12.442    11.9990  31.708805    27.0389     12.331  278.37823  278.48370    14.1591     7.5564 0.0000e+00
 126.410501     12.471    11.9992  31.709381    27.0391     12.360  278.37656  278.48203    16.1513     7.6292 0.0000e+00
 126.410503     12.497    11.9992  31.710015    27.0393     12.385  278.37509  278.48056    16.0268     7.6211 -9.990e-29
 126.410506     12.519    11.9992  31.710994    27.0407     12.407  278.37330  278.47876    16.0891     7.6373 -9.990e-29
 126.410509     12.541    11.9993  31.713759    27.0433     12.428  278.36791  278.47334    16.1047     7.6454 -9.990e-29
 126.410512     12.557    11.9994  31.716179    27.0455     12.445  278.36283  278.46825    16.1669     7.6373 -9.990e-29
 126.410515     12.585    11.9995  31.715949    27.0452     12.472  278.36296  278.46838    16.8362     8.1064 -9.990e-29
 126.410518     12.610    11.9995  31.714969    27.0474     12.497  278.36478  278.47021    16.8206     8.1064 -9.990e-29
 126.410521     12.641    11.9995  31.718368    27.0481     12.528  278.35854  278.46394    16.8517     8.0983 0.0000e+00
 126.410524     12.670    11.9996  31.719924    27.0488     12.557  278.35506  278.46046    16.8206     8.0862 0.0000e+00
 126.410527     12.705    11.9997  31.722690    27.0513     12.591  278.34968  278.45505    17.3187     8.1630 0.0000e+00
 126.410530     12.739    11.9999  31.725110    27.0535     12.625  278.34461  278.44996    17.3187     8.1670 0.0000e+00
 126.410532     12.776    12.0001  31.725859    27.0540     12.662  278.34231  278.44767    17.2564     8.1226 0.0000e+00
 126.410535     12.816    12.0003  31.726493    27.0543     12.701  278.34022  278.44559    17.2875     8.1590 0.0000e+00
 126.410538     12.851    12.0005  31.726493    27.0545     12.736  278.33929  278.44467    17.4899     7.9568 0.0000e+00
 126.410541     12.882    12.0008  31.728682    27.0552     12.767  278.33370  278.43908    17.6299     7.9568 0.0000e+00
 126.410544     12.909    12.0010  31.731448    27.0561     12.794  278.32768  278.43304    17.5054     7.9487 -9.990e-29
 126.410547     12.928    12.0012  31.732428    27.0594     12.812  278.32525  278.43062    17.5366     7.9729 -9.990e-29
 126.410550     12.948    12.0013  31.730065    27.0570     12.832  278.32898  278.43438    17.1163     8.3652 -9.990e-29
 126.410553     12.970    12.0014  31.728049    27.0549     12.854  278.33239  278.43782    17.0852     8.3652 -9.990e-29
 126.410556     12.997    12.0011  31.727646    27.0554     12.881  278.33442  278.43983    17.0074     8.3409 0.0000e+00
 126.410558     13.023    12.0013  31.728856    27.0559     12.906  278.33126  278.43668    17.1008     8.3733 0.0000e+00
 126.410561     13.059    12.0013  31.729835    27.0563     12.942  278.32948  278.43489    17.0852     8.3409 0.0000e+00
 126.410564     13.096    12.0015  31.729432    27.0568     12.978  278.32962  278.43503    20.3381     8.1711 0.0000e+00
 126.410567     13.128    12.0015  31.731449    27.0582     13.011  278.32592  278.43132    20.3381     8.1590 0.0000e+00
 126.410570     13.165    12.0016  31.732256    27.0588     13.047  278.32383  278.42923    20.2447     8.1266 0.0000e+00
 126.410573     13.194    12.0016  31.734618    27.0597     13.076  278.31950  278.42487    20.3070     8.1306 0.0000e+00
 126.410576     13.225    12.0018  31.733408    27.0604     13.107  278.32080  278.42620    18.1436     8.0376 0.0000e+00
 126.410579     13.252    12.0019  31.735598    27.0597     13.134  278.31615  278.42154    18.0035     8.0376 -9.990e-29
 126.410582     13.276    12.0021  31.736405    27.0624     13.157  278.31405  278.41944    18.0191     8.0336 -9.990e-29
 126.410584     13.298    12.0022  31.737788    27.0636     13.179  278.31120  278.41658    18.0657     8.0093 -9.990e-29
 126.410587     13.327    12.0023  31.736808    27.0626     13.208  278.31239  278.41779    18.9840     8.2277 -9.990e-29
 126.410590     13.349    12.0022  31.736405    27.0614     13.230  278.31347  278.41887    19.1864     8.2317 -9.990e-29
 126.410593     13.378    12.0023  31.735599    27.0614     13.258  278.31466  278.42007    18.9996     8.2277 0.0000e+00
 126.410596     13.431    12.0022  31.734619    27.0614     13.311  278.31713  278.42254    19.0619     8.2277 -9.990e-29
 126.410599     13.438    12.0022  31.734446    27.0604     13.318  278.31745  278.42287    19.4665     8.0781 -9.990e-29
 126.410602     13.433    12.0022  31.740555    27.0661     13.313  278.30589  278.41124    19.6222     8.0740 -9.990e-29
 126.410605     13.438    12.0024  31.743551    27.0688     13.318  278.29942  278.40476    19.4976     8.0983 -9.990e-29
 126.410608     13.440    12.0024  31.742572    27.0679     13.320  278.30123  278.40658    19.5755     8.0902 -9.990e-29
 126.410611     13.436    12.0026  31.742744    27.0679     13.316  278.30028  278.40563    19.4665     8.0943 -9.990e-29
 126.410613     13.440    12.0026  31.744185    27.0693     13.320  278.29763  278.40296    20.8050     8.0781 -9.990e-29
 126.410616     13.437    12.0025  31.743782    27.0689     13.316  278.29868  278.40402    20.8362     8.0781 -9.990e-29
 126.410619     13.438    12.0025  31.744762    27.0699     13.318  278.29688  278.40221    20.6650     8.0943 -9.990e-29
 126.410622     13.442    12.0025  31.745741    27.0708     13.322  278.29508  278.40040    20.6961     8.1306 -9.990e-29
