Processed/SBE19plus_01907321_2022_05_05_Cast29_wfilter.cnv
* Sea-Bird SBE19plus  Data File:
* FileName = E:\Prandtl Daten\2022\CTD\Raw\SBE19plus_01907321_2022_05_05_Cast29.hex
* Software version 2.6.1.12
* Temperature SN = 7321
* Conductivity SN = 7321
* System UpLoad Time = May 05 2022 10:05:19
* <ApplicationData>
* <Seaterm232>
** Messpraktikum 2022
** CTD 05.05 NP5
# nquan = 11
# nvalues = 436                         
# units = specified
# name 0 = timeJ: Julian Days
# name 1 = prdM: Pressure, Strain Gauge [db]
# name 2 = tv290C: Temperature [ITS-90, deg C]
# name 3 = c0mS/cm: Conductivity [mS/cm]
# name 4 = sal00: Salinity, Practical [PSU]
# name 5 = depSM: Depth [salt water, m], lat = 54.00
# name 6 = oxsatMm/Kg: Oxygen Saturation, Weiss [umol/kg]
# name 7 = oxsolMm/Kg: Oxygen Saturation, Garcia & Gordon [umol/kg]
# name 8 = turbWETntu0: Turbidity, WET Labs ECO [NTU]
# name 9 = flECO-AFL: Fluorescence, WET Labs ECO-AFL/FL [mg/m^3]
# name 10 = flag:  0.000e+00
# span 0 = 125.416438, 125.417697       
# span 1 =      0.594,     12.111       
# span 2 =    11.6583,    11.9287       
# span 3 =  32.063045,  32.331599       
# span 4 =    27.5633,    27.7409       
# span 5 =      0.589,     12.003       
# span 6 =  277.75307,  279.24445       
# span 7 =  277.84803,  279.32171       
# span 8 =     5.9101,    42.2369       
# span 9 =     4.2730,    11.0016       
# span 10 = 0.0000e+00, 0.0000e+00      
# interval = seconds: 0.25
# start_time = May 05 2022 09:58:20 [Instrument's time stamp, header]
# bad_flag = -9.990e-29
*END*
[from data line 132]
 125.416820      4.140    11.6632  32.065772    27.6264      4.103  279.23539  279.31302     8.2759     5.7732 -9.990e-29
 125.416823      4.160    11.6611  32.069301    27.6313      4.123  279.23820  279.31564     8.2759     5.8258 -9.990e-29
 125.416826      4.185    11.6589  32.071327    27.6369      4.148  279.24445  279.32171     7.6222     5.6195 -9.990e-29
 125.416829      4.216    11.6583  32.073121    27.6369      4.179  279.24362  279.32082     7.7467     5.5993 0.0000e+00
 125.416832      4.245    11.6583  32.073121    27.6369      4.207  279.24365  279.32084     7.9179     5.6600 0.0000e+00
 125.416834      4.277    11.6592  32.079775    27.6426      4.238  279.22714  279.30432     7.7622     5.6195 0.0000e+00
 125.416837      4.306    11.6612  32.082553    27.6437      4.268  279.21288  279.29018     9.4587     5.7651 0.0000e+00
 125.416840      4.335    11.6632  32.098642    27.6506      4.297  279.17403  279.25128     9.5366     5.7894 0.0000e+00
 125.416843      4.361    11.6674  32.097889    27.6576      4.322  279.15604  279.23361     9.4899     5.7530 -9.990e-29
 125.416846      4.383    11.6707  32.096210    27.6497      4.344  279.14448  279.22230     9.4120     5.7489 -9.990e-29
 125.416849      4.410    11.6725  32.098873    27.6508      4.371  279.13106  279.20899     8.3226     5.9996 -9.990e-29
 125.416852      4.434    11.6737  32.097252    27.6484      4.394  279.12879  279.20682     8.3537     6.0360 -9.990e-29
 125.416855      4.452    11.6746  32.106513    27.6565      4.412  279.10741  279.18540     8.2447     6.0199 -9.990e-29
 125.416858      4.474    11.6765  32.116586    27.6647      4.434  279.08014  279.15815     8.2914     5.9956 -9.990e-29
 125.416861      4.496    11.6800  32.121217    27.6599      4.456  279.05553  279.13375     7.5132     6.0522 -9.990e-29
 125.416863      4.525    11.6832  32.116759    27.6594      4.485  279.04949  279.12798     7.5288     6.0077 0.0000e+00
 125.416866      4.556    11.6844  32.116586    27.6599      4.515  279.04420  279.12279     7.4821     5.9794 0.0000e+00
 125.416869      4.587    11.6848  32.119191    27.6610      4.546  279.03779  279.11637     7.5599     6.0320 0.0000e+00
 125.416872      4.624    11.6850  32.121507    27.6630      4.582  279.03223  279.11081     7.4510     6.0360 0.0000e+00
 125.416875      4.655    11.6859  32.125849    27.6665      4.613  279.02038  279.09897     8.1980     5.6357 0.0000e+00
 125.416878      4.684    11.6874  32.128049    27.6670      4.643  279.00941  279.08808     8.1669     5.6236 0.0000e+00
 125.416881      4.712    11.6893  32.127876    27.6675      4.670  279.00099  279.07980     8.2759     5.6317 -9.990e-29
 125.416884      4.735    11.6903  32.128281    27.6655      4.693  278.99586  279.07474     8.3070     5.6317 -9.990e-29
 125.416887      4.763    11.6910  32.128686    27.6654      4.720  278.99200  279.07092     7.5599     5.8460 -9.990e-29
 125.416889      4.784    11.6912  32.127876    27.6644      4.741  278.99259  279.07154     7.5910     5.8177 -9.990e-29
 125.416892      4.804    11.6913  32.122838    27.6595      4.761  279.00139  279.08040     7.5910     5.8258 -9.990e-29
 125.416895      4.826    11.6917  32.131697    27.6677      4.783  278.98297  279.06192     7.6066     5.8258 -9.990e-29
 125.416898      4.846    11.6924  32.132450    27.6679      4.803  278.97876  279.05775     7.7934     5.8015 -9.990e-29
 125.416901      4.870    11.6935  32.132103    27.6667      4.827  278.97442  279.05349     7.8868     5.8217 -9.990e-29
 125.416904      4.894    11.6940  32.133319    27.6659      4.850  278.96966  279.04876     7.7155     5.8500 -9.990e-29
 125.416907      4.923    11.6942  32.131871    27.6664      4.879  278.97145  279.05057     7.7467     5.8419 0.0000e+00
 125.416910      4.956    11.6942  32.132682    27.6665      4.912  278.97027  279.04938     9.2253     5.7732 0.0000e+00
 125.416913      4.989    11.6940  32.132277    27.6668      4.944  278.97168  279.05078     9.2253     5.6074 0.0000e+00
 125.416916      5.020    11.6940  32.134535    27.6686      4.975  278.96748  279.04656     9.1786     5.6398 0.0000e+00
 125.416918      5.045    11.6944  32.135288    27.6690      5.000  278.96421  279.04331     9.3031     5.6155 0.0000e+00
 125.416921      5.071    11.6952  32.138415    27.6714      5.026  278.95495  279.03407     9.2875     5.6155 0.0000e+00
 125.416924      5.098    11.6965  32.141947    27.6726      5.053  278.94242  279.02160     8.7584     5.8379 0.0000e+00
 125.416927      5.124    11.6986  32.142990    27.6738      5.078  278.93111  279.01042     8.7584     5.7934 -9.990e-29
 125.416930      5.144    11.7004  32.142179    27.6711      5.098  278.92419  279.00364     8.7117     5.7975 -9.990e-29
 125.416933      5.162    11.7011  32.146580    27.6747      5.116  278.91285  278.99231     8.7428     5.8419 -9.990e-29
 125.416936      5.181    11.7031  32.152024    27.6806      5.134  278.89363  278.97316     9.2097     5.9390 -9.990e-29
 125.416939      5.206    11.7069  32.157294    27.6809      5.159  278.86660  278.94635     9.2253     5.9430 0.0000e+00
 125.416942      5.237    11.7108  32.160943    27.6806      5.190  278.84229  278.92228     9.2564     5.9471 0.0000e+00
 125.416944      5.266    11.7138  32.158163    27.6766      5.219  278.83373  278.91398     9.2253     5.9592 0.0000e+00
 125.416947      5.303    11.7148  32.159321    27.6766      5.255  278.82721  278.90752     8.7272     5.7692 0.0000e+00
 125.416950      5.341    11.7154  32.160712    27.6775      5.293  278.82214  278.90247     8.7584     5.7692 0.0000e+00
 125.416953      5.368    11.7162  32.162913    27.6790      5.320  278.81430  278.89466     8.7272     5.7732 0.0000e+00
 125.416956      5.396    11.7176  32.165172    27.6790      5.348  278.80385  278.88428     8.7272     5.7530 0.0000e+00
 125.416959      5.424    11.7193  32.164940    27.6793      5.375  278.79648  278.87704     8.8984     5.7206 0.0000e+00
 125.416962      5.451    11.7207  32.165577    27.6786      5.402  278.78905  278.86971     8.4938     5.6276 -9.990e-29
 125.416965      5.475    11.7208  32.164129    27.6767      5.426  278.79115  278.87183     8.6027     5.6317 -9.990e-29
 125.416968      5.494    11.7210  32.162623    27.6751      5.445  278.79303  278.87375     8.5093     5.6357 -9.990e-29
 125.416970      5.511    11.7200  32.161117    27.6744      5.461  278.80055  278.88120     8.5405     5.6276 -9.990e-29
 125.416973      5.525    11.7190  32.158916    27.6730      5.476  278.80904  278.88965     8.2603     6.1452 -9.990e-29
 125.416976      5.551    11.7181  32.160133    27.6748      5.501  278.81086  278.89139     8.2603     6.1493 -9.990e-29
 125.416979      5.571    11.7178  32.159727    27.6745      5.521  278.81319  278.89370     8.1047     6.1452 -9.990e-29
 125.416982      5.600    11.7172  32.159090    27.6749      5.550  278.81722  278.89769     8.4315     6.1129 0.0000e+00
 125.416985      5.626    11.7165  32.159322    27.6747      5.575  278.81993  278.90035     8.7895     5.9511 0.0000e+00
 125.416988      5.659    11.7161  32.158511    27.6747      5.608  278.82303  278.90344     8.7895     5.9228 0.0000e+00
 125.416991      5.693    11.7158  32.156484    27.6747      5.642  278.82840  278.90881     8.8206     5.9390 0.0000e+00
 125.416994      5.726    11.7154  32.158512    27.6745      5.675  278.82621  278.90656     8.7895     5.9713 0.0000e+00
 125.416997      5.761    11.7154  32.157701    27.6748      5.710  278.82806  278.90842     8.1513     5.6398 0.0000e+00
 125.416999      5.790    11.7152  32.158686    27.6745      5.738  278.82687  278.90721     8.3226     5.6115 -9.990e-29
 125.417002      5.812    11.7150  32.159497    27.6765      5.760  278.82631  278.90662     8.3848     5.6519 -9.990e-29
 125.417005      5.839    11.7152  32.156658    27.6736      5.787  278.83068  278.91105     8.2292     5.6195 -9.990e-29
 125.417008      5.857    11.7149  32.157296    27.6744      5.805  278.83107  278.91140     8.3070     5.6438 -9.990e-29
 125.417011      5.875    11.7146  32.156659    27.6740      5.823  278.83352  278.91384     8.2759     6.1654 -9.990e-29
 125.417014      5.892    11.7140  32.156080    27.6739      5.839  278.83743  278.91771     8.3226     6.1412 -9.990e-29
 125.417017      5.914    11.7136  32.157701    27.6755      5.861  278.83599  278.91622     8.2914     6.1614 -9.990e-29
 125.417020      5.945    11.7136  32.157470    27.6761      5.892  278.83644  278.91668     8.3848     6.1371 0.0000e+00
 125.417023      5.976    11.7136  32.158686    27.6766      5.922  278.83419  278.91442     8.8517     6.1371 0.0000e+00
 125.417025      6.016    11.7140  32.160308    27.6766      5.962  278.82963  278.90986     8.8050     6.1412 0.0000e+00
 125.417028      6.047    11.7146  32.158513    27.6779      5.993  278.83019  278.91048     8.7584     6.1533 0.0000e+00
 125.417031      6.080    11.7151  32.161293    27.6768      6.025  278.82283  278.90313     8.7272     6.1371 0.0000e+00
 125.417034      6.107    11.7161  32.160888    27.6770      6.052  278.81891  278.89929    11.7622     6.4566 0.0000e+00
 125.417037      6.134    11.7165  32.161293    27.6769      6.079  278.81661  278.89701    11.7000     6.4647 0.0000e+00
 125.417040      6.160    11.7161  32.164943    27.6770      6.105  278.81138  278.89172    11.7778     6.4202 -9.990e-29
 125.417043      6.180    11.7179  32.164769    27.6792      6.125  278.80359  278.88406    11.7622     6.4566 -9.990e-29
 125.417046      6.196    11.7192  32.162336    27.6759      6.140  278.80220  278.88279    11.9646     6.5455 -9.990e-29
 125.417049      6.211    11.7187  32.161293    27.6753      6.155  278.80665  278.88722    12.0113     6.5213 -9.990e-29
 125.417052      6.225    11.7176  32.161699    27.6764      6.170  278.81060  278.89108    11.9646     6.5213 -9.990e-29
 125.417054      6.248    11.7177  32.169983    27.6843      6.192  278.79485  278.87524    12.0891     6.5536 -9.990e-29
 125.417057      6.273    11.7201  32.172763    27.6831      6.217  278.77904  278.85957    12.0268     6.5375 -9.990e-29
 125.417060      6.302    11.7229  32.172821    27.6840      6.246  278.76613  278.84687    13.0696     7.0308 0.0000e+00
 125.417063      6.333    11.7247  32.176239    27.6850      6.277  278.75165  278.83247    13.1319     7.0914 0.0000e+00
 125.417066      6.368    11.7267  32.185741    27.6925      6.311  278.72488  278.80574    13.1941     7.0550 0.0000e+00
 125.417069      6.403    11.7305  32.192578    27.6962      6.345  278.69496  278.77602    13.0074     7.0672 0.0000e+00
 125.417072      6.434    11.7362  32.200690    27.6997      6.376  278.65421  278.73559    12.9607     6.6143 0.0000e+00
 125.417075      6.464    11.7418  32.206949    27.6997      6.407  278.61725  278.69896    13.0074     6.5941 0.0000e+00
 125.417078      6.492    11.7472  32.205094    27.6986      6.434  278.59633  278.67846    12.8517     6.5981 0.0000e+00
 125.417080      6.523    11.7503  32.211179    27.6957      6.464  278.57095  278.65323    12.8673     6.5900 -9.990e-29
 125.417083      6.542    11.7534  32.208745    27.6944      6.484  278.56112  278.64365    12.0424     6.3797 -9.990e-29
 125.417086      6.566    11.7544  32.210599    27.6955      6.507  278.55330  278.63589    12.0891     6.3959 -9.990e-29
 125.417089      6.585    11.7554  32.210773    27.6949      6.526  278.54861  278.63127    11.8556     6.4000 -9.990e-29
 125.417092      6.605    11.7565  32.218250    27.7012      6.546  278.52971  278.61235    12.0424     6.3878 -9.990e-29
 125.417095      6.630    11.7595  32.223931    27.6986      6.571  278.50571  278.58850    10.8595     6.6102 -9.990e-29
 125.417098      6.658    11.7635  32.221032    27.6977      6.598  278.49299  278.57611    10.8751     6.6021 0.0000e+00
 125.417101      6.690    11.7657  32.220858    27.6968      6.630  278.48333  278.56661    10.9218     6.6062 0.0000e+00
 125.417104      6.719    11.7658  32.217032    27.6931      6.659  278.49016  278.57349    10.9529     6.5900 0.0000e+00
 125.417106      6.748    11.7648  32.214598    27.6923      6.688  278.49909  278.58237    10.9996     6.5577 0.0000e+00
 125.417109      6.779    11.7633  32.211179    27.6915      6.719  278.51204  278.59526    12.7428     6.3959 -9.990e-29
 125.417112      6.801    11.7620  32.211759    27.6915      6.740  278.51723  278.60034    12.6805     6.4161 -9.990e-29
 125.417115      6.830    11.7608  32.211585    27.6915      6.769  278.52257  278.60561    12.7272     6.3878 0.0000e+00
 125.417118      6.856    11.7602  32.214715    27.6915      6.794  278.51958  278.60254    12.6805     6.3717 -9.990e-29
 125.417121      6.876    11.7605  32.214599    27.6946      6.814  278.51856  278.60154    12.2447     6.7962 -9.990e-29
 125.417124      6.900    11.7612  32.215005    27.6945      6.838  278.51469  278.59772    12.3070     6.8043 -9.990e-29
 125.417127      6.916    11.7620  32.219642    27.6983      6.854  278.50232  278.58535    12.2136     6.8124 -9.990e-29
 125.417130      6.936    11.7635  32.220048    27.6976      6.874  278.49502  278.57815    12.2603     6.8205 -9.990e-29
 125.417133      6.958    11.7649  32.221265    27.6954      6.896  278.48620  278.56942    13.1475     6.9742 -9.990e-29
 125.417135      6.989    11.7661  32.219874    27.6953      6.926  278.48350  278.56682    13.2408     6.9903 0.0000e+00
 125.417138      7.020    11.7667  32.220105    27.6954      6.957  278.48027  278.56364    13.1319     6.9782 0.0000e+00
 125.417141      7.054    11.7665  32.220859    27.6960      6.991  278.47983  278.56318    13.1786     6.9782 0.0000e+00
 125.417144      7.091    11.7667  32.221497    27.6965      7.027  278.47773  278.56108    12.8984     6.8852 0.0000e+00
 125.417147      7.120    11.7670  32.223120    27.6978      7.056  278.47348  278.55684    12.7895     6.8650 0.0000e+00
 125.417150      7.149    11.7682  32.226308    27.6989      7.085  278.46226  278.54566    12.7895     6.8529 0.0000e+00
 125.417153      7.177    11.7693  32.225961    27.7000      7.113  278.45792  278.54141    12.7117     6.8731 -9.990e-29
 125.417156      7.201    11.7703  32.225960    27.6980      7.136  278.45325  278.53681    12.7895     6.8407 -9.990e-29
 125.417159      7.228    11.7705  32.223178    27.6952      7.163  278.45751  278.54111    12.2292     6.7599 -9.990e-29
 125.417161      7.248    11.7703  32.224917    27.6971      7.183  278.45554  278.53910    12.1358     6.7194 -9.990e-29
 125.417164      7.270    11.7701  32.227352    27.6995      7.205  278.45165  278.53518    12.2292     6.7194 -9.990e-29
 125.417167      7.291    11.7708  32.230598    27.7020      7.225  278.44249  278.52604    12.2759     6.7194 -9.990e-29
 125.417170      7.308    11.7721  32.231410    27.7018      7.243  278.43506  278.51869    12.2292     6.6305 -9.990e-29
 125.417173      7.339    11.7737  32.233439    27.7025      7.273  278.42412  278.50784    12.2603     6.6749 -9.990e-29
 125.417176      7.363    11.7752  32.232395    27.6977      7.297  278.41920  278.50304    12.2914     6.6628 -9.990e-29
 125.417179      7.394    11.7755  32.229729    27.6976      7.328  278.42324  278.50713    12.2292     6.6830 0.0000e+00
 125.417182      7.423    11.7752  32.229149    27.6974      7.356  278.42559  278.50946    11.6689     6.3838 0.0000e+00
 125.417185      7.457    11.7747  32.227526    27.6974      7.391  278.43082  278.51468    11.7622     6.3878 0.0000e+00
 125.417188      7.492    11.7741  32.228744    27.6970      7.425  278.43108  278.51489    11.8556     6.4323 0.0000e+00
 125.417190      7.518    11.7738  32.231179    27.6977      7.451  278.42813  278.51189    11.7155     6.3838 -9.990e-29
 125.417193      7.540    11.7744  32.230193    27.6989      7.472  278.42717  278.51098    12.0580     6.6588 -9.990e-29
