Processed/SBE19plus_01907321_2022_05_04_Cast19_wfilter.cnv
* Sea-Bird SBE19plus  Data File:
* FileName = E:\Prandtl Daten\2022\CTD\Raw\SBE19plus_01907321_2022_05_04_Cast19.hex
* Software version 2.6.1.12
* Temperature SN = 7321
* Conductivity SN = 7321
* System UpLoad Time = May 04 2022 13:20:22
* <ApplicationData>
* <Seaterm232>
** Messpraktikum 2022
** CTD 04.05 BW2
# nquan = 11
# nvalues = 742                         
# units = specified
# name 0 = timeJ: Julian Days
# name 1 = prdM: Pressure, Strain Gauge [db]
# name 2 = tv290C: Temperature [ITS-90, deg C]
# name 3 = c0mS/cm: Conductivity [mS/cm]
# name 4 = sal00: Salinity, Practical [PSU]
# name 5 = depSM: Depth [salt water, m], lat = 54.00
# name 6 = oxsatMm/Kg: Oxygen Saturation, Weiss [umol/kg]
# name 7 = oxsolMm/Kg: Oxygen Saturation, Garcia & Gordon [umol/kg]
# name 8 = turbWETntu0: Turbidity, WET Labs ECO [NTU]
# name 9 = flECO-AFL: Fluorescence, WET Labs ECO-AFL/FL [mg/m^3]
# name 10 = flag:  0.000e+00
# span 0 = 124.549896, 124.552040       
# span 1 =      0.581,     17.829       
# span 2 =    11.9223,    12.0681       
# span 3 =  31.541257,  32.546987       
# span 4 =    26.9391,    27.7895       
# span 5 =      0.576,     17.669       
# span 6 =  276.60278,  279.02710       
# span 7 =  276.70297,  279.12901       
# span 8 =    27.8868,    73.6299       
# span 9 =     9.4044,    15.0170       
# span 10 = 0.0000e+00, 0.0000e+00      
# interval = seconds: 0.25
# start_time = May 04 2022 13:08:04 [Instrument's time stamp, header]
# bad_flag = -9.990e-29
*END*
[from data line 394]
 124.551036      9.763    12.0536  32.162312    27.4270      9.676  277.29633  277.40069    32.7739     9.9382 0.0000e+00
 124.551039      9.790    12.0535  32.160922    27.4266      9.702  277.29921  277.40359    32.7584     9.9422 0.0000e+00
 124.551042      9.823    12.0535  32.161211    27.4263      9.735  277.29901  277.40338    32.7584     9.9705 0.0000e+00
 124.551045      9.857    12.0533  32.160516    27.4266      9.769  277.30094  277.40531    32.5871    10.1242 0.0000e+00
 124.551047      9.888    12.0533  32.162486    27.4276      9.799  277.29735  277.40169    32.4471    10.1403 0.0000e+00
 124.551050      9.924    12.0532  32.162081    27.4276      9.836  277.29843  277.40278    32.5249    10.1242 0.0000e+00
 124.551053      9.955    12.0528  32.160922    27.4272      9.866  277.30246  277.40679    32.4315    10.1606 0.0000e+00
 124.551056      9.983    12.0525  32.162312    27.4268      9.893  277.30118  277.40548    28.6805     9.5500 -9.990e-29
 124.551059     10.000    12.0525  32.162718    27.4287      9.910  277.30045  277.40474    28.8517     9.5459 -9.990e-29
 124.551062     10.014    12.0526  32.163124    27.4290      9.925  277.29940  277.40370    28.7895     9.5864 -9.990e-29
 124.551065     10.025    12.0530  32.164340    27.4299      9.936  277.29561  277.39991    28.6961     9.5661 -9.990e-29
 124.551068     10.031    12.0534  32.165151    27.4303      9.941  277.29224  277.39657    28.7739     9.5378 -9.990e-29
 124.551071     10.042    12.0537  32.164745    27.4297      9.952  277.29174  277.39609    33.7233    10.3304 -9.990e-29
 124.551073     10.058    12.0536  32.165151    27.4302      9.968  277.29132  277.39566    33.8012    10.3385 -9.990e-29
 124.551076     10.078    12.0534  32.165325    27.4298      9.988  277.29196  277.39628    33.7389    10.3344 -9.990e-29
 124.551079     10.108    12.0532  32.164514    27.4297     10.017  277.29409  277.39841    33.7545    10.3102 0.0000e+00
 124.551082     10.139    12.0530  32.164109    27.4296     10.048  277.29580  277.40011    32.5249    10.1606 0.0000e+00
 124.551085     10.166    12.0531  32.163182    27.4286     10.075  277.29720  277.40153    32.4626    10.1606 0.0000e+00
 124.551088     10.204    12.0532  32.162313    27.4286     10.113  277.29851  277.40285    32.4782    10.1242 0.0000e+00
 124.551091     10.241    12.0530  32.164109    27.4295     10.149  277.29587  277.40018    32.5560    10.1525 0.0000e+00
 124.551094     10.274    12.0531  32.166542    27.4307     10.182  277.29111  277.39540    31.8245     9.7441 0.0000e+00
 124.551097     10.305    12.0532  32.167353    27.4318     10.213  277.28902  277.39331    31.7311     9.7805 -9.990e-29
 124.551100     10.327    12.0535  32.169554    27.4343     10.235  277.28405  277.38834    31.8245     9.7481 -9.990e-29
 124.551102     10.346    12.0537  32.170192    27.4348     10.253  277.28196  277.38625    31.7934     9.7602 -9.990e-29
 124.551105     10.360    12.0537  32.170771    27.4353     10.267  277.28090  277.38519    30.2369     9.7562 -9.990e-29
 124.551108     10.375    12.0541  32.172567    27.4367     10.282  277.27574  277.38003    30.2681     9.7683 -9.990e-29
 124.551111     10.391    12.0542  32.169786    27.4340     10.298  277.28053  277.38486    30.2992     9.7724 -9.990e-29
 124.551114     10.413    12.0541  32.169786    27.4341     10.319  277.28086  277.38519    30.3303     9.7643 -9.990e-29
 124.551117     10.433    12.0539  32.169960    27.4344     10.339  277.28150  277.38581    30.3303     9.7481 -9.990e-29
 124.551120     10.457    12.0539  32.171814    27.4361     10.363  277.27780  277.38209    30.0813    10.1363 -9.990e-29
 124.551123     10.482    12.0540  32.172567    27.4367     10.388  277.27612  277.38041    30.1591    10.1484 -9.990e-29
 124.551126     10.506    12.0539  32.176043    27.4425     10.412  277.27008  277.37432    30.1280    10.1403 -9.990e-29
 124.551128     10.542    12.0539  32.178651    27.4445     10.448  277.26563  277.36985    30.1280    10.1525 0.0000e+00
 124.551131     10.570    12.0540  32.182938    27.4445     10.475  277.25716  277.36134    29.8945     9.6834 0.0000e+00
 124.551134     10.599    12.0544  32.184097    27.4465     10.504  277.25348  277.35767    29.7078     9.7077 -9.990e-29
 124.551137     10.621    12.0547  32.182707    27.4457     10.526  277.25448  277.35871    29.7700     9.6794 -9.990e-29
 124.551140     10.633    12.0546  32.182880    27.4460     10.538  277.25480  277.35901    29.7389     9.7158 -9.990e-29
 124.551143     10.648    12.0545  32.186531    27.4495     10.552  277.24842  277.35260    32.2603     9.8047 -9.990e-29
 124.551146     10.661    12.0546  32.183692    27.4467     10.565  277.25333  277.35754    32.3226     9.8249 -9.990e-29
 124.551149     10.677    12.0546  32.184909    27.4478     10.581  277.25079  277.35499    32.2914     9.8128 -9.990e-29
 124.551152     10.692    12.0546  32.183750    27.4467     10.596  277.25293  277.35714    32.2447     9.8128 -9.990e-29
 124.551155     10.715    12.0546  32.181664    27.4428     10.620  277.25708  277.36132    29.6766     9.9826 -9.990e-29
 124.551157     10.743    12.0545  32.179462    27.4420     10.647  277.26146  277.36571    29.5988     9.9341 0.0000e+00
 124.551160     10.772    12.0543  32.177666    27.4412     10.676  277.26571  277.36997    29.6144     9.9260 0.0000e+00
 124.551163     10.808    12.0541  32.174596    27.4385     10.712  277.27231  277.37658    29.5210     9.9503 0.0000e+00
 124.551166     10.848    12.0539  32.172974    27.4370     10.751  277.27594  277.38022    29.5366     9.9422 0.0000e+00
 124.551169     10.889    12.0538  32.170599    27.4349     10.791  277.28095  277.38525    33.0229    10.2576 0.0000e+00
 124.551172     10.929    12.0537  32.166138    27.4328     10.831  277.28948  277.39382    33.1319    10.2899 0.0000e+00
 124.551175     10.964    12.0532  32.160462    27.4307     10.865  277.30243  277.40679    33.0074    10.2576 -9.990e-29
 124.551178     10.984    12.0528  32.155481    27.4213     10.885  277.31315  277.41754    33.1008    10.2455 -9.990e-29
 124.551181     11.002    12.0523  32.148994    27.4155     10.903  277.32726  277.43169    30.8440     9.4853 -9.990e-29
 124.551183     11.013    12.0520  32.148009    27.4148     10.914  277.33064  277.43506    30.7661     9.4853 -9.990e-29
 124.551186     11.026    12.0517  32.148183    27.4152     10.927  277.33159  277.43598    30.8906     9.4772 -9.990e-29
 124.551189     11.031    12.0515  32.148415    27.4156     10.932  277.33211  277.43649    30.9218     9.4529 -9.990e-29
 124.551192     11.039    12.0515  32.147778    27.4150     10.940  277.33328  277.43767    29.8012     9.5904 -9.990e-29
 124.551195     11.053    12.0513  32.150789    27.4180     10.954  277.32871  277.43305    29.8012     9.5702 -9.990e-29
 124.551198     11.068    12.0514  32.153164    27.4201     10.969  277.32374  277.42806    29.8012     9.5500 -9.990e-29
 124.551201     11.086    12.0515  32.161100    27.4275     10.987  277.30888  277.41311    29.7545     9.5661 -9.990e-29
 124.551204     11.104    12.0521  32.164923    27.4332     11.005  277.29936  277.40360    29.0696     9.9422 -9.990e-29
 124.551207     11.137    12.0525  32.167935    27.4371     11.038  277.29166  277.39590    28.9451     9.9260 0.0000e+00
 124.551209     11.170    12.0530  32.176625    27.4410     11.070  277.27354  277.37772    29.0229     9.9422 0.0000e+00
 124.551212     11.198    12.0536  32.183114    27.4467     11.098  277.25915  277.36330    29.0852     9.9098 0.0000e+00
 124.551215     11.225    12.0542  32.187344    27.4491     11.124  277.24890  277.35304    29.0229     9.9382 0.0000e+00
 124.551218     11.252    12.0546  32.186533    27.4503     11.152  277.24821  277.35239    29.4899     9.6389 0.0000e+00
 124.551221     11.280    12.0551  32.188155    27.4497     11.179  277.24305  277.34726    29.5366     9.6349 0.0000e+00
 124.551224     11.307    12.0552  32.191574    27.4503     11.206  277.23649  277.34066    29.5988     9.6308 -9.990e-29
 124.551227     11.331    12.0553  32.192791    27.4536     11.230  277.23365  277.33781    29.5677     9.6308 -9.990e-29
 124.551230     11.362    12.0555  32.191980    27.4540     11.260  277.23453  277.33871    29.0696     9.5621 0.0000e+00
 124.551233     11.391    12.0556  32.192965    27.4544     11.289  277.23211  277.33630    29.1475     9.5459 0.0000e+00
 124.551236     11.422    12.0558  32.197601    27.4587     11.320  277.22300  277.32715    29.0541     9.5621 0.0000e+00
 124.551238     11.449    12.0561  32.198644    27.4594     11.347  277.21954  277.32370    29.0229     9.5500 0.0000e+00
 124.551241     11.480    12.0566  32.199687    27.4600     11.377  277.21545  277.31963    28.4004     9.7683 0.0000e+00
 124.551244     11.505    12.0568  32.200672    27.4604     11.402  277.21272  277.31691    28.3070     9.7602 0.0000e+00
 124.551247     11.531    12.0570  32.202063    27.4608     11.427  277.20925  277.31343    28.4159     9.7643 -9.990e-29
 124.551250     11.554    12.0573  32.201252    27.4610     11.451  277.20950  277.31371    28.3226     9.7521 -9.990e-29
 124.551253     11.567    12.0575  32.201252    27.4608     11.463  277.20856  277.31279    29.3187     9.8573 -9.990e-29
 124.551256     11.580    12.0574  32.202295    27.4618     11.476  277.20697  277.31118    29.3187     9.8815 -9.990e-29
 124.551259     11.594    12.0577  32.202469    27.4618     11.491  277.20541  277.30964    29.2720     9.8977 -9.990e-29
 124.551262     11.605    12.0578  32.202585    27.4619     11.501  277.20489  277.30912    29.2253     9.8694 -9.990e-29
 124.551264     11.623    12.0580  32.202875    27.4620     11.519  277.20343  277.30767    29.2253     9.8654 -9.990e-29
 124.551267     11.643    12.0579  32.202701    27.4619     11.539  277.20439  277.30863    30.1903     9.4812 -9.990e-29
 124.551270     11.660    12.0579  32.201252    27.4605     11.555  277.20706  277.31131    30.2681     9.4934 -9.990e-29
 124.551273     11.682    12.0579  32.201890    27.4611     11.577  277.20559  277.30984    30.3148     9.4691 -9.990e-29
 124.551276     11.707    12.0577  32.205889    27.4650     11.602  277.19921  277.30341    30.3459     9.5176 -9.990e-29
 124.551279     11.731    12.0578  32.208555    27.4719     11.626  277.19403  277.29820    29.0852     9.5540 -9.990e-29
 124.551282     11.760    12.0579  32.213366    27.4731     11.655  277.18460  277.28873    29.0229     9.5378 0.0000e+00
 124.551285     11.790    12.0578  32.215800    27.4742     11.684  277.18078  277.28487    29.0229     9.5540 0.0000e+00
 124.551288     11.817    12.0580  32.217829    27.4751     11.711  277.17614  277.28022    28.9918     9.5904 0.0000e+00
 124.551291     11.850    12.0583  32.220032    27.4760     11.744  277.17087  277.27495    30.7661     9.7036 -9.990e-29
 124.551293     11.868    12.0583  32.223916    27.4815     11.762  277.16376  277.26780    30.8284     9.7077 -9.990e-29
 124.551296     11.891    12.0585  32.231394    27.4884     11.784  277.14912  277.25309    30.9218     9.7238 -9.990e-29
 124.551299     11.914    12.0589  32.230351    27.4871     11.808  277.14917  277.25318    30.7817     9.7036 -9.990e-29
 124.551302     11.934    12.0592  32.232032    27.4885     11.827  277.14484  277.24886    28.5716     9.6025 -9.990e-29
 124.551305     11.960    12.0593  32.229945    27.4864     11.853  277.14806  277.25211    28.5249     9.6308 -9.990e-29
 124.551308     11.982    12.0595  32.229945    27.4844     11.875  277.14745  277.25151    28.4938     9.6227 -9.990e-29
 124.551311     12.010    12.0595  32.227916    27.4844     11.902  277.15119  277.25527    28.5560     9.6066 0.0000e+00
 124.551314     12.035    12.0593  32.233192    27.4844     11.927  277.14216  277.24617    28.5871     9.6187 -9.990e-29
 124.551317     12.057    12.0595  32.237250    27.4988     11.949  277.13411  277.23808    28.0424     9.5014 -9.990e-29
 124.551319     12.084    12.0598  32.243512    27.5003     11.976  277.12107  277.22501    27.9023     9.5136 0.0000e+00
 124.551322     12.112    12.0600  32.246875    27.5013     12.003  277.11430  277.21821    27.9334     9.5176 0.0000e+00
 124.551325     12.139    12.0603  32.246527    27.5016     12.030  277.11339  277.21733    27.8868     9.5095 0.0000e+00
 124.551328     12.164    12.0606  32.254414    27.5013     12.055  277.09738  277.20126    29.2875     9.5014 -9.990e-29
 124.551331     12.184    12.0609  32.267985    27.5230     12.075  277.07126  277.17501    29.3031     9.4812 -9.990e-29
 124.551334     12.209    12.0617  32.270653    27.5230     12.099  277.06294  277.16672    29.3809     9.5136 0.0000e+00
 124.551337     12.234    12.0623  32.271059    27.5230     12.125  277.05971  277.16352    29.3187     9.5095 -9.990e-29
 124.551340     12.256    12.0627  32.275061    27.5264     12.146  277.05050  277.15430    30.0502     9.6753 -9.990e-29
 124.551343     12.277    12.0631  32.277671    27.5285     12.167  277.04385  277.14765    30.0191     9.7198 -9.990e-29
 124.551345     12.298    12.0634  32.280166    27.5307     12.188  277.03804  277.14184    30.0657     9.6874 -9.990e-29
 124.551348     12.316    12.0636  32.279528    27.5299     12.206  277.03829  277.14210    29.9724     9.6753 -9.990e-29
 124.551351     12.331    12.0637  32.286199    27.5361     12.220  277.02575  277.12950    29.6455     9.4772 -9.990e-29
 124.551354     12.344    12.0638  32.285793    27.5357     12.233  277.02588  277.12964    29.8323     9.4974 -9.990e-29
 124.551357     12.362    12.0641  32.287649    27.5372     12.251  277.02124  277.12500    29.8634     9.5136 -9.990e-29
 124.551360     12.384    12.0645  32.287707    27.5374     12.273  277.01927  277.12306    29.8167     9.5014 -9.990e-29
 124.551363     12.409    12.0648  32.288462    27.5363     12.298  277.01634  277.12014    29.8167     9.4893 0.0000e+00
 124.551366     12.438    12.0651  32.286199    27.5355     12.327  277.01956  277.12341    29.8012     9.6672 0.0000e+00
 124.551369     12.468    12.0649  32.286605    27.5355     12.356  277.01947  277.12330    29.8478     9.6470 0.0000e+00
 124.551372     12.499    12.0647  32.289854    27.5388     12.387  277.01447  277.11825    29.9101     9.6106 0.0000e+00
 124.551374     12.528    12.0650  32.290492    27.5391     12.416  277.01207  277.11586    29.7545     9.6147 0.0000e+00
 124.551377     12.554    12.0652  32.291595    27.5395     12.441  277.00913  277.11292    30.9996     9.4408 0.0000e+00
 124.551380     12.579    12.0653  32.292697    27.5400     12.467  277.00650  277.11029    30.8284     9.4367 -9.990e-29
 124.551383     12.599    12.0655  32.295134    27.5431     12.487  277.00142  277.10520    30.7817     9.4327 -9.990e-29
 124.551386     12.619    12.0658  32.295366    27.5431     12.506  276.99944  277.10324    30.7973     9.4206 -9.990e-29
 124.551389     12.639    12.0658  32.297397    27.5451     12.526  276.99605  277.09982    28.4315     9.6915 -9.990e-29
 124.551392     12.660    12.0661  32.300008    27.5472     12.546  276.98971  277.09348    28.3381     9.6713 -9.990e-29
 124.551395     12.682    12.0664  32.299138    27.5430     12.568  276.98975  277.09356    28.4938     9.6996 -9.990e-29
 124.551398     12.707    12.0664  32.295772    27.5416     12.593  276.99594  277.09978    28.3692     9.6996 0.0000e+00
 124.551400     12.733    12.0667  32.293104    27.5403     12.618  276.99991  277.10379    29.8945     9.4529 0.0000e+00
 124.551403     12.763    12.0665  32.289043    27.5366     12.649  277.00800  277.11192    29.8634     9.4367 0.0000e+00
 124.551406     12.789    12.0665  32.284808    27.5346     12.675  277.01578  277.11974    29.7856     9.4246 0.0000e+00
 124.551409     12.818    12.0664  32.283416    27.5326     12.703  277.01866  277.12264    29.7856     9.4367 -9.990e-29
