Processed/SBE19plus_01907321_2022_05_06_Cast40_wfilter.cnv
* Sea-Bird SBE19plus  Data File:
* FileName = E:\Prandtl Daten\2022\CTD\Raw\SBE19plus_01907321_2022_05_06_Cast40.hex
* Software version 2.6.1.12
* Temperature SN = 7321
* Conductivity SN = 7321
* System UpLoad Time = May 06 2022 08:00:24
* <ApplicationData>
* <Seaterm232>
** Messpraktikum 2022
** CTD 06.05 BM
# nquan = 11
# nvalues = 595                         
# units = specified
# name 0 = timeJ: Julian Days
# name 1 = prdM: Pressure, Strain Gauge [db]
# name 2 = tv290C: Temperature [ITS-90, deg C]
# name 3 = c0mS/cm: Conductivity [mS/cm]
# name 4 = sal00: Salinity, Practical [PSU]
# name 5 = depSM: Depth [salt water, m], lat = 54.00
# name 6 = oxsatMm/Kg: Oxygen Saturation, Weiss [umol/kg]
# name 7 = oxsolMm/Kg: Oxygen Saturation, Garcia & Gordon [umol/kg]
# name 8 = turbWETntu0: Turbidity, WET Labs ECO [NTU]
# name 9 = flECO-AFL: Fluorescence, WET Labs ECO-AFL/FL [mg/m^3]
# name 10 = flag:  0.000e+00
# span 0 = 126.328137, 126.329855       
# span 1 =      0.529,     14.637       
# span 2 =    12.7542,    12.8409       
# span 3 =  32.240602,  32.297867       
# span 4 =    26.9810,    26.9942       
# span 5 =      0.524,     14.506       
# span 6 =  273.54611,  274.03441       
# span 7 =  273.70198,  274.18528       
# span 8 =    19.5599,   143.8089       
# span 9 =     7.9244,    21.1552       
# span 10 = 0.0000e+00, 0.0000e+00      
# interval = seconds: 0.25
# start_time = May 06 2022 07:50:49 [Instrument's time stamp, header]
# bad_flag = -9.990e-29
*END*
 126.328137      0.529    12.8273  32.285270    26.9863      0.524  273.62623  273.78133    23.2331     8.4541 0.0000e+00
 126.328139      0.558    12.8271  32.284690    26.9861      0.553  273.62822  273.78331    23.1241     8.4946 0.0000e+00
 126.328142      0.591    12.8265  32.284110    26.9859      0.586  273.63179  273.78685    23.2486     8.5067 -9.990e-29
 126.328145      0.611    12.8259  32.284342    26.9864      0.606  273.63391  273.78894    23.4043     8.4824 -9.990e-29
 126.328148      0.626    12.8258  32.285097    26.9872      0.620  273.63322  273.78823    22.7350     8.5391 -9.990e-29
 126.328151      0.640    12.8258  32.285271    26.9873      0.634  273.63293  273.78793    22.7661     8.5593 -9.990e-29
 126.328154      0.662    12.8263  32.284691    26.9864      0.656  273.63176  273.78680    22.7194     8.5471 -9.990e-29
 126.328157      0.686    12.8266  32.285097    26.9866      0.680  273.62979  273.78485    22.8595     8.5674 -9.990e-29
 126.328160      0.710    12.8264  32.285271    26.9871      0.703  273.63013  273.78518    23.7000     8.2236 -9.990e-29
 126.328163      0.737    12.8263  32.285503    26.9871      0.731  273.63005  273.78509    23.5443     8.2277 0.0000e+00
 126.328166      0.770    12.8266  32.285677    26.9871      0.763  273.62851  273.78356    23.7467     8.2115 -9.990e-29
 126.328168      0.794    12.8267  32.285503    26.9863      0.786  273.62851  273.78358    23.6533     8.2277 -9.990e-29
 126.328171      0.821    12.8266  32.284865    26.9863      0.813  273.62997  273.78504    23.8245     8.1953 0.0000e+00
 126.328174      0.850    12.8268  32.284865    26.9863      0.842  273.62904  273.78412    23.8868     8.4784 -9.990e-29
 126.328177      0.870    12.8271  32.286083    26.9870      0.862  273.62565  273.78073    24.2136     8.4420 -9.990e-29
 126.328180      0.896    12.8273  32.286431    26.9872      0.888  273.62442  273.77951    23.9957     8.5027 -9.990e-29
 126.328183      0.916    12.8276  32.286722    26.9873      0.908  273.62265  273.77776    23.9023     8.4622 -9.990e-29
 126.328186      0.934    12.8278  32.286722    26.9871      0.926  273.62140  273.77653    23.5910     8.2600 -9.990e-29
 126.328189      0.947    12.8281  32.286896    26.9871      0.938  273.62016  273.77530    23.4665     8.2439 -9.990e-29
 126.328192      0.961    12.8284  32.286316    26.9863      0.953  273.61993  273.77509    23.4821     8.2277 -9.990e-29
 126.328194      0.983    12.8284  32.286722    26.9865      0.975  273.61891  273.77408    23.5910     8.2277 -9.990e-29
 126.328197      1.014    12.8286  32.286722    26.9864      1.005  273.61799  273.77316    23.6844     8.2803 0.0000e+00
 126.328200      1.044    12.8286  32.286432    26.9862      1.034  273.61852  273.77370    23.7000     8.3126 0.0000e+00
 126.328203      1.078    12.8287  32.286490    26.9862      1.069  273.61812  273.77330    23.7934     8.2803 0.0000e+00
 126.328206      1.109    12.8287  32.286316    26.9862      1.099  273.61845  273.77363    23.7778     8.3126 0.0000e+00
 126.328209      1.138    12.8287  32.287128    26.9866      1.128  273.61703  273.77221    23.4198     7.9770 0.0000e+00
 126.328212      1.167    12.8286  32.286896    26.9867      1.157  273.61778  273.77295    23.6222     7.9608 0.0000e+00
 126.328215      1.200    12.8285  32.286490    26.9866      1.190  273.61915  273.77432    23.4976     7.9649 -9.990e-29
 126.328218      1.221    12.8284  32.286258    26.9862      1.210  273.62020  273.77536    23.5288     7.9649 -9.990e-29
 126.328220      1.240    12.8285  32.286897    26.9867      1.229  273.61845  273.77362    23.5599     7.9810 -9.990e-29
 126.328223      1.259    12.8284  32.286897    26.9868      1.247  273.61910  273.77426    22.2992     7.9487 -9.990e-29
 126.328226      1.271    12.8286  32.287129    26.9868      1.260  273.61775  273.77292    22.2058     7.9244 -9.990e-29
 126.328229      1.292    12.8286  32.287129    26.9868      1.280  273.61776  273.77293    22.3615     7.9487 -9.990e-29
 126.328232      1.310    12.8286  32.286897    26.9865      1.298  273.61787  273.77304    22.2992     7.9770 -9.990e-29
 126.328235      1.335    12.8289  32.287013    26.9866      1.324  273.61673  273.77192    22.8284     8.0619 -9.990e-29
 126.328238      1.365    12.8289  32.287129    26.9866      1.352  273.61655  273.77174    22.6727     8.1145 0.0000e+00
 126.328241      1.394    12.8287  32.287129    26.9867      1.381  273.61720  273.77238    22.8751     8.1266 0.0000e+00
 126.328244      1.423    12.8286  32.287303    26.9869      1.410  273.61722  273.77240    22.6105     8.0983 0.0000e+00
 126.328247      1.454    12.8286  32.287303    26.9869      1.441  273.61724  273.77242    22.4548     7.9568 0.0000e+00
 126.328249      1.480    12.8289  32.287535    26.9869      1.466  273.61590  273.77109    22.6105     7.9770 0.0000e+00
 126.328252      1.509    12.8289  32.287826    26.9870      1.495  273.61510  273.77028    22.5482     7.9770 0.0000e+00
 126.328255      1.536    12.8291  32.287710    26.9871      1.522  273.61437  273.76957    22.4860     7.9608 -9.990e-29
 126.328258      1.556    12.8291  32.287710    26.9869      1.542  273.61470  273.76990    22.2992     7.9487 -9.990e-29
 126.328261      1.574    12.8293  32.288348    26.9873      1.560  273.61264  273.76784    22.2836     8.0296 -9.990e-29
 126.328264      1.593    12.8294  32.288116    26.9870      1.578  273.61243  273.76765    22.3303     8.0498 -9.990e-29
 126.328267      1.613    12.8296  32.287130    26.9859      1.598  273.61324  273.76848    22.1591     8.0053 -9.990e-29
 126.328270      1.635    12.8296  32.288348    26.9871      1.620  273.61110  273.76633    22.2214     8.0296 -9.990e-29
 126.328273      1.660    12.8297  32.288580    26.9874      1.645  273.61039  273.76562    23.9490     8.1266 -9.990e-29
 126.328275      1.687    12.8297  32.288754    26.9873      1.672  273.61010  273.76533    24.1047     8.1387 0.0000e+00
 126.328278      1.715    12.8299  32.288754    26.9872      1.700  273.60917  273.76442    23.9957     8.1832 0.0000e+00
 126.328281      1.749    12.8299  32.287710    26.9872      1.734  273.61135  273.76660    23.9957     8.1953 0.0000e+00
 126.328284      1.779    12.8300  32.288929    26.9869      1.763  273.60859  273.76384    22.4393     8.1913 0.0000e+00
 126.328287      1.806    12.8300  32.288522    26.9873      1.790  273.60933  273.76458    22.4548     8.1873 0.0000e+00
 126.328290      1.833    12.8300  32.288987    26.9871      1.817  273.60852  273.76377    22.5171     8.1670 0.0000e+00
 126.328293      1.863    12.8301  32.289161    26.9873      1.846  273.60760  273.76286    22.5949     8.1630 -9.990e-29
 126.328296      1.883    12.8305  32.289741    26.9877      1.866  273.60502  273.76029    22.4393     8.1994 -9.990e-29
 126.328299      1.903    12.8307  32.290147    26.9879      1.886  273.60337  273.75865    22.3926     8.1711 -9.990e-29
 126.328302      1.915    12.8312  32.290959    26.9883      1.898  273.59973  273.75504    22.5171     8.1590 -9.990e-29
 126.328304      1.930    12.8319  32.291191    26.9880      1.913  273.59618  273.75153    22.4860     8.1913 -9.990e-29
 126.328307      1.943    12.8327  32.290727    26.9870      1.925  273.59353  273.74894    22.4393     8.1792 -9.990e-29
 126.328310      1.965    12.8332  32.290553    26.9865      1.947  273.59196  273.74740    21.9412     8.1711 -9.990e-29
 126.328313      1.990    12.8332  32.292410    26.9876      1.973  273.58839  273.74381    22.0346     8.1590 -9.990e-29
 126.328316      2.018    12.8337  32.292178    26.9876      2.000  273.58660  273.74206    21.9257     8.1711 0.0000e+00
 126.328319      2.047    12.8342  32.292584    26.9876      2.029  273.58401  273.73950    22.0191     8.1711 0.0000e+00
 126.328322      2.074    12.8345  32.292004    26.9871      2.056  273.58348  273.73899    20.5871     8.0619 0.0000e+00
 126.328325      2.102    12.8347  32.292468    26.9871      2.083  273.58204  273.73756    20.7584     8.0296 0.0000e+00
 126.328328      2.129    12.8346  32.292816    26.9872      2.110  273.58176  273.73727    20.6805     8.0457 0.0000e+00
 126.328330      2.160    12.8347  32.292584    26.9873      2.141  273.58156  273.73708    20.5716     8.0134 0.0000e+00
 126.328333      2.189    12.8349  32.292004    26.9872      2.170  273.58166  273.73720    22.0969     8.3571 -9.990e-29
 126.328336      2.209    12.8350  32.292004    26.9864      2.190  273.58135  273.73690    22.1280     8.3773 -9.990e-29
 126.328339      2.229    12.8349  32.293803    26.9882      2.209  273.57882  273.73434    21.9879     8.3409 -9.990e-29
 126.328342      2.249    12.8354  32.294151    26.9881      2.229  273.57602  273.73156    21.9257     8.3733 -9.990e-29
 126.328345      2.271    12.8362  32.294035    26.9875      2.251  273.57276  273.72836    20.0580     8.1913 -9.990e-29
 126.328348      2.291    12.8367  32.294847    26.9878      2.271  273.56913  273.72476    20.2447     8.1590 -9.990e-29
 126.328351      2.317    12.8370  32.294441    26.9872      2.296  273.56829  273.72394    20.4626     8.1751 -9.990e-29
 126.328354      2.342    12.8375  32.295427    26.9872      2.321  273.56436  273.72003    20.1825     8.1913 -9.990e-29
 126.328356      2.371    12.8377  32.295021    26.9869      2.350  273.56415  273.71984    20.1047     8.2075 0.0000e+00
 126.328359      2.397    12.8378  32.294383    26.9869      2.376  273.56497  273.72068    21.7545     8.4016 0.0000e+00
 126.328362      2.426    12.8380  32.294847    26.9869      2.405  273.56354  273.71925    21.6299     8.3652 0.0000e+00
 126.328365      2.452    12.8380  32.295022    26.9870      2.430  273.56325  273.71896    21.8167     8.4016 0.0000e+00
 126.328368      2.479    12.8378  32.295428    26.9870      2.457  273.56318  273.71888    21.6455     8.3611 -9.990e-29
 126.328371      2.503    12.8379  32.295834    26.9878      2.480  273.56217  273.71786    20.8362     8.2803 -9.990e-29
 126.328374      2.525    12.8383  32.296240    26.9879      2.502  273.55957  273.71529    20.6183     8.2964 -9.990e-29
 126.328377      2.541    12.8387  32.296472    26.9878      2.518  273.55759  273.71333    20.6027     8.3450 -9.990e-29
 126.328380      2.559    12.8390  32.296878    26.9879      2.537  273.55531  273.71107    20.6650     8.2843 -9.990e-29
 126.328383      2.574    12.8397  32.297052    26.9876      2.551  273.55186  273.70766    20.8984     8.3935 -9.990e-29
 126.328385      2.596    12.8400  32.296878    26.9873      2.573  273.55123  273.70705    20.8673     8.3126 -9.990e-29
 126.328388      2.619    12.8401  32.296878    26.9872      2.596  273.55062  273.70645    20.8206     8.3167 -9.990e-29
 126.328391      2.645    12.8400  32.296879    26.9872      2.621  273.55095  273.70677    21.1319     8.3369 0.0000e+00
 126.328394      2.672    12.8402  32.297053    26.9872      2.648  273.54971  273.70555    21.8167     8.4541 0.0000e+00
 126.328397      2.705    12.8403  32.296879    26.9870      2.681  273.54973  273.70557    21.8634     8.3814 0.0000e+00
 126.328400      2.734    12.8403  32.296879    26.9870      2.710  273.54974  273.70559    21.8323     8.4056 0.0000e+00
 126.328403      2.763    12.8403  32.297053    26.9870      2.739  273.54946  273.70530    21.8634     8.4460 0.0000e+00
 126.328406      2.791    12.8402  32.296879    26.9871      2.766  273.55041  273.70625    21.8012     8.4339 0.0000e+00
 126.328409      2.818    12.8400  32.296879    26.9870      2.793  273.55106  273.70689    21.1163     8.3975 -9.990e-29
 126.328411      2.840    12.8402  32.296879    26.9870      2.815  273.55044  273.70628    21.4120     8.3773 -9.990e-29
 126.328414      2.859    12.8402  32.297285    26.9873      2.833  273.54942  273.70526    21.2875     8.4299 -9.990e-29
 126.328417      2.875    12.8405  32.297285    26.9871      2.849  273.54817  273.70403    21.3498     8.4460 -9.990e-29
 126.328420      2.892    12.8405  32.297285    26.9871      2.866  273.54818  273.70404    21.2875     8.3652 -9.990e-29
 126.328423      2.913    12.8405  32.296647    26.9865      2.887  273.54932  273.70518    21.1008     8.4177 -9.990e-29
 126.328426      2.937    12.8406  32.296647    26.9869      2.911  273.54902  273.70489    21.3965     8.3490 -9.990e-29
 126.328429      2.964    12.8405  32.297054    26.9870      2.938  273.54864  273.70449    21.2720     8.3409 0.0000e+00
 126.328432      2.993    12.8403  32.297054    26.9870      2.967  273.54960  273.70545    20.3381     8.5431 0.0000e+00
 126.328435      3.026    12.8403  32.297286    26.9870      2.999  273.54922  273.70506    20.3848     8.5512 0.0000e+00
 126.328438      3.052    12.8404  32.296648    26.9866      3.025  273.55004  273.70589    20.4938     8.5674 0.0000e+00
 126.328440      3.079    12.8403  32.296648    26.9866      3.052  273.55038  273.70622    20.0891     8.5714 0.0000e+00
 126.328443      3.105    12.8404  32.296880    26.9866      3.077  273.54967  273.70552    20.8984     8.8342 -9.990e-29
 126.328446      3.130    12.8403  32.297054    26.9870      3.102  273.54969  273.70554    21.0385     8.7857 -9.990e-29
 126.328449      3.152    12.8402  32.297286    26.9872      3.124  273.54961  273.70545    20.9762     8.7938 -9.990e-29
 126.328452      3.169    12.8402  32.297460    26.9875      3.140  273.54963  273.70546    21.1630     8.7817 -9.990e-29
 126.328455      3.185    12.8405  32.297460    26.9872      3.157  273.54838  273.70423    20.9762     8.8019 -9.990e-29
 126.328458      3.205    12.8405  32.297867    26.9876      3.176  273.54768  273.70352    21.7856     8.5471 -9.990e-29
 126.328461      3.224    12.8408  32.297867    26.9873      3.195  273.54611  273.70198    21.5677     8.5795 -9.990e-29
 126.328464      3.251    12.8409  32.297286    26.9868      3.222  273.54684  273.70271    21.7545     8.5633 -9.990e-29
 126.328466      3.276    12.8409  32.296300    26.9853      3.247  273.54859  273.70448    21.8945     8.5310 -9.990e-29
 126.328469      3.309    12.8400  32.295024    26.9859      3.280  273.55497  273.71081    19.8868     8.6604 0.0000e+00
 126.328472      3.335    12.8390  32.295662    26.9862      3.305  273.55796  273.71373    19.5599     8.5997 0.0000e+00
 126.328475      3.368    12.8384  32.294850    26.9865      3.338  273.56225  273.71799    19.7934     8.6604 0.0000e+00
 126.328478      3.395    12.8379  32.295663    26.9868      3.365  273.56305  273.71875    19.8401     8.5916 0.0000e+00
 126.328481      3.424    12.8379  32.295837    26.9873      3.394  273.56276  273.71846    21.2720     8.3328 -9.990e-29
 126.328484      3.446    12.8380  32.295547    26.9872      3.415  273.56297  273.71867    21.1941     8.3247 -9.990e-29
 126.328487      3.471    12.8382  32.295257    26.9867      3.440  273.56223  273.71796    21.3031     8.3814 -9.990e-29
 126.328490      3.495    12.8381  32.295257    26.9868      3.464  273.56288  273.71860    21.3031     8.3814 -9.990e-29
 126.328492      3.510    12.8381  32.295025    26.9866      3.479  273.56330  273.71902    21.6144     8.6927 -9.990e-29
 126.328495      3.528    12.8378  32.294445    26.9862      3.497  273.56560  273.72130    21.5210     8.6644 -9.990e-29
 126.328498      3.545    12.8378  32.294619    26.9864      3.513  273.56530  273.72101    21.3809     8.6927 -9.990e-29
 126.328501      3.568    12.8376  32.292994    26.9850      3.536  273.56913  273.72483    21.5054     8.6523 -9.990e-29
 126.328504      3.598    12.8368  32.292414    26.9851      3.565  273.57364  273.72930    21.5988     8.7048 0.0000e+00
 126.328507      3.625    12.8356  32.291776    26.9853      3.593  273.58015  273.73574    22.3303     8.6401 0.0000e+00
 126.328510      3.656    12.8342  32.291603    26.9861      3.623  273.58647  273.74197    22.3615     8.6321 0.0000e+00
 126.328513      3.685    12.8334  32.292183    26.9872      3.652  273.58894  273.74438    22.2058     8.6321 0.0000e+00
