Processed/SBE19plus_01907321_2022_05_05_Cast33_wfilter.cnv
* Sea-Bird SBE19plus  Data File:
* FileName = E:\Prandtl Daten\2022\CTD\Raw\SBE19plus_01907321_2022_05_05_Cast33.hex
* Software version 2.6.1.12
* Temperature SN = 7321
* Conductivity SN = 7321
* System UpLoad Time = May 05 2022 11:57:31
* <ApplicationData>
* <Seaterm232>
** Messpraktikum 2022
** CTD 05.05 NP5
# nquan = 11
# nvalues = 485                         
# units = specified
# name 0 = timeJ: Julian Days
# name 1 = prdM: Pressure, Strain Gauge [db]
# name 2 = tv290C: Temperature [ITS-90, deg C]
# name 3 = c0mS/cm: Conductivity [mS/cm]
# name 4 = sal00: Salinity, Practical [PSU]
# name 5 = depSM: Depth [salt water, m], lat = 54.00
# name 6 = oxsatMm/Kg: Oxygen Saturation, Weiss [umol/kg]
# name 7 = oxsolMm/Kg: Oxygen Saturation, Garcia & Gordon [umol/kg]
# name 8 = turbWETntu0: Turbidity, WET Labs ECO [NTU]
# name 9 = flECO-AFL: Fluorescence, WET Labs ECO-AFL/FL [mg/m^3]
# name 10 = flag:  0.000e+00
# span 0 = 125.494227, 125.495628       
# span 1 =      0.577,     13.116       
# span 2 =    11.9647,    12.1172       
# span 3 =  32.684509,  32.832828       
# span 4 =    27.8950,    28.1057       
# span 5 =      0.572,     12.998       
# span 6 =  276.00606,  276.51475       
# span 7 =  276.10896,  276.60590       
# span 8 =    10.1903,    74.4704       
# span 9 =     4.3337,    10.0352       
# span 10 = 0.0000e+00, 0.0000e+00      
# interval = seconds: 0.25
# start_time = May 05 2022 11:50:20 [Instrument's time stamp, header]
# bad_flag = -9.990e-29
*END*
 125.494227      0.577    12.1067  32.699658    27.8986      0.572  276.06874  276.17102    10.8284     4.6329 0.0000e+00
 125.494230      0.612    12.1064  32.698608    27.8986      0.606  276.07193  276.17419    10.7039     4.6491 -9.990e-29
 125.494233      0.635    12.1060  32.699075    27.8986      0.630  276.07296  276.17519    10.9062     4.5884 -9.990e-29
 125.494236      0.657    12.1055  32.699483    27.8993      0.651  276.07440  276.17659    11.0619     4.5925 -9.990e-29
 125.494239      0.668    12.1057  32.701698    27.9012      0.662  276.06943  276.17161    11.0619     4.6410 -9.990e-29
 125.494242      0.673    12.1067  32.702107    27.9009      0.667  276.06433  276.16658    10.9373     4.6289 -9.990e-29
 125.494245      0.677    12.1080  32.703389    27.9012      0.671  276.05640  276.15873    10.4860     4.3701 -9.990e-29
 125.494248      0.695    12.1091  32.704788    27.9016      0.689  276.04889  276.15128    10.5171     4.3579 -9.990e-29
 125.494251      0.708    12.1102  32.706829    27.9028      0.702  276.04051  276.14295    10.4860     4.3377 -9.990e-29
 125.494253      0.710    12.1120  32.706887    27.9014      0.704  276.03202  276.13459    10.3926     4.3620 -9.990e-29
 125.494256      0.727    12.1132  32.706887    27.9024      0.720  276.02706  276.12971    10.4860     4.3701 -9.990e-29
 125.494259      0.783    12.1146  32.709977    27.9017      0.776  276.01493  276.11765    10.2836     4.4024 0.0000e+00
 125.494262      0.856    12.1162  32.709744    27.9009      0.849  276.00826  276.11110    10.2525     4.3822 0.0000e+00
 125.494265      0.924    12.1170  32.709103    27.9003      0.915  276.00606  276.10896    10.1903     4.3337 0.0000e+00
 125.494268      0.969    12.1172  32.708287    27.8997      0.961  276.00665  276.10958    10.3459     4.3660 -9.990e-29
 125.494271      0.977    12.1169  32.708287    27.8991      0.968  276.00821  276.11111    12.0113     4.9726 -9.990e-29
 125.494274      0.964    12.1165  32.706246    27.8974      0.955  276.01379  276.11669    11.8712     4.9887 -9.990e-29
 125.494277      0.942    12.1151  32.702573    27.8950      0.934  276.02670  276.12953    11.9801     4.9321 -9.990e-29
 125.494280      0.940    12.1124  32.702748    27.8967      0.932  276.03819  276.14083    12.0424     5.0009 -9.990e-29
 125.494282      0.971    12.1100  32.700358    27.8972      0.962  276.05314  276.15564    11.0774     4.8027 0.0000e+00
 125.494285      1.024    12.1068  32.698843    27.8976      1.015  276.07023  276.17252    11.0152     4.8189 0.0000e+00
 125.494288      1.083    12.1030  32.700068    27.8996      1.073  276.08481  276.18682    11.0619     4.7785 0.0000e+00
 125.494291      1.125    12.1001  32.699485    27.9016      1.115  276.09864  276.20045    11.0774     4.7987 -9.990e-29
 125.494294      1.136    12.0986  32.701701    27.9064      1.125  276.10143  276.20311    12.6650     5.3001 -9.990e-29
 125.494297      1.134    12.0981  32.701701    27.9068      1.124  276.10360  276.20525    12.7428     5.3203 -9.990e-29
 125.494300      1.139    12.0969  32.701934    27.9079      1.129  276.10846  276.21002    12.7117     5.2718 -9.990e-29
 125.494303      1.161    12.0947  32.700885    27.9089      1.151  276.12033  276.22175    12.7428     5.2920 -9.990e-29
 125.494306      1.210    12.0910  32.698379    27.9095      1.199  276.14141  276.24259    12.6650     5.3082 0.0000e+00
 125.494308      1.278    12.0862  32.695989    27.9102      1.266  276.16695  276.26782    13.1319     5.5670 0.0000e+00
 125.494311      1.340    12.0798  32.692084    27.9108      1.328  276.20271  276.30317    13.0852     5.5589 0.0000e+00
 125.494314      1.389    12.0722  32.689986    27.9113      1.377  276.24013  276.34008    13.0229     5.5508 -9.990e-29
 125.494317      1.400    12.0648  32.688413    27.9189      1.388  276.27594  276.37538    13.2097     5.5670 -9.990e-29
 125.494320      1.393    12.0595  32.686315    27.9210      1.381  276.30369  276.40278    13.0852     5.7409 -9.990e-29
 125.494323      1.379    12.0546  32.686315    27.9246      1.366  276.32511  276.42385    13.1008     5.7894 -9.990e-29
 125.494326      1.379    12.0493  32.684509    27.9269      1.366  276.35233  276.45072    13.1630     5.7449 -9.990e-29
 125.494329      1.388    12.0430  32.688182    27.9428      1.376  276.37355  276.47145    13.1319     5.7489 -9.990e-29
 125.494332      1.426    12.0378  32.692263    27.9456      1.414  276.38907  276.48656    13.1941     5.4254 0.0000e+00
 125.494334      1.477    12.0336  32.694946    27.9484      1.464  276.40281  276.49997    13.1630     5.4538 0.0000e+00
 125.494337      1.523    12.0308  32.696462    27.9502      1.509  276.41279  276.50973    13.0852     5.4174 0.0000e+00
 125.494340      1.554    12.0291  32.698036    27.9520      1.540  276.41738  276.51418    13.1941     5.4335 -9.990e-29
 125.494343      1.571    12.0277  32.698445    27.9561      1.557  276.42285  276.51955    13.7233     5.5912 -9.990e-29
 125.494346      1.585    12.0268  32.698445    27.9575      1.571  276.42689  276.52353    13.5988     5.5589 -9.990e-29
 125.494349      1.613    12.0258  32.698387    27.9577      1.598  276.43136  276.52793    13.5210     5.5387 0.0000e+00
 125.494352      1.658    12.0253  32.698445    27.9579      1.643  276.43346  276.52999    13.6611     5.5468 0.0000e+00
 125.494355      1.702    12.0252  32.699087    27.9583      1.687  276.43293  276.52945    13.5988     5.5872 0.0000e+00
 125.494358      1.738    12.0251  32.697221    27.9586      1.723  276.43669  276.53322    13.8634     5.5468 -9.990e-29
 125.494361      1.762    12.0248  32.695589    27.9555      1.746  276.44126  276.53778    13.9101     5.5468 -9.990e-29
 125.494363      1.773    12.0245  32.696172    27.9563      1.757  276.44143  276.53793    14.0657     5.5670 -9.990e-29
 125.494366      1.782    12.0241  32.694540    27.9550      1.766  276.44599  276.54248    13.8634     5.5629 -9.990e-29
 125.494369      1.796    12.0241  32.694715    27.9552      1.780  276.44599  276.54247    13.5210     5.5063 -9.990e-29
 125.494372      1.814    12.0243  32.694948    27.9553      1.798  276.44464  276.54114    13.3965     5.5063 -9.990e-29
 125.494375      1.839    12.0249  32.694773    27.9525      1.823  276.44219  276.53873    13.4432     5.5185 -9.990e-29
 125.494378      1.872    12.0261  32.693490    27.9524      1.856  276.43929  276.53593    13.3342     5.5063 0.0000e+00
 125.494381      1.907    12.0271  32.693898    27.9522      1.890  276.43422  276.53092    13.8634     5.5225 0.0000e+00
 125.494384      1.951    12.0276  32.692499    27.9507      1.933  276.43433  276.53109    13.8323     5.5063 0.0000e+00
 125.494387      1.996    12.0282  32.693316    27.9505      1.978  276.43007  276.52687    13.7856     5.4861 0.0000e+00
 125.494389      2.042    12.0287  32.693491    27.9506      2.023  276.42761  276.52444    13.8634     5.5063 0.0000e+00
 125.494392      2.071    12.0295  32.692150    27.9505      2.053  276.42667  276.52357    13.6455     5.4699 -9.990e-29
 125.494395      2.076    12.0302  32.693316    27.9492      2.058  276.42143  276.51837    13.6766     5.4254 -9.990e-29
 125.494398      2.076    12.0314  32.692907    27.9479      2.058  276.41690  276.51393    13.5677     5.4174 -9.990e-29
 125.494401      2.071    12.0324  32.694073    27.9483      2.052  276.41011  276.50719    13.5677     5.4254 -9.990e-29
 125.494404      2.080    12.0334  32.693723    27.9471      2.062  276.40641  276.50357    13.7856     5.4174 -9.990e-29
 125.494407      2.106    12.0343  32.694365    27.9492      2.087  276.40121  276.49843    12.4782     5.3163 0.0000e+00
 125.494410      2.157    12.0349  32.699262    27.9513      2.138  276.38947  276.48668    12.5716     5.2961 0.0000e+00
 125.494413      2.216    12.0353  32.702119    27.9537      2.196  276.38272  276.47992    12.4782     5.3041 0.0000e+00
 125.494416      2.269    12.0355  32.705617    27.9552      2.248  276.37541  276.47259    12.4626     5.3244 0.0000e+00
 125.494418      2.313    12.0357  32.708300    27.9568      2.292  276.36959  276.46676    13.1630     5.3729 -9.990e-29
 125.494421      2.336    12.0360  32.712206    27.9627      2.316  276.36120  276.45834    13.1319     5.4012 -9.990e-29
 125.494424      2.356    12.0366  32.716988    27.9667      2.335  276.34965  276.44679    13.1630     5.3729 -9.990e-29
 125.494427      2.369    12.0373  32.718621    27.9677      2.348  276.34356  276.44073    13.2253     5.3648 -9.990e-29
 125.494430      2.377    12.0376  32.719029    27.9679      2.355  276.34158  276.43876    13.3809     5.4335 -9.990e-29
 125.494433      2.382    12.0380  32.715938    27.9647      2.361  276.34570  276.44294    13.3965     5.4457 -9.990e-29
 125.494436      2.388    12.0386  32.716988    27.9652      2.366  276.34067  276.43796    13.3187     5.4093 -9.990e-29
 125.494439      2.402    12.0395  32.716346    27.9639      2.381  276.33814  276.43548    13.2720     5.4335 -9.990e-29
 125.494442      2.428    12.0400  32.716755    27.9633      2.406  276.33523  276.43261    13.1163     5.4416 0.0000e+00
 125.494444      2.466    12.0407  32.716055    27.9627      2.444  276.33313  276.43057    13.1630     5.4335 0.0000e+00
 125.494447      2.516    12.0411  32.715938    27.9623      2.493  276.33183  276.42929    13.1475     5.4295 0.0000e+00
 125.494450      2.563    12.0415  32.715530    27.9616      2.540  276.33075  276.42825    13.2253     5.4214 0.0000e+00
 125.494453      2.608    12.0421  32.713023    27.9601      2.585  276.33258  276.43015    13.1319     5.4659 0.0000e+00
 125.494456      2.646    12.0431  32.710749    27.9587      2.623  276.33243  276.43010    12.9918     5.4901 -9.990e-29
 125.494459      2.670    12.0445  32.709116    27.9532      2.646  276.32923  276.42702    13.1475     5.4901 -9.990e-29
 125.494462      2.686    12.0461  32.708533    27.9515      2.662  276.32349  276.42139    13.0852     5.5144 -9.990e-29
 125.494465      2.692    12.0474  32.708533    27.9505      2.668  276.31728  276.41528    13.1786     5.5023 -9.990e-29
 125.494468      2.699    12.0481  32.711740    27.9530      2.675  276.30831  276.40632    12.7584     5.5063 -9.990e-29
 125.494470      2.710    12.0475  32.713664    27.9585      2.686  276.30758  276.40553    12.7428     5.5063 -9.990e-29
 125.494473      2.736    12.0461  32.715939    27.9594      2.711  276.30995  276.40777    12.8050     5.5104 0.0000e+00
 125.494476      2.765    12.0444  32.716405    27.9602      2.740  276.31656  276.41425    12.7428     5.4861 0.0000e+00
 125.494479      2.800    12.0430  32.716347    27.9611      2.774  276.32259  276.42019    11.4198     5.2435 0.0000e+00
 125.494482      2.839    12.0421  32.715939    27.9615      2.814  276.32771  276.42524    11.6222     5.2354 0.0000e+00
 125.494485      2.878    12.0413  32.715531    27.9616      2.852  276.33189  276.42938    11.5288     5.2637 0.0000e+00
 125.494488      2.912    12.0407  32.716814    27.9633      2.886  276.33236  276.42979    11.4821     5.2394 0.0000e+00
 125.494491      2.947    12.0405  32.717398    27.9636      2.921  276.33193  276.42935    11.4198     5.2354 0.0000e+00
 125.494494      2.982    12.0412  32.717164    27.9639      2.955  276.32928  276.42675    11.3264     5.0575 -9.990e-29
 125.494497      3.005    12.0428  32.717164    27.9620      2.979  276.32216  276.41974    11.2019     5.0292 -9.990e-29
 125.494499      3.022    12.0454  32.717806    27.9607      2.995  276.30952  276.40727    11.2953     5.0373 -9.990e-29
 125.494502      3.033    12.0511  32.716522    27.9552      3.006  276.28674  276.38491    11.3887     5.0332 -9.990e-29
 125.494505      3.048    12.0581  32.717396    27.9508      3.021  276.25380  276.35246    11.7311     5.3122 -9.990e-29
 125.494508      3.064    12.0641  32.717396    27.9446      3.037  276.22712  276.32621    11.7934     5.2758 -9.990e-29
 125.494511      3.091    12.0666  32.717570    27.9446      3.064  276.21595  276.31521    11.7000     5.3244 0.0000e+00
 125.494514      3.117    12.0668  32.717804    27.9446      3.089  276.21461  276.31388    11.7934     5.2880 0.0000e+00
 125.494517      3.150    12.0660  32.718387    27.9458      3.121  276.21698  276.31619    12.7584     5.2556 0.0000e+00
 125.494520      3.178    12.0651  32.719145    27.9471      3.150  276.21965  276.31879    12.6805     5.2354 0.0000e+00
 125.494523      3.204    12.0645  32.718796    27.9473      3.175  276.22310  276.32220    12.7739     5.2354 0.0000e+00
 125.494525      3.231    12.0635  32.721070    27.9487      3.203  276.22330  276.32230    12.7272     5.2597 0.0000e+00
 125.494528      3.259    12.0619  32.721712    27.9501      3.230  276.22928  276.32816    12.4315     5.2314 -9.990e-29
 125.494531      3.284    12.0609  32.723928    27.9605      3.255  276.22958  276.32837    12.5871     5.2273 -9.990e-29
 125.494534      3.313    12.0604  32.729527    27.9627      3.283  276.22183  276.32052    12.5716     5.2314 0.0000e+00
 125.494537      3.340    12.0607  32.734426    27.9634      3.311  276.21133  276.30999    12.5560     5.2677 0.0000e+00
 125.494540      3.367    12.0617  32.733668    27.9634      3.337  276.20839  276.30713    12.4782     5.2273 0.0000e+00
 125.494543      3.397    12.0622  32.733610    27.9629      3.366  276.20634  276.30512    13.8012     5.2273 0.0000e+00
 125.494546      3.429    12.0622  32.733435    27.9629      3.399  276.20669  276.30546    13.9879     5.2475 0.0000e+00
 125.494549      3.460    12.0623  32.735302    27.9636      3.429  276.20267  276.30143    13.8634     5.2435 0.0000e+00
 125.494552      3.491    12.0625  32.738568    27.9644      3.460  276.19578  276.29452    13.8634     5.2758 -9.990e-29
 125.494554      3.511    12.0631  32.741834    27.9700      3.480  276.18733  276.28608    12.3070     5.3122 -9.990e-29
 125.494557      3.526    12.0637  32.741251    27.9689      3.495  276.18561  276.28441    12.1513     5.3001 -9.990e-29
 125.494560      3.542    12.0642  32.742476    27.9697      3.511  276.18121  276.28003    12.1980     5.2961 -9.990e-29
 125.494563      3.566    12.0644  32.739793    27.9653      3.534  276.18552  276.28438    12.2447     5.2799 -9.990e-29
 125.494566      3.594    12.0644  32.737926    27.9656      3.562  276.18865  276.28753    18.8128     5.6195 0.0000e+00
 125.494569      3.627    12.0644  32.738568    27.9659      3.594  276.18780  276.28668    18.7973     5.6600 0.0000e+00
 125.494572      3.662    12.0643  32.742710    27.9679      3.629  276.18055  276.27938    18.7194     5.6074 0.0000e+00
 125.494575      3.694    12.0632  32.751927    27.9699      3.661  276.16866  276.26731    18.8595     5.6398 -9.990e-29
 125.494578      3.718    12.0612  32.760620    27.9891      3.685  276.16144  276.25985    18.5171     5.5912 -9.990e-29
 125.494580      3.738    12.0582  32.775850    28.0057      3.705  276.14689  276.24493    18.6416     5.5629 -9.990e-29
 125.494583      3.757    12.0535  32.789273    28.0220      3.723  276.14339  276.24094    18.5171     5.5791 -9.990e-29
 125.494586      3.773    12.0473  32.795870    28.0328      3.740  276.15859  276.25563    18.6416     5.5832 -9.990e-29
 125.494589      3.788    12.0420  32.805794    28.0462      3.754  276.16395  276.26051    18.5482     5.5993 -9.990e-29
 125.494592      3.806    12.0375  32.810640    28.0541      3.772  276.17490  276.27109    18.0969     5.2961 -9.990e-29
 125.494595      3.827    12.0347  32.813384    28.0608      3.792  276.18258  276.27854    18.0502     5.3203 -9.990e-29
 125.494598      3.856    12.0336  32.814668    28.0622      3.822  276.18489  276.28076    18.0035     5.2920 0.0000e+00
 125.494601      3.887    12.0334  32.817529    28.0637      3.852  276.18060  276.27642    17.9879     5.3365 0.0000e+00
 125.494604      3.924    12.0333  32.820215    28.0663      3.889  276.17601  276.27179    16.8829     5.3324 0.0000e+00
