Processed/SBE19plus_01907321_2022_05_07_Cast73_wfilter.cnv
* Sea-Bird SBE19plus  Data File:
* FileName = E:\Prandtl Daten\2022\CTD\Raw\SBE19plus_01907321_2022_05_07_Cast73.hex
* Software version 2.6.1.12
* Temperature SN = 7321
* Conductivity SN = 7321
* System UpLoad Time = May 07 2022 13:31:42
* <ApplicationData>
* <Seaterm232>
** Messpraktikum 2022
** CTD 07.05 BE
** NMEA Latitude = 54 07.440 N
** NMEA Longitude = 008 50.213 E
# nquan = 11
# nvalues = 599                         
# units = specified
# name 0 = timeJ: Julian Days
# name 1 = prdM: Pressure, Strain Gauge [db]
# name 2 = tv290C: Temperature [ITS-90, deg C]
# name 3 = c0mS/cm: Conductivity [mS/cm]
# name 4 = sal00: Salinity, Practical [PSU]
# name 5 = depSM: Depth [salt water, m], lat = 54.00
# name 6 = oxsatMm/Kg: Oxygen Saturation, Weiss [umol/kg]
# name 7 = oxsolMm/Kg: Oxygen Saturation, Garcia & Gordon [umol/kg]
# name 8 = turbWETntu0: Turbidity, WET Labs ECO [NTU]
# name 9 = flECO-AFL: Fluorescence, WET Labs ECO-AFL/FL [mg/m^3]
# name 10 = flag:  0.000e+00
# span 0 = 127.555900, 127.557630       
# span 1 =      0.541,     17.248       
# span 2 =    13.0476,    13.0669       
# span 3 =  32.482310,  32.533157       
# span 4 =    27.0053,    27.0448       
# span 5 =      0.536,     17.093       
# span 6 =  272.14229,  272.32407       
# span 7 =  272.31047,  272.49155       
# span 8 =    12.4159,   126.8595       
# span 9 =     5.9349,    16.8690       
# span 10 = 0.0000e+00, 0.0000e+00      
# interval = seconds: 0.25
# start_time = May 07 2022 13:19:21 [Instrument's time stamp, header]
# bad_flag = -9.990e-29
*END*
[from data line 132]
 127.556282      4.278    13.0583  32.522634    27.0384      4.239  272.19943  272.36716    16.0268     6.6345 -9.990e-29
 127.556285      4.300    13.0585  32.522925    27.0395      4.261  272.19831  272.36605    16.1202     7.3138 -9.990e-29
 127.556288      4.318    13.0586  32.523507    27.0399      4.279  272.19667  272.36442    15.9957     7.2977 -9.990e-29
 127.556291      4.334    13.0590  32.523100    27.0392      4.296  272.19551  272.36328    16.2914     7.2774 -9.990e-29
 127.556293      4.356    13.0590  32.523333    27.0394      4.317  272.19511  272.36289    16.2603     7.3017 -9.990e-29
 127.556296      4.380    13.0593  32.522634    27.0390      4.341  272.19509  272.36289    21.4432     8.3490 -9.990e-29
 127.556299      4.411    13.0592  32.523100    27.0388      4.372  272.19461  272.36240    21.4899     8.3611 0.0000e+00
 127.556302      4.447    13.0590  32.522518    27.0386      4.408  272.19659  272.36437    21.5054     8.4137 0.0000e+00
 127.556305      4.486    13.0588  32.519842    27.0363      4.446  272.20223  272.37002    21.6455     8.3814 0.0000e+00
 127.556308      4.522    13.0583  32.518563    27.0355      4.482  272.20669  272.37446    21.5054     8.3692 0.0000e+00
 127.556311      4.561    13.0574  32.517574    27.0355      4.520  272.21221  272.37994    26.0969     8.5229 0.0000e+00
 127.556314      4.593    13.0566  32.517981    27.0356      4.552  272.21499  272.38266    26.0191     8.5633 0.0000e+00
 127.556317      4.628    13.0565  32.517400    27.0361      4.587  272.21666  272.38432    26.0969     8.5471 0.0000e+00
 127.556319      4.657    13.0563  32.517807    27.0359      4.616  272.21691  272.38456    25.8945     8.5067 0.0000e+00
 127.556322      4.685    13.0563  32.516993    27.0362      4.643  272.21835  272.38600    27.1397     8.5674 -9.990e-29
 127.556325      4.705    13.0561  32.515538    27.0342      4.663  272.22184  272.38950    27.2798     8.5754 -9.990e-29
 127.556328      4.728    13.0557  32.514957    27.0339      4.686  272.22444  272.39208    27.1552     8.5552 -9.990e-29
 127.556331      4.747    13.0553  32.513503    27.0329      4.704  272.22888  272.39651    26.9996     8.5431 -9.990e-29
 127.556334      4.776    13.0547  32.510361    27.0304      4.733  272.23690  272.40452    33.6455    10.1363 -9.990e-29
 127.556337      4.799    13.0539  32.510071    27.0311      4.757  272.24089  272.40846    33.4120    10.1161 -9.990e-29
 127.556340      4.832    13.0533  32.510071    27.0309      4.789  272.24343  272.41096    33.6611    10.1403 0.0000e+00
 127.556343      4.862    13.0530  32.509431    27.0308      4.818  272.24614  272.41365    33.4899    10.1606 0.0000e+00
 127.556345      4.891    13.0528  32.509024    27.0305      4.847  272.24781  272.41532    32.6805     9.9179 0.0000e+00
 127.556348      4.926    13.0525  32.508443    27.0301      4.881  272.24979  272.41729    32.6961     9.9260 0.0000e+00
 127.556351      4.955    13.0523  32.507803    27.0297      4.910  272.25187  272.41936    32.6494     9.9382 0.0000e+00
 127.556354      4.984    13.0522  32.505942    27.0289      4.939  272.25545  272.42295    33.0229     9.9705 0.0000e+00
 127.556357      5.013    13.0521  32.506756    27.0284      4.968  272.25468  272.42216    32.6805     9.9018 0.0000e+00
 127.556360      5.044    13.0519  32.507687    27.0289      4.999  272.25402  272.42148    37.6299     9.7966 -9.990e-29
 127.556363      5.066    13.0520  32.506175    27.0284      5.021  272.25636  272.42384    37.5833     9.7724 -9.990e-29
 127.556366      5.086    13.0520  32.506349    27.0285      5.040  272.25575  272.42324    37.7233     9.8735 -9.990e-29
 127.556369      5.111    13.0521  32.503906    27.0256      5.066  272.25971  272.42723    37.5988     9.8330 -9.990e-29
 127.556372      5.137    13.0519  32.503092    27.0260      5.091  272.26209  272.42960    37.8012    10.7752 0.0000e+00
 127.556374      5.164    13.0516  32.503790    27.0256      5.118  272.26215  272.42964    37.7389    10.7388 0.0000e+00
 127.556377      5.197    13.0515  32.502685    27.0264      5.150  272.26442  272.43190    37.8012    10.7833 0.0000e+00
 127.556380      5.230    13.0515  32.503732    27.0255      5.183  272.26293  272.43040    37.7700    10.7711 0.0000e+00
 127.556383      5.261    13.0517  32.502511    27.0251      5.214  272.26382  272.43132    33.3965     9.8492 0.0000e+00
 127.556386      5.295    13.0516  32.501697    27.0246      5.248  272.26589  272.43339    33.4587     9.8735 0.0000e+00
 127.556389      5.328    13.0515  32.501813    27.0245      5.281  272.26602  272.43352    33.3342     9.8451 0.0000e+00
 127.556392      5.363    13.0514  32.501464    27.0246      5.315  272.26728  272.43477    33.5366     9.8735 0.0000e+00
 127.556395      5.394    13.0514  32.502104    27.0250      5.346  272.26619  272.43367    23.5755     8.6887 0.0000e+00
 127.556398      5.423    13.0515  32.502686    27.0252      5.375  272.26488  272.43236    23.8245     8.7817 0.0000e+00
 127.556400      5.449    13.0513  32.503209    27.0254      5.400  272.26461  272.43208    23.4665     8.7372 -9.990e-29
 127.556403      5.465    13.0512  32.502511    27.0254      5.416  272.26615  272.43362    23.6066     8.7291 -9.990e-29
 127.556406      5.491    13.0514  32.504315    27.0270      5.442  272.26239  272.42986    23.7622     8.7574 -9.990e-29
 127.556409      5.515    13.0514  32.504315    27.0270      5.465  272.26241  272.42987    27.7778     9.3882 -9.990e-29
 127.556412      5.538    13.0513  32.505129    27.0278      5.489  272.26132  272.42877    27.7155     9.4044 -9.990e-29
 127.556415      5.568    13.0515  32.505304    27.0279      5.518  272.26040  272.42786    27.7467     9.4003 0.0000e+00
 127.556418      5.598    13.0514  32.505536    27.0281      5.548  272.26033  272.42778    27.7311     9.3357 0.0000e+00
 127.556421      5.628    13.0513  32.505537    27.0281      5.577  272.26066  272.42811    27.8245     9.2063 0.0000e+00
 127.556424      5.662    13.0512  32.504955    27.0279      5.612  272.26202  272.42947    27.6222     9.2346 0.0000e+00
 127.556427      5.692    13.0513  32.505304    27.0276      5.641  272.26111  272.42856    27.8401     9.2224 0.0000e+00
 127.556429      5.721    13.0512  32.504955    27.0278      5.670  272.26205  272.42950    27.5755     9.2143 0.0000e+00
 127.556432      5.747    13.0512  32.505130    27.0276      5.695  272.26208  272.42952    29.1163     9.3195 0.0000e+00
 127.556435      5.778    13.0512  32.504955    27.0277      5.726  272.26240  272.42985    29.1941     9.3357 0.0000e+00
 127.556438      5.803    13.0511  32.504955    27.0276      5.751  272.26274  272.43018    29.5054     9.4206 -9.990e-29
 127.556441      5.821    13.0512  32.504548    27.0272      5.769  272.26314  272.43059    29.3654     9.3518 -9.990e-29
 127.556444      5.841    13.0511  32.503909    27.0278      5.789  272.26459  272.43204    37.5366    10.8965 -9.990e-29
 127.556447      5.872    13.0511  32.505130    27.0275      5.820  272.26248  272.42991    37.5677    10.9086 0.0000e+00
 127.556450      5.898    13.0510  32.504549    27.0273      5.845  272.26382  272.43126    37.4276    10.9491 0.0000e+00
 127.556453      5.931    13.0512  32.504723    27.0273      5.878  272.26291  272.43036    37.5366    10.8925 0.0000e+00
 127.556455      5.965    13.0512  32.505130    27.0273      5.912  272.26222  272.42966    37.3342    10.8925 0.0000e+00
 127.556458      6.000    13.0515  32.504723    27.0272      5.947  272.26169  272.42916    28.0268     8.9596 0.0000e+00
 127.556461      6.035    13.0514  32.504723    27.0271      5.981  272.26203  272.42949    27.9646     8.9151 0.0000e+00
 127.556464      6.071    13.0515  32.504316    27.0271      6.017  272.26213  272.42961    27.8401     8.9111 0.0000e+00
 127.556467      6.101    13.0517  32.504956    27.0271      6.046  272.26009  272.42757    28.0580     8.9192 0.0000e+00
 127.556470      6.128    13.0515  32.505364    27.0273      6.073  272.26034  272.42781    26.8284     9.3640 0.0000e+00
 127.556473      6.155    13.0517  32.505945    27.0276      6.100  272.25871  272.42618    26.6883     9.4165 -9.990e-29
 127.556476      6.177    13.0517  32.506178    27.0282      6.122  272.25832  272.42579    26.6261     9.3720 -9.990e-29
 127.556479      6.199    13.0517  32.506992    27.0290      6.143  272.25692  272.42438    26.6883     9.4287 -9.990e-29
 127.556481      6.219    13.0517  32.506120    27.0281      6.163  272.25814  272.42561    30.4860     9.6915 -9.990e-29
 127.556484      6.235    13.0517  32.506993    27.0290      6.179  272.25694  272.42440    30.6727     9.6915 -9.990e-29
 127.556487      6.261    13.0517  32.505946    27.0280      6.205  272.25878  272.42625    30.5171     9.6389 -9.990e-29
 127.556490      6.286    13.0517  32.506586    27.0287      6.230  272.25737  272.42484    30.4237     9.7521 -9.990e-29
 127.556493      6.319    13.0517  32.506702    27.0286      6.263  272.25750  272.42496    42.9062    11.7052 0.0000e+00
 127.556496      6.350    13.0517  32.506586    27.0285      6.293  272.25741  272.42488    43.0463    11.7214 0.0000e+00
 127.556499      6.386    13.0517  32.505946    27.0279      6.329  272.25855  272.42602    43.0152    11.7618 0.0000e+00
 127.556502      6.421    13.0517  32.504725    27.0271      6.364  272.26101  272.42850    42.7661    11.7537 0.0000e+00
 127.556505      6.452    13.0516  32.504957    27.0268      6.394  272.26094  272.42842    42.8595    11.7659 0.0000e+00
 127.556508      6.479    13.0517  32.504143    27.0262      6.421  272.26175  272.42924    48.6027    11.7416 0.0000e+00
 127.556510      6.510    13.0519  32.503096    27.0256      6.452  272.26297  272.43048    48.7272    11.7740 0.0000e+00
 127.556513      6.536    13.0522  32.502282    27.0251      6.477  272.26283  272.43037    48.8984    11.7457 -9.990e-29
 127.556516      6.558    13.0523  32.503096    27.0248      6.499  272.26111  272.42865    48.8050    11.7457 -9.990e-29
 127.556519      6.578    13.0524  32.502689    27.0244      6.519  272.26152  272.42906    52.1513    11.8387 -9.990e-29
 127.556522      6.603    13.0523  32.500654    27.0217      6.544  272.26540  272.43296    52.1202    11.8993 -9.990e-29
 127.556525      6.631    13.0527  32.500014    27.0216      6.571  272.26496  272.43255    52.3381    11.8670 0.0000e+00
 127.556528      6.660    13.0527  32.499839    27.0215      6.600  272.26528  272.43287    52.3692    11.8872 0.0000e+00
 127.556531      6.693    13.0530  32.499607    27.0211      6.633  272.26445  272.43206    52.7272    12.0489 0.0000e+00
 127.556534      6.722    13.0530  32.499665    27.0211      6.662  272.26405  272.43167    52.8829    11.9802 0.0000e+00
 127.556536      6.760    13.0530  32.499200    27.0211      6.700  272.26520  272.43282    52.8984    11.9761 0.0000e+00
 127.556539      6.797    13.0530  32.499840    27.0213      6.736  272.26411  272.43172    52.7117    12.0045 0.0000e+00
 127.556542      6.828    13.0529  32.500014    27.0213      6.767  272.26414  272.43174    49.2408    11.5677 0.0000e+00
 127.556545      6.861    13.0529  32.499026    27.0211      6.799  272.26588  272.43350    49.2564    11.5556 0.0000e+00
 127.556548      6.888    13.0531  32.499084    27.0206      6.826  272.26486  272.43248    49.3031    11.5233 -9.990e-29
 127.556551      6.912    13.0532  32.499200    27.0205      6.850  272.26435  272.43198    49.2253    11.5313 -9.990e-29
 127.556554      6.937    13.0533  32.499433    27.0206      6.875  272.26365  272.43128    49.2564    11.5677 -9.990e-29
 127.556557      6.957    13.0532  32.499026    27.0203      6.895  272.26469  272.43232    48.5560    11.6567 -9.990e-29
 127.556560      6.974    13.0533  32.499666    27.0209      6.911  272.26327  272.43090    48.6494    11.6850 -9.990e-29
 127.556563      6.992    13.0534  32.499026    27.0202      6.930  272.26376  272.43141    48.5405    11.7214 -9.990e-29
 127.556565      7.016    13.0535  32.499201    27.0202      6.953  272.26316  272.43081    48.4626    11.6446 -9.990e-29
 127.556568      7.043    13.0535  32.499201    27.0204      6.980  272.26286  272.43051    50.7350    11.9195 0.0000e+00
 127.556571      7.076    13.0537  32.499608    27.0202      7.013  272.26154  272.42920    50.7194    11.8872 0.0000e+00
 127.556574      7.109    13.0538  32.499085    27.0199      7.045  272.26185  272.42952    50.6883    11.8589 0.0000e+00
 127.556577      7.145    13.0540  32.499027    27.0199      7.082  272.26134  272.42902    50.8906    11.8468 0.0000e+00
 127.556580      7.178    13.0542  32.499608    27.0197      7.114  272.25940  272.42709    50.0346    11.8751 0.0000e+00
 127.556583      7.213    13.0543  32.499201    27.0198      7.148  272.25950  272.42721    50.0657    11.8589 0.0000e+00
 127.556586      7.242    13.0543  32.499434    27.0196      7.177  272.25943  272.42713    50.0502    11.8993 0.0000e+00
 127.556589      7.275    13.0546  32.499318    27.0196      7.210  272.25840  272.42611    50.0657    11.8751 0.0000e+00
 127.556591      7.302    13.0546  32.499434    27.0196      7.237  272.25821  272.42593    54.4393    12.1702 0.0000e+00
 127.556594      7.329    13.0546  32.499027    27.0196      7.264  272.25894  272.42666    54.3459    12.2471 -9.990e-29
 127.556597      7.351    13.0546  32.499202    27.0193      7.285  272.25833  272.42606    54.3926    12.1905 -9.990e-29
 127.556600      7.373    13.0548  32.497748    27.0179      7.307  272.26025  272.42800    54.6105    12.2147 -9.990e-29
 127.556603      7.395    13.0548  32.499202    27.0187      7.329  272.25741  272.42515    54.4704    12.1905 -9.990e-29
 127.556606      7.424    13.0549  32.498795    27.0185      7.358  272.25783  272.42557    59.2019    12.2916 0.0000e+00
 127.556609      7.455    13.0551  32.498620    27.0187      7.388  272.25752  272.42528    59.2331    12.3320 0.0000e+00
 127.556612      7.488    13.0551  32.499202    27.0184      7.421  272.25621  272.42397    59.4043    12.3199 0.0000e+00
 127.556615      7.517    13.0552  32.498737    27.0184      7.450  272.25673  272.42449    59.3887    12.3441 0.0000e+00
 127.556617      7.546    13.0553  32.497806    27.0184      7.479  272.25774  272.42552    54.7350    11.8306 0.0000e+00
 127.556620      7.579    13.0553  32.498795    27.0175      7.511  272.25604  272.42381    54.8128    11.8063 0.0000e+00
 127.556623      7.610    13.0556  32.497806    27.0179      7.542  272.25684  272.42463    54.5949    11.8144 0.0000e+00
 127.556626      7.637    13.0554  32.498330    27.0176      7.569  272.25657  272.42435    54.7506    11.8104 0.0000e+00
 127.556629      7.663    13.0556  32.498621    27.0179      7.594  272.25545  272.42324    53.3654    11.8953 -9.990e-29
 127.556632      7.685    13.0554  32.499203    27.0186      7.616  272.25508  272.42285    53.6766    11.8831 -9.990e-29
 127.556635      7.705    13.0558  32.499203    27.0184      7.636  272.25352  272.42131    53.5677    11.8710 -9.990e-29
 127.556638      7.727    13.0558  32.499203    27.0184      7.657  272.25353  272.42133    53.5677    11.8589 -9.990e-29
 127.556641      7.749    13.0558  32.498505    27.0177      7.679  272.25476  272.42257    59.3420    12.1905 -9.990e-29
 127.556644      7.772    13.0556  32.497981    27.0180      7.703  272.25632  272.42412    59.4198    12.2269 -9.990e-29
 127.556646      7.807    13.0556  32.498621    27.0180      7.737  272.25554  272.42333    59.1085    12.1581 0.0000e+00
 127.556649      7.844    13.0556  32.498621    27.0180      7.773  272.25556  272.42335    59.2331    12.1783 0.0000e+00
 127.556652      7.875    13.0555  32.498796    27.0180      7.804  272.25560  272.42338    59.1864    12.2147 0.0000e+00
 127.556655      7.911    13.0556  32.498505    27.0178      7.840  272.25550  272.42329    60.8362    12.4493 0.0000e+00
