Processed/SBE19plus_01907321_2022_05_05_Cast34_wfilter.cnv
* Sea-Bird SBE19plus  Data File:
* FileName = E:\Prandtl Daten\2022\CTD\Raw\SBE19plus_01907321_2022_05_05_Cast34.hex
* Software version 2.6.1.12
* Temperature SN = 7321
* Conductivity SN = 7321
* System UpLoad Time = May 05 2022 12:23:13
* <ApplicationData>
* <Seaterm232>
** Messpraktikum 2022
** CTD 05.05 NP3
# nquan = 11
# nvalues = 733                         
# units = specified
# name 0 = timeJ: Julian Days
# name 1 = prdM: Pressure, Strain Gauge [db]
# name 2 = tv290C: Temperature [ITS-90, deg C]
# name 3 = c0mS/cm: Conductivity [mS/cm]
# name 4 = sal00: Salinity, Practical [PSU]
# name 5 = depSM: Depth [salt water, m], lat = 54.00
# name 6 = oxsatMm/Kg: Oxygen Saturation, Weiss [umol/kg]
# name 7 = oxsolMm/Kg: Oxygen Saturation, Garcia & Gordon [umol/kg]
# name 8 = turbWETntu0: Turbidity, WET Labs ECO [NTU]
# name 9 = flECO-AFL: Fluorescence, WET Labs ECO-AFL/FL [mg/m^3]
# name 10 = flag:  0.000e+00
# span 0 = 125.509201, 125.511319       
# span 1 =      0.584,     15.553       
# span 2 =    12.0531,    12.1128       
# span 3 =  32.652644,  32.712610       
# span 4 =    27.8818,    27.9241       
# span 5 =      0.579,     15.414       
# span 6 =  276.05988,  276.37828       
# span 7 =  276.16262,  276.47740       
# span 8 =     3.0152,    24.4626       
# span 9 =     2.5666,     4.6450       
# span 10 = 0.0000e+00, 0.0000e+00      
# interval = seconds: 0.25
# start_time = May 05 2022 12:11:28 [Instrument's time stamp, header]
# bad_flag = -9.990e-29
*END*
[from data line 263]
 125.509962      6.285    12.0620  32.670942    27.9028      6.228  276.32375  276.42321    10.0502     4.1598 -9.990e-29
 125.509965      6.281    12.0616  32.669718    27.9020      6.225  276.32817  276.42760    10.0346     4.4469 -9.990e-29
 125.509968      6.277    12.0609  32.667329    27.9002      6.221  276.33534  276.43475    10.0502     4.5439 -9.990e-29
 125.509971      6.274    12.0601  32.666221    27.8998      6.218  276.34109  276.44046    10.0191     4.5601 -9.990e-29
 125.509974      6.272    12.0592  32.667037    27.9012      6.216  276.34364  276.44293     9.8790     4.5520 -9.990e-29
 125.509977      6.272    12.0586  32.665930    27.9006      6.216  276.34846  276.44772    10.0502     4.5682 -9.990e-29
 125.509980      6.270    12.0585  32.664765    27.8996      6.214  276.35091  276.45018     9.0229     4.1719 -9.990e-29
 125.509983      6.268    12.0585  32.663949    27.8988      6.212  276.35240  276.45168     8.9918     4.1679 -9.990e-29
 125.509986      6.268    12.0588  32.663308    27.8979      6.212  276.35202  276.45133     9.0229     4.1436 -9.990e-29
 125.509988      6.263    12.0593  32.664007    27.8982      6.207  276.34856  276.44790     9.1786     4.1760 -9.990e-29
 125.509991      6.263    12.0596  32.663949    27.8980      6.207  276.34742  276.44678    10.6572     4.2609 -9.990e-29
 125.509994      6.257    12.0597  32.663949    27.8979      6.201  276.34680  276.44617    10.7817     4.2811 -9.990e-29
 125.509997      6.259    12.0596  32.663716    27.8978      6.203  276.34785  276.44721    10.8595     4.2892 -9.990e-29
 125.510000      6.257    12.0594  32.664007    27.8982      6.201  276.34825  276.44759    10.7194     4.3013 -9.990e-29
 125.510003      6.257    12.0587  32.663133    27.8979      6.201  276.35295  276.45226     9.9568     4.2124 -9.990e-29
 125.510006      6.259    12.0581  32.664532    27.8997      6.203  276.35319  276.45243     9.9724     4.2285 -9.990e-29
 125.510009      6.259    12.0574  32.663541    27.8992      6.203  276.35780  276.45701    10.0191     4.2609 -9.990e-29
 125.510012      6.259    12.0571  32.662783    27.8988      6.203  276.36074  276.45993     9.8945     4.2366 -9.990e-29
 125.510014      6.263    12.0567  32.663716    27.8999      6.207  276.36059  276.45975     9.9879     4.2528 -9.990e-29
 125.510017      6.263    12.0565  32.662725    27.8992      6.207  276.36365  276.46280    10.2681     4.3943 -9.990e-29
 125.510020      6.262    12.0560  32.662900    27.8996      6.206  276.36519  276.46431    10.0969     4.3822 -9.990e-29
 125.510023      6.261    12.0556  32.663191    27.9002      6.205  276.36652  276.46561     9.9879     4.3620 -9.990e-29
 125.510026      6.259    12.0555  32.662084    27.8993      6.203  276.36917  276.46826    10.0035     4.3620 -9.990e-29
 125.510029      6.255    12.0560  32.663541    27.9003      6.199  276.36401  276.46312    10.1124     4.1800 -9.990e-29
 125.510032      6.251    12.0570  32.662317    27.8984      6.196  276.36190  276.46109     9.8167     4.1679 -9.990e-29
 125.510035      6.248    12.0585  32.663599    27.8985      6.192  276.35303  276.45231    10.0035     4.1679 -9.990e-29
 125.510038      6.253    12.0600  32.663715    27.8974      6.197  276.34598  276.44537    10.1436     4.1921 -9.990e-29
 125.510041      6.251    12.0609  32.663541    27.8967      6.195  276.34257  276.44202    10.0191     4.2690 -9.990e-29
 125.510043      6.255    12.0611  32.662317    27.8953      6.199  276.34357  276.44306     9.9568     4.2528 -9.990e-29
 125.510046      6.253    12.0614  32.662433    27.8952      6.197  276.34211  276.44162     9.9257     4.2326 -9.990e-29
 125.510049      6.253    12.0609  32.661676    27.8949      6.197  276.34599  276.44546    10.1124     4.2447 -9.990e-29
 125.510052      6.246    12.0604  32.662725    27.8963      6.190  276.34624  276.44566     9.7078     4.1436 -9.990e-29
 125.510055      6.239    12.0600  32.662433    27.8963      6.183  276.34863  276.44803     9.8634     4.1760 -9.990e-29
 125.510058      6.233    12.0598  32.664123    27.8980      6.177  276.34615  276.44552     9.8634     4.1841 -9.990e-29
 125.510061      6.226    12.0602  32.663948    27.8976      6.170  276.34491  276.44431     9.7856     4.1679 -9.990e-29
 125.510064      6.226    12.0605  32.664531    27.8979      6.170  276.34229  276.44171     9.7545     4.1719 -9.990e-29
 125.510067      6.222    12.0606  32.664589    27.8978      6.166  276.34156  276.44099    10.2369     4.1719 -9.990e-29
 125.510069      6.220    12.0606  32.663540    27.8968      6.165  276.34348  276.44292    10.2525     4.1719 -9.990e-29
 125.510072      6.226    12.0602  32.663541    27.8971      6.170  276.34535  276.44476    10.3770     4.1800 -9.990e-29
 125.510075      6.228    12.0597  32.663133    27.8971      6.172  276.34827  276.44765    10.1436     4.1638 -9.990e-29
 125.510078      6.228    12.0597  32.660860    27.8950      6.172  276.35244  276.45184     9.7545     4.2366 -9.990e-29
 125.510081      6.228    12.0593  32.659636    27.8941      6.172  276.35654  276.45593     9.8012     4.2043 -9.990e-29
 125.510084      6.226    12.0593  32.657771    27.8924      6.170  276.36027  276.45967     9.7233     4.2204 -9.990e-29
 125.510087      6.217    12.0592  32.652644    27.8876      6.161  276.36997  276.46942     9.7545     4.2285 -9.990e-29
 125.510090      6.213    12.0587  32.653634    27.8889      6.157  276.37033  276.46973     9.7856     4.2568 -9.990e-29
 125.510093      6.213    12.0582  32.655499    27.8911      6.157  276.36909  276.46844     9.6144     4.2407 -9.990e-29
 125.510095      6.208    12.0576  32.656781    27.8927      6.152  276.36922  276.46852     9.4587     4.2245 -9.990e-29
 125.510098      6.204    12.0569  32.656140    27.8926      6.148  276.37350  276.47275     9.4899     4.2326 -9.990e-29
 125.510101      6.204    12.0564  32.654975    27.8919      6.148  276.37812  276.47735    10.4082     4.3256 -9.990e-29
 125.510104      6.198    12.0558  32.656781    27.8941      6.143  276.37760  276.47677    10.3148     4.2892 -9.990e-29
 125.510107      6.198    12.0556  32.657364    27.8947      6.143  276.37716  276.47630    10.3459     4.3296 -9.990e-29
 125.510110      6.191    12.0553  32.657597    27.8952      6.136  276.37828  276.47740    10.2214     4.3013 -9.990e-29
 125.510113      6.189    12.0552  32.658529    27.8962      6.134  276.37688  276.47598    10.2058     4.2811 -9.990e-29
 125.510116      6.184    12.0551  32.661501    27.8990      6.128  276.37174  276.47081    11.3576     4.2124 -9.990e-29
 125.510119      6.182    12.0552  32.661676    27.8991      6.127  276.37111  276.47018    11.7311     4.2124 -9.990e-29
 125.510122      6.180    12.0551  32.663133    27.9006      6.125  276.36875  276.46780    11.5910     4.2366 -9.990e-29
 125.510124      6.186    12.0552  32.662434    27.8999      6.130  276.36972  276.46878    11.5443     4.2488 -9.990e-29
 125.510127      6.186    12.0551  32.661501    27.8991      6.130  276.37205  276.47111    10.3615     4.2488 -9.990e-29
 125.510130      6.186    12.0551  32.662317    27.8998      6.130  276.37056  276.46961    10.2525     4.2892 -9.990e-29
 125.510133      6.189    12.0552  32.660627    27.8981      6.134  276.37304  276.47212    10.0969     4.2528 -9.990e-29
 125.510136      6.188    12.0553  32.662609    27.9000      6.132  276.36909  276.46816    10.2836     4.2568 -9.990e-29
 125.510139      6.184    12.0553  32.662317    27.8997      6.129  276.36962  276.46869    10.4548     4.1679 -9.990e-29
 125.510142      6.182    12.0552  32.661909    27.8994      6.127  276.37068  276.46975    10.5171     4.1679 -9.990e-29
 125.510145      6.178    12.0549  32.662609    27.9002      6.123  276.37064  276.46968    10.3770     4.1638 -9.990e-29
 125.510148      6.178    12.0549  32.663541    27.9012      6.123  276.36924  276.46827    10.7350     4.1760 -9.990e-29
 125.510150      6.176    12.0548  32.663541    27.9012      6.121  276.36955  276.46857    11.2642     4.2609 -9.990e-29
 125.510153      6.171    12.0549  32.665173    27.9027      6.116  276.36594  276.46495    11.3109     4.2730 -9.990e-29
 125.510156      6.167    12.0546  32.664940    27.9026      6.112  276.36760  276.46660    11.0619     4.2326 -9.990e-29
 125.510159      6.169    12.0545  32.665173    27.9030      6.114  276.36780  276.46678    11.1552     4.2366 -9.990e-29
 125.510162      6.165    12.0546  32.665406    27.9031      6.110  276.36706  276.46604    11.0930     4.2407 -9.990e-29
 125.510165      6.160    12.0549  32.664357    27.9019      6.105  276.36773  276.46675    10.0191     4.1355 -9.990e-29
 125.510168      6.158    12.0553  32.666338    27.9035      6.103  276.36193  276.46096    10.0969     4.0991 -9.990e-29
 125.510171      6.156    12.0559  32.667853    27.9045      6.101  276.35666  276.45572    10.0502     4.1113 -9.990e-29
 125.510174      6.149    12.0562  32.667037    27.9035      6.094  276.35691  276.45599     9.9568     4.1355 -9.990e-29
 125.510177      6.153    12.0562  32.668669    27.9050      6.098  276.35392  276.45299    10.5794     4.1194 -9.990e-29
 125.510179      6.154    12.0567  32.669835    27.9057      6.099  276.34930  276.44839    10.5015     4.0910 -9.990e-29
 125.510182      6.155    12.0584  32.669485    27.9041      6.100  276.34249  276.44170    10.4860     4.1234 -9.990e-29
 125.510185      6.156    12.0604  32.669252    27.9025      6.101  276.33422  276.43357    10.6105     4.1234 -9.990e-29
 125.510188      6.158    12.0618  32.670942    27.9030      6.103  276.32460  276.42404    10.7506     4.1194 -9.990e-29
 125.510191      6.164    12.0629  32.671233    27.9024      6.109  276.31941  276.41892    10.9218     4.1274 -9.990e-29
 125.510194      6.164    12.0630  32.670126    27.9013      6.109  276.32113  276.42065    10.8284     4.1274 -9.990e-29
 125.510197      6.162    12.0623  32.669251    27.9010      6.107  276.32583  276.42532    10.7973     4.1194 -9.990e-29
 125.510200      6.162    12.0613  32.670942    27.9034      6.107  276.32709  276.42649    11.3576     4.3579 -9.990e-29
 125.510203      6.160    12.0602  32.669252    27.9026      6.105  276.33484  276.43419    11.2953     4.3903 -9.990e-29
 125.510205      6.160    12.0592  32.670534    27.9045      6.105  276.33715  276.43641    11.2175     4.3903 -9.990e-29
 125.510208      6.160    12.0584  32.670126    27.9047      6.105  276.34132  276.44052    11.4198     4.3620 -9.990e-29
 125.510211      6.160    12.0578  32.669427    27.9045      6.105  276.34540  276.44456    11.1708     4.3701 -9.990e-29
 125.510214      6.159    12.0571  32.669893    27.9055      6.104  276.34765  276.44676    10.6261     4.1962 -9.990e-29
 125.510217      6.159    12.0568  32.671350    27.9071      6.104  276.34622  276.44530    10.4860     4.1921 -9.990e-29
 125.510220      6.162    12.0576  32.671758    27.9069      6.107  276.34206  276.44119    10.5015     4.1355 -9.990e-29
 125.510223      6.162    12.0582  32.671408    27.9061      6.107  276.33990  276.43908    10.5171     4.1921 -9.990e-29
 125.510226      6.168    12.0583  32.672982    27.9075      6.113  276.33640  276.43557    11.1864     4.1800 -9.990e-29
 125.510229      6.173    12.0586  32.672982    27.9073      6.118  276.33547  276.43466    11.3264     4.1436 -9.990e-29
 125.510231      6.177    12.0583  32.672166    27.9067      6.122  276.33790  276.43708    11.1864     4.1962 -9.990e-29
 125.510234      6.182    12.0581  32.673157    27.9078      6.127  276.33702  276.43618    11.4043     4.1962 -9.990e-29
 125.510237      6.188    12.0575  32.672574    27.9077      6.133  276.34089  276.44001    11.8868     4.4307 -9.990e-29
 125.510240      6.188    12.0567  32.671758    27.9076      6.133  276.34611  276.44518    11.7311     4.4469 -9.990e-29
 125.510243      6.188    12.0559  32.672341    27.9087      6.133  276.34846  276.44747    11.7311     4.4469 -9.990e-29
 125.510246      6.208    12.0554  32.670826    27.9076      6.153  276.35343  276.45241    11.6689     4.4065 -9.990e-29
 125.510249      6.239    12.0551  32.671933    27.9089      6.183  276.35266  276.45162    12.2292     4.5561 -9.990e-29
 125.510252      6.261    12.0544  32.671351    27.9088      6.205  276.35685  276.45576    12.1980     4.5561 -9.990e-29
 125.510255      6.283    12.0540  32.671759    27.9095      6.227  276.35798  276.45686    12.1825     4.5722 -9.990e-29
 125.510258      6.303    12.0537  32.671584    27.9096      6.246  276.35987  276.45873    12.2136     4.5399 -9.990e-29
 125.510260      6.319    12.0535  32.670710    27.9089      6.263  276.36211  276.46096    12.0891     4.5318 -9.990e-29
 125.510263      6.339    12.0535  32.670302    27.9085      6.283  276.36318  276.46203    12.0424     4.3013 -9.990e-29
 125.510266      6.365    12.0531  32.671759    27.9102      6.308  276.36208  276.46089    11.9334     4.3013 -9.990e-29
 125.510269      6.388    12.0532  32.670652    27.9099      6.331  276.36350  276.46234    11.9646     4.2892 -9.990e-29
 125.510272      6.414    12.0534  32.671759    27.9101      6.357  276.36087  276.45970    12.0891     4.3175 0.0000e+00
 125.510275      6.447    12.0535  32.672167    27.9101      6.389  276.35983  276.45867    10.8751     4.3418 0.0000e+00
 125.510278      6.480    12.0536  32.671818    27.9103      6.422  276.35988  276.45872    11.0463     4.2973 -9.990e-29
 125.510281      6.503    12.0539  32.672750    27.9121      6.445  276.35663  276.45549    10.9840     4.3256 -9.990e-29
 125.510284      6.531    12.0549  32.675257    27.9117      6.472  276.34802  276.44692    11.1241     4.3215 0.0000e+00
 125.510286      6.556    12.0560  32.675431    27.9114      6.497  276.34275  276.44172    10.4860     4.1274 0.0000e+00
 125.510289      6.581    12.0570  32.676131    27.9113      6.523  276.33682  276.43587    10.5171     4.2124 0.0000e+00
 125.510292      6.609    12.0579  32.676655    27.9113      6.549  276.33215  276.43125    10.5327     4.1557 -9.990e-29
 125.510295      6.629    12.0587  32.676888    27.9108      6.569  276.32801  276.42717    10.5949     4.1962 -9.990e-29
 125.510298      6.645    12.0594  32.674207    27.9077      6.586  276.32983  276.42906    11.1552     4.2690 -9.990e-29
 125.510301      6.662    12.0597  32.676306    27.9094      6.602  276.32444  276.42368    11.2019     4.2407 -9.990e-29
 125.510304      6.680    12.0601  32.675431    27.9083      6.620  276.32450  276.42377    10.9373     4.2488 -9.990e-29
 125.510307      6.704    12.0598  32.676073    27.9091      6.644  276.32459  276.42383    10.9062     4.2204 -9.990e-29
 125.510310      6.728    12.0597  32.674441    27.9083      6.667  276.32821  276.42747    10.9685     4.2568 -9.990e-29
 125.510313      6.755    12.0595  32.674907    27.9085      6.695  276.32831  276.42754    11.1864     4.2690 0.0000e+00
 125.510315      6.782    12.0590  32.675024    27.9085      6.722  276.32998  276.42918    11.2175     4.3215 0.0000e+00
 125.510318      6.815    12.0587  32.674616    27.9087      6.754  276.33230  276.43148    11.2019     4.2973 0.0000e+00
 125.510321      6.844    12.0581  32.675432    27.9097      6.783  276.33331  276.43245    11.2486     4.3337 0.0000e+00
 125.510324      6.876    12.0578  32.675549    27.9099      6.814  276.33468  276.43378    11.1864     4.2326 0.0000e+00
 125.510327      6.905    12.0574  32.675432    27.9101      6.843  276.33646  276.43554    11.2953     4.2245 -9.990e-29
 125.510330      6.928    12.0574  32.676248    27.9119      6.866  276.33529  276.43436    11.2486     4.2447 -9.990e-29
 125.510333      6.956    12.0572  32.677065    27.9119      6.894  276.33444  276.43349    11.3420     4.2447 0.0000e+00
 125.510336      6.987    12.0572  32.676482    27.9119      6.924  276.33584  276.43489    11.0307     4.4226 -9.990e-29
