Processed/SBE19plus_01907321_2022_05_11_Cast128_wfilter.cnv
* Sea-Bird SBE19plus  Data File:
* FileName = E:\Prandtl_Daten\2022\CTD\Raw\SBE19plus_01907321_2022_05_11_Cast128.hex
* Software version 2.6.1.12
* Temperature SN = 7321
* Conductivity SN = 7321
* System UpLoad Time = May 11 2022 11:01:18
* <ApplicationData>
* <Seaterm232>
** Messpraktikum 2022
** CTD 10.05  SW3
** NMEA Latitude = 54 02.58N
** NMEA Longitude = 008 23.31E
# nquan = 11
# nvalues = 439                         
# units = specified
# name 0 = timeJ: Julian Days
# name 1 = prdM: Pressure, Strain Gauge [db]
# name 2 = tv290C: Temperature [ITS-90, deg C]
# name 3 = c0mS/cm: Conductivity [mS/cm]
# name 4 = sal00: Salinity, Practical [PSU]
# name 5 = depSM: Depth [salt water, m], lat = 54.00
# name 6 = oxsatMm/Kg: Oxygen Saturation, Weiss [umol/kg]
# name 7 = oxsolMm/Kg: Oxygen Saturation, Garcia & Gordon [umol/kg]
# name 8 = turbWETntu0: Turbidity, WET Labs ECO [NTU]
# name 9 = flECO-AFL: Fluorescence, WET Labs ECO-AFL/FL [mg/m^3]
# name 10 = flag:  0.000e+00
# span 0 = 131.454245, 131.455512       
# span 1 =      0.457,     11.808       
# span 2 =    11.8109,    12.4166       
# span 3 =  30.774866,  32.839589       
# span 4 =    25.8768,    28.2493       
# span 5 =      0.453,     11.702       
# span 6 =  277.12594,  278.51010       
# span 7 =  277.20584,  278.63807       
# span 8 =    -0.9848,    16.3537       
# span 9 =     5.3729,    11.1310       
# span 10 = 0.0000e+00, 0.0000e+00      
# interval = seconds: 0.25
# start_time = May 11 2022 10:52:58 [Instrument's time stamp, header]
# bad_flag = -9.990e-29
*END*
[from data line 394]
 131.455385     10.617    11.8129  32.833865    28.2442     10.522  277.13556  277.21534    12.6183     7.1925 0.0000e+00
 131.455388     10.670    11.8124  32.834916    28.2445     10.574  277.13612  277.21585    12.6650     7.1885 0.0000e+00
 131.455391     10.715    11.8118  32.835734    28.2457     10.619  277.13711  277.21678    16.1980     7.4190 0.0000e+00
 131.455394     10.755    11.8113  32.838829    28.2490     10.659  277.13356  277.21316    16.1513     7.3947 0.0000e+00
 131.455396     10.788    11.8110  32.838829    28.2491     10.691  277.13512  277.21471    16.0891     7.3866 0.0000e+00
 131.455399     10.817    11.8111  32.837428    28.2492     10.720  277.13743  277.21704    16.0891     7.3704 -9.990e-29
 131.455402     10.841    11.8109  32.838654    28.2491     10.744  277.13580  277.21537    16.0268     7.3583 -9.990e-29
 131.455405     10.863    11.8113  32.837603    28.2478     10.766  277.13622  277.21583    11.9646     7.1804 -9.990e-29
 131.455408     10.872    11.8114  32.838830    28.2489     10.775  277.13333  277.21294    12.0580     7.2087 -9.990e-29
 131.455411     10.881    11.8115  32.833924    28.2442     10.783  277.14212  277.22180    11.9646     7.1966 -9.990e-29
 131.455414     10.888    11.8117  32.839589    28.2493     10.791  277.13039  277.21002    11.9646     7.1885 -9.990e-29
 131.455417     10.909    11.8116  32.835735    28.2458     10.811  277.13817  277.21783    12.6961     6.8245 -9.990e-29
 131.455420     10.921    11.8116  32.834917    28.2466     10.824  277.13969  277.21937    12.8517     6.8084 -9.990e-29
 131.455422     10.947    11.8118  32.836786    28.2466     10.849  277.13532  277.21499    12.6494     6.7882 0.0000e+00
 131.455425     10.973    11.8122  32.836669    28.2466     10.874  277.13370  277.21340    12.7584     6.8043 -9.990e-29
 131.455428     10.994    11.8126  32.838830    28.2466     10.896  277.12817  277.20787    12.7895     6.9216 -9.990e-29
 131.455431     11.030    11.8131  32.837837    28.2460     10.932  277.12756  277.20731    12.7584     6.9539 0.0000e+00
 131.455434     11.067    11.8132  32.836669    28.2454     10.968  277.12944  277.20921    12.6961     6.9378 0.0000e+00
 131.455437     11.098    11.8132  32.836377    28.2451     10.999  277.13001  277.20978    12.7584     6.9256 0.0000e+00
 131.455440     11.139    11.8131  32.831823    28.2451     11.039  277.13910  277.21891    14.1591     8.3652 0.0000e+00
 131.455443     11.181    11.8126  32.836845    28.2441     11.081  277.13198  277.21170    14.1280     8.3571 0.0000e+00
 131.455446     11.213    11.8126  32.834918    28.2441     11.113  277.13527  277.21502    14.0813     8.3571 0.0000e+00
 131.455448     11.248    11.8126  32.834743    28.2441     11.147  277.13592  277.21567    14.1591     8.3611 0.0000e+00
 131.455451     11.275    11.8124  32.834451    28.2440     11.174  277.13741  277.21715    14.2214     8.4097 -9.990e-29
 131.455454     11.295    11.8120  32.833283    28.2430     11.194  277.14113  277.22086    12.7739     7.4473 -9.990e-29
 131.455457     11.317    11.8118  32.833692    28.2435     11.216  277.14132  277.22102    12.8517     7.4513 -9.990e-29
 131.455460     11.340    11.8115  32.835561    28.2455     11.238  277.13910  277.21877    12.6805     7.4594 -9.990e-29
 131.455463     11.361    11.8114  32.833283    28.2434     11.260  277.14396  277.22364    12.6805     7.4594 -9.990e-29
 131.455466     11.379    11.8112  32.837196    28.2473     11.277  277.13765  277.21726    11.3109     7.6535 -9.990e-29
 131.455469     11.397    11.8112  32.832466    28.2428     11.295  277.14643  277.22610    11.1708     7.6697 -9.990e-29
 131.455472     11.416    11.8116  32.834276    28.2442     11.313  277.14123  277.22091    11.3109     7.6131 -9.990e-29
 131.455475     11.432    11.8120  32.836145    28.2456     11.330  277.13593  277.21562    11.1397     7.6292 -9.990e-29
 131.455477     11.450    11.8124  32.834743    28.2440     11.348  277.13668  277.21642    10.7506     6.6143 -9.990e-29
 131.455480     11.472    11.8126  32.835269    28.2443     11.370  277.13480  277.21454    10.8595     6.6264 -9.990e-29
 131.455483     11.492    11.8131  32.835970    28.2447     11.389  277.13166  277.21143    10.6727     6.5981 -9.990e-29
 131.455486     11.516    11.8138  32.833459    28.2414     11.413  277.13324  277.21309    10.7039     6.6143 -9.990e-29
 131.455489     11.547    11.8140  32.833284    28.2411     11.444  277.13235  277.21223    14.5482     7.3907 0.0000e+00
 131.455492     11.582    11.8144  32.833109    28.2409     11.478  277.13116  277.21106    14.6572     7.4028 0.0000e+00
 131.455495     11.622    11.8144  32.832058    28.2409     11.518  277.13314  277.21305    14.5794     7.3704 0.0000e+00
 131.455498     11.668    11.8146  32.835153    28.2401     11.563  277.12650  277.20639    14.6883     7.3704 0.0000e+00
 131.455501     11.713    11.8149  32.832700    28.2425     11.608  277.12985  277.20979    14.5638     7.3785 0.0000e+00
 131.455503     11.746    11.8147  32.835153    28.2413     11.641  277.12594  277.20584    16.3381     7.7748 0.0000e+00
 131.455506     11.775    11.8142  32.835971    28.2425     11.670  277.12692  277.20677    16.2447     7.7708 -9.990e-29
 131.455509     11.795    11.8134  32.834686    28.2431     11.690  277.13271  277.21252    16.3537     7.7586 -9.990e-29
 131.455512     11.808    11.8130  32.838248    28.2468     11.702  277.12797  277.20771    16.3537     7.7586 -9.990e-29
