Processed/SBE19plus_01907321_2022_05_05_Cast28_wfilter.cnv
* Sea-Bird SBE19plus  Data File:
* FileName = E:\Prandtl Daten\2022\CTD\Raw\SBE19plus_01907321_2022_05_05_Cast28.hex
* Software version 2.6.1.12
* Temperature SN = 7321
* Conductivity SN = 7321
* System UpLoad Time = May 05 2022 09:48:23
* <ApplicationData>
* <Seaterm232>
** Messpraktikum 2022
** CTD 05.05 NP4
# nquan = 11
# nvalues = 528                         
# units = specified
# name 0 = timeJ: Julian Days
# name 1 = prdM: Pressure, Strain Gauge [db]
# name 2 = tv290C: Temperature [ITS-90, deg C]
# name 3 = c0mS/cm: Conductivity [mS/cm]
# name 4 = sal00: Salinity, Practical [PSU]
# name 5 = depSM: Depth [salt water, m], lat = 54.00
# name 6 = oxsatMm/Kg: Oxygen Saturation, Weiss [umol/kg]
# name 7 = oxsolMm/Kg: Oxygen Saturation, Garcia & Gordon [umol/kg]
# name 8 = turbWETntu0: Turbidity, WET Labs ECO [NTU]
# name 9 = flECO-AFL: Fluorescence, WET Labs ECO-AFL/FL [mg/m^3]
# name 10 = flag:  0.000e+00
# span 0 = 125.403993, 125.405518       
# span 1 =      0.674,     13.977       
# span 2 =    11.4737,    11.8811       
# span 3 =  31.715167,  32.353774       
# span 4 =    27.3578,    27.7439       
# span 5 =      0.668,     13.851       
# span 6 =  277.72231,  280.69050       
# span 7 =  277.81241,  280.75880       
# span 8 =     4.9762,    62.2369       
# span 9 =     3.8848,    11.3009       
# span 10 = 0.0000e+00, 0.0000e+00      
# interval = seconds: 0.25
# start_time = May 05 2022 09:40:33 [Instrument's time stamp, header]
# bad_flag = -9.990e-29
*END*
[from data line 132]
 125.404375      3.947    11.5571  31.722709    27.3776      3.912  280.36313  280.43703    10.9996     6.9256 -9.990e-29
 125.404378      3.972    11.5570  31.722536    27.3764      3.937  280.36410  280.43800    10.8128     6.7396 -9.990e-29
 125.404381      3.999    11.5568  31.720923    27.3759      3.964  280.36811  280.44201    10.7817     6.7194 0.0000e+00
 125.404384      4.031    11.5559  31.719137    27.3764      3.995  280.37559  280.44944    10.7194     6.7315 0.0000e+00
 125.404387      4.058    11.5546  31.720750    27.3766      4.022  280.37856  280.45230    10.7661     6.7235 0.0000e+00
 125.404389      4.084    11.5538  31.720174    27.3779      4.047  280.38313  280.45682    10.6416     6.5496 -9.990e-29
 125.404392      4.106    11.5535  31.720751    27.3787      4.069  280.38364  280.45730    10.7350     6.5536 -9.990e-29
 125.404395      4.124    11.5534  31.720175    27.3782      4.087  280.38536  280.45902    10.6105     6.5536 -9.990e-29
 125.404398      4.138    11.5532  31.720520    27.3786      4.101  280.38535  280.45900    10.8595     6.5617 -9.990e-29
 125.404401      4.161    11.5534  31.719771    27.3778      4.123  280.38583  280.45950    10.7039     6.8731 -9.990e-29
 125.404404      4.184    11.5528  31.718965    27.3790      4.147  280.39021  280.46384    10.7973     6.8488 -9.990e-29
 125.404407      4.213    11.5517  31.719772    27.3793      4.176  280.39375  280.46730    10.8284     6.8488 0.0000e+00
 125.404410      4.245    11.5514  31.720175    27.3795      4.207  280.39427  280.46779    10.6572     6.8650 0.0000e+00
 125.404413      4.275    11.5518  31.720348    27.3795      4.237  280.39239  280.46594    10.5482     6.4081 0.0000e+00
 125.404416      4.309    11.5519  31.720175    27.3792      4.270  280.39211  280.46567    10.5171     6.4040 0.0000e+00
 125.404418      4.339    11.5521  31.719945    27.3789      4.301  280.39162  280.46520    10.5015     6.4081 0.0000e+00
 125.404421      4.371    11.5517  31.719772    27.3789      4.332  280.39386  280.46741    10.4548     6.3959 0.0000e+00
 125.404424      4.397    11.5513  31.718735    27.3789      4.357  280.39772  280.47125    10.4860     6.4000 -9.990e-29
 125.404427      4.422    11.5505  31.719542    27.3796      4.383  280.40000  280.47346    11.5288     6.6830 -9.990e-29
 125.404430      4.446    11.5504  31.719773    27.3799      4.406  280.39990  280.47335    11.4510     6.7113 -9.990e-29
 125.404433      4.464    11.5510  31.720176    27.3798      4.424  280.39632  280.46981    11.5288     6.6911 -9.990e-29
 125.404436      4.481    11.5513  31.720176    27.3796      4.440  280.39507  280.46858    11.5443     6.6345 -9.990e-29
 125.404439      4.501    11.5512  31.719946    27.3794      4.461  280.39583  280.46934    11.7311     6.8569 -9.990e-29
 125.404442      4.524    11.5509  31.719773    27.3804      4.484  280.39775  280.47124    11.7934     6.8488 -9.990e-29
 125.404444      4.550    11.5507  31.720522    27.3796      4.509  280.39730  280.47077    11.6844     6.8367 0.0000e+00
 125.404447      4.577    11.5503  31.718563    27.3804      4.536  280.40259  280.47605    11.7778     6.8407 0.0000e+00
 125.404450      4.612    11.5500  31.720176    27.3799      4.570  280.40115  280.47457    11.7934     6.8003 0.0000e+00
 125.404453      4.639    11.5500  31.719543    27.3801      4.598  280.40236  280.47579    11.7622     6.7882 0.0000e+00
 125.404456      4.674    11.5496  31.719543    27.3799      4.632  280.40396  280.47736    11.7622     6.7760 0.0000e+00
 125.404459      4.703    11.5492  31.718564    27.3801      4.661  280.40772  280.48110    11.7467     6.8043 0.0000e+00
 125.404462      4.734    11.5485  31.718737    27.3798      4.692  280.41088  280.48421    10.9996     6.7720 0.0000e+00
 125.404465      4.763    11.5478  31.717988    27.3802      4.720  280.41547  280.48875    11.0307     6.8084 -9.990e-29
 125.404468      4.783    11.5474  31.718391    27.3807      4.740  280.41661  280.48986    11.0463     6.8326 -9.990e-29
 125.404470      4.805    11.5470  31.718564    27.3811      4.762  280.41788  280.49110    10.9840     6.7760 -9.990e-29
 125.404473      4.823    11.5468  31.718391    27.3811      4.780  280.41948  280.49268    10.8906     6.7882 -9.990e-29
 125.404476      4.839    11.5467  31.716951    27.3798      4.796  280.42252  280.49573    12.3070     7.1076 -9.990e-29
 125.404479      4.863    11.5459  31.716778    27.3802      4.819  280.42664  280.49980    12.1825     7.1157 -9.990e-29
 125.404482      4.885    11.5447  31.715396    27.3811      4.841  280.43462  280.50771    12.1825     7.1116 -9.990e-29
 125.404485      4.912    11.5436  31.715972    27.3816      4.868  280.43860  280.51160    12.2292     7.1116 0.0000e+00
 125.404488      4.949    11.5433  31.716779    27.3821      4.904  280.43836  280.51134    11.7622     6.6588 0.0000e+00
 125.404491      4.980    11.5430  31.716952    27.3821      4.935  280.43964  280.51258    11.6533     6.6588 0.0000e+00
 125.404494      5.011    11.5430  31.716606    27.3821      4.966  280.44031  280.51326    11.7934     6.6588 0.0000e+00
 125.404497      5.044    11.5427  31.715973    27.3820      4.999  280.44279  280.51572    11.8556     6.6507 0.0000e+00
 125.404499      5.073    11.5426  31.716203    27.3818      5.028  280.44269  280.51562    11.2798     6.8892 0.0000e+00
 125.404502      5.100    11.5423  31.715800    27.3819      5.054  280.44504  280.51795    11.1397     6.9539 0.0000e+00
 125.404505      5.128    11.5424  31.716780    27.3818      5.082  280.44290  280.51580    11.2953     6.8933 -9.990e-29
 125.404508      5.151    11.5425  31.716780    27.3826      5.105  280.44229  280.51520    11.3109     6.9459 -9.990e-29
 125.404511      5.173    11.5427  31.716607    27.3823      5.127  280.44168  280.51461    11.1397     7.0389 -9.990e-29
 125.404514      5.193    11.5424  31.715167    27.3811      5.147  280.44567  280.51860    11.2642     7.0308 -9.990e-29
 125.404517      5.215    11.5419  31.715973    27.3822      5.169  280.44637  280.51926    11.2798     7.0267 -9.990e-29
 125.404520      5.237    11.5414  31.716146    27.3831      5.190  280.44858  280.52143    11.2019     7.0469 -9.990e-29
 125.404523      5.266    11.5408  31.715974    27.3834      5.219  280.45177  280.52457    11.3264     7.0550 0.0000e+00
 125.404525      5.292    11.5401  31.715974    27.3836      5.244  280.45494  280.52769    11.3109     6.9903 0.0000e+00
 125.404528      5.325    11.5398  31.716608    27.3836      5.277  280.45503  280.52775    11.2642     6.9984 0.0000e+00
 125.404531      5.352    11.5392  31.715398    27.3844      5.304  280.46016  280.53285    11.3420     6.9742 0.0000e+00
 125.404534      5.385    11.5387  31.716608    27.3851      5.337  280.46011  280.53275    11.2642     6.9903 0.0000e+00
 125.404537      5.416    11.5385  31.716608    27.3853      5.367  280.46108  280.53371    11.0619     6.6749 0.0000e+00
 125.404540      5.445    11.5378  31.716205    27.3854      5.396  280.46501  280.53759    10.9529     6.6628 0.0000e+00
 125.404543      5.472    11.5375  31.716781    27.3854      5.423  280.46520  280.53776    10.9840     6.6871 -9.990e-29
 125.404546      5.494    11.5375  31.716781    27.3862      5.445  280.46554  280.53809    11.0619     6.6830 -9.990e-29
 125.404549      5.516    11.5376  31.716954    27.3862      5.467  280.46459  280.53715    11.8245     7.0469 -9.990e-29
 125.404552      5.534    11.5378  31.715975    27.3852      5.484  280.46582  280.53840    11.7622     7.0469 -9.990e-29
 125.404554      5.554    11.5376  31.717358    27.3866      5.504  280.46386  280.53641    11.6689     7.0591 -9.990e-29
 125.404557      5.572    11.5369  31.717588    27.3880      5.522  280.46691  280.53940    11.7934     7.0389 -9.990e-29
 125.404560      5.601    11.5360  31.717588    27.3884      5.551  280.47102  280.54346    11.8868     6.9863 0.0000e+00
 125.404563      5.632    11.5350  31.717588    27.3887      5.582  280.47546  280.54782    11.7311     6.9701 0.0000e+00
 125.404566      5.667    11.5343  31.717761    27.3894      5.616  280.47831  280.55062    11.7311     6.9620 0.0000e+00
 125.404569      5.698    11.5340  31.717762    27.3896      5.647  280.47991  280.55219    11.7155     6.9984 0.0000e+00
 125.404572      5.731    11.5340  31.717762    27.3896      5.679  280.47993  280.55221    11.7934     6.9944 0.0000e+00
 125.404575      5.760    11.5340  31.716610    27.3896      5.708  280.48212  280.55442    11.2953     6.5779 -9.990e-29
 125.404578      5.784    11.5336  31.717589    27.3907      5.732  280.48187  280.55413    11.2642     6.5091 -9.990e-29
 125.404580      5.813    11.5334  31.718396    27.3907      5.761  280.48163  280.55386    11.2953     6.5617 0.0000e+00
 125.404583      5.840    11.5330  31.717762    27.3907      5.788  280.48442  280.55663    11.2175     6.5496 -9.990e-29
 125.404586      5.860    11.5331  31.717359    27.3898      5.808  280.48488  280.55710    11.7467     7.0267 -9.990e-29
 125.404589      5.879    11.5332  31.717993    27.3903      5.826  280.48306  280.55529    11.7467     7.0550 -9.990e-29
 125.404592      5.895    11.5331  31.716610    27.3891      5.842  280.48631  280.55855    11.6844     7.0550 -9.990e-29
 125.404595      5.917    11.5326  31.717762    27.3916      5.864  280.48636  280.55855    11.7778     7.0672 -9.990e-29
 125.404598      5.943    11.5320  31.718396    27.3916      5.890  280.48802  280.56016    11.9957     7.1763 0.0000e+00
 125.404601      5.972    11.5315  31.718166    27.3916      5.919  280.49068  280.56278    11.9957     7.1723 0.0000e+00
 125.404604      6.001    11.5312  31.718397    27.3917      5.947  280.49185  280.56392    12.0424     7.1440 -9.990e-29
 125.404606      6.026    11.5312  31.718569    27.3918      5.973  280.49154  280.56361    11.8712     7.1763 -9.990e-29
 125.404609      6.058    11.5312  31.717993    27.3919      6.004  280.49233  280.56441    11.9334     6.9459 0.0000e+00
 125.404612      6.085    11.5312  31.718166    27.3920      6.031  280.49234  280.56441    11.9957     6.9176 0.0000e+00
 125.404615      6.114    11.5311  31.718743    27.3925      6.060  280.49159  280.56365    11.9334     6.9297 0.0000e+00
 125.404618      6.143    11.5310  31.719146    27.3927      6.088  280.49116  280.56322    12.0113     6.9256 0.0000e+00
 125.404621      6.174    11.5307  31.719377    27.3930      6.119  280.49201  280.56404    11.9646     6.9095 -9.990e-29
 125.404624      6.196    11.5308  31.719377    27.3933      6.141  280.49171  280.56375    11.6222     6.7235 -9.990e-29
 125.404627      6.214    11.5306  31.719146    27.3933      6.159  280.49310  280.56513    11.7778     6.7275 -9.990e-29
 125.404630      6.230    11.5304  31.719953    27.3942      6.174  280.49254  280.56454    11.7934     6.7275 -9.990e-29
 125.404633      6.254    11.5303  31.720183    27.3955      6.198  280.49275  280.56474    11.6689     6.7194 -9.990e-29
 125.404635      6.281    11.5299  31.720933    27.3956      6.225  280.49325  280.56520    11.5599     7.1197 0.0000e+00
 125.404638      6.312    11.5296  31.720933    27.3956      6.256  280.49422  280.56615    11.5910     7.1359 0.0000e+00
 125.404641      6.343    11.5292  31.720933    27.3959      6.287  280.49613  280.56803    11.5288     7.1238 0.0000e+00
 125.404644      6.376    11.5292  31.721163    27.3962      6.319  280.49603  280.56793    11.5599     7.1440 0.0000e+00
 125.404647      6.404    11.5289  31.720933    27.3962      6.347  280.49775  280.56963    11.4821     6.8609 0.0000e+00
 125.404650      6.431    11.5286  31.721567    27.3970      6.374  280.49783  280.56969    11.5288     6.8488 0.0000e+00
 125.404653      6.459    11.5283  31.721740    27.3972      6.401  280.49879  280.57062    11.4976     6.8771 0.0000e+00
 125.404656      6.488    11.5281  31.721740    27.3973      6.430  280.49975  280.57157    11.5443     6.8165 -9.990e-29
 125.404659      6.512    11.5281  31.721740    27.3975      6.453  280.50008  280.57189    11.0619     6.8771 -9.990e-29
 125.404661      6.530    11.5277  31.721164    27.3972      6.471  280.50307  280.57486    10.9840     6.9863 -9.990e-29
 125.404664      6.553    11.5279  31.720934    27.3969      6.495  280.50258  280.57438    11.0152     6.9863 -9.990e-29
 125.404667      6.570    11.5279  31.721740    27.3976      6.511  280.50107  280.57287    11.0463     6.9863 -9.990e-29
 125.404670      6.591    11.5277  31.720934    27.3970      6.532  280.50324  280.57503    11.0463     6.9903 -9.990e-29
 125.404673      6.612    11.5275  31.721971    27.3976      6.553  280.50224  280.57401    11.1241     7.0510 -9.990e-29
 125.404676      6.639    11.5272  31.721164    27.3980      6.580  280.50536  280.57711    10.9840     7.0429 0.0000e+00
 125.404679      6.672    11.5269  31.721971    27.3980      6.612  280.50512  280.57684    11.1397     7.0510 0.0000e+00
 125.404682      6.703    11.5268  31.721337    27.3980      6.643  280.50697  280.57869    11.0930     7.0550 0.0000e+00
 125.404685      6.732    11.5268  31.720358    27.3980      6.672  280.50852  280.58026    11.8245     6.7275 0.0000e+00
 125.404687      6.760    11.5268  31.722144    27.3979      6.699  280.50548  280.57720    11.7311     6.7032 0.0000e+00
 125.404690      6.792    11.5267  31.721338    27.3988      6.731  280.50734  280.57906    11.7622     6.7396 -9.990e-29
 125.404693      6.816    11.5266  31.722548    27.3991      6.755  280.50539  280.57709    11.7311     6.7518 -9.990e-29
 125.404696      6.845    11.5264  31.722317    27.3991      6.784  280.50679  280.57848    11.7000     6.8043 0.0000e+00
 125.404699      6.873    11.5261  31.722318    27.3991      6.811  280.50807  280.57974    11.7155     6.7760 -9.990e-29
 125.404702      6.893    11.5259  31.722318    27.3995      6.831  280.50903  280.58068    11.7934     6.7882 -9.990e-29
 125.404705      6.917    11.5259  31.722548    27.3997      6.855  280.50862  280.58026    11.6844     6.7922 -9.990e-29
 125.404708      6.935    11.5259  31.721972    27.3999      6.873  280.51003  280.58168    11.6844     6.7922 -9.990e-29
 125.404711      6.960    11.5256  31.722548    27.3999      6.898  280.51022  280.58184    10.8128     7.2572 0.0000e+00
 125.404714      6.986    11.5250  31.722145    27.3999      6.924  280.51352  280.58511    10.7661     7.2532 0.0000e+00
 125.404716      7.016    11.5242  31.722549    27.4000      6.953  280.51656  280.58809    10.7817     7.2734 0.0000e+00
 125.404719      7.043    11.5239  31.721339    27.4009      6.980  280.52012  280.59164    10.8284     7.2127 0.0000e+00
 125.404722      7.074    11.5237  31.722549    27.4013      7.011  280.51912  280.59061    11.5132     6.9742 0.0000e+00
 125.404725      7.101    11.5237  31.722722    27.4015      7.038  280.51882  280.59030    11.4198     6.9782 0.0000e+00
 125.404728      7.127    11.5233  31.722952    27.4020      7.063  280.52029  280.59174    11.3887     6.9903 0.0000e+00
 125.404731      7.152    11.5226  31.722953    27.4022      7.088  280.52315  280.59455    11.5599     6.9944 0.0000e+00
 125.404734      7.178    11.5225  31.722549    27.4024      7.113  280.52455  280.59595    11.7311     7.2330 -9.990e-29
 125.404737      7.198    11.5219  31.722722    27.4028      7.134  280.52708  280.59843    11.7467     7.2289 -9.990e-29
 125.404740      7.219    11.5216  31.722146    27.4024      7.155  280.52944  280.60078    11.7311     7.2410 -9.990e-29
 125.404742      7.237    11.5216  31.721973    27.4022      7.173  280.52978  280.60112    11.7934     7.2896 -9.990e-29
 125.404745      7.259    11.5219  31.723126    27.4031      7.194  280.52636  280.59771    11.1864     7.1561 -9.990e-29
 125.404748      7.279    11.5214  31.722953    27.4037      7.214  280.52891  280.60022    11.0307     7.1278 -9.990e-29
