Processed/SBE19plus_01907321_2022_05_04_Cast05_wfilter.cnv
* Sea-Bird SBE19plus  Data File:
* FileName = E:\Prandtl Daten\2022\CTD\Raw\SBE19plus_01907321_2022_05_04_Cast04.hex
* Software version 2.6.1.12
* Temperature SN = 7321
* Conductivity SN = 7321
* System UpLoad Time = May 04 2022 05:37:21
* <ApplicationData>
* <Seaterm232>
** Messpraktikum 2022
** CTD 04.05 BE
# nquan = 11
# nvalues = 545                         
# units = specified
# name 0 = timeJ: Julian Days
# name 1 = prdM: Pressure, Strain Gauge [db]
# name 2 = tv290C: Temperature [ITS-90, deg C]
# name 3 = c0mS/cm: Conductivity [mS/cm]
# name 4 = sal00: Salinity, Practical [PSU]
# name 5 = depSM: Depth [salt water, m], lat = 54.00
# name 6 = oxsatMm/Kg: Oxygen Saturation, Weiss [umol/kg]
# name 7 = oxsolMm/Kg: Oxygen Saturation, Garcia & Gordon [umol/kg]
# name 8 = turbWETntu0: Turbidity, WET Labs ECO [NTU]
# name 9 = flECO-AFL: Fluorescence, WET Labs ECO-AFL/FL [mg/m^3]
# name 10 = flag:  0.000e+00
# span 0 = 124.226701, 124.228275       
# span 1 =      0.588,     14.051       
# span 2 =    12.5729,    12.5966       
# span 3 =  31.986943,  32.020234       
# span 4 =    26.8865,    26.9127       
# span 5 =      0.582,     13.925       
# span 6 =  275.12560,  275.29238       
# span 7 =  275.26823,  275.43378       
# span 8 =    63.1085,   177.6611       
# span 9 =    11.2685,    15.7772       
# span 10 = 0.0000e+00, 0.0000e+00      
# interval = seconds: 0.25
# start_time = May 04 2022 05:24:57 [Instrument's time stamp, header]
# bad_flag = -9.990e-29
*END*
[from data line 263]
 124.227462      7.041    12.5810  32.017388    26.9116      6.978  275.19725  275.33887   107.1085    14.3053 -9.990e-29
 124.227465      7.068    12.5811  32.017677    26.9115      7.005  275.19612  275.33774   107.0930    14.2689 0.0000e+00
 124.227468      7.100    12.5811  32.017388    26.9113      7.036  275.19665  275.33828   107.7467    14.6207 0.0000e+00
 124.227471      7.133    12.5811  32.017388    26.9113      7.069  275.19668  275.33830   107.6844    14.6166 0.0000e+00
 124.227474      7.167    12.5811  32.017793    26.9116      7.103  275.19629  275.33791   107.6689    14.6409 0.0000e+00
 124.227477      7.206    12.5811  32.017793    26.9116      7.141  275.19600  275.33763   107.7467    14.6166 0.0000e+00
 124.227480      7.242    12.5811  32.016984    26.9116      7.178  275.19779  275.33942   111.0930    14.5196 0.0000e+00
 124.227483      7.275    12.5809  32.017793    26.9114      7.210  275.19699  275.33861   111.1708    14.5560 0.0000e+00
 124.227486      7.304    12.5809  32.017389    26.9116      7.239  275.19774  275.33935   111.0774    14.5358 0.0000e+00
 124.227488      7.332    12.5808  32.016001    26.9114      7.266  275.20055  275.34218   111.2331    14.5641 -9.990e-29
 124.227491      7.354    12.5809  32.017215    26.9112      7.288  275.19808  275.33970   111.1708    14.5479 -9.990e-29
 124.227494      7.372    12.5807  32.017620    26.9117      7.306  275.19832  275.33992   105.1163    14.3012 -9.990e-29
 124.227497      7.391    12.5808  32.017505    26.9116      7.324  275.19822  275.33983   105.1475    14.2851 -9.990e-29
 124.227500      7.409    12.5810  32.017215    26.9116      7.343  275.19780  275.33942   105.0696    14.2891 -9.990e-29
 124.227503      7.436    12.5811  32.017794    26.9115      7.370  275.19615  275.33778   105.0385    14.2851 0.0000e+00
 124.227506      7.467    12.5811  32.017794    26.9115      7.401  275.19617  275.33780   105.3498    14.3983 0.0000e+00
 124.227509      7.495    12.5813  32.017620    26.9115      7.427  275.19587  275.33750   105.3809    14.3983 0.0000e+00
 124.227512      7.526    12.5811  32.018025    26.9115      7.458  275.19580  275.33742   105.3187    14.3821 0.0000e+00
 124.227514      7.553    12.5811  32.018025    26.9117      7.486  275.19581  275.33744   105.4276    14.4428 -9.990e-29
 124.227517      7.573    12.5813  32.017621    26.9112      7.505  275.19592  275.33755   101.2408    14.3498 -9.990e-29
 124.227520      7.597    12.5813  32.017621    26.9112      7.529  275.19562  275.33726   101.1630    14.3336 -9.990e-29
 124.227523      7.622    12.5815  32.018430    26.9118      7.554  275.19355  275.33520   101.2720    14.3498 -9.990e-29
 124.227526      7.646    12.5818  32.018026    26.9112      7.578  275.19303  275.33469   101.1786    14.3740 -9.990e-29
 124.227529      7.670    12.5819  32.018084    26.9112      7.601  275.19230  275.33398   101.2875    14.4509 -9.990e-29
 124.227532      7.688    12.5821  32.018604    26.9116      7.619  275.19075  275.33243   101.2253    14.4589 -9.990e-29
 124.227535      7.712    12.5824  32.018026    26.9108      7.643  275.19022  275.33193   101.1319    14.4994 -9.990e-29
 124.227538      7.732    12.5824  32.018199    26.9106      7.663  275.18992  275.33163   101.1163    14.4670 -9.990e-29
 124.227541      7.759    12.5826  32.018026    26.9108      7.690  275.18930  275.33102   101.2097    14.4792 0.0000e+00
 124.227543      7.790    12.5826  32.018431    26.9110      7.721  275.18860  275.33032   105.1163    14.5398 0.0000e+00
 124.227546      7.819    12.5828  32.018604    26.9110      7.749  275.18736  275.32909   105.1630    14.5358 0.0000e+00
 124.227549      7.849    12.5827  32.017621    26.9107      7.778  275.18977  275.33150   105.0541    14.5560 0.0000e+00
 124.227552      7.880    12.5829  32.018431    26.9107      7.809  275.18739  275.32913   105.0385    14.5196 0.0000e+00
 124.227555      7.911    12.5827  32.018200    26.9107      7.840  275.18877  275.33050   107.7934    14.5277 0.0000e+00
 124.227558      7.940    12.5826  32.018026    26.9106      7.869  275.18973  275.33145   107.7311    14.5317 0.0000e+00
 124.227561      7.973    12.5826  32.017275    26.9106      7.902  275.19110  275.33283   107.6844    14.5358 0.0000e+00
 124.227564      8.000    12.5825  32.018200    26.9104      7.929  275.18978  275.33149   107.7934    14.5196 0.0000e+00
 124.227567      8.026    12.5823  32.017795    26.9108      7.954  275.19147  275.33317   103.1085    14.4872 -9.990e-29
 124.227569      8.044    12.5820  32.017391    26.9104      7.972  275.19347  275.33516   103.1864    14.4792 -9.990e-29
 124.227572      8.057    12.5818  32.018027    26.9111      7.985  275.19329  275.33496   103.2798    14.4953 -9.990e-29
 124.227575      8.070    12.5818  32.018200    26.9112      7.998  275.19267  275.33435   103.2019    14.4751 -9.990e-29
 124.227578      8.083    12.5818  32.017622    26.9107      8.010  275.19372  275.33539    97.5677    14.1314 -9.990e-29
 124.227581      8.101    12.5818  32.018200    26.9112      8.028  275.19269  275.33437    97.7233    14.1395 -9.990e-29
 124.227584      8.122    12.5823  32.018432    26.9109      8.050  275.19040  275.33209    97.5677    14.1557 -9.990e-29
 124.227587      8.152    12.5827  32.018605    26.9109      8.079  275.18821  275.32993    97.7078    14.1759 0.0000e+00
 124.227590      8.181    12.5831  32.018837    26.9108      8.108  275.18591  275.32766    97.4432    14.1314 0.0000e+00
 124.227593      8.212    12.5833  32.018085    26.9107      8.139  275.18633  275.32810   104.8829    14.7420 0.0000e+00
 124.227595      8.241    12.5833  32.018837    26.9100      8.168  275.18532  275.32708   104.8673    14.7218 0.0000e+00
 124.227598      8.273    12.5833  32.017796    26.9101      8.199  275.18688  275.32866   104.9140    14.7299 0.0000e+00
 124.227601      8.306    12.5833  32.018201    26.9100      8.231  275.18650  275.32826   104.9140    14.7096 0.0000e+00
 124.227604      8.340    12.5833  32.018201    26.9100      8.266  275.18620  275.32797   101.6299    14.4751 0.0000e+00
 124.227607      8.366    12.5830  32.018606    26.9100      8.291  275.18676  275.32851   101.7078    14.4589 -9.990e-29
 124.227610      8.390    12.5831  32.018201    26.9102      8.315  275.18719  275.32894   101.4587    14.4509 -9.990e-29
 124.227613      8.404    12.5827  32.018606    26.9109      8.329  275.18837  275.33010   101.5988    14.4792 -9.990e-29
 124.227616      8.430    12.5825  32.018606    26.9110      8.355  275.18934  275.33105   102.9996    14.4872 -9.990e-29
 124.227619      8.447    12.5823  32.018606    26.9111      8.371  275.18998  275.33168   103.1085    14.4711 -9.990e-29
 124.227622      8.467    12.5825  32.018838    26.9112      8.391  275.18895  275.33066   103.0463    14.4630 -9.990e-29
 124.227624      8.492    12.5821  32.018664    26.9113      8.416  275.19117  275.33286   102.8284    14.4428 -9.990e-29
 124.227627      8.514    12.5821  32.018202    26.9109      8.438  275.19170  275.33339   107.7000    14.8835 -9.990e-29
 124.227630      8.538    12.5819  32.018202    26.9110      8.462  275.19266  275.33434   107.6377    14.8835 -9.990e-29
 124.227633      8.560    12.5818  32.018607    26.9114      8.483  275.19227  275.33394   107.7311    14.8471 -9.990e-29
 124.227636      8.584    12.5815  32.019012    26.9113      8.507  275.19314  275.33479   107.7467    14.8795 -9.990e-29
 124.227639      8.609    12.5814  32.018202    26.9113      8.532  275.19492  275.33657   107.6066    14.8593 0.0000e+00
 124.227642      8.634    12.5811  32.018838    26.9113      8.557  275.19539  275.33700   109.9724    14.5843 -9.990e-29
 124.227645      8.658    12.5811  32.018607    26.9112      8.581  275.19582  275.33743   109.9724    14.5924 -9.990e-29
 124.227648      8.684    12.5808  32.017624    26.9112      8.606  275.19885  275.34046   109.9101    14.6166 0.0000e+00
 124.227650      8.709    12.5806  32.017393    26.9112      8.631  275.20023  275.34183   110.0657    14.6045 -9.990e-29
 124.227653      8.727    12.5806  32.018203    26.9119      8.649  275.19880  275.34039   100.3070    14.5600 -9.990e-29
 124.227656      8.751    12.5806  32.018839    26.9121      8.673  275.19768  275.33926   100.6494    14.5358 -9.990e-29
 124.227659      8.777    12.5808  32.018607    26.9121      8.698  275.19716  275.33876   100.4782    14.5115 0.0000e+00
 124.227662      8.802    12.5808  32.018839    26.9121      8.723  275.19644  275.33805   100.3381    14.5277 -9.990e-29
 124.227665      8.826    12.5808  32.018434    26.9119      8.747  275.19718  275.33879   101.5054    14.3255 -9.990e-29
 124.227668      8.850    12.5808  32.018434    26.9119      8.770  275.19720  275.33881   101.8167    14.3498 -9.990e-29
 124.227671      8.870    12.5808  32.018608    26.9121      8.790  275.19722  275.33882   101.8478    14.3376 -9.990e-29
 124.227674      8.893    12.5808  32.018608    26.9118      8.814  275.19723  275.33883   101.6766    14.3579 -9.990e-29
 124.227677      8.920    12.5809  32.018434    26.9119      8.841  275.19693  275.33854   103.4510    14.3336 0.0000e+00
 124.227679      8.948    12.5808  32.018608    26.9120      8.868  275.19727  275.33887   103.5288    14.5479 0.0000e+00
 124.227682      8.977    12.5808  32.018608    26.9120      8.897  275.19697  275.33858   103.3731    14.5439 0.0000e+00
 124.227685      9.006    12.5808  32.017394    26.9120      8.926  275.19916  275.34078   103.4043    14.5358 -9.990e-29
 124.227688      9.028    12.5808  32.018030    26.9114      8.948  275.19804  275.33965   103.3731    14.5560 -9.990e-29
 124.227691      9.047    12.5808  32.018261    26.9117      8.966  275.19795  275.33956   101.8790    14.6611 -9.990e-29
 124.227694      9.072    12.5806  32.018608    26.9121      8.991  275.19798  275.33957   101.8167    14.6692 -9.990e-29
 124.227697      9.087    12.5809  32.018204    26.9115      9.005  275.19745  275.33906   101.9257    14.6530 -9.990e-29
 124.227700      9.105    12.5808  32.018204    26.9116      9.024  275.19810  275.33970   102.0813    14.6652 -9.990e-29
 124.227703      9.126    12.5809  32.019013    26.9123      9.044  275.19603  275.33764   103.9801    14.5722 -9.990e-29
 124.227705      9.146    12.5815  32.018030    26.9106      9.064  275.19527  275.33692   104.0580    14.5681 -9.990e-29
 124.227708      9.173    12.5826  32.018608    26.9106      9.091  275.18919  275.33091   104.1669    14.5196 0.0000e+00
 124.227711      9.199    12.5833  32.019187    26.9106      9.116  275.18532  275.32708   103.9646    14.5398 0.0000e+00
 124.227714      9.226    12.5837  32.018609    26.9099      9.143  275.18447  275.32627   105.2720    14.7218 0.0000e+00
 124.227717      9.253    12.5838  32.018435    26.9099      9.170  275.18449  275.32629   105.3498    14.7258 0.0000e+00
 124.227720      9.283    12.5837  32.018840    26.9098      9.200  275.18410  275.32589   105.3965    14.7218 0.0000e+00
 124.227723      9.308    12.5836  32.018435    26.9101      9.225  275.18515  275.32695   105.3498    14.7582 -9.990e-29
 124.227726      9.327    12.5834  32.019014    26.9104      9.243  275.18508  275.32685   105.3809    14.7501 -9.990e-29
 124.227729      9.343    12.5831  32.018609    26.9102      9.259  275.18708  275.32884    99.4821    14.3255 -9.990e-29
 124.227731      9.363    12.5828  32.019419    26.9109      9.279  275.18723  275.32896    99.6377    14.3215 -9.990e-29
 124.227734      9.388    12.5825  32.018840    26.9110      9.304  275.18955  275.33126    99.6689    14.3417 0.0000e+00
 124.227737      9.416    12.5827  32.019187    26.9109      9.331  275.18800  275.32972    99.4821    14.3376 0.0000e+00
 124.227740      9.448    12.5830  32.018204    26.9106      9.364  275.18851  275.33026    97.9724    14.5439 0.0000e+00
 124.227743      9.483    12.5835  32.019419    26.9099      9.398  275.18383  275.32560    97.9257    14.5358 0.0000e+00
 124.227746      9.518    12.5846  32.019014    26.9095      9.433  275.17983  275.32168    98.0502    14.5196 0.0000e+00
 124.227749      9.551    12.5860  32.019419    26.9089      9.465  275.17311  275.31505    98.1124    14.5196 0.0000e+00
 124.227752      9.576    12.5873  32.019997    26.9087      9.490  275.16608  275.30810    93.9568    14.2891 0.0000e+00
 124.227755      9.601    12.5881  32.019766    26.9085      9.515  275.16303  275.30510    93.8634    14.2891 -9.990e-29
 124.227758      9.620    12.5886  32.019014    26.9066      9.534  275.16217  275.30428    93.9101    14.2729 -9.990e-29
 124.227760      9.636    12.5889  32.019419    26.9067      9.550  275.15987  275.30201    93.8634    14.3134 -9.990e-29
 124.227763      9.655    12.5892  32.019419    26.9066      9.568  275.15894  275.30108   102.0813    14.4792 -9.990e-29
 124.227766      9.671    12.5893  32.019592    26.9066      9.584  275.15800  275.30016   102.2369    14.4792 -9.990e-29
 124.227769      9.688    12.5897  32.019824    26.9066      9.601  275.15602  275.29819   102.0969    14.4792 -9.990e-29
 124.227772      9.711    12.5903  32.019188    26.9061      9.624  275.15432  275.29655   102.0657    14.4792 -9.990e-29
 124.227775      9.739    12.5909  32.020228    26.9053      9.652  275.14995  275.29220   101.9879    14.4792 0.0000e+00
 124.227778      9.772    12.5912  32.018841    26.9061      9.684  275.15118  275.29347   101.8167    14.5883 0.0000e+00
 124.227781      9.803    12.5905  32.019997    26.9061      9.715  275.15199  275.29422   101.7856    14.5883 0.0000e+00
 124.227784      9.834    12.5899  32.019593    26.9061      9.746  275.15526  275.29746   101.8634    14.6247 0.0000e+00
 124.227786      9.865    12.5891  32.019998    26.9070      9.777  275.15836  275.30049   102.0035    14.5964 0.0000e+00
 124.227789      9.896    12.5885  32.019420    26.9071      9.808  275.16226  275.30436   104.1513    14.7824 0.0000e+00
 124.227792      9.924    12.5881  32.019593    26.9074      9.835  275.16355  275.30562   104.0113    14.7946 0.0000e+00
 124.227795      9.951    12.5873  32.019420    26.9076      9.862  275.16736  275.30938   103.9801    14.7784 0.0000e+00
 124.227798      9.977    12.5871  32.019420    26.9078      9.887  275.16832  275.31034   104.0113    14.7824 -9.990e-29
 124.227801      9.997    12.5869  32.019998    26.9086      9.907  275.16825  275.31025   100.4782    14.7339 -9.990e-29
 124.227804     10.015    12.5871  32.020230    26.9087      9.925  275.16690  275.30891   100.4626    14.7380 -9.990e-29
 124.227807     10.033    12.5871  32.019998    26.9084      9.944  275.16733  275.30934   100.6650    14.7420 -9.990e-29
 124.227810     10.050    12.5870  32.019825    26.9083      9.960  275.16797  275.30997   100.4315    14.7177 -9.990e-29
 124.227813     10.068    12.5870  32.019999    26.9084      9.978  275.16798  275.30998   100.2292    14.6247 -9.990e-29
 124.227815     10.095    12.5869  32.019825    26.9083     10.005  275.16863  275.31062   100.1358    14.5843 0.0000e+00
 124.227818     10.123    12.5867  32.019420    26.9084     10.032  275.17032  275.31230   100.1669    14.6328 0.0000e+00
 124.227821     10.154    12.5865  32.019999    26.9083     10.063  275.16994  275.31191   100.2136    14.6409 0.0000e+00
 124.227824     10.185    12.5865  32.019421    26.9085     10.094  275.17131  275.31328   100.2136    14.5803 0.0000e+00
 124.227827     10.212    12.5865  32.019189    26.9083     10.121  275.17174  275.31371   106.4704    14.7218 -9.990e-29
 124.227830     10.236    12.5867  32.019190    26.9079     10.144  275.17081  275.31279   106.5327    14.7258 -9.990e-29
 124.227833     10.258    12.5867  32.019999    26.9086     10.166  275.16906  275.31104   106.5327    14.7096 -9.990e-29
 124.227836     10.276    12.5867  32.019016    26.9077     10.184  275.17083  275.31282   106.4393    14.7339 -9.990e-29
