Processed/SBE19plus_01907321_2022_05_07_Cast61_wfilter.cnv
* Sea-Bird SBE19plus  Data File:
* FileName = E:\Prandtl Daten\2022\CTD\Raw\SBE19plus_01907321_2022_05_07_Cast61.hex
* Software version 2.6.1.12
* Temperature SN = 7321
* Conductivity SN = 7321
* System UpLoad Time = May 07 2022 07:47:26
* <ApplicationData>
* <Seaterm232>
** Messpraktikum 2022
** CTD 07.05 TS
** NMEA Latitude = 54 07.51 N
** NMEA Longitude = 008 42.19 E
# nquan = 11
# nvalues = 298                         
# units = specified
# name 0 = timeJ: Julian Days
# name 1 = prdM: Pressure, Strain Gauge [db]
# name 2 = tv290C: Temperature [ITS-90, deg C]
# name 3 = c0mS/cm: Conductivity [mS/cm]
# name 4 = sal00: Salinity, Practical [PSU]
# name 5 = depSM: Depth [salt water, m], lat = 54.00
# name 6 = oxsatMm/Kg: Oxygen Saturation, Weiss [umol/kg]
# name 7 = oxsolMm/Kg: Oxygen Saturation, Garcia & Gordon [umol/kg]
# name 8 = turbWETntu0: Turbidity, WET Labs ECO [NTU]
# name 9 = flECO-AFL: Fluorescence, WET Labs ECO-AFL/FL [mg/m^3]
# name 10 = flag:  0.000e+00
# span 0 = 127.321131, 127.321991       
# span 1 =      0.499,      7.667       
# span 2 =    12.8694,    12.9020       
# span 3 =  32.295672,  32.322168       
# span 4 =    26.9628,    26.9681       
# span 5 =      0.494,      7.599       
# span 6 =  273.23343,  273.42558       
# span 7 =  273.39300,  273.58333       
# span 8 =    20.9918,    58.3148       
# span 9 =     7.2896,    12.0085       
# span 10 = 0.0000e+00, 0.0000e+00      
# interval = seconds: 0.25
# start_time = May 07 2022 07:41:04 [Instrument's time stamp, header]
# bad_flag = -9.990e-29
*END*
[from data line 263]
 127.321892      6.900    12.8753  32.301704    26.9651      6.838  273.38993  273.54800    48.4938    11.0946 -9.990e-29
 127.321895      6.920    12.8755  32.301530    26.9638      6.858  273.38962  273.54770    49.0385    11.7052 -9.990e-29
 127.321898      6.945    12.8755  32.300485    26.9637      6.883  273.39115  273.54925    49.0696    11.6769 0.0000e+00
 127.321901      6.973    12.8752  32.300079    26.9638      6.910  273.39315  273.55123    49.1630    11.6688 0.0000e+00
 127.321904      6.998    12.8751  32.300544    26.9641      6.936  273.39298  273.55105    49.1008    11.7133 0.0000e+00
 127.321907      7.029    12.8752  32.301530    26.9645      6.966  273.39063  273.54870    47.7311    11.4181 0.0000e+00
 127.321910      7.057    12.8749  32.300892    26.9645      6.993  273.39304  273.55109    47.7778    11.4343 0.0000e+00
 127.321913      7.084    12.8752  32.301124    26.9645      7.021  273.39138  273.54945    47.7467    11.4262 0.0000e+00
 127.321916      7.110    12.8754  32.301298    26.9645      7.046  273.39046  273.54854    47.6222    11.4383 -9.990e-29
 127.321918      7.130    12.8753  32.301124    26.9645      7.066  273.39110  273.54917    50.7350    11.4262 -9.990e-29
 127.321921      7.153    12.8752  32.299616    26.9632      7.089  273.39440  273.55248    50.8128    11.1634 -9.990e-29
 127.321924      7.174    12.8749  32.300312    26.9640      7.109  273.39445  273.55250    50.8284    11.1674 -9.990e-29
 127.321927      7.197    12.8746  32.300718    26.9646      7.133  273.39501  273.55304    50.7973    11.1674 -9.990e-29
 127.321930      7.221    12.8744  32.300312    26.9643      7.157  273.39637  273.55440    50.8128    11.1553 -9.990e-29
 127.321933      7.247    12.8743  32.299500    26.9636      7.182  273.39845  273.55648    50.5327    11.5233 -9.990e-29
 127.321936      7.267    12.8742  32.300080    26.9643      7.202  273.39807  273.55609    50.5015    11.4586 -9.990e-29
 127.321939      7.294    12.8742  32.299616    26.9638      7.229  273.39891  273.55692    50.6416    11.4828 -9.990e-29
 127.321942      7.318    12.8738  32.300081    26.9630      7.252  273.39968  273.55767    50.4704    11.4990 -9.990e-29
 127.321944      7.343    12.8737  32.298456    26.9631      7.278  273.40288  273.56088    51.5288    11.5152 0.0000e+00
 127.321947      7.374    12.8737  32.298688    26.9633      7.308  273.40280  273.56080    51.6377    11.4828 0.0000e+00
 127.321950      7.405    12.8735  32.299675    26.9638      7.339  273.40172  273.55969    51.6377    11.4990 0.0000e+00
 127.321953      7.431    12.8736  32.300081    26.9643      7.364  273.40070  273.55868    51.4665    11.4747 -9.990e-29
 127.321956      7.454    12.8735  32.299385    26.9640      7.388  273.40226  273.56024    58.2525    11.2604 -9.990e-29
 127.321959      7.473    12.8734  32.299501    26.9642      7.406  273.40238  273.56036    58.3148    11.1917 -9.990e-29
 127.321962      7.491    12.8733  32.299501    26.9643      7.424  273.40303  273.56099    58.2681    11.2483 -9.990e-29
 127.321965      7.514    12.8732  32.299269    26.9641      7.447  273.40377  273.56173    58.2992    11.2362 -9.990e-29
 127.321968      7.535    12.8729  32.298283    26.9634      7.467  273.40709  273.56504    58.2369    11.2442 -9.990e-29
 127.321970      7.560    12.8724  32.297703    26.9632      7.492  273.41003  273.56795    55.4043    11.5475 -9.990e-29
 127.321973      7.580    12.8715  32.295730    26.9632      7.512  273.41762  273.57550    55.2019    11.5394 -9.990e-29
 127.321976      7.609    12.8708  32.296484    26.9632      7.541  273.41946  273.57729    55.3420    11.5475 0.0000e+00
 127.321979      7.638    12.8700  32.295672    26.9632      7.570  273.42438  273.58217    55.3264    11.5435 -9.990e-29
 127.321982      7.659    12.8695  32.296253    26.9639      7.590  273.42558  273.58333    57.3654    11.3292 -9.990e-29
 127.321985      7.664    12.8694  32.296659    26.9643      7.595  273.42519  273.58293    57.1630    11.3251 -9.990e-29
 127.321988      7.666    12.8696  32.296891    26.9644      7.597  273.42383  273.58159    57.1941    11.2887 -9.990e-29
 127.321991      7.667    12.8703  32.297065    26.9641      7.599  273.42069  273.57848    57.2408    11.3049 -9.990e-29
