Processed/SBE19plus_01907321_2022_05_06_Cast57_wfilter.cnv
* Sea-Bird SBE19plus  Data File:
* FileName = E:\Prandtl Daten\2022\CTD\Raw\SBE19plus_01907321_2022_05_06_Cast57.hex
* Software version 2.6.1.12
* Temperature SN = 7321
* Conductivity SN = 7321
* System UpLoad Time = May 06 2022 14:24:57
* <ApplicationData>
* <Seaterm232>
** Messpraktikum 2022
** CTD 06.05 BE
** NMEA Latitude = 54 07.501 N
** NMEA Longitude = 008 50.228 E
# nquan = 11
# nvalues = 703                         
# units = specified
# name 0 = timeJ: Julian Days
# name 1 = prdM: Pressure, Strain Gauge [db]
# name 2 = tv290C: Temperature [ITS-90, deg C]
# name 3 = c0mS/cm: Conductivity [mS/cm]
# name 4 = sal00: Salinity, Practical [PSU]
# name 5 = depSM: Depth [salt water, m], lat = 54.00
# name 6 = oxsatMm/Kg: Oxygen Saturation, Weiss [umol/kg]
# name 7 = oxsolMm/Kg: Oxygen Saturation, Garcia & Gordon [umol/kg]
# name 8 = turbWETntu0: Turbidity, WET Labs ECO [NTU]
# name 9 = flECO-AFL: Fluorescence, WET Labs ECO-AFL/FL [mg/m^3]
# name 10 = flag:  0.000e+00
# span 0 = 126.594439, 126.596470       
# span 1 =      0.496,     17.136       
# span 2 =    12.6523,    12.8059       
# span 3 =  32.202284,  32.322825       
# span 4 =    27.0229,    27.0546       
# span 5 =      0.492,     16.982       
# span 6 =  273.66530,  274.55197       
# span 7 =  273.81871,  274.69649       
# span 8 =     7.9801,    72.0891       
# span 9 =     4.2245,    13.4723       
# span 10 = 0.0000e+00, 0.0000e+00      
# interval = seconds: 0.25
# start_time = May 06 2022 14:14:48 [Instrument's time stamp, header]
# bad_flag = -9.990e-29
*END*
[from data line 656]
 126.596337     16.066    12.6837  32.232733    27.0348     15.922  274.36332  274.50963    44.1513    10.1848 -9.990e-29
 126.596340     16.082    12.6838  32.233139    27.0351     15.938  274.36198  274.50829    44.1669    10.2091 -9.990e-29
 126.596343     16.090    12.6838  32.232327    27.0343     15.945  274.36343  274.50975    54.2369    11.4303 -9.990e-29
 126.596345     16.100    12.6836  32.232153    27.0344     15.956  274.36501  274.51131    54.1903    11.4424 -9.990e-29
 126.596348     16.113    12.6833  32.232965    27.0353     15.968  274.36483  274.51111    54.2058    11.3898 -9.990e-29
 126.596351     16.131    12.6833  32.233371    27.0357     15.987  274.36381  274.51009    54.2992    11.4262 -9.990e-29
 126.596354     16.155    12.6833  32.232559    27.0352     16.010  274.36558  274.51186    54.7661    11.1189 -9.990e-29
 126.596357     16.191    12.6834  32.232965    27.0357     16.046  274.36425  274.51054    54.6883    11.1027 0.0000e+00
 126.596360     16.226    12.6838  32.234357    27.0362     16.081  274.35991  274.50621    54.7661    11.1189 0.0000e+00
 126.596363     16.265    12.6842  32.235458    27.0368     16.119  274.35640  274.50271    54.6883    11.1189 0.0000e+00
 126.596366     16.301    12.6846  32.235574    27.0368     16.155  274.35464  274.50098    54.7973    11.1270 0.0000e+00
 126.596369     16.332    12.6853  32.235574    27.0365     16.185  274.35151  274.49789    53.4432    10.8520 0.0000e+00
 126.596372     16.358    12.6857  32.236154    27.0363     16.211  274.34860  274.49501    53.4432    10.8278 0.0000e+00
 126.596374     16.387    12.6858  32.235575    27.0365     16.240  274.34902  274.49544    53.4587    10.8965 -9.990e-29
 126.596377     16.402    12.6861  32.236386    27.0364     16.254  274.34664  274.49307    53.4743    10.8278 -9.990e-29
 126.596380     16.416    12.6864  32.236560    27.0363     16.269  274.34476  274.49121    55.7311    11.1149 -9.990e-29
 126.596383     16.425    12.6866  32.236618    27.0363     16.277  274.34403  274.49049    55.7311    11.0744 -9.990e-29
 126.596386     16.433    12.6867  32.236154    27.0357     16.286  274.34423  274.49070    55.7622    11.1068 -9.990e-29
 126.596389     16.454    12.6867  32.236386    27.0359     16.306  274.34383  274.49030    55.7778    11.0744 -9.990e-29
 126.596392     16.476    12.6869  32.237198    27.0369     16.328  274.34146  274.48793    58.7039    11.6769 -9.990e-29
 126.596395     16.513    12.6872  32.237778    27.0370     16.365  274.33919  274.48568    58.8440    11.6729 0.0000e+00
 126.596398     16.547    12.6874  32.238184    27.0371     16.399  274.33754  274.48404    58.7661    11.6931 0.0000e+00
 126.596400     16.584    12.6878  32.238996    27.0375     16.435  274.33423  274.48075    58.7039    11.6810 0.0000e+00
 126.596403     16.617    12.6882  32.239691    27.0378     16.468  274.33144  274.47798    59.5132    11.4141 0.0000e+00
 126.596406     16.646    12.6887  32.240039    27.0378     16.497  274.32863  274.47520    59.4821    11.4383 0.0000e+00
 126.596409     16.675    12.6890  32.239634    27.0378     16.526  274.32811  274.47470    59.3731    11.3898 -9.990e-29
 126.596412     16.697    12.6892  32.240040    27.0375     16.547  274.32646  274.47306    59.5132    11.4383 -9.990e-29
 126.596415     16.710    12.6895  32.240213    27.0374     16.560  274.32490  274.47151    59.4976    11.4545 -9.990e-29
 126.596418     16.726    12.6898  32.240213    27.0371     16.576  274.32333  274.46997    60.4471    12.1177 -9.990e-29
 126.596421     16.737    12.6900  32.240445    27.0373     16.587  274.32229  274.46894    60.2603    12.1339 -9.990e-29
 126.596424     16.752    12.6901  32.240445    27.0372     16.601  274.32167  274.46833    60.4159    12.1339 -9.990e-29
 126.596427     16.770    12.6904  32.240619    27.0377     16.620  274.32011  274.46679    60.4004    12.1622 -9.990e-29
 126.596429     16.798    12.6904  32.241257    27.0376     16.647  274.31900  274.46566    65.8790    12.5867 0.0000e+00
 126.596432     16.832    12.6906  32.241257    27.0377     16.681  274.31807  274.46475    65.7700    12.5867 0.0000e+00
 126.596435     16.865    12.6908  32.241663    27.0378     16.714  274.31674  274.46343    65.8945    12.6070 0.0000e+00
 126.596438     16.905    12.6911  32.242243    27.0378     16.754  274.31416  274.46087    65.9101    12.5625 0.0000e+00
 126.596441     16.936    12.6913  32.242185    27.0378     16.784  274.31334  274.46006    61.2720    12.2430 0.0000e+00
 126.596444     16.968    12.6915  32.240446    27.0370     16.816  274.31582  274.46256    61.3965    12.2471 0.0000e+00
 126.596447     16.996    12.6918  32.242243    27.0361     16.843  274.31138  274.45813    61.5366    12.2835 -9.990e-29
 126.596450     17.014    12.6918  32.242649    27.0379     16.861  274.31036  274.45710    61.6455    12.2390 -9.990e-29
 126.596453     17.034    12.6920  32.241258    27.0365     16.881  274.31221  274.45898    62.2058    12.2956 -9.990e-29
 126.596455     17.047    12.6920  32.242475    27.0376     16.894  274.30974  274.45650    62.1747    12.3118 -9.990e-29
 126.596458     17.061    12.6920  32.242649    27.0377     16.908  274.30944  274.45620    62.1747    12.3482 -9.990e-29
 126.596461     17.070    12.6920  32.242012    27.0371     16.917  274.31058  274.45735    62.1280    12.3279 -9.990e-29
 126.596464     17.091    12.6920  32.242476    27.0375     16.937  274.30977  274.45653    62.2369    12.3158 -9.990e-29
 126.596467     17.118    12.6920  32.241838    27.0369     16.964  274.31092  274.45769    72.0891    13.4723 -9.990e-29
 126.596470     17.136    12.6920  32.241664    27.0368     16.982  274.31155  274.45832    72.0113    13.4561 -9.990e-29
