Processed/SBE19plus_01907321_2022_05_09_Cast93_wfilter.cnv
* Sea-Bird SBE19plus  Data File:
* FileName = E:\Prandtl Daten\2022\CTD\Raw\SBE19plus_01907321_2022_05_09_Cast93.hex
* Software version 2.6.1.12
* Temperature SN = 7321
* Conductivity SN = 7321
* System UpLoad Time = May 09 2022 07:20:07
* <ApplicationData>
* <Seaterm232>
** Messpraktikum 2022
** CTD 09.05 TS
** NMEA Latitude = 54 07.45 N
** NMEA Longitude = 008 44.84 E
# nquan = 11
# nvalues = 339                         
# units = specified
# name 0 = timeJ: Julian Days
# name 1 = prdM: Pressure, Strain Gauge [db]
# name 2 = tv290C: Temperature [ITS-90, deg C]
# name 3 = c0mS/cm: Conductivity [mS/cm]
# name 4 = sal00: Salinity, Practical [PSU]
# name 5 = depSM: Depth [salt water, m], lat = 54.00
# name 6 = oxsatMm/Kg: Oxygen Saturation, Weiss [umol/kg]
# name 7 = oxsolMm/Kg: Oxygen Saturation, Garcia & Gordon [umol/kg]
# name 8 = turbWETntu0: Turbidity, WET Labs ECO [NTU]
# name 9 = flECO-AFL: Fluorescence, WET Labs ECO-AFL/FL [mg/m^3]
# name 10 = flag:  0.000e+00
# span 0 = 129.301777, 129.302755       
# span 1 =      0.413,      8.739       
# span 2 =    12.8084,    12.8840       
# span 3 =  32.294201,  32.654726       
# span 4 =    26.9550,    27.3391       
# span 5 =      0.409,      8.660       
# span 6 =  273.06027,  273.37065       
# span 7 =  273.21071,  273.52883       
# span 8 =    -6.4323,    44.2136       
# span 9 =    -0.1831,    10.1444       
# span 10 = 0.0000e+00, 0.0000e+00      
# interval = seconds: 0.25
# start_time = May 09 2022 07:13:00 [Instrument's time stamp, header]
# bad_flag = -9.990e-29
*END*
 129.301777      0.413    12.8772  32.308821    26.9725      0.409  273.36468  273.52279    -6.3856    -0.1507 -9.990e-29
 129.301780      0.431    12.8767  32.309807    26.9738      0.427  273.36548  273.52354    -6.2144    -0.1346 -9.990e-29
 129.301782      0.457    12.8765  32.310040    26.9742      0.453  273.36603  273.52408    -6.2767    -0.1386 -9.990e-29
 129.301785      0.466    12.8767  32.310446    26.9744      0.462  273.36438  273.52243    -6.3701    -0.1629 -9.990e-29
 129.301788      0.468    12.8768  32.310040    26.9739      0.464  273.36446  273.52253    -6.2455    -0.1588 -9.990e-29
 129.301791      0.470    12.8770  32.309053    26.9729      0.465  273.36557  273.52365    -6.4323    -0.1588 -9.990e-29
 129.301794      0.480    12.8769  32.309401    26.9733      0.476  273.36528  273.52336    -6.3078    -0.1548 -9.990e-29
 129.301797      0.502    12.8771  32.308995    26.9740      0.498  273.36506  273.52316    -6.2455    -0.1669 -9.990e-29
 129.301800      0.528    12.8772  32.310446    26.9751      0.523  273.36221  273.52029    -6.3078    -0.1831 0.0000e+00
 129.301803      0.561    12.8770  32.312651    26.9761      0.556  273.35898  273.51703    -6.2922    -0.1750 0.0000e+00
 129.301806      0.610    12.8764  32.313058    26.9763      0.604  273.36113  273.51915    -6.3078    -0.1750 0.0000e+00
 129.301808      0.661    12.8760  32.312129    26.9768      0.655  273.36438  273.52238    -6.2611    -0.1709 0.0000e+00
 129.301811      0.698    12.8760  32.312652    26.9766      0.691  273.36380  273.52179    -4.6424     0.5650 0.0000e+00
 129.301814      0.723    12.8762  32.312071    26.9768      0.717  273.36389  273.52190    -4.5957     0.5529 -9.990e-29
 129.301817      0.741    12.8766  32.309228    26.9732      0.735  273.36702  273.52508    -4.4712     0.5448 -9.990e-29
 129.301820      0.756    12.8772  32.309402    26.9730      0.749  273.36419  273.52229    -4.4712     0.5812 -9.990e-29
 129.301823      0.776    12.8776  32.308009    26.9714      0.769  273.36477  273.52290    -4.5802     0.5731 -9.990e-29
 129.301826      0.796    12.8777  32.306733    26.9701      0.789  273.36639  273.52455     5.4276     3.1125 -9.990e-29
 129.301829      0.814    12.8782  32.304354    26.9676      0.807  273.36870  273.52691     5.5521     3.0923 -9.990e-29
 129.301832      0.831    12.8787  32.305572    26.9683      0.823  273.36436  273.52259     5.3965     3.1044 -9.990e-29
 129.301834      0.853    12.8782  32.304354    26.9681      0.845  273.36873  273.52693     5.5054     3.0721 -9.990e-29
 129.301837      0.887    12.8777  32.304528    26.9677      0.879  273.37065  273.52883     5.3031     3.4238 0.0000e+00
 129.301840      0.924    12.8783  32.304122    26.9676      0.915  273.36886  273.52708     5.2564     3.4198 0.0000e+00
 129.301843      0.957    12.8788  32.304992    26.9674      0.948  273.36483  273.52307     5.2097     3.4238 0.0000e+00
 129.301846      0.982    12.8796  32.304760    26.9676      0.973  273.36178  273.52008     5.2564     3.3955 -9.990e-29
 129.301849      0.997    12.8800  32.304760    26.9665      0.988  273.35990  273.51822     5.6299     3.4764 -9.990e-29
 129.301852      1.011    12.8800  32.303310    26.9650      1.002  273.36246  273.52080     5.6299     3.4602 -9.990e-29
 129.301855      1.037    12.8800  32.303136    26.9655      1.028  273.36278  273.52112     5.5521     3.4602 0.0000e+00
 129.301858      1.072    12.8799  32.304122    26.9655      1.062  273.36170  273.52002     5.5833     3.4885 0.0000e+00
 129.301861      1.104    12.8800  32.303426    26.9660      1.095  273.36263  273.52096     5.9879     3.8767 -9.990e-29
 129.301863      1.123    12.8799  32.302730    26.9647      1.113  273.36418  273.52252     5.8945     3.8848 -9.990e-29
 129.301866      1.137    12.8800  32.304122    26.9660      1.127  273.36143  273.51975     6.1436     3.8565 -9.990e-29
 129.301869      1.157    12.8803  32.303948    26.9656      1.147  273.36048  273.51883     6.0191     3.8767 -9.990e-29
 129.301872      1.179    12.8805  32.302324    26.9639      1.169  273.36209  273.52048     5.9257     3.8808 -9.990e-29
 129.301875      1.194    12.8810  32.300699    26.9620      1.183  273.36275  273.52118     6.3459     3.5937 -9.990e-29
 129.301878      1.218    12.8816  32.299191    26.9592      1.207  273.36322  273.52169     6.3148     3.5896 -9.990e-29
 129.301881      1.252    12.8820  32.298436    26.9584      1.241  273.36267  273.52118     6.2214     3.6341 0.0000e+00
 129.301884      1.283    12.8823  32.297044    26.9577      1.272  273.36388  273.52242     6.2214     3.6099 0.0000e+00
 129.301887      1.318    12.8827  32.296232    26.9567      1.306  273.36344  273.52201     6.0035     3.8039 0.0000e+00
 129.301889      1.349    12.8832  32.294839    26.9558      1.337  273.36370  273.52232     6.0502     3.7878 0.0000e+00
 129.301892      1.375    12.8837  32.294201    26.9550      1.363  273.36263  273.52129     5.9724     3.7837 -9.990e-29
 129.301895      1.395    12.8837  32.295826    26.9556      1.382  273.35978  273.51843     6.0969     3.7959 -9.990e-29
 129.301898      1.411    12.8838  32.296870    26.9564      1.399  273.35732  273.51597     6.0035     3.8080 -9.990e-29
 129.301901      1.430    12.8840  32.296870    26.9563      1.417  273.35670  273.51536     6.0191     3.8080 -9.990e-29
 129.301904      1.449    12.8836  32.297044    26.9565      1.436  273.35830  273.51693     5.9879     3.8161 -9.990e-29
 129.301907      1.477    12.8834  32.296638    26.9569      1.464  273.35967  273.51829     6.0502     3.8080 0.0000e+00
 129.301910      1.511    12.8835  32.297683    26.9571      1.498  273.35754  273.51615     5.5521     3.6139 0.0000e+00
 129.301913      1.544    12.8836  32.297451    26.9571      1.531  273.35733  273.51596     5.4587     3.6058 0.0000e+00
 129.301916      1.572    12.8837  32.296697    26.9567      1.558  273.35836  273.51700     5.4899     3.6058 0.0000e+00
 129.301918      1.599    12.8835  32.297683    26.9563      1.585  273.35759  273.51621     5.5988     3.6301 -9.990e-29
 129.301921      1.617    12.8833  32.299656    26.9593      1.603  273.35508  273.51366     5.5833     3.5977 -9.990e-29
 129.301924      1.637    12.8836  32.303137    26.9623      1.622  273.34770  273.50627     5.5210     3.4158 -9.990e-29
 129.301927      1.653    12.8833  32.306967    26.9663      1.639  273.34192  273.50044     5.4743     3.4562 -9.990e-29
 129.301930      1.681    12.8830  32.306967    26.9659      1.666  273.34351  273.50201     5.4587     3.4400 0.0000e+00
 129.301933      1.708    12.8828  32.306155    26.9656      1.693  273.34591  273.50440     5.5677     3.4238 0.0000e+00
 129.301936      1.737    12.8829  32.303138    26.9642      1.722  273.35061  273.50913     5.4899     3.5977 0.0000e+00
 129.301939      1.763    12.8827  32.302499    26.9628      1.747  273.35269  273.51121     5.5054     3.6099 -9.990e-29
 129.301942      1.781    12.8828  32.301281    26.9611      1.765  273.35453  273.51307     5.5988     3.6058 -9.990e-29
 129.301944      1.801    12.8831  32.303950    26.9634      1.785  273.34859  273.50712     5.5677     3.5815 -9.990e-29
 129.301947      1.819    12.8833  32.303544    26.9628      1.803  273.34837  273.50691     7.6533     3.7231 -9.990e-29
 129.301950      1.845    12.8833  32.304763    26.9640      1.828  273.34624  273.50477     7.5755     3.7393 -9.990e-29
 129.301953      1.867    12.8832  32.307200    26.9686      1.850  273.34228  273.50079     7.4821     3.7352 -9.990e-29
 129.301956      1.897    12.8833  32.309811    26.9716      1.880  273.33739  273.49588     7.5599     3.7231 0.0000e+00
 129.301959      1.925    12.8829  32.316079    26.9703      1.907  273.32795  273.48636     9.7856     4.2366 0.0000e+00
 129.301962      1.952    12.8823  32.310856    26.9746      1.935  273.34000  273.49842     9.8167     4.2164 0.0000e+00
 129.301965      1.978    12.8824  32.318923    26.9740      1.960  273.32519  273.48354     9.7700     4.2043 0.0000e+00
 129.301968      2.009    12.8816  32.334942    26.9776      1.991  273.30049  273.45863     9.9724     4.2649 -9.990e-29
 129.301970      2.033    12.8795  32.342489    27.0014      2.015  273.29637  273.45431     9.7545     4.2488 -9.990e-29
 129.301973      2.051    12.8775  32.344289    27.0045      2.032  273.30236  273.46015     9.9412     4.3215 -9.990e-29
 129.301976      2.067    12.8757  32.356307    27.0168      2.049  273.28878  273.44635     9.9724     4.3094 -9.990e-29
 129.301979      2.086    12.8736  32.363391    27.0249      2.067  273.28578  273.44314    10.1591     4.3094 -9.990e-29
 129.301982      2.097    12.8716  32.374773    27.0383      2.078  273.27457  273.43170    10.0191     4.3054 -9.990e-29
 129.301985      2.126    12.8693  32.374599    27.0395      2.107  273.28498  273.44196     9.8012     4.2285 0.0000e+00
 129.301988      2.159    12.8676  32.375993    27.0383      2.139  273.28979  273.44666     9.8478     4.2326 0.0000e+00
 129.301991      2.190    12.8668  32.371754    27.0408      2.170  273.30106  273.45791     9.7856     4.2447 0.0000e+00
 129.301994      2.226    12.8663  32.375587    27.0394      2.206  273.29622  273.45301     9.6144     4.2488 0.0000e+00
 129.301997      2.265    12.8660  32.379072    27.0413      2.244  273.29169  273.44842    10.5949     4.5682 -9.990e-29
 129.301999      2.290    12.8653  32.384067    27.0499      2.270  273.28606  273.44269    10.5638     4.5399 -9.990e-29
 129.302002      2.312    12.8644  32.392083    27.0579      2.291  273.27574  273.43224    10.5638     4.5763 -9.990e-29
 129.302005      2.330    12.8636  32.396149    27.0622      2.309  273.27205  273.42847    10.5171     4.5439 -9.990e-29
 129.302008      2.352    12.8623  32.400797    27.0674      2.331  273.26955  273.42584    11.2175     4.5682 -9.990e-29
 129.302011      2.372    12.8609  32.402423    27.0699      2.351  273.27299  273.42917    11.3576     4.5763 -9.990e-29
 129.302014      2.390    12.8598  32.408640    27.0764      2.369  273.26678  273.42283    11.3109     4.5520 -9.990e-29
 129.302017      2.405    12.8590  32.413637    27.0817      2.383  273.26177  273.41771    11.2175     4.5682 -9.990e-29
 129.302020      2.419    12.8579  32.418111    27.0866      2.398  273.25862  273.41445    11.2019     4.5358 -9.990e-29
 129.302023      2.439    12.8567  32.422353    27.0947      2.418  273.25651  273.41223    11.8556     4.8068 -9.990e-29
 129.302025      2.465    12.8557  32.425258    27.0953      2.443  273.25581  273.41144    11.9490     4.7987 0.0000e+00
 129.302028      2.498    12.8549  32.425898    27.0959      2.476  273.25817  273.41374    11.9334     4.7866 0.0000e+00
 129.302031      2.527    12.8542  32.430314    27.1004      2.504  273.25324  273.40873    11.9490     4.7946 0.0000e+00
 129.302034      2.556    12.8536  32.436824    27.1069      2.533  273.24462  273.40000     8.0580     4.1638 0.0000e+00
 129.302037      2.583    12.8526  32.439090    27.1069      2.560  273.24474  273.40004     8.0113     4.1679 0.0000e+00
 129.302040      2.609    12.8519  32.430722    27.1024      2.586  273.26296  273.41829     8.0268     4.2083 0.0000e+00
 129.302043      2.635    12.8522  32.422819    27.0949      2.611  273.27533  273.43076     8.1047     4.1760 0.0000e+00
 129.302046      2.664    12.8533  32.414219    27.0906      2.640  273.28578  273.44136     8.9296     4.3175 0.0000e+00
 129.302049      2.697    12.8548  32.404052    27.0862      2.673  273.29711  273.45288     8.9607     4.3013 -9.990e-29
 129.302052      2.722    12.8567  32.406898    27.0769      2.698  273.28360  273.43947     8.9918     4.3215 -9.990e-29
 129.302054      2.742    12.8579  32.400217    27.0699      2.718  273.29035  273.44636     8.9918     4.3013 -9.990e-29
 129.302057      2.760    12.8590  32.397429    27.0665      2.736  273.29023  273.44634     9.4743     4.3094 -9.990e-29
 129.302060      2.779    12.8600  32.393479    27.0622      2.754  273.29311  273.44932     9.6299     4.3134 -9.990e-29
 129.302063      2.799    12.8610  32.392491    27.0620      2.774  273.29014  273.44642     9.5833     4.3215 -9.990e-29
 129.302066      2.826    12.8618  32.394699    27.0620      2.801  273.28312  273.43943     9.5366     4.2973 0.0000e+00
 129.302069      2.856    12.8618  32.396151    27.0620      2.830  273.28026  273.43656     9.5366     4.2851 -9.990e-29
 129.302072      2.881    12.8615  32.396151    27.0637      2.855  273.28154  273.43782     9.4899     4.4469 -9.990e-29
 129.302075      2.908    12.8615  32.396441    27.0647      2.882  273.28105  273.43733     9.3965     4.4267 0.0000e+00
 129.302078      2.936    12.8612  32.398359    27.0657      2.910  273.27895  273.43519     9.4899     4.4226 0.0000e+00
 129.302080      2.967    12.8610  32.399985    27.0665      2.940  273.27736  273.43357     9.6144     4.4388 0.0000e+00
 129.302083      2.996    12.8605  32.403645    27.0674      2.969  273.27282  273.42897     8.9607     4.2690 -9.990e-29
 129.302086      3.019    12.8600  32.403065    27.0710      2.993  273.27638  273.43250     8.9607     4.2124 -9.990e-29
 129.302089      3.043    12.8593  32.401903    27.0703      3.016  273.28128  273.43736     8.9607     4.2690 -9.990e-29
 129.302092      3.060    12.8592  32.404866    27.0731      3.032  273.27638  273.43244     9.1163     4.2609 -9.990e-29
 129.302095      3.076    12.8592  32.404691    27.0730      3.049  273.27701  273.43306     8.0735     4.3175 -9.990e-29
 129.302098      3.094    12.8591  32.405679    27.0740      3.067  273.27560  273.43164     8.0268     4.3094 -9.990e-29
 129.302101      3.111    12.8590  32.406086    27.0744      3.083  273.27521  273.43124     8.0113     4.3094 -9.990e-29
 129.302104      3.135    12.8590  32.403995    27.0725      3.107  273.27923  273.43527     7.9646     4.2932 -9.990e-29
 129.302106      3.156    12.8592  32.404459    27.0716      3.128  273.27748  273.43353     9.4587     4.4388 -9.990e-29
 129.302109      3.187    12.8592  32.403239    27.0712      3.159  273.27933  273.43540     9.5210     4.4550 0.0000e+00
 129.302112      3.220    12.8593  32.402426    27.0708      3.191  273.28047  273.43655     9.6766     4.4469 0.0000e+00
 129.302115      3.247    12.8594  32.401032    27.0694      3.218  273.28263  273.43873     9.5677     4.4388 0.0000e+00
 129.302118      3.286    12.8596  32.400509    27.0688      3.256  273.28263  273.43875     9.3342     4.4509 0.0000e+00
 129.302121      3.313    12.8599  32.399986    27.0681      3.284  273.28231  273.43845     7.7778     4.2609 0.0000e+00
 129.302124      3.348    12.8602  32.398186    27.0661      3.318  273.28393  273.44011     7.7934     4.2528 0.0000e+00
 129.302127      3.375    12.8605  32.398186    27.0660      3.345  273.28269  273.43889     7.7311     4.2285 0.0000e+00
 129.302130      3.403    12.8607  32.398592    27.0659      3.372  273.28104  273.43725     7.8401     4.2407 -9.990e-29
 129.302133      3.425    12.8607  32.397954    27.0655      3.394  273.28218  273.43840     9.5988     4.3296 -9.990e-29
 129.302135      3.447    12.8610  32.397431    27.0649      3.416  273.28217  273.43841     9.4899     4.2690 -9.990e-29
 129.302138      3.465    12.8610  32.397954    27.0653      3.434  273.28095  273.43718     9.4587     4.3498 -9.990e-29
 129.302141      3.485    12.8612  32.400626    27.0676      3.454  273.27531  273.43153     9.5677     4.2973 -9.990e-29
 129.302144      3.509    12.8611  32.401439    27.0685      3.477  273.27452  273.43073     8.5249     4.2892 -9.990e-29
 129.302147      3.532    12.8607  32.401614    27.0689      3.501  273.27580  273.43199     8.4315     4.3054 -9.990e-29
 129.302150      3.561    12.8605  32.403821    27.0711      3.530  273.27288  273.42903     8.5093     4.3175 -9.990e-29
 129.302153      3.585    12.8603  32.406901    27.0740      3.553  273.26841  273.42452     8.4315     4.3175 -9.990e-29
