Processed/SBE19plus_01907321_2022_05_06_Cast52_wfilter.cnv
* Sea-Bird SBE19plus  Data File:
* FileName = E:\Prandtl Daten\2022\CTD\Raw\SBE19plus_01907321_2022_05_06_Cast52.hex
* Software version 2.6.1.12
* Temperature SN = 7321
* Conductivity SN = 7321
* System UpLoad Time = May 06 2022 12:21:00
* <ApplicationData>
* <Seaterm232>
** Messpraktikum 2022
** CTD 06.05 MP2
** NMEA Latitude = 54 04.017 N
** NMEA Longitude = 008 42.129 E
# nquan = 11
# nvalues = 604                         
# units = specified
# name 0 = timeJ: Julian Days
# name 1 = prdM: Pressure, Strain Gauge [db]
# name 2 = tv290C: Temperature [ITS-90, deg C]
# name 3 = c0mS/cm: Conductivity [mS/cm]
# name 4 = sal00: Salinity, Practical [PSU]
# name 5 = depSM: Depth [salt water, m], lat = 54.00
# name 6 = oxsatMm/Kg: Oxygen Saturation, Weiss [umol/kg]
# name 7 = oxsolMm/Kg: Oxygen Saturation, Garcia & Gordon [umol/kg]
# name 8 = turbWETntu0: Turbidity, WET Labs ECO [NTU]
# name 9 = flECO-AFL: Fluorescence, WET Labs ECO-AFL/FL [mg/m^3]
# name 10 = flag:  0.000e+00
# span 0 = 126.509737, 126.511481       
# span 1 =      0.310,     13.409       
# span 2 =    12.2750,    13.2718       
# span 3 =  31.560981,  32.292129       
# span 4 =    26.6359,    26.8136       
# span 5 =      0.307,     13.289       
# span 6 =  271.68800,  277.39639       
# span 7 =  271.87126,  277.52228       
# span 8 =    26.9996,   111.3731       
# span 9 =     8.4703,    13.3348       
# span 10 = 0.0000e+00, 0.0000e+00      
# interval = seconds: 0.25
# start_time = May 06 2022 12:12:54 [Instrument's time stamp, header]
# bad_flag = -9.990e-29
*END*
[from data line 132]
 126.510394      3.778    12.3125  31.619793    26.7334      3.744  277.11518  277.24293    35.7311    10.4598 -9.990e-29
 126.510396      3.792    12.3124  31.618642    26.7324      3.759  277.11792  277.24566    35.0930    10.1686 -9.990e-29
 126.510399      3.809    12.3124  31.622555    26.7338      3.775  277.11051  277.23822    34.9529    10.1767 -9.990e-29
 126.510402      3.838    12.3136  31.621002    26.7345      3.804  277.10826  277.23606    35.0152    10.2131 0.0000e+00
 126.510405      3.864    12.3148  31.623591    26.7339      3.829  277.09817  277.22603    34.9685    10.2212 0.0000e+00
 126.510408      3.895    12.3157  31.622786    26.7339      3.860  277.09520  277.22313    34.9996    10.2374 0.0000e+00
 126.510411      3.927    12.3159  31.621002    26.7328      3.892  277.09782  277.22578    35.9023    10.3668 0.0000e+00
 126.510414      3.960    12.3156  31.621577    26.7321      3.925  277.09807  277.22600    35.5288    10.3466 0.0000e+00
 126.510417      3.990    12.3150  31.620427    26.7326      3.954  277.10272  277.23063    35.8089    10.3344 0.0000e+00
 126.510420      4.021    12.3144  31.620427    26.7321      3.985  277.10560  277.23347    35.6689    10.3344 0.0000e+00
 126.510422      4.050    12.3136  31.618931    26.7322      4.014  277.11215  277.23998    34.0035    10.3506 0.0000e+00
 126.510425      4.076    12.3129  31.620427    26.7318      4.039  277.11232  277.24009    33.8634    10.3263 -9.990e-29
 126.510428      4.092    12.3128  31.621175    26.7344      4.056  277.11161  277.23936    34.1747    10.3546 -9.990e-29
 126.510431      4.103    12.3132  31.621981    26.7348      4.066  277.10825  277.23602    34.0657    10.3344 -9.990e-29
 126.510434      4.120    12.3136  31.621405    26.7340      4.083  277.10771  277.23551    35.8089    10.1201 -9.990e-29
 126.510437      4.138    12.3138  31.621175    26.7342      4.101  277.10687  277.23469    35.9023    10.1363 -9.990e-29
 126.510440      4.163    12.3141  31.621981    26.7339      4.126  277.10415  277.23199    35.9646    10.1201 0.0000e+00
 126.510443      4.191    12.3143  31.621405    26.7335      4.153  277.10426  277.23211    36.1980    10.1444 0.0000e+00
 126.510446      4.216    12.3141  31.621175    26.7334      4.178  277.10565  277.23349    34.2369    10.0959 0.0000e+00
 126.510448      4.253    12.3140  31.621003    26.7333      4.215  277.10662  277.23445    34.5015    10.1242 0.0000e+00
 126.510451      4.287    12.3139  31.620025    26.7333      4.249  277.10874  277.23657    34.2681    10.1363 0.0000e+00
 126.510454      4.318    12.3136  31.622212    26.7336      4.279  277.10638  277.23418    34.0969    10.1161 0.0000e+00
 126.510457      4.355    12.3141  31.623593    26.7347      4.316  277.10136  277.22917    34.3303    10.1484 -9.990e-29
 126.510460      4.380    12.3152  31.623765    26.7350      4.341  277.09597  277.22386    34.8751    10.4881 -9.990e-29
 126.510463      4.411    12.3163  31.623765    26.7342      4.372  277.09122  277.21918    34.7350    10.4517 -9.990e-29
 126.510466      4.429    12.3167  31.623362    26.7335      4.390  277.09005  277.21805    34.5949    10.4679 -9.990e-29
 126.510469      4.447    12.3167  31.623765    26.7339      4.408  277.08933  277.21732    34.6572    10.4921 -9.990e-29
 126.510472      4.464    12.3167  31.624168    26.7342      4.424  277.08862  277.21660    34.2369    10.1727 -9.990e-29
 126.510475      4.482    12.3169  31.624744    26.7347      4.442  277.08695  277.21494    34.3926    10.2010 -9.990e-29
 126.510477      4.502    12.3174  31.625722    26.7359      4.462  277.08264  277.21066    34.5327    10.1727 -9.990e-29
 126.510480      4.531    12.3187  31.627506    26.7362      4.491  277.07370  277.20178    34.2214    10.2091 0.0000e+00
 126.510483      4.562    12.3197  31.628715    26.7359      4.521  277.06708  277.19521    32.2603     9.9341 0.0000e+00
 126.510486      4.597    12.3210  31.627506    26.7363      4.556  277.06325  277.19149    32.2603     9.9018 0.0000e+00
 126.510489      4.624    12.3218  31.630326    26.7363      4.583  277.05465  277.18292    32.3692     9.9139 0.0000e+00
 126.510492      4.657    12.3227  31.632052    26.7373      4.615  277.04741  277.17572    32.4159     9.9462 0.0000e+00
 126.510495      4.688    12.3245  31.633836    26.7373      4.646  277.03593  277.16434    32.8517    10.0312 0.0000e+00
 126.510498      4.715    12.3260  31.633088    26.7368      4.673  277.03094  277.15945    32.7272    10.0918 0.0000e+00
 126.510501      4.743    12.3271  31.633664    26.7359      4.700  277.02482  277.15341    32.6338    10.0878 -9.990e-29
 126.510503      4.763    12.3276  31.633088    26.7347      4.720  277.02333  277.15196    32.6650    10.0635 -9.990e-29
 126.510506      4.779    12.3279  31.634067    26.7355      4.737  277.02062  277.14925    32.9607    10.0473 -9.990e-29
 126.510509      4.798    12.3277  31.632685    26.7343      4.755  277.02377  277.15240    35.1085    10.1969 -9.990e-29
 126.510512      4.816    12.3269  31.630671    26.7330      4.773  277.03125  277.15985    35.2019    10.2212 -9.990e-29
 126.510515      4.838    12.3252  31.629693    26.7328      4.794  277.04035  277.16885    35.2798    10.1686 -9.990e-29
 126.510518      4.869    12.3241  31.628312    26.7321      4.825  277.04828  277.17672    35.2331    10.1889 0.0000e+00
 126.510521      4.898    12.3226  31.625723    26.7314      4.854  277.05968  277.18804    36.3381    10.5124 0.0000e+00
 126.510524      4.927    12.3205  31.623191    26.7305      4.883  277.07383  277.20208    36.6650    10.5407 0.0000e+00
 126.510527      4.965    12.3181  31.621407    26.7305      4.921  277.08791  277.21601    36.4782    10.5407 0.0000e+00
 126.510530      4.998    12.3158  31.621005    26.7317      4.954  277.09884  277.22680    36.5560    10.5285 0.0000e+00
 126.510532      5.027    12.3138  31.619394    26.7317      4.982  277.11101  277.23885    37.2720    10.5892 0.0000e+00
 126.510535      5.055    12.3119  31.617438    26.7315      5.009  277.12316  277.25089    37.1319    10.5892 0.0000e+00
 126.510538      5.086    12.3099  31.617438    26.7312      5.040  277.13209  277.25969    37.0696    10.5770 -9.990e-29
 126.510541      5.111    12.3086  31.616230    26.7324      5.065  277.14003  277.26755    37.3031    10.5932 -9.990e-29
 126.510544      5.131    12.3080  31.614504    26.7312      5.085  277.14604  277.27354    38.2369    10.8803 -9.990e-29
 126.510547      5.148    12.3070  31.611915    26.7295      5.102  277.15520  277.28266    38.4860    10.8358 -9.990e-29
 126.510550      5.168    12.3055  31.611340    26.7300      5.121  277.16294  277.29030    38.7039    10.8278 -9.990e-29
 126.510553      5.186    12.3044  31.609153    26.7283      5.140  277.17201  277.29932    38.3926    10.8520 -9.990e-29
 126.510556      5.214    12.3031  31.607773    26.7287      5.167  277.18026  277.30750    38.5327    10.8278 0.0000e+00
 126.510558      5.241    12.3019  31.607773    26.7290      5.194  277.18600  277.31316    37.5833    10.4800 0.0000e+00
 126.510561      5.272    12.3009  31.606795    26.7290      5.225  277.19225  277.31936    37.7856    10.4477 0.0000e+00
 126.510564      5.301    12.3003  31.605760    26.7288      5.254  277.19670  277.32377    37.7078    10.4962 0.0000e+00
 126.510567      5.334    12.2995  31.605587    26.7288      5.286  277.20053  277.32756    37.9101    10.4800 0.0000e+00
 126.510570      5.361    12.2990  31.606393    26.7291      5.313  277.20163  277.32861    37.3342    10.4396 0.0000e+00
 126.510573      5.389    12.2991  31.605587    26.7297      5.340  277.20248  277.32948    37.5366    10.4800 0.0000e+00
 126.510576      5.420    12.2993  31.606393    26.7294      5.371  277.20040  277.32740    37.3965    10.4557 0.0000e+00
 126.510579      5.447    12.2994  31.607371    26.7297      5.398  277.19801  277.32501    37.3809    10.4517 -9.990e-29
 126.510582      5.469    12.2997  31.607774    26.7307      5.420  277.19570  277.32272    36.9607    10.4679 -9.990e-29
 126.510584      5.486    12.3002  31.607544    26.7301      5.437  277.19422  277.32127    37.1163    10.5083 -9.990e-29
 126.510587      5.507    12.3005  31.607947    26.7303      5.458  277.19223  277.31929    37.0385    10.4638 -9.990e-29
 126.510590      5.530    12.3009  31.608925    26.7309      5.480  277.18824  277.31533    36.8984    10.4638 -9.990e-29
 126.510593      5.553    12.3015  31.610306    26.7313      5.503  277.18321  277.31032    38.0346    10.5326 -9.990e-29
 126.510596      5.579    12.3019  31.610133    26.7310      5.529  277.18163  277.30877    37.6611    10.5366 0.0000e+00
 126.510599      5.611    12.3021  31.609558    26.7306      5.561  277.18174  277.30890    37.7700    10.5083 0.0000e+00
 126.510602      5.642    12.3019  31.608522    26.7305      5.592  277.18491  277.31206    37.6299    10.5285 0.0000e+00
 126.510605      5.677    12.3017  31.609155    26.7303      5.626  277.18474  277.31187    37.6299    10.5326 0.0000e+00
 126.510608      5.704    12.3012  31.608522    26.7305      5.653  277.18813  277.31524    36.5871    10.5851 0.0000e+00
 126.510611      5.732    12.3009  31.608523    26.7304      5.680  277.18942  277.31651    36.6338    10.5932 0.0000e+00
 126.510613      5.764    12.3005  31.608925    26.7305      5.713  277.19062  277.31768    36.6027    10.6013 -9.990e-29
 126.510616      5.788    12.3005  31.609156    26.7313      5.736  277.19022  277.31728    36.3226    10.6054 -9.990e-29
 126.510619      5.814    12.3008  31.608753    26.7307      5.762  277.18938  277.31646    37.5210    10.6701 -9.990e-29
 126.510622      5.834    12.3010  31.608178    26.7300      5.781  277.18948  277.31658    37.4899    10.6822 -9.990e-29
 126.510625      5.852    12.3012  31.608350    26.7301      5.800  277.18854  277.31565    37.3809    10.6701 -9.990e-29
 126.510628      5.872    12.3013  31.607775    26.7294      5.819  277.18896  277.31609    37.5988    10.6579 -9.990e-29
 126.510631      5.896    12.3014  31.608523    26.7301      5.843  277.18730  277.31443    37.9879    10.7186 -9.990e-29
 126.510634      5.919    12.3013  31.608178    26.7282      5.866  277.18826  277.31538    38.0969    10.6984 -9.990e-29
 126.510637      5.949    12.3014  31.606567    26.7285      5.895  277.19089  277.31803    38.1903    10.6903 0.0000e+00
 126.510639      5.980    12.3012  31.607142    26.7288      5.926  277.19050  277.31763    38.2525    10.6822 0.0000e+00
 126.510642      6.009    12.3006  31.606797    26.7289      5.955  277.19401  277.32110    38.9685    10.7388 0.0000e+00
 126.510645      6.038    12.3000  31.605589    26.7290      5.984  277.19877  277.32583    38.8440    10.7064 -9.990e-29
 126.510648      6.062    12.2991  31.605187    26.7288      6.008  277.20365  277.33066    38.7817    10.6822 -9.990e-29
 126.510651      6.091    12.2981  31.604784    26.7289      6.037  277.20886  277.33580    39.0463    10.7226 0.0000e+00
 126.510654      6.119    12.2976  31.604612    26.7290      6.064  277.21173  277.33864    39.2019    10.7348 0.0000e+00
 126.510657      6.144    12.2971  31.605187    26.7295      6.089  277.21262  277.33949    40.1980    10.7024 0.0000e+00
 126.510660      6.170    12.2967  31.603404    26.7299      6.114  277.21778  277.34464    40.2447    10.7469 -9.990e-29
 126.510663      6.190    12.2963  31.603979    26.7293      6.134  277.21866  277.34549    40.1980    10.7105 -9.990e-29
 126.510666      6.208    12.2957  31.602829    26.7286      6.152  277.22330  277.35011    40.2136    10.7186 -9.990e-29
 126.510668      6.230    12.2953  31.603404    26.7297      6.174  277.22418  277.35095    38.8595    10.5932 -9.990e-29
 126.510671      6.259    12.2953  31.603634    26.7290      6.203  277.22378  277.35055    38.9840    10.5892 0.0000e+00
 126.510674      6.290    12.2952  31.602024    26.7289      6.234  277.22705  277.35382    38.9685    10.6094 0.0000e+00
 126.510677      6.323    12.2950  31.602599    26.7283      6.266  277.22698  277.35374    38.9840    10.5973 0.0000e+00
 126.510680      6.352    12.2949  31.601851    26.7289      6.295  277.22899  277.35575    38.1280    11.0421 0.0000e+00
 126.510683      6.383    12.2950  31.602599    26.7288      6.326  277.22734  277.35409    38.2681    11.0542 0.0000e+00
 126.510686      6.416    12.2948  31.602427    26.7289      6.358  277.22831  277.35505    38.2058    11.0502 0.0000e+00
 126.510689      6.445    12.2946  31.601449    26.7288      6.387  277.23106  277.35780    38.0969    11.0542 -9.990e-29
 126.510692      6.470    12.2945  31.601219    26.7279      6.413  277.23181  277.35855    38.4237    11.0380 -9.990e-29
 126.510694      6.496    12.2943  31.602024    26.7288      6.438  277.23132  277.35804    38.8440    10.8439 -9.990e-29
 126.510697      6.519    12.2943  31.601852    26.7287      6.461  277.23197  277.35868    38.9685    10.8561 -9.990e-29
 126.510700      6.536    12.2942  31.601046    26.7280      6.477  277.23376  277.36047    38.8440    10.8682 -9.990e-29
 126.510703      6.558    12.2943  31.602427    26.7292      6.499  277.23095  277.35766    39.0463    10.8803 -9.990e-29
 126.510706      6.579    12.2942  31.602427    26.7292      6.521  277.23128  277.35798    37.6922    10.8561 -9.990e-29
 126.510709      6.601    12.2943  31.603003    26.7289      6.542  277.22961  277.35632    37.6611    10.8318 -9.990e-29
 126.510712      6.627    12.2946  31.602427    26.7291      6.568  277.22940  277.35613    37.5677    10.8682 0.0000e+00
 126.510715      6.660    12.2948  31.603003    26.7293      6.600  277.22742  277.35417    37.5210    10.8439 0.0000e+00
 126.510718      6.687    12.2951  31.603636    26.7293      6.627  277.22502  277.35177    40.7895    10.9005 0.0000e+00
 126.510720      6.722    12.2952  31.602428    26.7289      6.661  277.22660  277.35338    40.8984    10.9167 0.0000e+00
 126.510723      6.751    12.2948  31.602600    26.7289      6.690  277.22821  277.35496    40.9140    10.9046 0.0000e+00
 126.510726      6.780    12.2943  31.602831    26.7289      6.719  277.23036  277.35707    40.9296    10.9046 0.0000e+00
 126.510729      6.813    12.2940  31.602025    26.7292      6.752  277.23312  277.35981    40.0735    11.0097 0.0000e+00
 126.510732      6.838    12.2938  31.601623    26.7289      6.777  277.23450  277.36119    40.1669    10.9652 -9.990e-29
 126.510735      6.860    12.2934  31.602256    26.7295      6.799  277.23528  277.36193    40.2136    10.9774 -9.990e-29
 126.510738      6.882    12.2930  31.602026    26.7296      6.821  277.23762  277.36425    40.1202    10.9855 -9.990e-29
 126.510741      6.899    12.2930  31.602428    26.7300      6.837  277.23690  277.36352    40.2292    10.9652 -9.990e-29
 126.510744      6.919    12.2928  31.602026    26.7298      6.857  277.23860  277.36521    38.9996    10.8358 -9.990e-29
 126.510747      6.939    12.2928  31.602429    26.7303      6.877  277.23788  277.36449    39.2019    10.8763 -9.990e-29
 126.510749      6.968    12.2927  31.602601    26.7305      6.906  277.23790  277.36451    39.0930    10.8561 0.0000e+00
 126.510752      6.994    12.2925  31.602831    26.7307      6.931  277.23846  277.36505    39.1708    10.8358 0.0000e+00
 126.510755      7.023    12.2925  31.603004    26.7308      6.960  277.23816  277.36475    37.0385    10.6377 0.0000e+00
 126.510758      7.056    12.2924  31.603752    26.7308      6.993  277.23715  277.36372    37.4120    10.6458 -9.990e-29
 126.510761      7.079    12.2926  31.604615    26.7328      7.016  277.23464  277.36122    37.2875    10.6822 -9.990e-29
 126.510764      7.109    12.2931  31.605593    26.7330      7.045  277.23098  277.35757    37.3654    10.6539 0.0000e+00
 126.510767      7.138    12.2940  31.606571    26.7330      7.074  277.22508  277.35173    37.4276    10.6094 0.0000e+00
