Processed/SBE19plus_01907321_2022_05_06_Cast54_wfilter.cnv
* Sea-Bird SBE19plus  Data File:
* FileName = E:\Prandtl Daten\2022\CTD\Raw\SBE19plus_01907321_2022_05_06_Cast54.hex
* Software version 2.6.1.12
* Temperature SN = 7321
* Conductivity SN = 7321
* System UpLoad Time = May 06 2022 13:17:19
* <ApplicationData>
* <Seaterm232>
** Messpraktikum 2022
** CTD 06.05 TS
** NMEA Latitude = 54 07,63 N
** NMEA Longitude = 008 42.13 E
# nquan = 11
# nvalues = 467                         
# units = specified
# name 0 = timeJ: Julian Days
# name 1 = prdM: Pressure, Strain Gauge [db]
# name 2 = tv290C: Temperature [ITS-90, deg C]
# name 3 = c0mS/cm: Conductivity [mS/cm]
# name 4 = sal00: Salinity, Practical [PSU]
# name 5 = depSM: Depth [salt water, m], lat = 54.00
# name 6 = oxsatMm/Kg: Oxygen Saturation, Weiss [umol/kg]
# name 7 = oxsolMm/Kg: Oxygen Saturation, Garcia & Gordon [umol/kg]
# name 8 = turbWETntu0: Turbidity, WET Labs ECO [NTU]
# name 9 = flECO-AFL: Fluorescence, WET Labs ECO-AFL/FL [mg/m^3]
# name 10 = flag:  0.000e+00
# span 0 = 126.549418, 126.550767       
# span 1 =      0.541,     12.204       
# span 2 =    12.1096,    12.3938       
# span 3 =  31.489011,  31.927277       
# span 4 =    26.7128,    27.0250       
# span 5 =      0.536,     12.095       
# span 6 =  276.60775,  278.26976       
# span 7 =  276.73172,  278.38514       
# span 8 =    13.4587,    72.1358       
# span 9 =     7.4715,    15.5912       
# span 10 = 0.0000e+00, 0.0000e+00      
# interval = seconds: 0.25
# start_time = May 06 2022 13:09:56 [Instrument's time stamp, header]
# bad_flag = -9.990e-29
*END*
[from data line 132]
 126.549800      3.822    12.1539  31.512275    26.7458      3.787  278.02964  278.14779    23.9646    10.6458 0.0000e+00
 126.549803      3.854    12.1543  31.512275    26.7457      3.820  278.02775  278.14593    24.0580    10.5609 0.0000e+00
 126.549806      3.884    12.1540  31.512275    26.7456      3.849  278.02904  278.14720    23.2331    10.6013 0.0000e+00
 126.549809      3.911    12.1537  31.513022    26.7457      3.876  278.02897  278.14710    23.1708    10.5973 -9.990e-29
 126.549812      3.924    12.1541  31.514229    26.7475      3.889  278.02518  278.14333    22.9840    10.5245 -9.990e-29
 126.549815      3.931    12.1546  31.512850    26.7458      3.896  278.02547  278.14367    23.3264    10.5851 -9.990e-29
 126.549818      3.942    12.1547  31.512850    26.7457      3.907  278.02484  278.14305    23.2642    10.5690 -9.990e-29
 126.549821      3.953    12.1541  31.510896    26.7443      3.918  278.03097  278.14916    27.0930    11.4505 -9.990e-29
 126.549823      3.975    12.1528  31.507563    26.7436      3.939  278.04313  278.16126    26.9685    11.4586 -9.990e-29
 126.549826      4.004    12.1506  31.507506    26.7440      3.968  278.05344  278.17142    27.0619    11.4788 0.0000e+00
 126.549829      4.041    12.1487  31.506932    26.7439      4.005  278.06311  278.18097    26.8906    11.5192 0.0000e+00
 126.549832      4.081    12.1471  31.505151    26.7439      4.044  278.07372  278.19149    24.7739    10.6175 0.0000e+00
 126.549835      4.123    12.1453  31.499462    26.7424      4.086  278.09211  278.20982    24.7272    10.6013 0.0000e+00
 126.549838      4.161    12.1426  31.500267    26.7424      4.124  278.10276  278.22028    24.6494    10.5770 0.0000e+00
 126.549841      4.190    12.1402  31.500268    26.7433      4.153  278.11393  278.23128    24.5249    10.6013 0.0000e+00
 126.549844      4.220    12.1389  31.502394    26.7442      4.182  278.11579  278.23304    22.5327    10.3183 -9.990e-29
 126.549847      4.238    12.1393  31.503600    26.7479      4.200  278.11200  278.22926    22.3770    10.3344 -9.990e-29
 126.549850      4.254    12.1402  31.502796    26.7465      4.216  278.10935  278.22667    22.3926    10.3546 -9.990e-29
 126.549852      4.263    12.1407  31.504577    26.7479      4.225  278.10386  278.22121    22.5171    10.3223 -9.990e-29
 126.549855      4.278    12.1417  31.505784    26.7483      4.240  278.09721  278.21461    23.8868    10.7752 -9.990e-29
 126.549858      4.294    12.1429  31.505784    26.7474      4.256  278.09149  278.20897    24.0268    10.7792 -9.990e-29
 126.549861      4.318    12.1440  31.506129    26.7473      4.279  278.08578  278.20334    24.0580    10.7590 -9.990e-29
 126.549864      4.345    12.1445  31.506933    26.7471      4.306  278.08242  278.19999    23.9490    10.8237 0.0000e+00
 126.549867      4.378    12.1450  31.506761    26.7473      4.339  278.08021  278.19782    23.7311    10.7469 0.0000e+00
 126.549870      4.411    12.1455  31.507910    26.7468      4.371  278.07590  278.19353    23.9334    10.5811 0.0000e+00
 126.549873      4.440    12.1459  31.507163    26.7470      4.400  278.07537  278.19305    23.8868    10.4840 0.0000e+00
 126.549876      4.473    12.1462  31.507508    26.7465      4.433  278.07349  278.19118    23.9334    10.5487 -9.990e-29
 126.549878      4.496    12.1462  31.507163    26.7462      4.456  278.07414  278.19183    23.8556    10.5811 -9.990e-29
 126.549881      4.520    12.1459  31.505784    26.7434      4.479  278.07795  278.19564    25.7233    11.0178 -9.990e-29
 126.549884      4.545    12.1452  31.503371    26.7434      4.505  278.08556  278.20323    25.8012    10.9652 0.0000e+00
 126.549887      4.571    12.1438  31.503256    26.7434      4.530  278.09216  278.20973    26.0346    10.9531 -9.990e-29
 126.549890      4.591    12.1423  31.500613    26.7429      4.550  278.10401  278.22151    25.9879    10.9693 -9.990e-29
 126.549893      4.609    12.1400  31.499867    26.7438      4.568  278.11558  278.23293    26.6883    11.2362 -9.990e-29
 126.549896      4.628    12.1380  31.499637    26.7450      4.586  278.12525  278.24246    26.7973    11.3049 -9.990e-29
 126.549899      4.648    12.1368  31.498488    26.7456      4.606  278.13309  278.25023    26.5327    11.2523 -9.990e-29
 126.549902      4.677    12.1353  31.498258    26.7461      4.635  278.14022  278.25726    26.6416    11.3170 0.0000e+00
 126.549905      4.704    12.1343  31.498488    26.7465      4.662  278.14428  278.26125    28.1980    11.5758 0.0000e+00
 126.549907      4.733    12.1335  31.499063    26.7465      4.691  278.14675  278.26366    28.3692    11.5677 0.0000e+00
 126.549910      4.763    12.1337  31.497282    26.7458      4.720  278.14939  278.26633    28.3381    11.5475 0.0000e+00
 126.549913      4.796    12.1333  31.496305    26.7458      4.753  278.15279  278.26972    27.9957    11.5233 0.0000e+00
 126.549916      4.823    12.1319  31.496708    26.7465      4.780  278.15844  278.27527    28.1669    11.4869 0.0000e+00
 126.549919      4.852    12.1312  31.496478    26.7467      4.809  278.16206  278.27885    29.7233    11.7457 0.0000e+00
 126.549922      4.882    12.1307  31.495904    26.7468      4.838  278.16536  278.28212    29.7233    11.6890 -9.990e-29
 126.549925      4.905    12.1301  31.494123    26.7454      4.861  278.17150  278.28824    29.7233    11.7295 -9.990e-29
 126.549928      4.925    12.1289  31.492744    26.7449      4.881  278.17945  278.29612    29.7700    11.7861 -9.990e-29
 126.549931      4.951    12.1269  31.490619    26.7444      4.907  278.19260  278.30915    28.5871    10.9895 -9.990e-29
 126.549933      4.968    12.1245  31.490217    26.7457      4.923  278.20417  278.32057    28.4938    11.0178 -9.990e-29
 126.549936      4.986    12.1223  31.489815    26.7469      4.941  278.21479  278.33104    28.7272    11.0623 -9.990e-29
 126.549939      5.007    12.1207  31.489011    26.7473      4.963  278.22392  278.34007    28.6650    11.0623 -9.990e-29
 126.549942      5.028    12.1200  31.489643    26.7506      4.983  278.22596  278.34205    29.3654    11.7012 -9.990e-29
 126.549945      5.057    12.1204  31.492343    26.7508      5.011  278.21881  278.33490    29.1786    11.7457 0.0000e+00
 126.549948      5.084    12.1215  31.493492    26.7506      5.038  278.21194  278.32810    29.4743    11.7174 0.0000e+00
 126.549951      5.115    12.1228  31.493148    26.7496      5.069  278.20687  278.32311    29.4587    11.7012 0.0000e+00
 126.549954      5.146    12.1230  31.491999    26.7487      5.100  278.20803  278.32431    30.7194    11.8831 0.0000e+00
 126.549957      5.175    12.1222  31.491769    26.7484      5.129  278.21198  278.32820    30.8284    11.8589 0.0000e+00
 126.549959      5.208    12.1212  31.490620    26.7485      5.162  278.21856  278.33473    30.7661    11.9276 0.0000e+00
 126.549962      5.237    12.1205  31.492171    26.7483      5.190  278.21892  278.33503    30.8751    11.9236 -9.990e-29
 126.549965      5.261    12.1202  31.492172    26.7505      5.214  278.22021  278.33630    30.7350    11.9114 -9.990e-29
 126.549968      5.279    12.1200  31.490620    26.7492      5.232  278.22434  278.34042    32.4782    11.7740 -9.990e-29
 126.549971      5.295    12.1195  31.490793    26.7497      5.248  278.22626  278.34231    32.5560    11.7821 -9.990e-29
 126.549974      5.308    12.1189  31.491367    26.7506      5.261  278.22777  278.34377    32.6805    11.8104 -9.990e-29
 126.549977      5.328    12.1183  31.489414    26.7492      5.280  278.23391  278.34989    32.6650    11.8063 -9.990e-29
 126.549980      5.344    12.1169  31.490219    26.7510      5.297  278.23881  278.35469    33.7700    11.9357 -9.990e-29
 126.549983      5.374    12.1161  31.489644    26.7514      5.326  278.24370  278.35953    33.8167    11.8953 0.0000e+00
 126.549986      5.403    12.1155  31.490219    26.7519      5.355  278.24522  278.36100    33.6922    11.8548 0.0000e+00
 126.549988      5.439    12.1153  31.490219    26.7521      5.391  278.24620  278.36197    33.5988    11.8589 0.0000e+00
 126.549991      5.472    12.1143  31.491196    26.7536      5.423  278.24921  278.36490    33.5677    11.5920 0.0000e+00
 126.549994      5.505    12.1134  31.490392    26.7537      5.456  278.25484  278.37048    33.5988    11.5839 0.0000e+00
 126.549997      5.536    12.1128  31.490220    26.7537      5.487  278.25772  278.37333    33.5833    11.5880 0.0000e+00
 126.550000      5.562    12.1127  31.490794    26.7538      5.512  278.25733  278.37291    33.4120    11.5677 -9.990e-29
 126.550003      5.585    12.1130  31.490622    26.7541      5.535  278.25638  278.37199    33.4587    11.6324 -9.990e-29
 126.550006      5.600    12.1128  31.491024    26.7546      5.550  278.25629  278.37189    33.3965    11.6244 -9.990e-29
 126.550009      5.611    12.1122  31.491024    26.7550      5.561  278.25917  278.37472    33.4276    11.6607 -9.990e-29
 126.550012      5.620    12.1113  31.491197    26.7558      5.570  278.26268  278.37817    33.5210    11.6001 -9.990e-29
 126.550014      5.642    12.1106  31.491025    26.7562      5.591  278.26651  278.38195    33.5521    11.6324 -9.990e-29
 126.550017      5.664    12.1099  31.491369    26.7573      5.613  278.26908  278.38447    35.8868    12.4088 -9.990e-29
 126.550020      5.695    12.1097  31.491599    26.7572      5.644  278.26963  278.38500    35.9023    12.4371 0.0000e+00
 126.550023      5.733    12.1097  31.491370    26.7573      5.682  278.26976  278.38514    36.0268    12.3482 0.0000e+00
 126.550026      5.775    12.1097  31.492347    26.7580      5.723  278.26832  278.38368    36.0113    12.4129 0.0000e+00
 126.550029      5.807    12.1096  31.492347    26.7580      5.756  278.26866  278.38402    33.4587    11.7052 0.0000e+00
 126.550032      5.842    12.1099  31.494128    26.7587      5.790  278.26382  278.37919    33.5521    11.6607 0.0000e+00
 126.550035      5.868    12.1105  31.494530    26.7595      5.815  278.26056  278.37596    33.4899    11.7052 -9.990e-29
 126.550038      5.889    12.1106  31.493955    26.7588      5.837  278.26099  278.37640    33.5677    11.7214 -9.990e-29
 126.550041      5.906    12.1109  31.495334    26.7599      5.853  278.25752  278.37293    35.1708    12.5301 -9.990e-29
 126.550043      5.919    12.1108  31.494760    26.7594      5.866  278.25890  278.37431    35.1085    12.5503 -9.990e-29
 126.550046      5.926    12.1107  31.494760    26.7595      5.873  278.25922  278.37463    35.1241    12.5342 -9.990e-29
 126.550049      5.937    12.1104  31.494932    26.7599      5.884  278.26050  278.37589    34.9840    12.5301 -9.990e-29
 126.550052      5.953    12.1100  31.494932    26.7600      5.900  278.26211  278.37747    33.9879    12.2875 -9.990e-29
 126.550055      5.982    12.1100  31.494760    26.7595      5.929  278.26244  278.37781    33.6611    12.2754 0.0000e+00
 126.550058      6.022    12.1100  31.493726    26.7594      5.969  278.26436  278.37974    33.8945    12.3482 0.0000e+00
 126.550061      6.066    12.1099  31.494128    26.7594      6.012  278.26397  278.37934    33.7700    12.3118 0.0000e+00
 126.550064      6.112    12.1102  31.495163    26.7602      6.057  278.26115  278.37652    33.6766    12.3320 0.0000e+00
 126.550067      6.150    12.1099  31.495335    26.7604      6.095  278.26214  278.37749    33.7856    11.4424 0.0000e+00
 126.550069      6.178    12.1102  31.495335    26.7605      6.122  278.26088  278.37625    33.8478    11.4181 -9.990e-29
 126.550072      6.201    12.1103  31.495335    26.7602      6.146  278.26026  278.37564    33.7389    11.4060 -9.990e-29
 126.550075      6.218    12.1104  31.494531    26.7594      6.162  278.26143  278.37682    33.7233    11.4343 -9.990e-29
 126.550078      6.232    12.1102  31.494933    26.7599      6.177  278.26166  278.37703    32.6338    12.2309 -9.990e-29
 126.550081      6.238    12.1099  31.494129    26.7593      6.182  278.26409  278.37946    32.7117    12.2875 -9.990e-29
 126.550084      6.256    12.1097  31.493727    26.7591      6.200  278.26579  278.38115    32.7739    12.2309 -9.990e-29
 126.550087      6.265    12.1098  31.494933    26.7602      6.209  278.26327  278.37862    32.7428    12.2269 -9.990e-29
 126.550090      6.291    12.1098  31.494531    26.7598      6.234  278.26402  278.37938    30.5015    11.9842 -9.990e-29
 126.550093      6.316    12.1102  31.494761    26.7599      6.260  278.26203  278.37740    30.7194    11.9721 -9.990e-29
 126.550095      6.351    12.1101  31.494934    26.7594      6.294  278.26205  278.37742    30.5638    11.9559 0.0000e+00
 126.550098      6.389    12.1104  31.494129    26.7589      6.332  278.26196  278.37736    30.5327    11.9195 0.0000e+00
 126.550101      6.431    12.1111  31.493382    26.7589      6.374  278.26017  278.37563    31.9957    11.4505 0.0000e+00
 126.550104      6.471    12.1120  31.495738    26.7592      6.413  278.25175  278.36724    32.0580    11.4424 0.0000e+00
 126.550107      6.504    12.1132  31.496887    26.7593      6.446  278.24457  278.36013    32.1358    11.3979 0.0000e+00
 126.550110      6.531    12.1138  31.497117    26.7595      6.473  278.24130  278.35690    32.0735    11.4100 -9.990e-29
 126.550113      6.549    12.1144  31.498094    26.7597      6.491  278.23666  278.35229    32.0580    11.4505 -9.990e-29
 126.550116      6.564    12.1149  31.497117    26.7585      6.505  278.23623  278.35190    34.8284    12.2996 -9.990e-29
 126.550119      6.577    12.1155  31.495508    26.7565      6.518  278.23664  278.35237    34.6883    12.2430 -9.990e-29
 126.550122      6.590    12.1155  31.498496    26.7593      6.531  278.23086  278.34656    34.6105    12.2107 -9.990e-29
 126.550124      6.604    12.1155  31.497232    26.7581      6.545  278.23318  278.34890    34.7661    12.2228 -9.990e-29
 126.550127      6.624    12.1155  31.497519    26.7581      6.565  278.23267  278.34838    30.3615    12.0530 -9.990e-29
 126.550130      6.652    12.1154  31.497117    26.7582      6.592  278.23406  278.34977    30.4860    12.0328 0.0000e+00
 126.550133      6.690    12.1153  31.497117    26.7582      6.630  278.23472  278.35042    30.5015    12.1177 0.0000e+00
 126.550136      6.723    12.1151  31.497118    26.7583      6.663  278.23538  278.35107    30.2992    12.0328 0.0000e+00
 126.550139      6.757    12.1151  31.497118    26.7583      6.697  278.23572  278.35141    33.9257    11.8629 0.0000e+00
 126.550142      6.790    12.1155  31.498094    26.7583      6.730  278.23204  278.34775    33.8634    11.8589 -9.990e-29
 126.550145      6.809    12.1158  31.498267    26.7589      6.748  278.23047  278.34619    34.0969    11.8508 -9.990e-29
 126.550148      6.829    12.1164  31.497865    26.7580      6.768  278.22835  278.34412    34.0502    11.9195 -9.990e-29
 126.550150      6.843    12.1167  31.498095    26.7580      6.782  278.22667  278.34245    33.2564    12.2147 -9.990e-29
 126.550153      6.869    12.1169  31.497865    26.7576      6.808  278.22583  278.34164    33.3187    12.2835 -9.990e-29
 126.550156      6.891    12.1169  31.497290    26.7573      6.829  278.22722  278.34303    33.2097    12.2349 -9.990e-29
 126.550159      6.922    12.1166  31.497290    26.7572      6.860  278.22851  278.34430    33.3031    12.2916 0.0000e+00
 126.550162      6.949    12.1162  31.496888    26.7572      6.887  278.23086  278.34663    33.3498    12.2713 0.0000e+00
 126.550165      6.978    12.1157  31.496142    26.7571      6.916  278.23479  278.35053    33.2720    12.1824 0.0000e+00
 126.550168      7.015    12.1157  31.496889    26.7569      6.952  278.23345  278.34918    33.3187    12.0934 -9.990e-29
 126.550171      7.038    12.1158  31.497693    26.7582      6.975  278.23135  278.34709    33.0696    12.1419 -9.990e-29
 126.550174      7.066    12.1161  31.497865    26.7581      7.003  278.22978  278.34553    33.1319    12.1622 -9.990e-29
