Processed/SBE19plus_01907321_2022_05_09_Cast101_wfilter.cnv
* Sea-Bird SBE19plus  Data File:
* FileName = E:\Prandtl_Daten\2022\CTD\Raw\SBE19plus_01907321_2022_05_09_Cast101.hex
* Software version 2.6.1.12
* Temperature SN = 7321
* Conductivity SN = 7321
* System UpLoad Time = May 09 2022 12:30:57
* <ApplicationData>
* <Seaterm232>
** Messpraktikum 2022
** CTD 09.05 SW1
** NMEA Latitude = 54 06.145 N
** NMEA Longitude = 008 35.839E
# nquan = 11
# nvalues = 563                         
# units = specified
# name 0 = timeJ: Julian Days
# name 1 = prdM: Pressure, Strain Gauge [db]
# name 2 = tv290C: Temperature [ITS-90, deg C]
# name 3 = c0mS/cm: Conductivity [mS/cm]
# name 4 = sal00: Salinity, Practical [PSU]
# name 5 = depSM: Depth [salt water, m], lat = 54.00
# name 6 = oxsatMm/Kg: Oxygen Saturation, Weiss [umol/kg]
# name 7 = oxsolMm/Kg: Oxygen Saturation, Garcia & Gordon [umol/kg]
# name 8 = turbWETntu0: Turbidity, WET Labs ECO [NTU]
# name 9 = flECO-AFL: Fluorescence, WET Labs ECO-AFL/FL [mg/m^3]
# name 10 = flag:  0.000e+00
# span 0 = 129.512737, 129.514363       
# span 1 =      0.464,     16.221       
# span 2 =    12.4725,    14.1390       
# span 3 =  31.596243,  32.432440       
# span 4 =    26.1696,    26.9423       
# span 5 =      0.460,     16.075       
# span 6 =  267.69112,  276.32503       
# span 7 =  267.92457,  276.46316       
# span 8 =     0.2292,    26.3148       
# span 9 =     1.5031,    10.6822       
# span 10 = 0.0000e+00, 0.0000e+00      
# interval = seconds: 0.25
# start_time = May 09 2022 12:16:58 [Instrument's time stamp, header]
# bad_flag = -9.990e-29
*END*
[from data line 394]
 129.513877     11.726    12.6099  31.944689    26.8216     11.621  275.20157  275.34581     6.8284     5.2435 0.0000e+00
 129.513880     11.770    12.6098  31.944458    26.8216     11.664  275.20233  275.34657     6.8906     5.2718 0.0000e+00
 129.513883     11.801    12.6098  31.943072    26.8216     11.695  275.20482  275.34908     7.1864     5.2394 -9.990e-29
 129.513886     11.821    12.6096  31.943649    26.8209     11.715  275.20444  275.34868     6.4548     5.7732 -9.990e-29
 129.513889     11.831    12.6092  31.942667    26.8203     11.726  275.20810  275.35232     6.5171     5.7125 -9.990e-29
 129.513892     11.837    12.6089  31.942494    26.8203     11.731  275.20968  275.35389     6.5949     5.7651 -9.990e-29
 129.513895     11.841    12.6087  31.943476    26.8214     11.735  275.20888  275.35306     6.3770     5.8136 -9.990e-29
 129.513898     11.841    12.6089  31.943476    26.8213     11.735  275.20825  275.35244     6.7506     6.1331 -9.990e-29
 129.513900     11.846    12.6089  31.943881    26.8217     11.740  275.20753  275.35172     6.7194     6.1533 -9.990e-29
 129.513903     11.855    12.6089  31.944458    26.8222     11.749  275.20650  275.35069     6.9685     6.1897 -9.990e-29
 129.513906     11.866    12.6091  31.945672    26.8232     11.760  275.20339  275.34758     6.8284     6.1776 -9.990e-29
 129.513909     11.890    12.6098  31.945672    26.8205     11.784  275.20024  275.34447     6.4548     6.6830 -9.990e-29
 129.513912     11.926    12.6107  31.944054    26.8211     11.820  275.19903  275.34334     6.7973     6.6709 0.0000e+00
 129.513915     11.968    12.6103  31.944979    26.8216     11.861  275.19931  275.34358     6.5949     6.6871 0.0000e+00
 129.513918     12.019    12.6101  31.945903    26.8216     11.912  275.19833  275.34258     6.7039     6.6305 0.0000e+00
 129.513921     12.076    12.6111  31.945268    26.8212     11.968  275.19506  275.33938     5.8478     5.4942 0.0000e+00
 129.513924     12.133    12.6116  31.945095    26.8208     12.024  275.19350  275.33785     5.6455     5.4861 0.0000e+00
 129.513927     12.180    12.6111  31.943073    26.8195     12.071  275.19936  275.34370     5.8634     5.5427 0.0000e+00
 129.513929     12.220    12.6101  31.942668    26.8195     12.111  275.20423  275.34851     5.7078     5.5185 0.0000e+00
 129.513932     12.257    12.6094  31.943304    26.8201     12.147  275.20661  275.35083     5.8790     5.5144 0.0000e+00
 129.513935     12.291    12.6087  31.941687    26.8206     12.181  275.21237  275.35657     6.6416     5.3324 -9.990e-29
 129.513938     12.313    12.6085  31.942669    26.8206     12.203  275.21158  275.35576     6.7194     5.2718 -9.990e-29
 129.513941     12.337    12.6083  31.940300    26.8186     12.226  275.21678  275.36096     6.5638     5.3001 -9.990e-29
 129.513944     12.357    12.6078  31.941860    26.8204     12.246  275.21623  275.36036     6.5949     5.2758 -9.990e-29
 129.513947     12.375    12.6074  31.941860    26.8206     12.264  275.21782  275.36194     6.2214     5.8258 -9.990e-29
 129.513950     12.393    12.6071  31.942265    26.8212     12.282  275.21870  275.36279     6.1903     5.8339 -9.990e-29
 129.513953     12.408    12.6075  31.944460    26.8230     12.297  275.21289  275.35698     6.3459     5.8015 -9.990e-29
 129.513955     12.417    12.6083  31.944980    26.8229     12.306  275.20848  275.35262     6.3770     5.8500 -9.990e-29
 129.513958     12.439    12.6089  31.944287    26.8218     12.328  275.20688  275.35106     5.4587     6.3595 -9.990e-29
 129.513961     12.461    12.6090  31.941456    26.8191     12.349  275.21163  275.35585     5.6611     6.3474 -9.990e-29
 129.513964     12.483    12.6088  31.944287    26.8219     12.371  275.20754  275.35172     5.4899     6.3595 -9.990e-29
 129.513967     12.505    12.6089  31.943652    26.8230     12.393  275.20805  275.35225     5.4899     6.3231 -9.990e-29
 129.513970     12.537    12.6097  31.946251    26.8218     12.425  275.19995  275.34417     6.9529     6.1654 0.0000e+00
 129.513973     12.568    12.6104  31.944287    26.8224     12.456  275.20030  275.34459     6.7039     6.1290 0.0000e+00
 129.513976     12.605    12.6103  31.946078    26.8216     12.492  275.19776  275.34202     6.7506     6.1937 0.0000e+00
 129.513979     12.643    12.6098  31.944865    26.8219     12.530  275.20217  275.34641     6.9529     6.1735 0.0000e+00
 129.513981     12.685    12.6094  31.944865    26.8219     12.571  275.20378  275.34800     6.7973     6.1816 0.0000e+00
 129.513984     12.716    12.6088  31.945097    26.8225     12.602  275.20625  275.35042     6.6261     5.3608 0.0000e+00
 129.513987     12.751    12.6085  31.944866    26.8225     12.636  275.20795  275.35210     6.7661     5.3810 0.0000e+00
 129.513990     12.782    12.6080  31.945270    26.8229     12.667  275.20947  275.35359     6.5638     5.3567 0.0000e+00
 129.513993     12.809    12.6075  31.944693    26.8232     12.694  275.21273  275.35683     6.7661     5.3567 -9.990e-29
 129.513996     12.833    12.6074  31.946310    26.8246     12.718  275.21050  275.35456     6.9685     5.6923 -9.990e-29
 129.513999     12.858    12.6074  31.946484    26.8248     12.743  275.21020  275.35427     7.0619     5.6883 -9.990e-29
 129.514002     12.877    12.6075  31.945906    26.8241     12.761  275.21061  275.35469     6.8751     5.6923 -9.990e-29
 129.514005     12.900    12.6080  31.947466    26.8252     12.785  275.20562  275.34972     7.2175     5.6883 -9.990e-29
 129.514008     12.924    12.6084  31.947870    26.8249     12.808  275.20333  275.34745     7.1397     6.5294 -9.990e-29
 129.514010     12.950    12.6087  31.947697    26.8251     12.834  275.20207  275.34622     7.1552     6.5496 0.0000e+00
 129.514013     12.979    12.6086  31.948102    26.8253     12.862  275.20169  275.34582     7.1708     6.5294 0.0000e+00
 129.514016     13.015    12.6087  31.948506    26.8255     12.899  275.20067  275.34481     7.1552     6.5375 0.0000e+00
 129.514019     13.059    12.6089  31.948506    26.8256     12.942  275.20007  275.34421     5.6611     5.4942 0.0000e+00
 129.514022     13.099    12.6092  31.948911    26.8256     12.982  275.19778  275.34195     5.8167     5.5387 0.0000e+00
 129.514025     13.141    12.6096  31.950471    26.8268     13.023  275.19312  275.33730     5.9257     5.5104 0.0000e+00
 129.514028     13.177    12.6101  31.950875    26.8268     13.059  275.19052  275.33473     5.8945     5.4740 0.0000e+00
 129.514031     13.214    12.6103  31.950875    26.8267     13.096  275.18960  275.33381     5.8012     5.5104 0.0000e+00
 129.514034     13.243    12.6103  31.950298    26.8264     13.124  275.19065  275.33487     7.9023     5.5629 0.0000e+00
 129.514036     13.272    12.6108  31.950298    26.8261     13.154  275.18845  275.33270     7.9801     5.5751 -9.990e-29
 129.514039     13.291    12.6111  31.950702    26.8259     13.172  275.18615  275.33043     8.1202     5.5548 -9.990e-29
 129.514042     13.304    12.6113  31.951107    26.8261     13.184  275.18449  275.32877     8.1669     5.5387 -9.990e-29
 129.514045     13.311    12.6113  31.953302    26.8282     13.191  275.18089  275.32515     5.8945     6.1371 -9.990e-29
 129.514048     13.310    12.6116  31.955093    26.8296     13.191  275.17642  275.32068     5.7233     6.0441 -9.990e-29
 129.514051     13.314    12.6125  31.961912    26.8353     13.195  275.16014  275.30439     5.7545     6.0846 -9.990e-29
 129.514054     13.329    12.6140  31.973296    26.8448     13.209  275.13285  275.27710     5.8790     6.0765 -9.990e-29
 129.514057     13.343    12.6175  31.974105    26.8429     13.224  275.11621  275.26067     6.1280     6.2423 -9.990e-29
 129.514060     13.369    12.6208  31.976532    26.8443     13.249  275.09700  275.24166     6.0191     6.1978 0.0000e+00
 129.514062     13.398    12.6228  31.980924    26.8456     13.278  275.08031  275.22506     6.0502     6.2220 0.0000e+00
 129.514065     13.442    12.6247  31.984103    26.8472     13.322  275.06611  275.21095     6.2681     6.2301 0.0000e+00
 129.514068     13.491    12.6264  31.988727    26.8503     13.370  275.05061  275.19551     8.5093     5.3971 0.0000e+00
 129.514071     13.544    12.6284  32.000751    26.8600     13.423  275.02033  275.16525     8.4471     5.4335 0.0000e+00
 129.514074     13.601    12.6318  32.005492    26.8619     13.479  274.99671  275.14181     8.7895     5.4254 0.0000e+00
 129.514077     13.652    12.6354  32.012777    26.8644     13.529  274.96760  275.11286     8.4315     5.4335 0.0000e+00
 129.514080     13.699    12.6386  32.013412    26.8644     13.576  274.95225  275.09771     8.4004     5.4538 0.0000e+00
 129.514083     13.734    12.6410  32.009191    26.8616     13.611  274.94902  275.09469     7.2175     5.1545 0.0000e+00
 129.514086     13.761    12.6412  32.008613    26.8587     13.638  274.94944  275.09512     7.3887     5.1424 -9.990e-29
 129.514089     13.777    12.6410  32.013008    26.8623     13.654  274.94225  275.08788     7.3731     5.1707 -9.990e-29
 129.514091     13.801    12.6416  32.014800    26.8635     13.678  274.93654  275.08219     7.2175     5.2111 -9.990e-29
 129.514094     13.820    12.6428  32.021855    26.8692     13.696  274.91859  275.06425     8.0113     5.8945 -9.990e-29
 129.514097     13.842    12.6449  32.030066    26.8753     13.718  274.89448  275.04020     8.0113     5.9066 -9.990e-29
 129.514100     13.862    12.6481  32.034866    26.8774     13.738  274.87169  275.01757     7.9957     5.8986 -9.990e-29
 129.514103     13.882    12.6510  32.037469    26.8799     13.758  274.85440  275.00045     8.1202     5.9026 -9.990e-29
 129.514106     13.907    12.6533  32.041575    26.8799     13.783  274.83666  274.98282     7.7000     6.3110 0.0000e+00
 129.514109     13.935    12.6557  32.040303    26.8799     13.810  274.82849  274.97482     7.7000     6.2787 -9.990e-29
 129.514112     13.958    12.6573  32.042096    26.8776     13.833  274.81835  274.96476     7.7311     6.3029 -9.990e-29
 129.514115     13.982    12.6586  32.044930    26.8793     13.857  274.80731  274.95378     7.7934     6.2867 -9.990e-29
 129.514117     14.006    12.6597  32.047533    26.8809     13.880  274.79794  274.94445     8.2292     6.0239 -9.990e-29
 129.514120     14.020    12.6608  32.050367    26.8828     13.895  274.78815  274.93471     8.1513     6.0158 -9.990e-29
 129.514123     14.033    12.6618  32.052970    26.8844     13.907  274.77878  274.92538     8.4315     6.0077 -9.990e-29
 129.514126     14.049    12.6629  32.058177    26.8885     13.924  274.76477  274.91140     8.3226     5.9996 -9.990e-29
 129.514129     14.073    12.6643  32.065987    26.8950     13.947  274.74456  274.89120     8.3070     6.0280 -9.990e-29
 129.514132     14.101    12.6669  32.068243    26.8951     13.974  274.72917  274.87595     7.4821     6.2948 0.0000e+00
 129.514135     14.139    12.6694  32.070500    26.8950     14.012  274.71378  274.86072     7.6533     6.3272 0.0000e+00
 129.514138     14.175    12.6715  32.069805    26.8931     14.048  274.70586  274.85294     7.6844     6.2867 0.0000e+00
 129.514141     14.221    12.6728  32.070847    26.8931     14.093  274.69834  274.84549     7.5599     6.2342 0.0000e+00
 129.514144     14.268    12.6737  32.076286    26.8975     14.140  274.68458  274.83174     8.6338     5.7125 0.0000e+00
 129.514146     14.315    12.6749  32.078080    26.8982     14.187  274.67636  274.82358     8.6650     5.6802 0.0000e+00
 129.514149     14.363    12.6761  32.078890    26.8982     14.234  274.66925  274.81655     8.5249     5.6762 0.0000e+00
 129.514152     14.407    12.6772  32.078253    26.8968     14.277  274.66567  274.81304     8.3537     5.6357 0.0000e+00
 129.514155     14.443    12.6776  32.076691    26.8959     14.314  274.66689  274.81430    10.9840     6.1048 0.0000e+00
 129.514158     14.470    12.6776  32.076865    26.8951     14.341  274.66628  274.81369    11.0619     6.0684 -9.990e-29
 129.514161     14.489    12.6779  32.078080    26.8961     14.359  274.66318  274.81059    10.9840     6.0684 -9.990e-29
 129.514164     14.507    12.6781  32.078138    26.8960     14.377  274.66183  274.80926    10.8595     6.0563 -9.990e-29
 129.514167     14.523    12.6783  32.078659    26.8964     14.393  274.66028  274.80771    12.1513     7.3947 -9.990e-29
 129.514170     14.541    12.6784  32.081321    26.8987     14.411  274.65492  274.80234    11.8401     7.3785 -9.990e-29
 129.514172     14.560    12.6794  32.088960    26.9051     14.429  274.63723  274.78464    11.9179     7.3543 -9.990e-29
 129.514175     14.582    12.6818  32.090349    26.9047     14.451  274.62402  274.77157    12.0268     7.3583 -9.990e-29
 129.514178     14.607    12.6841  32.094573    26.9050     14.476  274.60609  274.75375    12.1358     7.3826 -9.990e-29
 129.514181     14.633    12.6863  32.094168    26.9065     14.501  274.59702  274.74483    10.2058     7.5160 0.0000e+00
 129.514184     14.658    12.6877  32.098393    26.9079     14.527  274.58351  274.73137     9.8790     7.4796 0.0000e+00
 129.514187     14.684    12.6893  32.102040    26.9091     14.552  274.57009  274.71801    10.0035     7.5322 0.0000e+00
 129.514190     14.715    12.6910  32.109160    26.9102     14.583  274.54986  274.69783     9.8012     7.5079 -9.990e-29
 129.514193     14.738    12.6936  32.107423    26.9120     14.606  274.54126  274.68942    11.6377     6.6790 -9.990e-29
 129.514196     14.758    12.6955  32.105223    26.9086     14.626  274.53664  274.68495    11.5443     6.7194 -9.990e-29
 129.514198     14.777    12.6958  32.109854    26.9128     14.644  274.52747  274.67575    11.5599     6.7558 -9.990e-29
 129.514201     14.800    12.6970  32.123169    26.9242     14.668  274.49845  274.64668    11.5443     6.7396 -9.990e-29
 129.514204     14.824    12.7007  32.131217    26.9293     14.691  274.46773  274.61612    10.3303     6.2059 -9.990e-29
 129.514207     14.851    12.7047  32.134633    26.9259     14.718  274.44397  274.59259    10.5171     6.2423 0.0000e+00
 129.514210     14.888    12.7078  32.129595    26.9224     14.754  274.43903  274.58790    10.3148     6.2220 0.0000e+00
 129.514213     14.926    12.7088  32.127974    26.9202     14.792  274.43751  274.58646    10.1436     6.1978 0.0000e+00
 129.514216     14.968    12.7088  32.124327    26.9168     14.834  274.44401  274.59300    13.7233     6.6871 0.0000e+00
 129.514219     15.008    12.7077  32.120506    26.9168     14.874  274.45588  274.60483    13.6299     6.6749 0.0000e+00
 129.514222     15.056    12.7065  32.122938    26.9172     14.921  274.45697  274.60582    13.6455     6.6588 0.0000e+00
 129.514225     15.101    12.7058  32.122533    26.9172     14.966  274.46057  274.60938    13.7545     6.6426 0.0000e+00
 129.514227     15.140    12.7053  32.122938    26.9179     15.004  274.46209  274.61086    13.6611     6.6709 0.0000e+00
 129.514230     15.176    12.7055  32.125544    26.9190     15.040  274.45685  274.60561    14.9996     6.8690 0.0000e+00
 129.514233     15.209    12.7059  32.129828    26.9202     15.073  274.44736  274.59611    14.7506     6.8731 -9.990e-29
 129.514236     15.231    12.7070  32.134055    26.9270     15.094  274.43513  274.58390    14.8906     6.9095 -9.990e-29
 129.514239     15.253    12.7089  32.137182    26.9286     15.116  274.42105  274.56992    14.8595     6.8973 -9.990e-29
 129.514242     15.271    12.7108  32.143726    26.9332     15.134  274.40091  274.54984    17.1941     7.8961 -9.990e-29
 129.514245     15.286    12.7138  32.150154    26.9371     15.149  274.37623  274.52530    17.0696     7.9082 -9.990e-29
 129.514248     15.306    12.7175  32.152760    26.9368     15.169  274.35518  274.50446    16.9607     7.8799 -9.990e-29
 129.514251     15.324    12.7206  32.151544    26.9335     15.187  274.34376  274.49325    17.1008     7.9446 -9.990e-29
