Processed/SBE19plus_01907321_2022_05_04_Cast17_wfilter.cnv
* Sea-Bird SBE19plus  Data File:
* FileName = E:\Prandtl Daten\2022\CTD\Raw\SBE19plus_01907321_2022_05_04_Cast17.hex
* Software version 2.6.1.12
* Temperature SN = 7321
* Conductivity SN = 7321
* System UpLoad Time = May 04 2022 11:13:39
* <ApplicationData>
* <Seaterm232>
** Messpraktikum 2022
** CTD 04.05 NFW
# nquan = 11
# nvalues = 264                         
# units = specified
# name 0 = timeJ: Julian Days
# name 1 = prdM: Pressure, Strain Gauge [db]
# name 2 = tv290C: Temperature [ITS-90, deg C]
# name 3 = c0mS/cm: Conductivity [mS/cm]
# name 4 = sal00: Salinity, Practical [PSU]
# name 5 = depSM: Depth [salt water, m], lat = 54.00
# name 6 = oxsatMm/Kg: Oxygen Saturation, Weiss [umol/kg]
# name 7 = oxsolMm/Kg: Oxygen Saturation, Garcia & Gordon [umol/kg]
# name 8 = turbWETntu0: Turbidity, WET Labs ECO [NTU]
# name 9 = flECO-AFL: Fluorescence, WET Labs ECO-AFL/FL [mg/m^3]
# name 10 = flag:  0.000e+00
# span 0 = 124.462448, 124.463209       
# span 1 =      0.582,      7.165       
# span 2 =    11.5891,    11.6320       
# span 3 =  30.386133,  30.409132       
# span 4 =    26.0719,    26.0919       
# span 5 =      0.577,      7.101       
# span 6 =  282.48871,  282.72184       
# span 7 =  282.58305,  282.81346       
# span 8 =    75.9023,   122.6572       
# span 9 =    14.2123,    18.2802       
# span 10 = 0.0000e+00, 0.0000e+00      
# interval = seconds: 0.25
# start_time = May 04 2022 11:04:10 [Instrument's time stamp, header]
# bad_flag = -9.990e-29
*END*
 124.462448      0.582    11.6037  30.395758    26.0842      0.577  282.64345  282.73594    77.3187    15.0251 0.0000e+00
 124.462451      0.615    11.6060  30.396891    26.0840      0.609  282.63064  282.72328    77.1786    15.0008 0.0000e+00
 124.462454      0.642    11.6086  30.395587    26.0837      0.636  282.62081  282.71364    77.2720    15.0534 -9.990e-29
 124.462457      0.666    11.6109  30.400461    26.0836      0.660  282.60095  282.69389    75.9957    14.8390 -9.990e-29
 124.462459      0.682    11.6142  30.403692    26.0843      0.676  282.57933  282.67246    75.9023    14.8431 -9.990e-29
 124.462462      0.692    11.6184  30.404768    26.0823      0.685  282.55722  282.65064    76.0580    14.8310 -9.990e-29
 124.462465      0.706    11.6219  30.405391    26.0799      0.700  282.53953  282.63319    75.9023    14.8916 -9.990e-29
 124.462468      0.736    11.6241  30.406355    26.0804      0.729  282.52770  282.62149    76.0424    14.8350 0.0000e+00
 124.462471      0.765    11.6264  30.409132    26.0799      0.758  282.51180  282.60572    76.2914    14.8431 0.0000e+00
 124.462474      0.796    11.6293  30.408395    26.0781      0.789  282.49928  282.59341    76.1980    14.8512 0.0000e+00
 124.462477      0.823    11.6315  30.408395    26.0765      0.816  282.48893  282.58321    76.4004    14.8997 0.0000e+00
 124.462480      0.865    11.6320  30.407318    26.0752      0.858  282.48871  282.58305    77.9412    14.8957 0.0000e+00
 124.462483      0.922    11.6318  30.406921    26.0750      0.913  282.49047  282.58479    81.1008    15.6720 0.0000e+00
 124.462486      0.983    11.6314  30.406695    26.0750      0.975  282.49288  282.58718    81.0696    15.6478 0.0000e+00
 124.462488      1.031    11.6312  30.405335    26.0750      1.022  282.49612  282.59042    81.2564    15.6639 -9.990e-29
 124.462491      1.055    11.6302  30.402557    26.0719      1.045  282.50622  282.60049    81.1941    15.6680 -9.990e-29
 124.462494      1.058    11.6277  30.401594    26.0727      1.049  282.51970  282.61380    84.6494    16.1856 -9.990e-29
 124.462497      1.064    11.6244  30.399781    26.0733      1.054  282.53867  282.63256    84.7895    16.1734 -9.990e-29
 124.462500      1.067    11.6209  30.398421    26.0745      1.058  282.55776  282.65142    84.7739    16.1937 -9.990e-29
 124.462503      1.091    11.6175  30.398988    26.0772      1.081  282.57291  282.66633    84.6805    16.1856 -9.990e-29
 124.462506      1.124    11.6166  30.398195    26.0772      1.114  282.57831  282.67168    79.5288    15.7529 0.0000e+00
 124.462509      1.168    11.6169  30.398422    26.0772      1.157  282.57694  282.67033    79.5443    15.7327 0.0000e+00
 124.462512      1.205    11.6171  30.397628    26.0767      1.194  282.57717  282.67058    79.4976    15.7448 0.0000e+00
 124.462514      1.241    11.6171  30.397969    26.0765      1.230  282.57687  282.67028    79.4354    15.7570 0.0000e+00
 124.462517      1.279    11.6173  30.398762    26.0767      1.268  282.57443  282.66784    80.0735    15.7448 -9.990e-29
 124.462520      1.298    11.6177  30.399726    26.0779      1.286  282.57069  282.66411    79.8089    15.7448 -9.990e-29
 124.462523      1.299    11.6189  30.399782    26.0771      1.288  282.56475  282.65826    79.9646    15.7853 -9.990e-29
 124.462526      1.290    11.6203  30.400859    26.0771      1.279  282.55624  282.64983    79.9023    15.7610 -9.990e-29
 124.462529      1.272    11.6218  30.399895    26.0752      1.261  282.55091  282.64462    80.0113    15.7448 -9.990e-29
 124.462532      1.260    11.6228  30.400745    26.0753      1.248  282.54477  282.63853    81.2408    15.6356 -9.990e-29
 124.462535      1.263    11.6235  30.400688    26.0748      1.252  282.54163  282.63545    81.4432    15.6923 -9.990e-29
 124.462538      1.287    11.6235  30.400292    26.0742      1.276  282.54207  282.63590    81.4743    15.6397 -9.990e-29
 124.462541      1.322    11.6233  30.399952    26.0742      1.310  282.54403  282.63784    81.4743    15.6518 0.0000e+00
 124.462543      1.364    11.6231  30.399725    26.0741      1.352  282.54546  282.63926    78.8440    15.3526 0.0000e+00
 124.462546      1.400    11.6226  30.397969    26.0741      1.388  282.55073  282.64453    79.0619    15.3768 0.0000e+00
 124.462549      1.444    11.6223  30.399726    26.0746      1.431  282.54908  282.64283    78.9062    15.3688 0.0000e+00
 124.462552      1.501    11.6220  30.400123    26.0746      1.487  282.54967  282.64339    79.1085    15.3688 0.0000e+00
 124.462555      1.561    11.6219  30.399386    26.0748      1.547  282.55174  282.64546    83.4665    16.0562 0.0000e+00
 124.462558      1.615    11.6222  30.399896    26.0746      1.601  282.54952  282.64326    83.6533    16.1047 0.0000e+00
 124.462561      1.652    11.6222  30.398196    26.0748      1.637  282.55275  282.64650    83.5132    16.0643 -9.990e-29
 124.462564      1.676    11.6213  30.396609    26.0723      1.661  282.55996  282.65367    83.7000    16.0885 -9.990e-29
 124.462567      1.690    11.6194  30.396326    26.0733      1.675  282.56925  282.66284    88.2603    16.3433 -9.990e-29
 124.462569      1.696    11.6174  30.394456    26.0730      1.681  282.58217  282.67564    88.0580    16.2948 -9.990e-29
 124.462572      1.690    11.6148  30.392983    26.0734      1.675  282.59726  282.69056    88.0268    16.3231 -9.990e-29
 124.462575      1.697    11.6124  30.392360    26.0745      1.682  282.60945  282.70260    88.0424    16.3392 -9.990e-29
 124.462578      1.718    11.6104  30.391624    26.0752      1.702  282.62025  282.71327    88.0891    16.3190 -9.990e-29
 124.462581      1.739    11.6080  30.391397    26.0766      1.724  282.63204  282.72489    90.2836    16.5535 -9.990e-29
 124.462584      1.759    11.6056  30.390264    26.0796      1.744  282.64585  282.73854    90.4548    16.5980 -9.990e-29
 124.462587      1.785    11.6035  30.391228    26.0800      1.769  282.65377  282.74631    90.2058    16.5535 0.0000e+00
 124.462590      1.814    11.6024  30.391228    26.0804      1.798  282.65898  282.75144    90.3615    16.6061 0.0000e+00
 124.462593      1.847    11.6014  30.390491    26.0804      1.831  282.66492  282.75732    90.4393    16.7396 0.0000e+00
 124.462595      1.887    11.6003  30.391228    26.0817      1.871  282.66907  282.76138    90.2214    16.7032 0.0000e+00
 124.462598      1.920    11.5994  30.390435    26.0819      1.903  282.67480  282.76706    90.2369    16.7396 0.0000e+00
 124.462601      1.951    11.5985  30.390662    26.0826      1.934  282.67861  282.77080    90.3770    16.6870 0.0000e+00
 124.462604      1.979    11.5979  30.390492    26.0827      1.961  282.68186  282.77401    88.6338    16.7436 0.0000e+00
 124.462607      2.006    11.5973  30.390832    26.0828      1.988  282.68383  282.77594    88.4782    16.8083 -9.990e-29
 124.462610      2.030    11.5965  30.389529    26.0837      2.012  282.69019  282.78226    88.5249    16.8043 -9.990e-29
 124.462613      2.057    11.5960  30.390096    26.0837      2.039  282.69141  282.78344    88.4471    16.8043 0.0000e+00
 124.462616      2.085    11.5959  30.390039    26.0837      2.066  282.69186  282.78388    83.6377    16.3837 0.0000e+00
 124.462619      2.119    11.5958  30.389926    26.0837      2.100  282.69274  282.78476    83.6533    16.3756 0.0000e+00
 124.462622      2.150    11.5965  30.389133    26.0831      2.131  282.69070  282.78277    83.5599    16.3756 0.0000e+00
 124.462624      2.179    11.5976  30.387829    26.0824      2.160  282.68831  282.78048    83.6222    16.4039 -9.990e-29
 124.462627      2.199    11.5985  30.389529    26.0814      2.180  282.68058  282.77280    83.5288    16.3797 -9.990e-29
 124.462630      2.209    11.5998  30.389133    26.0801      2.189  282.67551  282.76781    84.6805    15.9389 -9.990e-29
 124.462633      2.212    11.6007  30.389643    26.0799      2.193  282.67001  282.76238    84.6027    15.9430 -9.990e-29
 124.462636      2.216    11.6019  30.390492    26.0799      2.196  282.66290  282.75534    84.6183    15.9510 -9.990e-29
 124.462639      2.232    11.6032  30.389642    26.0784      2.212  282.65868  282.75122    84.6027    15.9308 -9.990e-29
 124.462642      2.261    11.6040  30.390492    26.0783      2.241  282.65321  282.74579    84.2914    16.3069 0.0000e+00
 124.462645      2.298    11.6045  30.390662    26.0783      2.277  282.65065  282.74326    84.5093    16.2867 0.0000e+00
 124.462648      2.347    11.6045  30.390833    26.0782      2.326  282.65004  282.74265    84.4159    16.2786 0.0000e+00
 124.462650      2.387    11.6044  30.389926    26.0783      2.366  282.65242  282.74504    84.4004    16.2381 0.0000e+00
 124.462653      2.429    11.6046  30.390833    26.0782      2.407  282.64977  282.74239    85.0696    16.3635 0.0000e+00
 124.462656      2.464    11.6047  30.390833    26.0782      2.442  282.64947  282.74209    84.9762    16.3797 0.0000e+00
 124.462659      2.496    11.6046  30.390493    26.0782      2.474  282.65045  282.74308    85.1008    16.4282 0.0000e+00
 124.462662      2.529    11.6043  30.390493    26.0780      2.507  282.65210  282.74470    85.0385    16.3999 0.0000e+00
 124.462665      2.562    11.6040  30.388623    26.0782      2.539  282.65694  282.74954    86.2681    16.3999 -9.990e-29
 124.462668      2.578    11.6037  30.389927    26.0780      2.555  282.65579  282.74836    86.2992    16.3837 -9.990e-29
 124.462671      2.589    11.6036  30.390097    26.0782      2.566  282.65613  282.74868    86.2992    16.3392 -9.990e-29
 124.462674      2.593    11.6032  30.389813    26.0782      2.570  282.65828  282.75082    86.2681    16.4039 -9.990e-29
 124.462677      2.591    11.6028  30.389927    26.0786      2.568  282.66001  282.75252    86.4082    16.3918 -9.990e-29
 124.462679      2.593    11.6020  30.389134    26.0784      2.570  282.66540  282.75785    88.4782    16.3918 -9.990e-29
 124.462682      2.601    11.6013  30.389814    26.0796      2.577  282.66736  282.75976    88.4315    16.3756 -9.990e-29
 124.462685      2.622    11.6005  30.390097    26.0788      2.599  282.67040  282.76275    88.3381    16.4201 -9.990e-29
 124.462688      2.652    11.5997  30.387831    26.0788      2.628  282.67858  282.77090    88.4782    16.3675 0.0000e+00
 124.462691      2.692    11.5992  30.387434    26.0788      2.668  282.68195  282.77423    89.4276    16.9741 0.0000e+00
 124.462694      2.739    11.5987  30.389134    26.0807      2.715  282.68105  282.77328    89.5366    16.9256 0.0000e+00
 124.462697      2.788    11.5981  30.388964    26.0809      2.763  282.68399  282.77619    89.6144    17.0267 0.0000e+00
 124.462700      2.832    11.5975  30.389248    26.0813      2.807  282.68641  282.77855    89.4743    16.9620 0.0000e+00
 124.462703      2.873    11.5970  30.388795    26.0816      2.847  282.68988  282.78199    87.7934    16.9903 -9.990e-29
 124.462705      2.898    11.5964  30.388795    26.0819      2.872  282.69249  282.78456    87.9801    16.9983 -9.990e-29
 124.462708      2.920    11.5958  30.388455    26.0820      2.894  282.69606  282.78810    88.2292    16.9943 -9.990e-29
 124.462711      2.934    11.5955  30.388568    26.0823      2.908  282.69715  282.78917    88.1513    17.0307 -9.990e-29
 124.462714      2.947    11.5952  30.388795    26.0828      2.921  282.69835  282.79034    90.9685    16.8568 -9.990e-29
 124.462717      2.956    11.5950  30.388455    26.0826      2.930  282.69997  282.79195    90.8906    16.8932 -9.990e-29
 124.462720      2.966    11.5948  30.387832    26.0821      2.939  282.70180  282.79378    90.8751    16.8690 -9.990e-29
 124.462723      2.976    11.5945  30.387832    26.0823      2.950  282.70311  282.79506    90.6727    16.8528 -9.990e-29
 124.462726      2.998    11.5941  30.386642    26.0825      2.971  282.70731  282.79925    90.7817    16.8528 -9.990e-29
 124.462729      3.026    11.5937  30.387436    26.0821      2.999  282.70810  282.80000    90.5015    16.8083 0.0000e+00
 124.462731      3.060    11.5934  30.386472    26.0825      3.033  282.71123  282.80312    90.3459    16.7800 0.0000e+00
 124.462734      3.102    11.5930  30.388229    26.0834      3.075  282.70989  282.80174    90.5015    16.7719 0.0000e+00
 124.462737      3.152    11.5928  30.387833    26.0834      3.123  282.71132  282.80316    90.6105    16.8083 0.0000e+00
 124.462740      3.197    11.5926  30.386870    26.0827      3.169  282.71414  282.80598    89.6299    17.0186 0.0000e+00
 124.462743      3.239    11.5926  30.386133    26.0823      3.210  282.71588  282.80772    89.5833    16.9620 0.0000e+00
 124.462746      3.268    11.5926  30.387266    26.0820      3.239  282.71377  282.80559    89.6455    16.9215 -9.990e-29
 124.462749      3.288    11.5926  30.388456    26.0841      3.259  282.71121  282.80303    89.8012    17.0145 -9.990e-29
 124.462752      3.294    11.5927  30.387266    26.0829      3.264  282.71314  282.80497    89.8790    16.5414 -9.990e-29
 124.462755      3.294    11.5929  30.388570    26.0840      3.264  282.70971  282.80154    89.7233    16.5738 -9.990e-29
 124.462758      3.296    11.5932  30.388456    26.0837      3.266  282.70863  282.80048    89.8790    16.5859 -9.990e-29
 124.462760      3.316    11.5935  30.388570    26.0831      3.286  282.70681  282.79868    89.9724    16.6061 -9.990e-29
 124.462763      3.345    11.5938  30.388230    26.0829      3.315  282.70617  282.79807    91.7934    16.7638 0.0000e+00
 124.462766      3.387    11.5939  30.387833    26.0831      3.357  282.70662  282.79853    91.9023    16.7476 0.0000e+00
 124.462769      3.422    11.5935  30.388230    26.0830      3.391  282.70752  282.79940    91.9801    16.7840 0.0000e+00
 124.462772      3.462    11.5933  30.387834    26.0832      3.431  282.70926  282.80114    92.0735    16.7638 0.0000e+00
 124.462775      3.489    11.5928  30.387834    26.0832      3.458  282.71155  282.80339    92.0113    16.7638 0.0000e+00
 124.462778      3.518    11.5926  30.388400    26.0833      3.487  282.71147  282.80329    88.3381    16.9377 -9.990e-29
 124.462781      3.533    11.5923  30.387664    26.0835      3.501  282.71449  282.80630    88.4938    16.9943 -9.990e-29
 124.462784      3.547    11.5923  30.387664    26.0835      3.515  282.71450  282.80631    88.1825    16.9417 -9.990e-29
 124.462786      3.565    11.5923  30.388571    26.0844      3.533  282.71281  282.80460    88.1358    16.9256 -9.990e-29
 124.462789      3.584    11.5923  30.388231    26.0840      3.552  282.71314  282.80494    89.4120    16.9337 -9.990e-29
 124.462792      3.596    11.5926  30.388061    26.0837      3.564  282.71249  282.80431    89.3031    16.8973 -9.990e-29
 124.462795      3.620    11.5926  30.388401    26.0839      3.588  282.71154  282.80336    89.1319    16.9215 -9.990e-29
 124.462798      3.647    11.5928  30.388401    26.0842      3.615  282.71091  282.80274    89.2720    16.8609 0.0000e+00
 124.462801      3.677    11.5928  30.389251    26.0840      3.644  282.70901  282.80083    87.2019    16.8609 0.0000e+00
 124.462804      3.706    11.5932  30.388968    26.0840      3.673  282.70762  282.79947    87.2019    16.8123 0.0000e+00
 124.462807      3.732    11.5939  30.388798    26.0839      3.698  282.70471  282.79662    87.2798    16.8528 0.0000e+00
 124.462810      3.766    11.5943  30.389648    26.0834      3.733  282.70152  282.79344    87.3731    16.8528 0.0000e+00
 124.462813      3.799    11.5952  30.388798    26.0830      3.765  282.69860  282.79060    87.7934    17.0630 0.0000e+00
 124.462815      3.836    11.5962  30.390101    26.0824      3.801  282.69164  282.78369    87.8245    17.0711 0.0000e+00
 124.462818      3.869    11.5972  30.389818    26.0820      3.834  282.68766  282.77978    87.8089    17.0469 0.0000e+00
 124.462821      3.905    11.5977  30.388968    26.0818      3.870  282.68669  282.77886    87.9023    17.0954 0.0000e+00
 124.462824      3.940    11.5981  30.390215    26.0813      3.904  282.68274  282.77492    87.7934    17.0630 0.0000e+00
