Processed/SBE19plus_01907321_2022_05_12_Cast132_wfilter.cnv
* Sea-Bird SBE19plus  Data File:
* FileName = E:\Prandtl_Daten\2022\CTD\Raw\SBE19plus_01907321_2022_05_12_Cast132.hex
* Software version 2.6.1.12
* Temperature SN = 7321
* Conductivity SN = 7321
* System UpLoad Time = May 12 2022 07:28:49
* <ApplicationData>
* <Seaterm232>
** Messpraktikum 2022
** CTD 10.05  M1
** NMEA Latitude = 54 10.79N
** NMEA Longitude = 008 36.62E
# nquan = 11
# nvalues = 564                         
# units = specified
# name 0 = timeJ: Julian Days
# name 1 = prdM: Pressure, Strain Gauge [db]
# name 2 = tv290C: Temperature [ITS-90, deg C]
# name 3 = c0mS/cm: Conductivity [mS/cm]
# name 4 = sal00: Salinity, Practical [PSU]
# name 5 = depSM: Depth [salt water, m], lat = 54.00
# name 6 = oxsatMm/Kg: Oxygen Saturation, Weiss [umol/kg]
# name 7 = oxsolMm/Kg: Oxygen Saturation, Garcia & Gordon [umol/kg]
# name 8 = turbWETntu0: Turbidity, WET Labs ECO [NTU]
# name 9 = flECO-AFL: Fluorescence, WET Labs ECO-AFL/FL [mg/m^3]
# name 10 = flag:  0.000e+00
# span 0 = 132.306872, 132.308501       
# span 1 =      0.616,     13.427       
# span 2 =    13.3711,    13.4959       
# span 3 =  33.342837,  33.385762       
# span 4 =    27.4842,    27.6003       
# span 5 =      0.610,     13.307       
# span 6 =  268.88909,  269.37349       
# span 7 =  269.07701,  269.55340       
# span 8 =     9.1008,    56.9140       
# span 9 =     3.7554,    10.8722       
# span 10 = 0.0000e+00, 0.0000e+00      
# interval = seconds: 0.25
# start_time = May 12 2022 07:20:40 [Instrument's time stamp, header]
# bad_flag = -9.990e-29
*END*
[from data line 263]
 132.307633      6.705    13.4252  33.378287    27.5600      6.645  269.14274  269.32603    11.0930     4.6652 0.0000e+00
 132.307636      6.739    13.4247  33.379110    27.5605      6.679  269.14353  269.32678    11.0307     4.6127 0.0000e+00
 132.307639      6.776    13.4244  33.379580    27.5611      6.715  269.14430  269.32753    11.0619     4.7340 -9.990e-29
 132.307642      6.796    13.4239  33.378934    27.5615      6.735  269.14728  269.33049    10.7194     4.6895 -9.990e-29
 132.307645      6.805    13.4236  33.379345    27.5622      6.744  269.14814  269.33132    10.5171     4.7219 -9.990e-29
 132.307648      6.807    13.4230  33.379933    27.5631      6.746  269.14962  269.33276    10.5482     4.6369 -9.990e-29
 132.307650      6.802    13.4227  33.379580    27.5630      6.741  269.15115  269.33428    10.6572     4.6814 -9.990e-29
 132.307653      6.796    13.4225  33.378464    27.5622      6.735  269.15430  269.33742    10.9529     4.6046 -9.990e-29
 132.307656      6.800    13.4224  33.379345    27.5630      6.739  269.15311  269.33621    11.0774     4.5965 -9.990e-29
 132.307659      6.814    13.4222  33.377876    27.5630      6.754  269.15625  269.33936    10.9218     4.5278 -9.990e-29
 132.307662      6.842    13.4224  33.379345    27.5628      6.781  269.15314  269.33624    11.1552     4.5278 0.0000e+00
 132.307665      6.884    13.4227  33.379169    27.5626      6.822  269.15222  269.33534    10.9685     4.5925 0.0000e+00
 132.307668      6.942    13.4227  33.378699    27.5625      6.880  269.15275  269.33588    11.5755     4.9483 0.0000e+00
 132.307671      6.997    13.4227  33.379169    27.5625      6.934  269.15198  269.33511    11.3887     5.0534 0.0000e+00
 132.307674      7.040    13.4227  33.379111    27.5625      6.978  269.15242  269.33554    11.6377     5.0251 0.0000e+00
 132.307677      7.079    13.4227  33.378935    27.5624      7.015  269.15243  269.33557    11.7311     4.9483 0.0000e+00
 132.307679      7.108    13.4227  33.378053    27.5623      7.044  269.15427  269.33741    10.7039     4.6976 -9.990e-29
 132.307682      7.117    13.4226  33.377936    27.5615      7.053  269.15479  269.33792    10.6883     4.7299 -9.990e-29
 132.307685      7.121    13.4224  33.379346    27.5629      7.057  269.15331  269.33642    10.4860     4.7340 -9.990e-29
 132.307688      7.115    13.4224  33.379758    27.5633      7.052  269.15260  269.33571    10.3615     4.7582 -9.990e-29
 132.307691      7.108    13.4219  33.378347    27.5623      7.044  269.15688  269.33996    10.4860     4.4590 -9.990e-29
 132.307694      7.108    13.4216  33.379758    27.5639      7.044  269.15602  269.33907    10.2214     4.4631 -9.990e-29
 132.307697      7.119    13.4208  33.380169    27.5657      7.055  269.15874  269.34174    10.3459     4.4995 -9.990e-29
 132.307700      7.148    13.4199  33.380405    27.5662      7.084  269.16209  269.34503    10.1903     4.4550 0.0000e+00
 132.307703      7.197    13.4195  33.381169    27.5667      7.133  269.16267  269.34558    10.6883     4.6369 0.0000e+00
 132.307705      7.243    13.4190  33.381639    27.5667      7.178  269.16407  269.34694    10.8128     4.6652 0.0000e+00
 132.307708      7.296    13.4184  33.379171    27.5674      7.230  269.17082  269.35367    10.8284     4.6572 0.0000e+00
 132.307711      7.330    13.4179  33.382286    27.5672      7.265  269.16768  269.35048    10.8751     4.5884 0.0000e+00
 132.307714      7.361    13.4171  33.382051    27.5688      7.296  269.17121  269.35397    10.8128     4.5722 -9.990e-29
 132.307717      7.385    13.4167  33.382345    27.5697      7.319  269.17259  269.35531     9.8945     4.6652 -9.990e-29
 132.307720      7.405    13.4165  33.382287    27.5698      7.339  269.17364  269.35635     9.9568     4.7057 -9.990e-29
 132.307723      7.416    13.4162  33.381993    27.5697      7.350  269.17539  269.35808    10.2214     4.6814 -9.990e-29
 132.307726      7.429    13.4160  33.381464    27.5694      7.362  269.17723  269.35992    10.1747     4.7097 -9.990e-29
 132.307729      7.438    13.4159  33.381993    27.5699      7.371  269.17665  269.35932    10.6727     4.5925 -9.990e-29
 132.307731      7.447    13.4155  33.381640    27.5699      7.380  269.17881  269.36146    10.7817     4.5925 -9.990e-29
 132.307734      7.452    13.4154  33.382581    27.5708      7.386  269.17751  269.36016    10.7506     4.5844 -9.990e-29
 132.307737      7.458    13.4150  33.382698    27.5712      7.391  269.17918  269.36180    10.7973     4.5965 -9.990e-29
 132.307740      7.465    13.4146  33.382287    27.5711      7.398  269.18144  269.36404    11.2019     4.5763 -9.990e-29
 132.307743      7.482    13.4143  33.380347    27.5696      7.415  269.18632  269.36891    11.3264     4.5803 -9.990e-29
 132.307746      7.502    13.4139  33.382464    27.5704      7.435  269.18427  269.36682    11.2486     4.5601 -9.990e-29
 132.307749      7.534    13.4135  33.380759    27.5714      7.467  269.18876  269.37130    11.2175     4.5237 0.0000e+00
 132.307752      7.562    13.4132  33.382699    27.5723      7.494  269.18701  269.36952    11.1085     4.7461 0.0000e+00
 132.307755      7.595    13.4129  33.382346    27.5723      7.527  269.18888  269.37137    11.2175     4.7178 0.0000e+00
 132.307758      7.637    13.4128  33.381876    27.5720      7.568  269.19002  269.37251    11.1864     4.7097 0.0000e+00
 132.307760      7.680    13.4134  33.380760    27.5705      7.612  269.18948  269.37201    11.1864     4.6369 0.0000e+00
 132.307763      7.735    13.4143  33.380583    27.5697      7.666  269.18608  269.36867    11.2175     4.7178 0.0000e+00
 132.307766      7.784    13.4152  33.380583    27.5690      7.715  269.18238  269.36503    10.3459     4.8229 0.0000e+00
 132.307769      7.827    13.4162  33.380348    27.5686      7.756  269.17846  269.36117    10.4860     4.8027 0.0000e+00
 132.307772      7.857    13.4172  33.379114    27.5681      7.787  269.17624  269.35903    10.4237     4.7866 -9.990e-29
 132.307775      7.868    13.4179  33.379349    27.5659      7.798  269.17305  269.35587    10.6105     4.8270 -9.990e-29
 132.307778      7.866    13.4184  33.379937    27.5661      7.796  269.16987  269.35272     9.4587     4.5399 -9.990e-29
 132.307781      7.858    13.4190  33.379760    27.5655      7.787  269.16737  269.35026     9.3965     4.5156 -9.990e-29
 132.307784      7.848    13.4196  33.379525    27.5648      7.778  269.16528  269.34821     9.4899     4.6127 -9.990e-29
 132.307786      7.843    13.4200  33.378761    27.5638      7.773  269.16472  269.34768     9.5521     4.5035 -9.990e-29
 132.307789      7.837    13.4198  33.380172    27.5653      7.767  269.16323  269.34617    11.4665     4.4428 -9.990e-29
 132.307792      7.836    13.4197  33.379525    27.5648      7.766  269.16496  269.34790    11.6844     4.3984 -9.990e-29
 132.307795      7.847    13.4196  33.379937    27.5652      7.777  269.16457  269.34750    11.4510     4.4065 -9.990e-29
 132.307798      7.867    13.4195  33.380172    27.5657      7.796  269.16481  269.34772    11.4510     4.4348 -9.990e-29
 132.307801      7.898    13.4194  33.380348    27.5656      7.827  269.16483  269.34775    12.1202     4.4833 0.0000e+00
 132.307804      7.947    13.4191  33.379761    27.5655      7.876  269.16711  269.35001    12.1047     4.6208 0.0000e+00
 132.307807      8.003    13.4187  33.379585    27.5655      7.932  269.16932  269.35219    11.9957     4.6572 0.0000e+00
 132.307810      8.064    13.4179  33.381231    27.5676      7.991  269.16996  269.35277    12.0735     4.6167 0.0000e+00
 132.307813      8.120    13.4171  33.381172    27.5676      8.048  269.17351  269.35627    12.0268     4.6289 0.0000e+00
 132.307815      8.168    13.4168  33.380173    27.5678      8.095  269.17649  269.35924     9.9568     4.7704 0.0000e+00
 132.307818      8.202    13.4166  33.379585    27.5674      8.129  269.17814  269.36089     9.9257     4.7502 -9.990e-29
 132.307821      8.221    13.4166  33.380820    27.5680      8.147  269.17604  269.35878     9.7545     4.7663 -9.990e-29
 132.307824      8.228    13.4167  33.380996    27.5682      8.154  269.17544  269.35817    10.0191     4.7825 -9.990e-29
 132.307827      8.226    13.4167  33.380173    27.5674      8.152  269.17684  269.35959    11.4821     4.6491 -9.990e-29
 132.307830      8.224    13.4166  33.381231    27.5684      8.151  269.17534  269.35807    11.4198     4.5925 -9.990e-29
 132.307833      8.222    13.4167  33.380996    27.5682      8.149  269.17543  269.35817    11.6533     4.5682 -9.990e-29
 132.307836      8.228    13.4167  33.381231    27.5684      8.154  269.17503  269.35777    11.4976     4.6450 -9.990e-29
 132.307839      8.241    13.4165  33.381172    27.5685      8.167  269.17576  269.35849    10.9685     4.4267 -9.990e-29
 132.307841      8.268    13.4165  33.381231    27.5686      8.194  269.17599  269.35871    10.7973     4.4105 0.0000e+00
 132.307844      8.304    13.4163  33.381349    27.5687      8.230  269.17643  269.35915    10.7973     4.4550 0.0000e+00
 132.307847      8.341    13.4160  33.382055    27.5690      8.266  269.17680  269.35949    10.7194     4.4145 0.0000e+00
 132.307850      8.376    13.4158  33.381232    27.5696      8.301  269.17886  269.36154    10.7194     4.4307 0.0000e+00
 132.307853      8.407    13.4157  33.382349    27.5701      8.331  269.17759  269.36025    11.0619     4.7582 0.0000e+00
 132.307856      8.438    13.4154  33.382290    27.5702      8.362  269.17895  269.36159    11.1864     4.8270 0.0000e+00
 132.307859      8.465    13.4152  33.382349    27.5704      8.389  269.17949  269.36212    10.9840     4.8108 0.0000e+00
 132.307862      8.492    13.4151  33.382290    27.5704      8.416  269.18023  269.36285    10.9840     4.7421 0.0000e+00
 132.307865      8.518    13.4149  33.382584    27.5704      8.441  269.18036  269.36298    11.0307     4.6531 -9.990e-29
 132.307867      8.542    13.4151  33.382290    27.5704      8.465  269.18026  269.36288    10.9685     4.5844 -9.990e-29
 132.307870      8.554    13.4149  33.381761    27.5700      8.478  269.18179  269.36441    11.1085     4.6005 -9.990e-29
 132.307873      8.565    13.4151  33.381644    27.5698      8.489  269.18138  269.36401    11.0774     4.6652 -9.990e-29
 132.307876      8.565    13.4150  33.381879    27.5701      8.488  269.18129  269.36391    10.9373     4.5965 -9.990e-29
 132.307879      8.569    13.4150  33.382761    27.5709      8.492  269.17978  269.36240    10.8128     4.5439 -9.990e-29
 132.307882      8.574    13.4147  33.381233    27.5697      8.497  269.18364  269.36626    11.0463     4.5601 -9.990e-29
 132.307885      8.580    13.4146  33.382584    27.5710      8.503  269.18164  269.36424    11.0619     4.5722 -9.990e-29
 132.307888      8.600    13.4143  33.383525    27.5720      8.523  269.18129  269.36386    11.4976     4.6572 -9.990e-29
 132.307891      8.631    13.4139  33.383172    27.5725      8.554  269.18378  269.36632    11.1552     4.6572 0.0000e+00
 132.307894      8.682    13.4136  33.383996    27.5730      8.604  269.18365  269.36617    11.4510     4.6127 0.0000e+00
 132.307896      8.740    13.4133  33.384172    27.5734      8.662  269.18493  269.36743    11.4198     4.5844 0.0000e+00
 132.307899      8.815    13.4128  33.384172    27.5737      8.736  269.18685  269.36932    11.1552     4.6167 0.0000e+00
 132.307902      8.882    13.4125  33.384584    27.5742      8.803  269.18743  269.36988    10.6883     4.7704 0.0000e+00
 132.307905      8.930    13.4125  33.384584    27.5742      8.850  269.18777  269.37021    10.6572     4.7663 0.0000e+00
 132.307908      8.963    13.4122  33.384408    27.5743      8.883  269.18902  269.37145    10.4082     4.7259 -9.990e-29
 132.307911      8.970    13.4124  33.382762    27.5726      8.890  269.19122  269.37368    10.3926     4.7178 -9.990e-29
 132.307914      8.961    13.4125  33.383761    27.5735      8.881  269.18920  269.37165    10.4082     4.5520 -9.990e-29
 132.307917      8.935    13.4127  33.382586    27.5723      8.855  269.19026  269.37273    10.2681     4.4792 -9.990e-29
 132.307920      8.904    13.4127  33.382703    27.5724      8.825  269.19004  269.37251    10.1436     4.4833 -9.990e-29
 132.307922      8.877    13.4127  33.384408    27.5739      8.798  269.18710  269.36956    10.2836     4.4833 -9.990e-29
 132.307925      8.857    13.4119  33.384408    27.5745      8.778  269.19020  269.37261    10.8751     4.4145 -9.990e-29
 132.307928      8.859    13.4110  33.384173    27.5750      8.779  269.19464  269.37700    10.7973     4.3498 -9.990e-29
 132.307931      8.882    13.4103  33.384996    27.5762      8.803  269.19636  269.37866    10.8284     4.3337 -9.990e-29
 132.307934      8.926    13.4096  33.384173    27.5760      8.846  269.20059  269.38286    10.7039     4.3781 -9.990e-29
 132.307937      8.983    13.4090  33.383762    27.5765      8.902  269.20381  269.38605    10.2836     4.8310 0.0000e+00
 132.307940      9.046    13.4087  33.384585    27.5768      8.966  269.20369  269.38590    10.2836     4.8270 0.0000e+00
 132.307943      9.101    13.4088  33.384585    27.5768      9.020  269.20341  269.38563    10.4237     4.8634 0.0000e+00
 132.307946      9.147    13.4092  33.384409    27.5766      9.065  269.20219  269.38443    10.2681     4.9321 0.0000e+00
 132.307948      9.180    13.4097  33.383998    27.5764      9.097  269.20074  269.38301    10.3770     4.8593 -9.990e-29
 132.307951      9.202    13.4101  33.384174    27.5755      9.119  269.19859  269.38089    11.1708     4.4914 -9.990e-29
 132.307954      9.218    13.4101  33.383351    27.5747      9.135  269.20000  269.38231    11.1085     4.4995 -9.990e-29
 132.307957      9.227    13.4097  33.385232    27.5767      9.144  269.19835  269.38062    10.9685     4.4792 -9.990e-29
 132.307960      9.240    13.4087  33.384409    27.5767      9.157  269.20411  269.38632    11.0307     4.4752 -9.990e-29
 132.307963      9.262    13.4080  33.385409    27.5781      9.179  269.20552  269.38768    10.5638     4.6086 -9.990e-29
 132.307966      9.285    13.4070  33.385233    27.5797      9.202  269.21019  269.39229    10.4704     4.5965 -9.990e-29
 132.307969      9.320    13.4062  33.385762    27.5789      9.237  269.21241  269.39446    10.4704     4.6572 0.0000e+00
 132.307972      9.358    13.4054  33.383528    27.5797      9.275  269.21999  269.40200    10.4237     4.6046 0.0000e+00
 132.307975      9.397    13.4047  33.385762    27.5795      9.313  269.21899  269.40094    11.0307     4.4428 0.0000e+00
 132.307977      9.426    13.4041  33.385233    27.5808      9.342  269.22239  269.40431    11.0619     4.4671 -9.990e-29
 132.307980      9.435    13.4037  33.385586    27.5813      9.351  269.22366  269.40555    11.1085     4.4388 -9.990e-29
 132.307983      9.428    13.4029  33.385469    27.5818      9.343  269.22728  269.40911    11.0619     4.4024 -9.990e-29
 132.307986      9.415    13.4016  33.384822    27.5821      9.331  269.23366  269.41542    11.0152     4.3862 -9.990e-29
 132.307989      9.401    13.4003  33.384411    27.5827      9.316  269.23994  269.42163    11.0619     4.3741 -9.990e-29
 132.307992      9.384    13.3992  33.384587    27.5837      9.300  269.24460  269.42621    10.9840     4.3498 -9.990e-29
 132.307995      9.379    13.3976  33.384587    27.5849      9.295  269.25143  269.43294    11.0619     4.3741 -9.990e-29
 132.307998      9.384    13.3958  33.384999    27.5865      9.300  269.25819  269.43959    11.0307     4.3862 -9.990e-29
 132.308001      9.408    13.3943  33.384999    27.5884      9.324  269.26473  269.44603    10.9373     4.3620 -9.990e-29
 132.308003      9.446    13.3929  33.384823    27.5887      9.362  269.27095  269.45217    11.0152     4.3539 0.0000e+00
 132.308006      9.505    13.3917  33.384412    27.5889      9.420  269.27667  269.45781    11.0619     4.3862 0.0000e+00
