Processed/SBE19plus_01907321_2022_05_03_Cast02_wfilter.cnv
* Sea-Bird SBE19plus  Data File:
* FileName = E:\Prandtl Daten\2022\CTD\Raw\SBE19plus_01907321_2022_05_03_Cast02.hex
* Software version 2.6.1.12
* Temperature SN = 7321
* Conductivity SN = 7321
* System UpLoad Time = May 03 2022 10:21:02
* <ApplicationData>
* <Seaterm232>
** Messpraktikum 2022
** Suederpiep - Mooring2
** 54 06.05N
** 008 38.61E
** Jan Ladwig, Torbjörn Kagel
# nquan = 11
# nvalues = 549                         
# units = specified
# name 0 = timeJ: Julian Days
# name 1 = prdM: Pressure, Strain Gauge [db]
# name 2 = tv290C: Temperature [ITS-90, deg C]
# name 3 = c0mS/cm: Conductivity [mS/cm]
# name 4 = sal00: Salinity, Practical [PSU]
# name 5 = depSM: Depth [salt water, m], lat = 54.00
# name 6 = oxsatMm/Kg: Oxygen Saturation, Weiss [umol/kg]
# name 7 = oxsolMm/Kg: Oxygen Saturation, Garcia & Gordon [umol/kg]
# name 8 = turbWETntu0: Turbidity, WET Labs ECO [NTU]
# name 9 = flECO-AFL: Fluorescence, WET Labs ECO-AFL/FL [mg/m^3]
# name 10 = flag:  0.000e+00
# span 0 = 123.423640, 123.425226       
# span 1 =      0.655,     14.517       
# span 2 =    11.5538,    11.7942       
# span 3 =  30.901389,  31.154215       
# span 4 =    26.4355,    26.8345       
# span 5 =      0.649,     14.387       
# span 6 =  280.78693,  281.46794       
# span 7 =  280.88683,  281.54846       
# span 8 =    51.1397,   147.0463       
# span 9 =    12.1217,    15.5224       
# span 10 = 0.0000e+00, 0.0000e+00      
# interval = seconds: 0.25
# start_time = May 03 2022 10:08:30 [Instrument's time stamp, header]
# bad_flag = -9.990e-29
*END*
 123.423640      0.655    11.7908  30.914675    26.4429      0.649  280.79692  280.89659    51.1397    12.1541 0.0000e+00
 123.423643      0.693    11.7910  30.912679    26.4408      0.687  280.79970  280.89941    51.2175    12.1217 0.0000e+00
 123.423646      0.770    11.7912  30.912165    26.4402      0.763  280.79975  280.89947    51.2019    12.1581 0.0000e+00
 123.423649      0.839    11.7919  30.910854    26.4384      0.832  280.79903  280.89882    51.3420    12.1379 0.0000e+00
 123.423652      0.887    11.7931  30.908686    26.4370      0.879  280.79764  280.89754    55.2331    12.5706 0.0000e+00
 123.423655      0.927    11.7938  30.908686    26.4355      0.919  280.79445  280.89440    55.2953    12.5908 -9.990e-29
 123.423657      0.951    11.7941  30.909827    26.4359      0.942  280.79106  280.89101    55.3264    12.6070 -9.990e-29
 123.423660      0.956    11.7942  30.911025    26.4369      0.948  280.78819  280.88814    55.2642    12.5827 -9.990e-29
 123.423663      0.967    11.7938  30.912736    26.4411      0.958  280.78693  280.88683    56.1825    12.7080 -9.990e-29
 123.423666      0.993    11.7921  30.913934    26.4418      0.984  280.79243  280.89220    56.1825    12.7364 0.0000e+00
 123.423669      1.027    11.7903  30.914106    26.4426      1.018  280.80080  280.90044    56.2292    12.6959 0.0000e+00
 123.423672      1.060    11.7883  30.914106    26.4433      1.051  280.80981  280.90932    56.4004    12.6676 0.0000e+00
 123.423675      1.091    11.7867  30.915076    26.4440      1.082  280.81574  280.91512    56.1202    12.7202 -9.990e-29
 123.423678      1.112    11.7854  30.914506    26.4478      1.102  280.82259  280.92189    56.7739    12.8860 -9.990e-29
 123.423681      1.157    11.7839  30.914905    26.4485      1.147  280.82894  280.92813    56.6183    12.9062 0.0000e+00
 123.423683      1.214    11.7830  30.915647    26.4492      1.203  280.83177  280.93089    56.7272    12.8981 0.0000e+00
 123.423686      1.269    11.7825  30.916560    26.4498      1.257  280.83236  280.93143    56.7739    12.8981 0.0000e+00
 123.423689      1.314    11.7827  30.914278    26.4503      1.303  280.83600  280.93511    55.1397    12.7000 -9.990e-29
 123.423692      1.321    11.7829  30.914507    26.4481      1.310  280.83429  280.93342    55.3109    12.7080 -9.990e-29
 123.423695      1.303    11.7830  30.914278    26.4478      1.292  280.83439  280.93352    55.1397    12.7000 -9.990e-29
 123.423698      1.276    11.7828  30.914506    26.4482      1.264  280.83491  280.93402    55.3576    12.7283 -9.990e-29
 123.423701      1.248    11.7821  30.913936    26.4482      1.237  280.83916  280.93824    53.1319    12.4412 -9.990e-29
 123.423704      1.239    11.7815  30.910285    26.4452      1.228  280.84885  280.94793    53.3342    12.4816 -9.990e-29
 123.423707      1.263    11.7815  30.909316    26.4422      1.252  280.85036  280.94945    53.3809    12.4533 -9.990e-29
 123.423709      1.316    11.7822  30.907776    26.4409      1.304  280.85005  280.94921    53.3498    12.4412 0.0000e+00
 123.423712      1.385    11.7826  30.905266    26.4396      1.373  280.85317  280.95238    54.1903    12.6393 0.0000e+00
 123.423715      1.446    11.7819  30.902757    26.4386      1.433  280.86111  280.96029    54.2369    12.6353 0.0000e+00
 123.423718      1.486    11.7806  30.901959    26.4377      1.473  280.86840  280.96751    54.2369    12.6676 -9.990e-29
 123.423721      1.502    11.7793  30.901389    26.4382      1.489  280.87590  280.97492    54.1591    12.6393 -9.990e-29
 123.423724      1.480    11.7780  30.902358    26.4400      1.467  280.87986  280.97878    54.1436    12.6555 -9.990e-29
 123.423727      1.453    11.7774  30.906009    26.4440      1.440  280.87592  280.97476    53.1008    12.7323 -9.990e-29
 123.423730      1.446    11.7784  30.907777    26.4444      1.433  280.86780  280.96670    52.8362    12.7283 -9.990e-29
 123.423733      1.484    11.7796  30.908119    26.4431      1.471  280.86173  280.96070    53.0074    12.7161 0.0000e+00
 123.423736      1.559    11.7797  30.905438    26.4432      1.545  280.86646  280.96547    52.9296    12.7080 0.0000e+00
 123.423738      1.639    11.7789  30.906408    26.4432      1.624  280.86824  280.96718    57.8634    12.9588 0.0000e+00
 123.423741      1.701    11.7775  30.905382    26.4432      1.686  280.87694  280.97579    57.8945    12.9749 0.0000e+00
 123.423744      1.734    11.7761  30.905040    26.4432      1.718  280.88402  280.98278    58.0502    12.9588 -9.990e-29
 123.423747      1.734    11.7740  30.902759    26.4432      1.719  280.89792  280.99656    57.9879    12.9709 -9.990e-29
 123.423750      1.730    11.7707  30.901618    26.4472      1.715  280.91546  281.01388    59.5132    12.9749 -9.990e-29
 123.423753      1.756    11.7671  30.901790    26.4483      1.741  280.93186  281.03003    59.4976    12.9871 0.0000e+00
 123.423756      1.800    11.7642  30.902133    26.4495      1.784  280.94441  281.04238    59.5443    12.9790 0.0000e+00
 123.423759      1.844    11.7621  30.902361    26.4512      1.827  280.95397  281.05179    59.5288    13.0113 0.0000e+00
 123.423762      1.886    11.7605  30.902532    26.4519      1.869  280.96107  281.05877    61.3965    13.1448 0.0000e+00
 123.423764      1.911    11.7595  30.903331    26.4525      1.894  280.96441  281.06204    61.3809    13.1084 -9.990e-29
 123.423767      1.924    11.7591  30.904472    26.4553      1.907  280.96390  281.06148    61.3965    13.1326 -9.990e-29
 123.423770      1.921    11.7598  30.906012    26.4563      1.903  280.95781  281.05543    61.4276    13.1043 -9.990e-29
 123.423773      1.913    11.7604  30.906981    26.4568      1.896  280.95310  281.05075    61.4432    13.1205 -9.990e-29
 123.423776      1.906    11.7608  30.906810    26.4563      1.889  280.95149  281.04917    64.1825    13.1528 -9.990e-29
 123.423779      1.902    11.7609  30.908350    26.4577      1.885  280.94829  281.04596    64.2292    13.1609 -9.990e-29
 123.423782      1.917    11.7609  30.908921    26.4582      1.900  280.94724  281.04490    64.0891    13.1407 -9.990e-29
 123.423785      1.934    11.7610  30.909035    26.4583      1.916  280.94671  281.04438    64.1358    13.1326 -9.990e-29
 123.423788      1.956    11.7608  30.909320    26.4585      1.938  280.94684  281.04449    64.5249    13.2135 -9.990e-29
 123.423791      1.992    11.7607  30.909092    26.4584      1.974  280.94793  281.04558    64.3692    13.1609 0.0000e+00
 123.423793      2.041    11.7608  30.909092    26.4585      2.023  280.94732  281.04498    64.2447    13.1690 0.0000e+00
 123.423796      2.112    11.7608  30.910290    26.4596      2.094  280.94546  281.04310    64.4626    13.1973 0.0000e+00
 123.423799      2.193    11.7607  30.912287    26.4615      2.173  280.94210  281.03972    64.8984    13.3348 0.0000e+00
 123.423802      2.266    11.7609  30.913713    26.4626      2.245  280.93853  281.03614    64.8673    13.3348 0.0000e+00
 123.423805      2.324    11.7616  30.914911    26.4629      2.304  280.93312  281.03077    64.8984    13.3227 0.0000e+00
 123.423808      2.363    11.7623  30.916622    26.4633      2.341  280.92674  281.02442    64.8673    13.3389 -9.990e-29
 123.423811      2.362    11.7628  30.917991    26.4653      2.341  280.92194  281.01963    66.2058    13.2459 -9.990e-29
 123.423814      2.355    11.7633  30.920615    26.4674      2.334  280.91447  281.01217    66.1747    13.2499 -9.990e-29
 123.423817      2.326    11.7639  30.922612    26.4689      2.305  280.90815  281.00587    66.1124    13.2661 -9.990e-29
 123.423819      2.282    11.7644  30.922783    26.4688      2.262  280.90556  281.00331    66.2369    13.2944 -9.990e-29
 123.423822      2.253    11.7649  30.923581    26.4691      2.233  280.90148  280.99926    66.0657    13.2256 -9.990e-29
 123.423825      2.251    11.7651  30.923924    26.4693      2.231  280.89987  280.99767    65.9101    13.0356 -9.990e-29
 123.423828      2.286    11.7657  30.923467    26.4678      2.265  280.89818  280.99602    65.7700    13.0235 -9.990e-29
 123.423831      2.348    11.7665  30.923353    26.4679      2.327  280.89491  280.99279    65.7389    13.0113 0.0000e+00
 123.423834      2.430    11.7667  30.923753    26.4678      2.408  280.89293  280.99084    65.9101    13.0032 0.0000e+00
 123.423837      2.499    11.7671  30.923183    26.4671      2.477  280.89212  280.99006    65.7856    13.2701 0.0000e+00
 123.423840      2.554    11.7674  30.922213    26.4665      2.531  280.89300  280.99097    65.7078    13.3025 0.0000e+00
 123.423843      2.587    11.7671  30.922042    26.4660      2.564  280.89463  280.99257    65.6299    13.2378 -9.990e-29
 123.423845      2.603    11.7670  30.922612    26.4666      2.580  280.89389  280.99183    65.5366    13.2822 -9.990e-29
 123.423848      2.612    11.7674  30.921814    26.4656      2.589  280.89346  280.99144    66.1591    13.2661 -9.990e-29
 123.423851      2.616    11.7675  30.921814    26.4655      2.592  280.89315  280.99113    66.1280    13.2418 -9.990e-29
 123.423854      2.623    11.7676  30.921414    26.4650      2.600  280.89325  280.99125    66.0969    13.2499 -9.990e-29
 123.423857      2.633    11.7676  30.922841    26.4661      2.609  280.89092  280.98889    66.1436    13.2620 -9.990e-29
 123.423860      2.667    11.7678  30.922613    26.4659      2.643  280.89041  280.98840    66.1747    13.1852 0.0000e+00
 123.423863      2.711    11.7679  30.922385    26.4659      2.687  280.89022  280.98822    66.0813    13.2014 0.0000e+00
 123.423866      2.742    11.7680  30.922042    26.4657      2.717  280.89024  280.98825    66.1591    13.1933 -9.990e-29
 123.423869      2.760    11.7681  30.922213    26.4654      2.736  280.88961  280.98763    66.1903    13.1933 -9.990e-29
 123.423872      2.780    11.7682  30.922442    26.4656      2.756  280.88887  280.98690    66.1280    13.2014 -9.990e-29
 123.423874      2.793    11.7680  30.921244    26.4645      2.768  280.89176  280.98979    65.6299    13.2903 -9.990e-29
 123.423877      2.801    11.7678  30.920502    26.4640      2.776  280.89411  280.99213    65.6611    13.2459 -9.990e-29
 123.423880      2.815    11.7677  30.920502    26.4641      2.790  280.89477  280.99277    65.6299    13.2782 -9.990e-29
 123.423883      2.832    11.7675  30.920103    26.4640      2.806  280.89648  280.99448    65.7545    13.2863 -9.990e-29
 123.423886      2.866    11.7674  30.920217    26.4642      2.841  280.89694  280.99493    65.5988    13.5168 0.0000e+00
 123.423889      2.907    11.7673  30.920503    26.4640      2.881  280.89675  280.99473    65.5833    13.5410 0.0000e+00
 123.423892      2.958    11.7670  30.919704    26.4637      2.931  280.89956  280.99753    65.5833    13.5289 0.0000e+00
 123.423895      3.021    11.7667  30.919305    26.4637      2.994  280.90163  280.99959    65.5988    13.5127 0.0000e+00
 123.423898      3.096    11.7663  30.919590    26.4641      3.069  280.90308  281.00100    64.3692    13.3833 0.0000e+00
 123.423900      3.155    11.7660  30.919705    26.4643      3.126  280.90419  281.00209    64.4315    13.3995 0.0000e+00
 123.423903      3.189    11.7660  30.920104    26.4644      3.161  280.90379  281.00168    64.5093    13.3712 -9.990e-29
 123.423906      3.204    11.7662  30.919705    26.4642      3.175  280.90358  281.00150    64.3537    13.4278 -9.990e-29
 123.423909      3.193    11.7663  30.919705    26.4642      3.165  280.90293  281.00086    64.6650    13.2701 -9.990e-29
 123.423912      3.162    11.7666  30.918963    26.4633      3.134  280.90301  281.00096    64.6650    13.2822 -9.990e-29
 123.423915      3.137    11.7667  30.919305    26.4636      3.109  280.90203  280.99999    64.6961    13.2701 -9.990e-29
 123.423918      3.113    11.7666  30.920104    26.4644      3.085  280.90085  280.99879    64.7428    13.2742 -9.990e-29
 123.423921      3.116    11.7663  30.920275    26.4647      3.089  280.90181  280.99973    64.6027    13.2620 -9.990e-29
 123.423924      3.140    11.7659  30.920275    26.4650      3.112  280.90376  281.00165    66.1124    13.2903 -9.990e-29
 123.423927      3.183    11.7656  30.919990    26.4653      3.154  280.90592  281.00379    66.0813    13.2620 0.0000e+00
 123.423929      3.230    11.7653  30.920504    26.4656      3.201  280.90628  281.00412    66.2214    13.2297 0.0000e+00
 123.423932      3.281    11.7651  30.920846    26.4660      3.252  280.90632  281.00415    66.0813    13.2620 0.0000e+00
 123.423935      3.328    11.7650  30.920675    26.4660      3.299  280.90731  281.00513    62.1903    13.2620 0.0000e+00
 123.423938      3.374    11.7654  30.919306    26.4644      3.344  280.90797  281.00584    62.1436    13.2337 0.0000e+00
 123.423941      3.412    11.7665  30.918793    26.4631      3.382  280.90414  281.00209    62.2369    13.2782 0.0000e+00
 123.423944      3.440    11.7674  30.917994    26.4624      3.409  280.90115  280.99918    62.2058    13.2620 0.0000e+00
 123.423947      3.469    11.7677  30.918565    26.4617      3.438  280.89883  280.99686    64.3692    13.3227 -9.990e-29
 123.423950      3.492    11.7676  30.917196    26.4608      3.461  280.90204  281.00008    64.4315    13.3267 -9.990e-29
 123.423953      3.523    11.7671  30.917196    26.4611      3.492  280.90431  281.00231    64.4626    13.3389 -9.990e-29
 123.423955      3.544    11.7667  30.917595    26.4617      3.512  280.90518  281.00316    64.3226    13.3065 -9.990e-29
 123.423958      3.569    11.7662  30.917025    26.4615      3.537  280.90851  281.00646    65.7389    13.3065 -9.990e-29
 123.423961      3.587    11.7660  30.917995    26.4626      3.555  280.90767  281.00560    65.7700    13.3995 -9.990e-29
 123.423964      3.600    11.7659  30.918337    26.4630      3.568  280.90769  281.00560    65.6299    13.4197 -9.990e-29
 123.423967      3.613    11.7658  30.918736    26.4635      3.580  280.90759  281.00549    65.5988    13.3995 -9.990e-29
 123.423970      3.620    11.7655  30.919592    26.4645      3.587  280.90728  281.00515    65.7545    13.3874 -9.990e-29
 123.423973      3.640    11.7650  30.920277    26.4667      3.607  280.90827  281.00610    68.1047    13.3833 -9.990e-29
 123.423976      3.669    11.7643  30.921076    26.4665      3.636  280.91001  281.00778    68.1047    13.3146 0.0000e+00
 123.423979      3.715    11.7637  30.920277    26.4664      3.682  280.91442  281.01215    68.2136    13.3348 0.0000e+00
 123.423981      3.767    11.7633  30.919308    26.4664      3.734  280.91819  281.01591    68.1358    13.3389 0.0000e+00
 123.423984      3.811    11.7627  30.919821    26.4661      3.777  280.91983  281.01750    67.6066    13.3510 0.0000e+00
 123.423987      3.839    11.7624  30.919707    26.4666      3.804  280.92167  281.01932    67.6844    13.3510 -9.990e-29
 123.423990      3.848    11.7620  30.920677    26.4679      3.813  280.92147  281.01908    67.7311    13.3469 -9.990e-29
 123.423993      3.842    11.7618  30.920506    26.4679      3.808  280.92275  281.02035    67.6844    13.3348 -9.990e-29
 123.423996      3.835    11.7615  30.921647    26.4692      3.801  280.92222  281.01978    69.2875    13.3267 -9.990e-29
 123.423999      3.831    11.7611  30.921248    26.4691      3.797  280.92456  281.02211    69.3342    13.3065 -9.990e-29
 123.424002      3.839    11.7608  30.922617    26.4706      3.804  280.92362  281.02113    69.4587    13.3510 -9.990e-29
 123.424005      3.857    11.7604  30.923758    26.4719      3.823  280.92343  281.02089    69.4432    13.3510 -9.990e-29
 123.424008      3.884    11.7599  30.923359    26.4725      3.850  280.92612  281.02356    69.4432    13.3348 0.0000e+00
 123.424010      3.930    11.7597  30.924557    26.4728      3.895  280.92487  281.02229    68.9918    13.3631 0.0000e+00
 123.424013      3.978    11.7593  30.923872    26.4728      3.942  280.92843  281.02582    68.8673    13.3955 0.0000e+00
 123.424016      4.025    11.7593  30.923359    26.4728      3.989  280.92910  281.02650    68.8984    13.4116 0.0000e+00
