Processed/SBE19plus_01907321_2022_05_06_Cast52_wfilter.cnv
* Sea-Bird SBE19plus  Data File:
* FileName = E:\Prandtl Daten\2022\CTD\Raw\SBE19plus_01907321_2022_05_06_Cast52.hex
* Software version 2.6.1.12
* Temperature SN = 7321
* Conductivity SN = 7321
* System UpLoad Time = May 06 2022 12:21:00
* <ApplicationData>
* <Seaterm232>
** Messpraktikum 2022
** CTD 06.05 MP2
** NMEA Latitude = 54 04.017 N
** NMEA Longitude = 008 42.129 E
# nquan = 11
# nvalues = 604                         
# units = specified
# name 0 = timeJ: Julian Days
# name 1 = prdM: Pressure, Strain Gauge [db]
# name 2 = tv290C: Temperature [ITS-90, deg C]
# name 3 = c0mS/cm: Conductivity [mS/cm]
# name 4 = sal00: Salinity, Practical [PSU]
# name 5 = depSM: Depth [salt water, m], lat = 54.00
# name 6 = oxsatMm/Kg: Oxygen Saturation, Weiss [umol/kg]
# name 7 = oxsolMm/Kg: Oxygen Saturation, Garcia & Gordon [umol/kg]
# name 8 = turbWETntu0: Turbidity, WET Labs ECO [NTU]
# name 9 = flECO-AFL: Fluorescence, WET Labs ECO-AFL/FL [mg/m^3]
# name 10 = flag:  0.000e+00
# span 0 = 126.509737, 126.511481       
# span 1 =      0.310,     13.409       
# span 2 =    12.2750,    13.2718       
# span 3 =  31.560981,  32.292129       
# span 4 =    26.6359,    26.8136       
# span 5 =      0.307,     13.289       
# span 6 =  271.68800,  277.39639       
# span 7 =  271.87126,  277.52228       
# span 8 =    26.9996,   111.3731       
# span 9 =     8.4703,    13.3348       
# span 10 = 0.0000e+00, 0.0000e+00      
# interval = seconds: 0.25
# start_time = May 06 2022 12:12:54 [Instrument's time stamp, header]
# bad_flag = -9.990e-29
*END*
[from data line 263]
 126.510773      7.189    12.2957  31.606571    26.7319      7.125  277.21748  277.34424    37.5677    10.5892 -9.990e-29
 126.510775      7.205    12.2964  31.607549    26.7323      7.141  277.21253  277.33934    37.4899    10.5851 -9.990e-29
 126.510778      7.223    12.2971  31.608355    26.7325      7.159  277.20790  277.33474    36.1980    10.5851 -9.990e-29
 126.510781      7.243    12.2976  31.608527    26.7323      7.178  277.20506  277.33193    36.3848    10.5811 -9.990e-29
 126.510784      7.261    12.2981  31.609160    26.7325      7.197  277.20169  277.32860    36.1980    10.5487 -9.990e-29
 126.510787      7.285    12.2988  31.607549    26.7305      7.220  277.20177  277.32873    36.1669    10.5811 -9.990e-29
 126.510790      7.309    12.2988  31.607952    26.7313      7.244  277.20105  277.32801    36.0891    10.5568 -9.990e-29
 126.510793      7.342    12.2987  31.608355    26.7312      7.276  277.20066  277.32761    37.7856    10.6741 0.0000e+00
 126.510796      7.371    12.2985  31.607952    26.7311      7.305  277.20237  277.32931    37.7700    10.6984 0.0000e+00
 126.510799      7.404    12.2984  31.607780    26.7311      7.337  277.20302  277.32996    37.8012    10.6701 0.0000e+00
 126.510802      7.433    12.2983  31.608183    26.7314      7.366  277.20263  277.32955    37.7078    10.6620 0.0000e+00
 126.510804      7.458    12.2983  31.608355    26.7315      7.392  277.20233  277.32926    36.8673    10.5124 0.0000e+00
 126.510807      7.490    12.2986  31.609334    26.7315      7.423  277.19930  277.32624    36.9451    10.5245 -9.990e-29
 126.510810      7.511    12.2987  31.609334    26.7322      7.444  277.19900  277.32594    37.0696    10.5245 -9.990e-29
 126.510813      7.531    12.2989  31.608758    26.7315      7.464  277.19910  277.32606    37.0696    10.5326 -9.990e-29
 126.510816      7.549    12.2991  31.608931    26.7315      7.482  277.19785  277.32482    37.2564    10.4881 -9.990e-29
 126.510819      7.569    12.2991  31.609161    26.7317      7.501  277.19744  277.32441    36.9607    10.4800 -9.990e-29
 126.510822      7.588    12.2993  31.610139    26.7325      7.520  277.19504  277.32201    37.3342    10.4719 -9.990e-29
 126.510825      7.608    12.2994  31.609737    26.7321      7.540  277.19515  277.32213    37.0696    10.4719 -9.990e-29
 126.510828      7.637    12.2995  31.609967    26.7323      7.569  277.19412  277.32111    38.4860    10.6094 0.0000e+00
 126.510830      7.668    12.2998  31.610542    26.7321      7.599  277.19182  277.31882    38.3615    10.5568 0.0000e+00
 126.510833      7.699    12.2998  31.610140    26.7321      7.630  277.19257  277.31958    38.3303    10.6013 0.0000e+00
 126.510836      7.730    12.2997  31.609334    26.7313      7.661  277.19437  277.32138    38.4704    10.5932 0.0000e+00
 126.510839      7.760    12.2994  31.608184    26.7305      7.690  277.19807  277.32507    38.1903    10.5770 0.0000e+00
 126.510842      7.789    12.2991  31.607954    26.7305      7.719  277.19978  277.32676    38.7973    10.7267 0.0000e+00
 126.510845      7.815    12.2986  31.608357    26.7305      7.745  277.20129  277.32824    38.6572    10.6903 -9.990e-29
 126.510848      7.838    12.2983  31.608184    26.7312      7.768  277.20289  277.32982    38.5327    10.7024 -9.990e-29
 126.510851      7.862    12.2978  31.606976    26.7304      7.792  277.20733  277.33424    38.7661    10.7348 -9.990e-29
 126.510854      7.880    12.2973  31.606976    26.7308      7.810  277.20989  277.33676    38.3303    10.7833 -9.990e-29
 126.510856      7.895    12.2969  31.606573    26.7307      7.824  277.21222  277.33907    38.2681    10.7792 -9.990e-29
 126.510859      7.913    12.2967  31.606804    26.7311      7.842  277.21309  277.33992    38.2992    10.7792 -9.990e-29
 126.510862      7.942    12.2964  31.606574    26.7310      7.871  277.21448  277.34129    38.0969    10.8075 -9.990e-29
 126.510865      7.966    12.2960  31.606171    26.7308      7.895  277.21713  277.34393    40.1825    10.7914 -9.990e-29
 126.510868      7.994    12.2960  31.605998    26.7305      7.922  277.21746  277.34426    40.1513    10.7752 0.0000e+00
 126.510871      8.030    12.2959  31.605366    26.7302      7.958  277.21895  277.34575    40.1980    10.7873 0.0000e+00
 126.510874      8.064    12.2957  31.604215    26.7294      7.992  277.22234  277.34913    40.2603    10.7428 0.0000e+00
 126.510877      8.092    12.2951  31.603813    26.7293      8.019  277.22563  277.35239    40.5405    10.9005 0.0000e+00
 126.510880      8.121    12.2945  31.602432    26.7289      8.048  277.23070  277.35744    40.4471    10.9005 0.0000e+00
 126.510883      8.156    12.2936  31.601224    26.7285      8.083  277.23706  277.36374    40.4938    10.9410 -9.990e-29
 126.510885      8.181    12.2929  31.601857    26.7291      8.108  277.23911  277.36574    40.2603    10.9086 -9.990e-29
 126.510888      8.205    12.2924  31.601627    26.7292      8.132  277.24177  277.36837    40.4004    10.9127 -9.990e-29
 126.510891      8.227    12.2921  31.601224    26.7290      8.153  277.24379  277.37037    39.7622    10.9369 -9.990e-29
 126.510894      8.240    12.2919  31.600649    26.7286      8.166  277.24579  277.37237    39.7155    10.9046 -9.990e-29
 126.510897      8.260    12.2918  31.600246    26.7283      8.186  277.24717  277.37375    39.7000    10.9208 -9.990e-29
 126.510900      8.282    12.2915  31.600477    26.7287      8.207  277.24804  277.37459    39.7311    10.9248 -9.990e-29
 126.510903      8.305    12.2914  31.600074    26.7284      8.231  277.24943  277.37597    40.1513    11.0663 -9.990e-29
 126.510906      8.334    12.2909  31.599672    26.7285      8.260  277.25240  277.37892    40.2447    11.0542 0.0000e+00
 126.510909      8.366    12.2906  31.599787    26.7287      8.291  277.25349  277.37999    40.2603    11.0259 0.0000e+00
 126.510911      8.396    12.2902  31.600247    26.7293      8.321  277.25427  277.38073    40.1980    11.0340 0.0000e+00
 126.510914      8.429    12.2898  31.599845    26.7294      8.354  277.25693  277.38337    39.9490    10.8480 0.0000e+00
 126.510917      8.460    12.2897  31.600477    26.7300      8.384  277.25644  277.38286    39.9334    10.8278 0.0000e+00
 126.510920      8.488    12.2898  31.601053    26.7302      8.412  277.25477  277.38121    39.9646    10.8439 0.0000e+00
 126.510923      8.515    12.2900  31.600823    26.7304      8.439  277.25425  277.38070    39.8556    10.8439 -9.990e-29
 126.510926      8.537    12.2905  31.601053    26.7299      8.460  277.25194  277.37842    39.7467    10.7833 -9.990e-29
 126.510929      8.555    12.2905  31.601858    26.7307      8.478  277.25049  277.37696    39.6377    10.8116 -9.990e-29
 126.510932      8.575    12.2907  31.601053    26.7297      8.498  277.25069  277.37719    39.8089    10.8035 -9.990e-29
 126.510935      8.586    12.2910  31.602031    26.7304      8.509  277.24765  277.37416    39.7000    10.7550 -9.990e-29
 126.510938      8.610    12.2912  31.601628    26.7299      8.533  277.24776  277.37428    39.7311    10.7671 -9.990e-29
 126.510940      8.633    12.2914  31.602031    26.7305      8.556  277.24577  277.37231    40.1358    10.9046 -9.990e-29
 126.510943      8.661    12.2917  31.602606    26.7307      8.583  277.24379  277.37033    40.1980    10.9248 0.0000e+00
 126.510946      8.690    12.2919  31.603239    26.7305      8.612  277.24139  277.36794    40.1825    10.9127 0.0000e+00
 126.510949      8.726    12.2922  31.602837    26.7309      8.648  277.24087  277.36745    40.3381    10.9329 0.0000e+00
 126.510952      8.756    12.2925  31.603815    26.7307      8.677  277.23784  277.36443    39.1085    10.7914 0.0000e+00
 126.510955      8.789    12.2926  31.603412    26.7310      8.710  277.23796  277.36456    39.2331    10.7631 -9.990e-29
 126.510958      8.812    12.2928  31.603988    26.7301      8.733  277.23598  277.36258    39.2953    10.7954 -9.990e-29
 126.510961      8.840    12.2929  31.603240    26.7301      8.761  277.23703  277.36365    39.1241    10.7833 0.0000e+00
 126.510964      8.867    12.2931  31.603988    26.7301      8.788  277.23474  277.36137    40.0113    10.9167 -9.990e-29
 126.510966      8.887    12.2929  31.604218    26.7310      8.807  277.23529  277.36190    39.9334    10.9046 -9.990e-29
 126.510969      8.909    12.2930  31.603010    26.7298      8.829  277.23718  277.36381    40.0268    10.9005 -9.990e-29
 126.510972      8.925    12.2927  31.603413    26.7304      8.846  277.23773  277.36434    39.9957    10.9046 -9.990e-29
 126.510975      8.947    12.2925  31.601859    26.7291      8.867  277.24152  277.36813    41.5210    10.9572 -9.990e-29
 126.510978      8.969    12.2919  31.600479    26.7277      8.888  277.24691  277.37348    41.4432    10.9531 -9.990e-29
 126.510981      8.996    12.2908  31.599098    26.7272      8.915  277.25420  277.38072    41.1786    10.9733 0.0000e+00
 126.510984      9.027    12.2901  31.597660    26.7277      8.946  277.26002  277.38650    41.5054    10.9491 0.0000e+00
 126.510987      9.058    12.2893  31.598466    26.7280      8.977  277.26239  277.38882    41.4899    10.9855 0.0000e+00
 126.510990      9.085    12.2887  31.597891    26.7282      9.004  277.26600  277.39239    40.5871    10.8641 0.0000e+00
 126.510992      9.120    12.2881  31.598466    26.7288      9.039  277.26753  277.39387    40.5716    10.8318 0.0000e+00
 126.510995      9.146    12.2879  31.598063    26.7290      9.064  277.26955  277.39588    40.7272    10.8763 0.0000e+00
 126.510998      9.173    12.2880  31.599272    26.7293      9.091  277.26674  277.39307    40.6494    10.8884 0.0000e+00
 126.511001      9.199    12.2881  31.599272    26.7298      9.116  277.26643  277.39277    40.6650    10.7064 -9.990e-29
 126.511004      9.219    12.2881  31.598064    26.7286      9.136  277.26864  277.39499    40.6494    10.6943 -9.990e-29
 126.511007      9.235    12.2880  31.599272    26.7298      9.153  277.26678  277.39311    40.6961    10.7226 -9.990e-29
 126.511010      9.253    12.2882  31.599444    26.7298      9.171  277.26552  277.39186    40.6650    10.7145 -9.990e-29
 126.511013      9.273    12.2883  31.599099    26.7294      9.190  277.26584  277.39219    41.3031    10.9652 -9.990e-29
 126.511016      9.297    12.2883  31.599445    26.7297      9.214  277.26491  277.39127    41.3654    10.9208 -9.990e-29
 126.511019      9.322    12.2885  31.598869    26.7288      9.239  277.26534  277.39171    41.3965    10.9288 -9.990e-29
 126.511021      9.350    12.2886  31.598697    26.7289      9.266  277.26535  277.39173    41.4899    10.9288 0.0000e+00
 126.511024      9.383    12.2883  31.598870    26.7288      9.299  277.26601  277.39237    42.0191    10.9491 0.0000e+00
 126.511027      9.410    12.2883  31.598467    26.7288      9.326  277.26708  277.39344    42.0035    10.9491 0.0000e+00
 126.511030      9.437    12.2881  31.597892    26.7285      9.353  277.26878  277.39514    41.8945    10.9693 0.0000e+00
 126.511033      9.468    12.2879  31.597317    26.7283      9.384  277.27112  277.39746    41.8012    10.9855 -9.990e-29
 126.511036      9.491    12.2876  31.597892    26.7287      9.406  277.27104  277.39737    41.8634    10.9531 -9.990e-29
 126.511039      9.518    12.2874  31.595706    26.7268      9.433  277.27598  277.40231    43.2019    11.1027 -9.990e-29
 126.511042      9.541    12.2872  31.596109    26.7273      9.456  277.27622  277.40254    43.0930    11.0946 -9.990e-29
 126.511045      9.561    12.2869  31.595534    26.7270      9.476  277.27887  277.40517    43.1241    11.0946 -9.990e-29
 126.511047      9.578    12.2864  31.594211    26.7260      9.492  277.28319  277.40947    43.0152    11.0946 -9.990e-29
 126.511050      9.601    12.2859  31.593348    26.7255      9.515  277.28732  277.41357    42.6261    11.1149 -9.990e-29
 126.511053      9.627    12.2850  31.592543    26.7253      9.541  277.29294  277.41914    42.6261    11.0865 0.0000e+00
 126.511056      9.653    12.2843  31.591738    26.7252      9.566  277.29728  277.42345    42.5638    11.1149 0.0000e+00
 126.511059      9.684    12.2840  31.590990    26.7251      9.597  277.30025  277.42640    42.7194    11.0946 0.0000e+00
 126.511062      9.715    12.2834  31.590990    26.7251      9.628  277.30282  277.42893    41.3654    10.9369 0.0000e+00
 126.511065      9.750    12.2831  31.590760    26.7251      9.663  277.30453  277.43063    41.4587    10.9005 0.0000e+00
 126.511068      9.777    12.2827  31.590760    26.7253      9.690  277.30646  277.43253    41.4120    10.9127 0.0000e+00
 126.511071      9.805    12.2826  31.590588    26.7254      9.717  277.30711  277.43317    41.5366    10.9208 0.0000e+00
 126.511073      9.830    12.2830  31.592371    26.7260      9.742  277.30230  277.42837    43.2019    11.1068 0.0000e+00
 126.511076      9.856    12.2836  31.593752    26.7267      9.768  277.29694  277.42304    43.1241    11.0704 -9.990e-29
 126.511079      9.878    12.2843  31.593521    26.7268      9.790  277.29419  277.42034    43.0619    11.1108 -9.990e-29
 126.511082      9.902    12.2848  31.595132    26.7279      9.813  277.28906  277.41522    43.1241    11.1068 -9.990e-29
 126.511085      9.924    12.2851  31.595132    26.7277      9.835  277.28780  277.41398    43.1708    11.0946 -9.990e-29
 126.511088      9.942    12.2849  31.594327    26.7271      9.853  277.29023  277.41640    40.6961    10.8480 -9.990e-29
 126.511091      9.963    12.2849  31.595305    26.7285      9.874  277.28847  277.41463    40.7739    10.8520 -9.990e-29
 126.511094      9.998    12.2850  31.595938    26.7297      9.909  277.28670  277.41287    40.6338    10.8439 0.0000e+00
 126.511097     10.024    12.2853  31.598699    26.7309      9.934  277.28043  277.40659    40.6494    10.8399 0.0000e+00
 126.511100     10.058    12.2862  31.599677    26.7311      9.968  277.27454  277.40076    41.4276    10.9127 0.0000e+00
 126.511102     10.093    12.2872  31.600828    26.7314     10.003  277.26802  277.39429    41.3809    10.9248 0.0000e+00
 126.511105     10.126    12.2882  31.601461    26.7314     10.035  277.26244  277.38877    41.3809    10.9248 0.0000e+00
 126.511108     10.157    12.2887  31.601461    26.7310     10.066  277.26023  277.38659    41.3965    10.9046 0.0000e+00
 126.511111     10.182    12.2890  31.601058    26.7307     10.091  277.25939  277.38578    43.3576    10.9369 0.0000e+00
 126.511114     10.208    12.2892  31.599850    26.7304     10.116  277.26096  277.38737    43.4354    10.9086 -9.990e-29
 126.511117     10.232    12.2888  31.598699    26.7284     10.140  277.26498  277.39137    43.3576    10.9086 -9.990e-29
 126.511120     10.250    12.2879  31.599102    26.7293     10.158  277.26808  277.39441    43.4976    10.9127 -9.990e-29
 126.511123     10.272    12.2872  31.598067    26.7289     10.180  277.27315  277.39945    42.8906    10.8641 -9.990e-29
 126.511126     10.297    12.2866  31.597895    26.7291     10.205  277.27635  277.40260    42.7350    10.8641 -9.990e-29
 126.511128     10.321    12.2860  31.597665    26.7293     10.228  277.27933  277.40555    43.0307    10.8520 -9.990e-29
 126.511131     10.343    12.2855  31.597089    26.7303     10.250  277.28261  277.40881    42.9529    10.8318 -9.990e-29
 126.511134     10.378    12.2852  31.598067    26.7311     10.285  277.28245  277.40861    43.0463    10.8763 0.0000e+00
 126.511137     10.410    12.2853  31.599851    26.7318     10.317  277.27860  277.40475    39.9023    10.7064 0.0000e+00
 126.511140     10.445    12.2859  31.602267    26.7337     10.351  277.27169  277.39785    40.0268    10.7064 0.0000e+00
 126.511143     10.476    12.2870  31.603648    26.7339     10.382  277.26411  277.39034    39.9334    10.7105 0.0000e+00
 126.511146     10.505    12.2886  31.604799    26.7341     10.411  277.25504  277.38136    39.8245    10.7186 -9.990e-29
