Processed/SBE19plus_01907321_2022_05_05_Cast34_wfilter.cnv
* Sea-Bird SBE19plus  Data File:
* FileName = E:\Prandtl Daten\2022\CTD\Raw\SBE19plus_01907321_2022_05_05_Cast34.hex
* Software version 2.6.1.12
* Temperature SN = 7321
* Conductivity SN = 7321
* System UpLoad Time = May 05 2022 12:23:13
* <ApplicationData>
* <Seaterm232>
** Messpraktikum 2022
** CTD 05.05 NP3
# nquan = 11
# nvalues = 733                         
# units = specified
# name 0 = timeJ: Julian Days
# name 1 = prdM: Pressure, Strain Gauge [db]
# name 2 = tv290C: Temperature [ITS-90, deg C]
# name 3 = c0mS/cm: Conductivity [mS/cm]
# name 4 = sal00: Salinity, Practical [PSU]
# name 5 = depSM: Depth [salt water, m], lat = 54.00
# name 6 = oxsatMm/Kg: Oxygen Saturation, Weiss [umol/kg]
# name 7 = oxsolMm/Kg: Oxygen Saturation, Garcia & Gordon [umol/kg]
# name 8 = turbWETntu0: Turbidity, WET Labs ECO [NTU]
# name 9 = flECO-AFL: Fluorescence, WET Labs ECO-AFL/FL [mg/m^3]
# name 10 = flag:  0.000e+00
# span 0 = 125.509201, 125.511319       
# span 1 =      0.584,     15.553       
# span 2 =    12.0531,    12.1128       
# span 3 =  32.652644,  32.712610       
# span 4 =    27.8818,    27.9241       
# span 5 =      0.579,     15.414       
# span 6 =  276.05988,  276.37828       
# span 7 =  276.16262,  276.47740       
# span 8 =     3.0152,    24.4626       
# span 9 =     2.5666,     4.6450       
# span 10 = 0.0000e+00, 0.0000e+00      
# interval = seconds: 0.25
# start_time = May 05 2022 12:11:28 [Instrument's time stamp, header]
# bad_flag = -9.990e-29
*END*
[from data line 656]
 125.511100     13.620    12.0641  32.696613    27.9229     13.497  276.27281  276.37216    10.4860     3.9091 -9.990e-29
 125.511102     13.647    12.0638  32.696030    27.9225     13.525  276.27514  276.37448    10.6261     3.8282 -9.990e-29
 125.511105     13.667    12.0636  32.696263    27.9229     13.544  276.27566  276.37498    10.3148     3.8565 -9.990e-29
 125.511108     13.685    12.0632  32.697021    27.9239     13.563  276.27615  276.37543    10.2992     3.8767 -9.990e-29
 125.511111     13.707    12.0629  32.697021    27.9241     13.584  276.27741  276.37667    10.4548     3.8606 -9.990e-29
 125.511114     13.723    12.0627  32.696613    27.9239     13.601  276.27910  276.37835    10.2369     3.8889 -9.990e-29
 125.511117     13.745    12.0626  32.696497    27.9238     13.622  276.27964  276.37888    10.1280     3.8646 -9.990e-29
 125.511120     13.775    12.0625  32.696439    27.9241     13.651  276.28038  276.37962    10.1124     3.8848 0.0000e+00
 125.511123     13.805    12.0622  32.696847    27.9238     13.682  276.28090  276.38012    11.2642     3.9819 0.0000e+00
 125.511126     13.831    12.0620  32.695215    27.9241     13.707  276.28453  276.38375    11.2798     3.8929 0.0000e+00
 125.511128     13.862    12.0619  32.696264    27.9240     13.738  276.28325  276.38245    11.2953     3.9333 0.0000e+00
 125.511131     13.891    12.0617  32.696031    27.9240     13.767  276.28463  276.38382    11.3264     3.9010 0.0000e+00
 125.511134     13.918    12.0616  32.695215    27.9234     13.794  276.28645  276.38565    11.2953     3.9819 0.0000e+00
 125.511137     13.946    12.0616  32.695390    27.9233     13.821  276.28615  276.38534    13.7078     4.1557 0.0000e+00
 125.511140     13.973    12.0614  32.695098    27.9234     13.848  276.28763  276.38682    13.7856     4.0749 -9.990e-29
 125.511143     13.993    12.0613  32.695623    27.9239     13.868  276.28731  276.38647    13.6299     4.1679 -9.990e-29
 125.511146     14.010    12.0611  32.693525    27.9220     13.884  276.29210  276.39127    13.4743     4.1153 -9.990e-29
 125.511149     14.026    12.0609  32.694108    27.9227     13.900  276.29197  276.39112    14.5638     4.2285 -9.990e-29
 125.511152     14.046    12.0607  32.693350    27.9221     13.920  276.29399  276.39314    14.6416     4.2285 -9.990e-29
 125.511155     14.066    12.0606  32.693758    27.9224     13.940  276.29388  276.39302    14.5638     4.2002 -9.990e-29
 125.511157     14.094    12.0605  32.693525    27.9224     13.967  276.29464  276.39377    14.5327     4.2528 0.0000e+00
 125.511160     14.125    12.0606  32.693525    27.9223     13.998  276.29404  276.39318    15.5599     4.2043 0.0000e+00
 125.511163     14.154    12.0603  32.691485    27.9214     14.027  276.29935  276.39849    15.7155     4.1881 0.0000e+00
 125.511166     14.188    12.0600  32.692126    27.9206     14.061  276.29944  276.39855    15.5755     4.1638 0.0000e+00
 125.511169     14.225    12.0600  32.690261    27.9207     14.097  276.30319  276.40232    15.6689     4.1800 0.0000e+00
 125.511172     14.252    12.0597  32.691194    27.9207     14.125  276.30243  276.40154    14.2681     4.1962 0.0000e+00
 125.511175     14.281    12.0597  32.692126    27.9207     14.153  276.30075  276.39984    14.2214     4.2285 0.0000e+00
 125.511178     14.309    12.0596  32.691077    27.9212     14.181  276.30331  276.40240    14.0191     4.1800 0.0000e+00
 125.511181     14.334    12.0597  32.690669    27.9207     14.206  276.30376  276.40287    14.0657     4.1517 -9.990e-29
 125.511183     14.351    12.0595  32.691369    27.9210     14.222  276.30311  276.40220    14.0657     4.1557 -9.990e-29
 125.511186     14.371    12.0595  32.690494    27.9202     14.242  276.30504  276.40413    15.4976     4.0304 -9.990e-29
 125.511189     14.389    12.0593  32.691486    27.9213     14.260  276.30386  276.40293    15.7467     4.0910 -9.990e-29
 125.511192     14.413    12.0589  32.691019    27.9211     14.284  276.30659  276.40564    15.4354     4.0627 -9.990e-29
 125.511195     14.437    12.0588  32.690495    27.9207     14.307  276.30819  276.40724    15.5132     4.0425 -9.990e-29
 125.511198     14.464    12.0586  32.690262    27.9211     14.334  276.30957  276.40860    16.4626     4.2043 0.0000e+00
 125.511201     14.493    12.0583  32.690903    27.9214     14.363  276.30935  276.40836    16.4938     4.1800 0.0000e+00
 125.511204     14.524    12.0582  32.691603    27.9218     14.394  276.30871  276.40770    16.7584     4.1962 0.0000e+00
 125.511207     14.555    12.0580  32.691078    27.9218     14.425  276.31062  276.40960    16.4782     4.1638 0.0000e+00
 125.511209     14.588    12.0578  32.690495    27.9214     14.457  276.31264  276.41162    15.0619     4.2407 0.0000e+00
 125.511212     14.615    12.0578  32.689446    27.9209     14.484  276.31458  276.41357    15.3264     4.2771 0.0000e+00
 125.511215     14.643    12.0576  32.690612    27.9204     14.512  276.31309  276.41205    15.1864     4.2488 -9.990e-29
 125.511218     14.668    12.0574  32.691312    27.9224     14.537  276.31276  276.41170    15.1552     4.2488 -9.990e-29
 125.511221     14.687    12.0573  32.690671    27.9219     14.555  276.31456  276.41350    15.8868     4.1032 -9.990e-29
 125.511224     14.701    12.0572  32.691312    27.9226     14.569  276.31371  276.41264    15.7467     4.0627 -9.990e-29
 125.511227     14.716    12.0572  32.690204    27.9216     14.584  276.31606  276.41499    15.8089     3.9900 -9.990e-29
 125.511230     14.736    12.0570  32.690904    27.9223     14.604  276.31541  276.41433    15.9023     4.0142 -9.990e-29
 125.511233     14.758    12.0569  32.690671    27.9221     14.625  276.31617  276.41508    15.7778     4.0749 -9.990e-29
 125.511236     14.785    12.0569  32.690613    27.9222     14.653  276.31660  276.41551    17.2720     4.1881 0.0000e+00
 125.511238     14.818    12.0566  32.690671    27.9221     14.685  276.31776  276.41665    17.3654     4.2204 0.0000e+00
 125.511241     14.858    12.0566  32.690263    27.9221     14.725  276.31854  276.41743    17.3965     4.2568 0.0000e+00
 125.511244     14.889    12.0565  32.690263    27.9221     14.756  276.31918  276.41806    17.2875     4.2245 0.0000e+00
 125.511247     14.922    12.0564  32.690438    27.9222     14.788  276.31919  276.41807    18.8284     4.3701 0.0000e+00
 125.511250     14.955    12.0562  32.690263    27.9222     14.821  276.32016  276.41903    18.8284     4.3862 0.0000e+00
 125.511253     14.980    12.0563  32.689855    27.9220     14.846  276.32061  276.41949    18.8284     4.3862 0.0000e+00
 125.511256     15.008    12.0560  32.690497    27.9218     14.873  276.32070  276.41955    18.7661     4.3660 -9.990e-29
 125.511259     15.032    12.0560  32.688048    27.9202     14.897  276.32520  276.42408    19.9646     4.4267 -9.990e-29
 125.511262     15.052    12.0560  32.689040    27.9212     14.917  276.32340  276.42227    19.9957     4.4186 -9.990e-29
 125.511264     15.070    12.0559  32.689448    27.9217     14.935  276.32328  276.42214    19.8712     4.4550 -9.990e-29
 125.511267     15.088    12.0559  32.689040    27.9213     14.953  276.32404  276.42290    20.0891     4.4388 -9.990e-29
 125.511270     15.112    12.0558  32.689623    27.9219     14.976  276.32361  276.42246    21.1475     4.4469 -9.990e-29
 125.511273     15.132    12.0555  32.688807    27.9214     14.996  276.32605  276.42489    21.9724     4.6450 -9.990e-29
 125.511276     15.163    12.0554  32.688807    27.9214     15.027  276.32670  276.42552    22.0346     4.6167 0.0000e+00
 125.511279     15.190    12.0554  32.688865    27.9214     15.054  276.32661  276.42543    21.8167     4.6369 0.0000e+00
 125.511282     15.218    12.0553  32.689040    27.9216     15.081  276.32662  276.42544    22.0191     4.6248 0.0000e+00
 125.511285     15.252    12.0553  32.689215    27.9216     15.116  276.32663  276.42544    15.9801     4.1355 0.0000e+00
 125.511288     15.280    12.0549  32.687991    27.9214     15.143  276.33045  276.42925    15.9490     4.1194 0.0000e+00
 125.511291     15.307    12.0550  32.688866    27.9209     15.170  276.32855  276.42735    15.8868     4.0830 -9.990e-29
 125.511293     15.331    12.0549  32.688807    27.9217     15.193  276.32898  276.42778    15.7155     4.0910 -9.990e-29
 125.511296     15.351    12.0548  32.689041    27.9220     15.213  276.32919  276.42797    16.1358     4.0870 -9.990e-29
 125.511299     15.362    12.0548  32.687175    27.9202     15.224  276.33262  276.43142    16.2914     4.0991 -9.990e-29
 125.511302     15.380    12.0547  32.689857    27.9228     15.242  276.32803  276.42680    16.2914     4.1436 -9.990e-29
 125.511305     15.393    12.0549  32.688808    27.9217     15.255  276.32934  276.42813    16.0735     4.1355 -9.990e-29
 125.511308     15.418    12.0549  32.690265    27.9230     15.280  276.32637  276.42515    24.4471     4.2811 -9.990e-29
 125.511311     15.442    12.0549  32.690265    27.9231     15.304  276.32639  276.42517    24.4626     4.3215 -9.990e-29
 125.511314     15.477    12.0548  32.690207    27.9231     15.338  276.32714  276.42591    24.4004     4.3013 0.0000e+00
 125.511317     15.509    12.0546  32.690032    27.9230     15.370  276.32811  276.42687    24.4626     4.3296 0.0000e+00
 125.511319     15.553    12.0544  32.688400    27.9216     15.414  276.33237  276.43113    24.4315     4.3175 0.0000e+00
