Processed/SBE19plus_01907321_2022_05_05_Cast28_wfilter.cnv
* Sea-Bird SBE19plus  Data File:
* FileName = E:\Prandtl Daten\2022\CTD\Raw\SBE19plus_01907321_2022_05_05_Cast28.hex
* Software version 2.6.1.12
* Temperature SN = 7321
* Conductivity SN = 7321
* System UpLoad Time = May 05 2022 09:48:23
* <ApplicationData>
* <Seaterm232>
** Messpraktikum 2022
** CTD 05.05 NP4
# nquan = 11
# nvalues = 528                         
# units = specified
# name 0 = timeJ: Julian Days
# name 1 = prdM: Pressure, Strain Gauge [db]
# name 2 = tv290C: Temperature [ITS-90, deg C]
# name 3 = c0mS/cm: Conductivity [mS/cm]
# name 4 = sal00: Salinity, Practical [PSU]
# name 5 = depSM: Depth [salt water, m], lat = 54.00
# name 6 = oxsatMm/Kg: Oxygen Saturation, Weiss [umol/kg]
# name 7 = oxsolMm/Kg: Oxygen Saturation, Garcia & Gordon [umol/kg]
# name 8 = turbWETntu0: Turbidity, WET Labs ECO [NTU]
# name 9 = flECO-AFL: Fluorescence, WET Labs ECO-AFL/FL [mg/m^3]
# name 10 = flag:  0.000e+00
# span 0 = 125.403993, 125.405518       
# span 1 =      0.674,     13.977       
# span 2 =    11.4737,    11.8811       
# span 3 =  31.715167,  32.353774       
# span 4 =    27.3578,    27.7439       
# span 5 =      0.668,     13.851       
# span 6 =  277.72231,  280.69050       
# span 7 =  277.81241,  280.75880       
# span 8 =     4.9762,    62.2369       
# span 9 =     3.8848,    11.3009       
# span 10 = 0.0000e+00, 0.0000e+00      
# interval = seconds: 0.25
# start_time = May 05 2022 09:40:33 [Instrument's time stamp, header]
# bad_flag = -9.990e-29
*END*
[from data line 394]
 125.405133     10.743    11.7326  32.170227    27.6718     10.647  278.73029  278.81178    18.0346     6.8084 -9.990e-29
 125.405136     10.767    11.7347  32.191200    27.6902     10.671  278.68152  278.76292    18.0191     6.8003 -9.990e-29
 125.405139     10.790    11.7431  32.202731    27.6857     10.694  278.62189  278.70377    16.8517     7.2047 -9.990e-29
 125.405142     10.818    11.7525  32.200470    27.6932     10.721  278.58390  278.66648    16.7895     7.2047 0.0000e+00
 125.405145     10.845    11.7581  32.220698    27.7008     10.748  278.52093  278.60369    16.8206     7.1966 0.0000e+00
 125.405148     10.873    11.7660  32.233219    27.7068     10.775  278.46170  278.54489    16.9296     7.1763 0.0000e+00
 125.405150     10.906    11.7764  32.243132    27.7085     10.808  278.39671  278.48053    16.8206     7.1844 0.0000e+00
 125.405153     10.932    11.7855  32.262732    27.7098     10.834  278.31904  278.40329    19.2953     6.6021 0.0000e+00
 125.405156     10.962    11.7948  32.258903    27.7098     10.864  278.28430  278.36927    19.2953     6.5819 0.0000e+00
 125.405159     10.988    11.8002  32.262962    27.7097     10.890  278.25209  278.33740    19.3887     6.6062 0.0000e+00
 125.405162     11.013    11.8047  32.274446    27.7095     10.915  278.21079  278.29629    19.3109     6.5981 -9.990e-29
 125.405165     11.035    11.8106  32.278738    27.7168     10.936  278.17628  278.26215    19.5910     6.6628 -9.990e-29
 125.405168     11.051    11.8151  32.274097    27.7090     10.953  278.16428  278.25054    19.5132     6.6628 -9.990e-29
 125.405171     11.074    11.8167  32.287671    27.7208     10.974  278.13223  278.21844    19.5755     6.6466 -9.990e-29
 125.405174     11.101    11.8210  32.307746    27.7366     11.002  278.07532  278.16162    19.5288     6.6385 -9.990e-29
 125.405177     11.124    11.8294  32.300434    27.7129     11.025  278.05142  278.13841    23.5288     7.4311 -9.990e-29
 125.405179     11.152    11.8328  32.292021    27.7158     11.052  278.05174  278.13906    23.3731     7.4634 0.0000e+00
 125.405182     11.177    11.8316  32.297185    27.7186     11.077  278.04718  278.13436    23.4198     7.4432 0.0000e+00
 125.405185     11.209    11.8310  32.309776    27.7310     11.108  278.02666  278.11366    23.3887     7.4392 0.0000e+00
 125.405188     11.238    11.8345  32.314244    27.7310     11.137  278.00278  278.08998    21.6922     7.0833 0.0000e+00
 125.405191     11.263    11.8384  32.313025    27.7287     11.163  277.98726  278.07475    21.7856     7.0550 0.0000e+00
 125.405194     11.294    11.8405  32.314824    27.7287     11.193  277.97458  278.06220    21.7700     7.0146 0.0000e+00
 125.405197     11.327    11.8428  32.320163    27.7304     11.225  277.95440  278.04213    21.7389     7.0146 0.0000e+00
 125.405200     11.357    11.8457  32.322543    27.7321     11.255  277.93721  278.02512    21.7856     7.0469 -9.990e-29
 125.405203     11.380    11.8475  32.315404    27.7241     11.279  277.94234  278.03045    21.8012     6.9701 -9.990e-29
 125.405205     11.402    11.8467  32.311574    27.7210     11.300  277.95288  278.04099    21.7233     6.9459 -9.990e-29
 125.405208     11.422    11.8450  32.308731    27.7195     11.320  277.96566  278.05368    21.8478     6.9782 -9.990e-29
 125.405211     11.444    11.8429  32.308557    27.7210     11.342  277.97568  278.06354    21.7700     6.9823 -9.990e-29
 125.405214     11.468    11.8418  32.313026    27.7260     11.365  277.97241  278.06015    19.9490     7.9608 -9.990e-29
 125.405217     11.492    11.8427  32.312794    27.7251     11.389  277.96880  278.05660    20.1358     7.9527 -9.990e-29
 125.405220     11.517    11.8443  32.314999    27.7231     11.414  277.95755  278.04544    20.0891     7.9649 -9.990e-29
 125.405223     11.545    11.8453  32.312793    27.7242     11.441  277.95697  278.04496    20.0891     8.0134 0.0000e+00
 125.405226     11.570    11.8449  32.314825    27.7254     11.466  277.95510  278.04303    20.3692     7.6858 0.0000e+00
 125.405229     11.595    11.8446  32.315231    27.7258     11.492  277.95561  278.04352    20.2447     7.7142 0.0000e+00
 125.405231     11.623    11.8452  32.315521    27.7260     11.519  277.95228  278.04024    20.2447     7.6858 0.0000e+00
 125.405234     11.654    11.8457  32.319294    27.7290     11.549  277.94313  278.03107    20.2292     7.6899 0.0000e+00
 125.405237     11.683    11.8471  32.321731    27.7296     11.578  277.93239  278.02041    22.2992     7.1723 0.0000e+00
 125.405240     11.714    11.8486  32.320280    27.7302     11.609  277.92823  278.01637    22.2525     6.8650 -9.990e-29
 125.405243     11.734    11.8492  32.319700    27.7267     11.629  277.92682  278.01501    22.2992     6.8731 -9.990e-29
 125.405246     11.756    11.8490  32.321325    27.7284     11.650  277.92476  278.01292    22.2836     6.8488 -9.990e-29
 125.405249     11.777    11.8492  32.321731    27.7286     11.672  277.92308  278.01125    22.2836     6.8488 -9.990e-29
 125.405252     11.797    11.8497  32.323530    27.7299     11.692  277.91727  278.00545    22.4704     7.1440 -9.990e-29
 125.405255     11.821    11.8506  32.332469    27.7383     11.715  277.89667  277.98482    22.4393     7.0995 -9.990e-29
 125.405258     11.852    11.8536  32.335313    27.7401     11.746  277.87831  277.96664    22.4704     7.1238 0.0000e+00
 125.405260     11.881    11.8567  32.341582    27.7386     11.775  277.85267  277.94115    22.5327     7.1359 0.0000e+00
 125.405263     11.912    11.8598  32.340595    27.7386     11.805  277.84047  277.92919    22.9529     6.9903 0.0000e+00
 125.405266     11.940    11.8618  32.336821    27.7335     11.833  277.83842  277.92733    23.0152     6.9863 0.0000e+00
 125.405269     11.969    11.8621  32.336357    27.7335     11.861  277.83805  277.92698    23.0307     7.0227 0.0000e+00
 125.405272     11.998    11.8616  32.338563    27.7341     11.890  277.83617  277.92504    23.0463     6.9863 0.0000e+00
 125.405275     12.023    11.8618  32.336938    27.7353     11.916  277.83858  277.92748    24.2914     7.3057 -9.990e-29
 125.405278     12.045    11.8617  32.334732    27.7316     11.937  277.84299  277.93191    24.2292     7.2936 -9.990e-29
 125.405281     12.067    11.8605  32.335835    27.7335     11.959  277.84627  277.93509    24.2914     7.3300 -9.990e-29
 125.405284     12.085    11.8599  32.336706    27.7347     11.977  277.84717  277.93594    24.3226     7.3260 -9.990e-29
 125.405286     12.105    11.8604  32.338738    27.7363     11.997  277.84123  277.93002    25.8012     7.3138 -9.990e-29
 125.405289     12.135    11.8615  32.345240    27.7416     12.026  277.82422  277.91301    29.3031     8.0457 -9.990e-29
 125.405292     12.158    11.8641  32.350116    27.7439     12.050  277.80366  277.89258    29.3654     8.0134 -9.990e-29
 125.405295     12.188    11.8676  32.352380    27.7415     12.079  277.78388  277.87303    29.1941     8.0134 0.0000e+00
 125.405298     12.220    11.8707  32.349767    27.7391     12.111  277.77469  277.86409    29.3342     8.0053 0.0000e+00
 125.405301     12.250    11.8720  32.348490    27.7369     12.140  277.77115  277.86065    27.4665     7.7627 0.0000e+00
 125.405304     12.275    11.8715  32.346284    27.7360     12.165  277.77743  277.86693    27.3887     7.7748 0.0000e+00
 125.405307     12.303    11.8702  32.346458    27.7351     12.192  277.78337  277.87277    27.3576     7.7586 -9.990e-29
 125.405310     12.328    11.8693  32.349942    27.7407     12.218  277.78069  277.86999    27.3887     7.7708 -9.990e-29
 125.405312     12.360    11.8697  32.350755    27.7407     12.249  277.77733  277.86665    28.5249     8.0296 0.0000e+00
 125.405315     12.385    11.8708  32.349768    27.7407     12.274  277.77450  277.86390    28.4938     8.0255 -9.990e-29
 125.405318     12.407    11.8720  32.349710    27.7380     12.296  277.76931  277.85880    28.7117     8.0376 -9.990e-29
 125.405321     12.422    11.8723  32.351335    27.7393     12.310  277.76475  277.85425    28.7117     8.0296 -9.990e-29
 125.405324     12.438    11.8735  32.351161    27.7383     12.327  277.75978  277.84936    29.3342     8.3005 -9.990e-29
 125.405327     12.462    11.8738  32.350929    27.7378     12.351  277.75898  277.84858    29.3498     8.2681 -9.990e-29
 125.405330     12.486    11.8738  32.352845    27.7388     12.374  277.75545  277.84503    29.3654     8.2762 -9.990e-29
 125.405333     12.515    11.8743  32.352380    27.7383     12.403  277.75383  277.84346    29.3031     8.2883 0.0000e+00
 125.405336     12.549    11.8762  32.352787    27.7377     12.437  277.74468  277.83443    29.3031     8.2600 0.0000e+00
 125.405339     12.580    11.8770  32.351742    27.7362     12.468  277.74320  277.83302    28.7895     8.0174 0.0000e+00
 125.405341     12.611    11.8765  32.350929    27.7362     12.498  277.74660  277.83640    28.7584     8.0093 0.0000e+00
 125.405344     12.642    11.8762  32.352148    27.7371     12.529  277.74592  277.83569    28.8517     8.0012 0.0000e+00
 125.405347     12.670    11.8759  32.353426    27.7385     12.556  277.74483  277.83456    28.7895     8.0215 0.0000e+00
 125.405350     12.701    11.8764  32.353774    27.7385     12.587  277.74202  277.83178    31.2019     8.2964 0.0000e+00
 125.405353     12.728    11.8771  32.351161    27.7385     12.614  277.74375  277.83359    31.3576     8.2641 -9.990e-29
 125.405356     12.748    11.8772  32.352149    27.7363     12.634  277.74131  277.83115    31.2642     8.2762 -9.990e-29
 125.405359     12.768    11.8772  32.352381    27.7365     12.653  277.74090  277.83074    31.2642     8.2964 -9.990e-29
 125.405362     12.784    11.8772  32.351974    27.7362     12.669  277.74197  277.83181    29.3342     8.1711 -9.990e-29
 125.405365     12.800    11.8771  32.351278    27.7371     12.686  277.74358  277.83343    29.3031     8.1670 -9.990e-29
 125.405367     12.826    11.8766  32.352555    27.7371     12.711  277.74342  277.83322    29.3342     8.1306 0.0000e+00
 125.405370     12.853    11.8768  32.352555    27.7370     12.738  277.74251  277.83231    29.2564     8.1306 0.0000e+00
 125.405373     12.880    11.8769  32.352149    27.7365     12.765  277.74297  277.83278    27.8868     8.2115 0.0000e+00
 125.405376     12.909    11.8770  32.351568    27.7359     12.794  277.74375  277.83358    27.9646     8.2075 0.0000e+00
 125.405379     12.944    11.8770  32.351104    27.7354     12.828  277.74432  277.83416    27.9646     8.2156 0.0000e+00
 125.405382     12.975    11.8772  32.350349    27.7351     12.858  277.74511  277.83497    27.9646     8.1994 0.0000e+00
 125.405385     13.007    11.8766  32.350524    27.7351     12.891  277.74731  277.83712    27.9490     8.2277 0.0000e+00
 125.405388     13.037    11.8763  32.351163    27.7356     12.920  277.74771  277.83749    27.2331     7.6858 0.0000e+00
 125.405391     13.064    11.8761  32.351743    27.7360     12.947  277.74728  277.83705    27.1552     7.6818 -9.990e-29
 125.405394     13.088    11.8761  32.352150    27.7371     12.971  277.74685  277.83661    27.2642     7.7061 -9.990e-29
 125.405396     13.106    11.8760  32.351685    27.7367     12.989  277.74804  277.83780    27.1552     7.6616 -9.990e-29
 125.405399     13.121    11.8758  32.351976    27.7370     13.003  277.74814  277.83788    25.3654     7.9123 -9.990e-29
 125.405402     13.141    11.8759  32.351569    27.7366     13.023  277.74859  277.83834    25.1008     7.9568 -9.990e-29
 125.405405     13.158    11.8761  32.351976    27.7368     13.040  277.74691  277.83668    25.1319     7.9446 -9.990e-29
 125.405408     13.180    11.8762  32.352382    27.7361     13.062  277.74586  277.83563    25.2564     7.9285 -9.990e-29
 125.405411     13.207    11.8765  32.351569    27.7363     13.089  277.74583  277.83563    24.2914     8.6361 0.0000e+00
 125.405414     13.234    11.8769  32.352266    27.7361     13.116  277.74300  277.83281    24.2603     8.6038 0.0000e+00
 125.405417     13.267    11.8770  32.351337    27.7362     13.148  277.74442  277.83426    24.1513     8.6361 0.0000e+00
 125.405420     13.304    11.8769  32.351976    27.7362     13.185  277.74358  277.83340    24.1980     8.5997 0.0000e+00
 125.405422     13.333    11.8766  32.351976    27.7362     13.214  277.74485  277.83465    27.3109     8.6644 0.0000e+00
 125.405425     13.366    11.8764  32.351164    27.7364     13.246  277.74731  277.83711    27.5288     8.6563 0.0000e+00
 125.405428     13.399    11.8761  32.351686    27.7361     13.279  277.74762  277.83739    27.4354     8.6604 0.0000e+00
 125.405431     13.428    11.8758  32.350757    27.7364     13.308  277.75060  277.84036    27.4665     8.6765 -9.990e-29
 125.405434     13.448    11.8754  32.349538    27.7349     13.328  277.75475  277.84449    27.4821     8.6846 -9.990e-29
 125.405437     13.467    11.8753  32.350932    27.7363     13.346  277.75281  277.84252    30.8595     9.0849 -9.990e-29
 125.405440     13.483    11.8753  32.350119    27.7356     13.362  277.75432  277.84405    30.9218     9.0849 -9.990e-29
 125.405443     13.503    11.8752  32.350525    27.7349     13.382  277.75390  277.84361    30.9685     9.1011 -9.990e-29
 125.405446     13.529    11.8752  32.349364    27.7351     13.407  277.75637  277.84610    30.7506     9.1213 0.0000e+00
 125.405448     13.554    11.8753  32.349945    27.7354     13.433  277.75469  277.84442    32.7584    10.1969 0.0000e+00
 125.405451     13.589    11.8751  32.350119    27.7355     13.467  277.75533  277.84504    32.8206    10.2293 0.0000e+00
 125.405454     13.622    11.8754  32.350119    27.7355     13.500  277.75411  277.84384    32.7428    10.1969 0.0000e+00
 125.405457     13.653    11.8752  32.349539    27.7353     13.531  277.75614  277.84586    32.7739    10.1646 0.0000e+00
 125.405460     13.678    11.8749  32.349771    27.7350     13.556  277.75697  277.84668    38.8128     9.8735 -9.990e-29
 125.405463     13.702    11.8749  32.349539    27.7352     13.579  277.75742  277.84712    38.7661     9.8856 -9.990e-29
 125.405466     13.726    11.8749  32.350526    27.7362     13.603  277.75561  277.84530    38.7350     9.8654 -9.990e-29
 125.405469     13.748    11.8747  32.350352    27.7361     13.625  277.75657  277.84626    38.7506     9.8977 -9.990e-29
 125.405472     13.770    11.8747  32.349133    27.7349     13.646  277.75884  277.84854    34.7194    10.2253 -9.990e-29
 125.405475     13.790    11.8746  32.349133    27.7350     13.666  277.75948  277.84917    34.8595    10.2293 -9.990e-29
 125.405477     13.813    11.8745  32.349540    27.7355     13.690  277.75906  277.84874    34.7039    10.2131 -9.990e-29
 125.405480     13.834    11.8746  32.349307    27.7363     13.710  277.75919  277.84888    34.6883    10.2172 -9.990e-29
 125.405483     13.863    11.8749  32.350759    27.7363     13.738  277.75528  277.84497    34.8284    10.1969 0.0000e+00
 125.405486     13.890    11.8754  32.349540    27.7363     13.766  277.75536  277.84511    40.6650    10.1969 -9.990e-29
 125.405489     13.913    11.8759  32.349307    27.7349     13.789  277.75331  277.84310    40.6650    10.1969 -9.990e-29
 125.405492     13.943    11.8757  32.349946    27.7349     13.818  277.75309  277.84285    40.7584    10.1969 0.0000e+00
 125.405495     13.968    11.8756  32.350527    27.7349     13.843  277.75266  277.84240    40.8673    10.2293 -9.990e-29
 125.405498     13.968    11.8762  32.351572    27.7361     13.843  277.74791  277.83769    45.2408    10.2091 -9.990e-29
 125.405501     13.970    11.8778  32.352791    27.7361     13.845  277.73848  277.82836    45.4587    10.2050 -9.990e-29
 125.405503     13.972    11.8788  32.352384    27.7349     13.847  277.73486  277.82481    45.3809    10.2172 -9.990e-29
 125.405506     13.972    11.8797  32.353371    27.7352     13.846  277.72898  277.81898    45.3031    10.2050 -9.990e-29
