Processed/SBE19plus_01907321_2022_05_07_Cast69_wfilter.cnv
* Sea-Bird SBE19plus  Data File:
* FileName = E:\Prandtl Daten\2022\CTD\Raw\SBE19plus_01907321_2022_05_07_Cast69.hex
* Software version 2.6.1.12
* Temperature SN = 7321
* Conductivity SN = 7321
* System UpLoad Time = May 07 2022 11:30:14
* <ApplicationData>
* <Seaterm232>
** Messpraktikum 2022
** CTD 07.05 MP1
** NMEA Latitude = 54 09.612 N
** NMEA Longitude = 008 41.865 E
# nquan = 11
# nvalues = 231                         
# units = specified
# name 0 = timeJ: Julian Days
# name 1 = prdM: Pressure, Strain Gauge [db]
# name 2 = tv290C: Temperature [ITS-90, deg C]
# name 3 = c0mS/cm: Conductivity [mS/cm]
# name 4 = sal00: Salinity, Practical [PSU]
# name 5 = depSM: Depth [salt water, m], lat = 54.00
# name 6 = oxsatMm/Kg: Oxygen Saturation, Weiss [umol/kg]
# name 7 = oxsolMm/Kg: Oxygen Saturation, Garcia & Gordon [umol/kg]
# name 8 = turbWETntu0: Turbidity, WET Labs ECO [NTU]
# name 9 = flECO-AFL: Fluorescence, WET Labs ECO-AFL/FL [mg/m^3]
# name 10 = flag:  0.000e+00
# span 0 = 127.474308, 127.474974       
# span 1 =      0.607,      6.820       
# span 2 =    12.8146,    13.1356       
# span 3 =  31.934067,  32.366627       
# span 4 =    26.6683,    26.8419       
# span 5 =      0.602,      6.759       
# span 6 =  272.13885,  274.29904       
# span 7 =  272.31281,  274.45669       
# span 8 =    25.0229,    48.1358       
# span 9 =    10.3789,    12.9871       
# span 10 = 0.0000e+00, 0.0000e+00      
# interval = seconds: 0.25
# start_time = May 07 2022 11:21:31 [Instrument's time stamp, header]
# bad_flag = -9.990e-29
*END*
 127.474308      0.607    12.8352  31.963410    26.6834      0.602  274.15960  274.31823    29.7233    11.6122 0.0000e+00
 127.474311      0.650    12.8355  31.968264    26.6855      0.644  274.14946  274.30807    29.8323    11.5677 0.0000e+00
 127.474314      0.684    12.8370  31.968669    26.6876      0.678  274.14210  274.30081    29.9257    11.5111 -9.990e-29
 127.474317      0.703    12.8385  31.970864    26.6880      0.696  274.13189  274.29066    29.6922    11.5273 -9.990e-29
 127.474320      0.715    12.8395  31.975430    26.6914      0.709  274.11907  274.27787    31.0930    11.7699 -9.990e-29
 127.474323      0.736    12.8416  31.981556    26.6956      0.729  274.09907  274.25794    31.1241    11.8427 -9.990e-29
 127.474326      0.756    12.8446  31.990284    26.7015      0.749  274.07034  274.22933    31.0774    11.8387 -9.990e-29
 127.474329      0.774    12.8489  31.998897    26.7083      0.767  274.03611  274.19529    30.9685    11.7740 -9.990e-29
 127.474332      0.801    12.8539  32.004736    26.7064      0.794  274.00361  274.16306    32.2603    11.2200 0.0000e+00
 127.474334      0.836    12.8583  32.003926    26.7044      0.828  273.98570  274.14543    32.4938    11.1998 0.0000e+00
 127.474337      0.873    12.8612  32.004330    26.7044      0.865  273.97199  274.13191    32.3070    11.2604 0.0000e+00
 127.474340      0.900    12.8628  32.015374    26.7118      0.892  273.94556  274.10548    32.2914    11.2362 0.0000e+00
 127.474343      0.931    12.8668  32.027170    26.7159      0.922  273.90733  274.06740    32.4938    11.2281 0.0000e+00
 127.474346      0.958    12.8727  32.028615    26.7199      0.949  273.87847  274.03890    28.0580    10.5690 -9.990e-29
 127.474349      0.972    12.8770  32.031796    26.7169      0.964  273.85383  274.01451    27.9179    10.5770 -9.990e-29
 127.474352      0.987    12.8806  32.034629    26.7169      0.978  273.83299  273.99386    27.9490    10.5932 -9.990e-29
 127.474355      1.002    12.8831  32.030002    26.7110      0.993  273.83035  273.99143    27.7934    10.5892 -9.990e-29
 127.474358      1.025    12.8835  32.026417    26.7055      1.016  273.83478  273.99592    26.7973    10.9733 -9.990e-29
 127.474361      1.053    12.8819  32.023179    26.7061      1.043  273.84748  274.00855    26.9062    10.9935 0.0000e+00
 127.474363      1.089    12.8800  32.022948    26.7055      1.079  273.85616  274.01712    26.9218    10.9572 0.0000e+00
 127.474366      1.131    12.8785  32.017743    26.7028      1.121  273.87202  274.03293    26.8906    10.9693 0.0000e+00
 127.474369      1.171    12.8766  32.013754    26.7017      1.160  273.88765  274.04846    28.2292    10.4072 0.0000e+00
 127.474372      1.211    12.8740  32.005544    26.7005      1.200  273.91356  274.07429    28.0891    10.3789 -9.990e-29
 127.474375      1.236    12.8705  31.995485    26.6879      1.225  273.94686  274.10746    28.1825    10.4032 -9.990e-29
 127.474378      1.255    12.8658  31.998492    26.6940      1.243  273.96253  274.12280    28.2292    10.4193 -9.990e-29
 127.474381      1.269    12.8630  32.000111    26.6974      1.258  273.97175  274.13183    28.1669    11.0218 -9.990e-29
 127.474384      1.289    12.8623  31.989706    26.6884      1.278  273.99360  274.15372    28.0268    11.0340 -9.990e-29
 127.474387      1.306    12.8592  31.984851    26.6860      1.294  274.01551  274.17548    28.3226    11.0380 -9.990e-29
 127.474389      1.326    12.8556  31.982135    26.6861      1.314  274.03650  274.19627    28.3381    11.0259 -9.990e-29
 127.474392      1.353    12.8521  31.979476    26.6851      1.341  274.05677  274.21634    28.2759    11.0663 0.0000e+00
 127.474395      1.393    12.8497  31.975431    26.6861      1.381  274.07441  274.23387    29.7700    11.0542 0.0000e+00
 127.474398      1.435    12.8474  31.977859    26.6878      1.423  274.08032  274.23960    29.5210    11.0299 0.0000e+00
 127.474401      1.474    12.8462  31.979246    26.6900      1.461  274.08329  274.24249    29.5054    11.0340 0.0000e+00
 127.474404      1.508    12.8461  31.984275    26.6923      1.495  274.07476  274.23391    29.5054    11.0582 0.0000e+00
 127.474407      1.543    12.8478  31.993697    26.6946      1.529  274.05054  274.20971    25.1630    10.5164 -9.990e-29
 127.474410      1.567    12.8518  31.996124    26.7016      1.553  274.02881  274.18821    25.1008    10.5164 -9.990e-29
 127.474413      1.578    12.8549  31.995893    26.6992      1.564  274.01558  274.17517    25.3342    10.5043 -9.990e-29
 127.474416      1.587    12.8564  31.993291    26.6957      1.573  274.01319  274.17291    25.0229    10.5447 -9.990e-29
 127.474418      1.598    12.8568  31.989072    26.6915      1.584  274.01905  274.17883    27.8245    10.7590 -9.990e-29
 127.474421      1.618    12.8556  31.983060    26.6868      1.604  274.03506  274.19482    28.0113    10.8197 -9.990e-29
 127.474424      1.642    12.8526  31.974854    26.6752      1.627  274.06257  274.22222    28.0268    10.7550 -9.990e-29
 127.474427      1.673    12.8486  31.965145    26.6763      1.658  274.09750  274.25699    27.9490    10.7873 0.0000e+00
 127.474430      1.708    12.8429  31.963239    26.6774      1.692  274.12630  274.28543    28.1358    10.9046 0.0000e+00
 127.474433      1.746    12.8387  31.962257    26.6795      1.730  274.14648  274.30536    28.1669    10.8682 0.0000e+00
 127.474436      1.788    12.8364  31.962258    26.6806      1.772  274.15667  274.31540    28.2292    10.8965 0.0000e+00
 127.474439      1.819    12.8350  31.960640    26.6806      1.802  274.16590  274.32455    28.1980    10.9005 0.0000e+00
 127.474442      1.846    12.8339  31.958849    26.6806      1.830  274.17416  274.33276    28.0580    10.9005 0.0000e+00
 127.474444      1.875    12.8329  31.960236    26.6807      1.859  274.17586  274.33439    27.9646    11.0623 0.0000e+00
 127.474447      1.901    12.8324  31.961854    26.6816      1.884  274.17524  274.33372    27.8712    11.1270 -9.990e-29
 127.474450      1.917    12.8327  31.964050    26.6853      1.900  274.17011  274.32858    27.9023    11.1593 -9.990e-29
 127.474453      1.938    12.8335  31.965437    26.6860      1.920  274.16418  274.32269    27.7467    11.0946 -9.990e-29
 127.474456      1.958    12.8347  31.970638    26.6899      1.940  274.14961  274.30815    27.2331    10.6377 -9.990e-29
 127.474459      1.989    12.8371  31.976879    26.6940      1.971  274.12813  274.28677    27.2331    10.5932 -9.990e-29
 127.474462      2.014    12.8399  31.975434    26.6893      1.996  274.11831  274.27714    27.4354    10.5730 -9.990e-29
 127.474465      2.045    12.8413  31.975029    26.6892      2.027  274.11270  274.27162    27.4821    10.5892 0.0000e+00
 127.474468      2.076    12.8422  31.975434    26.6892      2.057  274.10819  274.26717    27.0619    10.5528 0.0000e+00
 127.474470      2.109    12.8425  31.974047    26.6891      2.090  274.10907  274.26808    27.2953    10.5204 -9.990e-29
 127.474473      2.134    12.8424  31.970233    26.6841      2.115  274.11646  274.27549    27.2953    10.5124 -9.990e-29
 127.474476      2.160    12.8411  31.964454    26.6797      2.140  274.13239  274.29140    27.1552    10.5164 -9.990e-29
 127.474479      2.185    12.8385  31.958040    26.6752      2.166  274.15516  274.31406    26.8440    10.4962 -9.990e-29
 127.474482      2.216    12.8353  31.955210    26.6754      2.197  274.17447  274.33320    26.8128    10.4638 0.0000e+00
 127.474485      2.247    12.8320  31.953246    26.6754      2.227  274.19257  274.35110    26.9685    10.4436 0.0000e+00
 127.474488      2.275    12.8296  31.950010    26.6757      2.254  274.20879  274.36720    27.0619    10.4477 -9.990e-29
 127.474491      2.299    12.8273  31.947642    26.6739      2.278  274.22347  274.38175    27.0307    10.4921 -9.990e-29
 127.474494      2.313    12.8253  31.947007    26.6747      2.292  274.23350  274.39165    28.3226    11.0097 -9.990e-29
 127.474497      2.338    12.8238  31.945043    26.6739      2.318  274.24365  274.40173    28.6027    10.9491 -9.990e-29
 127.474499      2.362    12.8225  31.937995    26.6683      2.341  274.26184  274.41990    28.6650    11.0057 -9.990e-29
 127.474502      2.384    12.8197  31.934067    26.6688      2.363  274.28118  274.43910    28.6650    10.9612 -9.990e-29
 127.474505      2.415    12.8171  31.934414    26.6694      2.393  274.29203  274.44978    30.0346    11.3413 0.0000e+00
 127.474508      2.451    12.8155  31.934414    26.6699      2.430  274.29904  274.45669    30.0346    11.3898 0.0000e+00
 127.474511      2.481    12.8146  31.937245    26.6731      2.458  274.29819  274.45575    30.0346    11.3777 0.0000e+00
 127.474514      2.510    12.8147  31.939845    26.6754      2.488  274.29298  274.45053    29.9724    11.3373 0.0000e+00
 127.474517      2.546    12.8157  31.942213    26.6769      2.524  274.28437  274.44196    33.2564    11.7618 0.0000e+00
 127.474520      2.576    12.8171  31.945853    26.6781      2.553  274.27192  274.42956    33.2253    11.7174 0.0000e+00
 127.474523      2.607    12.8190  31.953826    26.6793      2.583  274.24927  274.40697    33.1941    11.7659 -9.990e-29
 127.474525      2.632    12.8224  31.961222    26.6897      2.609  274.22130  274.37914    33.1941    11.7133 -9.990e-29
 127.474528      2.656    12.8271  31.975033    26.6991      2.632  274.17596  274.33397    34.6883    12.5261 -9.990e-29
 127.474531      2.678    12.8336  31.978269    26.6975      2.654  274.14168  274.30008    34.4082    12.5059 -9.990e-29
 127.474534      2.698    12.8394  31.999713    26.7132      2.674  274.07813  274.23670    34.2058    12.5261 -9.990e-29
 127.474537      2.718    12.8488  32.021163    26.7264      2.693  273.99872  274.15769    34.3303    12.5301 -9.990e-29
 127.474540      2.741    12.8606  32.022955    26.7197      2.717  273.94322  274.10293    34.4704    12.5908 -9.990e-29
 127.474543      2.765    12.8687  32.041750    26.7346      2.740  273.87425  274.03431    33.6144    11.7537 -9.990e-29
 127.474546      2.796    12.8781  32.052508    26.7323      2.771  273.81376  273.97432    33.4899    11.7295 0.0000e+00
 127.474549      2.833    12.8884  32.055284    26.7344      2.808  273.76354  273.92473    33.5833    11.7457 0.0000e+00
 127.474552      2.862    12.8962  32.066160    26.7344      2.836  273.70984  273.87143    33.5054    11.7376 0.0000e+00
 127.474554      2.895    12.9028  32.077385    26.7401      2.869  273.66094  273.82284    32.4004    11.6850 0.0000e+00
 127.474557      2.924    12.9099  32.095093    26.7458      2.898  273.59842  273.76062    32.2914    11.7133 0.0000e+00
 127.474560      2.953    12.9191  32.103369    26.7514      2.927  273.54331  273.70602    32.5249    11.6527 -9.990e-29
 127.474563      2.977    12.9274  32.104989    26.7481      2.950  273.50370  273.66693    32.7428    11.6810 -9.990e-29
 127.474566      2.999    12.9329  32.103946    26.7433      2.972  273.48145  273.64503    33.5521    11.8427 -9.990e-29
 127.474569      3.023    12.9351  32.106841    26.7444      2.996  273.46656  273.63025    33.5366    11.8629 -9.990e-29
 127.474572      3.039    12.9377  32.106782    26.7425      3.012  273.45526  273.61912    33.5366    11.8791 -9.990e-29
 127.474575      3.063    12.9394  32.104756    26.7394      3.035  273.45154  273.61552    33.3654    11.8710 -9.990e-29
 127.474578      3.088    12.9389  32.104756    26.7377      3.061  273.45377  273.61773    30.0502    11.8953 -9.990e-29
 127.474580      3.116    12.9382  32.101978    26.7358      3.088  273.46184  273.62577    30.0813    11.4020 0.0000e+00
 127.474583      3.152    12.9370  32.096943    26.7339      3.124  273.47578  273.63969    29.9412    11.4666 0.0000e+00
 127.474586      3.185    12.9348  32.091097    26.7301      3.157  273.49590  273.65971    29.8790    11.4262 0.0000e+00
 127.474589      3.218    12.9313  32.085253    26.7291      3.189  273.52172  273.68537    30.2681    11.4100 0.0000e+00
 127.474592      3.247    12.9272  32.084269    26.7289      3.218  273.54123  273.70463    28.1513    11.0704 0.0000e+00
 127.474595      3.276    12.9249  32.082302    26.7289      3.247  273.55517  273.71844    27.9957    11.0259 0.0000e+00
 127.474598      3.302    12.9233  32.077384    26.7272      3.272  273.57081  273.73402    28.1980    11.0946 0.0000e+00
 127.474601      3.331    12.9209  32.071598    26.7255      3.301  273.59146  273.75458    28.0891    11.0582 -9.990e-29
 127.474604      3.355    12.9177  32.067953    26.7207      3.325  273.61184  273.77479    28.4004    11.3332 -9.990e-29
 127.474606      3.375    12.9146  32.069342    26.7242      3.345  273.62337  273.78611    28.3070    11.2726 -9.990e-29
 127.474609      3.400    12.9130  32.063325    26.7198      3.370  273.64095  273.80363    28.4626    11.2766 -9.990e-29
 127.474612      3.420    12.9108  32.055110    26.7090      3.389  273.66524  273.82786    28.4159    11.3130 -9.990e-29
 127.474615      3.447    12.9070  32.047070    26.7115      3.417  273.69590  273.85835    26.5327    11.3575 0.0000e+00
 127.474618      3.473    12.9029  32.049500    26.7141      3.442  273.70972  273.87190    26.5482    11.3777 0.0000e+00
 127.474621      3.506    12.9003  32.048690    26.7141      3.475  273.72291  273.88492    26.6416    11.3777 0.0000e+00
 127.474624      3.533    12.8988  32.037122    26.7056      3.502  273.74994  273.91197    26.4548    11.3656 0.0000e+00
 127.474627      3.564    12.8952  32.032785    26.7041      3.533  273.77347  273.93530    26.5482    11.3898 0.0000e+00
 127.474630      3.593    12.8910  32.022549    26.6976      3.561  273.80991  273.97157    28.9451    11.7942 0.0000e+00
 127.474633      3.621    12.8858  32.006707    26.6882      3.588  273.86099  274.02247    29.3654    11.8387 0.0000e+00
 127.474635      3.650    12.8779  32.002314    26.6874      3.617  273.90368  274.06469    28.9607    11.7901 0.0000e+00
 127.474638      3.681    12.8709  31.993701    26.6882      3.648  273.94967  274.11032    29.0696    11.8508 -9.990e-29
 127.474641      3.705    12.8651  31.993470    26.6890      3.671  273.97581  274.13609    34.1747    12.1015 -9.990e-29
 127.474644      3.730    12.8611  31.992488    26.6909      3.697  273.99534  274.15538    34.2992    12.0408 -9.990e-29
 127.474647      3.750    12.8592  32.004339    26.7031      3.717  273.98272  274.14252    34.2058    12.0692 -9.990e-29
 127.474650      3.772    12.8614  32.020355    26.7164      3.738  273.94497  274.10476    34.1903    12.0489 -9.990e-29
 127.474653      3.794    12.8682  32.035622    26.7343      3.760  273.88793  274.04802    33.2564    11.7740 -9.990e-29
 127.474656      3.820    12.8774  32.052049    26.7381      3.785  273.81840  273.97892    33.2408    11.8104 0.0000e+00
 127.474659      3.849    12.8874  32.067784    26.7374      3.814  273.74663  273.90764    33.1630    11.7982 0.0000e+00
 127.474661      3.878    12.8980  32.071197    26.7374      3.843  273.69370  273.85536    33.1630    11.7780 0.0000e+00
 127.474664      3.911    12.9057  32.073395    26.7340      3.876  273.65592  273.81805    30.9840    11.9317 0.0000e+00
 127.474667      3.943    12.9103  32.070964    26.7324      3.908  273.63992  273.80236    30.8906    11.9398 0.0000e+00
 127.474670      3.973    12.9122  32.076635    26.7324      3.937  273.62140  273.78392    31.0463    11.9600 0.0000e+00
 127.474673      4.005    12.9137  32.078428    26.7330      3.970  273.61161  273.77420    31.0152    11.9559 0.0000e+00
 127.474676      4.037    12.9157  32.081437    26.7337      4.000  273.59777  273.76047    30.9529    11.9276 0.0000e+00
 127.474679      4.066    12.9177  32.075593    26.7344      4.029  273.59887  273.76175    36.3692    12.2309 -9.990e-29
 127.474682      4.086    12.9177  32.071369    26.7236      4.049  273.60662  273.76954    36.3226    12.2511 -9.990e-29
 127.474685      4.108    12.9159  32.071195    26.7247      4.071  273.61456  273.77736    36.3226    12.2794 -9.990e-29
