Processed/SBE19plus_01907321_2022_05_08_Cast85_wfilter.cnv
* Sea-Bird SBE19plus  Data File:
* FileName = E:\Prandtl Daten\2022\CTD\Raw\SBE19plus_01907321_2022_05_08_Cast85.hex
* Software version 2.6.1.12
* Temperature SN = 7321
* Conductivity SN = 7321
* System UpLoad Time = May 08 2022 11:42:22
* <ApplicationData>
* <Seaterm232>
** Messpraktikum 2022
** CTD 08.05 NP5
** NMEA Latitude = 54 10.79 N
** NMEA Longitude = 008 36.47 E
# nquan = 11
# nvalues = 427                         
# units = specified
# name 0 = timeJ: Julian Days
# name 1 = prdM: Pressure, Strain Gauge [db]
# name 2 = tv290C: Temperature [ITS-90, deg C]
# name 3 = c0mS/cm: Conductivity [mS/cm]
# name 4 = sal00: Salinity, Practical [PSU]
# name 5 = depSM: Depth [salt water, m], lat = 54.00
# name 6 = oxsatMm/Kg: Oxygen Saturation, Weiss [umol/kg]
# name 7 = oxsolMm/Kg: Oxygen Saturation, Garcia & Gordon [umol/kg]
# name 8 = turbWETntu0: Turbidity, WET Labs ECO [NTU]
# name 9 = flECO-AFL: Fluorescence, WET Labs ECO-AFL/FL [mg/m^3]
# name 10 = flag:  0.000e+00
# span 0 = 128.483432, 128.484664       
# span 1 =      0.518,     11.179       
# span 2 =    12.5306,    12.7060       
# span 3 =  32.947447,  33.065088       
# span 4 =    27.7857,    27.8171       
# span 5 =      0.513,     11.079       
# span 6 =  272.78461,  273.75840       
# span 7 =  272.92430,  273.88745       
# span 8 =     2.4548,    32.8517       
# span 9 =     2.8780,    10.6984       
# span 10 = 0.0000e+00, 0.0000e+00      
# interval = seconds: 0.25
# start_time = May 08 2022 11:34:38 [Instrument's time stamp, header]
# bad_flag = -9.990e-29
*END*
[from data line 394]
 128.484572     10.498    12.5501  32.962589    27.8131     10.404  273.64675  273.77696     8.2603     4.8553 -9.990e-29
 128.484575     10.511    12.5504  32.962999    27.8133     10.417  273.64479  273.77502     8.3692     4.8189 -9.990e-29
 128.484578     10.528    12.5500  32.963350    27.8139     10.433  273.64603  273.77623     8.1980     4.8270 -9.990e-29
 128.484580     10.539    12.5501  32.962823    27.8133     10.444  273.64636  273.77657     8.2759     4.8715 -9.990e-29
 128.484583     10.553    12.5501  32.962589    27.8131     10.459  273.64679  273.77700     9.5210     5.0170 -9.990e-29
 128.484586     10.564    12.5500  32.962355    27.8129     10.470  273.64752  273.77773     9.5677     4.9847 -9.990e-29
 128.484589     10.582    12.5497  32.961361    27.8130     10.488  273.65086  273.78106     9.6299     4.9928 -9.990e-29
 128.484592     10.608    12.5492  32.961771    27.8129     10.513  273.65232  273.78248     9.6455     4.9766 0.0000e+00
 128.484595     10.642    12.5487  32.961186    27.8130     10.547  273.65556  273.78570     9.5988     4.9847 0.0000e+00
 128.484598     10.679    12.5482  32.961128    27.8128     10.583  273.65755  273.78766     9.0074     4.9928 0.0000e+00
 128.484601     10.715    12.5477  32.960134    27.8125     10.620  273.66184  273.79192     8.9451     4.9402 0.0000e+00
 128.484604     10.752    12.5475  32.959432    27.8119     10.656  273.66374  273.79381     8.8984     4.9847 0.0000e+00
 128.484606     10.786    12.5468  32.958672    27.8119     10.690  273.66854  273.79856     8.9607     5.0049 0.0000e+00
 128.484609     10.816    12.5453  32.957620    27.8118     10.719  273.67696  273.80689     9.7856     4.9685 -9.990e-29
 128.484612     10.841    12.5441  32.956859    27.8120     10.744  273.68330  273.81317     9.8634     4.9806 -9.990e-29
 128.484615     10.861    12.5431  32.957386    27.8133     10.764  273.68703  273.81682     9.7233     4.9766 -9.990e-29
 128.484618     10.878    12.5422  32.957211    27.8137     10.780  273.69108  273.82081     9.7856     4.9806 -9.990e-29
 128.484621     10.898    12.5419  32.956626    27.8134     10.800  273.69338  273.82310    11.0307     5.6195 -9.990e-29
 128.484624     10.909    12.5416  32.957211    27.8142     10.811  273.69358  273.82328    11.0307     5.6236 -9.990e-29
 128.484627     10.929    12.5416  32.957386    27.8144     10.831  273.69359  273.82328    10.9218     5.5832 -9.990e-29
 128.484630     10.952    12.5416  32.956041    27.8121     10.854  273.69601  273.82572    11.0930     5.6276 -9.990e-29
 128.484633     10.985    12.5410  32.954521    27.8118     10.887  273.70124  273.83092     8.7584     5.2435 0.0000e+00
 128.484635     11.018    12.5397  32.952825    27.8121     10.920  273.70988  273.83949     8.7584     5.2475 0.0000e+00
 128.484638     11.055    12.5382  32.953060    27.8126     10.956  273.71600  273.84551     8.7272     5.2354 0.0000e+00
 128.484641     11.093    12.5371  32.952007    27.8126     10.994  273.72288  273.85232     8.8206     5.2637 0.0000e+00
 128.484644     11.129    12.5365  32.950779    27.8126     11.030  273.72789  273.85731     8.8984     5.2354 -9.990e-29
 128.484647     11.148    12.5354  32.950546    27.8125     11.048  273.73298  273.86232    21.2564     6.9256 -9.990e-29
 128.484650     11.155    12.5345  32.949318    27.8120     11.055  273.73922  273.86851    21.3031     6.9216 -9.990e-29
 128.484653     11.162    12.5336  32.949552    27.8128     11.062  273.74253  273.87176    21.2408     6.9095 -9.990e-29
 128.484656     11.166    12.5328  32.949727    27.8136     11.066  273.74594  273.87512    21.2253     6.9378 -9.990e-29
 128.484659     11.170    12.5323  32.947447    27.8119     11.070  273.75220  273.88136    32.8517    10.6984 -9.990e-29
 128.484661     11.173    12.5313  32.947856    27.8130     11.073  273.75582  273.88491    32.7428    10.6984 -9.990e-29
 128.484664     11.179    12.5306  32.947973    27.8135     11.079  273.75840  273.88745    32.6961    10.6579 -9.990e-29
