Processed/SBE19plus_01907321_2022_05_10_Cast119_wfilter.cnv
* Sea-Bird SBE19plus  Data File:
* FileName = E:\Prandtl_Daten\2022\CTD\Raw\SBE19plus_01907321_2022_05_10_Cast119.hex
* Software version 2.6.1.12
* Temperature SN = 7321
* Conductivity SN = 7321
* System UpLoad Time = May 10 2022 15:17:30
* <ApplicationData>
* <Seaterm232>
** Messpraktikum 2022
** CTD 10.05  BM
** NMEA Latitude = 54 07.81N
** NMEA Longitude = 008 47.16E
# nquan = 11
# nvalues = 503                         
# units = specified
# name 0 = timeJ: Julian Days
# name 1 = prdM: Pressure, Strain Gauge [db]
# name 2 = tv290C: Temperature [ITS-90, deg C]
# name 3 = c0mS/cm: Conductivity [mS/cm]
# name 4 = sal00: Salinity, Practical [PSU]
# name 5 = depSM: Depth [salt water, m], lat = 54.00
# name 6 = oxsatMm/Kg: Oxygen Saturation, Weiss [umol/kg]
# name 7 = oxsolMm/Kg: Oxygen Saturation, Garcia & Gordon [umol/kg]
# name 8 = turbWETntu0: Turbidity, WET Labs ECO [NTU]
# name 9 = flECO-AFL: Fluorescence, WET Labs ECO-AFL/FL [mg/m^3]
# name 10 = flag:  0.000e+00
# span 0 = 130.632196, 130.633649       
# span 1 =      0.267,     16.064       
# span 2 =    13.8524,    13.8610       
# span 3 =  33.158923,  33.179082       
# span 4 =    27.0554,    27.0665       
# span 5 =      0.264,     15.920       
# span 6 =  267.64213,  267.69815       
# span 7 =  267.85361,  267.90933       
# span 8 =     0.9918,    96.8829       
# span 9 =     2.7041,    10.8035       
# span 10 = 0.0000e+00, 0.0000e+00      
# interval = seconds: 0.25
# start_time = May 10 2022 15:08:42 [Instrument's time stamp, header]
# bad_flag = -9.990e-29
*END*
[from data line 132]
 130.632578      4.505    13.8528  33.160871    27.0588      4.465  267.69520  267.90638     1.8012     3.0074 0.0000e+00
 130.632581      4.531    13.8528  33.160520    27.0586      4.490  267.69549  267.90668     1.7856     3.0154 0.0000e+00
 130.632584      4.556    13.8529  33.161341    27.0584      4.516  267.69382  267.90501     1.7856     3.0276 -9.990e-29
 130.632587      4.580    13.8530  33.161517    27.0589      4.539  267.69323  267.90441     1.8634     3.0518 -9.990e-29
 130.632590      4.609    13.8531  33.161341    27.0590      4.568  267.69291  267.90411     2.2992     3.2338 0.0000e+00
 130.632593      4.646    13.8531  33.161341    27.0590      4.604  267.69325  267.90444     2.3926     3.2419 0.0000e+00
 130.632595      4.680    13.8531  33.161517    27.0590      4.638  267.69266  267.90386     2.2681     3.2176 0.0000e+00
 130.632598      4.717    13.8532  33.161517    27.0590      4.675  267.69237  267.90357     2.4548     3.2257 0.0000e+00
 130.632601      4.759    13.8531  33.161517    27.0590      4.716  267.69271  267.90391     1.9879     3.1287 0.0000e+00
 130.632604      4.797    13.8531  33.161341    27.0590      4.754  267.69303  267.90423     2.0813     3.1287 0.0000e+00
 130.632607      4.833    13.8532  33.161517    27.0590      4.790  267.69244  267.90364     2.1280     3.1165 0.0000e+00
 130.632610      4.864    13.8531  33.161517    27.0590      4.821  267.69277  267.90397     2.0502     3.1772 0.0000e+00
 130.632613      4.899    13.8533  33.161517    27.0589      4.855  267.69217  267.90337     2.0657     3.1610 0.0000e+00
 130.632616      4.925    13.8533  33.161342    27.0588      4.881  267.69248  267.90369     1.8634     3.2055 0.0000e+00
 130.632619      4.956    13.8532  33.161518    27.0587      4.911  267.69251  267.90372     1.8634     3.2136 -9.990e-29
 130.632622      4.977    13.8533  33.161752    27.0591      4.933  267.69182  267.90303     1.8478     3.2217 -9.990e-29
 130.632624      4.999    13.8532  33.161752    27.0586      4.955  267.69215  267.90335     1.8323     3.2298 -9.990e-29
 130.632627      5.029    13.8534  33.161342    27.0587      4.984  267.69223  267.90344     2.3615     3.1206 0.0000e+00
 130.632630      5.061    13.8534  33.161518    27.0588      5.016  267.69195  267.90316     2.3303     3.0761 0.0000e+00
 130.632633      5.092    13.8534  33.161753    27.0590      5.047  267.69158  267.90279     2.2992     3.1084 0.0000e+00
 130.632636      5.129    13.8533  33.161753    27.0590      5.083  267.69191  267.90312     2.3303     3.0963 0.0000e+00
 130.632639      5.165    13.8533  33.161518    27.0590      5.119  267.69233  267.90354     1.8167     3.1448 0.0000e+00
 130.632642      5.201    13.8531  33.161753    27.0588      5.155  267.69258  267.90378     1.8790     3.1529 0.0000e+00
 130.632645      5.238    13.8533  33.161108    27.0585      5.191  267.69306  267.90427     1.8478     3.1489 0.0000e+00
 130.632648      5.267    13.8532  33.161167    27.0585      5.220  267.69329  267.90450     1.8945     3.1731 0.0000e+00
 130.632650      5.302    13.8532  33.161753    27.0586      5.254  267.69233  267.90353     3.7622     3.5330 0.0000e+00
 130.632653      5.333    13.8534  33.161519    27.0588      5.285  267.69180  267.90302     3.6844     3.5249 0.0000e+00
 130.632656      5.360    13.8532  33.161929    27.0586      5.312  267.69207  267.90327     3.8089     3.5371 -9.990e-29
 130.632659      5.380    13.8533  33.162164    27.0594      5.332  267.69138  267.90258     3.7778     3.5371 -9.990e-29
 130.632662      5.409    13.8534  33.162340    27.0595      5.361  267.69079  267.90199     3.7311     3.5411 0.0000e+00
 130.632665      5.440    13.8534  33.162574    27.0596      5.392  267.69010  267.90131     5.0852     3.9253 0.0000e+00
 130.632668      5.471    13.8533  33.162926    27.0600      5.422  267.69016  267.90135     5.0229     3.9010 0.0000e+00
 130.632671      5.506    13.8533  33.162985    27.0600      5.457  267.69008  267.90128     5.0852     3.9091 0.0000e+00
 130.632674      5.540    13.8533  33.163220    27.0602      5.491  267.68971  267.90090     4.9607     3.8889 0.0000e+00
 130.632677      5.575    13.8533  33.163337    27.0602      5.525  267.68953  267.90073     4.8362     3.7959 0.0000e+00
 130.632679      5.611    13.8533  33.163220    27.0603      5.561  267.68975  267.90095     4.7428     3.8161 0.0000e+00
 130.632682      5.650    13.8532  33.163396    27.0604      5.599  267.68979  267.90098     4.6961     3.8080 0.0000e+00
 130.632685      5.681    13.8531  33.163924    27.0608      5.630  267.68924  267.90042     4.6961     3.7837 0.0000e+00
 130.632688      5.719    13.8531  33.163806    27.0609      5.668  267.68978  267.90095     4.5249     3.5613 0.0000e+00
 130.632691      5.752    13.8531  33.163924    27.0609      5.701  267.68960  267.90078     4.5560     3.5492 0.0000e+00
 130.632694      5.780    13.8531  33.163807    27.0609      5.728  267.68981  267.90099     4.5249     3.5371 -9.990e-29
 130.632697      5.805    13.8531  33.163396    27.0604      5.753  267.69052  267.90170     4.4782     3.5492 -9.990e-29
 130.632700      5.829    13.8531  33.163748    27.0607      5.777  267.68994  267.90112     2.5327     3.6220 -9.990e-29
 130.632703      5.853    13.8531  33.163631    27.0607      5.800  267.69015  267.90133     2.6261     3.5977 -9.990e-29
 130.632705      5.885    13.8531  33.163748    27.0607      5.833  267.68998  267.90115     2.5794     3.6099 0.0000e+00
 130.632708      5.918    13.8531  33.163631    27.0606      5.865  267.68988  267.90106     2.6105     3.6139 0.0000e+00
 130.632711      5.949    13.8532  33.162986    27.0604      5.896  267.69066  267.90186     2.5949     3.5735 0.0000e+00
 130.632714      5.993    13.8532  33.163514    27.0599      5.939  267.68981  267.90100     3.3576     3.4885 0.0000e+00
 130.632717      6.029    13.8532  33.162987    27.0603      5.976  267.69071  267.90191     3.3420     3.4724 0.0000e+00
 130.632720      6.068    13.8531  33.163339    27.0602      6.014  267.69077  267.90196     3.2953     3.4602 0.0000e+00
 130.632723      6.104    13.8531  33.163221    27.0602      6.050  267.69099  267.90218     3.3264     3.5007 0.0000e+00
 130.632726      6.132    13.8531  33.162987    27.0599      6.077  267.69109  267.90228     3.8401     3.4966 0.0000e+00
 130.632729      6.168    13.8532  33.162929    27.0598      6.113  267.69090  267.90209     3.8245     3.4885 0.0000e+00
 130.632731      6.197    13.8532  33.162987    27.0598      6.142  267.69081  267.90201     3.7934     3.5047 0.0000e+00
 130.632734      6.223    13.8533  33.163222    27.0598      6.167  267.69012  267.90132     3.8556     3.4805 -9.990e-29
 130.632737      6.245    13.8534  33.163515    27.0607      6.189  267.68933  267.90053     4.0580     3.8646 -9.990e-29
 130.632740      6.273    13.8534  33.164043    27.0607      6.217  267.68847  267.89966     4.1669     3.8646 0.0000e+00
 130.632743      6.303    13.8533  33.163926    27.0606      6.246  267.68899  267.90019     4.0424     3.8646 0.0000e+00
 130.632746      6.330    13.8533  33.163808    27.0605      6.273  267.68921  267.90040     4.0268     3.8323 0.0000e+00
 130.632749      6.368    13.8534  33.163809    27.0605      6.311  267.68892  267.90011     4.1825     4.0304 0.0000e+00
 130.632752      6.409    13.8532  33.163926    27.0606      6.351  267.68937  267.90056     4.3537     4.0385 0.0000e+00
 130.632755      6.442    13.8532  33.164043    27.0607      6.384  267.68920  267.90038     4.3226     4.0344 0.0000e+00
 130.632758      6.474    13.8533  33.164102    27.0607      6.416  267.68880  267.89999     4.3381     4.0344 0.0000e+00
 130.632760      6.509    13.8531  33.164043    27.0607      6.451  267.68955  267.90073     4.2603     4.0668 0.0000e+00
 130.632763      6.544    13.8532  33.164278    27.0609      6.485  267.68887  267.90005     4.5560     3.6462 0.0000e+00
 130.632766      6.578    13.8533  33.164513    27.0609      6.520  267.68818  267.89937     4.5560     3.6422 0.0000e+00
 130.632769      6.609    13.8533  33.164044    27.0610      6.550  267.68898  267.90018     4.5560     3.6503 0.0000e+00
 130.632772      6.639    13.8533  33.164513    27.0608      6.579  267.68822  267.89940     4.5249     3.6786 0.0000e+00
 130.632775      6.666    13.8534  33.164044    27.0610      6.606  267.68839  267.89959     6.2525     3.9940 -9.990e-29
 130.632778      6.690    13.8535  33.164689    27.0609      6.630  267.68701  267.89821     6.3615     4.0061 -9.990e-29
 130.632781      6.723    13.8534  33.164513    27.0610      6.663  267.68764  267.89884     6.2525     3.9657 0.0000e+00
 130.632784      6.748    13.8534  33.164689    27.0609      6.688  267.68768  267.89887     6.2525     3.9819 0.0000e+00
 130.632786      6.779    13.8534  33.163634    27.0607      6.719  267.68915  267.90035     5.1163     3.9778 0.0000e+00
 130.632789      6.812    13.8536  33.164513    27.0607      6.751  267.68707  267.89827     5.1163     4.0061 0.0000e+00
 130.632792      6.849    13.8535  33.164865    27.0611      6.788  267.68681  267.89801     5.0852     4.0142 0.0000e+00
 130.632795      6.889    13.8534  33.164924    27.0611      6.827  267.68705  267.89825     5.0229     3.9697 0.0000e+00
 130.632798      6.921    13.8534  33.164690    27.0610      6.860  267.68778  267.89897     5.3654     3.8606 0.0000e+00
 130.632801      6.947    13.8534  33.164455    27.0610      6.885  267.68788  267.89907     5.3809     3.8606 0.0000e+00
 130.632804      6.980    13.8533  33.164924    27.0610      6.917  267.68774  267.89892     5.3187     3.8646 0.0000e+00
 130.632807      7.007    13.8534  33.164690    27.0610      6.945  267.68783  267.89902     5.2875     3.8808 0.0000e+00
 130.632810      7.038    13.8536  33.164925    27.0610      6.975  267.68652  267.89772     5.3498     3.8646 0.0000e+00
 130.632813      7.073    13.8534  33.165101    27.0610      7.010  267.68719  267.89837     4.3070     3.5532 -9.990e-29
 130.632815      7.095    13.8536  33.164456    27.0606      7.031  267.68734  267.89855     4.3226     3.5492 -9.990e-29
 130.632818      7.118    13.8534  33.164749    27.0603      7.055  267.68749  267.89868     4.3381     3.5371 -9.990e-29
 130.632821      7.147    13.8534  33.164045    27.0605      7.083  267.68868  267.89989     4.2603     3.5411 0.0000e+00
 130.632824      7.178    13.8535  33.164515    27.0607      7.114  267.68760  267.89881     5.3031     3.9253 0.0000e+00
 130.632827      7.213    13.8536  33.165101    27.0611      7.148  267.68602  267.89722     5.3342     3.9091 0.0000e+00
 130.632830      7.251    13.8535  33.165101    27.0612      7.186  267.68667  267.89786     5.2408     3.9131 0.0000e+00
 130.632833      7.282    13.8537  33.165336    27.0612      7.217  267.68535  267.89656     5.3187     3.9455 0.0000e+00
 130.632836      7.326    13.8538  33.165277    27.0612      7.261  267.68516  267.89638     3.8245     3.6705 0.0000e+00
 130.632839      7.364    13.8537  33.165336    27.0611      7.298  267.68540  267.89661     3.7934     3.6584 0.0000e+00
 130.632841      7.397    13.8537  33.165102    27.0610      7.331  267.68581  267.89703     3.7778     3.6948 0.0000e+00
 130.632844      7.434    13.8538  33.164867    27.0609      7.367  267.68592  267.89713     3.7934     3.6503 0.0000e+00
 130.632847      7.461    13.8537  33.164515    27.0607      7.394  267.68684  267.89805     4.9918     3.8282 -9.990e-29
 130.632850      7.486    13.8539  33.164457    27.0603      7.419  267.68632  267.89755     5.0852     3.7959 -9.990e-29
 130.632853      7.510    13.8538  33.164047    27.0599      7.443  267.68734  267.89856     4.9918     3.8039 -9.990e-29
 130.632856      7.534    13.8538  33.164750    27.0606      7.466  267.68617  267.89739     5.0696     3.8242 -9.990e-29
 130.632859      7.556    13.8538  33.164457    27.0606      7.488  267.68668  267.89790     5.0541     3.8039 -9.990e-29
 130.632862      7.590    13.8539  33.164926    27.0607      7.522  267.68529  267.89651     5.3965     3.7352 0.0000e+00
 130.632865      7.623    13.8539  33.165102    27.0608      7.555  267.68532  267.89655     5.3031     3.7190 0.0000e+00
 130.632867      7.661    13.8538  33.165102    27.0608      7.593  267.68566  267.89688     5.2720     3.7352 0.0000e+00
 130.632870      7.700    13.8539  33.165102    27.0608      7.631  267.68537  267.89659     5.2875     3.7109 0.0000e+00
 130.632873      7.731    13.8537  33.165103    27.0608      7.662  267.68602  267.89723     4.2603     3.7514 0.0000e+00
 130.632876      7.769    13.8537  33.165103    27.0608      7.699  267.68604  267.89725     4.2759     3.7150 0.0000e+00
 130.632879      7.800    13.8535  33.164868    27.0608      7.730  267.68739  267.89859     4.3848     3.7150 0.0000e+00
 130.632882      7.833    13.8536  33.165279    27.0610      7.763  267.68610  267.89731     4.3070     3.6988 0.0000e+00
 130.632885      7.866    13.8536  33.165338    27.0611      7.795  267.68602  267.89723     6.2836     4.0668 0.0000e+00
 130.632888      7.893    13.8536  33.165279    27.0611      7.823  267.68614  267.89734     6.2369     4.0870 -9.990e-29
 130.632891      7.917    13.8537  33.165338    27.0610      7.846  267.68574  267.89695     6.2525     4.0385 -9.990e-29
 130.632894      7.941    13.8536  33.165279    27.0611      7.870  267.68616  267.89737     6.3459     4.0304 -9.990e-29
 130.632896      7.970    13.8538  33.165514    27.0611      7.899  267.68516  267.89638     5.7545     4.2447 0.0000e+00
 130.632899      8.003    13.8537  33.165338    27.0610      7.931  267.68579  267.89700     5.7233     4.2366 0.0000e+00
 130.632902      8.039    13.8538  33.165279    27.0609      7.967  267.68560  267.89681     5.7856     4.2366 0.0000e+00
 130.632905      8.076    13.8539  33.164517    27.0605      8.004  267.68627  267.89750     5.7700     4.2366 0.0000e+00
 130.632908      8.114    13.8538  33.164869    27.0605      8.041  267.68633  267.89755     5.7545     4.2326 0.0000e+00
 130.632911      8.149    13.8538  33.165514    27.0610      8.076  267.68527  267.89649     5.0696     3.8565 0.0000e+00
 130.632914      8.184    13.8539  33.165925    27.0610      8.110  267.68398  267.89520     5.0541     3.8808 0.0000e+00
 130.632917      8.216    13.8539  33.164870    27.0611      8.143  267.68576  267.89699     5.1319     3.8565 0.0000e+00
 130.632920      8.253    13.8539  33.165690    27.0610      8.179  267.68441  267.89564     5.1163     3.8565 0.0000e+00
 130.632922      8.284    13.8540  33.165749    27.0611      8.210  267.68402  267.89525     5.2408     3.8201 0.0000e+00
 130.632925      8.311    13.8538  33.165925    27.0612      8.237  267.68468  267.89589     5.2875     3.7878 0.0000e+00
 130.632928      8.340    13.8538  33.165749    27.0614      8.266  267.68499  267.89621     5.3498     3.7918 -9.990e-29
 130.632931      8.362    13.8539  33.165925    27.0613      8.287  267.68409  267.89531     5.2720     3.7716 -9.990e-29
 130.632934      8.390    13.8541  33.166160    27.0613      8.314  267.68308  267.89431     6.1436     4.5075 0.0000e+00
 130.632937      8.417    13.8540  33.165925    27.0613      8.342  267.68381  267.89503     6.0502     4.4995 0.0000e+00
 130.632940      8.446    13.8540  33.166160    27.0614      8.371  267.68343  267.89465     6.0346     4.5197 0.0000e+00
 130.632943      8.483    13.8540  33.166336    27.0614      8.407  267.68316  267.89438     6.1280     4.5035 0.0000e+00
 130.632946      8.514    13.8542  33.166160    27.0613      8.438  267.68284  267.89408     6.7194     4.4226 0.0000e+00
 130.632948      8.547    13.8543  33.166336    27.0613      8.470  267.68194  267.89318     6.8128     4.4428 0.0000e+00
 130.632951      8.587    13.8543  33.166512    27.0613      8.510  267.68167  267.89291     6.6883     4.4348 0.0000e+00
