Processed/SBE19plus_01907321_2022_05_08_Cast90_wfilter.cnv
* Sea-Bird SBE19plus  Data File:
* FileName = E:\Prandtl Daten\2022\CTD\Raw\SBE19plus_01907321_2022_05_08_Cast90.hex
* Software version 2.6.1.12
* Temperature SN = 7321
* Conductivity SN = 7321
* System UpLoad Time = May 08 2022 13:17:06
* <ApplicationData>
* <Seaterm232>
** Messpraktikum 2022
** CTD 08.05 BM
** NMEA Latitude = 54 07.82 N
** NMEA Longitude = 008 47.07 E
# nquan = 11
# nvalues = 376                         
# units = specified
# name 0 = timeJ: Julian Days
# name 1 = prdM: Pressure, Strain Gauge [db]
# name 2 = tv290C: Temperature [ITS-90, deg C]
# name 3 = c0mS/cm: Conductivity [mS/cm]
# name 4 = sal00: Salinity, Practical [PSU]
# name 5 = depSM: Depth [salt water, m], lat = 54.00
# name 6 = oxsatMm/Kg: Oxygen Saturation, Weiss [umol/kg]
# name 7 = oxsolMm/Kg: Oxygen Saturation, Garcia & Gordon [umol/kg]
# name 8 = turbWETntu0: Turbidity, WET Labs ECO [NTU]
# name 9 = flECO-AFL: Fluorescence, WET Labs ECO-AFL/FL [mg/m^3]
# name 10 = flag:  0.000e+00
# span 0 = 128.549117, 128.550203       
# span 1 =      0.353,     15.841       
# span 2 =    12.6230,    12.9644       
# span 3 =  32.135009,  32.390847       
# span 4 =    26.9334,    27.0904       
# span 5 =      0.350,     15.699       
# span 6 =  272.84186,  274.75569       
# span 7 =  273.00482,  274.89886       
# span 8 =     5.6766,   387.9023       
# span 9 =     3.6058,    20.1281       
# span 10 = 0.0000e+00, 0.0000e+00      
# interval = seconds: 0.25
# start_time = May 08 2022 13:09:24 [Instrument's time stamp, header]
# bad_flag = -9.990e-29
*END*
 128.549117      0.353    12.9644  32.388581    26.9841      0.350  272.84186  273.00482     6.3303     3.6382 0.0000e+00
 128.549120      0.391    12.9638  32.388175    26.9841      0.388  272.84544  273.00836     6.1436     3.6503 0.0000e+00
 128.549123      0.428    12.9635  32.388000    26.9841      0.424  272.84703  273.00993     6.4082     3.6220 0.0000e+00
 128.549126      0.463    12.9631  32.386781    26.9838      0.458  272.85077  273.01366     6.3615     3.6058 0.0000e+00
 128.549129      0.505    12.9622  32.386200    26.9833      0.500  272.85559  273.01844     6.4548     4.0344 -9.990e-29
 128.549132      0.528    12.9615  32.387769    26.9857      0.524  272.85633  273.01911     6.4860     4.0344 -9.990e-29
 128.549135      0.556    12.9615  32.388175    26.9860      0.551  272.85532  273.01810     6.5638     4.0142 0.0000e+00
 128.549138      0.585    12.9621  32.389395    26.9864      0.580  272.85068  273.01348     6.5171     4.0021 0.0000e+00
 128.549141      0.636    12.9630  32.390847    26.9864      0.630  272.84438  273.00723     5.7700     4.7946 0.0000e+00
 128.549144      0.724    12.9642  32.384110    26.9800      0.717  272.85088  273.01387     5.8945     4.7946 0.0000e+00
 128.549146      0.818    12.9625  32.378244    26.9757      0.811  272.86880  273.03173     5.6766     4.7866 0.0000e+00
 128.549149      0.919    12.9577  32.360766    26.9630      0.911  272.92032  273.08311     5.7700     4.7582 0.0000e+00
 128.549152      1.015    12.9468  32.349561    26.9630      1.006  272.98800  273.15019     5.9257     5.4335 0.0000e+00
 128.549155      1.107    12.9328  32.343061    26.9643      1.097  273.06068  273.22204     6.0191     5.3931 0.0000e+00
 128.549158      1.209    12.9236  32.366635    26.9926      1.198  273.06005  273.22060     5.9724     5.4416 0.0000e+00
 128.549161      1.313    12.9264  32.369538    26.9932      1.301  273.04240  273.20311     6.0191     5.4497 0.0000e+00
 128.549164      1.411    12.9330  32.376216    26.9932      1.399  273.00173  273.16280     6.0502     5.4457 0.0000e+00
 128.549167      1.519    12.9389  32.347764    26.9641      1.505  273.02587  273.18758     6.8595     5.7449 0.0000e+00
 128.549170      1.623    12.9308  32.308181    26.9334      1.609  273.13109  273.29265     6.5949     5.7328 0.0000e+00
 128.549172      1.720    12.9053  32.282887    26.9334      1.705  273.28771  273.44786     6.8595     5.7530 0.0000e+00
 128.549175      1.822    12.8757  32.275176    26.9420      1.806  273.43146  273.58978     6.6883     5.7247 0.0000e+00
 128.549178      1.915    12.8535  32.276976    26.9595      1.898  273.52623  273.68311     7.0152     5.6519 0.0000e+00
 128.549181      2.008    12.8411  32.276166    26.9602      1.990  273.58233  273.73842     7.0774     5.6398 0.0000e+00
 128.549184      2.099    12.8342  32.263001    26.9665      2.081  273.63593  273.79169     7.1552     5.5993 0.0000e+00
 128.549187      2.192    12.8256  32.263234    26.9665      2.173  273.67346  273.82867     7.0930     5.6074 0.0000e+00
 128.549190      2.278    12.8190  32.258595    26.9665      2.258  273.71107  273.86589     7.5599     6.1210 0.0000e+00
 128.549193      2.371    12.8130  32.243577    26.9573      2.350  273.76418  273.91875     7.5288     6.0522 0.0000e+00
 128.549196      2.464    12.8029  32.234882    26.9573      2.442  273.82381  273.97782     7.5599     6.0482 0.0000e+00
 128.549198      2.557    12.7936  32.250596    26.9678      2.535  273.83746  273.99071     7.5599     6.0441 0.0000e+00
 128.549201      2.654    12.7928  32.239579    26.9678      2.630  273.86016  274.01347     8.0580     6.4404 0.0000e+00
 128.549204      2.754    12.7903  32.227811    26.9588      2.730  273.89240  274.04565     8.0891     6.3717 0.0000e+00
 128.549207      2.855    12.7814  32.202772    26.9520      2.829  273.97592  274.12884     8.2136     6.3797 0.0000e+00
 128.549210      2.953    12.7653  32.201383    26.9520      2.927  274.04953  274.20142     8.1669     6.3757 0.0000e+00
 128.549213      3.055    12.7532  32.203587    26.9606      3.028  274.09939  274.25047     8.0580     6.4202 0.0000e+00
 128.549216      3.146    12.7474  32.196924    26.9606      3.118  274.13653  274.28730     8.8206     6.5536 0.0000e+00
 128.549219      3.239    12.7421  32.191883    26.9597      3.211  274.16922  274.31969     8.8206     6.5698 0.0000e+00
 128.549222      3.327    12.7353  32.176935    26.9583      3.297  274.22579  274.37596     8.7428     6.5334 0.0000e+00
 128.549225      3.411    12.7254  32.177574    26.9546      3.380  274.26863  274.41815     8.8362     6.5172 0.0000e+00
 128.549227      3.489    12.7182  32.168074    26.9546      3.458  274.31714  274.46628     9.2720     6.7194 0.0000e+00
 128.549230      3.570    12.7098  32.157590    26.9508      3.538  274.37309  274.52178     9.4743     6.7275 0.0000e+00
 128.549233      3.650    12.6985  32.144676    26.9508      3.617  274.44633  274.59440     9.4276     6.7275 0.0000e+00
 128.549236      3.739    12.6846  32.139234    26.9518      3.706  274.51769  274.66491     9.3187     6.7437 0.0000e+00
 128.549239      3.834    12.6692  32.135009    26.9588      3.800  274.59353  274.73978     9.6611     6.4404 0.0000e+00
 128.549242      3.936    12.6533  32.138717    26.9735      3.901  274.65715  274.80233     9.3498     6.3959 0.0000e+00
 128.549245      4.050    12.6401  32.150938    26.9943      4.013  274.69421  274.83840     9.4899     6.4000 0.0000e+00
 128.549248      4.161    12.6335  32.153951    27.0017      4.123  274.71796  274.86170     9.4899     6.4525 0.0000e+00
 128.549251      4.276    12.6312  32.158411    27.0075      4.237  274.72051  274.86405     9.6611     6.0765 0.0000e+00
 128.549253      4.390    12.6297  32.163046    27.0083      4.351  274.71895  274.86235     9.5833     6.0927 0.0000e+00
 128.549256      4.498    12.6294  32.158007    27.0083      4.458  274.72927  274.87270     9.3965     6.1290 0.0000e+00
 128.549259      4.599    12.6278  32.154184    27.0079      4.557  274.74341  274.88677     9.5054     6.1371 0.0000e+00
 128.549262      4.692    12.6250  32.154243    27.0079      4.650  274.75569  274.89886     9.4432     6.0603 0.0000e+00
 128.549265      4.786    12.6230  32.159399    27.0141      4.744  274.75540  274.89839    10.4237     6.1816 0.0000e+00
 128.549268      4.870    12.6230  32.160847    27.0154      4.827  274.75287  274.89585    10.5949     6.2382 0.0000e+00
 128.549271      4.958    12.6235  32.164033    27.0180      4.914  274.74503  274.88801    10.5171     6.2059 0.0000e+00
 128.549274      5.040    12.6243  32.165250    27.0185      4.995  274.73945  274.88247    10.4237     6.2180 0.0000e+00
 128.549277      5.129    12.6249  32.169710    27.0222      5.084  274.72902  274.87204    10.9840     6.2787 0.0000e+00
 128.549280      5.215    12.6270  32.179154    27.0222      5.168  274.70277  274.84584    10.9218     6.2584 0.0000e+00
 128.549282      5.305    12.6308  32.174345    27.0222      5.257  274.69436  274.83772    10.7661     6.2423 0.0000e+00
 128.549285      5.399    12.6319  32.173824    27.0222      5.351  274.69062  274.83406    10.8906     6.2342 0.0000e+00
 128.549288      5.489    12.6323  32.182225    27.0225      5.440  274.67381  274.81719    10.3926     6.3717 0.0000e+00
 128.549291      5.578    12.6347  32.177764    27.0225      5.528  274.67140  274.81499    10.3459     6.3272 0.0000e+00
 128.549294      5.670    12.6358  32.175157    27.0194      5.619  274.67106  274.81474    10.2369     6.2867 0.0000e+00
 128.549297      5.761    12.6350  32.174751    27.0194      5.709  274.67531  274.81895    10.2836     6.3636 0.0000e+00
 128.549300      5.852    12.6342  32.175968    27.0211      5.800  274.67699  274.82056    13.1319     6.2787 0.0000e+00
 128.549303      5.947    12.6343  32.184254    27.0287      5.894  274.66197  274.80546    12.8829     6.2584 0.0000e+00
 128.549306      6.047    12.6365  32.196133    27.0381      5.993  274.63108  274.77461    13.1163     6.2463 0.0000e+00
 128.549308      6.151    12.6417  32.200595    27.0381      6.096  274.60017  274.74399    13.1475     6.2625 0.0000e+00
 128.549311      6.251    12.6469  32.203608    27.0375      6.195  274.57152  274.71566    13.1941     6.2544 0.0000e+00
 128.549314      6.355    12.6516  32.206448    27.0375      6.299  274.54602  274.69044    13.5677     6.1371 0.0000e+00
 128.549317      6.459    12.6546  32.211664    27.0395      6.402  274.52355  274.66811    13.6922     6.1573 0.0000e+00
 128.549320      6.565    12.6585  32.219373    27.0437      6.506  274.49223  274.63698    13.5054     6.1250 0.0000e+00
 128.549323      6.666    12.6635  32.225459    27.0437      6.606  274.45938  274.60440    13.6299     6.1371 0.0000e+00
 128.549326      6.760    12.6684  32.226445    27.0432      6.700  274.43624  274.58157    14.1591     6.1776 0.0000e+00
 128.549329      6.855    12.6720  32.227894    27.0419      6.794  274.41763  274.56319    14.1903     6.2220 0.0000e+00
 128.549332      6.939    12.6743  32.225865    27.0383      6.877  274.41120  274.55693    13.8790     6.1816 0.0000e+00
 128.549334      7.029    12.6748  32.225228    27.0383      6.966  274.41019  274.55595    13.9412     6.2423 0.0000e+00
 128.549337      7.113    12.6748  32.227836    27.0381      7.049  274.40560  274.55134    14.5949     6.4121 0.0000e+00
 128.549340      7.198    12.6755  32.226619    27.0389      7.134  274.40467  274.55046    14.3459     6.4242 0.0000e+00
 128.549343      7.275    12.6756  32.226446    27.0381      7.210  274.40440  274.55020    14.6416     6.4364 -9.990e-29
 128.549346      7.279    12.6754  32.226446    27.0379      7.214  274.40534  274.55114    14.5794     6.3878 -9.990e-29
 128.549349      7.279    12.6752  32.227315    27.0389      7.214  274.40474  274.55052    13.9568     7.0833 -9.990e-29
 128.549352      7.288    12.6754  32.227431    27.0389      7.223  274.40391  274.54969    14.0969     7.1157 -9.990e-29
 128.549355      7.289    12.6759  32.227663    27.0388      7.224  274.40129  274.54710    14.0502     7.1197 -9.990e-29
 128.549358      7.297    12.6761  32.226620    27.0376      7.232  274.40221  274.54804    14.0346     7.1521 -9.990e-29
 128.549361      7.301    12.6760  32.225634    27.0368      7.235  274.40428  274.55012    14.2058     7.1278 -9.990e-29
 128.549363      7.303    12.6757  32.226214    27.0375      7.237  274.40451  274.55033    12.8050     7.5120 -9.990e-29
 128.549366      7.294    12.6755  32.225228    27.0368      7.228  274.40720  274.55301    12.7584     7.4877 -9.990e-29
 128.549369      7.290    12.6753  32.226909    27.0385      7.225  274.40516  274.55094    12.8517     7.5120 -9.990e-29
 128.549372      7.279    12.6752  32.226040    27.0377      7.214  274.40701  274.55280    12.7272     7.4998 -9.990e-29
 128.549375      7.290    12.6753  32.225228    27.0355      7.225  274.40815  274.55394    14.1280     7.7222 -9.990e-29
 128.549378      7.315    12.6746  32.223200    27.0367      7.250  274.41461  274.56039    14.1747     7.7222 0.0000e+00
 128.549381      7.341    12.6738  32.225055    27.0367      7.275  274.41511  274.56082    14.2058     7.7101 0.0000e+00
 128.549384      7.378    12.6735  32.223606    27.0367      7.312  274.41898  274.56467    14.2214     7.6778 0.0000e+00
 128.549387      7.416    12.6731  32.221171    27.0347      7.350  274.42523  274.57092    13.7389     7.5928 0.0000e+00
 128.549389      7.452    12.6719  32.220012    27.0346      7.386  274.43268  274.57830    13.7233     7.6009 0.0000e+00
 128.549392      7.493    12.6708  32.219375    27.0346      7.425  274.43857  274.58413    13.6922     7.5605 0.0000e+00
 128.549395      7.526    12.6700  32.218737    27.0346      7.458  274.44319  274.58871    13.7545     7.5767 0.0000e+00
 128.549398      7.560    12.6694  32.218969    27.0347      7.493  274.44533  274.59080    12.3226     7.4918 0.0000e+00
 128.549401      7.588    12.6688  32.217984    27.0352      7.520  274.44994  274.59538    12.5560     7.4796 0.0000e+00
 128.549404      7.615    12.6682  32.218332    27.0351      7.547  274.45218  274.59757    12.4471     7.5120 0.0000e+00
 128.549407      7.644    12.6681  32.218970    27.0355      7.576  274.45138  274.59676    12.5093     7.5403 -9.990e-29
 128.549410      7.666    12.6681  32.219260    27.0357      7.597  274.45088  274.59626    12.4782     7.4918 -9.990e-29
 128.549413      7.693    12.6682  32.218564    27.0357      7.624  274.45182  274.59721    13.8478     7.7222 0.0000e+00
 128.549416      7.719    12.6682  32.216767    27.0357      7.649  274.45503  274.60044    13.9879     7.6980 -9.990e-29
 128.549418      7.742    12.6677  32.216535    27.0327      7.673  274.45735  274.60274    13.6611     7.6818 -9.990e-29
 128.549421      7.770    12.6674  32.214739    27.0331      7.700  274.46214  274.60752    13.7700     7.7263 0.0000e+00
 128.549424      7.797    12.6666  32.215145    27.0336      7.727  274.46491  274.61023    11.7934     7.4190 0.0000e+00
 128.549427      7.824    12.6659  32.214913    27.0339      7.754  274.46849  274.61378    11.5910     7.4028 0.0000e+00
 128.549430      7.855    12.6654  32.214623    27.0340      7.785  274.47124  274.61649    11.6844     7.4634 0.0000e+00
 128.549433      7.886    12.6652  32.214739    27.0341      7.815  274.47168  274.61692    11.8245     7.3704 0.0000e+00
 128.549436      7.919    12.6652  32.215145    27.0342      7.848  274.47130  274.61653    13.3187     7.5888 -9.990e-29
 128.549439      7.943    12.6652  32.213696    27.0331      7.872  274.47389  274.61914    13.3965     7.5767 -9.990e-29
 128.549442      7.972    12.6651  32.213522    27.0331      7.900  274.47454  274.61978    13.2564     7.6131 0.0000e+00
 128.549444      8.005    12.6647  32.213117    27.0331      7.933  274.47717  274.62239    13.5521     7.5888 0.0000e+00
 128.549447      8.039    12.6640  32.213928    27.0342      7.967  274.47859  274.62376    12.8206     7.4068 0.0000e+00
 128.549450      8.070    12.6639  32.215378    27.0357      7.998  274.47666  274.62181    12.7117     7.3826 0.0000e+00
 128.549453      8.105    12.6645  32.216537    27.0363      8.032  274.47210  274.61727    12.7584     7.3260 0.0000e+00
 128.549456      8.138    12.6656  32.218740    27.0367      8.065  274.46315  274.60838    12.7895     7.3866 0.0000e+00
 128.549459      8.167    12.6667  32.218740    27.0367      8.094  274.45812  274.60343    12.8517     7.3260 0.0000e+00
 128.549462      8.198    12.6677  32.216537    27.0339      8.125  274.45765  274.60303    16.2914     7.7182 0.0000e+00
 128.549465      8.229    12.6676  32.216131    27.0339      8.156  274.45902  274.60440    16.2603     7.7061 0.0000e+00
 128.549468      8.257    12.6671  32.219957    27.0376      8.183  274.45444  274.59975    16.3226     7.6778 0.0000e+00
 128.549470      8.286    12.6682  32.229638    27.0457      8.212  274.43219  274.57748    16.4315     7.6899 0.0000e+00
 128.549473      8.312    12.6723  32.233116    27.0457      8.237  274.40804  274.55357    15.3264     7.7142 0.0000e+00
 128.549476      8.339    12.6766  32.231724    27.0427      8.264  274.39129  274.53712    15.0307     7.6980 0.0000e+00
 128.549479      8.368    12.6787  32.234507    27.0416      8.293  274.37721  274.52315    15.0619     7.6535 0.0000e+00
 128.549482      8.399    12.6808  32.233521    27.0427      8.324  274.36984  274.51592    15.2798     7.7344 0.0000e+00
 128.549485      8.430    12.6820  32.237754    27.0433      8.354  274.35697  274.50309    14.8284     7.6535 0.0000e+00
 128.549488      8.463    12.6835  32.241000    27.0448      8.387  274.34460  274.49078    15.0463     7.6899 0.0000e+00
 128.549491      8.492    12.6858  32.242334    27.0451      8.416  274.33184  274.47816    14.9840     7.6980 0.0000e+00
 128.549494      8.519    12.6877  32.241000    27.0448      8.443  274.32602  274.47248    14.6727     7.6778 -9.990e-29
