Processed/SBE19plus_01907321_2022_05_07_Cast60_wfilter.cnv
* Sea-Bird SBE19plus  Data File:
* FileName = E:\Prandtl Daten\2022\CTD\Raw\SBE19plus_01907321_2022_05_07_Cast60.hex
* Software version 2.6.1.12
* Temperature SN = 7321
* Conductivity SN = 7321
* System UpLoad Time = May 07 2022 07:16:06
* <ApplicationData>
* <Seaterm232>
** Messpraktikum 2022
** CTD 07.05 BW2
** NMEA Latitude = 54 07.806 N
** NMEA Longitude = 008 44.895 E
# nquan = 11
# nvalues = 863                         
# units = specified
# name 0 = timeJ: Julian Days
# name 1 = prdM: Pressure, Strain Gauge [db]
# name 2 = tv290C: Temperature [ITS-90, deg C]
# name 3 = c0mS/cm: Conductivity [mS/cm]
# name 4 = sal00: Salinity, Practical [PSU]
# name 5 = depSM: Depth [salt water, m], lat = 54.00
# name 6 = oxsatMm/Kg: Oxygen Saturation, Weiss [umol/kg]
# name 7 = oxsolMm/Kg: Oxygen Saturation, Garcia & Gordon [umol/kg]
# name 8 = turbWETntu0: Turbidity, WET Labs ECO [NTU]
# name 9 = flECO-AFL: Fluorescence, WET Labs ECO-AFL/FL [mg/m^3]
# name 10 = flag:  0.000e+00
# span 0 = 127.296690, 127.299184       
# span 1 =      0.490,     16.138       
# span 2 =    13.0375,    13.1519       
# span 3 =  32.452673,  32.574452       
# span 4 =    26.9883,    27.0210       
# span 5 =      0.485,     15.994       
# span 6 =  271.71109,  272.40879       
# span 7 =  271.88428,  272.57581       
# span 8 =    18.6572,   184.2603       
# span 9 =     6.7032,    20.5810       
# span 10 = 0.0000e+00, 0.0000e+00      
# interval = seconds: 0.25
# start_time = May 07 2022 07:06:04 [Instrument's time stamp, header]
# bad_flag = -9.990e-29
*END*
 127.296690      0.490    13.0459  32.457780    26.9898      0.485  272.36433  272.53186    18.6883     6.7518 -9.990e-29
 127.296693      0.510    13.0459  32.457722    26.9898      0.505  272.36445  272.53197    18.8284     6.7032 -9.990e-29
 127.296696      0.544    13.0459  32.457780    26.9898      0.539  272.36437  272.53189    18.6572     6.7356 0.0000e+00
 127.296698      0.586    13.0458  32.457606    26.9897      0.581  272.36533  272.53284    18.8128     6.7275 0.0000e+00
 127.296701      0.619    13.0458  32.457606    26.9897      0.613  272.36535  272.53287    18.7973     6.7113 0.0000e+00
 127.296704      0.648    13.0456  32.457316    26.9897      0.642  272.36651  272.53402    18.9218     6.9297 -9.990e-29
 127.296707      0.663    13.0453  32.457606    26.9900      0.657  272.36727  272.53476    18.7661     6.9095 -9.990e-29
 127.296710      0.684    13.0452  32.457200    26.9896      0.678  272.36831  272.53580    18.8595     6.9418 -9.990e-29
 127.296713      0.703    13.0451  32.457200    26.9897      0.696  272.36895  272.53643    18.8595     6.9337 -9.990e-29
 127.296716      0.726    13.0450  32.457200    26.9898      0.720  272.36960  272.53706    20.1669     6.7194 -9.990e-29
 127.296719      0.753    13.0451  32.457142    26.9897      0.747  272.36909  272.53656    20.0580     6.7113 -9.990e-29
 127.296722      0.777    13.0449  32.456967    26.9896      0.770  272.37035  272.53782    20.0113     6.7154 -9.990e-29
 127.296725      0.803    13.0447  32.456793    26.9896      0.796  272.37130  272.53876    20.0580     6.7154 -9.990e-29
 127.296727      0.825    13.0447  32.456561    26.9894      0.817  272.37172  272.53918    19.4821     6.8124 -9.990e-29
 127.296730      0.846    13.0446  32.456793    26.9897      0.839  272.37196  272.53941    19.5599     6.8245 -9.990e-29
 127.296733      0.867    13.0445  32.456561    26.9895      0.859  272.37269  272.54014    19.4665     6.8124 -9.990e-29
 127.296736      0.885    13.0444  32.456386    26.9894      0.877  272.37364  272.54108    19.4821     6.8245 -9.990e-29
 127.296739      0.908    13.0442  32.456793    26.9894      0.900  272.37389  272.54131    20.1358     6.8933 -9.990e-29
 127.296742      0.938    13.0441  32.456154    26.9897      0.929  272.37534  272.54276    20.1047     6.9054 0.0000e+00
 127.296745      0.976    13.0442  32.456968    26.9897      0.967  272.37331  272.54074    19.9646     6.9297 0.0000e+00
 127.296748      1.011    13.0445  32.456736    26.9898      1.002  272.37280  272.54024    20.0268     6.9135 0.0000e+00
 127.296751      1.046    13.0445  32.456794    26.9897      1.036  272.37240  272.53985    19.9334     6.9256 -9.990e-29
 127.296753      1.068    13.0444  32.456794    26.9898      1.058  272.37305  272.54048    20.5560     6.9984 -9.990e-29
 127.296756      1.080    13.0444  32.456794    26.9897      1.071  272.37305  272.54049    20.4626     6.9984 -9.990e-29
 127.296759      1.093    13.0445  32.456387    26.9893      1.083  272.37346  272.54090    20.4004     6.9782 -9.990e-29
 127.296762      1.104    13.0439  32.456155    26.9895      1.094  272.37608  272.54349    20.4938     6.9863 -9.990e-29
 127.296765      1.128    13.0437  32.456155    26.9896      1.118  272.37704  272.54444    22.4237     7.0631 -9.990e-29
 127.296768      1.157    13.0437  32.456155    26.9894      1.146  272.37737  272.54477    22.3303     7.0389 0.0000e+00
 127.296771      1.190    13.0437  32.455748    26.9894      1.179  272.37810  272.54550    22.5327     7.0591 0.0000e+00
 127.296774      1.224    13.0436  32.455981    26.9893      1.213  272.37803  272.54543    22.5638     7.0510 -9.990e-29
 127.296777      1.248    13.0435  32.455574    26.9892      1.237  272.37907  272.54647    20.5405     6.9459 -9.990e-29
 127.296780      1.268    13.0431  32.455981    26.9899      1.256  272.38027  272.54763    20.5249     6.9256 -9.990e-29
 127.296782      1.281    13.0430  32.455341    26.9893      1.269  272.38171  272.54907    20.5405     6.9539 -9.990e-29
 127.296785      1.297    13.0427  32.455342    26.9896      1.285  272.38298  272.55032    20.5560     6.9459 -9.990e-29
 127.296788      1.322    13.0426  32.455342    26.9900      1.311  272.38362  272.55096    22.1903     7.1157 0.0000e+00
 127.296791      1.355    13.0427  32.456156    26.9901      1.343  272.38191  272.54924    22.3615     7.0995 0.0000e+00
 127.296794      1.386    13.0429  32.456156    26.9902      1.374  272.38098  272.54833    22.3303     7.1076 0.0000e+00
 127.296797      1.413    13.0429  32.455749    26.9901      1.401  272.38140  272.54875    22.0657     7.1440 -9.990e-29
 127.296800      1.435    13.0429  32.456156    26.9901      1.422  272.38101  272.54836    22.1903     7.1116 -9.990e-29
 127.296803      1.459    13.0427  32.456156    26.9903      1.446  272.38198  272.54931    21.3187     7.3260 -9.990e-29
 127.296806      1.477    13.0428  32.455982    26.9900      1.464  272.38166  272.54900    21.2097     7.3138 -9.990e-29
 127.296808      1.503    13.0426  32.456389    26.9905      1.489  272.38191  272.54924    21.3654     7.3260 -9.990e-29
 127.296811      1.527    13.0426  32.456563    26.9907      1.513  272.38162  272.54895    21.2097     7.3138 -9.990e-29
 127.296814      1.550    13.0426  32.456796    26.9904      1.536  272.38123  272.54856    22.7039     7.3664 -9.990e-29
 127.296817      1.583    13.0429  32.456563    26.9904      1.569  272.38040  272.54774    22.6883     7.3866 0.0000e+00
 127.296820      1.611    13.0429  32.456389    26.9904      1.596  272.38072  272.54807    22.6883     7.3947 -9.990e-29
 127.296823      1.636    13.0427  32.455750    26.9898      1.622  272.38248  272.54983    22.7194     7.3785 -9.990e-29
 127.296826      1.660    13.0425  32.455750    26.9899      1.645  272.38344  272.55077    19.7467     6.9297 -9.990e-29
 127.296829      1.684    13.0422  32.455575    26.9900      1.669  272.38502  272.55234    19.8089     6.9095 -9.990e-29
 127.296832      1.709    13.0419  32.455169    26.9898      1.694  272.38733  272.55462    19.8245     6.9095 -9.990e-29
 127.296834      1.730    13.0419  32.455575    26.9902      1.714  272.38663  272.55392    19.7622     6.9337 -9.990e-29
 127.296837      1.746    13.0416  32.455750    26.9905      1.730  272.38728  272.55455    18.9996     6.8690 -9.990e-29
 127.296840      1.764    13.0418  32.455983    26.9906      1.749  272.38626  272.55354    19.0307     6.8448 -9.990e-29
 127.296843      1.790    13.0418  32.456157    26.9908      1.774  272.38597  272.55325    18.9685     6.8529 -9.990e-29
 127.296846      1.810    13.0420  32.456157    26.9909      1.794  272.38503  272.55233    19.0619     6.8731 -9.990e-29
 127.296849      1.841    13.0421  32.456564    26.9911      1.824  272.38371  272.55101    19.0307     6.8488 0.0000e+00
 127.296852      1.866    13.0424  32.457204    26.9912      1.850  272.38167  272.54898    19.8245     6.9135 0.0000e+00
 127.296855      1.896    13.0427  32.457378    26.9912      1.879  272.38012  272.54745    19.8556     6.9337 0.0000e+00
 127.296858      1.925    13.0430  32.457204    26.9908      1.907  272.37887  272.54622    19.7311     6.9176 0.0000e+00
 127.296861      1.954    13.0429  32.457146    26.9908      1.936  272.37930  272.54665    19.7622     6.9378 0.0000e+00
 127.296863      1.979    13.0431  32.456797    26.9908      1.962  272.37930  272.54666    19.5755     6.9903 -9.990e-29
 127.296866      2.003    13.0429  32.456564    26.9903      1.985  272.38067  272.54801    19.3887     7.0146 -9.990e-29
 127.296869      2.025    13.0425  32.456972    26.9909      2.007  272.38154  272.54886    19.5443     6.9742 -9.990e-29
 127.296872      2.042    13.0425  32.458192    26.9920      2.023  272.37942  272.54673    19.5755     6.9539 -9.990e-29
 127.296875      2.054    13.0431  32.457495    26.9910      2.036  272.37813  272.54548    18.8128     6.9580 -9.990e-29
 127.296878      2.074    13.0432  32.458018    26.9914      2.056  272.37660  272.54395    18.8595     6.9176 -9.990e-29
 127.296881      2.094    13.0435  32.458192    26.9908      2.075  272.37505  272.54242    18.8906     6.9054 -9.990e-29
 127.296884      2.123    13.0439  32.458018    26.9902      2.104  272.37348  272.54088    18.9996     6.9539 0.0000e+00
 127.296887      2.154    13.0441  32.456797    26.9896      2.135  272.37500  272.54242    18.7350     6.9337 0.0000e+00
 127.296889      2.187    13.0435  32.456158    26.9896      2.168  272.37866  272.54605    18.7973     6.9378 0.0000e+00
 127.296892      2.218    13.0429  32.456158    26.9898      2.199  272.38151  272.54886    18.8751     6.9176 0.0000e+00
 127.296895      2.248    13.0425  32.456798    26.9898      2.228  272.38199  272.54931    18.8440     6.9176 0.0000e+00
 127.296898      2.277    13.0426  32.455752    26.9902      2.257  272.38352  272.55086    18.7973     6.9256 0.0000e+00
 127.296901      2.303    13.0425  32.457379    26.9897      2.282  272.38101  272.54833    20.1358     7.1197 -9.990e-29
 127.296904      2.322    13.0429  32.457321    26.9909      2.302  272.37955  272.54689    20.2759     7.1278 -9.990e-29
 127.296907      2.346    13.0431  32.456972    26.9904      2.325  272.37923  272.54658    20.2292     7.1197 -9.990e-29
 127.296910      2.361    13.0432  32.456972    26.9903      2.340  272.37892  272.54628    20.0735     7.1278 -9.990e-29
 127.296913      2.381    13.0432  32.456566    26.9900      2.360  272.37964  272.54701    22.0035     7.2208 -9.990e-29
 127.296916      2.399    13.0432  32.456333    26.9897      2.377  272.38006  272.54743    22.0502     7.2613 -9.990e-29
 127.296918      2.415    13.0430  32.456391    26.9899      2.394  272.38060  272.54796    21.9257     7.2249 -9.990e-29
 127.296921      2.437    13.0429  32.455752    26.9896      2.415  272.38236  272.54972    21.8167     7.2208 -9.990e-29
 127.296924      2.463    13.0424  32.455578    26.9896      2.441  272.38489  272.55221    21.2720     7.2774 0.0000e+00
 127.296927      2.490    13.0419  32.455171    26.9896      2.468  272.38751  272.55481    21.2564     7.2491 0.0000e+00
 127.296930      2.519    13.0416  32.455404    26.9900      2.497  272.38870  272.55597    21.2253     7.2370 0.0000e+00
 127.296933      2.550    13.0413  32.455346    26.9901      2.527  272.39008  272.55734    21.1941     7.2410 0.0000e+00
 127.296936      2.579    13.0413  32.455346    26.9901      2.556  272.39010  272.55735    20.6338     7.3907 0.0000e+00
 127.296939      2.607    13.0415  32.455578    26.9902      2.583  272.38876  272.55603    20.5560     7.3583 0.0000e+00
 127.296942      2.634    13.0414  32.455578    26.9902      2.610  272.38910  272.55636    20.5560     7.3624 -9.990e-29
 127.296944      2.656    13.0414  32.455404    26.9901      2.632  272.38973  272.55699    20.5405     7.3704 -9.990e-29
 127.296947      2.679    13.0414  32.454939    26.9896      2.655  272.39024  272.55751    20.5249     7.4068 -9.990e-29
 127.296950      2.692    13.0414  32.455172    26.9899      2.668  272.39016  272.55742    21.9101     7.2087 -9.990e-29
 127.296953      2.709    13.0412  32.454939    26.9897      2.684  272.39120  272.55846    21.9101     7.1966 -9.990e-29
 127.296956      2.723    13.0411  32.454532    26.9894      2.699  272.39224  272.55950    22.0035     7.1763 -9.990e-29
 127.296959      2.747    13.0408  32.454416    26.9895      2.723  272.39372  272.56096    22.0191     7.1602 -9.990e-29
 127.296962      2.767    13.0406  32.454126    26.9894      2.742  272.39550  272.56272    21.9257     7.1642 -9.990e-29
 127.296965      2.802    13.0404  32.453951    26.9894      2.777  272.39646  272.56367    22.0657     7.1683 0.0000e+00
 127.296968      2.834    13.0402  32.453951    26.9895      2.809  272.39742  272.56462    22.0657     7.1925 0.0000e+00
 127.296970      2.869    13.0401  32.454126    26.9895      2.843  272.39777  272.56496    22.0657     7.1683 0.0000e+00
 127.296973      2.895    13.0402  32.452673    26.9890      2.869  272.39969  272.56691    22.7506     7.5241 0.0000e+00
 127.296976      2.929    13.0401  32.454126    26.9883      2.903  272.39749  272.56469    22.7973     7.5160 -9.990e-29
 127.296979      2.948    13.0401  32.454126    26.9897      2.921  272.39751  272.56470    22.7194     7.5160 -9.990e-29
 127.296982      2.969    13.0403  32.454359    26.9898      2.943  272.39648  272.56369    22.6261     7.4796 -9.990e-29
 127.296985      2.989    13.0404  32.454359    26.9897      2.963  272.39587  272.56308    22.2836     7.3340 -9.990e-29
 127.296988      3.004    13.0404  32.454824    26.9901      2.977  272.39506  272.56227    22.2369     7.3219 -9.990e-29
 127.296991      3.024    13.0406  32.454940    26.9900      2.997  272.39393  272.56115    22.1903     7.3138 -9.990e-29
 127.296994      3.042    13.0405  32.454766    26.9900      3.015  272.39487  272.56209    22.1903     7.3057 -9.990e-29
 127.296997      3.064    13.0406  32.455173    26.9901      3.037  272.39386  272.56108    22.2214     7.3179 -9.990e-29
 127.296999      3.090    13.0406  32.454940    26.9900      3.062  272.39428  272.56150    22.7817     7.3624 0.0000e+00
 127.297002      3.119    13.0403  32.454592    26.9899      3.091  272.39586  272.56306    22.5794     7.3704 0.0000e+00
 127.297005      3.150    13.0402  32.454534    26.9899      3.122  272.39661  272.56381    22.6883     7.3704 0.0000e+00
 127.297008      3.179    13.0401  32.454766    26.9901      3.151  272.39685  272.56404    22.7973     7.3704 0.0000e+00
 127.297011      3.205    13.0400  32.453953    26.9902      3.176  272.39860  272.56579    23.2331     7.4190 -9.990e-29
 127.297014      3.227    13.0400  32.454941    26.9904      3.198  272.39689  272.56407    23.2175     7.4513 -9.990e-29
 127.297017      3.256    13.0401  32.454592    26.9901      3.226  272.39720  272.56439    23.1864     7.4513 -9.990e-29
 127.297020      3.279    13.0401  32.455174    26.9906      3.250  272.39620  272.56339    23.1864     7.4554 -9.990e-29
 127.297023      3.309    13.0401  32.455348    26.9907      3.279  272.39560  272.56279    21.6922     7.1885 -9.990e-29
 127.297025      3.325    13.0403  32.455348    26.9906      3.295  272.39498  272.56218    21.5833     7.1804 -9.990e-29
 127.297028      3.343    13.0403  32.455174    26.9904      3.313  272.39498  272.56219    21.6611     7.1683 -9.990e-29
 127.297031      3.362    13.0404  32.455174    26.9903      3.332  272.39468  272.56189    21.8945     7.1723 -9.990e-29
 127.297034      3.380    13.0404  32.455174    26.9903      3.350  272.39469  272.56190    23.4198     7.1763 -9.990e-29
 127.297037      3.404    13.0406  32.455174    26.9902      3.373  272.39408  272.56129    23.4665     7.3098 -9.990e-29
 127.297040      3.426    13.0406  32.454941    26.9900      3.395  272.39418  272.56140    23.5288     7.3340 -9.990e-29
 127.297043      3.455    13.0406  32.455000    26.9899      3.424  272.39441  272.56163    23.5132     7.2855 0.0000e+00
 127.297046      3.484    13.0405  32.454767    26.9899      3.453  272.39515  272.56237    23.3264     7.3138 0.0000e+00
 127.297049      3.515    13.0404  32.454767    26.9898      3.484  272.39549  272.56270    21.9257     7.5241 -9.990e-29
 127.297052      3.539    13.0402  32.454535    26.9898      3.507  272.39686  272.56405    21.7545     7.4756 -9.990e-29
 127.297054      3.566    13.0401  32.454535    26.9898      3.534  272.39719  272.56438    21.9257     7.5079 0.0000e+00
 127.297057      3.595    13.0400  32.454419    26.9898      3.563  272.39804  272.56523    21.8945     7.5201 0.0000e+00
 127.297060      3.621    13.0398  32.454535    26.9898      3.588  272.39848  272.56566    22.1280     7.3785 -9.990e-29
 127.297063      3.645    13.0399  32.454535    26.9900      3.612  272.39818  272.56537    22.2058     7.3664 -9.990e-29
 127.297066      3.665    13.0399  32.454768    26.9902      3.632  272.39779  272.56497    22.2525     7.3947 -9.990e-29
