Processed/SBE19plus_01907321_2022_05_06_Cast47_wfilter.cnv
* Sea-Bird SBE19plus  Data File:
* FileName = E:\Prandtl Daten\2022\CTD\Raw\SBE19plus_01907321_2022_05_06_Cast47.hex
* Software version 2.6.1.12
* Temperature SN = 7321
* Conductivity SN = 7321
* System UpLoad Time = May 06 2022 11:00:30
* <ApplicationData>
* <Seaterm232>
** Messpraktikum 2022
** CTD 06.05 MP2
** NMEA Latitude = 54 03.522 N
** NMEA Longitude = 008 42.838 E
# nquan = 11
# nvalues = 340                         
# units = specified
# name 0 = timeJ: Julian Days
# name 1 = prdM: Pressure, Strain Gauge [db]
# name 2 = tv290C: Temperature [ITS-90, deg C]
# name 3 = c0mS/cm: Conductivity [mS/cm]
# name 4 = sal00: Salinity, Practical [PSU]
# name 5 = depSM: Depth [salt water, m], lat = 54.00
# name 6 = oxsatMm/Kg: Oxygen Saturation, Weiss [umol/kg]
# name 7 = oxsolMm/Kg: Oxygen Saturation, Garcia & Gordon [umol/kg]
# name 8 = turbWETntu0: Turbidity, WET Labs ECO [NTU]
# name 9 = flECO-AFL: Fluorescence, WET Labs ECO-AFL/FL [mg/m^3]
# name 10 = flag:  0.000e+00
# span 0 = 126.454896, 126.455877       
# span 1 =      0.573,      8.884       
# span 2 =    12.6831,    12.8137       
# span 3 =  32.147531,  32.235282       
# span 4 =    26.9466,    26.9651       
# span 5 =      0.567,      8.804       
# span 6 =  273.77667,  274.51172       
# span 7 =  273.93138,  274.65878       
# span 8 =    37.8167,   106.6416       
# span 9 =    10.6741,    15.9066       
# span 10 = 0.0000e+00, 0.0000e+00      
# interval = seconds: 0.25
# start_time = May 06 2022 10:53:54 [Instrument's time stamp, header]
# bad_flag = -9.990e-29
*END*
[from data line 132]
 126.455278      3.792    12.7424  32.185627    26.9547      3.758  274.17940  274.32995    47.4976    12.5463 0.0000e+00
 126.455281      3.820    12.7400  32.186438    26.9559      3.785  274.18841  274.33880    47.5443    12.5787 0.0000e+00
 126.455284      3.851    12.7385  32.187018    26.9575      3.816  274.19404  274.34432    47.6533    12.5503 0.0000e+00
 126.455286      3.878    12.7382  32.189857    26.9603      3.843  274.19028  274.34052    47.4198    12.5948 0.0000e+00
 126.455289      3.909    12.7403  32.194087    26.9623      3.874  274.17364  274.32398    50.7506    12.8051 0.0000e+00
 126.455292      3.934    12.7439  32.196347    26.9626      3.899  274.15386  274.30440    50.8284    12.7566 0.0000e+00
 126.455295      3.962    12.7479  32.198954    26.9623      3.926  274.13157  274.28235    50.7039    12.7525 -9.990e-29
 126.455298      3.982    12.7516  32.199765    26.9600      3.946  274.11372  274.26473    50.8595    12.7566 -9.990e-29
 126.455301      3.996    12.7549  32.199533    26.9573      3.961  274.09929  274.25053    50.7817    12.7808 -9.990e-29
 126.455304      4.013    12.7569  32.199939    26.9563      3.977  274.09006  274.24141    61.0696    13.8120 -9.990e-29
 126.455307      4.035    12.7577  32.199765    26.9556      3.999  274.08659  274.23800    61.2564    13.7634 -9.990e-29
 126.455310      4.059    12.7580  32.199765    26.9553      4.022  274.08534  274.23677    61.1008    13.7392 -9.990e-29
 126.455313      4.084    12.7577  32.198258    26.9500      4.048  274.08929  274.24072    61.0852    13.8200 -9.990e-29
 126.455315      4.113    12.7570  32.193275    26.9499      4.076  274.10129  274.25272    70.7661    14.2527 0.0000e+00
 126.455318      4.142    12.7534  32.190262    26.9500      4.105  274.12276  274.27398    70.6727    14.1799 0.0000e+00
 126.455321      4.172    12.7486  32.186844    26.9501      4.134  274.15001  274.30095    70.7973    14.2163 0.0000e+00
 126.455324      4.201    12.7439  32.183831    26.9506      4.163  274.17590  274.32657    70.6416    14.1678 0.0000e+00
 126.455327      4.228    12.7390  32.183600    26.9539      4.191  274.19813  274.34848    63.2175    13.4723 0.0000e+00
 126.455330      4.258    12.7357  32.183833    26.9564      4.220  274.21227  274.36241    63.2175    13.5127 0.0000e+00
 126.455333      4.283    12.7339  32.185339    26.9577      4.245  274.21783  274.36783    63.4198    13.5087 0.0000e+00
 126.455336      4.309    12.7341  32.186208    26.9591      4.270  274.21504  274.36505    63.1864    13.5613 -9.990e-29
 126.455339      4.327    12.7352  32.187657    26.9603      4.288  274.20775  274.35781    58.1747    13.7594 -9.990e-29
 126.455341      4.343    12.7367  32.187831    26.9594      4.305  274.20081  274.35098    58.1903    13.7392 -9.990e-29
 126.455344      4.362    12.7376  32.186846    26.9578      4.323  274.19878  274.34901    57.9724    13.7998 -9.990e-29
 126.455347      4.380    12.7379  32.186846    26.9578      4.341  274.19753  274.34778    58.1591    13.7594 -9.990e-29
 126.455350      4.405    12.7378  32.187020    26.9579      4.366  274.19755  274.34779    58.0502    13.7311 0.0000e+00
 126.455353      4.433    12.7379  32.187251    26.9578      4.393  274.19653  274.34678    74.2058    14.6247 0.0000e+00
 126.455356      4.466    12.7379  32.185919    26.9568      4.426  274.19923  274.34948    74.1903    14.5722 0.0000e+00
 126.455359      4.493    12.7371  32.184239    26.9557      4.453  274.20539  274.35561    74.2058    14.6409 0.0000e+00
 126.455362      4.522    12.7354  32.180357    26.9543      4.482  274.22019  274.37033    74.3770    14.6328 0.0000e+00
 126.455365      4.552    12.7319  32.178735    26.9538      4.511  274.23825  274.38818    69.8945    14.6328 0.0000e+00
 126.455367      4.577    12.7289  32.179373    26.9543      4.536  274.25072  274.40045    69.8945    14.6247 -9.990e-29
 126.455370      4.601    12.7268  32.177345    26.9567      4.560  274.26349  274.41311    69.9568    14.5883 -9.990e-29
 126.455373      4.624    12.7247  32.176535    26.9574      4.583  274.27411  274.42360    69.8012    14.5803 -9.990e-29
 126.455376      4.645    12.7229  32.175550    26.9578      4.603  274.28408  274.43346    70.9685    14.7299 -9.990e-29
 126.455379      4.663    12.7215  32.175956    26.9591      4.621  274.28938  274.43866    70.7973    14.7137 -9.990e-29
 126.455382      4.677    12.7209  32.175724    26.9593      4.635  274.29233  274.44158    70.8128    14.6854 -9.990e-29
 126.455385      4.699    12.7205  32.175550    26.9594      4.657  274.29455  274.44377    70.9062    14.7339 -9.990e-29
 126.455388      4.723    12.7201  32.174913    26.9584      4.681  274.29759  274.44679    72.9762    14.6935 -9.990e-29
 126.455391      4.750    12.7196  32.173697    26.9585      4.708  274.30198  274.45116    73.1163    14.6490 0.0000e+00
 126.455394      4.776    12.7192  32.173697    26.9586      4.733  274.30357  274.45273    73.2253    14.6207 0.0000e+00
 126.455396      4.807    12.7184  32.173118    26.9586      4.764  274.30841  274.45752    73.2720    14.6773 0.0000e+00
 126.455399      4.840    12.7173  32.171554    26.9587      4.796  274.31595  274.46500    72.9762    14.6490 -9.990e-29
 126.455402      4.863    12.7159  32.171728    26.9589      4.820  274.32197  274.47093    73.2097    14.3376 -9.990e-29
 126.455405      4.894    12.7149  32.170685    26.9591      4.851  274.32827  274.47717    73.3342    14.3498 0.0000e+00
 126.455408      4.922    12.7140  32.170512    26.9591      4.878  274.33238  274.48123    73.0074    14.3700 0.0000e+00
 126.455411      4.951    12.7132  32.170106    26.9593      4.907  274.33660  274.48540    73.1630    14.3498 -9.990e-29
 126.455414      4.975    12.7123  32.168658    26.9588      4.930  274.34329  274.49205    72.8673    14.6935 -9.990e-29
 126.455417      4.989    12.7113  32.168484    26.9594      4.945  274.34803  274.49673    72.6805    14.7016 -9.990e-29
 126.455420      5.006    12.7102  32.167847    26.9596      4.961  274.35423  274.50285    72.5249    14.6611 -9.990e-29
 126.455422      5.026    12.7092  32.168253    26.9606      4.981  274.35763  274.50619    72.4004    14.6611 -9.990e-29
 126.455425      5.047    12.7085  32.168253    26.9604      5.002  274.36080  274.50932    64.8984    14.5034 -9.990e-29
 126.455428      5.075    12.7082  32.167269    26.9604      5.030  274.36383  274.51234    65.3965    14.4266 0.0000e+00
 126.455431      5.104    12.7084  32.169702    26.9604      5.059  274.35890  274.50739    65.0852    14.4832 -9.990e-29
 126.455434      5.128    12.7090  32.171092    26.9628      5.082  274.35360  274.50212    65.1319    14.5115 -9.990e-29
 126.455437      5.161    12.7107  32.171729    26.9626      5.115  274.34523  274.49385    67.1241    14.0141 0.0000e+00
 126.455440      5.186    12.7122  32.172482    26.9623      5.140  274.33696  274.48567    66.9218    14.0182 0.0000e+00
 126.455443      5.212    12.7135  32.173061    26.9621      5.165  274.33026  274.47905    67.1241    14.0344 0.0000e+00
 126.455446      5.243    12.7146  32.172482    26.9619      5.196  274.32657  274.47544    67.1708    14.0182 -9.990e-29
 126.455448      5.263    12.7152  32.173525    26.9611      5.216  274.32189  274.47079    67.2486    14.0263 -9.990e-29
 126.455451      5.285    12.7159  32.173293    26.9605      5.238  274.31947  274.46841    71.5910    14.4549 -9.990e-29
 126.455454      5.305    12.7160  32.172714    26.9598      5.258  274.31988  274.46884    71.5755    14.4711 -9.990e-29
 126.455457      5.321    12.7158  32.172308    26.9596      5.274  274.32156  274.47051    71.6066    14.4751 -9.990e-29
 126.455460      5.336    12.7155  32.172309    26.9598      5.288  274.32283  274.47176    71.6377    14.4913 -9.990e-29
 126.455463      5.356    12.7149  32.172135    26.9600      5.308  274.32568  274.47458    67.5132    14.2325 -9.990e-29
 126.455466      5.378    12.7146  32.171556    26.9594      5.330  274.32830  274.47718    67.5755    14.2204 -9.990e-29
 126.455469      5.409    12.7142  32.170919    26.9595      5.361  274.33103  274.47989    67.5132    14.2365 0.0000e+00
 126.455472      5.435    12.7134  32.170513    26.9595      5.386  274.33556  274.48437    67.2953    14.2002 0.0000e+00
 126.455475      5.466    12.7128  32.171498    26.9596      5.417  274.33636  274.48512    66.0502    13.8039 -9.990e-29
 126.455477      5.491    12.7133  32.173700    26.9651      5.442  274.33026  274.47903    66.3615    13.8120 -9.990e-29
 126.455480      5.524    12.7154  32.177987    26.9640      5.475  274.31351  274.46237    66.0813    13.8686 0.0000e+00
 126.455483      5.550    12.7186  32.177986    26.9628      5.500  274.29931  274.44838    66.2214    13.8160 0.0000e+00
 126.455486      5.579    12.7210  32.177986    26.9619      5.529  274.28858  274.43782    57.3342    13.2984 0.0000e+00
 126.455489      5.604    12.7224  32.180535    26.9610      5.554  274.27808  274.42738    57.5988    13.3510 -9.990e-29
 126.455492      5.626    12.7247  32.182216    26.9623      5.576  274.26500  274.41443    57.2875    13.3308 -9.990e-29
 126.455495      5.644    12.7272  32.183432    26.9617      5.594  274.25180  274.40138    57.3342    13.2984 -9.990e-29
 126.455498      5.663    12.7299  32.185402    26.9615      5.612  274.23599  274.38574    57.3965    13.3429 -9.990e-29
 126.455501      5.681    12.7322  32.186445    26.9608      5.630  274.22405  274.37393    60.1513    13.5976 -9.990e-29
 126.455503      5.705    12.7344  32.187835    26.9601      5.654  274.21212  274.36213    60.2759    13.5855 -9.990e-29
 126.455506      5.735    12.7364  32.188878    26.9593      5.684  274.20113  274.35127    60.2914    13.6098 0.0000e+00
 126.455509      5.763    12.7381  32.188414    26.9584      5.711  274.19439  274.34464    60.2603    13.6179 0.0000e+00
 126.455512      5.790    12.7392  32.188878    26.9584      5.738  274.18884  274.33916    56.7428    13.6138 0.0000e+00
 126.455515      5.821    12.7401  32.189863    26.9584      5.769  274.18333  274.33369    56.6494    13.5491 0.0000e+00
 126.455518      5.846    12.7411  32.191080    26.9586      5.794  274.17676  274.32718    56.8984    13.5936 0.0000e+00
 126.455521      5.874    12.7422  32.191485    26.9588      5.821  274.17101  274.32150    56.8050    13.5653 -9.990e-29
 126.455524      5.895    12.7429  32.190848    26.9572      5.843  274.16899  274.31953    60.9918    13.7594 -9.990e-29
 126.455527      5.923    12.7436  32.191485    26.9573      5.870  274.16504  274.31562    61.1475    13.7311 -9.990e-29
 126.455530      5.941    12.7439  32.191891    26.9574      5.888  274.16275  274.31335    61.0074    13.7917 -9.990e-29
 126.455532      5.963    12.7444  32.191717    26.9570      5.910  274.16118  274.31180    60.8984    13.7796 -9.990e-29
 126.455535      5.976    12.7449  32.192065    26.9569      5.923  274.15804  274.30870    67.9179    13.9211 -9.990e-29
 126.455538      5.996    12.7452  32.192471    26.9565      5.942  274.15639  274.30706    67.8401    14.3942 -9.990e-29
 126.455541      6.022    12.7452  32.191891    26.9564      5.968  274.15712  274.30780    67.7155    14.3821 0.0000e+00
 126.455544      6.049    12.7453  32.191891    26.9564      5.995  274.15682  274.30750    67.9646    14.3659 0.0000e+00
 126.455547      6.076    12.7449  32.190501    26.9554      6.022  274.16120  274.31187    67.9801    14.4266 0.0000e+00
 126.455550      6.107    12.7439  32.187835    26.9536      6.052  274.17005  274.32068    73.3498    14.8148 0.0000e+00
 126.455553      6.138    12.7419  32.185170    26.9526      6.083  274.18395  274.33448    73.1475    14.7824 0.0000e+00
 126.455556      6.169    12.7391  32.183027    26.9526      6.114  274.19978  274.35015    73.3965    14.8148 0.0000e+00
 126.455558      6.196    12.7362  32.181405    26.9531      6.141  274.21563  274.36582    73.5833    14.7824 0.0000e+00
 126.455561      6.224    12.7332  32.183028    26.9550      6.168  274.22604  274.37602    74.8128    15.1140 0.0000e+00
 126.455564      6.253    12.7318  32.181811    26.9568      6.197  274.23453  274.38444    74.7039    15.0453 -9.990e-29
 126.455567      6.273    12.7305  32.179552    26.9555      6.217  274.24424  274.39408    74.8751    15.0614 -9.990e-29
 126.455570      6.297    12.7287  32.178335    26.9556      6.241  274.25431  274.40405    74.7661    15.0614 -9.990e-29
 126.455573      6.312    12.7265  32.175555    26.9546      6.255  274.26905  274.41867    73.2097    15.0129 -9.990e-29
 126.455576      6.330    12.7235  32.173643    26.9550      6.273  274.28572  274.43517    73.1630    14.9967 -9.990e-29
 126.455579      6.350    12.7202  32.172717    26.9565      6.293  274.30191  274.45115    73.2720    15.0089 -9.990e-29
 126.455582      6.374    12.7177  32.172311    26.9576      6.317  274.31371  274.46279    73.5521    14.9806 -9.990e-29
 126.455584      6.399    12.7165  32.171095    26.9579      6.342  274.32125  274.47027    73.2720    14.9927 0.0000e+00
 126.455587      6.428    12.7151  32.170690    26.9582      6.370  274.32831  274.47723    74.6105    15.0129 0.0000e+00
 126.455590      6.455    12.7137  32.170111    26.9584      6.398  274.33568  274.48451    74.2058    15.0210 0.0000e+00
 126.455593      6.483    12.7124  32.169879    26.9587      6.425  274.34148  274.49024    74.5015    15.0251 -9.990e-29
 126.455596      6.507    12.7114  32.169242    26.9600      6.448  274.34705  274.49575    74.2681    15.0251 -9.990e-29
 126.455599      6.534    12.7107  32.169300    26.9600      6.476  274.35044  274.49908    77.4743    15.0129 0.0000e+00
 126.455602      6.562    12.7102  32.168895    26.9600      6.503  274.35339  274.50201    77.2720    15.0372 -9.990e-29
 126.455605      6.586    12.7095  32.167679    26.9593      6.527  274.35841  274.50699    77.5366    15.0251 -9.990e-29
 126.455608      6.604    12.7089  32.167447    26.9596      6.545  274.36167  274.51022    77.7078    15.0170 -9.990e-29
 126.455611      6.618    12.7080  32.166868    26.9597      6.559  274.36682  274.51531    75.0774    14.7824 -9.990e-29
 126.455613      6.638    12.7070  32.165651    26.9592      6.579  274.37310  274.52154    74.9685    14.7622 -9.990e-29
 126.455616      6.657    12.7058  32.165246    26.9597      6.597  274.37920  274.52757    75.2019    14.7056 -9.990e-29
 126.455619      6.684    12.7049  32.165941    26.9610      6.624  274.38209  274.53039    75.1397    14.7663 -9.990e-29
 126.455622      6.709    12.7046  32.166057    26.9604      6.649  274.38317  274.53145    78.2058    15.0493 -9.990e-29
 126.455625      6.740    12.7047  32.165246    26.9607      6.680  274.38399  274.53230    78.6416    15.0978 0.0000e+00
 126.455628      6.770    12.7044  32.165478    26.9604      6.709  274.38518  274.53346    78.2681    15.0574 0.0000e+00
 126.455631      6.800    12.7041  32.164667    26.9609      6.740  274.38791  274.53617    78.3459    15.0857 0.0000e+00
 126.455634      6.828    12.7039  32.165247    26.9607      6.767  274.38784  274.53609    78.4704    15.0453 0.0000e+00
 126.455637      6.855    12.7037  32.164262    26.9610      6.794  274.39024  274.53849    75.6533    14.6894 -9.990e-29
 126.455639      6.880    12.7031  32.163046    26.9595      6.819  274.39526  274.54348    75.6689    14.7703 -9.990e-29
 126.455642      6.908    12.7023  32.163857    26.9608      6.846  274.39731  274.54547    75.6844    14.7420 -9.990e-29
 126.455645      6.928    12.7019  32.164031    26.9613      6.866  274.39891  274.54704    75.3109    14.7258 -9.990e-29
 126.455648      6.942    12.7017  32.164031    26.9614      6.880  274.39956  274.54767    74.5638    14.6490 -9.990e-29
 126.455651      6.962    12.7020  32.163857    26.9611      6.900  274.39893  274.54706    74.7350    14.5883 -9.990e-29
