Processed/SBE19plus_01907321_2022_05_09_Cast92_wfilter.cnv
* Sea-Bird SBE19plus  Data File:
* FileName = E:\Prandtl Daten\2022\CTD\Raw\SBE19plus_01907321_2022_05_08_Cast92.hex
* Software version 2.6.1.12
* Temperature SN = 7321
* Conductivity SN = 7321
* System UpLoad Time = May 09 2022 06:52:03
* <ApplicationData>
* <Seaterm232>
** Messpraktikum 2022
** CTD 09.05 BW2
** NMEA Latitude = 54 07.846 N
** NMEA Longitude = 008 44.966 E
# nquan = 11
# nvalues = 724                         
# units = specified
# name 0 = timeJ: Julian Days
# name 1 = prdM: Pressure, Strain Gauge [db]
# name 2 = tv290C: Temperature [ITS-90, deg C]
# name 3 = c0mS/cm: Conductivity [mS/cm]
# name 4 = sal00: Salinity, Practical [PSU]
# name 5 = depSM: Depth [salt water, m], lat = 54.00
# name 6 = oxsatMm/Kg: Oxygen Saturation, Weiss [umol/kg]
# name 7 = oxsolMm/Kg: Oxygen Saturation, Garcia & Gordon [umol/kg]
# name 8 = turbWETntu0: Turbidity, WET Labs ECO [NTU]
# name 9 = flECO-AFL: Fluorescence, WET Labs ECO-AFL/FL [mg/m^3]
# name 10 = flag:  0.000e+00
# span 0 = 129.280072, 129.282164       
# span 1 =      0.568,     17.300       
# span 2 =    12.9292,    12.9653       
# span 3 =  32.389814,  32.500524       
# span 4 =    26.9925,    27.1061       
# span 5 =      0.563,     17.145       
# span 6 =  272.75532,  272.93442       
# span 7 =  272.91649,  273.09580       
# span 8 =    -6.3389,    27.3887       
# span 9 =    -0.1709,     6.7639       
# span 10 = 0.0000e+00, 0.0000e+00      
# interval = seconds: 0.25
# start_time = May 09 2022 06:42:01 [Instrument's time stamp, header]
# bad_flag = -9.990e-29
*END*
[from data line 132]
 129.280454      3.639    12.9537  32.396725    26.9981      3.606  272.87669  273.03890     3.3109     2.8254 -9.990e-29
 129.280457      3.659    12.9540  32.397131    26.9982      3.626  272.87441  273.03664     3.3576     2.8092 -9.990e-29
 129.280460      3.681    12.9545  32.397131    26.9978      3.648  272.87222  273.03448     3.2953     2.7688 -9.990e-29
 129.280463      3.706    12.9547  32.397131    26.9977      3.673  272.87160  273.03387     3.2953     2.7809 -9.990e-29
 129.280466      3.734    12.9548  32.395679    26.9963      3.701  272.87385  273.03614     3.2642     2.7971 -9.990e-29
 129.280469      3.758    12.9545  32.395912    26.9967      3.724  272.87441  273.03668     4.0268     3.0963 -9.990e-29
 129.280472      3.783    12.9540  32.395098    26.9963      3.750  272.87837  273.04061     3.9179     3.1044 -9.990e-29
 129.280475      3.809    12.9532  32.394924    26.9967      3.775  272.88216  273.04436     4.1980     3.0963 -9.990e-29
 129.280477      3.825    12.9525  32.394285    26.9966      3.791  272.88645  273.04860     4.1669     3.0923 -9.990e-29
 129.280480      3.856    12.9515  32.392659    26.9958      3.822  272.89342  273.05553     3.7622     3.1489 -9.990e-29
 129.280483      3.876    12.9504  32.392601    26.9965      3.841  272.89858  273.06061     3.8556     3.2095 -9.990e-29
 129.280486      3.894    12.9490  32.391033    26.9961      3.859  272.90733  273.06929     3.8556     3.1691 -9.990e-29
 129.280489      3.909    12.9475  32.390046    26.9962      3.874  272.91569  273.07757     3.7622     3.1651 -9.990e-29
 129.280492      3.929    12.9456  32.389814    26.9974      3.894  272.92462  273.08638     4.0891     3.0963 -9.990e-29
 129.280495      3.955    12.9440  32.390627    26.9992      3.919  272.93015  273.09180     4.0580     3.1044 -9.990e-29
 129.280498      3.980    12.9433  32.392196    27.0015      3.945  272.93057  273.09215     4.0268     3.1165 -9.990e-29
 129.280501      4.006    12.9435  32.392661    27.0021      3.970  272.92882  273.09042     4.0580     3.1125 0.0000e+00
 129.280503      4.033    12.9433  32.393706    27.0026      3.997  272.92795  273.08952     3.8245     3.0842 0.0000e+00
 129.280506      4.060    12.9431  32.394113    27.0030      4.024  272.92789  273.08945     3.7934     3.3551 0.0000e+00
 129.280509      4.090    12.9429  32.395101    27.0035      4.053  272.92712  273.08865     3.7622     3.3632 0.0000e+00
 129.280512      4.115    12.9430  32.394520    27.0038      4.078  272.92784  273.08938     3.7778     3.3430 0.0000e+00
 129.280515      4.143    12.9430  32.395914    27.0035      4.106  272.92541  273.08694     3.7934     3.3632 -9.990e-29
 129.280518      4.166    12.9428  32.396960    27.0058      4.129  272.92422  273.08574     4.9762     3.1287 -9.990e-29
 129.280521      4.188    12.9424  32.397366    27.0065      4.151  272.92541  273.08690     5.0696     3.0882 -9.990e-29
 129.280524      4.205    12.9421  32.397366    27.0067      4.167  272.92669  273.08815     5.0852     3.0721 -9.990e-29
 129.280527      4.221    12.9416  32.397367    27.0070      4.183  272.92890  273.09033     5.0385     3.0761 -9.990e-29
 129.280530      4.234    12.9415  32.397425    27.0072      4.196  272.92944  273.09086     4.0891     3.1206 -9.990e-29
 129.280532      4.255    12.9411  32.397541    27.0076      4.217  272.93083  273.09222     4.0113     3.0923 -9.990e-29
 129.280535      4.277    12.9410  32.397948    27.0080      4.239  272.93044  273.09183     4.0424     3.1246 -9.990e-29
 129.280538      4.306    12.9407  32.397774    27.0080      4.268  272.93203  273.09340     4.0424     3.1408 0.0000e+00
 129.280541      4.335    12.9407  32.397774    27.0080      4.297  272.93205  273.09342     4.7739     3.3025 0.0000e+00
 129.280544      4.363    12.9407  32.397832    27.0080      4.324  272.93196  273.09333     4.8206     3.2783 0.0000e+00
 129.280547      4.392    12.9409  32.397774    27.0080      4.352  272.93145  273.09283     4.8517     3.2985 0.0000e+00
 129.280550      4.419    12.9407  32.397948    27.0080      4.380  272.93211  273.09348     4.7272     3.2823 0.0000e+00
 129.280553      4.447    12.9407  32.397774    27.0082      4.407  272.93243  273.09380     3.9023     3.2904 -9.990e-29
 129.280556      4.471    12.9405  32.397774    27.0081      4.431  272.93308  273.09444     3.7778     2.9710 -9.990e-29
 129.280558      4.491    12.9407  32.397600    27.0078      4.451  272.93245  273.09383     3.7778     2.9750 -9.990e-29
 129.280561      4.507    12.9408  32.397774    27.0079      4.467  272.93184  273.09322     3.7622     3.0074 -9.990e-29
 129.280564      4.525    12.9409  32.397542    27.0076      4.485  272.93194  273.09333     3.8245     2.9750 -9.990e-29
 129.280567      4.540    12.9410  32.396961    27.0070      4.500  272.93266  273.09405     3.8401     3.1731 -9.990e-29
 129.280570      4.557    12.9408  32.396961    27.0071      4.516  272.93330  273.09468     3.8089     3.1772 -9.990e-29
 129.280573      4.578    12.9406  32.397019    27.0073      4.537  272.93416  273.09553     3.8556     3.1367 -9.990e-29
 129.280576      4.598    12.9405  32.397135    27.0074      4.557  272.93428  273.09565     3.7622     3.1772 -9.990e-29
 129.280579      4.628    12.9407  32.397136    27.0074      4.586  272.93367  273.09504     4.6805     3.2500 0.0000e+00
 129.280582      4.657    12.9407  32.397368    27.0074      4.615  272.93296  273.09434     4.5560     3.2378 0.0000e+00
 129.280584      4.690    12.9407  32.396729    27.0075      4.648  272.93442  273.09580     4.6494     3.2176 -9.990e-29
 129.280587      4.715    12.9407  32.397136    27.0075      4.673  272.93373  273.09510     4.5249     3.2338 -9.990e-29
 129.280590      4.743    12.9407  32.397426    27.0075      4.700  272.93292  273.09429     3.8245     3.0963 0.0000e+00
 129.280593      4.772    12.9410  32.397543    27.0075      4.729  272.93179  273.09318     3.8556     3.0721 -9.990e-29
 129.280596      4.796    12.9409  32.396962    27.0070      4.753  272.93314  273.09453     3.8556     3.0882 -9.990e-29
 129.280599      4.819    12.9409  32.397369    27.0074      4.776  272.93244  273.09383     3.8245     3.0923 -9.990e-29
 129.280602      4.834    12.9408  32.397543    27.0076      4.791  272.93246  273.09384     3.8245     3.0923 -9.990e-29
 129.280605      4.852    12.9410  32.397601    27.0075      4.809  272.93174  273.09313     3.8245     3.1165 -9.990e-29
 129.280608      4.869    12.9409  32.397950    27.0079      4.825  272.93145  273.09283     3.7778     3.1004 -9.990e-29
 129.280611      4.889    12.9411  32.397950    27.0077      4.845  272.93052  273.09191     3.7622     3.1084 -9.990e-29
 129.280613      4.906    12.9408  32.398182    27.0079      4.863  272.93138  273.09276     3.7934     3.0801 -9.990e-29
 129.280616      4.932    12.9409  32.397950    27.0078      4.888  272.93149  273.09287     4.3692     3.2136 0.0000e+00
 129.280619      4.958    12.9410  32.397834    27.0077      4.914  272.93140  273.09278     4.3537     3.2176 0.0000e+00
 129.280622      4.984    12.9409  32.397776    27.0077      4.939  272.93183  273.09321     4.1980     3.2095 0.0000e+00
 129.280625      5.011    12.9408  32.397776    27.0077      4.966  272.93216  273.09354     4.3070     3.2176 0.0000e+00
 129.280628      5.039    12.9408  32.398182    27.0077      4.994  272.93147  273.09284     4.6183     3.3591 -9.990e-29
 129.280631      5.062    12.9410  32.398357    27.0083      5.017  272.93055  273.09193     4.4782     3.3753 -9.990e-29
 129.280634      5.090    12.9410  32.398589    27.0083      5.044  272.93016  273.09154     4.5871     3.3470 0.0000e+00
 129.280637      5.115    12.9411  32.398764    27.0083      5.070  272.92924  273.09062     4.6494     3.3511 -9.990e-29
 129.280639      5.134    12.9412  32.398764    27.0083      5.088  272.92893  273.09033     3.9957     3.1084 -9.990e-29
 129.280642      5.152    12.9414  32.398996    27.0084      5.106  272.92759  273.08900     4.0735     3.0963 -9.990e-29
 129.280645      5.170    12.9413  32.399170    27.0086      5.124  272.92761  273.08901     4.0891     3.1327 -9.990e-29
 129.280648      5.186    12.9412  32.399170    27.0087      5.140  272.92825  273.08964     4.0113     3.1206 -9.990e-29
 129.280651      5.210    12.9411  32.398996    27.0086      5.163  272.92889  273.09028     4.1358     3.1084 -9.990e-29
 129.280654      5.237    12.9410  32.398996    27.0087      5.190  272.92922  273.09060     4.3692     3.1125 0.0000e+00
 129.280657      5.263    12.9410  32.399171    27.0087      5.216  272.92925  273.09062     4.2914     3.0842 0.0000e+00
 129.280660      5.292    12.9411  32.398590    27.0088      5.245  272.92965  273.09105     4.3537     3.1165 -9.990e-29
 129.280663      5.316    12.9412  32.398997    27.0085      5.268  272.92864  273.09003     4.3226     3.1165 -9.990e-29
 129.280666      5.345    12.9411  32.399171    27.0087      5.297  272.92867  273.09006     4.0268     3.2945 -9.990e-29
 129.280668      5.368    12.9411  32.399171    27.0087      5.320  272.92868  273.09007     3.9957     3.3025 -9.990e-29
 129.280671      5.395    12.9412  32.399171    27.0086      5.347  272.92807  273.08947     4.1513     3.3025 -9.990e-29
 129.280674      5.419    12.9412  32.399171    27.0086      5.371  272.92809  273.08948     4.1513     3.2945 -9.990e-29
 129.280677      5.441    12.9413  32.399578    27.0089      5.392  272.92707  273.08847     4.7739     3.1165 -9.990e-29
 129.280680      5.461    12.9413  32.399346    27.0087      5.412  272.92749  273.08889     4.7895     3.0963 -9.990e-29
 129.280683      5.475    12.9412  32.400217    27.0095      5.426  272.92629  273.08767     4.7739     3.0640 -9.990e-29
 129.280686      5.492    12.9412  32.401611    27.0108      5.443  272.92417  273.08554     4.7428     3.1084 -9.990e-29
 129.280689      5.514    12.9411  32.402018    27.0113      5.465  272.92378  273.08514     4.3226     3.1610 -9.990e-29
 129.280692      5.530    12.9410  32.402425    27.0119      5.481  272.92340  273.08475     4.2914     3.1448 -9.990e-29
 129.280694      5.558    12.9410  32.402657    27.0119      5.508  272.92300  273.08435     4.2292     3.1812 0.0000e+00
 129.280697      5.589    12.9412  32.401844    27.0119      5.539  272.92382  273.08519     4.3226     3.1651 -9.990e-29
 129.280700      5.614    12.9410  32.402832    27.0121      5.564  272.92305  273.08439     4.3381     3.1287 -9.990e-29
 129.280703      5.645    12.9411  32.402425    27.0116      5.595  272.92315  273.08451     3.8245     3.0923 -9.990e-29
 129.280706      5.667    12.9411  32.403238    27.0124      5.616  272.92174  273.08309     3.8401     3.0721 -9.990e-29
 129.280709      5.692    12.9410  32.403239    27.0124      5.642  272.92239  273.08373     3.7934     3.1287 0.0000e+00
 129.280712      5.718    12.9409  32.403239    27.0124      5.667  272.92272  273.08405     3.8245     3.0680 -9.990e-29
 129.280715      5.738    12.9409  32.403645    27.0128      5.687  272.92202  273.08335     4.6183     3.3794 -9.990e-29
 129.280718      5.756    12.9410  32.403239    27.0123      5.705  272.92211  273.08346     4.5871     3.3308 -9.990e-29
 129.280720      5.772    12.9411  32.404052    27.0130      5.721  272.92038  273.08172     4.6183     3.3470 -9.990e-29
 129.280723      5.791    12.9412  32.404459    27.0133      5.739  272.91905  273.08040     4.6183     3.3834 -9.990e-29
 129.280726      5.812    12.9413  32.404401    27.0132      5.760  272.91885  273.08020     4.2603     3.1125 -9.990e-29
 129.280729      5.833    12.9412  32.404459    27.0133      5.781  272.91939  273.08073     4.2603     3.1206 -9.990e-29
 129.280732      5.860    12.9412  32.404691    27.0135      5.807  272.91869  273.08003     4.2759     3.1206 -9.990e-29
 129.280735      5.885    12.9411  32.404459    27.0136      5.833  272.91974  273.08108     4.2759     3.0882 -9.990e-29
 129.280738      5.916    12.9411  32.404692    27.0136      5.864  272.91935  273.08069     3.9801     3.0761 0.0000e+00
 129.280741      5.944    12.9409  32.404576    27.0136      5.891  272.92052  273.08184     4.0735     3.0882 -9.990e-29
 129.280744      5.968    12.9411  32.404692    27.0136      5.914  272.91938  273.08072     4.0424     3.1125 -9.990e-29
 129.280747      5.995    12.9411  32.404692    27.0136      5.941  272.91940  273.08074     4.1513     3.1084 -9.990e-29
 129.280749      6.015    12.9412  32.404460    27.0133      5.961  272.91951  273.08085     3.9957     3.1287 -9.990e-29
 129.280752      6.041    12.9410  32.404692    27.0136      5.987  272.92006  273.08139     4.1047     3.2702 -9.990e-29
 129.280755      6.054    12.9411  32.404402    27.0133      6.000  272.91995  273.08129     4.0735     3.2945 -9.990e-29
 129.280758      6.074    12.9411  32.404692    27.0135      6.020  272.91945  273.08079     4.0891     3.2581 -9.990e-29
 129.280761      6.094    12.9411  32.405099    27.0139      6.040  272.91875  273.08009     3.9957     3.2945 -9.990e-29
 129.280764      6.111    12.9410  32.404692    27.0136      6.056  272.92011  273.08143     4.3226     3.2864 -9.990e-29
 129.280767      6.131    12.9412  32.405506    27.0145      6.076  272.91775  273.07908     4.3848     3.3106 -9.990e-29
 129.280770      6.160    12.9411  32.405738    27.0146      6.105  272.91767  273.07900     4.2603     3.2864 0.0000e+00
 129.280773      6.186    12.9411  32.405912    27.0146      6.130  272.91738  273.07871     4.3070     3.2702 0.0000e+00
 129.280775      6.215    12.9410  32.406494    27.0152      6.159  272.91701  273.07832     4.2914     3.3591 0.0000e+00
 129.280778      6.242    12.9412  32.406900    27.0153      6.187  272.91537  273.07669     4.4004     3.3591 0.0000e+00
 129.280781      6.270    12.9412  32.406726    27.0154      6.214  272.91569  273.07702     4.2603     3.3470 0.0000e+00
 129.280784      6.301    12.9412  32.407133    27.0153      6.245  272.91469  273.07601     4.4626     3.3794 -9.990e-29
 129.280787      6.323    12.9414  32.407133    27.0155      6.266  272.91407  273.07540     4.2603     3.0437 -9.990e-29
 129.280790      6.343    12.9414  32.407133    27.0155      6.286  272.91408  273.07542     4.3381     3.0195 -9.990e-29
 129.280793      6.361    12.9415  32.406320    27.0146      6.304  272.91489  273.07624     4.3070     3.0357 -9.990e-29
 129.280796      6.381    12.9415  32.407133    27.0154      6.324  272.91379  273.07513     4.3848     3.0074 -9.990e-29
 129.280799      6.395    12.9412  32.407307    27.0158      6.338  272.91476  273.07607     4.3692     3.0074 -9.990e-29
 129.280802      6.415    12.9415  32.407133    27.0154      6.358  272.91381  273.07515     4.5560     3.2055 -9.990e-29
 129.280804      6.432    12.9412  32.407133    27.0156      6.374  272.91477  273.07610     4.6183     3.2217 -9.990e-29
 129.280807      6.457    12.9412  32.406901    27.0154      6.400  272.91551  273.07683     4.4626     3.2581 -9.990e-29
 129.280810      6.483    12.9412  32.406901    27.0155      6.425  272.91553  273.07685     4.5405     3.1893 0.0000e+00
 129.280813      6.509    12.9411  32.407134    27.0154      6.450  272.91545  273.07677     4.7428     3.1448 0.0000e+00
 129.280816      6.540    12.9412  32.406727    27.0154      6.481  272.91587  273.07719     4.8829     3.1246 0.0000e+00
 129.280819      6.565    12.9413  32.406727    27.0152      6.506  272.91525  273.07659     4.7584     3.1651 -9.990e-29
 129.280822      6.590    12.9410  32.406495    27.0151      6.532  272.91694  273.07826     4.8517     3.1287 -9.990e-29
 129.280825      6.618    12.9411  32.406495    27.0150      6.559  272.91664  273.07796     4.7739     3.1651 -9.990e-29
 129.280828      6.643    12.9410  32.406495    27.0150      6.584  272.91697  273.07829     4.7895     3.1772 -9.990e-29
