Processed/SBE19plus_01907321_2022_05_10_Cast116_wfilter.cnv
* Sea-Bird SBE19plus  Data File:
* FileName = E:\Prandtl_Daten\2022\CTD\Raw\SBE19plus_01907321_2022_05_10_Cast116.hex
* Software version 2.6.1.12
* Temperature SN = 7321
* Conductivity SN = 7321
* System UpLoad Time = May 10 2022 13:36:28
* <ApplicationData>
* <Seaterm232>
** Messpraktikum 2022
** CTD 10.05  Mp2
** NMEA Latitude = 54 04.13N
** NMEA Longitude = 008 42.08E
# nquan = 11
# nvalues = 445                         
# units = specified
# name 0 = timeJ: Julian Days
# name 1 = prdM: Pressure, Strain Gauge [db]
# name 2 = tv290C: Temperature [ITS-90, deg C]
# name 3 = c0mS/cm: Conductivity [mS/cm]
# name 4 = sal00: Salinity, Practical [PSU]
# name 5 = depSM: Depth [salt water, m], lat = 54.00
# name 6 = oxsatMm/Kg: Oxygen Saturation, Weiss [umol/kg]
# name 7 = oxsolMm/Kg: Oxygen Saturation, Garcia & Gordon [umol/kg]
# name 8 = turbWETntu0: Turbidity, WET Labs ECO [NTU]
# name 9 = flECO-AFL: Fluorescence, WET Labs ECO-AFL/FL [mg/m^3]
# name 10 = flag:  0.000e+00
# span 0 = 130.562833, 130.564117       
# span 1 =      0.250,      9.775       
# span 2 =    14.0787,    14.1803       
# span 3 =  33.123911,  33.251693       
# span 4 =    26.8670,    26.9160       
# span 5 =      0.248,      9.687       
# span 6 =  266.16444,  266.79832       
# span 7 =  266.39411,  267.02308       
# span 8 =     1.5366,    41.4120       
# span 9 =     4.8472,    15.7003       
# span 10 = 0.0000e+00, 0.0000e+00      
# interval = seconds: 0.25
# start_time = May 10 2022 13:29:18 [Instrument's time stamp, header]
# bad_flag = -9.990e-29
*END*
 130.562833      0.250    14.0844  33.128714    26.8692      0.248  266.76822  266.99327     1.9568     5.0939 -9.990e-29
 130.562836      0.261    14.0847  33.130647    26.8707      0.258  266.76345  266.98850     1.6766     4.9887 -9.990e-29
 130.562839      0.297    14.0847  33.132230    26.8721      0.295  266.76085  266.98589     1.7700     4.9766 -9.990e-29
 130.562841      0.319    14.0853  33.133519    26.8729      0.316  266.75621  266.98128     1.8634     4.9766 -9.990e-29
 130.562844      0.337    14.0864  33.134222    26.8728      0.334  266.75066  266.97578     1.9257     5.0090 -9.990e-29
 130.562847      0.346    14.0871  33.135980    26.8747      0.343  266.74460  266.96975     1.6766     5.0453 -9.990e-29
 130.562850      0.374    14.0880  33.137621    26.8751      0.370  266.73844  266.96363     2.0191     4.9968 0.0000e+00
 130.562853      0.416    14.0891  33.139555    26.8751      0.412  266.73055  266.95578     2.0969     5.0090 0.0000e+00
 130.562856      0.447    14.0905  33.141196    26.8756      0.443  266.72187  266.94718     1.9568     5.0049 -9.990e-29
 130.562859      0.472    14.0923  33.143189    26.8767      0.468  266.71104  266.93644     2.0502     4.9604 -9.990e-29
 130.562862      0.490    14.0940  33.145592    26.8776      0.486  266.69984  266.92532     2.3615     5.1747 -9.990e-29
 130.562865      0.512    14.0953  33.147468    26.8784      0.508  266.69140  266.91694     2.2058     5.2111 -9.990e-29
 130.562867      0.527    14.0971  33.148991    26.8785      0.522  266.68103  266.90666     2.4237     5.1707 -9.990e-29
 130.562870      0.545    14.0989  33.148522    26.8768      0.540  266.67458  266.90032     2.3303     5.1707 -9.990e-29
 130.562873      0.572    14.1001  33.148991    26.8764      0.567  266.66879  266.89459     2.4237     5.7287 -9.990e-29
 130.562876      0.587    14.1004  33.147291    26.8747      0.582  266.67036  266.89619     2.3148     5.6842 -9.990e-29
 130.562879      0.609    14.1002  33.148347    26.8757      0.603  266.66925  266.89507     2.3615     5.6802 -9.990e-29
 130.562882      0.633    14.1001  33.147585    26.8751      0.627  266.67116  266.89697     2.3615     5.7125 -9.990e-29
 130.562885      0.645    14.0997  33.149343    26.8770      0.640  266.66983  266.89560     2.0035     5.2233 -9.990e-29
 130.562888      0.667    14.0999  33.149167    26.8754      0.661  266.66919  266.89498     2.1436     5.2839 -9.990e-29
 130.562891      0.696    14.0998  33.147702    26.8745      0.690  266.67194  266.89774     2.1436     5.2677 0.0000e+00
 130.562894      0.731    14.0994  33.145416    26.8745      0.725  266.67763  266.90343     2.0969     5.2314 0.0000e+00
 130.562896      0.760    14.0980  33.140611    26.8736      0.754  266.69158  266.91733     1.9101     5.2799 -9.990e-29
 130.562899      0.784    14.0954  33.137446    26.8693      0.777  266.70784  266.93346     2.3459     4.8472 -9.990e-29
 130.562902      0.813    14.0924  33.134516    26.8687      0.806  266.72529  266.95076     2.2525     4.8836 -9.990e-29
 130.562905      0.835    14.0898  33.132055    26.8683      0.827  266.74008  266.96542     2.2836     4.8755 -9.990e-29
 130.562908      0.846    14.0874  33.131645    26.8695      0.838  266.75083  266.97603     2.2525     4.8674 -9.990e-29
 130.562911      0.857    14.0857  33.130063    26.8693      0.849  266.76069  266.98580     1.6144     5.0817 -9.990e-29
 130.562914      0.869    14.0845  33.126606    26.8670      0.862  266.77146  266.99653     1.5366     5.0979 -9.990e-29
 130.562917      0.886    14.0829  33.127426    26.8689      0.878  266.77703  267.00200     1.5988     5.1100 -9.990e-29
 130.562920      0.906    14.0818  33.127485    26.8697      0.898  266.78166  267.00656     1.5521     5.1181 -9.990e-29
 130.562922      0.928    14.0815  33.126841    26.8683      0.920  266.78368  267.00858     1.9879     5.0615 -9.990e-29
 130.562925      0.957    14.0810  33.125317    26.8683      0.948  266.78843  267.01331     1.7233     5.0413 0.0000e+00
 130.562928      0.982    14.0806  33.124966    26.8683      0.974  266.79091  267.01577     1.8634     5.0615 0.0000e+00
 130.562931      1.015    14.0800  33.123911    26.8680      1.006  266.79488  267.01971     1.9568     5.0615 0.0000e+00
 130.562934      1.048    14.0792  33.124732    26.8677      1.039  266.79700  267.02178     2.0346     5.0737 -9.990e-29
 130.562937      1.072    14.0788  33.125787    26.8702      1.062  266.79684  267.02159     1.9879     5.1100 -9.990e-29
 130.562940      1.088    14.0791  33.125142    26.8694      1.079  266.79666  267.02143     2.1280     5.1424 -9.990e-29
 130.562943      1.116    14.0788  33.124908    26.8694      1.106  266.79832  267.02308     2.2058     5.1424 -9.990e-29
 130.562946      1.138    14.0787  33.126197    26.8706      1.127  266.79683  267.02157     1.9879     5.0939 -9.990e-29
 130.562948      1.152    14.0789  33.128658    26.8727      1.142  266.79182  267.01655     2.1591     5.2030 -9.990e-29
 130.562951      1.165    14.0800  33.130592    26.8737      1.155  266.78422  267.00899     1.9568     5.1222 -9.990e-29
 130.562954      1.178    14.0815  33.133288    26.8751      1.167  266.77347  266.99831     1.8634     5.2030 -9.990e-29
 130.562957      1.198    14.0832  33.133874    26.8769      1.187  266.76528  266.99022     1.8634     5.2192 -9.990e-29
 130.562960      1.223    14.0850  33.138093    26.8769      1.213  266.75075  266.97576     3.7467     5.8945 0.0000e+00
 130.562963      1.253    14.0871  33.141844    26.8769      1.241  266.73575  266.96086     3.8089     5.8945 -9.990e-29
 130.562966      1.275    14.0893  33.147588    26.8868      1.263  266.71682  266.94201     3.5910     5.8824 -9.990e-29
 130.562969      1.307    14.0925  33.155032    26.8868      1.296  266.69099  266.91631     3.7000     5.8986 0.0000e+00
 130.562972      1.337    14.0967  33.160483    26.8868      1.325  266.66438  266.88990     3.5910     5.6195 -9.990e-29
 130.562975      1.358    14.1016  33.164821    26.8893      1.346  266.63678  266.86255     3.6689     5.6479 -9.990e-29
 130.562977      1.389    14.1057  33.170273    26.8913      1.377  266.61048  266.83645     3.6066     5.6236 -9.990e-29
 130.562980      1.408    14.1095  33.171270    26.8895      1.395  266.59250  266.81868     3.6066     5.5832 -9.990e-29
 130.562983      1.424    14.1122  33.173204    26.8894      1.411  266.57799  266.80432     2.6572     5.7206 -9.990e-29
 130.562986      1.435    14.1143  33.174611    26.8892      1.422  266.56687  266.79330     2.9373     5.7004 -9.990e-29
 130.562989      1.451    14.1158  33.172969    26.8867      1.439  266.56362  266.79015     2.7817     5.7125 -9.990e-29
 130.562992      1.468    14.1166  33.172969    26.8861      1.455  266.55986  266.78644     2.6883     5.7247 -9.990e-29
 130.562995      1.483    14.1163  33.173028    26.8863      1.469  266.56103  266.78759     2.8284     5.7125 -9.990e-29
 130.562998      1.506    14.1163  33.173380    26.8867      1.493  266.56077  266.78733     2.8906     5.7287 -9.990e-29
 130.563001      1.532    14.1162  33.172266    26.8857      1.518  266.56294  266.78951     2.7350     5.7125 -9.990e-29
 130.563003      1.555    14.1160  33.172149    26.8862      1.541  266.56378  266.79034     2.9373     5.6923 -9.990e-29
 130.563006      1.583    14.1157  33.172383    26.8857      1.568  266.56498  266.79151     2.9529     5.6802 0.0000e+00
 130.563009      1.608    14.1157  33.171270    26.8853      1.594  266.56684  266.79338     2.7506     5.3405 0.0000e+00
 130.563012      1.634    14.1156  33.171328    26.8852      1.619  266.56707  266.79361     2.9218     5.2799 0.0000e+00
 130.563015      1.659    14.1152  33.170683    26.8853      1.644  266.56973  266.79625     2.6883     5.3324 -9.990e-29
 130.563018      1.681    14.1146  33.166931    26.8820      1.666  266.57846  266.80497     3.0152     5.3324 -9.990e-29
 130.563021      1.701    14.1135  33.165876    26.8818      1.686  266.58493  266.81139     2.1436     5.3648 -9.990e-29
 130.563024      1.721    14.1119  33.164059    26.8813      1.706  266.59487  266.82124     1.9101     5.3567 -9.990e-29
 130.563027      1.743    14.1102  33.162301    26.8809      1.727  266.60471  266.83100     2.0035     5.3648 -9.990e-29
 130.563030      1.761    14.1088  33.158549    26.8785      1.745  266.61690  266.84314     2.0969     5.4133 -9.990e-29
 130.563032      1.779    14.1069  33.152922    26.8748      1.763  266.63440  266.86057     2.0502     5.4538 -9.990e-29
 130.563035      1.799    14.1039  33.147705    26.8733      1.783  266.65562  266.88166     2.1903     5.4618 -9.990e-29
 130.563038      1.827    14.1004  33.146182    26.8729      1.810  266.67294  266.89878     2.2214     5.4538 0.0000e+00
 130.563041      1.854    14.0974  33.142900    26.8733      1.838  266.69065  266.91635     2.1280     5.4457 0.0000e+00
 130.563044      1.880    14.0956  33.142666    26.8729      1.863  266.69892  266.92451     2.1747     5.4133 0.0000e+00
 130.563047      1.905    14.0941  33.142783    26.8734      1.888  266.70503  266.93054     2.5171     5.4618 -9.990e-29
 130.563050      1.929    14.0932  33.143721    26.8760      1.912  266.70727  266.93271     2.6416     5.4174 -9.990e-29
 130.563053      1.956    14.0927  33.144776    26.8773      1.939  266.70742  266.93284     2.7506     5.4416 -9.990e-29
 130.563056      1.980    14.0930  33.145597    26.8778      1.962  266.70513  266.93055     2.5794     5.4174 -9.990e-29
 130.563058      1.999    14.0933  33.147297    26.8791      1.981  266.70076  266.92619     2.7194     5.5993 -9.990e-29
 130.563061      2.017    14.0942  33.149172    26.8802      1.999  266.69420  266.91967     2.6883     5.5751 -9.990e-29
 130.563064      2.031    14.0952  33.150638    26.8808      2.013  266.68738  266.91290     2.9218     5.5589 -9.990e-29
 130.563067      2.051    14.0963  33.152103    26.8813      2.033  266.68025  266.90582     2.9685     5.5751 -9.990e-29
 130.563070      2.062    14.0977  33.156148    26.8840      2.044  266.66759  266.89321     3.3264     5.5144 -9.990e-29
 130.563073      2.086    14.0996  33.162537    26.8884      2.068  266.64917  266.87485     3.1864     5.4901 -9.990e-29
 130.563076      2.105    14.1030  33.165879    26.8890      2.086  266.62950  266.85535     3.2175     5.5104 -9.990e-29
 130.563079      2.130    14.1061  33.165644    26.8866      2.111  266.61670  266.84273     3.3887     5.4618 -9.990e-29
 130.563082      2.154    14.1081  33.167344    26.8868      2.135  266.60573  266.83186     3.3576     5.8298 -9.990e-29
 130.563084      2.177    14.1098  33.169865    26.8879      2.158  266.59434  266.82055     3.2486     5.8177 -9.990e-29
 130.563087      2.205    14.1118  33.173852    26.8900      2.185  266.57928  266.80557     3.1864     5.7975 -9.990e-29
 130.563090      2.229    14.1142  33.176842    26.8910      2.209  266.56428  266.79070     3.3576     5.8419 -9.990e-29
 130.563093      2.254    14.1166  33.179070    26.8930      2.234  266.55056  266.77709     3.2953     5.8541 -9.990e-29
 130.563096      2.281    14.1187  33.182588    26.8930      2.261  266.53564  266.76227     2.8595     5.7611 0.0000e+00
 130.563099      2.307    14.1211  33.184405    26.8930      2.286  266.52259  266.74935     3.1552     5.7247 -9.990e-29
 130.563102      2.331    14.1232  33.183643    26.8908      2.310  266.51506  266.74195     3.0152     5.7934 -9.990e-29
 130.563105      2.347    14.1241  33.182236    26.8889      2.326  266.51363  266.74058     3.0930     5.7934 -9.990e-29
 130.563108      2.363    14.1240  33.183878    26.8904      2.342  266.51124  266.73817     3.4510     5.9107 -9.990e-29
 130.563111      2.383    14.1243  33.187220    26.8932      2.362  266.50447  266.73139     3.7155     5.9592 -9.990e-29
 130.563113      2.407    14.1257  33.192557    26.8970      2.386  266.49000  266.71696     3.4821     5.9835 -9.990e-29
 130.563116      2.429    14.1285  33.195371    26.8976      2.407  266.47373  266.70083     3.4510     5.9552 -9.990e-29
 130.563119      2.451    14.1315  33.197541    26.8975      2.429  266.45759  266.68485     3.8868     6.0684 -9.990e-29
 130.563122      2.475    14.1337  33.200180    26.8992      2.453  266.44381  266.67118     3.8556     6.0158 -9.990e-29
 130.563125      2.506    14.1363  33.203289    26.9000      2.483  266.42770  266.65519     3.8556     6.0280 0.0000e+00
 130.563128      2.533    14.1387  33.206925    26.9000      2.511  266.41165  266.63926     3.7155     6.0401 0.0000e+00
 130.563131      2.561    14.1412  33.208743    26.9008      2.538  266.39829  266.62603     3.4665     5.9026 -9.990e-29
 130.563134      2.581    14.1436  33.211089    26.9012      2.558  266.38437  266.61223     3.3887     5.9107 -9.990e-29
 130.563137      2.603    14.1455  33.212086    26.9007      2.579  266.37457  266.60253     3.4198     5.8824 -9.990e-29
 130.563139      2.628    14.1471  33.213142    26.9005      2.605  266.36624  266.59429     3.3887     5.8864 -9.990e-29
 130.563142      2.641    14.1484  33.213083    26.8995      2.617  266.36069  266.58881     3.5132     5.8500 -9.990e-29
 130.563145      2.657    14.1494  33.214608    26.9002      2.634  266.35410  266.58227     3.9490     6.0927 -9.990e-29
 130.563148      2.670    14.1502  33.214902    26.8999      2.646  266.35016  266.57838     3.8089     6.0724 -9.990e-29
 130.563151      2.690    14.1505  33.214843    26.8996      2.666  266.34902  266.57725     3.7778     6.1129 -9.990e-29
 130.563154      2.712    14.1509  33.213963    26.8986      2.688  266.34891  266.57717     3.9179     6.0927 -9.990e-29
 130.563157      2.734    14.1511  33.215312    26.8997      2.709  266.34575  266.57402     3.7155     6.0077 -9.990e-29
 130.563160      2.761    14.1515  33.215664    26.8997      2.736  266.34362  266.57190     3.7622     6.0077 0.0000e+00
 130.563163      2.790    14.1516  33.215899    26.8998      2.765  266.34293  266.57122     3.4821     6.0239 0.0000e+00
 130.563166      2.823    14.1518  33.216075    26.8998      2.798  266.34172  266.57002     3.4821     6.0077 0.0000e+00
 130.563168      2.849    14.1520  33.216720    26.8998      2.823  266.33973  266.56803     4.0580     6.1735 -9.990e-29
 130.563171      2.874    14.1522  33.216310    26.8997      2.849  266.33948  266.56780     3.9646     6.1048 -9.990e-29
 130.563174      2.898    14.1527  33.218598    26.9014      2.872  266.33383  266.56216     3.9179     6.1452 -9.990e-29
 130.563177      2.923    14.1535  33.219478    26.9016      2.897  266.32894  266.55731     3.9957     6.1169 -9.990e-29
 130.563180      2.934    14.1540  33.219830    26.9016      2.908  266.32616  266.55456     4.3848     6.2463 -9.990e-29
 130.563183      2.945    14.1547  33.221942    26.9030      2.919  266.31985  266.54827     4.2603     6.1978 -9.990e-29
 130.563186      2.962    14.1558  33.223643    26.9038      2.935  266.31266  266.54112     4.2914     6.1978 -9.990e-29
 130.563189      2.978    14.1571  33.224875    26.9040      2.952  266.30498  266.53351     4.3848     6.1978 -9.990e-29
 130.563192      3.000    14.1584  33.225637    26.9037      2.973  266.29839  266.52700     4.4315     6.2140 -9.990e-29
 130.563194      3.022    14.1597  33.226165    26.9028      2.995  266.29219  266.52087     4.1358     6.0927 -9.990e-29
 130.563197      3.051    14.1606  33.226341    26.9032      3.024  266.28783  266.51656     3.8868     6.1129 0.0000e+00
 130.563200      3.082    14.1613  33.227632    26.9032      3.055  266.28289  266.51165     3.9957     6.1573 0.0000e+00
 130.563203      3.113    14.1620  33.228219    26.9035      3.085  266.27912  266.50791     4.0268     6.1533 -9.990e-29
 130.563206      3.135    14.1625  33.227280    26.9007      3.107  266.27848  266.50731     4.1669     6.2301 -9.990e-29
 130.563209      3.160    14.1627  33.225696    26.9007      3.132  266.28017  266.50902     4.3381     6.2746 0.0000e+00
