Processed/SBE19plus_01907321_2022_05_08_Cast78_wfilter.cnv
* Sea-Bird SBE19plus  Data File:
* FileName = E:\Prandtl Daten\2022\CTD\Raw\SBE19plus_01907321_2022_05_08_Cast78.hex
* Software version 2.6.1.12
* Temperature SN = 7321
* Conductivity SN = 7321
* System UpLoad Time = May 08 2022 08:46:43
* <ApplicationData>
* <Seaterm232>
** Messpraktikum 2022
** CTD 08.05 TS
** NMEA Latitude = 54 07.50 N
** NMEA Longitude = 008 42.15 E
# nquan = 11
# nvalues = 268                         
# units = specified
# name 0 = timeJ: Julian Days
# name 1 = prdM: Pressure, Strain Gauge [db]
# name 2 = tv290C: Temperature [ITS-90, deg C]
# name 3 = c0mS/cm: Conductivity [mS/cm]
# name 4 = sal00: Salinity, Practical [PSU]
# name 5 = depSM: Depth [salt water, m], lat = 54.00
# name 6 = oxsatMm/Kg: Oxygen Saturation, Weiss [umol/kg]
# name 7 = oxsolMm/Kg: Oxygen Saturation, Garcia & Gordon [umol/kg]
# name 8 = turbWETntu0: Turbidity, WET Labs ECO [NTU]
# name 9 = flECO-AFL: Fluorescence, WET Labs ECO-AFL/FL [mg/m^3]
# name 10 = flag:  0.000e+00
# span 0 = 128.362674, 128.363446       
# span 1 =      0.627,      7.372       
# span 2 =    12.8256,    12.9452       
# span 3 =  32.284304,  32.386147       
# span 4 =    26.9841,    26.9984       
# span 5 =      0.622,      7.306       
# span 6 =  272.93232,  273.63701       
# span 7 =  273.09407,  273.79201       
# span 8 =    15.9801,    49.7545       
# span 9 =     5.5387,    12.7283       
# span 10 = 0.0000e+00, 0.0000e+00      
# interval = seconds: 0.25
# start_time = May 08 2022 08:40:47 [Instrument's time stamp, header]
# bad_flag = -9.990e-29
*END*
 128.362674      0.627    12.9241  32.366865    26.9926      0.622  273.05675  273.21733    17.4276     6.4040 0.0000e+00
 128.362677      0.684    12.9233  32.365646    26.9921      0.678  273.06271  273.22325    17.0696     5.5387 0.0000e+00
 128.362679      0.746    12.9223  32.364021    26.9921      0.740  273.06970  273.23020    17.1630     5.5629 0.0000e+00
 128.362682      0.806    12.9219  32.366634    26.9939      0.799  273.06705  273.22749    17.0541     5.5629 0.0000e+00
 128.362685      0.854    12.9221  32.368666    26.9956      0.846  273.06256  273.22300    17.0696     5.5468 0.0000e+00
 128.362688      0.892    12.9229  32.369305    26.9956      0.884  273.05799  273.21847    16.1513     5.8419 0.0000e+00
 128.362691      0.932    12.9238  32.370292    26.9956      0.924  273.05219  273.21272    16.0268     5.8298 0.0000e+00
 128.362694      0.963    12.9250  32.370931    26.9958      0.954  273.04604  273.20664    16.1047     5.8177 0.0000e+00
 128.362697      0.988    12.9259  32.372731    26.9956      0.980  273.03879  273.19944    16.1202     5.8096 -9.990e-29
 128.362700      1.003    12.9277  32.373777    26.9963      0.994  273.02940  273.19014    17.0852     6.1371 -9.990e-29
 128.362703      1.020    12.9289  32.374590    26.9962      1.011  273.02262  273.18344    16.9607     6.1452 -9.990e-29
 128.362705      1.027    12.9302  32.374764    26.9954      1.018  273.01665  273.17754    16.9918     6.1695 -9.990e-29
 128.362708      1.031    12.9310  32.375983    26.9959      1.022  273.01072  273.17166    17.0852     6.1533 -9.990e-29
 128.362711      1.040    12.9320  32.377203    26.9964      1.031  273.00417  273.16517    16.1513     6.1897 -9.990e-29
 128.362714      1.058    12.9336  32.380165    26.9981      1.049  272.99205  273.15312    15.9801     6.1978 -9.990e-29
 128.362717      1.085    12.9362  32.382313    26.9984      1.076  272.97694  273.13816    16.0580     6.2342 0.0000e+00
 128.362720      1.120    12.9384  32.384753    26.9981      1.110  272.96291  273.12424    16.1047     6.1978 0.0000e+00
 128.362723      1.156    12.9409  32.385566    26.9982      1.146  272.95079  273.11227    16.1202     6.2463 0.0000e+00
 128.362726      1.191    12.9425  32.383939    26.9977      1.180  272.94672  273.10832    16.3226     6.6749 -9.990e-29
 128.362729      1.215    12.9429  32.384462    26.9953      1.204  272.94393  273.10555    16.3537     6.6668 -9.990e-29
 128.362731      1.233    12.9433  32.385740    26.9962      1.222  272.94012  273.10176    16.3381     6.6749 -9.990e-29
 128.362734      1.258    12.9438  32.385740    26.9955      1.247  272.93793  273.09960    16.2292     6.6790 -9.990e-29
 128.362737      1.287    12.9446  32.385972    26.9954      1.276  272.93408  273.09579    17.0229     6.5455 0.0000e+00
 128.362740      1.320    12.9448  32.386147    26.9954      1.308  272.93284  273.09457    17.0385     6.5294 0.0000e+00
 128.362743      1.351    12.9451  32.385740    26.9949      1.339  272.93232  273.09407    17.0852     6.5536 0.0000e+00
 128.362746      1.382    12.9452  32.383649    26.9928      1.370  272.93537  273.09715    17.1319     6.5091 0.0000e+00
 128.362749      1.409    12.9436  32.381268    26.9922      1.397  272.94651  273.10821    17.3342     6.5779 0.0000e+00
 128.362752      1.435    12.9417  32.380688    26.9917      1.422  272.95606  273.11764    17.2720     6.5981 -9.990e-29
 128.362755      1.460    12.9400  32.380456    26.9935      1.447  272.96373  273.12521    17.1941     6.5779 -9.990e-29
 128.362758      1.484    12.9389  32.380049    26.9939      1.471  272.96919  273.13060    17.3654     6.6062 -9.990e-29
 128.362760      1.500    12.9381  32.379585    26.9941      1.487  272.97380  273.13516    17.2564     6.4040 -9.990e-29
 128.362763      1.513    12.9374  32.378249    26.9919      1.499  272.97931  273.14063    17.2564     6.4161 -9.990e-29
 128.362766      1.538    12.9363  32.375810    26.9915      1.525  272.98833  273.14961    17.1630     6.3838 0.0000e+00
 128.362769      1.564    12.9344  32.373545    26.9915      1.550  273.00052  273.16171    17.3654     6.4404 0.0000e+00
 128.362772      1.595    12.9321  32.372152    26.9915      1.581  273.01308  273.17413    17.3187     6.4242 0.0000e+00
 128.362775      1.631    12.9302  32.371746    26.9924      1.617  273.02202  273.18295    16.3848     6.3272 0.0000e+00
 128.362778      1.664    12.9287  32.370701    26.9924      1.650  273.03050  273.19134    16.4315     6.3353 0.0000e+00
 128.362781      1.693    12.9273  32.370933    26.9925      1.678  273.03641  273.19716    16.2759     6.3636 -9.990e-29
 128.362784      1.710    12.9268  32.370701    26.9939      1.695  273.03904  273.19976    16.3537     6.3555 -9.990e-29
 128.362786      1.723    12.9263  32.371514    26.9950      1.707  273.03983  273.20051    16.3070     6.2665 -9.990e-29
 128.362789      1.733    12.9269  32.373547    26.9964      1.718  273.03343  273.19413    16.4471     6.2584 -9.990e-29
 128.362792      1.752    12.9279  32.374185    26.9962      1.736  273.02790  273.18866    16.3692     6.2504 -9.990e-29
 128.362795      1.768    12.9288  32.373547    26.9950      1.752  273.02525  273.18607    16.3692     6.2827 -9.990e-29
 128.362798      1.790    12.9291  32.373140    26.9978      1.774  273.02472  273.18556    16.3537     6.3393 -9.990e-29
 128.362801      1.823    12.9295  32.377031    26.9980      1.807  273.01633  273.17716    16.1980     6.3110 0.0000e+00
 128.362804      1.854    12.9313  32.378831    26.9978      1.837  273.00499  273.16593    16.3226     6.3272 0.0000e+00
 128.362807      1.892    12.9336  32.379064    26.9967      1.876  272.99483  273.15591    16.2759     6.3231 0.0000e+00
 128.362810      1.931    12.9346  32.376508    26.9936      1.914  272.99461  273.15578    16.8673     6.5981 0.0000e+00
 128.362813      1.964    12.9346  32.376392    26.9936      1.946  272.99484  273.15601    16.8206     6.5900 0.0000e+00
 128.362815      2.004    12.9337  32.376218    26.9939      1.986  272.99927  273.16038    16.8206     6.6021 0.0000e+00
 128.362818      2.037    12.9335  32.376625    26.9942      2.019  272.99952  273.16062    16.8362     6.6021 0.0000e+00
 128.362821      2.065    12.9332  32.376625    26.9945      2.046  273.00080  273.16188    16.8517     6.6305 -9.990e-29
 128.362824      2.083    12.9330  32.374592    26.9929      2.064  273.00533  273.16641    19.4043     7.1157 -9.990e-29
 128.362827      2.092    12.9319  32.371515    26.9909      2.073  273.01547  273.17651    19.5599     7.1116 -9.990e-29
 128.362830      2.104    12.9300  32.369715    26.9906      2.086  273.02715  273.18808    19.5288     7.1197 -9.990e-29
 128.362833      2.115    12.9275  32.368496    26.9912      2.097  273.04002  273.20081    19.5443     7.1157 -9.990e-29
 128.362836      2.134    12.9254  32.364431    26.9889      2.115  273.05632  273.21701    20.8673     7.4392 -9.990e-29
 128.362839      2.156    12.9218  32.358741    26.9861      2.136  273.08209  273.24261    20.9918     7.4271 -9.990e-29
 128.362841      2.185    12.9170  32.354851    26.9860      2.165  273.11040  273.27063    21.1319     7.4432 0.0000e+00
 128.362844      2.219    12.9121  32.350788    26.9861      2.199  273.13901  273.29897    20.9451     7.4311 0.0000e+00
 128.362847      2.259    12.9071  32.348757    26.9874      2.239  273.16437  273.32403    20.1669     7.7546 0.0000e+00
 128.362850      2.296    12.9034  32.347131    26.9885      2.275  273.18334  273.34278    20.3226     7.7627 0.0000e+00
 128.362853      2.325    12.9006  32.346145    26.9890      2.304  273.19771  273.35697    20.2447     7.7667 0.0000e+00
 128.362856      2.354    12.8985  32.343823    26.9894      2.333  273.21096  273.37011    20.3070     7.7546 0.0000e+00
 128.362859      2.380    12.8958  32.339005    26.9890      2.358  273.23143  273.39046    21.3342     7.7546 -9.990e-29
 128.362862      2.402    12.8922  32.337612    26.9877      2.380  273.24935  273.40816    21.1941     7.8355 -9.990e-29
 128.362865      2.420    12.8893  32.336974    26.9892      2.398  273.26342  273.42205    21.2564     7.8638 -9.990e-29
 128.362867      2.434    12.8871  32.335581    26.9894      2.412  273.27535  273.43385    21.2253     7.8152 -9.990e-29
 128.362870      2.462    12.8855  32.333956    26.9891      2.440  273.28548  273.44389    21.1319     7.8072 -9.990e-29
 128.362873      2.482    12.8838  32.333202    26.9896      2.460  273.29408  273.45239    20.8050     7.4311 -9.990e-29
 128.362876      2.507    12.8828  32.332970    26.9901      2.485  273.29923  273.45748    20.8050     7.4311 -9.990e-29
 128.362879      2.527    12.8818  32.331751    26.9897      2.505  273.30581  273.46400    20.8206     7.4311 -9.990e-29
 128.362882      2.546    12.8808  32.332970    26.9915      2.523  273.30809  273.46620    20.8050     7.4634 -9.990e-29
 128.362885      2.571    12.8803  32.331345    26.9903      2.548  273.31286  273.47096    20.0580     7.5807 -9.990e-29
 128.362888      2.591    12.8796  32.330707    26.9910      2.568  273.31715  273.47521    19.9334     7.5807 -9.990e-29
 128.362891      2.619    12.8790  32.331055    26.9913      2.596  273.31908  273.47710    19.9646     7.5605 0.0000e+00
 128.362894      2.652    12.8788  32.331520    26.9910      2.628  273.31923  273.47723    20.0891     7.5686 0.0000e+00
 128.362896      2.684    12.8791  32.331114    26.9913      2.661  273.31870  273.47673    19.4976     7.3017 0.0000e+00
 128.362899      2.712    12.8792  32.331520    26.9911      2.688  273.31769  273.47572    19.5132     7.3340 0.0000e+00
 128.362902      2.740    12.8794  32.332158    26.9913      2.715  273.31564  273.47367    19.4665     7.3017 -9.990e-29
 128.362905      2.759    12.8798  32.333552    26.9927      2.735  273.31131  273.46935    19.5288     7.2936 -9.990e-29
 128.362908      2.783    12.8808  32.333958    26.9914      2.758  273.30650  273.46461    19.4198     7.3340 -9.990e-29
 128.362911      2.816    12.8816  32.333552    26.9913      2.791  273.30377  273.46193    20.2914     7.6980 0.0000e+00
 128.362914      2.849    12.8820  32.333784    26.9913      2.823  273.30149  273.45968    20.2603     7.7182 0.0000e+00
 128.362917      2.881    12.8823  32.333958    26.9913      2.856  273.29963  273.45784    20.2136     7.7101 0.0000e+00
 128.362920      2.913    12.8827  32.334364    26.9913      2.887  273.29736  273.45558    20.2603     7.7222 0.0000e+00
 128.362922      2.944    12.8831  32.334132    26.9913      2.918  273.29621  273.45446    20.5249     7.9446 -9.990e-29
 128.362925      2.966    12.8828  32.334365    26.9913      2.939  273.29707  273.45531    20.5249     7.9932 -9.990e-29
 128.362928      2.982    12.8828  32.334597    26.9914      2.956  273.29636  273.45460    20.4938     7.9770 -9.990e-29
 128.362931      3.006    12.8829  32.334365    26.9911      2.979  273.29647  273.45471    20.5405     7.9770 -9.990e-29
 128.362934      3.017    12.8829  32.334365    26.9911      2.990  273.29648  273.45472    21.1163     8.0902 -9.990e-29
 128.362937      3.024    12.8828  32.333552    26.9905      2.997  273.29854  273.45678    21.2564     8.0902 -9.990e-29
 128.362940      3.035    12.8823  32.331230    26.9886      3.008  273.30453  273.46276    21.3342     8.0983 -9.990e-29
 128.362943      3.048    12.8815  32.330940    26.9890      3.021  273.30883  273.46701    21.1941     8.1064 -9.990e-29
 128.362946      3.063    12.8802  32.329083    26.9884      3.035  273.31779  273.47590    22.9685     8.0093 -9.990e-29
 128.362948      3.091    12.8788  32.328271    26.9886      3.064  273.32523  273.48327    22.8595     8.0174 0.0000e+00
 128.362951      3.126    12.8773  32.327458    26.9887      3.098  273.33331  273.49125    22.9996     8.0134 0.0000e+00
 128.362954      3.166    12.8762  32.326646    26.9888      3.138  273.33981  273.49769    22.9529     8.0538 0.0000e+00
 128.362957      3.213    12.8749  32.326240    26.9889      3.185  273.34592  273.50373    22.9529     8.0457 0.0000e+00
 128.362960      3.253    12.8744  32.325428    26.9889      3.224  273.34990  273.50768    21.5833     8.4622 0.0000e+00
 128.362963      3.286    12.8736  32.324847    26.9889      3.257  273.35442  273.51214    21.7856     8.4663 0.0000e+00
 128.362966      3.325    12.8727  32.323803    26.9887      3.295  273.36006  273.51775    21.7078     8.4986 0.0000e+00
 128.362969      3.354    12.8716  32.323223    26.9885      3.324  273.36584  273.52346    21.7700     8.4663 -9.990e-29
 128.362972      3.375    12.8709  32.322817    26.9889      3.345  273.36972  273.52730    23.1708     8.5957 -9.990e-29
 128.362975      3.399    12.8702  32.322352    26.9890      3.369  273.37371  273.53125    23.2331     8.6523 -9.990e-29
 128.362977      3.410    12.8698  32.321366    26.9884      3.380  273.37735  273.53486    23.1864     8.6078 -9.990e-29
 128.362980      3.425    12.8693  32.321192    26.9885      3.394  273.37987  273.53736    23.2175     8.6159 -9.990e-29
 128.362983      3.439    12.8686  32.320960    26.9888      3.408  273.38344  273.54089    23.9957     8.5269 -9.990e-29
 128.362986      3.457    12.8681  32.319973    26.9883      3.427  273.38740  273.54482    23.9023     8.5552 -9.990e-29
 128.362989      3.478    12.8672  32.318929    26.9879      3.446  273.39304  273.55041    23.9334     8.5593 -9.990e-29
 128.362992      3.505    12.8661  32.316550    26.9865      3.473  273.40230  273.55962    23.9801     8.5471 -9.990e-29
 128.362995      3.528    12.8646  32.316318    26.9873      3.497  273.40903  273.56626    25.3498     9.0041 -9.990e-29
 128.362998      3.552    12.8632  32.315273    26.9874      3.521  273.41720  273.57435    25.2720     8.9636 -9.990e-29
 128.363001      3.573    12.8620  32.314113    26.9871      3.541  273.42430  273.58139    25.4432     9.0041 -9.990e-29
 128.363003      3.598    12.8608  32.313475    26.9874      3.566  273.43081  273.58782    25.4276     8.9717 -9.990e-29
 128.363006      3.619    12.8597  32.313069    26.9878      3.586  273.43627  273.59322    25.4432     8.9636 -9.990e-29
 128.363009      3.640    12.8589  32.312140    26.9874      3.608  273.44170  273.59861    23.9646     8.7817 -9.990e-29
 128.363012      3.668    12.8580  32.311270    26.9879      3.635  273.44736  273.60421    24.0113     8.8181 0.0000e+00
 128.363015      3.697    12.8574  32.311850    26.9877      3.664  273.44856  273.60537    23.8868     8.8342 0.0000e+00
 128.363018      3.728    12.8569  32.310864    26.9877      3.695  273.45253  273.60932    23.9179     8.7898 0.0000e+00
 128.363021      3.759    12.8562  32.309820    26.9873      3.726  273.45786  273.61461    24.1825     8.4541 0.0000e+00
 128.363024      3.792    12.8554  32.308833    26.9873      3.758  273.46309  273.61980    24.1980     8.4784 0.0000e+00
 128.363027      3.830    12.8546  32.309066    26.9877      3.796  273.46618  273.62283    24.1358     8.4784 0.0000e+00
 128.363030      3.867    12.8539  32.308834    26.9880      3.832  273.46976  273.62637    24.1513     8.4663 0.0000e+00
 128.363032      3.901    12.8534  32.309240    26.9886      3.867  273.47096  273.62754    24.7117     8.9636 0.0000e+00
 128.363035      3.930    12.8533  32.309414    26.9888      3.895  273.47131  273.62787    24.8206     8.9717 0.0000e+00
 128.363038      3.961    12.8534  32.309414    26.9888      3.926  273.47101  273.62758    24.7428     8.9677 0.0000e+00
 128.363041      3.987    12.8533  32.309821    26.9888      3.951  273.47063  273.62719    24.7272     8.9555 -9.990e-29
 128.363044      4.009    12.8537  32.310401    26.9895      3.973  273.46773  273.62431    28.1669     9.3114 -9.990e-29
 128.363047      4.029    12.8542  32.310227    26.9890      3.993  273.46615  273.62277    28.1669     9.2952 -9.990e-29
 128.363050      4.044    12.8547  32.310227    26.9886      4.008  273.46395  273.62060    28.2292     9.2952 -9.990e-29
