Processed/SBE19plus_01907321_2022_05_06_Cast46_wfilter.cnv
* Sea-Bird SBE19plus  Data File:
* FileName = E:\Prandtl Daten\2022\CTD\Raw\SBE19plus_01907321_2022_05_06_Cast46.hex
* Software version 2.6.1.12
* Temperature SN = 7321
* Conductivity SN = 7321
* System UpLoad Time = May 06 2022 10:47:30
* <ApplicationData>
* <Seaterm232>
** Messpraktikum 2022
** CTD 06.05 MP2
** NMEA Latitude = 54 04.058 N
** NMEA Longitude = 008 41.139 E
# nquan = 11
# nvalues = 457                         
# units = specified
# name 0 = timeJ: Julian Days
# name 1 = prdM: Pressure, Strain Gauge [db]
# name 2 = tv290C: Temperature [ITS-90, deg C]
# name 3 = c0mS/cm: Conductivity [mS/cm]
# name 4 = sal00: Salinity, Practical [PSU]
# name 5 = depSM: Depth [salt water, m], lat = 54.00
# name 6 = oxsatMm/Kg: Oxygen Saturation, Weiss [umol/kg]
# name 7 = oxsolMm/Kg: Oxygen Saturation, Garcia & Gordon [umol/kg]
# name 8 = turbWETntu0: Turbidity, WET Labs ECO [NTU]
# name 9 = flECO-AFL: Fluorescence, WET Labs ECO-AFL/FL [mg/m^3]
# name 10 = flag:  0.000e+00
# span 0 = 126.445188, 126.446508       
# span 1 =      0.622,     12.251       
# span 2 =    12.7026,    12.8816       
# span 3 =  32.103792,  32.318142       
# span 4 =    26.9053,    26.9746       
# span 5 =      0.617,     12.141       
# span 6 =  273.33853,  274.49627       
# span 7 =  273.49685,  274.64499       
# span 8 =    11.5132,    59.7778       
# span 9 =     7.8395,    12.7485       
# span 10 = 0.0000e+00, 0.0000e+00      
# interval = seconds: 0.25
# start_time = May 06 2022 10:39:42 [Instrument's time stamp, header]
# bad_flag = -9.990e-29
*END*
 126.445188      0.622    12.7165  32.126424    26.9182      0.617  274.39678  274.54620    12.5560     9.1496 -9.990e-29
 126.445191      0.640    12.7189  32.130361    26.9201      0.635  274.37937  274.52891    12.5560     9.1739 -9.990e-29
 126.445194      0.662    12.7221  32.130535    26.9180      0.656  274.36485  274.51459    12.7584     9.3276 -9.990e-29
 126.445197      0.684    12.7249  32.130361    26.9157      0.678  274.35252  274.50245    12.7272     9.3761 -9.990e-29
 126.445200      0.711    12.7261  32.131171    26.9149      0.705  274.34604  274.49604    12.8362     9.3478 0.0000e+00
 126.445203      0.737    12.7264  32.129550    26.9152      0.730  274.34767  274.49770    12.7895     9.3761 0.0000e+00
 126.445205      0.774    12.7264  32.130940    26.9152      0.767  274.34491  274.49494    12.8362     9.3680 0.0000e+00
 126.445208      0.801    12.7266  32.132967    26.9155      0.794  274.34070  274.49072    12.9607     9.4731 0.0000e+00
 126.445211      0.834    12.7274  32.131982    26.9163      0.826  274.33899  274.48907    12.8673     9.5014 0.0000e+00
 126.445214      0.865    12.7276  32.134009    26.9155      0.857  274.33447  274.48454    12.7584     9.4772 -9.990e-29
 126.445217      0.889    12.7279  32.131577    26.9147      0.881  274.33722  274.48733    12.8517     9.4934 -9.990e-29
 126.445220      0.918    12.7276  32.131345    26.9148      0.910  274.33923  274.48932    11.8868     8.2479 -9.990e-29
 126.445223      0.941    12.7272  32.132156    26.9158      0.933  274.33970  274.48976    11.9957     8.2762 -9.990e-29
 126.445226      0.963    12.7264  32.129956    26.9143      0.955  274.34710  274.49713    11.9490     8.2641 -9.990e-29
 126.445229      0.983    12.7252  32.128161    26.9135      0.975  274.35536  274.50533    11.9334     8.2803 -9.990e-29
 126.445231      1.007    12.7238  32.123703    26.9103      0.998  274.36961  274.51953    11.6377     7.8516 -9.990e-29
 126.445234      1.027    12.7217  32.122777    26.9110      1.018  274.38044  274.53023    11.5910     7.8476 -9.990e-29
 126.445237      1.051    12.7199  32.120288    26.9106      1.042  274.39278  274.54248    11.5288     7.8476 -9.990e-29
 126.445240      1.078    12.7182  32.119709    26.9112      1.069  274.40141  274.55101    11.5132     7.8395 0.0000e+00
 126.445243      1.106    12.7169  32.120115    26.9106      1.096  274.40640  274.55591    11.8245     8.2439 0.0000e+00
 126.445246      1.141    12.7162  32.115657    26.9104      1.130  274.41782  274.56732    11.7622     8.2115 0.0000e+00
 126.445249      1.175    12.7149  32.117047    26.9083      1.165  274.42075  274.57016    11.7311     8.2196 0.0000e+00
 126.445252      1.203    12.7139  32.112821    26.9086      1.192  274.43270  274.58208    11.7000     8.2236 0.0000e+00
 126.445255      1.234    12.7124  32.113226    26.9086      1.223  274.43864  274.58792    11.8556     8.2034 0.0000e+00
 126.445258      1.265    12.7107  32.112011    26.9087      1.253  274.44841  274.59759    11.7311     7.9123 0.0000e+00
 126.445260      1.294    12.7093  32.110101    26.9087      1.282  274.45815  274.60726    11.7311     7.8840 -9.990e-29
 126.445263      1.316    12.7079  32.108422    26.9074      1.304  274.46747  274.61650    11.7155     7.9123 -9.990e-29
 126.445266      1.336    12.7062  32.107612    26.9078      1.324  274.47620  274.62513    11.7467     7.8961 -9.990e-29
 126.445269      1.358    12.7050  32.103965    26.9053      1.346  274.48806  274.63695    13.9257     8.8747 -9.990e-29
 126.445272      1.372    12.7037  32.103792    26.9061      1.360  274.49439  274.64319    13.9879     8.8949 -9.990e-29
 126.445275      1.396    12.7026  32.105413    26.9176      1.383  274.49627  274.64499    14.0191     8.8747 -9.990e-29
 126.445278      1.425    12.7030  32.115659    26.9178      1.412  274.47651  274.62515    13.9724     8.8504 0.0000e+00
 126.445281      1.452    12.7062  32.118669    26.9180      1.439  274.45663  274.60546    12.5249     8.1630 0.0000e+00
 126.445284      1.487    12.7093  32.121274    26.9180      1.474  274.43843  274.58743    12.6961     8.1549 0.0000e+00
 126.445286      1.516    12.7117  32.120811    26.9161      1.503  274.42852  274.57768    12.4626     8.1832 0.0000e+00
 126.445289      1.546    12.7129  32.120290    26.9155      1.532  274.42440  274.57365    12.5871     8.1347 0.0000e+00
 126.445292      1.577    12.7131  32.121101    26.9148      1.562  274.42204  274.57129    14.1903     8.5148 -9.990e-29
 126.445295      1.600    12.7134  32.122317    26.9163      1.586  274.41863  274.56789    14.2214     8.5391 -9.990e-29
 126.445298      1.631    12.7141  32.122896    26.9163      1.617  274.41446  274.56376    14.0969     8.5148 -9.990e-29
 126.445301      1.655    12.7147  32.124748    26.9175      1.640  274.40834  274.55766    14.1124     8.5471 -9.990e-29
 126.445304      1.677    12.7160  32.134418    26.9256      1.662  274.38549  274.53481    14.1903     8.5431 -9.990e-29
 126.445307      1.701    12.7193  32.138240    26.9268      1.686  274.36418  274.51367    14.9373     9.1779 -9.990e-29
 126.445310      1.715    12.7229  32.154397    26.9391      1.700  274.31939  274.46897    15.0152     9.1537 -9.990e-29
 126.445313      1.741    12.7304  32.161405    26.9403      1.725  274.27411  274.42410    14.7973     9.1456 -9.990e-29
 126.445315      1.766    12.7377  32.157755    26.9368      1.751  274.24804  274.39855    14.7973     9.1496 -9.990e-29
 126.445318      1.797    12.7416  32.166270    26.9349      1.781  274.21590  274.36657    14.6727     9.0081 0.0000e+00
 126.445321      1.826    12.7456  32.165227    26.9330      1.810  274.20006  274.35101    14.5949     9.0324 0.0000e+00
 126.445324      1.857    12.7479  32.166617    26.9330      1.841  274.18719  274.33828    14.7194     9.0202 0.0000e+00
 126.445327      1.898    12.7495  32.171310    26.9355      1.881  274.17195  274.32309    14.5638     9.0283 0.0000e+00
 126.445330      1.929    12.7518  32.172700    26.9357      1.911  274.15939  274.31067    13.3654     8.6563 0.0000e+00
 126.445333      1.960    12.7534  32.168818    26.9355      1.942  274.15934  274.31075    13.3187     8.6806 -9.990e-29
 126.445336      1.983    12.7532  32.164242    26.9266      1.965  274.16841  274.31985    13.4120     8.6806 -9.990e-29
 126.445339      2.009    12.7507  32.156538    26.9213      1.991  274.19314  274.34450    13.2720     8.6482 -9.990e-29
 126.445341      2.034    12.7467  32.151905    26.9198      2.016  274.21907  274.37021    13.4276     8.6765 -9.990e-29
 126.445344      2.054    12.7424  32.148894    26.9200      2.036  274.24308  274.39397    13.3809     8.7372 -9.990e-29
 126.445347      2.072    12.7387  32.151733    26.9253      2.054  274.25449  274.40512    13.3965     8.7655 -9.990e-29
 126.445350      2.098    12.7374  32.151096    26.9257      2.079  274.26165  274.41219    13.3809     8.7453 -9.990e-29
 126.445353      2.121    12.7367  32.150111    26.9204      2.102  274.26625  274.41677    13.3965     8.7412 -9.990e-29
 126.445356      2.151    12.7361  32.144436    26.9193      2.132  274.27918  274.42971    13.1941     8.9475 0.0000e+00
 126.445359      2.180    12.7337  32.140208    26.9182      2.160  274.29745  274.44786    13.2253     8.8989 0.0000e+00
 126.445362      2.207    12.7303  32.137603    26.9182      2.187  274.31695  274.46716    13.1319     8.9151 0.0000e+00
 126.445365      2.242    12.7274  32.136214    26.9189      2.222  274.33208  274.48213    13.0696     8.9192 0.0000e+00
 126.445367      2.271    12.7250  32.138009    26.9206      2.251  274.33967  274.48954    13.8945     8.9475 0.0000e+00
 126.445370      2.300    12.7243  32.142063    26.9223      2.280  274.33566  274.48544    13.9257     9.0000 -9.990e-29
 126.445373      2.324    12.7251  32.144264    26.9280      2.303  274.32829  274.47810    13.9724     8.9798 -9.990e-29
 126.445376      2.355    12.7263  32.149128    26.9316      2.334  274.31430  274.46415    13.9879     9.0000 -9.990e-29
 126.445379      2.377    12.7289  32.151561    26.9321      2.355  274.29862  274.44861    13.1163     8.9717 -9.990e-29
 126.445382      2.400    12.7312  32.154341    26.9329      2.379  274.28327  274.43339    13.0385     8.9717 -9.990e-29
 126.445385      2.417    12.7334  32.155383    26.9323      2.395  274.27164  274.42189    12.9762     8.9717 -9.990e-29
 126.445388      2.443    12.7353  32.154978    26.9306      2.421  274.26415  274.41453    13.1630     8.9879 -9.990e-29
 126.445391      2.468    12.7361  32.153529    26.9285      2.446  274.26295  274.41339    13.1475     8.9636 -9.990e-29
 126.445394      2.494    12.7361  32.153356    26.9291      2.472  274.26359  274.41403    13.1319     8.8868 0.0000e+00
 126.445396      2.529    12.7361  32.154572    26.9296      2.506  274.26114  274.41157    13.1630     8.8868 0.0000e+00
 126.445399      2.560    12.7366  32.155731    26.9304      2.537  274.25721  274.40766    13.0541     8.8666 0.0000e+00
 126.445402      2.591    12.7373  32.156715    26.9304      2.567  274.25232  274.40281    13.2720     8.8747 0.0000e+00
 126.445405      2.620    12.7381  32.152313    26.9261      2.596  274.25667  274.40725    11.8712     8.4784 0.0000e+00
 126.445408      2.651    12.7373  32.146464    26.9233      2.627  274.27054  274.42112    11.9957     8.4946 0.0000e+00
 126.445411      2.677    12.7349  32.146870    26.9222      2.653  274.28058  274.43101    11.9957     8.4946 0.0000e+00
 126.445414      2.706    12.7328  32.141253    26.9233      2.682  274.29973  274.45008    12.0891     8.4865 -9.990e-29
 126.445417      2.730    12.7300  32.137026    26.9177      2.705  274.31958  274.46978    12.6494     8.5916 -9.990e-29
 126.445420      2.751    12.7269  32.133204    26.9164      2.727  274.34029  274.49032    12.6338     8.5997 -9.990e-29
 126.445422      2.773    12.7239  32.131583    26.9170      2.749  274.35646  274.50631    12.6183     8.6118 -9.990e-29
 126.445425      2.788    12.7215  32.131004    26.9181      2.763  274.36793  274.51764    12.7584     8.6159 -9.990e-29
 126.445428      2.812    12.7204  32.133610    26.9213      2.787  274.36806  274.51768    12.8517     8.6765 -9.990e-29
 126.445431      2.836    12.7204  32.131989    26.9182      2.810  274.37096  274.52059    12.7428     8.6806 -9.990e-29
 126.445434      2.868    12.7199  32.129963    26.9196      2.843  274.37679  274.52640    12.8206     8.6765 0.0000e+00
 126.445437      2.896    12.7193  32.132568    26.9211      2.870  274.37503  274.52458    12.7584     8.6684 0.0000e+00
 126.445440      2.927    12.7196  32.133205    26.9215      2.900  274.37265  274.52221    12.6650     8.6806 0.0000e+00
 126.445443      2.958    12.7201  32.134016    26.9215      2.931  274.36902  274.51861    13.3809     8.5552 0.0000e+00
 126.445446      2.985    12.7203  32.133785    26.9217      2.958  274.36850  274.51810    13.3654     8.5552 0.0000e+00
 126.445448      3.014    12.7203  32.134016    26.9215      2.987  274.36811  274.51771    13.3965     8.5431 0.0000e+00
 126.445451      3.041    12.7204  32.133495    26.9214      3.014  274.36842  274.51803    13.4120     8.5350 0.0000e+00
 126.445454      3.069    12.7203  32.132569    26.9211      3.041  274.37071  274.52033    12.4626     8.6199 -9.990e-29
 126.445457      3.089    12.7199  32.132569    26.9206      3.061  274.37262  274.52221    12.4626     8.6159 -9.990e-29
 126.445460      3.116    12.7197  32.134017    26.9221      3.088  274.37102  274.52058    12.4315     8.6078 -9.990e-29
 126.445463      3.136    12.7200  32.135406    26.9231      3.108  274.36698  274.51655    12.6183     8.6118 -9.990e-29
 126.445466      3.156    12.7205  32.138244    26.9253      3.128  274.35975  274.50932    12.6650     8.5593 -9.990e-29
 126.445469      3.182    12.7212  32.138649    26.9255      3.153  274.35620  274.50581    12.8206     8.5795 0.0000e+00
 126.445472      3.211    12.7219  32.139634    26.9253      3.182  274.35099  274.50065    12.6961     8.5188 0.0000e+00
 126.445475      3.240    12.7228  32.138707    26.9242      3.211  274.34886  274.49858    12.7584     8.5754 0.0000e+00
 126.445477      3.277    12.7232  32.135407    26.9237      3.247  274.35285  274.50263    13.4276     8.9798 0.0000e+00
 126.445480      3.308    12.7228  32.138244    26.9237      3.278  274.34973  274.49945    13.4120     8.9919 0.0000e+00
 126.445483      3.335    12.7232  32.144267    26.9263      3.305  274.33748  274.48717    13.3187     8.9717 0.0000e+00
 126.445486      3.368    12.7258  32.146294    26.9290      3.338  274.32221  274.47205    13.4587     8.9636 -9.990e-29
 126.445489      3.391    12.7284  32.148494    26.9292      3.361  274.30662  274.45661    13.4587     8.9636 -9.990e-29
 126.445492      3.420    12.7307  32.150116    26.9290      3.390  274.29365  274.44377    13.0541     8.6765 -9.990e-29
 126.445495      3.442    12.7327  32.146062    26.9239      3.412  274.29232  274.44261    13.0229     8.6846 -9.990e-29
 126.445498      3.463    12.7329  32.146757    26.9244      3.432  274.29015  274.44045    13.1163     8.6765 -9.990e-29
 126.445501      3.481    12.7327  32.148726    26.9264      3.450  274.28762  274.43788    13.0852     8.6765 -9.990e-29
 126.445503      3.499    12.7333  32.152317    26.9292      3.468  274.27841  274.42869    14.3926     9.0769 -9.990e-29
 126.445506      3.525    12.7350  32.155734    26.9312      3.493  274.26478  274.41514    14.5327     9.0809 -9.990e-29
 126.445509      3.547    12.7374  32.158398    26.9332      3.515  274.24933  274.39981    14.4237     9.0930 -9.990e-29
 126.445512      3.580    12.7396  32.161584    26.9322      3.548  274.23390  274.38450    14.2836     9.0971 0.0000e+00
 126.445515      3.609    12.7418  32.161004    26.9332      3.576  274.22546  274.37621    14.6572     9.3720 0.0000e+00
 126.445518      3.643    12.7433  32.166276    26.9350      3.611  274.20950  274.36030    14.4860     9.3680 0.0000e+00
 126.445521      3.672    12.7454  32.168419    26.9355      3.640  274.19656  274.34746    14.6727     9.3761 0.0000e+00
 126.445524      3.705    12.7476  32.171315    26.9366      3.672  274.18165  274.33267    14.6883     9.3357 0.0000e+00
 126.445527      3.731    12.7497  32.175950    26.9380      3.697  274.16397  274.31509    15.2953     9.4529 0.0000e+00
 126.445530      3.762    12.7526  32.178731    26.9393      3.728  274.14642  274.29770    15.2175     9.4772 -9.990e-29
 126.445532      3.785    12.7552  32.182612    26.9416      3.752  274.12787  274.27928    15.4976     9.4853 -9.990e-29
 126.445535      3.809    12.7584  32.184003    26.9406      3.775  274.11152  274.26312    15.3264     9.4570 -9.990e-29
 126.445538      3.831    12.7607  32.185625    26.9404      3.797  274.09823  274.24997    15.2331     9.4570 -9.990e-29
 126.445541      3.849    12.7627  32.189043    26.9421      3.815  274.08334  274.23518    14.9218     9.4246 -9.990e-29
 126.445544      3.877    12.7654  32.190550    26.9416      3.842  274.06900  274.22100    14.9062     9.3882 -9.990e-29
 126.445547      3.899    12.7673  32.192694    26.9439      3.864  274.05669  274.20879    15.0774     9.4408 -9.990e-29
 126.445550      3.931    12.7692  32.195939    26.9443      3.896  274.04243  274.19463    14.8284     9.4489 0.0000e+00
 126.445553      3.959    12.7712  32.198314    26.9443      3.923  274.02971  274.18201    17.1630     9.8654 0.0000e+00
 126.445556      3.997    12.7732  32.202371    26.9447      3.961  274.01371  274.16610    17.0229     9.8735 -9.990e-29
 126.445558      4.021    12.7759  32.207413    26.9571      3.985  273.99280  274.14532    17.1319     9.8735 -9.990e-29
 126.445561      4.052    12.7799  32.218541    26.9558      4.016  273.95544  274.10811    17.0074     9.8977 0.0000e+00
 126.445564      4.079    12.7853  32.219816    26.9558      4.043  273.92919  274.08221    17.2564    10.0150 0.0000e+00
