Processed/SBE19plus_01907321_2022_05_10_Cast111_wfilter.cnv
* Sea-Bird SBE19plus  Data File:
* FileName = E:\Prandtl_Daten\2022\CTD\Raw\SBE19plus_01907321_2022_05_10_Cast111.hex
* Software version 2.6.1.12
* Temperature SN = 7321
* Conductivity SN = 7321
* System UpLoad Time = May 10 2022 10:34:34
* <ApplicationData>
* <Seaterm232>
** Messpraktikum 2022
** CTD 09.05  MP2
** NMEA Latitude = 54 04 16N
** NMEA Longitude = 008 42 09E
# nquan = 11
# nvalues = 411                         
# units = specified
# name 0 = timeJ: Julian Days
# name 1 = prdM: Pressure, Strain Gauge [db]
# name 2 = tv290C: Temperature [ITS-90, deg C]
# name 3 = c0mS/cm: Conductivity [mS/cm]
# name 4 = sal00: Salinity, Practical [PSU]
# name 5 = depSM: Depth [salt water, m], lat = 54.00
# name 6 = oxsatMm/Kg: Oxygen Saturation, Weiss [umol/kg]
# name 7 = oxsolMm/Kg: Oxygen Saturation, Garcia & Gordon [umol/kg]
# name 8 = turbWETntu0: Turbidity, WET Labs ECO [NTU]
# name 9 = flECO-AFL: Fluorescence, WET Labs ECO-AFL/FL [mg/m^3]
# name 10 = flag:  0.000e+00
# span 0 = 130.436424, 130.437610       
# span 1 =      0.440,     10.500       
# span 2 =    14.1214,    14.3092       
# span 3 =  33.238279,  33.427273       
# span 4 =    26.9349,    26.9852       
# span 5 =      0.436,     10.406       
# span 6 =  265.34067,  266.43529       
# span 7 =  265.57645,  266.66169       
# span 8 =    20.7584,   121.5677       
# span 9 =     9.6147,    22.8616       
# span 10 = 0.0000e+00, 0.0000e+00      
# interval = seconds: 0.25
# start_time = May 10 2022 10:26:58 [Instrument's time stamp, header]
# bad_flag = -9.990e-29
*END*
[from data line 132]
 130.436806      3.789    14.2951  33.410633    26.9738      3.755  265.42241  265.65750    25.7233    10.9733 -9.990e-29
 130.436808      3.809    14.2958  33.411750    26.9750      3.775  265.41777  265.65289    26.7661    11.6122 -9.990e-29
 130.436811      3.836    14.2967  33.413161    26.9751      3.802  265.41171  265.64687    26.6416    11.6648 0.0000e+00
 130.436814      3.865    14.2978  33.414396    26.9753      3.831  265.40500  265.64022    26.5638    11.6486 0.0000e+00
 130.436817      3.898    14.2988  33.415689    26.9757      3.863  265.39883  265.63409    26.7973    11.6244 0.0000e+00
 130.436820      3.929    14.3000  33.417982    26.9770      3.894  265.39039  265.62569    26.3615    11.4343 0.0000e+00
 130.436823      3.959    14.3014  33.419276    26.9770      3.923  265.38233  265.61770    26.4393    11.4181 0.0000e+00
 130.436826      3.989    14.3028  33.422628    26.9771      3.954  265.37090  265.60633    26.5327    11.4464 -9.990e-29
 130.436829      4.009    14.3045  33.427273    26.9821      3.974  265.35609  265.59159    26.3303    11.4303 -9.990e-29
 130.436832      4.035    14.3072  33.425215    26.9784      3.999  265.34850  265.58417    27.7311    11.8468 -9.990e-29
 130.436834      4.055    14.3087  33.424509    26.9767      4.019  265.34340  265.57916    27.6377    11.9114 -9.990e-29
 130.436837      4.069    14.3091  33.425156    26.9770      4.033  265.34078  265.57655    27.5288    11.8710 -9.990e-29
 130.436840      4.088    14.3091  33.425038    26.9769      4.051  265.34067  265.57645    27.7000    11.8872 -9.990e-29
 130.436843      4.102    14.3092  33.424509    26.9763      4.066  265.34123  265.57702    27.6377    11.8629 -9.990e-29
 130.436846      4.115    14.3090  33.423804    26.9758      4.078  265.34334  265.57912    26.0346    11.5233 -9.990e-29
 130.436849      4.139    14.3086  33.423510    26.9750      4.102  265.34540  265.58116    26.2525    11.4990 -9.990e-29
 130.436852      4.166    14.3083  33.422392    26.9749      4.129  265.34850  265.58425    26.1280    11.5233 0.0000e+00
 130.436855      4.197    14.3079  33.421805    26.9748      4.160  265.35136  265.58709    26.3926    11.5071 0.0000e+00
 130.436858      4.230    14.3073  33.420805    26.9748      4.192  265.35553  265.59123    26.0346    11.2766 0.0000e+00
 130.436861      4.263    14.3067  33.421158    26.9743      4.225  265.35716  265.59283    25.9724    11.3049 0.0000e+00
 130.436863      4.294    14.3064  33.419218    26.9743      4.255  265.36161  265.59728    25.8634    11.2442 0.0000e+00
 130.436866      4.325    14.3057  33.416513    26.9735      4.286  265.36920  265.60484    26.0657    11.3373 -9.990e-29
 130.436869      4.350    14.3046  33.414632    26.9706      4.312  265.37669  265.61228    28.1358    11.1674 -9.990e-29
 130.436872      4.376    14.3029  33.408928    26.9667      4.337  265.39326  265.62880    28.1980    11.1917 -9.990e-29
 130.436875      4.398    14.3002  33.405754    26.9658      4.359  265.40976  265.64517    28.1513    11.2159 -9.990e-29
 130.436878      4.416    14.2970  33.402932    26.9654      4.377  265.42757  265.66282    28.1669    11.1876 -9.990e-29
 130.436881      4.433    14.2939  33.401992    26.9668      4.393  265.44229  265.67737    25.2408    11.2928 -9.990e-29
 130.436884      4.449    14.2917  33.402521    26.9688      4.409  265.45053  265.68547    25.1008    11.3251 -9.990e-29
 130.436887      4.467    14.2907  33.403639    26.9712      4.427  265.45278  265.68767    25.3342    11.2968 -9.990e-29
 130.436889      4.497    14.2906  33.404344    26.9711      4.456  265.45227  265.68714    25.0541    11.2685 0.0000e+00
 130.436892      4.526    14.2910  33.404521    26.9712      4.485  265.45012  265.68501    25.4120    11.2806 0.0000e+00
 130.436895      4.557    14.2915  33.405344    26.9712      4.516  265.44691  265.68182    26.2992    11.3049 0.0000e+00
 130.436898      4.590    14.2919  33.406167    26.9714      4.549  265.44369  265.67863    26.3615    11.2806 -9.990e-29
 130.436901      4.613    14.2923  33.406637    26.9720      4.572  265.44137  265.67632    25.9568    11.2726 -9.990e-29
 130.436904      4.641    14.2927  33.406343    26.9714      4.599  265.43999  265.67497    26.1591    11.2685 -9.990e-29
 130.436907      4.663    14.2932  33.406637    26.9713      4.621  265.43764  265.67264    26.6572    11.3817 -9.990e-29
 130.436910      4.683    14.2937  33.406520    26.9708      4.641  265.43565  265.67068    26.3459    11.4950 -9.990e-29
 130.436913      4.701    14.2939  33.406402    26.9706      4.659  265.43522  265.67027    26.3615    11.4626 -9.990e-29
 130.436916      4.716    14.2941  33.404933    26.9692      4.673  265.43670  265.67177    26.4237    11.4505 -9.990e-29
 130.436918      4.732    14.2940  33.406402    26.9705      4.690  265.43461  265.66967    25.2564    11.2968 -9.990e-29
 130.436921      4.750    14.2939  33.405521    26.9697      4.708  265.43638  265.67144    25.0074    11.2645 -9.990e-29
 130.436924      4.778    14.2939  33.405344    26.9699      4.735  265.43700  265.67205    25.2564    11.3251 0.0000e+00
 130.436927      4.803    14.2939  33.405756    26.9700      4.760  265.43634  265.67139    25.2097    11.3130 0.0000e+00
 130.436930      4.836    14.2936  33.406638    26.9700      4.793  265.43617  265.67120    31.1241    12.3158 0.0000e+00
 130.436933      4.871    14.2938  33.405580    26.9710      4.827  265.43698  265.67203    31.1708    12.3118 0.0000e+00
 130.436936      4.907    14.2942  33.409343    26.9730      4.863  265.42927  265.66431    31.4043    12.2592 0.0000e+00
 130.436939      4.938    14.2947  33.410401    26.9736      4.894  265.42536  265.66042    31.2331    12.2511 0.0000e+00
 130.436942      4.967    14.2954  33.412577    26.9750      4.923  265.41899  265.65408    31.1864    12.2309 0.0000e+00
 130.436944      4.998    14.2960  33.413988    26.9754      4.953  265.41388  265.64899    31.7000    12.1622 0.0000e+00
 130.436947      5.026    14.2967  33.414752    26.9758      4.981  265.40982  265.64496    31.6377    12.1905 -9.990e-29
 130.436950      5.046    14.2976  33.415869    26.9764      5.000  265.40424  265.63943    31.4043    12.1905 -9.990e-29
 130.436953      5.064    14.2983  33.416810    26.9767      5.019  265.39988  265.63511    31.3420    12.2147 -9.990e-29
 130.436956      5.080    14.2990  33.417163    26.9766      5.035  265.39649  265.63175    30.9685    12.1096 -9.990e-29
 130.436959      5.097    14.2994  33.416987    26.9761      5.051  265.39522  265.63051    30.8128    12.1298 -9.990e-29
 130.436962      5.120    14.2997  33.417986    26.9770      5.074  265.39235  265.62764    30.8906    12.1177 -9.990e-29
 130.436965      5.146    14.3002  33.418633    26.9770      5.100  265.38911  265.62442    30.6883    12.0853 0.0000e+00
 130.436968      5.173    14.3005  33.418986    26.9770      5.127  265.38729  265.62262    30.6883    12.2794 0.0000e+00
 130.436970      5.204    14.3007  33.418633    26.9770      5.158  265.38695  265.62229    30.7661    12.2754 0.0000e+00
 130.436973      5.235    14.3009  33.419221    26.9768      5.188  265.38537  265.62073    30.7350    12.2309 0.0000e+00
 130.436976      5.263    14.3014  33.419927    26.9770      5.215  265.38204  265.61742    30.6883    12.2228 -9.990e-29
 130.436979      5.283    14.3017  33.420574    26.9777      5.235  265.37974  265.61513    33.5988    12.7525 -9.990e-29
 130.436982      5.308    14.3022  33.421397    26.9780      5.261  265.37621  265.61162    33.4432    12.7808 -9.990e-29
 130.436985      5.334    14.3027  33.422220    26.9784      5.286  265.37268  265.60812    33.6144    12.7687 -9.990e-29
 130.436988      5.350    14.3030  33.421162    26.9772      5.302  265.37317  265.60863    33.5521    12.8132 -9.990e-29
 130.436991      5.374    14.3033  33.422220    26.9779      5.326  265.37020  265.60567    33.6611    12.7080 -9.990e-29
 130.436994      5.394    14.3034  33.422456    26.9781      5.346  265.36951  265.60498    40.8050    13.7351 -9.990e-29
 130.436997      5.414    14.3029  33.421985    26.9780      5.366  265.37249  265.60793    40.8362    13.8120 -9.990e-29
 130.436999      5.434    14.3024  33.422632    26.9802      5.386  265.37363  265.60905    40.8206    13.7675 -9.990e-29
 130.437002      5.463    14.3020  33.423691    26.9804      5.414  265.37349  265.60887    41.0229    13.7756 0.0000e+00
 130.437005      5.493    14.3021  33.424397    26.9805      5.443  265.37172  265.60711    37.6922    13.3186 0.0000e+00
 130.437008      5.523    14.3024  33.424338    26.9805      5.474  265.37089  265.60629    37.8323    13.3712 0.0000e+00
 130.437011      5.554    14.3023  33.422986    26.9799      5.505  265.37344  265.60885    37.8478    13.3025 0.0000e+00
 130.437014      5.589    14.3015  33.423045    26.9799      5.539  265.37650  265.61186    37.5366    13.2822 0.0000e+00
 130.437017      5.620    14.3010  33.422633    26.9799      5.570  265.37939  265.61472    38.9529    13.7998 0.0000e+00
 130.437020      5.651    14.3009  33.421810    26.9793      5.601  265.38138  265.61671    39.0619    13.8039 0.0000e+00
 130.437023      5.677    14.3006  33.421634    26.9792      5.626  265.38294  265.61826    39.0307    13.7796 0.0000e+00
 130.437025      5.704    14.3001  33.420928    26.9791      5.653  265.38599  265.62129    39.1552    13.7473 0.0000e+00
 130.437028      5.730    14.2997  33.415989    26.9789      5.678  265.39567  265.63098    44.0735    14.4023 -9.990e-29
 130.437031      5.748    14.2976  33.415048    26.9754      5.696  265.40600  265.64120    44.1825    14.3134 -9.990e-29
 130.437034      5.768    14.2954  33.412756    26.9749      5.716  265.41918  265.65426    44.0891    14.3821 -9.990e-29
 130.437037      5.784    14.2929  33.413167    26.9770      5.733  265.42886  265.66380    44.2447    14.3740 -9.990e-29
 130.437040      5.803    14.2912  33.412756    26.9785      5.751  265.43676  265.67160    44.1980    14.3983 -9.990e-29
 130.437043      5.828    14.2903  33.412756    26.9785      5.776  265.44053  265.67533    41.0541    13.9778 0.0000e+00
 130.437046      5.855    14.2895  33.410816    26.9785      5.803  265.44687  265.68163    41.2875    14.0788 -9.990e-29
 130.437049      5.879    14.2885  33.411169    26.9794      5.827  265.45038  265.68508    41.4120    14.0708 -9.990e-29
 130.437052      5.908    14.2878  33.411875    26.9797      5.856  265.45237  265.68703    41.0074    14.0546 0.0000e+00
 130.437054      5.939    14.2875  33.412581    26.9794      5.886  265.45218  265.68682    41.1008    13.7675 0.0000e+00
 130.437057      5.967    14.2880  33.412110    26.9797      5.913  265.45108  265.68575    41.0385    13.7917 0.0000e+00
 130.437060      5.992    14.2882  33.413580    26.9794      5.939  265.44775  265.68242    41.2253    13.8160 -9.990e-29
 130.437063      6.016    14.2886  33.414403    26.9810      5.962  265.44484  265.67953    41.1475    13.7998 -9.990e-29
 130.437066      6.042    14.2891  33.413992    26.9803      5.988  265.44365  265.67837    44.0580    14.1638 -9.990e-29
 130.437069      6.062    14.2891  33.413580    26.9799      6.007  265.44403  265.67875    44.2292    14.1435 -9.990e-29
 130.437072      6.084    14.2890  33.412287    26.9788      6.029  265.44679  265.68151    44.1358    14.1233 -9.990e-29
 130.437075      6.105    14.2885  33.412993    26.9798      6.051  265.44784  265.68253    44.2136    14.1071 -9.990e-29
 130.437078      6.131    14.2883  33.413169    26.9801      6.076  265.44819  265.68287    43.2642    14.7541 -9.990e-29
 130.437080      6.153    14.2882  33.412581    26.9795      6.098  265.44979  265.68447    43.2953    14.7177 -9.990e-29
 130.437083      6.188    14.2879  33.412287    26.9800      6.132  265.45124  265.68590    43.2642    14.6733 0.0000e+00
 130.437086      6.219    14.2875  33.412993    26.9805      6.163  265.45198  265.68661    43.1241    14.7622 0.0000e+00
 130.437089      6.248    14.2874  33.412934    26.9805      6.192  265.45241  265.68704    43.3264    14.7258 0.0000e+00
 130.437092      6.279    14.2875  33.411994    26.9796      6.223  265.45334  265.68799    41.7700    13.9616 0.0000e+00
 130.437095      6.306    14.2870  33.411700    26.9796      6.250  265.45603  265.69065    41.5521    13.9939 0.0000e+00
 130.437098      6.333    14.2868  33.411700    26.9796      6.277  265.45699  265.69160    41.7389    14.0667 0.0000e+00
 130.437101      6.361    14.2865  33.410348    26.9792      6.304  265.46048  265.69508    41.5366    14.0586 0.0000e+00
 130.437104      6.386    14.2862  33.410818    26.9787      6.329  265.46098  265.69555    40.7272    14.2285 -9.990e-29
 130.437106      6.406    14.2855  33.412171    26.9810      6.349  265.46159  265.69612    40.9296    14.2002 -9.990e-29
 130.437109      6.425    14.2854  33.413582    26.9823      6.367  265.45960  265.69412    40.7584    14.2689 -9.990e-29
 130.437112      6.439    14.2859  33.414581    26.9829      6.382  265.45609  265.69062    40.6494    14.2608 -9.990e-29
 130.437115      6.456    14.2869  33.415875    26.9833      6.398  265.44959  265.68417    37.3809    13.7917 -9.990e-29
 130.437118      6.474    14.2879  33.415581    26.9798      6.416  265.44632  265.68096    37.1630    13.7513 -9.990e-29
 130.437121      6.503    14.2882  33.412935    26.9798      6.445  265.44911  265.68379    37.2564    13.7392 0.0000e+00
 130.437124      6.530    14.2882  33.412994    26.9799      6.472  265.44934  265.68402    37.1786    13.7837 0.0000e+00
 130.437127      6.559    14.2877  33.413582    26.9807      6.501  265.45028  265.68492    39.3576    13.7553 0.0000e+00
 130.437130      6.590    14.2872  33.413347    26.9808      6.531  265.45256  265.68718    39.4354    13.6785 0.0000e+00
 130.437133      6.618    14.2872  33.415405    26.9827      6.558  265.44920  265.68381    39.6377    13.7756 0.0000e+00
 130.437135      6.649    14.2878  33.416522    26.9827      6.589  265.44520  265.67982    39.7000    13.7351 0.0000e+00
 130.437138      6.674    14.2887  33.415405    26.9825      6.614  265.44328  265.67797    39.4354    13.7311 0.0000e+00
 130.437141      6.705    14.2892  33.416111    26.9816      6.645  265.43995  265.67466    41.8790    14.0627 -9.990e-29
 130.437144      6.725    14.2894  33.416581    26.9821      6.665  265.43825  265.67297    41.8012    14.0061 -9.990e-29
 130.437147      6.744    14.2895  33.418228    26.9836      6.683  265.43525  265.66996    42.0969    14.0182 -9.990e-29
 130.437150      6.764    14.2903  33.419580    26.9842      6.703  265.42991  265.66465    41.7700    14.0344 -9.990e-29
 130.437153      6.785    14.2909  33.419698    26.9839      6.725  265.42691  265.66169    39.6377    13.8888 -9.990e-29
 130.437156      6.807    14.2918  33.420580    26.9840      6.747  265.42203  265.65685    39.7000    13.9252 -9.990e-29
 130.437159      6.833    14.2923  33.420933    26.9842      6.772  265.41927  265.65412    39.7467    13.8524 0.0000e+00
 130.437161      6.862    14.2929  33.421815    26.9844      6.801  265.41533  265.65021    39.7467    13.9414 0.0000e+00
 130.437164      6.893    14.2934  33.422226    26.9844      6.832  265.41248  265.64739    43.6533    14.3821 0.0000e+00
 130.437167      6.926    14.2942  33.423285    26.9848      6.864  265.40763  265.64257    43.6377    14.3821 0.0000e+00
 130.437170      6.955    14.2950  33.424402    26.9850      6.893  265.40237  265.63735    43.4976    14.4589 0.0000e+00
 130.437173      6.986    14.2959  33.424520    26.9852      6.924  265.39843  265.63346    43.8089    14.3983 -9.990e-29
 130.437176      7.010    14.2964  33.425049    26.9848      6.947  265.39538  265.63044    43.7311    14.3862 -9.990e-29
 130.437179      7.039    14.2969  33.424343    26.9838      6.976  265.39468  265.62977    44.7272    14.4266 -9.990e-29
