Processed/SBE19plus_01907321_2022_05_09_Cast98_wfilter.cnv
* Sea-Bird SBE19plus  Data File:
* FileName = E:\Prandtl_Daten\2022\CTD\Raw\SBE19plus_01907321_2022_05_09_Cast98.hex
* Software version 2.6.1.12
* Temperature SN = 7321
* Conductivity SN = 7321
* System UpLoad Time = May 09 2022 10:51:15
* <ApplicationData>
* <Seaterm232>
** Messpraktikum 2022
** CTD 09.05 SW3
** NMEA Latitude = 54 02.519 N
** NMEA Longitude = 008 29.775 E
# nquan = 11
# nvalues = 456                         
# units = specified
# name 0 = timeJ: Julian Days
# name 1 = prdM: Pressure, Strain Gauge [db]
# name 2 = tv290C: Temperature [ITS-90, deg C]
# name 3 = c0mS/cm: Conductivity [mS/cm]
# name 4 = sal00: Salinity, Practical [PSU]
# name 5 = depSM: Depth [salt water, m], lat = 54.00
# name 6 = oxsatMm/Kg: Oxygen Saturation, Weiss [umol/kg]
# name 7 = oxsolMm/Kg: Oxygen Saturation, Garcia & Gordon [umol/kg]
# name 8 = turbWETntu0: Turbidity, WET Labs ECO [NTU]
# name 9 = flECO-AFL: Fluorescence, WET Labs ECO-AFL/FL [mg/m^3]
# name 10 = flag:  0.000e+00
# span 0 = 129.447245, 129.448562       
# span 1 =      0.435,     10.795       
# span 2 =    11.5067,    12.0010       
# span 3 =  29.108877,  31.636932       
# span 4 =    24.6067,    27.3308       
# span 5 =      0.431,     10.698       
# span 6 =  280.70780,  283.23642       
# span 7 =  280.78618,  283.36766       
# span 8 =    -6.3389,    32.8206       
# span 9 =    -0.1831,    14.9320       
# span 10 = 0.0000e+00, 0.0000e+00      
# interval = seconds: 0.25
# start_time = May 09 2022 10:42:51 [Instrument's time stamp, header]
# bad_flag = -9.990e-29
*END*
[from data line 132]
 129.447627      3.563    11.9675  29.264056    24.7711      3.531  283.03592  283.16526    10.7194    10.5326 -9.990e-29
 129.447630      3.570    11.9591  29.307412    24.8172      3.538  282.99574  283.12408    10.8284    10.5002 -9.990e-29
 129.447633      3.569    11.9491  29.329603    24.8445      3.537  283.00206  283.12952    10.7506    10.5609 -9.990e-29
 129.447636      3.567    11.9407  29.336760    24.8568      3.535  283.02893  283.15577    10.7973    10.5164 -9.990e-29
 129.447639      3.563    11.9349  29.343749    24.8672      3.531  283.04383  283.17021    10.7506    10.5326 -9.990e-29
 129.447642      3.563    11.9314  29.350627    24.8760      3.531  283.04765  283.17373    10.9529    11.3413 -9.990e-29
 129.447645      3.567    11.9286  29.354933    24.8818      3.535  283.05293  283.17878    11.1241    11.3656 -9.990e-29
 129.447648      3.569    11.9264  29.367461    24.8950      3.537  283.04028  283.16585    11.0619    11.3615 -9.990e-29
 129.447650      3.579    11.9242  29.369139    24.8981      3.547  283.04778  283.17319    11.1085    11.3251 -9.990e-29
 129.447653      3.599    11.9227  29.370705    24.9111      3.567  283.05184  283.17714    10.7973    10.2738 -9.990e-29
 129.447656      3.629    11.9210  29.380830    24.9133      3.596  283.04101  283.16609    10.7973    10.2495 0.0000e+00
 129.447659      3.669    11.9186  29.383851    24.9155      3.636  283.04703  283.17192    10.7039    10.2455 0.0000e+00
 129.447662      3.715    11.9168  29.388326    24.9209      3.681  283.04736  283.17209    10.8128    10.2778 0.0000e+00
 129.447665      3.767    11.9146  29.386928    24.9210      3.734  283.06060  283.18519    11.0619    10.1161 0.0000e+00
 129.447668      3.822    11.9134  29.390789    24.9230      3.788  283.05910  283.18357    11.0307    10.0635 0.0000e+00
 129.447671      3.871    11.9127  29.387768    24.9244      3.837  283.06772  283.19219    11.0152    10.0918 0.0000e+00
 129.447674      3.923    11.9125  29.389111    24.9242      3.888  283.06626  283.19070    11.0774    10.0837 0.0000e+00
 129.447677      3.961    11.9123  29.388719    24.9243      3.925  283.06833  283.19276    11.3109    10.3991 0.0000e+00
 129.447679      3.994    11.9122  29.389670    24.9242      3.958  283.06692  283.19133    11.2175    10.3951 -9.990e-29
 129.447682      4.018    11.9125  29.390566    24.9257      3.982  283.06361  283.18804    11.3264    10.4355 -9.990e-29
 129.447685      4.025    11.9129  29.394426    24.9291      3.989  283.05479  283.17919    11.2331    10.4436 -9.990e-29
 129.447688      4.031    11.9134  29.392580    24.9270      3.994  283.05557  283.18003    11.2175    10.4193 -9.990e-29
 129.447691      4.021    11.9137  29.396776    24.9308      3.985  283.04677  283.17120    12.8517    10.7509 -9.990e-29
 129.447694      4.016    11.9141  29.397727    24.9313      3.980  283.04268  283.16713    12.8984    10.7671 -9.990e-29
 129.447697      4.010    11.9141  29.400748    24.9342      3.974  283.03740  283.16181    12.9607    10.7348 -9.990e-29
 129.447700      4.016    11.9133  29.404441    24.9382      3.980  283.03418  283.15851    12.8517    10.6943 -9.990e-29
 129.447703      4.028    11.9122  29.406624    24.9410      3.992  283.03544  283.15967    11.5132    11.5313 -9.990e-29
 129.447705      4.048    11.9110  29.415746    24.9576      4.012  283.02413  283.14818    11.5599    11.5556 -9.990e-29
 129.447708      4.076    11.9098  29.422798    24.9613      4.039  283.01667  283.14057    11.4976    11.5556 0.0000e+00
 129.447711      4.109    11.9089  29.429907    24.9649      4.072  283.00779  283.13155    11.5288    11.5556 0.0000e+00
 129.447714      4.140    11.9078  29.432034    24.9676      4.103  283.00915  283.13282    11.2798    10.2697 0.0000e+00
 129.447717      4.173    11.9068  29.433937    24.9700      4.135  283.01027  283.13386    11.3420    10.2536 0.0000e+00
 129.447720      4.209    11.9061  29.437576    24.9739      4.171  283.00717  283.13067    11.1864    10.2738 0.0000e+00
 129.447723      4.242    11.9053  29.439871    24.9753      4.204  283.00657  283.12999    11.2642    10.2616 0.0000e+00
 129.447726      4.275    11.9050  29.438472    24.9766      4.237  283.01085  283.13426    11.0774    10.4638 -9.990e-29
 129.447729      4.293    11.9048  29.439704    24.9767      4.254  283.00923  283.13263    11.1552    10.4557 -9.990e-29
 129.447731      4.322    11.9049  29.440655    24.9776      4.283  283.00715  283.13054    10.9996    10.4679 -9.990e-29
 129.447734      4.344    11.9051  29.441551    24.9782      4.305  283.00450  283.12790    11.0307    10.4840 -9.990e-29
 129.447737      4.373    11.9052  29.442559    24.9791      4.334  283.00232  283.12571    11.0307    10.4719 -9.990e-29
 129.447740      4.395    11.9053  29.441551    24.9781      4.356  283.00354  283.12695    11.2175    11.6446 -9.990e-29
 129.447743      4.417    11.9054  29.441999    24.9785      4.377  283.00239  283.12580    11.2175    11.6082 -9.990e-29
 129.447746      4.439    11.9064  29.441831    24.9776      4.399  282.99809  283.12156    11.3731    11.6405 -9.990e-29
 129.447749      4.455    11.9076  29.442111    24.9771      4.415  282.99162  283.11517    11.2175    11.6365 -9.990e-29
 129.447752      4.473    11.9082  29.443343    24.9778      4.433  282.98636  283.10994    11.6844    10.6660 -9.990e-29
 129.447755      4.482    11.9085  29.444295    24.9785      4.442  282.98327  283.10686    11.6844    10.6458 -9.990e-29
 129.447758      4.500    11.9080  29.444854    24.9794      4.460  282.98489  283.10844    11.6844    10.6701 -9.990e-29
 129.447760      4.517    11.9073  29.446198    24.9811      4.476  282.98538  283.10888    11.7311    10.6701 -9.990e-29
 129.447763      4.533    11.9062  29.447934    24.9834      4.493  282.98747  283.11087    12.1047    11.7174 -9.990e-29
 129.447766      4.552    11.9053  29.448718    24.9847      4.511  282.99032  283.11366    12.0424    11.7537 -9.990e-29
 129.447769      4.572    11.9051  29.452693    24.9918      4.531  282.98394  283.10722    12.1047    11.7578 -9.990e-29
 129.447772      4.599    11.9050  29.455997    24.9964      4.558  282.97848  283.10171    11.9957    11.7093 0.0000e+00
 129.447775      4.636    11.9043  29.465237    25.0009      4.595  282.96464  283.08773    14.4704    11.6971 0.0000e+00
 129.447778      4.672    11.9030  29.468037    25.0043      4.631  282.96541  283.08839    14.4548    11.6931 0.0000e+00
 129.447781      4.716    11.9020  29.475038    25.0115      4.674  282.95706  283.07990    14.2992    11.6810 0.0000e+00
 129.447784      4.751    11.9013  29.478455    25.0133      4.708  282.95404  283.07679    14.3615    11.7012 0.0000e+00
 129.447786      4.778    11.9007  29.484448    25.0151      4.736  282.94589  283.06854    14.3926    11.7052 -9.990e-29
 129.447789      4.798    11.9001  29.484448    25.0216      4.756  282.94888  283.07149    12.9607    11.6163 -9.990e-29
 129.447792      4.810    11.8995  29.488313    25.0256      4.767  282.94468  283.06720    12.9607    11.6163 -9.990e-29
 129.447795      4.817    11.8989  29.503888    25.0406      4.774  282.91837  283.04070    12.8829    11.6122 -9.990e-29
 129.447798      4.823    11.8975  29.507642    25.0450      4.780  282.91834  283.04053    13.0541    11.6244 -9.990e-29
 129.447801      4.830    11.8963  29.511172    25.0491      4.787  282.91740  283.03947    13.1319    11.1755 -9.990e-29
 129.447804      4.834    11.8954  29.511509    25.0501      4.791  282.92107  283.04308    13.1319    11.1755 -9.990e-29
 129.447807      4.839    11.8943  29.519466    25.0582      4.796  282.91124  283.03310    13.2253    11.1917 -9.990e-29
 129.447810      4.858    11.8934  29.522156    25.0614      4.814  282.91087  283.03264    13.0852    11.1674 -9.990e-29
 129.447813      4.881    11.8925  29.528153    25.0721      4.838  282.90370  283.02535    11.9646    11.4869 -9.990e-29
 129.447815      4.918    11.8915  29.532357    25.0741      4.874  282.90053  283.02207    11.9334    11.5030 0.0000e+00
 129.447818      4.963    11.8910  29.536168    25.0760      4.919  282.89612  283.01758    12.0580    11.4869 0.0000e+00
 129.447821      5.001    11.8908  29.544689    25.0841      4.957  282.88129  283.00264    11.9646    11.5192 0.0000e+00
 129.447824      5.041    11.8904  29.548837    25.0882      4.996  282.87525  282.99654    12.1202    11.7174 0.0000e+00
 129.447827      5.082    11.8901  29.553323    25.0905      5.036  282.86858  282.98980    12.1047    11.7537 0.0000e+00
 129.447830      5.109    11.8894  29.554332    25.0927      5.063  282.87003  282.99119    11.9646    11.7699 -9.990e-29
 129.447833      5.127    11.8891  29.556126    25.0959      5.081  282.86802  282.98915    11.9957    11.7699 -9.990e-29
 129.447836      5.145    11.8890  29.561453    25.1009      5.099  282.85846  282.97952    12.0268    11.7740 -9.990e-29
 129.447839      5.156    11.8885  29.567508    25.1070      5.110  282.84984  282.97081    13.8323    11.6850 -9.990e-29
 129.447841      5.161    11.8877  29.568406    25.1084      5.115  282.85214  282.97304    13.9724    11.6850 -9.990e-29
 129.447844      5.169    11.8874  29.571714    25.1116      5.123  282.84698  282.96783    13.9257    11.7012 -9.990e-29
 129.447847      5.178    11.8871  29.576481    25.1163      5.132  282.83977  282.96055    13.7856    11.6688 -9.990e-29
 129.447850      5.196    11.8865  29.580519    25.1205      5.149  282.83524  282.95593    13.4120    11.1674 -9.990e-29
 129.447853      5.218    11.8857  29.584333    25.1237      5.171  282.83179  282.95239    13.3654    11.1836 -9.990e-29
 129.447856      5.245    11.8847  29.582651    25.1252      5.198  282.83989  282.96044    13.3654    11.1836 0.0000e+00
 129.447859      5.280    11.8843  29.585623    25.1266      5.232  282.83604  282.95653    13.4432    11.1715 0.0000e+00
 129.447862      5.312    11.8843  29.585567    25.1267      5.265  282.83616  282.95666    12.8362    12.3967 0.0000e+00
 129.447865      5.349    11.8838  29.587811    25.1291      5.301  282.83432  282.95476    12.8984    12.3765 0.0000e+00
 129.447867      5.382    11.8838  29.590952    25.1305      5.333  282.82883  282.94923    12.9607    12.4169 0.0000e+00
 129.447870      5.411    11.8841  29.595328    25.1320      5.362  282.81906  282.93944    12.9140    12.4088 -9.990e-29
 129.447873      5.434    11.8847  29.596337    25.1364      5.385  282.81423  282.93463    14.8906    11.8104 -9.990e-29
 129.447876      5.458    11.8849  29.609297    25.1484      5.409  282.78947  282.90975    14.9218    11.8063 -9.990e-29
 129.447879      5.473    11.8840  29.622146    25.1611      5.424  282.76987  282.88995    14.8906    11.8548 -9.990e-29
 129.447882      5.476    11.8825  29.630956    25.1703      5.427  282.76041  282.88030    14.8128    11.8265 -9.990e-29
 129.447885      5.484    11.8810  29.643978    25.1835      5.435  282.74344  282.86309    14.8284    11.8427 -9.990e-29
 129.447888      5.493    11.8792  29.660313    25.2001      5.444  282.72163  282.84098    15.1397    11.4869 -9.990e-29
 129.447891      5.500    11.8774  29.696028    25.2347      5.451  282.66375  282.78260    15.1241    11.4909 -9.990e-29
 129.447894      5.513    11.8743  29.708780    25.2488      5.463  282.65452  282.77303    15.0307    11.4788 -9.990e-29
 129.447896      5.533    11.8714  29.720185    25.2666      5.483  282.64714  282.76533    15.0930    11.4869 -9.990e-29
 129.447899      5.562    11.8688  29.723893    25.2692      5.512  282.65243  282.77042    14.0969    11.7659 0.0000e+00
 129.447902      5.593    11.8678  29.728613    25.2717      5.543  282.64861  282.76647    14.0813    11.7295 0.0000e+00
 129.447905      5.630    11.8665  29.744461    25.2874      5.579  282.62505  282.74267    14.0657    11.7214 0.0000e+00
 129.447908      5.674    11.8652  29.744855    25.2887      5.623  282.63093  282.74845    14.2058    11.7618 0.0000e+00
 129.447911      5.717    11.8643  29.758457    25.3021      5.666  282.60991  282.72722    15.0930    12.1419 0.0000e+00
 129.447914      5.754    11.8634  29.776223    25.3107      5.702  282.58081  282.69788    15.1085    12.1419 0.0000e+00
 129.447917      5.787    11.8620  29.792643    25.3193      5.735  282.55717  282.67396    15.1085    12.1177 -9.990e-29
 129.447920      5.810    11.8603  29.800067    25.3438      5.758  282.55125  282.66785    15.2642    12.1379 -9.990e-29
 129.447922      5.827    11.8585  29.814410    25.3584      5.775  282.53310  282.64942    15.3109    11.6244 -9.990e-29
 129.447925      5.838    11.8562  29.842599    25.3864      5.786  282.49146  282.60733    15.4354    11.6082 -9.990e-29
 129.447928      5.845    11.8535  29.850478    25.3957      5.793  282.48960  282.60520    15.4354    11.6446 -9.990e-29
 129.447931      5.852    11.8516  29.859990    25.4059      5.800  282.48108  282.59645    15.3420    11.6527 -9.990e-29
 129.447934      5.856    11.8497  29.870347    25.4169      5.803  282.47033  282.58546    15.2798    11.5960 -9.990e-29
 129.447937      5.870    11.8479  29.892249    25.4387      5.818  282.43840  282.55317    14.6572    11.5273 -9.990e-29
 129.447940      5.877    11.8458  29.915452    25.4619      5.825  282.40502  282.51941    14.6572    11.5758 -9.990e-29
 129.447943      5.894    11.8434  29.924183    25.4717      5.841  282.39991  282.51405    14.6105    11.5839 -9.990e-29
 129.447946      5.910    11.8419  29.938718    25.4864      5.857  282.38006  282.49393    14.6416    11.5556 -9.990e-29
 129.447948      5.929    11.8405  29.963964    25.5111      5.876  282.33992  282.45342    14.9996    11.7376 -9.990e-29
 129.447951      5.948    11.8386  29.981777    25.5291      5.895  282.31558  282.42876    14.7817    11.7457 -9.990e-29
 129.447954      5.970    11.8362  29.995590    25.5515      5.917  282.30132  282.41419    14.9218    11.7254 -9.990e-29
 129.447957      5.996    11.8343  30.002582    25.5598      5.942  282.29682  282.40949    14.9529    11.7497 0.0000e+00
 129.447960      6.025    11.8329  30.019050    25.5680      5.971  282.27302  282.38541    14.7194    12.6555 0.0000e+00
 129.447963      6.067    11.8307  30.030444    25.5801      6.013  282.26195  282.37408    14.7194    12.6555 0.0000e+00
 129.447966      6.116    11.8287  30.034337    25.5801      6.061  282.26421  282.37616    14.6261    12.6231 0.0000e+00
 129.447969      6.169    11.8273  30.025029    25.5773      6.114  282.28814  282.40009    14.6883    12.6514 0.0000e+00
 129.447972      6.223    11.8277  30.011211    25.5658      6.168  282.31229  282.42442    14.4393    11.6850 0.0000e+00
 129.447975      6.278    11.8290  30.014031    25.5658      6.222  282.30086  282.41305    14.3303    11.6810 0.0000e+00
 129.447977      6.321    11.8300  30.026101    25.5711      6.264  282.27348  282.38561    14.3615    11.6931 0.0000e+00
 129.447980      6.352    11.8305  30.025199    25.5764      6.295  282.27322  282.38539    14.4237    11.7012 -9.990e-29
 129.447983      6.361    11.8298  30.028245    25.5786      6.304  282.27050  282.38259    14.4548    11.6931 -9.990e-29
 129.447986      6.366    11.8285  30.034732    25.5856      6.309  282.26495  282.37688    16.7428    12.7161 -9.990e-29
 129.447989      6.356    11.8271  30.044436    25.5956      6.299  282.25307  282.36480    16.8206    12.7161 -9.990e-29
 129.447992      6.339    11.8257  30.063226    25.6143      6.282  282.22490  282.33633    16.7739    12.7121 -9.990e-29
 129.447995      6.317    11.8237  30.094835    25.6454      6.261  282.17544  282.28639    16.8984    12.7000 -9.990e-29
 129.447998      6.294    11.8206  30.132048    25.6825      6.237  282.12042  282.23075    16.1358    11.7942 -9.990e-29
 129.448001      6.268    11.8169  30.172669    25.7233      6.212  282.06228  282.17192    16.1358    11.8225 -9.990e-29
