Processed/SBE19plus_01907321_2022_05_09_Cast96_wfilter.cnv
* Sea-Bird SBE19plus  Data File:
* FileName = E:\Prandtl_Daten\2022\CTD\Raw\SBE19plus_01907321_2022_05_09_Cast96.hex
* Software version 2.6.1.12
* Temperature SN = 7321
* Conductivity SN = 7321
* System UpLoad Time = May 09 2022 09:34:39
* <ApplicationData>
* <Seaterm232>
** Messpraktikum 2022
** CTD 09.05 NE2
** NMEA Latitude = 54 00.29 N
** NMEA Longitude = 008 39.85 E
# nquan = 11
# nvalues = 220                         
# units = specified
# name 0 = timeJ: Julian Days
# name 1 = prdM: Pressure, Strain Gauge [db]
# name 2 = tv290C: Temperature [ITS-90, deg C]
# name 3 = c0mS/cm: Conductivity [mS/cm]
# name 4 = sal00: Salinity, Practical [PSU]
# name 5 = depSM: Depth [salt water, m], lat = 54.00
# name 6 = oxsatMm/Kg: Oxygen Saturation, Weiss [umol/kg]
# name 7 = oxsolMm/Kg: Oxygen Saturation, Garcia & Gordon [umol/kg]
# name 8 = turbWETntu0: Turbidity, WET Labs ECO [NTU]
# name 9 = flECO-AFL: Fluorescence, WET Labs ECO-AFL/FL [mg/m^3]
# name 10 = flag:  0.000e+00
# span 0 = 129.393947, 129.394580       
# span 1 =      0.563,      6.747       
# span 2 =    12.5197,    12.6699       
# span 3 =  27.862715,  28.997478       
# span 4 =    23.1068,    24.0677       
# span 5 =      0.558,      6.686       
# span 6 =  280.19212,  282.79851       
# span 7 =  280.36798,  282.97748       
# span 8 =    24.1358,    29.0229       
# span 9 =    13.4157,    16.1007       
# span 10 = 0.0000e+00, 0.0000e+00      
# interval = seconds: 0.25
# start_time = May 09 2022 09:26:03 [Instrument's time stamp, header]
# bad_flag = -9.990e-29
*END*
 129.393947      0.563    12.5519  27.862715    23.1068      0.558  282.79110  282.97033    27.6066    14.9199 0.0000e+00
 129.393950      0.597    12.5482  27.868308    23.1068      0.592  282.79851  282.97748    27.6222    16.0643 -9.990e-29
 129.393953      0.614    12.5450  27.878398    23.1253      0.608  282.79608  282.97477    27.5599    16.0602 -9.990e-29
 129.393955      0.628    12.5426  27.896497    23.1432      0.623  282.77473  282.95311    27.6689    16.1007 -9.990e-29
 129.393958      0.648    12.5402  27.905329    23.1658      0.643  282.77079  282.94895    27.6377    16.0643 -9.990e-29
 129.393961      0.685    12.5380  27.918167    23.1696      0.679  282.75791  282.93582    27.8245    16.0602 0.0000e+00
 129.393964      0.723    12.5360  27.925191    23.1724      0.717  282.75484  282.93257    29.0229    15.2070 0.0000e+00
 129.393967      0.758    12.5342  27.922831    23.1734      0.751  282.76803  282.94567    28.8829    15.1787 0.0000e+00
 129.393970      0.798    12.5332  27.931337    23.1808      0.791  282.75749  282.93499    28.7428    15.1666 0.0000e+00
 129.393973      0.831    12.5323  27.935344    23.1829      0.824  282.75472  282.93213    28.8206    15.1747 0.0000e+00
 129.393976      0.860    12.5311  27.931722    23.1850      0.853  282.76676  282.94414    27.9646    15.8742 -9.990e-29
 129.393979      0.881    12.5302  27.930624    23.1819      0.873  282.77321  282.95054    27.9334    15.8661 -9.990e-29
 129.393981      0.904    12.5297  27.933862    23.1852      0.896  282.77011  282.94738    28.0268    15.8378 -9.990e-29
 129.393984      0.926    12.5292  27.934246    23.1858      0.918  282.77149  282.94873    28.0268    15.8661 -9.990e-29
 129.393987      0.953    12.5274  27.935344    23.1880      0.945  282.77842  282.95554    27.6844    14.8310 -9.990e-29
 129.393990      0.972    12.5262  27.934960    23.1884      0.963  282.78495  282.96200    27.7311    14.8674 -9.990e-29
 129.393993      0.985    12.5257  27.933369    23.1872      0.976  282.79023  282.96727    27.6533    14.8593 -9.990e-29
 129.393996      1.009    12.5253  27.948352    23.2185      1.000  282.76523  282.94210    27.6222    14.8997 -9.990e-29
 129.393999      1.041    12.5220  27.965206    23.2287      1.032  282.75054  282.92707    26.8751    14.8188 0.0000e+00
 129.394002      1.082    12.5197  27.985853    23.2388      1.072  282.72455  282.90074    26.9218    14.7663 0.0000e+00
 129.394005      1.122    12.5214  27.993651    23.2418      1.112  282.70227  282.87850    27.0619    14.7622 0.0000e+00
 129.394008      1.156    12.5243  27.990026    23.2449      1.146  282.69482  282.87125    26.9685    14.8067 -9.990e-29
 129.394010      1.176    12.5254  27.993102    23.2419      1.166  282.68380  282.86027    26.8906    14.7541 -9.990e-29
 129.394013      1.198    12.5265  28.025569    23.2951      1.187  282.62003  282.79627    26.1280    13.7311 -9.990e-29
 129.394016      1.229    12.5278  28.052992    23.2951      1.218  282.56403  282.74009    26.1903    13.8079 0.0000e+00
 129.394019      1.262    12.5304  28.053212    23.2951      1.251  282.55135  282.72756    26.0035    13.7998 -9.990e-29
 129.394022      1.285    12.5340  28.062667    23.3001      1.274  282.51687  282.69320    26.0502    13.7958 -9.990e-29
 129.394025      1.308    12.5375  28.072673    23.3071      1.296  282.48208  282.65853    26.5171    13.7028 -9.990e-29
 129.394028      1.322    12.5406  28.061732    23.2952      1.310  282.48681  282.66354    26.4237    13.6987 -9.990e-29
 129.394031      1.342    12.5417  28.056454    23.2897      1.330  282.49088  282.66773    26.3770    13.7432 -9.990e-29
 129.394034      1.366    12.5426  28.063931    23.2943      1.354  282.47296  282.64979    26.4393    13.6987 -9.990e-29
 129.394036      1.403    12.5431  28.062446    23.2966      1.390  282.47361  282.65048    27.1552    14.6611 0.0000e+00
 129.394039      1.443    12.5436  28.067724    23.2982      1.430  282.46171  282.63857    27.2331    14.6530 0.0000e+00
 129.394042      1.485    12.5434  28.067010    23.2982      1.471  282.46405  282.64091    27.1708    14.6247 0.0000e+00
 129.394045      1.517    12.5423  28.054091    23.2927      1.504  282.49251  282.66942    27.2642    14.6773 0.0000e+00
 129.394048      1.546    12.5397  28.036998    23.2871      1.532  282.53568  282.71260    26.7817    14.2770 -9.990e-29
 129.394051      1.570    12.5362  28.026283    23.2654      1.556  282.57213  282.74894    26.5949    14.2729 -9.990e-29
 129.394054      1.588    12.5319  28.021064    23.2617      1.574  282.60242  282.77902    26.5638    14.3336 -9.990e-29
 129.394057      1.623    12.5288  28.017218    23.2617      1.609  282.62409  282.80054    26.7039    14.2891 0.0000e+00
 129.394060      1.656    12.5284  28.021064    23.2617      1.641  282.61921  282.79560    26.7350    14.3174 -9.990e-29
 129.394062      1.680    12.5294  28.028482    23.2716      1.665  282.60070  282.77709    25.9412    14.4145 -9.990e-29
 129.394065      1.694    12.5325  28.048101    23.2876      1.679  282.55058  282.72697    25.9412    14.4064 -9.990e-29
 129.394068      1.704    12.5370  28.043924    23.2810      1.689  282.53626  282.71295    26.0813    14.4064 -9.990e-29
 129.394071      1.720    12.5426  28.036284    23.2706      1.705  282.52340  282.70049    25.8945    14.3983 -9.990e-29
 129.394074      1.744    12.5492  28.046836    23.2785      1.728  282.47259  282.64997    25.8945    14.5034 -9.990e-29
 129.394077      1.778    12.5556  28.053761    23.2757      1.762  282.42902  282.60672    25.8478    14.5196 0.0000e+00
 129.394080      1.815    12.5596  28.050298    23.2729      1.799  282.41615  282.59412    25.8634    14.5115 0.0000e+00
 129.394083      1.846    12.5605  28.043042    23.2693      1.829  282.42481  282.60290    26.0657    14.5236 0.0000e+00
 129.394086      1.875    12.5599  28.060632    23.2657      1.858  282.39618  282.57408    26.7350    15.1625 -9.990e-29
 129.394089      1.895    12.5587  28.071023    23.2923      1.878  282.38327  282.56099    26.6416    15.0817 -9.990e-29
 129.394091      1.917    12.5560  28.094504    23.3418      1.900  282.35392  282.53127    26.5794    15.1261 -9.990e-29
 129.394094      1.945    12.5518  28.120523    23.3448      1.928  282.32715  282.50401    26.7973    15.0817 0.0000e+00
 129.394097      1.972    12.5482  28.124704    23.3448      1.954  282.33703  282.51363    26.2214    14.0263 0.0000e+00
 129.394100      2.001    12.5466  28.109246    23.3478      1.983  282.37244  282.54910    26.1903    14.0505 -9.990e-29
 129.394103      2.019    12.5474  28.097420    23.3234      2.001  282.39003  282.56685    26.2525    14.0505 -9.990e-29
 129.394106      2.038    12.5497  28.095549    23.3202      2.020  282.38249  282.55946    26.2214    13.9939 -9.990e-29
 129.394109      2.054    12.5522  28.101049    23.3237      2.036  282.36029  282.53735    26.2058    14.0627 -9.990e-29
 129.394112      2.076    12.5551  28.111775    23.3699      2.058  282.32730  282.50444    25.9412    13.9858 -9.990e-29
 129.394115      2.104    12.5573  28.155081    23.3968      2.085  282.23865  282.41552    25.9568    14.0465 0.0000e+00
 129.394117      2.136    12.5595  28.215488    23.4237      2.117  282.11886  282.29530    26.0969    14.0344 0.0000e+00
 129.394120      2.171    12.5620  28.234330    23.4394      2.152  282.07299  282.24941    25.8167    14.0384 0.0000e+00
 129.394123      2.209    12.5644  28.239785    23.4429      2.190  282.05194  282.22845    26.2525    14.8795 0.0000e+00
 129.394126      2.244    12.5669  28.260507    23.4602      2.224  282.00237  282.17883    26.1280    14.8593 0.0000e+00
 129.394129      2.279    12.5699  28.266350    23.4627      2.258  281.97756  282.15415    26.2214    14.8754 0.0000e+00
 129.394132      2.306    12.5710  28.266019    23.4637      2.285  281.97273  282.14939    26.0502    14.8188 0.0000e+00
 129.394135      2.341    12.5702  28.271311    23.4680      2.320  281.96730  282.14386    26.7194    14.8310 0.0000e+00
 129.394138      2.373    12.5673  28.286915    23.4760      2.352  281.95282  282.12907    26.9685    14.8431 0.0000e+00
 129.394141      2.403    12.5642  28.292981    23.4840      2.381  281.95722  282.13322    26.8595    14.8754 -9.990e-29
 129.394144      2.428    12.5603  28.273518    23.4762      2.407  282.01068  282.18664    26.9840    14.8471 -9.990e-29
 129.394146      2.450    12.5561  28.256320    23.4631      2.428  282.06212  282.23798    26.7506    14.8148 -9.990e-29
 129.394149      2.479    12.5516  28.251525    23.4615      2.457  282.09223  282.26787    26.8128    14.4751 -9.990e-29
 129.394152      2.501    12.5482  28.262880    23.4542      2.479  282.08811  282.26344    26.8284    14.4428 -9.990e-29
 129.394155      2.527    12.5463  28.240008    23.4541      2.504  282.13823  282.31366    26.6416    14.4792 0.0000e+00
 129.394158      2.562    12.5458  28.239622    23.4541      2.539  282.14133  282.31673    26.7973    14.4630 0.0000e+00
 129.394161      2.596    12.5460  28.229208    23.4445      2.573  282.15945  282.33496    26.4548    14.2851 0.0000e+00
 129.394164      2.625    12.5466  28.218575    23.4344      2.602  282.17558  282.35123    26.3770    14.2851 0.0000e+00
 129.394167      2.658    12.5476  28.212736    23.4344      2.635  282.18137  282.35713    26.4082    14.2487 0.0000e+00
 129.394170      2.684    12.5502  28.221329    23.4346      2.660  282.15328  282.32911    26.3926    14.2770 0.0000e+00
 129.394172      2.712    12.5520  28.254832    23.4494      2.687  282.08436  282.26000    25.2253    14.1031 0.0000e+00
 129.394175      2.741    12.5545  28.272416    23.4642      2.716  282.04076  282.21638    25.1941    14.1152 -9.990e-29
 129.394178      2.762    12.5585  28.266903    23.4711      2.738  282.03131  282.20722    25.2253    14.1314 -9.990e-29
 129.394181      2.782    12.5632  28.259572    23.4615      2.758  282.02241  282.19867    24.9607    14.0667 -9.990e-29
 129.394184      2.803    12.5666  28.249540    23.4502      2.778  282.02416  282.20071    26.1903    14.4589 -9.990e-29
 129.394187      2.824    12.5678  28.237417    23.4453      2.799  282.03989  282.21663    26.3926    14.4266 -9.990e-29
 129.394190      2.855    12.5661  28.243864    23.4528      2.830  282.03646  282.21304    26.0969    14.4549 0.0000e+00
 129.394193      2.888    12.5638  28.258690    23.4603      2.862  282.02100  282.19730    26.1124    14.3983 0.0000e+00
 129.394196      2.923    12.5615  28.281458    23.4826      2.897  281.99122  282.16717    26.0657    14.4266 0.0000e+00
 129.394198      2.960    12.5593  28.293313    23.4947      2.933  281.98042  282.15613    25.5521    14.3255 0.0000e+00
 129.394201      2.996    12.5581  28.329718    23.5287      2.969  281.92027  282.09558    25.6922    14.2770 0.0000e+00
 129.394204      3.025    12.5580  28.373647    23.5690      2.998  281.84179  282.01668    25.4899    14.2608 0.0000e+00
 129.394207      3.060    12.5589  28.432075    23.6218      3.033  281.73210  281.90651    25.6611    14.2487 0.0000e+00
 129.394210      3.093    12.5615  28.445722    23.6327      3.065  281.69498  281.86941    25.4276    15.5184 0.0000e+00
 129.394213      3.125    12.5643  28.475069    23.6453      3.097  281.62890  281.80323    25.4899    15.5103 0.0000e+00
 129.394216      3.151    12.5672  28.517811    23.6578      3.123  281.53804  281.71214    25.4899    15.5103 -9.990e-29
 129.394219      3.171    12.5706  28.542261    23.7152      3.142  281.47776  281.65184    25.5210    15.5143 -9.990e-29
 129.394222      3.195    12.5738  28.549952    23.7203      3.166  281.44869  281.62290    25.5988    14.3215 -9.990e-29
 129.394225      3.218    12.5764  28.566941    23.7342      3.190  281.40593  281.58014    25.5988    14.3093 -9.990e-29
 129.394227      3.242    12.5786  28.582495    23.7512      3.213  281.36746  281.54165    25.7233    14.3134 -9.990e-29
 129.394230      3.272    12.5809  28.588639    23.7569      3.242  281.34526  281.51953    25.7389    14.3579 0.0000e+00
 129.394233      3.308    12.5826  28.602370    23.7626      3.278  281.31245  281.48670    26.7661    14.6409 0.0000e+00
 129.394236      3.341    12.5845  28.626737    23.7626      3.311  281.25984  281.43397    26.9685    14.6894 0.0000e+00
 129.394239      3.370    12.5865  28.592293    23.7510      3.340  281.31235  281.48692    26.8595    14.6369 0.0000e+00
 129.394242      3.407    12.5864  28.496519    23.6634      3.376  281.48503  281.66048    27.0619    14.6450 0.0000e+00
 129.394245      3.439    12.5819  28.400535    23.6061      3.408  281.67916  281.85523    26.7350    14.6571 0.0000e+00
 129.394248      3.465    12.5741  28.425446    23.6061      3.434  281.67167  281.84704    26.1591    14.6813 0.0000e+00
 129.394251      3.496    12.5696  28.461251    23.6239      3.464  281.62858  281.80336    26.1436    14.7056 0.0000e+00
 129.394253      3.525    12.5693  28.486181    23.6417      3.493  281.58506  281.75959    26.1903    14.6894 -9.990e-29
 129.394256      3.550    12.5708  28.471200    23.6500      3.519  281.60493  281.77969    26.1903    14.6288 -9.990e-29
 129.394259      3.574    12.5713  28.469100    23.6478      3.542  281.60669  281.78150    25.2253    14.4792 -9.990e-29
 129.394262      3.596    12.5713  28.461583    23.6409      3.564  281.61990  281.79478    25.4899    14.5075 -9.990e-29
 129.394265      3.618    12.5705  28.446441    23.6219      3.586  281.65092  281.82589    25.4743    14.4670 -9.990e-29
 129.394268      3.645    12.5690  28.439258    23.6261      3.613  281.67133  281.84627    25.3965    14.4994 0.0000e+00
 129.394271      3.675    12.5674  28.447381    23.6303      3.642  281.66418  281.83896    26.0346    14.8835 0.0000e+00
 129.394274      3.706    12.5671  28.482312    23.6625      3.673  281.60298  281.77741    25.8634    14.8754 0.0000e+00
 129.394277      3.744    12.5689  28.523952    23.6994      3.710  281.51920  281.69336    25.8790    14.9037 0.0000e+00
 129.394280      3.782    12.5730  28.550396    23.7210      3.749  281.45231  281.62646    25.9879    14.8512 0.0000e+00
 129.394282      3.815    12.5775  28.557534    23.7247      3.781  281.41781  281.59217    26.2992    13.8969 0.0000e+00
 129.394285      3.850    12.5813  28.628179    23.7869      3.815  281.27276  281.44669    26.0969    13.9009 0.0000e+00
 129.394288      3.885    12.5874  28.652222    23.7960      3.850  281.20046  281.37453    26.2992    13.9009 0.0000e+00
 129.394291      3.912    12.5935  28.714637    23.8051      3.877  281.05919  281.23305    26.3303    13.8969 -9.990e-29
 129.394294      3.937    12.6010  28.759789    23.8949      3.902  280.94227  281.11617    26.0191    13.8726 -9.990e-29
 129.394297      3.969    12.6088  28.784706    23.9128      3.933  280.86076  281.03490    24.4938    14.7986 -9.990e-29
 129.394300      3.991    12.6153  28.797972    23.9207      3.955  280.80593  280.98034    24.6494    14.8067 -9.990e-29
 129.394303      4.012    12.6200  28.804134    23.9234      3.977  280.77297  280.94760    24.8050    14.7905 -9.990e-29
 129.394306      4.033    12.6235  28.817404    23.9224      3.996  280.73231  280.90703    24.6650    14.8269 -9.990e-29
 129.394308      4.060    12.6261  28.807298    23.9272      4.024  280.73800  280.91297    25.3965    14.0586 0.0000e+00
 129.394311      4.087    12.6277  28.818903    23.9320      4.051  280.70977  280.88473    25.4432    14.0748 0.0000e+00
 129.394314      4.120    12.6291  28.840841    23.9512      4.083  280.66369  280.83853    25.4587    14.1233 0.0000e+00
 129.394317      4.151    12.6316  28.847395    23.9523      4.114  280.64049  280.81542    25.4587    14.1314 0.0000e+00
 129.394320      4.184    12.6343  28.845729    23.9556      4.147  280.63037  280.80548    25.3187    14.2770 0.0000e+00
 129.394323      4.215    12.6358  28.856061    23.9609      4.177  280.60512  280.78021    25.3809    14.2729 0.0000e+00
