Processed/SBE19plus_01907321_2022_05_06_Cast55_wfilter.cnv
* Sea-Bird SBE19plus  Data File:
* FileName = E:\Prandtl Daten\2022\CTD\Raw\SBE19plus_01907321_2022_05_06_Cast55.hex
* Software version 2.6.1.12
* Temperature SN = 7321
* Conductivity SN = 7321
* System UpLoad Time = May 06 2022 13:46:39
* <ApplicationData>
* <Seaterm232>
** Messpraktikum 2022
** CTD 06.05 BW2
** NMEA Latitude = 54 07,910 N
** NMEA Longitude = 008 45,080 E
# nquan = 11
# nvalues = 637                         
# units = specified
# name 0 = timeJ: Julian Days
# name 1 = prdM: Pressure, Strain Gauge [db]
# name 2 = tv290C: Temperature [ITS-90, deg C]
# name 3 = c0mS/cm: Conductivity [mS/cm]
# name 4 = sal00: Salinity, Practical [PSU]
# name 5 = depSM: Depth [salt water, m], lat = 54.00
# name 6 = oxsatMm/Kg: Oxygen Saturation, Weiss [umol/kg]
# name 7 = oxsolMm/Kg: Oxygen Saturation, Garcia & Gordon [umol/kg]
# name 8 = turbWETntu0: Turbidity, WET Labs ECO [NTU]
# name 9 = flECO-AFL: Fluorescence, WET Labs ECO-AFL/FL [mg/m^3]
# name 10 = flag:  0.000e+00
# span 0 = 126.568539, 126.570379       
# span 1 =      0.610,     17.300       
# span 2 =    12.3112,    12.5447       
# span 3 =  31.664330,  32.684681       
# span 4 =    26.7253,    27.5566       
# span 5 =      0.604,     17.145       
# span 6 =  274.17950,  276.94415       
# span 7 =  274.31203,  277.07194       
# span 8 =    14.0191,    25.0541       
# span 9 =     6.0967,     8.8949       
# span 10 = 0.0000e+00, 0.0000e+00      
# interval = seconds: 0.25
# start_time = May 06 2022 13:37:28 [Instrument's time stamp, header]
# bad_flag = -9.990e-29
*END*
[from data line 394]
 126.569679     10.949    12.4254  32.163261    27.1576     10.851  275.63130  275.76113    16.7584     6.9823 -9.990e-29
 126.569682     10.969    12.4251  32.155442    27.1505     10.871  275.64666  275.77655    16.7584     6.9620 -9.990e-29
 126.569685     10.987    12.4244  32.150345    27.1462     10.889  275.65900  275.78889    16.9918     6.9782 -9.990e-29
 126.569688     11.009    12.4236  32.149360    27.1459     10.911  275.66457  275.79442    16.9140     7.0146 -9.990e-29
 126.569690     11.028    12.4231  32.162277    27.1821     10.929  275.64352  275.77321    17.9568     7.0227 -9.990e-29
 126.569693     11.055    12.4240  32.188521    27.2109     10.956  275.59218  275.72166    18.1591     6.9782 0.0000e+00
 126.569696     11.086    12.4278  32.252980    27.2396     10.986  275.45915  275.58823    18.0969     6.9539 0.0000e+00
 126.569699     11.117    12.4364  32.266724    27.2462     11.017  275.39637  275.52590    18.2369     7.0146 0.0000e+00
 126.569702     11.150    12.4449  32.297526    27.2495     11.050  275.30294  275.43273    16.5560     7.0833 0.0000e+00
 126.569705     11.180    12.4522  32.282558    27.2495     11.080  275.29750  275.42793    16.6494     7.0753 0.0000e+00
 126.569708     11.211    12.4557  32.267534    27.2483     11.111  275.30912  275.43994    16.6650     7.0550 0.0000e+00
 126.569711     11.239    12.4551  32.283544    27.2406     11.138  275.28287  275.41349    16.7272     7.0995 0.0000e+00
 126.569714     11.266    12.4555  32.283950    27.2483     11.165  275.28059  275.41123    16.6494     7.0429 -9.990e-29
 126.569716     11.290    12.4573  32.291028    27.2537     11.189  275.25971  275.39040    16.5716     6.3474 -9.990e-29
 126.569719     11.314    12.4586  32.298918    27.2601     11.212  275.23988  275.37058    16.6183     6.3595 -9.990e-29
 126.569722     11.326    12.4603  32.336524    27.2940     11.225  275.16476  275.29520    16.4626     6.3272 -9.990e-29
 126.569725     11.348    12.4649  32.396219    27.3463     11.246  275.03712  275.16726    16.6805     6.3757 -9.990e-29
 126.569728     11.368    12.4730  32.447062    27.3702     11.266  274.90976  275.03994    15.6222     6.5698 -9.990e-29
 126.569731     11.394    12.4827  32.435670    27.3610     11.292  274.88728  275.01822    15.7155     6.6143 0.0000e+00
 126.569734     11.423    12.4888  32.420618    27.3702     11.320  274.88733  275.01884    15.5599     6.6588 0.0000e+00
 126.569737     11.452    12.4908  32.469268    27.3957     11.349  274.79130  274.92245    15.7311     6.6102 0.0000e+00
 126.569740     11.483    12.4951  32.472988    27.3960     11.380  274.76553  274.89694    17.0852     6.5779 0.0000e+00
 126.569742     11.516    12.4999  32.518469    27.4349     11.413  274.66301  274.79429    17.1941     6.6345 0.0000e+00
 126.569745     11.547    12.5054  32.533421    27.4362     11.443  274.61182  274.74331    16.9762     6.6021 0.0000e+00
 126.569748     11.574    12.5111  32.528533    27.4449     11.471  274.59555  274.72747    16.9918     6.6668 0.0000e+00
 126.569751     11.604    12.5141  32.543021    27.4418     11.500  274.55615  274.68814    17.0852     6.2948 0.0000e+00
 126.569754     11.635    12.5169  32.567990    27.4474     11.530  274.49924  274.63117    16.6650     6.3797 -9.990e-29
 126.569757     11.658    12.5209  32.586386    27.4830     11.554  274.44880  274.58080    16.8984     6.3353 -9.990e-29
 126.569760     11.678    12.5257  32.593780    27.4863     11.574  274.41431  274.54656    16.8673     6.3636 -9.990e-29
 126.569763     11.697    12.5294  32.594828    27.4846     11.592  274.39587  274.52837    16.9918     6.3797 -9.990e-29
 126.569766     11.717    12.5321  32.601116    27.4885     11.612  274.37306  274.50567    16.2136     6.6749 -9.990e-29
 126.569769     11.739    12.5339  32.598670    27.4849     11.633  274.36932  274.50208    16.5093     6.7841 -9.990e-29
 126.569771     11.764    12.5347  32.600301    27.4847     11.659  274.36298  274.49578    16.5871     6.7194 -9.990e-29
 126.569774     11.791    12.5352  32.599486    27.4841     11.686  274.36227  274.49511    16.3226     6.7801 0.0000e+00
 126.569777     11.821    12.5353  32.598263    27.4847     11.715  274.36385  274.49671    16.2759     6.6871 0.0000e+00
 126.569780     11.855    12.5351  32.601349    27.4865     11.749  274.35929  274.49211    16.5093     6.6911 0.0000e+00
 126.569783     11.888    12.5356  32.603388    27.4866     11.782  274.35348  274.48630    16.3381     6.7275 0.0000e+00
 126.569786     11.915    12.5363  32.602398    27.4873     11.809  274.35245  274.48533    16.3537     6.7315 0.0000e+00
 126.569789     11.948    12.5363  32.599311    27.4866     11.841  274.35768  274.49060    17.5210     7.2087 -9.990e-29
 126.569792     11.972    12.5358  32.591742    27.4769     11.865  274.37343  274.50639    17.7233     7.1440 -9.990e-29
 126.569795     11.997    12.5349  32.574101    27.4612     11.890  274.40908  274.54215    17.5833     7.2087 -9.990e-29
 126.569797     12.014    12.5326  32.548607    27.4391     11.906  274.46504  274.59821    17.6766     7.1966 -9.990e-29
 126.569800     12.032    12.5287  32.539530    27.4334     11.924  274.49821  274.63121    18.2992     7.2451 -9.990e-29
 126.569803     12.052    12.5248  32.528300    27.4258     11.944  274.53555  274.66840    18.1591     7.2734 -9.990e-29
 126.569806     12.074    12.5216  32.523181    27.4234     11.966  274.55913  274.69182    18.3926     7.2289 -9.990e-29
 126.569809     12.098    12.5194  32.533421    27.4249     11.989  274.55020  274.68264    18.4237     7.2896 -9.990e-29
 126.569812     12.127    12.5190  32.522890    27.4204     12.018  274.57096  274.70348    18.4860     7.3057 0.0000e+00
 126.569815     12.162    12.5184  32.512768    27.4159     12.053  274.59162  274.72420    19.5755     7.2006 0.0000e+00
 126.569818     12.198    12.5176  32.499506    27.4041     12.089  274.61916  274.75181    19.5910     7.2289 0.0000e+00
 126.569821     12.231    12.5160  32.492178    27.3995     12.121  274.63920  274.77182    19.5910     7.2330 0.0000e+00
 126.569823     12.264    12.5143  32.492004    27.3995     12.154  274.64705  274.77956    19.5599     7.1683 0.0000e+00
 126.569826     12.295    12.5134  32.503171    27.4050     12.184  274.63114  274.76347    17.1941     7.1359 0.0000e+00
 126.569829     12.322    12.5135  32.502764    27.4105     12.212  274.63157  274.76392    17.1319     7.0995 -9.990e-29
 126.569832     12.344    12.5143  32.499507    27.4065     12.233  274.63397  274.76641    17.0696     7.0429 -9.990e-29
 126.569835     12.368    12.5144  32.496424    27.4035     12.257  274.63889  274.77136    16.9607     7.0712 -9.990e-29
 126.569838     12.382    12.5141  32.501892    27.4088     12.271  274.63035  274.76275    16.0424     6.7396 -9.990e-29
 126.569841     12.402    12.5148  32.512595    27.4183     12.291  274.60837  274.74071    16.0268     6.7437 -9.990e-29
 126.569844     12.428    12.5165  32.516841    27.4210     12.316  274.59327  274.72567    16.1358     6.7073 -9.990e-29
 126.569847     12.447    12.5180  32.516259    27.4224     12.336  274.58743  274.71995    16.0113     6.7315 -9.990e-29
 126.569850     12.475    12.5192  32.520390    27.4229     12.363  274.57504  274.70760    17.7856     6.9014 0.0000e+00
 126.569852     12.509    12.5200  32.522193    27.4234     12.397  274.56808  274.70067    17.7233     6.9054 0.0000e+00
 126.569855     12.539    12.5206  32.526266    27.4267     12.426  274.55799  274.69058    17.6455     6.8286 0.0000e+00
 126.569858     12.573    12.5213  32.538950    27.4381     12.461  274.53248  274.66499    17.9568     6.8852 0.0000e+00
 126.569861     12.603    12.5229  32.541161    27.4381     12.490  274.52134  274.65393    17.6611     6.9095 0.0000e+00
 126.569864     12.630    12.5241  32.540405    27.4382     12.517  274.51770  274.65038    16.8206     6.5617 0.0000e+00
 126.569867     12.661    12.5248  32.556292    27.4374     12.547  274.48583  274.61841    16.8673     6.5981 -9.990e-29
 126.569870     12.685    12.5261  32.550589    27.4454     12.571  274.49043  274.62314    16.6650     6.6305 -9.990e-29
 126.569873     12.710    12.5267  32.557748    27.4517     12.596  274.47512  274.60781    16.6805     6.6102 -9.990e-29
 126.569876     12.725    12.5272  32.579984    27.4720     12.611  274.43314  274.56563    17.8167     6.7032 -9.990e-29
 126.569878     12.743    12.5297  32.587203    27.4769     12.629  274.40928  274.54187    17.7856     6.7396 -9.990e-29
 126.569881     12.765    12.5325  32.595005    27.4821     12.650  274.38282  274.51553    17.9257     6.6305 -9.990e-29
 126.569884     12.788    12.5343  32.598674    27.4847     12.674  274.36814  274.50093    17.7856     6.6709 -9.990e-29
 126.569887     12.816    12.5360  32.600479    27.4860     12.701  274.35774  274.49062    17.6922     6.9216 0.0000e+00
 126.569890     12.847    12.5370  32.604031    27.4873     12.732  274.34702  274.47994    17.6922     6.9620 0.0000e+00
 126.569893     12.878    12.5375  32.605254    27.4880     12.763  274.34236  274.47530    17.6144     6.9539 0.0000e+00
 126.569896     12.913    12.5379  32.612418    27.4943     12.797  274.32800  274.46089    17.5521     6.9337 0.0000e+00
 126.569899     12.942    12.5381  32.612534    27.4944     12.826  274.32687  274.45978    17.2564     6.9418 0.0000e+00
 126.569902     12.976    12.5385  32.613233    27.4947     12.860  274.32377  274.45670    17.2875     6.0967 0.0000e+00
 126.569905     13.004    12.5387  32.627387    27.5078     12.887  274.29784  274.43064    17.4899     6.1290 0.0000e+00
 126.569907     13.033    12.5392  32.630067    27.5088     12.916  274.29088  274.42369    17.1630     6.1048 0.0000e+00
 126.569910     13.060    12.5398  32.635601    27.5099     12.943  274.27819  274.41098    17.4276     6.1331 -9.990e-29
 126.569913     13.078    12.5404  32.641718    27.5198     12.961  274.26444  274.39722    17.1008     6.6952 -9.990e-29
 126.569916     13.099    12.5411  32.643408    27.5209     12.981  274.25862  274.39142    17.1941     6.7679 -9.990e-29
 126.569919     13.115    12.5414  32.641718    27.5191     12.998  274.26009  274.39294    16.9762     6.7437 -9.990e-29
 126.569922     13.137    12.5417  32.637349    27.5136     13.019  274.26667  274.39958    17.1475     6.6830 -9.990e-29
 126.569925     13.163    12.5416  32.636009    27.5127     13.045  274.26940  274.40231    19.0930     6.9620 0.0000e+00
 126.569928     13.194    12.5416  32.633970    27.5119     13.076  274.27307  274.40600    19.2019     6.9823 0.0000e+00
 126.569931     13.223    12.5414  32.633970    27.5119     13.104  274.27434  274.40725    18.9218     6.9944 0.0000e+00
 126.569933     13.256    12.5414  32.636009    27.5137     13.137  274.27040  274.40330    18.9062     6.9661 0.0000e+00
 126.569936     13.285    12.5414  32.637815    27.5145     13.166  274.26719  274.40007    16.9607     6.9418 0.0000e+00
 126.569939     13.314    12.5416  32.637000    27.5149     13.195  274.26804  274.40094    17.0074     6.9782 0.0000e+00
 126.569942     13.343    12.5419  32.633970    27.5145     13.224  274.27192  274.40487    17.0229     7.0065 -9.990e-29
 126.569945     13.367    12.5419  32.631524    27.5092     13.247  274.27662  274.40959    17.0852     6.9337 -9.990e-29
 126.569948     13.395    12.5416  32.627970    27.5060     13.275  274.28425  274.41723    17.0541     7.0389 -9.990e-29
 126.569951     13.416    12.5413  32.626980    27.5053     13.296  274.28728  274.42026    15.9646     6.4161 -9.990e-29
 126.569954     13.436    12.5410  32.626573    27.5051     13.316  274.28927  274.42224    16.1825     6.4242 -9.990e-29
 126.569957     13.460    12.5409  32.622728    27.5016     13.339  274.29648  274.42948    16.1047     6.4444 -9.990e-29
 126.569959     13.480    12.5406  32.616496    27.4944     13.359  274.30920  274.44224    16.0113     6.4081 -9.990e-29
 126.569962     13.515    12.5400  32.614283    27.4960     13.394  274.31569  274.44871    18.3459     7.1561 0.0000e+00
 126.569965     13.544    12.5397  32.617545    27.4977     13.423  274.31143  274.44440    18.2214     7.1116 0.0000e+00
 126.569968     13.575    12.5396  32.618244    27.4977     13.453  274.31052  274.44347    18.3770     7.1683 0.0000e+00
 126.569971     13.608    12.5395  32.615506    27.4958     13.486  274.31575  274.44872    18.3770     7.0874 0.0000e+00
 126.569974     13.639    12.5397  32.614691    27.4950     13.517  274.31660  274.44960    18.2214     6.5900 0.0000e+00
 126.569977     13.668    12.5395  32.612827    27.4940     13.546  274.32058  274.45358    18.3926     6.6224 0.0000e+00
 126.569980     13.697    12.5393  32.613352    27.4940     13.574  274.32060  274.45358    18.3459     6.5779 0.0000e+00
 126.569983     13.723    12.5394  32.623079    27.4985     13.600  274.30290  274.43580    18.4237     6.5819 0.0000e+00
 126.569986     13.750    12.5394  32.627797    27.5030     13.627  274.29417  274.42702    17.9101     6.5900 -9.990e-29
 126.569988     13.770    12.5401  32.629020    27.5080     13.647  274.28918  274.42206    17.7545     6.5698 -9.990e-29
 126.569991     13.792    12.5403  32.632690    27.5112     13.668  274.28169  274.41455    17.8945     6.6749 -9.990e-29
 126.569994     13.808    12.5406  32.641313    27.5191     13.684  274.26503  274.39782    17.7389     6.6143 -9.990e-29
 126.569997     13.828    12.5411  32.651567    27.5283     13.704  274.24452  274.37724    18.0502     6.5779 -9.990e-29
 126.570000     13.850    12.5417  32.649120    27.5215     13.726  274.24610  274.37889    17.5210     6.5455 -9.990e-29
 126.570003     13.879    12.5421  32.645158    27.5211     13.755  274.25133  274.38419    17.6922     6.5091 0.0000e+00
 126.570006     13.905    12.5423  32.644401    27.5215     13.780  274.25208  274.38495    17.5521     6.5213 0.0000e+00
 126.570009     13.939    12.5424  32.646032    27.5221     13.815  274.24887  274.38173    17.5988     6.5536 0.0000e+00
 126.570012     13.970    12.5425  32.647489    27.5234     13.845  274.24566  274.37852    15.7311     6.3393 0.0000e+00
 126.570014     14.000    12.5427  32.648305    27.5240     13.874  274.24328  274.37615    15.6066     6.3353 0.0000e+00
 126.570017     14.025    12.5427  32.648538    27.5240     13.899  274.24288  274.37574    15.6066     6.3757 0.0000e+00
 126.570020     14.058    12.5429  32.647722    27.5237     13.932  274.24343  274.37631    15.5755     6.4081 0.0000e+00
 126.570023     14.083    12.5428  32.648305    27.5232     13.957  274.24302  274.37590    18.6883     6.6992 -9.990e-29
 126.570026     14.107    12.5428  32.646965    27.5226     13.981  274.24544  274.37832    18.9529     6.6588 -9.990e-29
 126.570029     14.129    12.5429  32.648946    27.5244     14.002  274.24160  274.37447    18.5794     6.6466 -9.990e-29
 126.570032     14.145    12.5431  32.649354    27.5246     14.019  274.23994  274.37282    18.8595     6.6345 -9.990e-29
 126.570035     14.165    12.5431  32.649529    27.5248     14.039  274.23964  274.37252    17.3187     6.4202 -9.990e-29
 126.570038     14.189    12.5430  32.650461    27.5274     14.062  274.23830  274.37117    17.1941     6.3797 -9.990e-29
 126.570041     14.222    12.5431  32.652442    27.5298     14.094  274.23416  274.36701    17.3187     6.3959 0.0000e+00
 126.570043     14.249    12.5432  32.657570    27.5322     14.122  274.22469  274.35750    17.4587     6.4121 0.0000e+00
 126.570046     14.284    12.5434  32.658561    27.5330     14.156  274.22232  274.35513    17.3965     6.3555 0.0000e+00
 126.570049     14.313    12.5434  32.660601    27.5348     14.185  274.21838  274.35117    18.3926     6.7275 0.0000e+00
 126.570052     14.348    12.5436  32.661650    27.5348     14.219  274.21559  274.34838    18.2992     6.7599 0.0000e+00
