Processed/SBE19plus_01907321_2022_05_05_Cast25_wfilter.cnv
* Sea-Bird SBE19plus  Data File:
* FileName = E:\Prandtl Daten\2022\CTD\Raw\SBE19plus_01907321_2022_05_05_Cast25.hex
* Software version 2.6.1.12
* Temperature SN = 7321
* Conductivity SN = 7321
* System UpLoad Time = May 05 2022 08:51:50
* <ApplicationData>
* <Seaterm232>
** Messpraktikum 2022
** CTD 05.05 NP1
# nquan = 11
# nvalues = 197                         
# units = specified
# name 0 = timeJ: Julian Days
# name 1 = prdM: Pressure, Strain Gauge [db]
# name 2 = tv290C: Temperature [ITS-90, deg C]
# name 3 = c0mS/cm: Conductivity [mS/cm]
# name 4 = sal00: Salinity, Practical [PSU]
# name 5 = depSM: Depth [salt water, m], lat = 54.00
# name 6 = oxsatMm/Kg: Oxygen Saturation, Weiss [umol/kg]
# name 7 = oxsolMm/Kg: Oxygen Saturation, Garcia & Gordon [umol/kg]
# name 8 = turbWETntu0: Turbidity, WET Labs ECO [NTU]
# name 9 = flECO-AFL: Fluorescence, WET Labs ECO-AFL/FL [mg/m^3]
# name 10 = flag:  0.000e+00
# span 0 = 125.366395, 125.366962       
# span 1 =      0.697,      5.645       
# span 2 =    11.7591,    12.1133       
# span 3 =  31.785913,  31.959498       
# span 4 =    27.1959,    27.3919       
# span 5 =      0.691,      5.595       
# span 6 =  277.39303,  279.27334       
# span 7 =  277.50367,  279.36104       
# span 8 =     4.7739,    14.9373       
# span 9 =     3.0761,     7.3179       
# span 10 = 0.0000e+00, 0.0000e+00      
# interval = seconds: 0.25
# start_time = May 05 2022 08:46:13 [Instrument's time stamp, header]
# bad_flag = -9.990e-29
*END*
 125.366395      0.697    12.1133  31.959498    27.1962      0.691  277.39303  277.50367     4.9918     3.1084 -9.990e-29
 125.366398      0.706    12.1125  31.958516    27.1959      0.699  277.39862  277.50921     5.0074     3.0923 -9.990e-29
 125.366400      0.726    12.1111  31.957880    27.1963      0.719  277.40610  277.51661     4.9918     3.0963 -9.990e-29
 125.366403      0.748    12.1095  31.955685    27.1971      0.741  277.41707  277.52750     5.0852     3.0882 -9.990e-29
 125.366406      0.773    12.1076  31.956090    27.1972      0.766  277.42518  277.53547     4.9607     3.1044 0.0000e+00
 125.366409      0.802    12.1064  31.955512    27.1974      0.795  277.43162  277.54183     5.0385     3.0761 0.0000e+00
 125.366412      0.830    12.1049  31.955108    27.1979      0.822  277.43900  277.54911     4.7895     3.2055 0.0000e+00
 125.366415      0.868    12.1039  31.954126    27.1981      0.860  277.44556  277.55561     4.7739     3.1934 0.0000e+00
 125.366418      0.897    12.1025  31.953895    27.1987      0.889  277.45231  277.56226     4.8206     3.2338 0.0000e+00
 125.366421      0.930    12.1012  31.953895    27.1987      0.922  277.45800  277.56787     4.7895     3.2459 0.0000e+00
 125.366424      0.956    12.0999  31.951122    27.1983      0.947  277.46878  277.57859     5.4276     3.4643 0.0000e+00
 125.366427      0.985    12.0973  31.949505    27.1981      0.976  277.48374  277.59339     5.5210     3.4764 0.0000e+00
 125.366429      1.012    12.0943  31.950083    27.1983      1.003  277.49595  277.60539     5.6766     3.4805 -9.990e-29
 125.366432      1.032    12.0927  31.949274    27.2014      1.023  277.50470  277.61403     5.5366     3.4481 -9.990e-29
 125.366435      1.056    12.0913  31.949679    27.2028      1.046  277.51060  277.61983     5.2875     3.6746 -9.990e-29
 125.366438      1.074    12.0902  31.946675    27.2008      1.065  277.52084  277.63003     5.4587     3.6705 -9.990e-29
 125.366441      1.092    12.0873  31.944711    27.2037      1.083  277.53739  277.64640     5.2875     3.6584 -9.990e-29
 125.366444      1.118    12.0839  31.944885    27.2041      1.108  277.55285  277.66162     5.3187     3.6503 0.0000e+00
 125.366447      1.149    12.0815  31.943903    27.2045      1.139  277.56540  277.67401     5.8323     3.7352 0.0000e+00
 125.366450      1.176    12.0796  31.944827    27.2067      1.166  277.57224  277.68071     5.8167     3.7352 0.0000e+00
 125.366453      1.206    12.0790  31.945116    27.2067      1.195  277.57457  277.68299     5.7233     3.7433 0.0000e+00
 125.366455      1.237    12.0791  31.944481    27.2071      1.226  277.57512  277.68356     5.6922     3.7352 0.0000e+00
 125.366458      1.271    12.0789  31.944712    27.2067      1.260  277.57567  277.68409     5.6611     3.6948 -9.990e-29
 125.366461      1.293    12.0789  31.945521    27.2078      1.282  277.57420  277.68262     5.4899     4.0627 -9.990e-29
 125.366464      1.326    12.0795  31.945926    27.2078      1.314  277.57064  277.67910     5.4587     4.0385 0.0000e+00
 125.366467      1.354    12.0804  31.946099    27.2078      1.342  277.56624  277.67476     5.5210     4.0668 -9.990e-29
 125.366470      1.376    12.0814  31.946677    27.2071      1.363  277.56078  277.66936     5.5366     4.0668 -9.990e-29
 125.366473      1.396    12.0824  31.946503    27.2062      1.383  277.55670  277.66535     5.2720     4.4995 -9.990e-29
 125.366476      1.412    12.0827  31.945290    27.2048      1.400  277.55767  277.66636     5.3031     4.4995 -9.990e-29
 125.366479      1.430    12.0821  31.943499    27.2036      1.417  277.56349  277.67215     5.3031     4.4752 -9.990e-29
 125.366481      1.448    12.0803  31.940669    27.2033      1.436  277.57689  277.68546     5.3654     4.4833 -9.990e-29
 125.366484      1.480    12.0772  31.939514    27.2037      1.467  277.59291  277.70128     6.2214     4.7421 0.0000e+00
 125.366487      1.509    12.0745  31.938070    27.2033      1.496  277.60788  277.71607     6.3459     4.7421 0.0000e+00
 125.366490      1.540    12.0720  31.932063    27.2040      1.526  277.63027  277.73835     6.4082     4.7461 0.0000e+00
 125.366493      1.576    12.0655  31.933103    27.2058      1.562  277.65740  277.76503     6.3148     4.7178 0.0000e+00
 125.366496      1.604    12.0599  31.930909    27.2078      1.589  277.68700  277.79425     5.5521     4.6531 0.0000e+00
 125.366499      1.636    12.0563  31.929696    27.2078      1.622  277.70533  277.81235     5.4587     4.6895 0.0000e+00
 125.366502      1.662    12.0530  31.923921    27.2077      1.647  277.73077  277.83763     5.4899     4.6895 0.0000e+00
 125.366505      1.693    12.0465  31.920918    27.2062      1.678  277.76564  277.87208     5.5833     4.6895 -9.990e-29
 125.366508      1.713    12.0386  31.914104    27.2074      1.698  277.81381  277.91978     5.6299     4.6814 -9.990e-29
 125.366510      1.735    12.0293  31.911679    27.2119      1.720  277.86055  277.96589     6.8284     4.7704 -9.990e-29
 125.366513      1.755    12.0208  31.912316    27.2187      1.740  277.89788  278.00262     6.7194     4.8027 -9.990e-29
 125.366516      1.774    12.0166  31.910122    27.2196      1.758  277.92085  278.02532     6.7817     4.7906 -9.990e-29
 125.366519      1.797    12.0139  31.909487    27.2209      1.781  277.93433  278.03863     6.7973     4.8108 -9.990e-29
 125.366522      1.823    12.0117  31.907697    27.2204      1.806  277.94742  278.05158     7.0307     4.7299 0.0000e+00
 125.366525      1.848    12.0098  31.905099    27.2208      1.832  277.96105  278.06510     7.0307     4.7542 0.0000e+00
 125.366528      1.879    12.0072  31.904117    27.2208      1.862  277.97455  278.07843     7.0930     4.7340 0.0000e+00
 125.366531      1.912    12.0030  31.901693    27.2216      1.895  277.99796  278.10157     7.0619     4.7380 0.0000e+00
 125.366534      1.943    11.9992  31.903887    27.2243      1.925  278.01097  278.11430     7.0307     4.7785 0.0000e+00
 125.366536      1.974    11.9981  31.900827    27.2253      1.956  278.02167  278.12496     7.0307     4.7542 0.0000e+00
 125.366539      2.007    11.9959  31.900539    27.2243      1.989  278.03232  278.13545     6.9840     4.7866 -9.990e-29
 125.366542      2.031    11.9939  31.896497    27.2232      2.013  278.04861  278.15165     7.0774     4.7866 -9.990e-29
 125.366545      2.058    11.9900  31.895920    27.2256      2.040  278.06767  278.17044     5.9568     4.7946 -9.990e-29
 125.366548      2.082    11.9862  31.894535    27.2270      2.063  278.08726  278.18979     5.9724     4.7785 -9.990e-29
 125.366551      2.101    11.9836  31.890148    27.2247      2.083  278.10703  278.20942     6.0346     4.7946 -9.990e-29
 125.366554      2.121    11.9793  31.890321    27.2280      2.102  278.12628  278.22837     6.0502     4.7461 -9.990e-29
 125.366557      2.145    11.9753  31.886742    27.2275      2.126  278.15087  278.25272     6.1280     4.7866 -9.990e-29
 125.366560      2.169    11.9707  31.885531    27.2306      2.149  278.17425  278.27579     6.8128     4.8715 -9.990e-29
 125.366563      2.198    11.9664  31.883164    27.2299      2.178  278.19788  278.29914     6.7194     4.8472 0.0000e+00
 125.366565      2.229    11.9628  31.878951    27.2306      2.209  278.22207  278.32313     6.6883     4.8351 0.0000e+00
 125.366568      2.259    11.9574  31.877162    27.2315      2.238  278.24968  278.35038     6.7973     4.8432 0.0000e+00
 125.366571      2.291    11.9527  31.877740    27.2355      2.271  278.27009  278.37045     6.9062     4.7946 0.0000e+00
 125.366574      2.323    11.9500  31.876585    27.2359      2.302  278.28422  278.38442     7.0307     4.7866 0.0000e+00
 125.366577      2.352    11.9474  31.873180    27.2363      2.331  278.30251  278.40256     7.0619     4.7866 -9.990e-29
 125.366580      2.375    11.9433  31.868794    27.2339      2.354  278.32924  278.42904     7.1241     4.7582 -9.990e-29
 125.366583      2.404    11.9364  31.862619    27.2330      2.383  278.37189  278.47128     7.5443     4.8755 -9.990e-29
 125.366586      2.428    11.9287  31.859792    27.2360      2.406  278.41214  278.51102     7.5288     4.8310 -9.990e-29
 125.366589      2.443    11.9210  31.860601    27.2423      2.421  278.44536  278.54369     7.6377     4.8593 -9.990e-29
 125.366591      2.463    11.9175  31.855580    27.2402      2.441  278.47074  278.56887     7.4665     4.8553 -9.990e-29
 125.366594      2.481    11.9124  31.853445    27.2418      2.459  278.49772  278.59553     7.2175     4.9038 -9.990e-29
 125.366597      2.508    11.9070  31.854023    27.2463      2.486  278.52128  278.61870     7.2175     4.9160 -9.990e-29
 125.366600      2.528    11.9041  31.850215    27.2473      2.506  278.54158  278.63884     7.3576     4.9604 -9.990e-29
 125.366603      2.563    11.9007  31.850215    27.2464      2.540  278.55706  278.65408     7.3109     4.9240 0.0000e+00
 125.366606      2.592    11.8989  31.846811    27.2473      2.569  278.57127  278.66820     7.3420     4.8836 0.0000e+00
 125.366609      2.627    11.8963  31.848254    27.2473      2.603  278.58061  278.67734     7.2953     4.9928 0.0000e+00
 125.366612      2.661    11.8943  31.845254    27.2473      2.638  278.59533  278.69195     7.2019     4.9685 0.0000e+00
 125.366615      2.689    11.8912  31.841273    27.2457      2.665  278.61660  278.71305     7.3264     4.9604 0.0000e+00
 125.366617      2.716    11.8852  31.831292    27.2432      2.692  278.66222  278.75836     7.2331     4.9685 0.0000e+00
 125.366620      2.745    11.8748  31.830082    27.2407      2.720  278.71181  278.80723     7.2953     5.0332 -9.990e-29
 125.366623      2.768    11.8669  31.829275    27.2521      2.744  278.74929  278.84415     7.2953     5.0251 -9.990e-29
 125.366626      2.787    11.8627  31.830314    27.2562      2.762  278.76662  278.86117     7.2175     5.0211 -9.990e-29
 125.366629      2.807    11.8602  31.827487    27.2553      2.782  278.78323  278.87764     7.3264     5.0615 -9.990e-29
 125.366632      2.827    11.8570  31.822526    27.2529      2.802  278.80663  278.90088     8.5093     5.2839 -9.990e-29
 125.366635      2.844    11.8511  31.819931    27.2594      2.818  278.83859  278.93244     8.4626     5.2758 -9.990e-29
 125.366638      2.869    11.8461  31.820912    27.2573      2.844  278.85950  278.95299     8.4938     5.2880 0.0000e+00
 125.366641      2.901    11.8441  31.814971    27.2566      2.875  278.87938  278.97280     8.5871     5.3163 0.0000e+00
 125.366644      2.932    11.8391  31.812549    27.2566      2.906  278.90692  279.00001     8.1980     5.3729 0.0000e+00
 125.366646      2.966    11.8329  31.811397    27.2600      2.940  278.93716  279.02983     8.2759     5.3608 0.0000e+00
 125.366649      2.999    11.8281  31.810186    27.2612      2.972  278.96120  279.05354     8.3537     5.3486 0.0000e+00
 125.366652      3.028    11.8240  31.807187    27.2623      3.001  278.98540  279.07749     8.3226     5.3527 -9.990e-29
 125.366655      3.052    11.8199  31.803439    27.2619      3.024  279.01131  279.10314     8.3537     5.3567 -9.990e-29
 125.366658      3.085    11.8133  31.801248    27.2646      3.057  279.04506  279.13645     8.2914     5.2071 -9.990e-29
 125.366661      3.107    11.8072  31.794040    27.2622      3.079  279.08624  279.17728     8.2292     5.2435 -9.990e-29
 125.366664      3.127    11.7986  31.793753    27.2683      3.099  279.12622  279.21665     8.3226     5.2394 -9.990e-29
 125.366667      3.147    11.7913  31.793638    27.2735      3.119  279.15957  279.24949     8.3070     5.2475 -9.990e-29
 125.366670      3.167    11.7878  31.795657    27.2780      3.139  279.17160  279.26125    10.0969     5.7206 -9.990e-29
 125.366672      3.187    11.7867  31.792659    27.2731      3.159  279.18256  279.27216    10.0191     5.7772 -9.990e-29
 125.366675      3.213    11.7819  31.785913    27.2782      3.184  279.21690  279.30623     9.9568     5.7530 0.0000e+00
 125.366678      3.242    11.7723  31.789258    27.2832      3.213  279.25423  279.34284     9.8945     5.7611 0.0000e+00
 125.366681      3.274    11.7671  31.793065    27.2907      3.245  279.27113  279.35933     9.8945     6.0805 0.0000e+00
 125.366684      3.304    11.7675  31.793872    27.2907      3.274  279.26775  279.35597     9.7078     6.0643 0.0000e+00
 125.366687      3.335    11.7688  31.793468    27.2905      3.305  279.26254  279.35085     9.8012     6.0846 0.0000e+00
 125.366690      3.369    11.7700  31.795083    27.2898      3.339  279.25419  279.34257     9.7233     6.0886 -9.990e-29
 125.366693      3.393    11.7669  31.795429    27.2930      3.363  279.26744  279.35560    10.2369     5.9026 -9.990e-29
 125.366696      3.427    11.7646  31.805234    27.3040      3.397  279.25992  279.34781    10.2525     5.9228 -9.990e-29
 125.366698      3.448    11.7630  31.804196    27.3042      3.417  279.26912  279.35690    10.2681     5.9147 -9.990e-29
 125.366701      3.473    11.7628  31.804196    27.3043      3.442  279.27009  279.35785    10.3615     5.8986 -9.990e-29
 125.366704      3.494    11.7623  31.805580    27.3060      3.462  279.26973  279.35745    10.2525     5.9066 -9.990e-29
 125.366707      3.514    11.7618  31.804831    27.3056      3.482  279.27334  279.36104     9.2253     6.1816 -9.990e-29
 125.366710      3.537    11.7617  31.811175    27.3117      3.506  279.26217  279.34978     9.2564     6.2140 -9.990e-29
 125.366713      3.559    11.7608  31.819539    27.3277      3.527  279.25039  279.33784     9.3965     6.2059 -9.990e-29
 125.366716      3.585    11.7602  31.826923    27.3272      3.553  279.23948  279.32681     9.2564     6.2301 0.0000e+00
 125.366719      3.614    11.7597  31.825539    27.3268      3.581  279.24460  279.33191    10.8284     6.1412 0.0000e+00
 125.366722      3.645    11.7597  31.823116    27.3260      3.612  279.24882  279.33616    10.9529     6.1937 0.0000e+00
 125.366725      3.672    11.7599  31.824904    27.3260      3.639  279.24488  279.33221    11.0307     6.1573 0.0000e+00
 125.366727      3.707    11.7597  31.824904    27.3261      3.674  279.24585  279.33316    11.0463     6.1371 0.0000e+00
 125.366730      3.738    11.7591  31.832289    27.3262      3.704  279.23463  279.32183    10.8284     6.1129 -9.990e-29
 125.366733      3.763    11.7592  31.840886    27.3417      3.729  279.21832  279.30542    10.8284     6.1048 -9.990e-29
 125.366736      3.798    11.7597  31.844867    27.3451      3.764  279.20872  279.29581    10.7973     6.0846 -9.990e-29
 125.366739      3.816    11.7603  31.845271    27.3450      3.782  279.20515  279.29227    10.6727     6.1129 -9.990e-29
 125.366742      3.842    11.7606  31.844463    27.3440      3.808  279.20509  279.29226    11.0774     6.6668 -9.990e-29
 125.366745      3.858    11.7606  31.847637    27.3470      3.824  279.19919  279.28632    10.9218     6.6668 -9.990e-29
 125.366748      3.876    11.7605  31.852427    27.3516      3.842  279.19091  279.27797    10.9373     6.6790 -9.990e-29
 125.366751      3.900    11.7612  31.861603    27.3610      3.865  279.17068  279.25769    11.0774     6.6749 -9.990e-29
 125.366753      3.926    11.7620  31.863392    27.3598      3.891  279.16390  279.25095    11.0619     6.6547 0.0000e+00
 125.366756      3.953    11.7629  31.861603    27.3592      3.918  279.16316  279.25029    12.8517     6.9984 0.0000e+00
 125.366759      3.986    11.7634  31.862642    27.3592      3.950  279.15873  279.24589    12.7895     6.9782 0.0000e+00
 125.366762      4.017    11.7640  31.865008    27.3610      3.981  279.15182  279.23899    12.8517     7.0025 0.0000e+00
 125.366765      4.048    11.7645  31.868817    27.3642      4.012  279.14223  279.22940    12.9762     7.0146 0.0000e+00
 125.366768      4.079    11.7656  31.875167    27.3668      4.043  279.12539  279.21256    11.2331     6.5941 0.0000e+00
 125.366771      4.107    11.7671  31.878399    27.3694      4.070  279.11278  279.20002    11.2953     6.6062 -9.990e-29
