Processed/SBE19plus_01907321_2022_05_10_Cast120_wfilter.cnv
* Sea-Bird SBE19plus  Data File:
* FileName = E:\Prandtl_Daten\2022\CTD\Raw\SBE19plus_01907321_2022_05_10_Cast120.hex
* Software version 2.6.1.12
* Temperature SN = 7321
* Conductivity SN = 7321
* System UpLoad Time = May 10 2022 15:34:08
* <ApplicationData>
* <Seaterm232>
** Messpraktikum 2022
** CTD 10.05  BE
** NMEA Latitude = 54 07.51N
** NMEA Longitude = 008 50.04E
# nquan = 11
# nvalues = 607                         
# units = specified
# name 0 = timeJ: Julian Days
# name 1 = prdM: Pressure, Strain Gauge [db]
# name 2 = tv290C: Temperature [ITS-90, deg C]
# name 3 = c0mS/cm: Conductivity [mS/cm]
# name 4 = sal00: Salinity, Practical [PSU]
# name 5 = depSM: Depth [salt water, m], lat = 54.00
# name 6 = oxsatMm/Kg: Oxygen Saturation, Weiss [umol/kg]
# name 7 = oxsolMm/Kg: Oxygen Saturation, Garcia & Gordon [umol/kg]
# name 8 = turbWETntu0: Turbidity, WET Labs ECO [NTU]
# name 9 = flECO-AFL: Fluorescence, WET Labs ECO-AFL/FL [mg/m^3]
# name 10 = flag:  0.000e+00
# span 0 = 130.643168, 130.644922       
# span 1 =      0.375,     17.864       
# span 2 =    13.8919,    13.9396       
# span 3 =  33.165662,  33.232664       
# span 4 =    27.0366,    27.0623       
# span 5 =      0.372,     17.704       
# span 6 =  267.21229,  267.51799       
# span 7 =  267.42807,  267.73144       
# span 8 =     6.4548,    53.4276       
# span 9 =     3.7190,    11.4343       
# span 10 = 0.0000e+00, 0.0000e+00      
# interval = seconds: 0.25
# start_time = May 10 2022 15:24:57 [Instrument's time stamp, header]
# bad_flag = -9.990e-29
*END*
[from data line 263]
 130.643929      7.625    13.9376  33.229548    27.0601      7.557  267.22397  267.43964    27.4354     8.1064 -9.990e-29
 130.643932      7.645    13.9378  33.230487    27.0608      7.577  267.22147  267.43715    27.3887     8.0983 -9.990e-29
 130.643935      7.667    13.9381  33.230135    27.0606      7.598  267.22082  267.43652    27.4354     8.1226 -9.990e-29
 130.643938      7.694    13.9382  33.230546    27.0605      7.625  267.21984  267.43554    25.6922     8.0498 0.0000e+00
 130.643941      7.725    13.9383  33.230487    27.0606      7.656  267.21933  267.43504    25.8323     8.0255 0.0000e+00
 130.643944      7.758    13.9384  33.230781    27.0604      7.689  267.21855  267.43426    25.6922     8.0619 0.0000e+00
 130.643947      7.795    13.9385  33.230663    27.0606      7.725  267.21845  267.43417    25.6455     8.0376 0.0000e+00
 130.643950      7.831    13.9384  33.230781    27.0604      7.761  267.21859  267.43430    27.6689     8.1104 0.0000e+00
 130.643953      7.862    13.9384  33.230546    27.0603      7.792  267.21900  267.43472    27.6533     8.0902 0.0000e+00
 130.643955      7.895    13.9383  33.229901    27.0601      7.824  267.22041  267.43613    27.7000     8.0659 0.0000e+00
 130.643958      7.926    13.9382  33.230136    27.0598      7.855  267.22066  267.43637    27.6066     8.0902 0.0000e+00
 130.643961      7.956    13.9382  33.229314    27.0597      7.884  267.22174  267.43746    22.4393     7.9568 0.0000e+00
 130.643964      7.983    13.9383  33.229080    27.0593      7.912  267.22183  267.43756    22.5638     7.4918 -9.990e-29
 130.643967      8.007    13.9376  33.228259    27.0588      7.935  267.22604  267.44173    22.5638     7.5403 -9.990e-29
 130.643970      8.023    13.9371  33.227672    27.0586      7.951  267.22922  267.44489    22.5949     7.4918 -9.990e-29
 130.643973      8.054    13.9365  33.227203    27.0586      7.982  267.23253  267.44816    22.4237     7.5160 -9.990e-29
 130.643976      8.074    13.9363  33.226499    27.0590      8.002  267.23466  267.45028    22.9218     7.4634 -9.990e-29
 130.643979      8.105    13.9359  33.227203    27.0591      8.033  267.23538  267.45098    22.8595     7.4594 0.0000e+00
 130.643981      8.136    13.9356  33.227203    27.0592      8.064  267.23665  267.45223    23.0152     7.4594 0.0000e+00
 130.643984      8.171    13.9355  33.227673    27.0597      8.098  267.23621  267.45178    23.0463     7.4473 0.0000e+00
 130.643987      8.211    13.9353  33.227849    27.0597      8.137  267.23656  267.45212    18.8284     6.7154 0.0000e+00
 130.643990      8.244    13.9354  33.227673    27.0597      8.170  267.23656  267.45213    18.7039     6.7356 0.0000e+00
 130.643993      8.278    13.9354  33.227204    27.0593      8.204  267.23737  267.45294    18.9373     6.7356 0.0000e+00
 130.643996      8.307    13.9349  33.226676    27.0592      8.233  267.24046  267.45600    18.7506     6.7599 0.0000e+00
 130.643999      8.336    13.9345  33.226383    27.0592      8.262  267.24253  267.45806    19.0463     6.7073 -9.990e-29
 130.644002      8.360    13.9343  33.225972    27.0589      8.285  267.24417  267.45969    19.1085     6.6588 -9.990e-29
 130.644005      8.378    13.9339  33.224916    27.0583      8.303  267.24783  267.46332    18.9685     6.6668 -9.990e-29
 130.644008      8.398    13.9337  33.224505    27.0580      8.323  267.24915  267.46464    19.0152     6.6830 -9.990e-29
 130.644010      8.413    13.9333  33.225503    27.0595      8.338  267.24906  267.46452    18.9685     6.6911 -9.990e-29
 130.644013      8.444    13.9331  33.225738    27.0596      8.368  267.24963  267.46508    19.0307     6.4647 0.0000e+00
 130.644016      8.471    13.9332  33.225972    27.0597      8.395  267.24894  267.46439    19.0463     6.4849 0.0000e+00
 130.644019      8.510    13.9333  33.226325    27.0597      8.434  267.24807  267.46351    19.0307     6.5011 0.0000e+00
 130.644022      8.552    13.9334  33.226207    27.0597      8.475  267.24766  267.46312    18.9218     6.4687 0.0000e+00
 130.644025      8.590    13.9332  33.225914    27.0596      8.513  267.24911  267.46456    17.8634     6.5253 0.0000e+00
 130.644028      8.628    13.9330  33.225328    27.0594      8.551  267.25074  267.46619    17.8012     6.5294 0.0000e+00
 130.644031      8.657    13.9330  33.224096    27.0591      8.580  267.25282  267.46827    17.7545     6.5536 -9.990e-29
 130.644034      8.679    13.9328  33.224917    27.0589      8.602  267.25240  267.46783    17.7389     6.5455 -9.990e-29
 130.644036      8.709    13.9324  33.224917    27.0592      8.631  267.25398  267.46940    18.5171     6.0805 -9.990e-29
 130.644039      8.729    13.9324  33.225093    27.0594      8.651  267.25402  267.46942    18.4237     6.0805 -9.990e-29
 130.644042      8.745    13.9323  33.225328    27.0596      8.667  267.25395  267.46935    18.5949     6.1048 -9.990e-29
 130.644045      8.767    13.9325  33.225328    27.0596      8.689  267.25302  267.46843    18.5638     6.1088 -9.990e-29
 130.644048      8.793    13.9325  33.225504    27.0593      8.714  267.25274  267.46815    19.0152     6.4000 0.0000e+00
 130.644051      8.826    13.9324  33.224742    27.0596      8.747  267.25435  267.46976    18.9996     6.4161 0.0000e+00
 130.644054      8.858    13.9324  33.225680    27.0598      8.779  267.25280  267.46821    19.0774     6.4242 0.0000e+00
 130.644057      8.895    13.9324  33.225974    27.0601      8.815  267.25233  267.46774    19.1397     6.3878 0.0000e+00
 130.644060      8.929    13.9326  33.226385    27.0603      8.850  267.25104  267.46645    18.9840     6.4323 0.0000e+00
 130.644062      8.961    13.9326  33.226913    27.0608      8.880  267.25018  267.46559    24.0113     7.4109 0.0000e+00
 130.644065      8.988    13.9330  33.227441    27.0609      8.907  267.24775  267.46317    23.9957     7.3664 0.0000e+00
 130.644068      9.019    13.9332  33.227089    27.0610      8.938  267.24741  267.46285    24.0424     7.3543 -9.990e-29
 130.644071      9.042    13.9334  33.229084    27.0623      8.961  267.24316  267.45860    23.9179     7.3704 -9.990e-29
 130.644074      9.074    13.9340  33.229729    27.0622      8.992  267.23960  267.45506    29.6766     8.1064 0.0000e+00
 130.644077      9.103    13.9348  33.230081    27.0622      9.022  267.23558  267.45109    29.5054     8.1185 0.0000e+00
 130.644080      9.130    13.9356  33.230551    27.0620      9.049  267.23168  267.44723    29.5677     8.1064 -9.990e-29
 130.644083      9.152    13.9364  33.230903    27.0616      9.070  267.22766  267.44326    29.6299     8.0902 -9.990e-29
 130.644086      9.172    13.9367  33.230551    27.0614      9.090  267.22700  267.44262    30.0969     8.4097 -9.990e-29
 130.644089      9.200    13.9372  33.231313    27.0611      9.117  267.22355  267.43920    29.9568     8.4177 0.0000e+00
 130.644091      9.227    13.9374  33.230785    27.0612      9.145  267.22351  267.43917    29.9879     8.4097 0.0000e+00
 130.644094      9.264    13.9376  33.231431    27.0610      9.181  267.22151  267.43718    30.0657     8.4137 0.0000e+00
 130.644097      9.302    13.9379  33.231490    27.0610      9.219  267.22019  267.43587    29.1319     8.2924 0.0000e+00
 130.644100      9.339    13.9383  33.231607    27.0609      9.255  267.21845  267.43415    29.1008     8.2803 0.0000e+00
 130.644103      9.373    13.9385  33.231314    27.0605      9.289  267.21833  267.43405    29.1008     8.2964 0.0000e+00
 130.644106      9.399    13.9385  33.231431    27.0605      9.315  267.21783  267.43356    28.9607     8.3126 0.0000e+00
 130.644109      9.428    13.9386  33.231842    27.0605      9.343  267.21685  267.43258    29.0385     8.2964 -9.990e-29
 130.644112      9.448    13.9388  33.231901    27.0607      9.363  267.21583  267.43156    28.6183     8.2843 -9.990e-29
 130.644115      9.473    13.9389  33.232018    27.0608      9.389  267.21533  267.43107    28.6027     8.3126 -9.990e-29
 130.644117      9.497    13.9389  33.232077    27.0608      9.412  267.21525  267.43099    28.4938     8.3086 -9.990e-29
 130.644120      9.521    13.9391  33.232018    27.0606      9.435  267.21474  267.43049    28.5560     8.2641 -9.990e-29
 130.644123      9.546    13.9391  33.232018    27.0609      9.461  267.21475  267.43050    30.4860     8.6887 -9.990e-29
 130.644126      9.577    13.9391  33.232312    27.0609      9.491  267.21428  267.43003    30.6572     8.6846 0.0000e+00
 130.644129      9.606    13.9391  33.232488    27.0610      9.520  267.21369  267.42944    30.4860     8.6927 0.0000e+00
 130.644132      9.635    13.9394  33.232664    27.0610      9.549  267.21248  267.42824    30.5482     8.6604 0.0000e+00
 130.644135      9.661    13.9392  33.232253    27.0609      9.574  267.21380  267.42956    29.5210     8.4177 0.0000e+00
 130.644138      9.694    13.9392  33.231843    27.0607      9.607  267.21451  267.43027    29.6455     8.4218 -9.990e-29
 130.644141      9.717    13.9393  33.232488    27.0606      9.630  267.21313  267.42889    29.5366     8.4339 -9.990e-29
 130.644144      9.743    13.9393  33.232254    27.0607      9.655  267.21354  267.42930    29.5677     8.4016 0.0000e+00
 130.644146      9.778    13.9392  33.232312    27.0606      9.690  267.21378  267.42953    31.5599     8.5674 0.0000e+00
 130.644149      9.814    13.9394  33.232254    27.0606      9.726  267.21327  267.42903    31.5755     8.5512 0.0000e+00
 130.644152      9.848    13.9394  33.232254    27.0606      9.760  267.21298  267.42875    31.4976     8.5310 0.0000e+00
 130.644155      9.887    13.9395  33.232489    27.0605      9.798  267.21229  267.42807    31.5599     8.5674 0.0000e+00
 130.644158      9.914    13.9396  33.232019    27.0604      9.825  267.21247  267.42825    31.5910     8.5391 0.0000e+00
 130.644161      9.940    13.9396  33.231902    27.0601      9.851  267.21299  267.42877    29.2875     7.8840 -9.990e-29
 130.644164      9.960    13.9396  33.232020    27.0601      9.871  267.21249  267.42828    29.2253     7.8840 -9.990e-29
 130.644167      9.978    13.9396  33.231902    27.0600      9.889  267.21301  267.42880    29.3965     7.9163 -9.990e-29
 130.644170      9.998    13.9396  33.232020    27.0601      9.909  267.21283  267.42861    29.1941     7.9082 -9.990e-29
 130.644172     10.018    13.9395  33.231844    27.0602      9.929  267.21345  267.42923    29.5677     8.0296 -9.990e-29
 130.644175     10.046    13.9396  33.232079    27.0602      9.956  267.21276  267.42854    29.6611     8.0376 0.0000e+00
 130.644178     10.077    13.9395  33.232020    27.0602      9.986  267.21319  267.42897    29.5210     8.0538 0.0000e+00
 130.644181     10.110    13.9394  33.232079    27.0603     10.019  267.21374  267.42951    29.5677     8.0376 0.0000e+00
 130.644184     10.144    13.9393  33.232020    27.0603     10.053  267.21417  267.42994    33.6299     8.7331 0.0000e+00
 130.644187     10.180    13.9394  33.231844    27.0601     10.089  267.21418  267.42995    33.5833     8.7736 0.0000e+00
 130.644190     10.210    13.9394  33.231492    27.0597     10.118  267.21478  267.43055    33.5677     8.7291 0.0000e+00
 130.644193     10.243    13.9394  33.231434    27.0597     10.151  267.21490  267.43067    33.4432     8.7372 0.0000e+00
 130.644196     10.268    13.9394  33.231317    27.0597     10.176  267.21511  267.43088    31.9023     8.9111 -9.990e-29
 130.644198     10.288    13.9394  33.231023    27.0593     10.196  267.21561  267.43139    31.9646     8.8666 -9.990e-29
 130.644201     10.308    13.9395  33.230554    27.0588     10.216  267.21578  267.43157    31.7622     8.8787 -9.990e-29
 130.644204     10.328    13.9394  33.230906    27.0590     10.236  267.21583  267.43161    31.7934     8.8585 -9.990e-29
 130.644207     10.354    13.9395  33.230789    27.0590     10.261  267.21541  267.43120    31.8245     8.8787 0.0000e+00
 130.644210     10.381    13.9394  33.230906    27.0590     10.288  267.21555  267.43133    32.0580     8.4177 0.0000e+00
 130.644213     10.407    13.9394  33.230144    27.0588     10.313  267.21715  267.43293    32.0891     8.4177 0.0000e+00
 130.644216     10.445    13.9394  33.230554    27.0587     10.351  267.21649  267.43227    32.1202     8.4016 0.0000e+00
 130.644219     10.483    13.9391  33.230320    27.0588     10.389  267.21784  267.43361    32.0580     8.4622 0.0000e+00
 130.644222     10.525    13.9391  33.230555    27.0587     10.431  267.21748  267.43325    30.9685     8.5633 0.0000e+00
 130.644225     10.563    13.9391  33.230085    27.0586     10.469  267.21860  267.43436    30.9529     8.5552 0.0000e+00
 130.644227     10.603    13.9392  33.230144    27.0585     10.508  267.21790  267.43367    31.0930     8.5633 0.0000e+00
 130.644230     10.634    13.9391  33.229910    27.0584     10.539  267.21862  267.43439    31.0463     8.5916 0.0000e+00
 130.644233     10.660    13.9392  33.231024    27.0583     10.565  267.21646  267.43223    26.0346     7.6656 -9.990e-29
 130.644236     10.682    13.9392  33.231200    27.0594     10.586  267.21618  267.43195    25.8945     7.6535 -9.990e-29
 130.644239     10.693    13.9390  33.231318    27.0597     10.597  267.21693  267.43269    25.8945     7.6454 -9.990e-29
 130.644242     10.711    13.9391  33.231201    27.0595     10.615  267.21683  267.43259    25.9101     7.6616 -9.990e-29
 130.644245     10.732    13.9388  33.231083    27.0597     10.635  267.21797  267.43372    29.3654     7.9891 -9.990e-29
 130.644248     10.757    13.9388  33.231201    27.0596     10.661  267.21811  267.43385    29.2875     7.9689 0.0000e+00
 130.644251     10.795    13.9388  33.231025    27.0597     10.699  267.21842  267.43417    29.2875     7.9891 0.0000e+00
 130.644253     10.832    13.9388  33.231494    27.0595     10.735  267.21766  267.43340    29.4120     7.9608 0.0000e+00
 130.644256     10.875    13.9388  33.230790    27.0595     10.778  267.21886  267.43461    29.2564     7.9487 0.0000e+00
 130.644259     10.914    13.9388  33.231084    27.0595     10.816  267.21809  267.43383    29.1319     7.8233 0.0000e+00
 130.644262     10.947    13.9388  33.231612    27.0600     10.849  267.21722  267.43297    29.1008     7.8314 0.0000e+00
 130.644265     10.978    13.9388  33.232023    27.0602     10.880  267.21687  267.43261    29.0696     7.8476 0.0000e+00
 130.644268     11.007    13.9388  33.231084    27.0604     10.908  267.21845  267.43420    29.0229     7.8395 -9.990e-29
 130.644271     11.025    13.9389  33.232023    27.0603     10.927  267.21627  267.43202    27.9646     7.7263 -9.990e-29
 130.644274     11.044    13.9389  33.231906    27.0601     10.945  267.21648  267.43223    27.9179     7.7182 -9.990e-29
 130.644277     11.062    13.9389  33.231847    27.0601     10.963  267.21659  267.43234    27.8712     7.7142 -9.990e-29
 130.644280     11.082    13.9391  33.232023    27.0602     10.983  267.21568  267.43143    27.9023     7.6980 -9.990e-29
 130.644282     11.111    13.9390  33.232082    27.0603     11.011  267.21591  267.43166    25.7233     7.3745 0.0000e+00
 130.644285     11.145    13.9388  33.232023    27.0602     11.046  267.21666  267.43240    25.6766     7.3421 0.0000e+00
 130.644288     11.182    13.9389  33.231495    27.0603     11.082  267.21725  267.43300    25.7078     7.3785 0.0000e+00
 130.644291     11.219    13.9387  33.232024    27.0602     11.118  267.21733  267.43306    25.7078     7.3947 0.0000e+00
 130.644294     11.257    13.9388  33.232024    27.0603     11.156  267.21673  267.43247    26.9218     8.0983 0.0000e+00
 130.644297     11.290    13.9385  33.231907    27.0603     11.188  267.21820  267.43392    26.9373     8.0902 0.0000e+00
 130.644300     11.323    13.9384  33.231848    27.0603     11.221  267.21894  267.43466    26.8906     8.0619 -9.990e-29
 130.644303     11.345    13.9385  33.231320    27.0606     11.243  267.21921  267.43494    26.7817     8.1145 -9.990e-29
