Processed/SBE19plus_01907321_2022_05_04_Cast11_wfilter.cnv
* Sea-Bird SBE19plus  Data File:
* FileName = E:\Prandtl Daten\2022\CTD\Raw\SBE19plus_01907321_2022_05_04_Cast11.hex
* Software version 2.6.1.12
* Temperature SN = 7321
* Conductivity SN = 7321
* System UpLoad Time = May 04 2022 07:54:09
* <ApplicationData>
* <Seaterm232>
** Messpraktikum 2022
** CTD 04.05 SW1
# nquan = 11
# nvalues = 523                         
# units = specified
# name 0 = timeJ: Julian Days
# name 1 = prdM: Pressure, Strain Gauge [db]
# name 2 = tv290C: Temperature [ITS-90, deg C]
# name 3 = c0mS/cm: Conductivity [mS/cm]
# name 4 = sal00: Salinity, Practical [PSU]
# name 5 = depSM: Depth [salt water, m], lat = 54.00
# name 6 = oxsatMm/Kg: Oxygen Saturation, Weiss [umol/kg]
# name 7 = oxsolMm/Kg: Oxygen Saturation, Garcia & Gordon [umol/kg]
# name 8 = turbWETntu0: Turbidity, WET Labs ECO [NTU]
# name 9 = flECO-AFL: Fluorescence, WET Labs ECO-AFL/FL [mg/m^3]
# name 10 = flag:  0.000e+00
# span 0 = 124.324722, 124.326233       
# span 1 =      0.719,     12.999       
# span 2 =    11.3857,    11.4435       
# span 3 =  30.694376,  31.215531       
# span 4 =    26.4922,    27.0154       
# span 5 =      0.712,     12.883       
# span 6 =  282.09777,  282.96940       
# span 7 =  282.16566,  283.04487       
# span 8 =    43.0463,    78.7817       
# span 9 =    10.9976,    14.8835       
# span 10 = 0.0000e+00, 0.0000e+00      
# interval = seconds: 0.25
# start_time = May 04 2022 07:46:23 [Instrument's time stamp, header]
# bad_flag = -9.990e-29
*END*
[from data line 394]
 124.325862      9.564    11.4354  30.985787    26.7617      9.478  282.32299  282.39676    54.6105    12.6393 0.0000e+00
 124.325865      9.640    11.4356  30.985159    26.7615      9.554  282.32328  282.39707    54.9062    12.6878 0.0000e+00
 124.325868      9.711    11.4359  30.985959    26.7615      9.625  282.32053  282.39434    54.5327    12.7000 0.0000e+00
 124.325871      9.768    11.4358  30.989213    26.7646      9.681  282.31472  282.38848    61.3187    12.0732 0.0000e+00
 124.325874      9.819    11.4358  30.990526    26.7659      9.731  282.31258  282.38632    61.1475    11.9964 0.0000e+00
 124.325877      9.859    11.4354  30.996408    26.7689      9.771  282.30305  282.37670    61.1630    11.9883 0.0000e+00
 124.325880      9.886    11.4347  30.994638    26.7718      9.798  282.30962  282.38324    61.1008    12.0328 -9.990e-29
 124.325883      9.905    11.4343  30.993096    26.7694      9.816  282.31448  282.38808    56.8206    12.4776 -9.990e-29
 124.325885      9.912    11.4341  30.993667    26.7701      9.824  282.31468  282.38826    56.8362    12.4250 -9.990e-29
 124.325888      9.914    11.4339  30.996237    26.7727      9.825  282.31076  282.38430    56.8362    12.4209 -9.990e-29
 124.325891      9.901    11.4332  30.998121    26.7750      9.813  282.31005  282.38352    56.8050    12.4129 -9.990e-29
 124.325894      9.883    11.4327  30.998692    26.7759      9.794  282.31152  282.38494    58.2058    12.4816 -9.990e-29
 124.325897      9.865    11.4325  30.996008    26.7735      9.776  282.31755  282.39099    58.3303    12.5099 -9.990e-29
 124.325900      9.841    11.4328  30.994295    26.7716      9.753  282.31919  282.39267    58.3615    12.4533 -9.990e-29
 124.325903      9.819    11.4332  30.996180    26.7732      9.731  282.31368  282.38717    58.1591    12.4937 -9.990e-29
 124.325906      9.801    11.4329  31.008057    26.7847      9.714  282.29273  282.36606    58.1747    12.4695 -9.990e-29
 124.325909      9.803    11.4317  31.023250    26.8001      9.715  282.26933  282.34240    55.4821    12.0166 -9.990e-29
 124.325911      9.823    11.4299  31.038960    26.8316      9.735  282.24816  282.32090    55.6533    11.9923 -9.990e-29
 124.325914      9.869    11.4275  31.053073    26.8375      9.780  282.23259  282.30499    55.5443    11.9640 0.0000e+00
 124.325917      9.937    11.4249  31.063531    26.8434      9.848  282.22491  282.29701    55.4354    12.0085 0.0000e+00
 124.325920     10.011    11.4224  31.067761    26.8493      9.921  282.22875  282.30060    60.8206    11.7457 0.0000e+00
 124.325923     10.097    11.4202  31.075934    26.8586     10.007  282.22350  282.29510    60.6650    11.7740 0.0000e+00
 124.325926     10.181    11.4185  31.083880    26.8674     10.090  282.21645  282.28784    60.6027    11.7901 0.0000e+00
 124.325929     10.256    11.4170  31.093599    26.8777     10.164  282.20475  282.27592    60.8050    11.7821 0.0000e+00
 124.325932     10.325    11.4155  31.104290    26.8890     10.233  282.19151  282.26245    59.6533    11.2079 0.0000e+00
 124.325935     10.374    11.4141  31.112410    26.8933     10.281  282.18251  282.25324    59.8556    11.2887 0.0000e+00
 124.325937     10.416    11.4131  31.117100    26.8977     10.323  282.17841  282.24902    59.8089    11.2483 -9.990e-29
 124.325940     10.438    11.4122  31.118415    26.9049     10.345  282.18039  282.25091    59.7778    11.2604 -9.990e-29
 124.325943     10.453    11.4117  31.117100    26.9040     10.359  282.18513  282.25563    59.8089    11.1836 -9.990e-29
 124.325946     10.449    11.4113  31.117100    26.9043     10.356  282.18704  282.25752    59.7622    12.4978 -9.990e-29
 124.325949     10.442    11.4111  31.116528    26.9039     10.348  282.18908  282.25954    60.0580    12.5099 -9.990e-29
 124.325952     10.421    11.4107  31.115728    26.9034     10.328  282.19218  282.26263    60.1202    12.5180 -9.990e-29
 124.325955     10.403    11.4105  31.116871    26.9047     10.310  282.19127  282.26169    59.7934    12.4978 -9.990e-29
 124.325958     10.389    11.4102  31.123334    26.9110     10.296  282.17994  282.25027    61.1319    12.1541 -9.990e-29
 124.325961     10.387    11.4098  31.132084    26.9197     10.294  282.16523  282.23543    61.0229    12.0934 -9.990e-29
 124.325964     10.393    11.4092  31.137290    26.9325     10.299  282.15822  282.22830    61.2720    12.1298 -9.990e-29
 124.325966     10.420    11.4082  31.144269    26.9375     10.327  282.14976  282.21969    61.0696    12.1096 0.0000e+00
 124.325969     10.459    11.4071  31.153995    26.9425     10.365  282.13642  282.20615    65.6611    12.6757 0.0000e+00
 124.325972     10.506    11.4057  31.156512    26.9460     10.412  282.13836  282.20795    65.7078    12.7000 0.0000e+00
 124.325975     10.559    11.4046  31.160060    26.9492     10.464  282.13675  282.20623    65.7078    12.6150 0.0000e+00
 124.325978     10.619    11.4035  31.158287    26.9501     10.524  282.14494  282.21436    65.7233    12.6150 0.0000e+00
 124.325981     10.667    11.4029  31.159088    26.9504     10.571  282.14632  282.21568    61.1941    11.8548 0.0000e+00
 124.325984     10.712    11.4025  31.162178    26.9536     10.617  282.14239  282.21169    61.0074    11.8144 0.0000e+00
 124.325987     10.747    11.4021  31.165668    26.9554     10.651  282.13769  282.20692    61.3342    11.7659 0.0000e+00
 124.325990     10.776    11.4017  31.171734    26.9572     10.680  282.12810  282.19723    61.0696    11.7982 -9.990e-29
 124.325992     10.800    11.4011  31.173852    26.9673     10.703  282.12696  282.19602    61.2253    11.7780 -9.990e-29
 124.325995     10.827    11.4001  31.174653    26.9673     10.730  282.13023  282.19921    64.2292    13.0396 0.0000e+00
 124.325998     10.857    11.3993  31.177572    26.9673     10.760  282.12821  282.19709    64.2914    13.0801 -9.990e-29
 124.326001     10.880    11.3986  31.176313    26.9699     10.783  282.13380  282.20265    64.0891    13.1003 -9.990e-29
 124.326004     10.910    11.3983  31.174825    26.9687     10.812  282.13824  282.20708    64.1669    13.0801 -9.990e-29
 124.326007     10.933    11.3981  31.176599    26.9706     10.835  282.13584  282.20465    61.0074    13.3146 -9.990e-29
 124.326010     10.946    11.3979  31.180262    26.9741     10.848  282.12953  282.19828    61.2408    13.3429 -9.990e-29
 124.326013     10.955    11.3977  31.183582    26.9775     10.857  282.12450  282.19319    61.2408    13.2984 -9.990e-29
 124.326016     10.961    11.3974  31.189820    26.9837     10.863  282.11392  282.18252    61.0852    13.3672 -9.990e-29
 124.326019     10.966    11.3967  31.190965    26.9853     10.868  282.11493  282.18347    61.1630    13.2095 -9.990e-29
 124.326021     10.973    11.3963  31.194114    26.9886     10.875  282.11086  282.17933    61.0696    13.1609 -9.990e-29
 124.326024     10.981    11.3957  31.195774    26.9906     10.882  282.11058  282.17898    61.1630    13.1650 -9.990e-29
 124.326027     10.999    11.3953  31.201498    26.9985     10.901  282.10162  282.16993    61.0696    13.1690 -9.990e-29
 124.326030     11.032    11.3947  31.203273    26.9988     10.933  282.10082  282.16906    68.6961    13.0396 0.0000e+00
 124.326033     11.080    11.3942  31.203445    26.9990     10.981  282.10275  282.17096    68.6650    13.0922 0.0000e+00
 124.326036     11.136    11.3938  31.205564    27.0013     11.037  282.10067  282.16883    68.6650    13.1003 0.0000e+00
 124.326039     11.196    11.3929  31.206938    27.0032     11.096  282.10224  282.17032    68.6338    13.0639 0.0000e+00
 124.326042     11.253    11.3921  31.208140    27.0039     11.152  282.10381  282.17181    68.6027    13.0801 0.0000e+00
 124.326045     11.304    11.3914  31.206538    27.0044     11.203  282.11039  282.17836    63.4665    11.8548 0.0000e+00
 124.326047     11.339    11.3908  31.207053    27.0039     11.237  282.11230  282.18022    63.6844    11.7821 -9.990e-29
 124.326050     11.359    11.3901  31.208713    27.0069     11.257  282.11202  282.17987    63.8712    11.7901 -9.990e-29
 124.326053     11.372    11.3899  31.209286    27.0076     11.270  282.11222  282.18004    63.7155    11.7982 -9.990e-29
 124.326056     11.374    11.3899  31.208885    27.0072     11.272  282.11266  282.18049    63.1397    12.7000 -9.990e-29
 124.326059     11.374    11.3901  31.209114    27.0073     11.272  282.11127  282.17912    63.2331    12.6150 -9.990e-29
 124.326062     11.366    11.3905  31.209458    27.0073     11.265  282.10871  282.17658    63.0774    12.6919 -9.990e-29
 124.326065     11.368    11.3908  31.209858    27.0075     11.266  282.10699  282.17487    63.0619    12.6555 -9.990e-29
 124.326068     11.370    11.3909  31.209286    27.0069     11.268  282.10744  282.17534    59.9334    12.9264 -9.990e-29
 124.326071     11.394    11.3910  31.209343    27.0068     11.292  282.10703  282.17494    59.6066    12.8900 -9.990e-29
 124.326073     11.426    11.3912  31.209458    27.0071     11.324  282.10557  282.17349    59.7000    12.8941 0.0000e+00
 124.326076     11.474    11.3915  31.210259    27.0073     11.371  282.10280  282.17073    59.8089    12.8819 0.0000e+00
 124.326079     11.525    11.3917  31.210660    27.0073     11.421  282.10112  282.16906    64.2603    12.2309 0.0000e+00
 124.326082     11.581    11.3920  31.210660    27.0073     11.477  282.09989  282.16785    64.2759    12.2228 0.0000e+00
 124.326085     11.636    11.3923  31.210832    27.0073     11.532  282.09833  282.16631    64.1669    12.1945 0.0000e+00
 124.326088     11.685    11.3923  31.210832    27.0072     11.581  282.09836  282.16634    64.3070    12.2107 0.0000e+00
 124.326091     11.718    11.3921  31.211405    27.0072     11.613  282.09825  282.16621    64.0424    12.2916 -9.990e-29
 124.326094     11.742    11.3918  31.211806    27.0085     11.636  282.09846  282.16640    60.1202    12.2430 -9.990e-29
 124.326097     11.751    11.3916  31.212207    27.0090     11.646  282.09866  282.16658    60.0113    12.2713 -9.990e-29
 124.326100     11.753    11.3916  31.211234    27.0081     11.647  282.10083  282.16876    59.9023    12.2511 -9.990e-29
 124.326102     11.758    11.3916  31.212207    27.0090     11.653  282.09867  282.16659    60.1202    12.3037 -9.990e-29
 124.326105     11.771    11.3914  31.213352    27.0103     11.666  282.09777  282.16566    68.5405    12.9547 -9.990e-29
 124.326108     11.789    11.3912  31.213180    27.0103     11.684  282.09875  282.16662    68.3226    13.0275 -9.990e-29
 124.326111     11.833    11.3909  31.213009    27.0104     11.727  282.10069  282.16855    68.4004    12.9426 0.0000e+00
 124.326114     11.884    11.3907  31.213181    27.0106     11.778  282.10136  282.16920    68.3381    13.0154 0.0000e+00
 124.326117     11.943    11.3902  31.213238    27.0109     11.836  282.10352  282.17132    66.4704    12.6393 0.0000e+00
 124.326120     12.003    11.3898  31.213983    27.0119     11.895  282.10405  282.17182    66.7817    12.6474 0.0000e+00
 124.326123     12.047    11.3897  31.214727    27.0123     11.939  282.10299  282.17074    66.7973    12.6757 0.0000e+00
 124.326126     12.074    11.3895  31.214155    27.0127     11.966  282.10537  282.17310    66.5015    12.6029 -9.990e-29
 124.326128     12.082    11.3896  31.214326    27.0124     11.973  282.10441  282.17215    69.6922    13.1528 -9.990e-29
 124.326131     12.076    11.3894  31.214555    27.0128     11.968  282.10492  282.17265    69.6455    13.1852 -9.990e-29
 124.326134     12.058    11.3892  31.214956    27.0133     11.950  282.10510  282.17281    69.6455    13.1448 -9.990e-29
 124.326137     12.031    11.3892  31.214555    27.0129     11.923  282.10585  282.17356    69.7389    13.1407 -9.990e-29
 124.326140     12.002    11.3890  31.214040    27.0126     11.894  282.10776  282.17546    69.7389    13.1609 -9.990e-29
 124.326143     11.973    11.3889  31.213983    27.0126     11.865  282.10817  282.17587    73.1163    12.0408 -9.990e-29
 124.326146     11.967    11.3887  31.215128    27.0138     11.860  282.10694  282.17461    73.1163    12.1096 -9.990e-29
 124.326149     11.982    11.3885  31.214956    27.0138     11.874  282.10823  282.17589    73.1163    12.0772 -9.990e-29
 124.326152     12.026    11.3883  31.214956    27.0138     11.918  282.10921  282.17686    73.2097    12.0934 -9.990e-29
 124.326155     12.095    11.3880  31.214556    27.0142     11.987  282.11130  282.17893    68.6027    12.4088 0.0000e+00
 124.326157     12.184    11.3878  31.215300    27.0146     12.075  282.11090  282.17850    68.6338    12.3482 0.0000e+00
 124.326160     12.272    11.3876  31.215301    27.0147     12.162  282.11191  282.17950    68.6027    12.4088 0.0000e+00
 124.326163     12.360    11.3876  31.215473    27.0147     12.249  282.11165  282.17924    68.6805    12.3279 0.0000e+00
 124.326166     12.444    11.3877  31.215301    27.0148     12.332  282.11172  282.17931    70.0191    11.0582 0.0000e+00
 124.326169     12.517    11.3875  31.215530    27.0149     12.405  282.11197  282.17955    70.0035    11.0623 0.0000e+00
 124.326172     12.579    11.3873  31.215531    27.0150     12.466  282.11297  282.18053    70.2058    11.1715 0.0000e+00
 124.326175     12.619    11.3870  31.215302    27.0150     12.506  282.11502  282.18257    70.0657    11.1108 0.0000e+00
 124.326178     12.644    11.3869  31.215130    27.0150     12.531  282.11600  282.18354    77.3654    12.8172 -9.990e-29
 124.326181     12.652    11.3867  31.214328    27.0143     12.538  282.11848  282.18602    77.1319    12.7768 -9.990e-29
 124.326183     12.655    11.3864  31.214729    27.0149     12.542  282.11900  282.18650    77.1163    12.7242 -9.990e-29
 124.326186     12.657    11.3862  31.214844    27.0151     12.544  282.11941  282.18691    77.2253    12.8132 -9.990e-29
 124.326189     12.647    11.3861  31.214558    27.0150     12.533  282.12059  282.18808    77.2408    12.7727 -9.990e-29
 124.326192     12.632    11.3860  31.213985    27.0145     12.519  282.12230  282.18979    78.7350    12.9871 -9.990e-29
 124.326195     12.608    11.3858  31.214557    27.0152     12.495  282.12215  282.18962    78.7817    12.9224 -9.990e-29
 124.326198     12.583    11.3858  31.214157    27.0148     12.470  282.12258  282.19005    78.7039    12.9871 -9.990e-29
 124.326201     12.555    11.3857  31.214328    27.0151     12.443  282.12287  282.19033    78.6105    12.9507 -9.990e-29
 124.326204     12.532    11.3859  31.214328    27.0149     12.419  282.12190  282.18938    73.6455    12.3926 -9.990e-29
 124.326207     12.526    11.3859  31.214557    27.0151     12.414  282.12146  282.18893    73.7700    12.3765 -9.990e-29
 124.326209     12.532    11.3859  31.214843    27.0154     12.419  282.12092  282.18839    73.5210    12.4412 -9.990e-29
 124.326212     12.547    11.3861  31.214729    27.0152     12.434  282.12019  282.18768    73.7389    12.3886 -9.990e-29
 124.326215     12.581    11.3863  31.214729    27.0146     12.469  282.11926  282.18677    68.7584    12.8577 -9.990e-29
 124.326218     12.634    11.3862  31.214328    27.0146     12.521  282.12038  282.18788    68.6494    12.8779 0.0000e+00
 124.326221     12.692    11.3862  31.214329    27.0146     12.579  282.12042  282.18792    68.6027    12.8779 0.0000e+00
 124.326224     12.771    11.3862  31.214329    27.0146     12.657  282.12079  282.18829    68.7428    12.9790 0.0000e+00
 124.326227     12.860    11.3864  31.214329    27.0145     12.745  282.11990  282.18742    69.3342    11.2119 0.0000e+00
 124.326230     12.954    11.3871  31.214558    27.0141     12.837  282.11603  282.18360    69.3342    11.2442 0.0000e+00
 124.326233     12.999    11.3882  31.214673    27.0134     12.883  282.11076  282.17840    69.3498    11.1715 0.0000e+00
