Processed/SBE19plus_01907321_2022_05_06_Cast39_wfilter.cnv
* Sea-Bird SBE19plus  Data File:
* FileName = E:\Prandtl Daten\2022\CTD\Raw\SBE19plus_01907321_2022_05_05_Cast39.hex
* Software version 2.6.1.12
* Temperature SN = 7321
* Conductivity SN = 7321
* System UpLoad Time = May 06 2022 07:37:29
* <ApplicationData>
* <Seaterm232>
** Messpraktikum 2022
** CTD 06.05 BE
# nquan = 11
# nvalues = 391                         
# units = specified
# name 0 = timeJ: Julian Days
# name 1 = prdM: Pressure, Strain Gauge [db]
# name 2 = tv290C: Temperature [ITS-90, deg C]
# name 3 = c0mS/cm: Conductivity [mS/cm]
# name 4 = sal00: Salinity, Practical [PSU]
# name 5 = depSM: Depth [salt water, m], lat = 54.00
# name 6 = oxsatMm/Kg: Oxygen Saturation, Weiss [umol/kg]
# name 7 = oxsolMm/Kg: Oxygen Saturation, Garcia & Gordon [umol/kg]
# name 8 = turbWETntu0: Turbidity, WET Labs ECO [NTU]
# name 9 = flECO-AFL: Fluorescence, WET Labs ECO-AFL/FL [mg/m^3]
# name 10 = flag:  0.000e+00
# span 0 = 123.329933, 123.331062       
# span 1 =      0.532,      9.366       
# span 2 =    11.8133,    11.9479       
# span 3 =  31.728262,  32.324441       
# span 4 =    27.1827,    27.6588       
# span 5 =      0.527,      9.282       
# span 6 =  277.47277,  279.09579       
# span 7 =  277.56793,  279.18929       
# span 8 =    11.8868,    22.5949       
# span 9 =     3.9050,     9.8128       
# span 10 = 0.0000e+00, 0.0000e+00      
# interval = seconds: 0.25
# start_time = May 03 2022 07:53:18 [Instrument's time stamp, header]
# bad_flag = -9.990e-29
*END*
[from data line 263]
 123.330694      6.586    11.8970  32.260909    27.6388      6.527  277.81669  277.90893    20.2447     8.6765 0.0000e+00
 123.330697      6.613    11.8975  32.260909    27.6373      6.554  277.81452  277.90679    19.2019     8.1994 -9.990e-29
 123.330700      6.635    11.8973  32.262533    27.6386      6.576  277.81247  277.90471    19.2953     8.1428 -9.990e-29
 123.330703      6.650    11.8976  32.263519    27.6394      6.590  277.80941  277.90166    19.1397     8.1590 -9.990e-29
 123.330706      6.657    11.8986  32.268797    27.6436      6.598  277.79496  277.88723    19.2642     8.1630 -9.990e-29
 123.330709      6.670    11.9010  32.277729    27.6503      6.610  277.76783  277.86017    19.1708     8.6765 -9.990e-29
 123.330712      6.670    11.9053  32.275756    27.6452      6.610  277.75209  277.84475    19.2953     8.7048 -9.990e-29
 123.330715      6.679    11.9075  32.274886    27.6428      6.619  277.74401  277.83684    19.2019     8.6927 -9.990e-29
 123.330718      6.682    11.9082  32.275060    27.6424      6.623  277.74025  277.83313    19.1864     8.6684 -9.990e-29
 123.330720      6.701    11.9082  32.273262    27.6407      6.641  277.74358  277.83648    18.3303     9.1092 -9.990e-29
 123.330723      6.710    11.9078  32.268216    27.6362      6.650  277.75479  277.84772    18.3459     9.1133 -9.990e-29
 123.330726      6.728    11.9066  32.267810    27.6368      6.668  277.76118  277.85402    18.3148     9.1173 -9.990e-29
 123.330729      6.750    11.9048  32.270014    27.6429      6.690  277.76494  277.85764    18.3615     9.0971 -9.990e-29
 123.330732      6.779    11.9047  32.272857    27.6454      6.718  277.76034  277.85299    18.3615     9.1294 0.0000e+00
 123.330735      6.817    11.9057  32.278947    27.6474      6.756  277.74442  277.83708    18.7973     8.9232 0.0000e+00
 123.330738      6.861    11.9080  32.280165    27.6479      6.800  277.73219  277.82500    18.7973     8.9111 0.0000e+00
 123.330741      6.905    11.9105  32.287416    27.6511      6.843  277.70726  277.80017    18.9062     8.9272 0.0000e+00
 123.330744      6.941    11.9145  32.289273    27.6511      6.879  277.68603  277.77920    18.7350     8.9192 0.0000e+00
 123.330747      6.976    11.9175  32.284225    27.6476      6.914  277.68162  277.77506    20.5716     8.4784 0.0000e+00
 123.330749      7.003    11.9183  32.283471    27.6441      6.941  277.67959  277.77310    20.9140     8.4622 -9.990e-29
 123.330752      7.023    11.9175  32.283819    27.6437      6.961  277.68240  277.77585    20.7428     8.4744 -9.990e-29
 123.330755      7.040    11.9169  32.285618    27.6459      6.977  277.68222  277.77560    20.6650     8.4824 -9.990e-29
 123.330758      7.051    11.9169  32.286430    27.6467      6.988  277.68073  277.77410    19.2953     9.4165 -9.990e-29
 123.330761      7.053    11.9175  32.288460    27.6481      6.990  277.67385  277.76725    19.2798     9.4327 -9.990e-29
 123.330764      7.064    11.9184  32.291709    27.6505      7.001  277.66411  277.75753    19.3264     9.4165 -9.990e-29
 123.330767      7.071    11.9201  32.292753    27.6503      7.008  277.65468  277.74821    19.2953     9.4206 -9.990e-29
 123.330770      7.088    11.9214  32.291477    27.6481      7.024  277.65111  277.74474    19.7311     9.4287 -9.990e-29
 123.330773      7.112    11.9220  32.292289    27.6491      7.048  277.64681  277.74048    19.7000     9.2790 -9.990e-29
 123.330775      7.142    11.9223  32.293334    27.6497      7.078  277.64334  277.73703    19.7778     9.3316 0.0000e+00
 123.330778      7.181    11.9230  32.295132    27.6503      7.117  277.63692  277.73064    19.7934     9.2993 0.0000e+00
 123.330781      7.219    11.9240  32.297163    27.6504      7.155  277.62882  277.72258    19.7934     9.3154 0.0000e+00
 123.330784      7.254    11.9254  32.297163    27.6504      7.189  277.62259  277.71645    21.0074     8.5310 0.0000e+00
 123.330787      7.294    11.9260  32.296757    27.6500      7.228  277.62087  277.71477    21.0541     8.5471 0.0000e+00
 123.330790      7.321    11.9262  32.298555    27.6496      7.256  277.61632  277.71022    21.0229     8.5471 -9.990e-29
 123.330793      7.341    11.9269  32.300992    27.6529      7.275  277.60871  277.70263    21.1319     8.5916 -9.990e-29
 123.330796      7.356    11.9285  32.303835    27.6544      7.290  277.59659  277.69060    19.3264     9.0041 -9.990e-29
 123.330799      7.369    11.9303  32.306098    27.6552      7.303  277.58430  277.67841    19.2953     8.9717 -9.990e-29
 123.330802      7.365    11.9321  32.304299    27.6522      7.299  277.57949  277.67374    19.2642     8.9919 -9.990e-29
 123.330804      7.370    11.9329  32.305286    27.6525      7.304  277.57423  277.66853    19.2953     8.9919 -9.990e-29
 123.330807      7.374    11.9331  32.305460    27.6525      7.308  277.57266  277.66698    19.7311     8.8706 -9.990e-29
 123.330810      7.387    11.9335  32.305286    27.6521      7.320  277.57143  277.66577    19.7155     8.8989 -9.990e-29
 123.330813      7.405    11.9335  32.305460    27.6522      7.339  277.57081  277.66516    19.7311     8.8787 -9.990e-29
 123.330816      7.426    11.9338  32.307723    27.6550      7.360  277.56571  277.66005    19.7622     8.8423 -9.990e-29
 123.330819      7.461    11.9347  32.309348    27.6545      7.394  277.55836  277.65275    19.7622     8.8747 0.0000e+00
 123.330822      7.498    11.9357  32.309116    27.6540      7.431  277.55444  277.64890    18.4704     9.0607 0.0000e+00
 123.330825      7.543    11.9368  32.307897    27.6536      7.476  277.55172  277.64627    18.5949     9.0526 0.0000e+00
 123.330828      7.585    11.9371  32.309754    27.6526      7.517  277.54707  277.64162    18.5794     9.0364 0.0000e+00
 123.330830      7.629    11.9370  32.308710    27.6526      7.560  277.54934  277.64390    18.5015     9.0243 0.0000e+00
 123.330833      7.663    11.9368  32.308304    27.6524      7.595  277.55105  277.64560    18.4237     8.1751 0.0000e+00
 123.330836      7.696    11.9365  32.307781    27.6523      7.627  277.55360  277.64813    18.3459     8.1751 0.0000e+00
 123.330839      7.724    11.9358  32.308710    27.6521      7.655  277.55472  277.64919    18.2681     8.1630 -9.990e-29
 123.330842      7.740    11.9360  32.308710    27.6533      7.671  277.55410  277.64859    18.3148     8.1751 -9.990e-29
 123.330845      7.744    11.9365  32.308536    27.6528      7.675  277.55224  277.64676    17.7856     8.5391 -9.990e-29
 123.330848      7.748    11.9367  32.308942    27.6530      7.678  277.55055  277.64509    17.8323     8.5674 -9.990e-29
 123.330851      7.755    11.9365  32.308536    27.6528      7.686  277.55193  277.64646    17.8323     8.5633 -9.990e-29
 123.330854      7.760    11.9365  32.308014    27.6523      7.691  277.55321  277.64774    17.8790     8.5229 -9.990e-29
 123.330856      7.766    11.9362  32.308536    27.6530      7.696  277.55350  277.64801    20.7272     8.9879 -9.990e-29
 123.330859      7.773    11.9361  32.309116    27.6536      7.704  277.55275  277.64724    20.7584     8.9717 -9.990e-29
 123.330862      7.789    11.9361  32.309116    27.6536      7.720  277.55276  277.64725    20.8206     8.9677 -9.990e-29
 123.330865      7.815    11.9363  32.308536    27.6529      7.745  277.55291  277.64742    20.9140     8.9879 -9.990e-29
 123.330868      7.839    11.9363  32.307318    27.6518      7.769  277.55549  277.65001    20.7272     8.9636 -9.990e-29
 123.330871      7.877    11.9358  32.307028    27.6521      7.807  277.55824  277.65273    19.2331     9.1699 0.0000e+00
 123.330874      7.910    11.9352  32.307086    27.6523      7.839  277.56066  277.65511    19.2331     9.1537 0.0000e+00
 123.330877      7.946    11.9347  32.307086    27.6523      7.875  277.56287  277.65728    19.2486     9.1901 0.0000e+00
 123.330880      7.981    11.9344  32.305287    27.6521      7.909  277.56778  277.66219    19.2642     9.1739 0.0000e+00
 123.330883      8.010    11.9339  32.305868    27.6515      7.938  277.56891  277.66328    19.4354     8.2762 0.0000e+00
 123.330885      8.035    11.9336  32.305056    27.6518      7.963  277.57168  277.66604    19.4665     8.2843 0.0000e+00
 123.330888      8.065    11.9335  32.306448    27.6515      7.993  277.56976  277.66409    19.4821     8.2803 -9.990e-29
 123.330891      8.088    11.9334  32.306506    27.6530      8.016  277.56998  277.66431    19.5288     8.2722 -9.990e-29
 123.330894      8.103    11.9334  32.305694    27.6523      8.030  277.57149  277.66582    19.8556     9.2952 -9.990e-29
 123.330897      8.118    11.9333  32.305868    27.6525      8.045  277.57180  277.66613    19.7000     9.3114 -9.990e-29
 123.330900      8.131    11.9331  32.296352    27.6437      8.058  277.59030  277.68472    19.8245     9.2912 -9.990e-29
 123.330903      8.145    11.9329  32.305868    27.6528      8.072  277.57370  277.66799    19.7467     9.2993 -9.990e-29
 123.330906      8.164    11.9331  32.306681    27.6534      8.091  277.57127  277.66557    20.7272     9.2952 -9.990e-29
 123.330909      8.183    11.9334  32.309524    27.6559      8.110  277.56448  277.65877    20.8829     9.3276 -9.990e-29
 123.330911      8.206    11.9342  32.311149    27.6571      8.132  277.55806  277.65239    20.7584     9.3033 -9.990e-29
 123.330914      8.237    11.9354  32.312368    27.6564      8.163  277.55051  277.64492    20.7739     9.3114 0.0000e+00
 123.330917      8.264    11.9363  32.311555    27.6557      8.190  277.54766  277.64214    20.6961     9.3073 0.0000e+00
 123.330920      8.295    11.9370  32.312193    27.6556      8.221  277.54337  277.63790    20.9607     9.3033 0.0000e+00
 123.330923      8.325    11.9372  32.310743    27.6557      8.250  277.54513  277.63969    20.9918     9.2912 0.0000e+00
 123.330926      8.352    11.9370  32.312252    27.6549      8.277  277.54331  277.63783    21.0229     9.3114 0.0000e+00
 123.330929      8.377    11.9372  32.311381    27.6557      8.302  277.54430  277.63885    20.9607     9.2952 -9.990e-29
 123.330932      8.398    11.9372  32.313006    27.6563      8.323  277.54132  277.63584    21.2253     8.8585 -9.990e-29
 123.330935      8.416    11.9374  32.312774    27.6559      8.341  277.54051  277.63506    21.1786     8.8504 -9.990e-29
 123.330938      8.431    11.9375  32.313413    27.6564      8.355  277.53903  277.63358    21.1941     8.8666 -9.990e-29
 123.330940      8.447    11.9380  32.313819    27.6564      8.371  277.53610  277.63068    21.2875     8.8625 -9.990e-29
 123.330943      8.462    11.9383  32.314225    27.6566      8.386  277.53412  277.62871    21.2875     9.3195 -9.990e-29
 123.330946      8.483    11.9386  32.315386    27.6574      8.408  277.53043  277.62503    21.1941     9.3033 -9.990e-29
 123.330949      8.502    11.9396  32.317011    27.6582      8.426  277.52307  277.61772    21.2408     9.2993 -9.990e-29
 123.330952      8.524    11.9406  32.317649    27.6581      8.448  277.51722  277.61194    21.3187     9.2588 -9.990e-29
 123.330955      8.542    11.9413  32.317243    27.6572      8.466  277.51485  277.60963    19.9957     9.5540 -9.990e-29
 123.330958      8.566    11.9418  32.316488    27.6561      8.489  277.51438  277.60920    20.0113     9.5540 -9.990e-29
 123.330961      8.588    11.9414  32.316604    27.6573      8.511  277.51575  277.61053    19.9957     9.5540 -9.990e-29
 123.330964      8.621    11.9413  32.317417    27.6577      8.544  277.51458  277.60936    20.1202     9.5783 0.0000e+00
 123.330966      8.653    11.9418  32.318462    27.6573      8.576  277.51081  277.60560    20.0268     9.5702 0.0000e+00
 123.330969      8.688    11.9424  32.317649    27.6567      8.610  277.50951  277.60436    18.4237     8.7291 0.0000e+00
 123.330972      8.726    11.9425  32.317243    27.6565      8.648  277.50966  277.60452    18.5638     8.7453 0.0000e+00
 123.330975      8.756    11.9422  32.315734    27.6562      8.677  277.51372  277.60857    18.5015     8.7695 -9.990e-29
 123.330978      8.779    11.9418  32.317243    27.6567      8.701  277.51283  277.60764    18.4860     8.7736 -9.990e-29
 123.330981      8.799    11.9416  32.317650    27.6572      8.720  277.51303  277.60782    19.5599     8.8504 -9.990e-29
 123.330984      8.817    11.9416  32.317243    27.6569      8.738  277.51379  277.60859    19.5755     8.8666 -9.990e-29
 123.330987      8.827    11.9418  32.315386    27.6549      8.748  277.51628  277.61111    19.5443     8.8909 -9.990e-29
 123.330990      8.830    11.9416  32.317418    27.6570      8.751  277.51348  277.60827    19.4510     8.8868 -9.990e-29
 123.330992      8.839    11.9418  32.316083    27.6556      8.760  277.51532  277.61014    19.3264     9.2507 -9.990e-29
 123.330995      8.848    11.9420  32.317244    27.6566      8.769  277.51225  277.60707    19.2486     9.2548 -9.990e-29
 123.330998      8.861    11.9420  32.318462    27.6577      8.782  277.50970  277.60451    19.1241     9.2426 -9.990e-29
 123.331001      8.879    11.9425  32.319449    27.6583      8.800  277.50602  277.60085    19.2486     9.2143 -9.990e-29
 123.331004      8.906    11.9429  32.319855    27.6579      8.827  277.50310  277.59796    20.0580     9.2346 0.0000e+00
 123.331007      8.936    11.9438  32.319681    27.6575      8.856  277.49969  277.59461    19.9957     9.2224 0.0000e+00
 123.331010      8.972    11.9444  32.319971    27.6573      8.892  277.49636  277.59133    19.9646     9.2507 0.0000e+00
 123.331013      9.009    11.9444  32.318637    27.6569      8.928  277.49885  277.59383    20.0580     9.2346 0.0000e+00
 123.331016      9.042    11.9441  32.319275    27.6569      8.961  277.49926  277.59421    20.0424     9.2265 0.0000e+00
 123.331019      9.074    11.9439  32.319682    27.6569      8.993  277.49916  277.59409    20.3692     8.5512 0.0000e+00
 123.331021      9.105    11.9439  32.319043    27.6574      9.024  277.50036  277.59530    20.4938     8.5633 0.0000e+00
 123.331024      9.144    11.9439  32.320262    27.6574      9.062  277.49814  277.59306    20.5560     8.5431 0.0000e+00
 123.331027      9.175    11.9442  32.318985    27.6579      9.093  277.49926  277.59422    20.4315     8.5593 -9.990e-29
 123.331030      9.197    11.9441  32.320262    27.6577      9.115  277.49723  277.59218    21.2875     8.8706 -9.990e-29
 123.331033      9.221    11.9443  32.320494    27.6578      9.138  277.49589  277.59084    21.1630     8.8585 -9.990e-29
 123.331036      9.235    11.9448  32.321307    27.6582      9.153  277.49221  277.58719    21.3809     8.8585 -9.990e-29
 123.331039      9.246    11.9452  32.321075    27.6576      9.164  277.49077  277.58578    21.1941     8.8868 -9.990e-29
 123.331042      9.259    11.9458  32.321307    27.6574      9.176  277.48785  277.58290    21.0074     9.5297 -9.990e-29
 123.331045      9.259    11.9457  32.321713    27.6579      9.176  277.48741  277.58245    21.0541     9.6025 -9.990e-29
 123.331047      9.265    11.9458  32.321307    27.6574      9.182  277.48785  277.58290    21.0229     9.5702 -9.990e-29
 123.331050      9.268    11.9461  32.321481    27.6574      9.185  277.48628  277.58135    21.0074     9.5864 -9.990e-29
 123.331053      9.277    11.9466  32.322119    27.6576      9.194  277.48261  277.57771    22.5015     9.7966 -9.990e-29
 123.331056      9.295    11.9468  32.322700    27.6588      9.212  277.48093  277.57603    22.5949     9.7885 -9.990e-29
 123.331059      9.323    11.9470  32.323745    27.6588      9.239  277.47777  277.57288    22.4860     9.8088 0.0000e+00
 123.331062      9.366    11.9479  32.324441    27.6588      9.282  277.47277  277.56793    22.3615     9.8128 0.0000e+00
