Processed/SBE19plus_01907321_2022_05_03_Cast03_wfilter.cnv
* Sea-Bird SBE19plus  Data File:
* FileName = E:\Prandtl Daten\2022\CTD\Raw\SBE19plus_01907321_2022_05_03_Cast03.hex
* Software version 2.6.1.12
* Temperature SN = 7321
* Conductivity SN = 7321
* System UpLoad Time = May 03 2022 11:44:56
* <ApplicationData>
* <Seaterm232>
** Messpraktikum 2022
** Gelbsandnord - Mooring3
** 54°00.28N
** 008°40.27E
** Torbjörn Kagel, Isabella Schmidt
# nquan = 11
# nvalues = 302                         
# units = specified
# name 0 = timeJ: Julian Days
# name 1 = prdM: Pressure, Strain Gauge [db]
# name 2 = tv290C: Temperature [ITS-90, deg C]
# name 3 = c0mS/cm: Conductivity [mS/cm]
# name 4 = sal00: Salinity, Practical [PSU]
# name 5 = depSM: Depth [salt water, m], lat = 54.00
# name 6 = oxsatMm/Kg: Oxygen Saturation, Weiss [umol/kg]
# name 7 = oxsolMm/Kg: Oxygen Saturation, Garcia & Gordon [umol/kg]
# name 8 = turbWETntu0: Turbidity, WET Labs ECO [NTU]
# name 9 = flECO-AFL: Fluorescence, WET Labs ECO-AFL/FL [mg/m^3]
# name 10 = flag:  0.000e+00
# span 0 = 123.483805, 123.484676       
# span 1 =      0.534,      8.167       
# span 2 =    11.6695,    12.5067       
# span 3 =  30.459245,  30.602531       
# span 4 =    25.5622,    26.2280       
# span 5 =      0.529,      8.094       
# span 6 =  278.23264,  281.95846       
# span 7 =  278.38411,  282.05331       
# span 8 =    43.8245,    93.2875       
# span 9 =    12.3846,    16.3554       
# span 10 = 0.0000e+00, 0.0000e+00      
# interval = seconds: 0.25
# start_time = May 03 2022 11:35:13 [Instrument's time stamp, header]
# bad_flag = -9.990e-29
*END*
 123.483805      0.534    12.4969  30.502284    25.5674      0.529  278.29189  278.44281    44.2292    12.4493 0.0000e+00
 123.483808      0.563    12.4987  30.503419    25.5673      0.558  278.28172  278.43274    44.2914    12.4654 0.0000e+00
 123.483811      0.602    12.5001  30.504156    25.5672      0.596  278.27390  278.42500    43.8401    12.3967 0.0000e+00
 123.483814      0.634    12.5014  30.505348    25.5670      0.629  278.26591  278.41708    43.8245    12.4007 0.0000e+00
 123.483817      0.682    12.5025  30.505916    25.5672      0.676  278.25970  278.41095    43.8712    12.4169 0.0000e+00
 123.483819      0.709    12.5035  30.507334    25.5676      0.703  278.25261  278.40390    43.8556    12.3846 0.0000e+00
 123.483822      0.742    12.5045  30.508356    25.5678      0.735  278.24623  278.39757    45.0385    12.7364 0.0000e+00
 123.483825      0.778    12.5055  30.509718    25.5684      0.771  278.23891  278.39031    45.1008    12.7283 0.0000e+00
 123.483828      0.822    12.5062  30.510853    25.5684      0.815  278.23396  278.38539    44.9918    12.7283 0.0000e+00
 123.483831      0.884    12.5067  30.510342    25.5681      0.876  278.23264  278.38411    45.1941    12.7687 0.0000e+00
 123.483834      0.942    12.5066  30.509321    25.5674      0.934  278.23484  278.38631    44.5405    12.5423 0.0000e+00
 123.483837      1.004    12.5056  30.508754    25.5673      0.995  278.24046  278.39188    44.5249    12.5625 0.0000e+00
 123.483840      1.040    12.5044  30.507959    25.5674      1.031  278.24746  278.39880    44.4782    12.5220 -9.990e-29
 123.483843      1.060    12.5030  30.507222    25.5677      1.051  278.25531  278.40658    44.5249    12.5342 -9.990e-29
 123.483845      1.073    12.5016  30.507052    25.5684      1.063  278.26182  278.41300    44.5716    12.5018 -9.990e-29
 123.483848      1.067    12.5009  30.505747    25.5677      1.058  278.26742  278.41857    44.5249    12.6797 -9.990e-29
 123.483851      1.076    12.4999  30.504385    25.5672      1.067  278.27477  278.42586    44.5405    12.6676 -9.990e-29
 123.483854      1.094    12.4981  30.503817    25.5679      1.085  278.28395  278.43493    44.4938    12.6353 -9.990e-29
 123.483857      1.111    12.4967  30.502569    25.5677      1.101  278.29272  278.44363    44.4159    12.6474 -9.990e-29
 123.483860      1.120    12.4953  30.501718    25.5678      1.110  278.30078  278.45160    46.9996    12.9224 -9.990e-29
 123.483863      1.129    12.4941  30.500981    25.5679      1.119  278.30732  278.45808    47.0307    12.8860 -9.990e-29
 123.483866      1.122    12.4927  30.498597    25.5667      1.112  278.31813  278.46882    46.9062    12.9183 -9.990e-29
 123.483869      1.122    12.4902  30.496612    25.5665      1.112  278.33311  278.48366    46.9840    12.9345 -9.990e-29
 123.483872      1.129    12.4866  30.489236    25.5622      1.119  278.36335  278.51374    49.4899    13.5208 -9.990e-29
 123.483874      1.151    12.4793  30.486399    25.5696      1.141  278.40172  278.55167    49.3965    13.5410 -9.990e-29
 123.483877      1.184    12.4706  30.485606    25.5727      1.173  278.44325  278.59266    49.5521    13.5168 0.0000e+00
 123.483880      1.229    12.4625  30.486345    25.5758      1.218  278.47942  278.62830    49.4587    13.5491 0.0000e+00
 123.483883      1.277    12.4575  30.486345    25.5792      1.265  278.50259  278.65114    47.2486    13.2054 0.0000e+00
 123.483886      1.319    12.4553  30.484984    25.5793      1.307  278.51484  278.66328    47.2953    13.2216 0.0000e+00
 123.483889      1.352    12.4538  30.485778    25.5794      1.340  278.52027  278.66861    47.3264    13.1771 -9.990e-29
 123.483892      1.376    12.4523  30.487481    25.5837      1.363  278.52439  278.67260    47.3109    13.1852 -9.990e-29
 123.483895      1.396    12.4523  30.490375    25.5864      1.383  278.51918  278.66736    47.2019    13.1812 -9.990e-29
 123.483898      1.414    12.4551  30.492984    25.5869      1.401  278.50145  278.64979    46.0502    12.8374 -9.990e-29
 123.483900      1.428    12.4589  30.494119    25.5854      1.416  278.48182  278.63039    46.0813    12.8577 -9.990e-29
 123.483903      1.448    12.4621  30.494800    25.5827      1.435  278.46627  278.61503    46.0035    12.8374 -9.990e-29
 123.483906      1.481    12.4647  30.495480    25.5820      1.468  278.45268  278.60161    46.0969    12.8172 0.0000e+00
 123.483909      1.529    12.4671  30.495877    25.5814      1.515  278.44124  278.59032    46.0813    12.8213 0.0000e+00
 123.483912      1.580    12.4687  30.496161    25.5806      1.566  278.43327  278.58245    45.9101    12.8374 0.0000e+00
 123.483915      1.631    12.4697  30.496048    25.5798      1.617  278.42894  278.57819    45.9724    12.8374 0.0000e+00
 123.483918      1.675    12.4701  30.496048    25.5795      1.660  278.42702  278.57629    45.9724    12.8294 0.0000e+00
 123.483921      1.713    12.4705  30.495367    25.5791      1.698  278.42664  278.57594    48.7584    13.5855 0.0000e+00
 123.483924      1.743    12.4704  30.493551    25.5786      1.727  278.43026  278.57958    48.8362    13.6098 -9.990e-29
 123.483927      1.761    12.4698  30.490941    25.5749      1.745  278.43758  278.58689    48.8362    13.5613 -9.990e-29
 123.483929      1.777    12.4674  30.489183    25.5749      1.761  278.45217  278.60133    48.7895    13.5653 -9.990e-29
 123.483932      1.787    12.4636  30.486573    25.5751      1.771  278.47415  278.62310    49.7233    13.5168 -9.990e-29
 123.483935      1.785    12.4604  30.486573    25.5773      1.769  278.48914  278.63788    49.7389    13.5208 -9.990e-29
 123.483938      1.783    12.4589  30.486347    25.5781      1.767  278.49639  278.64504    49.6611    13.5208 -9.990e-29
 123.483941      1.777    12.4573  30.484021    25.5770      1.761  278.50775  278.65632    49.8945    13.4925 -9.990e-29
 123.483944      1.770    12.4541  30.483170    25.5784      1.754  278.52395  278.67232    49.6299    13.4925 -9.990e-29
 123.483947      1.783    12.4504  30.482206    25.5800      1.767  278.54296  278.69111    51.5288    13.6785 -9.990e-29
 123.483950      1.800    12.4461  30.480788    25.5816      1.783  278.56541  278.71329    51.5599    13.7068 -9.990e-29
 123.483953      1.821    12.4417  30.479540    25.5843      1.805  278.58788  278.73549    51.4665    13.7311 -9.990e-29
 123.483955      1.852    12.4383  30.478009    25.5844      1.836  278.60598  278.75339    51.6066    13.7068 0.0000e+00
 123.483958      1.882    12.4351  30.476024    25.5846      1.865  278.62457  278.77180    51.0930    14.0222 0.0000e+00
 123.483961      1.914    12.4321  30.474209    25.5850      1.897  278.64155  278.78861    51.1397    13.9939 0.0000e+00
 123.483964      1.955    12.4289  30.472337    25.5854      1.937  278.65995  278.80682    50.9373    14.0424 0.0000e+00
 123.483967      2.004    12.4257  30.472224    25.5875      1.986  278.67485  278.82151    51.0774    14.0263 0.0000e+00
 123.483970      2.055    12.4241  30.472338    25.5878      2.037  278.68185  278.82841    51.6066    14.3376 0.0000e+00
 123.483973      2.116    12.4236  30.471034    25.5878      2.097  278.68685  278.83339    51.5288    14.3942 0.0000e+00
 123.483976      2.172    12.4214  30.469219    25.5878      2.153  278.70027  278.84668    51.3576    14.3457 0.0000e+00
 123.483979      2.221    12.4164  30.469900    25.5896      2.201  278.72220  278.86829    51.4510    14.3700 0.0000e+00
 123.483981      2.250    12.4117  30.470808    25.5916      2.230  278.74208  278.88786    56.5560    14.6207 -9.990e-29
 123.483984      2.274    12.4084  30.469447    25.5966      2.254  278.75987  278.90545    56.4315    14.6409 -9.990e-29
 123.483987      2.284    12.4034  30.469675    25.6002      2.263  278.78260  278.92785    56.4315    14.5964 -9.990e-29
 123.483990      2.293    12.3941  30.469676    25.6065      2.272  278.82528  278.96993    56.4159    14.6005 -9.990e-29
 123.483993      2.300    12.3833  30.469053    25.6133      2.279  278.87625  279.02022    56.4315    14.6086 -9.990e-29
 123.483996      2.306    12.3747  30.468373    25.6185      2.285  278.91722  279.06064    57.2408    14.3457 -9.990e-29
 123.483999      2.311    12.3683  30.468544    25.6230      2.290  278.94656  279.08956    57.2564    14.3498 -9.990e-29
 123.484002      2.326    12.3630  30.469452    25.6275      2.305  278.96935  279.11200    57.2097    14.3457 -9.990e-29
 123.484005      2.338    12.3577  30.469679    25.6313      2.317  278.99337  279.13567    57.2875    14.3700 -9.990e-29
 123.484008      2.349    12.3520  30.469907    25.6353      2.328  279.01901  279.16095    56.4626    14.4064 -9.990e-29
 123.484010      2.365    12.3457  30.469227    25.6390      2.344  279.04957  279.19110    56.3848    14.3902 -9.990e-29
 123.484013      2.385    12.3404  30.468944    25.6424      2.364  279.07451  279.21571    56.4471    14.4387 -9.990e-29
 123.484016      2.404    12.3369  30.468207    25.6441      2.382  279.09214  279.23312    56.6183    14.3902 -9.990e-29
 123.484019      2.422    12.3357  30.466449    25.6406      2.401  279.10088  279.24180    56.1047    14.7177 -9.990e-29
 123.484022      2.450    12.3369  30.464463    25.6382      2.428  279.09864  279.23966    55.9957    14.7460 0.0000e+00
 123.484025      2.488    12.3396  30.461344    25.6358      2.466  279.09196  279.23318    56.0268    14.7299 0.0000e+00
 123.484028      2.530    12.3444  30.461570    25.6327      2.507  279.06943  279.21096    56.1202    14.7420 0.0000e+00
 123.484031      2.572    12.3467  30.462251    25.6318      2.549  279.05747  279.19915    57.2720    15.0736 0.0000e+00
 123.484034      2.606    12.3472  30.462137    25.6315      2.583  279.05542  279.19713    57.1475    15.0655 0.0000e+00
 123.484036      2.647    12.3489  30.459245    25.6313      2.623  279.05288  279.19472    57.2408    15.0493 -9.990e-29
 123.484039      2.670    12.3526  30.459471    25.6252      2.647  279.03554  279.17763    57.1319    15.0170 -9.990e-29
 123.484042      2.692    12.3558  30.460038    25.6241      2.668  279.01955  279.16183    57.1319    15.0493 -9.990e-29
 123.484045      2.719    12.3570  30.461569    25.6247      2.695  279.01158  279.15392    58.9373    15.0412 0.0000e+00
 123.484048      2.745    12.3566  30.462647    25.6254      2.720  279.01127  279.15358    58.9996    14.9806 0.0000e+00
 123.484051      2.771    12.3546  30.463612    25.6265      2.746  279.01865  279.16083    58.8751    14.9887 0.0000e+00
 123.484054      2.798    12.3511  30.465881    25.6276      2.773  279.03084  279.17276    58.9840    14.9725 -9.990e-29
 123.484057      2.818    12.3458  30.469455    25.6391      2.793  279.04912  279.19066    59.1864    14.9725 -9.990e-29
 123.484060      2.845    12.3393  30.470647    25.6445      2.820  279.07660  279.21771    59.1864    14.9725 -9.990e-29
 123.484062      2.864    12.3334  30.472179    25.6500      2.838  279.10118  279.24190    59.1241    14.9806 -9.990e-29
 123.484065      2.887    12.3279  30.473258    25.6548      2.861  279.12496  279.26530    59.2331    14.9725 -9.990e-29
 123.484068      2.911    12.3229  30.473882    25.6587      2.885  279.14663  279.28664    62.9062    15.2677 -9.990e-29
 123.484071      2.938    12.3190  30.475414    25.6628      2.912  279.16209  279.30184    62.8595    15.2394 -9.990e-29
 123.484074      2.958    12.3150  30.477230    25.6673      2.932  279.17736  279.31683    62.8906    15.2555 -9.990e-29
 123.484077      2.980    12.3103  30.479387    25.6724      2.953  279.19494  279.33408    62.9062    15.2475 -9.990e-29
 123.484080      2.999    12.3045  30.480295    25.6773      2.972  279.22031  279.35906    62.1436    15.2798 -9.990e-29
 123.484083      3.018    12.2983  30.481998    25.6830      2.991  279.24554  279.38388    62.2681    15.2394 -9.990e-29
 123.484086      3.035    12.2926  30.483927    25.6888      3.008  279.26872  279.40667    62.0657    15.2596 -9.990e-29
 123.484089      3.053    12.2868  30.484495    25.6932      3.026  279.29438  279.43194    62.2058    15.2636 -9.990e-29
 123.484091      3.079    12.2826  30.484439    25.6960      3.051  279.31370  279.45099    62.2369    15.2555 -9.990e-29
 123.484094      3.099    12.2798  30.485460    25.7016      3.071  279.32486  279.46196    62.0035    15.1100 -9.990e-29
 123.484097      3.128    12.2771  30.486369    25.7029      3.100  279.33592  279.47283    62.0035    15.1302 0.0000e+00
 123.484100      3.162    12.2753  30.487844    25.7042      3.134  279.34171  279.47849    61.8323    15.1019 0.0000e+00
 123.484103      3.201    12.2719  30.490000    25.7085      3.172  279.35310  279.48964    61.9724    15.1342 0.0000e+00
 123.484106      3.237    12.2663  30.491533    25.7138      3.209  279.37668  279.51283    63.2175    15.6114 0.0000e+00
 123.484109      3.280    12.2605  30.493009    25.7191      3.250  279.40069  279.53645    63.0774    15.6356 0.0000e+00
 123.484112      3.316    12.2554  30.493010    25.7226      3.286  279.42445  279.55988    63.0774    15.6276 0.0000e+00
 123.484115      3.350    12.2520  30.496244    25.7279      3.320  279.43386  279.56904    63.2019    15.6316 0.0000e+00
 123.484117      3.376    12.2481  30.498912    25.7305      3.346  279.44723  279.58212    65.3809    16.0036 0.0000e+00
 123.484120      3.403    12.2419  30.504417    25.7330      3.373  279.46614  279.60057    65.3809    15.9955 -9.990e-29
 123.484123      3.427    12.2350  30.508958    25.7514      3.396  279.48973  279.62366    65.3342    15.9794 -9.990e-29
 123.484126      3.444    12.2277  30.511229    25.7585      3.413  279.51941  279.65283    65.3965    16.0279 -9.990e-29
 123.484129      3.455    12.2204  30.512989    25.7652      3.424  279.55000  279.68293    64.1047    15.5426 -9.990e-29
 123.484132      3.467    12.2145  30.513330    25.7695      3.436  279.57636  279.70890    64.1358    15.5709 -9.990e-29
 123.484135      3.471    12.2111  30.515828    25.7742      3.440  279.58772  279.72002    64.2292    15.5507 -9.990e-29
 123.484138      3.480    12.2074  30.516566    25.7774      3.449  279.60360  279.73564    64.1669    15.5669 -9.990e-29
 123.484141      3.489    12.2032  30.520369    25.7838      3.458  279.61583  279.74756    64.1980    15.5507 -9.990e-29
 123.484144      3.513    12.1986  30.524570    25.7909      3.482  279.62961  279.76099    64.5560    15.5103 -9.990e-29
 123.484146      3.537    12.1933  30.526217    25.8006      3.506  279.65098  279.78200    64.8050    15.5103 -9.990e-29
 123.484149      3.572    12.1886  30.527580    25.8031      3.540  279.67060  279.80129    64.5716    15.5022 0.0000e+00
 123.484152      3.607    12.1843  30.529851    25.8056      3.574  279.68628  279.81667    64.6494    15.5184 0.0000e+00
 123.484155      3.643    12.1802  30.530647    25.8092      3.610  279.70369  279.83380    66.1903    15.9430 0.0000e+00
 123.484158      3.679    12.1771  30.530363    25.8111      3.647  279.71884  279.84875    66.1747    15.9470 0.0000e+00
 123.484161      3.716    12.1756  30.531953    25.8135      3.683  279.72278  279.85257    66.0657    15.9389 0.0000e+00
 123.484164      3.747    12.1736  30.534792    25.8156      3.714  279.72702  279.85665    65.9879    15.9510 0.0000e+00
 123.484167      3.780    12.1698  30.536382    25.8176      3.746  279.74167  279.87103    65.0852    16.0885 -9.990e-29
 123.484170      3.800    12.1656  30.536893    25.8250      3.766  279.76023  279.88931    65.1786    16.1087 -9.990e-29
 123.484172      3.818    12.1631  30.537859    25.8276      3.784  279.76983  279.89874    65.1008    16.0643 -9.990e-29
 123.484175      3.842    12.1611  30.540811    25.8318      3.808  279.77386  279.90260    65.1475    16.0724 -9.990e-29
 123.484178      3.866    12.1573  30.544502    25.8447      3.831  279.78465  279.91310    68.8050    15.7286 -9.990e-29
 123.484181      3.895    12.1519  30.547910    25.8498      3.860  279.80342  279.93148    68.8206    15.7853 0.0000e+00
