Processed/SBE19plus_01907321_2022_05_07_Cast66_wfilter.cnv
* Sea-Bird SBE19plus  Data File:
* FileName = E:\Prandtl Daten\2022\CTD\Raw\SBE19plus_01907321_2022_05_07_Cast66.hex
* Software version 2.6.1.12
* Temperature SN = 7321
* Conductivity SN = 7321
* System UpLoad Time = May 07 2022 10:38:06
* <ApplicationData>
* <Seaterm232>
** Messpraktikum 2022
** CTD 07.05 NFW
** NMEA Latitude = 55 02.923 N
** NMEA Longitude = 008 43.854 E
# nquan = 11
# nvalues = 131                         
# units = specified
# name 0 = timeJ: Julian Days
# name 1 = prdM: Pressure, Strain Gauge [db]
# name 2 = tv290C: Temperature [ITS-90, deg C]
# name 3 = c0mS/cm: Conductivity [mS/cm]
# name 4 = sal00: Salinity, Practical [PSU]
# name 5 = depSM: Depth [salt water, m], lat = 54.00
# name 6 = oxsatMm/Kg: Oxygen Saturation, Weiss [umol/kg]
# name 7 = oxsolMm/Kg: Oxygen Saturation, Garcia & Gordon [umol/kg]
# name 8 = turbWETntu0: Turbidity, WET Labs ECO [NTU]
# name 9 = flECO-AFL: Fluorescence, WET Labs ECO-AFL/FL [mg/m^3]
# name 10 = flag:  0.000e+00
# span 0 = 127.439870, 127.440246       
# span 1 =      0.512,      3.594       
# span 2 =    12.9167,    12.9551       
# span 3 =  32.068176,  32.117029       
# span 4 =    26.7219,    26.7403       
# span 5 =      0.507,      3.562       
# span 6 =  273.36435,  273.61195       
# span 7 =  273.52924,  273.77482       
# span 8 =    21.6766,    48.8206       
# span 9 =     9.3559,    13.2903       
# span 10 = 0.0000e+00, 0.0000e+00      
# interval = seconds: 0.25
# start_time = May 07 2022 10:32:32 [Instrument's time stamp, header]
# bad_flag = -9.990e-29
*END*
 127.439870      0.512    12.9170  32.069564    26.7237      0.507  273.61068  273.77355    24.3226    10.4557 -9.990e-29
 127.439873      0.521    12.9175  32.069159    26.7229      0.516  273.60886  273.77177    23.6689     9.6470 -9.990e-29
 127.439876      0.550    12.9175  32.069159    26.7224      0.545  273.60887  273.77179    23.7622     9.6147 0.0000e+00
 127.439878      0.581    12.9176  32.068176    26.7224      0.576  273.61031  273.77323    23.6222     9.6187 0.0000e+00
 127.439881      0.608    12.9174  32.068176    26.7219      0.603  273.61128  273.77419    23.7311     9.5985 -9.990e-29
 127.439884      0.632    12.9172  32.069565    26.7235      0.626  273.60980  273.77269    23.6377     9.4489 -9.990e-29
 127.439887      0.654    12.9173  32.069565    26.7234      0.648  273.60918  273.77208    23.6533     9.4246 -9.990e-29
 127.439890      0.672    12.9176  32.070027    26.7236      0.666  273.60711  273.77002    23.6533     9.4125 -9.990e-29
 127.439893      0.687    12.9176  32.070375    26.7239      0.681  273.60651  273.76942    23.6844     9.4165 -9.990e-29
 127.439896      0.709    12.9176  32.070375    26.7239      0.702  273.60652  273.76943    23.8245     9.4489 -9.990e-29
 127.439899      0.729    12.9178  32.069970    26.7221      0.722  273.60630  273.76922    23.9646     9.3720 -9.990e-29
 127.439902      0.754    12.9179  32.068581    26.7228      0.747  273.60844  273.77138    23.9023     9.3559 0.0000e+00
 127.439905      0.785    12.9175  32.069739    26.7232      0.778  273.60801  273.77092    23.9957     9.3923 0.0000e+00
 127.439907      0.814    12.9172  32.069334    26.7234      0.807  273.61001  273.77290    23.9957     9.3640 0.0000e+00
 127.439910      0.850    12.9172  32.069565    26.7234      0.843  273.60994  273.77283    23.5288     9.4044 0.0000e+00
 127.439913      0.878    12.9168  32.069334    26.7235      0.870  273.61195  273.77482    23.4354     9.3963 0.0000e+00
 127.439916      0.909    12.9167  32.069565    26.7237      0.901  273.61188  273.77474    23.4976     9.4327 0.0000e+00
 127.439919      0.942    12.9169  32.069855    26.7239      0.933  273.61076  273.77363    23.4354     9.4165 0.0000e+00
 127.439922      0.967    12.9169  32.070144    26.7240      0.959  273.61027  273.77313    23.9646     9.7279 0.0000e+00
 127.439925      0.997    12.9171  32.071996    26.7241      0.988  273.60608  273.76894    23.9023     9.7602 -9.990e-29
 127.439928      1.015    12.9180  32.071591    26.7247      1.006  273.60300  273.76592    23.9801     9.7441 -9.990e-29
 127.439931      1.037    12.9184  32.072169    26.7249      1.027  273.60009  273.76303    23.9334     9.7441 -9.990e-29
 127.439933      1.055    12.9185  32.072401    26.7250      1.046  273.59906  273.76201    23.7000     9.7158 -9.990e-29
 127.439936      1.077    12.9191  32.071996    26.7246      1.068  273.59725  273.76024    23.7311     9.6753 -9.990e-29
 127.439939      1.104    12.9191  32.072401    26.7246      1.095  273.59655  273.75954    23.7311     9.6915 0.0000e+00
 127.439942      1.135    12.9192  32.072575    26.7246      1.125  273.59563  273.75863    23.6377     9.6794 0.0000e+00
 127.439945      1.165    12.9195  32.072343    26.7246      1.154  273.59511  273.75812    23.7467     9.6632 0.0000e+00
 127.439948      1.196    12.9192  32.072575    26.7244      1.185  273.59567  273.75867    23.2331     9.6227 0.0000e+00
 127.439951      1.229    12.9195  32.071765    26.7246      1.218  273.59617  273.75918    23.3109     9.6187 -9.990e-29
 127.439954      1.254    12.9195  32.071360    26.7233      1.243  273.59689  273.75991    23.1552     9.6308 -9.990e-29
 127.439957      1.284    12.9194  32.071591    26.7236      1.272  273.59682  273.75984    23.1552     9.6551 -9.990e-29
 127.439959      1.307    12.9195  32.071360    26.7233      1.296  273.59693  273.75995    23.3420     9.7360 -9.990e-29
 127.439962      1.337    12.9193  32.071592    26.7236      1.325  273.59717  273.76018    23.5132     9.7562 -9.990e-29
 127.439965      1.357    12.9190  32.071187    26.7234      1.344  273.59917  273.76216    23.5755     9.7521 -9.990e-29
 127.439968      1.377    12.9186  32.071592    26.7241      1.364  273.60037  273.76333    23.4043     9.7360 -9.990e-29
 127.439971      1.391    12.9187  32.071765    26.7242      1.379  273.59944  273.76241    23.7000     9.4853 -9.990e-29
 127.439974      1.415    12.9185  32.070030    26.7227      1.402  273.60346  273.76643    23.7622     9.4650 -9.990e-29
 127.439977      1.435    12.9182  32.070956    26.7245      1.422  273.60311  273.76606    23.7467     9.5055 -9.990e-29
 127.439980      1.466    12.9182  32.071766    26.7244      1.453  273.60171  273.76465    23.6844     9.5014 0.0000e+00
 127.439983      1.495    12.9182  32.071592    26.7243      1.481  273.60203  273.76497    23.5755     9.4934 0.0000e+00
 127.439986      1.522    12.9182  32.070956    26.7242      1.509  273.60317  273.76611    23.3887     9.6470 0.0000e+00
 127.439988      1.559    12.9183  32.071592    26.7240      1.545  273.60176  273.76470    23.4198     9.6389 0.0000e+00
 127.439991      1.590    12.9182  32.071593    26.7242      1.576  273.60209  273.76503    23.3731     9.6147 -9.990e-29
 127.439994      1.615    12.9183  32.071593    26.7243      1.601  273.60179  273.76474    23.4665     9.6227 -9.990e-29
 127.439997      1.648    12.9185  32.071766    26.7243      1.633  273.60087  273.76383    24.0891     9.4489 0.0000e+00
 127.440000      1.675    12.9184  32.071593    26.7243      1.660  273.60151  273.76446    24.0735     9.4003 -9.990e-29
 127.440003      1.699    12.9184  32.071361    26.7239      1.684  273.60193  273.76489    23.9334     9.4448 -9.990e-29
 127.440006      1.717    12.9183  32.071593    26.7242      1.702  273.60186  273.76480    24.0113     9.3882 -9.990e-29
 127.440009      1.735    12.9182  32.071362    26.7240      1.720  273.60259  273.76554    24.2759     9.7764 -9.990e-29
 127.440012      1.757    12.9184  32.071998    26.7245      1.742  273.60085  273.76380    24.0891     9.6996 -9.990e-29
 127.440014      1.781    12.9186  32.072172    26.7242      1.765  273.59961  273.76257    24.1825     9.7562 -9.990e-29
 127.440017      1.806    12.9188  32.071998    26.7240      1.790  273.59898  273.76195    24.1047     9.7724 0.0000e+00
 127.440020      1.836    12.9187  32.071593    26.7242      1.819  273.60035  273.76331    23.9957     9.6874 0.0000e+00
 127.440023      1.863    12.9187  32.073561    26.7257      1.846  273.59690  273.75986    23.8712     9.6834 0.0000e+00
 127.440026      1.896    12.9190  32.074776    26.7257      1.879  273.59320  273.75617    23.8556     9.6915 0.0000e+00
 127.440029      1.927    12.9199  32.074429    26.7264      1.910  273.59003  273.75305    23.8868     9.6794 0.0000e+00
 127.440032      1.954    12.9208  32.075991    26.7260      1.937  273.58349  273.74655    23.8868     9.6955 0.0000e+00
 127.440035      1.985    12.9214  32.075181    26.7264      1.968  273.58208  273.74519    22.5482     9.4327 -9.990e-29
 127.440038      2.009    12.9214  32.075181    26.7252      1.991  273.58210  273.74521    22.4548     9.4408 -9.990e-29
 127.440041      2.037    12.9215  32.075818    26.7258      2.018  273.58068  273.74379    22.3770     9.4246 -9.990e-29
 127.440043      2.055    12.9217  32.077611    26.7272      2.036  273.57659  273.73969    22.3926     9.4327 -9.990e-29
 127.440046      2.077    12.9223  32.078595    26.7277      2.058  273.57202  273.73516    21.8012     9.4327 -9.990e-29
 127.440049      2.097    12.9236  32.080620    26.7287      2.078  273.56308  273.72628    21.7856     9.4448 -9.990e-29
 127.440052      2.117    12.9247  32.083456    26.7305      2.098  273.55303  273.71628    21.6766     9.4489 -9.990e-29
 127.440055      2.142    12.9269  32.086465    26.7308      2.123  273.53793  273.70129    21.7700     9.4489 -9.990e-29
 127.440058      2.171    12.9292  32.087275    26.7302      2.152  273.52670  273.69019    21.9257     9.4246 0.0000e+00
 127.440061      2.204    12.9313  32.087449    26.7295      2.185  273.51690  273.68053    21.9724     9.4044 0.0000e+00
 127.440064      2.237    12.9326  32.087449    26.7295      2.217  273.51121  273.67492    21.8634     9.4246 0.0000e+00
 127.440067      2.270    12.9330  32.089474    26.7301      2.250  273.50577  273.66949    21.8790     9.4246 0.0000e+00
 127.440069      2.298    12.9343  32.090690    26.7303      2.277  273.49795  273.66174    22.3459     9.4246 0.0000e+00
 127.440072      2.328    12.9354  32.093294    26.7303      2.308  273.48863  273.65247    22.5327     9.4206 0.0000e+00
 127.440075      2.359    12.9374  32.092079    26.7306      2.338  273.48223  273.64620    22.4082     9.4367 0.0000e+00
 127.440078      2.387    12.9385  32.093120    26.7294      2.365  273.47534  273.63938    22.5327     9.4610 -9.990e-29
 127.440081      2.409    12.9389  32.092715    26.7289      2.387  273.47416  273.63823    22.4393     9.4287 -9.990e-29
 127.440084      2.427    12.9388  32.092252    26.7285      2.405  273.47562  273.63968    22.7661     9.4327 -9.990e-29
 127.440087      2.443    12.9384  32.092310    26.7288      2.421  273.47712  273.64115    22.7194     9.4408 -9.990e-29
 127.440090      2.467    12.9384  32.093294    26.7297      2.445  273.47540  273.63943    22.7661     9.4408 -9.990e-29
 127.440093      2.492    12.9385  32.093699    26.7297      2.470  273.47439  273.63842    22.8128     9.4570 -9.990e-29
 127.440095      2.520    12.9388  32.093526    26.7304      2.498  273.47344  273.63750    23.4976     9.7845 0.0000e+00
 127.440098      2.548    12.9390  32.095089    26.7310      2.525  273.46977  273.63382    23.4665     9.8168 0.0000e+00
 127.440101      2.577    12.9396  32.097346    26.7326      2.554  273.46329  273.62735    23.5132     9.8330 0.0000e+00
 127.440104      2.611    12.9405  32.099545    26.7340      2.588  273.45532  273.61943    23.3887     9.8128 0.0000e+00
 127.440107      2.640    12.9420  32.101340    26.7340      2.617  273.44553  273.60972    22.9529     9.7966 0.0000e+00
 127.440110      2.670    12.9435  32.100876    26.7331      2.646  273.43971  273.60399    23.0152     9.8371 0.0000e+00
 127.440113      2.697    12.9443  32.100529    26.7327      2.673  273.43716  273.60150    22.9529     9.8209 0.0000e+00
 127.440116      2.726    12.9444  32.101340    26.7322      2.702  273.43512  273.59946    23.0307     9.8047 -9.990e-29
 127.440119      2.745    12.9448  32.101166    26.7324      2.720  273.43354  273.59790    23.1708     9.6955 -9.990e-29
 127.440122      2.768    12.9451  32.101166    26.7322      2.744  273.43260  273.59698    23.2953     9.6955 -9.990e-29
 127.440124      2.790    12.9455  32.102555    26.7332      2.765  273.42827  273.59267    23.2642     9.6753 -9.990e-29
 127.440127      2.810    12.9462  32.101976    26.7322      2.785  273.42613  273.59058    23.3264     9.6996 -9.990e-29
 127.440130      2.832    12.9469  32.104581    26.7324      2.807  273.41840  273.58287    23.2486     9.6834 -9.990e-29
 127.440133      2.859    12.9481  32.103771    26.7323      2.834  273.41445  273.57900    22.9062     9.5014 0.0000e+00
 127.440136      2.890    12.9489  32.104118    26.7324      2.864  273.41037  273.57497    22.9996     9.5014 0.0000e+00
 127.440139      2.919    12.9497  32.105392    26.7328      2.893  273.40499  273.56962    22.8595     9.5136 0.0000e+00
 127.440142      2.950    12.9504  32.106607    26.7328      2.924  273.39939  273.56406    22.8284     9.4934 0.0000e+00
 127.440145      2.985    12.9512  32.105565    26.7331      2.958  273.39775  273.56248    22.0969     9.3963 0.0000e+00
 127.440148      3.012    12.9516  32.107186    26.7325      2.985  273.39334  273.55808    22.1903     9.4408 0.0000e+00
 127.440150      3.045    12.9519  32.107186    26.7331      3.018  273.39209  273.55685    22.2214     9.4327 -9.990e-29
 127.440153      3.070    12.9520  32.106781    26.7324      3.043  273.39250  273.55727    22.1903     9.4246 -9.990e-29
 127.440156      3.094    12.9517  32.106607    26.7324      3.066  273.39377  273.55853    22.4237     9.7562 -9.990e-29
 127.440159      3.112    12.9515  32.106202    26.7322      3.085  273.39544  273.56019    22.4082     9.7441 -9.990e-29
 127.440162      3.130    12.9510  32.104524    26.7310      3.102  273.40094  273.56566    22.5327     9.7602 -9.990e-29
 127.440165      3.151    12.9499  32.102730    26.7301      3.122  273.40854  273.57322    22.5015     9.7521 -9.990e-29
 127.440168      3.171    12.9487  32.102730    26.7324      3.142  273.41394  273.57854    24.4471    10.2455 -9.990e-29
 127.440171      3.198    12.9476  32.103540    26.7322      3.169  273.41729  273.58182    24.4159    10.2131 0.0000e+00
 127.440174      3.224    12.9472  32.102730    26.7320      3.195  273.42063  273.58514    24.4159    10.2333 0.0000e+00
 127.440177      3.255    12.9472  32.102557    26.7320      3.226  273.42096  273.58546    24.5093    10.1969 0.0000e+00
 127.440179      3.282    12.9472  32.104756    26.7338      3.253  273.41712  273.58160    24.3692    10.2212 0.0000e+00
 127.440182      3.317    12.9476  32.105567    26.7343      3.287  273.41413  273.57863    26.8595    10.3506 0.0000e+00
 127.440185      3.346    12.9481  32.106782    26.7350      3.316  273.40948  273.57401    26.8284    10.3183 0.0000e+00
 127.440188      3.377    12.9482  32.106840    26.7350      3.347  273.40908  273.57361    27.1241    10.3183 0.0000e+00
 127.440191      3.403    12.9487  32.107593    26.7352      3.373  273.40587  273.57042    26.9685    10.3466 0.0000e+00
 127.440194      3.432    12.9487  32.107593    26.7354      3.402  273.40557  273.57013    27.0619    10.4638 -9.990e-29
 127.440197      3.456    12.9488  32.107593    26.7353      3.425  273.40527  273.56983    27.1085    10.4760 -9.990e-29
 127.440200      3.471    12.9489  32.108982    26.7365      3.440  273.40253  273.56708    27.2019    10.4638 -9.990e-29
 127.440203      3.492    12.9493  32.111008    26.7381      3.461  273.39708  273.56164    27.2019    10.4800 -9.990e-29
 127.440205      3.512    12.9501  32.113614    26.7399      3.481  273.38904  273.55362    27.3576    10.7671 -9.990e-29
 127.440208      3.532    12.9516  32.114829    26.7399      3.501  273.38026  273.54493    27.3731    10.8156 -9.990e-29
 127.440211      3.554    12.9530  32.114887    26.7390      3.522  273.37383  273.53859    27.4665    10.7994 -9.990e-29
 127.440214      3.569    12.9540  32.117029    26.7403      3.537  273.36596  273.53076    27.4354    10.7752 -9.990e-29
 127.440217      3.578    12.9551  32.115060    26.7376      3.546  273.36435  273.52924    42.8595    12.6272 -9.990e-29
 127.440220      3.585    12.9551  32.112629    26.7355      3.553  273.36893  273.53385    42.9373    12.6474 -9.990e-29
 127.440223      3.589    12.9542  32.112398    26.7359      3.557  273.37315  273.53801    42.6883    12.6353 -9.990e-29
 127.440226      3.592    12.9535  32.112803    26.7367      3.560  273.37529  273.54011    42.9840    12.6555 -9.990e-29
 127.440229      3.589    12.9530  32.112629    26.7369      3.557  273.37813  273.54291    42.8906    12.6191 -9.990e-29
 127.440231      3.587    12.9528  32.112224    26.7367      3.555  273.37947  273.54425    48.8050    13.2256 -9.990e-29
 127.440234      3.587    12.9527  32.111993    26.7365      3.555  273.38051  273.54528    48.7117    13.2822 -9.990e-29
 127.440237      3.587    12.9525  32.112398    26.7371      3.555  273.38075  273.54550    48.8206    13.2378 -9.990e-29
 127.440240      3.594    12.9525  32.113845    26.7384      3.562  273.37822  273.54296    48.8050    13.2903 -9.990e-29
 127.440243      3.587    12.9529  32.114829    26.7390      3.555  273.37459  273.53934    40.6650    12.2147 -9.990e-29
 127.440246      3.594    12.9538  32.114655    26.7382      3.562  273.37077  273.53559    40.6027    12.2066 -9.990e-29
