Processed/SBE19plus_01907321_2022_05_10_Cast112_wfilter.cnv
* Sea-Bird SBE19plus  Data File:
* FileName = E:\Prandtl_Daten\2022\CTD\Raw\SBE19plus_01907321_2022_05_10_Cast112.hex
* Software version 2.6.1.12
* Temperature SN = 7321
* Conductivity SN = 7321
* System UpLoad Time = May 10 2022 10:51:13
* <ApplicationData>
* <Seaterm232>
** Messpraktikum 2022
** CTD 09.05  MP3
** NMEA Latitude = 54 03.49 N
** NMEA Longitude = 008 42.83 E
# nquan = 11
# nvalues = 390                         
# units = specified
# name 0 = timeJ: Julian Days
# name 1 = prdM: Pressure, Strain Gauge [db]
# name 2 = tv290C: Temperature [ITS-90, deg C]
# name 3 = c0mS/cm: Conductivity [mS/cm]
# name 4 = sal00: Salinity, Practical [PSU]
# name 5 = depSM: Depth [salt water, m], lat = 54.00
# name 6 = oxsatMm/Kg: Oxygen Saturation, Weiss [umol/kg]
# name 7 = oxsolMm/Kg: Oxygen Saturation, Garcia & Gordon [umol/kg]
# name 8 = turbWETntu0: Turbidity, WET Labs ECO [NTU]
# name 9 = flECO-AFL: Fluorescence, WET Labs ECO-AFL/FL [mg/m^3]
# name 10 = flag:  0.000e+00
# span 0 = 130.448495, 130.449621       
# span 1 =      0.475,      9.523       
# span 2 =    14.3091,    14.3614       
# span 3 =  33.235119,  33.338830       
# span 4 =    26.7980,    26.8951       
# span 5 =      0.470,      9.438       
# span 6 =  265.35932,  265.61637       
# span 7 =  265.59910,  265.85398       
# span 8 =    11.3731,    48.2603       
# span 9 =     7.2936,    14.7501       
# span 10 = 0.0000e+00, 0.0000e+00      
# interval = seconds: 0.25
# start_time = May 10 2022 10:44:35 [Instrument's time stamp, header]
# bad_flag = -9.990e-29
*END*
[from data line 263]
 130.449256      6.666    14.3108  33.262367    26.8296      6.607  265.60171  265.83880    25.2564    11.1634 -9.990e-29
 130.449259      6.685    14.3115  33.262954    26.8297      6.625  265.59793  265.83505    25.3342    11.1755 -9.990e-29
 130.449262      6.699    14.3122  33.263247    26.8294      6.639  265.59431  265.83147    25.7856    11.6365 -9.990e-29
 130.449265      6.718    14.3124  33.263189    26.8292      6.657  265.59348  265.83065    25.7545    11.7497 -9.990e-29
 130.449268      6.738    14.3119  33.263013    26.8294      6.677  265.59598  265.83312    25.8012    11.6850 -9.990e-29
 130.449271      6.763    14.3112  33.261780    26.8296      6.703  265.60116  265.83827    25.8790    11.7295 -9.990e-29
 130.449274      6.790    14.3105  33.262191    26.8301      6.730  265.60333  265.84040    25.6299    11.6648 0.0000e+00
 130.449277      6.823    14.3100  33.262837    26.8301      6.762  265.60418  265.84122    27.1552    11.7133 0.0000e+00
 130.449280      6.853    14.3098  33.262192    26.8303      6.791  265.60620  265.84323    27.2953    11.6365 0.0000e+00
 130.449282      6.887    14.3097  33.262837    26.8301      6.825  265.60579  265.84281    27.2331    11.6527 -9.990e-29
 130.449285      6.911    14.3094  33.262779    26.8309      6.849  265.60716  265.84416    27.3109    11.6244 -9.990e-29
 130.449288      6.935    14.3091  33.261957    26.8303      6.873  265.60946  265.84646    23.8712    10.8318 -9.990e-29
 130.449291      6.964    14.3091  33.262192    26.8305      6.901  265.60909  265.84609    23.6533    10.8358 -9.990e-29
 130.449294      6.980    14.3091  33.262603    26.8309      6.918  265.60843  265.84542    23.8089    10.7752 -9.990e-29
 130.449297      7.000    14.3093  33.263249    26.8313      6.938  265.60676  265.84375    23.9179    10.7631 -9.990e-29
 130.449300      7.019    14.3096  33.261957    26.8300      6.956  265.60762  265.84464    25.0696    11.4505 -9.990e-29
 130.449303      7.033    14.3097  33.264305    26.8320      6.970  265.60316  265.84017    25.1941    11.4303 -9.990e-29
 130.449306      7.053    14.3096  33.264070    26.8318      6.990  265.60418  265.84119    25.3187    11.4505 -9.990e-29
 130.449308      7.077    14.3093  33.263953    26.8308      7.013  265.60565  265.84264    25.2564    11.3898 -9.990e-29
 130.449311      7.106    14.3091  33.262603    26.8313      7.042  265.60850  265.84550    26.6416    11.9964 0.0000e+00
 130.449314      7.133    14.3092  33.263777    26.8310      7.069  265.60628  265.84327    26.7661    11.9236 0.0000e+00
 130.449317      7.166    14.3091  33.262838    26.8318      7.102  265.60815  265.84514    26.6261    11.9317 0.0000e+00
 130.449320      7.193    14.3092  33.264071    26.8321      7.129  265.60584  265.84282    26.7350    11.9195 0.0000e+00
 130.449323      7.224    14.3093  33.264951    26.8325      7.160  265.60410  265.84108    26.6416    11.9276 0.0000e+00
 130.449326      7.254    14.3092  33.265539    26.8328      7.189  265.60347  265.84044    27.0463    11.1472 -9.990e-29
 130.449329      7.277    14.3094  33.267006    26.8345      7.212  265.60045  265.83742    27.0619    11.1391 -9.990e-29
 130.449332      7.299    14.3094  33.268884    26.8362      7.234  265.59707  265.83404    27.2798    11.1715 -9.990e-29
 130.449334      7.321    14.3096  33.268591    26.8358      7.256  265.59694  265.83391    27.1241    11.1796 -9.990e-29
 130.449337      7.336    14.3097  33.271174    26.8380      7.270  265.59209  265.82905    24.5871    11.6324 -9.990e-29
 130.449340      7.356    14.3100  33.272876    26.8393      7.290  265.58837  265.82533    24.5560    11.6931 -9.990e-29
 130.449343      7.376    14.3101  33.273170    26.8395      7.310  265.58727  265.82424    24.8829    11.6446 -9.990e-29
 130.449346      7.400    14.3098  33.272054    26.8383      7.333  265.59037  265.82733    24.6961    11.6567 -9.990e-29
 130.449349      7.427    14.3095  33.271350    26.8375      7.361  265.59280  265.82974    28.2914    12.4695 0.0000e+00
 130.449352      7.454    14.3096  33.269707    26.8367      7.388  265.59519  265.83215    28.1980    12.4129 0.0000e+00
 130.449355      7.485    14.3092  33.269002    26.8366      7.418  265.59793  265.83488    28.0424    12.4735 0.0000e+00
 130.449358      7.511    14.3091  33.268709    26.8364      7.444  265.59906  265.83600    28.1980    12.5099 -9.990e-29
 130.449361      7.536    14.3093  33.268885    26.8380      7.469  265.59784  265.83480    31.3576    12.7687 -9.990e-29
 130.449363      7.564    14.3091  33.270764    26.8380      7.496  265.59572  265.83265    31.4976    12.7202 0.0000e+00
 130.449366      7.591    14.3092  33.271644    26.8380      7.523  265.59367  265.83060    31.2486    12.7121 -9.990e-29
 130.449369      7.615    14.3092  33.273758    26.8406      7.547  265.59022  265.82714    31.3264    12.6959 -9.990e-29
 130.449372      7.633    14.3094  33.273934    26.8406      7.565  265.58900  265.82593    31.4354    12.6676 -9.990e-29
 130.449375      7.655    14.3097  33.274169    26.8406      7.587  265.58769  265.82462    31.8712    12.1460 -9.990e-29
 130.449378      7.675    14.3097  33.275343    26.8416      7.607  265.58577  265.82270    32.1358    12.1298 -9.990e-29
 130.449381      7.693    14.3100  33.277104    26.8430      7.625  265.58133  265.81827    32.1358    12.1500 -9.990e-29
 130.449384      7.714    14.3098  33.278161    26.8440      7.645  265.58055  265.81747    32.0891    12.1905 -9.990e-29
 130.449387      7.739    14.3096  33.280626    26.8464      7.670  265.57747  265.81436    29.8167    12.5463 -9.990e-29
 130.449389      7.763    14.3095  33.281155    26.8476      7.693  265.57694  265.81381    29.7545    12.5867 -9.990e-29
 130.449392      7.792    14.3095  33.281918    26.8475      7.722  265.57570  265.81257    29.9879    12.5544 0.0000e+00
 130.449395      7.823    14.3094  33.281683    26.8474      7.753  265.57642  265.81329    29.9101    12.5625 0.0000e+00
 130.449398      7.849    14.3096  33.281742    26.8474      7.778  265.57571  265.81259    30.8595    12.0408 0.0000e+00
 130.449401      7.878    14.3095  33.280627    26.8474      7.807  265.57787  265.81475    30.7661    12.0085 0.0000e+00
 130.449404      7.907    14.3095  33.282564    26.8472      7.836  265.57471  265.81158    30.7194    11.9964 0.0000e+00
 130.449407      7.932    14.3094  33.282975    26.8481      7.861  265.57468  265.81154    30.7350    11.9802 -9.990e-29
 130.449410      7.956    14.3093  33.283386    26.8490      7.885  265.57434  265.81119    25.8167    11.9802 -9.990e-29
 130.449413      7.976    14.3095  33.283151    26.8486      7.905  265.57379  265.81065    24.8362    11.7578 -9.990e-29
 130.449416      7.994    14.3098  33.284619    26.8497      7.923  265.57014  265.80701    24.9451    11.7214 -9.990e-29
 130.449418      8.016    14.3101  33.285148    26.8500      7.944  265.56803  265.80491    25.1475    11.8063 -9.990e-29
 130.449421      8.035    14.3103  33.286968    26.8515      7.963  265.56443  265.80131    25.1630    11.7740 -9.990e-29
 130.449424      8.054    14.3103  33.288788    26.8525      7.982  265.56146  265.79833    34.4860    13.6623 -9.990e-29
 130.449427      8.084    14.3101  33.287966    26.8516      8.011  265.56346  265.80032    34.5638    13.7230 0.0000e+00
 130.449430      8.115    14.3101  33.285911    26.8506      8.042  265.56684  265.80372    34.6572    13.6866 0.0000e+00
 130.449433      8.142    14.3100  33.283387    26.8485      8.069  265.57162  265.80851    34.6261    13.7028 0.0000e+00
 130.449436      8.173    14.3099  33.281684    26.8485      8.100  265.57474  265.81164    34.7661    12.5382 0.0000e+00
 130.449439      8.204    14.3097  33.285559    26.8505      8.131  265.56904  265.80590    34.7817    12.5625 0.0000e+00
 130.449442      8.231    14.3100  33.288201    26.8516      8.158  265.56379  265.80064    34.7661    12.5908 0.0000e+00
 130.449444      8.261    14.3101  33.292546    26.8527      8.187  265.55606  265.79289    34.7194    12.4695 -9.990e-29
 130.449447      8.284    14.3103  33.295130    26.8586      8.210  265.55090  265.78772    35.7155    12.4412 -9.990e-29
 130.449450      8.305    14.3106  33.293662    26.8571      8.230  265.55206  265.78891    35.8245    12.3886 -9.990e-29
 130.449453      8.321    14.3106  33.292781    26.8563      8.247  265.55351  265.79037    35.7000    12.4412 -9.990e-29
 130.449456      8.339    14.3107  33.295541    26.8587      8.265  265.54869  265.78553    35.7000    12.3846 -9.990e-29
 130.449459      8.359    14.3109  33.297537    26.8603      8.285  265.54449  265.78132    35.8556    12.4129 -9.990e-29
 130.449462      8.380    14.3114  33.302059    26.8663      8.305  265.53521  265.77204    34.8284    13.4036 -9.990e-29
 130.449465      8.407    14.3118  33.304936    26.8659      8.332  265.52862  265.76546    34.7039    13.4440 0.0000e+00
 130.449468      8.438    14.3121  33.304349    26.8656      8.362  265.52835  265.76521    34.7973    13.4036 0.0000e+00
 130.449470      8.465    14.3124  33.303762    26.8656      8.390  265.52807  265.76495    34.7661    13.4844 0.0000e+00
 130.449473      8.494    14.3127  33.306170    26.8668      8.418  265.52320  265.76007    34.5638    12.5787 0.0000e+00
 130.449476      8.526    14.3130  33.308342    26.8677      8.449  265.51809  265.75497    34.4704    12.5787 0.0000e+00
 130.449479      8.551    14.3132  33.307344    26.8685      8.475  265.51911  265.75601    34.4704    12.6191 -9.990e-29
 130.449482      8.575    14.3131  33.308166    26.8683      8.498  265.51809  265.75498    34.6572    12.5787 -9.990e-29
 130.449485      8.600    14.3134  33.310163    26.8698      8.523  265.51358  265.75047    36.1358    12.7849 -9.990e-29
 130.449488      8.620    14.3133  33.310692    26.8703      8.543  265.51304  265.74992    36.0891    12.8213 -9.990e-29
 130.449491      8.639    14.3135  33.310692    26.8702      8.561  265.51242  265.74931    35.9957    12.8213 -9.990e-29
 130.449494      8.655    14.3134  33.311162    26.8707      8.578  265.51198  265.74886    36.0891    12.8294 -9.990e-29
 130.449497      8.673    14.3135  33.311103    26.8706      8.595  265.51177  265.74866    39.7155    13.5653 -9.990e-29
 130.449499      8.697    14.3135  33.311338    26.8708      8.619  265.51140  265.74828    40.1047    13.6098 -9.990e-29
 130.449502      8.724    14.3136  33.312571    26.8718      8.646  265.50908  265.74596    39.9957    13.5613 -9.990e-29
 130.449505      8.748    14.3138  33.312336    26.8714      8.670  265.50854  265.74543    39.9957    13.5572 -9.990e-29
 130.449508      8.777    14.3136  33.312160    26.8712      8.698  265.50947  265.74636    39.9490    13.5491 0.0000e+00
 130.449511      8.808    14.3136  33.311515    26.8709      8.729  265.51086  265.74775    34.4704    13.1286 0.0000e+00
 130.449514      8.835    14.3136  33.311338    26.8709      8.756  265.51117  265.74806    34.4237    13.1165 0.0000e+00
 130.449517      8.864    14.3137  33.312572    26.8712      8.785  265.50854  265.74542    34.5015    13.1812 0.0000e+00
 130.449520      8.893    14.3140  33.312572    26.8717      8.814  265.50730  265.74420    34.4237    13.1245 -9.990e-29
 130.449523      8.917    14.3139  33.312748    26.8717      8.837  265.50765  265.74455    32.8206    12.9830 -9.990e-29
 130.449525      8.941    14.3139  33.313159    26.8721      8.861  265.50699  265.74388    32.6805    12.9871 -9.990e-29
 130.449528      8.963    14.3136  33.312748    26.8718      8.883  265.50862  265.74550    32.7739    13.0235 -9.990e-29
 130.449531      8.981    14.3135  33.312572    26.8718      8.901  265.50955  265.74642    32.7428    12.9426 -9.990e-29
 130.449534      8.994    14.3133  33.312161    26.8715      8.913  265.51086  265.74773    38.9685    13.6907 -9.990e-29
 130.449537      9.018    14.3133  33.309812    26.8694      8.937  265.51472  265.75161    38.9685    13.6907 -9.990e-29
 130.449540      9.039    14.3133  33.310987    26.8707      8.958  265.51312  265.75000    38.8284    13.7351 -9.990e-29
 130.449543      9.065    14.3128  33.310869    26.8709      8.984  265.51521  265.75206    39.0152    13.7270 0.0000e+00
 130.449546      9.098    14.3124  33.310987    26.8711      9.016  265.51661  265.75344    37.0385    13.5815 0.0000e+00
 130.449549      9.125    14.3122  33.311751    26.8719      9.044  265.51632  265.75313    36.9918    13.6098 0.0000e+00
 130.449552      9.153    14.3122  33.312984    26.8725      9.071  265.51432  265.75112    36.8984    13.5572 0.0000e+00
 130.449554      9.180    14.3124  33.314159    26.8730      9.098  265.51147  265.74827    36.9762    13.6543 -9.990e-29
 130.449557      9.204    14.3125  33.313630    26.8733      9.121  265.51203  265.74885    36.9918    13.5936 -9.990e-29
 130.449560      9.229    14.3127  33.317976    26.8771      9.147  265.50430  265.74109    41.7700    13.8322 -9.990e-29
 130.449563      9.255    14.3130  33.320561    26.8791      9.172  265.49852  265.73531    41.7078    13.9292 -9.990e-29
 130.449566      9.273    14.3131  33.319151    26.8778      9.190  265.50052  265.73733    41.6611    13.9333 -9.990e-29
 130.449569      9.293    14.3135  33.320326    26.8786      9.210  265.49704  265.73386    41.8323    13.9414 -9.990e-29
 130.449572      9.308    14.3139  33.321794    26.8796      9.225  265.49276  265.72959    39.9334    13.8484 -9.990e-29
 130.449575      9.328    14.3140  33.323967    26.8815      9.244  265.48890  265.72572    39.9801    13.7917 -9.990e-29
 130.449578      9.350    14.3139  33.328960    26.8875      9.266  265.48105  265.71783    40.1202    13.8807 -9.990e-29
 130.449580      9.377    14.3141  33.330781    26.8880      9.293  265.47745  265.71423    39.8556    13.8160 0.0000e+00
 130.449583      9.405    14.3142  33.331897    26.8875      9.321  265.47501  265.71179    43.7311    13.9939 0.0000e+00
 130.449586      9.432    14.3142  33.330781    26.8883      9.347  265.47686  265.71364    43.7934    14.0546 0.0000e+00
 130.449589      9.461    14.3144  33.331898    26.8883      9.376  265.47442  265.71120    43.9023    14.0829 0.0000e+00
 130.449592      9.487    14.3143  33.332544    26.8886      9.402  265.47369  265.71047    43.9023    14.0344 0.0000e+00
 130.449595      9.518    14.3144  33.332779    26.8889      9.433  265.47301  265.70979    46.2681    14.2123 -9.990e-29
 130.449598      9.512    14.3145  33.333601    26.8897      9.427  265.47135  265.70812    46.4393    14.2365 -9.990e-29
 130.449601      9.514    14.3145  33.327962    26.8846      9.429  265.48027  265.71709    46.1591    14.2163 -9.990e-29
 130.449604      9.519    14.3146  33.328315    26.8849      9.434  265.47938  265.71620    46.3303    14.2244 -9.990e-29
 130.449606      9.521    14.3144  33.333190    26.8894      9.436  265.47234  265.70911    46.1591    14.1678 -9.990e-29
 130.449609      9.518    14.3139  33.338183    26.8942      9.433  265.46605  265.70276    47.5910    14.3417 -9.990e-29
 130.449612      9.520    14.3134  33.338830    26.8951      9.434  265.46719  265.70387    47.9023    14.3579 -9.990e-29
 130.449615      9.518    14.3130  33.338360    26.8950      9.433  265.46984  265.70650    47.8245    14.3902 -9.990e-29
 130.449618      9.520    14.3127  33.336539    26.8936      9.434  265.47408  265.71073    47.8401    14.4347 -9.990e-29
 130.449621      9.523    14.3127  33.336362    26.8934      9.438  265.47437  265.71102    48.2603    14.7501 -9.990e-29
