Processed/SBE19plus_01907321_2022_05_06_Cast55_wfilter.cnv
* Sea-Bird SBE19plus  Data File:
* FileName = E:\Prandtl Daten\2022\CTD\Raw\SBE19plus_01907321_2022_05_06_Cast55.hex
* Software version 2.6.1.12
* Temperature SN = 7321
* Conductivity SN = 7321
* System UpLoad Time = May 06 2022 13:46:39
* <ApplicationData>
* <Seaterm232>
** Messpraktikum 2022
** CTD 06.05 BW2
** NMEA Latitude = 54 07,910 N
** NMEA Longitude = 008 45,080 E
# nquan = 11
# nvalues = 637                         
# units = specified
# name 0 = timeJ: Julian Days
# name 1 = prdM: Pressure, Strain Gauge [db]
# name 2 = tv290C: Temperature [ITS-90, deg C]
# name 3 = c0mS/cm: Conductivity [mS/cm]
# name 4 = sal00: Salinity, Practical [PSU]
# name 5 = depSM: Depth [salt water, m], lat = 54.00
# name 6 = oxsatMm/Kg: Oxygen Saturation, Weiss [umol/kg]
# name 7 = oxsolMm/Kg: Oxygen Saturation, Garcia & Gordon [umol/kg]
# name 8 = turbWETntu0: Turbidity, WET Labs ECO [NTU]
# name 9 = flECO-AFL: Fluorescence, WET Labs ECO-AFL/FL [mg/m^3]
# name 10 = flag:  0.000e+00
# span 0 = 126.568539, 126.570379       
# span 1 =      0.610,     17.300       
# span 2 =    12.3112,    12.5447       
# span 3 =  31.664330,  32.684681       
# span 4 =    26.7253,    27.5566       
# span 5 =      0.604,     17.145       
# span 6 =  274.17950,  276.94415       
# span 7 =  274.31203,  277.07194       
# span 8 =    14.0191,    25.0541       
# span 9 =     6.0967,     8.8949       
# span 10 = 0.0000e+00, 0.0000e+00      
# interval = seconds: 0.25
# start_time = May 06 2022 13:37:28 [Instrument's time stamp, header]
# bad_flag = -9.990e-29
*END*
[from data line 525]
 126.570058     14.406    12.5437  32.662291    27.5353     14.277  274.21417  274.34696    18.3303     6.6911 0.0000e+00
 126.570061     14.432    12.5437  32.663340    27.5361     14.303  274.21231  274.34509    16.9607     6.3434 -9.990e-29
 126.570064     14.454    12.5438  32.665555    27.5391     14.324  274.20805  274.34082    16.8362     6.3272 -9.990e-29
 126.570067     14.476    12.5438  32.666371    27.5398     14.346  274.20629  274.33906    16.8050     6.3878 -9.990e-29
 126.570069     14.496    12.5438  32.667595    27.5410     14.366  274.20412  274.33687    16.9451     6.3191 -9.990e-29
 126.570072     14.512    12.5439  32.667653    27.5410     14.382  274.20371  274.33647    20.2447     6.5091 -9.990e-29
 126.570075     14.534    12.5440  32.668003    27.5412     14.404  274.20279  274.33555    20.2136     6.5294 -9.990e-29
 126.570078     14.558    12.5441  32.668003    27.5413     14.427  274.20218  274.33495    20.2603     6.5091 -9.990e-29
 126.570081     14.589    12.5441  32.668236    27.5410     14.458  274.20178  274.33455    20.1825     6.4606 0.0000e+00
 126.570084     14.620    12.5442  32.667595    27.5407     14.489  274.20264  274.33541    17.4120     6.6911 0.0000e+00
 126.570087     14.651    12.5441  32.667187    27.5405     14.520  274.20370  274.33648    17.3342     6.6062 0.0000e+00
 126.570090     14.691    12.5442  32.667595    27.5403     14.559  274.20269  274.33546    17.2564     6.6668 -9.990e-29
 126.570093     14.716    12.5441  32.666896    27.5391     14.584  274.20427  274.33704    17.1941     6.6385 -9.990e-29
 126.570095     14.744    12.5442  32.665963    27.5391     14.612  274.20564  274.33843    17.2720     6.6668 0.0000e+00
 126.570098     14.773    12.5442  32.664740    27.5391     14.641  274.20785  274.34065    17.1319     6.4849 -9.990e-29
 126.570101     14.796    12.5441  32.662467    27.5359     14.664  274.21255  274.34537    17.1319     6.5455 -9.990e-29
 126.570104     14.822    12.5443  32.662176    27.5355     14.689  274.21215  274.34499    17.0229     6.5900 -9.990e-29
 126.570107     14.838    12.5443  32.661651    27.5349     14.705  274.21279  274.34563    17.1163     6.5172 -9.990e-29
 126.570110     14.856    12.5442  32.663108    27.5364     14.723  274.21082  274.34364    16.0891     6.7073 -9.990e-29
 126.570113     14.878    12.5444  32.662292    27.5355     14.745  274.21136  274.34420    16.1358     6.6507 -9.990e-29
 126.570116     14.906    12.5445  32.656349    27.5299     14.772  274.22169  274.35460    16.0580     6.6749 -9.990e-29
 126.570119     14.931    12.5447  32.652444    27.5267     14.797  274.22775  274.36071    16.1202     6.6830 -9.990e-29
 126.570122     14.964    12.5446  32.653027    27.5272     14.830  274.22736  274.36030    18.1903     6.9580 0.0000e+00
 126.570124     14.995    12.5447  32.654251    27.5267     14.861  274.22457  274.35751    18.2992     6.9863 0.0000e+00
 126.570127     15.024    12.5446  32.649298    27.5234     14.890  274.23407  274.36705    18.2681     6.9661 0.0000e+00
 126.570130     15.055    12.5445  32.649531    27.5234     14.920  274.23398  274.36696    18.1747     6.9701 0.0000e+00
 126.570133     15.084    12.5445  32.651163    27.5249     14.949  274.23108  274.36404    22.0502     6.9095 0.0000e+00
 126.570136     15.110    12.5443  32.650988    27.5249     14.975  274.23204  274.36499    22.0191     6.9782 0.0000e+00
 126.570139     15.139    12.5443  32.650639    27.5249     15.004  274.23268  274.36564    22.1124     6.9620 -9.990e-29
 126.570142     15.157    12.5443  32.651396    27.5253     15.022  274.23165  274.36460    22.0813     6.9297 -9.990e-29
 126.570145     15.181    12.5444  32.655475    27.5290     15.045  274.22375  274.35666    21.8634     6.9620 -9.990e-29
 126.570148     15.199    12.5441  32.657981    27.5316     15.063  274.22084  274.35371    21.1941     7.1602 -9.990e-29
 126.570150     15.221    12.5438  32.660021    27.5336     15.085  274.21815  274.35098    21.2875     7.1602 -9.990e-29
 126.570153     15.243    12.5438  32.660604    27.5348     15.106  274.21743  274.35025    21.1941     7.2249 -9.990e-29
 126.570156     15.270    12.5436  32.661070    27.5360     15.133  274.21755  274.35035    21.3809     7.2289 0.0000e+00
 126.570159     15.301    12.5435  32.663518    27.5371     15.164  274.21351  274.34628    21.4432     6.9620 0.0000e+00
 126.570162     15.329    12.5434  32.665149    27.5387     15.191  274.21092  274.34367    21.5677     6.9742 0.0000e+00
 126.570165     15.358    12.5434  32.665150    27.5387     15.220  274.21125  274.34400    21.5366     7.0308 0.0000e+00
 126.570168     15.389    12.5434  32.665150    27.5387     15.251  274.21127  274.34402    21.5210     6.9903 0.0000e+00
 126.570171     15.422    12.5432  32.668239    27.5417     15.284  274.20640  274.33910    19.9334     6.9499 0.0000e+00
 126.570174     15.449    12.5432  32.670104    27.5429     15.310  274.20308  274.33577    20.1047     6.8852 0.0000e+00
 126.570177     15.476    12.5431  32.669463    27.5429     15.338  274.20456  274.33724    20.1825     6.9539 0.0000e+00
 126.570179     15.506    12.5430  32.669055    27.5427     15.367  274.20593  274.33861    20.0891     6.9337 0.0000e+00
 126.570182     15.531    12.5431  32.670978    27.5426     15.392  274.20188  274.33456    18.7350     7.0429 -9.990e-29
 126.570185     15.555    12.5431  32.671328    27.5446     15.416  274.20127  274.33394    18.7973     7.0550 -9.990e-29
 126.570188     15.571    12.5430  32.672144    27.5454     15.432  274.20045  274.33310    18.8284     7.0753 -9.990e-29
 126.570191     15.595    12.5431  32.672960    27.5467     15.455  274.19869  274.33134    18.7039     7.0469 -9.990e-29
 126.570194     15.622    12.5431  32.673543    27.5472     15.482  274.19767  274.33031    18.7973     7.0146 0.0000e+00
 126.570197     15.648    12.5431  32.674825    27.5478     15.508  274.19508  274.32772    18.5638     6.9014 0.0000e+00
 126.570200     15.677    12.5431  32.674825    27.5478     15.537  274.19510  274.32774    18.5327     6.9095 0.0000e+00
 126.570203     15.707    12.5431  32.674592    27.5476     15.566  274.19585  274.32848    18.4860     6.8529 0.0000e+00
 126.570205     15.738    12.5431  32.674301    27.5473     15.597  274.19639  274.32903    18.5794     6.8973 0.0000e+00
 126.570208     15.765    12.5432  32.673368    27.5464     15.624  274.19745  274.33011    18.9218     6.7801 0.0000e+00
 126.570211     15.796    12.5430  32.673135    27.5463     15.654  274.19883  274.33147    18.8595     6.7437 0.0000e+00
 126.570214     15.821    12.5431  32.672961    27.5462     15.680  274.19884  274.33149    19.0152     6.7275 0.0000e+00
 126.570217     15.851    12.5432  32.671970    27.5461     15.709  274.20001  274.33268    19.0463     6.7841 -9.990e-29
 126.570220     15.874    12.5431  32.670688    27.5439     15.732  274.20263  274.33531    17.1475     6.8812 -9.990e-29
 126.570223     15.896    12.5431  32.670921    27.5441     15.754  274.20223  274.33490    17.1941     6.8852 -9.990e-29
 126.570226     15.917    12.5432  32.671912    27.5449     15.774  274.20016  274.33283    17.1319     6.8569 -9.990e-29
 126.570229     15.938    12.5434  32.671562    27.5445     15.795  274.20017  274.33286    16.9296     6.8933 -9.990e-29
 126.570231     15.962    12.5432  32.671504    27.5421     15.819  274.20092  274.33359    20.0580     7.0308 -9.990e-29
 126.570234     15.987    12.5434  32.669056    27.5431     15.844  274.20438  274.33709    19.9334     6.9863 0.0000e+00
 126.570237     16.015    12.5434  32.671213    27.5441     15.871  274.20054  274.33323    20.1202     7.0065 0.0000e+00
 126.570240     16.049    12.5434  32.671912    27.5447     15.905  274.19962  274.33230    20.0268     6.9701 0.0000e+00
 126.570243     16.082    12.5435  32.671912    27.5448     15.938  274.19902  274.33171    20.2136     6.9661 0.0000e+00
 126.570246     16.108    12.5435  32.672728    27.5454     15.963  274.19758  274.33026    20.4782     7.0631 0.0000e+00
 126.570249     16.140    12.5434  32.672554    27.5454     15.996  274.19854  274.33121    20.4159     7.0672 0.0000e+00
 126.570252     16.171    12.5434  32.673778    27.5454     16.026  274.19606  274.32872    20.5716     7.0469 -9.990e-29
 126.570255     16.195    12.5434  32.674594    27.5472     16.050  274.19461  274.32727    20.4315     7.0227 -9.990e-29
 126.570258     16.219    12.5434  32.676634    27.5491     16.073  274.19129  274.32393    19.5132     6.8933 -9.990e-29
 126.570260     16.240    12.5433  32.677625    27.5501     16.095  274.18985  274.32247    19.4510     6.8326 -9.990e-29
 126.570263     16.259    12.5431  32.677683    27.5503     16.113  274.19069  274.32330    19.3576     6.8771 -9.990e-29
 126.570266     16.281    12.5431  32.678499    27.5511     16.135  274.18925  274.32184    19.4354     6.8286 -9.990e-29
 126.570269     16.303    12.5429  32.679315    27.5519     16.156  274.18843  274.32101    19.9334     6.9337 -9.990e-29
 126.570272     16.324    12.5429  32.679199    27.5523     16.178  274.18865  274.32123    20.0424     6.9620 -9.990e-29
 126.570275     16.353    12.5429  32.679724    27.5520     16.207  274.18773  274.32031    20.0580     6.9782 0.0000e+00
 126.570278     16.383    12.5429  32.679141    27.5517     16.236  274.18879  274.32137    20.1358     7.0106 0.0000e+00
 126.570281     16.414    12.5430  32.678500    27.5517     16.266  274.18965  274.32224    19.0307     6.8245 0.0000e+00
 126.570284     16.441    12.5430  32.679432    27.5511     16.294  274.18800  274.32058    18.9685     6.8205 0.0000e+00
 126.570286     16.470    12.5430  32.677451    27.5501     16.322  274.19156  274.32416    18.9996     6.8488 0.0000e+00
 126.570289     16.503    12.5428  32.676052    27.5495     16.355  274.19502  274.32762    19.1708     6.8245 0.0000e+00
 126.570292     16.530    12.5430  32.678617    27.5489     16.382  274.18952  274.32211    19.0152     6.8003 -9.990e-29
 126.570295     16.552    12.5431  32.677684    27.5502     16.404  274.19089  274.32349    20.1980     6.6143 -9.990e-29
 126.570298     16.580    12.5429  32.678325    27.5509     16.431  274.19038  274.32297    20.0580     6.6224 -9.990e-29
 126.570301     16.596    12.5431  32.677859    27.5504     16.447  274.19060  274.32321    20.1202     6.5698 -9.990e-29
 126.570304     16.616    12.5431  32.677859    27.5503     16.467  274.19030  274.32291    20.1202     6.5981 -9.990e-29
 126.570307     16.636    12.5430  32.678092    27.5506     16.487  274.19052  274.32312    20.8050     6.7518 -9.990e-29
 126.570310     16.660    12.5431  32.678500    27.5505     16.511  274.18919  274.32179    20.7895     6.7639 -9.990e-29
 126.570313     16.689    12.5431  32.678093    27.5508     16.540  274.18993  274.32254    20.7428     6.7356 0.0000e+00
 126.570315     16.722    12.5432  32.678850    27.5505     16.572  274.18829  274.32089    20.6338     6.7032 0.0000e+00
 126.570318     16.757    12.5432  32.677452    27.5511     16.606  274.19081  274.32343    21.1319     7.4190 0.0000e+00
 126.570321     16.788    12.5431  32.679317    27.5516     16.637  274.18781  274.32041    21.1941     7.4715 0.0000e+00
 126.570324     16.821    12.5431  32.679317    27.5516     16.670  274.18814  274.32074    21.3342     7.4634 0.0000e+00
 126.570327     16.853    12.5430  32.680017    27.5523     16.702  274.18723  274.31981    21.1319     7.3947 0.0000e+00
 126.570330     16.884    12.5431  32.680133    27.5523     16.733  274.18673  274.31931    21.5677     7.8799 0.0000e+00
 126.570333     16.912    12.5432  32.680949    27.5524     16.760  274.18466  274.31725    21.6922     7.8516 -9.990e-29
 126.570336     16.936    12.5431  32.681357    27.5535     16.784  274.18457  274.31714    21.5366     7.9163 -9.990e-29
 126.570339     16.954    12.5429  32.683339    27.5554     16.802  274.18167  274.31421    21.7233     7.8840 -9.990e-29
 126.570341     16.972    12.5429  32.682407    27.5546     16.820  274.18366  274.31620    21.7233     7.9285 -9.990e-29
 126.570344     16.990    12.5426  32.683223    27.5555     16.838  274.18315  274.31567    20.0891     7.1966 -9.990e-29
 126.570347     17.012    12.5426  32.682757    27.5551     16.860  274.18431  274.31683    20.1513     7.2330 -9.990e-29
 126.570350     17.038    12.5425  32.683048    27.5555     16.885  274.18412  274.31663    20.3692     7.1966 -9.990e-29
 126.570353     17.063    12.5426  32.683631    27.5559     16.910  274.18278  274.31529    20.3848     7.1844 -9.990e-29
 126.570356     17.096    12.5426  32.683631    27.5561     16.943  274.18280  274.31531    22.1903     7.0308 0.0000e+00
 126.570359     17.129    12.5427  32.684098    27.5559     16.975  274.18136  274.31388    21.8478     7.0672 0.0000e+00
 126.570362     17.160    12.5426  32.683223    27.5560     17.006  274.18326  274.31578    22.1280     7.0308 0.0000e+00
 126.570365     17.191    12.5427  32.683865    27.5558     17.037  274.18182  274.31434    22.0191     7.0146 0.0000e+00
 126.570367     17.222    12.5426  32.683865    27.5560     17.067  274.18247  274.31498    23.6377     7.5524 -9.990e-29
 126.570370     17.245    12.5427  32.683515    27.5557     17.091  274.18248  274.31501    23.6844     7.5079 -9.990e-29
 126.570373     17.260    12.5428  32.682816    27.5550     17.105  274.18343  274.31597    23.8245     7.5403 -9.990e-29
 126.570376     17.284    12.5427  32.683632    27.5558     17.129  274.18230  274.31483    23.6844     7.5241 -9.990e-29
 126.570379     17.300    12.5429  32.684681    27.5566     17.145  274.17950  274.31203    25.0541     7.9527 -9.990e-29
