Processed/SBE19plus_01907321_2022_05_06_Cast40_wfilter.cnv
* Sea-Bird SBE19plus  Data File:
* FileName = E:\Prandtl Daten\2022\CTD\Raw\SBE19plus_01907321_2022_05_06_Cast40.hex
* Software version 2.6.1.12
* Temperature SN = 7321
* Conductivity SN = 7321
* System UpLoad Time = May 06 2022 08:00:24
* <ApplicationData>
* <Seaterm232>
** Messpraktikum 2022
** CTD 06.05 BM
# nquan = 11
# nvalues = 595                         
# units = specified
# name 0 = timeJ: Julian Days
# name 1 = prdM: Pressure, Strain Gauge [db]
# name 2 = tv290C: Temperature [ITS-90, deg C]
# name 3 = c0mS/cm: Conductivity [mS/cm]
# name 4 = sal00: Salinity, Practical [PSU]
# name 5 = depSM: Depth [salt water, m], lat = 54.00
# name 6 = oxsatMm/Kg: Oxygen Saturation, Weiss [umol/kg]
# name 7 = oxsolMm/Kg: Oxygen Saturation, Garcia & Gordon [umol/kg]
# name 8 = turbWETntu0: Turbidity, WET Labs ECO [NTU]
# name 9 = flECO-AFL: Fluorescence, WET Labs ECO-AFL/FL [mg/m^3]
# name 10 = flag:  0.000e+00
# span 0 = 126.328137, 126.329855       
# span 1 =      0.529,     14.637       
# span 2 =    12.7542,    12.8409       
# span 3 =  32.240602,  32.297867       
# span 4 =    26.9810,    26.9942       
# span 5 =      0.524,     14.506       
# span 6 =  273.54611,  274.03441       
# span 7 =  273.70198,  274.18528       
# span 8 =    19.5599,   143.8089       
# span 9 =     7.9244,    21.1552       
# span 10 = 0.0000e+00, 0.0000e+00      
# interval = seconds: 0.25
# start_time = May 06 2022 07:50:49 [Instrument's time stamp, header]
# bad_flag = -9.990e-29
*END*
[from data line 263]
 126.328898      6.884    12.7679  32.249104    26.9927      6.822  273.95592  274.10754    28.0113    10.1565 0.0000e+00
 126.328900      6.917    12.7679  32.249510    26.9930      6.855  273.95522  274.10684    29.6299     9.3801 -9.990e-29
 126.328903      6.939    12.7683  32.248699    26.9921      6.877  273.95510  274.10674    29.5677     9.3114 -9.990e-29
 126.328906      6.970    12.7685  32.248699    26.9921      6.907  273.95417  274.10583    29.4276     9.3559 0.0000e+00
 126.328909      6.995    12.7684  32.248699    26.9921      6.933  273.95482  274.10647    29.6922     9.3033 -9.990e-29
 126.328912      7.019    12.7684  32.249453    26.9929      6.956  273.95350  274.10514    28.3070     9.5985 -9.990e-29
 126.328915      7.045    12.7686  32.249511    26.9928      6.982  273.95246  274.10412    28.6027     9.6227 -9.990e-29
 126.328918      7.059    12.7689  32.249511    26.9926      6.996  273.95121  274.10289    28.6338     9.5904 -9.990e-29
 126.328921      7.076    12.7687  32.249511    26.9927      7.012  273.95185  274.10352    28.3848     9.6470 -9.990e-29
 126.328924      7.103    12.7687  32.250323    26.9934      7.040  273.95043  274.10209    30.7194    10.3506 -9.990e-29
 126.328927      7.121    12.7693  32.251308    26.9931      7.058  273.94618  274.09786    30.8751    10.3102 -9.990e-29
 126.328929      7.149    12.7700  32.250903    26.9931      7.085  273.94376  274.09549    30.8595    10.3425 0.0000e+00
 126.328932      7.180    12.7705  32.251367    26.9931      7.116  273.94075  274.09251    30.7039    10.3223 0.0000e+00
 126.328935      7.205    12.7709  32.251541    26.9930      7.141  273.93888  274.09066    30.7973    10.3506 0.0000e+00
 126.328938      7.238    12.7710  32.250903    26.9926      7.173  273.93939  274.09120    33.1786    10.7186 0.0000e+00
 126.328941      7.267    12.7711  32.250497    26.9923      7.202  273.93982  274.09163    33.4276    10.8116 -9.990e-29
 126.328944      7.291    12.7708  32.250323    26.9923      7.226  273.94140  274.09320    33.3187    10.7792 -9.990e-29
 126.328947      7.318    12.7705  32.250497    26.9923      7.253  273.94269  274.09446    33.3031    10.7267 0.0000e+00
 126.328950      7.344    12.7702  32.250207    26.9923      7.278  273.94448  274.09624    36.9762    11.0623 -9.990e-29
 126.328953      7.361    12.7695  32.250091    26.9926      7.295  273.94754  274.09925    36.7895    11.0340 -9.990e-29
 126.328955      7.379    12.7694  32.250323    26.9928      7.313  273.94746  274.09916    36.7584    11.0704 -9.990e-29
 126.328958      7.393    12.7694  32.251135    26.9936      7.327  273.94634  274.09804    37.0229    11.0946 -9.990e-29
 126.328961      7.411    12.7700  32.251135    26.9932      7.345  273.94383  274.09556    36.5560    11.0946 -9.990e-29
 126.328964      7.431    12.7701  32.250092    26.9922      7.365  273.94506  274.09681    36.4626    11.1068 -9.990e-29
 126.328967      7.453    12.7700  32.247250    26.9897      7.387  273.95073  274.10250    36.5249    11.0785 -9.990e-29
 126.328970      7.481    12.7687  32.246381    26.9902      7.414  273.95797  274.10967    36.3381    11.0906 0.0000e+00
 126.328973      7.510    12.7666  32.245859    26.9907      7.443  273.96807  274.11963    33.8478    11.3130 0.0000e+00
 126.328976      7.539    12.7648  32.247077    26.9931      7.472  273.97382  274.12526    33.6299    11.2442 0.0000e+00
 126.328979      7.565    12.7642  32.247077    26.9931      7.497  273.97668  274.12807    33.8945    11.2402 0.0000e+00
 126.328981      7.596    12.7640  32.246440    26.9934      7.528  273.97846  274.12985    33.8478    11.3494 0.0000e+00
 126.328984      7.621    12.7637  32.245628    26.9931      7.553  273.98149  274.13287    33.8323    11.2928 -9.990e-29
 126.328987      7.645    12.7633  32.245048    26.9923      7.577  273.98411  274.13547    37.9568    11.1957 -9.990e-29
 126.328990      7.667    12.7627  32.245048    26.9927      7.598  273.98697  274.13828    37.9257    11.1512 -9.990e-29
 126.328993      7.685    12.7624  32.245048    26.9929      7.616  273.98824  274.13954    37.8634    11.1876 -9.990e-29
 126.328996      7.703    12.7621  32.244817    26.9929      7.635  273.98993  274.14121    37.8945    11.1998 -9.990e-29
 126.328999      7.721    12.7621  32.244237    26.9923      7.652  273.99097  274.14225    37.4120    11.3494 -9.990e-29
 126.329002      7.742    12.7616  32.243831    26.9914      7.672  273.99391  274.14516    37.3965    11.3898 -9.990e-29
 126.329005      7.767    12.7606  32.242034    26.9922      7.698  274.00152  274.15273    37.5677    11.3777 0.0000e+00
 126.329008      7.793    12.7593  32.242904    26.9931      7.723  274.00568  274.15680    37.4743    11.3736 0.0000e+00
 126.329010      7.822    12.7587  32.243426    26.9937      7.752  274.00762  274.15869    40.9140    10.8641 0.0000e+00
 126.329013      7.853    12.7587  32.243194    26.9937      7.783  274.00773  274.15881    41.1941    10.8439 0.0000e+00
 126.329016      7.882    12.7585  32.243020    26.9937      7.811  274.00901  274.16007    40.9762    10.8035 0.0000e+00
 126.329019      7.908    12.7585  32.242440    26.9937      7.837  274.01005  274.16112    40.8984    10.8965 -9.990e-29
 126.329022      7.931    12.7583  32.242788    26.9936      7.860  274.01040  274.16145    39.0307    10.4881 -9.990e-29
 126.329025      7.960    12.7585  32.242614    26.9933      7.889  274.00978  274.16085    38.9996    10.4719 -9.990e-29
 126.329028      7.984    12.7584  32.242730    26.9935      7.913  274.00990  274.16097    38.9996    10.4557 -9.990e-29
 126.329031      8.004    12.7585  32.243020    26.9937      7.932  274.00909  274.16015    38.8440    10.4638 -9.990e-29
 126.329034      8.022    12.7586  32.242209    26.9929      7.951  274.01022  274.16130    38.7973    10.4517 -9.990e-29
 126.329036      8.042    12.7587  32.243194    26.9937      7.970  274.00817  274.15925    43.6689    11.3292 -9.990e-29
 126.329039      8.059    12.7588  32.243021    26.9935      7.987  274.00786  274.15894    43.7311    11.3130 -9.990e-29
 126.329042      8.082    12.7590  32.242789    26.9931      8.010  274.00734  274.15844    43.6377    11.3130 -9.990e-29
 126.329045      8.106    12.7589  32.243195    26.9937      8.034  274.00727  274.15835    43.6377    11.3292 -9.990e-29
 126.329048      8.137    12.7590  32.243485    26.9937      8.065  274.00614  274.15724    43.7622    11.0663 0.0000e+00
 126.329051      8.165    12.7590  32.243427    26.9936      8.092  274.00626  274.15736    43.8401    11.0663 0.0000e+00
 126.329054      8.192    12.7592  32.243427    26.9935      8.119  274.00533  274.15644    43.7311    11.1432 0.0000e+00
 126.329057      8.219    12.7593  32.243195    26.9935      8.146  274.00545  274.15656    43.7467    11.1351 -9.990e-29
 126.329060      8.241    12.7593  32.243195    26.9932      8.168  274.00546  274.15658    40.3848    10.6296 -9.990e-29
 126.329063      8.269    12.7592  32.243195    26.9932      8.195  274.00579  274.15690    40.5405    10.5770 0.0000e+00
 126.329065      8.294    12.7592  32.243021    26.9932      8.220  274.00612  274.15723    40.3692    10.6094 -9.990e-29
 126.329068      8.313    12.7592  32.242731    26.9928      8.238  274.00696  274.15807    40.4315    10.5690 -9.990e-29
 126.329071      8.335    12.7592  32.242616    26.9927      8.260  274.00718  274.15829    38.3303    10.8722 -9.990e-29
 126.329074      8.353    12.7592  32.243195    26.9933      8.278  274.00616  274.15727    38.5327    10.8641 -9.990e-29
 126.329077      8.371    12.7592  32.243427    26.9934      8.296  274.00545  274.15656    38.4704    10.8682 -9.990e-29
 126.329080      8.395    12.7593  32.243022    26.9932      8.320  274.00587  274.15699    38.5015    10.8318 -9.990e-29
 126.329083      8.422    12.7592  32.243196    26.9934      8.347  274.00589  274.15700    38.4860    10.8278 0.0000e+00
 126.329086      8.448    12.7594  32.243660    26.9932      8.372  274.00446  274.15557    41.1941    11.3251 0.0000e+00
 126.329089      8.479    12.7593  32.243196    26.9931      8.403  274.00561  274.15673    41.1941    11.3332 0.0000e+00
 126.329091      8.504    12.7594  32.243196    26.9930      8.428  274.00500  274.15612    41.1163    11.3009 0.0000e+00
 126.329094      8.533    12.7594  32.243428    26.9930      8.457  274.00461  274.15573    41.2253    11.3292 -9.990e-29
 126.329097      8.557    12.7594  32.242790    26.9929      8.481  274.00607  274.15719    43.8245    10.7792 -9.990e-29
 126.329100      8.584    12.7594  32.243022    26.9929      8.508  274.00567  274.15680    43.9179    10.7469 0.0000e+00
 126.329103      8.610    12.7592  32.243196    26.9929      8.533  274.00601  274.15713    43.8868    10.8278 -9.990e-29
 126.329106      8.628    12.7592  32.243312    26.9932      8.551  274.00582  274.15693    43.9646    10.7954 -9.990e-29
 126.329109      8.648    12.7592  32.243022    26.9929      8.571  274.00635  274.15746    40.6027    11.0744 -9.990e-29
 126.329112      8.670    12.7591  32.243196    26.9932      8.593  274.00668  274.15779    40.7584    11.0138 -9.990e-29
 126.329115      8.687    12.7594  32.243428    26.9932      8.609  274.00470  274.15583    40.5716    11.0016 -9.990e-29
 126.329117      8.709    12.7594  32.243196    26.9930      8.631  274.00545  274.15657    40.5405    11.0340 -9.990e-29
 126.329120      8.736    12.7592  32.243197    26.9931      8.658  274.00641  274.15752    42.9685    11.5637 -9.990e-29
 126.329123      8.760    12.7590  32.243603    26.9928      8.681  274.00634  274.15743    43.2331    11.5677 -9.990e-29
 126.329126      8.791    12.7590  32.242733    26.9928      8.712  274.00790  274.15900    43.1708    11.5354 0.0000e+00
 126.329129      8.816    12.7592  32.243197    26.9928      8.737  274.00646  274.15757    43.1708    11.5475 -9.990e-29
 126.329132      8.838    12.7592  32.243429    26.9933      8.759  274.00575  274.15686    43.0152    11.5758 -9.990e-29
 126.329135      8.864    12.7592  32.243197    26.9931      8.784  274.00649  274.15760    43.0619    11.0865 -9.990e-29
 126.329138      8.889    12.7592  32.242443    26.9923      8.810  274.00753  274.15865    42.9840    11.0340 -9.990e-29
 126.329141      8.915    12.7591  32.242791    26.9927      8.835  274.00756  274.15867    42.6883    11.0259 -9.990e-29
 126.329144      8.933    12.7591  32.243313    26.9932      8.853  274.00665  274.15775    42.9373    11.0623 -9.990e-29
 126.329146      8.955    12.7590  32.243603    26.9935      8.874  274.00646  274.15756    41.8012    11.7618 -9.990e-29
 126.329149      8.975    12.7592  32.243197    26.9930      8.894  274.00656  274.15767    41.9101    11.7497 -9.990e-29
 126.329152      8.995    12.7594  32.243429    26.9931      8.914  274.00522  274.15634    41.8945    11.6931 -9.990e-29
 126.329155      9.017    12.7594  32.243023    26.9931      8.936  274.00595  274.15708    41.9568    11.7901 -9.990e-29
 126.329158      9.044    12.7593  32.243429    26.9931      8.963  274.00557  274.15668    43.2953    11.6486 0.0000e+00
 126.329161      9.071    12.7591  32.243198    26.9931      8.990  274.00694  274.15805    43.3264    11.6486 -9.990e-29
 126.329164      9.095    12.7592  32.243314    26.9926      9.014  274.00644  274.15755    43.5288    11.6244 -9.990e-29
 126.329167      9.126    12.7589  32.242618    26.9931      9.044  274.00864  274.15974    43.3109    11.6082 0.0000e+00
 126.329170      9.157    12.7589  32.243604    26.9928      9.075  274.00691  274.15800    43.6689    10.8965 0.0000e+00
 126.329172      9.184    12.7592  32.243024    26.9932      9.102  274.00669  274.15781    43.6222    10.9248 0.0000e+00
 126.329175      9.210    12.7594  32.242618    26.9928      9.128  274.00680  274.15793    43.6377    10.9410 -9.990e-29
 126.329178      9.234    12.7591  32.243198    26.9930      9.151  274.00705  274.15815    43.6533    10.9086 -9.990e-29
 126.329181      9.254    12.7592  32.242618    26.9924      9.171  274.00746  274.15858    43.4665    10.8965 -9.990e-29
 126.329184      9.276    12.7592  32.243662    26.9934      9.193  274.00594  274.15704    44.1825    11.9114 -9.990e-29
 126.329187      9.294    12.7592  32.243198    26.9929      9.211  274.00645  274.15757    44.2603    11.9559 -9.990e-29
 126.329190      9.309    12.7593  32.243198    26.9928      9.225  274.00615  274.15727    44.1825    11.9276 -9.990e-29
 126.329193      9.332    12.7593  32.243430    26.9930      9.249  274.00575  274.15687    44.4471    11.9155 -9.990e-29
 126.329196      9.352    12.7591  32.243430    26.9927      9.269  274.00671  274.15782    45.3342    12.3037 -9.990e-29
 126.329198      9.378    12.7589  32.242793    26.9929      9.294  274.00849  274.15959    45.2253    12.2916 0.0000e+00
 126.329201      9.407    12.7590  32.243315    26.9930      9.323  274.00727  274.15837    45.3342    12.2996 0.0000e+00
 126.329204      9.435    12.7590  32.243199    26.9930      9.350  274.00749  274.15859    45.3031    12.3158 0.0000e+00
 126.329207      9.462    12.7590  32.243199    26.9930      9.377  274.00751  274.15861    40.8984    11.2321 0.0000e+00
 126.329210      9.493    12.7591  32.243431    26.9930      9.408  274.00680  274.15791    40.8673    11.1351 0.0000e+00
 126.329213      9.520    12.7591  32.242619    26.9928      9.435  274.00826  274.15937    40.8206    11.1876 0.0000e+00
 126.329216      9.551    12.7592  32.243431    26.9924      9.466  274.00621  274.15732    41.0229    11.1351 -9.990e-29
 126.329219      9.573    12.7591  32.242793    26.9925      9.487  274.00798  274.15910    39.3264    10.9410 -9.990e-29
 126.329222      9.595    12.7591  32.243315    26.9930      9.509  274.00707  274.15818    39.4665    10.9369 -9.990e-29
 126.329225      9.613    12.7591  32.243431    26.9931      9.527  274.00688  274.15799    39.3264    10.8965 -9.990e-29
 126.329227      9.630    12.7592  32.243431    26.9930      9.543  274.00658  274.15769    39.4665    10.9652 -9.990e-29
 126.329230      9.649    12.7593  32.242794    26.9923      9.563  274.00709  274.15821    39.3576    10.8965 -9.990e-29
 126.329233      9.668    12.7593  32.243199    26.9927      9.581  274.00638  274.15750    41.2564    12.1177 -9.990e-29
 126.329236      9.691    12.7594  32.243200    26.9928      9.605  274.00608  274.15721    41.1941    12.1015 -9.990e-29
 126.329239      9.721    12.7592  32.243200    26.9928      9.634  274.00705  274.15816    41.2097    12.0570 0.0000e+00
 126.329242      9.750    12.7591  32.243084    26.9928      9.662  274.00759  274.15869    41.2875    12.0408 0.0000e+00
 126.329245      9.779    12.7591  32.243606    26.9930      9.691  274.00668  274.15778    44.0113    11.3979 0.0000e+00
 126.329248      9.812    12.7592  32.243432    26.9930      9.724  274.00669  274.15780    43.8712    11.3939 0.0000e+00
 126.329251      9.837    12.7592  32.243432    26.9930      9.749  274.00671  274.15782    43.7155    11.3656 0.0000e+00
 126.329253      9.865    12.7592  32.243606    26.9930      9.776  274.00610  274.15722    44.0424    11.3656 -9.990e-29
 126.329256      9.888    12.7593  32.243838    26.9932      9.800  274.00539  274.15651    45.1319    11.1755 -9.990e-29
 126.329259      9.908    12.7593  32.243432    26.9928      9.820  274.00613  274.15725    44.9296    11.1674 -9.990e-29
 126.329262      9.927    12.7595  32.243664    26.9929      9.838  274.00478  274.15591    45.2253    11.1998 -9.990e-29
 126.329265      9.943    12.7592  32.243838    26.9933      9.854  274.00574  274.15686    45.1941    11.1553 -9.990e-29
 126.329268      9.960    12.7592  32.243432    26.9929      9.871  274.00647  274.15759    43.6377    12.5301 -9.990e-29
 126.329271      9.980    12.7594  32.243200    26.9919      9.890  274.00595  274.15708    43.6689    12.5018 -9.990e-29
