Processed/SBE19plus_01907321_2022_05_07_Cast59_wfilter.cnv
* Sea-Bird SBE19plus  Data File:
* FileName = E:\Prandtl Daten\2022\CTD\Raw\SBE19plus_01907321_2022_05_07_Cast59.hex
* Software version 2.6.1.12
* Temperature SN = 7321
* Conductivity SN = 7321
* System UpLoad Time = May 07 2022 06:49:28
* <ApplicationData>
* <Seaterm232>
** Messpraktikum 2022
** CTD 07.05 BM
** NMEA Latitude = 54 07.724 N
** NMEA Longitude = 008 47.236 E
# nquan = 11
# nvalues = 511                         
# units = specified
# name 0 = timeJ: Julian Days
# name 1 = prdM: Pressure, Strain Gauge [db]
# name 2 = tv290C: Temperature [ITS-90, deg C]
# name 3 = c0mS/cm: Conductivity [mS/cm]
# name 4 = sal00: Salinity, Practical [PSU]
# name 5 = depSM: Depth [salt water, m], lat = 54.00
# name 6 = oxsatMm/Kg: Oxygen Saturation, Weiss [umol/kg]
# name 7 = oxsolMm/Kg: Oxygen Saturation, Garcia & Gordon [umol/kg]
# name 8 = turbWETntu0: Turbidity, WET Labs ECO [NTU]
# name 9 = flECO-AFL: Fluorescence, WET Labs ECO-AFL/FL [mg/m^3]
# name 10 = flag:  0.000e+00
# span 0 = 127.279323, 127.280799       
# span 1 =      0.571,     14.349       
# span 2 =    13.1563,    13.2724       
# span 3 =  32.576719,  32.651684       
# span 4 =    27.0041,    27.0374       
# span 5 =      0.566,     14.220       
# span 6 =  271.04383,  271.64555       
# span 7 =  271.22389,  271.81886       
# span 8 =    19.5910,   242.3459       
# span 9 =     6.4485,    21.3614       
# span 10 = 0.0000e+00, 0.0000e+00      
# interval = seconds: 0.25
# start_time = May 07 2022 06:40:28 [Instrument's time stamp, header]
# bad_flag = -9.990e-29
*END*
[from data line 394]
 127.280463     11.260    13.1673  32.593943    27.0252     11.159  271.60544  271.77945   153.4899    17.7747 0.0000e+00
 127.280466     11.294    13.1673  32.594293    27.0250     11.193  271.60454  271.77855   153.4587    17.7262 0.0000e+00
 127.280469     11.331    13.1676  32.593711    27.0252     11.229  271.60463  271.77866   153.7233    17.8435 0.0000e+00
 127.280472     11.358    13.1676  32.594701    27.0250     11.256  271.60262  271.77664   153.6611    17.7990 0.0000e+00
 127.280475     11.385    13.1674  32.593769    27.0254     11.283  271.60519  271.77921   153.8478    17.7909 -9.990e-29
 127.280477     11.402    13.1673  32.595516    27.0263     11.300  271.60249  271.77649   148.4159    18.4379 -9.990e-29
 127.280480     11.416    13.1671  32.595341    27.0263     11.314  271.60375  271.77773   148.4471    18.4500 -9.990e-29
 127.280483     11.433    13.1671  32.594701    27.0257     11.331  271.60487  271.77886   148.3848    18.5430 -9.990e-29
 127.280486     11.453    13.1671  32.593769    27.0249     11.350  271.60681  271.78081   148.4159    18.4824 -9.990e-29
 127.280489     11.473    13.1668  32.594119    27.0276     11.370  271.60716  271.78114   152.3537    20.6417 -9.990e-29
 127.280492     11.503    13.1666  32.596390    27.0275     11.399  271.60450  271.77844   152.2603    20.6619 0.0000e+00
 127.280495     11.532    13.1666  32.596157    27.0274     11.428  271.60492  271.77887   152.0891    20.5891 0.0000e+00
 127.280498     11.568    13.1666  32.595517    27.0273     11.465  271.60606  271.78001   152.1513    20.6295 0.0000e+00
 127.280501     11.607    13.1665  32.595983    27.0268     11.503  271.60559  271.77953   156.8206    19.1293 0.0000e+00
 127.280503     11.639    13.1665  32.595109    27.0268     11.535  271.60712  271.78107   156.6961    19.1577 0.0000e+00
 127.280506     11.674    13.1666  32.595517    27.0265     11.569  271.60612  271.78008   156.7272    19.1334 0.0000e+00
 127.280509     11.705    13.1664  32.595110    27.0267     11.600  271.60748  271.78143   156.9451    19.1698 0.0000e+00
 127.280512     11.731    13.1663  32.595750    27.0265     11.625  271.60670  271.78064   161.5833    19.1415 -9.990e-29
 127.280515     11.747    13.1663  32.594935    27.0264     11.642  271.60844  271.78238   161.4587    19.1334 -9.990e-29
 127.280518     11.762    13.1661  32.595983    27.0275     11.656  271.60726  271.78118   161.4743    19.1172 -9.990e-29
 127.280521     11.776    13.1660  32.594935    27.0266     11.671  271.60940  271.78333   161.5677    19.1860 -9.990e-29
 127.280524     11.803    13.1660  32.596100    27.0277     11.698  271.60771  271.78162   161.6455    19.1738 -9.990e-29
 127.280527     11.826    13.1660  32.596566    27.0285     11.720  271.60692  271.78083   159.0619    21.3534 -9.990e-29
 127.280530     11.864    13.1660  32.596973    27.0282     11.757  271.60624  271.78014   159.0152    21.3614 0.0000e+00
 127.280532     11.900    13.1660  32.596391    27.0279     11.794  271.60696  271.78087   158.9218    21.3291 0.0000e+00
 127.280535     11.937    13.1665  32.595693    27.0276     11.830  271.60630  271.78025   159.1552    21.3453 0.0000e+00
 127.280538     11.968    13.1664  32.596391    27.0273     11.860  271.60542  271.77936   160.8517    19.4124 0.0000e+00
 127.280541     11.997    13.1663  32.595984    27.0276     11.889  271.60678  271.78071   160.9451    19.4164 -9.990e-29
 127.280544     12.020    13.1663  32.594936    27.0263     11.913  271.60861  271.78255   160.7895    19.4690 -9.990e-29
 127.280547     12.040    13.1664  32.596100    27.0273     11.932  271.60598  271.77991   160.6961    19.4731 -9.990e-29
 127.280550     12.061    13.1664  32.595344    27.0266     11.952  271.60730  271.78125   166.2214    20.6740 -9.990e-29
 127.280553     12.077    13.1665  32.595751    27.0269     11.969  271.60629  271.78024   166.2214    20.6498 -9.990e-29
 127.280556     12.093    13.1664  32.595518    27.0267     11.985  271.60702  271.78096   166.6261    20.6336 -9.990e-29
 127.280558     12.117    13.1664  32.594179    27.0280     12.009  271.60936  271.78331   166.4393    20.6659 -9.990e-29
 127.280561     12.143    13.1665  32.596974    27.0273     12.034  271.60421  271.77815   163.3576    20.1767 0.0000e+00
 127.280564     12.177    13.1666  32.595519    27.0272     12.068  271.60613  271.78008   163.4198    20.1645 0.0000e+00
 127.280567     12.214    13.1666  32.596159    27.0266     12.104  271.60535  271.77930   163.0930    20.1564 0.0000e+00
 127.280570     12.254    13.1666  32.595519    27.0272     12.144  271.60649  271.78044   163.2486    20.1281 0.0000e+00
 127.280573     12.290    13.1665  32.596800    27.0277     12.180  271.60461  271.77854   163.4510    20.1281 0.0000e+00
 127.280576     12.325    13.1666  32.596800    27.0277     12.215  271.60431  271.77826   169.9257    18.9878 0.0000e+00
 127.280579     12.358    13.1664  32.596800    27.0277     12.247  271.60496  271.77890   169.7545    19.0404 -9.990e-29
 127.280582     12.382    13.1666  32.595519    27.0265     12.271  271.60657  271.78052   169.9724    18.9838 -9.990e-29
 127.280584     12.402    13.1667  32.595519    27.0264     12.291  271.60595  271.77992   169.8634    19.0283 -9.990e-29
 127.280587     12.422    13.1665  32.595112    27.0262     12.310  271.60762  271.78157   186.0657    19.2709 -9.990e-29
 127.280590     12.434    13.1665  32.595112    27.0262     12.323  271.60763  271.78158   186.3303    19.2547 -9.990e-29
 127.280593     12.451    13.1664  32.594937    27.0261     12.340  271.60825  271.78220   186.4237    19.2304 -9.990e-29
 127.280596     12.469    13.1664  32.593714    27.0250     12.358  271.61039  271.78435   186.4860    19.2628 -9.990e-29
 127.280599     12.490    13.1664  32.595345    27.0270     12.378  271.60757  271.78152   186.3770    20.1605 -9.990e-29
 127.280602     12.519    13.1664  32.595986    27.0272     12.406  271.60648  271.78042   186.4548    20.1726 0.0000e+00
 127.280605     12.559    13.1666  32.596568    27.0270     12.446  271.60455  271.77850   186.3926    20.1726 0.0000e+00
 127.280608     12.597    13.1674  32.594938    27.0253     12.484  271.60394  271.77795   186.2992    20.1322 0.0000e+00
 127.280611     12.637    13.1677  32.594938    27.0251     12.524  271.60271  271.77674   192.4626    19.7278 0.0000e+00
 127.280613     12.668    13.1680  32.595112    27.0251     12.555  271.60116  271.77521   192.7584    18.6724 0.0000e+00
 127.280616     12.703    13.1679  32.593307    27.0250     12.589  271.60463  271.77869   192.7428    18.7088 -9.990e-29
 127.280619     12.723    13.1683  32.592783    27.0227     12.609  271.60398  271.77807   192.5871    18.6926 -9.990e-29
 127.280622     12.743    13.1687  32.591270    27.0210     12.629  271.60504  271.77917   192.6338    18.6522 -9.990e-29
 127.280625     12.759    13.1691  32.592492    27.0218     12.645  271.60104  271.77518   187.1397    19.5984 -9.990e-29
 127.280628     12.779    13.1692  32.591270    27.0206     12.665  271.60255  271.77671   186.9840    19.6065 -9.990e-29
 127.280631     12.801    13.1694  32.592201    27.0213     12.687  271.60032  271.77448   187.1552    19.5863 -9.990e-29
 127.280634     12.822    13.1697  32.592667    27.0215     12.707  271.59795  271.77213   187.2642    19.5944 -9.990e-29
 127.280637     12.845    13.1700  32.592667    27.0215     12.730  271.59702  271.77121   185.1475    20.0958 -9.990e-29
 127.280639     12.873    13.1700  32.592900    27.0216     12.757  271.59632  271.77051   185.1786    20.1120 0.0000e+00
 127.280642     12.905    13.1702  32.593191    27.0215     12.790  271.59520  271.76941   184.9762    20.1241 0.0000e+00
 127.280645     12.942    13.1703  32.593075    27.0215     12.826  271.59480  271.76901   185.1008    20.0958 0.0000e+00
 127.280648     12.975    13.1702  32.593075    27.0215     12.858  271.59513  271.76934   191.8089    19.7642 0.0000e+00
 127.280651     13.006    13.1702  32.593308    27.0215     12.889  271.59475  271.76896   191.9179    19.7925 0.0000e+00
 127.280654     13.035    13.1702  32.592959    27.0217     12.918  271.59537  271.76958   191.9646    19.7682 0.0000e+00
 127.280657     13.068    13.1702  32.593891    27.0219     12.951  271.59378  271.76798   191.9334    19.8208 0.0000e+00
 127.280660     13.102    13.1705  32.593716    27.0220     12.985  271.59316  271.76738   192.0268    19.7642 0.0000e+00
 127.280663     13.130    13.1705  32.593891    27.0219     13.012  271.59256  271.76678   186.6883    19.2143 0.0000e+00
 127.280666     13.159    13.1706  32.592959    27.0220     13.041  271.59388  271.76811   186.9685    19.2062 -9.990e-29
 127.280668     13.179    13.1706  32.592086    27.0202     13.060  271.59540  271.76965   186.8595    19.2183 -9.990e-29
 127.280671     13.197    13.1707  32.593891    27.0218     13.079  271.59197  271.76620   186.9373    19.1779 -9.990e-29
 127.280674     13.212    13.1707  32.592086    27.0202     13.093  271.59511  271.76936   188.0891    20.0109 -9.990e-29
 127.280677     13.224    13.1708  32.593775    27.0217     13.106  271.59188  271.76611   188.1513    19.9583 -9.990e-29
 127.280680     13.239    13.1705  32.594299    27.0222     13.120  271.59192  271.76614   187.9646    19.9543 -9.990e-29
 127.280683     13.268    13.1707  32.594299    27.0225     13.149  271.59131  271.76554   187.9957    19.9745 0.0000e+00
 127.280686     13.295    13.1707  32.594939    27.0227     13.176  271.59022  271.76444   190.1124    20.0270 0.0000e+00
 127.280689     13.332    13.1705  32.594707    27.0227     13.212  271.59159  271.76580   190.4860    20.0028 0.0000e+00
 127.280692     13.374    13.1707  32.594532    27.0224     13.254  271.59097  271.76520   190.6261    20.0351 0.0000e+00
 127.280694     13.407    13.1705  32.593309    27.0214     13.287  271.59406  271.76828   190.1903    20.0270 0.0000e+00
 127.280697     13.443    13.1705  32.593077    27.0211     13.322  271.59417  271.76840   184.2914    19.5782 0.0000e+00
 127.280700     13.480    13.1706  32.593077    27.0211     13.359  271.59388  271.76811   184.3537    19.6105 0.0000e+00
 127.280703     13.512    13.1705  32.593193    27.0211     13.391  271.59433  271.76855   183.9957    19.6065 0.0000e+00
 127.280706     13.538    13.1705  32.592902    27.0212     13.417  271.59485  271.76907   184.1202    19.6025 -9.990e-29
 127.280709     13.558    13.1705  32.592902    27.0209     13.436  271.59454  271.76878   183.9646    19.5539 -9.990e-29
 127.280712     13.573    13.1704  32.593310    27.0214     13.451  271.59448  271.76870   185.8634    20.2616 -9.990e-29
 127.280715     13.586    13.1705  32.592961    27.0210     13.464  271.59478  271.76900   185.8167    20.2818 -9.990e-29
 127.280718     13.604    13.1705  32.593077    27.0211     13.482  271.59459  271.76881   185.6144    20.2535 -9.990e-29
 127.280720     13.624    13.1705  32.592262    27.0204     13.502  271.59601  271.77024   185.6455    20.2575 -9.990e-29
 127.280723     13.646    13.1702  32.593077    27.0212     13.523  271.59556  271.76977   194.1903    20.2575 -9.990e-29
 127.280726     13.667    13.1705  32.593776    27.0212     13.545  271.59341  271.76763   194.1591    20.3101 -9.990e-29
 127.280729     13.700    13.1702  32.593077    27.0213     13.577  271.59559  271.76980   194.2681    20.2858 0.0000e+00
 127.280732     13.727    13.1703  32.593310    27.0214     13.604  271.59489  271.76910   193.9879    20.2858 0.0000e+00
 127.280735     13.764    13.1701  32.593893    27.0219     13.641  271.59485  271.76904   198.6572    20.0189 0.0000e+00
 127.280738     13.801    13.1703  32.593951    27.0219     13.677  271.59383  271.76803   198.5482    19.9987 0.0000e+00
 127.280741     13.835    13.1702  32.593485    27.0216     13.711  271.59528  271.76949   198.6261    20.0270 0.0000e+00
 127.280744     13.877    13.1702  32.592903    27.0210     13.753  271.59601  271.77022   198.6727    20.0189 0.0000e+00
 127.280747     13.903    13.1702  32.592496    27.0209     13.778  271.59704  271.77126   203.0619    19.9987 0.0000e+00
 127.280749     13.928    13.1702  32.592379    27.0207     13.804  271.59695  271.77117   202.9685    20.0068 -9.990e-29
 127.280752     13.949    13.1703  32.592263    27.0203     13.824  271.59685  271.77107   202.8595    20.0028 -9.990e-29
 127.280755     13.970    13.1703  32.592263    27.0203     13.845  271.59686  271.77108   202.8751    20.0796 -9.990e-29
 127.280758     13.987    13.1704  32.591040    27.0192     13.861  271.59868  271.77292   203.0307    20.0351 -9.990e-29
 127.280761     14.007    13.1706  32.590633    27.0186     13.881  271.59845  271.77271   215.9334    19.5337 -9.990e-29
 127.280764     14.025    13.1709  32.590283    27.0183     13.900  271.59781  271.77209   215.8712    19.5418 -9.990e-29
 127.280767     14.051    13.1710  32.590633    27.0180     13.925  271.59659  271.77088   215.6533    19.5054 0.0000e+00
 127.280770     14.082    13.1710  32.589992    27.0177     13.956  271.59772  271.77201   215.7622    19.5256 0.0000e+00
 127.280773     14.115    13.1711  32.589993    27.0177     13.989  271.59743  271.77172   213.7078    19.6631 0.0000e+00
 127.280775     14.153    13.1710  32.590284    27.0179     14.027  271.59726  271.77155   213.9412    19.6105 0.0000e+00
 127.280778     14.195    13.1710  32.590226    27.0179     14.068  271.59770  271.77199   213.6922    19.6388 0.0000e+00
 127.280781     14.230    13.1711  32.588188    27.0169     14.102  271.60063  271.77494   213.7389    19.6065 0.0000e+00
 127.280784     14.265    13.1711  32.587373    27.0159     14.137  271.60206  271.77638   227.4043    18.8827 -9.990e-29
 127.280787     14.283    13.1712  32.584578    27.0126     14.155  271.60661  271.78096   227.4354    18.8706 -9.990e-29
 127.280790     14.295    13.1712  32.576719    27.0054     14.167  271.62024  271.79466   227.2486    18.8989 -9.990e-29
 127.280793     14.319    13.1714  32.578582    27.0069     14.191  271.61608  271.79050   227.2953    18.9312 -9.990e-29
 127.280796     14.337    13.1717  32.580212    27.0082     14.209  271.61201  271.78643   242.3459    18.5956 -9.990e-29
 127.280799     14.349    13.1718  32.580678    27.0086     14.220  271.61089  271.78531   242.3303    18.6562 -9.990e-29
