Processed/SBE19plus_01907321_2022_05_05_Cast38_wfilter.cnv
* Sea-Bird SBE19plus  Data File:
* FileName = E:\Prandtl Daten\2022\CTD\Raw\SBE19plus_01907321_2022_05_05_Cast38.hex
* Software version 2.6.1.12
* Temperature SN = 7321
* Conductivity SN = 7321
* System UpLoad Time = May 05 2022 13:49:22
* <ApplicationData>
* <Seaterm232>
** Messpraktikum 2022
** CTD 05.05 BE
# nquan = 11
# nvalues = 752                         
# units = specified
# name 0 = timeJ: Julian Days
# name 1 = prdM: Pressure, Strain Gauge [db]
# name 2 = tv290C: Temperature [ITS-90, deg C]
# name 3 = c0mS/cm: Conductivity [mS/cm]
# name 4 = sal00: Salinity, Practical [PSU]
# name 5 = depSM: Depth [salt water, m], lat = 54.00
# name 6 = oxsatMm/Kg: Oxygen Saturation, Weiss [umol/kg]
# name 7 = oxsolMm/Kg: Oxygen Saturation, Garcia & Gordon [umol/kg]
# name 8 = turbWETntu0: Turbidity, WET Labs ECO [NTU]
# name 9 = flECO-AFL: Fluorescence, WET Labs ECO-AFL/FL [mg/m^3]
# name 10 = flag:  0.000e+00
# span 0 = 125.570573, 125.572746       
# span 1 =      0.597,     18.336       
# span 2 =    12.2978,    12.4649       
# span 3 =  31.983567,  32.095134       
# span 4 =    27.0587,    27.1402       
# span 5 =      0.592,     18.171       
# span 6 =  275.57479,  276.52846       
# span 7 =  275.70790,  276.65154       
# span 8 =    13.7700,    85.5521       
# span 9 =     5.6802,    14.1557       
# span 10 = 0.0000e+00, 0.0000e+00      
# interval = seconds: 0.25
# start_time = May 05 2022 13:40:23 [Instrument's time stamp, header]
# bad_flag = -9.990e-29
*END*
[from data line 656]
 125.572471     15.980    12.3009  31.989000    27.0820     15.837  276.50630  276.62952    64.8829    12.1298 0.0000e+00
 125.572474     16.011    12.3004  31.986630    27.0809     15.868  276.51283  276.63604    64.9607    12.1177 0.0000e+00
 125.572477     16.040    12.2997  31.985590    27.0809     15.897  276.51789  276.64107    65.0852    12.1177 0.0000e+00
 125.572480     16.068    12.2989  31.986168    27.0810     15.924  276.52033  276.64345    55.0774    11.3817 0.0000e+00
 125.572483     16.097    12.2986  31.984954    27.0815     15.953  276.52413  276.64724    55.2331    11.3130 -9.990e-29
 125.572486     16.121    12.2982  31.983567    27.0796     15.976  276.52824  276.65134    55.2331    11.3575 -9.990e-29
 125.572488     16.142    12.2980  31.985186    27.0812     15.998  276.52627  276.64934    55.1708    11.3736 -9.990e-29
 125.572491     16.163    12.2978  31.987151    27.0831     16.018  276.52335  276.64639    55.7311    11.1189 -9.990e-29
 125.572494     16.175    12.2980  31.987556    27.0834     16.030  276.52200  276.64504    55.7622    11.1189 -9.990e-29
 125.572497     16.199    12.2981  31.987556    27.0834     16.054  276.52170  276.64474    55.7622    11.1027 -9.990e-29
 125.572500     16.223    12.2984  31.987960    27.0850     16.077  276.51940  276.64247    55.5910    11.1229 -9.990e-29
 125.572503     16.248    12.2984  31.989579    27.0858     16.103  276.51648  276.63953    46.2369    10.7671 0.0000e+00
 125.572506     16.274    12.2988  31.991602    27.0866     16.128  276.51125  276.63431    46.4548    10.6054 0.0000e+00
 125.572509     16.305    12.2993  31.996516    27.0887     16.159  276.49984  276.62288    46.1591    10.5770 0.0000e+00
 125.572512     16.338    12.3002  31.998597    27.0908     16.191  276.49230  276.61538    46.1903    10.6013 -9.990e-29
 125.572514     16.363    12.3015  32.001834    27.0942     16.217  276.48045  276.60359    46.5327    10.6175 -9.990e-29
 125.572517     16.391    12.3025  32.002644    27.0942     16.244  276.47458  276.59777    43.5755    10.1606 0.0000e+00
 125.572520     16.424    12.3035  32.004610    27.0942     16.276  276.46662  276.58986    43.5443    10.1565 -9.990e-29
 125.572523     16.447    12.3042  32.006402    27.0965     16.300  276.46023  276.58350    43.6222    10.1242 -9.990e-29
 125.572526     16.471    12.3049  32.012241    27.1014     16.323  276.44651  276.56976    43.7622    10.1686 -9.990e-29
 125.572529     16.491    12.3063  32.016231    27.1042     16.343  276.43298  276.55629    47.9490    10.5487 -9.990e-29
 125.572532     16.509    12.3079  32.017445    27.1041     16.361  276.42353  276.54694    47.9646    10.5285 -9.990e-29
 125.572535     16.526    12.3091  32.019469    27.1051     16.377  276.41451  276.53798    47.9646    10.5366 -9.990e-29
 125.572538     16.547    12.3101  32.021262    27.1062     16.399  276.40685  276.53037    48.0268    10.5245 -9.990e-29
 125.572541     16.575    12.3110  32.022129    27.1065     16.426  276.40120  276.52477    45.1319    10.4719 0.0000e+00
 125.572543     16.602    12.3117  32.023286    27.1067     16.453  276.39596  276.51957    45.3654    10.4396 0.0000e+00
 125.572546     16.632    12.3121  32.023459    27.1067     16.482  276.39377  276.51741    45.5210    10.4638 0.0000e+00
 125.572549     16.664    12.3123  32.022650    27.1058     16.515  276.39463  276.51828    45.4432    10.4598 0.0000e+00
 125.572552     16.695    12.3126  32.022881    27.1057     16.546  276.39265  276.51633    47.0930    10.4598 0.0000e+00
 125.572555     16.721    12.3126  32.021493    27.1050     16.571  276.39519  276.51888    52.3381    11.2604 0.0000e+00
 125.572558     16.752    12.3123  32.019238    27.1044     16.602  276.40087  276.52456    52.5093    11.2442 -9.990e-29
 125.572561     16.776    12.3119  32.017446    27.1011     16.625  276.40571  276.52939    52.3381    11.2159 -9.990e-29
 125.572564     16.799    12.3115  32.015653    27.0997     16.649  276.41087  276.53454    52.1980    11.2159 -9.990e-29
 125.572567     16.821    12.3108  32.014034    27.0987     16.670  276.41697  276.54061    57.1475    11.7618 -9.990e-29
 125.572569     16.838    12.3101  32.014266    27.0995     16.687  276.41972  276.54331    57.3031    11.7780 -9.990e-29
 125.572572     16.858    12.3096  32.011433    27.0971     16.707  276.42708  276.55067    57.3342    11.7133 -9.990e-29
 125.572575     16.880    12.3090  32.009120    27.0954     16.728  276.43381  276.55738    57.2253    11.7254 -9.990e-29
 125.572578     16.896    12.3080  32.005651    27.0912     16.745  276.44484  276.56838    58.0035    11.5637 -9.990e-29
 125.572581     16.924    12.3069  32.002992    27.0901     16.772  276.45473  276.57822    57.9568    11.5313 0.0000e+00
 125.572584     16.951    12.3058  31.999812    27.0895     16.799  276.46525  276.58870    58.1436    11.5233 0.0000e+00
 125.572587     16.979    12.3046  31.999408    27.0890     16.826  276.47137  276.59474    58.0035    11.5516 0.0000e+00
 125.572590     17.011    12.3038  31.997385    27.0889     16.859  276.47884  276.60218    53.5677    11.5920 0.0000e+00
 125.572593     17.042    12.3029  31.997212    27.0882     16.890  276.48297  276.60625    53.3342    11.5839 -9.990e-29
 125.572595     17.066    12.3023  31.998426    27.0892     16.913  276.48362  276.60685    53.5210    11.6082 -9.990e-29
 125.572598     17.092    12.3023  31.997385    27.0892     16.938  276.48553  276.60876    53.3342    11.6163 0.0000e+00
 125.572601     17.119    12.3021  31.996229    27.0892     16.966  276.48859  276.61182    53.4276    11.5839 -9.990e-29
 125.572604     17.141    12.3017  31.995593    27.0879     16.987  276.49133  276.61455    54.5949    11.9074 -9.990e-29
 125.572607     17.161    12.3016  31.994842    27.0873     17.007  276.49334  276.61656    54.5638    11.8589 -9.990e-29
 125.572610     17.174    12.3011  31.992992    27.0859     17.019  276.49891  276.62211    54.6727    11.9357 -9.990e-29
 125.572613     17.194    12.3005  31.992010    27.0854     17.040  276.50323  276.62641    54.5794    11.8751 -9.990e-29
 125.572616     17.217    12.3000  31.992183    27.0860     17.063  276.50546  276.62860    57.5988    11.5394 -9.990e-29
 125.572619     17.245    12.2996  31.994785    27.0886     17.090  276.50234  276.62543    57.5366    11.6001 -9.990e-29
 125.572622     17.270    12.3000  31.995594    27.0897     17.115  276.49931  276.62241    57.5677    11.5718 -9.990e-29
 125.572624     17.297    12.3005  31.996577    27.0896     17.142  276.49534  276.61846    57.4743    11.4950 0.0000e+00
 125.572627     17.327    12.3011  31.996808    27.0897     17.171  276.49210  276.61526    57.7233    11.9074 0.0000e+00
 125.572630     17.354    12.3012  31.998427    27.0903     17.198  276.48855  276.61171    57.4587    11.9195 0.0000e+00
 125.572633     17.381    12.3014  31.998022    27.0906     17.225  276.48836  276.61153    57.6766    11.9398 0.0000e+00
 125.572636     17.408    12.3019  31.998600    27.0903     17.252  276.48543  276.60863    57.7233    11.9600 -9.990e-29
 125.572639     17.432    12.3021  31.999236    27.0910     17.276  276.48335  276.60655    59.6533    12.0853 -9.990e-29
 125.572642     17.448    12.3021  31.998832    27.0905     17.292  276.48378  276.60699    59.6377    12.0328 -9.990e-29
 125.572645     17.468    12.3021  31.998832    27.0905     17.312  276.48379  276.60700    59.5443    12.0934 -9.990e-29
 125.572648     17.487    12.3023  31.998022    27.0897     17.330  276.48464  276.60787    59.7622    12.0853 -9.990e-29
 125.572650     17.505    12.3022  31.997213    27.0889     17.348  276.48643  276.60967    59.9023    12.0408 -9.990e-29
 125.572653     17.525    12.3018  31.996808    27.0889     17.368  276.48907  276.61228    61.1786    11.9438 -9.990e-29
 125.572656     17.549    12.3014  31.995999    27.0883     17.391  276.49214  276.61533    61.2875    11.9276 -9.990e-29
 125.572659     17.580    12.3013  31.995826    27.0889     17.422  276.49310  276.61629    61.1319    11.9155 0.0000e+00
 125.572662     17.607    12.3013  31.996982    27.0889     17.449  276.49102  276.61420    61.1008    11.9155 0.0000e+00
 125.572665     17.636    12.3014  31.996578    27.0893     17.478  276.49115  276.61434    56.6183    11.7335 0.0000e+00
 125.572668     17.666    12.3014  31.996982    27.0891     17.507  276.49075  276.61393    56.4315    11.7376 0.0000e+00
 125.572671     17.697    12.3013  31.996347    27.0893     17.538  276.49224  276.61542    56.4004    11.7295 -9.990e-29
 125.572674     17.719    12.3012  31.996404    27.0888     17.560  276.49246  276.61564    56.6027    11.7537 -9.990e-29
 125.572677     17.744    12.3011  31.996231    27.0888     17.585  276.49342  276.61660    57.9257    12.2916 -9.990e-29
 125.572679     17.772    12.3011  31.995017    27.0876     17.612  276.49564  276.61883    57.8634    12.2996 -9.990e-29
 125.572682     17.784    12.3010  31.995364    27.0880     17.625  276.49534  276.61851    57.6455    12.2835 -9.990e-29
 125.572685     17.804    12.3008  31.995827    27.0886     17.645  276.49546  276.61862    57.6455    12.3320 -9.990e-29
 125.572688     17.821    12.3009  31.995191    27.0879     17.661  276.49631  276.61948    60.9296    12.2309 -9.990e-29
 125.572691     17.841    12.3009  31.995364    27.0881     17.681  276.49601  276.61917    60.8362    12.2147 -9.990e-29
 125.572694     17.865    12.3009  31.995827    27.0876     17.705  276.49519  276.61835    60.9607    12.2147 -9.990e-29
 125.572697     17.894    12.3011  31.995018    27.0877     17.734  276.49572  276.61891    60.7895    12.2309 0.0000e+00
 125.572700     17.923    12.3010  31.995191    27.0876     17.762  276.49575  276.61892    61.1630    12.1985 0.0000e+00
 125.572703     17.952    12.3007  31.994787    27.0876     17.791  276.49776  276.62092    61.0074    11.9398 0.0000e+00
 125.572705     17.981    12.3006  31.993399    27.0864     17.820  276.50093  276.62409    60.9762    11.9478 0.0000e+00
 125.572708     18.010    12.3003  31.992417    27.0864     17.849  276.50399  276.62715    60.9607    11.9519 0.0000e+00
 125.572711     18.040    12.3001  31.994209    27.0866     17.878  276.50171  276.62483    60.8362    11.9195 0.0000e+00
 125.572714     18.065    12.3001  31.994382    27.0875     17.903  276.50141  276.62454    61.1163    12.3563 -9.990e-29
 125.572717     18.089    12.3003  31.993400    27.0865     17.927  276.50226  276.62541    60.9607    12.4048 -9.990e-29
 125.572720     18.111    12.3002  31.992995    27.0862     17.948  276.50333  276.62647    60.8673    12.3967 -9.990e-29
 125.572723     18.131    12.3002  31.992822    27.0861     17.968  276.50397  276.62711    60.8829    12.3765 -9.990e-29
 125.572726     18.146    12.3000  31.992706    27.0861     17.983  276.50514  276.62827    67.1085    13.0113 -9.990e-29
 125.572729     18.164    12.2999  31.990567    27.0842     18.001  276.50934  276.63249    67.1085    13.0113 -9.990e-29
 125.572731     18.188    12.2998  31.989989    27.0837     18.024  276.51072  276.63387    67.1241    13.0194 -9.990e-29
 125.572734     18.211    12.2996  31.989990    27.0837     18.048  276.51168  276.63482    67.0774    12.9790 -9.990e-29
 125.572737     18.239    12.2993  31.989585    27.0838     18.075  276.51401  276.63713    85.1008    14.1516 0.0000e+00
 125.572740     18.270    12.2989  31.989412    27.0837     18.106  276.51593  276.63902    85.5521    14.1557 0.0000e+00
 125.572743     18.299    12.2987  31.987793    27.0824     18.135  276.51983  276.64293    85.0696    14.1152 0.0000e+00
 125.572746     18.336    12.2979  31.984961    27.0803     18.171  276.52846  276.65154    85.2564    14.1031 0.0000e+00
