Processed/SBE19plus_01907321_2022_05_05_Cast37_wfilter.cnv
* Sea-Bird SBE19plus  Data File:
* FileName = E:\Prandtl Daten\2022\CTD\Raw\SBE19plus_01907321_2022_05_05_Cast37.hex
* Software version 2.6.1.12
* Temperature SN = 7321
* Conductivity SN = 7321
* System UpLoad Time = May 05 2022 13:26:50
* <ApplicationData>
* <Seaterm232>
** Messpraktikum 2022
** CTD 05.05 BM
# nquan = 11
# nvalues = 646                         
# units = specified
# name 0 = timeJ: Julian Days
# name 1 = prdM: Pressure, Strain Gauge [db]
# name 2 = tv290C: Temperature [ITS-90, deg C]
# name 3 = c0mS/cm: Conductivity [mS/cm]
# name 4 = sal00: Salinity, Practical [PSU]
# name 5 = depSM: Depth [salt water, m], lat = 54.00
# name 6 = oxsatMm/Kg: Oxygen Saturation, Weiss [umol/kg]
# name 7 = oxsolMm/Kg: Oxygen Saturation, Garcia & Gordon [umol/kg]
# name 8 = turbWETntu0: Turbidity, WET Labs ECO [NTU]
# name 9 = flECO-AFL: Fluorescence, WET Labs ECO-AFL/FL [mg/m^3]
# name 10 = flag:  0.000e+00
# span 0 = 125.555029, 125.556895       
# span 1 =      0.557,     16.774       
# span 2 =    12.0105,    12.1096       
# span 3 =  31.762408,  32.126255       
# span 4 =    27.0181,    27.4218       
# span 5 =      0.552,     16.624       
# span 6 =  277.46113,  277.80598       
# span 7 =  277.56660,  277.91693       
# span 8 =    15.2953,    65.9101       
# span 9 =     7.0995,    16.1613       
# span 10 = 0.0000e+00, 0.0000e+00      
# interval = seconds: 0.25
# start_time = May 05 2022 13:17:50 [Instrument's time stamp, header]
# bad_flag = -9.990e-29
*END*
[from data line 132]
 125.555411      3.812    12.0724  31.900710    27.1695      3.778  277.68742  277.79588    17.5210     7.6899 0.0000e+00
 125.555414      3.843    12.0722  31.900710    27.1695      3.809  277.68839  277.79683    17.3809     7.6575 0.0000e+00
 125.555417      3.871    12.0721  31.899728    27.1687      3.836  277.69052  277.79897    16.9918     7.5039 0.0000e+00
 125.555420      3.903    12.0721  31.895744    27.1650      3.869  277.69785  277.80634    16.9140     7.5160 0.0000e+00
 125.555422      3.929    12.0722  31.895744    27.1649      3.894  277.69724  277.80574    17.2408     7.5241 0.0000e+00
 125.555425      3.958    12.0725  31.892107    27.1627      3.923  277.70298  277.81154    17.0541     7.4877 0.0000e+00
 125.555428      3.987    12.0726  31.893724    27.1620      3.952  277.69941  277.80795    17.4276     7.4473 0.0000e+00
 125.555431      4.013    12.0729  31.894128    27.1627      3.977  277.69742  277.80598    17.3187     7.4432 -9.990e-29
 125.555434      4.031    12.0731  31.895514    27.1640      3.995  277.69394  277.80250    17.2564     7.4351 -9.990e-29
 125.555437      4.055    12.0734  31.894128    27.1625      4.018  277.69524  277.80383    17.3342     7.4432 -9.990e-29
 125.555440      4.075    12.0735  31.894763    27.1630      4.038  277.69345  277.80205    17.3654     7.3947 -9.990e-29
 125.555443      4.100    12.0735  31.895341    27.1646      4.063  277.69241  277.80101    17.3965     7.3704 -9.990e-29
 125.555446      4.131    12.0733  31.896322    27.1652      4.094  277.69158  277.80015    17.2720     7.3664 0.0000e+00
 125.555448      4.159    12.0734  31.897535    27.1657      4.121  277.68906  277.79762    17.4276     7.3745 0.0000e+00
 125.555451      4.191    12.0736  31.897708    27.1657      4.154  277.68782  277.79639    17.2875     7.3664 0.0000e+00
 125.555454      4.220    12.0738  31.900711    27.1683      4.183  277.68138  277.78994    17.6766     7.5767 0.0000e+00
 125.555457      4.250    12.0736  31.902905    27.1705      4.212  277.67833  277.78684    17.7545     7.5767 0.0000e+00
 125.555460      4.277    12.0737  31.908102    27.1753      4.239  277.66818  277.77666    17.7389     7.5767 0.0000e+00
 125.555463      4.305    12.0736  31.913935    27.1781      4.266  277.65814  277.76654    17.8478     7.5767 0.0000e+00
 125.555466      4.332    12.0733  31.917111    27.1809      4.293  277.65359  277.76194    17.8790     7.4554 -9.990e-29
 125.555469      4.352    12.0732  31.922078    27.1889      4.313  277.64513  277.75341    17.7389     7.4109 -9.990e-29
 125.555472      4.374    12.0729  31.925313    27.1920      4.335  277.64016  277.74839    17.8323     7.4715 -9.990e-29
 125.555475      4.390    12.0728  31.928490    27.1951      4.351  277.63498  277.74317    17.7856     7.4190 -9.990e-29
 125.555477      4.407    12.0727  31.929299    27.1959      4.368  277.63382  277.74200    17.0229     7.3583 -9.990e-29
 125.555480      4.429    12.0726  31.928490    27.1910      4.389  277.63595  277.74413    17.0852     7.3543 -9.990e-29
 125.555483      4.455    12.0726  31.923927    27.1916      4.415  277.64433  277.75256    16.8984     7.3745 0.0000e+00
 125.555486      4.484    12.0726  31.925198    27.1922      4.444  277.64202  277.75024    17.2253     7.3664 0.0000e+00
 125.555489      4.515    12.0727  31.927682    27.1944      4.475  277.63686  277.74505    18.4548     7.5403 0.0000e+00
 125.555492      4.546    12.0728  31.929877    27.1964      4.505  277.63254  277.74072    18.4860     7.6090 0.0000e+00
 125.555495      4.579    12.0729  31.932880    27.1992      4.538  277.62674  277.73489    18.5794     7.5726 0.0000e+00
 125.555498      4.612    12.0727  31.936520    27.2027      4.571  277.62103  277.72913    18.5171     7.5484 0.0000e+00
 125.555501      4.643    12.0727  31.939697    27.2057      4.601  277.61523  277.72329    18.3926     7.5605 0.0000e+00
 125.555503      4.672    12.0725  31.940910    27.2064      4.630  277.61397  277.72200    18.4548     7.7344 0.0000e+00
 125.555506      4.701    12.0724  31.942528    27.2070      4.659  277.61134  277.71935    18.2525     7.7465 -9.990e-29
 125.555509      4.721    12.0723  31.942124    27.2082      4.679  277.61241  277.72042    18.3615     7.7586 -9.990e-29
 125.555512      4.738    12.0722  31.946514    27.2124      4.695  277.60468  277.71264    18.4082     7.7708 -9.990e-29
 125.555515      4.760    12.0721  31.948710    27.2146      4.717  277.60130  277.70923    17.5210     7.6575 -9.990e-29
 125.555518      4.783    12.0720  31.951310    27.2184      4.740  277.59718  277.70507    17.5988     7.6252 -9.990e-29
 125.555521      4.809    12.0718  31.952523    27.2213      4.766  277.59592  277.70378    17.5210     7.6535 0.0000e+00
 125.555524      4.838    12.0715  31.958533    27.2242      4.795  277.58618  277.69396    17.5677     7.6252 0.0000e+00
 125.555527      4.867    12.0712  31.960844    27.2266      4.824  277.58322  277.69096    18.2836     7.8395 0.0000e+00
 125.555530      4.896    12.0709  31.964311    27.2301      4.852  277.57815  277.68583    18.3303     7.8112 0.0000e+00
 125.555532      4.927    12.0706  31.965525    27.2314      4.883  277.57720  277.68485    18.3926     7.8314 0.0000e+00
 125.555535      4.954    12.0704  31.966103    27.2321      4.910  277.57742  277.68504    18.2992     7.8597 0.0000e+00
 125.555538      4.980    12.0704  31.968126    27.2330      4.935  277.57342  277.68102    18.7194     7.7425 0.0000e+00
 125.555541      5.011    12.0705  31.969108    27.2340      4.966  277.57132  277.67892    18.8595     7.7748 -9.990e-29
 125.555544      5.034    12.0705  31.970148    27.2358      4.989  277.56943  277.67702    18.7661     7.8233 -9.990e-29
 125.555547      5.052    12.0704  31.971536    27.2372      5.007  277.56721  277.67478    18.9062     7.7505 -9.990e-29
 125.555550      5.074    12.0704  31.970322    27.2360      5.029  277.56945  277.67703    18.7661     7.7505 -9.990e-29
 125.555553      5.091    12.0703  31.970149    27.2359      5.045  277.57041  277.67799    19.2953     7.7586 -9.990e-29
 125.555556      5.116    12.0704  31.969109    27.2349      5.071  277.57202  277.67961    19.1552     7.7425 -9.990e-29
 125.555558      5.136    12.0704  31.966913    27.2330      5.090  277.57575  277.68336    19.3731     7.7384 -9.990e-29
 125.555561      5.165    12.0704  31.967144    27.2321      5.119  277.57566  277.68327    19.1708     7.7748 0.0000e+00
 125.555564      5.195    12.0704  31.965237    27.2312      5.148  277.57917  277.68681    17.8790     7.6899 0.0000e+00
 125.555567      5.224    12.0704  31.964717    27.2309      5.177  277.58015  277.68779    17.9257     7.7101 0.0000e+00
 125.555570      5.259    12.0704  31.964948    27.2309      5.212  277.57975  277.68738    17.7856     7.7101 0.0000e+00
 125.555573      5.290    12.0704  31.966509    27.2324      5.242  277.57691  277.68453    17.6922     7.6939 0.0000e+00
 125.555576      5.321    12.0704  31.968531    27.2343      5.273  277.57322  277.68082    18.8284     7.6939 0.0000e+00
 125.555579      5.350    12.0704  31.969918    27.2349      5.302  277.57038  277.67797    18.4860     7.6899 0.0000e+00
 125.555582      5.376    12.0704  31.972346    27.2355      5.328  277.56595  277.67351    18.5482     7.7101 -9.990e-29
 125.555584      5.400    12.0703  31.974542    27.2400      5.351  277.56257  277.67009    18.3926     7.7425 -9.990e-29
 125.555587      5.418    12.0702  31.977547    27.2429      5.369  277.55770  277.66518    18.0346     7.8314 -9.990e-29
 125.555590      5.434    12.0699  31.981131    27.2465      5.386  277.55240  277.65983    18.0657     7.8355 -9.990e-29
 125.555593      5.460    12.0698  31.982980    27.2483      5.411  277.54934  277.65674    18.1280     7.8193 -9.990e-29
 125.555596      5.478    12.0697  31.984946    27.2505      5.429  277.54638  277.65375    18.1280     7.8435 -9.990e-29
 125.555599      5.507    12.0693  31.984946    27.2512      5.458  277.54797  277.65532    18.1903     7.8435 0.0000e+00
 125.555602      5.533    12.0691  31.986391    27.2506      5.483  277.54628  277.65360    18.7506     7.7586 0.0000e+00
 125.555605      5.560    12.0690  31.984946    27.2520      5.510  277.54927  277.65660    18.9218     7.7667 0.0000e+00
 125.555608      5.591    12.0690  31.986564    27.2522      5.541  277.54664  277.65394    18.7350     7.7586 0.0000e+00
 125.555611      5.620    12.0690  31.987547    27.2526      5.570  277.54485  277.65215    18.8595     7.7344 0.0000e+00
 125.555613      5.650    12.0689  31.987779    27.2531      5.599  277.54477  277.65205    18.6261     7.5524 -9.990e-29
 125.555616      5.675    12.0687  31.987143    27.2529      5.624  277.54689  277.65418    18.3770     7.5605 -9.990e-29
 125.555619      5.704    12.0687  31.987952    27.2537      5.653  277.54543  277.65270    18.4393     7.5767 -9.990e-29
 125.555622      5.728    12.0686  31.987548    27.2533      5.677  277.54650  277.65378    18.5327     7.5524 -9.990e-29
 125.555625      5.748    12.0686  31.987374    27.2532      5.697  277.54683  277.65411    17.9879     7.7748 -9.990e-29
 125.555628      5.764    12.0687  31.987952    27.2537      5.713  277.54547  277.65274    17.8634     7.7344 -9.990e-29
 125.555631      5.784    12.0685  31.987143    27.2530      5.733  277.54760  277.65487    17.8790     7.7384 -9.990e-29
 125.555634      5.806    12.0685  31.986970    27.2529      5.754  277.54825  277.65552    17.7700     7.7748 -9.990e-29
 125.555637      5.830    12.0685  31.985640    27.2491      5.778  277.55038  277.65767    19.8556     7.6009 -9.990e-29
 125.555639      5.861    12.0687  31.983155    27.2494      5.808  277.55433  277.66166    19.5288     7.5605 0.0000e+00
 125.555642      5.892    12.0687  31.983791    27.2496      5.839  277.55319  277.66051    19.8245     7.5888 0.0000e+00
 125.555645      5.923    12.0688  31.983791    27.2496      5.870  277.55289  277.66022    20.0268     7.5767 0.0000e+00
 125.555648      5.956    12.0689  31.982577    27.2485      5.902  277.55451  277.66186    19.7155     7.5524 0.0000e+00
 125.555651      5.989    12.0688  31.982577    27.2484      5.935  277.55516  277.66250    18.0191     7.7829 0.0000e+00
 125.555654      6.018    12.0688  31.982578    27.2484      5.964  277.55518  277.66252    18.1280     7.7425 0.0000e+00
 125.555657      6.050    12.0686  31.980959    27.2470      5.996  277.55880  277.66615    18.0657     7.7465 0.0000e+00
 125.555660      6.080    12.0686  31.979977    27.2465      6.025  277.56063  277.66798    18.1903     7.7788 0.0000e+00
 125.555663      6.109    12.0686  31.976972    27.2461      6.054  277.56616  277.67355    18.5327     7.5807 -9.990e-29
 125.555666      6.125    12.0686  31.971770    27.2383      6.070  277.57571  277.68315    18.6105     7.5605 -9.990e-29
 125.555668      6.147    12.0688  31.965933    27.2327      6.092  277.58548  277.69300    18.3459     7.5848 -9.990e-29
 125.555671      6.169    12.0692  31.965760    27.2312      6.114  277.58424  277.69179    18.4860     7.5848 -9.990e-29
 125.555674      6.194    12.0694  31.964836    27.2312      6.139  277.58501  277.69258    19.0463     7.7950 0.0000e+00
 125.555677      6.222    12.0696  31.965356    27.2312      6.166  277.58312  277.69071    19.0774     7.7586 -9.990e-29
 125.555680      6.245    12.0698  31.966512    27.2327      6.190  277.58008  277.68766    19.1552     7.7748 -9.990e-29
 125.555683      6.273    12.0698  31.966743    27.2331      6.217  277.57967  277.68725    19.1708     7.7061 0.0000e+00
 125.555686      6.306    12.0699  31.967725    27.2333      6.249  277.57726  277.68484    18.3148     7.6656 0.0000e+00
 125.555689      6.331    12.0700  31.967552    27.2335      6.274  277.57728  277.68487    17.8012     7.6292 0.0000e+00
 125.555692      6.358    12.0700  31.968361    27.2337      6.302  277.57581  277.68339    18.0969     7.6373 0.0000e+00
 125.555694      6.386    12.0701  31.967552    27.2340      6.329  277.57700  277.68459    18.1280     7.6050 -9.990e-29
 125.555697      6.411    12.0702  31.965934    27.2316      6.354  277.57936  277.68697    18.1747     7.6656 -9.990e-29
 125.555700      6.430    12.0702  31.965761    27.2314      6.372  277.57969  277.68731    18.8284     7.6535 -9.990e-29
 125.555703      6.446    12.0700  31.966108    27.2319      6.389  277.58001  277.68761    18.7194     7.6454 -9.990e-29
 125.555706      6.466    12.0699  31.966108    27.2319      6.408  277.58034  277.68793    18.7506     7.6535 -9.990e-29
 125.555709      6.484    12.0699  31.966339    27.2322      6.427  277.58024  277.68783    18.5482     7.6252 -9.990e-29
 125.555712      6.506    12.0697  31.967495    27.2348      6.448  277.57877  277.68633    18.7350     7.6737 -9.990e-29
 125.555715      6.534    12.0696  31.968940    27.2350      6.476  277.57676  277.68431    18.5015     7.6252 0.0000e+00
 125.555718      6.559    12.0695  31.969344    27.2352      6.501  277.57636  277.68389    18.5482     7.6333 0.0000e+00
 125.555720      6.594    12.0695  31.970962    27.2368      6.535  277.57373  277.68124    18.3770     7.6131 0.0000e+00
 125.555723      6.621    12.0693  31.971540    27.2371      6.562  277.57332  277.68081    18.0657     7.6171 0.0000e+00
 125.555726      6.655    12.0695  31.971772    27.2374      6.595  277.57197  277.67948    18.1280     7.6535 -9.990e-29
 125.555729      6.680    12.0695  31.972119    27.2378      6.620  277.57135  277.67886    18.0502     7.6333 -9.990e-29
 125.555732      6.711    12.0694  31.971367    27.2372      6.651  277.57338  277.68088    18.0813     7.6090 -9.990e-29
 125.555735      6.735    12.0693  31.971772    27.2376      6.675  277.57297  277.68046    18.7817     7.6858 -9.990e-29
 125.555738      6.756    12.0692  31.971367    27.2373      6.696  277.57436  277.68184    18.7817     7.7222 -9.990e-29
 125.555741      6.775    12.0691  31.973737    27.2396      6.714  277.57034  277.67780    18.7194     7.7020 -9.990e-29
 125.555744      6.791    12.0690  31.975124    27.2410      6.731  277.56812  277.67556    18.9218     7.6818 -9.990e-29
 125.555747      6.810    12.0688  31.977378    27.2432      6.749  277.56494  277.67235    18.7039     7.6616 -9.990e-29
 125.555749      6.824    12.0685  31.978014    27.2440      6.763  277.56505  277.67242    18.5949     7.4918 -9.990e-29
 125.555752      6.848    12.0683  31.978534    27.2456      6.787  277.56537  277.67272    18.5482     7.4998 -9.990e-29
 125.555755      6.877    12.0681  31.979344    27.2462      6.815  277.56485  277.67218    18.5638     7.4715 0.0000e+00
 125.555758      6.904    12.0679  31.980384    27.2458      6.842  277.56359  277.67090    18.4237     7.4958 0.0000e+00
 125.555761      6.930    12.0678  31.979344    27.2467      6.868  277.56615  277.67346    17.9879     7.9123 0.0000e+00
 125.555764      6.959    12.0676  31.981540    27.2480      6.897  277.56309  277.67036    18.1280     7.9082 0.0000e+00
 125.555767      6.987    12.0674  31.981945    27.2485      6.924  277.56299  277.67025    18.1436     7.8921 0.0000e+00
 125.555770      7.016    12.0674  31.983159    27.2496      6.953  277.56079  277.66803    17.9879     7.9163 0.0000e+00
 125.555773      7.047    12.0671  31.983390    27.2499      6.983  277.56196  277.66917    19.0307     7.6858 0.0000e+00
 125.555775      7.074    12.0670  31.983390    27.2501      7.011  277.56229  277.66950    19.1864     7.7061 -9.990e-29
 125.555778      7.096    12.0671  31.983390    27.2501      7.032  277.56199  277.66921    19.3576     7.6899 -9.990e-29
 125.555781      7.118    12.0670  31.983159    27.2499      7.054  277.56275  277.66996    19.2331     7.7142 -9.990e-29
 125.555784      7.140    12.0671  31.982581    27.2493      7.076  277.56351  277.67073    18.7661     7.5403 -9.990e-29
