Processed/SBE19plus_01907321_2022_05_06_Cast55_wfilter.cnv
* Sea-Bird SBE19plus  Data File:
* FileName = E:\Prandtl Daten\2022\CTD\Raw\SBE19plus_01907321_2022_05_06_Cast55.hex
* Software version 2.6.1.12
* Temperature SN = 7321
* Conductivity SN = 7321
* System UpLoad Time = May 06 2022 13:46:39
* <ApplicationData>
* <Seaterm232>
** Messpraktikum 2022
** CTD 06.05 BW2
** NMEA Latitude = 54 07,910 N
** NMEA Longitude = 008 45,080 E
# nquan = 11
# nvalues = 637                         
# units = specified
# name 0 = timeJ: Julian Days
# name 1 = prdM: Pressure, Strain Gauge [db]
# name 2 = tv290C: Temperature [ITS-90, deg C]
# name 3 = c0mS/cm: Conductivity [mS/cm]
# name 4 = sal00: Salinity, Practical [PSU]
# name 5 = depSM: Depth [salt water, m], lat = 54.00
# name 6 = oxsatMm/Kg: Oxygen Saturation, Weiss [umol/kg]
# name 7 = oxsolMm/Kg: Oxygen Saturation, Garcia & Gordon [umol/kg]
# name 8 = turbWETntu0: Turbidity, WET Labs ECO [NTU]
# name 9 = flECO-AFL: Fluorescence, WET Labs ECO-AFL/FL [mg/m^3]
# name 10 = flag:  0.000e+00
# span 0 = 126.568539, 126.570379       
# span 1 =      0.610,     17.300       
# span 2 =    12.3112,    12.5447       
# span 3 =  31.664330,  32.684681       
# span 4 =    26.7253,    27.5566       
# span 5 =      0.604,     17.145       
# span 6 =  274.17950,  276.94415       
# span 7 =  274.31203,  277.07194       
# span 8 =    14.0191,    25.0541       
# span 9 =     6.0967,     8.8949       
# span 10 = 0.0000e+00, 0.0000e+00      
# interval = seconds: 0.25
# start_time = May 06 2022 13:37:28 [Instrument's time stamp, header]
# bad_flag = -9.990e-29
*END*
[from data line 132]
 126.568921      4.017    12.3403  31.845212    26.9236      3.981  276.58191  276.70921    16.0113     7.8719 -9.990e-29
 126.568924      4.044    12.3405  31.844808    26.9234      4.008  276.58170  276.70903    15.9334     7.7991 0.0000e+00
 126.568927      4.077    12.3408  31.844577    26.9235      4.040  276.58088  276.70822    16.6805     7.9810 0.0000e+00
 126.568929      4.109    12.3408  31.844981    26.9232      4.073  276.58017  276.70751    16.4938     8.0215 0.0000e+00
 126.568932      4.140    12.3411  31.842615    26.9211      4.103  276.58288  276.71028    16.5560     7.9851 0.0000e+00
 126.568935      4.172    12.3410  31.839615    26.9183      4.134  276.58897  276.71638    16.5249     8.0012 0.0000e+00
 126.568938      4.203    12.3408  31.835634    26.9147      4.165  276.59683  276.72427    16.6961     8.0134 0.0000e+00
 126.568941      4.232    12.3404  31.833846    26.9140      4.194  276.60199  276.72942    15.5910     7.6616 0.0000e+00
 126.568944      4.258    12.3400  31.832000    26.9133      4.219  276.60724  276.73467    15.4665     7.7222 -9.990e-29
 126.568947      4.278    12.3398  31.831077    26.9112      4.240  276.60988  276.73730    15.6066     7.7222 -9.990e-29
 126.568950      4.298    12.3398  31.829634    26.9098      4.259  276.61250  276.73994    15.4510     7.7061 -9.990e-29
 126.568953      4.318    12.3398  31.828481    26.9087      4.279  276.61429  276.74174    15.1552     7.6939 -9.990e-29
 126.568955      4.338    12.3399  31.827673    26.9090      4.299  276.61545  276.74291    15.1397     7.6899 -9.990e-29
 126.568958      4.363    12.3400  31.828885    26.9098      4.324  276.61295  276.74041    15.0930     7.7020 0.0000e+00
 126.568961      4.393    12.3404  31.831077    26.9107      4.353  276.60710  276.73457    14.9996     7.6939 0.0000e+00
 126.568964      4.425    12.3409  31.832058    26.9112      4.386  276.60313  276.73062    15.7622     7.6252 0.0000e+00
 126.568967      4.460    12.3416  31.833269    26.9119      4.420  276.59779  276.72531    15.4198     7.5686 0.0000e+00
 126.568970      4.497    12.3420  31.835462    26.9120      4.456  276.59227  276.71979    15.4510     7.5281 0.0000e+00
 126.568973      4.522    12.3426  31.834250    26.9125      4.482  276.59162  276.71920    15.5599     7.5605 0.0000e+00
 126.568976      4.551    12.3430  31.835058    26.9121      4.511  276.58828  276.71588    15.7155     7.2977 0.0000e+00
 126.568979      4.577    12.3432  31.834827    26.9123      4.536  276.58776  276.71538    15.7155     7.3017 0.0000e+00
 126.568981      4.604    12.3435  31.836443    26.9121      4.563  276.58359  276.71121    15.7934     7.3704 -9.990e-29
 126.568984      4.628    12.3439  31.836616    26.9133      4.586  276.58171  276.70935    15.4976     7.2815 -9.990e-29
 126.568987      4.644    12.3444  31.839616    26.9157      4.603  276.57375  276.70140    15.7000     7.3421 -9.990e-29
 126.568990      4.662    12.3449  31.847002    26.9222      4.621  276.55818  276.68579    16.2603     7.6131 -9.990e-29
 126.568993      4.684    12.3460  31.859986    26.9336      4.642  276.52996  276.65750    16.4938     7.5686 -9.990e-29
 126.568996      4.713    12.3476  31.869163    26.9410      4.671  276.50609  276.63365    16.2759     7.5767 -9.990e-29
 126.568999      4.737    12.3496  31.870952    26.9420      4.695  276.49400  276.62167    16.2292     7.5848 -9.990e-29
 126.569002      4.766    12.3509  31.872742    26.9464      4.724  276.48477  276.61251    16.0268     7.4756 0.0000e+00
 126.569005      4.796    12.3522  31.883305    26.9509      4.753  276.45998  276.58770    15.9801     7.4998 0.0000e+00
 126.569008      4.827    12.3534  31.887520    26.9540      4.784  276.44700  276.57476    16.3226     7.4998 0.0000e+00
 126.569010      4.861    12.3546  31.902878    26.9607      4.818  276.41355  276.54124    16.0113     7.4796 0.0000e+00
 126.569013      4.889    12.3566  31.905476    26.9674      4.845  276.40001  276.52780    16.9762     7.5524 -9.990e-29
 126.569016      4.914    12.3586  31.916102    26.9875      4.870  276.37195  276.49977    17.0541     7.5524 -9.990e-29
 126.569019      4.945    12.3602  31.928693    26.9875      4.901  276.34225  276.47005    16.8517     7.5928 0.0000e+00
 126.569022      4.973    12.3625  31.930657    26.9875      4.928  276.32796  276.45590    17.2408     7.5767 -9.990e-29
 126.569025      4.993    12.3639  31.940881    26.9962      4.948  276.30349  276.43141    16.7272     7.5362 -9.990e-29
 126.569028      5.015    12.3656  31.945272    26.9991      4.970  276.28798  276.41597    16.6494     7.5605 -9.990e-29
 126.569031      5.035    12.3671  31.954285    27.0064      4.990  276.26474  276.39275    16.5093     7.4877 -9.990e-29
 126.569034      5.060    12.3688  31.954862    27.0022      5.015  276.25613  276.38425    16.5093     7.5201 -9.990e-29
 126.569036      5.088    12.3702  31.952089    27.0007      5.042  276.25515  276.38338    16.4626     7.4715 0.0000e+00
 126.569039      5.115    12.3707  31.949258    26.9992      5.069  276.25807  276.38637    15.0619     7.6778 0.0000e+00
 126.569042      5.144    12.3705  31.942903    26.9934      5.098  276.27052  276.39887    15.0307     7.5969 0.0000e+00
 126.569045      5.171    12.3698  31.934873    26.9863      5.125  276.28789  276.41628    15.2642     7.6414 0.0000e+00
 126.569048      5.204    12.3686  31.920664    26.9745      5.158  276.31896  276.44741    15.2331     7.6414 0.0000e+00
 126.569051      5.233    12.3666  31.919856    26.9739      5.187  276.32930  276.45763    15.4665     7.4109 0.0000e+00
 126.569054      5.261    12.3652  31.901896    26.9588      5.214  276.36843  276.49683    15.4665     7.3745 0.0000e+00
 126.569057      5.290    12.3632  31.890291    26.9588      5.242  276.39828  276.52668    15.2953     7.3543 0.0000e+00
 126.569060      5.315    12.3606  31.899472    26.9546      5.268  276.39310  276.52123    15.4665     7.3624 0.0000e+00
 126.569063      5.341    12.3599  31.890696    26.9598      5.293  276.41215  276.54032    14.9529     7.8031 -9.990e-29
 126.569065      5.363    12.3595  31.881113    26.9434      5.315  276.43139  276.55963    15.2019     7.8557 -9.990e-29
 126.569068      5.385    12.3582  31.875340    26.9390      5.336  276.44786  276.57607    15.1708     7.8557 -9.990e-29
 126.569071      5.401    12.3565  31.870550    26.9357      5.353  276.46413  276.59228    15.2953     7.8678 -9.990e-29
 126.569074      5.423    12.3551  31.872916    26.9410      5.374  276.46620  276.59423    15.0307     7.5524 -9.990e-29
 126.569077      5.454    12.3544  31.874706    26.9410      5.405  276.46584  276.59380    15.1397     7.5524 0.0000e+00
 126.569080      5.483    12.3544  31.880132    26.9410      5.434  276.45604  276.58395    15.0930     7.6009 -9.990e-29
 126.569083      5.505    12.3551  31.879728    26.9441      5.456  276.45394  276.58190    15.0930     7.5726 -9.990e-29
 126.569086      5.534    12.3556  31.878920    26.9408      5.485  276.45289  276.58089    15.1241     7.5848 0.0000e+00
 126.569089      5.565    12.3557  31.871935    26.9375      5.515  276.46522  276.59330    15.8245     7.5726 0.0000e+00
 126.569091      5.594    12.3554  31.867549    26.9336      5.544  276.47444  276.60254    15.8556     7.5767 0.0000e+00
 126.569094      5.622    12.3547  31.862355    26.9306      5.571  276.48702  276.61513    15.5599     7.5848 0.0000e+00
 126.569097      5.653    12.3541  31.863336    26.9303      5.602  276.48811  276.61617    15.8556     7.6009 0.0000e+00
 126.569100      5.678    12.3540  31.862932    26.9305      5.628  276.48918  276.61724    15.1552     7.3179 0.0000e+00
 126.569103      5.705    12.3542  31.863163    26.9303      5.654  276.48783  276.61590    15.0774     7.2936 -9.990e-29
 126.569106      5.724    12.3549  31.861143    26.9279      5.673  276.48833  276.61646    15.1864     7.3219 -9.990e-29
 126.569109      5.744    12.3557  31.861835    26.9280      5.692  276.48360  276.61179    15.2019     7.3462 -9.990e-29
 126.569112      5.766    12.3566  31.860335    26.9273      5.714  276.48221  276.61047    15.8401     7.4796 -9.990e-29
 126.569115      5.791    12.3576  31.862586    26.9271      5.739  276.47372  276.60203    15.8401     7.4554 0.0000e+00
 126.569117      5.819    12.3584  31.862586    26.9268      5.767  276.47026  276.59861    15.8245     7.4432 0.0000e+00
 126.569120      5.848    12.3587  31.862586    26.9267      5.796  276.46869  276.59707    16.0268     7.5120 0.0000e+00
 126.569123      5.877    12.3592  31.863163    26.9265      5.825  276.46577  276.59417    15.0930     7.6535 0.0000e+00
 126.569126      5.906    12.3595  31.862586    26.9259      5.853  276.46525  276.59368    14.9996     7.6535 0.0000e+00
 126.569129      5.935    12.3601  31.861547    26.9245      5.882  276.46461  276.59309    15.0930     7.6454 0.0000e+00
 126.569132      5.966    12.3602  31.859354    26.9226      5.913  276.46796  276.59647    15.1552     7.6050 0.0000e+00
 126.569135      5.996    12.3602  31.859585    26.9224      5.942  276.46756  276.59607    15.0619     7.6050 0.0000e+00
 126.569138      6.023    12.3599  31.858777    26.9224      5.969  276.47063  276.59912    16.3537     7.6495 0.0000e+00
 126.569141      6.049    12.3595  31.858373    26.9221      5.995  276.47296  276.60143    16.3381     7.6211 -9.990e-29
 126.569144      6.069    12.3595  31.857969    26.9215      6.014  276.47370  276.60218    16.3537     7.6131 -9.990e-29
 126.569146      6.087    12.3593  31.854968    26.9189      6.032  276.48009  276.60859    16.3848     7.6050 -9.990e-29
 126.569149      6.112    12.3591  31.856988    26.9209      6.058  276.47741  276.60587    15.4198     7.7505 -9.990e-29
 126.569152      6.136    12.3595  31.855950    26.9196      6.081  276.47740  276.60590    15.5910     7.6778 -9.990e-29
 126.569155      6.167    12.3598  31.855372    26.9189      6.112  276.47719  276.60572    15.3576     7.6818 -9.990e-29
 126.569158      6.189    12.3604  31.855199    26.9165      6.134  276.47499  276.60355    15.3887     7.7222 -9.990e-29
 126.569161      6.222    12.3608  31.853584    26.9170      6.166  276.47603  276.60464    14.4548     7.4028 0.0000e+00
 126.569164      6.249    12.3611  31.854796    26.9165      6.193  276.47259  276.60121    14.2369     7.4392 0.0000e+00
 126.569167      6.282    12.3616  31.854218    26.9174      6.226  276.47144  276.60009    14.1591     7.4998 0.0000e+00
 126.569170      6.311    12.3618  31.855604    26.9174      6.254  276.46800  276.59666    14.2681     7.4715 0.0000e+00
 126.569172      6.338    12.3618  31.855373    26.9176      6.282  276.46844  276.59710    14.9996     7.8719 0.0000e+00
 126.569175      6.366    12.3619  31.856758    26.9180      6.309  276.46532  276.59397    15.1241     7.9325 0.0000e+00
 126.569178      6.391    12.3620  31.855950    26.9186      6.334  276.46648  276.59514    15.1708     7.8921 -9.990e-29
 126.569181      6.415    12.3621  31.856181    26.9179      6.358  276.46576  276.59443    15.1552     7.9163 -9.990e-29
 126.569184      6.435    12.3623  31.856758    26.9183      6.377  276.46378  276.59246    15.1864     7.9002 -9.990e-29
 126.569187      6.457    12.3621  31.858778    26.9203      6.399  276.46109  276.58974    16.2292     7.8314 -9.990e-29
 126.569190      6.481    12.3617  31.860971    26.9236      6.423  276.45873  276.58732    16.2292     7.8314 -9.990e-29
 126.569193      6.506    12.3611  31.861549    26.9237      6.448  276.46024  276.58879    16.4626     7.8638 0.0000e+00
 126.569196      6.533    12.3608  31.861549    26.9238      6.475  276.46184  276.59037    16.3226     7.8516 0.0000e+00
 126.569198      6.570    12.3607  31.864781    26.9269      6.511  276.45634  276.58483    16.7272     7.5403 0.0000e+00
 126.569201      6.597    12.3606  31.865358    26.9275      6.538  276.45594  276.58442    16.3537     7.5443 0.0000e+00
 126.569204      6.623    12.3603  31.866743    26.9290      6.564  276.45472  276.58317    16.5871     7.4998 0.0000e+00
 126.569207      6.656    12.3599  31.868533    26.9310      6.596  276.45341  276.58181    16.5560     7.5039 0.0000e+00
 126.569210      6.687    12.3598  31.874132    26.9362      6.627  276.44363  276.57196    16.1825     7.7142 0.0000e+00
 126.569213      6.720    12.3598  31.877538    26.9378      6.659  276.43749  276.56579    16.1513     7.6980 0.0000e+00
 126.569216      6.747    12.3599  31.877538    26.9394      6.687  276.43687  276.56519    16.1202     7.6980 -9.990e-29
 126.569219      6.767    12.3599  31.877942    26.9397      6.707  276.43616  276.56447    15.8556     7.6535 -9.990e-29
 126.569222      6.787    12.3600  31.878750    26.9404      6.726  276.43439  276.56270    15.2486     7.6131 -9.990e-29
 126.569225      6.807    12.3601  31.879674    26.9412      6.746  276.43242  276.56072    15.3731     7.5969 -9.990e-29
 126.569227      6.827    12.3598  31.878923    26.9407      6.766  276.43506  276.56334    15.2331     7.5686 -9.990e-29
 126.569230      6.849    12.3593  31.877711    26.9399      6.788  276.43948  276.56775    15.4665     7.6252 -9.990e-29
 126.569233      6.877    12.3590  31.877538    26.9394      6.815  276.44108  276.56933    15.4665     7.5645 0.0000e+00
 126.569236      6.908    12.3587  31.876153    26.9388      6.846  276.44519  276.57343    15.7311     7.6858 0.0000e+00
 126.569239      6.937    12.3582  31.875749    26.9388      6.875  276.44784  276.57605    15.8089     7.6616 0.0000e+00
 126.569242      6.966    12.3577  31.875518    26.9389      6.903  276.45081  276.57899    15.5910     7.6899 0.0000e+00
 126.569245      6.995    12.3570  31.875749    26.9390      6.933  276.45326  276.58139    15.5599     7.6899 0.0000e+00
 126.569248      7.030    12.3568  31.874941    26.9390      6.967  276.45569  276.58382    16.6650     7.7061 0.0000e+00
 126.569251      7.061    12.3566  31.873325    26.9381      6.997  276.45958  276.58772    16.6805     7.7182 0.0000e+00
 126.569253      7.086    12.3557  31.873152    26.9378      7.023  276.46403  276.59211    16.7428     7.6980 0.0000e+00
 126.569256      7.112    12.3553  31.872344    26.9381      7.048  276.46741  276.59546    16.6961     7.6697 -9.990e-29
 126.569259      7.132    12.3554  31.872517    26.9377      7.068  276.46679  276.59485    15.9179     7.8759 -9.990e-29
 126.569262      7.150    12.3553  31.870728    26.9361      7.086  276.47036  276.59843    15.5599     7.8638 -9.990e-29
 126.569265      7.166    12.3551  31.868131    26.9337      7.102  276.47602  276.60410    15.5599     7.9285 -9.990e-29
 126.569268      7.194    12.3545  31.867554    26.9343      7.129  276.47961  276.60766    15.6222     7.8880 0.0000e+00
 126.569271      7.221    12.3542  31.868535    26.9349      7.157  276.47944  276.60746    16.1202     7.4554 0.0000e+00
 126.569274      7.247    12.3543  31.869170    26.9353      7.182  276.47767  276.60569    16.0580     7.4351 0.0000e+00
 126.569277      7.282    12.3542  31.869574    26.9358      7.216  276.47760  276.60561    15.9490     7.4271 0.0000e+00
 126.569280      7.309    12.3544  31.870786    26.9368      7.243  276.47448  276.60248    16.1669     7.4351 0.0000e+00
 126.569282      7.344    12.3547  31.872114    26.9377      7.278  276.47051  276.59853    16.0735     7.4918 0.0000e+00
 126.569285      7.374    12.3551  31.872345    26.9378      7.308  276.46853  276.59657    16.5871     7.1763 0.0000e+00
 126.569288      7.406    12.3549  31.873961    26.9393      7.339  276.46626  276.59428    16.1980     7.0712 0.0000e+00
 126.569291      7.431    12.3556  31.890299    26.9467      7.365  276.43389  276.56178    16.3692     7.1561 0.0000e+00
 126.569294      7.460    12.3573  31.898901    26.9541      7.394  276.41076  276.53867    16.3848     7.1602 -9.990e-29
