Processed/SBE19plus_01907321_2022_05_08_Cast84_wfilter.cnv
* Sea-Bird SBE19plus  Data File:
* FileName = E:\Prandtl Daten\2022\CTD\Raw\SBE19plus_01907321_2022_05_08_Cast84.hex
* Software version 2.6.1.12
* Temperature SN = 7321
* Conductivity SN = 7321
* System UpLoad Time = May 08 2022 11:20:46
* <ApplicationData>
* <Seaterm232>
** Messpraktikum 2022
** CTD 08.05 Schnitt5_2
** NMEA Latitude = 54 18 N
** NMEA Longitude = 008 56 E
# nquan = 11
# nvalues = 218                         
# units = specified
# name 0 = timeJ: Julian Days
# name 1 = prdM: Pressure, Strain Gauge [db]
# name 2 = tv290C: Temperature [ITS-90, deg C]
# name 3 = c0mS/cm: Conductivity [mS/cm]
# name 4 = sal00: Salinity, Practical [PSU]
# name 5 = depSM: Depth [salt water, m], lat = 54.00
# name 6 = oxsatMm/Kg: Oxygen Saturation, Weiss [umol/kg]
# name 7 = oxsolMm/Kg: Oxygen Saturation, Garcia & Gordon [umol/kg]
# name 8 = turbWETntu0: Turbidity, WET Labs ECO [NTU]
# name 9 = flECO-AFL: Fluorescence, WET Labs ECO-AFL/FL [mg/m^3]
# name 10 = flag:  0.000e+00
# span 0 = 128.469633, 128.470260       
# span 1 =      0.584,      5.838       
# span 2 =    12.5024,    12.8227       
# span 3 =  33.021143,  33.284180       
# span 4 =    27.8649,    27.9356       
# span 5 =      0.578,      5.786       
# span 6 =  271.89656,  273.73250       
# span 7 =  272.04174,  273.85891       
# span 8 =     0.3226,   160.8829       
# span 9 =     2.0086,    23.8725       
# span 10 = 0.0000e+00, 0.0000e+00      
# interval = seconds: 0.25
# start_time = May 08 2022 11:15:09 [Instrument's time stamp, header]
# bad_flag = -9.990e-29
*END*
[from data line 132]
 128.470014      3.886    12.8122  33.269153    27.9116      3.851  271.95903  272.10379     2.0969     2.3280 -9.990e-29
 128.470017      3.904    12.8119  33.259820    27.8991      3.869  271.97673  272.12156     2.0969     2.3240 -9.990e-29
 128.470020      3.909    12.8063  33.243682    27.8882      3.874  272.02932  272.17394     2.6261     2.3402 -9.990e-29
 128.470023      3.914    12.7953  33.239752    27.8927      3.879  272.08392  272.22785     2.6883     2.3078 -9.990e-29
 128.470026      3.916    12.7850  33.239459    27.9000      3.881  272.12870  272.27194     2.5171     2.2876 -9.990e-29
 128.470029      3.914    12.7789  33.238169    27.9033      3.879  272.15759  272.30044     2.4548     2.3361 -9.990e-29
 128.470032      3.923    12.7758  33.240517    27.9078      3.888  272.16676  272.30938     2.1280     2.5302 -9.990e-29
 128.470035      3.937    12.7743  33.238991    27.9075      3.902  272.17596  272.31850     2.0346     2.5140 -9.990e-29
 128.470038      3.962    12.7729  33.226494    27.8969      3.927  272.20424  272.34680     1.9412     2.5059 -9.990e-29
 128.470041      3.986    12.7667  33.213119    27.8744      3.951  272.25481  272.39709     2.1903     2.5383 -9.990e-29
 128.470043      4.017    12.7548  33.187959    27.8774      3.981  272.35070  272.49243     2.1124     2.5262 0.0000e+00
 128.470046      4.048    12.7358  33.179224    27.8803      4.012  272.44855  272.58909     1.7233     2.5140 0.0000e+00
 128.470049      4.085    12.7187  33.176412    27.8854      4.048  272.52788  272.66730     1.8323     2.5585 0.0000e+00
 128.470052      4.114    12.7059  33.160994    27.8879      4.077  272.61064  272.74937     1.8478     2.5383 0.0000e+00
 128.470055      4.140    12.6900  33.120907    27.8854      4.103  272.75051  272.88857     1.7856     2.5302 -9.990e-29
 128.470058      4.160    12.6605  33.103040    27.8649      4.123  272.91086  273.04710     9.0385     4.1679 -9.990e-29
 128.470061      4.173    12.6321  33.096131    27.8794      4.135  273.04680  273.18120     9.0229     4.2124 -9.990e-29
 128.470064      4.186    12.6124  33.109665    27.9066      4.148  273.10822  273.24116     9.0074     4.1800 -9.990e-29
 128.470067      4.192    12.6054  33.109373    27.9114      4.154  273.13910  273.27157     9.0852     4.1517 -9.990e-29
 128.470069      4.203    12.6079  33.113826    27.9138      4.165  273.12034  273.25293    26.9218     7.9729 -9.990e-29
 128.470072      4.225    12.6086  33.111541    27.9108      4.187  273.12163  273.25430    27.0152     7.9932 -9.990e-29
 128.470075      4.261    12.6079  33.110721    27.9091      4.223  273.12591  273.25853    26.8751     7.9406 0.0000e+00
 128.470078      4.305    12.6072  33.106327    27.9108      4.267  273.13686  273.26948    26.8284     7.9487 0.0000e+00
 128.470081      4.355    12.6042  33.107968    27.9073      4.316  273.14729  273.27969    33.4899     9.4084 0.0000e+00
 128.470084      4.410    12.6038  33.102578    27.9062      4.370  273.15847  273.29090    33.4587     9.4489 0.0000e+00
 128.470087      4.462    12.6015  33.097775    27.9062      4.423  273.17729  273.30961    33.4587     9.4246 0.0000e+00
 128.470090      4.523    12.5975  33.104395    27.9108      4.482  273.18288  273.31486    33.3965     9.3963 0.0000e+00
 128.470093      4.568    12.5973  33.102345    27.9117      4.527  273.18718  273.31918    33.4743     9.4448 0.0000e+00
 128.470095      4.603    12.5973  33.099826    27.9108      4.562  273.19169  273.32371    25.2720     7.0227 -9.990e-29
 128.470098      4.623    12.5956  33.104689    27.9142      4.581  273.19078  273.32264    25.1163     7.0591 -9.990e-29
 128.470101      4.623    12.5963  33.102170    27.9113      4.581  273.19187  273.32380    25.1630     7.0591 -9.990e-29
 128.470104      4.613    12.5967  33.101818    27.9107      4.572  273.19094  273.32290    25.1786     7.0469 -9.990e-29
 128.470107      4.593    12.5958  33.101935    27.9115      4.552  273.19474  273.32664    32.2292     9.5257 -9.990e-29
 128.470110      4.571    12.5946  33.098596    27.9093      4.531  273.20594  273.33779    32.4626     9.5783 -9.990e-29
 128.470113      4.555    12.5929  33.090688    27.9031      4.514  273.22715  273.35897    32.3226     9.5783 -9.990e-29
 128.470116      4.549    12.5877  33.086530    27.9032      4.509  273.25748  273.38898    32.3070     9.5661 -9.990e-29
 128.470119      4.555    12.5824  33.085535    27.9061      4.514  273.28219  273.41334    17.8323     5.8258 -9.990e-29
 128.470122      4.577    12.5788  33.086297    27.9155      4.536  273.29664  273.42754    17.8323     5.8217 -9.990e-29
 128.470124      4.610    12.5767  33.091100    27.9141      4.569  273.29708  273.42779    17.7545     5.8339 0.0000e+00
 128.470127      4.659    12.5782  33.089343    27.9127      4.618  273.29374  273.42457    17.8012     5.8015 0.0000e+00
 128.470130      4.714    12.5788  33.089226    27.9122      4.672  273.29151  273.42238    13.6611     5.6074 0.0000e+00
 128.470133      4.769    12.5779  33.083838    27.9091      4.726  273.30518  273.43605    13.6455     5.1747 0.0000e+00
 128.470136      4.813    12.5753  33.083194    27.9085      4.770  273.31751  273.44821    13.6922     5.1707 0.0000e+00
 128.470139      4.848    12.5720  33.081730    27.9091      4.804  273.33440  273.46489    13.6766     5.1747 -9.990e-29
 128.470142      4.872    12.5697  33.080676    27.9109      4.828  273.34652  273.47686    13.6922     5.1545 -9.990e-29
 128.470145      4.888    12.5685  33.081379    27.9124      4.844  273.35054  273.48079    13.3498     5.0373 -9.990e-29
 128.470148      4.908    12.5672  33.077338    27.9096      4.864  273.36334  273.49355    13.3187     5.0292 -9.990e-29
 128.470150      4.933    12.5645  33.073239    27.9112      4.889  273.38245  273.51251    13.4587     5.0332 -9.990e-29
 128.470153      4.959    12.5606  33.073825    27.9230      4.915  273.39845  273.52825    13.3965     5.0575 0.0000e+00
 128.470156      4.992    12.5589  33.097781    27.9348      4.948  273.36314  273.49258    24.6494     7.0995 0.0000e+00
 128.470159      5.028    12.5690  33.109380    27.9355      4.983  273.29850  273.42850    24.7584     7.1157 0.0000e+00
 128.470162      5.067    12.5837  33.118226    27.9356      5.022  273.21866  273.34958    24.7428     7.1440 0.0000e+00
 128.470165      5.098    12.5973  33.129065    27.9355      5.053  273.14023  273.27196    24.6650     7.0833 0.0000e+00
 128.470168      5.134    12.6116  33.128477    27.9356      5.089  273.07877  273.21148    81.1008    16.8568 -9.990e-29
 128.470171      5.158    12.6195  33.119921    27.9105      5.112  273.05965  273.19297    81.2097    16.9053 -9.990e-29
 128.470174      5.173    12.6187  33.105215    27.8974      5.126  273.08955  273.22296    81.3031    16.8770 -9.990e-29
 128.470177      5.185    12.6101  33.105099    27.9036      5.139  273.12694  273.25977    81.1786    16.8892 -9.990e-29
 128.470179      5.192    12.6038  33.120919    27.9231      5.146  273.12633  273.25858    82.7039    16.9134 -9.990e-29
 128.470182      5.196    12.6079  33.127072    27.9258      5.149  273.09772  273.23019   100.1202    19.8329 -9.990e-29
 128.470185      5.205    12.6159  33.123848    27.9169      5.159  273.06848  273.20152   100.3070    19.8612 -9.990e-29
 128.470188      5.225    12.6207  33.123027    27.9126      5.179  273.04921  273.18258   100.2292    19.8370 -9.990e-29
 128.470191      5.249    12.6218  33.121914    27.8992      5.202  273.04625  273.17971   100.1669    19.8451 -9.990e-29
 128.470194      5.280    12.6211  33.109023    27.9016      5.233  273.07231  273.20585   102.7817    20.6740 0.0000e+00
 128.470197      5.323    12.6148  33.109200    27.9039      5.275  273.09928  273.23240   102.6572    20.6862 0.0000e+00
 128.470200      5.357    12.6090  33.106154    27.9039      5.309  273.13013  273.26288   102.6727    20.6538 0.0000e+00
 128.470203      5.395    12.6048  33.096547    27.8995      5.347  273.16554  273.29811   102.6416    20.6781 0.0000e+00
 128.470205      5.430    12.5976  33.076224    27.8869      5.382  273.23307  273.36535    90.2058    17.9284 0.0000e+00
 128.470208      5.461    12.5837  33.066329    27.8864      5.413  273.31147  273.44291    90.3303    17.8677 0.0000e+00
 128.470211      5.487    12.5695  33.071718    27.8869      5.438  273.36385  273.49427    90.3770    17.9203 -9.990e-29
 128.470214      5.501    12.5625  33.072656    27.9085      5.452  273.39254  273.52248    90.3615    17.9163 -9.990e-29
 128.470217      5.505    12.5607  33.073827    27.9109      5.456  273.39851  273.52831    90.9996    17.2652 -9.990e-29
 128.470220      5.498    12.5599  33.070255    27.9082      5.448  273.40829  273.53807    90.9529    17.2410 -9.990e-29
 128.470223      5.493    12.5581  33.066976    27.9064      5.443  273.42189  273.55158    91.0152    17.2329 -9.990e-29
 128.470226      5.485    12.5558  33.067796    27.9089      5.436  273.43033  273.55986    91.0774    17.2935 -9.990e-29
 128.470229      5.489    12.5540  33.059774    27.9028      5.440  273.45272  273.58220    91.0619    17.2531 -9.990e-29
 128.470231      5.500    12.5497  33.057374    27.9027      5.451  273.47591  273.60513    82.9062    17.5119 -9.990e-29
 128.470234      5.530    12.5448  33.052397    27.8976      5.481  273.50620  273.63514    82.8440    17.5038 0.0000e+00
 128.470237      5.574    12.5388  33.036943    27.8945      5.524  273.55988  273.68857    82.9685    17.5200 0.0000e+00
 128.470240      5.629    12.5290  33.031149    27.8945      5.578  273.61305  273.74113    82.8751    17.5159 0.0000e+00
 128.470243      5.698    12.5188  33.030507    27.8980      5.647  273.65887  273.78627    97.3031    17.9729 0.0000e+00
 128.470246      5.769    12.5123  33.029454    27.9014      5.717  273.68932  273.81628    97.3342    17.9729 -9.990e-29
 128.470249      5.794    12.5080  33.021143    27.9006      5.743  273.72312  273.84986    97.1319    17.9688 -9.990e-29
 128.470252      5.818    12.5037  33.026294    27.9086      5.766  273.73250  273.85891    97.3031    17.9688 -9.990e-29
 128.470255      5.834    12.5024  33.040284    27.9227      5.782  273.71335  273.83952   160.8829    23.8523 -9.990e-29
 128.470258      5.834    12.5085  33.054686    27.9316      5.782  273.66062  273.78707   160.7428    23.8523 -9.990e-29
 128.470260      5.838    12.5208  33.058197    27.9258      5.786  273.60075  273.72800   160.7739    23.8725 -9.990e-29
