Processed/SBE19plus_01907321_2022_05_08_Cast77_wfilter.cnv
* Sea-Bird SBE19plus  Data File:
* FileName = E:\Prandtl Daten\2022\CTD\Raw\SBE19plus_01907321_2022_05_08_Cast77.hex
* Software version 2.6.1.12
* Temperature SN = 7321
* Conductivity SN = 7321
* System UpLoad Time = May 08 2022 08:17:11
* <ApplicationData>
* <Seaterm232>
** Messpraktikum 2022
** CTD 08.05 BW2
** NMEA Latitude = 54 07.79 N
** NMEA Longitude = 008 44.93 E
# nquan = 11
# nvalues = 557                         
# units = specified
# name 0 = timeJ: Julian Days
# name 1 = prdM: Pressure, Strain Gauge [db]
# name 2 = tv290C: Temperature [ITS-90, deg C]
# name 3 = c0mS/cm: Conductivity [mS/cm]
# name 4 = sal00: Salinity, Practical [PSU]
# name 5 = depSM: Depth [salt water, m], lat = 54.00
# name 6 = oxsatMm/Kg: Oxygen Saturation, Weiss [umol/kg]
# name 7 = oxsolMm/Kg: Oxygen Saturation, Garcia & Gordon [umol/kg]
# name 8 = turbWETntu0: Turbidity, WET Labs ECO [NTU]
# name 9 = flECO-AFL: Fluorescence, WET Labs ECO-AFL/FL [mg/m^3]
# name 10 = flag:  0.000e+00
# span 0 = 128.340084, 128.341693       
# span 1 =      0.663,     15.392       
# span 2 =    12.9222,    13.0068       
# span 3 =  32.386170,  32.468641       
# span 4 =    27.0068,    27.0253       
# span 5 =      0.657,     15.254       
# span 6 =  272.52828,  273.03599       
# span 7 =  272.69328,  273.19629       
# span 8 =    24.0580,   165.5210       
# span 9 =     6.9863,    20.1200       
# span 10 = 0.0000e+00, 0.0000e+00      
# interval = seconds: 0.25
# start_time = May 08 2022 08:08:26 [Instrument's time stamp, header]
# bad_flag = -9.990e-29
*END*
[from data line 394]
 128.341224     11.071    12.9515  32.412027    27.0112     10.972  272.86442  273.02637    65.5054    13.3227 -9.990e-29
 128.341227     11.090    12.9516  32.412608    27.0116     10.990  272.86278  273.02474    65.3342    13.3146 -9.990e-29
 128.341230     11.112    12.9519  32.412201    27.0110     11.012  272.86225  273.02422    65.3031    13.3227 -9.990e-29
 128.341233     11.136    12.9519  32.412143    27.0103     11.036  272.86236  273.02434    67.1397    14.0748 -9.990e-29
 128.341236     11.161    12.9516  32.411214    27.0102     11.061  272.86527  273.02724    67.1241    14.0991 0.0000e+00
 128.341238     11.192    12.9512  32.410807    27.0103     11.092  272.86790  273.02984    67.2019    14.0991 0.0000e+00
 128.341241     11.227    12.9505  32.410401    27.0103     11.127  272.87147  273.03337    67.2019    14.0950 0.0000e+00
 128.341244     11.257    12.9503  32.410575    27.0106     11.156  272.87213  273.03402    71.7000    13.3995 0.0000e+00
 128.341247     11.286    12.9501  32.410808    27.0108     11.184  272.87268  273.03456    71.5599    13.3995 0.0000e+00
 128.341250     11.317    12.9501  32.411214    27.0110     11.215  272.87199  273.03386    71.5910    13.3955 -9.990e-29
 128.341253     11.341    12.9501  32.409588    27.0098     11.239  272.87486  273.03674    71.5755    13.4036 -9.990e-29
 128.341256     11.364    12.9498  32.409762    27.0102     11.262  272.87583  273.03769    71.1085    13.7230 -9.990e-29
 128.341259     11.388    12.9495  32.409995    27.0106     11.286  272.87670  273.03854    71.1085    13.7553 -9.990e-29
 128.341262     11.418    12.9494  32.408949    27.0097     11.316  272.87918  273.04103    71.2019    13.7311 -9.990e-29
 128.341264     11.442    12.9493  32.411389    27.0120     11.340  272.87523  273.03705    71.1397    13.7351 -9.990e-29
 128.341267     11.466    12.9497  32.410808    27.0115     11.364  272.87469  273.03654    71.0619    13.7392 -9.990e-29
 128.341270     11.492    12.9499  32.411389    27.0115     11.389  272.87243  273.03429    64.4626    13.6260 0.0000e+00
 128.341273     11.521    12.9498  32.411215    27.0115     11.418  272.87338  273.03524    64.3848    13.6664 0.0000e+00
 128.341276     11.550    12.9499  32.409588    27.0105     11.447  272.87562  273.03750    64.3692    13.6421 0.0000e+00
 128.341279     11.584    12.9501  32.410402    27.0102     11.481  272.87359  273.03547    64.3692    13.6462 0.0000e+00
 128.341282     11.615    12.9502  32.409589    27.0105     11.511  272.87440  273.03630    67.0774    14.1516 -9.990e-29
 128.341285     11.639    12.9505  32.411796    27.0115     11.535  272.86929  273.03118    67.1397    14.1597 -9.990e-29
 128.341288     11.663    12.9507  32.411390    27.0110     11.558  272.86938  273.03129    67.1085    14.1476 -9.990e-29
 128.341291     11.688    12.9508  32.411796    27.0112     11.584  272.86806  273.02997    67.0619    14.1516 -9.990e-29
 128.341293     11.708    12.9510  32.411564    27.0109     11.603  272.86785  273.02977    67.8089    14.3538 -9.990e-29
 128.341296     11.732    12.9510  32.412436    27.0118     11.627  272.86602  273.02794    67.9023    14.3619 -9.990e-29
 128.341299     11.761    12.9509  32.412436    27.0118     11.655  272.86667  273.02858    67.8401    14.3376 0.0000e+00
 128.341302     11.787    12.9507  32.411797    27.0118     11.681  272.86843  273.03034    67.8556    14.3659 -9.990e-29
 128.341305     11.812    12.9508  32.411390    27.0108     11.706  272.86885  273.03077    73.3342    14.1799 -9.990e-29
 128.341308     11.834    12.9510  32.412146    27.0114     11.728  272.86691  273.02883    73.2875    14.1638 -9.990e-29
 128.341311     11.863    12.9510  32.411216    27.0105     11.757  272.86824  273.03017    73.3187    14.1516 -9.990e-29
 128.341314     11.883    12.9512  32.412436    27.0129     11.777  272.86517  273.02711    73.2253    14.1476 -9.990e-29
 128.341317     11.914    12.9518  32.414470    27.0131     11.808  272.85910  273.02106    73.3342    14.1597 0.0000e+00
 128.341319     11.947    12.9522  32.415051    27.0129     11.840  272.85653  273.01850    70.8440    14.0424 0.0000e+00
 128.341322     11.978    12.9527  32.414877    27.0126     11.871  272.85433  273.01634    70.7661    14.0263 0.0000e+00
 128.341325     12.009    12.9532  32.415051    27.0125     11.902  272.85216  273.01419    70.9996    14.0263 0.0000e+00
 128.341328     12.037    12.9533  32.414063    27.0124     11.929  272.85327  273.01533    70.9529    14.0344 -9.990e-29
 128.341331     12.062    12.9537  32.415051    27.0121     11.954  272.84998  273.01205    73.5677    13.8928 -9.990e-29
 128.341334     12.084    12.9538  32.414877    27.0118     11.976  272.84967  273.01175    73.6922    13.9090 -9.990e-29
 128.341337     12.112    12.9539  32.414470    27.0114     12.003  272.85009  273.01218    73.6922    13.8888 -9.990e-29
 128.341340     12.131    12.9540  32.414877    27.0117     12.023  272.84907  273.01116    73.5521    13.8888 -9.990e-29
 128.341343     12.157    12.9543  32.416271    27.0127     12.048  272.84538  273.00748    70.5171    14.4306 -9.990e-29
 128.341345     12.174    12.9543  32.416097    27.0125     12.065  272.84538  273.00748    70.5794    14.4266 -9.990e-29
 128.341348     12.201    12.9545  32.415865    27.0122     12.091  272.84518  273.00729    70.4860    14.3902 -9.990e-29
 128.341351     12.223    12.9544  32.416678    27.0129     12.113  272.84408  273.00618    70.5482    14.3942 -9.990e-29
 128.341354     12.254    12.9548  32.416853    27.0127     12.144  272.84222  273.00434    63.6377    14.3376 0.0000e+00
 128.341357     12.281    12.9550  32.416679    27.0126     12.171  272.84160  273.00373    63.6066    14.3781 0.0000e+00
 128.341360     12.312    12.9551  32.416272    27.0125     12.202  272.84170  273.00385    63.6689    14.3579 0.0000e+00
 128.341363     12.341    12.9551  32.416679    27.0121     12.231  272.84132  273.00346    63.6066    14.3255 0.0000e+00
 128.341366     12.374    12.9552  32.415865    27.0123     12.264  272.84214  273.00430    63.5910    14.3538 0.0000e+00
 128.341369     12.405    12.9551  32.416446    27.0116     12.294  272.84177  273.00391    71.4043    13.8524 0.0000e+00
 128.341372     12.436    12.9548  32.415285    27.0114     12.325  272.84509  273.00722    71.4354    13.8443 0.0000e+00
 128.341374     12.467    12.9547  32.414645    27.0114     12.355  272.84654  273.00868    71.4198    13.8403 0.0000e+00
 128.341377     12.493    12.9543  32.415459    27.0113     12.381  272.84671  273.00882    71.4198    13.8039 0.0000e+00
 128.341380     12.520    12.9540  32.415052    27.0118     12.408  272.84870  273.01079    69.3342    14.3942 -9.990e-29
 128.341383     12.542    12.9536  32.414878    27.0118     12.430  272.85091  273.01298    69.3342    14.4064 -9.990e-29
 128.341386     12.561    12.9538  32.417086    27.0137     12.448  272.84610  273.00817    69.2253    14.4226 -9.990e-29
 128.341389     12.579    12.9549  32.418306    27.0140     12.466  272.83925  273.00137    69.4743    14.4347 -9.990e-29
 128.341392     12.601    12.9560  32.418713    27.0136     12.488  272.83382  272.99601    74.5482    14.8795 -9.990e-29
 128.341395     12.621    12.9573  32.421386    27.0152     12.508  272.82348  272.98572    74.6416    14.8390 -9.990e-29
 128.341398     12.641    12.9584  32.421502    27.0138     12.528  272.81856  272.98087    74.5327    14.8674 -9.990e-29
 128.341400     12.672    12.9589  32.421153    27.0126     12.558  272.81698  272.97933    74.7039    14.8512 0.0000e+00
 128.341403     12.701    12.9591  32.418713    27.0136     12.587  272.82033  272.98272    75.7000    14.8714 0.0000e+00
 128.341406     12.734    12.9591  32.421154    27.0136     12.620  272.81608  272.97844    77.9101    15.4294 0.0000e+00
 128.341409     12.765    12.9593  32.422200    27.0144     12.650  272.81332  272.97568    77.8790    15.4213 0.0000e+00
 128.341412     12.801    12.9597  32.423420    27.0152     12.687  272.80931  272.97169    77.8790    15.4213 0.0000e+00
 128.341415     12.838    12.9605  32.424234    27.0154     12.723  272.80444  272.96687    77.9724    15.4456 0.0000e+00
 128.341418     12.867    12.9615  32.426907    27.0157     12.752  272.79568  272.95814    79.9179    15.2919 0.0000e+00
 128.341421     12.895    12.9625  32.426093    27.0164     12.779  272.79239  272.95493    79.8245    15.2394 0.0000e+00
 128.341424     12.921    12.9641  32.432776    27.0157     12.805  272.77377  272.93634    80.0580    15.2475 -9.990e-29
 128.341427     12.939    12.9669  32.433124    27.0190     12.823  272.76119  272.92394    80.0113    15.2394 -9.990e-29
 128.341429     12.953    12.9694  32.433822    27.0178     12.837  272.74864  272.91154    79.2331    15.9713 -9.990e-29
 128.341432     12.973    12.9710  32.435449    27.0182     12.857  272.73887  272.90186    79.1552    15.8944 -9.990e-29
 128.341435     12.997    12.9725  32.436030    27.0176     12.881  272.73124  272.89433    79.3731    15.9389 -9.990e-29
 128.341438     13.022    12.9735  32.436669    27.0173     12.906  272.72604  272.88918    79.4043    15.9672 0.0000e+00
 128.341441     13.050    12.9740  32.436437    27.0170     12.933  272.72426  272.88744    83.1085    16.5010 0.0000e+00
 128.341444     13.079    12.9742  32.436669    27.0170     12.962  272.72293  272.88611    83.0930    16.5252 0.0000e+00
 128.341447     13.107    12.9742  32.436437    27.0170     12.990  272.72335  272.88654    83.2331    16.5414 0.0000e+00
 128.341450     13.138    12.9745  32.438297    27.0183     13.020  272.71886  272.88205    83.1552    16.5131 0.0000e+00
 128.341453     13.164    12.9751  32.439924    27.0194     13.046  272.71350  272.87671    83.1708    16.5495 0.0000e+00
 128.341455     13.195    12.9761  32.441435    27.0197     13.077  272.70615  272.86941   104.6650    17.2086 0.0000e+00
 128.341458     13.222    12.9777  32.442539    27.0200     13.104  272.69730  272.86066   104.5871    17.2005 -9.990e-29
 128.341461     13.246    12.9789  32.443760    27.0201     13.127  272.68982  272.85325   104.5871    17.2167 -9.990e-29
 128.341464     13.264    12.9798  32.443760    27.0216     13.145  272.68605  272.84953   104.5093    17.2086 -9.990e-29
 128.341467     13.295    12.9811  32.447015    27.0217     13.176  272.67470  272.83823   103.6066    17.6494 0.0000e+00
 128.341470     13.321    12.9829  32.448817    27.0219     13.201  272.66368  272.82732   103.5132    17.6251 0.0000e+00
 128.341473     13.355    12.9846  32.451955    27.0236     13.235  272.65096  272.81467   103.6066    17.6251 0.0000e+00
 128.341476     13.384    12.9871  32.453990    27.0236     13.265  272.63639  272.80025   103.4043    17.6494 0.0000e+00
 128.341479     13.423    12.9895  32.454571    27.0230     13.302  272.62469  272.78869    94.8751    17.7141 0.0000e+00
 128.341481     13.452    12.9910  32.456199    27.0230     13.332  272.61556  272.77964    94.7817    17.7302 0.0000e+00
 128.341484     13.478    12.9923  32.457768    27.0232     13.357  272.60684  272.77100    94.8906    17.7181 0.0000e+00
 128.341487     13.507    12.9935  32.457012    27.0234     13.386  272.60314  272.76738    94.8440    17.7222 -9.990e-29
 128.341490     13.529    12.9941  32.456199    27.0207     13.408  272.60206  272.76634   105.7389    18.1184 -9.990e-29
 128.341493     13.549    12.9941  32.457012    27.0214     13.428  272.60033  272.76461   105.8323    18.0861 -9.990e-29
 128.341496     13.571    12.9940  32.458059    27.0225     13.450  272.59915  272.76340   105.8945    18.0982 -9.990e-29
 128.341499     13.587    12.9945  32.458524    27.0225     13.466  272.59614  272.76042   105.7856    18.0982 -9.990e-29
 128.341502     13.609    12.9951  32.457419    27.0211     13.487  272.59525  272.75959   105.8945    18.0982 -9.990e-29
 128.341505     13.627    12.9956  32.459454    27.0214     13.505  272.58981  272.75416   102.9373    18.2317 -9.990e-29
 128.341508     13.656    12.9960  32.458466    27.0228     13.534  272.58967  272.75405   103.1552    18.2074 0.0000e+00
 128.341510     13.686    12.9963  32.461721    27.0220     13.563  272.58273  272.74710   103.2486    18.2478 0.0000e+00
 128.341513     13.720    12.9972  32.460094    27.0227     13.598  272.58182  272.74626   103.1708    18.2559 0.0000e+00
 128.341516     13.760    12.9975  32.461082    27.0227     13.637  272.57854  272.74300   105.5833    18.1629 0.0000e+00
 128.341519     13.799    12.9981  32.461896    27.0230     13.675  272.57462  272.73911   105.5833    18.1710 0.0000e+00
 128.341522     13.830    12.9987  32.462710    27.0232     13.706  272.57070  272.73521   105.6766    18.1670 0.0000e+00
 128.341525     13.863    12.9992  32.464163    27.0233     13.738  272.56597  272.73050   105.5054    18.1872 -9.990e-29
 128.341528     13.882    13.0000  32.464570    27.0241     13.758  272.56181  272.72639   115.9023    18.3611 -9.990e-29
 128.341531     13.917    13.0010  32.464977    27.0238     13.792  272.55670  272.72135   115.8089    18.3732 -9.990e-29
 128.341534     13.933    13.0016  32.463756    27.0222     13.809  272.55633  272.72102   115.9023    18.3611 -9.990e-29
 128.341536     13.950    13.0014  32.464570    27.0231     13.825  272.55555  272.72022   115.9179    18.3691 -9.990e-29
 128.341539     13.970    13.0013  32.464164    27.0227     13.845  272.55659  272.72126   120.5560    20.1079 -9.990e-29
 128.341542     13.984    13.0018  32.465384    27.0235     13.859  272.55226  272.71695   120.5093    20.0836 -9.990e-29
 128.341545     14.007    13.0027  32.468059    27.0253     13.881  272.54381  272.70854   120.5405    20.0796 -9.990e-29
 128.341548     14.028    13.0038  32.468233    27.0240     13.903  272.53880  272.70359   120.6650    20.1200 -9.990e-29
 128.341551     14.060    13.0048  32.468233    27.0234     13.934  272.53440  272.69926   120.5560    20.0877 0.0000e+00
 128.341554     14.087    13.0054  32.467245    27.0232     13.961  272.53363  272.69853   118.0502    19.0727 0.0000e+00
 128.341557     14.124    13.0054  32.467826    27.0231     13.997  272.53264  272.69753   117.9724    19.0485 0.0000e+00
 128.341560     14.158    13.0052  32.467652    27.0231     14.031  272.53359  272.69848   118.1124    19.0687 0.0000e+00
 128.341563     14.193    13.0055  32.467420    27.0231     14.066  272.53276  272.69767   118.0969    19.0606 0.0000e+00
 128.341565     14.228    13.0054  32.468234    27.0227     14.100  272.53168  272.69657   130.5949    18.0901 0.0000e+00
 128.341568     14.255    13.0055  32.465908    27.0224     14.127  272.53545  272.70037   130.7194    18.0942 0.0000e+00
 128.341571     14.286    13.0052  32.466838    27.0213     14.158  272.53541  272.70031   130.5482    18.1184 -9.990e-29
 128.341574     14.304    13.0046  32.466025    27.0220     14.176  272.53937  272.70423   130.7194    18.0861 -9.990e-29
 128.341577     14.328    13.0040  32.466025    27.0224     14.200  272.54190  272.70673   132.7584    18.6765 -9.990e-29
 128.341580     14.341    13.0038  32.467013    27.0235     14.212  272.54113  272.70593   132.8673    18.6926 -9.990e-29
 128.341583     14.361    13.0044  32.468234    27.0241     14.232  272.53617  272.70100   132.8829    18.6805 -9.990e-29
 128.341586     14.377    13.0053  32.468641    27.0225     14.248  272.53169  272.69657   132.7739    18.6765 -9.990e-29
 128.341589     14.406    13.0062  32.467827    27.0217     14.277  272.52904  272.69399   133.4432    19.6914 0.0000e+00
 128.341591     14.434    13.0067  32.466432    27.0211     14.304  272.52960  272.69460   133.4120    19.7238 0.0000e+00
 128.341594     14.468    13.0068  32.466839    27.0209     14.339  272.52828  272.69328   133.3031    19.7561 0.0000e+00
 128.341597     14.505    13.0067  32.466083    27.0205     14.375  272.53026  272.69525   133.4120    19.7197 0.0000e+00
