Processed/SBE19plus_01907321_2022_05_06_Cast56_wfilter.cnv
* Sea-Bird SBE19plus  Data File:
* FileName = E:\Prandtl Daten\2022\CTD\Raw\SBE19plus_01907321_2022_05_06_Cast56.hex
* Software version 2.6.1.12
* Temperature SN = 7321
* Conductivity SN = 7321
* System UpLoad Time = May 06 2022 14:03:36
* <ApplicationData>
* <Seaterm232>
** Messpraktikum 2022
** CTD 06.05 BM
** NMEA Latitude = 54 07.840 N
** NMEA Longitude = 008 47.222 E
# nquan = 11
# nvalues = 692                         
# units = specified
# name 0 = timeJ: Julian Days
# name 1 = prdM: Pressure, Strain Gauge [db]
# name 2 = tv290C: Temperature [ITS-90, deg C]
# name 3 = c0mS/cm: Conductivity [mS/cm]
# name 4 = sal00: Salinity, Practical [PSU]
# name 5 = depSM: Depth [salt water, m], lat = 54.00
# name 6 = oxsatMm/Kg: Oxygen Saturation, Weiss [umol/kg]
# name 7 = oxsolMm/Kg: Oxygen Saturation, Garcia & Gordon [umol/kg]
# name 8 = turbWETntu0: Turbidity, WET Labs ECO [NTU]
# name 9 = flECO-AFL: Fluorescence, WET Labs ECO-AFL/FL [mg/m^3]
# name 10 = flag:  0.000e+00
# span 0 = 126.580026, 126.582025       
# span 1 =      0.539,     16.991       
# span 2 =    12.4768,    12.4968       
# span 3 =  32.143709,  32.365096       
# span 4 =    27.1014,    27.2964       
# span 5 =      0.534,     16.838       
# span 6 =  274.96707,  275.40792       
# span 7 =  275.09956,  275.54167       
# span 8 =     8.6494,    35.5910       
# span 9 =     4.7946,    10.8439       
# span 10 = 0.0000e+00, 0.0000e+00      
# interval = seconds: 0.25
# start_time = May 06 2022 13:54:10 [Instrument's time stamp, header]
# bad_flag = -9.990e-29
*END*
 126.580026      0.539    12.4815  32.164266    27.1217      0.534  275.37295  275.50649     9.2875     4.8310 -9.990e-29
 126.580029      0.543    12.4805  32.161949    27.1203      0.538  275.38153  275.51502     9.3187     4.7946 -9.990e-29
 126.580032      0.546    12.4801  32.163050    27.1216      0.541  275.38113  275.51459    10.1280     6.0482 -9.990e-29
 126.580035      0.561    12.4802  32.163861    27.1223      0.556  275.37937  275.51283    10.0191     5.9996 -9.990e-29
 126.580038      0.586    12.4805  32.161022    27.1183      0.581  275.38322  275.51673    10.0813     6.0563 -9.990e-29
 126.580041      0.616    12.4802  32.159632    27.1182      0.610  275.38700  275.52050     9.9724     6.0199 0.0000e+00
 126.580043      0.650    12.4795  32.158995    27.1183      0.644  275.39100  275.52447    10.0191     5.7772 0.0000e+00
 126.580046      0.676    12.4786  32.161023    27.1194      0.670  275.39148  275.52486    10.0191     5.7813 0.0000e+00
 126.580049      0.705    12.4787  32.161197    27.1207      0.699  275.39087  275.52425    10.1903     5.7692 -9.990e-29
 126.580052      0.725    12.4790  32.160386    27.1198      0.718  275.39076  275.52418     9.9879     5.8096 -9.990e-29
 126.580055      0.745    12.4790  32.160444    27.1198      0.738  275.39067  275.52409     9.8945     5.7894 -9.990e-29
 126.580058      0.771    12.4790  32.161023    27.1204      0.764  275.38996  275.52337    10.1280     6.0603 -9.990e-29
 126.580061      0.792    12.4792  32.161834    27.1193      0.785  275.38758  275.52099    10.0502     6.0118 -9.990e-29
 126.580064      0.818    12.4795  32.160212    27.1186      0.811  275.38925  275.52269    10.0191     6.0239 0.0000e+00
 126.580067      0.851    12.4798  32.158996    27.1186      0.843  275.39019  275.52367     9.9879     5.9996 0.0000e+00
 126.580069      0.877    12.4801  32.161197    27.1179      0.869  275.38468  275.51816     9.6611     5.9673 -9.990e-29
 126.580072      0.900    12.4810  32.160618    27.1185      0.892  275.38164  275.51518     9.7856     5.9309 -9.990e-29
 126.580075      0.920    12.4812  32.159228    27.1170      0.912  275.38320  275.51678     9.7078     5.9511 -9.990e-29
 126.580078      0.940    12.4809  32.161023    27.1190      0.932  275.38156  275.51510     9.6922     5.9309 -9.990e-29
 126.580081      0.960    12.4813  32.161429    27.1190      0.952  275.37896  275.51252     9.7856     5.8217 -9.990e-29
 126.580084      0.980    12.4824  32.161834    27.1169      0.972  275.37320  275.50683     9.6299     5.8015 -9.990e-29
 126.580087      1.008    12.4835  32.160850    27.1170      0.999  275.37026  275.50397     9.7856     5.7772 0.0000e+00
 126.580090      1.035    12.4829  32.160618    27.1171      1.026  275.37321  275.50689     9.6611     5.8056 0.0000e+00
 126.580093      1.066    12.4824  32.161603    27.1177      1.057  275.37367  275.50730     9.8945     5.7125 0.0000e+00
 126.580095      1.097    12.4820  32.162414    27.1183      1.088  275.37413  275.50772    10.1280     5.7489 -9.990e-29
 126.580098      1.119    12.4817  32.163457    27.1206      1.109  275.37353  275.50710    10.0502     5.7449 -9.990e-29
 126.580101      1.143    12.4822  32.164036    27.1207      1.133  275.37030  275.50389    10.0502     5.7489 -9.990e-29
 126.580104      1.168    12.4827  32.162820    27.1193      1.158  275.37061  275.50424     9.9257     5.7732 -9.990e-29
 126.580107      1.185    12.4824  32.165253    27.1218      1.174  275.36751  275.50110    10.0813     5.5508 -9.990e-29
 126.580110      1.200    12.4818  32.165658    27.1225      1.189  275.36931  275.50286    10.0502     5.5670 -9.990e-29
 126.580113      1.216    12.4807  32.163863    27.1216      1.205  275.37728  275.51078    10.0657     5.5346 -9.990e-29
 126.580116      1.237    12.4802  32.164268    27.1224      1.226  275.37909  275.51254     9.9257     5.5670 -9.990e-29
 126.580119      1.258    12.4801  32.165079    27.1239      1.247  275.37796  275.51140    10.4704     5.5589 -9.990e-29
 126.580122      1.285    12.4793  32.165195    27.1257      1.274  275.38124  275.51463    10.4860     5.6195 0.0000e+00
 126.580124      1.316    12.4785  32.168497    27.1275      1.304  275.37911  275.51241    10.4548     5.5468 0.0000e+00
 126.580127      1.343    12.4773  32.168903    27.1281      1.331  275.38344  275.51666    10.4548     5.5589 0.0000e+00
 126.580130      1.373    12.4769  32.169077    27.1287      1.361  275.38504  275.51823     9.5210     5.5265 -9.990e-29
 126.580133      1.393    12.4770  32.169077    27.1291      1.380  275.38474  275.51793     9.4899     5.5063 -9.990e-29
 126.580136      1.417    12.4771  32.169714    27.1300      1.404  275.38329  275.51649     9.5210     5.4861 -9.990e-29
 126.580139      1.444    12.4768  32.169888    27.1300      1.431  275.38426  275.51743     9.6299     5.4578 0.0000e+00
 126.580142      1.479    12.4771  32.162242    27.1300      1.466  275.39644  275.52971     9.4587     5.5144 -9.990e-29
 126.580145      1.503    12.4784  32.161141    27.1207      1.489  275.39276  275.52613     9.3654     5.4740 -9.990e-29
 126.580148      1.525    12.4795  32.164848    27.1233      1.511  275.38107  275.51448     9.5054     5.5144 -9.990e-29
 126.580150      1.546    12.4800  32.167455    27.1254      1.533  275.37420  275.50761     9.4899     5.4942 -9.990e-29
 126.580153      1.565    12.4807  32.167455    27.1249      1.551  275.37137  275.50483     9.5366     5.4740 -9.990e-29
 126.580156      1.577    12.4819  32.163053    27.1199      1.563  275.37393  275.50751     9.5677     5.5387 -9.990e-29
 126.580159      1.597    12.4826  32.161025    27.1175      1.583  275.37443  275.50808     9.7856     5.5953 -9.990e-29
 126.580162      1.621    12.4830  32.157202    27.1101      1.607  275.37942  275.51314     9.9101     5.5670 -9.990e-29
 126.580165      1.647    12.4832  32.153495    27.1099      1.632  275.38546  275.51923     9.7700     5.5629 0.0000e+00
 126.580168      1.674    12.4832  32.153148    27.1097      1.659  275.38611  275.51987    10.1124     5.6236 0.0000e+00
 126.580171      1.704    12.4832  32.150310    27.1070      1.688  275.39091  275.52471    10.0191     5.5912 0.0000e+00
 126.580174      1.735    12.4832  32.149963    27.1067      1.719  275.39155  275.52535    10.0191     5.6195 0.0000e+00
 126.580177      1.762    12.4832  32.149731    27.1066      1.746  275.39230  275.52610     9.9724     5.6236 0.0000e+00
 126.580179      1.789    12.4834  32.149731    27.1065      1.773  275.39137  275.52519     9.5210     5.3041 -9.990e-29
 126.580182      1.813    12.4832  32.149558    27.1063      1.797  275.39233  275.52614     9.5677     5.3486 -9.990e-29
 126.580185      1.833    12.4832  32.149326    27.1061      1.817  275.39308  275.52688     9.4899     5.2718 -9.990e-29
 126.580188      1.849    12.4832  32.153322    27.1098      1.833  275.38559  275.51936     9.4587     5.3284 -9.990e-29
 126.580191      1.866    12.4834  32.152338    27.1087      1.849  275.38643  275.52022     9.0541     5.6842 -9.990e-29
 126.580194      1.888    12.4836  32.147936    27.1045      1.871  275.39340  275.52725     9.0696     5.6438 -9.990e-29
 126.580197      1.909    12.4834  32.147531    27.1043      1.892  275.39540  275.52924     9.1163     5.6883 -9.990e-29
 126.580200      1.933    12.4835  32.144114    27.1016      1.916  275.40093  275.53481     9.0229     5.7125 -9.990e-29
 126.580203      1.959    12.4831  32.144519    27.1016      1.941  275.40211  275.53596     9.0229     5.6964 0.0000e+00
 126.580205      1.988    12.4828  32.144867    27.1016      1.970  275.40276  275.53659     9.2720     5.5670 -9.990e-29
 126.580208      2.013    12.4828  32.144693    27.1020      1.995  275.40309  275.53692     9.2720     5.5710 -9.990e-29
 126.580211      2.041    12.4828  32.144636    27.1019      2.022  275.40321  275.53704     9.3187     5.5629 -9.990e-29
 126.580214      2.066    12.4827  32.146315    27.1035      2.048  275.40053  275.53434     9.2720     5.5589 -9.990e-29
 126.580217      2.090    12.4826  32.146084    27.1034      2.071  275.40159  275.53539     9.4276     5.1181 -9.990e-29
 126.580220      2.115    12.4823  32.144867    27.1025      2.096  275.40505  275.53885     9.3031     5.1020 -9.990e-29
 126.580223      2.133    12.4820  32.144520    27.1024      2.114  275.40695  275.54073     9.2408     5.1303 -9.990e-29
 126.580226      2.148    12.4822  32.143709    27.1014      2.129  275.40747  275.54127     9.2097     5.0858 -9.990e-29
 126.580229      2.170    12.4821  32.144868    27.1026      2.151  275.40604  275.53982     9.6611     5.3567 -9.990e-29
 126.580231      2.194    12.4822  32.146489    27.1040      2.174  275.40251  275.53628     9.7545     5.3567 -9.990e-29
 126.580234      2.218    12.4825  32.151123    27.1081      2.198  275.39294  275.52669     9.8790     5.3608 -9.990e-29
 126.580237      2.239    12.4827  32.153671    27.1103      2.219  275.38743  275.52117     9.8012     5.3324 -9.990e-29
 126.580240      2.263    12.4827  32.156973    27.1135      2.243  275.38184  275.51553     9.1786     5.2354 -9.990e-29
 126.580243      2.291    12.4831  32.158826    27.1149      2.270  275.37663  275.51034     8.9918     5.2758 -9.990e-29
 126.580246      2.312    12.4836  32.158015    27.1133      2.292  275.37558  275.50934     9.0074     5.2111 -9.990e-29
 126.580249      2.340    12.4844  32.158189    27.1131      2.319  275.37182  275.50562     9.0074     5.2435 0.0000e+00
 126.580252      2.369    12.4844  32.157610    27.1128      2.348  275.37319  275.50700     9.1163     5.2435 0.0000e+00
 126.580255      2.400    12.4841  32.155177    27.1118      2.379  275.37884  275.51266     9.3031     5.1060 0.0000e+00
 126.580258      2.426    12.4838  32.155004    27.1107      2.404  275.38044  275.51423     9.2253     5.1100 -9.990e-29
 126.580260      2.448    12.4836  32.154193    27.1101      2.426  275.38285  275.51664     9.2097     5.1100 -9.990e-29
 126.580263      2.468    12.4837  32.153788    27.1097      2.446  275.38296  275.51676     9.3498     5.1303 -9.990e-29
 126.580266      2.485    12.4836  32.153151    27.1092      2.462  275.38475  275.51855    10.3303     5.2233 -9.990e-29
 126.580269      2.503    12.4838  32.149560    27.1056      2.480  275.39026  275.52411    10.1280     5.2394 -9.990e-29
 126.580272      2.526    12.4833  32.148749    27.1052      2.504  275.39394  275.52776    10.1903     5.2233 -9.990e-29
 126.580275      2.547    12.4826  32.147707    27.1048      2.524  275.39898  275.53277    10.2992     5.2152 -9.990e-29
 126.580278      2.571    12.4820  32.148112    27.1054      2.548  275.40079  275.53454    10.0502     5.1869 -9.990e-29
 126.580281      2.598    12.4815  32.147533    27.1043      2.574  275.40406  275.53777     9.9724     5.1586 0.0000e+00
 126.580284      2.631    12.4816  32.145217    27.1047      2.607  275.40792  275.54167     9.9724     5.1909 0.0000e+00
 126.580286      2.658    12.4811  32.146491    27.1047      2.634  275.40786  275.54156    10.0502     5.1828 0.0000e+00
 126.580289      2.687    12.4810  32.148750    27.1069      2.663  275.40445  275.53812     9.9568     5.0049 0.0000e+00
 126.580292      2.718    12.4810  32.163867    27.1139      2.694  275.37732  275.51084    10.0502     4.9766 0.0000e+00
 126.580295      2.746    12.4811  32.158017    27.1210      2.721  275.38722  275.52080     9.9879     4.9523 -9.990e-29
 126.580298      2.768    12.4812  32.172151    27.1285      2.743  275.36153  275.49498    10.0035     4.9685 -9.990e-29
 126.580301      2.788    12.4816  32.181016    27.1365      2.763  275.34374  275.47712    10.0502     4.9928 -9.990e-29
 126.580304      2.804    12.4822  32.184782    27.1395      2.779  275.33415  275.46754    11.5288     5.1909 -9.990e-29
 126.580307      2.819    12.4825  32.191503    27.1456      2.793  275.32083  275.45417    11.4976     5.1828 -9.990e-29
 126.580310      2.835    12.4829  32.193705    27.1474      2.809  275.31531  275.44865    11.4043     5.1828 -9.990e-29
 126.580313      2.857    12.4832  32.197762    27.1509      2.831  275.30646  275.43979    11.4198     5.1384 -9.990e-29
 126.580315      2.878    12.4834  32.198573    27.1515      2.853  275.30408  275.43741     9.4587     5.2677 -9.990e-29
 126.580318      2.902    12.4832  32.191677    27.1479      2.876  275.31773  275.45112     9.4432     5.2030 -9.990e-29
 126.580321      2.931    12.4829  32.194343    27.1489      2.905  275.31423  275.44757     9.4899     5.2556 0.0000e+00
 126.580324      2.957    12.4827  32.196371    27.1499      2.930  275.31155  275.44485     9.5366     5.2354 0.0000e+00
 126.580327      2.988    12.4829  32.197298    27.1507      2.961  275.30896  275.44227     9.5054     5.0494 0.0000e+00
 126.580330      3.019    12.4832  32.198573    27.1507      2.992  275.30543  275.43875     9.5521     5.0534 0.0000e+00
 126.580333      3.046    12.4834  32.196777    27.1506      3.019  275.30741  275.44077     9.5677     5.0737 0.0000e+00
 126.580336      3.072    12.4836  32.199153    27.1497      3.044  275.30253  275.43587     9.6144     5.0534 -9.990e-29
 126.580339      3.093    12.4838  32.199385    27.1519      3.066  275.30119  275.43454     9.1008     4.9928 -9.990e-29
 126.580341      3.115    12.4841  32.203616    27.1556      3.088  275.29234  275.42567     9.0852     4.9806 -9.990e-29
 126.580344      3.134    12.4845  32.207441    27.1589      3.106  275.28360  275.41692     9.0541     4.9928 -9.990e-29
 126.580347      3.152    12.4849  32.208832    27.1599      3.124  275.27922  275.41256     8.9451     4.9928 -9.990e-29
 126.580350      3.176    12.4853  32.215323    27.1656      3.147  275.26569  275.39899     9.0852     4.9847 -9.990e-29
 126.580353      3.201    12.4849  32.215961    27.1676      3.172  275.26645  275.39972    10.0969     5.1141 -9.990e-29
 126.580356      3.227    12.4847  32.216946    27.1676      3.198  275.26565  275.39889    10.0191     5.1343 0.0000e+00
 126.580359      3.254    12.4845  32.219149    27.1676      3.225  275.26266  275.39586     9.8945     5.0939 -9.990e-29
 126.580362      3.278    12.4838  32.217179    27.1736      3.249  275.26936  275.40253     9.9724     5.0898 -9.990e-29
 126.580365      3.307    12.4836  32.222627    27.1730      3.278  275.26022  275.39334    11.8712     5.2192 0.0000e+00
 126.580367      3.333    12.4836  32.221178    27.1730      3.303  275.26316  275.39628    11.7311     5.2435 0.0000e+00
 126.580370      3.362    12.4834  32.221990    27.1723      3.332  275.26235  275.39545    11.6844     5.2111 -9.990e-29
 126.580373      3.385    12.4831  32.224251    27.1755      3.355  275.25988  275.39294    11.6533     5.2637 -9.990e-29
 126.580376      3.413    12.4830  32.228077    27.1791      3.382  275.25334  275.38636     8.7117     5.3244 -9.990e-29
 126.580379      3.431    12.4832  32.228251    27.1791      3.400  275.25210  275.38513     8.6961     5.2961 -9.990e-29
 126.580382      3.448    12.4834  32.227266    27.1781      3.417  275.25325  275.38630     8.8517     5.2637 -9.990e-29
 126.580385      3.467    12.4834  32.228483    27.1792      3.436  275.25108  275.38411     8.7584     5.2920 -9.990e-29
 126.580388      3.487    12.4832  32.231208    27.1819      3.456  275.24714  275.38014    10.7817     5.4457 -9.990e-29
 126.580391      3.509    12.4828  32.235962    27.1866      3.478  275.24020  275.37312    10.7506     5.4093 -9.990e-29
 126.580394      3.535    12.4826  32.239615    27.1901      3.503  275.23460  275.36747    10.8284     5.4457 -9.990e-29
 126.580396      3.560    12.4829  32.239383    27.1897      3.528  275.23377  275.36667    10.7039     5.4457 -9.990e-29
 126.580399      3.590    12.4831  32.239615    27.1897      3.558  275.23243  275.36534    10.6572     5.4457 -9.990e-29
 126.580402      3.609    12.4832  32.240601    27.1911      3.577  275.23004  275.36295    10.8595     5.5225 -9.990e-29
