Processed/SBE19plus_01907321_2022_05_04_Cast15_wfilter.cnv
* Sea-Bird SBE19plus  Data File:
* FileName = E:\Prandtl Daten\2022\CTD\Raw\SBE19plus_01907321_2022_05_04_Cast15.hex
* Software version 2.6.1.12
* Temperature SN = 7321
* Conductivity SN = 7321
* System UpLoad Time = May 04 2022 09:43:43
* <ApplicationData>
* <Seaterm232>
** Messpraktikum 2022
** CTD 04.05 NM
# nquan = 11
# nvalues = 337                         
# units = specified
# name 0 = timeJ: Julian Days
# name 1 = prdM: Pressure, Strain Gauge [db]
# name 2 = tv290C: Temperature [ITS-90, deg C]
# name 3 = c0mS/cm: Conductivity [mS/cm]
# name 4 = sal00: Salinity, Practical [PSU]
# name 5 = depSM: Depth [salt water, m], lat = 54.00
# name 6 = oxsatMm/Kg: Oxygen Saturation, Weiss [umol/kg]
# name 7 = oxsolMm/Kg: Oxygen Saturation, Garcia & Gordon [umol/kg]
# name 8 = turbWETntu0: Turbidity, WET Labs ECO [NTU]
# name 9 = flECO-AFL: Fluorescence, WET Labs ECO-AFL/FL [mg/m^3]
# name 10 = flag:  0.000e+00
# span 0 = 124.400171, 124.401143       
# span 1 =      0.592,      9.065       
# span 2 =    11.1061,    11.4497       
# span 3 =  25.672584,  28.914795       
# span 4 =    21.7634,    25.0159       
# span 5 =      0.587,      8.984       
# span 6 =  287.85989,  292.58566       
# span 7 =  287.93524,  292.71725       
# span 8 =    43.7934,   147.9646       
# span 9 =    12.3603,    15.7610       
# span 10 = 0.0000e+00, 0.0000e+00      
# interval = seconds: 0.25
# start_time = May 04 2022 09:34:48 [Instrument's time stamp, header]
# bad_flag = -9.990e-29
*END*
[from data line 263]
 124.400932      7.200    11.1089  28.890166    24.9978      7.136  287.90342  287.97912   106.6727    13.8322 -9.990e-29
 124.400935      7.224    11.1088  28.883774    24.9868      7.159  287.91649  287.99225   106.4082    13.8443 -9.990e-29
 124.400938      7.240    11.1089  28.889054    24.9918      7.176  287.90593  287.98164   105.5366    14.0708 -9.990e-29
 124.400940      7.251    11.1084  28.892278    24.9952      7.186  287.90202  287.97766   105.7389    14.1031 -9.990e-29
 124.400943      7.259    11.1078  28.888276    24.9918      7.194  287.91278  287.98842   105.4743    14.0950 -9.990e-29
 124.400946      7.273    11.1074  28.889777    24.9934      7.208  287.91154  287.98714   105.7389    14.0950 -9.990e-29
 124.400949      7.292    11.1072  28.889055    24.9967      7.227  287.91395  287.98955   105.5054    14.0748 -9.990e-29
 124.400952      7.323    11.1070  28.892946    24.9969      7.257  287.90776  287.98329   117.1941    14.0748 0.0000e+00
 124.400955      7.355    11.1066  28.893168    24.9972      7.290  287.90902  287.98452   117.0696    14.0788 0.0000e+00
 124.400958      7.401    11.1063  28.895225    24.9993      7.335  287.90639  287.98185   117.0074    14.0788 0.0000e+00
 124.400961      7.447    11.1061  28.898783    25.0028      7.380  287.90053  287.97593   117.2097    14.0829 0.0000e+00
 124.400964      7.489    11.1061  28.902952    25.0068      7.422  287.89247  287.96782   114.9062    13.4440 0.0000e+00
 124.400966      7.533    11.1061  28.905787    25.0094      7.465  287.88734  287.96265   115.0930    13.4359 0.0000e+00
 124.400969      7.578    11.1061  28.905787    25.0095      7.510  287.88704  287.96236   115.2331    13.4966 0.0000e+00
 124.400972      7.613    11.1064  28.906343    25.0094      7.545  287.88466  287.95998   115.2486    13.4561 -9.990e-29
 124.400975      7.635    11.1066  28.907622    25.0109      7.566  287.88119  287.95652   119.0463    13.4319 -9.990e-29
 124.400978      7.657    11.1070  28.908401    25.0113      7.588  287.87771  287.95305   119.2175    13.3874 -9.990e-29
 124.400981      7.668    11.1072  28.906677    25.0096      7.599  287.88039  287.95576   119.1708    13.4197 -9.990e-29
 124.400984      7.678    11.1072  28.908234    25.0110      7.610  287.87705  287.95241   119.1241    13.4521 -9.990e-29
 124.400987      7.691    11.1076  28.908345    25.0108      7.622  287.87484  287.95023   124.2914    14.5560 -9.990e-29
 124.400990      7.707    11.1077  28.909346    25.0117      7.638  287.87258  287.94796   124.2136    14.5964 -9.990e-29
 124.400992      7.720    11.1077  28.909346    25.0117      7.651  287.87259  287.94797   124.0735    14.6005 -9.990e-29
 124.400995      7.738    11.1077  28.909123    25.0115      7.669  287.87303  287.94842   124.2136    14.6247 -9.990e-29
 124.400998      7.753    11.1078  28.909735    25.0120      7.683  287.87119  287.94658   124.1980    14.5803 -9.990e-29
 124.401001      7.762    11.1077  28.908790    25.0112      7.693  287.87370  287.94909   122.9840    14.0384 -9.990e-29
 124.401004      7.777    11.1076  28.910847    25.0132      7.707  287.87005  287.94541   122.8906    14.0788 -9.990e-29
 124.401007      7.796    11.1078  28.911236    25.0135      7.727  287.86865  287.94401   122.8751    14.0182 -9.990e-29
 124.401010      7.820    11.1076  28.911904    25.0142      7.750  287.86803  287.94338   123.0774    14.0222 -9.990e-29
 124.401013      7.844    11.1075  28.911959    25.0151      7.774  287.86861  287.94394   122.5482    13.9656 -9.990e-29
 124.401016      7.871    11.1074  28.912738    25.0147      7.800  287.86745  287.94277   122.5794    14.0546 0.0000e+00
 124.401019      7.904    11.1076  28.911959    25.0151      7.833  287.86798  287.94333   122.6105    14.0424 0.0000e+00
 124.401021      7.948    11.1078  28.913850    25.0159      7.877  287.86335  287.93869   122.5482    14.0303 0.0000e+00
 124.401024      7.999    11.1082  28.914795    25.0159      7.927  287.85989  287.93524   108.7117    13.6421 0.0000e+00
 124.401027      8.048    11.1086  28.913072    25.0146      7.976  287.86127  287.93667   108.7272    13.6340 0.0000e+00
 124.401030      8.103    11.1091  28.910459    25.0117      8.031  287.86371  287.93918   108.6027    13.6462 0.0000e+00
 124.401033      8.149    11.1091  28.908680    25.0102      8.076  287.86752  287.94301   108.8050    13.6704 0.0000e+00
 124.401036      8.189    11.1086  28.908569    25.0101      8.116  287.86976  287.94522   100.1669    12.9871 0.0000e+00
 124.401039      8.220    11.1080  28.908569    25.0102      8.147  287.87311  287.94852   100.3070    12.9628 -9.990e-29
 124.401042      8.235    11.1075  28.906345    25.0088      8.161  287.87975  287.95516   100.3070    12.9102 -9.990e-29
 124.401045      8.244    11.1073  28.906178    25.0088      8.170  287.88108  287.95647   100.2603    12.9709 -9.990e-29
 124.401047      8.244    11.1071  28.905178    25.0080      8.170  287.88402  287.95941   100.2447    12.9871 -9.990e-29
 124.401050      8.242    11.1068  28.905011    25.0080      8.168  287.88567  287.96104   124.9607    13.8726 -9.990e-29
 124.401053      8.235    11.1067  28.903899    25.0071      8.161  287.88848  287.96386   125.0074    13.9292 -9.990e-29
 124.401056      8.231    11.1063  28.901175    25.0047      8.157  287.89542  287.97081   124.9918    13.9252 -9.990e-29
 124.401059      8.237    11.1062  28.899174    25.0029      8.163  287.89997  287.97538   124.9451    13.9090 -9.990e-29
 124.401062      8.251    11.1062  28.897895    25.0034      8.178  287.90246  287.97788   129.4899    13.7634 -9.990e-29
 124.401065      8.284    11.1061  28.899730    25.0042      8.210  287.89926  287.97465   129.2875    13.7837 0.0000e+00
 124.401068      8.323    11.1066  28.901731    25.0041      8.248  287.89308  287.96848   129.3809    13.7917 0.0000e+00
 124.401071      8.368    11.1075  28.901453    25.0041      8.293  287.88932  287.96479   129.3187    13.7917 0.0000e+00
 124.401073      8.417    11.1079  28.901620    25.0040      8.342  287.88704  287.96253   129.2875    13.5572 0.0000e+00
 124.401076      8.460    11.1085  28.901231    25.0039      8.384  287.88483  287.96037   129.4120    13.5410 0.0000e+00
 124.401079      8.500    11.1092  28.902454    25.0036      8.424  287.87916  287.95473   129.3031    13.5249 0.0000e+00
 124.401082      8.531    11.1100  28.900509    25.0039      8.454  287.87896  287.95461   129.5366    13.5127 -9.990e-29
 124.401085      8.556    11.1105  28.900898    25.0015      8.480  287.87589  287.95157   131.6844    13.6583 -9.990e-29
 124.401088      8.575    11.1107  28.901231    25.0016      8.498  287.87393  287.94962   131.7000    13.6300 -9.990e-29
 124.401091      8.589    11.1109  28.894060    24.9947      8.513  287.88717  287.96296   131.5755    13.6462 -9.990e-29
 124.401094      8.606    11.1110  28.897507    24.9979      8.529  287.87983  287.95560   131.6533    13.6704 -9.990e-29
 124.401097      8.627    11.1111  28.897507    24.9971      8.550  287.87952  287.95528   131.6066    13.6704 -9.990e-29
 124.401100      8.662    11.1114  28.896951    24.9963      8.585  287.87928  287.95508   133.7233    13.8281 0.0000e+00
 124.401102      8.691    11.1116  28.895450    24.9955      8.613  287.88088  287.95671   133.8012    13.8524 0.0000e+00
 124.401105      8.726    11.1118  28.894505    24.9944      8.648  287.88174  287.95759   133.8790    13.8281 0.0000e+00
 124.401108      8.760    11.1118  28.893950    24.9939      8.682  287.88317  287.95903   133.7389    13.8443 0.0000e+00
 124.401111      8.793    11.1121  28.892782    24.9933      8.714  287.88379  287.95969   142.2681    13.7756 0.0000e+00
 124.401114      8.819    11.1126  28.892282    24.9926      8.740  287.88212  287.95806   142.5638    13.8200 -9.990e-29
 124.401117      8.831    11.1132  28.892616    24.9917      8.752  287.87882  287.95479   142.4548    13.7149 -9.990e-29
 124.401120      8.848    11.1131  28.891838    24.9910      8.769  287.88067  287.95665   142.2369    13.7917 -9.990e-29
 124.401123      8.861    11.1131  28.892060    24.9912      8.782  287.88058  287.95655   146.3459    13.5329 -9.990e-29
 124.401126      8.875    11.1128  28.891560    24.9909      8.796  287.88256  287.95852   146.4548    13.5168 -9.990e-29
 124.401128      8.894    11.1133  28.890559    24.9897      8.814  287.88251  287.95852   146.5015    13.5046 -9.990e-29
 124.401131      8.912    11.1145  28.888503    24.9869      8.832  287.88052  287.95663   146.5171    13.5410 -9.990e-29
 124.401134      8.935    11.1154  28.880222    24.9784      8.855  287.89225  287.96853   147.9646    13.5613 -9.990e-29
 124.401137      8.959    11.1162  28.885501    24.9814      8.879  287.87804  287.95432   147.9179    13.6462 -9.990e-29
 124.401140      9.001    11.1167  28.884334    24.9798      8.921  287.87767  287.95399   147.8245    13.6704 0.0000e+00
 124.401143      9.065    11.1170  28.881333    24.9782      8.984  287.88186  287.95825   147.9490    13.6502 0.0000e+00
