Processed/SBE19plus_01907321_2022_05_11_Cast123_wfilter.cnv
* Sea-Bird SBE19plus  Data File:
* FileName = E:\Prandtl_Daten\2022\CTD\Raw\SBE19plus_01907321_2022_05_11_Cast123.hex
* Software version 2.6.1.12
* Temperature SN = 7321
* Conductivity SN = 7321
* System UpLoad Time = May 11 2022 08:13:00
* <ApplicationData>
* <Seaterm232>
** Messpraktikum 2022
** CTD 10.05  BW2
** NMEA Latitude = 54 07.84N
** NMEA Longitude = 008 44.74E
# nquan = 11
# nvalues = 752                         
# units = specified
# name 0 = timeJ: Julian Days
# name 1 = prdM: Pressure, Strain Gauge [db]
# name 2 = tv290C: Temperature [ITS-90, deg C]
# name 3 = c0mS/cm: Conductivity [mS/cm]
# name 4 = sal00: Salinity, Practical [PSU]
# name 5 = depSM: Depth [salt water, m], lat = 54.00
# name 6 = oxsatMm/Kg: Oxygen Saturation, Weiss [umol/kg]
# name 7 = oxsolMm/Kg: Oxygen Saturation, Garcia & Gordon [umol/kg]
# name 8 = turbWETntu0: Turbidity, WET Labs ECO [NTU]
# name 9 = flECO-AFL: Fluorescence, WET Labs ECO-AFL/FL [mg/m^3]
# name 10 = flag:  0.000e+00
# span 0 = 131.335475, 131.337648       
# span 1 =      0.332,     17.702       
# span 2 =    13.3145,    13.5195       
# span 3 =  31.980816,  33.008022       
# span 4 =    26.3515,    27.1512       
# span 5 =      0.330,     17.544       
# span 6 =  269.37945,  271.99198       
# span 7 =  269.57178,  272.18052       
# span 8 =    -0.1755,     9.5677       
# span 9 =     2.5626,     8.6401       
# span 10 = 0.0000e+00, 0.0000e+00      
# interval = seconds: 0.25
# start_time = May 11 2022 08:01:50 [Instrument's time stamp, header]
# bad_flag = -9.990e-29
*END*
[from data line 132]
 131.335856      3.345    13.3150  32.051828    26.4284      3.315  271.89363  272.08153     9.0852     6.8245 -9.990e-29
 131.335859      3.359    13.3156  32.062299    26.4375      3.329  271.87272  272.06058     7.4821     6.4566 -9.990e-29
 131.335862      3.383    13.3166  32.082204    26.4550      3.353  271.83429  272.02203     7.4821     6.4081 -9.990e-29
 131.335865      3.408    13.3183  32.090827    26.4632      3.378  271.81180  271.99958     7.7000     6.4000 -9.990e-29
 131.335868      3.447    13.3204  32.094068    26.4647      3.416  271.79733  271.98520     7.4510     6.3959 0.0000e+00
 131.335871      3.480    13.3221  32.098698    26.4662      3.448  271.78173  271.96967     7.4976     6.3717 0.0000e+00
 131.335874      3.518    13.3235  32.120406    26.4850      3.486  271.73831  271.92615     8.2759     6.8892 0.0000e+00
 131.335877      3.552    13.3256  32.149649    26.4976      3.521  271.67873  271.86645     8.2914     6.9661 0.0000e+00
 131.335880      3.583    13.3284  32.168010    26.5102      3.551  271.63504  271.82277     8.2447     6.9176 -9.990e-29
 131.335883      3.603    13.3315  32.172065    26.5265      3.571  271.61440  271.80229     8.3070     6.9176 -9.990e-29
 131.335885      3.627    13.3337  32.174846    26.5275      3.595  271.60009  271.78809     7.7311     6.8488 -9.990e-29
 131.335888      3.645    13.3347  32.172239    26.5244      3.613  271.60014  271.78822     7.8556     6.8529 -9.990e-29
 131.335891      3.665    13.3352  32.175251    26.5268      3.633  271.59274  271.78083     7.8245     6.8448 -9.990e-29
 131.335894      3.678    13.3358  32.182957    26.5334      3.645  271.57694  271.76500     7.8556     6.9014 -9.990e-29
 131.335897      3.694    13.3365  32.187766    26.5373      3.661  271.56581  271.75387     8.7272     6.9014 -9.990e-29
 131.335900      3.714    13.3370  32.188172    26.5373      3.681  271.56290  271.75098     8.9140     6.9014 -9.990e-29
 131.335903      3.736    13.3375  32.190084    26.5387      3.703  271.55740  271.74550     8.6650     6.9176 -9.990e-29
 131.335906      3.764    13.3379  32.191996    26.5401      3.730  271.55222  271.74033     8.7739     6.9539 -9.990e-29
 131.335909      3.785    13.3382  32.192402    26.5403      3.752  271.55026  271.73838     8.0580     6.9782 -9.990e-29
 131.335911      3.813    13.3385  32.193213    26.5408      3.779  271.54761  271.73575     8.0891     6.9337 -9.990e-29
 131.335914      3.834    13.3387  32.196052    26.5433      3.800  271.54179  271.72991     8.0580     6.8973 -9.990e-29
 131.335917      3.856    13.3390  32.197269    26.5441      3.822  271.53843  271.72656     8.1202     6.9176 -9.990e-29
 131.335920      3.879    13.3391  32.196458    26.5433      3.844  271.53921  271.72735     8.0268     6.9418 -9.990e-29
 131.335923      3.891    13.3394  32.198950    26.5454      3.857  271.53366  271.72180     7.3887     6.1412 -9.990e-29
 131.335926      3.913    13.3397  32.201906    26.5478      3.878  271.52731  271.71545     7.2953     6.0846 -9.990e-29
 131.335929      3.928    13.3400  32.205731    26.5511      3.893  271.51947  271.70759     7.2642     6.0927 -9.990e-29
 131.335932      3.946    13.3405  32.208397    26.5532      3.911  271.51298  271.70111     7.3887     6.1048 -9.990e-29
 131.335935      3.964    13.3410  32.210020    26.5543      3.929  271.50766  271.69581     8.0268     6.5334 -9.990e-29
 131.335938      3.982    13.3413  32.211411    26.5566      3.947  271.50433  271.69247     7.9957     6.5698 -9.990e-29
 131.335940      4.008    13.3417  32.213034    26.5576      3.972  271.49964  271.68780     8.0580     6.4687 0.0000e+00
 131.335943      4.034    13.3418  32.215294    26.5586      3.998  271.49545  271.68359     8.2292     6.5375 0.0000e+00
 131.335946      4.074    13.3421  32.215874    26.5589      4.038  271.49321  271.68136     8.0268     6.5496 0.0000e+00
 131.335949      4.107    13.3422  32.217671    26.5604      4.070  271.48950  271.67765     8.1047     6.5375 0.0000e+00
 131.335952      4.145    13.3423  32.218482    26.5611      4.108  271.48781  271.67596     7.9490     6.5779 0.0000e+00
 131.335955      4.180    13.3424  32.219062    26.5613      4.142  271.48652  271.67466     8.1358     6.5213 0.0000e+00
 131.335958      4.211    13.3426  32.221729    26.5616      4.173  271.48099  271.66913     7.9957     6.5375 -9.990e-29
 131.335961      4.236    13.3426  32.225381    26.5671      4.198  271.47441  271.66252     7.9957     6.5091 -9.990e-29
 131.335964      4.260    13.3429  32.226077    26.5676      4.222  271.47227  271.66039     8.0268     6.4687 -9.990e-29
 131.335966      4.276    13.3429  32.225555    26.5671      4.238  271.47286  271.66099     7.9957     6.4849 -9.990e-29
 131.335969      4.291    13.3430  32.226540    26.5679      4.253  271.47086  271.65898     8.1513     6.5132 -9.990e-29
 131.335972      4.300    13.3432  32.226946    26.5681      4.262  271.46921  271.65735     7.7311     5.9228 -9.990e-29
 131.335975      4.311    13.3431  32.229787    26.5708      4.273  271.46497  271.65307     7.7311     5.9633 -9.990e-29
 131.335978      4.324    13.3430  32.231642    26.5725      4.285  271.46210  271.65018     7.8712     5.9390 -9.990e-29
 131.335981      4.338    13.3431  32.233265    26.5740      4.300  271.45900  271.64707     7.9023     5.9390 -9.990e-29
 131.335984      4.360    13.3431  32.232628    26.5734      4.321  271.46011  271.64819     8.4938     6.1654 -9.990e-29
 131.335987      4.379    13.3431  32.234831    26.5754      4.339  271.45633  271.64439     8.5249     6.1614 -9.990e-29
 131.335990      4.404    13.3432  32.234831    26.5753      4.365  271.45603  271.64409     8.4315     6.1452 -9.990e-29
 131.335992      4.428    13.3432  32.236280    26.5766      4.389  271.45355  271.64160     8.4626     6.1533 -9.990e-29
 131.335995      4.456    13.3432  32.237672    26.5779      4.416  271.45117  271.63921     7.7778     6.4525 -9.990e-29
 131.335998      4.479    13.3432  32.239701    26.5811      4.439  271.44770  271.63572     7.8089     6.4364 -9.990e-29
 131.336001      4.510    13.3431  32.241151    26.5812      4.470  271.44554  271.63354     7.8245     6.4849 0.0000e+00
 131.336004      4.539    13.3432  32.241325    26.5812      4.499  271.44494  271.63295     7.6844     6.4485 0.0000e+00
 131.336007      4.567    13.3432  32.241963    26.5812      4.526  271.44386  271.63186     7.7934     6.4647 -9.990e-29
 131.336010      4.582    13.3432  32.243528    26.5842      4.541  271.44117  271.62916     8.2603     6.8973 -9.990e-29
 131.336013      4.611    13.3432  32.244746    26.5842      4.569  271.43878  271.62676     8.2914     6.8892 0.0000e+00
 131.336016      4.636    13.3432  32.244166    26.5842      4.595  271.44011  271.62809     8.3381     6.9176 -9.990e-29
 131.336019      4.658    13.3431  32.244340    26.5850      4.616  271.44014  271.62812     8.2603     6.9459 -9.990e-29
 131.336021      4.684    13.3431  32.245558    26.5843      4.642  271.43806  271.62603     7.8245     6.0846 0.0000e+00
 131.336024      4.715    13.3431  32.243993    26.5846      4.672  271.44078  271.62876     7.8401     6.1088 0.0000e+00
 131.336027      4.742    13.3432  32.245152    26.5836      4.700  271.43848  271.62645     7.6844     6.0603 0.0000e+00
 131.336030      4.769    13.3431  32.243123    26.5837      4.727  271.44231  271.63029     7.9023     6.0724 0.0000e+00
 131.336033      4.795    13.3432  32.243935    26.5828      4.752  271.44029  271.62828     9.5210     6.6224 -9.990e-29
 131.336036      4.814    13.3432  32.243355    26.5829      4.771  271.44130  271.62929     9.4432     6.6102 -9.990e-29
 131.336039      4.836    13.3432  32.241732    26.5814      4.793  271.44411  271.63211     9.5210     6.6264 -9.990e-29
 131.336042      4.860    13.3433  32.241326    26.5810      4.817  271.44450  271.63252     9.4587     6.6062 -9.990e-29
 131.336045      4.874    13.3434  32.240514    26.5802      4.831  271.44559  271.63362     8.0268     6.9661 -9.990e-29
 131.336047      4.893    13.3436  32.239123    26.5788      4.849  271.44704  271.63510     8.0113     6.9823 -9.990e-29
 131.336050      4.909    13.3436  32.238485    26.5782      4.865  271.44815  271.63621     8.1669     6.9620 -9.990e-29
 131.336053      4.927    13.3439  32.237673    26.5772      4.883  271.44829  271.63637     7.9801     6.9782 -9.990e-29
 131.336056      4.948    13.3439  32.238311    26.5778      4.903  271.44720  271.63528     8.0891     6.9580 -9.990e-29
 131.336059      4.971    13.3438  32.237905    26.5775      4.927  271.44823  271.63631     8.7584     6.1573 -9.990e-29
 131.336062      5.000    13.3439  32.239007    26.5784      4.956  271.44604  271.63411     8.8206     6.1654 -9.990e-29
 131.336065      5.024    13.3439  32.239529    26.5790      4.979  271.44516  271.63322     8.6961     6.1735 -9.990e-29
 131.336068      5.055    13.3439  32.239703    26.5790      5.010  271.44488  271.63294     8.6650     6.1533 0.0000e+00
 131.336071      5.084    13.3440  32.241327    26.5790      5.039  271.44178  271.62984     7.5755     6.5253 -9.990e-29
 131.336073      5.108    13.3438  32.242950    26.5820      5.062  271.43964  271.62767     7.5132     6.5455 -9.990e-29
 131.336076      5.135    13.3440  32.244168    26.5830      5.089  271.43693  271.62496     7.4976     6.5536 -9.990e-29
 131.336079      5.157    13.3440  32.245386    26.5841      5.111  271.43453  271.62255     7.5132     6.5294 -9.990e-29
 131.336082      5.186    13.3440  32.245328    26.5841      5.140  271.43496  271.62299     7.9646     6.2948 -9.990e-29
 131.336085      5.207    13.3441  32.245792    26.5844      5.160  271.43354  271.62157     8.1513     6.3636 -9.990e-29
 131.336088      5.229    13.3441  32.245154    26.5838      5.182  271.43465  271.62269     7.9179     6.3717 -9.990e-29
 131.336091      5.247    13.3440  32.244574    26.5833      5.200  271.43598  271.62401     8.1202     6.3797 -9.990e-29
 131.336094      5.261    13.3442  32.244748    26.5833      5.214  271.43474  271.62278     6.9840     5.8096 -9.990e-29
 131.336097      5.285    13.3442  32.248401    26.5891      5.238  271.42847  271.61648     7.0307     5.8177 -9.990e-29
 131.336100      5.313    13.3442  32.251069    26.5898      5.265  271.42421  271.61220     7.0152     5.7894 0.0000e+00
 131.336102      5.343    13.3442  32.252692    26.5898      5.296  271.42144  271.60941     7.0463     5.8379 0.0000e+00
 131.336105      5.373    13.3441  32.253678    26.5906      5.325  271.42008  271.60804     6.9218     5.8258 -9.990e-29
 131.336108      5.398    13.3441  32.259942    26.5972      5.350  271.40932  271.59722     7.8401     5.8581 -9.990e-29
 131.336111      5.425    13.3439  32.266205    26.6031      5.377  271.39951  271.58735     7.8245     5.8703 -9.990e-29
 131.336114      5.446    13.3436  32.269279    26.6061      5.397  271.39550  271.58330     7.7778     5.8945 -9.990e-29
 131.336117      5.469    13.3434  32.278792    26.6148      5.421  271.37979  271.56749     7.9023     5.9107 -9.990e-29
 131.336120      5.493    13.3432  32.280997    26.6170      5.444  271.37696  271.56463     6.2214     5.3122 -9.990e-29
 131.336123      5.513    13.3431  32.283259    26.6191      5.464  271.37371  271.56136     6.1280     5.3041 -9.990e-29
 131.336126      5.532    13.3430  32.284651    26.6205      5.482  271.37165  271.55927     6.4548     5.2961 -9.990e-29
 131.336128      5.552    13.3429  32.284419    26.6203      5.502  271.37238  271.56000     6.2836     5.3324 -9.990e-29
 131.336131      5.568    13.3431  32.285638    26.6218      5.518  271.36966  271.55728     6.0191     4.8391 -9.990e-29
 131.336134      5.593    13.3432  32.286276    26.6218      5.543  271.36826  271.55588     5.9724     4.8310 0.0000e+00
 131.336137      5.621    13.3432  32.290859    26.6218      5.571  271.36039  271.54797     5.9568     4.7946 -9.990e-29
 131.336140      5.645    13.3434  32.296023    26.6305      5.594  271.35057  271.53812     5.8945     4.7946 -9.990e-29
 131.336143      5.676    13.3435  32.302695    26.6365      5.625  271.33847  271.52598     5.6611     5.4659 -9.990e-29
 131.336146      5.701    13.3439  32.305945    26.6392      5.650  271.33131  271.51881     5.7545     5.4335 -9.990e-29
 131.336149      5.727    13.3443  32.315462    26.6476      5.675  271.31305  271.50050     5.7389     5.4335 -9.990e-29
 131.336152      5.752    13.3445  32.319292    26.6571      5.701  271.30553  271.49295     5.7545     5.4133 -9.990e-29
 131.336155      5.778    13.3447  32.326199    26.6571      5.726  271.29303  271.48040     5.8167     5.4416 0.0000e+00
 131.336157      5.803    13.3450  32.329855    26.6571      5.751  271.28549  271.47285     6.2992     4.8836 -9.990e-29
 131.336160      5.825    13.3452  32.334325    26.6641      5.773  271.27686  271.46420     6.1903     4.8957 -9.990e-29
 131.336163      5.847    13.3453  32.338156    26.6675      5.795  271.26965  271.45696     6.4237     4.9079 -9.990e-29
 131.336166      5.861    13.3454  32.342045    26.6710      5.809  271.26265  271.44994     6.4548     4.9200 -9.990e-29
 131.336169      5.881    13.3456  32.346922    26.6753      5.829  271.25333  271.44058     6.7973     5.2920 -9.990e-29
 131.336172      5.905    13.3457  32.347444    26.6757      5.852  271.25213  271.43938     6.8906     5.3122 -9.990e-29
 131.336175      5.927    13.3458  32.348722    26.6752      5.874  271.24963  271.43688     6.9529     5.3041 -9.990e-29
 131.336178      5.958    13.3459  32.347096    26.6763      5.904  271.25181  271.43908     6.8284     5.3324 0.0000e+00
 131.336181      5.989    13.3459  32.349361    26.6763      5.936  271.24793  271.43519     6.2992     5.3567 0.0000e+00
 131.336183      6.022    13.3460  32.346922    26.6773      5.968  271.25183  271.43911     6.4860     5.3648 -9.990e-29
 131.336186      6.047    13.3459  32.347271    26.6753      5.993  271.25157  271.43883     6.3926     5.3769 -9.990e-29
 131.336189      6.069    13.3459  32.344484    26.6728      6.015  271.25669  271.44398     6.1903     5.3729 -9.990e-29
 131.336192      6.091    13.3459  32.345471    26.6737      6.036  271.25469  271.44197     6.3459     5.9309 -9.990e-29
 131.336195      6.114    13.3457  32.345065    26.6735      6.060  271.25635  271.44363     6.1280     5.9552 -9.990e-29
 131.336198      6.131    13.3456  32.343439    26.6720      6.076  271.25947  271.44676     6.2369     5.9511 -9.990e-29
 131.336201      6.149    13.3455  32.342627    26.6714      6.094  271.26152  271.44880     6.2369     5.9349 -9.990e-29
 131.336204      6.165    13.3455  32.341292    26.6701      6.110  271.26382  271.45112     6.3303     5.9552 -9.990e-29
 131.336207      6.183    13.3452  32.340189    26.6693      6.128  271.26700  271.45429     8.2914     5.8096 -9.990e-29
 131.336209      6.200    13.3451  32.335139    26.6648      6.144  271.27601  271.46334     8.3226     5.8177 -9.990e-29
 131.336212      6.218    13.3451  32.333339    26.6632      6.163  271.27944  271.46677     8.4159     5.8379 -9.990e-29
 131.336215      6.240    13.3448  32.331308    26.6581      6.184  271.28390  271.47124     8.3226     5.8339 -9.990e-29
 131.336218      6.266    13.3444  32.327245    26.6555      6.210  271.29280  271.48015     7.2175     5.7409 0.0000e+00
 131.336221      6.299    13.3442  32.321383    26.6528      6.242  271.30354  271.49093     7.3576     5.7489 0.0000e+00
 131.336224      6.329    13.3440  32.318481    26.6504      6.273  271.30982  271.49722     7.3109     5.7409 0.0000e+00
 131.336227      6.360    13.3437  32.314651    26.6471      6.303  271.31770  271.50511     7.3109     5.8217 0.0000e+00
 131.336230      6.395    13.3432  32.310009    26.6431      6.338  271.32761  271.51503     8.3226     5.8581 0.0000e+00
