Processed/SBE19plus_01907321_2022_05_05_Cast38_wfilter.cnv
* Sea-Bird SBE19plus  Data File:
* FileName = E:\Prandtl Daten\2022\CTD\Raw\SBE19plus_01907321_2022_05_05_Cast38.hex
* Software version 2.6.1.12
* Temperature SN = 7321
* Conductivity SN = 7321
* System UpLoad Time = May 05 2022 13:49:22
* <ApplicationData>
* <Seaterm232>
** Messpraktikum 2022
** CTD 05.05 BE
# nquan = 11
# nvalues = 752                         
# units = specified
# name 0 = timeJ: Julian Days
# name 1 = prdM: Pressure, Strain Gauge [db]
# name 2 = tv290C: Temperature [ITS-90, deg C]
# name 3 = c0mS/cm: Conductivity [mS/cm]
# name 4 = sal00: Salinity, Practical [PSU]
# name 5 = depSM: Depth [salt water, m], lat = 54.00
# name 6 = oxsatMm/Kg: Oxygen Saturation, Weiss [umol/kg]
# name 7 = oxsolMm/Kg: Oxygen Saturation, Garcia & Gordon [umol/kg]
# name 8 = turbWETntu0: Turbidity, WET Labs ECO [NTU]
# name 9 = flECO-AFL: Fluorescence, WET Labs ECO-AFL/FL [mg/m^3]
# name 10 = flag:  0.000e+00
# span 0 = 125.570573, 125.572746       
# span 1 =      0.597,     18.336       
# span 2 =    12.2978,    12.4649       
# span 3 =  31.983567,  32.095134       
# span 4 =    27.0587,    27.1402       
# span 5 =      0.592,     18.171       
# span 6 =  275.57479,  276.52846       
# span 7 =  275.70790,  276.65154       
# span 8 =    13.7700,    85.5521       
# span 9 =     5.6802,    14.1557       
# span 10 = 0.0000e+00, 0.0000e+00      
# interval = seconds: 0.25
# start_time = May 05 2022 13:40:23 [Instrument's time stamp, header]
# bad_flag = -9.990e-29
*END*
 125.570573      0.597    12.4410  32.080898    27.0731      0.592  275.70331  275.83498    14.6572     6.2665 -9.990e-29
 125.570576      0.603    12.4413  32.080493    27.0725      0.597  275.70246  275.83416    14.5949     6.2827 -9.990e-29
 125.570579      0.603    12.4405  32.079277    27.0719      0.597  275.70812  275.83978    14.5171     6.2423 -9.990e-29
 125.570582      0.605    12.4392  32.079683    27.0732      0.599  275.71339  275.84495    14.7817     6.2504 -9.990e-29
 125.570584      0.610    12.4371  32.079683    27.0748      0.605  275.72286  275.85428    15.0307     6.2746 -9.990e-29
 125.570587      0.606    12.4355  32.079857    27.0760      0.601  275.72949  275.86081    15.0619     6.3110 -9.990e-29
 125.570590      0.621    12.4345  32.079452    27.0764      0.615  275.73497  275.86621    15.0619     6.2706 -9.990e-29
 125.570593      0.648    12.4333  32.079683    27.0774      0.642  275.73962  275.87078    15.0152     6.2544 -9.990e-29
 125.570596      0.670    12.4328  32.079047    27.0772      0.664  275.74330  275.87444    14.8595     5.9835 -9.990e-29
 125.570599      0.694    12.4328  32.080031    27.0782      0.688  275.74155  275.87267    14.8284     5.9309 -9.990e-29
 125.570602      0.708    12.4330  32.079857    27.0787      0.702  275.74092  275.87206    14.8906     5.9228 -9.990e-29
 125.570605      0.736    12.4341  32.081651    27.0782      0.729  275.73266  275.86386    14.8906     5.9835 0.0000e+00
 125.570608      0.761    12.4362  32.082056    27.0782      0.755  275.72280  275.85413    14.3148     5.7085 0.0000e+00
 125.570611      0.787    12.4384  32.083676    27.0776      0.780  275.70980  275.84127    14.1747     5.6802 -9.990e-29
 125.570613      0.803    12.4407  32.085123    27.0746      0.796  275.69710  275.82871    14.0657     5.6964 -9.990e-29
 125.570616      0.831    12.4434  32.084486    27.0746      0.823  275.68628  275.81807    14.2681     5.7287 0.0000e+00
 125.570619      0.860    12.4456  32.086106    27.0745      0.852  275.67328  275.80521    14.3926     5.7449 0.0000e+00
 125.570622      0.893    12.4476  32.087321    27.0742      0.885  275.66228  275.79432    14.2992     5.7651 0.0000e+00
 125.570625      0.918    12.4497  32.088479    27.0738      0.910  275.65106  275.78323    14.4082     5.7449 0.0000e+00
 125.570628      0.951    12.4520  32.088131    27.0728      0.943  275.64129  275.77362    14.4082     5.7853 0.0000e+00
 125.570631      0.982    12.4536  32.089347    27.0718      0.974  275.63218  275.76461    14.3615     5.7611 -9.990e-29
 125.570634      0.992    12.4550  32.091141    27.0724      0.983  275.62233  275.75484    13.7700     5.7489 -9.990e-29
 125.570637      0.999    12.4573  32.092530    27.0720      0.990  275.60974  275.74238    14.0657     5.7813 -9.990e-29
 125.570639      1.014    12.4593  32.093918    27.0719      1.005  275.59841  275.73118    13.8790     5.7853 -9.990e-29
 125.570642      1.034    12.4613  32.095134    27.0716      1.025  275.58709  275.71998    13.9568     5.7732 -9.990e-29
 125.570645      1.050    12.4633  32.095134    27.0681      1.041  275.57858  275.71160    15.1241     6.1007 -9.990e-29
 125.570648      1.077    12.4646  32.093918    27.0671      1.068  275.57479  275.70790    15.0307     6.1210 0.0000e+00
 125.570651      1.107    12.4649  32.092124    27.0662      1.097  275.57677  275.70992    15.1552     6.0724 0.0000e+00
 125.570654      1.136    12.4640  32.090909    27.0660      1.126  275.58308  275.71618    15.2331     6.0643 0.0000e+00
 125.570657      1.170    12.4627  32.088941    27.0657      1.160  275.59232  275.72536    14.8751     6.1533 -9.990e-29
 125.570660      1.194    12.4608  32.088305    27.0655      1.183  275.60200  275.73492    14.8284     6.1614 -9.990e-29
 125.570663      1.214    12.4594  32.087090    27.0654      1.203  275.61051  275.74335    14.8751     6.1735 -9.990e-29
 125.570666      1.236    12.4579  32.085296    27.0648      1.225  275.62038  275.75314    14.9373     6.1654 -9.990e-29
 125.570668      1.258    12.4562  32.085701    27.0667      1.247  275.62693  275.75957    14.0657     5.8622 -9.990e-29
 125.570671      1.291    12.4552  32.085296    27.0667      1.279  275.63241  275.76499    13.9879     5.9390 0.0000e+00
 125.570674      1.320    12.4549  32.084486    27.0667      1.308  275.63515  275.76772    14.0969     5.8824 -9.990e-29
 125.570677      1.342    12.4541  32.083098    27.0654      1.330  275.64114  275.77366    14.1124     5.8905 -9.990e-29
 125.570680      1.364    12.4531  32.083503    27.0666      1.351  275.64516  275.77761    14.0346     5.8703 -9.990e-29
 125.570683      1.376    12.4527  32.084082    27.0673      1.364  275.64570  275.77812    13.9101     6.0360 -9.990e-29
 125.570686      1.395    12.4530  32.085702    27.0686      1.382  275.64154  275.77396    14.0346     6.1331 -9.990e-29
 125.570689      1.416    12.4541  32.087728    27.0697      1.404  275.63286  275.76534    13.8323     6.0886 -9.990e-29
 125.570692      1.437    12.4557  32.087091    27.0680      1.424  275.62707  275.75966    13.9101     6.0482 -9.990e-29
 125.570694      1.462    12.4566  32.085297    27.0640      1.449  275.62621  275.75888    14.9529     6.2180 -9.990e-29
 125.570697      1.495    12.4560  32.083098    27.0636      1.482  275.63271  275.76537    15.2331     6.2867 0.0000e+00
 125.570700      1.528    12.4543  32.080899    27.0640      1.514  275.64427  275.77683    15.1864     6.2018 0.0000e+00
 125.570703      1.557    12.4523  32.080899    27.0639      1.543  275.65344  275.78587    15.3887     6.1937 0.0000e+00
 125.570706      1.583    12.4508  32.076212    27.0646      1.568  275.66852  275.80089    16.0735     6.5213 -9.990e-29
 125.570709      1.606    12.4474  32.071005    27.0589      1.592  275.69306  275.82526    16.1202     6.5334 -9.990e-29
 125.570712      1.625    12.4428  32.070832    27.0620      1.610  275.71390  275.84580    16.1202     6.5091 -9.990e-29
 125.570715      1.643    12.4395  32.068807    27.0625      1.628  275.73240  275.86409    16.0580     6.5294 -9.990e-29
 125.570718      1.663    12.4367  32.066783    27.0627      1.648  275.74868  275.88021    16.1669     6.4728 -9.990e-29
 125.570720      1.681    12.4336  32.065221    27.0634      1.666  275.76508  275.89642    16.0580     6.4566 -9.990e-29
 125.570723      1.696    12.4309  32.062386    27.0630      1.681  275.78251  275.91369    16.0891     6.4485 -9.990e-29
 125.570726      1.722    12.4278  32.060362    27.0630      1.706  275.79975  275.93075    15.9646     6.4849 0.0000e+00
 125.570729      1.749    12.4248  32.057932    27.0630      1.733  275.81772  275.94854    16.1358     6.4849 0.0000e+00
 125.570732      1.776    12.4222  32.057643    27.0637      1.760  275.82963  275.96027    16.2447     6.6749 0.0000e+00
 125.570735      1.805    12.4201  32.055156    27.0645      1.789  275.84360  275.97413    16.4626     6.7032 0.0000e+00
 125.570738      1.832    12.4179  32.054520    27.0639      1.816  275.85455  275.98494    16.3226     6.7679 0.0000e+00
 125.570741      1.862    12.4164  32.052553    27.0646      1.845  275.86474  275.99506    16.2759     6.7356 0.0000e+00
 125.570744      1.888    12.4147  32.052322    27.0644      1.871  275.87276  276.00296    17.2564     6.7962 0.0000e+00
 125.570747      1.915    12.4133  32.049546    27.0648      1.898  275.88409  276.01423    17.3187     6.8084 -9.990e-29
 125.570749      1.940    12.4116  32.047926    27.0630      1.923  275.89461  276.02464    17.1319     6.7801 -9.990e-29
 125.570752      1.962    12.4094  32.045729    27.0625      1.945  275.90869  276.03860    17.2564     6.7882 -9.990e-29
 125.570755      1.975    12.4070  32.044109    27.0627      1.957  275.92204  276.05180    17.3342     6.7801 -9.990e-29
 125.570758      1.986    12.4045  32.042085    27.0626      1.968  275.93706  276.06668    17.3965     6.8205 -9.990e-29
 125.570761      2.008    12.4019  32.040466    27.0629      1.990  275.95136  276.08083    17.1941     6.7962 -9.990e-29
 125.570764      2.028    12.3998  32.038153    27.0623      2.010  275.96502  276.09437    17.2408     6.8165 -9.990e-29
 125.570767      2.050    12.3976  32.038095    27.0630      2.031  275.97525  276.10444    18.4082     6.9014 -9.990e-29
 125.570770      2.081    12.3956  32.035666    27.0630      2.062  275.98849  276.11757    18.3615     6.8650 0.0000e+00
 125.570773      2.114    12.3935  32.035667    27.0630      2.095  275.99767  276.12662    18.3615     6.8569 -9.990e-29
 125.570775      2.139    12.3919  32.034857    27.0651      2.120  276.00641  276.13526    18.2214     6.8731 -9.990e-29
 125.570778      2.167    12.3905  32.034048    27.0654      2.147  276.01420  276.14296    18.2525     6.8569 0.0000e+00
 125.570781      2.192    12.3888  32.033470    27.0654      2.173  276.02284  276.15150    18.7194     6.8448 0.0000e+00
 125.570784      2.218    12.3870  32.032487    27.0658      2.198  276.03253  276.16107    18.7039     6.8448 -9.990e-29
 125.570787      2.240    12.3856  32.033065    27.0677      2.220  276.03782  276.16626    18.5949     6.8609 -9.990e-29
 125.570790      2.267    12.3847  32.032660    27.0680      2.247  276.04267  276.17105    18.4393     6.8609 -9.990e-29
 125.570793      2.280    12.3839  32.032198    27.0681      2.260  276.04699  276.17532    16.5249     6.4849 -9.990e-29
 125.570796      2.295    12.3834  32.031446    27.0677      2.274  276.05056  276.17887    16.4938     6.4242 -9.990e-29
 125.570799      2.313    12.3830  32.032661    27.0692      2.292  276.05028  276.17855    16.4938     6.5011 -9.990e-29
 125.570802      2.337    12.3829  32.034454    27.0709      2.316  276.04737  276.17562    16.4626     6.4566 -9.990e-29
 125.570804      2.359    12.3849  32.038271    27.0735      2.337  276.03197  276.16031    16.2603     6.3717 -9.990e-29
 125.570807      2.386    12.3880  32.041105    27.0726      2.365  276.01298  276.14150    16.4159     6.3595 0.0000e+00
 125.570810      2.415    12.3914  32.041914    27.0719      2.394  275.99607  276.12481    16.2292     6.4081 0.0000e+00
 125.570813      2.448    12.3940  32.044112    27.0717      2.426  275.98076  276.10965    16.4626     6.4121 0.0000e+00
 125.570816      2.477    12.3964  32.044285    27.0711      2.455  275.96973  276.09878    16.4626     6.3797 0.0000e+00
 125.570819      2.503    12.3982  32.045500    27.0704      2.480  275.95935  276.08851    16.3381     6.5091 -9.990e-29
 125.570822      2.526    12.3995  32.045731    27.0695      2.504  275.95326  276.08251    16.2914     6.4930 -9.990e-29
 125.570825      2.548    12.4005  32.044806    27.0679      2.525  275.95053  276.07985    16.3692     6.4849 -9.990e-29
 125.570828      2.570    12.4008  32.045095    27.0679      2.547  275.94844  276.07778    16.4938     6.4768 -9.990e-29
 125.570830      2.588    12.4010  32.045500    27.0681      2.565  275.94678  276.07613    16.7739     6.5819 -9.990e-29
 125.570833      2.605    12.4015  32.045905    27.0682      2.581  275.94416  276.07354    16.7272     6.5779 -9.990e-29
 125.570836      2.625    12.4020  32.046310    27.0681      2.601  275.94092  276.07033    16.7272     6.6224 -9.990e-29
 125.570839      2.647    12.4029  32.045905    27.0671      2.623  275.93788  276.06735    16.8829     6.6102 -9.990e-29
 125.570842      2.666    12.4029  32.044517    27.0658      2.643  275.94039  276.06988    16.5871     6.5981 -9.990e-29
 125.570845      2.694    12.4017  32.044112    27.0663      2.670  275.94619  276.07561    16.3848     6.5981 -9.990e-29
 125.570848      2.718    12.4006  32.044517    27.0674      2.693  275.95053  276.07986    16.7272     6.6224 -9.990e-29
 125.570851      2.741    12.3998  32.044691    27.0685      2.717  275.95371  276.08299    16.4159     6.5981 -9.990e-29
 125.570854      2.771    12.3992  32.044633    27.0685      2.746  275.95667  276.08591    15.7311     6.4242 0.0000e+00
 125.570856      2.798    12.3988  32.044922    27.0685      2.773  275.95806  276.08727    15.8245     6.4242 -9.990e-29
 125.570859      2.823    12.3982  32.045328    27.0699      2.798  275.95987  276.08904    15.9646     6.3757 -9.990e-29
 125.570862      2.853    12.3981  32.046311    27.0709      2.827  275.95875  276.08790    15.8089     6.4202 -9.990e-29
 125.570865      2.877    12.3981  32.047699    27.0721      2.851  275.95595  276.08508    15.6844     6.4323 -9.990e-29
 125.570868      2.897    12.3991  32.052153    27.0756      2.871  275.94351  276.07266    14.2525     6.1210 -9.990e-29
 125.570871      2.917    12.4018  32.057360    27.0785      2.891  275.92213  276.05142    14.2369     6.1735 -9.990e-29
 125.570874      2.935    12.4063  32.061756    27.0794      2.909  275.89433  276.02387    14.0813     6.1533 -9.990e-29
 125.570877      2.950    12.4120  32.063607    27.0769      2.923  275.86512  275.99503    14.0813     6.1169 -9.990e-29
 125.570880      2.972    12.4169  32.065227    27.0749      2.945  275.84043  275.97066    15.2019     6.3636 -9.990e-29
 125.570883      2.995    12.4207  32.065111    27.0721      2.969  275.82361  275.95409    15.0307     6.3555 -9.990e-29
 125.570885      3.023    12.4231  32.064821    27.0701      2.996  275.81374  275.94437    15.2642     6.3312 -9.990e-29
 125.570888      3.048    12.4248  32.064416    27.0668      3.021  275.80691  275.93766    15.1864     6.3797 -9.990e-29
 125.570891      3.074    12.4250  32.062796    27.0661      3.046  275.80889  275.93968    16.7117     6.6021 0.0000e+00
 125.570894      3.099    12.4238  32.060366    27.0654      3.072  275.81865  275.94938    16.8673     6.6183 0.0000e+00
 125.570897      3.127    12.4210  32.056548    27.0646      3.099  275.83786  275.96845    16.8050     6.5981 0.0000e+00
 125.570900      3.154    12.4168  32.053772    27.0638      3.126  275.86183  275.99216    17.0229     6.5900 -9.990e-29
 125.570903      3.178    12.4129  32.053368    27.0667      3.149  275.87994  276.01001    15.1552     6.3353 -9.990e-29
 125.570906      3.200    12.4104  32.054178    27.0692      3.171  275.88954  276.01944    15.0930     6.3231 -9.990e-29
 125.570909      3.218    12.4094  32.055971    27.0716      3.189  275.89074  276.02056    15.1864     6.3717 -9.990e-29
 125.570911      3.232    12.4099  32.057476    27.0727      3.204  275.88615  276.01597    14.9218     6.3717 -9.990e-29
 125.570914      3.245    12.4118  32.060194    27.0738      3.216  275.87241  276.00235    15.0930     6.3514 -9.990e-29
 125.570917      3.265    12.4145  32.060194    27.0719      3.236  275.86043  275.99054    15.2642     6.4081 -9.990e-29
 125.570920      3.287    12.4166  32.059558    27.0697      3.258  275.85212  275.98238    15.4976     6.3878 -9.990e-29
 125.570923      3.315    12.4181  32.060368    27.0694      3.285  275.84405  275.97440    15.2642     6.4161 -9.990e-29
 125.570926      3.340    12.4190  32.061004    27.0714      3.310  275.83913  275.96954    15.4976     6.3959 -9.990e-29
 125.570929      3.369    12.4200  32.064012    27.0715      3.339  275.82900  275.95944    15.1241     6.3797 0.0000e+00
 125.570932      3.402    12.4224  32.065979    27.0714      3.372  275.81506  275.94564    14.9996     6.3070 0.0000e+00
 125.570935      3.430    12.4252  32.066616    27.0701      3.399  275.80130  275.93207    15.0930     6.3555 0.0000e+00
 125.570938      3.461    12.4277  32.067831    27.0698      3.430  275.78809  275.91900    15.0307     6.3434 0.0000e+00
 125.570940      3.486    12.4297  32.069161    27.0695      3.455  275.77655  275.90759    15.5443     6.1897 -9.990e-29
 125.570943      3.508    12.4316  32.071649    27.0702      3.477  275.76388  275.89502    15.6377     6.1816 -9.990e-29
 125.570946      3.528    12.4337  32.072459    27.0694      3.497  275.75296  275.88424    15.6689     6.1048 -9.990e-29
 125.570949      3.541    12.4357  32.072864    27.0684      3.509  275.74340  275.87481    15.5443     6.1290 -9.990e-29
