Processed/SBE19plus_01907321_2022_05_04_Cast11_wfilter.cnv
* Sea-Bird SBE19plus  Data File:
* FileName = E:\Prandtl Daten\2022\CTD\Raw\SBE19plus_01907321_2022_05_04_Cast11.hex
* Software version 2.6.1.12
* Temperature SN = 7321
* Conductivity SN = 7321
* System UpLoad Time = May 04 2022 07:54:09
* <ApplicationData>
* <Seaterm232>
** Messpraktikum 2022
** CTD 04.05 SW1
# nquan = 11
# nvalues = 523                         
# units = specified
# name 0 = timeJ: Julian Days
# name 1 = prdM: Pressure, Strain Gauge [db]
# name 2 = tv290C: Temperature [ITS-90, deg C]
# name 3 = c0mS/cm: Conductivity [mS/cm]
# name 4 = sal00: Salinity, Practical [PSU]
# name 5 = depSM: Depth [salt water, m], lat = 54.00
# name 6 = oxsatMm/Kg: Oxygen Saturation, Weiss [umol/kg]
# name 7 = oxsolMm/Kg: Oxygen Saturation, Garcia & Gordon [umol/kg]
# name 8 = turbWETntu0: Turbidity, WET Labs ECO [NTU]
# name 9 = flECO-AFL: Fluorescence, WET Labs ECO-AFL/FL [mg/m^3]
# name 10 = flag:  0.000e+00
# span 0 = 124.324722, 124.326233       
# span 1 =      0.719,     12.999       
# span 2 =    11.3857,    11.4435       
# span 3 =  30.694376,  31.215531       
# span 4 =    26.4922,    27.0154       
# span 5 =      0.712,     12.883       
# span 6 =  282.09777,  282.96940       
# span 7 =  282.16566,  283.04487       
# span 8 =    43.0463,    78.7817       
# span 9 =    10.9976,    14.8835       
# span 10 = 0.0000e+00, 0.0000e+00      
# interval = seconds: 0.25
# start_time = May 04 2022 07:46:23 [Instrument's time stamp, header]
# bad_flag = -9.990e-29
*END*
[from data line 263]
 124.325483      6.155    11.4105  30.739913    26.5464      6.100  282.90419  282.97906    57.9412    13.0477 -9.990e-29
 124.325486      6.095    11.4109  30.740881    26.5470      6.040  282.90038  282.97527    57.9412    13.0396 -9.990e-29
 124.325489      6.037    11.4109  30.739173    26.5454      5.983  282.90359  282.97849    58.9840    12.4856 -9.990e-29
 124.325492      5.995    11.4109  30.739856    26.5461      5.941  282.90226  282.97716    59.0307    12.4452 -9.990e-29
 124.325495      5.982    11.4109  30.740141    26.5464      5.928  282.90171  282.97661    58.9840    12.4088 -9.990e-29
 124.325498      6.000    11.4105  30.741279    26.5477      5.946  282.90149  282.97634    58.8906    12.5180 -9.990e-29
 124.325501      6.048    11.4103  30.740710    26.5473      5.994  282.90356  282.97841    60.0891    13.6057 -9.990e-29
 124.325503      6.115    11.4100  30.741279    26.5481      6.061  282.90413  282.97895    59.9957    13.5936 -9.990e-29
 124.325506      6.196    11.4099  30.742646    26.5515      6.140  282.90191  282.97671    60.1669    13.5855 -9.990e-29
 124.325509      6.279    11.4102  30.745094    26.5519      6.223  282.89571  282.97050    59.9646    13.6098 0.0000e+00
 124.325512      6.358    11.4107  30.746460    26.5515      6.301  282.89124  282.96605    59.9334    13.5815 0.0000e+00
 124.325515      6.424    11.4113  30.745720    26.5512      6.366  282.88948  282.96435    64.9607    12.5787 0.0000e+00
 124.325518      6.475    11.4116  30.745492    26.5512      6.417  282.88867  282.96355    64.8673    12.6272 0.0000e+00
 124.325521      6.508    11.4119  30.749136    26.5541      6.449  282.88048  282.95534    64.8984    12.6150 0.0000e+00
 124.325524      6.535    11.4122  30.752380    26.5569      6.477  282.87273  282.94757    64.8517    12.5989 0.0000e+00
 124.325527      6.561    11.4128  30.756992    26.5608      6.502  282.86109  282.93593    61.8012    13.4197 0.0000e+00
 124.325530      6.589    11.4137  30.760635    26.5637      6.531  282.85033  282.92519    61.6766    13.3995 0.0000e+00
 124.325532      6.628    11.4143  30.768492    26.5708      6.569  282.83254  282.90734    61.6299    13.4440 0.0000e+00
 124.325535      6.675    11.4155  30.782671    26.5834      6.616  282.79985  282.87458    61.7078    13.3995 0.0000e+00
 124.325538      6.723    11.4169  30.787683    26.5872      6.663  282.78394  282.85871    65.7700    13.2459 0.0000e+00
 124.325541      6.770    11.4182  30.792467    26.5908      6.710  282.76879  282.84359    65.6922    13.2256 0.0000e+00
 124.325544      6.818    11.4194  30.800100    26.5972      6.757  282.74855  282.82335    65.7389    13.2418 0.0000e+00
 124.325547      6.858    11.4206  30.807619    26.6003      6.796  282.72884  282.80363    65.7545    13.2378 0.0000e+00
 124.325550      6.885    11.4218  30.799188    26.6035      6.823  282.73910  282.81408    61.1319    12.9062 -9.990e-29
 124.325553      6.900    11.4223  30.789961    26.5854      6.838  282.75439  282.82951    61.1630    12.8900 -9.990e-29
 124.325556      6.902    11.4213  30.791100    26.5872      6.840  282.75704  282.83208    61.1319    12.8657 -9.990e-29
 124.325558      6.883    11.4211  30.797650    26.5936      6.822  282.74522  282.82018    61.1941    12.8657 -9.990e-29
 124.325561      6.854    11.4216  30.802435    26.5978      6.793  282.73387  282.80880    61.1941    12.9102 -9.990e-29
 124.325564      6.817    11.4227  30.794119    26.5891      6.757  282.74451  282.81961    61.3654    12.5463 -9.990e-29
 124.325567      6.788    11.4228  30.796454    26.5912      6.728  282.73941  282.81450    61.3965    12.5463 -9.990e-29
 124.325570      6.754    11.4228  30.795713    26.5906      6.693  282.74111  282.81620    61.5988    12.6070 -9.990e-29
 124.325573      6.734    11.4228  30.801466    26.5961      6.674  282.73017  282.80520    61.3031    12.5706 -9.990e-29
 124.325576      6.727    11.4230  30.826875    26.6202      6.667  282.68095  282.75568    61.4276    12.7121 -9.990e-29
 124.325579      6.738    11.4243  30.840438    26.6321      6.677  282.64878  282.72346    61.5210    12.7080 -9.990e-29
 124.325582      6.780    11.4260  30.836619    26.6273      6.719  282.64837  282.72321    61.4120    12.7283 -9.990e-29
 124.325584      6.833    11.4265  30.848702    26.6607      6.772  282.62290  282.69764    61.3498    12.7283 -9.990e-29
 124.325587      6.911    11.4275  30.872815    26.6693      6.850  282.57268  282.64721    61.7700    12.8941 0.0000e+00
 124.325590      7.013    11.4292  30.892201    26.6779      6.951  282.52794  282.60236    61.5988    12.8374 0.0000e+00
 124.325593      7.116    11.4312  30.899501    26.6834      7.052  282.50487  282.57934    61.5833    12.8698 0.0000e+00
 124.325596      7.216    11.4327  30.908969    26.6913      7.151  282.47992  282.55439    61.6144    12.8132 0.0000e+00
 124.325599      7.305    11.4339  30.915700    26.6968      7.240  282.46177  282.53624    58.1747    10.9976 0.0000e+00
 124.325602      7.373    11.4346  30.922090    26.7024      7.307  282.44617  282.52062    58.3303    11.0623 0.0000e+00
 124.325605      7.424    11.4356  30.923059    26.7024      7.358  282.43956  282.51408    58.2681    11.0623 0.0000e+00
 124.325608      7.460    11.4363  30.923801    26.7025      7.394  282.43530  282.50985    58.1591    11.0380 -9.990e-29
 124.325611      7.482    11.4364  30.919751    26.6988      7.415  282.44236  282.51697    58.2369    11.0502 -9.990e-29
 124.325613      7.491    11.4364  30.912449    26.6918      7.424  282.45622  282.53092    57.8323    12.2188 -9.990e-29
 124.325616      7.500    11.4358  30.913761    26.6935      7.433  282.45662  282.53126    57.9412    12.2147 -9.990e-29
 124.325619      7.496    11.4357  30.913590    26.6934      7.429  282.45726  282.53190    58.0969    12.1985 -9.990e-29
 124.325622      7.494    11.4359  30.910681    26.6905      7.427  282.46182  282.53650    57.8323    12.1824 -9.990e-29
 124.325625      7.489    11.4359  30.912221    26.6920      7.422  282.45889  282.53356    59.5132    13.0558 -9.990e-29
 124.325628      7.482    11.4360  30.913989    26.6936      7.415  282.45489  282.52955    59.6689    13.1124 -9.990e-29
 124.325631      7.465    11.4359  30.917184    26.6967      7.398  282.44946  282.52407    59.4976    13.0518 -9.990e-29
 124.325634      7.443    11.4363  30.916670    26.6959      7.377  282.44850  282.52314    59.5132    13.0922 -9.990e-29
 124.325637      7.412    11.4366  30.918039    26.6970      7.346  282.44460  282.51924    63.4976    12.5706 -9.990e-29
 124.325639      7.387    11.4367  30.919009    26.6979      7.321  282.44210  282.51675    63.5132    12.4654 -9.990e-29
 124.325642      7.371    11.4366  30.919180    26.6982      7.305  282.44241  282.51704    63.4976    12.4978 -9.990e-29
 124.325645      7.365    11.4358  30.923116    26.7025      7.299  282.43877  282.51330    63.3264    12.5099 -9.990e-29
 124.325648      7.376    11.4354  30.919922    26.6997      7.310  282.44676  282.52130    62.4237    13.1812 -9.990e-29
 124.325651      7.411    11.4358  30.926882    26.7125      7.345  282.43166  282.50614    62.4237    13.2418 -9.990e-29
 124.325654      7.470    11.4363  30.934014    26.7130      7.403  282.41593  282.49036    62.4082    13.1933 0.0000e+00
 124.325657      7.545    11.4367  30.935383    26.7125      7.477  282.41146  282.48591    62.3926    13.2256 0.0000e+00
 124.325660      7.632    11.4372  30.933843    26.7120      7.564  282.41189  282.48639    62.5015    13.2175 0.0000e+00
 124.325663      7.731    11.4376  30.934585    26.7116      7.662  282.40895  282.48347    60.2759    11.9034 0.0000e+00
 124.325666      7.833    11.4378  30.932303    26.7113      7.763  282.41239  282.48695    60.2447    11.8953 0.0000e+00
 124.325668      7.935    11.4380  30.934243    26.7113      7.864  282.40750  282.48206    60.2603    11.9721 0.0000e+00
 124.325671      8.021    11.4381  30.935556    26.7113      7.949  282.40475  282.47930    60.0580    11.9114 0.0000e+00
 124.325674      8.089    11.4385  30.934472    26.7111      8.016  282.40493  282.47952    56.7895    11.1715 0.0000e+00
 124.325677      8.136    11.4387  30.934586    26.7111      8.063  282.40379  282.47839    56.7739    11.1674 0.0000e+00
 124.325680      8.165    11.4390  30.934415    26.7110      8.092  282.40285  282.47748    56.8984    11.1553 -9.990e-29
 124.325683      8.180    11.4390  30.934985    26.7112      8.107  282.40178  282.47640    56.5871    11.1957 -9.990e-29
 124.325686      8.176    11.4391  30.935385    26.7115      8.103  282.40070  282.47532    58.3459    12.8536 -9.990e-29
 124.325689      8.154    11.4394  30.936069    26.7120      8.081  282.39778  282.47242    58.4860    12.8334 -9.990e-29
 124.325692      8.118    11.4397  30.936925    26.7126      8.045  282.39486  282.46950    58.4082    12.7970 -9.990e-29
 124.325694      8.070    11.4400  30.935555    26.7111      7.998  282.39582  282.47051    58.5794    12.8981 -9.990e-29
 124.325697      8.021    11.4402  30.935555    26.7110      7.950  282.39515  282.46984    60.0424    11.4869 -9.990e-29
 124.325700      7.979    11.4402  30.935384    26.7108      7.908  282.39544  282.47014    60.0424    11.4626 -9.990e-29
 124.325703      7.947    11.4402  30.934642    26.7101      7.875  282.39651  282.47122    59.8401    11.4707 -9.990e-29
 124.325706      7.935    11.4398  30.936126    26.7118      7.864  282.39560  282.47027    59.8712    11.5313 -9.990e-29
 124.325709      7.952    11.4394  30.938294    26.7141      7.881  282.39342  282.46803    59.8712    11.4707 -9.990e-29
 124.325712      7.983    11.4393  30.937495    26.7134      7.911  282.39528  282.46989    61.1941    12.8334 -9.990e-29
 124.325715      8.036    11.4391  30.939207    26.7152      7.964  282.39303  282.46761    61.1008    12.7647 -9.990e-29
 124.325718      8.096    11.4394  30.944800    26.7207      8.024  282.38118  282.45572    61.1630    12.7566 -9.990e-29
 124.325720      8.164    11.4398  30.945599    26.7210      8.091  282.37779  282.45235    61.1630    12.7525 0.0000e+00
 124.325723      8.242    11.4400  30.946169    26.7212      8.169  282.37612  282.45068    61.2097    11.7821 0.0000e+00
 124.325726      8.319    11.4401  30.952904    26.7275      8.244  282.36276  282.43725    61.1786    11.7699 0.0000e+00
 124.325729      8.392    11.4402  30.955244    26.7296      8.317  282.35806  282.43252    61.1630    11.7578 0.0000e+00
 124.325732      8.461    11.4406  30.955643    26.7297      8.385  282.35543  282.42992    61.2097    11.7376 0.0000e+00
 124.325735      8.530    11.4407  30.957185    26.7310      8.454  282.35191  282.42639    55.4821    11.5839 0.0000e+00
 124.325738      8.587    11.4411  30.958554    26.7320      8.510  282.34743  282.42193    55.5910    11.5637 0.0000e+00
 124.325741      8.642    11.4417  30.960438    26.7333      8.564  282.34102  282.41554    55.5288    11.5313 0.0000e+00
 124.325744      8.684    11.4421  30.961237    26.7336      8.606  282.33761  282.41215    55.6377    11.6122 0.0000e+00
 124.325747      8.720    11.4425  30.959867    26.7338      8.642  282.33864  282.41322    58.5171    12.9507 -9.990e-29
 124.325749      8.740    11.4423  30.960838    26.7333      8.662  282.33777  282.41233    58.5949    12.9304 -9.990e-29
 124.325752      8.737    11.4422  30.961066    26.7336      8.659  282.33765  282.41220    58.3459    12.9709 -9.990e-29
 124.325755      8.724    11.4421  30.962607    26.7351      8.646  282.33536  282.40988    58.4237    12.9547 -9.990e-29
 124.325758      8.700    11.4425  30.963349    26.7356      8.622  282.33202  282.40656    58.5949    12.9830 -9.990e-29
 124.325761      8.667    11.4428  30.962379    26.7344      8.590  282.33224  282.40681    58.8284    12.5908 -9.990e-29
 124.325764      8.636    11.4431  30.962892    26.7347      8.559  282.32996  282.40455    59.0152    12.6070 -9.990e-29
 124.325767      8.604    11.4435  30.961636    26.7332      8.527  282.33040  282.40504    58.9840    12.5787 -9.990e-29
 124.325770      8.573    11.4432  30.960438    26.7323      8.496  282.33393  282.40856    58.9373    12.5584 -9.990e-29
 124.325773      8.558    11.4430  30.961408    26.7334      8.481  282.33336  282.40796    59.6377    12.6878 -9.990e-29
 124.325775      8.560    11.4428  30.961979    26.7341      8.483  282.33324  282.40782    59.5288    12.7040 -9.990e-29
 124.325778      8.584    11.4425  30.961465    26.7338      8.507  282.33551  282.41007    59.4354    12.7444 -9.990e-29
 124.325781      8.631    11.4426  30.960837    26.7308      8.554  282.33610  282.41067    59.5288    12.7080 -9.990e-29
 124.325784      8.691    11.4428  30.958555    26.7306      8.613  282.33983  282.41444    64.7428    12.4129 0.0000e+00
 124.325787      8.770    11.4428  30.958155    26.7308      8.691  282.34064  282.41526    64.5560    12.4169 0.0000e+00
 124.325790      8.850    11.4426  30.960267    26.7325      8.771  282.33765  282.41223    64.6961    12.3886 0.0000e+00
 124.325793      8.934    11.4419  30.965747    26.7382      8.854  282.33019  282.40467    64.8206    12.4169 0.0000e+00
 124.325796      9.012    11.4413  30.976707    26.7491      8.932  282.31266  282.38695    53.7545    11.1836 0.0000e+00
 124.325799      9.084    11.4403  30.978420    26.7514      9.002  282.31393  282.38814    53.8012    11.1755 0.0000e+00
 124.325802      9.148    11.4396  30.980362    26.7537      9.066  282.31349  282.38763    53.6611    11.1998 0.0000e+00
 124.325804      9.204    11.4393  30.982303    26.7548      9.122  282.31145  282.38554    53.7389    11.1593 0.0000e+00
 124.325807      9.239    11.4390  30.984815    26.7558      9.156  282.30799  282.38202    53.7856    11.1391 -9.990e-29
 124.325810      9.264    11.4386  30.983217    26.7571      9.181  282.31295  282.38698    58.0969    11.6001 -9.990e-29
 124.325813      9.281    11.4384  30.985158    26.7591      9.198  282.30992  282.38392    58.1591    11.5839 -9.990e-29
 124.325816      9.286    11.4382  30.985957    26.7600      9.203  282.30937  282.38334    57.8012    11.5960 -9.990e-29
 124.325819      9.284    11.4376  30.987327    26.7617      9.201  282.30965  282.38356    58.0191    11.6244 -9.990e-29
 124.325822      9.290    11.4374  30.985158    26.7598      9.207  282.31472  282.38864    59.4354    13.3672 -9.990e-29
 124.325825      9.290    11.4371  30.985443    26.7603      9.207  282.31578  282.38967    59.4821    13.3914 -9.990e-29
 124.325828      9.288    11.4367  30.984587    26.7598      9.205  282.31900  282.39288    59.4354    13.3793 -9.990e-29
 124.325830      9.283    11.4363  30.983616    26.7592      9.200  282.32308  282.39693    59.5755    13.3672 -9.990e-29
 124.325833      9.275    11.4360  30.984587    26.7603      9.192  282.32219  282.39602    58.2369    13.0356 -9.990e-29
 124.325836      9.269    11.4361  30.984987    26.7606      9.186  282.32111  282.39494    58.0346    12.9790 -9.990e-29
 124.325839      9.275    11.4363  30.986357    26.7617      9.192  282.31755  282.39138    58.0346    13.0356 -9.990e-29
 124.325842      9.277    11.4362  30.986871    26.7623      9.194  282.31722  282.39103    58.0191    12.9951 -9.990e-29
 124.325845      9.290    11.4362  30.986699    26.7622      9.207  282.31755  282.39137    60.1513    13.3146 -9.990e-29
 124.325848      9.305    11.4363  30.986928    26.7643      9.221  282.31681  282.39063    60.0891    13.3146 -9.990e-29
 124.325851      9.332    11.4361  30.988869    26.7647      9.249  282.31379  282.38757    60.2603    13.3105 0.0000e+00
 124.325854      9.374    11.4361  30.989612    26.7645      9.290  282.31241  282.38618    60.0268    13.3227 0.0000e+00
 124.325856      9.425    11.4358  30.988927    26.7645      9.341  282.31534  282.38910    60.1980    13.3186 0.0000e+00
