Processed/SBE19plus_01907321_2022_05_05_Cast22_wfilter.cnv
* Sea-Bird SBE19plus  Data File:
* FileName = E:\Prandtl Daten\2022\CTD\Raw\SBE19plus_01907321_2022_05_04_Cast22.hex
* Software version 2.6.1.12
* Temperature SN = 7321
* Conductivity SN = 7321
* System UpLoad Time = May 05 2022 07:37:03
* <ApplicationData>
* <Seaterm232>
** Messpraktikum 2022
** CTD 05.05 BE
# nquan = 11
# nvalues = 546                         
# units = specified
# name 0 = timeJ: Julian Days
# name 1 = prdM: Pressure, Strain Gauge [db]
# name 2 = tv290C: Temperature [ITS-90, deg C]
# name 3 = c0mS/cm: Conductivity [mS/cm]
# name 4 = sal00: Salinity, Practical [PSU]
# name 5 = depSM: Depth [salt water, m], lat = 54.00
# name 6 = oxsatMm/Kg: Oxygen Saturation, Weiss [umol/kg]
# name 7 = oxsolMm/Kg: Oxygen Saturation, Garcia & Gordon [umol/kg]
# name 8 = turbWETntu0: Turbidity, WET Labs ECO [NTU]
# name 9 = flECO-AFL: Fluorescence, WET Labs ECO-AFL/FL [mg/m^3]
# name 10 = flag:  0.000e+00
# span 0 = 125.312242, 125.313819       
# span 1 =      0.430,     14.636       
# span 2 =    12.0602,    12.1596       
# span 3 =  31.544004,  31.717142       
# span 4 =    26.8344,    26.9338       
# span 5 =      0.427,     14.505       
# span 6 =  277.64623,  278.35233       
# span 7 =  277.76257,  278.46435       
# span 8 =    19.2331,   118.7194       
# span 9 =     8.2520,    15.6235       
# span 10 = 0.0000e+00, 0.0000e+00      
# interval = seconds: 0.25
# start_time = May 05 2022 07:27:25 [Instrument's time stamp, header]
# bad_flag = -9.990e-29
*END*
[from data line 263]
 125.313003      7.160    12.1386  31.665984    26.8998      7.096  277.82014  277.93565    41.9257    12.3603 -9.990e-29
 125.313006      7.176    12.1337  31.666560    26.9200      7.112  277.84131  277.95648    42.3770    12.5180 -9.990e-29
 125.313009      7.202    12.1319  31.682396    26.9246      7.138  277.82029  277.93518    42.5015    12.5220 0.0000e+00
 125.313012      7.229    12.1363  31.695469    26.9277      7.165  277.77673  277.89177    42.4237    12.5099 0.0000e+00
 125.313015      7.264    12.1452  31.700825    26.9277      7.199  277.72636  277.84196    42.4548    12.5301 0.0000e+00
 125.313018      7.295    12.1532  31.701458    26.9226      7.230  277.68939  277.80552    46.5015    12.2835 0.0000e+00
 125.313021      7.328    12.1579  31.698462    26.9164      7.262  277.67331  277.78980    46.5794    12.2592 0.0000e+00
 125.313024      7.355    12.1590  31.696676    26.9163      7.289  277.67184  277.78842    46.4704    12.2349 0.0000e+00
 125.313027      7.390    12.1590  31.699268    26.9152      7.324  277.66712  277.78368    46.5638    12.2592 0.0000e+00
 125.313030      7.419    12.1595  31.698462    26.9157      7.353  277.66640  277.78299    48.1202    12.7161 0.0000e+00
 125.313032      7.445    12.1596  31.697253    26.9152      7.378  277.66799  277.78461    48.0113    12.7080 -9.990e-29
 125.313035      7.468    12.1587  31.693336    26.9110      7.402  277.67928  277.79588    47.9646    12.7000 -9.990e-29
 125.313038      7.487    12.1572  31.690917    26.9097      7.420  277.69038  277.80690    48.0424    12.7161 -9.990e-29
 125.313041      7.505    12.1550  31.687980    26.9086      7.438  277.70591  277.82231    48.0268    12.7040 -9.990e-29
 125.313044      7.525    12.1529  31.687174    26.9093      7.458  277.71691  277.83318    46.9373    13.0922 -9.990e-29
 125.313047      7.550    12.1515  31.694892    26.9149      7.483  277.70885  277.82495    46.7973    13.1245 -9.990e-29
 125.313050      7.578    12.1527  31.692934    26.9166      7.510  277.70737  277.82357    46.6727    13.1286 0.0000e+00
 125.313053      7.611    12.1564  31.699442    26.9163      7.543  277.67869  277.79507    46.8128    13.1528 0.0000e+00
 125.313056      7.640    12.1583  31.698866    26.9163      7.572  277.67088  277.78740    55.0307    12.7889 0.0000e+00
 125.313058      7.678    12.1589  31.697657    26.9151      7.609  277.67058  277.78715    55.0930    12.7768 0.0000e+00
 125.313061      7.709    12.1587  31.697887    26.9148      7.640  277.67113  277.78768    55.1708    12.7687 0.0000e+00
 125.313064      7.737    12.1583  31.696102    26.9142      7.667  277.67600  277.79254    55.0307    12.7849 0.0000e+00
 125.313067      7.764    12.1574  31.695871    26.9140      7.695  277.68088  277.79736    49.9568    12.7000 0.0000e+00
 125.313070      7.790    12.1567  31.695699    26.9142      7.720  277.68407  277.80051    49.9724    12.7364 -9.990e-29
 125.313073      7.813    12.1562  31.694317    26.9135      7.743  277.68883  277.80525    50.1747    12.7242 -9.990e-29
 125.313076      7.832    12.1555  31.695699    26.9154      7.761  277.68980  277.80616    49.9724    12.7000 -9.990e-29
 125.313079      7.852    12.1555  31.695699    26.9153      7.781  277.68950  277.80586    55.2798    13.5936 -9.990e-29
 125.313082      7.868    12.1557  31.695296    26.9126      7.798  277.68930  277.80567    55.2331    13.5653 -9.990e-29
 125.313084      7.894    12.1559  31.693107    26.9122      7.823  277.69268  277.80909    55.0619    13.6098 0.0000e+00
 125.313087      7.921    12.1552  31.691725    26.9126      7.850  277.69839  277.81477    55.2798    13.5774 0.0000e+00
 125.313090      7.948    12.1536  31.691322    26.9126      7.877  277.70644  277.82272    55.2642    13.5572 0.0000e+00
 125.313093      7.985    12.1527  31.692532    26.9140      7.913  277.70838  277.82458    54.9373    12.9264 0.0000e+00
 125.313096      8.016    12.1523  31.691899    26.9140      7.944  277.71115  277.82733    54.9062    12.9426 0.0000e+00
 125.313099      8.049    12.1520  31.691323    26.9136      7.977  277.71349  277.82966    54.9529    12.9547 0.0000e+00
 125.313102      8.080    12.1520  31.691150    26.9136      8.008  277.71414  277.83031    55.0619    12.9911 0.0000e+00
 125.313105      8.107    12.1515  31.691150    26.9136      8.035  277.71607  277.83220    52.7428    12.7970 0.0000e+00
 125.313108      8.135    12.1513  31.691323    26.9138      8.062  277.71672  277.83284    52.6961    12.7727 -9.990e-29
 125.313111      8.156    12.1514  31.691323    26.9141      8.083  277.71642  277.83254    52.6961    12.7768 -9.990e-29
 125.313113      8.180    12.1513  31.691554    26.9143      8.107  277.71633  277.83245    52.7272    12.7727 -9.990e-29
 125.313116      8.196    12.1515  31.691554    26.9142      8.123  277.71539  277.83152    55.6222    13.5208 -9.990e-29
 125.313119      8.213    12.1519  31.692706    26.9150      8.139  277.71171  277.82785    55.7622    13.4925 -9.990e-29
 125.313122      8.240    12.1523  31.693109    26.9151      8.167  277.70909  277.82525    55.7934    13.5289 -9.990e-29
 125.313125      8.262    12.1527  31.693109    26.9151      8.188  277.70720  277.82339    55.7311    13.5289 -9.990e-29
 125.313128      8.291    12.1528  31.693512    26.9143      8.217  277.70616  277.82236    54.7973    13.4521 0.0000e+00
 125.313131      8.324    12.1530  31.692130    26.9139      8.250  277.70776  277.82399    54.8284    13.0073 0.0000e+00
 125.313134      8.355    12.1531  31.692533    26.9136      8.280  277.70673  277.82295    54.8284    13.0113 0.0000e+00
 125.313137      8.388    12.1528  31.691727    26.9134      8.313  277.70949  277.82571    54.7661    13.0154 0.0000e+00
 125.313139      8.421    12.1524  31.690345    26.9123      8.346  277.71394  277.83014    54.7039    12.9992 0.0000e+00
 125.313142      8.448    12.1517  31.688963    26.9123      8.373  277.71934  277.83552    55.4043    12.9911 0.0000e+00
 125.313145      8.476    12.1508  31.690345    26.9125      8.400  277.72096  277.83706    55.5288    12.9911 0.0000e+00
 125.313148      8.505    12.1504  31.689942    26.9134      8.429  277.72362  277.83969    55.5132    12.9668 -9.990e-29
 125.313151      8.527    12.1502  31.690748    26.9142      8.450  277.72311  277.83916    55.5288    12.9588 -9.990e-29
 125.313154      8.545    12.1506  31.690921    26.9142      8.468  277.72122  277.83729    53.0074    13.2984 -9.990e-29
 125.313157      8.561    12.1507  31.691555    26.9146      8.485  277.71944  277.83551    52.9296    13.3025 -9.990e-29
 125.313160      8.581    12.1510  31.690749    26.9124      8.505  277.71934  277.83545    53.0696    13.3105 -9.990e-29
 125.313163      8.607    12.1514  31.689770    26.9127      8.530  277.71956  277.83570    52.9607    13.3389 0.0000e+00
 125.313166      8.635    12.1508  31.689942    26.9130      8.557  277.72180  277.83790    50.7350    12.8496 0.0000e+00
 125.313168      8.664    12.1503  31.690115    26.9135      8.586  277.72372  277.83979    50.7506    12.8374 0.0000e+00
 125.313171      8.698    12.1503  31.690346    26.9135      8.620  277.72333  277.83939    50.8595    12.8294 0.0000e+00
 125.313174      8.731    12.1503  31.689540    26.9130      8.653  277.72514  277.84121    50.7350    12.8294 0.0000e+00
 125.313177      8.764    12.1501  31.689367    26.9130      8.686  277.72643  277.84249    50.7350    12.8213 0.0000e+00
 125.313180      8.790    12.1499  31.688330    26.9121      8.711  277.72897  277.84503    58.0191    13.0113 0.0000e+00
 125.313183      8.817    12.1495  31.687582    26.9119      8.738  277.73226  277.84830    57.9257    12.9911 0.0000e+00
 125.313186      8.846    12.1491  31.687582    26.9117      8.767  277.73419  277.85020    58.0502    12.9830 -9.990e-29
 125.313189      8.870    12.1487  31.687755    26.9124      8.790  277.73547  277.85146    57.9412    13.0113 -9.990e-29
 125.313192      8.886    12.1485  31.688331    26.9131      8.807  277.73570  277.85166    62.9685    13.5855 -9.990e-29
 125.313194      8.908    12.1487  31.689137    26.9137      8.828  277.73329  277.84925    62.8440    13.5855 -9.990e-29
 125.313197      8.928    12.1491  31.689368    26.9136      8.848  277.73098  277.84697    62.9062    13.5613 -9.990e-29
 125.313200      8.946    12.1494  31.687582    26.9125      8.866  277.73299  277.84901    62.9062    13.5451 -9.990e-29
 125.313203      8.977    12.1492  31.688331    26.9131      8.897  277.73227  277.84828    60.0424    13.3833 0.0000e+00
 125.313206      9.006    12.1489  31.689368    26.9137      8.926  277.73167  277.84765    59.9957    13.3914 0.0000e+00
 125.313209      9.036    12.1487  31.689944    26.9144      8.955  277.73190  277.84786    59.9646    13.3833 0.0000e+00
 125.313212      9.065    12.1485  31.690750    26.9152      8.984  277.73108  277.84702    59.9801    13.4116 0.0000e+00
 125.313215      9.098    12.1487  31.690750    26.9153      9.016  277.73047  277.84642    62.5638    13.3914 0.0000e+00
 125.313218      9.127    12.1487  31.691557    26.9159      9.045  277.72902  277.84495    62.7039    13.3955 0.0000e+00
 125.313220      9.157    12.1489  31.693112    26.9166      9.075  277.72524  277.84118    62.5949    13.3591 0.0000e+00
 125.313223      9.185    12.1492  31.695473    26.9172      9.103  277.71936  277.83530    62.7039    13.3712 -9.990e-29
 125.313226      9.209    12.1501  31.695704    26.9187      9.126  277.71483  277.83083    62.7350    13.3591 -9.990e-29
 125.313229      9.233    12.1504  31.694494    26.9174      9.150  277.71579  277.83182    60.6650    13.6907 -9.990e-29
 125.313232      9.255    12.1504  31.696280    26.9190      9.172  277.71254  277.82855    60.5716    13.7190 -9.990e-29
 125.313235      9.271    12.1505  31.694091    26.9169      9.188  277.71623  277.83227    60.5716    13.7028 -9.990e-29
 125.313238      9.289    12.1507  31.696107    26.9222      9.206  277.71161  277.82764    60.6183    13.6987 -9.990e-29
 125.313241      9.320    12.1509  31.700082    26.9231      9.237  277.70342  277.81942    59.4354    14.0788 0.0000e+00
 125.313244      9.348    12.1518  31.702616    26.9239      9.264  277.69468  277.81072    59.5599    14.1031 0.0000e+00
 125.313247      9.381    12.1532  31.705784    26.9251      9.297  277.68289  277.79898    59.4821    14.1112 0.0000e+00
 125.313249      9.411    12.1543  31.705784    26.9251      9.327  277.67783  277.79401    59.4976    14.0788 0.0000e+00
 125.313252      9.441    12.1553  31.703422    26.9222      9.356  277.67773  277.79399    60.4004    13.0801 0.0000e+00
 125.313255      9.472    12.1552  31.701464    26.9204      9.387  277.68164  277.79792    60.4004    13.0720 0.0000e+00
 125.313258      9.501    12.1546  31.700254    26.9204      9.416  277.68673  277.80298    60.4004    13.0558 0.0000e+00
 125.313261      9.530    12.1538  31.701061    26.9203      9.445  277.68876  277.80495    60.4626    13.0801 0.0000e+00
 125.313264      9.558    12.1533  31.702271    26.9210      9.472  277.68879  277.80493    60.7272    13.5855 -9.990e-29
 125.313267      9.579    12.1536  31.701637    26.9217      9.494  277.68869  277.80486    60.5871    13.5653 -9.990e-29
 125.313270      9.598    12.1539  31.699045    26.9190      9.512  277.69217  277.80839    60.6650    13.5613 -9.990e-29
 125.313273      9.614    12.1534  31.698469    26.9188      9.528  277.69514  277.81133    60.6805    13.5855 -9.990e-29
 125.313275      9.636    12.1531  31.698873    26.9194      9.550  277.69600  277.81217    60.6650    13.5774 -9.990e-29
 125.313278      9.659    12.1527  31.702617    26.9257      9.573  277.69076  277.80687    61.4743    14.0303 -9.990e-29
 125.313281      9.689    12.1532  31.705727    26.9256      9.602  277.68288  277.79898    61.5054    14.0061 0.0000e+00
 125.313284      9.719    12.1544  31.706419    26.9255      9.632  277.67625  277.79242    61.4743    14.0303 0.0000e+00
 125.313287      9.756    12.1552  31.704633    26.9233      9.668  277.67604  277.79229    61.3654    14.0344 0.0000e+00
 125.313290      9.783    12.1555  31.703250    26.9217      9.696  277.67700  277.79329    62.1280    13.2539 0.0000e+00
 125.313293      9.816    12.1552  31.702041    26.9209      9.728  277.68082  277.79710    62.2214    13.2863 0.0000e+00
 125.313296      9.844    12.1546  31.701638    26.9208      9.756  277.68443  277.80067    62.2992    13.2620 0.0000e+00
 125.313299      9.875    12.1540  31.700659    26.9209      9.786  277.68878  277.80499    62.1747    13.2459 0.0000e+00
 125.313302      9.902    12.1537  31.701235    26.9207      9.814  277.68901  277.80520    72.7117    14.0708 0.0000e+00
 125.313304      9.928    12.1536  31.702041    26.9211      9.839  277.68819  277.80436    72.6650    14.0869 -9.990e-29
 125.313307      9.945    12.1536  31.701466    26.9214      9.856  277.68925  277.80543    72.5716    14.1031 -9.990e-29
 125.313310      9.965    12.1536  31.701062    26.9210      9.876  277.69000  277.80618    72.6338    14.0748 -9.990e-29
 125.313313      9.989    12.1534  31.700486    26.9206      9.899  277.69171  277.80788    71.2019    14.8512 -9.990e-29
 125.313316     10.011    12.1534  31.704403    26.9269      9.921  277.68456  277.80070    71.0463    14.8269 -9.990e-29
 125.313319     10.036    12.1539  31.707572    26.9274      9.946  277.67689  277.79302    71.1864    14.8269 0.0000e+00
 125.313322     10.071    12.1548  31.709358    26.9276      9.981  277.66921  277.78539    71.1241    14.8593 0.0000e+00
 125.313325     10.104    12.1557  31.709761    26.9276     10.013  277.66469  277.78092    71.2019    14.7986 0.0000e+00
 125.313328     10.133    12.1564  31.709358    26.9267     10.042  277.66227  277.77856    70.9373    13.6340 0.0000e+00
 125.313330     10.164    12.1568  31.709358    26.9265     10.073  277.66039  277.77670    70.8284    13.6381 0.0000e+00
 125.313333     10.194    12.1567  31.707975    26.9264     10.102  277.66325  277.77958    70.8595    13.6462 -9.990e-29
 125.313336     10.217    12.1567  31.709012    26.9261     10.126  277.66138  277.77769    70.8751    13.6502 -9.990e-29
 125.313339     10.244    12.1564  31.707975    26.9253     10.153  277.66456  277.78086    74.2058    14.1557 -9.990e-29
 125.313342     10.264    12.1567  31.708206    26.9254     10.172  277.66320  277.77951    74.1280    14.1597 -9.990e-29
 125.313345     10.286    12.1565  31.708206    26.9255     10.194  277.66385  277.78015    74.1124    14.1355 -9.990e-29
 125.313348     10.301    12.1562  31.706190    26.9238     10.208  277.66881  277.78511    74.1436    14.1557 -9.990e-29
 125.313351     10.317    12.1558  31.705787    26.9237     10.225  277.67146  277.78774    76.1047    15.0412 -9.990e-29
 125.313354     10.340    12.1556  31.706996    26.9250     10.248  277.67022  277.78647    76.3226    15.0493 -9.990e-29
 125.313356     10.364    12.1557  31.710568    26.9292     10.271  277.66307  277.77930    76.3381    15.0655 -9.990e-29
 125.313359     10.393    12.1562  31.711951    26.9291     10.300  277.65835  277.77459    76.1980    15.0493 0.0000e+00
 125.313362     10.426    12.1568  31.712181    26.9290     10.333  277.65541  277.77169    73.6144    13.9980 0.0000e+00
 125.313365     10.466    12.1574  31.712584    26.9289     10.372  277.65185  277.76817    73.6144    14.0020 0.0000e+00
 125.313368     10.499    12.1579  31.711778    26.9278     10.405  277.65112  277.76748    73.5366    14.0465 0.0000e+00
 125.313371     10.535    12.1578  31.710799    26.9272     10.441  277.65357  277.76993    73.5521    14.0182 0.0000e+00
 125.313374     10.563    12.1576  31.710972    26.9272     10.468  277.65422  277.77057    73.6144    14.0101 0.0000e+00
 125.313377     10.592    12.1573  31.711778    26.9277     10.497  277.65404  277.77036    74.9373    13.6987 0.0000e+00
