Processed/SBE19plus_01907321_2022_05_09_Cast93_wfilter.cnv
* Sea-Bird SBE19plus  Data File:
* FileName = E:\Prandtl Daten\2022\CTD\Raw\SBE19plus_01907321_2022_05_09_Cast93.hex
* Software version 2.6.1.12
* Temperature SN = 7321
* Conductivity SN = 7321
* System UpLoad Time = May 09 2022 07:20:07
* <ApplicationData>
* <Seaterm232>
** Messpraktikum 2022
** CTD 09.05 TS
** NMEA Latitude = 54 07.45 N
** NMEA Longitude = 008 44.84 E
# nquan = 11
# nvalues = 339                         
# units = specified
# name 0 = timeJ: Julian Days
# name 1 = prdM: Pressure, Strain Gauge [db]
# name 2 = tv290C: Temperature [ITS-90, deg C]
# name 3 = c0mS/cm: Conductivity [mS/cm]
# name 4 = sal00: Salinity, Practical [PSU]
# name 5 = depSM: Depth [salt water, m], lat = 54.00
# name 6 = oxsatMm/Kg: Oxygen Saturation, Weiss [umol/kg]
# name 7 = oxsolMm/Kg: Oxygen Saturation, Garcia & Gordon [umol/kg]
# name 8 = turbWETntu0: Turbidity, WET Labs ECO [NTU]
# name 9 = flECO-AFL: Fluorescence, WET Labs ECO-AFL/FL [mg/m^3]
# name 10 = flag:  0.000e+00
# span 0 = 129.301777, 129.302755       
# span 1 =      0.413,      8.739       
# span 2 =    12.8084,    12.8840       
# span 3 =  32.294201,  32.654726       
# span 4 =    26.9550,    27.3391       
# span 5 =      0.409,      8.660       
# span 6 =  273.06027,  273.37065       
# span 7 =  273.21071,  273.52883       
# span 8 =    -6.4323,    44.2136       
# span 9 =    -0.1831,    10.1444       
# span 10 = 0.0000e+00, 0.0000e+00      
# interval = seconds: 0.25
# start_time = May 09 2022 07:13:00 [Instrument's time stamp, header]
# bad_flag = -9.990e-29
*END*
[from data line 263]
 129.302538      6.864    12.8127  32.624426    27.3091      6.802  273.09562  273.24659    25.8945     7.2491 0.0000e+00
 129.302541      6.895    12.8127  32.627339    27.3110      6.833  273.09081  273.24175    25.9879     7.2208 0.0000e+00
 129.302543      6.924    12.8127  32.628970    27.3122      6.862  273.08795  273.23888    25.9257     7.2653 0.0000e+00
 129.302546      6.955    12.8124  32.628388    27.3122      6.893  273.09026  273.24116    25.8478     7.2451 0.0000e+00
 129.302549      6.986    12.8123  32.626990    27.3116      6.923  273.09306  273.24397    26.0813     7.2208 0.0000e+00
 129.302552      7.013    12.8122  32.624893    27.3109      6.950  273.09740  273.24833    35.0152     8.5674 -9.990e-29
 129.302555      7.035    12.8124  32.624077    27.3082      6.972  273.09792  273.24887    35.0463     8.6078 -9.990e-29
 129.302558      7.051    12.8126  32.623437    27.3074      6.988  273.09812  273.24909    35.0463     8.6078 -9.990e-29
 129.302561      7.066    12.8127  32.622854    27.3068      7.002  273.09853  273.24951    34.9218     8.6078 -9.990e-29
 129.302564      7.086    12.8128  32.624893    27.3086      7.022  273.09463  273.24560    34.1747     8.7655 -9.990e-29
 129.302567      7.109    12.8129  32.626524    27.3123      7.046  273.09145  273.24241    34.2681     8.7574 -9.990e-29
 129.302569      7.135    12.8128  32.628971    27.3133      7.071  273.08746  273.23840    34.2681     8.7291 0.0000e+00
 129.302572      7.162    12.8123  32.630660    27.3133      7.098  273.08669  273.23758    34.1591     8.7493 0.0000e+00
 129.302575      7.195    12.8121  32.633515    27.3143      7.131  273.08262  273.23346    35.9646     8.7978 -9.990e-29
 129.302578      7.219    12.8117  32.634098    27.3185      7.154  273.08349  273.23429    36.0268     8.8383 -9.990e-29
 129.302581      7.252    12.8113  32.634505    27.3183      7.187  273.08435  273.23514    35.8868     8.8059 0.0000e+00
 129.302584      7.283    12.8112  32.633981    27.3185      7.218  273.08561  273.23639    36.0424     8.7898 0.0000e+00
 129.302587      7.310    12.8112  32.636137    27.3191      7.245  273.08214  273.23290    30.7973     8.2277 0.0000e+00
 129.302590      7.339    12.8110  32.637186    27.3201      7.274  273.08093  273.23167    30.7661     8.2398 -9.990e-29
 129.302593      7.361    12.8109  32.636137    27.3202      7.295  273.08311  273.23386    30.7661     8.2156 -9.990e-29
 129.302595      7.380    12.8109  32.637535    27.3216      7.314  273.08097  273.23170    30.7973     8.2277 -9.990e-29
 129.302598      7.398    12.8107  32.640274    27.3243      7.332  273.07709  273.22777    30.8128     8.1994 -9.990e-29
 129.302601      7.411    12.8104  32.639050    27.3233      7.344  273.08051  273.23119    28.3537     7.6292 -9.990e-29
 129.302604      7.436    12.8104  32.637769    27.3221      7.370  273.08248  273.23317    28.4004     7.6211 -9.990e-29
 129.302607      7.456    12.8103  32.636545    27.3205      7.390  273.08527  273.23597    28.3537     7.6495 -9.990e-29
 129.302610      7.482    12.8106  32.636137    27.3196      7.415  273.08476  273.23548    28.4004     7.6373 0.0000e+00
 129.302613      7.513    12.8109  32.634506    27.3187      7.446  273.08609  273.23685    37.6611     9.0283 0.0000e+00
 129.302616      7.542    12.8109  32.632467    27.3178      7.475  273.08971  273.24049    37.7233     9.0324 0.0000e+00
 129.302619      7.573    12.8112  32.632409    27.3168      7.505  273.08889  273.23968    37.7078     9.0364 -9.990e-29
 129.302622      7.598    12.8114  32.632642    27.3198      7.530  273.08756  273.23836    37.6611     9.0324 -9.990e-29
 129.302624      7.624    12.8114  32.636138    27.3198      7.556  273.08109  273.23187    42.8440    10.0554 0.0000e+00
 129.302627      7.651    12.8112  32.636371    27.3198      7.583  273.08164  273.23240    42.8751    10.0595 -9.990e-29
 129.302630      7.670    12.8111  32.636371    27.3202      7.601  273.08228  273.23303    42.9996    10.0918 -9.990e-29
 129.302633      7.693    12.8109  32.641090    27.3247      7.625  273.07459  273.22529    42.7973    10.0756 -9.990e-29
 129.302636      7.710    12.8107  32.641090    27.3249      7.641  273.07585  273.22653    39.3420     9.5014 -9.990e-29
 129.302639      7.730    12.8104  32.643363    27.3272      7.661  273.07311  273.22375    39.4976     9.4934 -9.990e-29
 129.302642      7.746    12.8102  32.646917    27.3306      7.677  273.06747  273.21807    39.3887     9.5217 -9.990e-29
 129.302645      7.770    12.8096  32.647441    27.3310      7.701  273.06938  273.21993    39.5288     9.4853 -9.990e-29
 129.302648      7.797    12.8095  32.646800    27.3329      7.728  273.07084  273.22139    39.3887     9.5055 0.0000e+00
 129.302650      7.830    12.8092  32.650530    27.3331      7.760  273.06585  273.21634    40.7739     9.2912 0.0000e+00
 129.302653      7.860    12.8092  32.648840    27.3347      7.789  273.06854  273.21905    40.7117     9.2831 0.0000e+00
 129.302656      7.889    12.8089  32.652977    27.3371      7.818  273.06251  273.21296    40.6805     9.2871 0.0000e+00
 129.302659      7.923    12.8089  32.654434    27.3383      7.853  273.06027  273.21071    40.7739     9.3195 0.0000e+00
 129.302662      7.949    12.8087  32.654026    27.3385      7.878  273.06195  273.21237    38.8906     9.1011 0.0000e+00
 129.302665      7.976    12.8084  32.654726    27.3387      7.905  273.06167  273.21208    38.9062     9.1011 0.0000e+00
 129.302668      8.006    12.8084  32.652162    27.3391      7.934  273.06622  273.21665    38.9685     9.1011 -9.990e-29
 129.302671      8.024    12.8085  32.653385    27.3377      7.952  273.06375  273.21418    38.9840     9.1133 -9.990e-29
 129.302674      8.040    12.8084  32.653793    27.3382      7.968  273.06336  273.21377    37.9879     9.0405 -9.990e-29
 129.302677      8.055    12.8085  32.652395    27.3368      7.983  273.06552  273.21596    37.9412     9.0566 -9.990e-29
 129.302679      8.075    12.8086  32.652978    27.3364      8.003  273.06419  273.21463    38.0035     9.0809 -9.990e-29
 129.302682      8.100    12.8086  32.651987    27.3351      8.028  273.06596  273.21640    38.0035     9.0324 0.0000e+00
 129.302685      8.126    12.8087  32.649249    27.3338      8.053  273.07050  273.22097    33.2720     8.1347 0.0000e+00
 129.302688      8.155    12.8089  32.648258    27.3333      8.082  273.07132  273.22182    33.3654     8.1387 0.0000e+00
 129.302691      8.188    12.8089  32.647210    27.3327      8.115  273.07288  273.22339    33.2564     8.1670 -9.990e-29
 129.302694      8.213    12.8089  32.646394    27.3292      8.140  273.07434  273.22486    33.2564     8.1266 -9.990e-29
 129.302697      8.241    12.8092  32.644763    27.3276      8.167  273.07598  273.22654    33.1319     8.1306 0.0000e+00
 129.302700      8.266    12.8094  32.641500    27.3262      8.192  273.08082  273.23142    30.5949     7.8921 0.0000e+00
 129.302703      8.294    12.8099  32.642083    27.3261      8.219  273.07793  273.22855    30.4393     7.8880 0.0000e+00
 129.302705      8.321    12.8101  32.640684    27.3262      8.246  273.07948  273.23012    30.3615     7.8719 -9.990e-29
 129.302708      8.343    12.8102  32.640277    27.3243      8.268  273.07958  273.23024    30.5794     7.9163 -9.990e-29
 129.302711      8.361    12.8104  32.639461    27.3233      8.286  273.08009  273.23078    27.4354     7.6414 -9.990e-29
 129.302714      8.375    12.8106  32.639869    27.3236      8.301  273.07876  273.22944    27.3887     7.6131 -9.990e-29
 129.302717      8.398    12.8109  32.637772    27.3214      8.322  273.08122  273.23195    27.4354     7.6171 -9.990e-29
 129.302720      8.417    12.8109  32.636548    27.3206      8.342  273.08339  273.23413    27.4976     7.6090 -9.990e-29
 129.302723      8.445    12.8107  32.636781    27.3194      8.369  273.08363  273.23435    33.1319     8.2762 0.0000e+00
 129.302726      8.476    12.8109  32.634335    27.3182      8.400  273.08702  273.23779    32.8984     8.2883 0.0000e+00
 129.302729      8.505    12.8111  32.634102    27.3179      8.429  273.08683  273.23760    33.0696     8.2641 0.0000e+00
 129.302731      8.536    12.8112  32.632645    27.3167      8.460  273.08879  273.23959    33.1008     8.3207 0.0000e+00
 129.302734      8.565    12.8114  32.633111    27.3165      8.489  273.08736  273.23817    41.0074     9.7360 0.0000e+00
 129.302737      8.593    12.8116  32.633286    27.3167      8.516  273.08613  273.23695    41.0541     9.7279 -9.990e-29
 129.302740      8.614    12.8117  32.635150    27.3184      8.537  273.08254  273.23334    40.9607     9.7360 -9.990e-29
 129.302743      8.644    12.8114  32.635151    27.3186      8.566  273.08381  273.23460    40.8362     9.7521 -9.990e-29
 129.302746      8.664    12.8112  32.636549    27.3200      8.586  273.08230  273.23306    40.9607     9.7441 -9.990e-29
 129.302749      8.684    12.8112  32.638005    27.3214      8.606  273.07974  273.23049    44.1825    10.1282 -9.990e-29
 129.302752      8.706    12.8109  32.638413    27.3248      8.628  273.07998  273.23070    44.1980    10.1444 -9.990e-29
 129.302755      8.739    12.8108  32.641443    27.3248      8.660  273.07528  273.22596    44.2136    10.1242 0.0000e+00
