Processed/SBE19plus_01907321_2022_05_04_Cast05_wfilter.cnv
* Sea-Bird SBE19plus  Data File:
* FileName = E:\Prandtl Daten\2022\CTD\Raw\SBE19plus_01907321_2022_05_04_Cast04.hex
* Software version 2.6.1.12
* Temperature SN = 7321
* Conductivity SN = 7321
* System UpLoad Time = May 04 2022 05:37:21
* <ApplicationData>
* <Seaterm232>
** Messpraktikum 2022
** CTD 04.05 BE
# nquan = 11
# nvalues = 545                         
# units = specified
# name 0 = timeJ: Julian Days
# name 1 = prdM: Pressure, Strain Gauge [db]
# name 2 = tv290C: Temperature [ITS-90, deg C]
# name 3 = c0mS/cm: Conductivity [mS/cm]
# name 4 = sal00: Salinity, Practical [PSU]
# name 5 = depSM: Depth [salt water, m], lat = 54.00
# name 6 = oxsatMm/Kg: Oxygen Saturation, Weiss [umol/kg]
# name 7 = oxsolMm/Kg: Oxygen Saturation, Garcia & Gordon [umol/kg]
# name 8 = turbWETntu0: Turbidity, WET Labs ECO [NTU]
# name 9 = flECO-AFL: Fluorescence, WET Labs ECO-AFL/FL [mg/m^3]
# name 10 = flag:  0.000e+00
# span 0 = 124.226701, 124.228275       
# span 1 =      0.588,     14.051       
# span 2 =    12.5729,    12.5966       
# span 3 =  31.986943,  32.020234       
# span 4 =    26.8865,    26.9127       
# span 5 =      0.582,     13.925       
# span 6 =  275.12560,  275.29238       
# span 7 =  275.26823,  275.43378       
# span 8 =    63.1085,   177.6611       
# span 9 =    11.2685,    15.7772       
# span 10 = 0.0000e+00, 0.0000e+00      
# interval = seconds: 0.25
# start_time = May 04 2022 05:24:57 [Instrument's time stamp, header]
# bad_flag = -9.990e-29
*END*
[from data line 394]
 124.227841     10.305    12.5864  32.019190    26.9081     10.213  275.17212  275.31409   109.4432    14.9320 -9.990e-29
 124.227844     10.324    12.5859  32.019190    26.9085     10.231  275.17434  275.31628   109.4432    14.9159 -9.990e-29
 124.227847     10.346    12.5854  32.017802    26.9084     10.253  275.17905  275.32097   109.5677    14.9118 -9.990e-29
 124.227850     10.382    12.5850  32.018438    26.9089     10.289  275.17984  275.32172   107.9801    14.7096 0.0000e+00
 124.227853     10.422    12.5844  32.019017    26.9093     10.329  275.18136  275.32321   108.0424    14.7177 0.0000e+00
 124.227856     10.461    12.5843  32.019190    26.9096     10.367  275.18171  275.32354   107.9023    14.7258 0.0000e+00
 124.227859     10.505    12.5839  32.019017    26.9097     10.411  275.18363  275.32544   107.8712    14.7016 0.0000e+00
 124.227862     10.540    12.5836  32.019017    26.9098     10.445  275.18492  275.32671   105.9724    14.4347 0.0000e+00
 124.227865     10.569    12.5833  32.018439    26.9098     10.474  275.18724  275.32902   105.9101    14.5034 -9.990e-29
 124.227867     10.581    12.5829  32.018613    26.9100     10.487  275.18884  275.33058   105.8478    14.4428 -9.990e-29
 124.227870     10.598    12.5826  32.019422    26.9110     10.503  275.18898  275.33070   105.8323    14.4670 -9.990e-29
 124.227873     10.605    12.5821  32.018613    26.9105     10.510  275.19234  275.33403   105.8478    14.4509 -9.990e-29
 124.227876     10.608    12.5817  32.019191    26.9114     10.513  275.19320  275.33486   109.6611    14.8067 -9.990e-29
 124.227879     10.620    12.5815  32.018035    26.9104     10.524  275.19623  275.33789   109.6922    14.7824 -9.990e-29
 124.227882     10.627    12.5812  32.019423    26.9119     10.532  275.19502  275.33664   109.6922    14.7865 -9.990e-29
 124.227885     10.645    12.5811  32.019423    26.9117     10.550  275.19535  275.33697   109.8478    14.8188 -9.990e-29
 124.227888     10.672    12.5809  32.019018    26.9119     10.577  275.19704  275.33865   109.6611    14.9118 0.0000e+00
 124.227891     10.700    12.5805  32.019018    26.9117     10.604  275.19895  275.34054   109.6766    14.9280 0.0000e+00
 124.227894     10.742    12.5803  32.018209    26.9120     10.646  275.20138  275.34295   109.7545    14.9280 0.0000e+00
 124.227896     10.783    12.5802  32.019192    26.9121     10.687  275.19996  275.34153   109.5521    14.9320 0.0000e+00
 124.227899     10.831    12.5798  32.018614    26.9121     10.734  275.20293  275.34447   113.2720    14.6652 0.0000e+00
 124.227902     10.873    12.5794  32.017804    26.9116     10.776  275.20598  275.34751   113.1941    14.6490 0.0000e+00
 124.227905     10.909    12.5791  32.016995    26.9116     10.812  275.20904  275.35055   113.1475    14.7096 0.0000e+00
 124.227908     10.942    12.5789  32.017400    26.9113     10.844  275.20897  275.35046   113.0385    14.6611 0.0000e+00
 124.227911     10.971    12.5786  32.016822    26.9116     10.873  275.21129  275.35277   110.5327    14.8350 -9.990e-29
 124.227914     10.990    12.5786  32.018267    26.9125     10.891  275.20871  275.35018   110.3148    14.8512 -9.990e-29
 124.227917     10.997    12.5786  32.017631    26.9120     10.899  275.21017  275.35164   110.4860    14.8390 -9.990e-29
 124.227920     11.003    12.5787  32.017400    26.9117     10.904  275.20996  275.35144   110.3459    14.8350 -9.990e-29
 124.227922     11.003    12.5786  32.018210    26.9125     10.904  275.20914  275.35061   110.4237    14.8714 -9.990e-29
 124.227925     11.006    12.5788  32.018441    26.9126     10.908  275.20778  275.34926   104.0891    14.6773 -9.990e-29
 124.227928     11.021    12.5794  32.018441    26.9122     10.923  275.20526  275.34678   104.0891    14.6692 -9.990e-29
 124.227931     11.043    12.5803  32.018614    26.9107     10.944  275.20053  275.34211   104.0580    14.6652 -9.990e-29
 124.227934     11.069    12.5811  32.018210    26.9102     10.970  275.19779  275.33943   104.2759    14.6571 0.0000e+00
 124.227937     11.102    12.5818  32.017805    26.9106     11.003  275.19537  275.33706   108.9451    15.1787 0.0000e+00
 124.227940     11.142    12.5828  32.019424    26.9106     11.043  275.18839  275.33012   108.8362    15.1625 0.0000e+00
 124.227943     11.181    12.5833  32.020234    26.9106     11.081  275.18475  275.32651   108.9918    15.1787 0.0000e+00
 124.227946     11.221    12.5838  32.019193    26.9097     11.120  275.18442  275.32622   108.9140    15.1828 0.0000e+00
 124.227948     11.263    12.5842  32.018846    26.9097     11.162  275.18317  275.32500   111.1708    15.3445 0.0000e+00
 124.227951     11.296    12.5840  32.019424    26.9094     11.195  275.18279  275.32461   111.1552    15.2798 0.0000e+00
 124.227954     11.327    12.5838  32.020003    26.9097     11.226  275.18273  275.32453   111.1397    15.3162 -9.990e-29
 124.227957     11.351    12.5837  32.018615    26.9091     11.249  275.18586  275.32766   111.1397    15.3000 -9.990e-29
 124.227960     11.369    12.5835  32.019193    26.9098     11.267  275.18547  275.32725   112.6961    15.3809 -9.990e-29
 124.227963     11.385    12.5833  32.019425    26.9101     11.283  275.18602  275.32779   112.6494    15.3688 -9.990e-29
 124.227966     11.404    12.5828  32.018847    26.9099     11.301  275.18928  275.33102   112.6805    15.3809 -9.990e-29
 124.227969     11.423    12.5823  32.019425    26.9109     11.321  275.19079  275.33249   112.5716    15.3809 -9.990e-29
 124.227972     11.440    12.5818  32.019020    26.9108     11.338  275.19342  275.33510   112.5249    15.3971 -9.990e-29
 124.227975     11.462    12.5816  32.019020    26.9110     11.359  275.19438  275.33605   113.3809    15.3809 -9.990e-29
 124.227977     11.480    12.5812  32.019194    26.9114     11.377  275.19599  275.33762   113.4432    15.3607 -9.990e-29
 124.227980     11.498    12.5812  32.019194    26.9114     11.395  275.19600  275.33763   113.3809    15.3647 -9.990e-29
 124.227983     11.520    12.5810  32.019830    26.9121     11.417  275.19582  275.33744   113.3498    15.3688 -9.990e-29
 124.227986     11.540    12.5809  32.018442    26.9123     11.437  275.19863  275.34025   112.4782    15.0251 -9.990e-29
 124.227989     11.573    12.5807  32.019830    26.9121     11.469  275.19712  275.33872   112.3381    15.0453 0.0000e+00
 124.227992     11.604    12.5806  32.019426    26.9120     11.500  275.19818  275.33978   112.4315    15.0534 0.0000e+00
 124.227995     11.637    12.5810  32.019194    26.9117     11.533  275.19704  275.33866   112.4471    15.0453 0.0000e+00
 124.227998     11.670    12.5813  32.019599    26.9115     11.565  275.19507  275.33670   109.9412    15.3688 0.0000e+00
 124.228001     11.697    12.5815  32.019426    26.9113     11.593  275.19445  275.33610   109.8790    15.3688 0.0000e+00
 124.228003     11.727    12.5817  32.018616    26.9113     11.622  275.19496  275.33664   110.0346    15.3607 0.0000e+00
 124.228006     11.759    12.5818  32.019599    26.9109     11.654  275.19291  275.33458   109.9101    15.3849 0.0000e+00
 124.228009     11.787    12.5820  32.019426    26.9113     11.681  275.19229  275.33397   113.0074    15.3202 -9.990e-29
 124.228012     11.809    12.5821  32.019021    26.9105     11.703  275.19271  275.33440   112.9762    15.3081 -9.990e-29
 124.228015     11.831    12.5821  32.019426    26.9109     11.725  275.19169  275.33338   112.9451    15.3000 -9.990e-29
 124.228018     11.856    12.5822  32.019600    26.9109     11.750  275.19108  275.33277   112.9140    15.3202 0.0000e+00
 124.228021     11.884    12.5823  32.018617    26.9109     11.777  275.19253  275.33424   112.8517    15.3445 -9.990e-29
 124.228024     11.907    12.5821  32.019195    26.9113     11.801  275.19247  275.33416   116.9140    15.4213 -9.990e-29
 124.228027     11.935    12.5819  32.019831    26.9113     11.828  275.19198  275.33365   116.9296    15.4699 0.0000e+00
 124.228030     11.961    12.5816  32.019022    26.9113     11.853  275.19471  275.33637   116.9607    15.4294 -9.990e-29
 124.228032     11.981    12.5813  32.017229    26.9093     11.874  275.19919  275.34085   116.8517    15.4375 -9.990e-29
 124.228035     11.997    12.5811  32.018617    26.9108     11.890  275.19799  275.33962   120.0735    15.2232 -9.990e-29
 124.228038     12.008    12.5806  32.017808    26.9103     11.900  275.20134  275.34295   120.1825    15.2475 -9.990e-29
 124.228041     12.019    12.5801  32.018213    26.9111     11.911  275.20284  275.34441   120.2136    15.2475 -9.990e-29
 124.228044     12.035    12.5796  32.016362    26.9095     11.928  275.20869  275.35024   120.1513    15.2313 -9.990e-29
 124.228047     12.061    12.5791  32.015784    26.9100     11.953  275.21164  275.35317   123.2642    15.0938 0.0000e+00
 124.228050     12.088    12.5786  32.016420    26.9104     11.980  275.21274  275.35423   123.2798    15.0412 0.0000e+00
 124.228053     12.118    12.5781  32.016421    26.9108     12.009  275.21497  275.35643   123.2175    15.0210 0.0000e+00
 124.228056     12.154    12.5777  32.017230    26.9108     12.045  275.21545  275.35687   123.3887    15.0614 0.0000e+00
 124.228058     12.194    12.5775  32.015033    26.9107     12.085  275.22035  275.36178   125.8790    14.2365 0.0000e+00
 124.228061     12.231    12.5772  32.015612    26.9099     12.121  275.22092  275.36233   125.8012    14.2002 0.0000e+00
 124.228064     12.269    12.5767  32.014397    26.9105     12.159  275.22533  275.36672   125.7078    14.2163 0.0000e+00
 124.228067     12.302    12.5764  32.014802    26.9102     12.192  275.22590  275.36726   125.5988    14.2406 0.0000e+00
 124.228070     12.330    12.5762  32.014629    26.9105     12.219  275.22718  275.36852   125.8478    14.2325 -9.990e-29
 124.228073     12.351    12.5759  32.013820    26.9099     12.241  275.22990  275.37124   132.7117    13.8484 -9.990e-29
 124.228076     12.362    12.5755  32.013299    26.9097     12.252  275.23242  275.37374   132.5093    13.8322 -9.990e-29
 124.228079     12.378    12.5753  32.013184    26.9097     12.268  275.23359  275.37490   132.6183    13.8200 -9.990e-29
 124.228082     12.393    12.5751  32.012606    26.9093     12.282  275.23558  275.37688   132.6494    13.8645 -9.990e-29
 124.228084     12.412    12.5752  32.011218    26.9080     12.300  275.23776  275.37908   132.8517    13.9414 -9.990e-29
 124.228087     12.426    12.5750  32.010813    26.9077     12.315  275.23913  275.38044   132.8517    13.9090 -9.990e-29
 124.228090     12.450    12.5750  32.013010    26.9097     12.338  275.23521  275.37650   132.8984    13.8807 -9.990e-29
 124.228093     12.472    12.5747  32.013184    26.9101     12.360  275.23650  275.37776   132.7117    13.8645 -9.990e-29
 124.228096     12.490    12.5745  32.013415    26.9105     12.378  275.23705  275.37830   132.4159    13.5249 -9.990e-29
 124.228099     12.514    12.5743  32.013011    26.9101     12.402  275.23842  275.37966   132.4159    13.4925 -9.990e-29
 124.228102     12.539    12.5742  32.012780    26.9100     12.427  275.23917  275.38041   132.4004    13.5410 0.0000e+00
 124.228105     12.570    12.5742  32.012606    26.9101     12.458  275.23981  275.38105   132.4004    13.5127 0.0000e+00
 124.228108     12.596    12.5743  32.013127    26.9103     12.483  275.23827  275.37951   127.5755    13.8120 0.0000e+00
 124.228111     12.625    12.5744  32.013589    26.9107     12.512  275.23714  275.37838   127.5599    13.8443 0.0000e+00
 124.228113     12.651    12.5745  32.014399    26.9107     12.537  275.23539  275.37663   127.4510    13.8403 0.0000e+00
 124.228116     12.684    12.5744  32.013185    26.9103     12.570  275.23790  275.37915   127.4821    13.8039 0.0000e+00
 124.228119     12.719    12.5744  32.012202    26.9097     12.605  275.23968  275.38094   127.4821    13.8160 0.0000e+00
 124.228122     12.757    12.5744  32.012607    26.9096     12.643  275.23899  275.38024   133.8167    13.8200 0.0000e+00
 124.228125     12.797    12.5742  32.012376    26.9097     12.682  275.24037  275.38161   133.9101    13.8443 0.0000e+00
 124.228128     12.832    12.5740  32.012607    26.9098     12.717  275.24062  275.38185   133.8012    13.8281 0.0000e+00
 124.228131     12.865    12.5740  32.011219    26.9099     12.750  275.24312  275.38436   133.9879    13.8200 -9.990e-29
 124.228134     12.885    12.5739  32.010988    26.9085     12.769  275.24418  275.38541   125.2408    14.6692 -9.990e-29
 124.228137     12.892    12.5737  32.010584    26.9082     12.776  275.24554  275.38677   125.2097    14.6247 -9.990e-29
 124.228139     12.903    12.5740  32.011220    26.9087     12.788  275.24346  275.38470   125.2097    14.6813 -9.990e-29
 124.228142     12.899    12.5742  32.010988    26.9083     12.784  275.24261  275.38386   125.2408    14.6813 -9.990e-29
 124.228145     12.903    12.5742  32.009196    26.9066     12.787  275.24581  275.38709   129.0852    15.1261 -9.990e-29
 124.228148     12.910    12.5743  32.010410    26.9077     12.795  275.24333  275.38460   129.2875    15.1059 -9.990e-29
 124.228151     12.927    12.5743  32.012029    26.9089     12.811  275.24045  275.38170   129.1630    15.1140 -9.990e-29
 124.228154     12.952    12.5744  32.011798    26.9092     12.836  275.24056  275.38182   129.2720    15.1019 0.0000e+00
 124.228157     12.985    12.5745  32.012376    26.9089     12.869  275.23923  275.38049   128.0113    15.0776 0.0000e+00
 124.228160     13.031    12.5742  32.011625    26.9088     12.914  275.24155  275.38281   125.8167    15.5912 0.0000e+00
 124.228163     13.076    12.5745  32.011798    26.9088     12.959  275.24032  275.38159   125.7233    15.5386 0.0000e+00
 124.228166     13.123    12.5745  32.011798    26.9088     13.006  275.24035  275.38162   125.7545    15.5629 0.0000e+00
 124.228168     13.165    12.5745  32.010584    26.9088     13.047  275.24224  275.38352   125.7856    15.5507 0.0000e+00
 124.228171     13.198    12.5745  32.012608    26.9089     13.080  275.23864  275.37990   125.2720    15.0412 0.0000e+00
 124.228174     13.225    12.5745  32.011972    26.9092     13.107  275.23979  275.38106   125.2097    15.0534 0.0000e+00
 124.228177     13.251    12.5747  32.013186    26.9089     13.132  275.23669  275.37796   125.2875    15.0412 -9.990e-29
 124.228180     13.273    12.5749  32.012782    26.9093     13.154  275.23680  275.37808   125.2875    15.0574 -9.990e-29
 124.228183     13.291    12.5751  32.013013    26.9094     13.172  275.23544  275.37674   131.2486    15.7327 -9.990e-29
 124.228186     13.304    12.5750  32.013823    26.9102     13.185  275.23432  275.37561   131.2331    15.7327 -9.990e-29
 124.228189     13.317    12.5751  32.012782    26.9092     13.198  275.23587  275.37717   131.1397    15.7772 -9.990e-29
 124.228192     13.322    12.5752  32.013996    26.9103     13.203  275.23339  275.37468   131.0930    15.7650 -9.990e-29
 124.228194     13.335    12.5749  32.012782    26.9093     13.216  275.23652  275.37781   137.2564    15.3728 -9.990e-29
 124.228197     13.346    12.5749  32.012030    26.9086     13.227  275.23819  275.37948   137.3031    15.3283 -9.990e-29
 124.228200     13.370    12.5749  32.003184    26.9004     13.250  275.25402  275.39540   137.3965    15.3768 -9.990e-29
 124.228203     13.394    12.5747  32.012030    26.9089     13.274  275.23917  275.38045   137.3187    15.3728 -9.990e-29
 124.228206     13.429    12.5745  32.012031    26.9092     13.308  275.24014  275.38140   137.4120    15.3728 0.0000e+00
 124.228209     13.460    12.5745  32.012725    26.9089     13.339  275.23860  275.37987   139.1864    15.4011 0.0000e+00
 124.228212     13.498    12.5743  32.010990    26.9095     13.377  275.24268  275.38394   139.2019    15.4618 0.0000e+00
 124.228215     13.531    12.5742  32.013014    26.9099     13.410  275.23972  275.38095   139.2019    15.4294 0.0000e+00
