Processed/SBE19plus_01907321_2022_05_11_Cast131_wfilter.cnv
* Sea-Bird SBE19plus  Data File:
* FileName = E:\Prandtl_Daten\2022\CTD\Raw\SBE19plus_01907321_2022_05_11_Cast131.hex
* Software version 2.6.1.12
* Temperature SN = 7321
* Conductivity SN = 7321
* System UpLoad Time = May 11 2022 13:05:17
* <ApplicationData>
* <Seaterm232>
** Messpraktikum 2022
** CTD 10.05  BW2
** NMEA Latitude = 54 07.90N
** NMEA Longitude = 008 45.14E
# nquan = 11
# nvalues = 641                         
# units = specified
# name 0 = timeJ: Julian Days
# name 1 = prdM: Pressure, Strain Gauge [db]
# name 2 = tv290C: Temperature [ITS-90, deg C]
# name 3 = c0mS/cm: Conductivity [mS/cm]
# name 4 = sal00: Salinity, Practical [PSU]
# name 5 = depSM: Depth [salt water, m], lat = 54.00
# name 6 = oxsatMm/Kg: Oxygen Saturation, Weiss [umol/kg]
# name 7 = oxsolMm/Kg: Oxygen Saturation, Garcia & Gordon [umol/kg]
# name 8 = turbWETntu0: Turbidity, WET Labs ECO [NTU]
# name 9 = flECO-AFL: Fluorescence, WET Labs ECO-AFL/FL [mg/m^3]
# name 10 = flag:  0.000e+00
# span 0 = 131.539430, 131.541282       
# span 1 =      0.438,     15.391       
# span 2 =    13.9250,    14.1184       
# span 3 =  33.149408,  33.296361       
# span 4 =    26.9897,    27.0006       
# span 5 =      0.434,     15.253       
# span 6 =  266.34921,  267.41497       
# span 7 =  266.57495,  267.63056       
# span 8 =     8.4471,    98.5482       
# span 9 =     4.4954,    14.7703       
# span 10 = 0.0000e+00, 0.0000e+00      
# interval = seconds: 0.25
# start_time = May 11 2022 12:55:17 [Instrument's time stamp, header]
# bad_flag = -9.990e-29
*END*
 131.539430      0.438    14.0671  33.258382    26.9976      0.434  266.62603  266.84907     8.5560     4.5035 0.0000e+00
 131.539433      0.493    14.0683  33.260495    26.9987      0.488  266.61754  266.84064     8.4471     4.4954 0.0000e+00
 131.539436      0.555    14.0700  33.262197    26.9987      0.550  266.60754  266.83073     9.0074     5.2030 0.0000e+00
 131.539439      0.608    14.0719  33.263195    26.9988      0.602  266.59808  266.82137     8.9918     5.1828 0.0000e+00
 131.539442      0.641    14.0740  33.264486    26.9986      0.635  266.58718  266.81058     8.9451     5.1747 -9.990e-29
 131.539444      0.653    14.0756  33.264604    26.9973      0.648  266.58040  266.80389     9.0385     5.1707 -9.990e-29
 131.539447      0.659    14.0765  33.265308    26.9972      0.653  266.57516  266.79870     9.8478     5.4295 -9.990e-29
 131.539450      0.664    14.0777  33.266364    26.9973      0.658  266.56840  266.79200     9.7545     5.4497 -9.990e-29
 131.539453      0.673    14.0786  33.265953    26.9963      0.667  266.56532  266.78898     9.8167     5.4457 -9.990e-29
 131.539456      0.692    14.0797  33.267421    26.9968      0.686  266.55851  266.78221     9.8167     5.4578 -9.990e-29
 131.539459      0.717    14.0806  33.268008    26.9967      0.711  266.55379  266.77754     9.7856     5.4618 0.0000e+00
 131.539462      0.743    14.0813  33.268477    26.9967      0.736  266.54989  266.77368    10.0191     5.5993 0.0000e+00
 131.539465      0.770    14.0823  33.269006    26.9967      0.763  266.54495  266.76880    10.0191     5.6438 0.0000e+00
 131.539468      0.799    14.0829  33.269945    26.9965      0.792  266.54090  266.76478     9.9257     5.6438 0.0000e+00
 131.539470      0.834    14.0840  33.270356    26.9969      0.826  266.53554  266.75948    10.0657     5.6438 0.0000e+00
 131.539473      0.861    14.0849  33.271764    26.9968      0.854  266.52946  266.75344     9.6922     5.5548 0.0000e+00
 131.539476      0.891    14.0861  33.272469    26.9971      0.883  266.52329  266.74733     9.7233     5.5629 -9.990e-29
 131.539479      0.914    14.0873  33.273349    26.9968      0.906  266.51683  266.74093     9.7389     5.5387 -9.990e-29
 131.539482      0.936    14.0881  33.274993    26.9977      0.928  266.51067  266.73481     9.7700     5.5670 -9.990e-29
 131.539485      0.954    14.0899  33.276343    26.9977      0.946  266.50092  266.72515     9.7545     5.5104 -9.990e-29
 131.539488      0.974    14.0917  33.278574    26.9984      0.966  266.48971  266.71403     9.9724     5.4821 -9.990e-29
 131.539491      0.993    14.0938  33.279806    26.9981      0.984  266.47890  266.70333     9.6611     5.5225 -9.990e-29
 131.539494      0.993    14.0957  33.280980    26.9978      0.984  266.46911  266.69365     9.7389     5.4942 -9.990e-29
 131.539497      0.987    14.0976  33.280452    26.9960      0.978  266.46183  266.68648    10.0502     5.5306 -9.990e-29
 131.539499      0.985    14.0990  33.282154    26.9965      0.977  266.45305  266.67777     9.9879     5.5427 -9.990e-29
 131.539502      0.993    14.0999  33.283152    26.9968      0.984  266.44764  266.67240    10.0191     5.5589 -9.990e-29
 131.539505      0.996    14.1012  33.284032    26.9967      0.987  266.44085  266.66568     9.9257     5.5629 -9.990e-29
 131.539508      1.002    14.1022  33.283974    26.9959      0.993  266.43656  266.66145     9.9257     5.5508 -9.990e-29
 131.539511      1.003    14.1027  33.284443    26.9959      0.994  266.43359  266.65851     9.2253     5.5710 -9.990e-29
 131.539514      1.002    14.1036  33.285735    26.9965      0.993  266.42769  266.65265     9.2875     5.5670 -9.990e-29
 131.539517      1.004    14.1042  33.286498    26.9967      0.995  266.42392  266.64891     9.3965     5.5427 -9.990e-29
 131.539520      1.002    14.1054  33.286556    26.9960      0.993  266.41880  266.64386     9.2875     5.5832 -9.990e-29
 131.539523      0.998    14.1063  33.287143    26.9959      0.989  266.41438  266.63948     8.9607     5.3850 -9.990e-29
 131.539525      0.998    14.1067  33.287143    26.9956      0.989  266.41249  266.63763     9.0385     5.3810 -9.990e-29
 131.539528      0.991    14.1075  33.288376    26.9961      0.982  266.40700  266.63217     9.1163     5.3729 -9.990e-29
 131.539531      0.996    14.1079  33.288435    26.9959      0.988  266.40534  266.63053     9.0696     5.3810 -9.990e-29
 131.539534      1.015    14.1086  33.289550    26.9965      1.006  266.40068  266.62590     8.9918     5.3810 -9.990e-29
 131.539537      1.040    14.1095  33.290490    26.9967      1.031  266.39538  266.62065     9.0852     5.3769 -9.990e-29
 131.539540      1.064    14.1105  33.291782    26.9967      1.054  266.38887  266.61418     8.9762     5.3850 -9.990e-29
 131.539543      1.102    14.1119  33.292427    26.9965      1.092  266.38186  266.60726     9.1163     5.3567 0.0000e+00
 131.539546      1.137    14.1128  33.292604    26.9964      1.126  266.37814  266.60358     9.4276     5.3769 0.0000e+00
 131.539549      1.171    14.1135  33.293367    26.9963      1.161  266.37376  266.59924     9.7389     5.0373 0.0000e+00
 131.539552      1.208    14.1142  33.293895    26.9964      1.197  266.37009  266.59560     9.8167     5.0453 -9.990e-29
 131.539554      1.228    14.1149  33.294541    26.9965      1.217  266.36621  266.59176     9.7233     5.0615 -9.990e-29
 131.539557      1.244    14.1157  33.295950    26.9972      1.233  266.36044  266.58603     9.9101     5.0696 -9.990e-29
 131.539560      1.259    14.1167  33.296361    26.9968      1.248  266.35538  266.58102     8.7739     5.3486 -9.990e-29
 131.539563      1.264    14.1176  33.296185    26.9960      1.253  266.35191  266.57761     8.8362     5.3041 -9.990e-29
 131.539566      1.270    14.1181  33.295774    26.9953      1.259  266.35040  266.57613     8.7117     5.2799 -9.990e-29
 131.539569      1.283    14.1182  33.295950    26.9956      1.271  266.34980  266.57553     8.8673     5.3567 -9.990e-29
 131.539572      1.308    14.1182  33.296185    26.9954      1.297  266.34943  266.57516     9.6922     5.7328 0.0000e+00
 131.539575      1.343    14.1184  33.295950    26.9952      1.331  266.34921  266.57495     9.6611     5.7287 0.0000e+00
 131.539578      1.383    14.1182  33.294717    26.9946      1.371  266.35190  266.57764     9.7545     5.7368 0.0000e+00
 131.539580      1.427    14.1176  33.294718    26.9942      1.414  266.35443  266.58014     9.8790     5.7287 0.0000e+00
 131.539583      1.471    14.1172  33.293544    26.9939      1.457  266.35828  266.58397     9.7856     5.8177 0.0000e+00
 131.539586      1.509    14.1163  33.291958    26.9934      1.495  266.36438  266.59003     9.6922     5.8339 0.0000e+00
 131.539589      1.538    14.1149  33.289551    26.9930      1.524  266.37465  266.60024     9.7856     5.8339 -9.990e-29
 131.539592      1.553    14.1128  33.288847    26.9927      1.539  266.38429  266.60977     9.7545     5.8339 -9.990e-29
 131.539595      1.567    14.1108  33.287791    26.9931      1.553  266.39452  266.61988     9.7389     5.8096 -9.990e-29
 131.539598      1.567    14.1092  33.286969    26.9935      1.553  266.40278  266.62805    10.0657     5.7611 -9.990e-29
 131.539601      1.577    14.1078  33.285912    26.9935      1.562  266.41018  266.63538     9.9257     5.7894 -9.990e-29
 131.539604      1.589    14.1066  33.284973    26.9936      1.575  266.41707  266.64221    10.0502     5.7692 -9.990e-29
 131.539606      1.610    14.1053  33.283153    26.9928      1.595  266.42542  266.65051    10.0657     5.7368 -9.990e-29
 131.539609      1.633    14.1043  33.283741    26.9951      1.619  266.42855  266.65356     9.4120     5.8339 -9.990e-29
 131.539612      1.662    14.1033  33.284210    26.9950      1.647  266.43186  266.65682     9.5054     5.8177 0.0000e+00
 131.539615      1.701    14.1030  33.283741    26.9951      1.685  266.43392  266.65886     9.5210     5.8339 0.0000e+00
 131.539618      1.733    14.1032  33.284445    26.9954      1.718  266.43214  266.65709     9.6299     5.8419 0.0000e+00
 131.539621      1.774    14.1030  33.284446    26.9954      1.758  266.43280  266.65774     9.5366     5.5912 0.0000e+00
 131.539624      1.810    14.1033  33.282978    26.9955      1.794  266.43431  266.65927     9.4899     5.5832 -9.990e-29
 131.539627      1.834    14.1031  33.283389    26.9945      1.817  266.43427  266.65922     9.4899     5.5832 -9.990e-29
 131.539630      1.854    14.1025  33.283154    26.9947      1.837  266.43718  266.66210     9.4432     5.5710 -9.990e-29
 131.539633      1.876    14.1021  33.282743    26.9946      1.859  266.43975  266.66465     9.8945     5.4335 -9.990e-29
 131.539635      1.883    14.1016  33.281746    26.9941      1.866  266.44360  266.66848    10.1124     5.4497 -9.990e-29
 131.539638      1.899    14.1010  33.281511    26.9943      1.882  266.44651  266.67135     9.9568     5.4538 -9.990e-29
 131.539641      1.918    14.1004  33.279574    26.9935      1.901  266.45224  266.67706    10.0035     5.4538 -9.990e-29
 131.539644      1.945    14.0993  33.279398    26.9932      1.928  266.45694  266.68170     9.9879     5.4254 0.0000e+00
 131.539647      1.978    14.0981  33.277696    26.9935      1.960  266.46479  266.68950    10.5327     5.4497 0.0000e+00
 131.539650      2.009    14.0965  33.277344    26.9936      1.991  266.47229  266.69691    10.7039     5.4214 0.0000e+00
 131.539653      2.042    14.0952  33.276463    26.9936      2.024  266.47910  266.70365    10.4704     5.4012 0.0000e+00
 131.539656      2.075    14.0939  33.272883    26.9926      2.056  266.49070  266.71519    10.4082     5.4093 0.0000e+00
 131.539659      2.106    14.0914  33.271768    26.9914      2.087  266.50291  266.72727     9.8634     5.3729 -9.990e-29
 131.539661      2.128    14.0891  33.269948    26.9921      2.109  266.51566  266.73990     9.8323     5.3648 -9.990e-29
 131.539664      2.144    14.0871  33.267601    26.9914      2.125  266.52803  266.75217     9.7078     5.3769 -9.990e-29
 131.539667      2.157    14.0846  33.265547    26.9913      2.138  266.54179  266.76581     9.7856     5.3891 -9.990e-29
 131.539670      2.166    14.0818  33.263610    26.9915      2.147  266.55693  266.78079    10.0035     5.4295 -9.990e-29
 131.539673      2.182    14.0790  33.259443    26.9897      2.163  266.57545  266.79918     9.9568     5.4416 -9.990e-29
 131.539676      2.201    14.0753  33.258622    26.9916      2.181  266.59251  266.81603     9.9568     5.4254 -9.990e-29
 131.539679      2.226    14.0722  33.258211    26.9949      2.206  266.60606  266.82941    10.0969     5.4335 -9.990e-29
 131.539682      2.265    14.0704  33.258623    26.9946      2.244  266.61294  266.83617     9.5210     5.2192 0.0000e+00
 131.539685      2.297    14.0697  33.257214    26.9942      2.277  266.61843  266.84163     9.5521     5.2435 0.0000e+00
 131.539688      2.339    14.0684  33.254632    26.9935      2.318  266.62806  266.85122     9.5833     5.2718 0.0000e+00
 131.539690      2.377    14.0663  33.253811    26.9931      2.356  266.63823  266.86127     9.5210     5.2516 0.0000e+00
 131.539693      2.405    14.0647  33.251581    26.9935      2.383  266.64885  266.87181     9.5054     5.2354 -9.990e-29
 131.539696      2.427    14.0626  33.250232    26.9928      2.405  266.65988  266.88273     9.8323     5.5468 -9.990e-29
 131.539699      2.445    14.0603  33.250584    26.9947      2.423  266.66872  266.89143     9.7233     5.5589 -9.990e-29
 131.539702      2.459    14.0592  33.250056    26.9950      2.437  266.67431  266.89696     9.8634     5.5710 -9.990e-29
 131.539705      2.470    14.0583  33.248589    26.9943      2.448  266.68052  266.90313     9.7545     5.5670 -9.990e-29
 131.539708      2.479    14.0571  33.248002    26.9946      2.457  266.68651  266.90906    10.1591     5.4538 -9.990e-29
 131.539711      2.496    14.0559  33.245655    26.9933      2.473  266.69544  266.91793    10.3148     5.4457 -9.990e-29
 131.539714      2.516    14.0544  33.245421    26.9942      2.493  266.70243  266.92483    10.2214     5.4335 -9.990e-29
 131.539716      2.552    14.0530  33.244365    26.9950      2.529  266.71016  266.93249    10.2214     5.4659 0.0000e+00
 131.539719      2.591    14.0521  33.245597    26.9959      2.567  266.71159  266.93386    10.0502     5.6398 0.0000e+00
 131.539722      2.631    14.0517  33.245421    26.9959      2.607  266.71379  266.93604    10.0035     5.6236 0.0000e+00
 131.539725      2.664    14.0515  33.244189    26.9956      2.640  266.71648  266.93873    10.0813     5.6195 0.0000e+00
 131.539728      2.691    14.0514  33.244600    26.9950      2.667  266.71644  266.93868     9.9257     5.6357 -9.990e-29
 131.539731      2.711    14.0510  33.244776    26.9959      2.687  266.71773  266.93994    10.7973     5.4942 -9.990e-29
 131.539734      2.728    14.0509  33.245246    26.9964      2.703  266.71728  266.93948    10.8595     5.4780 -9.990e-29
 131.539737      2.739    14.0509  33.245187    26.9963      2.714  266.71738  266.93959    10.7506     5.4861 -9.990e-29
 131.539740      2.755    14.0515  33.246889    26.9974      2.731  266.71206  266.93429    10.7973     5.5063 -9.990e-29
 131.539742      2.775    14.0525  33.249412    26.9990      2.751  266.70381  266.92607    10.6572     5.4780 -9.990e-29
 131.539745      2.790    14.0544  33.251290    26.9991      2.765  266.69254  266.91491     9.8634     5.4457 -9.990e-29
 131.539748      2.817    14.0565  33.252640    26.9986      2.792  266.68154  266.90401     9.8167     5.4538 0.0000e+00
 131.539751      2.846    14.0585  33.253168    26.9985      2.821  266.67252  266.89511     9.7233     5.4254 0.0000e+00
 131.539754      2.877    14.0602  33.254811    26.9985      2.852  266.66260  266.88528     9.9412     5.4214 0.0000e+00
 131.539757      2.917    14.0618  33.256102    26.9985      2.891  266.65390  266.87665     9.5210     5.5306 0.0000e+00
 131.539760      2.948    14.0635  33.257804    26.9986      2.922  266.64388  266.86672     9.6455     5.5144 0.0000e+00
 131.539763      2.987    14.0656  33.259388    26.9988      2.960  266.63249  266.85545     9.4432     5.5104 -9.990e-29
 131.539766      3.012    14.0676  33.261384    26.9992      2.985  266.62073  266.84379     9.5677     5.4821 -9.990e-29
 131.539769      3.030    14.0698  33.262381    26.9985      3.003  266.60968  266.83286     9.7545     5.3527 -9.990e-29
 131.539771      3.043    14.0718  33.261383    26.9962      3.016  266.60287  266.82617     9.8167     5.4012 -9.990e-29
 131.539774      3.054    14.0728  33.260738    26.9949      3.027  266.59987  266.82323     9.8790     5.3850 -9.990e-29
 131.539777      3.068    14.0725  33.260386    26.9948      3.041  266.60172  266.82507     9.8634     5.3729 -9.990e-29
 131.539780      3.087    14.0723  33.261384    26.9958      3.059  266.60101  266.82434     9.6611     5.4618 -9.990e-29
 131.539783      3.105    14.0724  33.262792    26.9965      3.077  266.59838  266.82170     9.5366     5.4578 -9.990e-29
 131.539786      3.132    14.0732  33.262851    26.9961      3.104  266.59485  266.81822     9.6611     5.4538 0.0000e+00
 131.539789      3.159    14.0739  33.262381    26.9956      3.131  266.59250  266.81592     9.5988     5.4376 0.0000e+00
 131.539792      3.194    14.0737  33.261208    26.9951      3.166  266.59541  266.81882     9.4899     5.4376 0.0000e+00
 131.539795      3.231    14.0733  33.261384    26.9951      3.202  266.59671  266.82010     9.4899     5.3850 0.0000e+00
 131.539797      3.269    14.0730  33.261208    26.9952      3.240  266.59859  266.82196     9.4432     5.3729 0.0000e+00
 131.539800      3.297    14.0727  33.261795    26.9952      3.267  266.59858  266.82193     9.4899     5.3729 -9.990e-29
 131.539803      3.322    14.0726  33.261619    26.9958      3.292  266.59951  266.82286     9.5988     5.3729 -9.990e-29
 131.539806      3.337    14.0731  33.263028    26.9967      3.307  266.59499  266.81836     9.7545     5.2920 -9.990e-29
