Processed/SBE19plus_01907321_2022_05_08_Cast81_wfilter.cnv
* Sea-Bird SBE19plus  Data File:
* FileName = E:\Prandtl Daten\2022\CTD\Raw\SBE19plus_01907321_2022_05_08_Cast81.hex
* Software version 2.6.1.12
* Temperature SN = 7321
* Conductivity SN = 7321
* System UpLoad Time = May 08 2022 10:08:38
* <ApplicationData>
* <Seaterm232>
** Messpraktikum 2022
** CTD 08.05 NP4,5
** NMEA Latitude = 54 10.53 N
** NMEA Longitude = 008 37.82 E
# nquan = 11
# nvalues = 403                         
# units = specified
# name 0 = timeJ: Julian Days
# name 1 = prdM: Pressure, Strain Gauge [db]
# name 2 = tv290C: Temperature [ITS-90, deg C]
# name 3 = c0mS/cm: Conductivity [mS/cm]
# name 4 = sal00: Salinity, Practical [PSU]
# name 5 = depSM: Depth [salt water, m], lat = 54.00
# name 6 = oxsatMm/Kg: Oxygen Saturation, Weiss [umol/kg]
# name 7 = oxsolMm/Kg: Oxygen Saturation, Garcia & Gordon [umol/kg]
# name 8 = turbWETntu0: Turbidity, WET Labs ECO [NTU]
# name 9 = flECO-AFL: Fluorescence, WET Labs ECO-AFL/FL [mg/m^3]
# name 10 = flag:  0.000e+00
# span 0 = 128.418536, 128.419699       
# span 1 =      0.631,     12.267       
# span 2 =    12.4068,    12.4493       
# span 3 =  32.689785,  32.782546       
# span 4 =    27.6450,    27.7187       
# span 5 =      0.625,     12.157       
# span 6 =  274.41408,  274.73674       
# span 7 =  274.53925,  274.86001       
# span 8 =     3.6844,    11.0619       
# span 9 =     2.0531,     5.6519       
# span 10 = 0.0000e+00, 0.0000e+00      
# interval = seconds: 0.25
# start_time = May 08 2022 10:01:33 [Instrument's time stamp, header]
# bad_flag = -9.990e-29
*END*
[from data line 132]
 128.418918      4.523    12.4142  32.695323    27.6655      4.482  274.71893  274.84258     5.2720     4.0668 0.0000e+00
 128.418921      4.550    12.4140  32.695148    27.6655      4.509  274.71989  274.84353     5.2564     4.0385 -9.990e-29
 128.418924      4.568    12.4142  32.695148    27.6653      4.527  274.71928  274.84293     5.5521     3.9010 -9.990e-29
 128.418927      4.584    12.4145  32.693866    27.6639      4.544  274.72035  274.84403     5.5677     3.9172 -9.990e-29
 128.418929      4.598    12.4145  32.691825    27.6619      4.557  274.72372  274.84743     5.4899     3.9455 -9.990e-29
 128.418932      4.616    12.4150  32.694507    27.6637      4.575  274.71672  274.84044     5.4432     3.9253 -9.990e-29
 128.418935      4.645    12.4154  32.694449    27.6613      4.604  274.71529  274.83903     5.2253     3.8848 0.0000e+00
 128.418938      4.679    12.4158  32.689785    27.6631      4.638  274.72183  274.84565     5.3809     3.9050 0.0000e+00
 128.418941      4.723    12.4157  32.694099    27.6631      4.681  274.71441  274.83818     5.2253     3.9414 0.0000e+00
 128.418944      4.771    12.4155  32.694332    27.6635      4.728  274.71496  274.83871     5.2408     3.9172 0.0000e+00
 128.418947      4.816    12.4154  32.694274    27.6635      4.773  274.71572  274.83946     4.9296     3.9455 0.0000e+00
 128.418950      4.862    12.4156  32.694100    27.6634      4.818  274.71513  274.83889     5.1630     3.9010 0.0000e+00
 128.418953      4.893    12.4156  32.694333    27.6633      4.849  274.71473  274.83849     4.9762     3.9293 0.0000e+00
 128.418955      4.924    12.4159  32.694508    27.6634      4.880  274.71288  274.83666     4.9762     3.9172 -9.990e-29
 128.418958      4.942    12.4164  32.694858    27.6632      4.898  274.71008  274.83389     6.9218     4.1800 -9.990e-29
 128.418961      4.953    12.4169  32.694508    27.6625      4.908  274.70853  274.83238     6.7506     4.2285 -9.990e-29
 128.418964      4.960    12.4173  32.693050    27.6609      4.915  274.70960  274.83349     6.8284     4.1800 -9.990e-29
 128.418967      4.965    12.4173  32.693692    27.6614      4.921  274.70814  274.83202     6.7506     4.1679 -9.990e-29
 128.418970      4.978    12.4177  32.694683    27.6621      4.933  274.70481  274.82871     6.8595     4.1638 -9.990e-29
 128.418973      5.000    12.4181  32.693692    27.6612      4.955  274.70473  274.82867     7.9490     4.5763 -9.990e-29
 128.418976      5.030    12.4187  32.694508    27.6611      4.985  274.70079  274.82476     8.0113     4.5682 0.0000e+00
 128.418979      5.074    12.4193  32.694858    27.6610      5.029  274.69739  274.82140     8.0113     4.5520 0.0000e+00
 128.418981      5.124    12.4190  32.694508    27.6610      5.078  274.69930  274.82329     8.0580     4.5763 0.0000e+00
 128.418984      5.169    12.4183  32.694100    27.6611      5.123  274.70349  274.82743     7.5288     4.5237 0.0000e+00
 128.418987      5.220    12.4171  32.696141    27.6638      5.174  274.70515  274.82899     7.4976     4.4631 0.0000e+00
 128.418990      5.257    12.4161  32.697424    27.6658      5.210  274.70723  274.83099     7.5132     4.4995 0.0000e+00
 128.418993      5.288    12.4149  32.699231    27.6671      5.240  274.70930  274.83296     7.6377     4.5156 0.0000e+00
 128.418996      5.315    12.4142  32.698007    27.6683      5.267  274.71463  274.83826     7.0619     4.6127 -9.990e-29
 128.418999      5.333    12.4131  32.698824    27.6692      5.286  274.71785  274.84140     7.0307     4.6289 -9.990e-29
 128.419002      5.355    12.4125  32.698008    27.6689      5.307  274.72183  274.84534     7.1085     4.6248 -9.990e-29
 128.419005      5.368    12.4118  32.698008    27.6694      5.320  274.72527  274.84873     7.0619     4.6086 -9.990e-29
 128.419008      5.386    12.4114  32.698416    27.6701      5.338  274.72610  274.84954     7.8245     4.5075 -9.990e-29
 128.419010      5.407    12.4109  32.697017    27.6699      5.358  274.73082  274.85423     7.7622     4.4995 -9.990e-29
 128.419013      5.432    12.4104  32.697367    27.6709      5.384  274.73270  274.85607     7.7934     4.5399 0.0000e+00
 128.419016      5.465    12.4101  32.699466    27.6717      5.416  274.73019  274.85352     7.8245     4.4914 0.0000e+00
 128.419019      5.502    12.4099  32.699058    27.6717      5.452  274.73157  274.85490     7.7000     4.4954 0.0000e+00
 128.419022      5.538    12.4096  32.698591    27.6717      5.489  274.73399  274.85730     7.9646     4.6410 0.0000e+00
 128.419025      5.580    12.4092  32.699233    27.6720      5.530  274.73473  274.85801     7.7778     4.6289 0.0000e+00
 128.419028      5.615    12.4089  32.698650    27.6724      5.564  274.73674  274.86001     7.7311     4.6167 0.0000e+00
 128.419031      5.650    12.4089  32.701099    27.6744      5.599  274.73267  274.85590     7.7934     4.6248 0.0000e+00
 128.419034      5.679    12.4088  32.701099    27.6744      5.628  274.73300  274.85623     6.7194     5.0737 0.0000e+00
 128.419036      5.710    12.4086  32.700691    27.6744      5.659  274.73469  274.85791     6.8128     5.0211 -9.990e-29
 128.419039      5.728    12.4086  32.701274    27.6747      5.677  274.73365  274.85687     6.7973     5.0656 -9.990e-29
 128.419042      5.742    12.4084  32.701099    27.6746      5.691  274.73460  274.85781     6.8284     5.0534 -9.990e-29
 128.419045      5.755    12.4082  32.701915    27.6756      5.704  274.73439  274.85756     7.3264     4.6774 -9.990e-29
 128.419048      5.773    12.4084  32.701507    27.6751      5.722  274.73420  274.85739     7.2486     4.6976 -9.990e-29
 128.419051      5.795    12.4085  32.699875    27.6752      5.743  274.73653  274.85975     7.3887     4.7259 -9.990e-29
 128.419054      5.828    12.4087  32.701916    27.6756      5.776  274.73225  274.85547     7.3264     4.7016 0.0000e+00
 128.419057      5.868    12.4092  32.703140    27.6760      5.816  274.72790  274.85113     7.1397     4.9806 0.0000e+00
 128.419060      5.914    12.4091  32.703373    27.6762      5.861  274.72782  274.85104     7.1085     5.0009 0.0000e+00
 128.419063      5.958    12.4090  32.703374    27.6763      5.904  274.72816  274.85138     7.0307     4.9685 0.0000e+00
 128.419065      5.992    12.4089  32.704248    27.6772      5.939  274.72723  274.85043     6.9840     4.9604 0.0000e+00
 128.419068      6.028    12.4090  32.704773    27.6776      5.975  274.72569  274.84889     7.0152     4.9766 0.0000e+00
 128.419071      6.058    12.4093  32.705415    27.6778      6.004  274.72331  274.84653     7.0930     4.9281 0.0000e+00
 128.419074      6.085    12.4092  32.705823    27.6779      6.031  274.72321  274.84642     6.9840     4.9321 -9.990e-29
 128.419077      6.105    12.4096  32.705823    27.6781      6.051  274.72136  274.84459     7.0307     4.8755 -9.990e-29
 128.419080      6.122    12.4093  32.704773    27.6773      6.067  274.72450  274.84773     7.0463     4.8998 -9.990e-29
 128.419083      6.137    12.4092  32.706231    27.6788      6.082  274.72251  274.84571     8.5560     4.6652 -9.990e-29
 128.419086      6.153    12.4092  32.706406    27.6789      6.098  274.72221  274.84541     8.4938     4.6248 -9.990e-29
 128.419089      6.175    12.4092  32.706056    27.6793      6.120  274.72254  274.84575     8.3692     4.6248 -9.990e-29
 128.419091      6.202    12.4092  32.706873    27.6784      6.147  274.72109  274.84429     8.6183     4.6208 0.0000e+00
 128.419094      6.240    12.4094  32.705007    27.6793      6.185  274.72385  274.84708    10.0969     4.7704 0.0000e+00
 128.419097      6.275    12.4092  32.706990    27.6795      6.219  274.72124  274.84444     9.9879     4.7502 0.0000e+00
 128.419100      6.313    12.4094  32.707864    27.6795      6.257  274.71876  274.84196    10.0191     4.7502 0.0000e+00
 128.419103      6.350    12.4094  32.706465    27.6793      6.293  274.72130  274.84452    10.0969     4.7340 0.0000e+00
 128.419106      6.382    12.4097  32.707281    27.6793      6.325  274.71829  274.84153     7.5443     4.8553 0.0000e+00
 128.419109      6.412    12.4100  32.708739    27.6793      6.354  274.71444  274.83768     7.4976     4.8796 0.0000e+00
 128.419112      6.441    12.4101  32.707048    27.6804      6.384  274.71720  274.84045     7.5910     4.8553 0.0000e+00
 128.419115      6.474    12.4101  32.709089    27.6797      6.416  274.71323  274.83648     7.4821     4.8634 0.0000e+00
 128.419117      6.501    12.4103  32.708914    27.6806      6.443  274.71294  274.83620     7.5132     4.8391 -9.990e-29
 128.419120      6.525    12.4102  32.708973    27.6804      6.467  274.71317  274.83641     8.1202     4.8634 -9.990e-29
 128.419123      6.543    12.4103  32.708914    27.6805      6.485  274.71297  274.83623     7.9646     4.8553 -9.990e-29
 128.419126      6.570    12.4101  32.708915    27.6803      6.511  274.71392  274.83716     8.0113     4.8715 0.0000e+00
 128.419129      6.596    12.4099  32.708565    27.6802      6.537  274.71519  274.83843     8.0424     4.8391 0.0000e+00
 128.419132      6.631    12.4096  32.708099    27.6800      6.571  274.71730  274.84052     7.5132     5.1060 0.0000e+00
 128.419135      6.662    12.4093  32.707865    27.6800      6.602  274.71930  274.84250     7.5132     5.1060 0.0000e+00
 128.419138      6.693    12.4092  32.707691    27.6799      6.633  274.71995  274.84314     7.5599     5.0858 0.0000e+00
 128.419141      6.725    12.4087  32.706000    27.6790      6.665  274.72520  274.84837     7.5910     5.1060 0.0000e+00
 128.419144      6.753    12.4085  32.706233    27.6790      6.692  274.72573  274.84889     7.7934     4.9847 0.0000e+00
 128.419146      6.782    12.4082  32.706641    27.6796      6.722  274.72626  274.84940     7.7467     4.9928 0.0000e+00
 128.419149      6.810    12.4080  32.706875    27.6798      6.749  274.72711  274.85022     7.7311     5.0009 0.0000e+00
 128.419152      6.846    12.4075  32.706583    27.6800      6.785  274.72984  274.85292     7.8245     4.9685 -9.990e-29
 128.419155      6.868    12.4072  32.706642    27.6804      6.806  274.73099  274.85406     7.6844     4.7785 -9.990e-29
 128.419158      6.888    12.4068  32.706642    27.6806      6.826  274.73256  274.85561     7.4976     4.7663 -9.990e-29
 128.419161      6.908    12.4068  32.707400    27.6813      6.846  274.73121  274.85425     7.5288     4.8108 -9.990e-29
 128.419164      6.928    12.4070  32.708508    27.6822      6.866  274.72830  274.85133     7.5599     4.7663 -9.990e-29
 128.419167      6.949    12.4075  32.708508    27.6818      6.887  274.72613  274.84920     7.5910     4.8027 -9.990e-29
 128.419170      6.975    12.4077  32.708683    27.6815      6.913  274.72490  274.84798     8.2447     4.7502 0.0000e+00
 128.419172      7.012    12.4082  32.708391    27.6818      6.949  274.72358  274.84669     8.2292     4.7906 0.0000e+00
 128.419175      7.045    12.4084  32.709733    27.6818      6.982  274.72025  274.84337     8.3226     4.7542 0.0000e+00
 128.419178      7.081    12.4090  32.709733    27.6818      7.018  274.71747  274.84063     8.1980     4.7502 0.0000e+00
 128.419181      7.114    12.4099  32.708100    27.6808      7.050  274.71669  274.83993     8.8673     4.6733 0.0000e+00
 128.419184      7.141    12.4104  32.709966    27.6797      7.077  274.71086  274.83412     8.8206     4.7057 -9.990e-29
 128.419187      7.165    12.4111  32.711599    27.6820      7.101  274.70482  274.82811     8.7895     4.6814 -9.990e-29
 128.419190      7.192    12.4118  32.712415    27.6823      7.128  274.70057  274.82389     8.8206     4.6895 -9.990e-29
 128.419193      7.216    12.4125  32.713873    27.6831      7.151  274.69484  274.81820     9.7389     4.8108 -9.990e-29
 128.419196      7.236    12.4132  32.713406    27.6822      7.171  274.69258  274.81599     9.7700     4.7866 -9.990e-29
 128.419198      7.254    12.4136  32.713231    27.6817      7.189  274.69104  274.81448     9.7856     4.7866 -9.990e-29
 128.419201      7.276    12.4142  32.711365    27.6794      7.211  274.69161  274.81511     9.8167     4.7744 -9.990e-29
 128.419204      7.300    12.4148  32.717605    27.6845      7.235  274.67790  274.80138     8.8050     4.5722 -9.990e-29
 128.419207      7.327    12.4165  32.718596    27.6842      7.262  274.66866  274.79224     8.7272     4.5237 0.0000e+00
 128.419210      7.360    12.4177  32.719004    27.6840      7.294  274.66265  274.78631     8.7272     4.5601 0.0000e+00
 128.419213      7.397    12.4183  32.719413    27.6839      7.330  274.65914  274.78284     8.7895     4.5844 0.0000e+00
 128.419216      7.435    12.4188  32.718363    27.6839      7.368  274.65887  274.78261     8.7584     4.5722 0.0000e+00
 128.419219      7.475    12.4191  32.720404    27.6842      7.408  274.65398  274.77772     9.2253     4.7340 0.0000e+00
 128.419222      7.513    12.4195  32.721687    27.6852      7.446  274.65014  274.77389     9.3031     4.7542 0.0000e+00
 128.419225      7.553    12.4202  32.723437    27.6862      7.486  274.64390  274.76769     9.2875     4.7663 0.0000e+00
 128.419227      7.592    12.4211  32.724137    27.6862      7.524  274.63862  274.76246     9.2720     4.7259 0.0000e+00
 128.419230      7.627    12.4217  32.723903    27.6855      7.558  274.63626  274.76014     8.5093     4.7461 0.0000e+00
 128.419233      7.654    12.4223  32.722095    27.6844      7.585  274.63704  274.76098     8.6027     4.7663 0.0000e+00
 128.419236      7.681    12.4225  32.724662    27.6834      7.612  274.63150  274.75544     8.4626     4.7785 -9.990e-29
 128.419239      7.701    12.4225  32.725770    27.6867      7.632  274.62952  274.75344     8.5249     4.7057 -9.990e-29
 128.419242      7.719    12.4228  32.726994    27.6876      7.650  274.62609  274.75001     8.1202     4.8755 -9.990e-29
 128.419245      7.736    12.4231  32.728161    27.6885      7.667  274.62244  274.74638     8.1202     4.8553 -9.990e-29
 128.419248      7.761    12.4239  32.728453    27.6882      7.692  274.61882  274.74280     8.0113     4.8755 -9.990e-29
 128.419251      7.779    12.4243  32.729502    27.6888      7.710  274.61476  274.73877     8.0891     4.8513 -9.990e-29
 128.419253      7.801    12.4250  32.729911    27.6887      7.731  274.61124  274.73529    10.6883     4.8027 -9.990e-29
 128.419256      7.823    12.4251  32.730902    27.6895      7.753  274.60885  274.73290    10.6261     4.7866 -9.990e-29
 128.419259      7.845    12.4255  32.728453    27.6884      7.775  274.61171  274.73581    10.6572     4.8027 -9.990e-29
 128.419262      7.872    12.4255  32.730086    27.6886      7.802  274.60848  274.73257    10.7039     4.8068 0.0000e+00
 128.419265      7.909    12.4253  32.730319    27.6884      7.838  274.60902  274.73309    10.8284     4.7866 0.0000e+00
 128.419268      7.951    12.4252  32.728745    27.6874      7.880  274.61250  274.73658     7.4198     5.1141 0.0000e+00
 128.419271      7.991    12.4249  32.726587    27.6874      7.919  274.61766  274.74174     7.4976     5.1222 0.0000e+00
 128.419274      8.023    12.4245  32.728278    27.6875      7.952  274.61651  274.74054     7.5288     5.1100 0.0000e+00
 128.419277      8.060    12.4241  32.727987    27.6875      7.988  274.61892  274.74293     7.4198     5.0898 0.0000e+00
 128.419280      8.091    12.4241  32.727812    27.6875      8.018  274.61926  274.74327     8.0580     4.7178 0.0000e+00
 128.419282      8.116    12.4238  32.727812    27.6873      8.044  274.62052  274.74451     8.0268     4.6733 0.0000e+00
 128.419285      8.144    12.4238  32.726412    27.6875      8.071  274.62306  274.74706     8.0735     4.7097 0.0000e+00
 128.419288      8.173    12.4236  32.728570    27.6883      8.100  274.61982  274.74379     7.9023     4.7057 0.0000e+00
 128.419291      8.205    12.4235  32.728454    27.6883      8.132  274.62067  274.74464     7.9023     4.7421 0.0000e+00
