Processed/SBE19plus_01907321_2022_05_04_Cast10_wfilter.cnv
* Sea-Bird SBE19plus  Data File:
* FileName = E:\Prandtl Daten\2022\CTD\Raw\SBE19plus_01907321_2022_010_Cast08.hex
* Software version 2.6.1.12
* Temperature SN = 7321
* Conductivity SN = 7321
* System UpLoad Time = May 04 2022 07:23:58
* <ApplicationData>
* <Seaterm232>
** Messpraktikum 2022
** CTD 04.05 KFN2
# nquan = 11
# nvalues = 510                         
# units = specified
# name 0 = timeJ: Julian Days
# name 1 = prdM: Pressure, Strain Gauge [db]
# name 2 = tv290C: Temperature [ITS-90, deg C]
# name 3 = c0mS/cm: Conductivity [mS/cm]
# name 4 = sal00: Salinity, Practical [PSU]
# name 5 = depSM: Depth [salt water, m], lat = 54.00
# name 6 = oxsatMm/Kg: Oxygen Saturation, Weiss [umol/kg]
# name 7 = oxsolMm/Kg: Oxygen Saturation, Garcia & Gordon [umol/kg]
# name 8 = turbWETntu0: Turbidity, WET Labs ECO [NTU]
# name 9 = flECO-AFL: Fluorescence, WET Labs ECO-AFL/FL [mg/m^3]
# name 10 = flag:  0.000e+00
# span 0 = 124.297378, 124.298851       
# span 1 =      0.591,     14.095       
# span 2 =    12.0507,    12.0657       
# span 3 =  31.826911,  31.846479       
# span 4 =    27.1037,    27.1295       
# span 5 =      0.586,     13.969       
# span 6 =  277.81870,  277.90247       
# span 7 =  277.92728,  278.01013       
# span 8 =    35.7934,    67.4665       
# span 9 =     9.0566,    13.9899       
# span 10 = 0.0000e+00, 0.0000e+00      
# interval = seconds: 0.25
# start_time = May 04 2022 07:07:03 [Instrument's time stamp, header]
# bad_flag = -9.990e-29
*END*
[from data line 263]
 124.298139      7.640    12.0618  31.828923    27.1078      7.571  277.86941  277.97792    50.9373    10.6013 0.0000e+00
 124.298142      7.691    12.0618  31.828520    27.1080      7.622  277.87019  277.97870    51.1085    10.6013 0.0000e+00
 124.298145      7.729    12.0618  31.828693    27.1078      7.660  277.86990  277.97841    50.9529    10.5892 -9.990e-29
 124.298148      7.753    12.0618  31.828520    27.1078      7.683  277.87023  277.97875    51.9023    11.4788 -9.990e-29
 124.298151      7.762    12.0617  31.828924    27.1083      7.692  277.87013  277.97863    51.9957    11.5030 -9.990e-29
 124.298154      7.749    12.0618  31.828924    27.1082      7.680  277.86980  277.97831    51.9957    11.4869 -9.990e-29
 124.298157      7.735    12.0618  31.829501    27.1087      7.665  277.86842  277.97692    52.2136    11.5233 -9.990e-29
 124.298160      7.716    12.0619  31.828924    27.1081      7.647  277.86915  277.97766    51.9957    11.4909 -9.990e-29
 124.298163      7.702    12.0617  31.828924    27.1083      7.633  277.87009  277.97859    54.1280    11.8670 -9.990e-29
 124.298166      7.696    12.0616  31.828520    27.1080      7.628  277.87146  277.97995    54.1747    11.8912 -9.990e-29
 124.298168      7.702    12.0616  31.828058    27.1075      7.633  277.87199  277.98050    53.9257    11.8629 -9.990e-29
 124.298171      7.718    12.0618  31.829270    27.1076      7.649  277.86915  277.97765    54.0346    11.8670 -9.990e-29
 124.298174      7.753    12.0616  31.828116    27.1076      7.683  277.87224  277.98074    54.4548    12.3320 0.0000e+00
 124.298177      7.800    12.0616  31.828116    27.1076      7.730  277.87195  277.98046    54.4237    12.3441 0.0000e+00
 124.298180      7.862    12.0614  31.828924    27.1084      7.792  277.87146  277.97994    54.5482    12.3563 0.0000e+00
 124.298183      7.937    12.0615  31.829270    27.1084      7.866  277.87056  277.97904    54.4393    12.3118 0.0000e+00
 124.298186      8.008    12.0618  31.829098    27.1084      7.936  277.86966  277.97817    53.1319    10.5932 0.0000e+00
 124.298189      8.085    12.0620  31.829502    27.1083      8.012  277.86771  277.97623    53.1163    10.5649 0.0000e+00
 124.298192      8.152    12.0621  31.829271    27.1082      8.079  277.86786  277.97639    53.1630    10.5932 0.0000e+00
 124.298194      8.205    12.0622  31.828694    27.1078      8.132  277.86864  277.97718    53.2408    10.5932 0.0000e+00
 124.298197      8.245    12.0622  31.829098    27.1075      8.172  277.86792  277.97646    52.9607    10.7631 -9.990e-29
 124.298200      8.269    12.0625  31.829675    27.1082      8.195  277.86562  277.97417    52.9918    10.7752 -9.990e-29
 124.298203      8.280    12.0625  31.829675    27.1082      8.206  277.86531  277.97386    53.0696    10.7752 -9.990e-29
 124.298206      8.271    12.0626  31.830079    27.1085      8.197  277.86425  277.97280    52.8673    10.8116 -9.990e-29
 124.298209      8.253    12.0628  31.829098    27.1074      8.179  277.86508  277.97366    52.8984    10.7833 -9.990e-29
 124.298212      8.225    12.0630  31.828925    27.1071      8.152  277.86444  277.97303    52.9607    11.5152 -9.990e-29
 124.298215      8.209    12.0631  31.829098    27.1073      8.136  277.86379  277.97239    52.9762    11.5556 -9.990e-29
 124.298218      8.198    12.0628  31.828925    27.1073      8.125  277.86537  277.97395    53.1008    11.5637 -9.990e-29
 124.298220      8.196    12.0627  31.829502    27.1079      8.123  277.86462  277.97319    52.8984    11.5556 -9.990e-29
 124.298223      8.213    12.0627  31.829098    27.1075      8.140  277.86537  277.97395    53.7700    11.8104 -9.990e-29
 124.298226      8.237    12.0627  31.829271    27.1075      8.163  277.86539  277.97396    53.7545    11.8346 -9.990e-29
 124.298229      8.273    12.0625  31.828925    27.1076      8.199  277.86668  277.97524    53.6922    11.8063 0.0000e+00
 124.298232      8.317    12.0623  31.828925    27.1076      8.243  277.86766  277.97620    53.8323    11.8306 0.0000e+00
 124.298235      8.367    12.0623  31.828926    27.1076      8.292  277.86769  277.97624    54.2992    11.4909 0.0000e+00
 124.298238      8.419    12.0621  31.829503    27.1081      8.344  277.86762  277.97614    54.5638    11.4788 0.0000e+00
 124.298241      8.474    12.0621  31.829387    27.1081      8.398  277.86787  277.97639    54.4237    11.4788 0.0000e+00
 124.298244      8.530    12.0624  31.829099    27.1081      8.454  277.86717  277.97572    54.5482    11.4828 0.0000e+00
 124.298247      8.581    12.0624  31.829676    27.1077      8.505  277.86614  277.97469    53.9412    11.0340 0.0000e+00
 124.298249      8.631    12.0624  31.828696    27.1075      8.553  277.86798  277.97653    54.0657    11.0663 0.0000e+00
 124.298252      8.673    12.0623  31.828926    27.1072      8.595  277.86790  277.97645    54.0969    11.0016 0.0000e+00
 124.298255      8.718    12.0623  31.827888    27.1072      8.640  277.87015  277.97870    54.0191    11.0178 0.0000e+00
 124.298258      8.751    12.0623  31.828696    27.1069      8.673  277.86837  277.97692    54.0657    11.0461 0.0000e+00
 124.298261      8.776    12.0623  31.830081    27.1072      8.698  277.86585  277.97439    55.5443    12.2592 -9.990e-29
 124.298264      8.796    12.0625  31.830081    27.1084      8.718  277.86523  277.97378    55.4510    12.2592 -9.990e-29
 124.298267      8.804    12.0627  31.830081    27.1082      8.725  277.86397  277.97254    55.5132    12.2875 -9.990e-29
 124.298270      8.805    12.0630  31.829908    27.1079      8.727  277.86334  277.97192    55.5288    12.2673 -9.990e-29
 124.298273      8.800    12.0632  31.830081    27.1079      8.721  277.86176  277.97036    54.9218    13.0558 -9.990e-29
 124.298275      8.795    12.0632  31.829907    27.1077      8.716  277.86207  277.97067    54.9996    13.0801 -9.990e-29
 124.298278      8.795    12.0632  31.829907    27.1077      8.716  277.86207  277.97067    54.9373    13.1003 -9.990e-29
 124.298281      8.795    12.0631  31.828523    27.1065      8.716  277.86524  277.97385    54.7973    13.0760 -9.990e-29
 124.298284      8.793    12.0630  31.829100    27.1072      8.714  277.86482  277.97341    54.9840    13.0801 -9.990e-29
 124.298287      8.800    12.0626  31.829100    27.1074      8.721  277.86640  277.97497    55.2019    13.0720 -9.990e-29
 124.298290      8.806    12.0621  31.828523    27.1076      8.727  277.86968  277.97822    55.2798    13.0881 -9.990e-29
 124.298293      8.833    12.0620  31.828927    27.1073      8.754  277.86927  277.97780    55.1708    13.0801 0.0000e+00
 124.298296      8.872    12.0623  31.828523    27.1070      8.792  277.86877  277.97733    54.9996    13.0801 0.0000e+00
 124.298299      8.922    12.0625  31.828293    27.1067      8.843  277.86860  277.97716    54.8284    12.4573 0.0000e+00
 124.298302      8.988    12.0623  31.828120    27.1067      8.908  277.86959  277.97815    54.7350    12.4493 0.0000e+00
 124.298304      9.059    12.0623  31.828697    27.1071      8.978  277.86858  277.97713    54.7039    12.4493 0.0000e+00
 124.298307      9.138    12.0625  31.829505    27.1078      9.056  277.86652  277.97507    54.7039    12.4452 0.0000e+00
 124.298310      9.214    12.0624  31.830313    27.1078      9.132  277.86541  277.97395    55.7311    10.6013 0.0000e+00
 124.298313      9.280    12.0623  31.829217    27.1077      9.197  277.86809  277.97664    55.6533    10.5851 0.0000e+00
 124.298316      9.331    12.0621  31.829275    27.1077      9.248  277.86866  277.97719    55.7311    10.5932 0.0000e+00
 124.298319      9.362    12.0620  31.828929    27.1077      9.279  277.86963  277.97816    55.7934    10.5851 -9.990e-29
 124.298322      9.382    12.0623  31.829275    27.1076      9.298  277.86774  277.97629    57.0074    11.5960 -9.990e-29
 124.298325      9.377    12.0629  31.829275    27.1072      9.293  277.86521  277.97379    56.8829    11.5556 -9.990e-29
 124.298328      9.364    12.0634  31.828928    27.1064      9.280  277.86331  277.97193    57.0229    11.5394 -9.990e-29
 124.298330      9.346    12.0637  31.828928    27.1063      9.262  277.86235  277.97099    57.1008    11.5394 -9.990e-29
 124.298333      9.331    12.0639  31.829505    27.1067      9.248  277.86033  277.96898    55.0619    11.4262 -9.990e-29
 124.298336      9.320    12.0640  31.829274    27.1064      9.237  277.86011  277.96878    55.1241    11.4100 -9.990e-29
 124.298339      9.315    12.0639  31.828524    27.1057      9.231  277.86180  277.97047    55.2331    11.4303 -9.990e-29
 124.298342      9.318    12.0638  31.827717    27.1051      9.235  277.86392  277.97258    55.2331    11.4424 -9.990e-29
 124.298345      9.331    12.0637  31.828121    27.1062      9.248  277.86350  277.97216    55.0930    11.4100 -9.990e-29
 124.298348      9.359    12.0635  31.828698    27.1060      9.275  277.86341  277.97205    55.9801    12.9790 0.0000e+00
 124.298351      9.388    12.0634  31.828121    27.1057      9.304  277.86480  277.97344    56.1047    12.9911 0.0000e+00
 124.298354      9.428    12.0634  31.827313    27.1056      9.344  277.86631  277.97496    55.9957    12.9426 0.0000e+00
 124.298356      9.472    12.0632  31.827890    27.1056      9.387  277.86623  277.97486    55.9490    12.9871 0.0000e+00
 124.298359      9.515    12.0630  31.828294    27.1061      9.430  277.86679  277.97539    56.4315    12.0085 0.0000e+00
 124.298362      9.565    12.0629  31.828525    27.1061      9.479  277.86671  277.97531    56.6183    12.0166 0.0000e+00
 124.298365      9.607    12.0632  31.828295    27.1060      9.521  277.86558  277.97420    56.4626    11.9640 0.0000e+00
 124.298368      9.663    12.0634  31.828526    27.1059      9.577  277.86457  277.97319    56.5249    12.0247 0.0000e+00
 124.298371      9.715    12.0634  31.827083    27.1055      9.628  277.86725  277.97589    57.7700    11.9559 0.0000e+00
 124.298374      9.769    12.0632  31.827891    27.1055      9.682  277.86675  277.97537    57.7233    11.9195 0.0000e+00
 124.298377      9.817    12.0632  31.828930    27.1065      9.729  277.86488  277.97349    57.7233    11.9236 0.0000e+00
 124.298380      9.863    12.0630  31.828930    27.1066      9.774  277.86554  277.97414    57.8634    11.9195 0.0000e+00
 124.298383      9.899    12.0630  31.829103    27.1067      9.811  277.86556  277.97416    56.7428    12.0166 0.0000e+00
 124.298385      9.925    12.0631  31.829680    27.1068      9.836  277.86389  277.97249    56.7272    11.9964 -9.990e-29
 124.298388      9.940    12.0632  31.828988    27.1064      9.851  277.86454  277.97315    56.7895    12.0085 -9.990e-29
 124.298391      9.943    12.0633  31.829103    27.1065      9.854  277.86401  277.97263    56.8050    11.9964 -9.990e-29
 124.298394      9.942    12.0634  31.828526    27.1059      9.853  277.86475  277.97338    56.8050    12.0166 -9.990e-29
 124.298397      9.932    12.0634  31.827084    27.1045      9.844  277.86708  277.97573    57.6611    12.5827 -9.990e-29
 124.298400      9.918    12.0634  31.829103    27.1064      9.829  277.86336  277.97199    57.8790    12.5908 -9.990e-29
 124.298403      9.907    12.0636  31.829103    27.1063      9.818  277.86272  277.97136    57.8012    12.5948 -9.990e-29
 124.298406      9.903    12.0638  31.828295    27.1054      9.815  277.86325  277.97191    57.7545    12.5787 -9.990e-29
 124.298409      9.903    12.0636  31.826911    27.1042      9.815  277.86674  277.97540    58.0346    11.9236 -9.990e-29
 124.298411      9.916    12.0634  31.828296    27.1056      9.827  277.86516  277.97379    57.9568    11.9276 -9.990e-29
 124.298414      9.942    12.0628  31.827719    27.1052      9.853  277.86876  277.97736    58.0502    11.9478 0.0000e+00
 124.298417      9.984    12.0629  31.827084    27.1050      9.894  277.86964  277.97825    58.0035    11.9357 0.0000e+00
 124.298420     10.035    12.0630  31.827315    27.1050      9.945  277.86894  277.97755    57.9101    12.2147 0.0000e+00
 124.298423     10.098    12.0630  31.827315    27.1050     10.008  277.86866  277.97728    57.5833    12.1985 0.0000e+00
 124.298426     10.164    12.0633  31.827489    27.1049     10.073  277.86712  277.97576    57.8012    12.1783 0.0000e+00
 124.298429     10.230    12.0638  31.827085    27.1041     10.138  277.86570  277.97437    57.8478    12.1702 0.0000e+00
 124.298432     10.299    12.0641  31.827085    27.1041     10.207  277.86448  277.97317    57.8167    11.1917 0.0000e+00
 124.298435     10.357    12.0642  31.827893    27.1040     10.265  277.86240  277.97110    57.6922    11.1998 0.0000e+00
 124.298438     10.405    12.0644  31.827489    27.1043     10.311  277.86223  277.97094    57.7389    11.1593 0.0000e+00
 124.298440     10.436    12.0642  31.827720    27.1040     10.342  277.86277  277.97147    57.8323    11.2159 -9.990e-29
 124.298443     10.454    12.0641  31.827489    27.1042     10.361  277.86353  277.97222    57.8012    11.1270 -9.990e-29
 124.298446     10.465    12.0644  31.828124    27.1046     10.371  277.86142  277.97012    58.1747    12.2592 -9.990e-29
 124.298449     10.469    12.0643  31.828124    27.1047     10.375  277.86174  277.97044    58.1747    12.2835 -9.990e-29
 124.298452     10.469    12.0644  31.828124    27.1046     10.375  277.86142  277.97013    58.2836    12.3037 -9.990e-29
 124.298455     10.472    12.0641  31.827893    27.1046     10.379  277.86280  277.97149    58.2214    12.2511 -9.990e-29
 124.298458     10.476    12.0641  31.828124    27.1048     10.382  277.86238  277.97107    58.4082    12.8981 -9.990e-29
 124.298461     10.476    12.0643  31.828470    27.1050     10.382  277.86111  277.96980    58.5327    12.9062 -9.990e-29
 124.298464     10.481    12.0644  31.828124    27.1046     10.388  277.86112  277.96982    58.6883    12.8900 -9.990e-29
 124.298466     10.494    12.0641  31.826913    27.1037     10.400  277.86493  277.97363    58.4082    12.8819 -9.990e-29
 124.298469     10.516    12.0639  31.828297    27.1051     10.422  277.86335  277.97202    61.6611    13.4036 -9.990e-29
 124.298472     10.538    12.0637  31.828528    27.1054     10.444  277.86357  277.97223    61.8634    13.3833 -9.990e-29
 124.298475     10.562    12.0637  31.828528    27.1042     10.467  277.86359  277.97225    61.6144    13.3591 -9.990e-29
 124.298478     10.587    12.0635  31.827086    27.1047     10.493  277.86720  277.97586    61.8323    13.3995 0.0000e+00
 124.298481     10.615    12.0632  31.827894    27.1052     10.520  277.86700  277.97563    58.0813    12.9709 0.0000e+00
 124.298484     10.648    12.0630  31.828702    27.1057     10.553  277.86681  277.97541    58.2058    12.9507 0.0000e+00
 124.298487     10.684    12.0630  31.828298    27.1057     10.589  277.86726  277.97587    58.2681    12.9668 0.0000e+00
 124.298490     10.723    12.0629  31.828125    27.1057     10.627  277.86823  277.97684    58.2836    12.9668 0.0000e+00
 124.298492     10.766    12.0630  31.828933    27.1061     10.670  277.86615  277.97475    58.3615    12.9628 0.0000e+00
 124.298495     10.812    12.0629  31.828702    27.1063     10.715  277.86723  277.97583    59.1708    12.6433 0.0000e+00
 124.298498     10.858    12.0630  31.829106    27.1063     10.761  277.86621  277.97481    59.3109    12.6393 0.0000e+00
 124.298501     10.900    12.0629  31.828933    27.1063     10.802  277.86687  277.97547    59.3264    12.6393 0.0000e+00
 124.298504     10.945    12.0626  31.828530    27.1063     10.847  277.86891  277.97749    59.2331    12.6595 0.0000e+00
 124.298507     10.988    12.0621  31.829107    27.1070     10.889  277.87009  277.97863    57.3965    12.0085 0.0000e+00
 124.298510     11.030    12.0616  31.830722    27.1089     10.931  277.86937  277.97786    57.3654    11.9802 0.0000e+00
 124.298513     11.061    12.0613  31.831126    27.1092     10.962  277.87023  277.97869    57.2875    12.0004 0.0000e+00
