Processed/SBE19plus_01907321_2022_05_05_Cast26_wfilter.cnv
* Sea-Bird SBE19plus  Data File:
* FileName = E:\Prandtl Daten\2022\CTD\Raw\SBE19plus_01907321_2022_05_05_Cast26.hex
* Software version 2.6.1.12
* Temperature SN = 7321
* Conductivity SN = 7321
* System UpLoad Time = May 05 2022 09:06:09
* <ApplicationData>
* <Seaterm232>
** Messpraktikum 2022
** CTD 05.05 NP2
# nquan = 11
# nvalues = 458                         
# units = specified
# name 0 = timeJ: Julian Days
# name 1 = prdM: Pressure, Strain Gauge [db]
# name 2 = tv290C: Temperature [ITS-90, deg C]
# name 3 = c0mS/cm: Conductivity [mS/cm]
# name 4 = sal00: Salinity, Practical [PSU]
# name 5 = depSM: Depth [salt water, m], lat = 54.00
# name 6 = oxsatMm/Kg: Oxygen Saturation, Weiss [umol/kg]
# name 7 = oxsolMm/Kg: Oxygen Saturation, Garcia & Gordon [umol/kg]
# name 8 = turbWETntu0: Turbidity, WET Labs ECO [NTU]
# name 9 = flECO-AFL: Fluorescence, WET Labs ECO-AFL/FL [mg/m^3]
# name 10 = flag:  0.000e+00
# span 0 = 125.375339, 125.376661       
# span 1 =      0.644,     11.302       
# span 2 =    11.5811,    12.0826       
# span 3 =  31.754515,  32.074924       
# span 4 =    27.2046,    27.5568       
# span 5 =      0.638,     11.200       
# span 6 =  277.53706,  280.08330       
# span 7 =  277.64557,  280.15796       
# span 8 =     5.7078,    32.0580       
# span 9 =     4.4024,    10.8722       
# span 10 = 0.0000e+00, 0.0000e+00      
# interval = seconds: 0.25
# start_time = May 05 2022 08:59:12 [Instrument's time stamp, header]
# bad_flag = -9.990e-29
*END*
[from data line 394]
 125.376479     10.065    11.7170  32.023096    27.5412      9.974  279.07474  279.15678    15.8556     7.5807 -9.990e-29
 125.376481     10.092    11.7276  32.028762    27.5371     10.002  279.01618  279.09892    15.8868     7.6009 0.0000e+00
 125.376484     10.125    11.7335  32.024714    27.5330     10.034  278.99709  279.08029    15.9179     7.6090 0.0000e+00
 125.376487     10.151    11.7353  32.025350    27.5322     10.060  278.98744  279.07077    14.6416     7.2491 0.0000e+00
 125.376490     10.182    11.7359  32.019509    27.5262     10.090  278.99553  279.07897    14.6883     7.2653 0.0000e+00
 125.376493     10.215    11.7346  32.017890    27.5259     10.123  279.00454  279.08790    14.6416     7.2532 0.0000e+00
 125.376496     10.240    11.7338  32.028936    27.5256     10.148  278.98772  279.07090    14.5794     7.2532 -9.990e-29
 125.376499     10.264    11.7361  32.030728    27.5367     10.172  278.97404  279.05737    15.0930     7.4392 -9.990e-29
 125.376502     10.283    11.7393  32.032347    27.5359     10.191  278.95660  279.04014    15.1397     7.4392 -9.990e-29
 125.376505     10.304    11.7412  32.023904    27.5264     10.211  278.96357  279.04734    15.0152     7.4554 -9.990e-29
 125.376508     10.315    11.7399  32.025523    27.5289     10.223  278.96652  279.05018    15.0463     7.4473 -9.990e-29
 125.376510     10.333    11.7387  32.026738    27.5535     10.240  278.96961  279.05316    14.6572     8.0740 -9.990e-29
 125.376513     10.359    11.7391  32.050799    27.5568     10.266  278.92289  279.00620    14.5482     8.0376 0.0000e+00
 125.376516     10.385    11.7461  32.063063    27.5536     10.292  278.86837  278.95205    14.5171     8.0498 0.0000e+00
 125.376519     10.416    11.7553  32.063467    27.5536     10.322  278.82593  278.91026    14.6883     8.0093 0.0000e+00
 125.376522     10.443    11.7604  32.064103    27.5504     10.349  278.80156  278.88625    14.5482     8.0579 0.0000e+00
 125.376525     10.474    11.7628  32.059648    27.5444     10.380  278.79921  278.88412    14.9996     7.4311 0.0000e+00
 125.376528     10.499    11.7633  32.055425    27.5421     10.405  278.80458  278.88958    15.0307     7.4513 0.0000e+00
 125.376531     10.529    11.7623  32.057450    27.5399     10.434  278.80553  278.89044    15.0619     7.4432 -9.990e-29
 125.376534     10.550    11.7617  32.059475    27.5450     10.456  278.80429  278.88913    15.1552     7.4554 -9.990e-29
 125.376536     10.570    11.7617  32.057276    27.5429     10.476  278.80840  278.89326    16.2914     7.4190 -9.990e-29
 125.376539     10.591    11.7616  32.054847    27.5406     10.496  278.81356  278.89845    16.4004     7.4432 -9.990e-29
 125.376542     10.607    11.7609  32.054442    27.5408     10.512  278.81746  278.90230    16.2914     7.4634 -9.990e-29
 125.376545     10.624    11.7601  32.054442    27.5414     10.528  278.82124  278.90602    16.3226     7.4554 -9.990e-29
 125.376548     10.638    11.7595  32.057740    27.5539     10.543  278.81793  278.90263    15.6533     7.7505 -9.990e-29
 125.376551     10.665    11.7599  32.067517    27.5547     10.570  278.79786  278.88248    15.5910     7.7627 0.0000e+00
 125.376554     10.694    11.7625  32.071336    27.5539     10.599  278.77886  278.86362    15.4665     7.7748 0.0000e+00
 125.376557     10.722    11.7661  32.071509    27.5531     10.626  278.76224  278.84726    15.6377     7.7950 0.0000e+00
 125.376560     10.751    11.7682  32.069137    27.5493     10.655  278.75727  278.84247    15.9490     7.2532 0.0000e+00
 125.376563     10.779    11.7685  32.065897    27.5476     10.682  278.76207  278.84732    15.8556     7.2491 0.0000e+00
 125.376565     10.808    11.7675  32.066475    27.5460     10.711  278.76540  278.85058    15.7000     7.2734 -9.990e-29
 125.376568     10.832    11.7669  32.069716    27.5507     10.735  278.76190  278.84699    15.7934     7.2410 -9.990e-29
 125.376571     10.859    11.7676  32.069716    27.5502     10.762  278.75878  278.84393    15.9023     7.2491 -9.990e-29
 125.376574     10.883    11.7684  32.068501    27.5485     10.785  278.75761  278.84282    15.0930     7.6373 -9.990e-29
 125.376577     10.901    11.7683  32.068269    27.5483     10.803  278.75836  278.84358    15.0307     7.6333 -9.990e-29
 125.376580     10.926    11.7681  32.069311    27.5494     10.829  278.75738  278.84257    15.0774     7.6171 -9.990e-29
 125.376583     10.945    11.7679  32.068906    27.5492     10.847  278.75909  278.84427    15.2019     7.6333 -9.990e-29
 125.376586     10.965    11.7680  32.067517    27.5478     10.866  278.76138  278.84658    16.3226     7.8557 -9.990e-29
 125.376589     10.990    11.7678  32.067691    27.5481     10.892  278.76201  278.84719    16.1980     7.8961 -9.990e-29
 125.376591     11.012    11.7677  32.070700    27.5510     10.914  278.75674  278.84188    16.2447     7.8880 -9.990e-29
 125.376594     11.041    11.7683  32.072551    27.5524     10.943  278.75080  278.83597    16.3692     7.9123 -9.990e-29
 125.376597     11.065    11.7690  32.073535    27.5520     10.966  278.74554  278.83075    16.2292     7.6454 -9.990e-29
 125.376600     11.093    11.7700  32.073535    27.5520     10.993  278.74117  278.82645    16.2759     7.6292 0.0000e+00
 125.376603     11.120    11.7705  32.073940    27.5520     11.020  278.73824  278.82355    16.2759     7.6697 0.0000e+00
 125.376606     11.145    11.7710  32.073824    27.5518     11.046  278.73628  278.82162    16.3226     7.6495 0.0000e+00
 125.376609     11.174    11.7712  32.074345    27.5517     11.074  278.73407  278.81943    16.9918     7.5201 0.0000e+00
 125.376612     11.200    11.7714  32.074114    27.5518     11.100  278.73389  278.81926    17.0696     7.5403 -9.990e-29
 125.376615     11.220    11.7714  32.073362    27.5508     11.120  278.73531  278.82069    17.0696     7.5079 -9.990e-29
 125.376617     11.238    11.7711  32.072320    27.5500     11.138  278.73851  278.82388    17.1941     7.5079 -9.990e-29
 125.376620     11.254    11.7708  32.073130    27.5510     11.154  278.73827  278.82361    17.1630     7.5241 -9.990e-29
 125.376623     11.267    11.7707  32.071742    27.5497     11.166  278.74149  278.82684    16.1202     7.4554 -9.990e-29
 125.376626     11.280    11.7704  32.071105    27.5493     11.179  278.74394  278.82927    16.0891     7.4594 -9.990e-29
 125.376629     11.291    11.7700  32.072552    27.5510     11.189  278.74314  278.82843    16.0891     7.4311 -9.990e-29
 125.376632     11.293    11.7700  32.071511    27.5500     11.191  278.74508  278.83038    16.0113     7.4473 -9.990e-29
 125.376635     11.294    11.7702  32.071916    27.5503     11.193  278.74338  278.82869    16.1202     7.5767 -9.990e-29
 125.376638     11.296    11.7703  32.072957    27.5511     11.195  278.74082  278.82613    16.1202     7.5888 -9.990e-29
 125.376641     11.296    11.7707  32.073131    27.5510     11.195  278.73861  278.82395    15.9179     7.5645 -9.990e-29
 125.376644     11.298    11.7710  32.073362    27.5511     11.197  278.73724  278.82259    16.1202     7.5686 -9.990e-29
 125.376646     11.296    11.7712  32.073131    27.5507     11.195  278.73673  278.82210    16.6650     7.2613 -9.990e-29
 125.376649     11.296    11.7712  32.073536    27.5511     11.195  278.73598  278.82134    16.4938     7.2289 -9.990e-29
 125.376652     11.298    11.7712  32.073941    27.5514     11.197  278.73491  278.82027    16.6650     7.2653 -9.990e-29
 125.376655     11.296    11.7714  32.074519    27.5518     11.195  278.73289  278.81826    16.7584     7.2491 -9.990e-29
 125.376658     11.294    11.7717  32.074924    27.5520     11.193  278.73088  278.81627    32.0424    10.8722 -9.990e-29
 125.376661     11.302    11.7721  32.074751    27.5516     11.200  278.72964  278.81506    32.0580    10.8520 -9.990e-29
