Processed/SBE19plus_01907321_2022_05_04_Cast19_wfilter.cnv
* Sea-Bird SBE19plus  Data File:
* FileName = E:\Prandtl Daten\2022\CTD\Raw\SBE19plus_01907321_2022_05_04_Cast19.hex
* Software version 2.6.1.12
* Temperature SN = 7321
* Conductivity SN = 7321
* System UpLoad Time = May 04 2022 13:20:22
* <ApplicationData>
* <Seaterm232>
** Messpraktikum 2022
** CTD 04.05 BW2
# nquan = 11
# nvalues = 742                         
# units = specified
# name 0 = timeJ: Julian Days
# name 1 = prdM: Pressure, Strain Gauge [db]
# name 2 = tv290C: Temperature [ITS-90, deg C]
# name 3 = c0mS/cm: Conductivity [mS/cm]
# name 4 = sal00: Salinity, Practical [PSU]
# name 5 = depSM: Depth [salt water, m], lat = 54.00
# name 6 = oxsatMm/Kg: Oxygen Saturation, Weiss [umol/kg]
# name 7 = oxsolMm/Kg: Oxygen Saturation, Garcia & Gordon [umol/kg]
# name 8 = turbWETntu0: Turbidity, WET Labs ECO [NTU]
# name 9 = flECO-AFL: Fluorescence, WET Labs ECO-AFL/FL [mg/m^3]
# name 10 = flag:  0.000e+00
# span 0 = 124.549896, 124.552040       
# span 1 =      0.581,     17.829       
# span 2 =    11.9223,    12.0681       
# span 3 =  31.541257,  32.546987       
# span 4 =    26.9391,    27.7895       
# span 5 =      0.576,     17.669       
# span 6 =  276.60278,  279.02710       
# span 7 =  276.70297,  279.12901       
# span 8 =    27.8868,    73.6299       
# span 9 =     9.4044,    15.0170       
# span 10 = 0.0000e+00, 0.0000e+00      
# interval = seconds: 0.25
# start_time = May 04 2022 13:08:04 [Instrument's time stamp, header]
# bad_flag = -9.990e-29
*END*
[from data line 132]
 124.550278      3.637    11.9797  31.780531    27.1236      3.604  278.32774  278.43106    40.7272    11.2564 -9.990e-29
 124.550281      3.662    11.9800  31.781684    27.1245      3.629  278.32437  278.42769    38.1903    11.1674 -9.990e-29
 124.550284      3.689    11.9801  31.783068    27.1256      3.656  278.32120  278.42452    38.1591    11.1796 -9.990e-29
 124.550286      3.710    11.9803  31.779494    27.1221      3.677  278.32686  278.43023    38.2369    11.1755 -9.990e-29
 124.550289      3.732    11.9801  31.779494    27.1223      3.698  278.32814  278.43149    38.1747    11.1917 -9.990e-29
 124.550292      3.754    11.9796  31.780128    27.1232      3.720  278.32888  278.43219    39.3576    11.4262 -9.990e-29
 124.550295      3.776    11.9794  31.780128    27.1234      3.742  278.33016  278.43345    39.2175    11.4383 -9.990e-29
 124.550298      3.797    11.9794  31.781512    27.1247      3.764  278.32762  278.43090    39.4976    11.4181 -9.990e-29
 124.550301      3.821    11.9796  31.780301    27.1258      3.787  278.32861  278.43192    39.4510    11.4100 -9.990e-29
 124.550304      3.847    11.9798  31.783069    27.1261      3.812  278.32289  278.42618    39.2953    11.4464 0.0000e+00
 124.550307      3.875    11.9800  31.783876    27.1264      3.840  278.32047  278.42377    38.3770    11.0340 0.0000e+00
 124.550310      3.902    11.9801  31.786471    27.1276      3.867  278.31508  278.41836    38.3615    11.0380 0.0000e+00
 124.550313      3.928    11.9807  31.786067    27.1288      3.893  278.31331  278.41664    38.5638    11.0542 -9.990e-29
 124.550315      3.951    11.9810  31.787682    27.1293      3.916  278.30909  278.41241    38.4704    11.0340 -9.990e-29
 124.550318      3.979    11.9812  31.786875    27.1283      3.943  278.30933  278.41268    38.9840    11.6284 -9.990e-29
 124.550321      4.004    11.9818  31.787451    27.1285      3.969  278.30576  278.40914    39.0774    11.6244 -9.990e-29
 124.550324      4.030    11.9819  31.785491    27.1265      3.994  278.30875  278.41217    38.9685    11.6163 -9.990e-29
 124.550327      4.053    11.9816  31.784914    27.1262      4.017  278.31141  278.41481    38.9218    11.6001 -9.990e-29
 124.550330      4.070    11.9812  31.784684    27.1262      4.034  278.31343  278.41681    40.2759    11.1674 -9.990e-29
 124.550333      4.090    11.9812  31.787048    27.1285      4.053  278.30940  278.41275    40.2603    11.1755 -9.990e-29
 124.550336      4.108    11.9816  31.787048    27.1282      4.071  278.30752  278.41090    40.1669    11.1634 -9.990e-29
 124.550339      4.130    11.9819  31.787855    27.1287      4.093  278.30446  278.40786    40.1513    11.1553 -9.990e-29
 124.550341      4.150    11.9824  31.786298    27.1269      4.113  278.30545  278.40889    37.4899    10.9935 -9.990e-29
 124.550344      4.176    11.9824  31.787855    27.1284      4.139  278.30260  278.40602    37.3965    10.9652 -9.990e-29
 124.550347      4.198    11.9823  31.788893    27.1294      4.160  278.30102  278.40442    37.3654    10.9935 -9.990e-29
 124.550350      4.225    11.9822  31.792469    27.1328      4.187  278.29476  278.39813    37.4587    10.9531 -9.990e-29
 124.550353      4.249    11.9823  31.800196    27.1400      4.211  278.28023  278.38351    37.4899    11.0016 -9.990e-29
 124.550356      4.272    11.9833  31.805387    27.1442      4.234  278.26625  278.36955    35.2953    10.4557 -9.990e-29
 124.550359      4.296    11.9846  31.825287    27.1567      4.258  278.22360  278.32678    35.4198    10.4477 -9.990e-29
 124.550362      4.323    11.9871  31.821595    27.1567      4.285  278.21905  278.32244    35.5132    10.4598 0.0000e+00
 124.550365      4.351    11.9885  31.831863    27.1567      4.312  278.19384  278.29721    35.4821    10.4679 -9.990e-29
 124.550367      4.374    11.9897  31.840633    27.1727      4.335  278.17202  278.27538    37.0229    10.5204 -9.990e-29
 124.550370      4.396    11.9915  31.855636    27.1885      4.357  278.13651  278.23983    37.0696    10.5164 -9.990e-29
 124.550373      4.424    11.9939  31.860599    27.1885      4.384  278.11634  278.21978    37.0074    10.5164 0.0000e+00
 124.550376      4.453    11.9960  31.856386    27.1885      4.413  278.11465  278.21828    36.9607    10.4962 -9.990e-29
 124.550379      4.478    11.9971  31.855809    27.1817      4.438  278.11099  278.21470    36.6183    10.4840 -9.990e-29
 124.550382      4.513    11.9975  31.854424    27.1801      4.472  278.11167  278.21543    36.8362    10.5407 -9.990e-29
 124.550385      4.536    11.9974  31.855001    27.1806      4.496  278.11094  278.21469    36.6338    10.5245 -9.990e-29
 124.550388      4.554    11.9974  31.853443    27.1792      4.514  278.11382  278.21758    36.7428    10.5245 -9.990e-29
 124.550391      4.569    11.9975  31.851827    27.1776      4.528  278.11649  278.22027    38.9996    11.1998 -9.990e-29
 124.550394      4.587    11.9971  31.844845    27.1712      4.546  278.13094  278.23477    38.8906    11.2968 -9.990e-29
 124.550396      4.598    11.9964  31.838844    27.1661      4.557  278.14515  278.24900    39.0152    11.2928 -9.990e-29
 124.550399      4.612    11.9953  31.835267    27.1636      4.571  278.15711  278.26092    38.9373    11.2685 -9.990e-29
 124.550402      4.629    11.9939  31.836075    27.1653      4.587  278.16164  278.26535    38.9373    11.3049 -9.990e-29
 124.550405      4.649    11.9931  31.836883    27.1667      4.607  278.16395  278.26759    39.9179    11.5920 -9.990e-29
 124.550408      4.671    11.9923  31.836076    27.1668      4.629  278.16893  278.27253    39.8556    11.5475 -9.990e-29
 124.550411      4.698    11.9916  31.835845    27.1668      4.656  278.17285  278.27639    40.0113    11.5313 0.0000e+00
 124.550414      4.729    11.9911  31.835672    27.1669      4.687  278.17508  278.27860    39.9957    11.5475 0.0000e+00
 124.550417      4.762    11.9914  31.838672    27.1678      4.719  278.16863  278.27213    39.3264    10.7994 0.0000e+00
 124.550420      4.800    11.9919  31.837288    27.1684      4.758  278.16868  278.27224    39.1708    10.7469 0.0000e+00
 124.550422      4.837    11.9926  31.838442    27.1678      4.794  278.16342  278.26701    39.2331    10.7994 0.0000e+00
 124.550425      4.873    11.9934  31.837461    27.1676      4.830  278.16146  278.26512    39.0930    10.7914 0.0000e+00
 124.550428      4.901    11.9938  31.837172    27.1669      4.857  278.16043  278.26412    35.5910    10.4517 -9.990e-29
 124.550431      4.924    11.9940  31.836884    27.1659      4.880  278.16003  278.26374    35.6844    10.4355 -9.990e-29
 124.550434      4.945    11.9939  31.837288    27.1663      4.901  278.15962  278.26332    35.7000    10.5083 -9.990e-29
 124.550437      4.963    11.9938  31.841269    27.1702      4.919  278.15293  278.25658    35.7155    10.5002 -9.990e-29
 124.550440      4.974    11.9943  31.841442    27.1700      4.930  278.15041  278.25409    37.2564    10.4477 -9.990e-29
 124.550443      4.989    11.9947  31.847443    27.1753      4.944  278.13748  278.24112    38.0035    10.9531 -9.990e-29
 124.550446      4.996    11.9955  31.848424    27.1757      4.951  278.13220  278.23589    37.8323    10.9733 -9.990e-29
 124.550448      5.005    11.9964  31.849001    27.1756      4.961  278.12704  278.23078    38.0969    10.9572 -9.990e-29
 124.550451      5.023    11.9968  31.847443    27.1738      4.979  278.12803  278.23181    37.8945    10.9733 -9.990e-29
 124.550454      5.046    11.9971  31.845020    27.1713      5.000  278.13124  278.23507    38.5327    11.3939 -9.990e-29
 124.550457      5.077    11.9971  31.844039    27.1704      5.031  278.13307  278.23691    38.4704    11.4020 -9.990e-29
 124.550460      5.099    11.9969  31.843462    27.1704      5.053  278.13478  278.23862    38.4237    11.4262 -9.990e-29
 124.550463      5.130    11.9965  31.843635    27.1703      5.084  278.13638  278.24018    38.4082    11.4181 0.0000e+00
 124.550466      5.164    11.9962  31.843231    27.1702      5.118  278.13872  278.24251    36.9918    10.7509 0.0000e+00
 124.550469      5.193    11.9961  31.842654    27.1702      5.147  278.14012  278.24391    36.8984    10.7145 0.0000e+00
 124.550472      5.228    11.9962  31.843231    27.1697      5.181  278.13877  278.24255    36.8673    10.7145 0.0000e+00
 124.550475      5.261    11.9961  31.842424    27.1699      5.214  278.14059  278.24438    37.0696    10.7145 0.0000e+00
 124.550477      5.289    11.9959  31.843866    27.1695      5.241  278.13890  278.24266    35.7311    10.3830 -9.990e-29
 124.550480      5.310    11.9958  31.844847    27.1720      5.263  278.13742  278.24117    35.7155    10.3668 -9.990e-29
 124.550483      5.332    11.9961  31.844270    27.1712      5.285  278.13724  278.24101    35.7934    10.3789 -9.990e-29
 124.550486      5.350    11.9964  31.843866    27.1706      5.302  278.13642  278.24022    35.7155    10.4113 -9.990e-29
 124.550489      5.369    11.9966  31.842078    27.1688      5.321  278.13909  278.24292    35.6533    10.4153 -9.990e-29
 124.550492      5.390    11.9964  31.840462    27.1674      5.342  278.14303  278.24686    34.5949    10.9693 -9.990e-29
 124.550495      5.410    11.9962  31.841905    27.1689      5.362  278.14133  278.24514    34.5794    10.9935 -9.990e-29
 124.550498      5.429    11.9960  31.842655    27.1697      5.380  278.14059  278.24438    34.5638    10.9733 -9.990e-29
 124.550501      5.449    11.9960  31.842424    27.1695      5.400  278.14103  278.24482    34.5638    10.9814 -9.990e-29
 124.550503      5.467    11.9961  31.843059    27.1700      5.418  278.13956  278.24335    37.6611    11.5718 -9.990e-29
 124.550506      5.495    11.9961  31.843636    27.1705      5.446  278.13852  278.24230    37.6922    11.5880 -9.990e-29
 124.550509      5.513    11.9962  31.844040    27.1709      5.464  278.13747  278.24125    37.7545    11.5313 -9.990e-29
 124.550512      5.539    11.9964  31.847041    27.1735      5.489  278.13102  278.23478    37.6922    11.5758 -9.990e-29
 124.550515      5.561    11.9965  31.847041    27.1734      5.511  278.13040  278.23417    36.4315    11.2564 -9.990e-29
 124.550518      5.584    11.9967  31.847214    27.1734      5.534  278.12915  278.23294    36.4315    11.2281 -9.990e-29
 124.550521      5.608    11.9967  31.849003    27.1751      5.558  278.12587  278.22964    36.4782    11.2079 -9.990e-29
 124.550524      5.633    11.9966  31.853793    27.1797      5.583  278.11739  278.22110    36.5249    11.2362 -9.990e-29
 124.550527      5.657    11.9970  31.864008    27.1892      5.607  278.09702  278.20064    34.2836    10.3587 -9.990e-29
 124.550530      5.686    11.9980  31.864989    27.1878      5.636  278.09050  278.19418    34.1747    10.3830 0.0000e+00
 124.550532      5.717    11.9987  31.862623    27.1864      5.666  278.09172  278.19548    34.2992    10.3870 0.0000e+00
 124.550535      5.745    11.9989  31.862392    27.1863      5.694  278.09122  278.19499    34.1591    10.4113 0.0000e+00
 124.550538      5.774    11.9989  31.864181    27.1861      5.722  278.08794  278.19170    34.2058    10.3951 -9.990e-29
 124.550541      5.796    11.9992  31.878380    27.2009      5.744  278.06056  278.16418    33.5677    10.3830 -9.990e-29
 124.550544      5.816    12.0003  31.884557    27.2060      5.764  278.04447  278.14810    33.5677    10.3708 -9.990e-29
 124.550547      5.837    12.0017  31.889926    27.2100      5.785  278.02829  278.13196    33.5521    10.3991 -9.990e-29
 124.550550      5.854    12.0030  31.905920    27.2241      5.801  277.99287  278.09646    33.4743    10.4032 -9.990e-29
 124.550553      5.872    12.0050  31.911695    27.2281      5.819  277.97311  278.07678    35.7000    11.1796 -9.990e-29
 124.550556      5.884    12.0065  31.910713    27.2261      5.832  277.96831  278.07209    35.7000    11.1755 -9.990e-29
 124.550558      5.902    12.0075  31.910713    27.2254      5.850  277.96390  278.06775    35.7622    11.1876 -9.990e-29
 124.550561      5.921    12.0080  31.910539    27.2248      5.868  277.96171  278.06560    35.7311    11.1593 -9.990e-29
 124.550564      5.942    12.0083  31.913947    27.2356      5.889  277.95420  278.05807    36.7428    11.0016 -9.990e-29
 124.550567      5.972    12.0086  31.922494    27.2332      5.918  277.93691  278.04072    36.7895    10.9733 0.0000e+00
 124.550570      6.001    12.0094  31.918105    27.2324      5.948  277.94154  278.04544    36.6027    10.9491 0.0000e+00
 124.550573      6.039    12.0100  31.920126    27.2324      5.985  277.93532  278.03925    36.7117    10.9774 0.0000e+00
 124.550576      6.072    12.0102  31.923938    27.2358      6.017  277.92739  278.03128    34.6105    10.0190 0.0000e+00
 124.550579      6.106    12.0107  31.927520    27.2373      6.052  277.91862  278.02251    34.7039    10.0109 0.0000e+00
 124.550582      6.137    12.0112  31.925094    27.2388      6.083  277.92089  278.02485    34.7194    10.0029 -9.990e-29
 124.550584      6.159    12.0114  31.925729    27.2366      6.104  277.91848  278.02244    34.7661     9.9786 -9.990e-29
 124.550587      6.181    12.0114  31.926538    27.2374      6.126  277.91732  278.02127    34.6883     9.9786 -9.990e-29
 124.550590      6.196    12.0115  31.925729    27.2365      6.141  277.91819  278.02216    38.2058    10.8601 -9.990e-29
 124.550593      6.214    12.0115  31.925094    27.2359      6.159  277.91937  278.02335    38.1280    10.8237 -9.990e-29
 124.550596      6.224    12.0114  31.927693    27.2385      6.168  277.91523  278.01916    38.2992    10.8682 -9.990e-29
 124.550599      6.233    12.0116  31.928098    27.2387      6.177  277.91354  278.01749    38.1280    10.8561 -9.990e-29
 124.550602      6.249    12.0119  31.929888    27.2401      6.193  277.90868  278.01264    37.4587    11.1310 -9.990e-29
 124.550605      6.268    12.0121  31.932545    27.2425      6.212  277.90286  278.00680    37.4743    11.1310 -9.990e-29
 124.550608      6.288    12.0128  31.932314    27.2399      6.231  277.90015  278.00414    37.5521    11.0987 -9.990e-29
 124.550611      6.315    12.0130  31.930524    27.2390      6.258  277.90252  278.00654    37.4899    11.1068 0.0000e+00
 124.550613      6.344    12.0132  31.928906    27.2382      6.287  277.90456  278.00862    38.2525    10.5932 0.0000e+00
 124.550616      6.375    12.0127  31.928502    27.2382      6.318  277.90785  278.01187    38.1903    10.6094 0.0000e+00
 124.550619      6.409    12.0123  31.928329    27.2383      6.351  277.90977  278.01377    38.2525    10.5770 0.0000e+00
 124.550622      6.438    12.0124  31.928733    27.2386      6.380  277.90873  278.01273    38.2369    10.6013 0.0000e+00
 124.550625      6.464    12.0125  31.929311    27.2387      6.406  277.90737  278.01137    34.2369    10.4881 0.0000e+00
 124.550628      6.491    12.0124  31.928907    27.2389      6.433  277.90845  278.01245    34.1591    10.4881 0.0000e+00
 124.550631      6.517    12.0125  31.928734    27.2387      6.459  277.90815  278.01216    34.3459    10.4477 -9.990e-29
 124.550634      6.539    12.0123  31.930698    27.2405      6.480  277.90550  278.00948    34.3615    10.4679 -9.990e-29
 124.550637      6.557    12.0125  31.932315    27.2419      6.498  277.90191  278.00588    34.2681    10.4840 -9.990e-29
 124.550639      6.570    12.0129  31.932719    27.2420      6.511  277.89928  278.00327    35.9490    10.6013 -9.990e-29
 124.550642      6.590    12.0131  31.932257    27.2414      6.531  277.89920  278.00321    36.0268    10.6579 -9.990e-29
 124.550645      6.612    12.0134  31.933124    27.2420      6.553  277.89636  278.00038    35.9801    10.6417 -9.990e-29
 124.550648      6.632    12.0135  31.932315    27.2412      6.573  277.89723  278.00127    35.9801    10.6741 -9.990e-29
 124.550651      6.658    12.0137  31.932546    27.2413      6.598  277.89588  277.99993    37.1008    11.2564 0.0000e+00
