Processed/SBE19plus_01907321_2022_05_09_Cast104_wfilter.cnv
* Sea-Bird SBE19plus  Data File:
* FileName = E:\Prandtl_Daten\2022\CTD\Raw\SBE19plus_01907321_2022_05_09_Cast104.hex
* Software version 2.6.1.12
* Temperature SN = 7321
* Conductivity SN = 7321
* System UpLoad Time = May 09 2022 13:53:17
* <ApplicationData>
* <Seaterm232>
** Messpraktikum 2022
** CTD 09.05  BM
** NMEA Latitude = 54 07 838N
** NMEA Longitude = 008 47 148E
# nquan = 11
# nvalues = 513                         
# units = specified
# name 0 = timeJ: Julian Days
# name 1 = prdM: Pressure, Strain Gauge [db]
# name 2 = tv290C: Temperature [ITS-90, deg C]
# name 3 = c0mS/cm: Conductivity [mS/cm]
# name 4 = sal00: Salinity, Practical [PSU]
# name 5 = depSM: Depth [salt water, m], lat = 54.00
# name 6 = oxsatMm/Kg: Oxygen Saturation, Weiss [umol/kg]
# name 7 = oxsolMm/Kg: Oxygen Saturation, Garcia & Gordon [umol/kg]
# name 8 = turbWETntu0: Turbidity, WET Labs ECO [NTU]
# name 9 = flECO-AFL: Fluorescence, WET Labs ECO-AFL/FL [mg/m^3]
# name 10 = flag:  0.000e+00
# span 0 = 129.573605, 129.575087       
# span 1 =      0.493,     15.420       
# span 2 =    13.1314,    14.5070       
# span 3 =  32.621565,  33.654308       
# span 4 =    27.0053,    27.1251       
# span 5 =      0.489,     15.282       
# span 6 =  264.14874,  271.71590       
# span 7 =  264.39407,  271.88742       
# span 8 =    -1.0627,   290.4548       
# span 9 =     1.3535,    12.2835       
# span 10 = 0.0000e+00, 0.0000e+00      
# interval = seconds: 0.25
# start_time = May 09 2022 13:44:34 [Instrument's time stamp, header]
# bad_flag = -9.990e-29
*END*
 129.573605      0.493    14.4841  33.635089    27.0435      0.489  264.26974  264.51391    -0.5490     1.3818 0.0000e+00
 129.573608      0.524    14.4848  33.635443    27.0435      0.520  264.26606  264.51027    -0.5490     1.3737 -9.990e-29
 129.573611      0.544    14.4858  33.640218    27.0492      0.540  264.25457  264.49879    -0.7047     1.3778 -9.990e-29
 129.573614      0.570    14.4883  33.644758    27.0496      0.565  264.23658  264.48092    -0.6580     1.3535 0.0000e+00
 129.573617      0.599    14.4923  33.648708    27.0492      0.594  264.21392  264.45845    -0.6736     1.3616 0.0000e+00
 129.573620      0.628    14.4969  33.650417    27.0490      0.623  264.19208  264.43686    -0.6424     1.3818 0.0000e+00
 129.573623      0.661    14.5007  33.654250    27.0482      0.655  264.17024  264.41521    -0.5802     1.4869 0.0000e+00
 129.573626      0.690    14.5044  33.654308    27.0465      0.684  264.15483  264.40001    -0.3000     1.5274 0.0000e+00
 129.573628      0.727    14.5069  33.651714    27.0424      0.720  264.14874  264.39407    -0.4090     1.5112 0.0000e+00
 129.573631      0.762    14.5070  33.651065    27.0417      0.755  264.14918  264.39453    -0.4868     1.4748 0.0000e+00
 129.573634      0.796    14.5063  33.644462    27.0363      0.789  264.16273  264.40809    -0.4245     1.6770 0.0000e+00
 129.573637      0.831    14.5031  33.639333    27.0363      0.823  264.18452  264.42973    -0.3778     1.6730 0.0000e+00
 129.573640      0.865    14.4979  33.643814    27.0377      0.858  264.19855  264.44344    -0.3778     1.7093 0.0000e+00
 129.573643      0.898    14.4966  33.647411    27.0415      0.890  264.19837  264.44315    -0.3156     1.6770 -9.990e-29
 129.573646      0.920    14.4980  33.645524    27.0430      0.912  264.19549  264.44038    -0.4090     1.8954 -9.990e-29
 129.573649      0.942    14.4984  33.639511    27.0374      0.934  264.20370  264.44864    -0.4245     1.8711 -9.990e-29
 129.573652      0.962    14.4955  33.635797    27.0361      0.953  264.22162  264.46644    -0.3311     1.8711 -9.990e-29
 129.573655      0.988    14.4912  33.632614    27.0362      0.979  264.24464  264.48923    -0.5646     1.8751 -9.990e-29
 129.573657      1.011    14.4867  33.628135    27.0386      1.002  264.27070  264.51507    -0.3778     1.8711 -9.990e-29
 129.573660      1.037    14.4821  33.628194    27.0384      1.028  264.28939  264.53350    -0.3000     1.7538 0.0000e+00
 129.573663      1.070    14.4788  33.625129    27.0386      1.060  264.30816  264.55210    -0.4401     1.7700 0.0000e+00
 129.573666      1.104    14.4761  33.627606    27.0422      1.095  264.31511  264.55889    -0.3311     1.7740 0.0000e+00
 129.573669      1.139    14.4757  33.630023    27.0447      1.129  264.31308  264.55682    -0.2845     1.7902 0.0000e+00
 129.573672      1.174    14.4768  33.636095    27.0449      1.163  264.29855  264.54230    -0.2222     2.0975 0.0000e+00
 129.573675      1.208    14.4807  33.634267    27.0449      1.198  264.28558  264.52957    -0.2066     2.0814 0.0000e+00
 129.573678      1.247    14.4825  33.632852    27.0437      1.236  264.28039  264.52449    -0.1599     2.0733 0.0000e+00
 129.573681      1.274    14.4830  33.634738    27.0424      1.263  264.27516  264.51927    -0.1755     2.0773 -9.990e-29
 129.573683      1.299    14.4837  33.631437    27.0403      1.288  264.27771  264.52189    -0.3156     2.2148 -9.990e-29
 129.573686      1.323    14.4828  33.623892    27.0342      1.311  264.29373  264.53791    -0.4712     2.2188 -9.990e-29
 129.573689      1.347    14.4784  33.623539    27.0369      1.335  264.31247  264.55640    -0.4245     2.2188 -9.990e-29
 129.573692      1.365    14.4752  33.623657    27.0387      1.353  264.32574  264.56949    -0.3623     2.2108 -9.990e-29
 129.573695      1.391    14.4730  33.621300    27.0375      1.379  264.33835  264.58200    -0.2845     2.3078 0.0000e+00
 129.573698      1.420    14.4706  33.616644    27.0387      1.407  264.35594  264.59949    -0.5335     2.3523 0.0000e+00
 129.573701      1.448    14.4673  33.618884    27.0405      1.435  264.36609  264.60943    -0.4712     2.3159 0.0000e+00
 129.573704      1.488    14.4659  33.620711    27.0431      1.475  264.36878  264.61203    -0.4245     2.3199 0.0000e+00
 129.573707      1.520    14.4664  33.621714    27.0431      1.507  264.36529  264.60856    -0.3156     2.3523 0.0000e+00
 129.573709      1.552    14.4674  33.620888    27.0422      1.538  264.36258  264.60591    -0.3156     2.3765 0.0000e+00
 129.573712      1.586    14.4675  33.620712    27.0419      1.572  264.36226  264.60560    -0.3778     2.3725 0.0000e+00
 129.573715      1.614    14.4674  33.620240    27.0417      1.599  264.36336  264.60670    -0.4401     2.3887 0.0000e+00
 129.573718      1.643    14.4671  33.620122    27.0415      1.628  264.36513  264.60845    -0.3311     2.3887 -9.990e-29
 129.573721      1.667    14.4669  33.619415    27.0412      1.652  264.36692  264.61024    -0.3467     2.5626 -9.990e-29
 129.573724      1.692    14.4665  33.618472    27.0406      1.677  264.37003  264.61333    -0.4712     2.5989 -9.990e-29
 129.573727      1.712    14.4660  33.617294    27.0399      1.697  264.37415  264.61743    -0.4401     2.5585 -9.990e-29
 129.573730      1.734    14.4653  33.616233    27.0394      1.719  264.37870  264.62195    -0.4401     2.6070 -9.990e-29
 129.573733      1.758    14.4640  33.614406    27.0387      1.742  264.38732  264.63050    -0.4090     2.6636 -9.990e-29
 129.573736      1.787    14.4618  33.612638    27.0374      1.771  264.39928  264.64236    -0.3467     2.6919 0.0000e+00
 129.573738      1.820    14.4595  33.607983    27.0361      1.804  264.41625  264.65924    -0.3467     2.6596 0.0000e+00
 129.573741      1.853    14.4563  33.602856    27.0338      1.836  264.43806  264.68090    -0.4712     2.6111 0.0000e+00
 129.573744      1.895    14.4510  33.593841    27.0338      1.878  264.47465  264.71726    -0.1599     2.5181 0.0000e+00
 129.573747      1.927    14.4439  33.593312    27.0339      1.910  264.50496  264.74716    -0.2222     2.4979 0.0000e+00
 129.573750      1.968    14.4382  33.592782    27.0373      1.950  264.52932  264.77120    -0.1755     2.5383 0.0000e+00
 129.573753      2.004    14.4349  33.593077    27.0373      1.986  264.54232  264.78402    -0.1755     2.5626 0.0000e+00
 129.573756      2.033    14.4334  33.588776    27.0371      2.015  264.55559  264.79724    -0.1444     2.5100 0.0000e+00
 129.573759      2.068    14.4306  33.582472    27.0334      2.049  264.57745  264.81898     0.0113     2.7203 0.0000e+00
 129.573762      2.094    14.4254  33.573636    27.0313      2.075  264.61376  264.85506    -0.0510     2.7203 0.0000e+00
 129.573764      2.123    14.4177  33.566804    27.0292      2.104  264.65652  264.89744     0.1202     2.7486 -9.990e-29
 129.573767      2.143    14.4096  33.566746    27.0322      2.124  264.69044  264.93089     0.1513     2.7364 -9.990e-29
 129.573770      2.170    14.4041  33.560444    27.0339      2.151  264.72326  264.96345    -0.0043     2.7243 0.0000e+00
 129.573773      2.197    14.3982  33.559502    27.0355      2.178  264.74954  264.98940     0.1825     2.7203 0.0000e+00
 129.573776      2.225    14.3939  33.556440    27.0357      2.205  264.77240  265.01203     0.0268     2.6879 0.0000e+00
 129.573779      2.254    14.3900  33.555086    27.0372      2.234  264.79059  265.03001     0.0580     2.7122 0.0000e+00
 129.573782      2.287    14.3868  33.552848    27.0374      2.266  264.80772  265.04698    -0.1444     2.4736 0.0000e+00
 129.573785      2.318    14.3841  33.551141    27.0378      2.297  264.82179  265.06091    -0.1755     2.4372 0.0000e+00
 129.573788      2.351    14.3820  33.551848    27.0399      2.330  264.82942  265.06841    -0.2845     2.4655 0.0000e+00
 129.573791      2.378    14.3811  33.552201    27.0404      2.357  264.83230  265.07125    -0.3311     2.4534 0.0000e+00
 129.573793      2.409    14.3804  33.551200    27.0406      2.388  264.83709  265.07599    -0.4868     2.4008 0.0000e+00
 129.573796      2.436    14.3795  33.544369    27.0404      2.415  264.85169  265.09060    -0.3467     2.3765 -9.990e-29
 129.573799      2.460    14.3756  33.537715    27.0317      2.438  264.87916  265.11789    -0.4245     2.3927 -9.990e-29
 129.573802      2.486    14.3692  33.533123    27.0320      2.463  264.91297  265.15137    -0.3467     2.3482 -9.990e-29
 129.573805      2.507    14.3631  33.529474    27.0307      2.485  264.94430  265.18238    -0.3467     2.4210 -9.990e-29
 129.573808      2.533    14.3572  33.522350    27.0271      2.510  264.98037  265.21817    -0.6580     2.4979 0.0000e+00
 129.573811      2.562    14.3500  33.508693    27.0236      2.539  265.03276  265.27025    -0.7047     2.5019 0.0000e+00
 129.573814      2.591    14.3385  33.497570    27.0236      2.568  265.09888  265.33579    -0.7514     2.5059 0.0000e+00
 129.573817      2.628    14.3255  33.490156    27.0241      2.604  265.16521  265.40144    -0.7514     2.5221 0.0000e+00
 129.573819      2.670    14.3141  33.485979    27.0266      2.646  265.21937  265.45497    -0.6891     2.4534 0.0000e+00
 129.573822      2.710    14.3045  33.476682    27.0279      2.686  265.27439  265.50952    -0.5957     2.4615 0.0000e+00
 129.573825      2.748    14.2946  33.470329    27.0279      2.724  265.32616  265.56077    -0.7514     2.4776 0.0000e+00
 129.573828      2.785    14.2861  33.469859    27.0279      2.760  265.36235  265.59647    -0.5646     2.4615 0.0000e+00
 129.573831      2.820    14.2794  33.456387    27.0297      2.794  265.41233  265.64617    -0.3311     2.5221 0.0000e+00
 129.573834      2.858    14.2701  33.445741    27.0260      2.832  265.46866  265.70205    -0.3778     2.5423 -9.990e-29
 129.573837      2.883    14.2583  33.433626    27.0203      2.857  265.53775  265.77054    -0.4401     2.4979 -9.990e-29
 129.573840      2.912    14.2450  33.425630    27.0225      2.886  265.60666  265.83875    -0.4090     2.5545 -9.990e-29
 129.573843      2.936    14.2326  33.396703    27.0053      2.910  265.70592  265.93751    -0.6736     2.3482 -9.990e-29
 129.573845      2.956    14.2115  33.387006    27.0113      2.930  265.80995  266.04040    -0.6736     2.3159 -9.990e-29
 129.573848      2.978    14.1908  33.379073    27.0206      2.951  265.90953  266.13884    -0.7514     2.3321 -9.990e-29
 129.573851      3.005    14.1752  33.369143    27.0212      2.979  265.99141  266.21990    -0.6580     2.3199 0.0000e+00
 129.573854      3.031    14.1603  33.358802    27.0206      3.004  266.07085  266.29855    -0.7514     2.3402 0.0000e+00
 129.573857      3.060    14.1445  33.338416    27.0196      3.033  266.17034  266.39728    -0.6424     2.3765 0.0000e+00
 129.573860      3.093    14.1281  33.331369    27.0145      3.066  266.25096  266.47700    -0.6736     2.3765 0.0000e+00
 129.573863      3.128    14.1112  33.305411    27.0082      3.100  266.36475  266.59001    -0.5024     2.3765 0.0000e+00
 129.573866      3.161    14.0880  33.283571    27.0055      3.132  266.49844  266.72251    -0.7047     2.3563 0.0000e+00
 129.573869      3.197    14.0603  33.262794    27.0055      3.168  266.64925  266.87186    -0.6580     2.3725 0.0000e+00
 129.573872      3.230    14.0319  33.242902    27.0071      3.201  266.80178  267.02289    -0.7202     2.3927 0.0000e+00
 129.573874      3.261    14.0034  33.220316    27.0075      3.232  266.95916  267.17877    -0.6736     2.3927 0.0000e+00
 129.573877      3.290    13.9745  33.215040    27.0148      3.261  267.08967  267.30762    -0.6891     2.3968 0.0000e+00
 129.573880      3.318    13.9530  33.206361    27.0225      3.288  267.19479  267.41154    -0.6424     2.4170 -9.990e-29
 129.573883      3.343    13.9369  33.194984    27.0355      3.313  267.28183  267.49773    -0.6269     2.3887 -9.990e-29
 129.573886      3.371    13.9222  33.188711    27.0393      3.340  267.35442  267.56949    -0.6736     2.3765 0.0000e+00
 129.573889      3.405    13.9104  33.188009    27.0416      3.375  267.40548  267.61986    -0.6736     2.4008 0.0000e+00
 129.573892      3.440    13.9027  33.180328    27.0422      3.409  267.45063  267.66462    -0.4401     2.3563 0.0000e+00
 129.573895      3.477    13.8946  33.174641    27.0416      3.446  267.49466  267.70821    -0.4401     2.3321 0.0000e+00
 129.573898      3.517    13.8858  33.165907    27.0404      3.485  267.54630  267.75940    -0.3311     2.3442 0.0000e+00
 129.573900      3.550    13.8758  33.156938    27.0399      3.518  267.60367  267.81624    -0.4868     2.3240 0.0000e+00
 129.573903      3.577    13.8643  33.153598    27.0394      3.545  267.65789  267.86981    -0.3000     2.3402 -9.990e-29
 129.573906      3.601    13.8543  33.140001    27.0392      3.568  267.72302  267.93446    -0.3778     2.3078 -9.990e-29
 129.573909      3.630    13.8419  33.139182    27.0471      3.598  267.77680  267.98750    -0.3623     2.3240 -9.990e-29
 129.573912      3.650    13.8325  33.136839    27.0516      3.617  267.82089  268.03105    -0.4245     2.3563 -9.990e-29
 129.573915      3.663    13.8256  33.126643    27.0473      3.630  267.86717  268.07700    -0.3623     2.3159 -9.990e-29
 129.573918      3.677    13.8157  33.119202    27.0475      3.644  267.92138  268.13068    -0.0510     2.4534 -9.990e-29
 129.573921      3.690    13.8040  33.110766    27.0481      3.657  267.98512  268.19379    -0.3156     2.4534 -9.990e-29
 129.573924      3.701    13.7910  33.099519    27.0471      3.668  268.05923  268.26722    -0.1911     2.4615 -9.990e-29
 129.573927      3.723    13.7758  33.099111    27.0574      3.690  268.12456  268.33163    -0.2533     2.4251 -9.990e-29
 129.573929      3.743    13.7652  33.096007    27.0611      3.709  268.17464  268.38111    -0.3156     2.2714 -9.990e-29
 129.573932      3.772    13.7575  33.088921    27.0602      3.738  268.21952  268.42559    -0.4712     2.2552 0.0000e+00
 129.573935      3.805    13.7485  33.079843    27.0592      3.771  268.27310  268.47869    -0.3156     2.2674 0.0000e+00
 129.573938      3.836    13.7364  33.065380    27.0592      3.802  268.34893  268.55392    -0.3623     2.2552 0.0000e+00
 129.573941      3.872    13.7193  33.057243    27.0592      3.838  268.43515  268.63918    -0.4090     2.2229 0.0000e+00
 129.573944      3.907    13.7007  33.051858    27.0675      3.872  268.52363  268.72658    -0.4401     2.2148 0.0000e+00
 129.573947      3.947    13.6861  33.048113    27.0743      3.912  268.59178  268.79388    -0.3778     2.2027 0.0000e+00
 129.573950      3.987    13.6747  33.043197    27.0760      3.952  268.64873  268.85018    -0.4245     2.2350 0.0000e+00
 129.573953      4.019    13.6648  33.033305    27.0779      3.983  268.70783  268.90876    -0.4712     2.2188 0.0000e+00
 129.573955      4.046    13.6526  33.031258    27.0827      4.010  268.76338  268.96359    -0.5179     2.1299 0.0000e+00
 129.573958      4.079    13.6425  33.028918    27.0877      4.042  268.81033  269.00995    -0.6113     2.1380 0.0000e+00
 129.573961      4.106    13.6358  33.026460    27.0902      4.070  268.84306  269.04229    -0.6736     2.1622 0.0000e+00
 129.573964      4.132    13.6304  33.025232    27.0929      4.095  268.86805  269.06696    -0.5179     2.0975 0.0000e+00
 129.573967      4.159    13.6266  33.024354    27.0948      4.122  268.88586  269.08455    -0.9070     2.1541 0.0000e+00
 129.573970      4.192    13.6242  33.023769    27.0959      4.155  268.89691  269.09546    -0.8292     2.1905 0.0000e+00
 129.573973      4.219    13.6223  33.022306    27.0959      4.182  268.90756  269.10601    -0.9381     2.1299 0.0000e+00
 129.573976      4.249    13.6203  33.019029    27.0952      4.211  268.92191  269.12026    -1.0627     2.1178 0.0000e+00
 129.573979      4.278    13.6171  33.017332    27.0944      4.240  268.93830  269.13647    -0.6891     2.2027 -9.990e-29
 129.573981      4.301    13.6140  33.018445    27.0982      4.263  268.94960  269.14757    -0.7669     2.2067 -9.990e-29
