Processed/SBE19plus_01907321_2022_05_07_Cast58_wfilter.cnv
* Sea-Bird SBE19plus  Data File:
* FileName = E:\Prandtl Daten\2022\CTD\Raw\SBE19plus_01907321_2022_05_07_Cast58.hex
* Software version 2.6.1.12
* Temperature SN = 7321
* Conductivity SN = 7321
* System UpLoad Time = May 07 2022 06:32:00
* <ApplicationData>
* <Seaterm232>
** Messpraktikum 2022
** CTD 07.05 BE
** NMEA Latitude = 54 07.51 N
** NMEA Longitude = 008 50.26 E
# nquan = 11
# nvalues = 477                         
# units = specified
# name 0 = timeJ: Julian Days
# name 1 = prdM: Pressure, Strain Gauge [db]
# name 2 = tv290C: Temperature [ITS-90, deg C]
# name 3 = c0mS/cm: Conductivity [mS/cm]
# name 4 = sal00: Salinity, Practical [PSU]
# name 5 = depSM: Depth [salt water, m], lat = 54.00
# name 6 = oxsatMm/Kg: Oxygen Saturation, Weiss [umol/kg]
# name 7 = oxsolMm/Kg: Oxygen Saturation, Garcia & Gordon [umol/kg]
# name 8 = turbWETntu0: Turbidity, WET Labs ECO [NTU]
# name 9 = flECO-AFL: Fluorescence, WET Labs ECO-AFL/FL [mg/m^3]
# name 10 = flag:  0.000e+00
# span 0 = 127.266531, 127.267908       
# span 1 =      0.581,     12.847       
# span 2 =    13.2949,    13.3190       
# span 3 =  32.692156,  32.709386       
# span 4 =    27.0207,    27.0312       
# span 5 =      0.575,     12.732       
# span 6 =  270.74364,  270.87013       
# span 7 =  270.92610,  271.05122       
# span 8 =    25.4432,    58.2058       
# span 9 =     7.2896,    13.0113       
# span 10 = 0.0000e+00, 0.0000e+00      
# interval = seconds: 0.25
# start_time = May 07 2022 06:22:02 [Instrument's time stamp, header]
# bad_flag = -9.990e-29
*END*
[from data line 263]
 127.267292      7.352    13.3000  32.698561    27.0281      7.287  270.84691  271.02829    48.6961    10.9410 -9.990e-29
 127.267295      7.382    13.2999  32.698677    27.0282      7.316  270.84704  271.02842    47.8712    11.9842 0.0000e+00
 127.267297      7.411    13.2998  32.698736    27.0283      7.345  270.84759  271.02895    47.6689    12.0287 0.0000e+00
 127.267300      7.451    13.2998  32.699144    27.0283      7.384  270.84659  271.02796    47.7311    12.0287 0.0000e+00
 127.267303      7.493    13.2997  32.698561    27.0286      7.426  270.84825  271.02962    47.7622    12.0206 0.0000e+00
 127.267306      7.531    13.2997  32.699494    27.0288      7.464  270.84667  271.02803    47.7622     9.7845 0.0000e+00
 127.267309      7.560    13.2998  32.699378    27.0288      7.493  270.84657  271.02794    47.8245     9.8128 0.0000e+00
 127.267312      7.588    13.3000  32.698736    27.0284      7.520  270.84675  271.02814    47.7622     9.8047 0.0000e+00
 127.267315      7.613    13.3000  32.699669    27.0281      7.545  270.84516  271.02654    47.7311     9.7602 -9.990e-29
 127.267318      7.633    13.3001  32.699378    27.0286      7.565  270.84536  271.02674    46.5327    10.2091 -9.990e-29
 127.267321      7.651    13.3001  32.699553    27.0287      7.583  270.84507  271.02645    46.7194    10.1444 -9.990e-29
 127.267323      7.662    13.3001  32.699553    27.0287      7.594  270.84476  271.02615    46.4393    10.1444 -9.990e-29
 127.267326      7.682    13.3001  32.699495    27.0287      7.614  270.84519  271.02657    46.4393    10.1403 -9.990e-29
 127.267329      7.699    13.3001  32.698970    27.0281      7.630  270.84579  271.02718    46.5327    10.1565 -9.990e-29
 127.267332      7.723    13.3001  32.699553    27.0285      7.654  270.84480  271.02619    45.8012    10.2899 -9.990e-29
 127.267335      7.752    13.3001  32.699378    27.0286      7.683  270.84544  271.02682    45.6611    10.2697 0.0000e+00
 127.267338      7.790    13.3001  32.699670    27.0288      7.721  270.84496  271.02634    45.7545    10.2455 0.0000e+00
 127.267341      7.821    13.3002  32.699961    27.0289      7.751  270.84385  271.02523    45.7700    10.2576 0.0000e+00
 127.267344      7.852    13.3004  32.700195    27.0290      7.782  270.84252  271.02392    46.0346     9.7198 0.0000e+00
 127.267347      7.881    13.3006  32.699495    27.0290      7.811  270.84311  271.02453    46.0969     9.7400 -9.990e-29
 127.267350      7.901    13.3004  32.699379    27.0282      7.831  270.84396  271.02536    45.9412     9.7198 -9.990e-29
 127.267352      7.925    13.3004  32.699787    27.0285      7.854  270.84327  271.02467    46.0502     9.7562 -9.990e-29
 127.267355      7.954    13.3005  32.699787    27.0285      7.883  270.84297  271.02438    45.6922     9.8775 0.0000e+00
 127.267358      7.980    13.3002  32.699496    27.0285      7.909  270.84475  271.02614    45.8478     9.9139 0.0000e+00
 127.267361      8.005    13.3001  32.699146    27.0285      7.934  270.84600  271.02738    45.7700     9.9058 -9.990e-29
 127.267364      8.027    13.2999  32.698738    27.0280      7.955  270.84734  271.02872    45.8167     9.8735 -9.990e-29
 127.267367      8.055    13.2995  32.699379    27.0288      7.983  270.84783  271.02918    46.1124     9.9948 -9.990e-29
 127.267370      8.077    13.2997  32.699496    27.0288      8.004  270.84701  271.02837    46.0035    10.0231 -9.990e-29
 127.267373      8.100    13.2994  32.699379    27.0289      8.028  270.84849  271.02983    46.0657     9.9867 -9.990e-29
 127.267376      8.122    13.2992  32.699146    27.0287      8.049  270.84984  271.03118    46.1747     9.9786 -9.990e-29
 127.267378      8.149    13.2990  32.698971    27.0284      8.076  270.85079  271.03212    46.0346     9.9826 0.0000e+00
 127.267381      8.175    13.2988  32.698097    27.0287      8.102  270.85326  271.03458    48.5249    10.5164 0.0000e+00
 127.267384      8.204    13.2987  32.699147    27.0289      8.131  270.85178  271.03309    48.4159    10.4638 0.0000e+00
 127.267387      8.237    13.2985  32.698739    27.0291      8.163  270.85345  271.03475    48.4471    10.4436 0.0000e+00
 127.267390      8.270    13.2983  32.698855    27.0289      8.196  270.85421  271.03549    48.6494    10.4557 0.0000e+00
 127.267393      8.304    13.2984  32.698564    27.0290      8.230  270.85442  271.03571    49.7389    10.5407 0.0000e+00
 127.267396      8.334    13.2984  32.698739    27.0288      8.259  270.85414  271.03543    49.7700    10.5083 -9.990e-29
 127.267399      8.354    13.2986  32.698972    27.0290      8.279  270.85281  271.03411    49.5988    10.5407 -9.990e-29
 127.267402      8.370    13.2985  32.699089    27.0292      8.295  270.85325  271.03453    49.8634    10.5407 -9.990e-29
 127.267405      8.381    13.2984  32.699147    27.0293      8.306  270.85347  271.03475    49.5521    11.6931 -9.990e-29
 127.267407      8.398    13.2986  32.699380    27.0293      8.322  270.85213  271.03343    49.7078    11.6607 -9.990e-29
 127.267410      8.416    13.2986  32.698564    27.0289      8.340  270.85355  271.03485    49.4587    11.6607 -9.990e-29
 127.267413      8.441    13.2988  32.699089    27.0290      8.366  270.85172  271.03303    49.5054    11.7052 0.0000e+00
 127.267416      8.474    13.2987  32.699381    27.0290      8.398  270.85155  271.03285    48.7895    11.1553 0.0000e+00
 127.267419      8.505    13.2987  32.699148    27.0292      8.429  270.85229  271.03359    48.6650    11.1391 0.0000e+00
 127.267422      8.544    13.2988  32.699556    27.0290      8.467  270.85098  271.03229    48.8050    11.2079 0.0000e+00
 127.267425      8.571    13.2987  32.699089    27.0291      8.494  270.85211  271.03342    48.6805    11.1998 0.0000e+00
 127.267428      8.600    13.2989  32.699381    27.0290      8.523  270.85100  271.03231    48.7584    11.1593 0.0000e+00
 127.267431      8.626    13.2990  32.699381    27.0291      8.549  270.85039  271.03171    49.8012    10.4719 -9.990e-29
 127.267433      8.650    13.2990  32.698856    27.0285      8.572  270.85162  271.03294    49.8012    10.4840 -9.990e-29
 127.267436      8.673    13.2990  32.699381    27.0289      8.596  270.85042  271.03174    49.8323    10.4921 -9.990e-29
 127.267439      8.701    13.2990  32.699381    27.0289      8.623  270.85043  271.03176    49.8323    10.4800 -9.990e-29
 127.267442      8.721    13.2990  32.699381    27.0289      8.643  270.85045  271.03177    49.5833    10.7024 -9.990e-29
 127.267445      8.746    13.2991  32.699498    27.0290      8.668  270.84995  271.03127    49.5210    10.7307 -9.990e-29
 127.267448      8.768    13.2991  32.699556    27.0292      8.690  270.84986  271.03119    49.4276    10.7307 -9.990e-29
 127.267451      8.796    13.2991  32.699790    27.0290      8.717  270.84948  271.03080    49.4276    10.7186 0.0000e+00
 127.267454      8.825    13.2991  32.699382    27.0289      8.746  270.85020  271.03153    49.0074    10.1242 0.0000e+00
 127.267457      8.852    13.2994  32.699673    27.0288      8.773  270.84845  271.02980    49.0074    10.1686 0.0000e+00
 127.267459      8.883    13.2993  32.699382    27.0289      8.804  270.84929  271.03063    48.8984    10.0999 -9.990e-29
 127.267462      8.907    13.2994  32.699382    27.0286      8.827  270.84899  271.03034    48.8673    10.1606 -9.990e-29
 127.267465      8.931    13.2995  32.699499    27.0275      8.851  270.84818  271.02953    51.6377    10.3385 -9.990e-29
 127.267468      8.956    13.2998  32.698566    27.0275      8.876  270.84854  271.02992    51.4976    10.3587 0.0000e+00
 127.267471      8.985    13.2998  32.698333    27.0275      8.905  270.84928  271.03065    51.6066    10.2899 -9.990e-29
 127.267474      9.005    13.3001  32.698974    27.0277      8.924  270.84692  271.02832    51.3264    10.3789 -9.990e-29
 127.267477      9.024    13.3002  32.698683    27.0274      8.943  270.84681  271.02821    51.5755    10.3263 -9.990e-29
 127.267480      9.043    13.3004  32.698741    27.0273      8.963  270.84578  271.02719    51.4976    10.7752 -9.990e-29
 127.267483      9.060    13.3003  32.698333    27.0262      8.979  270.84681  271.02822    51.6844    10.7752 -9.990e-29
 127.267486      9.085    13.3003  32.697517    27.0262      9.004  270.84854  271.02996    51.6222    10.7914 0.0000e+00
 127.267488      9.116    13.3003  32.697692    27.0262      9.035  270.84795  271.02937    51.4976    10.7550 0.0000e+00
 127.267491      9.151    13.3004  32.696876    27.0258      9.069  270.84906  271.03049    54.1280    10.5892 0.0000e+00
 127.267494      9.186    13.3006  32.697284    27.0255      9.103  270.84775  271.02919    54.1124    10.6013 0.0000e+00
 127.267497      9.220    13.3006  32.696060    27.0252      9.138  270.84988  271.03133    53.9412    10.6094 0.0000e+00
 127.267500      9.249    13.3006  32.696351    27.0246      9.167  270.84940  271.03084    53.8790    10.6054 -9.990e-29
 127.267503      9.271    13.3005  32.695652    27.0243      9.188  270.85093  271.03238    54.9062    10.5366 -9.990e-29
 127.267506      9.291    13.3005  32.695885    27.0245      9.208  270.85054  271.03199    54.8440    10.5164 -9.990e-29
 127.267509      9.315    13.3005  32.694952    27.0236      9.232  270.85216  271.03362    54.9373    10.5245 -9.990e-29
 127.267512      9.335    13.3006  32.696293    27.0248      9.252  270.84955  271.03100    55.1085    10.5043 -9.990e-29
 127.267514      9.353    13.3005  32.695652    27.0243      9.270  270.85098  271.03243    52.8050    11.1391 -9.990e-29
 127.267517      9.381    13.3006  32.694661    27.0233      9.297  270.85239  271.03385    52.6650    11.1917 -9.990e-29
 127.267520      9.404    13.3005  32.693961    27.0236      9.320  270.85392  271.03539    52.8362    11.1674 -9.990e-29
 127.267523      9.432    13.3004  32.694836    27.0235      9.347  270.85275  271.03420    52.7739    11.1876 0.0000e+00
 127.267526      9.461    13.3006  32.694836    27.0234      9.376  270.85214  271.03360    52.9140    11.1917 0.0000e+00
 127.267529      9.486    13.3005  32.694020    27.0234      9.401  270.85388  271.03534    53.9879    11.1553 0.0000e+00
 127.267532      9.512    13.3006  32.695186    27.0232      9.427  270.85157  271.03303    54.0035    11.1674 0.0000e+00
 127.267535      9.537    13.3006  32.695070    27.0237      9.452  270.85179  271.03324    54.1280    11.1715 -9.990e-29
 127.267538      9.561    13.3006  32.695653    27.0241      9.476  270.85048  271.03194    53.9724    11.1472 -9.990e-29
 127.267541      9.585    13.3006  32.695245    27.0237      9.499  270.85120  271.03266    53.4743    11.9478 -9.990e-29
 127.267543      9.611    13.3008  32.695944    27.0242      9.525  270.84938  271.03085    53.5677    11.9357 -9.990e-29
 127.267546      9.636    13.3007  32.696469    27.0248      9.550  270.84881  271.03026    53.3654    11.9155 -9.990e-29
 127.267549      9.658    13.3006  32.696702    27.0251      9.572  270.84905  271.03049    53.5366    11.9600 -9.990e-29
 127.267552      9.678    13.3006  32.696936    27.0252      9.592  270.84835  271.02979    53.1630    11.8953 -9.990e-29
 127.267555      9.702    13.3006  32.697285    27.0255      9.615  270.84776  271.02920    53.2253    11.8912 -9.990e-29
 127.267558      9.719    13.3006  32.697111    27.0254      9.632  270.84807  271.02951    53.3342    11.8670 -9.990e-29
 127.267561      9.739    13.3005  32.697111    27.0255      9.651  270.84871  271.03015    53.1941    11.8589 -9.990e-29
 127.267564      9.762    13.3005  32.697344    27.0257      9.675  270.84832  271.02976    53.5521    11.2281 -9.990e-29
 127.267567      9.788    13.3006  32.697111    27.0254      9.700  270.84843  271.02987    53.5054    11.2402 -9.990e-29
 127.267569      9.812    13.3005  32.696878    27.0261      9.724  270.84916  271.03060    53.2720    11.2200 -9.990e-29
 127.267572      9.848    13.3006  32.697927    27.0262      9.760  270.84706  271.02849    53.4899    11.2362 0.0000e+00
 127.267575      9.880    13.3006  32.698277    27.0264      9.791  270.84648  271.02791    53.5210    11.2523 0.0000e+00
 127.267578      9.911    13.3006  32.698336    27.0264      9.822  270.84640  271.02783    54.9529    12.0328 0.0000e+00
 127.267581      9.942    13.3004  32.697694    27.0262      9.853  270.84815  271.02958    55.1708    11.9964 0.0000e+00
 127.267584      9.969    13.3005  32.697111    27.0260      9.880  270.84886  271.03029    54.8906    12.0408 -9.990e-29
 127.267587      9.993    13.3005  32.697111    27.0254      9.903  270.84887  271.03031    54.8440    11.9802 -9.990e-29
 127.267590     10.016    13.3003  32.696295    27.0247      9.927  270.85092  271.03236    53.7856    11.6810 -9.990e-29
 127.267593     10.034    13.3005  32.696062    27.0244      9.944  270.85070  271.03215    53.9879    11.6607 -9.990e-29
 127.267595     10.054    13.3006  32.696704    27.0249      9.964  270.84930  271.03074    53.6299    11.7295 -9.990e-29
 127.267598     10.074    13.3006  32.695071    27.0207      9.984  270.85181  271.03327    53.6455    11.6769 -9.990e-29
 127.267601     10.100    13.3006  32.692156    27.0218     10.010  270.85684  271.03833    52.6338    11.6688 0.0000e+00
 127.267604     10.131    13.3005  32.694430    27.0229     10.040  270.85358  271.03504    52.6961    11.7093 0.0000e+00
 127.267607     10.162    13.3003  32.695771    27.0242     10.071  270.85192  271.03336    52.7739    11.6931 0.0000e+00
 127.267610     10.198    13.3004  32.696471    27.0248     10.107  270.85042  271.03186    52.6650    11.6688 0.0000e+00
 127.267613     10.226    13.3006  32.696879    27.0248     10.134  270.84910  271.03055    53.1941    11.6567 0.0000e+00
 127.267616     10.253    13.3006  32.696471    27.0248     10.162  270.84951  271.03096    53.3031    11.4383 0.0000e+00
 127.267619     10.282    13.3006  32.696704    27.0246     10.190  270.84944  271.03089    53.0852    11.4343 -9.990e-29
 127.267622     10.304    13.3006  32.696296    27.0245     10.212  270.85016  271.03161    53.2564    11.4100 -9.990e-29
 127.267624     10.326    13.3008  32.695480    27.0236     10.233  270.85063  271.03210    53.2408    11.4505 -9.990e-29
 127.267627     10.344    13.3008  32.695538    27.0236     10.251  270.85054  271.03201    51.4976    10.9005 -9.990e-29
 127.267630     10.359    13.3006  32.695655    27.0238     10.266  270.85098  271.03244    51.5288    10.9005 -9.990e-29
 127.267633     10.377    13.3006  32.694431    27.0227     10.284  270.85310  271.03457    51.3264    10.8803 -9.990e-29
 127.267636     10.393    13.3004  32.695480    27.0238     10.300  270.85225  271.03370    51.5288    10.9248 -9.990e-29
 127.267639     10.412    13.3006  32.695364    27.0242     10.318  270.85183  271.03329    51.2953    10.7428 -9.990e-29
 127.267642     10.439    13.3006  32.696063    27.0248     10.345  270.85064  271.03210    51.1552    10.7226 0.0000e+00
 127.267645     10.472    13.3005  32.697288    27.0248     10.378  270.84887  271.03031    51.1864    10.7145 0.0000e+00
 127.267648     10.508    13.3005  32.696705    27.0254     10.414  270.84990  271.03134    51.1864    10.7388 0.0000e+00
 127.267650     10.541    13.3005  32.697696    27.0256     10.447  270.84821  271.02964    55.1397    12.0570 0.0000e+00
 127.267653     10.579    13.3005  32.697521    27.0256     10.485  270.84853  271.02997    55.1241    12.0328 0.0000e+00
 127.267656     10.610    13.3006  32.697288    27.0253     10.515  270.84864  271.03008    55.1708    12.0328 0.0000e+00
 127.267659     10.641    13.3006  32.697113    27.0251     10.546  270.84896  271.03041    55.2175    12.0853 0.0000e+00
 127.267662     10.667    13.3006  32.697114    27.0251     10.571  270.84898  271.03042    55.2486    12.0772 0.0000e+00
 127.267665     10.694    13.3005  32.697522    27.0251     10.599  270.84861  271.03004    55.2331    12.0166 -9.990e-29
