Processed/SBE19plus_01907321_2022_05_04_Cast21_wfilter.cnv
* Sea-Bird SBE19plus  Data File:
* FileName = E:\Prandtl Daten\2022\CTD\Raw\SBE19plus_01907321_2022_05_04_Cast21.hex
* Software version 2.6.1.12
* Temperature SN = 7321
* Conductivity SN = 7321
* System UpLoad Time = May 04 2022 13:58:17
* <ApplicationData>
* <Seaterm232>
** Messpraktikum 2022
** CTD 04.05 BE
# nquan = 11
# nvalues = 750                         
# units = specified
# name 0 = timeJ: Julian Days
# name 1 = prdM: Pressure, Strain Gauge [db]
# name 2 = tv290C: Temperature [ITS-90, deg C]
# name 3 = c0mS/cm: Conductivity [mS/cm]
# name 4 = sal00: Salinity, Practical [PSU]
# name 5 = depSM: Depth [salt water, m], lat = 54.00
# name 6 = oxsatMm/Kg: Oxygen Saturation, Weiss [umol/kg]
# name 7 = oxsolMm/Kg: Oxygen Saturation, Garcia & Gordon [umol/kg]
# name 8 = turbWETntu0: Turbidity, WET Labs ECO [NTU]
# name 9 = flECO-AFL: Fluorescence, WET Labs ECO-AFL/FL [mg/m^3]
# name 10 = flag:  0.000e+00
# span 0 = 124.576525, 124.578692       
# span 1 =      0.523,     19.258       
# span 2 =    12.2850,    12.3929       
# span 3 =  31.914939,  31.979526       
# span 4 =    27.0024,    27.0281       
# span 5 =      0.518,     19.085       
# span 6 =  276.10529,  276.70758       
# span 7 =  276.23478,  276.83046       
# span 8 =    16.4315,   312.7584       
# span 9 =     7.2977,    22.9263       
# span 10 = 0.0000e+00, 0.0000e+00      
# interval = seconds: 0.25
# start_time = May 04 2022 13:48:50 [Instrument's time stamp, header]
# bad_flag = -9.990e-29
*END*
[from data line 656]
 124.578423     17.156    12.2907  31.918514    27.0237     17.002  276.68040  276.80367    66.6727    13.3025 0.0000e+00
 124.578426     17.198    12.2910  31.918514    27.0235     17.043  276.67916  276.80245    66.7973    13.3267 0.0000e+00
 124.578429     17.240    12.2912  31.918514    27.0233     17.085  276.67824  276.80154    66.6572    13.2903 0.0000e+00
 124.578432     17.278    12.2912  31.918514    27.0233     17.123  276.67827  276.80157    66.6727    13.3065 0.0000e+00
 124.578435     17.313    12.2911  31.918515    27.0234     17.157  276.67892  276.80221    63.3264    11.9519 0.0000e+00
 124.578438     17.342    12.2907  31.918110    27.0234     17.186  276.68157  276.80484    63.5132    11.9478 -9.990e-29
 124.578440     17.362    12.2905  31.917591    27.0229     17.206  276.68316  276.80642    63.4665    11.9357 -9.990e-29
 124.578443     17.375    12.2905  31.915743    27.0212     17.219  276.68684  276.81011    63.3264    11.9195 -9.990e-29
 124.578446     17.386    12.2902  31.917129    27.0227     17.230  276.68559  276.80884    66.9529    13.0315 -9.990e-29
 124.578449     17.398    12.2897  31.917706    27.0236     17.242  276.68677  276.80997    66.9529    13.0032 -9.990e-29
 124.578452     17.404    12.2887  31.918111    27.0247     17.248  276.69047  276.81360    66.8440    13.0315 -9.990e-29
 124.578455     17.426    12.2874  31.918342    27.0257     17.269  276.69575  276.81880    66.8906    12.9709 -9.990e-29
 124.578458     17.451    12.2864  31.917534    27.0260     17.295  276.70167  276.82465    70.3303    13.6381 0.0000e+00
 124.578461     17.484    12.2857  31.917707    27.0264     17.327  276.70454  276.82747    70.3770    13.6260 0.0000e+00
 124.578464     17.521    12.2853  31.918343    27.0270     17.364  276.70531  276.82821    70.2836    13.6179 0.0000e+00
 124.578466     17.557    12.2854  31.918112    27.0270     17.400  276.70543  276.82834    70.4082    13.6664 0.0000e+00
 124.578469     17.594    12.2856  31.917938    27.0270     17.436  276.70482  276.82775    70.3926    13.6179 0.0000e+00
 124.578472     17.628    12.2857  31.918747    27.0271     17.470  276.70306  276.82599    68.1669    12.0530 0.0000e+00
 124.578475     17.654    12.2860  31.918747    27.0274     17.495  276.70181  276.82476    68.1980    12.0408 -9.990e-29
 124.578478     17.676    12.2862  31.918747    27.0270     17.517  276.70056  276.82353    68.0735    12.0489 -9.990e-29
 124.578481     17.696    12.2861  31.918516    27.0268     17.537  276.70163  276.82458    68.0580    12.1096 -9.990e-29
 124.578484     17.710    12.2861  31.917246    27.0256     17.552  276.70394  276.82691    69.1163    13.2459 -9.990e-29
 124.578487     17.729    12.2860  31.917939    27.0263     17.570  276.70301  276.82597    69.1319    13.2620 -9.990e-29
 124.578490     17.743    12.2859  31.917708    27.0262     17.584  276.70408  276.82702    69.1786    13.2620 -9.990e-29
 124.578492     17.765    12.2859  31.918921    27.0271     17.606  276.70189  276.82483    69.1475    13.2297 -9.990e-29
 124.578495     17.796    12.2860  31.918748    27.0272     17.637  276.70191  276.82485    72.6494    13.1488 0.0000e+00
 124.578498     17.825    12.2860  31.918921    27.0271     17.666  276.70161  276.82455    72.6027    13.1407 0.0000e+00
 124.578501     17.862    12.2860  31.918344    27.0267     17.701  276.70237  276.82532    72.5560    13.1326 0.0000e+00
 124.578504     17.896    12.2862  31.918517    27.0267     17.736  276.70145  276.82441    72.5871    13.1528 0.0000e+00
 124.578507     17.931    12.2864  31.919152    27.0269     17.770  276.69905  276.82202    67.2019    12.6029 0.0000e+00
 124.578510     17.957    12.2871  31.919152    27.0271     17.795  276.69591  276.81893    67.1708    12.6919 -9.990e-29
 124.578513     17.978    12.2874  31.918921    27.0262     17.817  276.69507  276.81812    67.2019    12.6555 -9.990e-29
 124.578516     17.999    12.2876  31.918113    27.0253     17.837  276.69592  276.81898    67.2331    12.6393 -9.990e-29
 124.578519     18.022    12.2877  31.917709    27.0248     17.861  276.69604  276.81911    67.0774    12.6838 -9.990e-29
 124.578521     18.037    12.2880  31.917535    27.0244     17.875  276.69510  276.81819    72.3070    13.8322 -9.990e-29
 124.578524     18.055    12.2886  31.918344    27.0248     17.893  276.69111  276.81424    72.3381    13.8362 -9.990e-29
 124.578527     18.077    12.2886  31.917304    27.0237     17.915  276.69270  276.81584    72.3692    13.8605 -9.990e-29
 124.578530     18.099    12.2886  31.918344    27.0240     17.937  276.69083  276.81396    72.3381    13.8403 -9.990e-29
 124.578533     18.128    12.2890  31.917940    27.0239     17.966  276.68968  276.81284    66.0657    13.1326 0.0000e+00
 124.578536     18.159    12.2896  31.918113    27.0238     17.996  276.68686  276.81006    66.1747    13.1407 0.0000e+00
 124.578539     18.192    12.2900  31.917709    27.0233     18.029  276.68603  276.80926    66.0035    13.1448 0.0000e+00
 124.578542     18.225    12.2905  31.918344    27.0233     18.061  276.68269  276.80594    66.0969    13.1326 0.0000e+00
 124.578545     18.254    12.2906  31.918518    27.0234     18.091  276.68176  276.80502    66.7973    13.0073 0.0000e+00
 124.578547     18.283    12.2909  31.918113    27.0234     18.119  276.68125  276.80453    66.8751    12.9951 -9.990e-29
 124.578550     18.306    12.2912  31.917536    27.0221     18.141  276.68104  276.80435    66.9685    13.0558 -9.990e-29
 124.578553     18.322    12.2908  31.917132    27.0219     18.158  276.68337  276.80666    66.7817    12.9951 -9.990e-29
 124.578556     18.340    12.2904  31.917940    27.0230     18.175  276.68381  276.80707    68.8362    13.1448 -9.990e-29
 124.578559     18.358    12.2900  31.918114    27.0234     18.193  276.68509  276.80832    68.9140    13.1205 -9.990e-29
 124.578562     18.378    12.2893  31.917536    27.0234     18.213  276.68963  276.81281    68.8362    13.1124 -9.990e-29
 124.578565     18.402    12.2883  31.917941    27.0244     18.237  276.69303  276.81614    68.9451    13.1528 -9.990e-29
 124.578568     18.426    12.2873  31.917132    27.0260     18.260  276.69925  276.82230    68.8984    13.1367 -9.990e-29
 124.578571     18.455    12.2867  31.918345    27.0260     18.289  276.69992  276.82291    70.4393    13.5572 0.0000e+00
 124.578573     18.488    12.2857  31.917710    27.0261     18.322  276.70552  276.82846    70.3303    13.5046 0.0000e+00
 124.578576     18.523    12.2850  31.918346    27.0271     18.356  276.70723  276.83012    70.3303    13.5168 0.0000e+00
 124.578579     18.559    12.2850  31.918346    27.0271     18.393  276.70758  276.83046    70.4082    13.5168 0.0000e+00
 124.578582     18.594    12.2852  31.918346    27.0271     18.427  276.70665  276.82955    69.7389    12.6919 0.0000e+00
 124.578585     18.621    12.2855  31.918519    27.0270     18.454  276.70509  276.82800    69.8167    12.7242 -9.990e-29
 124.578588     18.643    12.2861  31.918346    27.0263     18.476  276.70257  276.82553    69.9101    12.7080 -9.990e-29
 124.578591     18.665    12.2867  31.917537    27.0251     18.497  276.70121  276.82422    69.9412    12.6959 -9.990e-29
 124.578594     18.683    12.2872  31.917537    27.0248     18.516  276.69900  276.82205    69.8634    13.1286 -9.990e-29
 124.578597     18.701    12.2878  31.917942    27.0247     18.534  276.69575  276.81883    69.8012    13.1286 -9.990e-29
 124.578600     18.718    12.2883  31.917133    27.0236     18.550  276.69470  276.81783    69.8323    13.1367 -9.990e-29
 124.578602     18.733    12.2891  31.917306    27.0232     18.565  276.69092  276.81409    69.8012    13.1286 -9.990e-29
 124.578605     18.751    12.2899  31.917537    27.0228     18.583  276.68703  276.81026    66.8284    13.1326 -9.990e-29
 124.578608     18.775    12.2906  31.916556    27.0222     18.606  276.68567  276.80895    66.7973    13.1205 -9.990e-29
 124.578611     18.806    12.2909  31.917711    27.0221     18.637  276.68201  276.80531    66.9218    13.1245 0.0000e+00
 124.578614     18.835    12.2912  31.917711    27.0222     18.666  276.68077  276.80408    66.9373    13.1407 0.0000e+00
 124.578617     18.868    12.2912  31.918000    27.0223     18.699  276.68058  276.80389    66.7661    13.1326 0.0000e+00
 124.578620     18.904    12.2905  31.918520    27.0232     18.735  276.68251  276.80577    71.3731    13.2378 0.0000e+00
 124.578623     18.935    12.2903  31.918346    27.0232     18.765  276.68379  276.80704    71.3264    13.1892 0.0000e+00
 124.578626     18.968    12.2900  31.918347    27.0234     18.798  276.68508  276.80831    71.2175    13.2135 0.0000e+00
 124.578628     18.994    12.2898  31.918520    27.0236     18.823  276.68573  276.80894    71.2642    13.2135 0.0000e+00
 124.578631     19.021    12.2897  31.918347    27.0237     18.851  276.68669  276.80990    73.8012    13.2863 -9.990e-29
 124.578634     19.041    12.2894  31.917134    27.0227     18.870  276.69017  276.81337    73.7700    13.2620 -9.990e-29
 124.578637     19.063    12.2891  31.917943    27.0236     18.892  276.68998  276.81316    73.8167    13.2701 -9.990e-29
 124.578640     19.083    12.2889  31.917943    27.0238     18.912  276.69095  276.81410    73.8634    13.2782 -9.990e-29
 124.578643     19.100    12.2888  31.918116    27.0240     18.928  276.69096  276.81411    72.2603    13.6260 -9.990e-29
 124.578646     19.118    12.2888  31.917712    27.0233     18.946  276.69171  276.81486    72.2759    13.6583 -9.990e-29
 124.578649     19.145    12.2890  31.917539    27.0232     18.973  276.69109  276.81426    72.4471    13.6462 0.0000e+00
 124.578652     19.173    12.2900  31.917943    27.0232     19.001  276.68626  276.80949    72.4782    13.6502 0.0000e+00
 124.578655     19.202    12.2909  31.917134    27.0230     19.030  276.68332  276.80662    73.0229    13.1771 -9.990e-29
 124.578657     19.226    12.2915  31.917539    27.0215     19.053  276.68007  276.80341    72.9296    13.2216 -9.990e-29
 124.578660     19.249    12.2922  31.917539    27.0210     19.077  276.67693  276.80031    73.1319    13.2135 -9.990e-29
 124.578663     19.251    12.2928  31.916845    27.0199     19.078  276.67534  276.79877    72.9451    13.2216 -9.990e-29
 124.578666     19.249    12.2938  31.915517    27.0179     19.077  276.67332  276.79683    73.1630    13.1569 -9.990e-29
 124.578669     19.253    12.2952  31.914939    27.0164     19.080  276.66836  276.79197    82.7194    15.6276 -9.990e-29
 124.578672     19.255    12.2966  31.916556    27.0169     19.082  276.65910  276.78279    82.6416    15.6033 -9.990e-29
 124.578675     19.255    12.2973  31.916730    27.0166     19.082  276.65562  276.77936    82.6727    15.5993 -9.990e-29
 124.578678     19.255    12.2974  31.915921    27.0158     19.082  276.65677  276.78052    82.6105    15.6316 -9.990e-29
 124.578681     19.253    12.2972  31.916556    27.0165     19.080  276.65625  276.77999   312.6805    22.9263 -9.990e-29
 124.578683     19.255    12.2973  31.916325    27.0162     19.082  276.65636  276.78010   312.7584    22.9061 -9.990e-29
 124.578686     19.257    12.2975  31.916556    27.0163     19.084  276.65499  276.77874   312.5716    22.8818 -9.990e-29
 124.578689     19.255    12.2973  31.916556    27.0164     19.082  276.65594  276.77968   312.6961    22.8980 -9.990e-29
 124.578692     19.258    12.2967  31.917134    27.0173     19.085  276.65742  276.78112   231.4976    17.9729 -9.990e-29
