Processed/SBE19plus_01907321_2022_05_08_Cast89_wfilter.cnv
* Sea-Bird SBE19plus  Data File:
* FileName = E:\Prandtl Daten\2022\CTD\Raw\SBE19plus_01907321_2022_05_08_Cast89.hex
* Software version 2.6.1.12
* Temperature SN = 7321
* Conductivity SN = 7321
* System UpLoad Time = May 08 2022 13:02:32
* <ApplicationData>
* <Seaterm232>
** Messpraktikum 2022
** CTD 08.05 BW2
** NMEA Latitude = 54 07.80 N
** NMEA Longitude = 008 45.07 E
# nquan = 11
# nvalues = 522                         
# units = specified
# name 0 = timeJ: Julian Days
# name 1 = prdM: Pressure, Strain Gauge [db]
# name 2 = tv290C: Temperature [ITS-90, deg C]
# name 3 = c0mS/cm: Conductivity [mS/cm]
# name 4 = sal00: Salinity, Practical [PSU]
# name 5 = depSM: Depth [salt water, m], lat = 54.00
# name 6 = oxsatMm/Kg: Oxygen Saturation, Weiss [umol/kg]
# name 7 = oxsolMm/Kg: Oxygen Saturation, Garcia & Gordon [umol/kg]
# name 8 = turbWETntu0: Turbidity, WET Labs ECO [NTU]
# name 9 = flECO-AFL: Fluorescence, WET Labs ECO-AFL/FL [mg/m^3]
# name 10 = flag:  0.000e+00
# span 0 = 128.538695, 128.540203       
# span 1 =      0.597,     15.981       
# span 2 =    12.5861,    13.2960       
# span 3 =  32.170153,  32.719881       
# span 4 =    26.9969,    27.0685       
# span 5 =      0.591,     15.837       
# span 6 =  270.82320,  274.90739       
# span 7 =  271.00412,  275.04788       
# span 8 =     2.5171,   322.6105       
# span 9 =     3.3187,    20.1726       
# span 10 = 0.0000e+00, 0.0000e+00      
# interval = seconds: 0.25
# start_time = May 08 2022 12:54:24 [Instrument's time stamp, header]
# bad_flag = -9.990e-29
*END*
[from data line 394]
 128.539835     12.224    12.8575  32.333409    27.0052     12.115  273.41578  273.57243    64.0424    12.5140 -9.990e-29
 128.539838     12.252    12.8551  32.332365    27.0060     12.142  273.42836  273.58486    64.2292    12.5827 -9.990e-29
 128.539841     12.272    12.8534  32.329753    27.0057     12.162  273.44055  273.59696    64.2292    12.5261 -9.990e-29
 128.539844     12.299    12.8512  32.329115    27.0048     12.189  273.45116  273.60743    66.7039    13.0396 0.0000e+00
 128.539847     12.328    12.8488  32.325284    27.0039     12.218  273.46865  273.62481    66.5949    12.9749 0.0000e+00
 128.539850     12.359    12.8456  32.322847    27.0039     12.248  273.48685  273.64282    66.6727    13.0032 0.0000e+00
 128.539852     12.396    12.8423  32.323254    27.0066     12.285  273.50066  273.65642    66.5949    13.0194 0.0000e+00
 128.539855     12.427    12.8400  32.322209    27.0073     12.316  273.51293  273.66855    71.6377    12.6150 0.0000e+00
 128.539858     12.467    12.8383  32.321803    27.0078     12.355  273.52093  273.67644    71.6222    12.5463 0.0000e+00
 128.539861     12.502    12.8376  32.320991    27.0078     12.390  273.52554  273.68101    71.7934    12.5665 0.0000e+00
 128.539864     12.536    12.8362  32.319134    27.0071     12.424  273.53483  273.69023    71.5910    12.5584 0.0000e+00
 128.539867     12.569    12.8341  32.317335    27.0070     12.457  273.54749  273.70277    71.6222    12.5463 0.0000e+00
 128.539870     12.597    12.8322  32.316755    27.0069     12.484  273.55673  273.71190    75.6377    12.6029 -9.990e-29
 128.539873     12.619    12.8306  32.315537    27.0077     12.506  273.56583  273.72091    75.6377    12.6393 -9.990e-29
 128.539876     12.640    12.8291  32.314318    27.0077     12.527  273.57494  273.72992    75.5443    12.6717 -9.990e-29
 128.539878     12.664    12.8281  32.313912    27.0080     12.551  273.57977  273.73470    75.6066    12.6838 -9.990e-29
 128.539881     12.688    12.8267  32.307936    27.0055     12.574  273.59664  273.75153    74.9685    13.5734 -9.990e-29
 128.539884     12.717    12.8229  32.307240    27.0057     12.603  273.61461  273.76926    75.1864    13.5613 0.0000e+00
 128.539887     12.746    12.8188  32.304571    27.0056     12.632  273.63764  273.79205    75.1397    13.6138 0.0000e+00
 128.539890     12.779    12.8150  32.301322    27.0060     12.665  273.65980  273.81400    75.0152    13.5774 0.0000e+00
 128.539893     12.812    12.8116  32.302947    27.0096     12.697  273.67209  273.82605    78.4393    13.3227 0.0000e+00
 128.539896     12.845    12.8098  32.301961    27.0099     12.730  273.68174  273.83560    78.4548    13.3227 0.0000e+00
 128.539899     12.878    12.8089  32.301381    27.0099     12.762  273.68657  273.84038    78.4548    13.3631 0.0000e+00
 128.539902     12.920    12.8075  32.296508    27.0070     12.804  273.70152  273.85528    78.4237    13.3348 0.0000e+00
 128.539905     12.949    12.8049  32.295057    27.0070     12.833  273.71546  273.86906    76.6650    12.9304 0.0000e+00
 128.539907     12.987    12.8013  32.294884    27.0082     12.871  273.73188  273.88525    76.6338    12.9790 0.0000e+00
 128.539910     13.013    12.7992  32.297089    27.0094     12.896  273.73715  273.89036    76.7117    12.9588 -9.990e-29
 128.539913     13.034    12.7985  32.295058    27.0116     12.918  273.74390  273.89709    76.7117    13.0032 -9.990e-29
 128.539916     13.058    12.7981  32.298830    27.0153     12.941  273.73883  273.89196    76.7739    12.9183 -9.990e-29
 128.539919     13.082    12.7995  32.299120    27.0132     12.965  273.73234  273.88555    97.8012    15.2232 -9.990e-29
 128.539922     13.115    12.8011  32.298888    27.0119     12.997  273.72583  273.87915    97.8790    15.2070 0.0000e+00
 128.539925     13.144    12.8021  32.296915    27.0106     13.026  273.72460  273.87801    97.8634    15.2475 0.0000e+00
 128.539928     13.179    12.8012  32.289373    27.0043     13.061  273.74205  273.89547    97.7389    15.2596 0.0000e+00
 128.539931     13.215    12.7958  32.281890    27.0025     13.097  273.77928  273.93242    91.9490    14.7380 0.0000e+00
 128.539933     13.248    12.7869  32.276438    27.0019     13.129  273.82807  273.98068    91.8868    14.7339 0.0000e+00
 128.539936     13.279    12.7771  32.275801    27.0025     13.160  273.87244  274.02443    91.9801    14.7460 -9.990e-29
 128.539939     13.301    12.7694  32.271162    27.0101     13.182  273.91474  274.06627    91.9801    14.7784 -9.990e-29
 128.539942     13.330    12.7622  32.269945    27.0141     13.211  273.94847  274.09954    96.4938    15.0493 -9.990e-29
 128.539945     13.354    12.7567  32.269945    27.0180     13.234  273.97278  274.12349    96.6027    15.0251 -9.990e-29
 128.539948     13.376    12.7552  32.271570    27.0207     13.256  273.97685  274.12745    96.6027    15.0574 -9.990e-29
 128.539951     13.398    12.7557  32.269772    27.0175     13.278  273.97753  274.12818    96.5093    15.0534 -9.990e-29
 128.539954     13.423    12.7562  32.268960    27.0181     13.303  273.97709  274.12778   101.6922    15.7853 0.0000e+00
 128.539957     13.449    12.7544  32.268960    27.0182     13.328  273.98468  274.13525   101.7078    15.7448 0.0000e+00
 128.539959     13.483    12.7539  32.267916    27.0182     13.362  273.98907  274.13962   101.5833    15.7448 0.0000e+00
 128.539962     13.520    12.7529  32.262058    27.0137     13.399  274.00389  274.15443   101.7233    15.7165 0.0000e+00
 128.539965     13.562    12.7483  32.258811    27.0137     13.440  274.02986  274.18013   101.7389    15.7327 0.0000e+00
 128.539968     13.604    12.7430  32.257014    27.0158     13.482  274.05643  274.20637   109.8790    14.8350 0.0000e+00
 128.539971     13.646    12.7379  32.255449    27.0179     13.523  274.08163  274.23126   109.5677    14.8593 0.0000e+00
 128.539974     13.686    12.7341  32.255798    27.0210     13.563  274.09776  274.24714   109.5677    14.8390 0.0000e+00
 128.539977     13.718    12.7323  32.256784    27.0227     13.595  274.10424  274.25348   109.7856    14.8674 0.0000e+00
 128.539980     13.749    12.7319  32.255972    27.0230     13.626  274.10759  274.25681   106.0657    14.0788 0.0000e+00
 128.539983     13.777    12.7318  32.256204    27.0227     13.653  274.10751  274.25673   106.1436    14.0991 -9.990e-29
 128.539986     13.795    12.7323  32.256610    27.0230     13.672  274.10459  274.25384   106.1591    14.0546 -9.990e-29
 128.539988     13.812    12.7329  32.256378    27.0223     13.688  274.10218  274.25147   106.1591    14.1112 -9.990e-29
 128.539991     13.824    12.7334  32.257016    27.0225     13.700  274.09885  274.24816   107.3109    15.2515 -9.990e-29
 128.539994     13.839    12.7341  32.256378    27.0215     13.715  274.09715  274.24651   107.3109    15.2596 -9.990e-29
 128.539997     13.859    12.7343  32.255160    27.0215     13.735  274.09837  274.24777   107.1552    15.2394 -9.990e-29
 128.540000     13.884    12.7340  32.256378    27.0219     13.760  274.09749  274.24685   107.1708    15.1989 0.0000e+00
 128.540003     13.914    12.7338  32.257016    27.0216     13.789  274.09733  274.24667   106.4548    15.6073 0.0000e+00
 128.540006     13.945    12.7334  32.255973    27.0216     13.820  274.10109  274.25041   106.4082    15.6559 0.0000e+00
 128.540009     13.987    12.7326  32.254523    27.0216     13.861  274.10716  274.25645   106.2992    15.6235 0.0000e+00
 128.540012     14.027    12.7317  32.254987    27.0214     13.901  274.11046  274.25969   106.4393    15.6316 0.0000e+00
 128.540014     14.067    12.7307  32.253770    27.0214     13.941  274.11707  274.26623   106.4082    15.6195 0.0000e+00
 128.540017     14.114    12.7291  32.251914    27.0214     13.988  274.12733  274.27641   124.6183    15.1100 0.0000e+00
 128.540020     14.155    12.7264  32.250755    27.0208     14.028  274.14140  274.29032   124.4626    15.0817 0.0000e+00
 128.540023     14.189    12.7229  32.243217    27.0194     14.062  274.17025  274.31902   124.4159    15.1181 0.0000e+00
 128.540026     14.222    12.7164  32.241015    27.0172     14.095  274.20258  274.35095   124.3848    15.1221 -9.990e-29
 128.540029     14.246    12.7091  32.241769    27.0257     14.118  274.23376  274.38164   140.7584    15.9915 -9.990e-29
 128.540032     14.266    12.7052  32.240842    27.0276     14.138  274.25277  274.40040   140.6650    15.9996 -9.990e-29
 128.540035     14.290    12.7036  32.247278    27.0347     14.162  274.24830  274.39576   140.7895    15.9996 -9.990e-29
 128.540038     14.308    12.7060  32.250757    27.0362     14.180  274.23141  274.37900   140.7584    16.0279 -9.990e-29
 128.540041     14.330    12.7117  32.248321    27.0264     14.202  274.21083  274.35881   162.9996    17.6696 -9.990e-29
 128.540043     14.356    12.7141  32.246466    27.0268     14.227  274.20341  274.35157   162.9529    17.6858 0.0000e+00
 128.540046     14.385    12.7130  32.246466    27.0272     14.256  274.20816  274.35625   162.8906    17.6696 0.0000e+00
 128.540049     14.420    12.7121  32.246582    27.0272     14.291  274.21208  274.36011   162.9996    17.6413 0.0000e+00
 128.540052     14.449    12.7113  32.242813    27.0255     14.319  274.22226  274.37027   152.1980    16.6627 0.0000e+00
 128.540055     14.487    12.7072  32.240205    27.0255     14.357  274.24490  274.39267   152.2136    16.6506 0.0000e+00
 128.540058     14.527    12.7022  32.240031    27.0285     14.397  274.26763  274.41508   152.1513    16.6466 0.0000e+00
 128.540061     14.560    12.6987  32.236959    27.0287     14.430  274.28826  274.43550   152.1825    16.6182 0.0000e+00
 128.540064     14.588    12.6953  32.234756    27.0285     14.457  274.30733  274.45438   152.1047    16.6466 -9.990e-29
 128.540067     14.608    12.6912  32.233481    27.0307     14.477  274.32791  274.47470   166.0502    17.2935 -9.990e-29
 128.540069     14.628    12.6870  32.232554    27.0328     14.497  274.34819  274.49471   165.9568    17.3582 -9.990e-29
 128.540072     14.646    12.6841  32.232729    27.0350     14.515  274.36051  274.50684   165.8945    17.3259 -9.990e-29
 128.540075     14.670    12.6828  32.233946    27.0375     14.538  274.36404  274.51027   165.8945    17.3340 -9.990e-29
 128.540078     14.697    12.6827  32.234352    27.0375     14.566  274.36397  274.51019   195.2486    18.4419 0.0000e+00
 128.540081     14.723    12.6829  32.234352    27.0374     14.591  274.36304  274.50927   195.2642    18.4217 0.0000e+00
 128.540084     14.761    12.6829  32.232961    27.0360     14.629  274.36553  274.51178   195.2486    18.4096 0.0000e+00
 128.540087     14.796    12.6821  32.231222    27.0350     14.663  274.37243  274.51864   195.2953    18.3934 0.0000e+00
 128.540090     14.843    12.6798  32.224671    27.0312     14.710  274.39421  274.54033   211.6377    18.1912 0.0000e+00
 128.540093     14.883    12.6747  32.221426    27.0312     14.750  274.42241  274.56823   211.5288    18.1508 0.0000e+00
 128.540095     14.929    12.6683  32.217775    27.0324     14.795  274.45733  274.60277   211.7000    18.1548 0.0000e+00
 128.540098     14.969    12.6614  32.215341    27.0337     14.835  274.49229  274.63730   211.5443    18.1427 0.0000e+00
 128.540101     15.002    12.6551  32.212502    27.0350     14.868  274.52545  274.67007   210.3926    18.5066 -9.990e-29
 128.540104     15.026    12.6496  32.212734    27.0411     14.891  274.54935  274.69360   210.4393    18.4985 -9.990e-29
 128.540107     15.042    12.6464  32.211344    27.0421     14.908  274.56603  274.71009   210.2992    18.4985 -9.990e-29
 128.540110     15.061    12.6435  32.211924    27.0446     14.926  274.57763  274.72150   210.3148    18.4824 -9.990e-29
 128.540113     15.079    12.6417  32.210127    27.0442     14.944  274.58873  274.73250   210.2836    18.4985 -9.990e-29
 128.540116     15.094    12.6400  32.208678    27.0441     14.958  274.59889  274.74256   256.0891    19.2385 -9.990e-29
 128.540119     15.116    12.6378  32.206476    27.0436     14.980  274.61261  274.75616   256.1047    19.2790 -9.990e-29
 128.540122     15.137    12.6352  32.207462    27.0464     15.002  274.62255  274.76591   256.1047    19.2547 -9.990e-29
 128.540124     15.161    12.6333  32.205260    27.0441     15.025  274.63469  274.77795   255.8401    19.2547 -9.990e-29
 128.540127     15.192    12.6313  32.201957    27.0444     15.056  274.64943  274.79259   237.5677    20.1403 0.0000e+00
 128.540130     15.223    12.6283  32.200392    27.0446     15.087  274.66581  274.80878   237.3654    20.1726 0.0000e+00
 128.540133     15.256    12.6251  32.197785    27.0448     15.119  274.68467  274.82747   237.3031    20.1726 0.0000e+00
 128.540136     15.292    12.6215  32.198365    27.0477     15.155  274.69944  274.84199   237.1786    20.1403 0.0000e+00
 128.540139     15.329    12.6197  32.199408    27.0499     15.192  274.70549  274.84792   251.2486    19.4892 0.0000e+00
 128.540142     15.363    12.6193  32.199003    27.0500     15.226  274.70813  274.85053   251.2175    19.5216 0.0000e+00
 128.540145     15.396    12.6189  32.199177    27.0499     15.258  274.70973  274.85210   251.3420    19.5095 0.0000e+00
 128.540148     15.431    12.6187  32.198192    27.0495     15.292  274.71246  274.85483   251.2642    19.4892 0.0000e+00
 128.540150     15.464    12.6177  32.195237    27.0475     15.325  274.72217  274.86450   291.1552    19.6712 0.0000e+00
 128.540153     15.498    12.6161  32.192745    27.0475     15.359  274.73358  274.87583   291.1397    19.6388 0.0000e+00
 128.540156     15.533    12.6133  32.192108    27.0463     15.394  274.74704  274.88912   291.1241    19.6550 0.0000e+00
 128.540159     15.573    12.6108  32.187473    27.0452     15.434  274.76670  274.90865   291.0774    19.6227 0.0000e+00
 128.540162     15.602    12.6074  32.184286    27.0450     15.463  274.78755  274.92931   291.1085    19.6429 0.0000e+00
 128.540165     15.630    12.6038  32.184461    27.0447     15.490  274.80303  274.94455   285.3031    19.2183 -9.990e-29
 128.540168     15.654    12.6012  32.182259    27.0472     15.513  274.81865  274.96002   285.2097    19.2021 -9.990e-29
 128.540171     15.677    12.5985  32.182144    27.0490     15.537  274.83055  274.97175   285.2875    19.2183 -9.990e-29
 128.540174     15.694    12.5971  32.181043    27.0490     15.553  274.83915  274.98026   285.2875    19.2102 -9.990e-29
 128.540177     15.710    12.5955  32.180406    27.0495     15.570  274.84724  274.98825   300.7117    19.0040 -9.990e-29
 128.540179     15.732    12.5944  32.181044    27.0509     15.591  274.85117  274.99210   300.5871    19.0202 -9.990e-29
 128.540182     15.747    12.5939  32.181449    27.0517     15.606  274.85266  274.99356   300.4315    19.0040 -9.990e-29
 128.540185     15.765    12.5936  32.179421    27.0500     15.624  274.85756  274.99845   300.6027    18.9676 -9.990e-29
 128.540188     15.789    12.5927  32.178205    27.0485     15.647  274.86353  275.00438   311.3576    18.7533 -9.990e-29
 128.540191     15.816    12.5912  32.176004    27.0488     15.675  274.87411  275.01488   311.4821    18.7371 0.0000e+00
 128.540194     15.851    12.5896  32.175425    27.0491     15.709  274.88242  275.02309   311.4198    18.7290 0.0000e+00
 128.540197     15.889    12.5881  32.174788    27.0495     15.747  274.89021  275.03079   311.4198    18.7371 0.0000e+00
 128.540200     15.950    12.5871  32.173977    27.0495     15.807  274.89612  275.03664   315.4821    18.7412 0.0000e+00
 128.540203     15.981    12.5861  32.170153    27.0466     15.837  274.90739  275.04788   322.6105    17.1844 0.0000e+00
