Processed/SBE19plus_01907321_2022_05_09_Cast101_wfilter.cnv
* Sea-Bird SBE19plus  Data File:
* FileName = E:\Prandtl_Daten\2022\CTD\Raw\SBE19plus_01907321_2022_05_09_Cast101.hex
* Software version 2.6.1.12
* Temperature SN = 7321
* Conductivity SN = 7321
* System UpLoad Time = May 09 2022 12:30:57
* <ApplicationData>
* <Seaterm232>
** Messpraktikum 2022
** CTD 09.05 SW1
** NMEA Latitude = 54 06.145 N
** NMEA Longitude = 008 35.839E
# nquan = 11
# nvalues = 563                         
# units = specified
# name 0 = timeJ: Julian Days
# name 1 = prdM: Pressure, Strain Gauge [db]
# name 2 = tv290C: Temperature [ITS-90, deg C]
# name 3 = c0mS/cm: Conductivity [mS/cm]
# name 4 = sal00: Salinity, Practical [PSU]
# name 5 = depSM: Depth [salt water, m], lat = 54.00
# name 6 = oxsatMm/Kg: Oxygen Saturation, Weiss [umol/kg]
# name 7 = oxsolMm/Kg: Oxygen Saturation, Garcia & Gordon [umol/kg]
# name 8 = turbWETntu0: Turbidity, WET Labs ECO [NTU]
# name 9 = flECO-AFL: Fluorescence, WET Labs ECO-AFL/FL [mg/m^3]
# name 10 = flag:  0.000e+00
# span 0 = 129.512737, 129.514363       
# span 1 =      0.464,     16.221       
# span 2 =    12.4725,    14.1390       
# span 3 =  31.596243,  32.432440       
# span 4 =    26.1696,    26.9423       
# span 5 =      0.460,     16.075       
# span 6 =  267.69112,  276.32503       
# span 7 =  267.92457,  276.46316       
# span 8 =     0.2292,    26.3148       
# span 9 =     1.5031,    10.6822       
# span 10 = 0.0000e+00, 0.0000e+00      
# interval = seconds: 0.25
# start_time = May 09 2022 12:16:58 [Instrument's time stamp, header]
# bad_flag = -9.990e-29
*END*
[from data line 263]
 129.513498      7.885    12.5400  31.843991    26.7812      7.814  275.69103  275.83165     7.2331     7.3624 -9.990e-29
 129.513501      7.910    12.5407  31.846645    26.7811      7.840  275.68343  275.82407     7.1864     7.3745 0.0000e+00
 129.513504      7.945    12.5422  31.847569    26.7809      7.874  275.67481  275.81555     7.0307     6.8812 0.0000e+00
 129.513507      7.974    12.5441  31.846991    26.7790      7.903  275.66761  275.80848     7.1864     6.8609 0.0000e+00
 129.513510      8.009    12.5451  31.844799    26.7774      7.937  275.66712  275.80807     6.8906     6.8852 0.0000e+00
 129.513513      8.051    12.5442  31.845376    26.7774      7.978  275.66992  275.81081     7.1864     6.8852 0.0000e+00
 129.513516      8.096    12.5436  31.845780    26.7779      8.024  275.67209  275.81293     7.2642     6.0684 0.0000e+00
 129.513519      8.145    12.5435  31.845376    26.7782      8.073  275.67316  275.81400     7.4665     6.0846 0.0000e+00
 129.513521      8.189    12.5432  31.847569    26.7798      8.116  275.67053  275.81133     7.2019     6.0846 0.0000e+00
 129.513524      8.235    12.5431  31.847165    26.7801      8.161  275.67160  275.81240     7.2953     6.1129 0.0000e+00
 129.513527      8.279    12.5436  31.850974    26.7807      8.205  275.66290  275.80369     7.9957     6.1533 0.0000e+00
 129.513530      8.315    12.5446  31.849358    26.7830      8.241  275.66106  275.80194     8.0268     6.1533 0.0000e+00
 129.513533      8.348    12.5453  31.853744    26.7825      8.273  275.65037  275.79124     8.1513     6.1250 0.0000e+00
 129.513536      8.379    12.5465  31.857784    26.7843      8.304  275.63744  275.77836     8.0580     6.1452 -9.990e-29
 129.513539      8.399    12.5486  31.856572    26.7846      8.324  275.63042  275.77149     7.0930     6.6749 -9.990e-29
 129.513542      8.416    12.5495  31.855360    26.7828      8.340  275.62879  275.76993     6.9529     6.7032 -9.990e-29
 129.513545      8.430    12.5495  31.852763    26.7804      8.355  275.63313  275.77430     7.1241     6.6709 -9.990e-29
 129.513547      8.447    12.5489  31.852359    26.7804      8.371  275.63672  275.77785     7.1397     6.6426 -9.990e-29
 129.513550      8.463    12.5480  31.851378    26.7801      8.387  275.64230  275.78338     7.0619     6.7032 -9.990e-29
 129.513553      8.478    12.5474  31.850166    26.7794      8.402  275.64734  275.78839     6.6261     6.8569 -9.990e-29
 129.513556      8.496    12.5469  31.849763    26.7794      8.420  275.65029  275.79132     6.3926     6.8690 -9.990e-29
 129.513559      8.516    12.5465  31.849763    26.7797      8.440  275.65221  275.79321     6.5482     6.8852 -9.990e-29
 129.513562      8.531    12.5463  31.849590    26.7797      8.454  275.65348  275.79447     6.6572     6.8488 -9.990e-29
 129.513565      8.545    12.5468  31.849070    26.7789      8.469  275.65220  275.79322     6.0035     6.7315 -9.990e-29
 129.513568      8.565    12.5470  31.851148    26.7806      8.488  275.64722  275.78824     6.0969     6.7679 -9.990e-29
 129.513571      8.592    12.5479  31.855938    26.7844      8.515  275.63485  275.77588     5.9257     6.7558 -9.990e-29
 129.513573      8.612    12.5500  31.863151    26.7941      8.535  275.61242  275.75352     5.9101     6.7356 -9.990e-29
 129.513576      8.645    12.5544  31.871347    26.7912      8.568  275.57841  275.71971     6.3615     6.6143 0.0000e+00
 129.513579      8.680    12.5590  31.868518    26.7882      8.602  275.56255  275.70419     6.3615     6.6224 0.0000e+00
 129.513582      8.720    12.5618  31.868345    26.7860      8.642  275.55051  275.69233     6.2992     6.6102 0.0000e+00
 129.513585      8.764    12.5623  31.867941    26.7860      8.685  275.54904  275.69090     6.2214     6.6224 0.0000e+00
 129.513588      8.813    12.5616  31.871751    26.7893      8.734  275.54543  275.68720     7.0930     6.3636 0.0000e+00
 129.513591      8.864    12.5618  31.886702    26.8021      8.785  275.51775  275.65939     6.9218     5.4861 0.0000e+00
 129.513594      8.915    12.5662  31.889069    26.8030      8.835  275.49388  275.63579     6.9529     5.5104 0.0000e+00
 129.513597      8.961    12.5709  31.898480    26.8075      8.880  275.45613  275.59826     7.1085     5.5144 0.0000e+00
 129.513600      9.004    12.5760  31.903099    26.8075      8.924  275.42506  275.56748     6.9373     5.5023 0.0000e+00
 129.513602      9.048    12.5808  31.898883    26.8044      8.967  275.41137  275.55414     6.1903     5.5104 0.0000e+00
 129.513605      9.079    12.5829  31.895072    26.8008      8.998  275.40869  275.55164     6.1903     5.5225 -9.990e-29
 129.513608      9.103    12.5823  31.895707    26.7967      9.021  275.41011  275.55301     6.3615     5.5144 -9.990e-29
 129.513611      9.127    12.5811  31.895303    26.7972      9.045  275.41624  275.55907     6.2214     5.5225 -9.990e-29
 129.513614      9.143    12.5801  31.889703    26.7927      9.061  275.43070  275.57352     6.4548     5.6640 -9.990e-29
 129.513617      9.149    12.5782  31.896632    26.8005      9.067  275.42688  275.56951     6.5482     5.6276 -9.990e-29
 129.513620      9.145    12.5791  31.902868    26.8056      9.063  275.41161  275.55423     6.6105     5.6479 -9.990e-29
 129.513623      9.145    12.5821  31.903272    26.8039      9.063  275.39788  275.54069     6.5171     5.6357 -9.990e-29
 129.513626      9.149    12.5849  31.907082    26.8054      9.067  275.37838  275.52134     7.4976     6.6062 -9.990e-29
 129.513628      9.158    12.5876  31.909277    26.8056      9.076  275.36241  275.50553     7.6222     6.6224 -9.990e-29
 129.513631      9.174    12.5899  31.910085    26.8046      9.092  275.35051  275.49377     7.4665     6.6183 -9.990e-29
 129.513634      9.198    12.5912  31.911875    26.8076      9.115  275.34161  275.48495     7.4198     6.6062 -9.990e-29
 129.513637      9.229    12.5923  31.915051    26.8081      9.146  275.33120  275.47457     7.3887     6.6143 0.0000e+00
 129.513640      9.265    12.5936  31.917246    26.8082      9.182  275.32128  275.46472     6.2836     5.9633 0.0000e+00
 129.513643      9.309    12.5953  31.918054    26.8086      9.226  275.31257  275.45610     6.2525     5.9875 0.0000e+00
 129.513646      9.353    12.5970  31.920480    26.8092      9.269  275.30065  275.44427     6.2836     5.9552 0.0000e+00
 129.513649      9.402    12.5985  31.923079    26.8105      9.318  275.28906  275.43276     6.3615     5.9269 0.0000e+00
 129.513652      9.444    12.6001  31.925447    26.8116      9.359  275.27788  275.42166     5.6922     5.2920 0.0000e+00
 129.513655      9.490    12.6020  31.926891    26.8116      9.405  275.26709  275.41098     5.6299     5.3365 0.0000e+00
 129.513657      9.524    12.6035  31.926487    26.8104      9.439  275.26117  275.40516     5.7545     5.3203 0.0000e+00
 129.513660      9.562    12.6040  31.927238    26.8104      9.477  275.25732  275.40134     5.7545     5.3203 0.0000e+00
 129.513663      9.601    12.6040  31.928566    26.8116      9.515  275.25497  275.39898     5.6922     5.7045 0.0000e+00
 129.513666      9.637    12.6042  31.930241    26.8130      9.551  275.25105  275.39506     5.8012     5.6802 0.0000e+00
 129.513669      9.674    12.6044  31.930877    26.8135      9.587  275.24931  275.39332     5.8167     5.7045 0.0000e+00
 129.513672      9.707    12.6047  31.932090    26.8144      9.620  275.24557  275.38960     5.7856     5.7328 0.0000e+00
 129.513675      9.738    12.6051  31.932494    26.8144      9.651  275.24329  275.38733     7.0619     5.4335 0.0000e+00
 129.513678      9.767    12.6054  31.932668    26.8145      9.680  275.24173  275.38579     6.9062     5.4295 0.0000e+00
 129.513681      9.793    12.6058  31.933476    26.8144      9.705  275.23840  275.38248     7.2175     5.4780 -9.990e-29
 129.513683      9.807    12.6062  31.932841    26.8140      9.719  275.23764  275.38175     7.1085     5.4538 -9.990e-29
 129.513686      9.822    12.6066  31.934054    26.8148      9.734  275.23390  275.37802     6.9529     5.4861 -9.990e-29
 129.513689      9.836    12.6071  31.933881    26.8143      9.748  275.23200  275.37616     5.6611     6.1129 -9.990e-29
 129.513692      9.844    12.6074  31.934689    26.8149      9.756  275.22929  275.37346     5.7078     6.1007 -9.990e-29
 129.513695      9.855    12.6076  31.935267    26.8152      9.766  275.22700  275.37118     5.5366     6.1290 -9.990e-29
 129.513698      9.858    12.6081  31.934458    26.8141      9.770  275.22654  275.37076     5.5521     6.0846 -9.990e-29
 129.513701      9.871    12.6081  31.936480    26.8160      9.783  275.22262  275.36683     6.1280     6.2948 -9.990e-29
 129.513704      9.884    12.6089  31.935845    26.8148      9.795  275.22028  275.36454     6.1280     6.2908 -9.990e-29
 129.513707      9.906    12.6097  31.937924    26.8163      9.817  275.21309  275.35738     5.9724     6.3110 -9.990e-29
 129.513709      9.937    12.6102  31.938444    26.8164      9.848  275.20996  275.35428     6.1280     6.2827 0.0000e+00
 129.513712      9.975    12.6110  31.939253    26.8163      9.886  275.20506  275.34942     6.8595     5.9794 0.0000e+00
 129.513715     10.019    12.6118  31.939658    26.8165      9.929  275.20087  275.34529     6.8751     5.9835 0.0000e+00
 129.513718     10.064    12.6124  31.940640    26.8167      9.974  275.19630  275.34074     6.8751     5.9511 0.0000e+00
 129.513721     10.117    12.6127  31.941449    26.8167     10.026  275.19362  275.33807     6.8751     5.9430 0.0000e+00
 129.513724     10.164    12.6130  31.940640    26.8166     10.073  275.19383  275.33831     7.0307     5.2152 0.0000e+00
 129.513727     10.217    12.6128  31.940871    26.8163     10.126  275.19408  275.33855     7.1864     5.2394 0.0000e+00
 129.513730     10.263    12.6127  31.939889    26.8162     10.171  275.19650  275.34097     7.0930     5.2273 0.0000e+00
 129.513733     10.301    12.6123  31.940063    26.8160     10.209  275.19812  275.34256     6.9062     5.2394 0.0000e+00
 129.513736     10.340    12.6121  31.940872    26.8162     10.247  275.19765  275.34207     7.0307     5.2718 -9.990e-29
 129.513738     10.363    12.6118  31.940294    26.8165     10.271  275.19965  275.34406     6.2369     5.3608 -9.990e-29
 129.513741     10.389    12.6116  31.939890    26.8165     10.296  275.20165  275.34605     6.2525     5.3729 0.0000e+00
 129.513744     10.415    12.6110  31.939659    26.8165     10.321  275.20462  275.34898     6.2836     5.3648 -9.990e-29
 129.513747     10.436    12.6104  31.939486    26.8169     10.343  275.20748  275.35181     6.3459     5.3648 -9.990e-29
 129.513750     10.458    12.6097  31.938504    26.8165     10.365  275.21242  275.35671     5.2097     5.8986 -9.990e-29
 129.513753     10.480    12.6096  31.939659    26.8177     10.386  275.21100  275.35527     5.1475     5.8986 -9.990e-29
 129.513756     10.498    12.6096  31.940064    26.8181     10.404  275.21029  275.35456     5.2720     5.8986 -9.990e-29
 129.513759     10.517    12.6096  31.940064    26.8181     10.422  275.21030  275.35457     5.2720     5.8905 -9.990e-29
 129.513762     10.531    12.6098  31.940295    26.8181     10.437  275.20895  275.35323     5.9257     6.1493 -9.990e-29
 129.513764     10.546    12.6099  31.939890    26.8176     10.451  275.20905  275.35334     5.8167     6.1654 -9.990e-29
 129.513767     10.555    12.6101  31.940295    26.8179     10.461  275.20770  275.35199     5.7700     6.1695 -9.990e-29
 129.513770     10.566    12.6102  31.941277    26.8187     10.471  275.20532  275.34961     5.8634     6.1654 -9.990e-29
 129.513773     10.573    12.6110  31.942894    26.8197     10.478  275.19895  275.34328     6.6727     6.7720 -9.990e-29
 129.513776     10.584    12.6118  31.943877    26.8200     10.489  275.19371  275.33809     6.7350     6.7882 -9.990e-29
 129.513779     10.601    12.6131  31.943645    26.8184     10.506  275.18811  275.33258     6.9529     6.7882 -9.990e-29
 129.513782     10.632    12.6136  31.943472    26.8176     10.536  275.18654  275.33103     6.9529     6.8124 0.0000e+00
 129.513785     10.668    12.6136  31.941681    26.8183     10.573  275.18976  275.33427     6.7194     6.8043 0.0000e+00
 129.513788     10.712    12.6134  31.943299    26.8183     10.616  275.18753  275.33202     6.4860     6.0239 0.0000e+00
 129.513791     10.767    12.6132  31.943646    26.8183     10.670  275.18790  275.33237     6.5482     6.0360 0.0000e+00
 129.513793     10.825    12.6133  31.943299    26.8187     10.728  275.18824  275.33272     6.5638     6.0158 0.0000e+00
 129.513796     10.885    12.6130  31.943473    26.8183     10.788  275.18924  275.33370     6.5482     6.0239 0.0000e+00
 129.513799     10.940    12.6127  31.942895    26.8187     10.842  275.19157  275.33602     6.6105     5.3688 0.0000e+00
 129.513802     10.996    12.6120  31.942896    26.8188     10.898  275.19478  275.33918     6.4548     5.3971 0.0000e+00
 129.513805     11.048    12.6113  31.943069    26.8192     10.949  275.19768  275.34203     6.4393     5.3527 0.0000e+00
 129.513808     11.088    12.6108  31.941047    26.8195     10.989  275.20353  275.34787     6.4393     5.4012 -9.990e-29
 129.513811     11.111    12.6104  31.942492    26.8195     11.012  275.20255  275.34685     6.0502     5.5063 -9.990e-29
 129.513814     11.132    12.6099  31.941048    26.8185     11.032  275.20736  275.35165     6.1747     5.4699 -9.990e-29
 129.513817     11.137    12.6099  31.942088    26.8195     11.037  275.20583  275.35010     5.8634     5.4942 -9.990e-29
 129.513819     11.141    12.6102  31.941856    26.8191     11.041  275.20466  275.34895     6.0502     5.5144 -9.990e-29
 129.513822     11.143    12.6106  31.943647    26.8204     11.043  275.19956  275.34386     6.0191     5.8258 -9.990e-29
 129.513825     11.150    12.6108  31.944456    26.8210     11.050  275.19717  275.34148     5.9412     5.8056 -9.990e-29
 129.513828     11.155    12.6113  31.944456    26.8207     11.055  275.19495  275.33930     6.0969     5.8015 -9.990e-29
 129.513831     11.170    12.6118  31.943474    26.8194     11.070  275.19450  275.33888     5.9879     5.8258 -9.990e-29
 129.513834     11.188    12.6117  31.944687    26.8206     11.088  275.19298  275.33734     5.9724     5.8500 -9.990e-29
 129.513837     11.210    12.6116  31.943301    26.8189     11.110  275.19610  275.34047     7.1864     6.2423 -9.990e-29
 129.513840     11.241    12.6112  31.942492    26.8201     11.140  275.19915  275.34350     7.4043     6.2787 0.0000e+00
 129.513843     11.278    12.6105  31.944457    26.8212     11.177  275.19884  275.34312     7.2798     6.2827 0.0000e+00
 129.513845     11.309    12.6108  31.947056    26.8222     11.207  275.19295  275.33723     7.3887     6.2665 0.0000e+00
 129.513848     11.341    12.6120  31.946652    26.8222     11.240  275.18830  275.33266     5.5210     5.9996 0.0000e+00
 129.513851     11.372    12.6129  31.945901    26.8208     11.271  275.18554  275.32997     5.5988     6.0603 0.0000e+00
 129.513854     11.405    12.6136  31.944457    26.8200     11.303  275.18529  275.32977     5.6611     6.0320 0.0000e+00
 129.513857     11.436    12.6135  31.945497    26.8200     11.334  275.18377  275.32824     5.5988     6.0603 0.0000e+00
 129.513860     11.475    12.6130  31.945670    26.8201     11.372  275.18570  275.33014     5.2875     5.9066 0.0000e+00
 129.513863     11.515    12.6124  31.944861    26.8205     11.411  275.18971  275.33412     5.3654     5.8864 0.0000e+00
 129.513866     11.553    12.6121  31.945093    26.8201     11.449  275.19059  275.33498     5.2564     5.9026 0.0000e+00
 129.513869     11.596    12.6116  31.944053    26.8205     11.493  275.19469  275.33906     5.2564     5.8945 0.0000e+00
 129.513872     11.642    12.6108  31.944053    26.8205     11.538  275.19821  275.34253     7.2486     5.2516 0.0000e+00
