Processed/SBE19plus_01907321_2022_05_09_Cast102_wfilter.cnv
* Sea-Bird SBE19plus  Data File:
* FileName = E:\Prandtl_Daten\2022\CTD\Raw\SBE19plus_01907321_2022_05_09_102.hex
* Software version 2.6.1.12
* Temperature SN = 7321
* Conductivity SN = 7321
* System UpLoad Time = May 09 2022 13:10:44
* <ApplicationData>
* <Seaterm232>
** Messpraktikum 2022
** CTD 09.05 SW1
** NMEA Latitude = 54 07 576N
** NMEA Longitude = 008 42 336E
# nquan = 11
# nvalues = 383                         
# units = specified
# name 0 = timeJ: Julian Days
# name 1 = prdM: Pressure, Strain Gauge [db]
# name 2 = tv290C: Temperature [ITS-90, deg C]
# name 3 = c0mS/cm: Conductivity [mS/cm]
# name 4 = sal00: Salinity, Practical [PSU]
# name 5 = depSM: Depth [salt water, m], lat = 54.00
# name 6 = oxsatMm/Kg: Oxygen Saturation, Weiss [umol/kg]
# name 7 = oxsolMm/Kg: Oxygen Saturation, Garcia & Gordon [umol/kg]
# name 8 = turbWETntu0: Turbidity, WET Labs ECO [NTU]
# name 9 = flECO-AFL: Fluorescence, WET Labs ECO-AFL/FL [mg/m^3]
# name 10 = flag:  0.000e+00
# span 0 = 129.544922, 129.546027       
# span 1 =      0.557,      9.254       
# span 2 =    13.1081,    14.1448       
# span 3 =  32.548536,  33.359208       
# span 4 =    26.9395,    27.0415       
# span 5 =      0.552,      9.172       
# span 6 =  266.14294,  271.93938       
# span 7 =  266.36971,  272.11005       
# span 8 =     1.5210,    39.3264       
# span 9 =     1.7134,    10.1727       
# span 10 = 0.0000e+00, 0.0000e+00      
# interval = seconds: 0.25
# start_time = May 09 2022 13:03:27 [Instrument's time stamp, header]
# bad_flag = -9.990e-29
*END*
[from data line 132]
 129.545304      3.564    13.1969  32.614415    27.0253      3.532  271.43633  271.61199     8.5249     4.3094 -9.990e-29
 129.545307      3.586    13.1942  32.608417    27.0239      3.554  271.45838  271.63393     8.4471     4.3215 -9.990e-29
 129.545310      3.611    13.1899  32.607427    27.0246      3.579  271.47899  271.65428     8.6183     4.2811 0.0000e+00
 129.545312      3.642    13.1867  32.606554    27.0253      3.610  271.49437  271.66947     8.7272     4.3337 0.0000e+00
 129.545315      3.673    13.1847  32.606205    27.0253      3.641  271.50381  271.67878     9.0696     4.4995 0.0000e+00
 129.545318      3.704    13.1831  32.602886    27.0245      3.671  271.51651  271.69141     8.8984     4.4712 0.0000e+00
 129.545321      3.739    13.1802  32.596364    27.0218      3.706  271.54011  271.71489     9.1475     4.4307 0.0000e+00
 129.545324      3.770    13.1758  32.594269    27.0211      3.736  271.56328  271.73779     9.0074     4.4631 0.0000e+00
 129.545327      3.799    13.1708  32.589436    27.0218      3.765  271.59308  271.76733     8.8829     4.6450 -9.990e-29
 129.545330      3.821    13.1660  32.587516    27.0225      3.787  271.61752  271.79148     9.1630     4.6652 -9.990e-29
 129.545333      3.839    13.1618  32.585304    27.0235      3.805  271.63963  271.81334     9.0074     4.6369 -9.990e-29
 129.545336      3.850    13.1582  32.584023    27.0248      3.816  271.65728  271.83078     9.0696     4.6167 -9.990e-29
 129.545339      3.865    13.1552  32.582044    27.0251      3.830  271.67394  271.84727     8.9140     4.6410 -9.990e-29
 129.545341      3.880    13.1521  32.581404    27.0268      3.845  271.68860  271.86174     8.0891     4.2245 -9.990e-29
 129.545344      3.903    13.1503  32.580997    27.0310      3.868  271.69688  271.86991     7.9646     4.2609 -9.990e-29
 129.545347      3.929    13.1495  32.584024    27.0305      3.894  271.69542  271.86837     8.0735     4.1962 0.0000e+00
 129.545350      3.956    13.1500  32.583442    27.0301      3.921  271.69424  271.86723     8.1513     4.1638 0.0000e+00
 129.545353      3.985    13.1505  32.582452    27.0288      3.950  271.69377  271.86680     7.6844     4.1881 0.0000e+00
 129.545356      4.016    13.1505  32.582394    27.0288      3.980  271.69389  271.86692     7.8712     4.1881 0.0000e+00
 129.545359      4.047    13.1505  32.584257    27.0305      4.011  271.69068  271.86369     7.6533     4.1800 0.0000e+00
 129.545362      4.076    13.1512  32.585073    27.0306      4.040  271.68614  271.85919     7.7000     4.2204 0.0000e+00
 129.545365      4.102    13.1525  32.583792    27.0307      4.065  271.68271  271.85585     7.9646     4.0910 -9.990e-29
 129.545367      4.124    13.1531  32.583442    27.0278      4.087  271.68081  271.85400     8.0424     4.0668 -9.990e-29
 129.545370      4.146    13.1530  32.578319    27.0232      4.109  271.69003  271.86326     8.1202     4.0587 -9.990e-29
 129.545373      4.162    13.1508  32.576689    27.0233      4.125  271.70263  271.87573     8.0891     4.0789 -9.990e-29
 129.545376      4.182    13.1472  32.573430    27.0228      4.145  271.72373  271.89663     8.8206     4.2973 -9.990e-29
 129.545379      4.199    13.1435  32.572382    27.0245      4.161  271.74193  271.91461     8.9918     4.3013 -9.990e-29
 129.545382      4.222    13.1404  32.569123    27.0237      4.185  271.76083  271.93334     8.6650     4.2730 -9.990e-29
 129.545385      4.251    13.1385  32.571335    27.0271      4.213  271.76550  271.93787     8.8984     4.3094 -9.990e-29
 129.545388      4.275    13.1372  32.570346    27.0255      4.237  271.77290  271.94520     8.7584     4.2488 -9.990e-29
 129.545391      4.301    13.1361  32.567901    27.0255      4.262  271.78157  271.95383     9.1163     4.6410 0.0000e+00
 129.545394      4.328    13.1345  32.568309    27.0255      4.290  271.78812  271.96027     9.3654     4.6450 -9.990e-29
 129.545396      4.350    13.1338  32.568891    27.0281      4.311  271.79027  271.96237     9.4276     4.6329 -9.990e-29
 129.545399      4.372    13.1336  32.569706    27.0290      4.333  271.78950  271.96158     9.3498     4.6046 -9.990e-29
 129.545402      4.387    13.1338  32.569939    27.0290      4.347  271.78816  271.96025     9.8167     4.6814 -9.990e-29
 129.545405      4.401    13.1343  32.569124    27.0280      4.362  271.78770  271.95983     9.8167     4.7057 -9.990e-29
 129.545408      4.419    13.1340  32.568484    27.0276      4.380  271.79008  271.96220     9.8634     4.7219 -9.990e-29
 129.545411      4.427    13.1337  32.567902    27.0272      4.387  271.79236  271.96446     9.8790     4.7582 -9.990e-29
 129.545414      4.436    13.1327  32.566039    27.0263      4.396  271.80001  271.97206     9.4432     4.5237 -9.990e-29
 129.545417      4.456    13.1312  32.565225    27.0266      4.416  271.80805  271.98001     9.4276     4.4752 -9.990e-29
 129.545420      4.472    13.1296  32.565865    27.0283      4.432  271.81387  271.98573     9.5833     4.5520 -9.990e-29
 129.545422      4.496    13.1293  32.567495    27.0299      4.456  271.81200  271.98383     9.7233     4.5197 -9.990e-29
 129.545425      4.520    13.1304  32.568019    27.0286      4.479  271.80669  271.97858    10.4860     4.7461 -9.990e-29
 129.545428      4.545    13.1312  32.567495    27.0273      4.505  271.80416  271.97610    10.4393     4.6936 0.0000e+00
 129.545431      4.576    13.1312  32.564817    27.0273      4.535  271.80852  271.98049    10.5327     4.7259 0.0000e+00
 129.545434      4.606    13.1304  32.565458    27.0267      4.564  271.81120  271.98311    10.6416     4.6895 0.0000e+00
 129.545437      4.636    13.1297  32.564294    27.0273      4.595  271.81607  271.98796    10.5949     4.7016 0.0000e+00
 129.545440      4.666    13.1291  32.565866    27.0286      4.624  271.81620  271.98802    10.4082     4.8027 0.0000e+00
 129.545443      4.695    13.1288  32.566040    27.0288      4.653  271.81717  271.98898    10.3615     4.8715 0.0000e+00
 129.545446      4.726    13.1288  32.563596    27.0289      4.683  271.82144  271.99327    10.4237     4.8957 -9.990e-29
 129.545448      4.742    13.1278  32.562374    27.0263      4.700  271.82798  271.99976    10.6261     4.8513 -9.990e-29
 129.545451      4.760    13.1264  32.562956    27.0277      4.718  271.83265  272.00434    10.0191     4.7016 -9.990e-29
 129.545454      4.775    13.1256  32.561559    27.0271      4.732  271.83886  272.01051     9.8945     4.6895 -9.990e-29
 129.545457      4.797    13.1246  32.561734    27.0279      4.754  271.84266  272.01425    10.2214     4.7057 -9.990e-29
 129.545460      4.810    13.1241  32.561327    27.0279      4.767  271.84558  272.01714    10.1591     4.6369 -9.990e-29
 129.545463      4.830    13.1248  32.563538    27.0294      4.787  271.83892  272.01050     8.3848     4.4388 -9.990e-29
 129.545466      4.853    13.1257  32.563364    27.0286      4.810  271.83515  272.00679     8.6805     4.4267 -9.990e-29
 129.545469      4.875    13.1261  32.563771    27.0292      4.832  271.83288  272.00454     8.4938     4.4226 -9.990e-29
 129.545472      4.901    13.1264  32.564586    27.0291      4.857  271.83022  272.00189     8.5405     4.4145 0.0000e+00
 129.545475      4.928    13.1268  32.564703    27.0292      4.884  271.82814  271.99984     7.2953     4.0708 0.0000e+00
 129.545477      4.954    13.1275  32.566041    27.0291      4.910  271.82300  271.99473     7.1552     4.0991 0.0000e+00
 129.545480      4.985    13.1281  32.565867    27.0295      4.940  271.82049  271.99226     7.2642     4.1113 0.0000e+00
 129.545483      5.012    13.1287  32.565227    27.0291      4.967  271.81910  271.99091     7.2953     4.1153 -9.990e-29
 129.545486      5.036    13.1289  32.565459    27.0282      4.991  271.81777  271.98959     7.3887     4.1274 -9.990e-29
 129.545489      5.056    13.1291  32.565692    27.0283      5.011  271.81675  271.98858     7.7622     4.2245 -9.990e-29
 129.545492      5.071    13.1296  32.565634    27.0279      5.025  271.81465  271.98652     7.8245     4.1517 -9.990e-29
 129.545495      5.085    13.1296  32.564412    27.0267      5.040  271.81679  271.98866     7.9179     4.1355 -9.990e-29
 129.545498      5.102    13.1285  32.564179    27.0272      5.056  271.82161  271.99342     8.0113     4.1436 -9.990e-29
 129.545501      5.120    13.1280  32.565111    27.0285      5.074  271.82221  271.99398     8.7584     4.4833 -9.990e-29
 129.545503      5.144    13.1280  32.565634    27.0290      5.098  271.82162  271.99339     8.7895     4.4469 -9.990e-29
 129.545506      5.164    13.1286  32.566275    27.0278      5.117  271.81769  271.98949     8.9451     4.4590 -9.990e-29
 129.545509      5.191    13.1294  32.565460    27.0272      5.144  271.81566  271.98752     8.8362     4.4388 0.0000e+00
 129.545512      5.216    13.1299  32.564470    27.0271      5.170  271.81551  271.98740     7.8245     4.2285 0.0000e+00
 129.545515      5.247    13.1299  32.565053    27.0270      5.200  271.81452  271.98640     7.7000     4.1921 0.0000e+00
 129.545518      5.277    13.1293  32.564587    27.0271      5.229  271.81755  271.98941     7.7622     4.1881 0.0000e+00
 129.545521      5.306    13.1288  32.565053    27.0270      5.258  271.81928  271.99110     7.6066     4.1881 -9.990e-29
 129.545524      5.329    13.1285  32.565286    27.0282      5.282  271.81983  271.99163     8.6961     4.7178 -9.990e-29
 129.545527      5.348    13.1286  32.563772    27.0267      5.300  271.82216  271.99398     8.4471     4.7016 -9.990e-29
 129.545530      5.366    13.1285  32.564820    27.0277      5.318  271.82066  271.99247     8.4004     4.7421 -9.990e-29
 129.545532      5.382    13.1283  32.564180    27.0273      5.334  271.82273  271.99453     8.5871     4.7623 -9.990e-29
 129.545535      5.399    13.1279  32.562958    27.0265      5.350  271.82675  271.99854     8.4782     4.7785 -9.990e-29
 129.545538      5.417    13.1272  32.564704    27.0285      5.368  271.82656  271.99829    11.0463     4.7987 -9.990e-29
 129.545541      5.442    13.1273  32.564180    27.0280      5.394  271.82718  271.99891    10.9218     4.7502 -9.990e-29
 129.545544      5.464    13.1280  32.564006    27.0274      5.415  271.82466  271.99644    11.1241     4.7663 -9.990e-29
 129.545547      5.495    13.1279  32.562551    27.0261      5.446  271.82752  271.99931    10.8906     4.8068 -9.990e-29
 129.545550      5.519    13.1270  32.562551    27.0269      5.469  271.83132  272.00305    11.6533     4.9928 -9.990e-29
 129.545553      5.546    13.1262  32.562143    27.0269      5.496  271.83582  272.00750    11.5288     4.9604 0.0000e+00
 129.545556      5.575    13.1255  32.562376    27.0269      5.525  271.83827  272.00991    11.4821     4.9119 -9.990e-29
 129.545558      5.599    13.1250  32.562551    27.0281      5.549  271.84018  272.01179    11.5288     4.9160 -9.990e-29
 129.545561      5.615    13.1251  32.561795    27.0273      5.565  271.84088  272.01250     9.3498     4.5682 -9.990e-29
 129.545564      5.634    13.1248  32.561969    27.0277      5.583  271.84216  272.01376     9.5521     4.5278 -9.990e-29
 129.545567      5.643    13.1248  32.562551    27.0282      5.592  271.84115  272.01275     9.5521     4.5601 -9.990e-29
 129.545570      5.659    13.1249  32.561562    27.0272      5.609  271.84225  272.01386     9.6299     4.5561 -9.990e-29
 129.545573      5.672    13.1246  32.560747    27.0267      5.621  271.84525  272.01685    11.4043     4.8634 -9.990e-29
 129.545576      5.696    13.1241  32.562377    27.0270      5.645  271.84464  272.01619    11.4510     4.8310 -9.990e-29
 129.545579      5.723    13.1241  32.560747    27.0266      5.672  271.84717  272.01874    11.3264     4.8351 0.0000e+00
 129.545582      5.754    13.1239  32.559700    27.0270      5.703  271.84996  272.02152    11.3109     4.8553 0.0000e+00
 129.545584      5.789    13.1230  32.560107    27.0272      5.737  271.85337  272.02487    11.3887     4.8957 0.0000e+00
 129.545587      5.823    13.1227  32.560399    27.0272      5.771  271.85414  272.02562    11.4665     5.2435 0.0000e+00
 129.545590      5.853    13.1226  32.559293    27.0272      5.800  271.85640  272.02788    11.3264     5.2030 0.0000e+00
 129.545593      5.882    13.1220  32.558478    27.0267      5.829  271.86067  272.03212    11.0930     5.1950 -9.990e-29
 129.545596      5.905    13.1215  32.559118    27.0274      5.853  271.86177  272.03318    11.2175     5.1545 -9.990e-29
 129.545599      5.927    13.1211  32.559642    27.0281      5.874  271.86245  272.03383    11.9179     5.2880 -9.990e-29
 129.545602      5.944    13.1212  32.558711    27.0272      5.891  271.86376  272.03516    11.6844     5.2758 -9.990e-29
 129.545605      5.956    13.1205  32.558304    27.0273      5.903  271.86731  272.03867    11.6689     5.2030 -9.990e-29
 129.545608      5.969    13.1199  32.555394    27.0250      5.916  271.87490  272.04625    12.0580     5.2556 -9.990e-29
 129.545611      5.986    13.1197  32.557082    27.0268      5.932  271.87323  272.04455    12.7895     4.8270 -9.990e-29
 129.545613      6.011    13.1194  32.557431    27.0272      5.957  271.87359  272.04489    12.6650     4.7825 -9.990e-29
 129.545616      6.033    13.1193  32.557839    27.0277      5.979  271.87352  272.04481    12.7584     4.8270 -9.990e-29
 129.545619      6.062    13.1192  32.559527    27.0293      6.008  271.87092  272.04219    12.7272     4.8472 -9.990e-29
 129.545622      6.086    13.1199  32.558712    27.0280      6.031  271.86921  272.04053    11.9179     4.9362 -9.990e-29
 129.545625      6.108    13.1202  32.559061    27.0281      6.053  271.86735  272.03869    11.9334     5.0534 -9.990e-29
 129.545628      6.131    13.1205  32.558886    27.0277      6.076  271.86641  272.03777    11.8712     5.0090 -9.990e-29
 129.545631      6.153    13.1205  32.558072    27.0270      6.098  271.86784  272.03921    11.8556     5.0373 -9.990e-29
 129.545634      6.177    13.1200  32.556850    27.0262      6.122  271.87219  272.04353    11.7467     5.0009 -9.990e-29
 129.545637      6.197    13.1194  32.557664    27.0274      6.142  271.87330  272.04460    11.7311     5.0777 -9.990e-29
 129.545639      6.215    13.1191  32.559120    27.0290      6.160  271.87236  272.04362    11.8556     5.0979 -9.990e-29
 129.545642      6.235    13.1197  32.558479    27.0280      6.179  271.87096  272.04227    11.8401     5.1545 -9.990e-29
 129.545645      6.259    13.1201  32.557839    27.0270      6.203  271.87020  272.04154    11.8868     5.1343 -9.990e-29
 129.545648      6.283    13.1197  32.557316    27.0276      6.226  271.87302  272.04433    14.7661     6.0603 -9.990e-29
 129.545651      6.310    13.1191  32.557665    27.0281      6.253  271.87495  272.04622    14.9373     6.0441 0.0000e+00
 129.545654      6.339    13.1186  32.558305    27.0276      6.282  271.87574  272.04698    14.7661     6.0603 0.0000e+00
 129.545657      6.368    13.1191  32.557432    27.0280      6.311  271.87539  272.04667    14.9996     6.0158 0.0000e+00
 129.545660      6.397    13.1193  32.556443    27.0274      6.340  271.87618  272.04748    15.9801     5.8905 -9.990e-29
 129.545663      6.421    13.1188  32.555337    27.0256      6.364  271.88032  272.05160    15.9179     5.8864 -9.990e-29
 129.545666      6.445    13.1178  32.555396    27.0264      6.387  271.88465  272.05586    15.7934     5.8783 -9.990e-29
 129.545668      6.472    13.1170  32.555629    27.0271      6.414  271.88741  272.05857    15.6377     5.8581 -9.990e-29
 129.545671      6.494    13.1165  32.554988    27.0269      6.436  271.89105  272.06219    17.4276     6.2787 -9.990e-29
 129.545674      6.514    13.1161  32.554348    27.0266      6.456  271.89375  272.06487    17.4899     6.3272 -9.990e-29
 129.545677      6.534    13.1160  32.554581    27.0269      6.476  271.89399  272.06510    17.6299     6.3151 -9.990e-29
