Processed/SBE19plus_01907321_2022_05_05_Cast35_wfilter.cnv
* Sea-Bird SBE19plus  Data File:
* FileName = E:\Prandtl Daten\2022\CTD\Raw\SBE19plus_01907321_2022_05_05_Cast35.hex
* Software version 2.6.1.12
* Temperature SN = 7321
* Conductivity SN = 7321
* System UpLoad Time = May 05 2022 12:41:53
* <ApplicationData>
* <Seaterm232>
** Messpraktikum 2022
** CTD 05.05 NP1
# nquan = 11
# nvalues = 337                         
# units = specified
# name 0 = timeJ: Julian Days
# name 1 = prdM: Pressure, Strain Gauge [db]
# name 2 = tv290C: Temperature [ITS-90, deg C]
# name 3 = c0mS/cm: Conductivity [mS/cm]
# name 4 = sal00: Salinity, Practical [PSU]
# name 5 = depSM: Depth [salt water, m], lat = 54.00
# name 6 = oxsatMm/Kg: Oxygen Saturation, Weiss [umol/kg]
# name 7 = oxsolMm/Kg: Oxygen Saturation, Garcia & Gordon [umol/kg]
# name 8 = turbWETntu0: Turbidity, WET Labs ECO [NTU]
# name 9 = flECO-AFL: Fluorescence, WET Labs ECO-AFL/FL [mg/m^3]
# name 10 = flag:  0.000e+00
# span 0 = 125.525726, 125.526698       
# span 1 =      0.588,      8.763       
# span 2 =    12.0505,    12.1136       
# span 3 =  32.538724,  32.560637       
# span 4 =    27.7450,    27.8048       
# span 5 =      0.583,      8.684       
# span 6 =  276.30876,  276.58465       
# span 7 =  276.41310,  276.68452       
# span 8 =     7.1708,    40.2914       
# span 9 =     3.3551,     9.3276       
# span 10 = 0.0000e+00, 0.0000e+00      
# interval = seconds: 0.25
# start_time = May 05 2022 12:35:23 [Instrument's time stamp, header]
# bad_flag = -9.990e-29
*END*
[from data line 263]
 125.526487      7.017    12.0562  32.558362    27.7999      6.954  276.55666  276.65692    29.2564     7.9002 -9.990e-29
 125.526490      7.048    12.0560  32.557547    27.8004      6.985  276.55911  276.65937    30.6261     8.1387 0.0000e+00
 125.526493      7.073    12.0560  32.558595    27.7999      7.010  276.55721  276.65745    30.5327     8.1590 0.0000e+00
 125.526496      7.099    12.0556  32.557372    27.8008      7.035  276.56102  276.66126    30.5171     8.1590 0.0000e+00
 125.526499      7.126    12.0555  32.558944    27.8010      7.062  276.55878  276.65899    30.4548     8.1751 0.0000e+00
 125.526502      7.155    12.0555  32.558420    27.8013      7.091  276.55976  276.65998    30.5015     8.1630 0.0000e+00
 125.526505      7.183    12.0553  32.557373    27.8010      7.119  276.56264  276.66285    29.8012     8.2358 -9.990e-29
 125.526508      7.204    12.0551  32.558420    27.8013      7.140  276.56135  276.66154    29.7233     8.2196 -9.990e-29
 125.526510      7.230    12.0549  32.558421    27.8015      7.165  276.56262  276.66279    29.7856     8.2277 -9.990e-29
 125.526513      7.252    12.0549  32.558595    27.8015      7.187  276.56200  276.66217    29.7545     8.2115 -9.990e-29
 125.526516      7.281    12.0547  32.558421    27.8015      7.216  276.56328  276.66343    34.0346     8.8949 0.0000e+00
 125.526519      7.310    12.0546  32.558188    27.8015      7.245  276.56434  276.66450    33.9568     8.8949 0.0000e+00
 125.526522      7.336    12.0542  32.558188    27.8017      7.270  276.56623  276.66635    33.9879     8.8666 0.0000e+00
 125.526525      7.372    12.0539  32.559352    27.8029      7.306  276.56537  276.66546    34.0969     8.8423 0.0000e+00
 125.526528      7.401    12.0535  32.559003    27.8030      7.335  276.56758  276.66765    35.5910     8.9919 0.0000e+00
 125.526531      7.427    12.0532  32.559236    27.8029      7.361  276.56842  276.66847    35.3576     8.9717 -9.990e-29
 125.526534      7.451    12.0532  32.557374    27.8016      7.384  276.57216  276.67222    35.4510     8.9555 -9.990e-29
 125.526536      7.476    12.0528  32.558771    27.8033      7.409  276.57149  276.67151    35.4665     8.9919 -9.990e-29
 125.526539      7.498    12.0525  32.556967    27.8018      7.431  276.57606  276.67607    37.1786     9.0162 -9.990e-29
 125.526542      7.511    12.0524  32.558596    27.8033      7.444  276.57339  276.67338    37.0852     8.9555 -9.990e-29
 125.526545      7.525    12.0521  32.558422    27.8034      7.458  276.57528  276.67525    37.3031     8.9798 -9.990e-29
 125.526548      7.540    12.0518  32.557374    27.8026      7.472  276.57814  276.67811    37.2253     8.9798 -9.990e-29
 125.526551      7.560    12.0516  32.558364    27.8037      7.492  276.57759  276.67752    37.1630     8.9717 -9.990e-29
 125.526554      7.582    12.0513  32.558189    27.8037      7.514  276.57917  276.67909    38.8595     9.2871 -9.990e-29
 125.526557      7.609    12.0511  32.557957    27.8029      7.541  276.58055  276.68045    39.1241     9.3276 0.0000e+00
 125.526560      7.640    12.0509  32.556327    27.8037      7.572  276.58418  276.68409    38.9218     9.3033 0.0000e+00
 125.526563      7.675    12.0507  32.558364    27.8044      7.606  276.58171  276.68159    38.9529     9.2790 0.0000e+00
 125.526565      7.712    12.0507  32.558597    27.8046      7.643  276.58131  276.68118    36.0424     8.8181 0.0000e+00
 125.526568      7.741    12.0507  32.559005    27.8046      7.672  276.58058  276.68045    36.0113     8.8019 0.0000e+00
 125.526571      7.777    12.0505  32.557142    27.8046      7.708  276.58465  276.68452    36.0113     8.8342 0.0000e+00
 125.526574      7.803    12.0505  32.558597    27.8040      7.733  276.58200  276.68186    35.8556     8.8100 0.0000e+00
 125.526577      7.828    12.0507  32.558423    27.8046      7.758  276.58140  276.68128    37.1475     8.7331 -9.990e-29
 125.526580      7.852    12.0508  32.559005    27.8048      7.782  276.58004  276.67992    37.0852     8.7453 -9.990e-29
 125.526583      7.872    12.0509  32.557375    27.8031      7.802  276.58242  276.68232    37.1630     8.7129 -9.990e-29
 125.526586      7.889    12.0511  32.558598    27.8042      7.818  276.57956  276.67947    37.2253     8.7453 -9.990e-29
 125.526589      7.901    12.0512  32.558190    27.8037      7.831  276.57970  276.67961    31.5599     8.4703 -9.990e-29
 125.526591      7.927    12.0512  32.558598    27.8041      7.856  276.57897  276.67888    31.4354     8.3935 -9.990e-29
 125.526594      7.945    12.0513  32.558598    27.8031      7.874  276.57867  276.67859    31.5443     8.3935 -9.990e-29
 125.526597      7.975    12.0512  32.557550    27.8036      7.903  276.58092  276.68085    31.5599     8.4097 0.0000e+00
 125.526600      8.007    12.0511  32.558598    27.8041      7.936  276.57965  276.67955    31.4354     8.3975 0.0000e+00
 125.526603      8.033    12.0511  32.558831    27.8043      7.961  276.57892  276.67883    28.7272     7.9932 0.0000e+00
 125.526606      8.066    12.0515  32.559820    27.8044      7.994  276.57558  276.67550    28.8829     7.9568 0.0000e+00
 125.526609      8.093    12.0516  32.559238    27.8044      8.021  276.57635  276.67628    28.8984     7.9568 0.0000e+00
 125.526612      8.119    12.0518  32.559180    27.8043      8.046  276.57523  276.67518    28.8673     7.9487 0.0000e+00
 125.526615      8.146    12.0521  32.559413    27.8041      8.073  276.57358  276.67355    29.6299     7.9932 -9.990e-29
 125.526617      8.168    12.0523  32.558424    27.8030      8.095  276.57478  276.67477    29.7389     7.9608 -9.990e-29
 125.526620      8.185    12.0523  32.558424    27.8030      8.111  276.57448  276.67448    29.4276     7.9608 -9.990e-29
 125.526623      8.201    12.0526  32.559239    27.8035      8.128  276.57175  276.67176    29.5677     7.9527 -9.990e-29
 125.526626      8.216    12.0528  32.557609    27.8019      8.142  276.57413  276.67416    31.9334     8.3450 -9.990e-29
 125.526629      8.232    12.0529  32.559821    27.8039      8.158  276.56946  276.66948    32.0268     8.3652 -9.990e-29
 125.526632      8.256    12.0531  32.559646    27.8030      8.182  276.56887  276.66890    32.0891     8.3733 -9.990e-29
 125.526635      8.281    12.0532  32.559239    27.8034      8.207  276.56901  276.66906    32.1358     8.3692 0.0000e+00
 125.526638      8.310    12.0532  32.559937    27.8033      8.236  276.56775  276.66779    34.2058     8.8181 0.0000e+00
 125.526641      8.345    12.0535  32.559646    27.8037      8.270  276.56737  276.66743    34.3615     8.8262 0.0000e+00
 125.526644      8.376    12.0534  32.560461    27.8036      8.301  276.56621  276.66626    34.1591     8.7938 0.0000e+00
 125.526646      8.407    12.0537  32.560229    27.8036      8.332  276.56541  276.66548    34.2836     8.8140 0.0000e+00
 125.526649      8.440    12.0535  32.559530    27.8031      8.364  276.56734  276.66740    34.2369     8.7978 0.0000e+00
 125.526652      8.471    12.0535  32.559239    27.8030      8.395  276.56820  276.66827    32.4315     8.5997 0.0000e+00
 125.526655      8.498    12.0532  32.559240    27.8028      8.422  276.56947  276.66951    32.5560     8.6159 -9.990e-29
 125.526658      8.518    12.0532  32.559647    27.8034      8.442  276.56873  276.66878    32.5249     8.5916 -9.990e-29
 125.526661      8.538    12.0531  32.558949    27.8028      8.462  276.57034  276.67038    32.5249     8.6321 -9.990e-29
 125.526664      8.551    12.0532  32.560055    27.8038      8.475  276.56801  276.66805    32.5560     8.3571 -9.990e-29
 125.526667      8.575    12.0532  32.560637    27.8043      8.498  276.56696  276.66699    32.6338     8.3733 -9.990e-29
 125.526670      8.597    12.0532  32.560462    27.8041      8.520  276.56698  276.66702    32.4315     8.3652 -9.990e-29
 125.526672      8.617    12.0532  32.560229    27.8040      8.540  276.56774  276.66777    32.5093     8.3571 -9.990e-29
 125.526675      8.644    12.0532  32.560346    27.8037      8.567  276.56754  276.66758    34.0346     8.6684 0.0000e+00
 125.526678      8.670    12.0531  32.559648    27.8034      8.592  276.56915  276.66919    34.0502     8.6887 0.0000e+00
 125.526681      8.701    12.0532  32.558600    27.8028      8.623  276.57078  276.67083    34.0502     8.6765 0.0000e+00
 125.526684      8.734    12.0531  32.560230    27.8023      8.655  276.56813  276.66816    34.0346     8.6725 -9.990e-29
 125.526687      8.752    12.0531  32.560521    27.8042      8.674  276.56761  276.66763    40.2603     8.6442 -9.990e-29
 125.526690      8.761    12.0532  32.559822    27.8034      8.683  276.56827  276.66832    40.1669     8.6159 -9.990e-29
 125.526693      8.756    12.0532  32.558833    27.8025      8.677  276.57039  276.67044    40.2914     8.5795 -9.990e-29
 125.526696      8.759    12.0532  32.557785    27.8016      8.681  276.57231  276.67238    40.0268     8.6361 -9.990e-29
 125.526698      8.763    12.0534  32.558193    27.8018      8.684  276.57064  276.67071    40.0580     8.6038 -9.990e-29
