Processed/SBE19plus_01907321_2022_05_07_Cast60_wfilter.cnv
* Sea-Bird SBE19plus  Data File:
* FileName = E:\Prandtl Daten\2022\CTD\Raw\SBE19plus_01907321_2022_05_07_Cast60.hex
* Software version 2.6.1.12
* Temperature SN = 7321
* Conductivity SN = 7321
* System UpLoad Time = May 07 2022 07:16:06
* <ApplicationData>
* <Seaterm232>
** Messpraktikum 2022
** CTD 07.05 BW2
** NMEA Latitude = 54 07.806 N
** NMEA Longitude = 008 44.895 E
# nquan = 11
# nvalues = 863                         
# units = specified
# name 0 = timeJ: Julian Days
# name 1 = prdM: Pressure, Strain Gauge [db]
# name 2 = tv290C: Temperature [ITS-90, deg C]
# name 3 = c0mS/cm: Conductivity [mS/cm]
# name 4 = sal00: Salinity, Practical [PSU]
# name 5 = depSM: Depth [salt water, m], lat = 54.00
# name 6 = oxsatMm/Kg: Oxygen Saturation, Weiss [umol/kg]
# name 7 = oxsolMm/Kg: Oxygen Saturation, Garcia & Gordon [umol/kg]
# name 8 = turbWETntu0: Turbidity, WET Labs ECO [NTU]
# name 9 = flECO-AFL: Fluorescence, WET Labs ECO-AFL/FL [mg/m^3]
# name 10 = flag:  0.000e+00
# span 0 = 127.296690, 127.299184       
# span 1 =      0.490,     16.138       
# span 2 =    13.0375,    13.1519       
# span 3 =  32.452673,  32.574452       
# span 4 =    26.9883,    27.0210       
# span 5 =      0.485,     15.994       
# span 6 =  271.71109,  272.40879       
# span 7 =  271.88428,  272.57581       
# span 8 =    18.6572,   184.2603       
# span 9 =     6.7032,    20.5810       
# span 10 = 0.0000e+00, 0.0000e+00      
# interval = seconds: 0.25
# start_time = May 07 2022 07:06:04 [Instrument's time stamp, header]
# bad_flag = -9.990e-29
*END*
[from data line 525]
 127.298209     13.188    13.1443  32.567113    27.0160     13.070  271.75335  271.92615   141.6144    19.2021 -9.990e-29
 127.298212     13.192    13.1443  32.567521    27.0164     13.074  271.75264  271.92544   141.3498    19.2062 -9.990e-29
 127.298215     13.194    13.1445  32.568044    27.0167     13.075  271.75079  271.92360   141.2253    19.1779 -9.990e-29
 127.298218     13.199    13.1448  32.568103    27.0165     13.081  271.74912  271.92195   137.6922    19.9866 -9.990e-29
 127.298220     13.201    13.1453  32.568335    27.0164     13.083  271.74683  271.91968   137.5210    19.9704 -9.990e-29
 127.298223     13.206    13.1455  32.568103    27.0161     13.088  271.74629  271.91916   137.6766    19.9421 -9.990e-29
 127.298226     13.213    13.1458  32.567695    27.0155     13.095  271.74574  271.91864   137.5210    19.9300 -9.990e-29
 127.298229     13.219    13.1456  32.568394    27.0162     13.100  271.74516  271.91804   136.7739    20.1686 -9.990e-29
 127.298232     13.219    13.1456  32.567113    27.0151     13.100  271.74738  271.92028   136.8206    20.1564 -9.990e-29
 127.298235     13.213    13.1456  32.568103    27.0160     13.095  271.74566  271.91855   136.8206    20.1645 -9.990e-29
 127.298238     13.204    13.1455  32.568510    27.0164     13.086  271.74558  271.91845   136.9140    20.1362 -9.990e-29
 127.298241     13.193    13.1456  32.566880    27.0149     13.075  271.74809  271.92098   136.6805    20.1241 -9.990e-29
 127.298244     13.184    13.1459  32.568743    27.0164     13.066  271.74327  271.91617   147.5132    19.3720 -9.990e-29
 127.298247     13.179    13.1460  32.568917    27.0165     13.061  271.74265  271.91555   147.6222    19.4003 -9.990e-29
 127.298249     13.179    13.1462  32.568743    27.0161     13.061  271.74201  271.91492   147.7467    19.3679 -9.990e-29
 127.298252     13.182    13.1465  32.569383    27.0165     13.064  271.73964  271.91257   147.5910    19.4003 -9.990e-29
 127.298255     13.192    13.1466  32.569325    27.0164     13.073  271.73943  271.91236   143.3576    19.6591 -9.990e-29
 127.298258     13.201    13.1466  32.568743    27.0159     13.082  271.74045  271.91339   143.3576    19.6550 -9.990e-29
 127.298261     13.210    13.1467  32.569325    27.0163     13.091  271.73882  271.91176   143.1241    19.6631 -9.990e-29
 127.298264     13.219    13.1466  32.569383    27.0165     13.101  271.73935  271.91228   143.1864    19.6591 -9.990e-29
 127.298267     13.221    13.1466  32.568743    27.0158     13.102  271.74015  271.91309   151.1241    20.1807 -9.990e-29
 127.298270     13.212    13.1468  32.569150    27.0161     13.093  271.73881  271.91175   151.1085    20.1605 -9.990e-29
 127.298273     13.206    13.1470  32.568335    27.0152     13.088  271.73927  271.91224   151.1241    20.1403 -9.990e-29
 127.298275     13.194    13.1470  32.567287    27.0142     13.076  271.74108  271.91406   151.0930    20.1726 -9.990e-29
 127.298278     13.186    13.1469  32.568393    27.0153     13.068  271.73947  271.91243   149.5521    18.4662 -9.990e-29
 127.298281     13.183    13.1471  32.568917    27.0156     13.065  271.73762  271.91059   149.4120    18.4985 -9.990e-29
 127.298284     13.181    13.1474  32.569325    27.0159     13.063  271.73596  271.90894   149.4899    18.4662 -9.990e-29
 127.298287     13.183    13.1471  32.568743    27.0155     13.065  271.73792  271.91089   149.4743    18.5066 -9.990e-29
 127.298290     13.188    13.1471  32.569208    27.0160     13.070  271.73743  271.91039   149.4587    18.4985 -9.990e-29
 127.298293     13.186    13.1471  32.569150    27.0159     13.068  271.73753  271.91049   152.0891    19.4892 -9.990e-29
 127.298296     13.190    13.1469  32.568510    27.0155     13.072  271.73959  271.91254   152.2914    19.4609 -9.990e-29
 127.298299     13.186    13.1469  32.569150    27.0160     13.068  271.73816  271.91111   152.2603    19.4650 -9.990e-29
 127.298302     13.192    13.1467  32.569616    27.0166     13.074  271.73830  271.91124   152.1825    19.4811 -9.990e-29
 127.298304     13.192    13.1469  32.569325    27.0162     13.074  271.73786  271.91081   148.7428    18.7776 -9.990e-29
 127.298307     13.190    13.1470  32.569732    27.0165     13.072  271.73684  271.90979   148.6027    18.8301 -9.990e-29
 127.298310     13.194    13.1471  32.570140    27.0168     13.076  271.73550  271.90846   148.5871    18.8139 -9.990e-29
 127.298313     13.194    13.1474  32.569325    27.0159     13.076  271.73597  271.90895   148.7117    18.8018 -9.990e-29
 127.298316     13.201    13.1476  32.569965    27.0163     13.083  271.73392  271.90691   139.1552    18.4015 -9.990e-29
 127.298319     13.205    13.1476  32.569732    27.0161     13.086  271.73433  271.90732   139.3887    18.4258 -9.990e-29
 127.298322     13.199    13.1475  32.569965    27.0163     13.081  271.73423  271.90722   139.1397    18.4662 -9.990e-29
 127.298325     13.196    13.1477  32.569558    27.0159     13.077  271.73431  271.90731   139.4510    18.4055 -9.990e-29
 127.298328     13.188    13.1477  32.569383    27.0157     13.070  271.73429  271.90730   137.6144    17.8758 -9.990e-29
 127.298330     13.185    13.1479  32.569325    27.0155     13.067  271.73376  271.90677   137.4899    17.9122 -9.990e-29
 127.298333     13.185    13.1481  32.569325    27.0153     13.067  271.73282  271.90584   137.5210    17.9526 -9.990e-29
 127.298336     13.183    13.1481  32.569557    27.0156     13.065  271.73241  271.90544   137.4120    17.9001 -9.990e-29
 127.298339     13.190    13.1481  32.569208    27.0152     13.072  271.73302  271.90605   137.3187    17.8718 -9.990e-29
 127.298342     13.197    13.1479  32.568743    27.0149     13.079  271.73447  271.90749   149.9724    19.0889 -9.990e-29
 127.298345     13.207    13.1477  32.569965    27.0162     13.088  271.73329  271.90629   149.9257    19.0647 -9.990e-29
 127.298348     13.210    13.1476  32.569150    27.0155     13.092  271.73534  271.90834   150.0191    19.0566 -9.990e-29
 127.298351     13.216    13.1475  32.569965    27.0163     13.097  271.73424  271.90723   149.8945    19.1172 -9.990e-29
 127.298354     13.208    13.1474  32.569558    27.0160     13.090  271.73526  271.90825   149.0541    18.8989 -9.990e-29
 127.298356     13.201    13.1474  32.568102    27.0147     13.083  271.73810  271.91109   149.1008    18.8989 -9.990e-29
 127.298359     13.192    13.1472  32.569150    27.0158     13.074  271.73690  271.90988   149.2097    18.8746 -9.990e-29
 127.298362     13.183    13.1470  32.568917    27.0157     13.065  271.73825  271.91121   149.1163    18.8382 -9.990e-29
 127.298365     13.176    13.1467  32.568393    27.0155     13.057  271.74041  271.91336   137.0385    17.8839 -9.990e-29
 127.298368     13.174    13.1469  32.569558    27.0164     13.056  271.73776  271.91071   137.0541    17.9001 -9.990e-29
 127.298371     13.179    13.1471  32.569325    27.0160     13.061  271.73691  271.90987   136.9296    17.8596 -9.990e-29
 127.298374     13.185    13.1472  32.569325    27.0160     13.067  271.73660  271.90957   137.0541    17.9324 -9.990e-29
 127.298377     13.192    13.1474  32.569208    27.0157     13.074  271.73617  271.90915   134.5015    18.5511 -9.990e-29
 127.298380     13.201    13.1472  32.569965    27.0165     13.083  271.73549  271.90846   134.3926    18.5390 -9.990e-29
 127.298383     13.205    13.1471  32.568510    27.0153     13.087  271.73834  271.91131   134.3615    18.5713 -9.990e-29
 127.298385     13.205    13.1471  32.569325    27.0161     13.087  271.73724  271.91020   134.3148    18.5471 -9.990e-29
 127.298388     13.205    13.1470  32.569208    27.0160     13.087  271.73776  271.91071   134.2214    18.5713 -9.990e-29
 127.298391     13.198    13.1469  32.568510    27.0155     13.080  271.73959  271.91255   138.0969    18.4905 -9.990e-29
 127.298394     13.187    13.1467  32.569558    27.0165     13.069  271.73840  271.91133   137.9257    18.4824 -9.990e-29
 127.298397     13.185    13.1469  32.568743    27.0157     13.067  271.73918  271.91213   138.0657    18.4702 -9.990e-29
 127.298400     13.180    13.1469  32.568801    27.0157     13.062  271.73908  271.91203   138.0035    18.4743 -9.990e-29
 127.298403     13.180    13.1469  32.569732    27.0166     13.062  271.73746  271.91040   147.2798    19.3598 -9.990e-29
 127.298406     13.182    13.1470  32.569558    27.0163     13.063  271.73713  271.91009   147.1397    19.3194 -9.990e-29
 127.298409     13.183    13.1474  32.569732    27.0162     13.065  271.73494  271.90792   146.9218    19.2871 -9.990e-29
 127.298411     13.193    13.1474  32.570140    27.0166     13.074  271.73424  271.90722   147.1552    19.3760 -9.990e-29
 127.298414     13.201    13.1473  32.569383    27.0160     13.083  271.73619  271.90917   145.4899    20.0998 -9.990e-29
 127.298417     13.209    13.1472  32.569965    27.0165     13.091  271.73550  271.90847   145.7389    20.0553 -9.990e-29
 127.298420     13.211    13.1472  32.569965    27.0165     13.092  271.73550  271.90847   145.4743    20.1039 -9.990e-29
 127.298423     13.211    13.1472  32.570140    27.0167     13.092  271.73520  271.90816   145.6922    20.1160 -9.990e-29
 127.298426     13.212    13.1475  32.569383    27.0158     13.094  271.73525  271.90824   144.4159    20.4314 -9.990e-29
 127.298429     13.205    13.1478  32.570373    27.0165     13.087  271.73227  271.90527   144.1513    20.4233 -9.990e-29
 127.298432     13.205    13.1482  32.569965    27.0159     13.087  271.73140  271.90443   143.9801    20.3991 -9.990e-29
 127.298435     13.197    13.1483  32.569732    27.0156     13.079  271.73117  271.90421   144.1202    20.3991 -9.990e-29
 127.298438     13.197    13.1486  32.570547    27.0161     13.079  271.72850  271.90155   144.1513    20.4516 -9.990e-29
 127.298440     13.188    13.1484  32.570547    27.0162     13.070  271.72912  271.90216   148.4471    20.4759 -9.990e-29
 127.298443     13.185    13.1485  32.570372    27.0160     13.067  271.72911  271.90215   148.5249    20.4597 -9.990e-29
 127.298446     13.188    13.1481  32.570780    27.0167     13.070  271.73029  271.90331   148.4626    20.4557 -9.990e-29
 127.298449     13.184    13.1479  32.570198    27.0162     13.066  271.73193  271.90494   148.4782    20.5204 -9.990e-29
 127.298452     13.188    13.1477  32.570547    27.0167     13.070  271.73227  271.90526   146.2681    20.5729 -9.990e-29
 127.298455     13.194    13.1477  32.570372    27.0166     13.075  271.73258  271.90557   146.2992    20.5810 -9.990e-29
 127.298458     13.197    13.1479  32.570780    27.0168     13.079  271.73124  271.90424   146.2214    20.5365 -9.990e-29
 127.298461     13.205    13.1479  32.569732    27.0159     13.086  271.73307  271.90608   146.3770    20.5284 -9.990e-29
 127.298464     13.206    13.1479  32.570373    27.0164     13.088  271.73164  271.90465   146.1280    20.2777 -9.990e-29
 127.298466     13.208    13.1480  32.570547    27.0165     13.090  271.73102  271.90404   146.2836    20.2980 -9.990e-29
 127.298469     13.208    13.1479  32.570140    27.0162     13.090  271.73205  271.90506   146.1591    20.2980 -9.990e-29
 127.298472     13.203    13.1477  32.569558    27.0158     13.084  271.73400  271.90700   146.0813    20.2939 -9.990e-29
 127.298475     13.201    13.1478  32.569616    27.0158     13.083  271.73358  271.90659   136.0113    20.0068 -9.990e-29
 127.298478     13.196    13.1479  32.569965    27.0161     13.077  271.73266  271.90566   136.1047    20.0311 -9.990e-29
 127.298481     13.192    13.1479  32.569150    27.0153     13.074  271.73407  271.90708   136.1202    19.9745 -9.990e-29
 127.298484     13.186    13.1478  32.570140    27.0163     13.068  271.73266  271.90566   136.1047    20.0270 -9.990e-29
 127.298487     13.185    13.1478  32.569383    27.0156     13.067  271.73398  271.90698   136.0113    20.0432 -9.990e-29
 127.298490     13.186    13.1477  32.570140    27.0164     13.068  271.73329  271.90628   137.1475    19.2749 -9.990e-29
 127.298492     13.190    13.1477  32.570955    27.0171     13.072  271.73188  271.90486   136.9918    19.2668 -9.990e-29
 127.298495     13.194    13.1480  32.571595    27.0175     13.076  271.72920  271.90220   137.0696    19.2709 -9.990e-29
 127.298498     13.196    13.1481  32.571362    27.0172     13.078  271.72929  271.90230   137.2564    19.2547 -9.990e-29
 127.298501     13.198    13.1480  32.571595    27.0175     13.079  271.72920  271.90220   136.5249    18.4743 -9.990e-29
 127.298504     13.205    13.1482  32.571187    27.0170     13.087  271.72928  271.90230   136.4782    18.5268 -9.990e-29
 127.298507     13.209    13.1480  32.571187    27.0171     13.090  271.72991  271.90292   136.6027    18.4985 -9.990e-29
 127.298510     13.211    13.1482  32.570955    27.0168     13.092  271.72969  271.90271   136.5560    18.4500 -9.990e-29
 127.298513     13.207    13.1481  32.569965    27.0159     13.089  271.73172  271.90474   140.9607    19.6146 -9.990e-29
 127.298516     13.207    13.1481  32.570140    27.0161     13.089  271.73142  271.90444   141.0229    19.6186 -9.990e-29
 127.298519     13.198    13.1481  32.567287    27.0135     13.080  271.73636  271.90941   141.0229    19.5701 -9.990e-29
 127.298521     13.194    13.1479  32.569150    27.0153     13.076  271.73407  271.90709   140.7584    19.6105 -9.990e-29
 127.298524     13.192    13.1479  32.570372    27.0164     13.074  271.73163  271.90464   130.6883    19.0161 -9.990e-29
 127.298527     13.183    13.1479  32.569150    27.0153     13.065  271.73406  271.90708   130.7973    18.9959 -9.990e-29
 127.298530     13.185    13.1479  32.569557    27.0157     13.067  271.73304  271.90606   131.1552    18.9595 -9.990e-29
 127.298533     13.187    13.1479  32.568335    27.0145     13.069  271.73517  271.90819   130.8284    18.9069 -9.990e-29
 127.298536     13.192    13.1479  32.568975    27.0151     13.074  271.73406  271.90708   130.9840    18.9069 -9.990e-29
 127.298539     13.196    13.1477  32.567928    27.0144     13.078  271.73714  271.91015   127.3731    18.1427 -9.990e-29
 127.298542     13.198    13.1474  32.569325    27.0158     13.080  271.73566  271.90864   127.5288    18.0982 -9.990e-29
 127.298545     13.203    13.1471  32.568917    27.0157     13.085  271.73794  271.91091   127.6844    18.1346 -9.990e-29
 127.298547     13.207    13.1474  32.568335    27.0149     13.089  271.73770  271.91069   127.4354    18.0861 -9.990e-29
 127.298550     13.209    13.1474  32.568044    27.0146     13.090  271.73789  271.91089   124.6805    18.4662 -9.990e-29
 127.298553     13.214    13.1471  32.568743    27.0155     13.096  271.73794  271.91091   124.5560    18.4945 -9.990e-29
 127.298556     13.212    13.1470  32.568743    27.0156     13.094  271.73857  271.91153   124.8206    18.4905 -9.990e-29
 127.298559     13.209    13.1467  32.568510    27.0156     13.090  271.74023  271.91318   124.8517    18.4702 -9.990e-29
 127.298562     13.203    13.1464  32.568626    27.0159     13.085  271.74160  271.91452   122.6416    18.2317 -9.990e-29
 127.298565     13.203    13.1464  32.568335    27.0157     13.085  271.74210  271.91503   122.6105    18.2478 -9.990e-29
 127.298568     13.189    13.1462  32.567520    27.0150     13.071  271.74414  271.91706   122.3770    18.2397 -9.990e-29
 127.298571     13.181    13.1462  32.566705    27.0143     13.063  271.74555  271.91848   122.4860    18.2074 -9.990e-29
 127.298573     13.181    13.1460  32.567637    27.0153     13.063  271.74488  271.91779   122.7039    18.1953 -9.990e-29
 127.298576     13.172    13.1458  32.568102    27.0158     13.054  271.74469  271.91759   123.1085    18.7573 -9.990e-29
 127.298579     13.176    13.1456  32.567287    27.0152     13.058  271.74705  271.91994   122.7817    18.7614 -9.990e-29
 127.298582     13.183    13.1454  32.567695    27.0158     13.065  271.74730  271.92017   122.9529    18.7371 -9.990e-29
