Processed/SBE19plus_01907321_2022_05_08_Cast88_wfilter.cnv
* Sea-Bird SBE19plus  Data File:
* FileName = E:\Prandtl Daten\2022\CTD\Raw\SBE19plus_01907321_2022_05_08_Cast88.hex
* Software version 2.6.1.12
* Temperature SN = 7321
* Conductivity SN = 7321
* System UpLoad Time = May 08 2022 12:32:52
* <ApplicationData>
* <Seaterm232>
** Messpraktikum 2022
** CTD 08.05 NP2
** NMEA Latitude = 54 09.28 N
** NMEA Longitude = 008 42.02 E
# nquan = 11
# nvalues = 448                         
# units = specified
# name 0 = timeJ: Julian Days
# name 1 = prdM: Pressure, Strain Gauge [db]
# name 2 = tv290C: Temperature [ITS-90, deg C]
# name 3 = c0mS/cm: Conductivity [mS/cm]
# name 4 = sal00: Salinity, Practical [PSU]
# name 5 = depSM: Depth [salt water, m], lat = 54.00
# name 6 = oxsatMm/Kg: Oxygen Saturation, Weiss [umol/kg]
# name 7 = oxsolMm/Kg: Oxygen Saturation, Garcia & Gordon [umol/kg]
# name 8 = turbWETntu0: Turbidity, WET Labs ECO [NTU]
# name 9 = flECO-AFL: Fluorescence, WET Labs ECO-AFL/FL [mg/m^3]
# name 10 = flag:  0.000e+00
# span 0 = 128.518261, 128.519554       
# span 1 =      0.468,     13.481       
# span 2 =    12.5700,    12.8013       
# span 3 =  32.712366,  32.765034       
# span 4 =    27.4425,    27.5947       
# span 5 =      0.464,     13.360       
# span 6 =  272.89672,  273.95229       
# span 7 =  273.04558,  274.08605       
# span 8 =    -0.5802,    48.1047       
# span 9 =     1.9762,    12.1662       
# span 10 = 0.0000e+00, 0.0000e+00      
# interval = seconds: 0.25
# start_time = May 08 2022 12:25:13 [Instrument's time stamp, header]
# bad_flag = -9.990e-29
*END*
[from data line 132]
 128.518643      4.258    12.6860  32.736171    27.5047      4.220  273.45112  273.59265     7.6533     4.2285 0.0000e+00
 128.518646      4.283    12.6763  32.736639    27.5085      4.245  273.49277  273.63366     7.6533     4.2043 0.0000e+00
 128.518649      4.309    12.6677  32.735648    27.5122      4.270  273.53202  273.67235     7.6377     4.2124 -9.990e-29
 128.518652      4.329    12.6609  32.736232    27.5218      4.290  273.56097  273.70084     7.8089     4.1841 -9.990e-29
 128.518655      4.354    12.6578  32.732441    27.5232      4.316  273.58147  273.72116     7.3264     4.0830 0.0000e+00
 128.518657      4.387    12.6548  32.733142    27.5234      4.348  273.59304  273.73254     7.2019     4.1153 0.0000e+00
 128.518660      4.413    12.6538  32.731100    27.5246      4.373  273.60106  273.74051     7.3731     4.1436 0.0000e+00
 128.518663      4.449    12.6526  32.732034    27.5234      4.409  273.60474  273.74409     7.3264     4.1436 0.0000e+00
 128.518666      4.482    12.6527  32.729468    27.5231      4.442  273.60901  273.74840    10.8128     4.7744 0.0000e+00
 128.518669      4.517    12.6516  32.729060    27.5231      4.476  273.61475  273.75407    10.5949     4.7663 0.0000e+00
 128.518672      4.544    12.6495  32.728243    27.5238      4.503  273.62528  273.76447    10.7194     4.7502 0.0000e+00
 128.518675      4.571    12.6454  32.727952    27.5265      4.530  273.64361  273.78253    10.7506     4.7785 0.0000e+00
 128.518678      4.597    12.6405  32.727370    27.5280      4.556  273.66621  273.80481    10.1903     4.8715 0.0000e+00
 128.518681      4.624    12.6333  32.727779    27.5295      4.583  273.69734  273.83545    10.3770     4.9160 -9.990e-29
 128.518683      4.646    12.6274  32.728654    27.5403      4.605  273.72140  273.85911    10.1280     4.8755 -9.990e-29
 128.518686      4.668    12.6227  32.729122    27.5442      4.626  273.74149  273.87888    10.4237     4.8917 -9.990e-29
 128.518689      4.690    12.6172  32.730055    27.5491      4.648  273.76388  273.90089    10.0969     4.8270 -9.990e-29
 128.518692      4.712    12.6100  32.731748    27.5604      4.670  273.79240  273.92892    11.3576     5.2273 -9.990e-29
 128.518695      4.737    12.6037  32.731690    27.5612      4.695  273.82030  273.95639    11.4354     5.2799 0.0000e+00
 128.518698      4.770    12.6002  32.730699    27.5620      4.728  273.83738  273.97325    11.6377     5.3041 0.0000e+00
 128.518701      4.803    12.5989  32.730874    27.5623      4.760  273.84270  273.97848    11.5443     5.1950 0.0000e+00
 128.518704      4.840    12.5988  32.729883    27.5631      4.796  273.84512  273.98090     9.8945     4.8513 0.0000e+00
 128.518707      4.882    12.5980  32.730700    27.5632      4.838  273.84681  273.98254     9.9568     4.8634 0.0000e+00
 128.518709      4.920    12.5970  32.729475    27.5636      4.876  273.85370  273.98937    10.0657     4.8796 0.0000e+00
 128.518712      4.956    12.5969  32.730875    27.5632      4.912  273.85154  273.98719     9.9568     4.8715 0.0000e+00
 128.518715      4.991    12.5973  32.728425    27.5636      4.947  273.85437  273.99007    10.2058     4.8593 0.0000e+00
 128.518718      5.024    12.5969  32.729884    27.5628      4.979  273.85335  273.98901    10.3926     4.8876 0.0000e+00
 128.518721      5.053    12.5967  32.730875    27.5636      5.008  273.85254  273.98818    10.2836     4.8755 -9.990e-29
 128.518724      5.077    12.5964  32.730059    27.5641      5.032  273.85526  273.99089    10.3615     4.8391 -9.990e-29
 128.518727      5.105    12.5957  32.728543    27.5632      5.059  273.86110  273.99670     9.6611     4.7219 -9.990e-29
 128.518730      5.123    12.5947  32.729651    27.5649      5.077  273.86351  273.99902     9.9412     4.7461 -9.990e-29
 128.518733      5.148    12.5941  32.729651    27.5650      5.102  273.86633  274.00181     9.8478     4.6814 -9.990e-29
 128.518736      5.174    12.5935  32.728835    27.5654      5.127  273.87030  274.00575     9.8634     4.6733 0.0000e+00
 128.518738      5.206    12.5931  32.729535    27.5659      5.160  273.87064  274.00605     9.7233     4.6936 0.0000e+00
 128.518741      5.239    12.5929  32.730468    27.5659      5.192  273.86993  274.00532    10.2369     4.8189 0.0000e+00
 128.518744      5.274    12.5931  32.729477    27.5664      5.227  273.87078  274.00620    10.4082     4.8715 0.0000e+00
 128.518747      5.300    12.5929  32.729885    27.5662      5.252  273.87101  274.00640    10.4082     4.8391 0.0000e+00
 128.518750      5.332    12.5927  32.729477    27.5662      5.284  273.87270  274.00808    10.2681     4.8917 0.0000e+00
 128.518753      5.361    12.5924  32.728660    27.5656      5.313  273.87542  274.01079    10.2836     4.6612 0.0000e+00
 128.518756      5.389    12.5921  32.728427    27.5656      5.341  273.87741  274.01277    10.3615     4.6531 0.0000e+00
 128.518759      5.418    12.5920  32.729302    27.5656      5.369  273.87618  274.01152    10.3615     4.6612 -9.990e-29
 128.518762      5.440    12.5918  32.727786    27.5652      5.391  273.87984  274.01518    10.3459     4.6572 -9.990e-29
 128.518764      5.463    12.5916  32.729069    27.5661      5.415  273.87819  274.01351     9.7233     4.7582 -9.990e-29
 128.518767      5.489    12.5914  32.728428    27.5660      5.440  273.88060  274.01591     9.7545     4.7663 0.0000e+00
 128.518770      5.514    12.5912  32.727961    27.5661      5.465  273.88207  274.01737     9.7545     4.8310 0.0000e+00
 128.518773      5.545    12.5910  32.729244    27.5671      5.496  273.88074  274.01601     9.6766     4.7542 0.0000e+00
 128.518776      5.578    12.5910  32.729478    27.5671      5.529  273.88035  274.01562    10.2836     4.8068 0.0000e+00
 128.518779      5.615    12.5909  32.728545    27.5665      5.565  273.88235  274.01762    10.2525     4.7502 0.0000e+00
 128.518782      5.653    12.5907  32.727612    27.5665      5.603  273.88529  274.02055    10.4704     4.7542 0.0000e+00
 128.518785      5.690    12.5903  32.728837    27.5671      5.639  273.88469  274.01992    10.1903     4.8432 0.0000e+00
 128.518788      5.730    12.5902  32.728662    27.5671      5.679  273.88565  274.02087    10.2369     4.8270 0.0000e+00
 128.518791      5.763    12.5898  32.728137    27.5669      5.711  273.88817  274.02337     8.9762     4.6046 0.0000e+00
 128.518793      5.794    12.5896  32.728020    27.5669      5.742  273.88933  274.02452     8.9607     4.5763 0.0000e+00
 128.518796      5.828    12.5896  32.728429    27.5669      5.776  273.88863  274.02381     9.1319     4.6248 -9.990e-29
 128.518799      5.850    12.5897  32.727554    27.5664      5.798  273.88958  274.02478     8.9607     4.5763 -9.990e-29
 128.518802      5.876    12.5897  32.727379    27.5662      5.823  273.88991  274.02511     9.3498     4.6410 -9.990e-29
 128.518805      5.892    12.5898  32.727787    27.5665      5.840  273.88888  274.02408     9.3809     4.6450 -9.990e-29
 128.518808      5.914    12.5901  32.725746    27.5652      5.861  273.89129  274.02653     9.1475     4.5763 -9.990e-29
 128.518811      5.941    12.5902  32.726738    27.5658      5.888  273.88891  274.02416     9.0541     4.6248 0.0000e+00
 128.518814      5.971    12.5902  32.728021    27.5664      5.917  273.88664  274.02187     9.3965     4.5197 0.0000e+00
 128.518817      6.002    12.5901  32.728021    27.5664      5.948  273.88729  274.02251     9.5521     4.4550 0.0000e+00
 128.518819      6.037    12.5902  32.727380    27.5658      5.983  273.88783  274.02307     9.6611     4.5197 0.0000e+00
 128.518822      6.071    12.5906  32.726155    27.5651      6.017  273.88848  274.02375     9.5833     4.4792 0.0000e+00
 128.518825      6.104    12.5909  32.727205    27.5647      6.049  273.88538  274.02066     9.1163     4.6005 0.0000e+00
 128.518828      6.137    12.5914  32.727205    27.5647      6.082  273.88321  274.01853     9.2408     4.6086 0.0000e+00
 128.518831      6.168    12.5920  32.727147    27.5642      6.113  273.88053  274.01589     9.3187     4.6652 0.0000e+00
 128.518834      6.197    12.5926  32.727380    27.5641      6.141  273.87733  274.01273     9.1630     4.5965 0.0000e+00
 128.518837      6.226    12.5929  32.728021    27.5640      6.170  273.87495  274.01037     9.0852     4.5965 -9.990e-29
 128.518840      6.248    12.5934  32.727205    27.5633      6.192  273.87455  274.01000     9.2253     4.4631 -9.990e-29
 128.518843      6.272    12.5937  32.727730    27.5635      6.216  273.87207  274.00754     9.3187     4.4065 -9.990e-29
 128.518845      6.297    12.5941  32.726155    27.5617      6.241  273.87302  274.00854     9.3342     4.4226 -9.990e-29
 128.518848      6.321    12.5946  32.725339    27.5627      6.264  273.87262  274.00818     9.2253     4.4348 -9.990e-29
 128.518851      6.352    12.5948  32.727788    27.5624      6.295  273.86703  274.00257     9.4276     4.4792 0.0000e+00
 128.518854      6.385    12.5953  32.727555    27.5621      6.328  273.86559  274.00117     9.2408     4.5399 0.0000e+00
 128.518857      6.423    12.5953  32.726797    27.5614      6.366  273.86697  274.00256     9.4432     4.5075 0.0000e+00
 128.518860      6.458    12.5952  32.726156    27.5614      6.400  273.86845  274.00404     9.2253     4.5156 0.0000e+00
 128.518863      6.494    12.5952  32.726972    27.5613      6.436  273.86702  274.00260     8.5871     4.4954 0.0000e+00
 128.518866      6.521    12.5956  32.726972    27.5614      6.463  273.86547  274.00108     8.4159     4.4631 0.0000e+00
 128.518869      6.560    12.5958  32.727206    27.5613      6.501  273.86415  273.99976     8.5871     4.4792 0.0000e+00
 128.518872      6.592    12.5959  32.725748    27.5606      6.533  273.86615  274.00178     8.4471     4.5156 0.0000e+00
 128.518874      6.622    12.5959  32.727381    27.5599      6.562  273.86325  273.99888     9.8323     4.4833 -9.990e-29
 128.518877      6.643    12.5959  32.727206    27.5612      6.584  273.86358  273.99920     9.6766     4.5197 -9.990e-29
 128.518880      6.664    12.5961  32.727381    27.5612      6.604  273.86234  273.99798     9.8323     4.4550 -9.990e-29
 128.518883      6.689    12.5959  32.727381    27.5614      6.629  273.86330  273.99892     9.6299     4.4833 -9.990e-29
 128.518886      6.713    12.5959  32.727206    27.5611      6.653  273.86362  273.99925     9.4899     4.4509 -9.990e-29
 128.518889      6.744    12.5957  32.726973    27.5606      6.683  273.86500  274.00061     8.8206     4.3337 0.0000e+00
 128.518892      6.777    12.5957  32.725982    27.5607      6.716  273.86679  274.00241     9.0385     4.4065 0.0000e+00
 128.518895      6.809    12.5960  32.726740    27.5607      6.748  273.86421  273.99984     8.8050     4.3862 0.0000e+00
 128.518898      6.842    12.5963  32.727382    27.5607      6.781  273.86153  273.99718     8.7428     4.3418 0.0000e+00
 128.518900      6.873    12.5966  32.726565    27.5601      6.812  273.86175  273.99743    14.2525     6.0684 0.0000e+00
 128.518903      6.904    12.5971  32.726973    27.5601      6.842  273.85886  273.99457    14.2369     6.0643 0.0000e+00
 128.518906      6.930    12.5973  32.727732    27.5606      6.868  273.85659  273.99231    14.2214     6.0401 0.0000e+00
 128.518909      6.959    12.5971  32.728432    27.5610      6.897  273.85661  273.99230    14.3615     6.0360 0.0000e+00
 128.518912      6.986    12.5970  32.729656    27.5614      6.924  273.85476  273.99043    22.1747     7.4877 -9.990e-29
 128.518915      7.010    12.5967  32.730706    27.5656      6.947  273.85415  273.98979    22.2681     7.4796 -9.990e-29
 128.518918      7.035    12.5961  32.732165    27.5656      6.973  273.85406  273.98965    22.2525     7.4594 0.0000e+00
 128.518921      7.061    12.5947  32.733156    27.5656      6.998  273.85855  273.99404    22.2214     7.5241 -9.990e-29
 128.518924      7.081    12.5924  32.735023    27.5744      7.018  273.86522  274.00053    25.8945     8.2762 -9.990e-29
 128.518927      7.114    12.5897  32.736598    27.5757      7.050  273.87460  274.00971    25.7545     8.2358 0.0000e+00
 128.518929      7.147    12.5875  32.737707    27.5770      7.083  273.88200  274.01696    26.0502     8.2439 0.0000e+00
 128.518932      7.185    12.5861  32.737707    27.5780      7.120  273.88827  274.02313    26.1436     8.1994 0.0000e+00
 128.518935      7.221    12.5853  32.738116    27.5789      7.157  273.89099  274.02580    25.8323     8.1792 0.0000e+00
 128.518938      7.256    12.5841  32.737708    27.5794      7.191  273.89705  274.03178    25.2253     8.0417 0.0000e+00
 128.518941      7.294    12.5833  32.739166    27.5814      7.229  273.89790  274.03257    25.5677     8.0862 0.0000e+00
 128.518944      7.325    12.5828  32.739575    27.5821      7.260  273.89969  274.03431    25.5210     8.0862 0.0000e+00
 128.518947      7.362    12.5819  32.739691    27.5829      7.296  273.90325  274.03781    25.2720     8.0336 0.0000e+00
 128.518950      7.391    12.5808  32.742025    27.5844      7.325  273.90378  274.03825    23.4821     7.9285 0.0000e+00
 128.518953      7.422    12.5792  32.742433    27.5858      7.355  273.91025  274.04461    23.5755     7.9082 -9.990e-29
 128.518955      7.440    12.5780  32.741384    27.5873      7.373  273.91744  274.05172    23.6844     7.8678 -9.990e-29
 128.518958      7.462    12.5772  32.742434    27.5889      7.395  273.91932  274.05354    23.5755     7.9204 -9.990e-29
 128.518961      7.478    12.5763  32.743076    27.5893      7.411  273.92193  274.05609    21.8012     8.1509 -9.990e-29
 128.518964      7.506    12.5755  32.741617    27.5900      7.439  273.92798  274.06210    21.7545     8.1913 0.0000e+00
 128.518967      7.533    12.5749  32.742668    27.5907      7.466  273.92862  274.06269    21.6455     8.1590 0.0000e+00
 128.518970      7.566    12.5749  32.742668    27.5907      7.498  273.92895  274.06302    21.5210     8.1670 0.0000e+00
 128.518973      7.593    12.5748  32.742434    27.5907      7.525  273.92970  274.06376    21.8323     7.8880 0.0000e+00
 128.518976      7.626    12.5750  32.743485    27.5913      7.558  273.92691  274.06098    21.9257     7.9163 0.0000e+00
 128.518979      7.662    12.5747  32.743426    27.5915      7.594  273.92860  274.06264    21.9101     7.9325 0.0000e+00
 128.518981      7.695    12.5742  32.743485    27.5919      7.626  273.93039  274.06440    22.0346     7.8759 0.0000e+00
 128.518984      7.732    12.5740  32.743893    27.5919      7.663  273.93062  274.06462    21.9568     7.8961 0.0000e+00
 128.518987      7.763    12.5737  32.742843    27.5918      7.693  273.93376  274.06775    24.2447     8.0821 0.0000e+00
 128.518990      7.788    12.5737  32.743077    27.5917      7.719  273.93336  274.06735    24.2292     8.1185 0.0000e+00
 128.518993      7.816    12.5736  32.743485    27.5918      7.746  273.93328  274.06725    24.1980     8.1226 -9.990e-29
 128.518996      7.839    12.5735  32.743894    27.5927      7.769  273.93287  274.06684    24.2914     8.0740 -9.990e-29
 128.518999      7.858    12.5733  32.743252    27.5931      7.787  273.93497  274.06892    22.8440     7.7586 -9.990e-29
 128.519002      7.889    12.5730  32.743894    27.5935      7.818  273.93540  274.06933    22.9996     7.7950 0.0000e+00
 128.519005      7.916    12.5729  32.744711    27.5939      7.845  273.93427  274.06819    22.8284     7.8031 0.0000e+00
 128.519008      7.951    12.5726  32.745002    27.5943      7.880  273.93502  274.06891    22.8440     7.7869 0.0000e+00
 128.519010      7.985    12.5726  32.744886    27.5943      7.914  273.93526  274.06915    21.1319     7.6292 0.0000e+00
 128.519013      8.020    12.5727  32.744886    27.5942      7.948  273.93497  274.06886    21.3965     7.6292 0.0000e+00
 128.519016      8.060    12.5728  32.744069    27.5942      7.988  273.93583  274.06974    21.1163     7.5888 0.0000e+00
