Processed/SBE19plus_01907321_2022_05_06_Cast49_wfilter.cnv
* Sea-Bird SBE19plus  Data File:
* FileName = E:\Prandtl Daten\2022\CTD\Raw\SBE19plus_01907321_2022_05_06_Cast49.hex
* Software version 2.6.1.12
* Temperature SN = 7321
* Conductivity SN = 7321
* System UpLoad Time = May 06 2022 11:33:48
* <ApplicationData>
* <Seaterm232>
** Messpraktikum 2022
** CTD 06.05 DB
** NMEA Latitude = 54 02.975 N
** NMEA Longitude = 008 43.994 E
# nquan = 11
# nvalues = 207                         
# units = specified
# name 0 = timeJ: Julian Days
# name 1 = prdM: Pressure, Strain Gauge [db]
# name 2 = tv290C: Temperature [ITS-90, deg C]
# name 3 = c0mS/cm: Conductivity [mS/cm]
# name 4 = sal00: Salinity, Practical [PSU]
# name 5 = depSM: Depth [salt water, m], lat = 54.00
# name 6 = oxsatMm/Kg: Oxygen Saturation, Weiss [umol/kg]
# name 7 = oxsolMm/Kg: Oxygen Saturation, Garcia & Gordon [umol/kg]
# name 8 = turbWETntu0: Turbidity, WET Labs ECO [NTU]
# name 9 = flECO-AFL: Fluorescence, WET Labs ECO-AFL/FL [mg/m^3]
# name 10 = flag:  0.000e+00
# span 0 = 126.478533, 126.479129       
# span 1 =      0.541,      5.668       
# span 2 =    12.6562,    12.6833       
# span 3 =  32.073998,  32.097961       
# span 4 =    26.9068,    26.9190       
# span 5 =      0.536,      5.617       
# span 6 =  274.60021,  274.75906       
# span 7 =  274.74774,  274.90506       
# span 8 =    35.9023,    62.0657       
# span 9 =     9.5378,    12.2552       
# span 10 = 0.0000e+00, 0.0000e+00      
# interval = seconds: 0.25
# start_time = May 06 2022 11:27:58 [Instrument's time stamp, header]
# bad_flag = -9.990e-29
*END*
[from data line 132]
 126.478915      3.706    12.6605  32.080884    26.9154      3.673  274.72803  274.87425    50.5171    11.3494 -9.990e-29
 126.478918      3.732    12.6612  32.082042    26.9153      3.699  274.72314  274.86939    50.5015    11.3292 0.0000e+00
 126.478921      3.768    12.6618  32.082273    26.9154      3.735  274.71991  274.86619    50.6727    11.3211 0.0000e+00
 126.478924      3.798    12.6625  32.083662    26.9160      3.764  274.71461  274.86092    52.2292    11.6122 0.0000e+00
 126.478927      3.834    12.6632  32.085109    26.9167      3.800  274.70858  274.85493    52.2603    11.6163 0.0000e+00
 126.478929      3.867    12.6642  32.086324    26.9172      3.833  274.70232  274.84872    52.2447    11.7052 0.0000e+00
 126.478932      3.900    12.6654  32.088523    26.9175      3.865  274.69305  274.83951    52.1047    11.6082 0.0000e+00
 126.478935      3.931    12.6667  32.088697    26.9175      3.896  274.68675  274.83330    51.6844    11.4181 0.0000e+00
 126.478938      3.962    12.6677  32.087887    26.9168      3.927  274.68411  274.83072    51.8401    11.4343 0.0000e+00
 126.478941      3.991    12.6679  32.087308    26.9161      3.956  274.68389  274.83053    51.8089    11.4343 -9.990e-29
 126.478944      4.015    12.6676  32.087713    26.9160      3.979  274.68476  274.83137    51.6689    11.4020 -9.990e-29
 126.478947      4.037    12.6677  32.088292    26.9164      4.001  274.68312  274.82973    54.7039    11.7982 -9.990e-29
 126.478950      4.062    12.6681  32.089102    26.9169      4.026  274.68011  274.82674    54.6883    11.7821 -9.990e-29
 126.478953      4.080    12.6687  32.089913    26.9172      4.044  274.67583  274.82250    54.7817    11.7780 -9.990e-29
 126.478955      4.106    12.6690  32.089218    26.9163      4.069  274.67582  274.82251    54.7817    11.8265 -9.990e-29
 126.478958      4.130    12.6694  32.088697    26.9156      4.093  274.67518  274.82190    54.8284    11.8023 -9.990e-29
 126.478961      4.159    12.6691  32.088524    26.9158      4.122  274.67677  274.82347    54.1280    11.7659 0.0000e+00
 126.478964      4.190    12.6689  32.088929    26.9161      4.152  274.67702  274.82370    54.2058    11.7133 0.0000e+00
 126.478967      4.224    12.6687  32.089334    26.9166      4.187  274.67696  274.82363    53.9257    11.7982 0.0000e+00
 126.478970      4.255    12.6689  32.090492    26.9176      4.217  274.67428  274.82095    54.2214    11.7821 0.0000e+00
 126.478973      4.286    12.6695  32.091128    26.9177      4.248  274.67032  274.81703    57.6766    11.9802 0.0000e+00
 126.478976      4.312    12.6704  32.091939    26.9177      4.273  274.66510  274.81186    57.6299    12.0166 0.0000e+00
 126.478979      4.341    12.6711  32.093328    26.9178      4.302  274.65949  274.80627    57.8478    12.0085 -9.990e-29
 126.478981      4.363    12.6720  32.093328    26.9179      4.324  274.65539  274.80224    57.7545    12.0570 -9.990e-29
 126.478984      4.381    12.6726  32.094948    26.9190      4.342  274.64999  274.79686    54.4860    11.8508 -9.990e-29
 126.478987      4.401    12.6736  32.095759    26.9190      4.362  274.64382  274.79075    54.5015    11.8670 -9.990e-29
 126.478990      4.418    12.6744  32.095353    26.9181      4.378  274.64107  274.78805    54.4704    11.8872 -9.990e-29
 126.478993      4.442    12.6748  32.095759    26.9182      4.402  274.63878  274.78579    54.5949    11.8912 -9.990e-29
 126.478996      4.465    12.6750  32.096164    26.9182      4.425  274.63713  274.78414    55.4665    11.8468 -9.990e-29
 126.478999      4.494    12.6755  32.096337    26.9181      4.454  274.63462  274.78167    55.4043    11.8508 0.0000e+00
 126.479002      4.522    12.6759  32.096338    26.9180      4.481  274.63274  274.77982    55.4354    11.8831 0.0000e+00
 126.479005      4.551    12.6761  32.096569    26.9179      4.510  274.63172  274.77880    55.5599    11.8953 0.0000e+00
 126.479008      4.584    12.6760  32.096164    26.9176      4.543  274.63278  274.77986    55.3420    11.9317 0.0000e+00
 126.479010      4.610    12.6759  32.096106    26.9176      4.568  274.63321  274.78029    54.2525    11.8468 0.0000e+00
 126.479013      4.637    12.6757  32.095759    26.9176      4.596  274.63480  274.78186    54.2058    11.7740 -9.990e-29
 126.479016      4.661    12.6754  32.094544    26.9165      4.619  274.63824  274.78530    54.1903    11.7537 -9.990e-29
 126.479019      4.686    12.6749  32.093907    26.9163      4.644  274.64192  274.78895    54.2681    11.8508 -9.990e-29
 126.479022      4.704    12.6741  32.093155    26.9162      4.662  274.64675  274.79373    54.5482    11.8751 -9.990e-29
 126.479025      4.723    12.6735  32.092750    26.9162      4.680  274.65001  274.79696    54.3303    11.9195 -9.990e-29
 126.479028      4.739    12.6731  32.091940    26.9157      4.697  274.65336  274.80029    54.6727    11.8953 -9.990e-29
 126.479031      4.755    12.6725  32.090319    26.9146      4.713  274.65879  274.80569    54.3926    11.8751 -9.990e-29
 126.479034      4.779    12.6719  32.090493    26.9155      4.736  274.66102  274.80789    54.1591    11.4586 -9.990e-29
 126.479036      4.810    12.6713  32.090378    26.9152      4.767  274.66409  274.81092    54.2525    11.4828 0.0000e+00
 126.479039      4.838    12.6707  32.089104    26.9151      4.794  274.66891  274.81571    54.3303    11.4950 0.0000e+00
 126.479042      4.869    12.6703  32.089105    26.9148      4.825  274.67083  274.81760    54.2992    11.5475 0.0000e+00
 126.479045      4.905    12.6698  32.087889    26.9144      4.861  274.67523  274.82198    56.8673    11.9034 0.0000e+00
 126.479048      4.932    12.6690  32.087484    26.9144      4.888  274.67944  274.82615    57.0385    11.9195 0.0000e+00
 126.479051      4.961    12.6685  32.088121    26.9152      4.917  274.68055  274.82721    57.1008    11.9357 0.0000e+00
 126.479054      4.992    12.6685  32.087890    26.9153      4.948  274.68098  274.82765    57.0852    11.9317 0.0000e+00
 126.479057      5.018    12.6692  32.090089    26.9152      4.973  274.67423  274.82093    56.8984    11.9964 -9.990e-29
 126.479060      5.040    12.6697  32.090321    26.9165      4.995  274.67131  274.81803    58.3926    12.0570 -9.990e-29
 126.479063      5.060    12.6703  32.090552    26.9163      5.014  274.66838  274.81514    58.3148    11.9559 -9.990e-29
 126.479065      5.078    12.6709  32.091304    26.9166      5.033  274.66420  274.81100    58.2058    11.9721 -9.990e-29
 126.479068      5.102    12.6719  32.092346    26.9169      5.056  274.65825  274.80510    58.1436    11.9964 -9.990e-29
 126.479071      5.127    12.6725  32.092520    26.9166      5.082  274.65511  274.80200    59.9334    11.9761 -9.990e-29
 126.479074      5.149    12.6728  32.093330    26.9171      5.103  274.65242  274.79932    59.6844    11.9317 -9.990e-29
 126.479077      5.182    12.6732  32.093562    26.9170      5.136  274.65013  274.79706    59.7622    11.9640 -9.990e-29
 126.479080      5.207    12.6735  32.094719    26.9178      5.161  274.64682  274.79376    59.7622    11.8953 -9.990e-29
 126.479083      5.240    12.6741  32.095124    26.9178      5.193  274.64328  274.79025    58.5638    12.0570 0.0000e+00
 126.479086      5.273    12.6746  32.095530    26.9178      5.226  274.64068  274.78768    58.6727    12.0408 0.0000e+00
 126.479089      5.304    12.6752  32.095935    26.9178      5.257  274.63713  274.78417    58.4548    12.1015 0.0000e+00
 126.479091      5.330    12.6756  32.096340    26.9177      5.282  274.63453  274.78159    58.6416    12.0975 0.0000e+00
 126.479094      5.357    12.6762  32.096745    26.9178      5.309  274.63130  274.77839    62.0035    12.0408 -9.990e-29
 126.479097      5.379    12.6767  32.096166    26.9169      5.331  274.63013  274.77726    62.0657    12.0772 -9.990e-29
 126.479100      5.396    12.6770  32.097556    26.9179      5.347  274.62640  274.77354    61.8790    12.0934 -9.990e-29
 126.479103      5.414    12.6774  32.097382    26.9175      5.366  274.62483  274.77199    61.9568    12.0651 -9.990e-29
 126.479106      5.430    12.6777  32.097961    26.9178      5.382  274.62254  274.76972    61.7233    12.0651 -9.990e-29
 126.479109      5.458    12.6779  32.097556    26.9173      5.409  274.62265  274.76984    59.9801    12.0853 -9.990e-29
 126.479112      5.478    12.6780  32.097556    26.9171      5.429  274.62203  274.76923    60.0735    12.0772 -9.990e-29
 126.479115      5.507    12.6779  32.097440    26.9171      5.458  274.62257  274.76977    60.1202    12.0934 0.0000e+00
 126.479117      5.536    12.6780  32.097382    26.9171      5.487  274.62237  274.76958    60.2292    12.0732 0.0000e+00
 126.479120      5.569    12.6781  32.097787    26.9170      5.519  274.62136  274.76856    58.5638    12.1864 -9.990e-29
 126.479123      5.593    12.6782  32.097788    26.9166      5.543  274.62074  274.76795    58.5015    12.1985 -9.990e-29
 126.479126      5.622    12.6783  32.097151    26.9168      5.572  274.62158  274.76880    58.5015    12.2552 0.0000e+00
 126.479129      5.668    12.6781  32.097383    26.9169      5.617  274.62183  274.76904    58.5171    12.1905 0.0000e+00
