Processed/SBE19plus_01907321_2022_05_04_Cast20_wfilter.cnv
* Sea-Bird SBE19plus  Data File:
* FileName = E:\Prandtl Daten\2022\CTD\Raw\SBE19plus_01907321_2022_05_04_Cast20.hex
* Software version 2.6.1.12
* Temperature SN = 7321
* Conductivity SN = 7321
* System UpLoad Time = May 04 2022 13:37:05
* <ApplicationData>
* <Seaterm232>
** Messpraktikum 2022
** CTD 04.05 BM
# nquan = 11
# nvalues = 704                         
# units = specified
# name 0 = timeJ: Julian Days
# name 1 = prdM: Pressure, Strain Gauge [db]
# name 2 = tv290C: Temperature [ITS-90, deg C]
# name 3 = c0mS/cm: Conductivity [mS/cm]
# name 4 = sal00: Salinity, Practical [PSU]
# name 5 = depSM: Depth [salt water, m], lat = 54.00
# name 6 = oxsatMm/Kg: Oxygen Saturation, Weiss [umol/kg]
# name 7 = oxsolMm/Kg: Oxygen Saturation, Garcia & Gordon [umol/kg]
# name 8 = turbWETntu0: Turbidity, WET Labs ECO [NTU]
# name 9 = flECO-AFL: Fluorescence, WET Labs ECO-AFL/FL [mg/m^3]
# name 10 = flag:  0.000e+00
# span 0 = 124.562098, 124.564132       
# span 1 =      0.536,     17.069       
# span 2 =    12.0286,    12.2025       
# span 3 =  31.895318,  32.177687       
# span 4 =    27.0719,    27.4579       
# span 5 =      0.531,     16.916       
# span 6 =  277.07742,  277.47168       
# span 7 =  277.19414,  277.57859       
# span 8 =    12.8206,    33.5677       
# span 9 =     6.6668,     9.7158       
# span 10 = 0.0000e+00, 0.0000e+00      
# interval = seconds: 0.25
# start_time = May 04 2022 13:28:06 [Instrument's time stamp, header]
# bad_flag = -9.990e-29
*END*
 124.562098      0.536    12.1637  31.915704    27.1186      0.531  277.24605  277.36062    14.9373     7.5848 0.0000e+00
 124.562101      0.563    12.1640  31.916109    27.1186      0.558  277.24375  277.35834    14.7973     7.5686 0.0000e+00
 124.562104      0.594    12.1652  31.915704    27.1174      0.589  277.23914  277.35382    14.7039     7.5241 0.0000e+00
 124.562106      0.634    12.1660  31.912701    27.1140      0.628  277.24117  277.35594    14.6883     7.5120 0.0000e+00
 124.562109      0.661    12.1655  31.911085    27.1135      0.656  277.24635  277.36110    14.6416     7.5160 0.0000e+00
 124.562112      0.698    12.1653  31.911662    27.1135      0.692  277.24627  277.36100    14.8128     7.5039 0.0000e+00
 124.562115      0.729    12.1650  31.914896    27.1168      0.723  277.24165  277.35633    14.7973     7.3138 0.0000e+00
 124.562118      0.758    12.1650  31.917264    27.1179      0.752  277.23735  277.35200    14.7039     7.3098 0.0000e+00
 124.562121      0.788    12.1664  31.915878    27.1190      0.781  277.23358  277.34834    14.7661     7.3138 -9.990e-29
 124.562124      0.812    12.1685  31.914665    27.1140      0.804  277.22634  277.34125    14.8284     7.2896 -9.990e-29
 124.562127      0.828    12.1707  31.915300    27.1130      0.820  277.21540  277.33046    14.3615     7.1440 -9.990e-29
 124.562130      0.835    12.1729  31.917264    27.1132      0.828  277.20171  277.31691    14.2992     7.1683 -9.990e-29
 124.562133      0.841    12.1739  31.916513    27.1118      0.833  277.19867  277.31393    14.4860     7.1683 -9.990e-29
 124.562135      0.850    12.1758  31.912297    27.1065      0.842  277.19784  277.31328    14.3303     7.1885 -9.990e-29
 124.562138      0.870    12.1791  31.908254    27.0955      0.862  277.19038  277.30609    14.9529     7.4473 -9.990e-29
 124.562141      0.897    12.1831  31.906290    27.0937      0.889  277.17597  277.29197    14.9218     7.4432 0.0000e+00
 124.562144      0.932    12.1870  31.905308    27.0918      0.923  277.16009  277.27637    14.9062     7.4392 0.0000e+00
 124.562147      0.972    12.1907  31.901093    27.0852      0.963  277.15137  277.26795    14.7973     7.4473 0.0000e+00
 124.562150      1.005    12.1944  31.902709    27.0846      0.996  277.13170  277.24851    14.7973     7.4109 0.0000e+00
 124.562153      1.036    12.1953  31.901670    27.0840      1.026  277.12951  277.24640    14.1903     6.9459 -9.990e-29
 124.562156      1.056    12.1956  31.897513    27.0782      1.047  277.13583  277.25279    14.1436     6.9256 -9.990e-29
 124.562159      1.076    12.1975  31.895492    27.0749      1.066  277.13068  277.24779    14.1436     6.9459 -9.990e-29
 124.562161      1.092    12.2006  31.895318    27.0725      1.082  277.11710  277.23442    14.1591     6.9499 -9.990e-29
 124.562164      1.110    12.2020  31.895722    27.0719      1.100  277.11037  277.22778    13.5988     6.8609 -9.990e-29
 124.562167      1.134    12.2025  31.896473    27.0723      1.124  277.10681  277.22424    13.6299     6.8650 -9.990e-29
 124.562170      1.154    12.2022  31.897512    27.0734      1.144  277.10619  277.22359    13.7700     6.8812 -9.990e-29
 124.562173      1.175    12.2015  31.899302    27.0756      1.164  277.10579  277.22313    13.5677     6.8407 -9.990e-29
 124.562176      1.187    12.2006  31.900515    27.0773      1.177  277.10770  277.22496    13.4743     6.7841 -9.990e-29
 124.562179      1.206    12.1997  31.900689    27.0782      1.195  277.11150  277.22870    13.6144     6.7679 -9.990e-29
 124.562182      1.222    12.1994  31.900689    27.0844      1.211  277.11278  277.22996    13.5677     6.7962 -9.990e-29
 124.562185      1.249    12.1989  31.906694    27.0870      1.238  277.10438  277.22146    13.7078     6.7882 0.0000e+00
 124.562187      1.284    12.1978  31.911487    27.0897      1.272  277.10072  277.21768    14.8906     6.8569 0.0000e+00
 124.562190      1.317    12.1963  31.913278    27.0924      1.305  277.10412  277.22095    15.0307     6.8407 0.0000e+00
 124.562193      1.348    12.1956  31.913682    27.0924      1.336  277.10624  277.22303    15.0307     6.8852 0.0000e+00
 124.562196      1.381    12.1952  31.909467    27.0896      1.369  277.11584  277.23265    14.8284     6.8650 0.0000e+00
 124.562199      1.414    12.1961  31.907272    27.0883      1.401  277.11576  277.23265    14.8751     6.8407 0.0000e+00
 124.562202      1.441    12.1976  31.906868    27.0869      1.429  277.10988  277.22687    13.8945     6.7841 -9.990e-29
 124.562205      1.458    12.1985  31.908081    27.0859      1.445  277.10389  277.22093    13.8167     6.7882 -9.990e-29
 124.562208      1.480    12.1980  31.908312    27.0864      1.467  277.10538  277.22238    13.8634     6.7801 -9.990e-29
 124.562211      1.491    12.1978  31.906118    27.0845      1.477  277.11033  277.22735    13.9568     6.8165 -9.990e-29
 124.562214      1.498    12.1984  31.906117    27.0841      1.485  277.10781  277.22486    13.1319     6.6668 -9.990e-29
 124.562216      1.514    12.1993  31.906117    27.0835      1.501  277.10371  277.22083    13.1475     6.6668 -9.990e-29
 124.562219      1.532    12.1999  31.906695    27.0836      1.519  277.10014  277.21729    13.1319     6.6709 -9.990e-29
 124.562222      1.556    12.2001  31.909294    27.0897      1.542  277.09416  277.21130    13.1786     6.6992 -9.990e-29
 124.562225      1.587    12.2007  31.913913    27.0906      1.573  277.08323  277.20037    13.8790     6.8043 0.0000e+00
 124.562228      1.620    12.2008  31.915877    27.0906      1.605  277.07905  277.19617    13.8634     6.8245 0.0000e+00
 124.562231      1.651    12.2003  31.914260    27.0915      1.636  277.08454  277.20164    14.0035     6.8043 -9.990e-29
 124.562234      1.676    12.1996  31.914087    27.0907      1.661  277.08803  277.20509    13.8323     6.7962 -9.990e-29
 124.562237      1.707    12.1994  31.914145    27.0909      1.692  277.08890  277.20594    13.8945     6.7356 -9.990e-29
 124.562240      1.732    12.1992  31.914896    27.0917      1.717  277.08818  277.20520    13.8634     6.7113 -9.990e-29
 124.562242      1.758    12.1992  31.915878    27.0926      1.742  277.08672  277.20373    13.8323     6.7599 -9.990e-29
 124.562245      1.777    12.1985  31.917495    27.0946      1.762  277.08695  277.20389    13.8945     6.7315 -9.990e-29
 124.562248      1.794    12.1979  31.919285    27.0967      1.778  277.08622  277.20311    13.9568     6.7518 -9.990e-29
 124.562251      1.805    12.1975  31.920267    27.0979      1.789  277.08602  277.20287    12.9762     6.7235 -9.990e-29
 124.562254      1.817    12.1975  31.922058    27.0996      1.801  277.08308  277.19991    12.9451     6.7396 -9.990e-29
 124.562257      1.836    12.1971  31.925466    27.1031      1.820  277.07878  277.19554    12.8206     6.7356 -9.990e-29
 124.562260      1.856    12.1967  31.927083    27.1068      1.839  277.07742  277.19414    12.8829     6.6911 -9.990e-29
 124.562263      1.889    12.1956  31.928296    27.1082      1.872  277.08029  277.19692    14.0346     7.0065 0.0000e+00
 124.562266      1.920    12.1935  31.929683    27.1096      1.903  277.08694  277.20342    14.0813     7.0065 0.0000e+00
 124.562269      1.958    12.1914  31.929856    27.1112      1.941  277.09644  277.21277    14.0502     6.9863 0.0000e+00
 124.562271      1.991    12.1900  31.928701    27.1112      1.973  277.10489  277.22113    14.1747     6.9782 0.0000e+00
 124.562274      2.026    12.1892  31.930088    27.1112      2.007  277.10585  277.22203    14.6261     7.0753 -9.990e-29
 124.562277      2.048    12.1899  31.930088    27.1126      2.029  277.10271  277.21894    14.5638     7.0389 -9.990e-29
 124.562280      2.075    12.1903  31.931070    27.1132      2.056  277.09904  277.21529    14.5327     7.0227 -9.990e-29
 124.562283      2.095    12.1906  31.932687    27.1145      2.076  277.09485  277.21109    14.6416     7.0712 -9.990e-29
 124.562286      2.104    12.1907  31.933900    27.1156      2.085  277.09233  277.20856    14.6883     7.1763 -9.990e-29
 124.562289      2.115    12.1901  31.936096    27.1180      2.096  277.09086  277.20703    14.7039     7.1521 -9.990e-29
 124.562292      2.128    12.1891  31.934478    27.1172      2.109  277.09824  277.21436    14.6883     7.1844 -9.990e-29
 124.562295      2.142    12.1862  31.933901    27.1188      2.123  277.11256  277.22849    14.6727     7.2289 -9.990e-29
 124.562297      2.159    12.1825  31.935461    27.1250      2.140  277.12615  277.24181    14.6261     7.1885 -9.990e-29
 124.562300      2.192    12.1791  31.935115    27.1262      2.173  277.14227  277.25771    13.8634     6.9903 0.0000e+00
 124.562303      2.227    12.1755  31.934884    27.1274      2.207  277.15882  277.27401    14.0191     7.0106 0.0000e+00
 124.562306      2.259    12.1724  31.933903    27.1288      2.239  277.17484  277.28983    13.9412     6.9863 0.0000e+00
 124.562309      2.298    12.1707  31.933903    27.1300      2.277  277.18244  277.29731    13.8323     6.9984 0.0000e+00
 124.562312      2.329    12.1698  31.933499    27.1302      2.308  277.18731  277.30212    15.8089     7.2451 0.0000e+00
 124.562315      2.356    12.1688  31.932690    27.1302      2.335  277.19322  277.30797    15.8556     7.2572 0.0000e+00
 124.562318      2.382    12.1670  31.932691    27.1302      2.361  277.20145  277.31607    15.7934     7.2613 -9.990e-29
 124.562321      2.402    12.1658  31.933673    27.1332      2.380  277.20472  277.31926    15.8556     7.2532 -9.990e-29
 124.562323      2.414    12.1651  31.933211    27.1333      2.393  277.20873  277.32323    15.1864     7.2815 -9.990e-29
 124.562326      2.425    12.1642  31.932518    27.1333      2.404  277.21442  277.32886    15.0930     7.3300 -9.990e-29
 124.562329      2.444    12.1630  31.931074    27.1328      2.422  277.22244  277.33681    15.1241     7.3219 -9.990e-29
 124.562332      2.462    12.1611  31.930670    27.1338      2.440  277.23171  277.34596    15.2019     7.3098 -9.990e-29
 124.562335      2.486    12.1586  31.929515    27.1355      2.463  277.24489  277.35898    14.7973     7.1319 -9.990e-29
 124.562338      2.514    12.1557  31.928302    27.1355      2.492  277.26038  277.37428    14.7973     7.1440 0.0000e+00
 124.562341      2.540    12.1534  31.927898    27.1355      2.517  277.27124  277.38499    14.7350     7.0753 -9.990e-29
 124.562344      2.565    12.1522  31.927898    27.1371      2.543  277.27662  277.39029    14.8751     7.1157 -9.990e-29
 124.562347      2.591    12.1517  31.926917    27.1371      2.568  277.28096  277.39460    14.9529     7.1278 0.0000e+00
 124.562350      2.617    12.1511  31.926512    27.1371      2.593  277.28424  277.39785    16.4626     7.2936 -9.990e-29
 124.562352      2.640    12.1498  31.926686    27.1382      2.617  277.28994  277.40345    16.3692     7.3502 -9.990e-29
 124.562355      2.664    12.1487  31.926686    27.1389      2.640  277.29469  277.40813    16.3226     7.3502 -9.990e-29
 124.562358      2.691    12.1480  31.925300    27.1381      2.667  277.30040  277.41381    16.2914     7.3543 -9.990e-29
 124.562361      2.715    12.1469  31.924896    27.1386      2.691  277.30620  277.41954    15.8245     7.3421 -9.990e-29
 124.562364      2.737    12.1460  31.925300    27.1396      2.712  277.30958  277.42285    15.8868     7.4028 -9.990e-29
 124.562367      2.755    12.1452  31.925012    27.1399      2.731  277.31360  277.42681    15.9179     7.3462 -9.990e-29
 124.562370      2.777    12.1443  31.924896    27.1405      2.753  277.31824  277.43139    15.9179     7.3745 -9.990e-29
 124.562373      2.801    12.1437  31.923915    27.1399      2.776  277.32258  277.43570    15.7778     7.4392 -9.990e-29
 124.562376      2.826    12.1426  31.923511    27.1404      2.801  277.32838  277.44144    15.6066     7.4392 -9.990e-29
 124.562378      2.848    12.1394  31.922876    27.1440      2.823  277.34377  277.45661    15.5755     7.4634 -9.990e-29
 124.562381      2.874    12.1359  31.922298    27.1440      2.848  277.36062  277.47323    15.5599     7.4351 0.0000e+00
 124.562384      2.900    12.1344  31.922299    27.1440      2.874  277.36759  277.48009    16.1202     7.3785 -9.990e-29
 124.562387      2.925    12.1340  31.921895    27.1450      2.899  277.36992  277.48240    16.0891     7.4068 -9.990e-29
 124.562390      2.953    12.1343  31.920682    27.1437      2.926  277.37089  277.48341    16.0424     7.3866 -9.990e-29
 124.562393      2.976    12.1348  31.920913    27.1435      2.950  277.36828  277.48082    16.0580     7.3583 -9.990e-29
 124.562396      3.000    12.1351  31.920913    27.1433      2.973  277.36703  277.47960    16.1202     7.4028 -9.990e-29
 124.562399      3.020    12.1347  31.920682    27.1433      2.993  277.36905  277.48159    16.8517     7.5160 -9.990e-29
 124.562402      3.038    12.1344  31.920682    27.1435      3.011  277.37032  277.48284    16.7895     7.4675 -9.990e-29
 124.562405      3.057    12.1343  31.920913    27.1438      3.029  277.37054  277.48305    16.8517     7.5241 -9.990e-29
 124.562407      3.073    12.1345  31.921491    27.1442      3.045  277.36855  277.48107    16.8050     7.5160 -9.990e-29
 124.562410      3.089    12.1345  31.922877    27.1455      3.062  277.36603  277.47853    16.6805     7.5524 -9.990e-29
 124.562413      3.113    12.1327  31.924032    27.1479      3.085  277.37214  277.48451    16.5249     7.5888 -9.990e-29
 124.562416      3.137    12.1300  31.923108    27.1494      3.109  277.38584  277.49803    16.5560     7.5564 -9.990e-29
 124.562419      3.168    12.1279  31.921896    27.1494      3.139  277.39786  277.50992    16.6027     7.5807 0.0000e+00
 124.562422      3.197    12.1267  31.921088    27.1494      3.168  277.40441  277.51640    16.5871     7.2047 0.0000e+00
 124.562425      3.226    12.1262  31.921492    27.1499      3.197  277.40622  277.51817    16.6494     7.1804 0.0000e+00
 124.562428      3.255    12.1258  31.920915    27.1499      3.226  277.40887  277.52080    16.6027     7.1885 0.0000e+00
 124.562431      3.282    12.1253  31.919298    27.1493      3.253  277.41437  277.52628    16.5249     7.1763 0.0000e+00
 124.562433      3.315    12.1252  31.919702    27.1488      3.286  277.41397  277.52587    17.4432     7.1763 -9.990e-29
 124.562436      3.337    12.1247  31.921897    27.1516      3.307  277.41218  277.52402    17.8012     7.3866 -9.990e-29
 124.562439      3.357    12.1241  31.922705    27.1528      3.327  277.41356  277.52535    17.7545     7.3866 -9.990e-29
 124.562442      3.375    12.1236  31.922301    27.1528      3.345  277.41652  277.52828    17.8167     7.3745 -9.990e-29
 124.562445      3.390    12.1240  31.921493    27.1517      3.360  277.41611  277.52791    17.8323     7.3947 -9.990e-29
 124.562448      3.403    12.1244  31.924092    27.1539      3.372  277.40979  277.52159    17.1475     7.3098 -9.990e-29
 124.562451      3.423    12.1242  31.930099    27.1597      3.392  277.39976  277.51148    17.1630     7.2936 -9.990e-29
 124.562454      3.447    12.1223  31.932699    27.1672      3.416  277.40323  277.51479    17.0541     7.3260 -9.990e-29
 124.562457      3.474    12.1197  31.934721    27.1684      3.443  277.41123  277.52259    17.0541     7.3219 0.0000e+00
 124.562459      3.505    12.1183  31.936107    27.1688      3.474  277.41502  277.52627    15.3887     7.1966 0.0000e+00
 124.562462      3.534    12.1178  31.934894    27.1688      3.502  277.41979  277.53101    15.2642     7.1602 0.0000e+00
 124.562465      3.563    12.1179  31.933912    27.1683      3.531  277.42129  277.53253    15.2953     7.2087 0.0000e+00
 124.562468      3.591    12.1176  31.933681    27.1678      3.558  277.42299  277.53422    15.3576     7.1885 -9.990e-29
 124.562471      3.614    12.1174  31.933682    27.1679      3.582  277.42364  277.53485    17.8323     7.3866 -9.990e-29
 124.562474      3.638    12.1176  31.933104    27.1672      3.605  277.42408  277.53531    17.8012     7.4068 -9.990e-29
