Processed/SBE19plus_01907321_2022_05_07_Cast62_wfilter.cnv
* Sea-Bird SBE19plus  Data File:
* FileName = E:\Prandtl Daten\2022\CTD\Raw\SBE19plus_01907321_2022_05_07_Cast62.hex
* Software version 2.6.1.12
* Temperature SN = 7321
* Conductivity SN = 7321
* System UpLoad Time = May 07 2022 08:30:30
* <ApplicationData>
* <Seaterm232>
** Messpraktikum 2022
** CTD 07.05 MP2
** NMEA Latitude = 54 04.02 N
** NMEA Longitude = 008 42.14 E
# nquan = 11
# nvalues = 422                         
# units = specified
# name 0 = timeJ: Julian Days
# name 1 = prdM: Pressure, Strain Gauge [db]
# name 2 = tv290C: Temperature [ITS-90, deg C]
# name 3 = c0mS/cm: Conductivity [mS/cm]
# name 4 = sal00: Salinity, Practical [PSU]
# name 5 = depSM: Depth [salt water, m], lat = 54.00
# name 6 = oxsatMm/Kg: Oxygen Saturation, Weiss [umol/kg]
# name 7 = oxsolMm/Kg: Oxygen Saturation, Garcia & Gordon [umol/kg]
# name 8 = turbWETntu0: Turbidity, WET Labs ECO [NTU]
# name 9 = flECO-AFL: Fluorescence, WET Labs ECO-AFL/FL [mg/m^3]
# name 10 = flag:  0.000e+00
# span 0 = 127.350119, 127.351337       
# span 1 =      0.446,     10.251       
# span 2 =    13.2545,    13.6964       
# span 3 =  32.656018,  32.911861       
# span 4 =    26.9307,    27.0266       
# span 5 =      0.442,     10.159       
# span 6 =  268.77713,  271.11645       
# span 7 =  268.98096,  271.29538       
# span 8 =    17.4587,    84.6027       
# span 9 =     9.4044,    15.1302       
# span 10 = 0.0000e+00, 0.0000e+00      
# interval = seconds: 0.25
# start_time = May 07 2022 08:22:40 [Instrument's time stamp, header]
# bad_flag = -9.990e-29
*END*
[from data line 394]
 127.351259      9.832    13.2815  32.676943    27.0229      9.744  270.96564  271.14607    65.3809    13.4561 -9.990e-29
 127.351262      9.856    13.2817  32.675020    27.0185      9.767  270.96803  271.14849    65.3965    13.4642 -9.990e-29
 127.351264      9.879    13.2810  32.676944    27.0208      9.791  270.96787  271.14827    72.9140    14.4064 -9.990e-29
 127.351267      9.900    13.2805  32.679217    27.0232      9.811  270.96617  271.14652    72.8362    14.4387 -9.990e-29
 127.351270      9.920    13.2823  32.684346    27.0266      9.831  270.94947  271.12989    72.8673    14.4145 -9.990e-29
 127.351273      9.938    13.2857  32.686386    27.0261      9.849  270.93118  271.11179    72.7739    14.4064 -9.990e-29
 127.351276      9.960    13.2893  32.685570    27.0249      9.871  270.91719  271.09803    76.8362    14.8754 -9.990e-29
 127.351279      9.989    13.2918  32.689883    27.0241      9.900  270.89876  271.07972    76.6961    14.8633 0.0000e+00
 127.351282     10.020    13.2942  32.690058    27.0249      9.930  270.88809  271.06920    76.6027    14.8512 0.0000e+00
 127.351285     10.049    13.2966  32.694430    27.0256      9.959  270.87020  271.05142    76.7272    14.8633 0.0000e+00
 127.351288     10.075    13.2998  32.696879    27.0256      9.985  270.85215  271.03355    73.3809    14.4509 0.0000e+00
 127.351291     10.104    13.3033  32.698744    27.0248     10.013  270.83386  271.01546    73.3809    14.4792 0.0000e+00
 127.351293     10.131    13.3066  32.696703    27.0206     10.041  270.82324  271.00506    73.4743    14.4792 0.0000e+00
 127.351296     10.160    13.3081  32.695654    27.0196     10.070  270.81845  271.00038    73.3342    14.4670 0.0000e+00
 127.351299     10.186    13.3076  32.696878    27.0186     10.095  270.81856  271.00045    73.2720    14.4711 -9.990e-29
 127.351302     10.206    13.3077  32.698102    27.0211     10.115  270.81615  270.99803    80.1047    14.7218 -9.990e-29
 127.351305     10.224    13.3082  32.697928    27.0206     10.133  270.81426  270.99618    80.2447    14.7299 -9.990e-29
 127.351308     10.241    13.3085  32.702067    27.0242     10.149  270.80589  270.98778    80.2759    14.7096 -9.990e-29
 127.351311     10.241    13.3108  32.705507    27.0257     10.149  270.78990  270.97191    80.1980    14.7339 -9.990e-29
 127.351314     10.239    13.3148  32.708072    27.0252     10.147  270.76850  270.95073    80.9296    14.5964 -9.990e-29
 127.351317     10.243    13.3185  32.708013    27.0225     10.151  270.75256  270.93502    80.9918    14.6045 -9.990e-29
 127.351319     10.241    13.3205  32.706963    27.0201     10.149  270.74555  270.92815    80.9296    14.5883 -9.990e-29
 127.351322     10.245    13.3220  32.708829    27.0208     10.153  270.73574  270.91842    81.0229    14.6005 -9.990e-29
 127.351325     10.247    13.3230  32.709062    27.0203     10.155  270.73125  270.91398    79.6844    13.9939 -9.990e-29
 127.351328     10.245    13.3236  32.708596    27.0195     10.153  270.72953  270.91231    79.8089    13.9494 -9.990e-29
 127.351331     10.245    13.3239  32.708421    27.0190     10.154  270.72826  270.91106    79.6689    13.9454 -9.990e-29
 127.351334     10.251    13.3241  32.709004    27.0194     10.159  270.72632  270.90913    79.6689    13.9494 -9.990e-29
 127.351337     10.251    13.3241  32.708654    27.0191     10.159  270.72692  270.90973    84.6027    15.1302 -9.990e-29
