Processed/SBE19plus_01907321_2022_05_10_Cast108_wfilter.cnv
* Sea-Bird SBE19plus  Data File:
* FileName = E:\Prandtl_Daten\2022\CTD\Raw\SBE19plus_01907321_2022_05_10_Cast108.hex
* Software version 2.6.1.12
* Temperature SN = 7321
* Conductivity SN = 7321
* System UpLoad Time = May 10 2022 08:41:15
* <ApplicationData>
* <Seaterm232>
** Messpraktikum 2022
** CTD 09.05  BM
** NMEA Latitude = 54 07.80N
** NMEA Longitude = 008 4712E
# nquan = 11
# nvalues = 519                         
# units = specified
# name 0 = timeJ: Julian Days
# name 1 = prdM: Pressure, Strain Gauge [db]
# name 2 = tv290C: Temperature [ITS-90, deg C]
# name 3 = c0mS/cm: Conductivity [mS/cm]
# name 4 = sal00: Salinity, Practical [PSU]
# name 5 = depSM: Depth [salt water, m], lat = 54.00
# name 6 = oxsatMm/Kg: Oxygen Saturation, Weiss [umol/kg]
# name 7 = oxsolMm/Kg: Oxygen Saturation, Garcia & Gordon [umol/kg]
# name 8 = turbWETntu0: Turbidity, WET Labs ECO [NTU]
# name 9 = flECO-AFL: Fluorescence, WET Labs ECO-AFL/FL [mg/m^3]
# name 10 = flag:  0.000e+00
# span 0 = 130.357118, 130.358617       
# span 1 =      0.559,     15.035       
# span 2 =    13.5981,    13.7066       
# span 3 =  32.925677,  33.075139       
# span 4 =    27.0185,    27.0815       
# span 5 =      0.554,     14.901       
# span 6 =  268.46669,  269.16912       
# span 7 =  268.66983,  269.36687       
# span 8 =     0.9607,   305.4587       
# span 9 =     2.5989,     8.9555       
# span 10 = 0.0000e+00, 0.0000e+00      
# interval = seconds: 0.25
# start_time = May 10 2022 08:32:41 [Instrument's time stamp, header]
# bad_flag = -9.990e-29
*END*
[from data line 394]
 130.358258     11.757    13.6997  33.068395    27.0802     11.652  268.50465  268.70743    17.7700     5.4174 0.0000e+00
 130.358261     11.792    13.7002  33.068103    27.0799     11.686  268.50297  268.70578    17.5521     5.4416 0.0000e+00
 130.358264     11.823    13.7004  33.068278    27.0799     11.717  268.50207  268.70489    17.6922     5.4012 0.0000e+00
 130.358267     11.856    13.7004  33.069801    27.0807     11.749  268.49952  268.70232    15.0930     5.0898 0.0000e+00
 130.358270     11.890    13.7010  33.069567    27.0808     11.784  268.49743  268.70027    15.0152     5.0534 0.0000e+00
 130.358273     11.918    13.7012  33.069977    27.0807     11.811  268.49550  268.69835    15.2331     5.1020 0.0000e+00
 130.358275     11.943    13.7015  33.069567    27.0806     11.836  268.49526  268.69814    15.1085     5.0211 0.0000e+00
 130.358278     11.968    13.7015  33.069977    27.0803     11.861  268.49459  268.69746    13.9879     5.0858 -9.990e-29
 130.358281     11.983    13.7017  33.070387    27.0808     11.876  268.49296  268.69584    14.0191     4.8432 -9.990e-29
 130.358284     12.005    13.7019  33.069157    27.0796     11.897  268.49411  268.69702    14.0969     4.8796 -9.990e-29
 130.358287     12.029    13.7019  33.069157    27.0796     11.921  268.49413  268.69703    13.8634     4.8634 -9.990e-29
 130.358290     12.052    13.7015  33.069157    27.0793     11.944  268.49602  268.69890    13.9257     4.8796 -9.990e-29
 130.358293     12.083    13.7012  33.068279    27.0791     11.975  268.49878  268.70165    13.0541     5.1343 0.0000e+00
 130.358296     12.123    13.7008  33.067694    27.0793     12.015  268.50136  268.70421    13.0385     5.0696 0.0000e+00
 130.358299     12.165    13.7007  33.068162    27.0793     12.056  268.50122  268.70406    13.0696     5.1141 0.0000e+00
 130.358302     12.204    13.7004  33.067694    27.0793     12.094  268.50329  268.70611    13.0385     5.0534 0.0000e+00
 130.358304     12.240    13.7001  33.066874    27.0793     12.131  268.50595  268.70876    13.4899     4.6612 0.0000e+00
 130.358307     12.273    13.6999  33.067577    27.0791     12.163  268.50541  268.70821    13.5988     4.7219 0.0000e+00
 130.358310     12.302    13.6998  33.067050    27.0795     12.192  268.50695  268.70974    13.6922     4.6855 -9.990e-29
 130.358313     12.326    13.6999  33.067577    27.0794     12.216  268.50545  268.70824    13.7233     4.6936 -9.990e-29
 130.358316     12.346    13.6999  33.066406    27.0784     12.235  268.50744  268.71024    12.8206     4.6046 -9.990e-29
 130.358319     12.361    13.6996  33.065586    27.0778     12.250  268.51008  268.71288    12.8984     4.6167 -9.990e-29
 130.358322     12.382    13.6987  33.065001    27.0780     12.271  268.51516  268.71790    12.7895     4.6895 -9.990e-29
 130.358325     12.404    13.6982  33.064533    27.0779     12.293  268.51816  268.72088    12.7428     4.6289 -9.990e-29
 130.358328     12.435    13.6974  33.063947    27.0780     12.324  268.52231  268.72498    12.7739     4.6491 0.0000e+00
 130.358330     12.465    13.6970  33.063830    27.0781     12.353  268.52440  268.72705    15.1864     4.9240 0.0000e+00
 130.358333     12.501    13.6969  33.064357    27.0786     12.389  268.52385  268.72649    15.4976     5.0009 0.0000e+00
 130.358336     12.539    13.6965  33.065177    27.0796     12.427  268.52437  268.72698    15.4198     4.9402 0.0000e+00
 130.358339     12.570    13.6970  33.066817    27.0807     12.458  268.51911  268.72174    15.2642     4.9200 0.0000e+00
 130.358342     12.598    13.6979  33.068105    27.0807     12.485  268.51319  268.71586    15.9957     4.9887 0.0000e+00
 130.358345     12.631    13.6987  33.068164    27.0810     12.518  268.50966  268.71238    16.0424     4.9119 0.0000e+00
 130.358348     12.662    13.6995  33.068925    27.0807     12.548  268.50526  268.70802    15.8401     4.9240 -9.990e-29
 130.358351     12.685    13.7002  33.069335    27.0807     12.572  268.50145  268.70425    16.0268     4.9038 -9.990e-29
 130.358354     12.707    13.7007  33.069804    27.0808     12.593  268.49879  268.70161    15.3264     5.0939 -9.990e-29
 130.358356     12.731    13.7013  33.070623    27.0811     12.617  268.49460  268.69745    15.2331     5.0817 -9.990e-29
 130.358359     12.754    13.7017  33.071033    27.0812     12.640  268.49235  268.69523    15.4198     5.0777 -9.990e-29
 130.358362     12.776    13.7022  33.070975    27.0806     12.662  268.49027  268.69318    15.2798     5.1303 -9.990e-29
 130.358365     12.804    13.7024  33.071034    27.0806     12.689  268.48924  268.69217    14.2525     5.3850 0.0000e+00
 130.358368     12.835    13.7025  33.071034    27.0806     12.720  268.48895  268.69188    14.2992     5.3244 0.0000e+00
 130.358371     12.871    13.7026  33.070565    27.0805     12.756  268.48945  268.69238    14.2525     5.4174 0.0000e+00
 130.358374     12.904    13.7029  33.071209    27.0805     12.788  268.48713  268.69007    14.3770     5.3931 0.0000e+00
 130.358377     12.944    13.7029  33.071971    27.0805     12.828  268.48587  268.68881    14.3926     5.3527 0.0000e+00
 130.358380     12.982    13.7031  33.071210    27.0805     12.866  268.48623  268.68920    12.9140     4.6733 0.0000e+00
 130.358383     13.019    13.7032  33.071620    27.0803     12.902  268.48494  268.68790    12.7117     4.7016 0.0000e+00
 130.358385     13.052    13.7034  33.070156    27.0798     12.935  268.48680  268.68979    12.7895     4.7380 0.0000e+00
 130.358388     13.079    13.7032  33.071620    27.0791     12.962  268.48497  268.68794    12.8984     4.7259 -9.990e-29
 130.358391     13.101    13.7032  33.071620    27.0806     12.983  268.48530  268.68826     9.9879     4.1032 -9.990e-29
 130.358394     13.117    13.7031  33.071561    27.0805     13.000  268.48572  268.68868    10.1436     4.0830 -9.990e-29
 130.358397     13.130    13.7030  33.071034    27.0801     13.012  268.48694  268.68989    10.1591     4.0951 -9.990e-29
 130.358400     13.148    13.7029  33.070156    27.0794     13.030  268.48906  268.69201     9.9879     4.1072 -9.990e-29
 130.358403     13.172    13.7025  33.068751    27.0788     13.054  268.49301  268.69596    12.9918     4.3943 -9.990e-29
 130.358406     13.199    13.7020  33.068751    27.0793     13.081  268.49522  268.69814    13.0385     4.4428 0.0000e+00
 130.358409     13.238    13.7014  33.069395    27.0797     13.119  268.49667  268.69954    12.9918     4.3984 0.0000e+00
 130.358411     13.278    13.7012  33.069161    27.0797     13.159  268.49803  268.70089    13.3187     4.4024 0.0000e+00
 130.358414     13.318    13.7010  33.067873    27.0786     13.198  268.50117  268.70403     9.0074     3.9536 0.0000e+00
 130.358417     13.352    13.7006  33.067229    27.0786     13.233  268.50385  268.70669     9.1475     4.0223 0.0000e+00
 130.358420     13.383    13.7001  33.067288    27.0785     13.264  268.50596  268.70877     8.9762     3.9980 0.0000e+00
 130.358423     13.411    13.6999  33.067054    27.0787     13.291  268.50700  268.70981     8.9296     4.0223 -9.990e-29
 130.358426     13.434    13.6996  33.066995    27.0788     13.314  268.50868  268.71147     9.0229     3.9778 -9.990e-29
 130.358429     13.456    13.6992  33.067288    27.0793     13.336  268.50977  268.71253     8.4626     4.1598 -9.990e-29
 130.358432     13.473    13.6990  33.066410    27.0786     13.352  268.51189  268.71465     8.6650     4.1921 -9.990e-29
 130.358435     13.496    13.6985  33.065180    27.0779     13.375  268.51618  268.71891     8.5871     4.1962 -9.990e-29
 130.358438     13.518    13.6980  33.064536    27.0784     13.397  268.51947  268.72218     8.7117     4.1679 -9.990e-29
 130.358440     13.549    13.6973  33.064829    27.0788     13.428  268.52182  268.72449    10.8595     4.2204 0.0000e+00
 130.358443     13.586    13.6968  33.065415    27.0785     13.464  268.52305  268.72568    10.6727     4.1962 0.0000e+00
 130.358446     13.622    13.6973  33.065005    27.0785     13.500  268.52188  268.72454    10.5949     4.2245 0.0000e+00
 130.358449     13.659    13.6975  33.064830    27.0782     13.536  268.52126  268.72394    10.6261     4.1598 0.0000e+00
 130.358452     13.692    13.6973  33.063951    27.0779     13.569  268.52339  268.72607     8.0424     3.9131 0.0000e+00
 130.358455     13.719    13.6970  33.064127    27.0777     13.596  268.52436  268.72702     7.9646     3.9859 0.0000e+00
 130.358458     13.745    13.6966  33.062839    27.0779     13.621  268.52844  268.73108     8.1047     3.8970 -9.990e-29
 130.358461     13.768    13.6962  33.063308    27.0771     13.645  268.52954  268.73215     7.8868     3.9050 -9.990e-29
 130.358464     13.799    13.6956  33.062254    27.0771     13.676  268.53354  268.73612     8.2603     3.9091 0.0000e+00
 130.358466     13.829    13.6951  33.061668    27.0771     13.705  268.53674  268.73930     8.1513     3.9172 -9.990e-29
 130.358469     13.854    13.6947  33.062078    27.0783     13.730  268.53794  268.74048     8.2914     3.9010 -9.990e-29
 130.358472     13.882    13.6949  33.063015    27.0783     13.757  268.53544  268.73798     8.1669     3.9980 0.0000e+00
 130.358475     13.907    13.6950  33.063308    27.0783     13.783  268.53465  268.73719     8.0580     3.9536 -9.990e-29
 130.358478     13.929    13.6951  33.063132    27.0787     13.804  268.53464  268.73719     8.2759     4.1113 -9.990e-29
 130.358481     13.956    13.6953  33.063835    27.0785     13.831  268.53222  268.73478     8.2603     4.1315 0.0000e+00
 130.358484     13.982    13.6956  33.063542    27.0783     13.857  268.53147  268.73405     8.2603     4.1355 0.0000e+00
 130.358487     14.009    13.6955  33.063543    27.0783     13.884  268.53212  268.73469     8.1358     4.1517 0.0000e+00
 130.358490     14.039    13.6958  33.063835    27.0783     13.913  268.53039  268.73297     7.8868     4.1032 0.0000e+00
 130.358492     14.073    13.6958  33.063718    27.0784     13.947  268.53061  268.73319     8.0580     4.0021 0.0000e+00
 130.358495     14.106    13.6958  33.063836    27.0784     13.979  268.53043  268.73301     7.9334     4.0061 0.0000e+00
 130.358498     14.144    13.6962  33.064129    27.0784     14.017  268.52839  268.73099     7.9801     4.0223 0.0000e+00
 130.358501     14.177    13.6963  33.063953    27.0781     14.050  268.52808  268.73069    15.7778     4.7057 0.0000e+00
 130.358504     14.208    13.6962  33.063836    27.0781     14.081  268.52892  268.73153    15.9179     4.7380 0.0000e+00
 130.358507     14.233    13.6963  33.064539    27.0781     14.106  268.52713  268.72974    15.8556     4.7906 -9.990e-29
 130.358510     14.257    13.6964  33.064539    27.0785     14.129  268.52683  268.72944    15.8712     4.7421 -9.990e-29
 130.358513     14.274    13.6964  33.065241    27.0792     14.146  268.52565  268.72826    17.8012     5.0696 -9.990e-29
 130.358516     14.295    13.6968  33.066881    27.0803     14.167  268.52101  268.72364    17.5521     5.0130 -9.990e-29
 130.358519     14.319    13.6976  33.068931    27.0810     14.191  268.51443  268.71708    17.3809     5.0615 -9.990e-29
 130.358521     14.348    13.6988  33.069165    27.0806     14.220  268.50872  268.71145    17.5988     5.0534 0.0000e+00
 130.358524     14.385    13.7001  33.069341    27.0802     14.256  268.50312  268.70591    17.6922     5.0979 0.0000e+00
 130.358527     14.419    13.7009  33.069165    27.0795     14.290  268.49998  268.70283    19.8868     5.5710 0.0000e+00
 130.358530     14.454    13.7011  33.069165    27.0795     14.324  268.49906  268.70193    19.9334     5.7085 0.0000e+00
 130.358533     14.487    13.7011  33.069985    27.0797     14.357  268.49770  268.70056    20.0580     5.6317 0.0000e+00
 130.358536     14.521    13.7014  33.071390    27.0801     14.391  268.49410  268.69696    20.0735     5.6317 -9.990e-29
 130.358539     14.543    13.7019  33.071859    27.0808     14.413  268.49112  268.69401    17.8945     5.2597 -9.990e-29
 130.358542     14.574    13.7026  33.072093    27.0808     14.444  268.48761  268.69054    17.9879     5.2597 0.0000e+00
 130.358545     14.602    13.7032  33.073382    27.0808     14.471  268.48294  268.68590    18.0346     5.2516 -9.990e-29
 130.358547     14.625    13.7038  33.073089    27.0809     14.494  268.48094  268.68394    18.0969     5.2273 -9.990e-29
 130.358550     14.645    13.7043  33.073323    27.0808     14.514  268.47868  268.68170    17.3187     5.5265 -9.990e-29
 130.358553     14.667    13.7046  33.074319    27.0815     14.536  268.47576  268.67879    17.3187     5.5144 -9.990e-29
 130.358556     14.689    13.7050  33.074553    27.0812     14.557  268.47349  268.67655    17.4276     5.5306 -9.990e-29
 130.358559     14.716    13.7053  33.074553    27.0810     14.585  268.47226  268.67533    17.2875     5.4901 0.0000e+00
 130.358562     14.749    13.7056  33.074377    27.0809     14.617  268.47132  268.67441    22.7817     5.8864 0.0000e+00
 130.358565     14.782    13.7059  33.074787    27.0808     14.650  268.46939  268.67250    22.5794     5.8945 0.0000e+00
 130.358568     14.819    13.7059  33.074319    27.0806     14.686  268.47021  268.67332    22.7194     5.8864 0.0000e+00
 130.358571     14.859    13.7060  33.074553    27.0805     14.726  268.46952  268.67263    22.6883     5.8905 0.0000e+00
 130.358573     14.888    13.7063  33.074553    27.0806     14.754  268.46797  268.67111    22.5638     5.8500 0.0000e+00
 130.358576     14.915    13.7063  33.075139    27.0806     14.781  268.46700  268.67013    27.5755     6.1371 0.0000e+00
 130.358579     14.942    13.7065  33.074964    27.0808     14.808  268.46669  268.66983    27.5599     6.1857 0.0000e+00
 130.358582     14.972    13.7064  33.074788    27.0806     14.837  268.46731  268.67045    27.3887     6.1452 -9.990e-29
 130.358585     14.992    13.7066  33.073558    27.0793     14.857  268.46877  268.67193    27.4665     6.1978 -9.990e-29
 130.358588     15.008    13.7066  33.073500    27.0792     14.874  268.46888  268.67204    63.0619     7.9568 -9.990e-29
 130.358591     15.012    13.7065  33.072738    27.0786     14.877  268.47048  268.67364    62.9685     7.9649 -9.990e-29
 130.358594     15.019    13.7062  33.072914    27.0789     14.884  268.47145  268.67459    63.0152     7.9285 -9.990e-29
 130.358597     15.023    13.7061  33.066414    27.0731     14.888  268.48273  268.68592    62.9373     7.9932 -9.990e-29
 130.358600     15.024    13.7060  33.069166    27.0757     14.890  268.47840  268.68156   305.4587     8.8787 -9.990e-29
 130.358602     15.026    13.7060  33.070630    27.0770     14.892  268.47624  268.67939   305.4120     8.9111 -9.990e-29
 130.358605     15.026    13.7060  33.069752    27.0762     14.892  268.47773  268.68088   305.3809     8.9555 -9.990e-29
 130.358608     15.028    13.7060  33.069400    27.0759     14.893  268.47832  268.68148   305.1475     8.9030 -9.990e-29
 130.358611     15.026    13.7056  33.069576    27.0763     14.892  268.47959  268.68272   227.4976     7.3017 -9.990e-29
 130.358614     15.032    13.7057  33.069986    27.0766     14.897  268.47828  268.68141   227.6066     7.2815 -9.990e-29
 130.358617     15.035    13.7057  33.069752    27.0764     14.901  268.47899  268.68212   227.6066     7.2936 -9.990e-29
