Processed/SBE19plus_01907321_2022_05_11_Cast129_wfilter.cnv
* Sea-Bird SBE19plus  Data File:
* FileName = E:\Prandtl_Daten\2022\CTD\Raw\SBE19plus_01907321_2022_05_11_Cast129.hex
* Software version 2.6.1.12
* Temperature SN = 7321
* Conductivity SN = 7321
* System UpLoad Time = May 11 2022 11:50:05
* <ApplicationData>
* <Seaterm232>
** Messpraktikum 2022
** CTD 10.05  KFN2
** NMEA Latitude = 54 06.15N
** NMEA Longitude = 008 35.88E
# nquan = 11
# nvalues = 590                         
# units = specified
# name 0 = timeJ: Julian Days
# name 1 = prdM: Pressure, Strain Gauge [db]
# name 2 = tv290C: Temperature [ITS-90, deg C]
# name 3 = c0mS/cm: Conductivity [mS/cm]
# name 4 = sal00: Salinity, Practical [PSU]
# name 5 = depSM: Depth [salt water, m], lat = 54.00
# name 6 = oxsatMm/Kg: Oxygen Saturation, Weiss [umol/kg]
# name 7 = oxsolMm/Kg: Oxygen Saturation, Garcia & Gordon [umol/kg]
# name 8 = turbWETntu0: Turbidity, WET Labs ECO [NTU]
# name 9 = flECO-AFL: Fluorescence, WET Labs ECO-AFL/FL [mg/m^3]
# name 10 = flag:  0.000e+00
# span 0 = 131.487948, 131.489653       
# span 1 =      0.543,     14.932       
# span 2 =    13.1829,    13.2574       
# span 3 =  31.424236,  31.954220       
# span 4 =    25.9453,    26.3963       
# span 5 =      0.538,     14.798       
# span 6 =  272.37830,  273.55382       
# span 7 =  272.56339,  273.73921       
# span 8 =     3.9490,    42.5794       
# span 9 =     5.2880,    11.6324       
# span 10 = 0.0000e+00, 0.0000e+00      
# interval = seconds: 0.25
# start_time = May 11 2022 11:41:27 [Instrument's time stamp, header]
# bad_flag = -9.990e-29
*END*
[from data line 525]
 131.489468     13.486    13.2267  31.953008    26.3960     13.365  272.45765  272.64103    31.7000     9.8532 -9.990e-29
 131.489470     13.498    13.2275  31.951794    26.3944     13.377  272.45657  272.64000    31.7000     9.8573 -9.990e-29
 131.489473     13.507    13.2275  31.949599    26.3924     13.386  272.46006  272.64352    31.6689     9.8573 -9.990e-29
 131.489476     13.518    13.2267  31.950408    26.3936     13.397  272.46218  272.64557    31.3887     9.8815 -9.990e-29
 131.489479     13.527    13.2254  31.951044    26.3952     13.406  272.46714  272.65045    31.9334    10.9652 -9.990e-29
 131.489482     13.533    13.2248  31.950639    26.3952     13.412  272.47008  272.65336    31.9801    11.0057 -9.990e-29
 131.489485     13.546    13.2245  31.950408    26.3952     13.424  272.47208  272.65534    31.9490    10.9652 -9.990e-29
 131.489488     13.564    13.2245  31.946826    26.3960     13.442  272.47829  272.66159    31.8712    10.9935 -9.990e-29
 131.489491     13.589    13.2238  31.950813    26.3953     13.468  272.47428  272.65749    34.2525    10.9935 0.0000e+00
 131.489494     13.622    13.2236  31.949022    26.3945     13.500  272.47836  272.66158    34.9996    10.8803 0.0000e+00
 131.489497     13.662    13.2241  31.948849    26.3940     13.540  272.47645  272.65970    34.7973    10.8399 0.0000e+00
 131.489499     13.703    13.2236  31.947404    26.3934     13.580  272.48121  272.66444    34.7350    10.8439 0.0000e+00
 131.489502     13.745    13.2225  31.947000    26.3934     13.621  272.48704  272.67020    34.5794    10.8439 0.0000e+00
 131.489505     13.785    13.2209  31.946192    26.3938     13.661  272.49548  272.67855    35.2798    10.4598 0.0000e+00
 131.489508     13.817    13.2198  31.946596    26.3943     13.694  272.49958  272.68259    35.2175    10.4557 0.0000e+00
 131.489511     13.848    13.2193  31.946654    26.3949     13.724  272.50142  272.68439    35.4354    10.4719 -9.990e-29
 131.489514     13.865    13.2195  31.946597    26.3950     13.741  272.50057  272.68356    35.4043    10.4477 -9.990e-29
 131.489517     13.880    13.2195  31.946019    26.3945     13.755  272.50190  272.68489    36.8984    11.6122 -9.990e-29
 131.489520     13.894    13.2196  31.943997    26.3926     13.770  272.50477  272.68779    36.8984    11.6324 -9.990e-29
 131.489523     13.909    13.2189  31.945846    26.3948     13.784  272.50477  272.68773    37.0229    11.6082 -9.990e-29
 131.489525     13.918    13.2186  31.943246    26.3926     13.793  272.51055  272.69352    37.1163    11.6284 -9.990e-29
 131.489528     13.929    13.2183  31.946192    26.3955     13.804  272.50673  272.68965    42.4860    11.5313 -9.990e-29
 131.489531     13.945    13.2183  31.946193    26.3955     13.820  272.50674  272.68966    42.5794    11.5394 -9.990e-29
 131.489534     13.959    13.2188  31.945846    26.3948     13.834  272.50512  272.68807    42.4237    11.5435 -9.990e-29
 131.489537     13.979    13.2193  31.946597    26.3952     13.854  272.50192  272.68489    42.4237    11.5758 -9.990e-29
 131.489540     13.996    13.2198  31.944806    26.3931     13.870  272.50248  272.68550    42.4704    11.5313 -9.990e-29
 131.489543     14.016    13.2195  31.944806    26.3943     13.890  272.50408  272.68709    32.9607    10.5326 -9.990e-29
 131.489546     14.042    13.2188  31.945211    26.3938     13.916  272.50659  272.68954    33.1630    10.5204 0.0000e+00
 131.489549     14.072    13.2180  31.943593    26.3935     13.946  272.51292  272.69584    33.1941    10.5083 0.0000e+00
 131.489552     14.122    13.2172  31.943247    26.3935     13.995  272.51674  272.69962    33.1008    10.5164 0.0000e+00
 131.489554     14.173    13.2165  31.943420    26.3941     14.046  272.51966  272.70249    32.5560    10.6903 0.0000e+00
 131.489557     14.226    13.2163  31.943998    26.3948     14.098  272.51965  272.70246    32.4004    10.6741 0.0000e+00
 131.489560     14.286    13.2164  31.945212    26.3958     14.158  272.51727  272.70007    32.4471    10.6498 0.0000e+00
 131.489563     14.340    13.2167  31.945847    26.3958     14.212  272.51461  272.69743    32.7584    10.6417 0.0000e+00
 131.489566     14.386    13.2171  31.944403    26.3954     14.257  272.51554  272.69840    31.9023     9.7360 0.0000e+00
 131.489569     14.421    13.2176  31.944807    26.3946     14.291  272.51263  272.69552    31.8868     9.6955 -9.990e-29
 131.489572     14.435    13.2180  31.942034    26.3918     14.306  272.51585  272.69878    31.7467     9.7198 -9.990e-29
 131.489575     14.428    13.2180  31.943825    26.3934     14.299  272.51274  272.69566    32.0268     9.7279 -9.990e-29
 131.489578     14.397    13.2177  31.945039    26.3947     14.268  272.51189  272.69478    30.7661    10.4719 -9.990e-29
 131.489580     14.355    13.2175  31.944403    26.3943     14.226  272.51361  272.69649    30.5015    10.4840 -9.990e-29
 131.489583     14.315    13.2176  31.944807    26.3946     14.186  272.51256  272.69545    30.5171    10.4638 -9.990e-29
 131.489586     14.282    13.2181  31.945443    26.3948     14.154  272.50921  272.69212    30.7973    10.4517 -9.990e-29
 131.489589     14.273    13.2183  31.946020    26.3952     14.145  272.50725  272.69017    30.4237    10.4598 -9.990e-29
 131.489592     14.289    13.2185  31.946425    26.3955     14.161  272.50592  272.68884    28.1513     9.8371 -9.990e-29
 131.489595     14.337    13.2185  31.945327    26.3937     14.208  272.50753  272.69047    28.1980     9.8735 -9.990e-29
 131.489598     14.411    13.2187  31.944634    26.3947     14.282  272.50814  272.69110    28.3381     9.8896 0.0000e+00
 131.489601     14.506    13.2190  31.947234    26.3957     14.376  272.50210  272.68506    28.1825     9.9220 0.0000e+00
 131.489604     14.614    13.2195  31.948448    26.3957     14.483  272.49783  272.68081    26.8284     8.3328 0.0000e+00
 131.489606     14.705    13.2205  31.946830    26.3963     14.573  272.49654  272.67959    26.7973     8.4056 0.0000e+00
 131.489609     14.789    13.2215  31.949835    26.3963     14.656  272.48693  272.67001    26.7350     8.3005 0.0000e+00
 131.489612     14.845    13.2221  31.950239    26.3963     14.712  272.48371  272.66683    26.8284     8.3207 0.0000e+00
 131.489615     14.871    13.2225  31.949199    26.3963     14.738  272.48361  272.66677    42.0813    11.0987 -9.990e-29
 131.489618     14.867    13.2226  31.950239    26.3959     14.734  272.48149  272.66464    41.8323    11.1068 -9.990e-29
 131.489621     14.843    13.2227  31.950412    26.3960     14.710  272.48054  272.66370    41.9257    11.1027 -9.990e-29
 131.489624     14.812    13.2230  31.950412    26.3958     14.680  272.47956  272.66273    41.9724    11.1229 -9.990e-29
 131.489627     14.778    13.2231  31.950412    26.3957     14.645  272.47890  272.66208    40.7117    10.7509 -9.990e-29
 131.489630     14.746    13.2235  31.949025    26.3942     14.614  272.47937  272.66259    40.6338    10.7752 -9.990e-29
 131.489633     14.728    13.2237  31.950412    26.3954     14.596  272.47632  272.65954    40.7272    10.7914 -9.990e-29
 131.489635     14.719    13.2239  31.948910    26.3938     14.587  272.47796  272.66120    40.6494    10.8035 -9.990e-29
 131.489638     14.719    13.2236  31.950239    26.3953     14.587  272.47693  272.66015    40.6961    10.7792 -9.990e-29
 131.489641     14.741    13.2235  31.949834    26.3949     14.609  272.47797  272.66118    34.1903    10.4193 -9.990e-29
 131.489644     14.781    13.2233  31.949199    26.3945     14.648  272.48037  272.66357    33.9724    10.3951 -9.990e-29
 131.489647     14.830    13.2227  31.949026    26.3944     14.697  272.48325  272.66642    34.0657    10.4032 -9.990e-29
 131.489650     14.901    13.2222  31.948217    26.3943     14.768  272.48693  272.67007    33.9101    10.4072 0.0000e+00
 131.489653     14.932    13.2218  31.947813    26.3942     14.798  272.48924  272.67236    35.7778     9.9826 0.0000e+00
