Processed/SBE19plus_01907321_2022_05_06_Cast41_wfilter.cnv
* Sea-Bird SBE19plus  Data File:
* FileName = E:\Prandtl Daten\2022\CTD\Raw\SBE19plus_01907321_2022_05_06_Cast41.hex
* Software version 2.6.1.12
* Temperature SN = 7321
* Conductivity SN = 7321
* System UpLoad Time = May 06 2022 08:29:23
* <ApplicationData>
* <Seaterm232>
** Messpraktikum 2022
** CTD 06.05 BW2
** NMEA Latitude = 54 07.81 N
** NMEA Longitude = 008 44.917 E
# nquan = 11
# nvalues = 617                         
# units = specified
# name 0 = timeJ: Julian Days
# name 1 = prdM: Pressure, Strain Gauge [db]
# name 2 = tv290C: Temperature [ITS-90, deg C]
# name 3 = c0mS/cm: Conductivity [mS/cm]
# name 4 = sal00: Salinity, Practical [PSU]
# name 5 = depSM: Depth [salt water, m], lat = 54.00
# name 6 = oxsatMm/Kg: Oxygen Saturation, Weiss [umol/kg]
# name 7 = oxsolMm/Kg: Oxygen Saturation, Garcia & Gordon [umol/kg]
# name 8 = turbWETntu0: Turbidity, WET Labs ECO [NTU]
# name 9 = flECO-AFL: Fluorescence, WET Labs ECO-AFL/FL [mg/m^3]
# name 10 = flag:  0.000e+00
# span 0 = 126.347630, 126.349413       
# span 1 =      0.627,     15.301       
# span 2 =    12.7000,    12.7245       
# span 3 =  32.217966,  32.241007       
# span 4 =    27.0088,    27.0224       
# span 5 =      0.621,     15.163       
# span 6 =  274.16887,  274.30798       
# span 7 =  274.31777,  274.45546       
# span 8 =    17.6611,    80.4938       
# span 9 =     7.9204,    14.2446       
# span 10 = 0.0000e+00, 0.0000e+00      
# interval = seconds: 0.25
# start_time = May 06 2022 08:19:19 [Instrument's time stamp, header]
# bad_flag = -9.990e-29
*END*
[from data line 132]
 126.348012      3.775    12.7026  32.219940    27.0137      3.741  274.29439  274.44202    24.1047     9.4125 -9.990e-29
 126.348015      3.797    12.7024  32.220171    27.0140      3.763  274.29494  274.44255    21.9568     9.2507 -9.990e-29
 126.348018      3.815    12.7027  32.220345    27.0140      3.781  274.29338  274.44101    21.8790     9.1941 -9.990e-29
 126.348021      3.835    12.7028  32.220751    27.0143      3.800  274.29204  274.43967    21.8945     9.2386 -9.990e-29
 126.348024      3.853    12.7032  32.221157    27.0143      3.818  274.28944  274.43710    22.0346     9.2346 -9.990e-29
 126.348027      3.871    12.7038  32.223070    27.0157      3.837  274.28353  274.43120    21.9879     9.4853 -9.990e-29
 126.348030      3.897    12.7050  32.223823    27.0156      3.862  274.27716  274.42490    21.7856     9.4934 -9.990e-29
 126.348032      3.920    12.7062  32.223418    27.0137      3.885  274.27253  274.42036    21.9257     9.5095 -9.990e-29
 126.348035      3.951    12.7070  32.223418    27.0140      3.916  274.26908  274.41696    21.8945     9.4570 0.0000e+00
 126.348038      3.981    12.7072  32.224403    27.0137      3.945  274.26609  274.41397    22.3926     9.4570 0.0000e+00
 126.348041      4.006    12.7077  32.223592    27.0139      3.970  274.26565  274.41357    22.1747     9.4287 0.0000e+00
 126.348044      4.039    12.7080  32.224403    27.0135      4.003  274.26297  274.41090    22.3770     9.4044 0.0000e+00
 126.348047      4.066    12.7083  32.224229    27.0137      4.030  274.26172  274.40967    22.3303     9.4327 0.0000e+00
 126.348050      4.094    12.7083  32.223186    27.0135      4.057  274.26359  274.41156    22.2058     9.4327 -9.990e-29
 126.348053      4.117    12.7079  32.223418    27.0130      4.081  274.26509  274.41302    23.4198     9.5459 -9.990e-29
 126.348056      4.138    12.7075  32.223012    27.0129      4.101  274.26740  274.41531    23.7000     9.5378 -9.990e-29
 126.348058      4.158    12.7072  32.222375    27.0125      4.120  274.27012  274.41802    23.4354     9.5621 -9.990e-29
 126.348061      4.174    12.7067  32.221158    27.0118      4.137  274.27450  274.42238    23.2953     9.5702 -9.990e-29
 126.348064      4.189    12.7059  32.220578    27.0118      4.151  274.27901  274.42685    21.8634     9.4570 -9.990e-29
 126.348067      4.212    12.7047  32.219825    27.0119      4.175  274.28573  274.43349    21.8167     9.3720 -9.990e-29
 126.348070      4.236    12.7036  32.219941    27.0128      4.198  274.29027  274.43796    21.7856     9.4246 -9.990e-29
 126.348073      4.267    12.7030  32.220579    27.0138      4.229  274.29169  274.43933    21.8012     9.3923 -9.990e-29
 126.348076      4.291    12.7030  32.220579    27.0142      4.253  274.29170  274.43935    22.1591     9.0930 -9.990e-29
 126.348079      4.320    12.7032  32.221158    27.0144      4.281  274.29006  274.43771    22.2992     9.1011 0.0000e+00
 126.348082      4.349    12.7035  32.221796    27.0146      4.310  274.28768  274.43535    22.1591     9.1052 0.0000e+00
 126.348084      4.377    12.7042  32.222782    27.0148      4.337  274.28280  274.43050    22.0657     9.1618 0.0000e+00
 126.348087      4.404    12.7050  32.223071    27.0150      4.365  274.27851  274.42627    22.4860     9.5985 -9.990e-29
 126.348090      4.426    12.7057  32.223187    27.0142      4.386  274.27516  274.42296    22.5482     9.5500 -9.990e-29
 126.348093      4.450    12.7061  32.223013    27.0138      4.410  274.27391  274.42174    22.4393     9.5702 -9.990e-29
 126.348096      4.472    12.7063  32.222608    27.0133      4.432  274.27370  274.42154    22.6261     9.5419 -9.990e-29
 126.348099      4.484    12.7060  32.221796    27.0127      4.444  274.27641  274.42424    22.4548     9.5702 -9.990e-29
 126.348102      4.504    12.7055  32.221796    27.0131      4.464  274.27863  274.42643    23.6222    10.1848 -9.990e-29
 126.348105      4.523    12.7050  32.221391    27.0133      4.482  274.28189  274.42966    23.3109    10.1808 -9.990e-29
 126.348108      4.548    12.7047  32.221507    27.0134      4.508  274.28265  274.43040    23.6222    10.1848 0.0000e+00
 126.348111      4.579    12.7045  32.221391    27.0134      4.538  274.28414  274.43187    23.3731    10.2253 0.0000e+00
 126.348113      4.607    12.7042  32.221565    27.0138      4.565  274.28511  274.43282    30.3926    10.9652 0.0000e+00
 126.348116      4.634    12.7043  32.221971    27.0140      4.593  274.28377  274.43149    30.3926    10.9693 0.0000e+00
 126.348119      4.661    12.7044  32.221971    27.0140      4.620  274.28347  274.43120    30.2992    10.9491 0.0000e+00
 126.348122      4.694    12.7045  32.222377    27.0140      4.652  274.28246  274.43019    30.2681    10.9774 -9.990e-29
 126.348125      4.716    12.7046  32.223014    27.0148      4.674  274.28071  274.42844    30.3926    11.0785 -9.990e-29
 126.348128      4.740    12.7048  32.223246    27.0148      4.697  274.27937  274.42711    30.5638    11.0663 -9.990e-29
 126.348131      4.765    12.7054  32.223420    27.0146      4.723  274.27655  274.42433    30.5327    11.1149 -9.990e-29
 126.348134      4.784    12.7056  32.223420    27.0144      4.741  274.27562  274.42341    30.4704    11.0825 -9.990e-29
 126.348137      4.802    12.7060  32.223826    27.0145      4.759  274.27301  274.42083    32.4315    11.3089 -9.990e-29
 126.348139      4.822    12.7063  32.224000    27.0144      4.779  274.27146  274.41929    32.1669    11.3292 -9.990e-29
 126.348142      4.836    12.7066  32.223594    27.0138      4.793  274.27092  274.41878    32.1202    11.3009 -9.990e-29
 126.348145      4.856    12.7066  32.223826    27.0137      4.813  274.27052  274.41838    32.2136    11.2483 -9.990e-29
 126.348148      4.884    12.7063  32.223247    27.0140      4.840  274.27283  274.42067    32.1358    11.3494 0.0000e+00
 126.348151      4.915    12.7061  32.223595    27.0142      4.871  274.27318  274.42100    32.4004    11.5030 0.0000e+00
 126.348154      4.942    12.7062  32.223827    27.0143      4.898  274.27247  274.42030    32.2603    11.4869 0.0000e+00
 126.348157      4.971    12.7061  32.224001    27.0143      4.927  274.27250  274.42032    32.2292    11.4869 0.0000e+00
 126.348160      4.998    12.7062  32.223827    27.0145      4.954  274.27219  274.42002    32.4315    11.5273 0.0000e+00
 126.348163      5.026    12.7064  32.224233    27.0145      4.981  274.27086  274.41869    30.5015    11.1472 0.0000e+00
 126.348166      5.052    12.7065  32.224638    27.0147      5.006  274.26953  274.41737    30.6105    11.1512 0.0000e+00
 126.348168      5.081    12.7067  32.224233    27.0148      5.035  274.26932  274.41718    30.5638    11.1432 -9.990e-29
 126.348171      5.101    12.7070  32.224812    27.0146      5.055  274.26735  274.41522    30.4237    11.1998 -9.990e-29
 126.348174      5.121    12.7072  32.225044    27.0146      5.075  274.26569  274.41358    29.9724    11.0785 -9.990e-29
 126.348177      5.135    12.7074  32.225218    27.0147      5.090  274.26476  274.41265    30.1903    11.1068 -9.990e-29
 126.348180      5.155    12.7075  32.225218    27.0146      5.109  274.26446  274.41236    30.0346    11.1310 -9.990e-29
 126.348183      5.179    12.7076  32.224813    27.0141      5.133  274.26457  274.41247    30.0657    11.1391 -9.990e-29
 126.348186      5.205    12.7075  32.224639    27.0140      5.158  274.26521  274.41311    31.4510    11.1351 -9.990e-29
 126.348189      5.226    12.7072  32.224407    27.0138      5.180  274.26689  274.41478    31.6844    11.1998 -9.990e-29
 126.348192      5.254    12.7070  32.224001    27.0140      5.207  274.26858  274.41646    31.3576    11.1674 0.0000e+00
 126.348194      5.285    12.7068  32.224233    27.0140      5.237  274.26913  274.41700    31.7000    11.1755 0.0000e+00
 126.348197      5.314    12.7065  32.224233    27.0141      5.266  274.27042  274.41826    31.5755    11.1998 -9.990e-29
 126.348200      5.336    12.7063  32.223828    27.0141      5.288  274.27210  274.41993    30.0657    10.9005 -9.990e-29
 126.348203      5.369    12.7060  32.223596    27.0141      5.321  274.27411  274.42192    29.9257    10.9167 -9.990e-29
 126.348206      5.389    12.7057  32.224060    27.0147      5.341  274.27424  274.42204    30.1436    10.8965 -9.990e-29
 126.348209      5.409    12.7059  32.224814    27.0153      5.360  274.27229  274.42009    29.9257    10.9450 -9.990e-29
 126.348212      5.433    12.7062  32.224814    27.0151      5.384  274.27104  274.41886    28.4626    11.2362 -9.990e-29
 126.348215      5.447    12.7065  32.224234    27.0143      5.398  274.27050  274.41835    28.6183    11.2362 -9.990e-29
 126.348218      5.464    12.7064  32.223828    27.0140      5.415  274.27186  274.41970    28.5249    11.2604 -9.990e-29
 126.348220      5.485    12.7065  32.224408    27.0145      5.436  274.27053  274.41837    28.8517    11.2564 -9.990e-29
 126.348223      5.509    12.7065  32.224640    27.0143      5.460  274.26982  274.41766    31.1241    11.6527 -9.990e-29
 126.348226      5.537    12.7065  32.224234    27.0147      5.487  274.27088  274.41872    31.2486    11.6446 0.0000e+00
 126.348229      5.566    12.7065  32.225046    27.0147      5.516  274.26914  274.41698    31.0619    11.6365 0.0000e+00
 126.348232      5.599    12.7067  32.225046    27.0150      5.549  274.26821  274.41606    31.1241    11.6324 -9.990e-29
 126.348235      5.624    12.7067  32.225046    27.0148      5.574  274.26823  274.41608    28.8829    11.3009 -9.990e-29
 126.348238      5.652    12.7070  32.225220    27.0149      5.601  274.26699  274.41486    28.8206    11.2928 0.0000e+00
 126.348241      5.679    12.7070  32.225452    27.0149      5.628  274.26660  274.41446    28.8206    11.3130 0.0000e+00
 126.348244      5.708    12.7072  32.225452    27.0149      5.657  274.26567  274.41355    28.7272    11.3211 0.0000e+00
 126.348247      5.734    12.7072  32.225394    27.0149      5.683  274.26547  274.41336    28.9296    11.3049 -9.990e-29
 126.348249      5.749    12.7076  32.225626    27.0147      5.697  274.26349  274.41140    32.1825    11.1229 -9.990e-29
 126.348252      5.772    12.7075  32.225452    27.0146      5.721  274.26413  274.41203    32.3226    11.1391 -9.990e-29
 126.348255      5.788    12.7077  32.225858    27.0149      5.737  274.26279  274.41070    32.1358    11.0906 -9.990e-29
 126.348258      5.805    12.7078  32.225626    27.0145      5.753  274.26258  274.41050    32.2914    11.1270 -9.990e-29
 126.348261      5.827    12.7077  32.225452    27.0144      5.775  274.26322  274.41114    29.2253    11.4020 -9.990e-29
 126.348264      5.854    12.7075  32.224815    27.0140      5.802  274.26532  274.41323    28.9762    11.4343 -9.990e-29
 126.348267      5.878    12.7071  32.224815    27.0142      5.825  274.26723  274.41511    28.8673    11.4424 -9.990e-29
 126.348270      5.909    12.7070  32.224641    27.0144      5.856  274.26819  274.41606    29.2097    11.4020 0.0000e+00
 126.348273      5.936    12.7069  32.225047    27.0146      5.883  274.26780  274.41566    27.6377    10.9531 0.0000e+00
 126.348275      5.963    12.7068  32.225047    27.0146      5.910  274.26813  274.41599    27.3576    10.9046 0.0000e+00
 126.348278      5.989    12.7069  32.224641    27.0145      5.935  274.26855  274.41642    27.4354    10.9005 0.0000e+00
 126.348281      6.016    12.7068  32.224641    27.0142      5.962  274.26889  274.41675    27.5443    10.9167 -9.990e-29
 126.348284      6.036    12.7067  32.224410    27.0141      5.982  274.26994  274.41780    26.5638    10.8803 -9.990e-29
 126.348287      6.058    12.7066  32.224236    27.0140      6.004  274.27058  274.41844    26.5638    10.8318 -9.990e-29
 126.348290      6.073    12.7062  32.224236    27.0143      6.019  274.27217  274.42000    26.6105    10.8439 -9.990e-29
 126.348293      6.097    12.7060  32.223019    27.0133      6.042  274.27561  274.42343    26.7817    10.8561 -9.990e-29
 126.348296      6.111    12.7057  32.223019    27.0135      6.057  274.27657  274.42437    26.5949    10.8561 -9.990e-29
 126.348299      6.133    12.7050  32.222207    27.0139      6.079  274.28118  274.42895    28.7584    11.1917 -9.990e-29
 126.348302      6.161    12.7043  32.222381    27.0139      6.106  274.28404  274.43176    28.6961    11.2038 0.0000e+00
 126.348304      6.188    12.7038  32.221976    27.0139      6.133  274.28699  274.43468    28.8673    11.2119 0.0000e+00
 126.348307      6.219    12.7034  32.221512    27.0137      6.163  274.28973  274.43740    28.8362    11.1876 0.0000e+00
 126.348310      6.248    12.7031  32.220353    27.0133      6.192  274.29307  274.44073    27.5132    10.8722 0.0000e+00
 126.348313      6.277    12.7025  32.220353    27.0133      6.221  274.29561  274.44323    27.2175    10.8520 0.0000e+00
 126.348316      6.306    12.7020  32.220353    27.0134      6.250  274.29784  274.44543    27.3576    10.8682 0.0000e+00
 126.348319      6.334    12.7016  32.220353    27.0136      6.277  274.29975  274.44731    27.3264    10.8722 -9.990e-29
 126.348322      6.358    12.7012  32.220585    27.0144      6.301  274.30125  274.44878    26.5638    10.8358 -9.990e-29
 126.348325      6.379    12.7011  32.220353    27.0142      6.322  274.30199  274.44952    26.5949    10.8641 -9.990e-29
 126.348328      6.401    12.7012  32.220585    27.0143      6.344  274.30096  274.44850    26.7661    10.8237 -9.990e-29
 126.348330      6.416    12.7012  32.219948    27.0137      6.359  274.30210  274.44965    26.4548    10.7792 -9.990e-29
 126.348333      6.432    12.7011  32.218731    27.0127      6.375  274.30491  274.45245    29.2253    11.2038 -9.990e-29
 126.348336      6.456    12.7007  32.218731    27.0130      6.398  274.30681  274.45433    29.3342    11.1796 -9.990e-29
 126.348339      6.478    12.7000  32.219774    27.0144      6.420  274.30782  274.45528    29.3654    11.1796 -9.990e-29
 126.348342      6.499    12.7002  32.219774    27.0144      6.441  274.30720  274.45468    29.3498    11.1836 -9.990e-29
 126.348345      6.530    12.7002  32.219948    27.0141      6.472  274.30659  274.45407    29.4432    11.1391 0.0000e+00
 126.348348      6.558    12.7002  32.219253    27.0141      6.499  274.30785  274.45533    31.2175    11.3575 0.0000e+00
 126.348351      6.589    12.7001  32.219543    27.0138      6.530  274.30798  274.45546    31.4043    11.3494 -9.990e-29
 126.348354      6.614    12.7001  32.219949    27.0145      6.555  274.30728  274.45475    31.1085    11.3534 -9.990e-29
 126.348356      6.638    12.7002  32.220586    27.0154      6.579  274.30585  274.45332    31.1552    11.3817 -9.990e-29
 126.348359      6.663    12.7007  32.221398    27.0154      6.604  274.30221  274.44971    29.1008    11.2645 0.0000e+00
 126.348362      6.689    12.7013  32.220180    27.0154      6.629  274.30155  274.44910    29.2564    11.2442 -9.990e-29
 126.348365      6.709    12.7016  32.220181    27.0136      6.649  274.30030  274.44787    29.2720    11.2847 -9.990e-29
 126.348368      6.727    12.7017  32.222093    27.0153      6.667  274.29628  274.44384    29.3342    11.2604 -9.990e-29
 126.348371      6.746    12.7024  32.223021    27.0157      6.685  274.29181  274.43940    30.5171    11.3575 -9.990e-29
 126.348374      6.760    12.7031  32.223021    27.0152      6.700  274.28866  274.43630    30.5015    11.4222 -9.990e-29
 126.348377      6.784    12.7035  32.222789    27.0144      6.723  274.28720  274.43486    30.5171    11.3656 -9.990e-29
 126.348380      6.810    12.7041  32.223021    27.0146      6.749  274.28428  274.43198    30.3926    11.3939 0.0000e+00
 126.348383      6.841    12.7041  32.223427    27.0148      6.779  274.28358  274.43128    29.9257    11.2887 0.0000e+00
 126.348385      6.868    12.7044  32.223833    27.0149      6.806  274.28161  274.42933    30.1903    11.3049 0.0000e+00
