Processed/SBE19plus_01907321_2022_05_09_Cast92_wfilter.cnv
* Sea-Bird SBE19plus  Data File:
* FileName = E:\Prandtl Daten\2022\CTD\Raw\SBE19plus_01907321_2022_05_08_Cast92.hex
* Software version 2.6.1.12
* Temperature SN = 7321
* Conductivity SN = 7321
* System UpLoad Time = May 09 2022 06:52:03
* <ApplicationData>
* <Seaterm232>
** Messpraktikum 2022
** CTD 09.05 BW2
** NMEA Latitude = 54 07.846 N
** NMEA Longitude = 008 44.966 E
# nquan = 11
# nvalues = 724                         
# units = specified
# name 0 = timeJ: Julian Days
# name 1 = prdM: Pressure, Strain Gauge [db]
# name 2 = tv290C: Temperature [ITS-90, deg C]
# name 3 = c0mS/cm: Conductivity [mS/cm]
# name 4 = sal00: Salinity, Practical [PSU]
# name 5 = depSM: Depth [salt water, m], lat = 54.00
# name 6 = oxsatMm/Kg: Oxygen Saturation, Weiss [umol/kg]
# name 7 = oxsolMm/Kg: Oxygen Saturation, Garcia & Gordon [umol/kg]
# name 8 = turbWETntu0: Turbidity, WET Labs ECO [NTU]
# name 9 = flECO-AFL: Fluorescence, WET Labs ECO-AFL/FL [mg/m^3]
# name 10 = flag:  0.000e+00
# span 0 = 129.280072, 129.282164       
# span 1 =      0.568,     17.300       
# span 2 =    12.9292,    12.9653       
# span 3 =  32.389814,  32.500524       
# span 4 =    26.9925,    27.1061       
# span 5 =      0.563,     17.145       
# span 6 =  272.75532,  272.93442       
# span 7 =  272.91649,  273.09580       
# span 8 =    -6.3389,    27.3887       
# span 9 =    -0.1709,     6.7639       
# span 10 = 0.0000e+00, 0.0000e+00      
# interval = seconds: 0.25
# start_time = May 09 2022 06:42:01 [Instrument's time stamp, header]
# bad_flag = -9.990e-29
*END*
[from data line 525]
 129.281591     12.754    12.9340  32.497428    27.1010     12.640  272.79223  272.95227    17.2253     5.2961 -9.990e-29
 129.281594     12.778    12.9339  32.496788    27.1013     12.664  272.79368  272.95373    16.9918     5.3365 -9.990e-29
 129.281597     12.800    12.9341  32.496381    27.1008     12.685  272.79378  272.95384    17.2097     5.3324 -9.990e-29
 129.281600     12.822    12.9342  32.496440    27.1007     12.707  272.79306  272.95313    16.6183     5.1586 -9.990e-29
 129.281603     12.835    12.9342  32.497021    27.1013     12.720  272.79205  272.95211    16.6494     5.1707 -9.990e-29
 129.281606     12.851    12.9341  32.496789    27.1011     12.736  272.79278  272.95284    16.6494     5.1667 -9.990e-29
 129.281609     12.870    12.9343  32.495567    27.0998     12.755  272.79400  272.95408    16.6027     5.1869 -9.990e-29
 129.281612     12.890    12.9343  32.496382    27.1006     12.774  272.79258  272.95266    17.1941     5.1100 -9.990e-29
 129.281615     12.912    12.9341  32.496789    27.1011     12.796  272.79314  272.95319    17.0229     5.1141 -9.990e-29
 129.281617     12.943    12.9341  32.496789    27.1011     12.827  272.79316  272.95321    17.0852     5.1020 0.0000e+00
 129.281620     12.970    12.9342  32.496789    27.1010     12.854  272.79255  272.95261    17.0074     5.0858 0.0000e+00
 129.281623     13.003    12.9343  32.496615    27.1009     12.887  272.79256  272.95263    17.0385     5.1100 0.0000e+00
 129.281626     13.032    12.9342  32.496789    27.1008     12.916  272.79259  272.95265    17.3965     5.3931 -9.990e-29
 129.281629     13.054    12.9343  32.496615    27.1008     12.937  272.79259  272.95266    17.3187     5.3648 -9.990e-29
 129.281632     13.080    12.9343  32.496208    27.1003     12.963  272.79301  272.95309    17.3187     5.3324 -9.990e-29
 129.281635     13.100    12.9343  32.495801    27.1000     12.982  272.79373  272.95382    17.2875     5.3850 -9.990e-29
 129.281638     13.118    12.9343  32.496789    27.1009     13.001  272.79233  272.95240    17.8323     5.3648 -9.990e-29
 129.281641     13.136    12.9343  32.496615    27.1007     13.019  272.79264  272.95271    17.9257     5.3688 -9.990e-29
 129.281644     13.153    12.9341  32.496790    27.1010     13.035  272.79298  272.95304    17.8323     5.3486 -9.990e-29
 129.281646     13.167    12.9339  32.496615    27.1010     13.049  272.79424  272.95428    17.8167     5.3931 -9.990e-29
 129.281649     13.187    12.9338  32.496208    27.1007     13.069  272.79559  272.95564    17.4743     5.5589 -9.990e-29
 129.281652     13.200    12.9338  32.497022    27.1016     13.082  272.79386  272.95390    17.6299     5.5751 -9.990e-29
 129.281655     13.233    12.9336  32.497023    27.1016     13.114  272.79514  272.95516    17.5677     5.5629 0.0000e+00
 129.281658     13.261    12.9335  32.497023    27.1016     13.142  272.79547  272.95549    17.5366     5.5589 0.0000e+00
 129.281661     13.291    12.9333  32.497023    27.1017     13.172  272.79612  272.95613    17.6299     5.7125 0.0000e+00
 129.281664     13.324    12.9333  32.497023    27.1017     13.205  272.79614  272.95615    17.5677     5.7045 0.0000e+00
 129.281667     13.355    12.9332  32.497023    27.1018     13.235  272.79679  272.95679    17.5210     5.7206 0.0000e+00
 129.281670     13.384    12.9330  32.496616    27.1018     13.264  272.79847  272.95845    17.5988     5.6842 -9.990e-29
 129.281672     13.406    12.9328  32.496791    27.1018     13.286  272.79880  272.95878    17.6455     5.7085 -9.990e-29
 129.281675     13.425    12.9326  32.497430    27.1026     13.304  272.79864  272.95859    17.8790     5.6195 -9.990e-29
 129.281678     13.445    12.9325  32.496791    27.1021     13.324  272.80040  272.96036    17.8167     5.6034 -9.990e-29
 129.281681     13.454    12.9324  32.497198    27.1025     13.333  272.80001  272.95995    17.8634     5.5993 -9.990e-29
 129.281684     13.470    12.9323  32.497605    27.1030     13.349  272.79993  272.95987    17.9568     5.6357 -9.990e-29
 129.281687     13.485    12.9321  32.498012    27.1035     13.364  272.79986  272.95978    15.5599     5.5508 -9.990e-29
 129.281690     13.503    12.9320  32.497605    27.1032     13.382  272.80121  272.96113    15.6377     5.5670 -9.990e-29
 129.281693     13.527    12.9320  32.498012    27.1032     13.406  272.80020  272.96011    15.7311     5.5468 -9.990e-29
 129.281696     13.554    12.9321  32.497780    27.1028     13.433  272.80031  272.96023    15.6533     5.5387 0.0000e+00
 129.281698     13.582    12.9323  32.497024    27.1032     13.460  272.80071  272.96065    19.2953     5.8177 0.0000e+00
 129.281701     13.618    12.9322  32.497838    27.1032     13.496  272.79993  272.95986    19.3264     5.8056 0.0000e+00
 129.281704     13.653    12.9323  32.498245    27.1035     13.530  272.79893  272.95885    19.3576     5.8096 0.0000e+00
 129.281707     13.680    12.9321  32.498827    27.1038     13.558  272.79855  272.95847    19.2019     5.8177 0.0000e+00
 129.281710     13.706    12.9320  32.498536    27.1041     13.583  272.79939  272.95931    19.5755     5.8864 -9.990e-29
 129.281713     13.728    12.9319  32.498653    27.1041     13.605  272.79983  272.95973    19.5910     5.8986 -9.990e-29
 129.281716     13.751    12.9318  32.498653    27.1042     13.628  272.80048  272.96037    19.6066     5.8864 -9.990e-29
 129.281719     13.766    12.9316  32.498827    27.1045     13.642  272.80081  272.96069    19.5443     5.9026 -9.990e-29
 129.281722     13.780    12.9315  32.498944    27.1047     13.657  272.80124  272.96112    19.5599     5.8662 -9.990e-29
 129.281725     13.793    12.9315  32.499060    27.1048     13.670  272.80105  272.96092    18.7661     5.6842 -9.990e-29
 129.281727     13.808    12.9311  32.498828    27.1048     13.684  272.80304  272.96289    18.8595     5.6883 -9.990e-29
 129.281730     13.828    12.9311  32.498246    27.1043     13.704  272.80407  272.96393    18.8440     5.6802 -9.990e-29
 129.281733     13.848    12.9308  32.498014    27.1047     13.724  272.80575  272.96559    18.7661     5.7287 -9.990e-29
 129.281736     13.875    12.9307  32.498363    27.1046     13.751  272.80579  272.96561    18.7973     5.9956 0.0000e+00
 129.281739     13.904    12.9304  32.498014    27.1046     13.779  272.80768  272.96749    18.8906     5.9592 0.0000e+00
 129.281742     13.937    12.9305  32.498246    27.1046     13.812  272.80666  272.96648    18.7973     5.9390 0.0000e+00
 129.281745     13.966    12.9303  32.498654    27.1050     13.841  272.80691  272.96671    18.8595     5.9633 0.0000e+00
 129.281748     13.995    12.9301  32.498363    27.1051     13.870  272.80838  272.96817    19.9957     6.0765 0.0000e+00
 129.281751     14.023    12.9301  32.496618    27.1050     13.897  272.81146  272.97127    19.9179     6.0684 -9.990e-29
 129.281753     14.044    12.9301  32.498247    27.1049     13.919  272.80862  272.96841    19.9646     6.1088 -9.990e-29
 129.281756     14.070    12.9300  32.498247    27.1050     13.944  272.80895  272.96873    20.0268     6.0927 -9.990e-29
 129.281759     14.085    12.9299  32.497840    27.1047     13.958  272.81030  272.97008    19.5288     5.9269 -9.990e-29
 129.281762     14.099    12.9299  32.498363    27.1052     13.973  272.80939  272.96917    19.6222     5.9713 -9.990e-29
 129.281765     14.114    12.9295  32.498247    27.1053     13.987  272.81118  272.97093    19.4665     5.9835 -9.990e-29
 129.281768     14.130    12.9297  32.498422    27.1054     14.004  272.81025  272.97001    19.5288     5.9309 -9.990e-29
 129.281771     14.152    12.9297  32.498654    27.1056     14.025  272.80986  272.96962    19.5288     5.9592 -9.990e-29
 129.281774     14.178    12.9297  32.498654    27.1055     14.051  272.80956  272.96932    20.2603     6.0360 -9.990e-29
 129.281777     14.202    12.9297  32.492722    27.1050     14.074  272.82030  272.98012    20.2759     6.0158 -9.990e-29
 129.281780     14.231    12.9296  32.498015    27.1053     14.103  272.81135  272.97111    20.2603     6.0037 0.0000e+00
 129.281782     14.256    12.9295  32.498655    27.1055     14.128  272.81055  272.97031    20.2136     6.0037 0.0000e+00
 129.281785     14.286    12.9295  32.498422    27.1056     14.158  272.81130  272.97104    20.4626     5.9107 0.0000e+00
 129.281788     14.315    12.9295  32.498946    27.1057     14.186  272.81008  272.96983    20.5249     5.9026 0.0000e+00
 129.281791     14.342    12.9294  32.498422    27.1059     14.214  272.81165  272.97139    20.5871     5.8783 -9.990e-29
 129.281794     14.366    12.9294  32.499062    27.1061     14.237  272.81054  272.97028    20.5871     5.8824 -9.990e-29
 129.281797     14.386    12.9294  32.498422    27.1055     14.257  272.81167  272.97142    17.5210     5.6398 -9.990e-29
 129.281800     14.400    12.9293  32.498423    27.1055     14.271  272.81200  272.97174    17.6611     5.5993 -9.990e-29
 129.281803     14.417    12.9292  32.498946    27.1060     14.288  272.81141  272.97114    17.6299     5.6438 -9.990e-29
 129.281806     14.437    12.9292  32.498830    27.1060     14.308  272.81194  272.97166    17.6611     5.6317 -9.990e-29
 129.281808     14.455    12.9292  32.498016    27.1052     14.326  272.81338  272.97311    15.4976     5.3729 -9.990e-29
 129.281811     14.477    12.9292  32.498655    27.1058     14.347  272.81227  272.97200    15.5599     5.3850 -9.990e-29
 129.281814     14.503    12.9293  32.498423    27.1055     14.373  272.81206  272.97180    15.5288     5.3850 -9.990e-29
 129.281817     14.526    12.9297  32.497783    27.1035     14.396  272.81131  272.97109    15.6222     5.3891 -9.990e-29
 129.281820     14.552    12.9300  32.496794    27.1037     14.421  272.81181  272.97161    15.6844     5.3688 0.0000e+00
 129.281823     14.583    12.9305  32.497609    27.1037     14.452  272.80820  272.96802    19.8868     5.4861 0.0000e+00
 129.281826     14.609    12.9310  32.497841    27.1037     14.478  272.80560  272.96546    19.7622     5.5185 0.0000e+00
 129.281829     14.636    12.9311  32.497609    27.1035     14.505  272.80571  272.96558    19.7778     5.4780 0.0000e+00
 129.281832     14.663    12.9313  32.497842    27.1035     14.532  272.80438  272.96425    19.8245     5.5265 0.0000e+00
 129.281834     14.689    12.9313  32.497609    27.1035     14.557  272.80480  272.96468    17.5988     5.4457 -9.990e-29
 129.281837     14.709    12.9314  32.496795    27.1024     14.577  272.80593  272.96582    17.4899     5.4457 -9.990e-29
 129.281840     14.729    12.9318  32.496388    27.1018     14.597  272.80508  272.96500    17.5677     5.3931 -9.990e-29
 129.281843     14.749    12.9325  32.494701    27.0997     14.616  272.80491  272.96489    17.5988     5.4214 -9.990e-29
 129.281846     14.769    12.9330  32.495806    27.1004     14.637  272.80078  272.96078    18.0969     5.5670 -9.990e-29
 129.281849     14.794    12.9333  32.495399    27.0997     14.662  272.79994  272.95997    18.0191     5.5427 -9.990e-29
 129.281852     14.816    12.9336  32.495806    27.0999     14.684  272.79798  272.95802    18.1903     5.5832 -9.990e-29
 129.281855     14.838    12.9338  32.495399    27.0984     14.705  272.79808  272.95814    18.1124     5.6034 -9.990e-29
 129.281858     14.864    12.9340  32.494469    27.0986     14.731  272.79879  272.95886    13.3809     5.0696 0.0000e+00
 129.281861     14.891    12.9341  32.495167    27.0986     14.758  272.79695  272.95703    13.3809     5.0332 0.0000e+00
 129.281863     14.917    12.9343  32.494992    27.0989     14.783  272.79664  272.95673    13.3342     5.0413 -9.990e-29
 129.281866     14.939    12.9343  32.495167    27.0988     14.805  272.79635  272.95644    13.3654     5.0413 -9.990e-29
 129.281869     14.966    12.9346  32.495283    27.0987     14.832  272.79491  272.95501    13.3809     5.0696 -9.990e-29
 129.281872     14.990    12.9346  32.494585    27.0980     14.855  272.79614  272.95626    13.4276     4.7421 -9.990e-29
 129.281875     15.004    12.9346  32.494992    27.0984     14.870  272.79544  272.95555    13.3187     4.7906 -9.990e-29
 129.281878     15.024    12.9347  32.493946    27.0973     14.890  272.79666  272.95679    13.4276     4.7582 -9.990e-29
 129.281881     15.041    12.9348  32.493539    27.0968     14.906  272.79676  272.95690    13.2720     4.7178 -9.990e-29
 129.281884     15.061    12.9351  32.494120    27.0972     14.926  272.79480  272.95496    13.8634     5.0130 -9.990e-29
 129.281887     15.085    12.9356  32.492550    27.0950     14.949  272.79537  272.95557    13.9879     4.9928 -9.990e-29
 129.281889     15.114    12.9359  32.492317    27.0954     14.978  272.79454  272.95476    13.8634     5.0211 0.0000e+00
 129.281892     15.141    12.9361  32.493364    27.0950     15.005  272.79178  272.95200    13.8167     4.9604 0.0000e+00
 129.281895     15.167    12.9365  32.492899    27.0954     15.031  272.79072  272.95098    14.6572     4.9766 0.0000e+00
 129.281898     15.198    12.9369  32.492725    27.0950     15.061  272.78947  272.94976    14.5638     4.9847 -9.990e-29
 129.281901     15.218    12.9374  32.492317    27.0935     15.081  272.78800  272.94832    14.6261     4.9685 -9.990e-29
 129.281904     15.245    12.9376  32.492143    27.0935     15.108  272.78706  272.94740    14.7506     4.9847 0.0000e+00
 129.281907     15.272    12.9379  32.492318    27.0935     15.135  272.78583  272.94618    14.7039     5.1909 -9.990e-29
 129.281910     15.294    12.9381  32.492725    27.0937     15.157  272.78419  272.94455    14.4860     5.1828 -9.990e-29
 129.281913     15.314    12.9383  32.492550    27.0934     15.177  272.78356  272.94394    14.5794     5.1869 -9.990e-29
 129.281916     15.336    12.9384  32.491911    27.0927     15.199  272.78438  272.94477    14.7194     5.1990 -9.990e-29
 129.281918     15.350    12.9385  32.492725    27.0934     15.213  272.78233  272.94272    14.6883     5.1869 -9.990e-29
 129.281921     15.372    12.9385  32.492318    27.0930     15.235  272.78306  272.94345    14.2525     5.0737 -9.990e-29
 129.281924     15.392    12.9386  32.491736    27.0924     15.254  272.78378  272.94418    14.4548     5.0534 -9.990e-29
 129.281927     15.420    12.9386  32.492144    27.0928     15.282  272.78308  272.94348    14.3770     5.0413 -9.990e-29
 129.281930     15.444    12.9385  32.493132    27.0935     15.305  272.78168  272.94206    14.3926     5.0817 -9.990e-29
 129.281933     15.474    12.9386  32.492958    27.0934     15.336  272.78169  272.94208    16.3226     5.6357 0.0000e+00
 129.281936     15.504    12.9385  32.492551    27.0935     15.365  272.78274  272.94313    16.3537     5.6236 0.0000e+00
 129.281939     15.533    12.9385  32.493365    27.0936     15.393  272.78133  272.94171    16.4004     5.6276 0.0000e+00
 129.281942     15.560    12.9384  32.493947    27.0939     15.421  272.78064  272.94101    16.4159     5.5953 -9.990e-29
 129.281944     15.584    12.9383  32.494761    27.0953     15.444  272.77986  272.94021    16.3537     5.7570 -9.990e-29
 129.281947     15.608    12.9380  32.494180    27.0950     15.468  272.78215  272.94249    16.3537     5.7489 -9.990e-29
 129.281950     15.626    12.9376  32.494471    27.0955     15.486  272.78323  272.94354    16.4626     5.7772 -9.990e-29
 129.281953     15.641    12.9376  32.494761    27.0958     15.500  272.78304  272.94335    16.4626     5.7570 -9.990e-29
 129.281956     15.657    12.9372  32.495576    27.0968     15.517  272.78320  272.94347    16.9762     5.5265 -9.990e-29
 129.281959     15.672    12.9371  32.496216    27.0975     15.531  272.78271  272.94298    16.8362     5.5225 -9.990e-29
 129.281962     15.692    12.9366  32.495401    27.0971     15.551  272.78604  272.94629    16.8206     5.4942 -9.990e-29
 129.281965     15.716    12.9362  32.495867    27.0987     15.575  272.78713  272.94734    16.8984     5.4780 -9.990e-29
