Processed/SBE19plus_01907321_2022_05_06_Cast47_wfilter.cnv
* Sea-Bird SBE19plus  Data File:
* FileName = E:\Prandtl Daten\2022\CTD\Raw\SBE19plus_01907321_2022_05_06_Cast47.hex
* Software version 2.6.1.12
* Temperature SN = 7321
* Conductivity SN = 7321
* System UpLoad Time = May 06 2022 11:00:30
* <ApplicationData>
* <Seaterm232>
** Messpraktikum 2022
** CTD 06.05 MP2
** NMEA Latitude = 54 03.522 N
** NMEA Longitude = 008 42.838 E
# nquan = 11
# nvalues = 340                         
# units = specified
# name 0 = timeJ: Julian Days
# name 1 = prdM: Pressure, Strain Gauge [db]
# name 2 = tv290C: Temperature [ITS-90, deg C]
# name 3 = c0mS/cm: Conductivity [mS/cm]
# name 4 = sal00: Salinity, Practical [PSU]
# name 5 = depSM: Depth [salt water, m], lat = 54.00
# name 6 = oxsatMm/Kg: Oxygen Saturation, Weiss [umol/kg]
# name 7 = oxsolMm/Kg: Oxygen Saturation, Garcia & Gordon [umol/kg]
# name 8 = turbWETntu0: Turbidity, WET Labs ECO [NTU]
# name 9 = flECO-AFL: Fluorescence, WET Labs ECO-AFL/FL [mg/m^3]
# name 10 = flag:  0.000e+00
# span 0 = 126.454896, 126.455877       
# span 1 =      0.573,      8.884       
# span 2 =    12.6831,    12.8137       
# span 3 =  32.147531,  32.235282       
# span 4 =    26.9466,    26.9651       
# span 5 =      0.567,      8.804       
# span 6 =  273.77667,  274.51172       
# span 7 =  273.93138,  274.65878       
# span 8 =    37.8167,   106.6416       
# span 9 =    10.6741,    15.9066       
# span 10 = 0.0000e+00, 0.0000e+00      
# interval = seconds: 0.25
# start_time = May 06 2022 10:53:54 [Instrument's time stamp, header]
# bad_flag = -9.990e-29
*END*
 126.454896      0.573    12.7791  32.212270    26.9531      0.567  273.96774  274.12041    39.8089    11.1755 0.0000e+00
 126.454899      0.605    12.7799  32.216328    26.9547      0.600  273.95711  274.10979    39.7311    11.1553 0.0000e+00
 126.454902      0.633    12.7828  32.222182    26.9563      0.627  273.93414  274.08695    39.7311    11.1270 -9.990e-29
 126.454905      0.651    12.7881  32.223573    26.9571      0.645  273.90800  274.06115    39.6066    11.1836 -9.990e-29
 126.454907      0.677    12.7933  32.224210    26.9540      0.671  273.88384  274.03732    42.9840    11.3696 -9.990e-29
 126.454910      0.697    12.7967  32.224616    26.9519      0.691  273.86829  274.02198    42.7039    11.3292 -9.990e-29
 126.454913      0.717    12.7988  32.224789    26.9506      0.710  273.85883  274.01266    42.9529    11.3656 -9.990e-29
 126.454916      0.735    12.8003  32.225775    26.9504      0.728  273.85047  274.00439    42.9840    11.3251 -9.990e-29
 126.454919      0.748    12.8011  32.225601    26.9497      0.741  273.84731  274.00128    42.7350    11.3939 -9.990e-29
 126.454922      0.766    12.8014  32.224383    26.9487      0.759  273.84821  274.00221    42.8595    11.4262 -9.990e-29
 126.454925      0.791    12.8007  32.224210    26.9484      0.784  273.85138  274.00534    43.1241    11.4343 0.0000e+00
 126.454928      0.819    12.7996  32.222761    26.9481      0.812  273.85869  274.01260    42.7661    11.4545 0.0000e+00
 126.454931      0.846    12.7985  32.221138    26.9481      0.839  273.86664  274.02048    42.9062    11.4100 0.0000e+00
 126.454933      0.875    12.7974  32.221544    26.9485      0.868  273.87067  274.02445    39.5910    11.0097 0.0000e+00
 126.454936      0.908    12.7962  32.221892    26.9497      0.900  273.87545  274.02914    39.4665    10.9855 0.0000e+00
 126.454939      0.937    12.7964  32.224616    26.9521      0.929  273.86971  274.02338    39.4510    10.9895 0.0000e+00
 126.454942      0.963    12.7979  32.227631    26.9530      0.954  273.85776  274.01151    39.5288    10.9167 0.0000e+00
 126.454945      0.994    12.8008  32.234877    26.9538      0.985  273.83234  273.98620    37.8790    10.7105 -9.990e-29
 126.454948      1.016    12.8059  32.234297    26.9542      1.007  273.81064  273.96484    37.8167    10.7267 -9.990e-29
 126.454951      1.036    12.8097  32.233717    26.9510      1.027  273.79525  273.94970    37.9879    10.7226 -9.990e-29
 126.454954      1.052    12.8115  32.235282    26.9511      1.043  273.78429  273.93884    38.0346    10.6741 -9.990e-29
 126.454957      1.072    12.8129  32.234992    26.9499      1.062  273.77881  273.93346    40.2447    11.1027 -9.990e-29
 126.454959      1.092    12.8137  32.234065    26.9484      1.082  273.77667  273.93138    40.2447    10.9976 -9.990e-29
 126.454962      1.112    12.8136  32.233891    26.9490      1.102  273.77763  273.93233    40.2292    11.0421 -9.990e-29
 126.454965      1.138    12.8134  32.234471    26.9487      1.127  273.77756  273.93225    40.1980    11.0865 0.0000e+00
 126.454968      1.163    12.8135  32.233717    26.9483      1.153  273.77860  273.93329    40.1202    11.0704 0.0000e+00
 126.454971      1.189    12.8132  32.230644    26.9469      1.178  273.78499  273.93970    45.0385    11.2968 0.0000e+00
 126.454974      1.218    12.8113  32.230645    26.9466      1.207  273.79354  273.94812    45.1630    11.3049 0.0000e+00
 126.454977      1.244    12.8092  32.228616    26.9469      1.233  273.80661  273.96108    44.9296    11.2442 0.0000e+00
 126.454980      1.275    12.8075  32.228210    26.9474      1.263  273.81461  273.96898    45.1008    11.2442 0.0000e+00
 126.454983      1.302    12.8059  32.228211    26.9479      1.290  273.82158  273.97584    45.9257    11.6810 0.0000e+00
 126.454986      1.328    12.8046  32.226993    26.9485      1.316  273.82943  273.98362    46.0969    11.7376 -9.990e-29
 126.454988      1.350    12.8032  32.226414    26.9487      1.338  273.83679  273.99089    45.8012    11.6769 -9.990e-29
 126.454991      1.366    12.8019  32.223400    26.9469      1.354  273.84781  274.00186    46.0346    11.7133 -9.990e-29
 126.454994      1.382    12.7995  32.221951    26.9472      1.370  273.86112  274.01503    47.8245    12.1177 -9.990e-29
 126.454997      1.402    12.7970  32.221140    26.9483      1.390  273.87363  274.02738    47.7000    12.0813 -9.990e-29
 126.455000      1.424    12.7951  32.219749    26.9484      1.412  273.88463  274.03827    47.7155    12.1460 -9.990e-29
 126.455003      1.448    12.7931  32.218300    26.9484      1.435  273.89574  274.04926    47.7934    12.1136 -9.990e-29
 126.455006      1.479    12.7911  32.217141    26.9488      1.466  273.90697  274.06037    50.5015    12.3805 -9.990e-29
 126.455009      1.503    12.7892  32.216909    26.9502      1.489  273.91560  274.06889    50.9218    12.4452 -9.990e-29
 126.455012      1.537    12.7879  32.216330    26.9500      1.524  273.92234  274.07554    50.8284    12.3886 0.0000e+00
 126.455014      1.568    12.7865  32.214881    26.9499      1.554  273.93092  274.08405    50.7039    12.3805 0.0000e+00
 126.455017      1.596    12.7845  32.209781    26.9474      1.582  273.94912  274.10217    50.7661    12.3886 0.0000e+00
 126.455020      1.625    12.7810  32.208042    26.9470      1.611  273.96738  274.12022    52.3381    12.5787 0.0000e+00
 126.455023      1.651    12.7772  32.206594    26.9474      1.636  273.98702  274.13962    52.3381    12.5544 -9.990e-29
 126.455026      1.676    12.7738  32.206189    26.9509      1.661  274.00260  274.15499    52.4938    12.5706 -9.990e-29
 126.455029      1.694    12.7719  32.205204    26.9513      1.679  274.01288  274.16516    52.3692    12.5706 -9.990e-29
 126.455032      1.713    12.7700  32.202770    26.9504      1.697  274.02542  274.17759    50.8284    12.5342 -9.990e-29
 126.455035      1.731    12.7681  32.202596    26.9516      1.715  274.03427  274.18632    51.0152    12.4897 -9.990e-29
 126.455038      1.749    12.7664  32.202075    26.9523      1.733  274.04247  274.19442    50.8906    12.4937 -9.990e-29
 126.455041      1.771    12.7651  32.203176    26.9563      1.755  274.04653  274.19839    50.9373    12.4937 -9.990e-29
 126.455043      1.799    12.7648  32.205205    26.9556      1.782  274.04422  274.19604    52.9296    12.6555 0.0000e+00
 126.455046      1.830    12.7660  32.204567    26.9549      1.813  274.04000  274.19190    53.0696    12.6231 0.0000e+00
 126.455049      1.860    12.7671  32.204162    26.9537      1.844  274.03600  274.18798    52.8829    12.6514 0.0000e+00
 126.455052      1.888    12.7670  32.201959    26.9517      1.871  274.04024  274.19222    53.1630    12.6353 0.0000e+00
 126.455055      1.919    12.7657  32.199931    26.9513      1.902  274.04985  274.20177    58.2992    13.0841 0.0000e+00
 126.455058      1.946    12.7633  32.197266    26.9508      1.929  274.06501  274.21680    58.0969    13.1326 -9.990e-29
 126.455061      1.968    12.7603  32.196513    26.9514      1.951  274.07963  274.23123    58.0813    13.1650 -9.990e-29
 126.455064      1.997    12.7580  32.196339    26.9529      1.979  274.09006  274.24152    58.1903    13.1245 -9.990e-29
 126.455067      2.019    12.7563  32.195123    26.9530      2.001  274.09982  274.25117    58.1280    13.1326 -9.990e-29
 126.455069      2.037    12.7549  32.195702    26.9545      2.019  274.10512  274.25638    58.6572    13.3995 -9.990e-29
 126.455072      2.054    12.7541  32.195123    26.9545      2.036  274.10963  274.26084    58.5638    13.3672 -9.990e-29
 126.455075      2.070    12.7537  32.194080    26.9538      2.052  274.11307  274.26427    58.4082    13.4036 -9.990e-29
 126.455078      2.094    12.7533  32.195297    26.9552      2.075  274.11282  274.26398    58.4548    13.4116 -9.990e-29
 126.455081      2.116    12.7530  32.195761    26.9560      2.097  274.11328  274.26442    53.7389    13.0194 -9.990e-29
 126.455084      2.143    12.7532  32.196109    26.9563      2.124  274.11173  274.26288    53.5677    13.0356 0.0000e+00
 126.455087      2.174    12.7542  32.197499    26.9561      2.155  274.10487  274.25607    53.8012    12.9628 0.0000e+00
 126.455090      2.203    12.7554  32.197905    26.9561      2.183  274.09911  274.25038    53.8012    13.0356 0.0000e+00
 126.455093      2.230    12.7563  32.197094    26.9547      2.210  274.09646  274.24780    59.0619    13.3672 0.0000e+00
 126.455095      2.256    12.7564  32.195123    26.9528      2.236  274.09965  274.25102    58.9529    13.3833 0.0000e+00
 126.455098      2.281    12.7549  32.193269    26.9524      2.261  274.10927  274.26056    58.9062    13.4359 0.0000e+00
 126.455101      2.309    12.7524  32.191879    26.9521      2.288  274.12281  274.27395    58.9373    13.3591 -9.990e-29
 126.455104      2.329    12.7504  32.193502    26.9556      2.308  274.12911  274.28010    57.8790    13.3712 -9.990e-29
 126.455107      2.345    12.7498  32.193096    26.9556      2.324  274.13237  274.28332    54.5949    13.0356 -9.990e-29
 126.455110      2.365    12.7496  32.192864    26.9556      2.344  274.13374  274.28468    54.2836    13.0073 -9.990e-29
 126.455113      2.384    12.7497  32.194487    26.9569      2.362  274.13024  274.28118    54.5638    13.0396 -9.990e-29
 126.455116      2.404    12.7503  32.195704    26.9577      2.382  274.12557  274.27654    54.4393    12.9588 -9.990e-29
 126.455119      2.427    12.7512  32.195936    26.9564      2.406  274.12107  274.27209    54.6727    13.0962 -9.990e-29
 126.455122      2.455    12.7523  32.195936    26.9562      2.433  274.11635  274.26744    54.4082    13.0639 0.0000e+00
 126.455124      2.484    12.7529  32.195936    26.9562      2.462  274.11384  274.26497    54.4237    13.0396 0.0000e+00
 126.455127      2.515    12.7531  32.194893    26.9560      2.492  274.11476  274.26591    54.2992    13.0801 -9.990e-29
 126.455130      2.540    12.7526  32.194893    26.9556      2.518  274.11699  274.26811    50.0346    12.5787 -9.990e-29
 126.455133      2.573    12.7523  32.195125    26.9556      2.550  274.11786  274.26896    49.9101    12.5948 0.0000e+00
 126.455136      2.601    12.7521  32.195531    26.9556      2.577  274.11811  274.26919    50.0191    12.5908 -9.990e-29
 126.455139      2.624    12.7527  32.199355    26.9593      2.601  274.10882  274.25990    50.0035    12.5746 -9.990e-29
 126.455142      2.648    12.7552  32.201963    26.9599      2.624  274.09316  274.24438    52.8984    12.8577 -9.990e-29
 126.455145      2.675    12.7584  32.203817    26.9593      2.652  274.07537  274.22678    52.6805    12.8455 -9.990e-29
 126.455148      2.694    12.7620  32.206425    26.9591      2.670  274.05497  274.20659    52.7272    12.7930 -9.990e-29
 126.455150      2.712    12.7655  32.204976    26.9553      2.688  274.04207  274.19393    52.7117    12.8536 -9.990e-29
 126.455153      2.730    12.7666  32.203005    26.9532      2.706  274.04083  274.19278    52.8362    12.8213 -9.990e-29
 126.455156      2.758    12.7658  32.203005    26.9528      2.733  274.04432  274.19622    55.2486    13.0922 0.0000e+00
 126.455159      2.785    12.7651  32.201557    26.9528      2.760  274.05006  274.20193    55.2953    13.1448 0.0000e+00
 126.455162      2.814    12.7640  32.201789    26.9524      2.789  274.05441  274.20621    55.1552    13.1690 -9.990e-29
 126.455165      2.838    12.7632  32.201499    26.9534      2.813  274.05873  274.21047    55.0152    13.1205 -9.990e-29
 126.455168      2.867    12.7629  32.200978    26.9530      2.842  274.06062  274.21235    53.1630    13.0437 0.0000e+00
 126.455171      2.898    12.7627  32.199935    26.9529      2.872  274.06343  274.21517    53.1630    13.0194 0.0000e+00
 126.455174      2.926    12.7617  32.199529    26.9527      2.900  274.06859  274.22026    53.2720    12.9790 0.0000e+00
 126.455177      2.953    12.7607  32.198950    26.9529      2.927  274.07406  274.22567    53.1786    13.0073 -9.990e-29
 126.455179      2.971    12.7595  32.198544    26.9535      2.945  274.08016  274.23170    55.7622    13.2742 -9.990e-29
 126.455182      2.993    12.7582  32.197501    26.9535      2.967  274.08771  274.23917    55.7622    13.2135 -9.990e-29
 126.455185      3.013    12.7573  32.196690    26.9534      2.987  274.09326  274.24467    55.8401    13.3227 -9.990e-29
 126.455188      3.028    12.7559  32.195531    26.9533      3.001  274.10164  274.25297    55.8401    13.2661 -9.990e-29
 126.455191      3.048    12.7542  32.195300    26.9543      3.021  274.10965  274.26087    58.5015    13.6179 -9.990e-29
 126.455194      3.068    12.7529  32.194489    26.9545      3.041  274.11679  274.26793    58.5327    13.6502 -9.990e-29
 126.455197      3.096    12.7519  32.193910    26.9546      3.068  274.12225  274.27334    58.5015    13.6785 -9.990e-29
 126.455200      3.121    12.7506  32.193678    26.9546      3.093  274.12837  274.27937    58.5482    13.6623 -9.990e-29
 126.455203      3.152    12.7497  32.192287    26.9542      3.124  274.13464  274.28560    58.3926    13.6381 0.0000e+00
 126.455205      3.181    12.7484  32.190375    26.9546      3.153  274.14405  274.29494    57.8012    13.3793 0.0000e+00
 126.455208      3.209    12.7466  32.190665    26.9546      3.180  274.15145  274.30223    57.8167    13.3833 0.0000e+00
 126.455211      3.243    12.7451  32.189854    26.9554      3.214  274.15955  274.31023    57.8323    13.3955 -9.990e-29
 126.455214      3.267    12.7440  32.190666    26.9572      3.238  274.16286  274.31347    57.6299    13.3914 -9.990e-29
 126.455217      3.296    12.7434  32.191245    26.9581      3.267  274.16438  274.31494    46.7039    12.3846 -9.990e-29
 126.455220      3.318    12.7438  32.192868    26.9594      3.288  274.15994  274.31051    46.7973    12.4331 -9.990e-29
 126.455223      3.335    12.7454  32.196519    26.9616      3.305  274.14622  274.29686    46.9062    12.3886 -9.990e-29
 126.455226      3.353    12.7489  32.199532    26.9619      3.323  274.12573  274.27656    46.8751    12.4088 -9.990e-29
 126.455229      3.371    12.7530  32.201154    26.9604      3.341  274.10454  274.25563    50.9062    12.9143 -9.990e-29
 126.455231      3.395    12.7572  32.204399    26.9605      3.364  274.08049  274.23182    50.9062    12.9790 -9.990e-29
 126.455234      3.418    12.7612  32.205790    26.9561      3.388  274.06004  274.21162    50.8440    12.9871 -9.990e-29
 126.455237      3.446    12.7648  32.205616    26.9550      3.415  274.04457  274.19638    50.9373    12.9709 0.0000e+00
 126.455240      3.475    12.7668  32.204804    26.9539      3.444  274.03718  274.18913    56.8673    13.5127 0.0000e+00
 126.455243      3.508    12.7672  32.203993    26.9534      3.476  274.03674  274.18873    56.8050    13.4723 0.0000e+00
 126.455246      3.537    12.7669  32.203587    26.9529      3.505  274.03906  274.19103    56.9607    13.4642 -9.990e-29
 126.455249      3.562    12.7662  32.201675    26.9514      3.530  274.04530  274.19725    56.6338    13.4642 -9.990e-29
 126.455252      3.588    12.7647  32.198140    26.9493      3.556  274.05853  274.21041    56.8050    13.4440 -9.990e-29
 126.455255      3.613    12.7617  32.197329    26.9506      3.581  274.07325  274.22494    61.4120    13.7311 -9.990e-29
 126.455258      3.643    12.7589  32.197098    26.9524      3.610  274.08600  274.23751    61.3965    13.6987 -9.990e-29
 126.455260      3.659    12.7566  32.195302    26.9524      3.626  274.09930  274.25068    61.5366    13.7594 -9.990e-29
 126.455263      3.677    12.7541  32.192868    26.9519      3.644  274.11468  274.26592    61.5988    13.7392 -9.990e-29
 126.455266      3.694    12.7512  32.192057    26.9532      3.661  274.12908  274.28014    65.3187    13.9939 -9.990e-29
 126.455269      3.712    12.7492  32.191304    26.9539      3.679  274.13896  274.28990    65.0696    14.0061 -9.990e-29
 126.455272      3.736    12.7473  32.189045    26.9532      3.702  274.15151  274.30235    65.2408    14.0627 -9.990e-29
