Processed/SBE19plus_01907321_2022_05_09_Cast92_wfilter.cnv
* Sea-Bird SBE19plus  Data File:
* FileName = E:\Prandtl Daten\2022\CTD\Raw\SBE19plus_01907321_2022_05_08_Cast92.hex
* Software version 2.6.1.12
* Temperature SN = 7321
* Conductivity SN = 7321
* System UpLoad Time = May 09 2022 06:52:03
* <ApplicationData>
* <Seaterm232>
** Messpraktikum 2022
** CTD 09.05 BW2
** NMEA Latitude = 54 07.846 N
** NMEA Longitude = 008 44.966 E
# nquan = 11
# nvalues = 724                         
# units = specified
# name 0 = timeJ: Julian Days
# name 1 = prdM: Pressure, Strain Gauge [db]
# name 2 = tv290C: Temperature [ITS-90, deg C]
# name 3 = c0mS/cm: Conductivity [mS/cm]
# name 4 = sal00: Salinity, Practical [PSU]
# name 5 = depSM: Depth [salt water, m], lat = 54.00
# name 6 = oxsatMm/Kg: Oxygen Saturation, Weiss [umol/kg]
# name 7 = oxsolMm/Kg: Oxygen Saturation, Garcia & Gordon [umol/kg]
# name 8 = turbWETntu0: Turbidity, WET Labs ECO [NTU]
# name 9 = flECO-AFL: Fluorescence, WET Labs ECO-AFL/FL [mg/m^3]
# name 10 = flag:  0.000e+00
# span 0 = 129.280072, 129.282164       
# span 1 =      0.568,     17.300       
# span 2 =    12.9292,    12.9653       
# span 3 =  32.389814,  32.500524       
# span 4 =    26.9925,    27.1061       
# span 5 =      0.563,     17.145       
# span 6 =  272.75532,  272.93442       
# span 7 =  272.91649,  273.09580       
# span 8 =    -6.3389,    27.3887       
# span 9 =    -0.1709,     6.7639       
# span 10 = 0.0000e+00, 0.0000e+00      
# interval = seconds: 0.25
# start_time = May 09 2022 06:42:01 [Instrument's time stamp, header]
# bad_flag = -9.990e-29
*END*
[from data line 656]
 129.281970     15.767    12.9356  32.497030    27.0993     15.626  272.78795  272.94811    19.0619     5.8177 0.0000e+00
 129.281973     15.798    12.9354  32.497612    27.0999     15.657  272.78758  272.94773    18.9840     5.8056 0.0000e+00
 129.281976     15.827    12.9351  32.498194    27.1005     15.685  272.78784  272.94796    19.0619     5.8056 0.0000e+00
 129.281979     15.853    12.9346  32.497612    27.1006     15.711  272.79108  272.95117    19.0307     5.8015 0.0000e+00
 129.281982     15.880    12.9342  32.498427    27.1005     15.738  272.79155  272.95161    17.0541     5.4861 -9.990e-29
 129.281985     15.902    12.9341  32.498427    27.1016     15.760  272.79220  272.95225    17.0541     5.4699 -9.990e-29
 129.281988     15.924    12.9338  32.498834    27.1022     15.781  272.79276  272.95278    17.2253     5.4982 -9.990e-29
 129.281991     15.946    12.9337  32.499357    27.1027     15.803  272.79217  272.95218    17.0074     5.5023 -9.990e-29
 129.281994     15.959    12.9336  32.498834    27.1023     15.816  272.79372  272.95374    21.6299     5.8177 -9.990e-29
 129.281997     15.977    12.9332  32.499648    27.1033     15.833  272.79388  272.95386    21.7856     5.8298 -9.990e-29
 129.281999     15.993    12.9327  32.499881    27.1039     15.850  272.79568  272.95563    21.7856     5.8379 -9.990e-29
 129.282002     16.012    12.9325  32.499067    27.1033     15.868  272.79775  272.95770    21.7233     5.7934 -9.990e-29
 129.282005     16.035    12.9323  32.499125    27.1033     15.891  272.79861  272.95854    16.5560     5.8298 -9.990e-29
 129.282008     16.064    12.9322  32.498835    27.1037     15.920  272.79977  272.95969    16.5716     5.3082 0.0000e+00
 129.282011     16.092    12.9323  32.499649    27.1037     15.948  272.79804  272.95796    16.6650     5.3486 0.0000e+00
 129.282014     16.123    12.9320  32.499242    27.1040     15.978  272.80003  272.95994    16.4938     5.2880 -9.990e-29
 129.282017     16.147    12.9320  32.499940    27.1044     16.002  272.79851  272.95842    16.6183     5.3082 -9.990e-29
 129.282020     16.174    12.9320  32.499882    27.1044     16.029  272.79894  272.95885    17.5988     6.0320 0.0000e+00
 129.282023     16.199    12.9318  32.499242    27.1044     16.054  272.80071  272.96061    17.5210     6.0239 -9.990e-29
 129.282025     16.219    12.9320  32.500289    27.1047     16.074  272.79826  272.95816    17.5366     6.0320 -9.990e-29
 129.282028     16.239    12.9319  32.500289    27.1048     16.094  272.79859  272.95848    17.5210     6.0522 -9.990e-29
 129.282031     16.255    12.9319  32.500347    27.1048     16.110  272.79849  272.95839    17.4899     5.7085 -9.990e-29
 129.282034     16.270    12.9318  32.500289    27.1048     16.124  272.79892  272.95881    17.5677     5.6964 -9.990e-29
 129.282037     16.290    12.9315  32.499882    27.1046     16.144  272.80091  272.96078    17.5210     5.6802 -9.990e-29
 129.282040     16.312    12.9315  32.500522    27.1051     16.166  272.79980  272.95967    17.6922     5.6964 -9.990e-29
 129.282043     16.338    12.9314  32.500290    27.1049     16.191  272.80085  272.96071    17.7856     5.7732 0.0000e+00
 129.282046     16.365    12.9315  32.499941    27.1050     16.218  272.80117  272.96104    17.8012     5.7651 0.0000e+00
 129.282049     16.390    12.9315  32.500290    27.1050     16.243  272.80057  272.96044    17.9568     5.7570 0.0000e+00
 129.282052     16.421    12.9313  32.500522    27.1050     16.274  272.80081  272.96067    17.8634     5.7489 0.0000e+00
 129.282054     16.447    12.9314  32.500057    27.1048     16.300  272.80133  272.96119    17.8945     5.7651 0.0000e+00
 129.282057     16.472    12.9315  32.500115    27.1048     16.325  272.80093  272.96080    19.0930     5.9713 0.0000e+00
 129.282060     16.501    12.9314  32.500523    27.1048     16.353  272.80055  272.96041    19.0619     5.9754 -9.990e-29
 129.282063     16.525    12.9312  32.499650    27.1046     16.377  272.80304  272.96289    19.0463     5.9633 -9.990e-29
 129.282066     16.547    12.9313  32.499883    27.1047     16.399  272.80233  272.96219    18.9996     5.9188 -9.990e-29
 129.282069     16.565    12.9312  32.500523    27.1054     16.417  272.80153  272.96138    20.0580     5.9713 -9.990e-29
 129.282072     16.585    12.9312  32.500523    27.1054     16.437  272.80155  272.96139    20.0891     5.9269 -9.990e-29
 129.282075     16.604    12.9310  32.500523    27.1055     16.455  272.80219  272.96202    20.0735     5.9430 -9.990e-29
 129.282078     16.628    12.9310  32.500523    27.1055     16.478  272.80220  272.96204    20.0580     5.9633 -9.990e-29
 129.282080     16.647    12.9309  32.499651    27.1053     16.498  272.80437  272.96421    20.5560     6.2261 -9.990e-29
 129.282083     16.675    12.9310  32.500349    27.1054     16.525  272.80254  272.96238    20.4782     6.2301 0.0000e+00
 129.282086     16.702    12.9307  32.500523    27.1054     16.552  272.80351  272.96333    20.5405     6.1937 0.0000e+00
 129.282089     16.728    12.9308  32.500058    27.1056     16.578  272.80403  272.96386    20.5716     6.2261 -9.990e-29
 129.282092     16.752    12.9307  32.499942    27.1051     16.601  272.80487  272.96470    18.5327     5.9996 -9.990e-29
 129.282095     16.781    12.9305  32.499651    27.1050     16.631  272.80603  272.96585    18.5949     6.0441 -9.990e-29
 129.282098     16.805    12.9305  32.500291    27.1056     16.654  272.80524  272.96504    18.5327     6.0360 -9.990e-29
 129.282101     16.830    12.9303  32.500349    27.1057     16.679  272.80578  272.96558    18.5638     6.0199 -9.990e-29
 129.282104     16.850    12.9301  32.500524    27.1061     16.699  272.80643  272.96621    18.9840     6.0158 -9.990e-29
 129.282106     16.866    12.9301  32.499244    27.1049     16.715  272.80869  272.96848    23.2331     6.3191 -9.990e-29
 129.282109     16.885    12.9300  32.500524    27.1061     16.733  272.80709  272.96686    23.3420     6.3676 -9.990e-29
 129.282112     16.905    12.9300  32.500524    27.1061     16.753  272.80678  272.96656    23.2486     6.3595 -9.990e-29
 129.282115     16.921    12.9300  32.500291    27.1059     16.770  272.80752  272.96729    23.0930     6.3474 -9.990e-29
 129.282118     16.945    12.9298  32.500350    27.1053     16.793  272.80806  272.96782    27.3887     6.4566 -9.990e-29
 129.282121     16.972    12.9298  32.499477    27.1053     16.820  272.80961  272.96938    27.3887     6.5011 0.0000e+00
 129.282124     17.000    12.9299  32.499885    27.1053     16.847  272.80860  272.96837    27.3264     6.4687 -9.990e-29
 129.282127     17.023    12.9299  32.500059    27.1059     16.871  272.80831  272.96808    27.3576     6.4687 -9.990e-29
 129.282130     17.051    12.9297  32.500117    27.1059     16.898  272.80885  272.96861    21.9724     6.3959 0.0000e+00
 129.282133     17.076    12.9296  32.499652    27.1059     16.923  272.81031  272.97007    21.9257     6.4121 -9.990e-29
 129.282135     17.100    12.9296  32.499652    27.1055     16.946  272.81033  272.97008    22.0969     6.3797 -9.990e-29
 129.282138     17.122    12.9298  32.499652    27.1054     16.968  272.80940  272.96917    22.0346     6.4485 -9.990e-29
 129.282141     17.143    12.9297  32.499885    27.1056     16.990  272.80932  272.96908    23.8868     6.4566 -9.990e-29
 129.282144     17.158    12.9297  32.499943    27.1057     17.004  272.80923  272.96899    23.8089     6.5091 -9.990e-29
 129.282147     17.175    12.9297  32.499245    27.1050     17.021  272.81046  272.97023    23.8401     6.4566 -9.990e-29
 129.282150     17.186    12.9297  32.499885    27.1056     17.031  272.80934  272.96911    23.7622     6.4808 -9.990e-29
 129.282153     17.202    12.9297  32.499885    27.1056     17.048  272.80936  272.96912    23.8245     6.4849 -9.990e-29
 129.282156     17.226    12.9299  32.499536    27.1052     17.071  272.80935  272.96913    25.2253     6.7477 -9.990e-29
 129.282159     17.249    12.9298  32.500293    27.1059     17.095  272.80836  272.96812    25.2253     6.7518 -9.990e-29
 129.282161     17.282    12.9300  32.499246    27.1048     17.127  272.80959  272.96937    25.0541     6.7639 -9.990e-29
 129.282164     17.300    12.9299  32.499478    27.1051     17.145  272.80950  272.96928    25.2253     6.7194 -9.990e-29
