Processed/SBE19plus_01907321_2022_05_08_Cast91_wfilter.cnv
* Sea-Bird SBE19plus  Data File:
* FileName = E:\Prandtl Daten\2022\CTD\Raw\SBE19plus_01907321_2022_05_08_Cast91.hex
* Software version 2.6.1.12
* Temperature SN = 7321
* Conductivity SN = 7321
* System UpLoad Time = May 08 2022 13:34:49
* <ApplicationData>
* <Seaterm232>
** Messpraktikum 2022
** CTD 08.05 BE
** NMEA Latitude = 54 07.51 N
** NMEA Longitude = 008 49.92 E
# nquan = 11
# nvalues = 542                         
# units = specified
# name 0 = timeJ: Julian Days
# name 1 = prdM: Pressure, Strain Gauge [db]
# name 2 = tv290C: Temperature [ITS-90, deg C]
# name 3 = c0mS/cm: Conductivity [mS/cm]
# name 4 = sal00: Salinity, Practical [PSU]
# name 5 = depSM: Depth [salt water, m], lat = 54.00
# name 6 = oxsatMm/Kg: Oxygen Saturation, Weiss [umol/kg]
# name 7 = oxsolMm/Kg: Oxygen Saturation, Garcia & Gordon [umol/kg]
# name 8 = turbWETntu0: Turbidity, WET Labs ECO [NTU]
# name 9 = flECO-AFL: Fluorescence, WET Labs ECO-AFL/FL [mg/m^3]
# name 10 = flag:  0.000e+00
# span 0 = 128.559931, 128.561496       
# span 1 =      0.410,     18.245       
# span 2 =    12.7032,    13.3277       
# span 3 =  32.203871,  32.738438       
# span 4 =    26.9934,    27.0647       
# span 5 =      0.407,     18.081       
# span 6 =  270.67443,  274.32986       
# span 7 =  270.85712,  274.47773       
# span 8 =    -2.8525,   226.9373       
# span 9 =     1.0745,    18.2842       
# span 10 = 0.0000e+00, 0.0000e+00      
# interval = seconds: 0.25
# start_time = May 08 2022 13:25:03 [Instrument's time stamp, header]
# bad_flag = -9.990e-29
*END*
[from data line 394]
 128.561071     13.438    12.8001  32.334231    27.0466     13.317  273.66800  273.82092    75.6066    13.7311 0.0000e+00
 128.561073     13.472    12.8004  32.334638    27.0465     13.352  273.66573  273.81867    75.4043    13.7634 0.0000e+00
 128.561076     13.514    12.8005  32.333999    27.0460     13.393  273.66657  273.81952    75.1085    13.6987 0.0000e+00
 128.561079     13.553    12.8003  32.333825    27.0460     13.431  273.66785  273.82079    88.9296    14.6045 0.0000e+00
 128.561082     13.591    12.8004  32.335219    27.0460     13.469  273.66478  273.81772    89.0852    14.6530 0.0000e+00
 128.561085     13.629    12.8009  32.333013    27.0448     13.507  273.66681  273.81980    89.2097    14.5843 0.0000e+00
 128.561088     13.666    12.8009  32.328950    27.0429     13.544  273.67402  273.82704    89.2253    14.5964 0.0000e+00
 128.561091     13.704    12.7998  32.329531    27.0410     13.582  273.67775  273.83069    88.9451    14.5600 -9.990e-29
 128.561094     13.726    12.7986  32.325526    27.0405     13.603  273.69020  273.84310    92.7739    14.9240 -9.990e-29
 128.561097     13.756    12.7968  32.325294    27.0401     13.632  273.69819  273.85099    93.0229    14.9725 0.0000e+00
 128.561100     13.781    12.7954  32.323263    27.0396     13.658  273.70810  273.86083    92.9607    14.8431 0.0000e+00
 128.561102     13.810    12.7940  32.319607    27.0375     13.686  273.72089  273.87355    92.9296    14.9563 0.0000e+00
 128.561105     13.839    12.7918  32.318156    27.0375     13.715  273.73325  273.88578    92.7272    15.4132 0.0000e+00
 128.561108     13.876    12.7898  32.317344    27.0381     13.752  273.74353  273.89595    92.5716    15.3688 0.0000e+00
 128.561111     13.914    12.7885  32.318157    27.0392     13.789  273.74780  273.90012    92.5405    15.3688 0.0000e+00
 128.561114     13.949    12.7880  32.317170    27.0392     13.824  273.75146  273.90376    92.6805    15.4011 0.0000e+00
 128.561117     13.985    12.7877  32.314501    27.0378     13.860  273.75778  273.91008    93.7389    14.7501 0.0000e+00
 128.561120     14.023    12.7868  32.314733    27.0378     13.898  273.76149  273.91373    93.6299    14.7056 0.0000e+00
 128.561123     14.058    12.7863  32.315546    27.0384     13.932  273.76228  273.91448    93.6766    14.6935 0.0000e+00
 128.561126     14.097    12.7859  32.315314    27.0389     13.970  273.76429  273.91648    93.6766    14.7420 -9.990e-29
 128.561128     14.120    12.7860  32.316997    27.0401     13.994  273.76070  273.91288    92.2914    14.7380 -9.990e-29
 128.561131     14.155    12.7868  32.317345    27.0401     14.028  273.75664  273.90886    92.1669    14.7299 0.0000e+00
 128.561134     14.182    12.7875  32.316359    27.0401     14.055  273.75525  273.90753    92.3692    14.7218 -9.990e-29
 128.561137     14.206    12.7877  32.317345    27.0380     14.079  273.75289  273.90517    92.5405    14.7420 -9.990e-29
 128.561140     14.235    12.7877  32.315721    27.0385     14.107  273.75578  273.90808    92.2914    14.6894 0.0000e+00
 128.561143     14.266    12.7874  32.316533    27.0389     14.138  273.75563  273.90790    90.3770    14.8229 0.0000e+00
 128.561146     14.301    12.7873  32.316998    27.0393     14.172  273.75514  273.90740    90.2058    14.7905 0.0000e+00
 128.561149     14.337    12.7874  32.316940    27.0394     14.209  273.75495  273.90722    90.2836    14.7986 0.0000e+00
 128.561152     14.373    12.7874  32.317752    27.0400     14.245  273.75354  273.90580    90.3459    14.7622 0.0000e+00
 128.561155     14.415    12.7875  32.317984    27.0400     14.286  273.75253  273.90479    78.9373    13.5855 0.0000e+00
 128.561157     14.456    12.7880  32.318159    27.0401     14.326  273.75004  273.90233    78.7039    13.5653 0.0000e+00
 128.561160     14.490    12.7883  32.318565    27.0401     14.360  273.74808  273.90039    78.7506    13.5896 0.0000e+00
 128.561163     14.525    12.7889  32.320074    27.0407     14.395  273.74291  273.89525    78.6416    13.5855 0.0000e+00
 128.561166     14.561    12.7893  32.320016    27.0410     14.431  273.74146  273.89382    76.6494    13.6543 0.0000e+00
 128.561169     14.592    12.7900  32.322047    27.0414     14.462  273.73443  273.88681    76.7428    13.6219 0.0000e+00
 128.561172     14.618    12.7908  32.322860    27.0420     14.487  273.72954  273.88197    76.7117    13.6502 -9.990e-29
 128.561175     14.638    12.7916  32.324891    27.0458     14.507  273.72249  273.87496    76.8050    13.6381 -9.990e-29
 128.561178     14.667    12.7924  32.328025    27.0455     14.536  273.71350  273.86599    80.1358    13.7877 0.0000e+00
 128.561181     14.694    12.7938  32.328316    27.0451     14.563  273.70670  273.85928    80.3848    13.7756 0.0000e+00
 128.561183     14.731    12.7951  32.328548    27.0444     14.599  273.70096  273.85361    80.3692    13.7675 0.0000e+00
 128.561186     14.769    12.7958  32.328141    27.0435     14.637  273.69855  273.85125    80.2603    13.7917 0.0000e+00
 128.561189     14.804    12.7961  32.327503    27.0427     14.671  273.69812  273.85085    80.1202    13.7634 0.0000e+00
 128.561192     14.842    12.7961  32.326110    27.0427     14.709  273.70061  273.85335    76.2447    13.6785 0.0000e+00
 128.561195     14.875    12.7961  32.328374    27.0434     14.742  273.69663  273.84935    76.3070    13.7149 0.0000e+00
 128.561198     14.913    12.7961  32.328954    27.0434     14.780  273.69594  273.84866    76.2136    13.7392 0.0000e+00
 128.561201     14.946    12.7964  32.328142    27.0440     14.812  273.69582  273.84857    76.1513    13.7432 0.0000e+00
 128.561204     14.981    12.7966  32.329361    27.0435     14.847  273.69306  273.84581    92.0424    14.9240 0.0000e+00
 128.561207     15.012    12.7969  32.329129    27.0435     14.877  273.69192  273.84469    92.1825    14.9118 0.0000e+00
 128.561209     15.038    12.7974  32.328722    27.0432     14.903  273.69044  273.84325    92.1669    14.9037 0.0000e+00
 128.561212     15.065    12.7977  32.329361    27.0428     14.930  273.68807  273.84089    92.0113    14.9442 0.0000e+00
 128.561215     15.094    12.7978  32.325298    27.0393     14.959  273.69464  273.84751   102.6572    15.7286 0.0000e+00
 128.561218     15.125    12.7968  32.323035    27.0393     14.990  273.70307  273.85590   102.6416    15.8014 0.0000e+00
 128.561221     15.156    12.7954  32.324080    27.0382     15.020  273.70755  273.86027   102.6883    15.7489 0.0000e+00
 128.561224     15.193    12.7946  32.321642    27.0382     15.056  273.71567  273.86836   102.5482    15.7529 0.0000e+00
 128.561227     15.228    12.7934  32.318973    27.0366     15.091  273.72545  273.87809   103.2953    15.0857 0.0000e+00
 128.561230     15.269    12.7918  32.316420    27.0353     15.133  273.73693  273.88949   103.2798    15.0614 0.0000e+00
 128.561233     15.308    12.7900  32.314505    27.0353     15.171  273.74822  273.90069   103.2019    15.0695 0.0000e+00
 128.561236     15.343    12.7886  32.314505    27.0355     15.205  273.75455  273.90692   103.1708    15.0736 0.0000e+00
 128.561238     15.381    12.7878  32.313519    27.0355     15.243  273.76011  273.91243   103.1085    15.0048 0.0000e+00
 128.561241     15.412    12.7872  32.311488    27.0355     15.274  273.76624  273.91855    93.3187    14.6652 0.0000e+00
 128.561244     15.445    12.7868  32.313519    27.0350     15.306  273.76425  273.91651    93.1941    14.6409 0.0000e+00
 128.561247     15.476    12.7863  32.312591    27.0361     15.337  273.76843  273.92067    92.9451    14.6490 -9.990e-29
 128.561250     15.499    12.7861  32.313113    27.0363     15.360  273.76815  273.92037    93.2097    14.6692 -9.990e-29
 128.561253     15.523    12.7859  32.314158    27.0371     15.384  273.76727  273.91946    92.8050    14.7299 -9.990e-29
 128.561256     15.556    12.7863  32.314158    27.0373     15.417  273.76540  273.91762    92.7272    14.7056 0.0000e+00
 128.561259     15.582    12.7865  32.314738    27.0371     15.442  273.76376  273.91599    92.8673    14.7743 0.0000e+00
 128.561262     15.618    12.7868  32.314332    27.0369     15.478  273.76292  273.91518    92.9762    14.7218 0.0000e+00
 128.561264     15.653    12.7871  32.314680    27.0369     15.512  273.76107  273.91334   112.2914    16.7517 0.0000e+00
 128.561267     15.689    12.7875  32.316131    27.0380     15.548  273.75695  273.90923   112.2759    16.7679 0.0000e+00
 128.561270     15.722    12.7879  32.316538    27.0380     15.581  273.75436  273.90667   112.4782    16.7840 0.0000e+00
 128.561273     15.758    12.7882  32.313926    27.0354     15.617  273.75774  273.91009   112.4938    16.7476 0.0000e+00
 128.561276     15.795    12.7880  32.312534    27.0345     15.653  273.76117  273.91352   112.6027    16.0521 0.0000e+00
 128.561279     15.831    12.7871  32.312128    27.0344     15.689  273.76570  273.91799   112.7117    16.0481 0.0000e+00
 128.561282     15.862    12.7860  32.311199    27.0344     15.720  273.77209  273.92432   112.5093    16.0804 0.0000e+00
 128.561285     15.893    12.7854  32.310503    27.0342     15.751  273.77618  273.92838   112.5716    16.0724 0.0000e+00
 128.561288     15.923    12.7845  32.307022    27.0317     15.780  273.78614  273.93832   112.6805    16.1087 0.0000e+00
 128.561291     15.950    12.7834  32.306209    27.0317     15.807  273.79264  273.94475   108.6650    15.7529 0.0000e+00
 128.561293     15.979    12.7822  32.305803    27.0321     15.836  273.79873  273.95077   108.4159    15.8540 0.0000e+00
 128.561296     16.008    12.7818  32.306616    27.0332     15.865  273.79921  273.95121   108.3070    15.8297 0.0000e+00
 128.561299     16.041    12.7813  32.306558    27.0332     15.897  273.80122  273.95320   108.4626    15.7933 0.0000e+00
 128.561302     16.077    12.7809  32.304817    27.0321     15.933  273.80622  273.95818   134.5015    17.0428 0.0000e+00
 128.561305     16.116    12.7802  32.303773    27.0316     15.971  273.81093  273.96286   134.4704    16.9822 0.0000e+00
 128.561308     16.152    12.7796  32.301742    27.0302     16.007  273.81738  273.96929   134.4082    17.0388 0.0000e+00
 128.561311     16.191    12.7787  32.300118    27.0293     16.045  273.82438  273.97624   134.3770    16.9862 0.0000e+00
 128.561314     16.225    12.7775  32.298494    27.0286     16.080  273.83232  273.98413   126.9062    16.7759 0.0000e+00
 128.561317     16.260    12.7760  32.295767    27.0272     16.114  273.84379  273.99553   126.6105    16.8083 0.0000e+00
 128.561319     16.293    12.7742  32.293446    27.0268     16.147  273.85612  274.00775   126.6105    16.7517 0.0000e+00
 128.561322     16.322    12.7723  32.292867    27.0263     16.175  273.86537  274.01688   126.7194    16.7557 -9.990e-29
 128.561325     16.346    12.7712  32.291648    27.0268     16.199  273.87258  274.02404   128.1980    16.3595 -9.990e-29
 128.561328     16.371    12.7699  32.291243    27.0273     16.224  273.87900  274.03037   128.2447    16.4080 -9.990e-29
 128.561331     16.402    12.7689  32.288806    27.0257     16.255  273.88743  274.03877   128.2914    16.4363 -9.990e-29
 128.561334     16.426    12.7682  32.289967    27.0290     16.279  273.88854  274.03983   128.4471    16.4039 -9.990e-29
 128.561337     16.460    12.7674  32.291243    27.0281     16.313  273.88978  274.04100   128.1669    16.4282 0.0000e+00
 128.561340     16.490    12.7674  32.289213    27.0271     16.342  273.89339  274.04463   144.4782    17.4068 0.0000e+00
 128.561343     16.526    12.7671  32.287356    27.0257     16.378  273.89828  274.04951   144.5249    17.3906 0.0000e+00
 128.561345     16.566    12.7659  32.285732    27.0250     16.418  273.90622  274.05740   144.5405    17.3461 0.0000e+00
 128.561348     16.601    12.7648  32.283760    27.0239     16.452  273.91478  274.06590   144.3226    17.3663 0.0000e+00
 128.561351     16.636    12.7635  32.282252    27.0235     16.487  273.92315  274.07420   142.0035    17.2531 0.0000e+00
 128.561354     16.678    12.7620  32.279468    27.0235     16.528  273.93474  274.08571   142.1436    17.2005 0.0000e+00
 128.561357     16.714    12.7603  32.280686    27.0243     16.564  273.94017  274.09103   141.9412    17.1844 0.0000e+00
 128.561360     16.747    12.7595  32.280512    27.0245     16.597  273.94397  274.09478   141.7545    17.1884 0.0000e+00
 128.561363     16.778    12.7594  32.278656    27.0247     16.628  273.94791  274.09872   155.5599    17.5564 -9.990e-29
 128.561366     16.802    12.7586  32.278076    27.0227     16.651  273.95242  274.10319   155.5288    17.5119 -9.990e-29
 128.561369     16.831    12.7580  32.277264    27.0217     16.680  273.95640  274.10714   155.3576    17.4957 0.0000e+00
 128.561372     16.859    12.7574  32.274538    27.0206     16.707  273.96409  274.11481   155.7622    17.5038 0.0000e+00
 128.561374     16.888    12.7564  32.273610    27.0206     16.736  273.97017  274.12083   153.9257    17.8354 0.0000e+00
 128.561377     16.923    12.7552  32.273205    27.0209     16.771  273.97595  274.12655   154.0035    17.7909 0.0000e+00
 128.561380     16.959    12.7544  32.272973    27.0209     16.807  273.98017  274.13072   153.9724    17.8071 0.0000e+00
 128.561383     16.994    12.7536  32.271001    27.0200     16.841  273.98716  274.13767   153.9724    17.8394 0.0000e+00
 128.561386     17.028    12.7525  32.268159    27.0181     16.876  273.99695  274.14742   153.9412    17.8799 0.0000e+00
 128.561389     17.061    12.7513  32.267231    27.0181     16.908  274.00398  274.15437   153.2253    17.4674 0.0000e+00
 128.561392     17.094    12.7499  32.268160    27.0199     16.941  274.00835  274.15865   153.0696    17.5038 0.0000e+00
 128.561395     17.127    12.7493  32.268566    27.0206     16.973  274.01049  274.16074   153.3031    17.4351 0.0000e+00
 128.561398     17.160    12.7492  32.268334    27.0208     17.006  274.01124  274.16149   153.3809    17.4755 0.0000e+00
 128.561400     17.187    12.7492  32.269146    27.0209     17.033  274.00982  274.16006   160.2914    17.7424 0.0000e+00
 128.561403     17.213    12.7496  32.269146    27.0213     17.059  274.00826  274.15852   160.2603    17.7181 -9.990e-29
 128.561406     17.235    12.7497  32.268740    27.0210     17.080  274.00836  274.15864   160.2292    17.7100 -9.990e-29
 128.561409     17.262    12.7497  32.269146    27.0209     17.107  274.00766  274.15793   160.4938    17.7343 0.0000e+00
 128.561412     17.293    12.7497  32.268972    27.0208     17.138  274.00799  274.15826   162.6261    17.6170 0.0000e+00
 128.561415     17.328    12.7497  32.268160    27.0201     17.172  274.00976  274.16004   162.7194    17.6332 0.0000e+00
 128.561418     17.364    12.7494  32.265725    27.0182     17.209  274.01505  274.16534   162.7506    17.5887 0.0000e+00
 128.561421     17.395    12.7488  32.265493    27.0180     17.239  274.01832  274.16857   162.6883    17.5968 0.0000e+00
 128.561424     17.435    12.7479  32.261491    27.0163     17.279  274.02953  274.17976   187.9334    18.2478 0.0000e+00
 128.561427     17.477    12.7464  32.261607    27.0159     17.321  274.03598  274.18611   187.9646    18.1872 0.0000e+00
 128.561429     17.512    12.7452  32.260274    27.0159     17.355  274.04342  274.19349   187.8868    18.1791 0.0000e+00
 128.561432     17.547    12.7440  32.255983    27.0141     17.389  274.05641  274.20644   187.8868    18.2721 0.0000e+00
 128.561435     17.583    12.7419  32.255809    27.0135     17.425  274.06621  274.21610   187.9646    18.2034 0.0000e+00
 128.561438     17.616    12.7403  32.253953    27.0141     17.458  274.07646  274.22627   190.6572    18.2559 0.0000e+00
 128.561441     17.645    12.7388  32.255983    27.0149     17.487  274.07950  274.22920   190.7350    18.1791 0.0000e+00
 128.561444     17.671    12.7387  32.256215    27.0164     17.512  274.07943  274.22911   190.7194    18.2114 -9.990e-29
