Processed/SBE19plus_01907321_2022_05_11_Cast128_wfilter.cnv
* Sea-Bird SBE19plus  Data File:
* FileName = E:\Prandtl_Daten\2022\CTD\Raw\SBE19plus_01907321_2022_05_11_Cast128.hex
* Software version 2.6.1.12
* Temperature SN = 7321
* Conductivity SN = 7321
* System UpLoad Time = May 11 2022 11:01:18
* <ApplicationData>
* <Seaterm232>
** Messpraktikum 2022
** CTD 10.05  SW3
** NMEA Latitude = 54 02.58N
** NMEA Longitude = 008 23.31E
# nquan = 11
# nvalues = 439                         
# units = specified
# name 0 = timeJ: Julian Days
# name 1 = prdM: Pressure, Strain Gauge [db]
# name 2 = tv290C: Temperature [ITS-90, deg C]
# name 3 = c0mS/cm: Conductivity [mS/cm]
# name 4 = sal00: Salinity, Practical [PSU]
# name 5 = depSM: Depth [salt water, m], lat = 54.00
# name 6 = oxsatMm/Kg: Oxygen Saturation, Weiss [umol/kg]
# name 7 = oxsolMm/Kg: Oxygen Saturation, Garcia & Gordon [umol/kg]
# name 8 = turbWETntu0: Turbidity, WET Labs ECO [NTU]
# name 9 = flECO-AFL: Fluorescence, WET Labs ECO-AFL/FL [mg/m^3]
# name 10 = flag:  0.000e+00
# span 0 = 131.454245, 131.455512       
# span 1 =      0.457,     11.808       
# span 2 =    11.8109,    12.4166       
# span 3 =  30.774866,  32.839589       
# span 4 =    25.8768,    28.2493       
# span 5 =      0.453,     11.702       
# span 6 =  277.12594,  278.51010       
# span 7 =  277.20584,  278.63807       
# span 8 =    -0.9848,    16.3537       
# span 9 =     5.3729,    11.1310       
# span 10 = 0.0000e+00, 0.0000e+00      
# interval = seconds: 0.25
# start_time = May 11 2022 10:52:58 [Instrument's time stamp, header]
# bad_flag = -9.990e-29
*END*
[from data line 263]
 131.455006      7.303    11.8364  32.743329    28.1404      7.237  277.19617  277.27866     2.8906     5.7449 0.0000e+00
 131.455009      7.341    11.8352  32.746829    28.1446      7.275  277.19528  277.27765     2.8284     5.7570 0.0000e+00
 131.455012      7.377    11.8337  32.746421    28.1454      7.311  277.20287  277.28513     3.9179     5.6357 0.0000e+00
 131.455014      7.414    11.8329  32.750971    28.1478      7.348  277.19787  277.28003     3.9179     5.6115 0.0000e+00
 131.455017      7.439    11.8325  32.748871    28.1503      7.373  277.20364  277.28579     3.8089     5.6276 -9.990e-29
 131.455020      7.459    11.8328  32.752138    28.1515      7.393  277.19636  277.27849     3.8401     5.6115 -9.990e-29
 131.455023      7.467    11.8331  32.753655    28.1526      7.400  277.19201  277.27415     3.1085     5.7125 -9.990e-29
 131.455026      7.465    11.8335  32.756922    28.1554      7.398  277.18410  277.26623     3.2175     5.6883 -9.990e-29
 131.455029      7.461    11.8337  32.755464    28.1539      7.395  277.18618  277.26834     3.0463     5.7166 -9.990e-29
 131.455032      7.459    11.8337  32.749980    28.1487      7.393  277.19603  277.27825     3.0152     5.6883 -9.990e-29
 131.455035      7.463    11.8346  32.751963    28.1499      7.396  277.18864  277.27091     2.7506     6.0158 -9.990e-29
 131.455038      7.465    11.8359  32.750563    28.1476      7.398  277.18536  277.26774     2.8128     6.0441 -9.990e-29
 131.455041      7.472    11.8369  32.751555    28.1478      7.405  277.17889  277.26133     2.9218     5.9996 -9.990e-29
 131.455043      7.492    11.8368  32.747471    28.1453      7.425  277.18677  277.26925     2.7350     6.0401 -9.990e-29
 131.455046      7.525    11.8361  32.748288    28.1448      7.458  277.18869  277.27110     5.5521     6.2180 0.0000e+00
 131.455049      7.560    11.8355  32.746830    28.1453      7.493  277.19389  277.27628     5.5366     6.2342 0.0000e+00
 131.455052      7.611    11.8346  32.748230    28.1463      7.543  277.19535  277.27767     5.5054     6.2059 0.0000e+00
 131.455055      7.668    11.8334  32.761474    28.1598      7.599  277.17643  277.25850     5.4899     6.1897 0.0000e+00
 131.455058      7.728    11.8315  32.764742    28.1643      7.659  277.17877  277.26067     5.5833     6.2342 0.0000e+00
 131.455061      7.783    11.8294  32.772561    28.1733      7.713  277.17361  277.25527     4.8050     5.8217 0.0000e+00
 131.455064      7.836    11.8279  32.771744    28.1736      7.766  277.18196  277.26352     4.7117     5.8096 0.0000e+00
 131.455067      7.881    11.8269  32.772620    28.1744      7.811  277.18501  277.26648     4.9607     5.8460 0.0000e+00
 131.455069      7.916    11.8266  32.766610    28.1752      7.845  277.19741  277.27893     4.7584     5.8339 -9.990e-29
 131.455072      7.938    11.8273  32.766843    28.1694      7.867  277.19359  277.27516     4.1669     6.0805 -9.990e-29
 131.455075      7.954    11.8281  32.768885    28.1707      7.883  277.18641  277.26802     4.1825     6.1007 -9.990e-29
 131.455078      7.960    11.8276  32.769527    28.1717      7.888  277.18739  277.26896     4.1513     6.1007 -9.990e-29
 131.455081      7.967    11.8271  32.774896    28.1772      7.896  277.17993  277.26139     4.1980     6.0886 -9.990e-29
 131.455084      7.976    11.8264  32.770928    28.1739      7.905  277.19007  277.27153     2.7194     5.7489 -9.990e-29
 131.455087      7.987    11.8262  32.770928    28.1741      7.915  277.19100  277.27245     2.7973     5.7489 -9.990e-29
 131.455090      8.002    11.8264  32.775305    28.1781      7.930  277.18229  277.26369     2.7194     5.7651 -9.990e-29
 131.455093      8.020    11.8267  32.771161    28.1739      7.948  277.18843  277.26991     2.7817     5.7570 -9.990e-29
 131.455095      8.045    11.8272  32.774838    28.1770      7.973  277.17947  277.26095     4.0580     5.3891 -9.990e-29
 131.455098      8.065    11.8283  32.775305    28.1766      7.993  277.17367  277.25522     4.0424     5.4012 -9.990e-29
 131.455101      8.083    11.8289  32.777055    28.1779      8.011  277.16797  277.24954     4.0580     5.3729 -9.990e-29
 131.455104      8.100    11.8290  32.773204    28.1741      8.027  277.17449  277.25612     4.1669     5.3729 -9.990e-29
 131.455107      8.114    11.8288  32.773846    28.1749      8.042  277.17424  277.25585     4.0580     5.3971 -9.990e-29
 131.455110      8.131    11.8285  32.772562    28.1738      8.058  277.17787  277.25947     3.6533     5.7530 -9.990e-29
 131.455113      8.154    11.8280  32.773438    28.1778      8.081  277.17874  277.26029     3.5288     5.7368 -9.990e-29
 131.455116      8.184    11.8274  32.775889    28.1778      8.110  277.17669  277.25817     3.6222     5.7570 0.0000e+00
 131.455119      8.220    11.8272  32.775714    28.1778      8.147  277.17797  277.25944     3.5910     5.7570 0.0000e+00
 131.455122      8.256    11.8270  32.771746    28.1775      8.182  277.18628  277.26777     3.2486     7.3704 0.0000e+00
 131.455124      8.309    11.8264  32.774839    28.1775      8.235  277.18306  277.26448     3.3576     7.3583 0.0000e+00
 131.455127      8.357    11.8259  32.777115    28.1775      8.282  277.18135  277.26270     3.2953     7.4068 0.0000e+00
 131.455130      8.412    11.8258  32.772388    28.1801      8.336  277.19045  277.27186     3.2798     7.3583 0.0000e+00
 131.455133      8.461    11.8253  32.776940    28.1760      8.385  277.18422  277.26554     3.5910     6.3555 0.0000e+00
 131.455136      8.495    11.8251  32.772213    28.1781      8.419  277.19424  277.27559     3.6533     6.3797 0.0000e+00
 131.455139      8.521    11.8251  32.775715    28.1760      8.444  277.18777  277.26908     3.5755     6.3393 -9.990e-29
 131.455142      8.539    11.8252  32.775890    28.1794      8.463  277.18684  277.26816     3.4821     6.3676 -9.990e-29
 131.455145      8.545    11.8253  32.773439    28.1770      8.468  277.19108  277.27243     3.8401     5.9066 -9.990e-29
 131.455148      8.552    11.8254  32.775890    28.1792      8.475  277.18592  277.26725     3.7778     5.8986 -9.990e-29
 131.455150      8.565    11.8252  32.775481    28.1790      8.488  277.18761  277.26894     3.7155     5.8905 -9.990e-29
 131.455153      8.579    11.8248  32.770346    28.1744      8.503  277.19869  277.28004     3.8089     5.8945 -9.990e-29
 131.455156      8.599    11.8248  32.773848    28.1777      8.522  277.19252  277.27383     3.7934     5.8864 -9.990e-29
 131.455159      8.625    11.8248  32.771747    28.1757      8.548  277.19612  277.27746     3.3731     6.0927 -9.990e-29
 131.455162      8.649    11.8254  32.771572    28.1791      8.571  277.19399  277.27537     3.2486     6.0886 -9.990e-29
 131.455165      8.678    11.8263  32.776532    28.1791      8.600  277.18080  277.26219     3.4198     6.0441 0.0000e+00
 131.455168      8.705    11.8274  32.774431    28.1791      8.628  277.17976  277.26126     3.3264     6.0846 -9.990e-29
 131.455171      8.729    11.8279  32.776474    28.1778      8.651  277.17383  277.25534     4.5560     6.0037 -9.990e-29
 131.455174      8.747    11.8285  32.771747    28.1728      8.669  277.17982  277.26143     4.5871     6.0199 -9.990e-29
 131.455177      8.766    11.8284  32.774665    28.1757      8.687  277.17504  277.25661     4.6961     6.0239 -9.990e-29
 131.455179      8.775    11.8279  32.772623    28.1741      8.697  277.18100  277.26255     4.4159     5.9996 -9.990e-29
 131.455182      8.788    11.8273  32.776474    28.1783      8.710  277.17665  277.25812     3.3420     5.9026 -9.990e-29
 131.455185      8.810    11.8268  32.777349    28.1754      8.731  277.17721  277.25863     3.3109     5.8703 -9.990e-29
 131.455188      8.841    11.8267  32.773031    28.1754      8.762  277.18555  277.26701     3.2953     5.9228 0.0000e+00
 131.455191      8.878    11.8268  32.773148    28.1754      8.799  277.18505  277.26651     3.3731     5.8824 0.0000e+00
 131.455194      8.922    11.8268  32.773615    28.1754      8.842  277.18421  277.26567     6.0813     7.3866 0.0000e+00
 131.455197      8.965    11.8266  32.772798    28.1752      8.885  277.18637  277.26784     6.1591     7.3947 0.0000e+00
 131.455200      9.016    11.8264  32.771982    28.1745      8.936  277.18885  277.27031     6.0502     7.3785 0.0000e+00
 131.455203      9.066    11.8263  32.769823    28.1745      8.984  277.19351  277.27498     6.0502     7.4028 0.0000e+00
 131.455205      9.111    11.8261  32.772624    28.1754      9.029  277.18928  277.27070     6.0657     7.3866 0.0000e+00
 131.455208      9.151    11.8254  32.775892    28.1772      9.069  277.18634  277.26768     6.0191     5.9349 0.0000e+00
 131.455211      9.180    11.8246  32.775892    28.1790      9.098  277.18976  277.27104     6.0969     5.9713 -9.990e-29
 131.455214      9.198    11.8243  32.776534    28.1804      9.116  277.19013  277.27138     6.1280     5.9471 -9.990e-29
 131.455217      9.207    11.8244  32.777526    28.1813      9.125  277.18799  277.26923     6.1280     5.9552 -9.990e-29
 131.455220      9.209    11.8246  32.781028    28.1845      9.127  277.18058  277.26179     8.7272     6.8043 -9.990e-29
 131.455223      9.211    11.8244  32.779802    28.1834      9.129  277.18347  277.26469     8.8673     6.8124 -9.990e-29
 131.455226      9.211    11.8240  32.783946    28.1877      9.128  277.17764  277.25879     8.8362     6.7882 -9.990e-29
 131.455229      9.217    11.8232  32.792584    28.1965      9.134  277.16535  277.24634     8.8362     6.7801 -9.990e-29
 131.455231      9.228    11.8230  32.800055    28.2038      9.145  277.15244  277.23333     9.7545     7.0510 -9.990e-29
 131.455234      9.242    11.8226  32.799179    28.2032      9.159  277.15562  277.23649     9.7545     7.0308 -9.990e-29
 131.455237      9.264    11.8229  32.804141    28.2078      9.181  277.14520  277.22604     9.8634     7.0389 -9.990e-29
 131.455240      9.297    11.8224  32.803791    28.2116      9.213  277.14804  277.22884     9.7856     7.0550 0.0000e+00
 131.455243      9.326    11.8217  32.811380    28.2153      9.243  277.13709  277.21775     8.7584     6.6668 0.0000e+00
 131.455246      9.366    11.8209  32.810563    28.2155      9.282  277.14234  277.22295     8.9140     6.6668 0.0000e+00
 131.455249      9.408    11.8199  32.811790    28.2172      9.324  277.14442  277.22495     8.7117     6.6749 0.0000e+00
 131.455252      9.452    11.8190  32.815001    28.2207      9.367  277.14252  277.22295     8.7117     6.6588 0.0000e+00
 131.455255      9.490    11.8181  32.814067    28.2209      9.405  277.14829  277.22867     8.7584     6.6911 0.0000e+00
 131.455258      9.540    11.8172  32.813658    28.2210      9.454  277.15341  277.23372     7.1552     6.0320 0.0000e+00
 131.455260      9.582    11.8167  32.818913    28.2229      9.496  277.14555  277.22577     7.0930     6.0037 0.0000e+00
 131.455263      9.625    11.8165  32.815118    28.2229      9.539  277.15385  277.23410     7.0463     6.0320 0.0000e+00
 131.455266      9.669    11.8167  32.814068    28.2223      9.582  277.15491  277.23518     7.0930     6.0280 0.0000e+00
 131.455269      9.696    11.8171  32.815761    28.2218      9.610  277.14993  277.23022     5.6455     6.3110 -9.990e-29
 131.455272      9.707    11.8171  32.816345    28.2236      9.620  277.14886  277.22913     5.6922     6.2867 -9.990e-29
 131.455275      9.713    11.8172  32.817162    28.2243      9.626  277.14673  277.22701     5.8167     6.2746 -9.990e-29
 131.455278      9.709    11.8176  32.815702    28.2226      9.622  277.14758  277.22790     5.8167     6.3110 -9.990e-29
 131.455281      9.704    11.8176  32.816753    28.2236      9.617  277.14563  277.22594     7.4510     6.4768 -9.990e-29
 131.455284      9.700    11.8178  32.816753    28.2235      9.613  277.14501  277.22533     7.5288     6.4485 -9.990e-29
 131.455286      9.706    11.8182  32.817804    28.2241      9.619  277.14121  277.22155     7.5443     6.4768 -9.990e-29
 131.455289      9.722    11.8183  32.815410    28.2208      9.635  277.14535  277.22572     7.6222     6.5011 -9.990e-29
 131.455292      9.747    11.8184  32.814476    28.2209      9.660  277.14648  277.22687     6.3303     6.4202 0.0000e+00
 131.455295      9.780    11.8186  32.814885    28.2210      9.693  277.14482  277.22522     6.3303     6.3959 0.0000e+00
 131.455298      9.830    11.8183  32.814827    28.2211      9.742  277.14650  277.22689     6.3303     6.4081 0.0000e+00
 131.455301      9.893    11.8178  32.814302    28.2211      9.805  277.14969  277.23004     6.3926     6.4323 0.0000e+00
 131.455304      9.954    11.8173  32.810332    28.2204      9.864  277.15925  277.23961     6.2836     6.4040 0.0000e+00
 131.455307     10.015    11.8168  32.812843    28.2204      9.926  277.15680  277.23710     9.1941     6.4242 0.0000e+00
 131.455310     10.063    11.8164  32.813251    28.2207      9.973  277.15793  277.23820     9.2253     6.4000 0.0000e+00
 131.455312     10.099    11.8161  32.813018    28.2210     10.009  277.15963  277.23987     9.2408     6.4202 -9.990e-29
 131.455315     10.116    11.8160  32.810741    28.2189     10.025  277.16417  277.24443     9.3965     6.4000 -9.990e-29
 131.455318     10.114    11.8163  32.815412    28.2232     10.023  277.15458  277.23481     8.0268     6.5051 -9.990e-29
 131.455321     10.103    11.8165  32.814302    28.2220     10.012  277.15570  277.23596     8.0113     6.4606 -9.990e-29
 131.455324     10.090    11.8164  32.813660    28.2214     10.000  277.15719  277.23745     8.0424     6.4647 -9.990e-29
 131.455327     10.081    11.8167  32.814886    28.2224      9.991  277.15368  277.23394     8.1980     6.4930 -9.990e-29
 131.455330     10.077    11.8167  32.816404    28.2238      9.987  277.15055  277.23081     9.1941     6.5981 -9.990e-29
 131.455333     10.084    11.8165  32.819032    28.2265      9.994  277.14693  277.22713     8.9918     6.6183 -9.990e-29
 131.455336     10.117    11.8161  32.818798    28.2261     10.027  277.14893  277.22911     8.9607     6.6062 0.0000e+00
 131.455339     10.165    11.8161  32.817923    28.2257     10.074  277.15058  277.23077     9.1163     6.6102 0.0000e+00
 131.455341     10.225    11.8156  32.817397    28.2257     10.133  277.15376  277.23392    10.4237     6.9944 0.0000e+00
 131.455344     10.300    11.8156  32.818624    28.2266     10.208  277.15154  277.23169    10.3926     6.9823 0.0000e+00
 131.455347     10.367    11.8149  32.820142    28.2286     10.275  277.15186  277.23194    10.4704     6.9863 0.0000e+00
 131.455350     10.419    11.8142  32.824404    28.2309     10.325  277.14740  277.22737    10.4860     6.9863 0.0000e+00
 131.455353     10.457    11.8139  32.824405    28.2332     10.363  277.14866  277.22862    10.5171     6.9863 -9.990e-29
 131.455356     10.479    11.8140  32.823354    28.2323     10.385  277.15031  277.23029    11.4043     7.1359 -9.990e-29
 131.455359     10.480    11.8142  32.828784    28.2374     10.387  277.13932  277.21925    11.2175     7.1278 -9.990e-29
 131.455362     10.477    11.8142  32.824171    28.2329     10.383  277.14756  277.22755    11.2642     7.1440 -9.990e-29
 131.455365     10.470    11.8141  32.829134    28.2377     10.376  277.13897  277.21889    11.1864     7.0955 -9.990e-29
 131.455367     10.462    11.8141  32.828959    28.2376     10.369  277.13929  277.21921    13.6455     6.7437 -9.990e-29
 131.455370     10.460    11.8140  32.831003    28.2396     10.367  277.13612  277.21601    13.8634     6.7275 -9.990e-29
 131.455373     10.466    11.8131  32.832638    28.2419     10.372  277.13711  277.21691    13.5988     6.7032 -9.990e-29
 131.455376     10.489    11.8126  32.833689    28.2458     10.396  277.13734  277.21709    13.6455     6.7437 -9.990e-29
 131.455379     10.520    11.8125  32.836376    28.2450     10.426  277.13269  277.21241    12.8673     7.2127 0.0000e+00
