Processed/SBE19plus_01907321_2022_05_11_Cast129_wfilter.cnv
* Sea-Bird SBE19plus  Data File:
* FileName = E:\Prandtl_Daten\2022\CTD\Raw\SBE19plus_01907321_2022_05_11_Cast129.hex
* Software version 2.6.1.12
* Temperature SN = 7321
* Conductivity SN = 7321
* System UpLoad Time = May 11 2022 11:50:05
* <ApplicationData>
* <Seaterm232>
** Messpraktikum 2022
** CTD 10.05  KFN2
** NMEA Latitude = 54 06.15N
** NMEA Longitude = 008 35.88E
# nquan = 11
# nvalues = 590                         
# units = specified
# name 0 = timeJ: Julian Days
# name 1 = prdM: Pressure, Strain Gauge [db]
# name 2 = tv290C: Temperature [ITS-90, deg C]
# name 3 = c0mS/cm: Conductivity [mS/cm]
# name 4 = sal00: Salinity, Practical [PSU]
# name 5 = depSM: Depth [salt water, m], lat = 54.00
# name 6 = oxsatMm/Kg: Oxygen Saturation, Weiss [umol/kg]
# name 7 = oxsolMm/Kg: Oxygen Saturation, Garcia & Gordon [umol/kg]
# name 8 = turbWETntu0: Turbidity, WET Labs ECO [NTU]
# name 9 = flECO-AFL: Fluorescence, WET Labs ECO-AFL/FL [mg/m^3]
# name 10 = flag:  0.000e+00
# span 0 = 131.487948, 131.489653       
# span 1 =      0.543,     14.932       
# span 2 =    13.1829,    13.2574       
# span 3 =  31.424236,  31.954220       
# span 4 =    25.9453,    26.3963       
# span 5 =      0.538,     14.798       
# span 6 =  272.37830,  273.55382       
# span 7 =  272.56339,  273.73921       
# span 8 =     3.9490,    42.5794       
# span 9 =     5.2880,    11.6324       
# span 10 = 0.0000e+00, 0.0000e+00      
# interval = seconds: 0.25
# start_time = May 11 2022 11:41:27 [Instrument's time stamp, header]
# bad_flag = -9.990e-29
*END*
 131.487948      0.543    13.1891  31.604676    26.1083      0.538  273.21955  273.40362     5.3654     6.0239 0.0000e+00
 131.487951      0.610    13.1902  31.604906    26.1083      0.605  273.21438  273.39851     5.4899     5.9794 0.0000e+00
 131.487954      0.707    13.1909  31.608646    26.1106      0.700  273.20474  273.38888     5.1475     5.7449 0.0000e+00
 131.487957      0.813    13.1924  31.611005    26.1107      0.805  273.19397  273.37818     5.2253     5.7287 0.0000e+00
 131.487960      0.891    13.1943  31.611408    26.1112      0.883  273.18497  273.36930     4.8984     5.7489 0.0000e+00
 131.487963      0.940    13.1953  31.610200    26.1107      0.932  273.18261  273.36701     5.0541     5.7287 -9.990e-29
 131.487966      0.960    13.1953  31.609855    26.1086      0.952  273.18322  273.36762     6.2836     5.5751 -9.990e-29
 131.487969      0.951    13.1953  31.612616    26.1111      0.943  273.17842  273.36280     6.3148     5.5872 -9.990e-29
 131.487972      0.920    13.1962  31.613767    26.1116      0.912  273.17255  273.35698     6.1903     5.6155 -9.990e-29
 131.487975      0.882    13.1976  31.612789    26.1097      0.874  273.16781  273.35233     6.3303     5.5993 -9.990e-29
 131.487977      0.851    13.1987  31.613997    26.1101      0.843  273.16088  273.34546     4.8517     5.7813 -9.990e-29
 131.487980      0.836    13.1993  31.615550    26.1111      0.829  273.15561  273.34021     4.9296     5.8419 -9.990e-29
 131.487983      0.849    13.2010  31.617737    26.1120      0.841  273.14444  273.32912     4.8206     5.8258 -9.990e-29
 131.487986      0.889    13.2035  31.619693    26.1091      0.881  273.12984  273.31466     4.8829     5.8460 -9.990e-29
 131.487989      0.953    13.2061  31.618542    26.1092      0.945  273.12032  273.30531     5.0696     5.7570 0.0000e+00
 131.487992      1.019    13.2079  31.619923    26.1091      1.010  273.11027  273.29535     5.0229     5.7853 0.0000e+00
 131.487995      1.092    13.2086  31.618945    26.1092      1.082  273.10880  273.29394     4.8984     5.7570 0.0000e+00
 131.487998      1.152    13.2092  31.621074    26.1089      1.142  273.10258  273.28773     5.3187     5.7489 0.0000e+00
 131.488001      1.207    13.2103  31.621477    26.1089      1.196  273.09710  273.28231     5.2253     5.7409 0.0000e+00
 131.488003      1.245    13.2111  31.619521    26.1077      1.234  273.09698  273.28227     4.9607     5.3446 0.0000e+00
 131.488006      1.274    13.2111  31.618945    26.1065      1.263  273.09768  273.28297     5.2097     5.2880 -9.990e-29
 131.488009      1.274    13.2106  31.620499    26.1077      1.263  273.09723  273.28248     4.9918     5.3365 -9.990e-29
 131.488012      1.252    13.2106  31.620499    26.1078      1.241  273.09754  273.28278     4.9140     5.3203 -9.990e-29
 131.488015      1.212    13.2109  31.620326    26.1074      1.201  273.09621  273.28148     5.2097     5.4659 -9.990e-29
 131.488018      1.179    13.2114  31.620096    26.1069      1.169  273.09466  273.27996     5.0541     5.5306 -9.990e-29
 131.488021      1.159    13.2128  31.621879    26.1075      1.149  273.08514  273.27051     5.0541     5.4942 -9.990e-29
 131.488024      1.165    13.2141  31.619117    26.1041      1.154  273.08415  273.26963     5.0229     5.4618 -9.990e-29
 131.488027      1.192    13.2142  31.619520    26.1072      1.181  273.08315  273.26863     4.8517     5.4982 -9.990e-29
 131.488030      1.267    13.2140  31.622455    26.1082      1.256  273.07875  273.26419     4.8206     5.4982 0.0000e+00
 131.488032      1.371    13.2151  31.625620    26.1072      1.359  273.06851  273.25399     4.8829     5.4861 0.0000e+00
 131.488035      1.484    13.2174  31.622858    26.1051      1.471  273.06310  273.24875     4.9296     5.5306 0.0000e+00
 131.488038      1.570    13.2180  31.620326    26.1037      1.556  273.06530  273.25100     5.0229     5.9996 0.0000e+00
 131.488041      1.623    13.2158  31.624067    26.1024      1.608  273.06815  273.25369     4.8673     5.9552 -9.990e-29
 131.488044      1.639    13.2163  31.625448    26.1082      1.624  273.06384  273.24940     5.0229     5.9552 -9.990e-29
 131.488047      1.628    13.2185  31.625851    26.1071      1.614  273.05351  273.23919     4.7428     6.0037 -9.990e-29
 131.488050      1.599    13.2201  31.628037    26.1080      1.585  273.04232  273.22809     4.9451     6.0199 -9.990e-29
 131.488053      1.544    13.2214  31.628210    26.1073      1.530  273.03621  273.22206     5.0696     6.4161 -9.990e-29
 131.488056      1.497    13.2219  31.623088    26.1023      1.483  273.04281  273.22873     5.2408     6.4242 -9.990e-29
 131.488058      1.464    13.2195  31.612788    26.0946      1.451  273.07156  273.25742     5.0852     6.4242 -9.990e-29
 131.488061      1.459    13.2127  31.611983    26.0985      1.446  273.10280  273.28826     5.1008     6.4485 -9.990e-29
 131.488064      1.475    13.2064  31.613595    26.1042      1.462  273.12794  273.31300     5.2564     6.5779 -9.990e-29
 131.488067      1.528    13.2032  31.613596    26.1061      1.514  273.14210  273.32695     5.4899     6.5294 -9.990e-29
 131.488070      1.608    13.2018  31.612215    26.1068      1.594  273.15096  273.33574     5.2564     6.5213 0.0000e+00
 131.488073      1.689    13.1984  31.611237    26.1075      1.673  273.16747  273.35206     5.2564     6.5294 0.0000e+00
 131.488076      1.765    13.1960  31.610202    26.1075      1.749  273.18023  273.36467     5.4743     6.7437 0.0000e+00
 131.488079      1.836    13.1955  31.608074    26.1065      1.820  273.18589  273.37033     5.2875     6.7639 0.0000e+00
 131.488082      1.893    13.1937  31.604910    26.1057      1.876  273.19976  273.38411     5.2253     6.7113 0.0000e+00
 131.488084      1.928    13.1906  31.602724    26.1049      1.910  273.21706  273.40124     5.3654     6.7396 -9.990e-29
 131.488087      1.938    13.1881  31.600538    26.1047      1.921  273.23177  273.41582     4.9140     6.9216 -9.990e-29
 131.488090      1.935    13.1865  31.598180    26.1037      1.917  273.24325  273.42722     4.9451     6.9620 -9.990e-29
 131.488093      1.922    13.1858  31.598582    26.1045      1.905  273.24543  273.42935     4.7428     6.9256 -9.990e-29
 131.488096      1.907    13.1866  31.598352    26.1038      1.890  273.24261  273.42658     4.8673     6.9620 -9.990e-29
 131.488099      1.902    13.1869  31.600365    26.1054      1.885  273.23751  273.42148     4.8206     6.9499 -9.990e-29
 131.488102      1.913    13.1884  31.599963    26.1025      1.896  273.23147  273.41554     5.5521     7.3664 -9.990e-29
 131.488105      1.942    13.1897  31.599330    26.1028      1.925  273.22713  273.41128     5.5366     7.3179 0.0000e+00
 131.488108      1.986    13.1897  31.599963    26.1025      1.968  273.22606  273.41021     5.5988     7.3098 0.0000e+00
 131.488111      2.033    13.1897  31.596166    26.0997      2.015  273.23236  273.41654     5.5054     7.3300 0.0000e+00
 131.488113      2.073    13.1883  31.595188    26.0996      2.055  273.24050  273.42461     5.5521     7.1400 0.0000e+00
 131.488116      2.106    13.1864  31.597202    26.0997      2.087  273.24537  273.42934     5.4899     7.2330 -9.990e-29
 131.488119      2.130    13.1856  31.596800    26.1030      2.111  273.24962  273.43354     5.7078     7.2613 -9.990e-29
 131.488122      2.146    13.1849  31.596972    26.1036      2.127  273.25254  273.43642     5.4120     7.1561 -9.990e-29
 131.488125      2.143    13.1840  31.594441    26.1019      2.124  273.26078  273.44463     4.8517     6.7315 -9.990e-29
 131.488128      2.132    13.1834  31.594614    26.1025      2.113  273.26337  273.44717     4.9762     6.7518 -9.990e-29
 131.488131      2.123    13.1829  31.593003    26.1014      2.104  273.26841  273.45219     4.6183     6.7275 -9.990e-29
 131.488134      2.125    13.1829  31.591853    26.1003      2.106  273.27040  273.45420     4.7272     6.7396 -9.990e-29
 131.488137      2.148    13.1834  31.593406    26.1011      2.129  273.26548  273.44929     4.9918     6.6507 -9.990e-29
 131.488139      2.205    13.1842  31.593809    26.1015      2.185  273.26096  273.44483     4.9140     6.6507 0.0000e+00
 131.488142      2.270    13.1858  31.595822    26.1012      2.250  273.25076  273.43470     4.8984     6.6668 0.0000e+00
 131.488145      2.342    13.1881  31.596800    26.1012      2.321  273.23884  273.42291     4.8673     6.6507 0.0000e+00
 131.488148      2.415    13.1905  31.596570    26.0993      2.393  273.22837  273.41260     4.8206     6.6588 0.0000e+00
 131.488151      2.473    13.1922  31.596800    26.0988      2.451  273.22062  273.40495     4.4004     6.5577 0.0000e+00
 131.488154      2.513    13.1931  31.595017    26.0983      2.491  273.21989  273.40429     4.4159     6.5051 -9.990e-29
 131.488157      2.533    13.1928  31.595419    26.0966      2.511  273.22048  273.40486     4.7584     6.5496 -9.990e-29
 131.488160      2.531    13.1915  31.594039    26.0963      2.509  273.22866  273.41297     4.7584     6.5455 -9.990e-29
 131.488163      2.530    13.1900  31.596398    26.0994      2.507  273.23098  273.41518     3.9490     6.5941 -9.990e-29
 131.488166      2.513    13.1898  31.596800    26.0999      2.491  273.23124  273.41542     4.2603     6.5941 -9.990e-29
 131.488168      2.491    13.1901  31.596973    26.0999      2.469  273.22964  273.41384     4.1047     6.6264 -9.990e-29
 131.488171      2.484    13.1907  31.596973    26.0995      2.462  273.22707  273.41130     3.9957     6.5860 -9.990e-29
 131.488174      2.495    13.1908  31.596570    26.0983      2.472  273.22745  273.41170     4.7584     6.9216 -9.990e-29
 131.488177      2.526    13.1912  31.595995    26.0983      2.503  273.22654  273.41082     4.7584     6.8973 0.0000e+00
 131.488180      2.555    13.1912  31.595995    26.0983      2.532  273.22656  273.41084     4.9918     6.9863 0.0000e+00
 131.488183      2.593    13.1917  31.598756    26.1004      2.570  273.21955  273.40383     4.7895     6.9620 0.0000e+00
 131.488186      2.626    13.1918  31.599964    26.1015      2.603  273.21715  273.40142     4.9918     7.1480 0.0000e+00
 131.488189      2.654    13.1918  31.602496    26.1027      2.630  273.21277  273.39703     5.0541     7.1763 0.0000e+00
 131.488192      2.683    13.1919  31.603531    26.1038      2.659  273.21035  273.39460     5.0541     7.2047 -9.990e-29
 131.488194      2.703    13.1920  31.602151    26.1033      2.679  273.21244  273.39671     5.1008     7.1763 -9.990e-29
 131.488197      2.723    13.1914  31.603302    26.1047      2.698  273.21302  273.39725     5.0229     7.1602 -9.990e-29
 131.488200      2.746    13.1911  31.603302    26.1051      2.722  273.21432  273.39853     5.1941     6.2504 -9.990e-29
 131.488203      2.781    13.1916  31.603877    26.1052      2.756  273.21109  273.39533     5.1941     6.2180 0.0000e+00
 131.488206      2.825    13.1917  31.604107    26.1052      2.800  273.21040  273.39464     5.1630     6.2504 0.0000e+00
 131.488209      2.874    13.1924  31.604683    26.1053      2.848  273.20654  273.39082     5.1941     6.2342 0.0000e+00
 131.488212      2.929    13.1932  31.605488    26.1053      2.903  273.20133  273.38565     4.4626     6.3757 0.0000e+00
 131.488215      2.976    13.1945  31.603532    26.1047      2.950  273.19930  273.38371     4.4159     6.3636 0.0000e+00
 131.488218      3.024    13.1953  31.606294    26.1037      2.997  273.19068  273.37512     4.4315     6.4404 0.0000e+00
 131.488220      3.062    13.1955  31.610436    26.1047      3.035  273.18287  273.36729     4.6338     6.4121 -9.990e-29
 131.488223      3.080    13.1945  31.611012    26.1095      3.053  273.18606  273.37041     5.4899     6.5941 -9.990e-29
 131.488226      3.080    13.1935  31.609861    26.1091      3.053  273.19255  273.37685     5.3809     6.5860 -9.990e-29
 131.488229      3.073    13.1930  31.610207    26.1098      3.045  273.19419  273.37846     5.4899     6.6264 -9.990e-29
 131.488232      3.049    13.1929  31.610034    26.1098      3.022  273.19512  273.37938     5.3187     6.5981 -9.990e-29
 131.488235      3.033    13.1934  31.611012    26.1103      3.006  273.19116  273.37544     6.0035     6.5900 -9.990e-29
 131.488238      3.029    13.1938  31.612220    26.1111      3.002  273.18714  273.37143     6.1436     7.1076 -9.990e-29
 131.488241      3.035    13.1935  31.616363    26.1151      3.007  273.18124  273.36548     6.1280     7.1116 -9.990e-29
 131.488244      3.055    13.1933  31.625628    26.1316      3.027  273.16613  273.35028     6.0969     7.0753 -9.990e-29
 131.488247      3.082    13.1937  31.634548    26.1323      3.055  273.14906  273.33316     6.1280     7.1278 0.0000e+00
 131.488249      3.122    13.1941  31.636562    26.1331      3.094  273.14367  273.32777     6.0502     7.1197 0.0000e+00
 131.488252      3.170    13.1939  31.639728    26.1361      3.141  273.13885  273.32291     6.0191     7.1076 0.0000e+00
 131.488255      3.208    13.1942  31.644045    26.1398      3.179  273.13009  273.31414     6.0035     7.1602 0.0000e+00
 131.488258      3.252    13.1946  31.647039    26.1423      3.223  273.12332  273.30736     6.1280     7.1359 0.0000e+00
 131.488261      3.288    13.1949  31.651586    26.1462      3.259  273.11417  273.29819     5.6299     6.9459 0.0000e+00
 131.488264      3.321    13.1940  31.654522    26.1495      3.291  273.11295  273.29689     6.0191     6.9014 0.0000e+00
 131.488267      3.357    13.1919  31.654177    26.1506      3.327  273.12287  273.30668     5.8790     6.9176 0.0000e+00
 131.488270      3.392    13.1901  31.654926    26.1515      3.362  273.12961  273.31330     5.6922     6.9499 0.0000e+00
 131.488273      3.427    13.1887  31.652796    26.1515      3.396  273.13942  273.32305     5.5833     7.1278 0.0000e+00
 131.488275      3.463    13.1879  31.650206    26.1497      3.432  273.14778  273.33138     5.4899     7.1319 0.0000e+00
 131.488278      3.501    13.1870  31.647846    26.1489      3.470  273.15575  273.33932     5.4587     7.1400 0.0000e+00
 131.488281      3.531    13.1868  31.645428    26.1482      3.499  273.16093  273.34450     5.4587     7.0955 -9.990e-29
 131.488284      3.549    13.1862  31.643069    26.1443      3.517  273.16760  273.35116     5.3031     7.1197 -9.990e-29
 131.488287      3.556    13.1861  31.639327    26.1410      3.525  273.17442  273.35801     5.2253     7.1359 -9.990e-29
 131.488290      3.555    13.1852  31.639443    26.1417      3.523  273.17807  273.36161     5.4120     7.1278 -9.990e-29
 131.488293      3.551    13.1850  31.642090    26.1443      3.519  273.17476  273.35825     5.3031     7.1157 -9.990e-29
 131.488296      3.549    13.1858  31.639903    26.1417      3.517  273.17502  273.35858     5.4276     7.1278 -9.990e-29
 131.488299      3.553    13.1860  31.637543    26.1394      3.521  273.17816  273.36176     5.9724     7.2734 -9.990e-29
 131.488302      3.562    13.1854  31.635126    26.1376      3.530  273.18493  273.36851     5.7700     7.2694 -9.990e-29
 131.488304      3.586    13.1849  31.634378    26.1384      3.554  273.18849  273.37204     5.8167     7.2208 -9.990e-29
 131.488307      3.620    13.1851  31.635759    26.1431      3.588  273.18515  273.36871     5.8945     7.2653 0.0000e+00
 131.488310      3.655    13.1860  31.646638    26.1477      3.622  273.16244  273.34595     5.5054     6.8488 0.0000e+00
 131.488313      3.693    13.1871  31.652394    26.1477      3.660  273.14733  273.33087     5.5677     6.8205 0.0000e+00
 131.488316      3.746    13.1885  31.647616    26.1468      3.713  273.14957  273.33323     5.5677     6.9014 0.0000e+00
 131.488319      3.805    13.1887  31.644451    26.1453      3.771  273.15414  273.33784     5.5210     6.8852 0.0000e+00
 131.488322      3.843    13.1884  31.641688    26.1438      3.809  273.16024  273.34395     5.2875     6.9539 -9.990e-29
 131.488325      3.868    13.1881  31.634954    26.1355      3.834  273.17323  273.35698     5.3809     6.9256 -9.990e-29
