Processed/SBE19plus_01907321_2022_05_11_Cast131_wfilter.cnv
* Sea-Bird SBE19plus  Data File:
* FileName = E:\Prandtl_Daten\2022\CTD\Raw\SBE19plus_01907321_2022_05_11_Cast131.hex
* Software version 2.6.1.12
* Temperature SN = 7321
* Conductivity SN = 7321
* System UpLoad Time = May 11 2022 13:05:17
* <ApplicationData>
* <Seaterm232>
** Messpraktikum 2022
** CTD 10.05  BW2
** NMEA Latitude = 54 07.90N
** NMEA Longitude = 008 45.14E
# nquan = 11
# nvalues = 641                         
# units = specified
# name 0 = timeJ: Julian Days
# name 1 = prdM: Pressure, Strain Gauge [db]
# name 2 = tv290C: Temperature [ITS-90, deg C]
# name 3 = c0mS/cm: Conductivity [mS/cm]
# name 4 = sal00: Salinity, Practical [PSU]
# name 5 = depSM: Depth [salt water, m], lat = 54.00
# name 6 = oxsatMm/Kg: Oxygen Saturation, Weiss [umol/kg]
# name 7 = oxsolMm/Kg: Oxygen Saturation, Garcia & Gordon [umol/kg]
# name 8 = turbWETntu0: Turbidity, WET Labs ECO [NTU]
# name 9 = flECO-AFL: Fluorescence, WET Labs ECO-AFL/FL [mg/m^3]
# name 10 = flag:  0.000e+00
# span 0 = 131.539430, 131.541282       
# span 1 =      0.438,     15.391       
# span 2 =    13.9250,    14.1184       
# span 3 =  33.149408,  33.296361       
# span 4 =    26.9897,    27.0006       
# span 5 =      0.434,     15.253       
# span 6 =  266.34921,  267.41497       
# span 7 =  266.57495,  267.63056       
# span 8 =     8.4471,    98.5482       
# span 9 =     4.4954,    14.7703       
# span 10 = 0.0000e+00, 0.0000e+00      
# interval = seconds: 0.25
# start_time = May 11 2022 12:55:17 [Instrument's time stamp, header]
# bad_flag = -9.990e-29
*END*
[from data line 394]
 131.540570      9.677    13.9504  33.167326    26.9943      9.590  267.27471  267.49164    13.8323     6.5172 -9.990e-29
 131.540573      9.695    13.9501  33.166564    26.9939      9.608  267.27756  267.49448    14.1280     6.5738 -9.990e-29
 131.540576      9.708    13.9496  33.166975    26.9946      9.621  267.27877  267.49566    14.0191     6.5536 -9.990e-29
 131.540579      9.728    13.9492  33.166916    26.9950      9.641  267.28045  267.49731    14.0035     6.5011 -9.990e-29
 131.540582      9.755    13.9490  33.166975    26.9950      9.668  267.28131  267.49816    14.4860     6.1412 0.0000e+00
 131.540584      9.788    13.9489  33.166740    26.9949      9.700  267.28235  267.49919    14.3770     6.1452 0.0000e+00
 131.540587      9.830    13.9487  33.166565    26.9948      9.742  267.28330  267.50013    14.4860     6.1371 0.0000e+00
 131.540590      9.877    13.9484  33.166330    26.9948      9.789  267.28497  267.50179    14.2992     6.1412 0.0000e+00
 131.540593      9.921    13.9483  33.165744    26.9946      9.832  267.28629  267.50311    13.7233     6.2504 0.0000e+00
 131.540596      9.958    13.9481  33.165920    26.9945      9.869  267.28696  267.50377    13.6144     6.2463 0.0000e+00
 131.540599      9.992    13.9476  33.165920    26.9946      9.903  267.28918  267.50595    13.7078     6.1937 -9.990e-29
 131.540602     10.014    13.9475  33.165686    26.9948      9.924  267.29021  267.50698    13.6766     6.2301 -9.990e-29
 131.540605     10.033    13.9474  33.166155    26.9953      9.943  267.28975  267.50651    14.7350     6.1573 -9.990e-29
 131.540608     10.043    13.9475  33.164748    26.9939      9.953  267.29148  267.50826    14.6416     6.1412 -9.990e-29
 131.540611     10.047    13.9475  33.165921    26.9950      9.957  267.28984  267.50660    14.6883     6.1614 -9.990e-29
 131.540613     10.049    13.9475  33.166507    26.9955      9.959  267.28855  267.50531    14.6572     6.1654 -9.990e-29
 131.540616     10.049    13.9477  33.165276    26.9943      9.959  267.28997  267.50676    14.5638     6.1776 -9.990e-29
 131.540619     10.058    13.9479  33.166565    26.9953      9.968  267.28689  267.50367    13.8323     6.2140 -9.990e-29
 131.540622     10.069    13.9479  33.166331    26.9955      9.979  267.28728  267.50407    13.9412     6.1978 -9.990e-29
 131.540625     10.096    13.9482  33.166976    26.9954     10.006  267.28497  267.50177    13.8945     6.1897 0.0000e+00
 131.540628     10.135    13.9485  33.166917    26.9953     10.044  267.28383  267.50066    13.8790     6.2382 0.0000e+00
 131.540631     10.186    13.9486  33.167152    26.9952     10.094  267.28316  267.49998    14.1436     6.2099 0.0000e+00
 131.540634     10.237    13.9486  33.166156    26.9944     10.145  267.28485  267.50168    14.1903     6.2584 0.0000e+00
 131.540637     10.284    13.9483  33.164749    26.9944     10.192  267.28817  267.50500    14.1591     6.2382 0.0000e+00
 131.540639     10.328    13.9479  33.166156    26.9941     10.235  267.28773  267.50453    14.0813     6.2423 0.0000e+00
 131.540642     10.362    13.9477  33.165922    26.9948     10.270  267.28909  267.50587    14.8284     6.2908 -9.990e-29
 131.540645     10.377    13.9475  33.166098    26.9950     10.284  267.28943  267.50620    14.9840     6.3029 -9.990e-29
 131.540648     10.381    13.9477  33.166156    26.9949     10.288  267.28839  267.50518    14.8595     6.2908 -9.990e-29
 131.540651     10.377    13.9479  33.166097    26.9948     10.284  267.28786  267.50465    14.8751     6.2948 -9.990e-29
 131.540654     10.364    13.9480  33.166332    26.9949     10.271  267.28683  267.50363    15.4510     6.2342 -9.990e-29
 131.540657     10.359    13.9479  33.165687    26.9944     10.266  267.28853  267.50533    15.4510     6.2382 -9.990e-29
 131.540660     10.362    13.9477  33.165335    26.9944     10.270  267.29006  267.50685    15.3576     6.1897 -9.990e-29
 131.540663     10.393    13.9473  33.165277    26.9943     10.300  267.29175  267.50851    15.4043     6.2140 0.0000e+00
 131.540666     10.441    13.9471  33.164925    26.9944     10.347  267.29331  267.51006    15.4821     6.2342 0.0000e+00
 131.540668     10.499    13.9468  33.165277    26.9946     10.405  267.29401  267.51074    14.6572     6.3353 0.0000e+00
 131.540671     10.561    13.9467  33.165102    26.9948     10.466  267.29465  267.51139    14.5949     6.3474 0.0000e+00
 131.540674     10.612    13.9468  33.165336    26.9947     10.517  267.29398  267.51072    14.6572     6.3474 0.0000e+00
 131.540677     10.656    13.9467  33.165278    26.9948     10.561  267.29442  267.51115    14.6572     6.3555 -9.990e-29
 131.540680     10.678    13.9466  33.165512    26.9950     10.582  267.29435  267.51108    14.6572     6.0927 -9.990e-29
 131.540683     10.689    13.9468  33.166157    26.9955     10.593  267.29266  267.50939    14.5638     6.0684 -9.990e-29
 131.540686     10.685    13.9470  33.166333    26.9955     10.589  267.29142  267.50816    14.7350     6.1210 -9.990e-29
 131.540689     10.674    13.9474  33.166098    26.9950     10.578  267.29024  267.50700    14.5638     6.1088 -9.990e-29
 131.540692     10.671    13.9475  33.165923    26.9948     10.575  267.28990  267.50667    14.4860     5.8864 -9.990e-29
 131.540694     10.665    13.9477  33.165747    26.9945     10.570  267.28956  267.50635    14.3459     5.8864 -9.990e-29
 131.540697     10.676    13.9475  33.165512    26.9940     10.580  267.29090  267.50767    14.3303     5.9147 -9.990e-29
 131.540700     10.709    13.9475  33.165102    26.9944     10.613  267.29129  267.50807    14.4704     5.8945 0.0000e+00
 131.540703     10.751    13.9469  33.165337    26.9947     10.655  267.29375  267.51049    15.8245     6.0158 0.0000e+00
 131.540706     10.802    13.9467  33.165513    26.9949     10.705  267.29412  267.51085    15.7934     6.2342 0.0000e+00
 131.540709     10.857    13.9466  33.165689    26.9951     10.759  267.29417  267.51089    15.8556     6.2423 0.0000e+00
 131.540712     10.908    13.9468  33.165748    26.9951     10.810  267.29347  267.51021    15.8401     6.2220 0.0000e+00
 131.540715     10.953    13.9470  33.165513    26.9949     10.855  267.29295  267.50970    15.8089     6.2180 0.0000e+00
 131.540718     10.979    13.9468  33.165513    26.9947     10.881  267.29391  267.51064    14.7039     6.0199 -9.990e-29
 131.540720     10.990    13.9468  33.165279    26.9946     10.891  267.29431  267.51104    14.7661     6.0158 -9.990e-29
 131.540723     10.999    13.9467  33.165513    26.9949     10.901  267.29423  267.51096    14.6883     6.0118 -9.990e-29
 131.540726     10.995    13.9468  33.165748    26.9950     10.897  267.29353  267.51026    14.7194     6.0603 -9.990e-29
 131.540729     10.990    13.9467  33.165689    26.9950     10.891  267.29394  267.51066    14.6572     6.0967 -9.990e-29
 131.540732     10.992    13.9469  33.165103    26.9944     10.893  267.29397  267.51072    14.6572     6.0765 -9.990e-29
 131.540735     11.006    13.9468  33.165513    26.9950     10.908  267.29393  267.51066    14.7194     6.0927 -9.990e-29
 131.540738     11.034    13.9467  33.165689    26.9951     10.935  267.29396  267.51069    14.6261     6.0927 0.0000e+00
 131.540741     11.077    13.9469  33.166100    26.9950     10.978  267.29236  267.50910    16.6650     6.4202 0.0000e+00
 131.540744     11.121    13.9470  33.165514    26.9948     11.022  267.29305  267.50980    16.7428     6.3878 0.0000e+00
 131.540747     11.167    13.9472  33.165924    26.9946     11.067  267.29145  267.50821    16.6183     6.4323 0.0000e+00
 131.540749     11.205    13.9473  33.165514    26.9946     11.105  267.29185  267.50861    16.5871     6.4242 0.0000e+00
 131.540752     11.238    13.9470  33.165104    26.9944     11.137  267.29381  267.51056    15.9179     6.4242 -9.990e-29
 131.540755     11.260    13.9466  33.165104    26.9945     11.159  267.29570  267.51243    14.6261     6.4970 -9.990e-29
 131.540758     11.276    13.9464  33.164693    26.9943     11.175  267.29703  267.51375    14.6105     6.4970 -9.990e-29
 131.540761     11.287    13.9463  33.164869    26.9945     11.186  267.29737  267.51408    14.6572     6.4849 -9.990e-29
 131.540764     11.294    13.9459  33.164928    26.9948     11.193  267.29884  267.51553    14.7661     6.5011 -9.990e-29
 131.540767     11.309    13.9460  33.164459    26.9943     11.208  267.29932  267.51602    16.3848     6.4404 -9.990e-29
 131.540770     11.333    13.9455  33.164107    26.9943     11.231  267.30180  267.51848    16.1825     6.4081 -9.990e-29
 131.540773     11.351    13.9454  33.164049    26.9942     11.249  267.30254  267.51920    16.3537     6.4161 -9.990e-29
 131.540775     11.382    13.9453  33.163815    26.9943     11.280  267.30326  267.51993    16.3848     6.4444 0.0000e+00
 131.540778     11.417    13.9451  33.163932    26.9942     11.315  267.30372  267.52037    15.7934     6.3919 0.0000e+00
 131.540781     11.450    13.9449  33.163404    26.9941     11.347  267.30587  267.52251    15.7622     6.4081 0.0000e+00
 131.540784     11.482    13.9445  33.162760    26.9939     11.380  267.30854  267.52516    15.8868     6.4323 0.0000e+00
 131.540787     11.508    13.9438  33.162584    26.9938     11.405  267.31167  267.52825    15.9957     6.4121 -9.990e-29
 131.540790     11.526    13.9432  33.162584    26.9945     11.423  267.31419  267.53074    16.5871     6.4606 -9.990e-29
 131.540793     11.543    13.9430  33.162350    26.9944     11.439  267.31554  267.53207    16.6494     6.4606 -9.990e-29
 131.540796     11.563    13.9427  33.162819    26.9951     11.459  267.31602  267.53254    16.5716     6.5132 -9.990e-29
 131.540799     11.585    13.9432  33.162760    26.9946     11.481  267.31394  267.53048    16.6338     6.4970 -9.990e-29
 131.540802     11.608    13.9429  33.162350    26.9942     11.504  267.31589  267.53242    16.5560     6.4687 -9.990e-29
 131.540804     11.636    13.9428  33.161940    26.9941     11.532  267.31690  267.53344    15.7934     6.6021 0.0000e+00
 131.540807     11.665    13.9428  33.161764    26.9942     11.560  267.31753  267.53406    15.7622     6.6426 0.0000e+00
 131.540810     11.698    13.9427  33.162350    26.9940     11.593  267.31689  267.53341    15.9490     6.6062 0.0000e+00
 131.540813     11.734    13.9425  33.161530    26.9940     11.629  267.31890  267.53542    15.8712     6.5981 0.0000e+00
 131.540816     11.765    13.9420  33.160709    26.9940     11.660  267.32280  267.53929    14.4237     6.4930 0.0000e+00
 131.540819     11.791    13.9414  33.160709    26.9938     11.685  267.32501  267.54147    14.5171     6.4930 0.0000e+00
 131.540822     11.816    13.9408  33.160533    26.9940     11.710  267.32815  267.54457    14.2992     6.4768 -9.990e-29
 131.540825     11.829    13.9405  33.161120    26.9950     11.723  267.32843  267.54483    14.4237     6.4889 -9.990e-29
 131.540828     11.836    13.9404  33.161530    26.9954     11.730  267.32807  267.54446    15.1241     6.6224 -9.990e-29
 131.540830     11.838    13.9406  33.161354    26.9951     11.732  267.32742  267.54383    14.9996     6.6062 -9.990e-29
 131.540833     11.844    13.9409  33.161120    26.9947     11.737  267.32656  267.54298    15.0619     6.6102 -9.990e-29
 131.540836     11.852    13.9407  33.160534    26.9943     11.746  267.32848  267.54490    15.1552     6.6021 -9.990e-29
 131.540839     11.874    13.9405  33.160709    26.9937     11.768  267.32883  267.54524    18.4082     6.5900 -9.990e-29
 131.540842     11.903    13.9404  33.159654    26.9942     11.797  267.33124  267.54764    18.1903     6.5900 0.0000e+00
 131.540845     11.947    13.9401  33.160534    26.9943     11.840  267.33105  267.54743    18.2992     6.6021 0.0000e+00
 131.540848     11.998    13.9400  33.160065    26.9943     11.891  267.33218  267.54856    18.3926     6.6224 0.0000e+00
 131.540851     12.051    13.9396  33.159538    26.9943     11.943  267.33498  267.55133    18.4082     6.6102 0.0000e+00
 131.540854     12.098    13.9391  33.159655    26.9944     11.990  267.33669  267.55302    16.1669     6.3555 0.0000e+00
 131.540856     12.142    13.9388  33.159245    26.9945     12.034  267.33866  267.55498    16.0424     6.3272 0.0000e+00
 131.540859     12.179    13.9386  33.159773    26.9944     12.070  267.33874  267.55504    16.1358     6.3393 -9.990e-29
 131.540862     12.190    13.9387  33.159655    26.9948     12.080  267.33863  267.55494    16.0580     6.3555 -9.990e-29
 131.540865     12.191    13.9387  33.158952    26.9942     12.082  267.33980  267.55612    14.9529     6.5172 -9.990e-29
 131.540868     12.180    13.9388  33.159655    26.9948     12.071  267.33831  267.55462    14.8595     6.5536 -9.990e-29
 131.540871     12.177    13.9386  33.158424    26.9938     12.068  267.34099  267.55730    14.8595     6.5577 -9.990e-29
 131.540874     12.173    13.9382  33.157780    26.9935     12.064  267.34363  267.55993    14.9218     6.5415 -9.990e-29
 131.540877     12.182    13.9379  33.158600    26.9944     12.073  267.34352  267.55979    16.7272     6.3353 -9.990e-29
 131.540880     12.204    13.9376  33.158600    26.9945     12.095  267.34511  267.56136    16.9140     6.3272 -9.990e-29
 131.540883     12.244    13.9375  33.158366    26.9945     12.135  267.34584  267.56208    16.8984     6.3231 0.0000e+00
 131.540885     12.290    13.9371  33.158190    26.9945     12.180  267.34773  267.56395    16.7895     6.3353 0.0000e+00
 131.540888     12.343    13.9370  33.157956    26.9946     12.232  267.34846  267.56469    15.6533     6.5011 0.0000e+00
 131.540891     12.401    13.9368  33.158015    26.9945     12.290  267.34934  267.56555    15.4665     6.4930 0.0000e+00
 131.540894     12.454    13.9367  33.157781    26.9945     12.342  267.35039  267.56660    15.4976     6.4566 0.0000e+00
 131.540897     12.498    13.9365  33.157957    26.9945     12.386  267.35075  267.56695    15.5599     6.4808 -9.990e-29
 131.540900     12.520    13.9363  33.157546    26.9945     12.407  267.35239  267.56858    15.7622     6.4849 -9.990e-29
 131.540903     12.531    13.9362  33.157957    26.9949     12.418  267.35203  267.56821    15.8089     6.3434 -9.990e-29
 131.540906     12.522    13.9361  33.157136    26.9943     12.409  267.35402  267.57019    15.9023     6.3514 -9.990e-29
 131.540909     12.509    13.9360  33.156960    26.9942     12.397  267.35462  267.57079    15.8245     6.3636 -9.990e-29
 131.540911     12.500    13.9359  33.157546    26.9947     12.388  267.35395  267.57011    15.6844     6.3838 -9.990e-29
 131.540914     12.498    13.9359  33.157546    26.9947     12.386  267.35395  267.57011    14.8440     6.0158 -9.990e-29
 131.540917     12.507    13.9359  33.157136    26.9953     12.395  267.35495  267.57111    14.8595     6.0199 -9.990e-29
 131.540920     12.532    13.9359  33.158191    26.9954     12.420  267.35290  267.56905    15.0619     6.0320 0.0000e+00
 131.540923     12.567    13.9362  33.158602    26.9955     12.455  267.35129  267.56746    14.7506     6.0239 0.0000e+00
 131.540926     12.614    13.9368  33.159540    26.9956     12.501  267.34724  267.56344    14.9529     6.6062 0.0000e+00
 131.540929     12.669    13.9376  33.159892    26.9958     12.556  267.34292  267.55917    14.7973     6.6224 0.0000e+00
 131.540932     12.727    13.9381  33.160478    26.9956     12.613  267.34010  267.55636    14.8906     6.6062 0.0000e+00
 131.540935     12.784    13.9385  33.160537    26.9956     12.670  267.33846  267.55475    14.8595     6.6143 0.0000e+00
 131.540938     12.831    13.9391  33.160302    26.9952     12.717  267.33606  267.55239    15.4821     6.0846 0.0000e+00
 131.540940     12.862    13.9395  33.160771    26.9949     12.747  267.33373  267.55007    15.2642     6.0927 -9.990e-29
 131.540943     12.884    13.9394  33.160478    26.9948     12.769  267.33454  267.55089    15.4198     6.0684 -9.990e-29
