Processed/SBE19plus_01907321_2022_05_07_Cast62_wfilter.cnv
* Sea-Bird SBE19plus  Data File:
* FileName = E:\Prandtl Daten\2022\CTD\Raw\SBE19plus_01907321_2022_05_07_Cast62.hex
* Software version 2.6.1.12
* Temperature SN = 7321
* Conductivity SN = 7321
* System UpLoad Time = May 07 2022 08:30:30
* <ApplicationData>
* <Seaterm232>
** Messpraktikum 2022
** CTD 07.05 MP2
** NMEA Latitude = 54 04.02 N
** NMEA Longitude = 008 42.14 E
# nquan = 11
# nvalues = 422                         
# units = specified
# name 0 = timeJ: Julian Days
# name 1 = prdM: Pressure, Strain Gauge [db]
# name 2 = tv290C: Temperature [ITS-90, deg C]
# name 3 = c0mS/cm: Conductivity [mS/cm]
# name 4 = sal00: Salinity, Practical [PSU]
# name 5 = depSM: Depth [salt water, m], lat = 54.00
# name 6 = oxsatMm/Kg: Oxygen Saturation, Weiss [umol/kg]
# name 7 = oxsolMm/Kg: Oxygen Saturation, Garcia & Gordon [umol/kg]
# name 8 = turbWETntu0: Turbidity, WET Labs ECO [NTU]
# name 9 = flECO-AFL: Fluorescence, WET Labs ECO-AFL/FL [mg/m^3]
# name 10 = flag:  0.000e+00
# span 0 = 127.350119, 127.351337       
# span 1 =      0.446,     10.251       
# span 2 =    13.2545,    13.6964       
# span 3 =  32.656018,  32.911861       
# span 4 =    26.9307,    27.0266       
# span 5 =      0.442,     10.159       
# span 6 =  268.77713,  271.11645       
# span 7 =  268.98096,  271.29538       
# span 8 =    17.4587,    84.6027       
# span 9 =     9.4044,    15.1302       
# span 10 = 0.0000e+00, 0.0000e+00      
# interval = seconds: 0.25
# start_time = May 07 2022 08:22:40 [Instrument's time stamp, header]
# bad_flag = -9.990e-29
*END*
 127.350119      0.521    13.6964  32.911276    26.9443      0.516  268.77713  268.98096    19.9334    10.5851 -9.990e-29
 127.350122      0.532    13.6953  32.909347    26.9433      0.527  268.78480  268.98858    19.8245    10.5730 -9.990e-29
 127.350124      0.532    13.6939  32.909990    26.9448      0.527  268.78969  268.99338    19.8556    10.5892 -9.990e-29
 127.350127      0.532    13.6934  32.911452    26.9465      0.527  268.78942  268.99307    19.8868    10.5973 -9.990e-29
 127.350130      0.517    13.6939  32.911861    26.9465      0.513  268.78652  268.99019    18.7661    10.1525 -9.990e-29
 127.350133      0.505    13.6943  32.911860    26.9463      0.500  268.78494  268.98864    18.8595    10.1686 -9.990e-29
 127.350136      0.488    13.6944  32.910458    26.9450      0.484  268.78698  268.99070    18.7973    10.1322 -9.990e-29
 127.350139      0.479    13.6940  32.910224    26.9450      0.475  268.78894  268.99264    18.7506    10.1242 -9.990e-29
 127.350142      0.479    13.6933  32.905431    26.9412      0.475  268.80018  269.00388    18.8440    10.1363 -9.990e-29
 127.350145      0.494    13.6901  32.893743    26.9328      0.489  268.83347  269.03706    21.1008    10.6054 -9.990e-29
 127.350148      0.514    13.6818  32.884921    26.9307      0.509  268.88394  269.08711    21.0229    10.5932 -9.990e-29
 127.350150      0.532    13.6722  32.883286    26.9359      0.527  268.92762  269.13023    20.8984    10.5690 -9.990e-29
 127.350153      0.539    13.6647  32.877385    26.9358      0.535  268.96970  269.17190    20.9918    10.5811 -9.990e-29
 127.350156      0.528    13.6573  32.874406    26.9383      0.524  269.00651  269.20829    19.7622     9.8856 -9.990e-29
 127.350159      0.495    13.6505  32.866929    26.9363      0.491  269.04810  269.24953    19.8868     9.8775 -9.990e-29
 127.350162      0.464    13.6438  32.869266    26.9432      0.460  269.07275  269.27376    19.8089     9.8735 -9.990e-29
 127.350165      0.446    13.6401  32.859102    26.9365      0.442  269.10569  269.30655    19.8245     9.8492 -9.990e-29
 127.350168      0.450    13.6336  32.853320    26.9395      0.446  269.14318  269.34370    20.3070    10.7509 -9.990e-29
 127.350171      0.494    13.6265  32.851861    26.9406      0.490  269.17620  269.37631    20.2603    10.7873 0.0000e+00
 127.350174      0.552    13.6208  32.849817    26.9416      0.547  269.20393  269.40371    20.2136    10.7509 0.0000e+00
 127.350177      0.607    13.6174  32.851629    26.9436      0.602  269.21569  269.41524    20.3226    10.7833 0.0000e+00
 127.350179      0.638    13.6158  32.851629    26.9457      0.632  269.22231  269.42177    22.7506    10.9491 -9.990e-29
 127.350182      0.658    13.6157  32.853556    26.9486      0.652  269.21968  269.41912    22.7661    10.9935 -9.990e-29
 127.350185      0.656    13.6170  32.857003    26.9508      0.650  269.20818  269.40766    22.7973    10.9814 -9.990e-29
 127.350188      0.652    13.6200  32.856593    26.9483      0.646  269.19597  269.39564    22.7973    10.9733 -9.990e-29
 127.350191      0.652    13.6217  32.853906    26.9447      0.647  269.19360  269.39340    22.6261    10.9329 -9.990e-29
 127.350194      0.664    13.6208  32.848766    26.9370      0.658  269.20578  269.40557    19.7934    10.1525 -9.990e-29
 127.350197      0.696    13.6169  32.841700    26.9393      0.690  269.23478  269.43438    19.8245    10.1606 0.0000e+00
 127.350200      0.744    13.6103  32.841701    26.9416      0.737  269.26282  269.46202    19.7622    10.1444 0.0000e+00
 127.350203      0.793    13.6057  32.843571    26.9465      0.786  269.27950  269.47841    19.8868    10.1120 0.0000e+00
 127.350205      0.833    13.6048  32.849353    26.9494      0.826  269.27349  269.47230    20.0580     9.7360 0.0000e+00
 127.350208      0.870    13.6073  32.847717    26.9524      0.862  269.26559  269.46457    19.9334     9.7521 -9.990e-29
 127.350211      0.888    13.6097  32.847659    26.9474      0.880  269.25563  269.45475    20.0891     9.7319 -9.990e-29
 127.350214      0.897    13.6108  32.850228    26.9489      0.889  269.24624  269.44541    19.9957     9.7279 -9.990e-29
 127.350217      0.912    13.6132  32.853090    26.9498      0.904  269.23133  269.43062    19.0930     9.6268 -9.990e-29
 127.350220      0.924    13.6161  32.853148    26.9479      0.916  269.21897  269.41843    19.0930     9.6106 -9.990e-29
 127.350223      0.944    13.6181  32.853323    26.9465      0.936  269.21019  269.40977    19.1552     9.6308 -9.990e-29
 127.350226      0.972    13.6190  32.853908    26.9471      0.963  269.20513  269.40476    19.0619     9.6147 0.0000e+00
 127.350229      1.004    13.6203  32.856127    26.9475      0.995  269.19603  269.39572    19.7311     9.6268 0.0000e+00
 127.350231      1.034    13.6216  32.857003    26.9475      1.024  269.18890  269.38867    19.8245     9.6066 0.0000e+00
 127.350234      1.061    13.6230  32.857879    26.9474      1.052  269.18146  269.38130    19.7311     9.6470 0.0000e+00
 127.350237      1.089    13.6243  32.857879    26.9473      1.079  269.17581  269.37573    19.8868     9.6389 -9.990e-29
 127.350240      1.109    13.6250  32.857646    26.9456      1.099  269.17339  269.37335    19.7934     9.6066 -9.990e-29
 127.350243      1.125    13.6250  32.857412    26.9454      1.115  269.17348  269.37345    19.0619     9.4893 -9.990e-29
 127.350246      1.145    13.6253  32.857879    26.9464      1.135  269.17144  269.37142    18.9529     9.4934 -9.990e-29
 127.350249      1.171    13.6259  32.859223    26.9467      1.160  269.16666  269.36667    19.0307     9.4650 0.0000e+00
 127.350252      1.202    13.6270  32.860742    26.9464      1.191  269.15939  269.35945    19.2019     9.4893 0.0000e+00
 127.350255      1.239    13.6283  32.860333    26.9457      1.228  269.15475  269.35490    19.2953     9.8896 0.0000e+00
 127.350258      1.277    13.6291  32.860800    26.9457      1.265  269.15053  269.35071    19.3264     9.8573 0.0000e+00
 127.350260      1.310    13.6295  32.861559    26.9456      1.298  269.14737  269.34758    19.2642     9.9058 -9.990e-29
 127.350263      1.328    13.6303  32.862202    26.9459      1.316  269.14283  269.34308    19.3264     9.8815 -9.990e-29
 127.350266      1.348    13.6311  32.862786    26.9459      1.336  269.13839  269.33869    17.5833     9.4327 -9.990e-29
 127.350269      1.351    13.6321  32.863253    26.9456      1.339  269.13351  269.33386    17.4587     9.4570 -9.990e-29
 127.350272      1.364    13.6328  32.863662    26.9455      1.352  269.13000  269.33038    17.6144     9.4044 -9.990e-29
 127.350275      1.386    13.6335  32.863954    26.9453      1.373  269.12637  269.32680    17.5988     9.4287 -9.990e-29
 127.350278      1.404    13.6343  32.866758    26.9473      1.391  269.11817  269.31862    17.8012     9.6227 -9.990e-29
 127.350281      1.439    13.6361  32.868219    26.9404      1.426  269.10817  269.30872    17.8634     9.6389 0.0000e+00
 127.350284      1.471    13.6364  32.853323    26.9335      1.458  269.13185  269.33254    17.8323     9.6187 0.0000e+00
 127.350286      1.506    13.6277  32.845848    26.9335      1.492  269.18199  269.38221    17.8167     9.6308 0.0000e+00
 127.350289      1.537    13.6147  32.848127    26.9385      1.523  269.23384  269.43326    17.8478     9.6591 0.0000e+00
 127.350292      1.568    13.6064  32.854144    26.9441      1.554  269.25889  269.45777    19.4821     9.7481 -9.990e-29
 127.350295      1.593    13.6064  32.858292    26.9591      1.579  269.25187  269.45071    19.5910     9.7683 -9.990e-29
 127.350298      1.613    13.6110  32.860745    26.9581      1.599  269.22822  269.42731    19.5288     9.7643 -9.990e-29
 127.350301      1.629    13.6153  32.856831    26.9515      1.615  269.21662  269.41601    19.5443     9.7077 -9.990e-29
 127.350304      1.642    13.6156  32.850406    26.9455      1.627  269.22627  269.42572    18.1280     9.6672 -9.990e-29
 127.350307      1.655    13.6112  32.849588    26.9478      1.640  269.24623  269.44543    18.1280     9.6794 -9.990e-29
 127.350310      1.679    13.6059  32.857649    26.9610      1.664  269.25553  269.45434    18.0035     9.7198 -9.990e-29
 127.350313      1.706    13.6075  32.861213    26.9611      1.691  269.24258  269.44146    18.0657     9.6753 0.0000e+00
 127.350315      1.737    13.6124  32.865301    26.9610      1.722  269.21459  269.41373    21.0385     9.9624 0.0000e+00
 127.350318      1.767    13.6185  32.867579    26.9590      1.751  269.18464  269.38413    21.0385     9.9422 0.0000e+00
 127.350321      1.800    13.6234  32.868338    26.9562      1.784  269.16230  269.36208    21.0852     9.8815 0.0000e+00
 127.350324      1.829    13.6267  32.867345    26.9530      1.813  269.15016  269.35015    20.9296     9.9301 0.0000e+00
 127.350327      1.856    13.6275  32.859926    26.9465      1.840  269.15897  269.35908    23.1864    10.0837 0.0000e+00
 127.350330      1.882    13.6244  32.858466    26.9456      1.865  269.17499  269.37492    23.1397    10.0635 0.0000e+00
 127.350333      1.908    13.6211  32.848770    26.9410      1.891  269.20560  269.40541    23.2175    10.0473 0.0000e+00
 127.350336      1.934    13.6130  32.843573    26.9406      1.916  269.24905  269.44841    23.1397    10.0312 0.0000e+00
 127.350339      1.961    13.6041  32.842757    26.9410      1.944  269.28853  269.48735    23.2953    10.0756 -9.990e-29
 127.350341      1.985    13.5973  32.829560    26.9393      1.967  269.33989  269.53841    28.7895    10.5690 -9.990e-29
 127.350344      2.005    13.5866  32.828743    26.9461      1.987  269.38724  269.58512    28.8206    10.5892 -9.990e-29
 127.350347      2.023    13.5776  32.827285    26.9511      2.005  269.42843  269.62578    28.9607    10.6094 -9.990e-29
 127.350350      2.042    13.5715  32.822848    26.9513      2.023  269.46178  269.65880    28.7272    10.5770 -9.990e-29
 127.350353      2.065    13.5663  32.803116    26.9371      2.047  269.51800  269.71486    28.4626    10.5204 -9.990e-29
 127.350356      2.090    13.5504  32.784148    26.9439      2.072  269.61828  269.81433    28.5871    10.5164 -9.990e-29
 127.350359      2.116    13.5262  32.779598    26.9470      2.097  269.72993  269.92455    28.4938    10.5124 0.0000e+00
 127.350362      2.147    13.5067  32.771373    26.9502      2.128  269.82801  270.02151    28.5249    10.5407 0.0000e+00
 127.350365      2.176    13.4934  32.774642    26.9625      2.157  269.87942  270.07208    28.3692    10.3627 0.0000e+00
 127.350367      2.203    13.4870  32.770325    26.9625      2.184  269.91450  270.10680    28.4626    10.3830 0.0000e+00
 127.350370      2.236    13.4815  32.759006    26.9599      2.216  269.95714  270.14920    28.4938    10.3789 0.0000e+00
 127.350373      2.263    13.4719  32.746231    26.9566      2.243  270.02052  270.21210    28.3848    10.4113 -9.990e-29
 127.350376      2.287    13.4573  32.739641    26.9560      2.267  270.09445  270.28519    28.7739    10.5245 -9.990e-29
 127.350379      2.305    13.4439  32.739001    26.9649      2.284  270.15347  270.34340    28.8673    10.6094 -9.990e-29
 127.350382      2.320    13.4344  32.734685    26.9676      2.299  270.20179  270.39116    28.8829    10.5851 -9.990e-29
 127.350385      2.336    13.4264  32.730778    26.9697      2.315  270.24279  270.43171    28.7739    10.6094 -9.990e-29
 127.350388      2.358    13.4188  32.725064    26.9698      2.337  270.28533  270.47383    28.8050    10.6296 -9.990e-29
 127.350391      2.376    13.4113  32.722382    26.9765      2.355  270.32235  270.51041    25.6922    10.6296 -9.990e-29
 127.350394      2.407    13.4045  32.721333    26.9796      2.386  270.35344  270.54109    25.6455    10.6539 0.0000e+00
 127.350396      2.438    13.4003  32.724833    26.9826      2.416  270.36540  270.55277    25.7233    10.6579 0.0000e+00
 127.350399      2.471    13.4011  32.741106    26.9969      2.449  270.33407  270.52134    25.8478    10.6701 0.0000e+00
 127.350402      2.502    13.4130  32.762573    27.0054      2.480  270.24634  270.43416    19.7311     9.8573 0.0000e+00
 127.350405      2.533    13.4348  32.776517    27.0068      2.511  270.12845  270.31749    19.7000     9.8492 0.0000e+00
 127.350408      2.564    13.4581  32.790754    27.0054      2.541  270.00379  270.19415    19.7155     9.8856 -9.990e-29
 127.350411      2.589    13.4820  32.808322    27.0010      2.566  269.87128  270.06295    19.7622     9.8815 -9.990e-29
 127.350414      2.615    13.5062  32.817193    26.9920      2.591  269.75207  269.94515    22.7661     9.8007 -9.990e-29
 127.350417      2.633    13.5270  32.828518    26.9877      2.610  269.64378  269.83803    22.7506     9.8128 -9.990e-29
 127.350420      2.649    13.5475  32.833888    26.9781      2.626  269.54658  269.74204    22.9218     9.8290 -9.990e-29
 127.350422      2.664    13.5643  32.824369    26.9576      2.640  269.49074  269.68730    22.7194     9.8047 -9.990e-29
 127.350425      2.681    13.5684  32.819872    26.9506      2.657  269.48077  269.67762    21.9568     9.8088 -9.990e-29
 127.350428      2.702    13.5662  32.820048    26.9547      2.678  269.48993  269.68664    21.4587    10.0029 -9.990e-29
 127.350431      2.728    13.5641  32.821099    26.9555      2.704  269.49728  269.69386    21.6144     9.9988 0.0000e+00
 127.350434      2.759    13.5633  32.822325    26.9553      2.735  269.49836  269.69488    21.4276     9.9907 0.0000e+00
 127.350437      2.787    13.5633  32.821099    26.9558      2.762  269.50078  269.69731    21.5677     9.9948 0.0000e+00
 127.350440      2.818    13.5627  32.816370    26.9553      2.792  269.51104  269.70758    22.0191     9.7279 -9.990e-29
 127.350443      2.843    13.5595  32.814269    26.9519      2.818  269.52848  269.72483    21.8945     9.7441 -9.990e-29
 127.350446      2.870    13.5560  32.811817    26.9519      2.845  269.54777  269.74393    21.9568     9.7481 0.0000e+00
 127.350448      2.900    13.5520  32.808490    26.9519      2.874  269.57075  269.76670    22.0969     9.7602 -9.990e-29
 127.350451      2.923    13.5481  32.809950    26.9558      2.897  269.58496  269.78066    22.9529     9.8168 -9.990e-29
 127.350454      2.944    13.5459  32.805806    26.9536      2.917  269.60147  269.79707    23.0152     9.7805 -9.990e-29
 127.350457      2.960    13.5436  32.800027    26.9499      2.934  269.62107  269.81658    23.0774     9.7966 -9.990e-29
 127.350460      2.978    13.5374  32.791039    26.9461      2.952  269.66313  269.85834    23.0307     9.7966 -9.990e-29
 127.350463      2.993    13.5289  32.791157    26.9522      2.967  269.69945  269.89414    24.6338     9.9867 -9.990e-29
 127.350466      3.017    13.5222  32.790749    26.9593      2.990  269.72880  269.92309    24.6961     9.9867 -9.990e-29
 127.350469      3.044    13.5190  32.791391    26.9600      3.017  269.74126  269.93534    24.7272    10.0271 0.0000e+00
 127.350472      3.071    13.5178  32.791975    26.9593      3.044  269.74563  269.93963    24.7895    10.0190 0.0000e+00
 127.350475      3.106    13.5168  32.785789    26.9558      3.078  269.76029  269.95428    24.6961    10.0069 0.0000e+00
 127.350477      3.133    13.5124  32.780012    26.9536      3.105  269.78903  269.98281    25.0541    10.0756 0.0000e+00
 127.350480      3.166    13.5062  32.773710    26.9536      3.138  269.82655  270.02000    25.0229    10.0312 0.0000e+00
 127.350483      3.193    13.4976  32.768693    26.9530      3.165  269.87227  270.06523    24.9451    10.0756 0.0000e+00
 127.350486      3.222    13.4893  32.768052    26.9538      3.193  269.90895  270.10141    24.8673    10.0473 -9.990e-29
 127.350489      3.246    13.4833  32.763735    26.9593      3.217  269.94214  270.13427    23.2953    10.2778 -9.990e-29
 127.350492      3.270    13.4772  32.767236    26.9667      3.241  269.96230  270.15403    23.2331    10.2738 -9.990e-29
 127.350495      3.292    13.4759  32.772196    26.9722      3.263  269.95951  270.15112    23.1864    10.2293 -9.990e-29
