Processed/SBE19plus_01907321_2022_05_11_Cast130_wfilter.cnv
* Sea-Bird SBE19plus  Data File:
* FileName = E:\Prandtl_Daten\2022\CTD\Raw\SBE19plus_01907321_2022_05_11_Cast130.hex
* Software version 2.6.1.12
* Temperature SN = 7321
* Conductivity SN = 7321
* System UpLoad Time = May 11 2022 12:39:17
* <ApplicationData>
* <Seaterm232>
** Messpraktikum 2022
** CTD 10.05  TS
** NMEA Latitude = 54 07.73N
** NMEA Longitude = 008 42.56E
# nquan = 11
# nvalues = 472                         
# units = specified
# name 0 = timeJ: Julian Days
# name 1 = prdM: Pressure, Strain Gauge [db]
# name 2 = tv290C: Temperature [ITS-90, deg C]
# name 3 = c0mS/cm: Conductivity [mS/cm]
# name 4 = sal00: Salinity, Practical [PSU]
# name 5 = depSM: Depth [salt water, m], lat = 54.00
# name 6 = oxsatMm/Kg: Oxygen Saturation, Weiss [umol/kg]
# name 7 = oxsolMm/Kg: Oxygen Saturation, Garcia & Gordon [umol/kg]
# name 8 = turbWETntu0: Turbidity, WET Labs ECO [NTU]
# name 9 = flECO-AFL: Fluorescence, WET Labs ECO-AFL/FL [mg/m^3]
# name 10 = flag:  0.000e+00
# span 0 = 131.522182, 131.523545       
# span 1 =      0.549,     11.528       
# span 2 =    13.7535,    13.8832       
# span 3 =  32.994456,  33.080761       
# span 4 =    26.9548,    26.9784       
# span 5 =      0.544,     11.424       
# span 6 =  267.70152,  268.39813       
# span 7 =  267.91513,  268.60474       
# span 8 =     5.6611,    21.3654       
# span 9 =     3.5452,     7.4554       
# span 10 = 0.0000e+00, 0.0000e+00      
# interval = seconds: 0.25
# start_time = May 11 2022 12:30:07 [Instrument's time stamp, header]
# bad_flag = -9.990e-29
*END*
 131.522182      0.549    13.8585  33.063073    26.9678      0.544  267.83243  268.04472     6.4237     3.5532 0.0000e+00
 131.522185      0.627    13.8591  33.062839    26.9675      0.621  267.83036  268.04269     6.5015     3.5735 0.0000e+00
 131.522188      0.682    13.8599  33.063600    26.9672      0.676  267.82566  268.03803     6.3926     3.5452 -9.990e-29
 131.522190      0.704    13.8604  33.063483    26.9668      0.697  267.82367  268.03607     6.5482     3.5735 -9.990e-29
 131.522193      0.716    13.8608  33.064303    26.9673      0.710  267.82074  268.03315     6.4237     3.9455 -9.990e-29
 131.522196      0.716    13.8610  33.064185    26.9670      0.710  267.81999  268.03242     6.1903     3.9576 -9.990e-29
 131.522199      0.716    13.8611  33.064068    26.9668      0.710  267.81956  268.03200     6.2369     3.9091 -9.990e-29
 131.522202      0.707    13.8611  33.063190    26.9660      0.701  267.82103  268.03347     6.2681     3.9778 -9.990e-29
 131.522205      0.705    13.8611  33.063893    26.9666      0.699  267.81985  268.03229     6.2836     3.8403 -9.990e-29
 131.522208      0.725    13.8610  33.063658    26.9670      0.719  267.82088  268.03331     6.2992     3.7797 -9.990e-29
 131.522211      0.766    13.8612  33.064361    26.9674      0.759  267.81878  268.03123     6.1903     3.8323 0.0000e+00
 131.522214      0.809    13.8617  33.065532    26.9671      0.802  267.81497  268.02742     6.1280     3.7756 0.0000e+00
 131.522216      0.862    13.8622  33.065357    26.9673      0.855  267.81278  268.02527     6.4237     3.7837 0.0000e+00
 131.522219      0.912    13.8625  33.065767    26.9672      0.904  267.81118  268.02369     6.5638     3.9253 0.0000e+00
 131.522222      0.941    13.8628  33.065123    26.9673      0.932  267.81070  268.02324     6.3615     3.9576 -9.990e-29
 131.522225      0.943    13.8630  33.065533    26.9667      0.934  267.80939  268.02193     6.6261     3.9131 -9.990e-29
 131.522228      0.943    13.8634  33.066352    26.9672      0.934  267.80613  268.01869     6.5794     3.9657 -9.990e-29
 131.522231      0.957    13.8635  33.066587    26.9673      0.948  267.80544  268.01800     6.4393     4.6329 -9.990e-29
 131.522234      0.972    13.8639  33.066353    26.9669      0.963  267.80427  268.01685     6.1903     4.6855 -9.990e-29
 131.522237      0.995    13.8642  33.066997    26.9678      0.986  267.80195  268.01454     6.2681     4.5844 -9.990e-29
 131.522240      1.026    13.8647  33.068051    26.9681      1.017  267.79800  268.01062     6.2836     4.6289 0.0000e+00
 131.522242      1.061    13.8655  33.069339    26.9678      1.051  267.79241  268.00507     6.2214     4.4307 0.0000e+00
 131.522245      1.103    13.8668  33.068695    26.9669      1.093  267.78817  268.00091     6.1747     4.4348 0.0000e+00
 131.522248      1.134    13.8675  33.067817    26.9656      1.124  267.78652  267.99931     6.1903     4.4186 0.0000e+00
 131.522251      1.165    13.8673  33.065533    26.9656      1.154  267.79130  268.00410     6.3770     4.4590 0.0000e+00
 131.522254      1.200    13.8660  33.066821    26.9657      1.189  267.79451  268.00722     6.4548     4.6127 0.0000e+00
 131.522257      1.243    13.8660  33.067817    26.9666      1.232  267.79287  268.00557     6.3303     4.6450 0.0000e+00
 131.522260      1.296    13.8664  33.068520    26.9667      1.285  267.79015  268.00287     6.3770     4.6369 0.0000e+00
 131.522263      1.322    13.8674  33.068696    26.9669      1.310  267.78548  267.99826     6.3148     4.6450 -9.990e-29
 131.522266      1.323    13.8680  33.069515    26.9667      1.312  267.78191  267.99471     6.1903     4.6208 -9.990e-29
 131.522269      1.296    13.8685  33.068461    26.9654      1.285  267.78146  267.99430     5.9568     4.2730 -9.990e-29
 131.522271      1.261    13.8682  33.068051    26.9652      1.250  267.78306  267.99589     5.9879     4.2690 -9.990e-29
 131.522274      1.223    13.8679  33.067758    26.9652      1.212  267.78510  267.99791     6.0035     4.1962 -9.990e-29
 131.522277      1.183    13.8673  33.068051    26.9659      1.172  267.78710  267.99987     5.9257     4.2609 -9.990e-29
 131.522280      1.179    13.8668  33.069105    26.9672      1.169  267.78753  268.00027     6.1591     4.4631 -9.990e-29
 131.522283      1.223    13.8671  33.070335    26.9661      1.212  267.78393  267.99668     6.1903     4.4954 -9.990e-29
 131.522286      1.312    13.8679  33.068696    26.9658      1.301  267.78359  267.99639     6.0813     4.4914 0.0000e+00
 131.522289      1.424    13.8679  33.068110    26.9660      1.411  267.78463  267.99744     6.1280     4.4509 0.0000e+00
 131.522292      1.524    13.8671  33.068052    26.9660      1.510  267.78825  268.00101     5.8167     4.3781 0.0000e+00
 131.522295      1.597    13.8668  33.068462    26.9663      1.583  267.78855  268.00129     5.6766     4.3822 0.0000e+00
 131.522297      1.642    13.8674  33.069516    26.9665      1.628  267.78430  267.99707     5.7233     4.3781 -9.990e-29
 131.522300      1.666    13.8685  33.070102    26.9667      1.651  267.77862  267.99145     5.7078     4.3741 -9.990e-29
 131.522303      1.661    13.8692  33.070102    26.9663      1.646  267.77579  267.98866     5.6611     4.2568 -9.990e-29
 131.522306      1.619    13.8693  33.070336    26.9664      1.604  267.77506  267.98793     5.9568     4.2609 -9.990e-29
 131.522309      1.567    13.8694  33.069692    26.9658      1.553  267.77548  267.98837     5.6922     4.2811 -9.990e-29
 131.522312      1.533    13.8694  33.069282    26.9654      1.519  267.77614  267.98904     5.7078     4.2649 -9.990e-29
 131.522315      1.531    13.8690  33.068755    26.9653      1.517  267.77891  267.99178     5.9412     4.2609 -9.990e-29
 131.522318      1.569    13.8690  33.069282    26.9671      1.555  267.77805  267.99092     5.8634     4.3903 -9.990e-29
 131.522321      1.631    13.8691  33.070922    26.9669      1.617  267.77471  267.98758     5.7078     4.3984 0.0000e+00
 131.522323      1.697    13.8697  33.071156    26.9668      1.682  267.77185  267.98474     5.9412     4.3660 0.0000e+00
 131.522326      1.768    13.8703  33.071566    26.9668      1.752  267.76901  267.98193     5.9568     4.3579 0.0000e+00
 131.522329      1.816    13.8708  33.072093    26.9669      1.799  267.76595  267.97890     6.0346     4.1962 0.0000e+00
 131.522332      1.850    13.8714  33.072855    26.9669      1.834  267.76219  267.97517     5.8167     4.1679 -9.990e-29
 131.522335      1.865    13.8721  33.072855    26.9667      1.848  267.75905  267.97208     6.0502     4.1719 -9.990e-29
 131.522338      1.856    13.8731  33.073909    26.9669      1.839  267.75320  267.96627     6.0346     4.1679 -9.990e-29
 131.522341      1.839    13.8739  33.074084    26.9665      1.823  267.74944  267.96256     6.0813     4.3134 -9.990e-29
 131.522344      1.821    13.8744  33.074318    26.9664      1.805  267.74684  267.95999     6.2214     4.3337 -9.990e-29
 131.522347      1.805    13.8750  33.073674    26.9654      1.789  267.74539  267.95858     5.9724     4.3175 -9.990e-29
 131.522350      1.812    13.8748  33.073440    26.9653      1.796  267.74673  267.95991     6.1903     4.3175 -9.990e-29
 131.522352      1.836    13.8748  33.073674    26.9654      1.819  267.74635  267.95953     6.2836     4.2204 -9.990e-29
 131.522355      1.881    13.8746  33.073440    26.9652      1.864  267.74740  267.96057     6.3148     4.2892 0.0000e+00
 131.522358      1.934    13.8743  33.072855    26.9654      1.917  267.74999  267.96314     6.2369     4.2043 0.0000e+00
 131.522361      2.002    13.8744  33.073675    26.9656      1.984  267.74803  267.96118     6.3615     4.2285 0.0000e+00
 131.522364      2.069    13.8746  33.073675    26.9657      2.051  267.74744  267.96060     6.3459     4.2083 0.0000e+00
 131.522367      2.122    13.8747  33.074085    26.9656      2.103  267.74616  267.95932     6.1591     4.0951 0.0000e+00
 131.522370      2.164    13.8747  33.073675    26.9657      2.145  267.74687  267.96004     6.4082     4.1355 0.0000e+00
 131.522373      2.191    13.8750  33.075139    26.9655      2.172  267.74318  267.95636     6.2836     4.1072 -9.990e-29
 131.522376      2.204    13.8759  33.076369    26.9671      2.184  267.73736  267.95058     6.3926     4.1194 -9.990e-29
 131.522378      2.208    13.8767  33.076252    26.9664      2.188  267.73410  267.94737     6.2836     4.3620 -9.990e-29
 131.522381      2.204    13.8774  33.076779    26.9664      2.184  267.73039  267.94369     6.2681     4.3620 -9.990e-29
 131.522384      2.200    13.8780  33.076486    26.9657      2.180  267.72805  267.94140     6.2058     4.3701 -9.990e-29
 131.522387      2.202    13.8785  33.077423    26.9662      2.182  267.72460  267.93796     6.2836     4.3701 -9.990e-29
 131.522390      2.211    13.8792  33.078653    26.9668      2.191  267.71940  267.93280     6.4548     4.5399 -9.990e-29
 131.522393      2.231    13.8802  33.079238    26.9666      2.211  267.71435  267.92780     6.2681     4.6208 -9.990e-29
 131.522396      2.246    13.8810  33.079941    26.9667      2.226  267.70973  267.92322     6.1591     4.5237 -9.990e-29
 131.522399      2.268    13.8818  33.080761    26.9653      2.247  267.70491  267.91845     6.3770     4.5763 -9.990e-29
 131.522402      2.295    13.8828  33.079824    26.9645      2.274  267.70241  267.91602     6.3615     4.5561 0.0000e+00
 131.522405      2.333    13.8832  33.078477    26.9651      2.312  267.70312  267.91676     6.2525     4.5358 0.0000e+00
 131.522407      2.370    13.8830  33.079824    26.9644      2.349  267.70152  267.91513     6.3303     4.5278 0.0000e+00
 131.522410      2.408    13.8829  33.078887    26.9644      2.387  267.70374  267.91735     6.2058     4.6127 0.0000e+00
 131.522413      2.437    13.8825  33.077013    26.9629      2.416  267.70846  267.92207     6.3303     4.5318 0.0000e+00
 131.522416      2.470    13.8815  33.075901    26.9629      2.448  267.71443  267.92799     6.2214     4.4186 0.0000e+00
 131.522419      2.505    13.8801  33.075315    26.9629      2.482  267.72140  267.93488     6.3148     4.4307 0.0000e+00
 131.522422      2.538    13.8795  33.077014    26.9631      2.515  267.72109  267.93452     6.2836     4.4550 -9.990e-29
 131.522425      2.560    13.8794  33.075491    26.9637      2.537  267.72428  267.93771     6.3926     4.4307 -9.990e-29
 131.522428      2.574    13.8787  33.076194    26.9648      2.551  267.72594  267.93933     6.6416     4.4307 -9.990e-29
 131.522431      2.598    13.8782  33.076370    26.9653      2.575  267.72786  267.94122     6.5949     4.3943 -9.990e-29
 131.522433      2.621    13.8784  33.076487    26.9662      2.598  267.72673  267.94010     6.5015     4.4388 -9.990e-29
 131.522436      2.651    13.8786  33.077659    26.9662      2.627  267.72385  267.93722     6.5949     4.4145 0.0000e+00
 131.522439      2.682    13.8791  33.078069    26.9662      2.658  267.72098  267.93438     6.4548     4.4914 0.0000e+00
 131.522442      2.718    13.8797  33.078244    26.9659      2.694  267.71820  267.93163     6.5171     4.4712 0.0000e+00
 131.522445      2.749    13.8802  33.077659    26.9655      2.724  267.71731  267.93078     6.5949     4.5035 0.0000e+00
 131.522448      2.775    13.8806  33.076897    26.9650      2.750  267.71671  267.93022     6.4704     4.4752 -9.990e-29
 131.522451      2.791    13.8802  33.076780    26.9642      2.766  267.71881  267.93228     6.5949     4.6410 -9.990e-29
 131.522454      2.793    13.8798  33.077015    26.9647      2.768  267.71999  267.93344     6.6883     4.6369 -9.990e-29
 131.522457      2.785    13.8794  33.076253    26.9643      2.760  267.72314  267.93657     6.4237     4.5965 -9.990e-29
 131.522459      2.778    13.8792  33.076780    26.9649      2.753  267.72288  267.93630     6.3770     4.6167 -9.990e-29
 131.522462      2.771    13.8789  33.076488    26.9649      2.746  267.72494  267.93834     6.6883     4.5925 -9.990e-29
 131.522465      2.782    13.8787  33.075785    26.9644      2.757  267.72675  267.94014     6.1280     4.5763 -9.990e-29
 131.522468      2.802    13.8782  33.074497    26.9636      2.777  267.73112  267.94449     6.2214     4.5763 -9.990e-29
 131.522471      2.827    13.8774  33.075668    26.9670      2.802  267.73263  267.94594     6.3615     4.5965 -9.990e-29
 131.522474      2.858    13.8773  33.077659    26.9668      2.833  267.72963  267.94292     6.2525     4.5884 0.0000e+00
 131.522477      2.891    13.8781  33.077835    26.9666      2.865  267.72590  267.93924     6.6883     4.3458 0.0000e+00
 131.522480      2.929    13.8795  33.078831    26.9665      2.903  267.71829  267.93171     6.8751     4.3094 0.0000e+00
 131.522483      2.973    13.8807  33.079709    26.9664      2.947  267.71182  267.92530     6.8906     4.2892 0.0000e+00
 131.522486      3.022    13.8814  33.079065    26.9654      2.995  267.71010  267.92363     6.8595     4.3418 0.0000e+00
 131.522488      3.077    13.8819  33.079475    26.9654      3.050  267.70725  267.92080     5.9724     4.4105 0.0000e+00
 131.522491      3.125    13.8819  33.077835    26.9645      3.097  267.71002  267.92359     6.2214     4.4024 0.0000e+00
 131.522494      3.174    13.8810  33.077836    26.9645      3.145  267.71382  267.92733     6.0813     4.4509 0.0000e+00
 131.522497      3.219    13.8803  33.078070    26.9648      3.191  267.71628  267.92976     6.0191     4.4792 0.0000e+00
 131.522500      3.261    13.8802  33.078656    26.9651      3.232  267.71596  267.92942     6.3303     4.4428 -9.990e-29
 131.522503      3.278    13.8803  33.078246    26.9653      3.248  267.71634  267.92981     6.2681     4.4631 -9.990e-29
 131.522506      3.272    13.8803  33.078246    26.9653      3.243  267.71633  267.92980     6.2525     4.4469 -9.990e-29
 131.522509      3.252    13.8801  33.078480    26.9657      3.223  267.71656  267.93002     6.1280     4.4226 -9.990e-29
 131.522512      3.225    13.8801  33.078246    26.9655      3.196  267.71693  267.93039     6.2681     4.3943 -9.990e-29
 131.522514      3.187    13.8806  33.079066    26.9658      3.158  267.71334  267.92682     6.0191     4.5965 -9.990e-29
 131.522517      3.157    13.8809  33.078656    26.9653      3.129  267.71275  267.92626     5.9568     4.5803 -9.990e-29
 131.522520      3.154    13.8808  33.078246    26.9650      3.125  267.71406  267.92756     6.1591     4.5601 -9.990e-29
 131.522523      3.170    13.8806  33.077836    26.9659      3.142  267.71539  267.92888     5.9724     4.5682 -9.990e-29
 131.522526      3.228    13.8807  33.079242    26.9652      3.200  267.71276  267.92624     6.4237     4.4873 0.0000e+00
 131.522529      3.314    13.8809  33.077836    26.9655      3.284  267.71422  267.92773     6.7350     4.4752 0.0000e+00
 131.522532      3.402    13.8810  33.079066    26.9649      3.371  267.71190  267.92541     6.5949     4.4469 0.0000e+00
 131.522535      3.480    13.8811  33.078481    26.9651      3.449  267.71261  267.92613     6.4860     4.5075 0.0000e+00
 131.522538      3.536    13.8810  33.078657    26.9650      3.505  267.71267  267.92618     6.2369     4.5844 0.0000e+00
 131.522541      3.575    13.8808  33.078247    26.9651      3.543  267.71432  267.92782     6.1591     4.5722 -9.990e-29
 131.522543      3.586    13.8806  33.077661    26.9644      3.554  267.71593  267.92943     6.2992     4.5520 -9.990e-29
 131.522546      3.569    13.8802  33.077837    26.9649      3.537  267.71751  267.93098     6.2836     4.5884 -9.990e-29
 131.522549      3.547    13.8799  33.078247    26.9655      3.516  267.71807  267.93152     6.4082     4.5520 -9.990e-29
 131.522552      3.518    13.8799  33.076373    26.9638      3.487  267.72119  267.93465     6.2214     4.5844 -9.990e-29
 131.522555      3.496    13.8800  33.077837    26.9651      3.465  267.71841  267.93187     6.5015     4.5399 -9.990e-29
 131.522558      3.494    13.8802  33.078481    26.9655      3.463  267.71639  267.92985     6.3926     4.6046 -9.990e-29
