Processed/SBE19plus_01907321_2022_05_04_Cast15_wfilter.cnv
* Sea-Bird SBE19plus  Data File:
* FileName = E:\Prandtl Daten\2022\CTD\Raw\SBE19plus_01907321_2022_05_04_Cast15.hex
* Software version 2.6.1.12
* Temperature SN = 7321
* Conductivity SN = 7321
* System UpLoad Time = May 04 2022 09:43:43
* <ApplicationData>
* <Seaterm232>
** Messpraktikum 2022
** CTD 04.05 NM
# nquan = 11
# nvalues = 337                         
# units = specified
# name 0 = timeJ: Julian Days
# name 1 = prdM: Pressure, Strain Gauge [db]
# name 2 = tv290C: Temperature [ITS-90, deg C]
# name 3 = c0mS/cm: Conductivity [mS/cm]
# name 4 = sal00: Salinity, Practical [PSU]
# name 5 = depSM: Depth [salt water, m], lat = 54.00
# name 6 = oxsatMm/Kg: Oxygen Saturation, Weiss [umol/kg]
# name 7 = oxsolMm/Kg: Oxygen Saturation, Garcia & Gordon [umol/kg]
# name 8 = turbWETntu0: Turbidity, WET Labs ECO [NTU]
# name 9 = flECO-AFL: Fluorescence, WET Labs ECO-AFL/FL [mg/m^3]
# name 10 = flag:  0.000e+00
# span 0 = 124.400171, 124.401143       
# span 1 =      0.592,      9.065       
# span 2 =    11.1061,    11.4497       
# span 3 =  25.672584,  28.914795       
# span 4 =    21.7634,    25.0159       
# span 5 =      0.587,      8.984       
# span 6 =  287.85989,  292.58566       
# span 7 =  287.93524,  292.71725       
# span 8 =    43.7934,   147.9646       
# span 9 =    12.3603,    15.7610       
# span 10 = 0.0000e+00, 0.0000e+00      
# interval = seconds: 0.25
# start_time = May 04 2022 09:34:48 [Instrument's time stamp, header]
# bad_flag = -9.990e-29
*END*
 124.400171      0.592    11.4475  25.695452    21.7723      0.587  292.34734  292.48214    47.9334    12.7121 -9.990e-29
 124.400174      0.614    11.4468  25.693590    21.7710      0.608  292.35447  292.48925    44.2447    12.4129 -9.990e-29
 124.400177      0.640    11.4456  25.690984    21.7693      0.634  292.36587  292.50060    44.3226    12.3603 -9.990e-29
 124.400179      0.658    11.4436  25.691197    21.7706      0.652  292.37576  292.51037    44.3226    12.3805 -9.990e-29
 124.400182      0.664    11.4423  25.692580    21.7727      0.658  292.37986  292.51438    44.3381    12.3643 -9.990e-29
 124.400185      0.667    11.4421  25.689601    21.7700      0.661  292.38628  292.52082    44.2447    12.3967 -9.990e-29
 124.400188      0.689    11.4419  25.690027    21.7696      0.683  292.38690  292.52142    46.6727    13.3025 -9.990e-29
 124.400191      0.733    11.4415  25.688750    21.7713      0.726  292.39150  292.52601    46.9062    13.2459 0.0000e+00
 124.400194      0.780    11.4415  25.692580    21.7713      0.773  292.38419  292.51866    46.6883    13.2742 0.0000e+00
 124.400197      0.822    11.4431  25.691516    21.7731      0.815  292.37773  292.51231    46.7817    13.2822 -9.990e-29
 124.400200      0.844    11.4436  25.690506    21.7699      0.837  292.37684  292.51147    48.3537    12.5503 -9.990e-29
 124.400203      0.860    11.4436  25.692580    21.7718      0.853  292.37288  292.50748    48.3381    12.5989 -9.990e-29
 124.400205      0.873    11.4443  25.693006    21.7719      0.865  292.36888  292.50351    48.3070    12.5746 -9.990e-29
 124.400208      0.890    11.4452  25.694123    21.7720      0.882  292.36213  292.49680    48.1358    12.5908 -9.990e-29
 124.400211      0.921    11.4459  25.694176    21.7720      0.912  292.35814  292.49286    47.0152    12.9547 0.0000e+00
 124.400214      0.948    11.4467  25.695879    21.7720      0.939  292.35099  292.48574    46.9529    12.9871 -9.990e-29
 124.400217      0.970    11.4474  25.696251    21.7730      0.961  292.34639  292.48118    47.1241    12.9709 -9.990e-29
 124.400220      0.982    11.4482  25.696943    21.7732      0.973  292.34116  292.47599    46.9996    12.9709 -9.990e-29
 124.400223      0.985    11.4488  25.695506    21.7715      0.976  292.34072  292.47561    49.5054    12.9709 -9.990e-29
 124.400226      1.003    11.4493  25.695879    21.7715      0.994  292.33718  292.47209    49.5210    13.0073 -9.990e-29
 124.400229      1.032    11.4496  25.695985    21.7714      1.023  292.33558  292.47050    49.6144    12.9588 0.0000e+00
 124.400231      1.071    11.4497  25.695879    21.7713      1.061  292.33509  292.47003    49.5988    12.9628 0.0000e+00
 124.400234      1.110    11.4491  25.693804    21.7697      1.101  292.34264  292.47756    49.6922    12.9709 0.0000e+00
 124.400237      1.143    11.4479  25.693006    21.7697      1.133  292.35022  292.48508    53.2564    13.6907 0.0000e+00
 124.400240      1.175    11.4469  25.693272    21.7697      1.164  292.35506  292.48985    53.1630    13.7149 -9.990e-29
 124.400243      1.195    11.4465  25.692209    21.7697      1.184  292.35924  292.49401    53.3031    13.7230 -9.990e-29
 124.400246      1.218    11.4459  25.690187    21.7685      1.207  292.36596  292.50073    53.3342    13.6623 -9.990e-29
 124.400249      1.248    11.4447  25.689762    21.7679      1.237  292.37283  292.50753    51.0619    14.1031 0.0000e+00
 124.400252      1.282    11.4432  25.687528    21.7673      1.271  292.38530  292.51993    50.8440    14.1152 0.0000e+00
 124.400255      1.319    11.4417  25.684762    21.7673      1.307  292.39843  292.53300    50.9062    14.1193 0.0000e+00
 124.400258      1.351    11.4392  25.685613    21.7667      1.339  292.40960  292.54401    50.9996    14.0869 0.0000e+00
 124.400260      1.381    11.4376  25.685081    21.7678      1.368  292.41880  292.55312    50.5638    14.5317 -9.990e-29
 124.400263      1.399    11.4372  25.683752    21.7672      1.386  292.42349  292.55780    50.3615    14.4913 -9.990e-29
 124.400266      1.416    11.4365  25.682316    21.7663      1.403  292.43016  292.56444    50.5638    14.5560 -9.990e-29
 124.400269      1.423    11.4354  25.681465    21.7662      1.410  292.43748  292.57170    50.5794    14.5560 -9.990e-29
 124.400272      1.440    11.4339  25.678646    21.7644      1.427  292.45035  292.58451    50.4704    14.5560 -9.990e-29
 124.400275      1.452    11.4323  25.678486    21.7652      1.439  292.45918  292.59325    53.9724    14.0546 -9.990e-29
 124.400278      1.477    11.4308  25.677157    21.7649      1.463  292.46956  292.60355    53.9724    14.0465 -9.990e-29
 124.400281      1.502    11.4296  25.677104    21.7655      1.489  292.47571  292.60963    54.0657    14.0222 -9.990e-29
 124.400284      1.520    11.4289  25.676200    21.7650      1.507  292.48101  292.61489    54.0346    14.0222 -9.990e-29
 124.400286      1.538    11.4287  25.677157    21.7661      1.524  292.48060  292.61446    47.7311    12.8455 -9.990e-29
 124.400289      1.557    11.4284  25.676040    21.7652      1.543  292.48418  292.61803    47.8401    12.8577 -9.990e-29
 124.400292      1.588    11.4281  25.675881    21.7647      1.574  292.48592  292.61976    47.7934    12.8738 0.0000e+00
 124.400295      1.615    11.4276  25.674551    21.7652      1.600  292.49133  292.62515    47.6689    12.8132 0.0000e+00
 124.400298      1.648    11.4269  25.675349    21.7654      1.633  292.49337  292.62714    47.0619    13.0962 0.0000e+00
 124.400301      1.688    11.4263  25.675349    21.7656      1.673  292.49659  292.63032    47.0307    13.0720 0.0000e+00
 124.400304      1.723    11.4261  25.675030    21.7658      1.707  292.49829  292.63201    47.0619    13.0760 0.0000e+00
 124.400307      1.756    11.4256  25.676041    21.7668      1.740  292.49885  292.63253    46.9218    13.0720 0.0000e+00
 124.400310      1.792    11.4254  25.676733    21.7673      1.776  292.49826  292.63192    49.3342    13.8443 0.0000e+00
 124.400313      1.831    11.4260  25.676839    21.7674      1.814  292.49524  292.62894    49.1630    13.8362 0.0000e+00
 124.400315      1.862    11.4263  25.675509    21.7673      1.845  292.49639  292.63012    49.3187    13.8120 -9.990e-29
 124.400318      1.884    11.4258  25.672584    21.7634      1.867  292.50449  292.63823    49.2720    13.8160 -9.990e-29
 124.400321      1.904    11.4236  25.674552    21.7665      1.887  292.51209  292.64567    49.2875    13.8362 -9.990e-29
 124.400324      1.916    11.4226  25.674659    21.7672      1.899  292.51687  292.65039    52.6961    14.7541 -9.990e-29
 124.400327      1.922    11.4226  25.676893    21.7693      1.905  292.51294  292.64643    52.7117    14.7420 -9.990e-29
 124.400330      1.928    11.4239  25.678010    21.7695      1.910  292.50370  292.63726    52.6805    14.7541 -9.990e-29
 124.400333      1.944    11.4255  25.677956    21.7686      1.927  292.49565  292.62930    52.7272    14.7339 -9.990e-29
 124.400336      1.968    11.4265  25.679339    21.7696      1.950  292.48804  292.62174    53.0696    14.2972 -9.990e-29
 124.400339      1.995    11.4278  25.680616    21.7692      1.977  292.47850  292.61228    53.1008    14.2932 0.0000e+00
 124.400341      2.030    11.4300  25.681094    21.7688      2.011  292.46660  292.60050    52.9607    14.2406 0.0000e+00
 124.400344      2.064    11.4310  25.680137    21.7685      2.046  292.46313  292.59710    52.9762    14.3134 0.0000e+00
 124.400347      2.101    11.4296  25.680563    21.7685      2.082  292.46944  292.60332    56.2603    14.8835 0.0000e+00
 124.400350      2.134    11.4258  25.680244    21.7705      2.115  292.48995  292.62360    56.1980    14.9361 0.0000e+00
 124.400353      2.174    11.4219  25.679819    21.7714      2.155  292.51103  292.64445    56.1980    14.9037 0.0000e+00
 124.400356      2.201    11.4196  25.680245    21.7723      2.182  292.52230  292.65557    56.3226    14.9037 -9.990e-29
 124.400359      2.218    11.4180  25.679872    21.7747      2.198  292.53119  292.66437    52.7895    14.3498 -9.990e-29
 124.400362      2.231    11.4163  25.679500    21.7753      2.211  292.54078  292.67386    52.8050    14.3659 -9.990e-29
 124.400365      2.232    11.4148  25.677107    21.7739      2.212  292.55283  292.68585    52.8829    14.3457 -9.990e-29
 124.400367      2.239    11.4135  25.678809    21.7763      2.219  292.55632  292.68924    52.7739    14.3417 -9.990e-29
 124.400370      2.247    11.4124  25.679660    21.7777      2.227  292.56037  292.69321    52.6961    14.3457 -9.990e-29
 124.400373      2.269    11.4116  25.681788    21.7830      2.248  292.56056  292.69333    56.6650    14.7824 -9.990e-29
 124.400376      2.298    11.4105  25.684075    21.7852      2.278  292.56222  292.69489    56.3692    14.7946 0.0000e+00
 124.400379      2.338    11.4088  25.687746    21.7874      2.317  292.56371  292.69624    56.4938    14.8148 0.0000e+00
 124.400382      2.386    11.4069  25.689768    21.7904      2.365  292.56980  292.70219    56.5405    14.7986 0.0000e+00
 124.400385      2.436    11.4049  25.690832    21.7925      2.414  292.57808  292.71034    55.4198    14.5560 0.0000e+00
 124.400388      2.487    11.4031  25.692535    21.7952      2.464  292.58442  292.71655    55.5288    14.5317 0.0000e+00
 124.400391      2.532    11.4011  25.707539    21.8027      2.509  292.56557  292.69741    55.6222    14.5277 0.0000e+00
 124.400394      2.565    11.3988  25.712594    21.8102      2.542  292.56794  292.69959    55.5599    14.5479 -9.990e-29
 124.400396      2.590    11.3970  25.708178    21.8132      2.567  292.58566  292.71725    56.6961    14.4226 -9.990e-29
 124.400399      2.598    11.3963  25.712594    21.8178      2.574  292.58108  292.71258    56.8362    14.4185 -9.990e-29
 124.400402      2.600    11.3951  25.717597    21.8232      2.576  292.57786  292.70922    56.7584    14.3983 -9.990e-29
 124.400405      2.596    11.3937  25.721695    21.8278      2.573  292.57708  292.70831    56.8050    14.4104 -9.990e-29
 124.400408      2.600    11.3928  25.725846    21.8322      2.576  292.57371  292.70485    59.9646    14.2972 -9.990e-29
 124.400411      2.602    11.3920  25.727656    21.8344      2.579  292.57449  292.70556    60.1358    14.2891 -9.990e-29
 124.400414      2.625    11.3913  25.736865    21.8558      2.602  292.56036  292.69128    59.9957    14.2568 -9.990e-29
 124.400417      2.654    11.3907  25.749908    21.8571      2.631  292.53850  292.66924    59.9334    14.2891 0.0000e+00
 124.400420      2.689    11.3892  25.751825    21.8585      2.665  292.54264  292.67326    59.9334    14.2648 0.0000e+00
 124.400422      2.728    11.3877  25.763700    21.8695      2.703  292.52764  292.65804    57.8478    15.7610 0.0000e+00
 124.400425      2.762    11.3862  25.761783    21.8704      2.737  292.53914  292.66947    57.7389    15.7408 0.0000e+00
 124.400428      2.802    11.3847  25.775949    21.8836      2.777  292.51938  292.64946    57.7545    15.7448 0.0000e+00
 124.400431      2.831    11.3835  25.781383    21.8865      2.806  292.51533  292.64528    57.8012    15.7165 0.0000e+00
 124.400434      2.862    11.3819  25.796992    21.8894      2.836  292.49385  292.62352    58.5482    14.7258 -9.990e-29
 124.400437      2.886    11.3808  25.792197    21.9010      2.860  292.50839  292.63805    58.5482    14.7460 -9.990e-29
 124.400440      2.912    11.3800  25.794808    21.9039      2.886  292.50764  292.63722    58.5327    14.7743 -9.990e-29
 124.400443      2.932    11.3795  25.811912    21.9202      2.906  292.47760  292.60696    58.5171    14.7339 -9.990e-29
 124.400446      2.954    11.3780  25.835257    21.9428      2.927  292.44017  292.56918    59.2642    15.1868 -9.990e-29
 124.400448      2.979    11.3756  25.852371    21.9687      2.953  292.42002  292.54868    59.2953    15.1868 -9.990e-29
 124.400451      3.009    11.3731  25.859943    21.9735      2.982  292.41821  292.54664    59.1708    15.1666 0.0000e+00
 124.400454      3.040    11.3712  25.869063    21.9763      3.013  292.41059  292.53881    59.3576    15.1989 0.0000e+00
 124.400457      3.069    11.3698  25.866023    21.9763      3.042  292.42388  292.55204    57.6455    15.6437 0.0000e+00
 124.400460      3.102    11.3687  25.861863    21.9747      3.074  292.43721  292.56535    57.8167    15.6235 0.0000e+00
 124.400463      3.130    11.3676  25.866183    21.9731      3.102  292.43493  292.56295    57.7700    15.6316 -9.990e-29
 124.400466      3.155    11.3669  25.875037    21.9864      3.127  292.42145  292.54933    57.7856    15.6154 -9.990e-29
 124.400469      3.186    11.3660  25.904539    22.0145      3.157  292.36932  292.49681    57.7233    15.6478 -9.990e-29
 124.400472      3.209    11.3644  25.929196    22.0384      3.181  292.33003  292.45715    56.4471    14.0748 -9.990e-29
 124.400475      3.224    11.3631  25.927915    22.0380      3.195  292.33957  292.46662    56.4315    14.0910 -9.990e-29
 124.400477      3.229    11.3619  25.945692    22.0553      3.200  292.31138  292.43816    56.4782    14.0910 -9.990e-29
 124.400480      3.238    11.3605  25.965717    22.0748      3.209  292.27992  292.40639    56.4315    14.0869 -9.990e-29
 124.400483      3.245    11.3590  25.969776    22.0795      3.216  292.28023  292.40656    56.8517    14.7299 -9.990e-29
 124.400486      3.260    11.3577  25.998944    22.1076      3.230  292.23083  292.35675    56.6650    14.7258 -9.990e-29
 124.400489      3.280    11.3564  26.060150    22.2217      3.250  292.11978  292.24494    56.8050    14.7096 -9.990e-29
 124.400492      3.305    11.3539  26.118733    22.2411      3.276  292.01976  292.14411    56.6961    14.7420 0.0000e+00
 124.400495      3.341    11.3507  26.158137    22.2604      3.311  291.96050  292.08420    56.7739    15.4415 0.0000e+00
 124.400498      3.378    11.3475  26.192044    22.2941      3.348  291.91180  292.03492    56.7117    15.4213 0.0000e+00
 124.400501      3.421    11.3446  26.193652    22.2941      3.391  291.92349  292.04642    56.7895    15.4415 0.0000e+00
 124.400503      3.467    11.3431  26.170831    22.2768      3.436  291.97518  292.09826    56.7272    15.4537 0.0000e+00
 124.400506      3.516    11.3425  26.168421    22.2768      3.485  291.98301  292.10609    53.0074    13.1407 0.0000e+00
 124.400509      3.551    11.3428  26.239423    22.3080      3.519  291.84496  291.96725    52.9451    13.1245 0.0000e+00
 124.400512      3.580    11.3414  26.249933    22.3411      3.548  291.83212  291.95421    53.0074    13.1084 -9.990e-29
 124.400515      3.601    11.3399  26.252078    22.3547      3.569  291.83573  291.95770    52.9296    13.1528 -9.990e-29
 124.400518      3.617    11.3386  26.308458    22.4082      3.584  291.73353  291.85478    53.0696    13.1245 -9.990e-29
 124.400521      3.626    11.3368  26.328210    22.4278      3.594  291.70498  291.82589    55.2642    13.8241 -9.990e-29
 124.400524      3.645    11.3349  26.328640    22.4293      3.612  291.71362  291.83442    55.4043    13.8443 -9.990e-29
 124.400527      3.663    11.3335  26.318227    22.4204      3.630  291.74104  291.86187    55.2175    13.8120 -9.990e-29
 124.400530      3.683    11.3325  26.354036    22.4546      3.650  291.67737  291.79772    55.2642    13.8281 -9.990e-29
 124.400532      3.705    11.3317  26.391475    22.4901      3.672  291.60951  291.72938    57.0696    14.6166 -9.990e-29
 124.400535      3.728    11.3308  26.409638    22.5077      3.695  291.57910  291.69872    56.9607    14.6247 -9.990e-29
 124.400538      3.754    11.3303  26.443718    22.5399      3.720  291.51595  291.63515    57.1630    14.5964 -9.990e-29
 124.400541      3.778    11.3299  26.482011    22.5760      3.744  291.44435  291.56309    56.9918    14.6247 -9.990e-29
 124.400544      3.803    11.3300  26.513166    22.6051      3.769  291.38369  291.50208    50.7039    14.4428 -9.990e-29
 124.400547      3.821    11.3311  26.552681    22.6415      3.787  291.30240  291.42041    50.7039    14.4064 -9.990e-29
