Processed/SBE19plus_01907321_2022_05_08_Cast83_wfilter.cnv
* Sea-Bird SBE19plus  Data File:
* FileName = E:\Prandtl Daten\2022\CTD\Raw\SBE19plus_01907321_2022_05_08_Cast83.hex
* Software version 2.6.1.12
* Temperature SN = 7321
* Conductivity SN = 7321
* System UpLoad Time = May 08 2022 11:06:30
* <ApplicationData>
* <Seaterm232>
** Messpraktikum 2022
** CTD 08.05 Schnitt5_3
** NMEA Latitude = 54 09.81 N
** NMEA Longitude = 008 33.65 E
# nquan = 11
# nvalues = 184                         
# units = specified
# name 0 = timeJ: Julian Days
# name 1 = prdM: Pressure, Strain Gauge [db]
# name 2 = tv290C: Temperature [ITS-90, deg C]
# name 3 = c0mS/cm: Conductivity [mS/cm]
# name 4 = sal00: Salinity, Practical [PSU]
# name 5 = depSM: Depth [salt water, m], lat = 54.00
# name 6 = oxsatMm/Kg: Oxygen Saturation, Weiss [umol/kg]
# name 7 = oxsolMm/Kg: Oxygen Saturation, Garcia & Gordon [umol/kg]
# name 8 = turbWETntu0: Turbidity, WET Labs ECO [NTU]
# name 9 = flECO-AFL: Fluorescence, WET Labs ECO-AFL/FL [mg/m^3]
# name 10 = flag:  0.000e+00
# span 0 = 128.459769, 128.460298       
# span 1 =      0.657,      5.081       
# span 2 =    12.4773,    12.7174       
# span 3 =  33.026587,  33.180273       
# span 4 =    27.8786,    27.9297       
# span 5 =      0.651,      5.036       
# span 6 =  272.52966,  273.84485       
# span 7 =  272.66887,  273.96944       
# span 8 =     1.7856,    96.3226       
# span 9 =     1.6244,    19.0283       
# span 10 = 0.0000e+00, 0.0000e+00      
# interval = seconds: 0.25
# start_time = May 08 2022 11:00:47 [Instrument's time stamp, header]
# bad_flag = -9.990e-29
*END*
 128.459769      0.657    12.7129  33.173998    27.8935      0.651  272.55463  272.69369     1.7856     1.6325 -9.990e-29
 128.459771      0.677    12.7117  33.172942    27.8929      0.671  272.56178  272.70077     1.9101     1.6244 -9.990e-29
 128.459774      0.704    12.7107  33.171594    27.8929      0.698  272.56852  272.70745     1.9568     1.6932 0.0000e+00
 128.459777      0.744    12.7093  33.171477    27.8929      0.738  272.57495  272.71379     1.9879     1.6730 -9.990e-29
 128.459780      0.766    12.7094  33.173353    27.8954      0.759  272.57102  272.70985     2.0657     1.6972 -9.990e-29
 128.459783      0.788    12.7102  33.173001    27.8946      0.781  272.56856  272.70744     2.0191     1.6730 -9.990e-29
 128.459786      0.803    12.7102  33.170422    27.8921      0.795  272.57283  272.71174     2.1280     1.8185 -9.990e-29
 128.459789      0.819    12.7096  33.170422    27.8926      0.812  272.57563  272.71450     2.0813     1.8023 -9.990e-29
 128.459792      0.839    12.7083  33.169601    27.8940      0.832  272.58267  272.72146     2.2214     1.8023 -9.990e-29
 128.459795      0.876    12.7072  33.170012    27.8940      0.868  272.58692  272.72563     2.2058     1.8266 0.0000e+00
 128.459797      0.932    12.7061  33.169191    27.8940      0.924  272.59306  272.73170     2.8906     1.6608 0.0000e+00
 128.459800      1.009    12.7055  33.170423    27.8956      1.000  272.59371  272.73231     2.7973     1.6891 0.0000e+00
 128.459803      1.102    12.7062  33.174410    27.8969      1.092  272.58361  272.72221     2.8284     1.6608 0.0000e+00
 128.459806      1.188    12.7096  33.175231    27.8978      1.177  272.56736  272.70618     2.6572     1.6810 0.0000e+00
 128.459809      1.242    12.7132  33.178338    27.8969      1.231  272.54641  272.68544     4.2603     1.9237 -9.990e-29
 128.459812      1.260    12.7152  33.177400    27.8948      1.249  272.53941  272.67858     4.2447     2.2108 -9.990e-29
 128.459815      1.231    12.7162  33.180273    27.8967      1.220  272.52966  272.66887     4.3226     2.2350 -9.990e-29
 128.459818      1.173    12.7174  33.176989    27.8928      1.163  272.53048  272.66981     4.2759     2.1744 -9.990e-29
 128.459821      1.093    12.7166  33.174174    27.8908      1.083  272.53882  272.67812     4.2914     2.2310 -9.990e-29
 128.459823      1.033    12.7137  33.168311    27.8875      1.023  272.56155  272.70072     6.0191     2.8537 -9.990e-29
 128.459826      1.012    12.7077  33.155884    27.8803      1.003  272.60957  272.74846     5.9568     2.8577 -9.990e-29
 128.459829      1.056    12.6963  33.144924    27.8786      1.047  272.67890  272.81713     6.0657     2.8254 -9.990e-29
 128.459832      1.133    12.6818  33.131329    27.8929      1.123  272.76565  272.90304     6.0035     2.7971 -9.990e-29
 128.459835      1.226    12.6677  33.137777    27.8955      1.215  272.81560  272.95198     3.8245     2.5585 0.0000e+00
 128.459838      1.319    12.6586  33.136137    27.8981      1.307  272.85821  272.99400     3.9957     2.6111 0.0000e+00
 128.459841      1.401    12.6542  33.135376    27.9006      1.389  272.87882  273.01432     3.9023     2.6232 0.0000e+00
 128.459844      1.454    12.6513  33.134498    27.9013      1.441  272.89281  273.02812     3.7311     2.5989 0.0000e+00
 128.459847      1.487    12.6491  33.134088    27.9019      1.474  272.90316  273.03832     4.4471     2.8941 -9.990e-29
 128.459850      1.485    12.6474  33.134615    27.9050      1.472  272.90996  273.04500     4.5249     2.9224 -9.990e-29
 128.459852      1.462    12.6471  33.138483    27.9087      1.449  272.90400  273.03899     4.5249     2.9063 -9.990e-29
 128.459855      1.432    12.6486  33.137780    27.9070      1.420  272.89903  273.03413     4.5405     2.9224 -9.990e-29
 128.459858      1.418    12.6494  33.138248    27.9068      1.405  272.89448  273.02962    22.1436     2.9022 -9.990e-29
 128.459861      1.411    12.6507  33.139069    27.9067      1.398  272.88744  273.02266    22.1903     7.9042 -9.990e-29
 128.459864      1.420    12.6518  33.137603    27.9045      1.407  272.88540  273.02071    22.2836     7.8799 -9.990e-29
 128.459867      1.449    12.6519  33.137838    27.9021      1.436  272.88439  273.01971    22.2836     7.9244 -9.990e-29
 128.459870      1.482    12.6511  33.134498    27.8999      1.469  272.89406  273.02936    22.1280     7.8557 0.0000e+00
 128.459873      1.513    12.6484  33.127641    27.8977      1.499  272.91773  273.05291    21.0074     7.0469 0.0000e+00
 128.459876      1.555    12.6417  33.116333    27.8921      1.541  272.96729  273.10212    20.9762     7.0672 0.0000e+00
 128.459878      1.591    12.6296  33.104793    27.8921      1.577  273.04019  273.17433    21.1008     7.0631 0.0000e+00
 128.459881      1.635    12.6157  33.110477    27.9058      1.620  273.09082  273.22396    21.1008     7.0106 0.0000e+00
 128.459884      1.684    12.6095  33.115517    27.9137      1.669  273.10882  273.24149    12.0735     4.6248 0.0000e+00
 128.459887      1.732    12.6101  33.114521    27.9144      1.716  273.10784  273.24057    12.0268     4.6127 0.0000e+00
 128.459890      1.773    12.6114  33.114462    27.9137      1.757  273.10239  273.23521    12.1825     4.6127 -9.990e-29
 128.459893      1.797    12.6111  33.111123    27.9097      1.781  273.10960  273.24243    12.0268     4.6450 -9.990e-29
 128.459896      1.804    12.6096  33.110537    27.9103      1.788  273.11715  273.24988     6.7506     3.4926 -9.990e-29
 128.459899      1.797    12.6074  33.110303    27.9117      1.781  273.12716  273.25975     6.7194     3.4764 -9.990e-29
 128.459902      1.792    12.6064  33.109776    27.9120      1.776  273.13274  273.26526     6.8595     3.4764 -9.990e-29
 128.459905      1.794    12.6054  33.111533    27.9143      1.778  273.13364  273.26608     6.8284     3.4885 -9.990e-29
 128.459907      1.808    12.6054  33.112178    27.9190      1.792  273.13281  273.26524     5.5521     3.4683 -9.990e-29
 128.459910      1.844    12.6068  33.117686    27.9186      1.828  273.11683  273.24930     3.3109     2.5423 0.0000e+00
 128.459913      1.890    12.6109  33.120088    27.9182      1.873  273.09462  273.22735     3.2175     2.5504 0.0000e+00
 128.459916      1.938    12.6162  33.121142    27.9153      1.920  273.06986  273.20294     3.2331     2.5504 0.0000e+00
 128.459919      1.985    12.6200  33.123661    27.9151      1.967  273.04900  273.18230     3.3109     2.5019 0.0000e+00
 128.459922      2.025    12.6239  33.125536    27.9148      2.007  273.02835  273.16190     3.0774     2.7041 -9.990e-29
 128.459925      2.047    12.6271  33.126063    27.9118      2.029  273.01380  273.14756     2.9529     2.7000 -9.990e-29
 128.459928      2.058    12.6295  33.127411    27.9112      2.040  273.00088  273.13479     3.0619     2.7324 -9.990e-29
 128.459931      2.054    12.6316  33.127821    27.9101      2.036  272.99117  273.12522     3.1085     2.7324 -9.990e-29
 128.459933      2.051    12.6342  33.133388    27.9133      2.032  272.96981  273.10398     2.8906     2.7162 -9.990e-29
 128.459936      2.049    12.6386  33.134677    27.9113      2.031  272.94832  273.08277     2.7661     2.7122 -9.990e-29
 128.459939      2.058    12.6426  33.135379    27.9090      2.039  272.92973  273.06445     2.7506     2.7041 -9.990e-29
 128.459942      2.072    12.6460  33.135731    27.9068      2.054  272.91425  273.04920     2.7661     2.7162 -9.990e-29
 128.459945      2.096    12.6483  33.137020    27.9076      2.077  272.90207  273.03715     2.7661     2.4695 -9.990e-29
 128.459948      2.127    12.6500  33.139774    27.9072      2.108  272.88976  273.02493     2.7817     2.4534 0.0000e+00
 128.459951      2.169    12.6521  33.140536    27.9067      2.150  272.87915  273.01445     2.8906     2.4453 0.0000e+00
 128.459954      2.215    12.6547  33.140771    27.9067      2.195  272.86761  273.00309     2.8128     2.4453 0.0000e+00
 128.459957      2.270    12.6572  33.145166    27.9053      2.249  272.84900  272.98461     2.5015     2.4776 0.0000e+00
 128.459959      2.328    12.6605  33.145752    27.9053      2.307  272.83345  272.96927     2.3459     2.1663 0.0000e+00
 128.459962      2.384    12.6628  33.146924    27.9047      2.363  272.82149  272.95746     2.2681     2.1258 0.0000e+00
 128.459965      2.426    12.6643  33.146807    27.9040      2.404  272.81523  272.95129     2.2836     2.1258 0.0000e+00
 128.459968      2.452    12.6660  33.147217    27.9034      2.430  272.80739  272.94357     2.3303     2.1137 -9.990e-29
 128.459971      2.448    12.6674  33.150089    27.9042      2.426  272.79610  272.93234     2.6105     2.2148 -9.990e-29
 128.459974      2.441    12.6694  33.151437    27.9040      2.419  272.78503  272.92139     2.6883     2.2027 -9.990e-29
 128.459977      2.423    12.6715  33.151320    27.9023      2.401  272.77594  272.91244     2.5327     2.2229 -9.990e-29
 128.459980      2.408    12.6724  33.149737    27.9002      2.387  272.77471  272.91130     2.7817     2.2108 -9.990e-29
 128.459983      2.401    12.6720  33.149092    27.8999      2.379  272.77771  272.91427     2.3303     2.2391 -9.990e-29
 128.459986      2.417    12.6712  33.149737    27.9045      2.396  272.78029  272.91679     2.2058     2.2795 -9.990e-29
 128.459988      2.443    12.6719  33.153899    27.9047      2.421  272.76982  272.90633     2.3926     2.2795 0.0000e+00
 128.459991      2.485    12.6742  33.156244    27.9045      2.463  272.75547  272.89211     2.3770     2.2391 0.0000e+00
 128.459994      2.523    12.6769  33.155481    27.9022      2.501  272.74509  272.88191     2.3770     2.1703 0.0000e+00
 128.459997      2.569    12.6790  33.155364    27.9005      2.546  272.73634  272.87331     2.2836     2.1865 0.0000e+00
 128.460000      2.605    12.6805  33.156302    27.9004      2.582  272.72820  272.86526     2.3926     2.2067 0.0000e+00
 128.460003      2.632    12.6808  33.154954    27.9003      2.609  272.72906  272.86616     2.2058     2.2229 -9.990e-29
 128.460006      2.654    12.6802  33.153078    27.8975      2.630  272.73519  272.87227     2.2836     2.2067 -9.990e-29
 128.460009      2.671    12.6791  33.154075    27.8992      2.647  272.73839  272.87538     2.2681     2.3240 -9.990e-29
 128.460012      2.689    12.6794  33.157885    27.9026      2.665  272.73040  272.86737     2.3615     2.3361 -9.990e-29
 128.460014      2.707    12.6811  33.159644    27.9012      2.683  272.71955  272.85662     2.2836     2.3240 -9.990e-29
 128.460017      2.734    12.6833  33.159585    27.9012      2.710  272.71039  272.84760     2.2369     2.3402 0.0000e+00
 128.460020      2.763    12.6851  33.158119    27.9012      2.739  272.70527  272.84261     6.5171     3.5007 -9.990e-29
 128.460023      2.785    12.6849  33.154485    27.8953      2.760  272.71235  272.84972     6.5327     3.4845 -9.990e-29
 128.460026      2.809    12.6822  33.152434    27.8953      2.784  272.72777  272.86498     6.5949     3.4805 -9.990e-29
 128.460029      2.822    12.6794  33.152493    27.8974      2.797  272.73975  272.87678     6.5638     3.4845 -9.990e-29
 128.460032      2.835    12.6773  33.152434    27.8990      2.810  272.74915  272.88604     3.1864     2.6192 -9.990e-29
 128.460035      2.855    12.6767  33.153079    27.9000      2.829  272.75050  272.88734     3.1085     2.5626 -9.990e-29
 128.460038      2.871    12.6774  33.152083    27.8967      2.846  272.74949  272.88638     3.1552     2.5949 -9.990e-29
 128.460041      2.902    12.6766  33.149504    27.8991      2.876  272.75750  272.89436     3.1241     2.6192 0.0000e+00
 128.460043      2.937    12.6751  33.153490    27.9015      2.911  272.75664  272.89337     3.3109     2.7000 0.0000e+00
 128.460046      2.975    12.6759  33.156304    27.9015      2.949  272.74826  272.88502     3.2175     2.7203 0.0000e+00
 128.460049      3.012    12.6777  33.154135    27.9002      2.985  272.74440  272.88129     3.2953     2.7243 0.0000e+00
 128.460052      3.050    12.6779  33.148156    27.8973      3.023  272.75410  272.89107     3.2331     2.7203 0.0000e+00
 128.460055      3.079    12.6740  33.141357    27.8944      3.052  272.78322  272.92000     9.3498     2.6758 -9.990e-29
 128.460058      3.103    12.6680  33.141827    27.8958      3.075  272.80842  272.94479    15.8868     5.2314 -9.990e-29
 128.460061      3.120    12.6636  33.142941    27.9001      3.092  272.82566  272.96172    15.9179     5.2637 -9.990e-29
 128.460064      3.127    12.6617  33.148099    27.9064      3.099  272.82486  272.96074    15.9023     5.2394 -9.990e-29
 128.460067      3.125    12.6635  33.146927    27.9039      3.097  272.81889  272.95491    15.9334     5.2597 -9.990e-29
 128.460069      3.125    12.6654  33.149095    27.9045      3.097  272.80699  272.94311    13.4432     5.0534 -9.990e-29
 128.460072      3.132    12.6675  33.143703    27.8979      3.104  272.80728  272.94359    13.3965     5.0575 -9.990e-29
 128.460075      3.143    12.6650  33.136611    27.8932      3.115  272.83072  272.96694    13.3342     5.0453 -9.990e-29
 128.460078      3.165    12.6572  33.120731    27.8949      3.137  272.89302  273.02886    13.3342     5.0373 -9.990e-29
 128.460081      3.202    12.6413  33.119678    27.9028      3.173  272.96399  273.09878    12.1513     4.8189 0.0000e+00
 128.460084      3.233    12.6301  33.127825    27.8986      3.204  272.99815  273.13210    12.2292     4.7663 0.0000e+00
 128.460087      3.277    12.6292  33.114055    27.8986      3.247  273.02670  273.16073    12.2447     4.7825 0.0000e+00
 128.460090      3.322    12.6237  33.109779    27.8986      3.293  273.05819  273.19189    12.1202     4.8108 0.0000e+00
 128.460093      3.375    12.6152  33.105269    27.9007      3.345  273.10343  273.23660     7.6533     3.7878 0.0000e+00
 128.460095      3.426    12.6076  33.104449    27.9055      3.396  273.13806  273.27073     7.8245     3.8363 0.0000e+00
 128.460098      3.477    12.6022  33.106208    27.9112      3.446  273.15850  273.29079     7.8556     3.8039 0.0000e+00
 128.460101      3.521    12.6005  33.110895    27.9140      3.490  273.15731  273.28943     7.8556     3.8161 0.0000e+00
 128.460104      3.550    12.6037  33.111774    27.9167      3.519  273.14182  273.27416     7.8089     3.8039 -9.990e-29
 128.460107      3.561    12.6065  33.104801    27.9066      3.530  273.14217  273.27476    15.9179     5.2961 -9.990e-29
 128.460110      3.558    12.6044  33.105095    27.9084      3.526  273.15063  273.28308    15.8712     5.3122 -9.990e-29
 128.460113      3.534    12.6010  33.102634    27.9087      3.503  273.17017  273.30241    15.8868     5.3122 -9.990e-29
 128.460116      3.501    12.5973  33.104041    27.9128      3.470  273.18375  273.31572    15.7622     5.3001 -9.990e-29
 128.460119      3.470    12.5951  33.102166    27.9127      3.439  273.19667  273.32851    14.1280     5.4618 -9.990e-29
 128.460122      3.447    12.5936  33.103221    27.9147      3.416  273.20097  273.33270    14.0346     5.4254 -9.990e-29
 128.460124      3.432    12.5933  33.103631    27.9154      3.401  273.20178  273.33348    14.1591     5.4335 -9.990e-29
 128.460127      3.437    12.5938  33.104041    27.9154      3.407  273.19888  273.33062    14.0969     5.4174 -9.990e-29
 128.460130      3.476    12.5949  33.104978    27.9117      3.445  273.19228  273.32409    11.9957     4.7785 -9.990e-29
 128.460133      3.530    12.5961  33.101932    27.9112      3.499  273.19279  273.32470    12.0735     4.7663 0.0000e+00
 128.460136      3.603    12.5946  33.099823    27.9116      3.571  273.20310  273.33494    11.9023     4.7582 0.0000e+00
 128.460139      3.680    12.5924  33.099062    27.9114      3.647  273.21380  273.34550    12.0268     4.7866 0.0000e+00
 128.460142      3.758    12.5905  33.097364    27.9114      3.725  273.22525  273.35683    16.8984     5.4901 0.0000e+00
 128.460145      3.827    12.5886  33.095080    27.9112      3.793  273.23773  273.36920    16.8206     5.5023 0.0000e+00
