Processed/SBE19plus_01907321_2022_05_06_Cast40_wfilter.cnv
* Sea-Bird SBE19plus  Data File:
* FileName = E:\Prandtl Daten\2022\CTD\Raw\SBE19plus_01907321_2022_05_06_Cast40.hex
* Software version 2.6.1.12
* Temperature SN = 7321
* Conductivity SN = 7321
* System UpLoad Time = May 06 2022 08:00:24
* <ApplicationData>
* <Seaterm232>
** Messpraktikum 2022
** CTD 06.05 BM
# nquan = 11
# nvalues = 595                         
# units = specified
# name 0 = timeJ: Julian Days
# name 1 = prdM: Pressure, Strain Gauge [db]
# name 2 = tv290C: Temperature [ITS-90, deg C]
# name 3 = c0mS/cm: Conductivity [mS/cm]
# name 4 = sal00: Salinity, Practical [PSU]
# name 5 = depSM: Depth [salt water, m], lat = 54.00
# name 6 = oxsatMm/Kg: Oxygen Saturation, Weiss [umol/kg]
# name 7 = oxsolMm/Kg: Oxygen Saturation, Garcia & Gordon [umol/kg]
# name 8 = turbWETntu0: Turbidity, WET Labs ECO [NTU]
# name 9 = flECO-AFL: Fluorescence, WET Labs ECO-AFL/FL [mg/m^3]
# name 10 = flag:  0.000e+00
# span 0 = 126.328137, 126.329855       
# span 1 =      0.529,     14.637       
# span 2 =    12.7542,    12.8409       
# span 3 =  32.240602,  32.297867       
# span 4 =    26.9810,    26.9942       
# span 5 =      0.524,     14.506       
# span 6 =  273.54611,  274.03441       
# span 7 =  273.70198,  274.18528       
# span 8 =    19.5599,   143.8089       
# span 9 =     7.9244,    21.1552       
# span 10 = 0.0000e+00, 0.0000e+00      
# interval = seconds: 0.25
# start_time = May 06 2022 07:50:49 [Instrument's time stamp, header]
# bad_flag = -9.990e-29
*END*
[from data line 525]
 126.329656     13.212    12.7557  32.242225    26.9931     13.094  274.02620  274.17711    54.2058    13.7473 -9.990e-29
 126.329659     13.236    12.7558  32.240602    26.9931     13.117  274.02877  274.17970    54.0035    13.7311 -9.990e-29
 126.329661     13.263    12.7555  32.242051    26.9930     13.144  274.02748  274.17838    53.8945    13.7675 0.0000e+00
 126.329664     13.289    12.7549  32.241240    26.9931     13.169  274.03146  274.18233    54.8595    13.6785 0.0000e+00
 126.329667     13.318    12.7547  32.242631    26.9934     13.198  274.03028  274.18112    54.9373    13.6987 0.0000e+00
 126.329670     13.345    12.7547  32.241762    26.9941     13.225  274.03152  274.18237    54.7506    13.6300 0.0000e+00
 126.329673     13.374    12.7547  32.242458    26.9937     13.254  274.03063  274.18147    55.0930    13.6421 0.0000e+00
 126.329676     13.400    12.7549  32.242226    26.9941     13.280  274.03011  274.18096    52.1358    12.7768 -9.990e-29
 126.329679     13.422    12.7549  32.241820    26.9933     13.301  274.03052  274.18139    52.0735    12.7687 -9.990e-29
 126.329682     13.445    12.7549  32.241646    26.9931     13.325  274.03116  274.18202    52.0580    12.7606 -9.990e-29
 126.329685     13.469    12.7548  32.242052    26.9936     13.348  274.03077  274.18163    51.9334    12.7687 -9.990e-29
 126.329688     13.487    12.7549  32.242168    26.9936     13.366  274.03027  274.18112    51.4665    13.2095 -9.990e-29
 126.329690     13.500    12.7547  32.242226    26.9938     13.379  274.03112  274.18196    51.3731    13.2014 -9.990e-29
 126.329693     13.518    12.7548  32.241820    26.9933     13.397  274.03122  274.18207    51.3264    13.1569 -9.990e-29
 126.329696     13.544    12.7549  32.242226    26.9936     13.422  274.03020  274.18106    51.4976    13.2014 -9.990e-29
 126.329699     13.567    12.7548  32.241415    26.9938     13.446  274.03197  274.18283    54.3459    13.3672 -9.990e-29
 126.329702     13.595    12.7544  32.242052    26.9939     13.473  274.03243  274.18326    54.5482    13.3874 0.0000e+00
 126.329705     13.628    12.7542  32.242053    26.9940     13.506  274.03372  274.18453    54.5638    13.3874 0.0000e+00
 126.329708     13.655    12.7542  32.242169    26.9940     13.533  274.03353  274.18434    54.4704    13.3793 0.0000e+00
 126.329711     13.690    12.7543  32.242227    26.9940     13.567  274.03282  274.18364    54.6883    13.3752 0.0000e+00
 126.329714     13.721    12.7542  32.242053    26.9939     13.598  274.03346  274.18428    57.9412    11.8953 0.0000e+00
 126.329716     13.748    12.7543  32.241647    26.9934     13.625  274.03388  274.18471    57.9412    11.9074 0.0000e+00
 126.329719     13.776    12.7544  32.241647    26.9934     13.652  274.03359  274.18442    57.5677    11.8508 0.0000e+00
 126.329722     13.801    12.7544  32.241647    26.9934     13.677  274.03329  274.18412    57.8323    11.8791 -9.990e-29
 126.329725     13.816    12.7547  32.241821    26.9933     13.692  274.03172  274.18258    61.0696    12.6474 -9.990e-29
 126.329728     13.834    12.7546  32.241995    26.9935     13.710  274.03206  274.18290    61.0385    12.6878 -9.990e-29
 126.329731     13.848    12.7546  32.242053    26.9936     13.724  274.03197  274.18281    61.1941    12.6393 -9.990e-29
 126.329734     13.868    12.7545  32.242227    26.9938     13.744  274.03199  274.18282    61.1163    12.6353 -9.990e-29
 126.329737     13.888    12.7544  32.242227    26.9942     13.764  274.03263  274.18346    58.1591    13.5249 -9.990e-29
 126.329740     13.916    12.7544  32.242633    26.9936     13.791  274.03161  274.18244    58.2369    13.5006 0.0000e+00
 126.329742     13.945    12.7547  32.241648    26.9938     13.820  274.03243  274.18328    58.1124    13.4966 0.0000e+00
 126.329745     13.976    12.7547  32.242459    26.9938     13.851  274.03070  274.18154    58.4704    13.5329 0.0000e+00
 126.329748     14.003    12.7547  32.242575    26.9939     13.878  274.03051  274.18136    57.3031    12.7323 0.0000e+00
 126.329751     14.036    12.7549  32.242228    26.9939     13.910  274.03052  274.18137    57.3031    12.7323 -9.990e-29
 126.329754     14.060    12.7549  32.242460    26.9936     13.934  274.02981  274.18067    57.3187    12.7040 -9.990e-29
 126.329757     14.085    12.7550  32.242460    26.9936     13.959  274.02951  274.18037    57.3809    12.7080 -9.990e-29
 126.329760     14.109    12.7549  32.242634    26.9938     13.983  274.02985  274.18070    57.3342    12.6878 -9.990e-29
 126.329763     14.127    12.7552  32.242460    26.9934     14.001  274.02890  274.17978    62.3303    13.4723 -9.990e-29
 126.329766     14.142    12.7549  32.241764    26.9930     14.015  274.03109  274.18196    62.1747    13.4723 -9.990e-29
 126.329769     14.158    12.7549  32.241822    26.9930     14.031  274.03100  274.18187    62.3459    13.4763 -9.990e-29
 126.329771     14.177    12.7549  32.242460    26.9936     14.050  274.02988  274.18074    62.4082    13.4116 -9.990e-29
 126.329774     14.197    12.7549  32.242228    26.9930     14.070  274.03030  274.18117    62.5949    13.7958 -9.990e-29
 126.329777     14.223    12.7549  32.241822    26.9934     14.095  274.03104  274.18191    62.6105    13.7837 0.0000e+00
 126.329780     14.252    12.7552  32.242808    26.9932     14.124  274.02837  274.17924    62.6727    13.7513 0.0000e+00
 126.329783     14.285    12.7551  32.242228    26.9932     14.157  274.02973  274.18060    62.5327    13.7473 0.0000e+00
 126.329786     14.315    12.7551  32.241997    26.9932     14.187  274.03016  274.18104    63.2175    12.9021 0.0000e+00
 126.329789     14.350    12.7550  32.242808    26.9933     14.222  274.02906  274.17992    63.1708    12.8698 0.0000e+00
 126.329792     14.376    12.7550  32.242229    26.9935     14.247  274.03010  274.18097    63.2331    12.8941 0.0000e+00
 126.329795     14.405    12.7549  32.242461    26.9934     14.276  274.03003  274.18089    63.1397    12.8860 0.0000e+00
 126.329797     14.430    12.7549  32.242229    26.9935     14.301  274.03077  274.18163    60.7272    13.0235 -9.990e-29
 126.329800     14.454    12.7548  32.242055    26.9932     14.325  274.03141  274.18227    61.1163    13.0922 -9.990e-29
 126.329803     14.469    12.7549  32.242055    26.9931     14.339  274.03079  274.18165    60.8050    13.0841 -9.990e-29
 126.329806     14.483    12.7549  32.242171    26.9932     14.354  274.03059  274.18146    60.8829    13.1165 -9.990e-29
 126.329809     14.496    12.7549  32.242055    26.9932     14.366  274.03112  274.18198    60.8206    13.0679 -9.990e-29
 126.329812     14.518    12.7551  32.242055    26.9930     14.388  274.03019  274.18106    65.3031    14.1718 -9.990e-29
 126.329815     14.538    12.7550  32.241649    26.9927     14.408  274.03124  274.18211    65.2875    14.1435 -9.990e-29
 126.329818     14.562    12.7549  32.242055    26.9928     14.431  274.03116  274.18203    65.3965    14.1799 -9.990e-29
 126.329821     14.591    12.7547  32.241650    26.9928     14.460  274.03253  274.18339    65.5677    14.1759 0.0000e+00
 126.329823     14.624    12.7547  32.241824    26.9928     14.493  274.03225  274.18310    61.6611    12.8294 -9.990e-29
 126.329826     14.624    12.7548  32.241998    26.9931     14.493  274.03162  274.18248    61.7389    12.8253 -9.990e-29
 126.329829     14.627    12.7547  32.241418    26.9926     14.496  274.03297  274.18383    61.7700    12.8172 -9.990e-29
 126.329832     14.633    12.7547  32.241244    26.9925     14.502  274.03328  274.18414    61.6611    12.8213 -9.990e-29
 126.329835     14.633    12.7546  32.241650    26.9929     14.502  274.03319  274.18404    58.7661    12.2835 -9.990e-29
 126.329838     14.631    12.7545  32.241650    26.9930     14.500  274.03351  274.18435    58.8751    12.2430 -9.990e-29
 126.329841     14.637    12.7545  32.242056    26.9934     14.505  274.03279  274.18363    58.9218    12.2754 -9.990e-29
 126.329844     14.635    12.7545  32.241766    26.9931     14.504  274.03330  274.18414    58.8128    12.2511 -9.990e-29
 126.329847     14.633    12.7547  32.241824    26.9930     14.502  274.03257  274.18342   143.8089    21.0460 -9.990e-29
 126.329850     14.635    12.7547  32.240606    26.9919     14.504  274.03441  274.18528   143.5443    21.1552 -9.990e-29
 126.329852     14.631    12.7548  32.242056    26.9932     14.500  274.03152  274.18238   143.7934    21.1350 -9.990e-29
 126.329855     14.637    12.7547  32.241650    26.9928     14.506  274.03256  274.18342   143.7155    21.1188 -9.990e-29
