Processed/SBE19plus_01907321_2022_05_10_Cast110_wfilter.cnv
* Sea-Bird SBE19plus  Data File:
* FileName = E:\Prandtl_Daten\2022\CTD\Raw\SBE19plus_01907321_2022_05_10_Cast110.hex
* Software version 2.6.1.12
* Temperature SN = 7321
* Conductivity SN = 7321
* System UpLoad Time = May 10 2022 09:26:29
* <ApplicationData>
* <Seaterm232>
** Messpraktikum 2022
** CTD 09.05  TS
** NMEA Latitude = 54 07.79N
** NMEA Longitude = 008 42.28E
# nquan = 11
# nvalues = 429                         
# units = specified
# name 0 = timeJ: Julian Days
# name 1 = prdM: Pressure, Strain Gauge [db]
# name 2 = tv290C: Temperature [ITS-90, deg C]
# name 3 = c0mS/cm: Conductivity [mS/cm]
# name 4 = sal00: Salinity, Practical [PSU]
# name 5 = depSM: Depth [salt water, m], lat = 54.00
# name 6 = oxsatMm/Kg: Oxygen Saturation, Weiss [umol/kg]
# name 7 = oxsolMm/Kg: Oxygen Saturation, Garcia & Gordon [umol/kg]
# name 8 = turbWETntu0: Turbidity, WET Labs ECO [NTU]
# name 9 = flECO-AFL: Fluorescence, WET Labs ECO-AFL/FL [mg/m^3]
# name 10 = flag:  0.000e+00
# span 0 = 130.389170, 130.390408       
# span 1 =      0.386,     11.528       
# span 2 =    13.4008,    13.4487       
# span 3 =  32.749359,  32.772365       
# span 4 =    26.9905,    27.0030       
# span 5 =      0.383,     11.425       
# span 6 =  270.07585,  270.32567       
# span 7 =  270.26578,  270.51288       
# span 8 =     3.2486,    16.4315       
# span 9 =     1.9439,     5.4538       
# span 10 = 0.0000e+00, 0.0000e+00      
# interval = seconds: 0.25
# start_time = May 10 2022 09:18:51 [Instrument's time stamp, header]
# bad_flag = -9.990e-29
*END*
[from data line 394]
 130.390310     10.751    13.4092  32.754490    27.0006     10.655  270.28141  270.46910     7.8868     3.7595 -9.990e-29
 130.390312     10.766    13.4094  32.754723    27.0007     10.670  270.28039  270.46809     7.7467     3.7150 -9.990e-29
 130.390315     10.777    13.4097  32.754315    27.0001     10.680  270.27984  270.46756     8.0268     3.8646 -9.990e-29
 130.390318     10.793    13.4095  32.754081    27.0000     10.697  270.28120  270.46890     8.1202     3.8525 -9.990e-29
 130.390321     10.806    13.4095  32.753498    26.9999     10.709  270.28220  270.46991     7.9801     3.8646 -9.990e-29
 130.390324     10.831    13.4095  32.753906    27.0000     10.734  270.28152  270.46922     8.0735     3.8646 0.0000e+00
 130.390327     10.864    13.4092  32.753965    27.0001     10.767  270.28238  270.47007     8.8362     4.3498 0.0000e+00
 130.390330     10.901    13.4092  32.754490    27.0004     10.803  270.28182  270.46950     8.8673     4.3337 0.0000e+00
 130.390333     10.939    13.4092  32.754315    27.0004     10.841  270.28183  270.46952     8.6961     4.3094 0.0000e+00
 130.390336     10.976    13.4095  32.754140    27.0000     10.877  270.28090  270.46860     8.8050     4.3377 0.0000e+00
 130.390339     11.007    13.4096  32.753674    26.9997     10.908  270.28140  270.46911     9.8634     4.2043 0.0000e+00
 130.390341     11.032    13.4092  32.753499    26.9995     10.933  270.28329  270.47098     9.6922     4.1719 -9.990e-29
 130.390344     11.050    13.4091  32.753674    26.9998     10.951  270.28363  270.47131     9.7545     4.1881 -9.990e-29
 130.390347     11.069    13.4092  32.754140    27.0002     10.970  270.28221  270.46990     9.8167     4.2043 -9.990e-29
 130.390350     11.087    13.4092  32.754082    27.0002     10.988  270.28264  270.47032     9.7856     4.1800 -9.990e-29
 130.390353     11.103    13.4095  32.754082    26.9999     11.004  270.28139  270.46909     8.9762     4.2488 -9.990e-29
 130.390356     11.125    13.4094  32.752390    26.9996     11.026  270.28462  270.47233     9.0541     4.2690 -9.990e-29
 130.390359     11.151    13.4094  32.753674    26.9998     11.051  270.28243  270.47013     9.0074     4.2447 0.0000e+00
 130.390362     11.184    13.4091  32.753907    27.0000     11.084  270.28331  270.47099     9.0229     4.2488 0.0000e+00
 130.390365     11.220    13.4089  32.753908    27.0000     11.120  270.28396  270.47164    11.7934     4.2851 0.0000e+00
 130.390367     11.253    13.4091  32.753558    27.0000     11.152  270.28396  270.47164    11.8712     4.3013 0.0000e+00
 130.390370     11.288    13.4088  32.753674    26.9997     11.187  270.28504  270.47270    11.8089     4.3215 0.0000e+00
 130.390373     11.322    13.4085  32.753091    26.9996     11.221  270.28731  270.47497    11.7467     4.2892 0.0000e+00
 130.390376     11.351    13.4082  32.752450    26.9994     11.250  270.28969  270.47733    12.5249     4.6774 0.0000e+00
 130.390379     11.384    13.4077  32.752800    26.9992     11.282  270.29131  270.47892    12.4938     4.6693 -9.990e-29
 130.390382     11.408    13.4072  32.753267    27.0007     11.306  270.29273  270.48030    12.5093     4.7016 -9.990e-29
 130.390385     11.424    13.4070  32.752450    27.0001     11.322  270.29508  270.48265    12.5093     4.6976 -9.990e-29
 130.390388     11.439    13.4066  32.751575    26.9996     11.336  270.29817  270.48571    15.6066     5.4538 -9.990e-29
 130.390391     11.450    13.4063  32.752042    27.0002     11.347  270.29863  270.48616    15.6066     5.4174 -9.990e-29
 130.390394     11.470    13.4055  32.751225    27.0000     11.367  270.30350  270.49099    15.6533     5.4295 -9.990e-29
 130.390396     11.490    13.4041  32.750584    27.0004     11.387  270.31059  270.49800    15.6844     5.4457 -9.990e-29
 130.390399     11.521    13.4028  32.751576    27.0022     11.418  270.31457  270.50189    15.5910     5.4497 -9.990e-29
 130.390402     11.523    13.4025  32.749359    27.0004     11.420  270.31963  270.50695    16.3226     5.2880 -9.990e-29
 130.390405     11.526    13.4018  32.749767    27.0013     11.423  270.32208  270.50935    16.4315     5.2799 -9.990e-29
 130.390408     11.528    13.4008  32.750059    27.0022     11.425  270.32567  270.51288    16.3226     5.3163 -9.990e-29
