Processed/SBE19plus_01907321_2022_05_07_Cast59_wfilter.cnv
* Sea-Bird SBE19plus  Data File:
* FileName = E:\Prandtl Daten\2022\CTD\Raw\SBE19plus_01907321_2022_05_07_Cast59.hex
* Software version 2.6.1.12
* Temperature SN = 7321
* Conductivity SN = 7321
* System UpLoad Time = May 07 2022 06:49:28
* <ApplicationData>
* <Seaterm232>
** Messpraktikum 2022
** CTD 07.05 BM
** NMEA Latitude = 54 07.724 N
** NMEA Longitude = 008 47.236 E
# nquan = 11
# nvalues = 511                         
# units = specified
# name 0 = timeJ: Julian Days
# name 1 = prdM: Pressure, Strain Gauge [db]
# name 2 = tv290C: Temperature [ITS-90, deg C]
# name 3 = c0mS/cm: Conductivity [mS/cm]
# name 4 = sal00: Salinity, Practical [PSU]
# name 5 = depSM: Depth [salt water, m], lat = 54.00
# name 6 = oxsatMm/Kg: Oxygen Saturation, Weiss [umol/kg]
# name 7 = oxsolMm/Kg: Oxygen Saturation, Garcia & Gordon [umol/kg]
# name 8 = turbWETntu0: Turbidity, WET Labs ECO [NTU]
# name 9 = flECO-AFL: Fluorescence, WET Labs ECO-AFL/FL [mg/m^3]
# name 10 = flag:  0.000e+00
# span 0 = 127.279323, 127.280799       
# span 1 =      0.571,     14.349       
# span 2 =    13.1563,    13.2724       
# span 3 =  32.576719,  32.651684       
# span 4 =    27.0041,    27.0374       
# span 5 =      0.566,     14.220       
# span 6 =  271.04383,  271.64555       
# span 7 =  271.22389,  271.81886       
# span 8 =    19.5910,   242.3459       
# span 9 =     6.4485,    21.3614       
# span 10 = 0.0000e+00, 0.0000e+00      
# interval = seconds: 0.25
# start_time = May 07 2022 06:40:28 [Instrument's time stamp, header]
# bad_flag = -9.990e-29
*END*
[from data line 132]
 127.279705      4.187    13.2423  32.630372    27.0076      4.150  271.21240  271.39077    24.4938     7.7425 -9.990e-29
 127.279708      4.205    13.2419  32.630372    27.0078      4.168  271.21398  271.39233    24.5249     7.7586 -9.990e-29
 127.279711      4.221    13.2421  32.630431    27.0079      4.184  271.21326  271.39162    24.4315     7.7667 -9.990e-29
 127.279714      4.247    13.2420  32.630547    27.0080      4.209  271.21339  271.39174    25.0229     7.8031 0.0000e+00
 127.279716      4.274    13.2420  32.630780    27.0079      4.236  271.21301  271.39135    25.1941     7.7586 0.0000e+00
 127.279719      4.304    13.2421  32.629732    27.0071      4.265  271.21452  271.39288    25.1475     7.7950 0.0000e+00
 127.279722      4.337    13.2419  32.629033    27.0065      4.298  271.21638  271.39474    25.2408     7.7182 0.0000e+00
 127.279725      4.371    13.2410  32.627460    27.0057      4.332  271.22321  271.40153    27.5288     8.2964 0.0000e+00
 127.279728      4.406    13.2396  32.626063    27.0054      4.366  271.23163  271.40987    27.4665     8.3247 0.0000e+00
 127.279731      4.439    13.2377  32.624199    27.0051      4.399  271.24306  271.42120    27.2642     8.3409 0.0000e+00
 127.279734      4.466    13.2355  32.622044    27.0048      4.426  271.25624  271.43426    27.5288     8.2964 0.0000e+00
 127.279737      4.493    13.2324  32.621112    27.0046      4.453  271.27141  271.44924    27.8089     8.3409 -9.990e-29
 127.279740      4.517    13.2293  32.618667    27.0059      4.476  271.28919  271.46685    27.8868     8.2964 -9.990e-29
 127.279742      4.542    13.2267  32.617211    27.0064      4.502  271.30274  271.48025    27.8556     8.2883 -9.990e-29
 127.279745      4.551    13.2235  32.613833    27.0056      4.511  271.32275  271.50009    27.9646     8.2520 -9.990e-29
 127.279748      4.568    13.2194  32.612086    27.0069      4.527  271.34342  271.52052    27.8245     8.2924 -9.990e-29
 127.279751      4.586    13.2151  32.610689    27.0087      4.545  271.36473  271.54157    28.8984     8.5835 -9.990e-29
 127.279754      4.610    13.2117  32.609059    27.0111      4.569  271.38205  271.55870    28.7584     8.5027 -9.990e-29
 127.279757      4.641    13.2089  32.608535    27.0112      4.599  271.39526  271.57173    28.7739     8.5754 0.0000e+00
 127.279760      4.672    13.2066  32.606963    27.0112      4.630  271.40807  271.58441    28.8050     8.4905 0.0000e+00
 127.279763      4.708    13.2040  32.604925    27.0113      4.666  271.42264  271.59884    32.3070     9.1739 0.0000e+00
 127.279766      4.749    13.2011  32.604751    27.0131      4.706  271.43556  271.61158    32.4315     9.2063 0.0000e+00
 127.279769      4.780    13.1992  32.603878    27.0136      4.737  271.44528  271.62119    32.3226     9.1335 0.0000e+00
 127.279771      4.812    13.1973  32.602888    27.0138      4.769  271.45551  271.63131    32.0891     9.1456 0.0000e+00
 127.279774      4.838    13.1952  32.601025    27.0140      4.795  271.46788  271.64356    35.8245     9.6470 0.0000e+00
 127.279777      4.865    13.1925  32.601025    27.0138      4.822  271.47955  271.65506    35.9023     9.6106 -9.990e-29
 127.279780      4.883    13.1901  32.600152    27.0166      4.840  271.49146  271.66683    35.9023     9.6066 -9.990e-29
 127.279783      4.902    13.1881  32.599803    27.0177      4.858  271.50089  271.67614    36.2292     9.5783 -9.990e-29
 127.279786      4.920    13.1863  32.598988    27.0183      4.876  271.51019  271.68532    37.8012     9.9301 -9.990e-29
 127.279789      4.936    13.1844  32.598813    27.0206      4.892  271.51868  271.69370    37.5988     9.9503 -9.990e-29
 127.279792      4.962    13.1818  32.598057    27.0211      4.918  271.53134  271.70621    37.7545     9.9260 0.0000e+00
 127.279795      4.991    13.1798  32.597766    27.0217      4.947  271.54037  271.71511    37.7233     9.9907 0.0000e+00
 127.279797      5.022    13.1781  32.597766    27.0229      4.977  271.54762  271.72226    37.6611     9.9179 0.0000e+00
 127.279800      5.060    13.1766  32.597592    27.0238      5.015  271.55456  271.72911    43.9179    10.3183 0.0000e+00
 127.279803      5.099    13.1747  32.597243    27.0248      5.053  271.56338  271.73780    43.8556    10.3102 0.0000e+00
 127.279806      5.139    13.1731  32.596952    27.0257      5.093  271.57114  271.74547    43.9023    10.3102 0.0000e+00
 127.279809      5.170    13.1717  32.596777    27.0261      5.124  271.57745  271.75169    43.9334    10.3142 0.0000e+00
 127.279812      5.199    13.1702  32.596137    27.0265      5.153  271.58519  271.75934    45.7700    10.8318 -9.990e-29
 127.279815      5.223    13.1687  32.596370    27.0282      5.176  271.59109  271.76515    45.7233    10.8480 -9.990e-29
 127.279818      5.248    13.1673  32.596079    27.0290      5.201  271.59791  271.77188    45.7389    10.8439 -9.990e-29
 127.279821      5.263    13.1655  32.595963    27.0301      5.216  271.60567  271.77954    45.8012    10.8197 -9.990e-29
 127.279823      5.279    13.1645  32.595730    27.0306      5.232  271.61081  271.78460    45.7856    10.6256 -9.990e-29
 127.279826      5.296    13.1637  32.595963    27.0314      5.248  271.61388  271.78762    45.8790    10.5609 -9.990e-29
 127.279829      5.314    13.1632  32.596080    27.0315      5.266  271.61557  271.78929    45.7856    10.5851 -9.990e-29
 127.279832      5.347    13.1629  32.595498    27.0315      5.299  271.61786  271.79157    45.7700    10.5851 0.0000e+00
 127.279835      5.378    13.1630  32.595498    27.0314      5.329  271.61757  271.79128    43.6689    10.2980 0.0000e+00
 127.279838      5.412    13.1634  32.595731    27.0314      5.364  271.61561  271.78934    43.6222    10.2455 0.0000e+00
 127.279841      5.445    13.1638  32.594508    27.0309      5.397  271.61587  271.78963    43.5288    10.2576 0.0000e+00
 127.279844      5.480    13.1637  32.595498    27.0309      5.431  271.61480  271.78855    43.5599    10.2536 0.0000e+00
 127.279847      5.509    13.1632  32.595498    27.0312      5.460  271.61671  271.79043    43.6222    10.2374 0.0000e+00
 127.279850      5.535    13.1629  32.595324    27.0312      5.485  271.61860  271.79230    39.4354     9.8168 0.0000e+00
 127.279852      5.562    13.1624  32.594916    27.0313      5.512  271.62121  271.79489    39.2953     9.7562 0.0000e+00
 127.279855      5.589    13.1622  32.595091    27.0312      5.539  271.62187  271.79553    39.4510     9.7885 -9.990e-29
 127.279858      5.611    13.1621  32.594683    27.0312      5.561  271.62291  271.79657    39.4043     9.7319 -9.990e-29
 127.279861      5.633    13.1624  32.594509    27.0308      5.582  271.62197  271.79565    40.6338    10.0473 -9.990e-29
 127.279864      5.656    13.1628  32.594742    27.0291      5.606  271.62000  271.79370    40.6805    10.0109 -9.990e-29
 127.279867      5.682    13.1629  32.593053    27.0296      5.631  271.62232  271.79604    40.7117    10.0918 0.0000e+00
 127.279870      5.711    13.1633  32.594276    27.0299      5.660  271.61864  271.79238    40.6650    10.1403 0.0000e+00
 127.279873      5.746    13.1634  32.594276    27.0299      5.694  271.61803  271.79178    41.9412    10.4719 0.0000e+00
 127.279876      5.780    13.1633  32.593927    27.0298      5.729  271.61929  271.79303    41.9568    10.4638 0.0000e+00
 127.279878      5.815    13.1632  32.594102    27.0298      5.763  271.61933  271.79306    41.9101    10.4679 0.0000e+00
 127.279881      5.846    13.1629  32.593869    27.0298      5.794  271.62101  271.79473    41.9568    10.4598 0.0000e+00
 127.279884      5.872    13.1625  32.593869    27.0298      5.819  271.62291  271.79660    46.9373    10.8561 -9.990e-29
 127.279887      5.895    13.1619  32.594160    27.0308      5.843  271.62494  271.79859    46.9062    10.8520 -9.990e-29
 127.279890      5.921    13.1614  32.594277    27.0312      5.868  271.62696  271.80058    46.8751    10.8278 -9.990e-29
 127.279893      5.941    13.1609  32.593287    27.0307      5.888  271.63089  271.80449    46.7506    10.8480 -9.990e-29
 127.279896      5.959    13.1604  32.593695    27.0314      5.906  271.63240  271.80596    46.9062    10.8116 -9.990e-29
 127.279899      5.979    13.1603  32.594277    27.0320      5.926  271.63203  271.80558    50.0346    11.2362 -9.990e-29
 127.279902      6.001    13.1599  32.593928    27.0325      5.948  271.63422  271.80775    50.0035    11.2685 -9.990e-29
 127.279905      6.027    13.1596  32.594277    27.0325      5.973  271.63489  271.80840    50.0191    11.2200 0.0000e+00
 127.279907      6.054    13.1595  32.594277    27.0325      6.000  271.63523  271.80873    49.9257    11.2442 0.0000e+00
 127.279910      6.085    13.1592  32.594510    27.0329      6.030  271.63610  271.80958    55.6689    12.3199 0.0000e+00
 127.279913      6.118    13.1591  32.594744    27.0333      6.063  271.63635  271.80982    55.7467    12.3158 0.0000e+00
 127.279916      6.152    13.1589  32.594918    27.0336      6.097  271.63701  271.81046    55.8712    12.3441 0.0000e+00
 127.279919      6.189    13.1587  32.594918    27.0337      6.134  271.63798  271.81142    55.8089    12.3279 0.0000e+00
 127.279922      6.222    13.1584  32.595093    27.0340      6.166  271.63864  271.81206    64.8050    12.7040 0.0000e+00
 127.279925      6.253    13.1583  32.595093    27.0341      6.197  271.63929  271.81270    64.8050    12.6676 0.0000e+00
 127.279928      6.280    13.1582  32.595734    27.0347      6.224  271.63851  271.81191    64.8050    12.7161 0.0000e+00
 127.279931      6.308    13.1578  32.596142    27.0350      6.251  271.63971  271.81308    64.5405    12.7283 0.0000e+00
 127.279933      6.333    13.1576  32.596375    27.0354      6.276  271.64026  271.81362    64.5249    12.5746 -9.990e-29
 127.279936      6.349    13.1573  32.596258    27.0358      6.293  271.64173  271.81508    64.3848    12.5625 -9.990e-29
 127.279939      6.369    13.1571  32.596550    27.0363      6.312  271.64218  271.81551    64.4004    12.5787 -9.990e-29
 127.279942      6.384    13.1569  32.596375    27.0362      6.327  271.64313  271.81645    64.4782    12.5746 -9.990e-29
 127.279945      6.408    13.1568  32.596783    27.0366      6.350  271.64275  271.81606    64.3848    12.5503 -9.990e-29
 127.279948      6.433    13.1567  32.596259    27.0358      6.376  271.64430  271.81761    65.5210    13.1892 -9.990e-29
 127.279951      6.466    13.1566  32.595735    27.0360      6.408  271.64555  271.81886    65.5210    13.1690 0.0000e+00
 127.279954      6.503    13.1568  32.596142    27.0360      6.444  271.64424  271.81755    65.3187    13.2014 0.0000e+00
 127.279957      6.545    13.1568  32.596143    27.0361      6.486  271.64426  271.81757    65.5054    13.1852 0.0000e+00
 127.279959      6.572    13.1567  32.596492    27.0364      6.514  271.64399  271.81729    69.4899    13.4683 0.0000e+00
 127.279962      6.611    13.1565  32.596550    27.0365      6.551  271.64486  271.81815    69.5988    13.4036 0.0000e+00
 127.279965      6.640    13.1564  32.596551    27.0366      6.581  271.64519  271.81847    69.4432    13.4399 -9.990e-29
 127.279968      6.662    13.1565  32.596784    27.0368      6.602  271.64448  271.81777    69.5988    13.4966 -9.990e-29
 127.279971      6.684    13.1565  32.596842    27.0368      6.624  271.64440  271.81768    67.9023    13.2903 -9.990e-29
 127.279974      6.700    13.1565  32.597366    27.0373      6.640  271.64350  271.81678    67.9646    13.3227 -9.990e-29
 127.279977      6.716    13.1566  32.596784    27.0367      6.656  271.64389  271.81719    67.9490    13.3227 -9.990e-29
 127.279980      6.735    13.1566  32.597191    27.0371      6.674  271.64351  271.81680    67.8712    13.3065 -9.990e-29
 127.279983      6.755    13.1566  32.597191    27.0372      6.694  271.64352  271.81681    70.0813    13.6462 -9.990e-29
 127.279986      6.782    13.1566  32.597424    27.0373      6.722  271.64282  271.81611    70.3148    13.6381 0.0000e+00
 127.279988      6.815    13.1565  32.597366    27.0372      6.754  271.64357  271.81685    70.0657    13.6462 0.0000e+00
 127.279991      6.850    13.1566  32.596959    27.0368      6.788  271.64398  271.81728    70.2369    13.6704 0.0000e+00
 127.279994      6.888    13.1566  32.596784    27.0368      6.826  271.64431  271.81761    70.0969    13.6057 0.0000e+00
 127.279997      6.923    13.1563  32.596843    27.0368      6.861  271.64518  271.81846    77.7233    14.2244 0.0000e+00
 127.280000      6.955    13.1563  32.596784    27.0369      6.893  271.64530  271.81858    77.7389    14.2244 0.0000e+00
 127.280003      6.988    13.1566  32.597192    27.0369      6.926  271.64367  271.81696    77.6766    14.1880 0.0000e+00
 127.280006      7.016    13.1565  32.597367    27.0370      6.953  271.64370  271.81698    77.6455    14.1921 -9.990e-29
 127.280009      7.039    13.1566  32.596494    27.0363      6.976  271.64491  271.81821    86.8128    15.1989 -9.990e-29
 127.280012      7.065    13.1565  32.597600    27.0374      7.001  271.64332  271.81661    86.9996    15.2070 -9.990e-29
 127.280014      7.086    13.1566  32.597600    27.0373      7.023  271.64302  271.81631    86.8751    15.1949 -9.990e-29
 127.280017      7.104    13.1567  32.597775    27.0374      7.041  271.64210  271.81540    87.1241    15.2070 -9.990e-29
 127.280020      7.124    13.1568  32.596668    27.0363      7.061  271.64340  271.81672    91.5132    15.4860 -9.990e-29
 127.280023      7.150    13.1571  32.598008    27.0373      7.086  271.63984  271.81316    91.3109    15.4456 -9.990e-29
 127.280026      7.172    13.1571  32.597775    27.0371      7.108  271.64057  271.81389    91.2019    15.5103 -9.990e-29
 127.280029      7.201    13.1571  32.597775    27.0371      7.137  271.64027  271.81360    91.2486    15.4739 0.0000e+00
 127.280032      7.230    13.1571  32.597833    27.0371      7.166  271.64051  271.81382    95.4821    15.7529 0.0000e+00
 127.280035      7.265    13.1572  32.598008    27.0372      7.200  271.63960  271.81292    95.3264    15.7448 0.0000e+00
 127.280038      7.298    13.1573  32.598183    27.0372      7.233  271.63900  271.81233    95.3420    15.7610 0.0000e+00
 127.280041      7.327    13.1573  32.597775    27.0369      7.261  271.63972  271.81306    95.1864    15.7327 0.0000e+00
 127.280043      7.362    13.1572  32.597251    27.0365      7.296  271.64097  271.81430    95.3731    15.7529 0.0000e+00
 127.280046      7.396    13.1573  32.597368    27.0365      7.330  271.64048  271.81381   100.1047    16.2705 0.0000e+00
 127.280049      7.429    13.1574  32.597776    27.0365      7.363  271.63947  271.81281   100.1202    16.2422 -9.990e-29
 127.280052      7.451    13.1574  32.598009    27.0370      7.384  271.63908  271.81242    99.9179    16.2381 -9.990e-29
 127.280055      7.464    13.1576  32.597834    27.0367      7.397  271.63845  271.81180   100.0424    16.2988 -9.990e-29
 127.280058      7.477    13.1577  32.596961    27.0358      7.410  271.63935  271.81271   101.5988    16.3271 -9.990e-29
 127.280061      7.491    13.1579  32.597368    27.0360      7.424  271.63770  271.81108   101.6611    16.2826 -9.990e-29
 127.280064      7.512    13.1579  32.598184    27.0368      7.444  271.63630  271.80967   101.6766    16.3473 -9.990e-29
 127.280067      7.535    13.1580  32.597834    27.0367      7.468  271.63661  271.80999   101.6144    16.2584 -9.990e-29
 127.280069      7.564    13.1580  32.598184    27.0363      7.497  271.63602  271.80940   107.2953    17.1075 0.0000e+00
 127.280072      7.603    13.1581  32.597369    27.0364      7.535  271.63714  271.81053   107.2331    17.0792 0.0000e+00
 127.280075      7.643    13.1581  32.598009    27.0359      7.574  271.63606  271.80944   107.0619    17.0671 0.0000e+00
 127.280078      7.686    13.1580  32.596961    27.0357      7.618  271.63822  271.81161   107.1708    17.0792 0.0000e+00
