Processed/SBE19plus_01907321_2022_05_12_Cast134_wfilter.cnv
* Sea-Bird SBE19plus  Data File:
* FileName = E:\Prandtl_Daten\2022\CTD\Raw\SBE19plus_01907321_2022_05_12_Cast134.hex
* Software version 2.6.1.12
* Temperature SN = 7321
* Conductivity SN = 7321
* System UpLoad Time = May 12 2022 12:25:43
* <ApplicationData>
* <Seaterm232>
** Messpraktikum 2022
** CTD 10.05  M1
** NMEA Latitude = 54 06.03N
** NMEA Longitude = 008 38.82E
# nquan = 11
# nvalues = 439                         
# units = specified
# name 0 = timeJ: Julian Days
# name 1 = prdM: Pressure, Strain Gauge [db]
# name 2 = tv290C: Temperature [ITS-90, deg C]
# name 3 = c0mS/cm: Conductivity [mS/cm]
# name 4 = sal00: Salinity, Practical [PSU]
# name 5 = depSM: Depth [salt water, m], lat = 54.00
# name 6 = oxsatMm/Kg: Oxygen Saturation, Weiss [umol/kg]
# name 7 = oxsolMm/Kg: Oxygen Saturation, Garcia & Gordon [umol/kg]
# name 8 = turbWETntu0: Turbidity, WET Labs ECO [NTU]
# name 9 = flECO-AFL: Fluorescence, WET Labs ECO-AFL/FL [mg/m^3]
# name 10 = flag:  0.000e+00
# span 0 = 132.513547, 132.514815       
# span 1 =      0.987,     11.148       
# span 2 =    13.5842,    13.7224       
# span 3 =  31.829905,  32.131259       
# span 4 =    26.0434,    26.2197       
# span 5 =      0.978,     11.048       
# span 6 =  269.98797,  271.09525       
# span 7 =  270.19969,  271.30124       
# span 8 =    23.3731,   228.3381       
# span 9 =    10.6296,    24.1718       
# span 10 = 0.0000e+00, 0.0000e+00      
# interval = seconds: 0.25
# start_time = May 12 2022 12:18:16 [Instrument's time stamp, header]
# bad_flag = -9.990e-29
*END*
[from data line 132]
 132.513929      4.086    13.6257  31.916372    26.0911      4.050  270.76889  270.97663    27.7311    12.6353 0.0000e+00
 132.513932      4.181    13.6243  31.905343    26.0830      4.144  270.79377  271.00151    27.7155    12.6555 0.0000e+00
 132.513935      4.258    13.6218  31.892294    26.0729      4.220  270.82687  271.03457    27.6689    12.6636 0.0000e+00
 132.513938      4.311    13.6183  31.881960    26.0694      4.272  270.85952  271.06710    27.9801    12.6272 0.0000e+00
 132.513941      4.337    13.6141  31.878382    26.0659      4.298  270.88421  271.09157    28.9607    13.3348 -9.990e-29
 132.513944      4.344    13.6106  31.882365    26.0715      4.305  270.89284  271.09995    29.0229    13.3267 -9.990e-29
 132.513947      4.329    13.6092  31.890967    26.0802      4.291  270.88398  271.09095    29.0229    13.3065 -9.990e-29
 132.513950      4.302    13.6105  31.895182    26.0831      4.264  270.87135  271.07836    29.0229    13.3348 -9.990e-29
 132.513953      4.275    13.6124  31.904362    26.0902      4.237  270.84740  271.05445    38.9685    14.1759 -9.990e-29
 132.513955      4.253    13.6149  31.918164    26.1009      4.215  270.81305  271.02013    39.0619    14.1638 -9.990e-29
 132.513958      4.238    13.6192  31.938553    26.1165      4.200  270.75983  270.96700    38.9685    14.1476 -9.990e-29
 132.513961      4.240    13.6256  31.972181    26.1424      4.202  270.67455  270.88183    38.9996    14.1476 -9.990e-29
 132.513964      4.255    13.6354  31.985415    26.1477      4.217  270.60953  270.81728    39.4043    14.3538 -9.990e-29
 132.513967      4.269    13.6439  31.988015    26.1442      4.231  270.56800  270.77624    39.4510    14.3417 -9.990e-29
 132.513970      4.284    13.6501  32.003218    26.1538      4.246  270.51567  270.72414    39.3264    14.3295 -9.990e-29
 132.513973      4.302    13.6556  32.005646    26.1522      4.264  270.48725  270.69603    39.4198    14.3538 -9.990e-29
 132.513976      4.319    13.6596  32.014087    26.1571      4.280  270.45567  270.66462    32.2603    13.6664 -9.990e-29
 132.513979      4.342    13.6633  32.020794    26.1564      4.304  270.42833  270.63744    32.3070    13.6179 -9.990e-29
 132.513981      4.372    13.6671  32.019059    26.1538      4.333  270.41465  270.62400    32.4315    13.6300 0.0000e+00
 132.513984      4.404    13.6689  32.014491    26.1511      4.365  270.41473  270.62422    32.2603    13.6623 0.0000e+00
 132.513987      4.446    13.6688  31.999806    26.1379      4.407  270.43995  270.64956    32.2759    13.6421 0.0000e+00
 132.513990      4.499    13.6665  31.995817    26.1379      4.459  270.45698  270.66648    37.3342    14.0424 0.0000e+00
 132.513993      4.558    13.6640  31.999402    26.1408      4.517  270.46183  270.67115    37.2720    14.0424 0.0000e+00
 132.513996      4.627    13.6628  32.002062    26.1440      4.585  270.46248  270.67172    37.1941    14.0424 0.0000e+00
 132.513999      4.709    13.6628  32.006629    26.1481      4.667  270.45479  270.66399    37.2408    14.0101 0.0000e+00
 132.514002      4.780    13.6639  32.010041    26.1504      4.737  270.44425  270.65349    34.7973    14.0263 0.0000e+00
 132.514005      4.836    13.6657  32.017499    26.1532      4.793  270.42397  270.63325    34.7506    14.0465 0.0000e+00
 132.514008      4.877    13.6679  32.020680    26.1559      4.833  270.40869  270.61808    34.7350    13.9980 -9.990e-29
 132.514010      4.890    13.6699  32.022530    26.1575      4.846  270.39693  270.60642    34.6572    14.0384 -9.990e-29
 132.514013      4.886    13.6713  32.022703    26.1567      4.842  270.39055  270.60012    36.4004    14.5600 -9.990e-29
 132.514016      4.862    13.6723  32.022125    26.1555      4.819  270.38736  270.59699    36.4315    14.5803 -9.990e-29
 132.514019      4.831    13.6729  32.022472    26.1554      4.788  270.38387  270.59354    36.4315    14.5560 -9.990e-29
 132.514022      4.795    13.6733  32.023917    26.1565      4.752  270.37980  270.58948    36.5249    14.5439 -9.990e-29
 132.514025      4.762    13.6735  32.022703    26.1552      4.719  270.38088  270.59058    39.6689    14.3053 -9.990e-29
 132.514028      4.736    13.6735  32.025883    26.1582      4.694  270.37580  270.58547    39.5599    14.2729 -9.990e-29
 132.514031      4.725    13.6743  32.030336    26.1616      4.683  270.36441  270.57410    39.5755    14.2527 -9.990e-29
 132.514034      4.747    13.6757  32.034963    26.1648      4.705  270.35051  270.56025    39.7467    14.2608 -9.990e-29
 132.514036      4.796    13.6781  32.040168    26.1702      4.753  270.33149  270.54132    39.8556    14.2770 -9.990e-29
 132.514039      4.860    13.6805  32.044564    26.1711      4.817  270.31385  270.52379    40.2292    14.6652 0.0000e+00
 132.514042      4.929    13.6827  32.048324    26.1719      4.885  270.29762  270.50766    40.2447    14.7137 0.0000e+00
 132.514045      4.991    13.6844  32.049423    26.1720      4.947  270.28844  270.49857    40.1513    14.6854 0.0000e+00
 132.514048      5.046    13.6858  32.050811    26.1720      5.001  270.28037  270.49057    40.2136    14.6652 0.0000e+00
 132.514051      5.077    13.6866  32.049596    26.1722      5.031  270.27892  270.48918    40.1513    14.2527 -9.990e-29
 132.514054      5.095    13.6868  32.047977    26.1689      5.050  270.28072  270.49100    40.1358    14.2568 -9.990e-29
 132.514057      5.097    13.6869  32.046993    26.1679      5.051  270.28174  270.49204    40.2914    14.2851 -9.990e-29
 132.514060      5.099    13.6867  32.049597    26.1705      5.053  270.27862  270.48888    40.0891    14.2972 -9.990e-29
 132.514062      5.091    13.6871  32.056249    26.1762      5.046  270.26544  270.47567    39.5599    14.3134 -9.990e-29
 132.514065      5.095    13.6883  32.064464    26.1827      5.050  270.24610  270.45634    39.5132    14.2770 -9.990e-29
 132.514068      5.115    13.6909  32.064695    26.1770      5.070  270.23453  270.44492    39.4043    14.2770 -9.990e-29
 132.514071      5.154    13.6925  32.061340    26.1759      5.108  270.23320  270.44371    39.4976    14.3012 0.0000e+00
 132.514074      5.214    13.6926  32.058852    26.1747      5.167  270.23712  270.44766    37.2564    14.1233 0.0000e+00
 132.514077      5.283    13.6921  32.055034    26.1716      5.236  270.24586  270.45640    37.2564    14.0788 0.0000e+00
 132.514080      5.347    13.6916  32.051795    26.1690      5.299  270.25362  270.46416    37.2253    14.1071 0.0000e+00
 132.514083      5.407    13.6905  32.049192    26.1674      5.359  270.26286  270.47335    37.1941    14.0869 0.0000e+00
 132.514086      5.455    13.6888  32.037740    26.1628      5.406  270.28962  270.50011    37.1941    14.0708 0.0000e+00
 132.514089      5.484    13.6864  32.037971    26.1582      5.435  270.29948  270.50983    41.5988    14.7299 -9.990e-29
 132.514091      5.489    13.6843  32.036352    26.1600      5.440  270.31150  270.52173    41.6455    14.7380 -9.990e-29
 132.514094      5.488    13.6828  32.035948    26.1606      5.438  270.31859  270.52873    41.5988    14.7541 -9.990e-29
 132.514097      5.475    13.6820  32.040343    26.1652      5.426  270.31466  270.52472    41.5054    14.7420 -9.990e-29
 132.514100      5.455    13.6823  32.045086    26.1692      5.406  270.30534  270.51538    42.7973    14.3942 -9.990e-29
 132.514103      5.431    13.6830  32.052201    26.1752      5.382  270.29008  270.50011    42.8284    14.4023 -9.990e-29
 132.514106      5.412    13.6848  32.056829    26.1781      5.364  270.27456  270.48466    42.9218    14.4266 -9.990e-29
 132.514109      5.402    13.6872  32.062672    26.1818      5.353  270.25443  270.46462    42.9529    14.4266 -9.990e-29
 132.514112      5.409    13.6895  32.070077    26.1869      5.360  270.23200  270.44226    50.0813    15.1100 -9.990e-29
 132.514115      5.425    13.6922  32.075111    26.1896      5.377  270.21166  270.42204    50.0346    15.0857 -9.990e-29
 132.514117      5.454    13.6945  32.079162    26.1981      5.406  270.19460  270.40509    50.0346    15.1383 -9.990e-29
 132.514120      5.493    13.6967  32.088016    26.2011      5.444  270.17005  270.38060    49.9724    15.1181 0.0000e+00
 132.514123      5.542    13.6995  32.096639    26.2040      5.493  270.14367  270.35431    48.7117    15.5507 0.0000e+00
 132.514126      5.597    13.7027  32.104916    26.2079      5.547  270.11565  270.32642    48.7739    15.5548 0.0000e+00
 132.514129      5.650    13.7057  32.105611    26.2093      5.599  270.10173  270.31266    48.6805    15.5790 0.0000e+00
 132.514132      5.708    13.7078  32.109315    26.2097      5.657  270.08624  270.29726    48.6961    15.5507 0.0000e+00
 132.514135      5.761    13.7095  32.110762    26.2099      5.710  270.07647  270.28759    48.6961    15.5426 0.0000e+00
 132.514138      5.814    13.7109  32.113773    26.2110      5.762  270.06535  270.27652    51.5288    15.8419 0.0000e+00
 132.514141      5.856    13.7119  32.113946    26.2116      5.804  270.06060  270.27184    51.5599    15.8176 0.0000e+00
 132.514144      5.893    13.7127  32.115741    26.2115      5.840  270.05408  270.26535    51.5755    15.7853 0.0000e+00
 132.514146      5.918    13.7130  32.115973    26.2121      5.865  270.05274  270.26402    51.5755    15.8055 -9.990e-29
 132.514149      5.933    13.7131  32.116552    26.2126      5.880  270.05114  270.26242    51.1397    15.5831 -9.990e-29
 132.514152      5.942    13.7136  32.115973    26.2117      5.889  270.05020  270.26152    50.9685    15.5346 -9.990e-29
 132.514155      5.944    13.7136  32.113657    26.2096      5.891  270.05380  270.26514    51.0307    15.5750 -9.990e-29
 132.514158      5.942    13.7139  32.114352    26.2101      5.889  270.05167  270.26301    51.0307    15.5629 -9.990e-29
 132.514161      5.935    13.7142  32.113773    26.2093      5.882  270.05136  270.26273    47.6689    14.5722 -9.990e-29
 132.514164      5.933    13.7142  32.111110    26.2069      5.880  270.05554  270.26693    47.7934    14.5560 -9.990e-29
 132.514167      5.936    13.7139  32.110531    26.2066      5.883  270.05780  270.26918    47.7934    14.5398 -9.990e-29
 132.514170      5.953    13.7140  32.113368    26.2091      5.899  270.05270  270.26406    47.7000    14.5560 -9.990e-29
 132.514172      5.976    13.7142  32.114989    26.2112      5.923  270.04933  270.26069    44.2603    14.7582 -9.990e-29
 132.514175      6.013    13.7148  32.116378    26.2114      5.959  270.04413  270.25552    44.2603    14.7743 0.0000e+00
 132.514178      6.044    13.7155  32.117304    26.2114      5.990  270.03971  270.25113    44.2603    14.8229 0.0000e+00
 132.514181      6.071    13.7156  32.115162    26.2116      6.017  270.04302  270.25446    44.2603    14.7663 -9.990e-29
 132.514184      6.093    13.7158  32.116552    26.2106      6.038  270.03941  270.25086    44.2136    14.8107 -9.990e-29
 132.514187      6.109    13.7160  32.116784    26.2107      6.054  270.03839  270.24984    55.7467    16.0521 -9.990e-29
 132.514190      6.113    13.7158  32.116784    26.2108      6.058  270.03903  270.25048    55.7155    16.0643 -9.990e-29
 132.514193      6.120    13.7157  32.117594    26.2117      6.065  270.03831  270.24973    55.6533    16.0602 -9.990e-29
 132.514196      6.128    13.7154  32.120026    26.2141      6.073  270.03548  270.24687    55.8401    16.0521 -9.990e-29
 132.514198      6.138    13.7150  32.120605    26.2148      6.084  270.03611  270.24747    52.3381    15.5346 -9.990e-29
 132.514201      6.162    13.7149  32.121184    26.2162      6.107  270.03578  270.24713    52.2759    15.5022 -9.990e-29
 132.514204      6.206    13.7150  32.122110    26.2167      6.150  270.03360  270.24496    52.2603    15.5103 0.0000e+00
 132.514207      6.266    13.7150  32.123211    26.2171      6.210  270.03178  270.24312    52.3381    15.4820 0.0000e+00
 132.514210      6.339    13.7156  32.124658    26.2181      6.282  270.02714  270.23850    49.5833    14.9765 0.0000e+00
 132.514213      6.419    13.7162  32.126453    26.2183      6.362  270.02128  270.23267    49.7389    14.9644 0.0000e+00
 132.514216      6.494    13.7170  32.126048    26.2192      6.436  270.01850  270.22994    49.7700    14.9887 0.0000e+00
 132.514219      6.554    13.7178  32.128248    26.2190      6.496  270.01162  270.22309    49.7700    14.9846 0.0000e+00
 132.514222      6.596    13.7187  32.129291    26.2197      6.538  270.00605  270.21756    47.6377    14.7905 -9.990e-29
 132.514225      6.611    13.7193  32.128885    26.2192      6.552  270.00387  270.21542    47.7000    14.7905 -9.990e-29
 132.514227      6.609    13.7197  32.127438    26.2177      6.550  270.00472  270.21630    47.8401    14.8148 -9.990e-29
 132.514230      6.595    13.7200  32.128885    26.2188      6.536  270.00099  270.21258    47.8245    14.8107 -9.990e-29
 132.514233      6.565    13.7202  32.129696    26.2194      6.506  269.99864  270.21024    47.7467    14.8148 -9.990e-29
 132.514236      6.531    13.7203  32.129059    26.2187      6.472  269.99906  270.21067    51.7311    15.5831 -9.990e-29
 132.514239      6.501    13.7206  32.128480    26.2180      6.443  269.99906  270.21069    51.8089    15.5629 -9.990e-29
 132.514242      6.492    13.7210  32.130448    26.2195      6.434  269.99381  270.20545    51.6689    15.5709 -9.990e-29
 132.514245      6.494    13.7215  32.130043    26.2188      6.436  269.99226  270.20394    51.7934    15.5507 -9.990e-29
 132.514248      6.516    13.7219  32.131259    26.2196      6.458  269.98863  270.20031    49.5366    15.1181 -9.990e-29
 132.514251      6.545    13.7224  32.130332    26.2184      6.487  269.98797  270.19969    49.5210    15.1504 -9.990e-29
 132.514253      6.585    13.7223  32.130275    26.2177      6.526  269.98841  270.20013    49.4432    15.1100 0.0000e+00
 132.514256      6.620    13.7222  32.128653    26.2181      6.561  269.99181  270.20353    49.5366    15.1100 0.0000e+00
 132.514259      6.654    13.7217  32.129464    26.2179      6.595  269.99238  270.20407    48.8050    15.4901 0.0000e+00
 132.514262      6.683    13.7215  32.129059    26.2179      6.624  269.99436  270.20604    48.5716    15.5103 0.0000e+00
 132.514265      6.718    13.7212  32.128886    26.2179      6.658  269.99595  270.20761    48.7272    15.4901 0.0000e+00
 132.514268      6.751    13.7209  32.128654    26.2179      6.691  269.99732  270.20897    48.7584    15.5386 0.0000e+00
 132.514271      6.789    13.7209  32.130044    26.2185      6.729  269.99500  270.20663    47.9957    15.1464 0.0000e+00
 132.514274      6.828    13.7211  32.129465    26.2185      6.767  269.99536  270.20701    47.9957    15.0938 0.0000e+00
 132.514277      6.873    13.7213  32.129175    26.2185      6.812  269.99492  270.20658    48.1202    15.1302 0.0000e+00
 132.514280      6.923    13.7218  32.130276    26.2180      6.861  269.99085  270.20254    48.0580    15.1423 0.0000e+00
 132.514282      6.974    13.7222  32.129871    26.2180      6.911  269.98997  270.20168    47.9957    15.1383 0.0000e+00
 132.514285      7.023    13.7224  32.127033    26.2170      6.960  269.99383  270.20558    50.2992    15.6963 0.0000e+00
 132.514288      7.072    13.7223  32.128886    26.2168      7.009  269.99105  270.20278    50.2992    15.7084 0.0000e+00
 132.514291      7.110    13.7223  32.128655    26.2169      7.047  269.99147  270.20320    50.2992    15.7003 0.0000e+00
 132.514294      7.138    13.7219  32.126629    26.2168      7.074  269.99682  270.20855    50.2992    15.6923 -9.990e-29
 132.514297      7.158    13.7212  32.127439    26.2164      7.094  269.99834  270.21002    58.1903    16.3999 -9.990e-29
 132.514300      7.169    13.7209  32.127266    26.2165      7.105  270.00024  270.21190    58.2681    16.3958 -9.990e-29
 132.514303      7.167    13.7203  32.126050    26.2158      7.103  270.00453  270.21616    58.1903    16.3999 -9.990e-29
