Processed/SBE19plus_01907321_2022_05_05_Cast30_wfilter.cnv
* Sea-Bird SBE19plus  Data File:
* FileName = E:\Prandtl Daten\2022\CTD\Raw\SBE19plus_01907321_2022_05_05_Cast30.hex
* Software version 2.6.1.12
* Temperature SN = 7321
* Conductivity SN = 7321
* System UpLoad Time = May 05 2022 10:56:23
* <ApplicationData>
* <Seaterm232>
** Messpraktikum 2022
** CTD 05.05 Schnitt5_1
# nquan = 11
# nvalues = 332                         
# units = specified
# name 0 = timeJ: Julian Days
# name 1 = prdM: Pressure, Strain Gauge [db]
# name 2 = tv290C: Temperature [ITS-90, deg C]
# name 3 = c0mS/cm: Conductivity [mS/cm]
# name 4 = sal00: Salinity, Practical [PSU]
# name 5 = depSM: Depth [salt water, m], lat = 54.00
# name 6 = oxsatMm/Kg: Oxygen Saturation, Weiss [umol/kg]
# name 7 = oxsolMm/Kg: Oxygen Saturation, Garcia & Gordon [umol/kg]
# name 8 = turbWETntu0: Turbidity, WET Labs ECO [NTU]
# name 9 = flECO-AFL: Fluorescence, WET Labs ECO-AFL/FL [mg/m^3]
# name 10 = flag:  0.000e+00
# span 0 = 125.452445, 125.453403       
# span 1 =      0.569,      8.203       
# span 2 =    11.7377,    11.8636       
# span 3 =  32.777092,  32.801635       
# span 4 =    28.1641,    28.2698       
# span 5 =      0.564,      8.129       
# span 6 =  276.98320,  277.53440       
# span 7 =  277.06709,  277.60912       
# span 8 =    18.3615,    56.5560       
# span 9 =     5.3567,    11.9155       
# span 10 = 0.0000e+00, 0.0000e+00      
# interval = seconds: 0.25
# start_time = May 05 2022 10:50:21 [Instrument's time stamp, header]
# bad_flag = -9.990e-29
*END*
[from data line 132]
 125.452827      3.586    11.7935  32.786616    28.2154      3.554  277.30473  277.38360    27.8556     7.9082 -9.990e-29
 125.452830      3.610    11.7935  32.787258    28.2160      3.577  277.30355  277.38241    27.8868     7.9163 -9.990e-29
 125.452833      3.631    11.7939  32.787200    28.2157      3.599  277.30213  277.38102    27.9334     7.9082 -9.990e-29
 125.452836      3.649    11.7941  32.786791    28.2151      3.617  277.30167  277.38058    27.9023     7.8274 -9.990e-29
 125.452839      3.668    11.7941  32.787200    28.2154      3.635  277.30092  277.37983    27.1708     8.3126 -9.990e-29
 125.452841      3.682    11.7939  32.787667    28.2160      3.649  277.30099  277.37988    27.1241     8.3328 -9.990e-29
 125.452844      3.708    11.7939  32.787433    28.2158      3.675  277.30144  277.38033    27.2486     8.3005 -9.990e-29
 125.452847      3.728    11.7938  32.787842    28.2163      3.695  277.30132  277.38019    27.2486     8.2883 -9.990e-29
 125.452850      3.757    11.7938  32.787842    28.2159      3.723  277.30134  277.38021    30.0813     8.1549 0.0000e+00
 125.452853      3.792    11.7939  32.787025    28.2157      3.758  277.30257  277.38146    30.0657     8.1913 0.0000e+00
 125.452856      3.828    11.7941  32.787434    28.2157      3.794  277.30091  277.37981    30.0346     8.1306 0.0000e+00
 125.452859      3.865    11.7935  32.788251    28.2169      3.831  277.30220  277.38105    30.0657     8.1549 0.0000e+00
 125.452862      3.911    11.7929  32.788076    28.2171      3.876  277.30503  277.38384    27.5288     8.1347 0.0000e+00
 125.452865      3.941    11.7924  32.787668    28.2171      3.906  277.30797  277.38675    27.3576     8.1064 0.0000e+00
 125.452867      3.969    11.7921  32.788076    28.2171      3.934  277.30847  277.38722    27.3887     8.0740 -9.990e-29
 125.452870      3.990    11.7916  32.788427    28.2184      3.954  277.31031  277.38902    27.4354     8.0781 -9.990e-29
 125.452873      4.010    11.7915  32.787843    28.2179      3.974  277.31171  277.39042    28.5249     7.9608 -9.990e-29
 125.452876      4.018    11.7914  32.788252    28.2184      3.983  277.31127  277.38997    28.4315     7.9810 -9.990e-29
 125.452879      4.033    11.7917  32.787084    28.2171      3.997  277.31252  277.39125    28.5249     7.9406 -9.990e-29
 125.452882      4.048    11.7919  32.787668    28.2175      4.012  277.31052  277.38926    28.5716     7.9527 -9.990e-29
 125.452885      4.073    11.7923  32.785976    28.2155      4.037  277.31182  277.39061    28.6183     7.9406 -9.990e-29
 125.452888      4.096    11.7929  32.787435    28.2164      4.059  277.30635  277.38517    32.0891     8.7048 -9.990e-29
 125.452891      4.117    11.7932  32.787668    28.2166      4.080  277.30470  277.38353    31.9801     8.7089 -9.990e-29
 125.452894      4.145    11.7930  32.787668    28.2166      4.108  277.30564  277.38446    31.9646     8.7170 0.0000e+00
 125.452896      4.170    11.7915  32.789711    28.2166      4.133  277.30836  277.38705    31.9334     8.7210 -9.990e-29
 125.452899      4.192    11.7885  32.790003    28.2222      4.155  277.32112  277.39959    28.4626     8.2803 -9.990e-29
 125.452902      4.210    11.7854  32.787844    28.2225      4.173  277.33905  277.41732    28.5249     8.2520 -9.990e-29
 125.452905      4.219    11.7838  32.789304    28.2251      4.181  277.34376  277.42189    28.4004     8.3045 -9.990e-29
 125.452908      4.223    11.7829  32.789829    28.2262      4.185  277.34650  277.42456    28.3070     8.3005 -9.990e-29
 125.452911      4.225    11.7829  32.789304    28.2257      4.187  277.34747  277.42554    34.0657     8.6846 -9.990e-29
 125.452914      4.226    11.7833  32.788487    28.2246      4.189  277.34714  277.42525    34.0969     8.6968 -9.990e-29
 125.452917      4.237    11.7840  32.788253    28.2239      4.199  277.34480  277.42296    34.0191     8.7048 -9.990e-29
 125.452920      4.257    11.7841  32.789070    28.2258      4.219  277.34268  277.42084    34.0035     8.6765 -9.990e-29
 125.452922      4.288    11.7833  32.789712    28.2262      4.250  277.34522  277.42330    29.8323     8.7493 0.0000e+00
 125.452925      4.323    11.7823  32.789713    28.2266      4.284  277.34957  277.42758    29.7700     8.7736 0.0000e+00
 125.452928      4.369    11.7818  32.789830    28.2270      4.330  277.35154  277.42953    29.8012     8.7129 0.0000e+00
 125.452931      4.422    11.7813  32.790122    28.2277      4.382  277.35320  277.43115    29.7856     8.7574 0.0000e+00
 125.452934      4.465    11.7806  32.790530    28.2285      4.425  277.35557  277.43345    29.6922     8.7695 0.0000e+00
 125.452937      4.520    11.7794  32.789480    28.2286      4.480  277.36312  277.44093    30.0502     8.8019 0.0000e+00
 125.452940      4.566    11.7782  32.790648    28.2305      4.525  277.36654  277.44425    30.0969     8.7978 0.0000e+00
 125.452943      4.613    11.7764  32.792399    28.2335      4.572  277.37105  277.44861    30.0035     8.7898 0.0000e+00
 125.452946      4.650    11.7747  32.793392    28.2346      4.608  277.37696  277.45438    30.0657     8.8181 0.0000e+00
 125.452948      4.678    11.7724  32.792575    28.2357      4.636  277.38869  277.46595    29.4120     9.3114 -9.990e-29
 125.452951      4.690    11.7712  32.791174    28.2362      4.648  277.39655  277.47375    29.5677     9.3276 -9.990e-29
 125.452954      4.692    11.7710  32.792166    28.2373      4.650  277.39564  277.47280    29.5833     9.3033 -9.990e-29
 125.452957      4.692    11.7713  32.792575    28.2375      4.650  277.39364  277.47082    29.6611     9.3154 -9.990e-29
 125.452960      4.685    11.7719  32.792400    28.2369      4.643  277.39149  277.46872    32.5249     8.7493 -9.990e-29
 125.452963      4.676    11.7720  32.792166    28.2366      4.634  277.39130  277.46854    32.4782     8.7574 -9.990e-29
 125.452966      4.668    11.7719  32.793217    28.2377      4.627  277.38996  277.46718    32.4471     8.7291 -9.990e-29
 125.452969      4.668    11.7713  32.793567    28.2385      4.627  277.39178  277.46895    32.4626     8.7372 -9.990e-29
 125.452972      4.678    11.7703  32.793626    28.2393      4.636  277.39631  277.47341    32.1358     8.4177 -9.990e-29
 125.452975      4.694    11.7692  32.792984    28.2407      4.652  277.40215  277.47918    32.2914     8.4258 -9.990e-29
 125.452977      4.723    11.7685  32.793743    28.2409      4.681  277.40385  277.48082    32.2136     8.4056 0.0000e+00
 125.452980      4.761    11.7680  32.793626    28.2410      4.719  277.40657  277.48350    32.2292     8.4339 0.0000e+00
 125.452983      4.800    11.7676  32.793393    28.2410      4.757  277.40857  277.48548    32.1669     8.4177 0.0000e+00
 125.452986      4.842    11.7674  32.793860    28.2416      4.798  277.40866  277.48555    31.8556     8.7938 0.0000e+00
 125.452989      4.881    11.7673  32.793743    28.2416      4.838  277.40952  277.48640    31.7155     8.7331 0.0000e+00
 125.452992      4.916    11.7674  32.791992    28.2411      4.872  277.41249  277.48940    31.6689     8.7129 0.0000e+00
 125.452995      4.947    11.7677  32.793627    28.2405      4.903  277.40793  277.48484    31.6689     8.7372 0.0000e+00
 125.452998      4.980    11.7678  32.793160    28.2411      4.936  277.40821  277.48513    34.1903     9.2629 -9.990e-29
 125.453001      5.005    11.7681  32.792576    28.2402      4.961  277.40807  277.48503    34.2214     9.2507 -9.990e-29
 125.453003      5.032    11.7681  32.792985    28.2407      4.987  277.40733  277.48428    34.2681     9.2346 0.0000e+00
 125.453006      5.058    11.7680  32.794036    28.2412      5.013  277.40571  277.48264    34.2681     9.2507 0.0000e+00
 125.453009      5.085    11.7678  32.794328    28.2417      5.040  277.40642  277.48333    30.0657     8.5391 0.0000e+00
 125.453012      5.112    11.7674  32.794853    28.2425      5.067  277.40732  277.48419    29.9879     8.5188 0.0000e+00
 125.453015      5.149    11.7665  32.794678    28.2428      5.103  277.41169  277.48849    29.9879     8.5754 0.0000e+00
 125.453018      5.184    11.7656  32.794153    28.2430      5.137  277.41670  277.49345    30.0346     8.5674 -9.990e-29
 125.453021      5.205    11.7651  32.794854    28.2442      5.159  277.41758  277.49428    30.2369     8.7412 -9.990e-29
 125.453024      5.229    11.7649  32.794679    28.2441      5.182  277.41854  277.49523    30.2836     8.7534 -9.990e-29
 125.453027      5.240    11.7656  32.794562    28.2436      5.193  277.41598  277.49272    30.4082     8.7655 -9.990e-29
 125.453030      5.242    11.7658  32.795087    28.2438      5.195  277.41377  277.49053    30.4082     8.7210 -9.990e-29
 125.453032      5.246    11.7661  32.794854    28.2434      5.199  277.41297  277.48975    30.3770     8.7291 -9.990e-29
 125.453035      5.246    11.7663  32.792986    28.2415      5.199  277.41552  277.49233    37.8634     9.7158 -9.990e-29
 125.453038      5.246    11.7666  32.793394    28.2417      5.199  277.41352  277.49035    38.0035     9.7036 -9.990e-29
 125.453041      5.248    11.7667  32.794036    28.2422      5.201  277.41202  277.48885    38.0657     9.6672 -9.990e-29
 125.453044      5.255    11.7663  32.794036    28.2425      5.208  277.41357  277.49037    38.0657     9.6834 -9.990e-29
 125.453047      5.271    11.7660  32.794970    28.2436      5.224  277.41308  277.48986    40.2759    10.1403 -9.990e-29
 125.453050      5.295    11.7655  32.794679    28.2441      5.248  277.41611  277.49285    40.1358    10.1322 -9.990e-29
 125.453053      5.333    11.7650  32.794679    28.2454      5.286  277.41830  277.49500    40.1047    10.1201 0.0000e+00
 125.453056      5.374    11.7636  32.796313    28.2466      5.325  277.42147  277.49805    40.2603    10.1363 0.0000e+00
 125.453058      5.421    11.7617  32.796489    28.2482      5.372  277.42952  277.50596    41.6455    10.2212 0.0000e+00
 125.453061      5.466    11.7600  32.795497    28.2486      5.417  277.43912  277.51545    41.5988    10.2131 0.0000e+00
 125.453064      5.512    11.7587  32.797949    28.2519      5.462  277.44046  277.51667    41.6766    10.1767 0.0000e+00
 125.453067      5.557    11.7561  32.799058    28.2549      5.508  277.45017  277.52617    41.6922    10.1686 0.0000e+00
 125.453070      5.601    11.7525  32.798358    28.2570      5.551  277.46756  277.54331    39.7155     9.8007 0.0000e+00
 125.453073      5.638    11.7497  32.799176    28.2584      5.587  277.47842  277.55395    39.6377     9.8492 0.0000e+00
 125.453076      5.674    11.7474  32.799060    28.2598      5.623  277.48886  277.56422    39.8245     9.8290 -9.990e-29
 125.453079      5.698    11.7460  32.799177    28.2627      5.647  277.49514  277.57040    39.6377     9.8209 -9.990e-29
 125.453082      5.707    11.7449  32.799644    28.2639      5.656  277.49922  277.57439    39.6377     9.7966 -9.990e-29
 125.453084      5.709    11.7443  32.799002    28.2637      5.658  277.50289  277.57803    38.7350     9.9624 -9.990e-29
 125.453087      5.712    11.7442  32.799293    28.2641      5.661  277.50297  277.57809    38.7350     9.9543 -9.990e-29
 125.453090      5.709    11.7442  32.799177    28.2640      5.658  277.50318  277.57831    38.7661     9.9624 -9.990e-29
 125.453093      5.709    11.7444  32.798768    28.2635      5.658  277.50301  277.57816    38.6105     9.9543 -9.990e-29
 125.453096      5.709    11.7445  32.799469    28.2640      5.658  277.50109  277.57624    36.0424     9.5500 -9.990e-29
 125.453099      5.716    11.7449  32.798768    28.2631      5.665  277.50086  277.57604    35.9646     9.5661 -9.990e-29
 125.453102      5.727    11.7451  32.798768    28.2629      5.676  277.49963  277.57483    35.9023     9.5459 -9.990e-29
 125.453105      5.746    11.7452  32.799410    28.2633      5.694  277.49814  277.57334    35.9646     9.5864 -9.990e-29
 125.453108      5.773    11.7454  32.799469    28.2632      5.722  277.49712  277.57234    37.3654     9.8775 0.0000e+00
 125.453111      5.799    11.7456  32.799410    28.2631      5.747  277.49632  277.57155    37.4276     9.8532 0.0000e+00
 125.453113      5.833    11.7456  32.799410    28.2631      5.781  277.49635  277.57158    37.4587     9.9018 0.0000e+00
 125.453116      5.866    11.7458  32.798885    28.2630      5.814  277.49642  277.57167    37.3965     9.8815 0.0000e+00
 125.453119      5.899    11.7460  32.799644    28.2624      5.846  277.49442  277.56967    40.0735    10.3142 0.0000e+00
 125.453122      5.932    11.7460  32.798185    28.2624      5.879  277.49685  277.57212    40.0580    10.3061 0.0000e+00
 125.453125      5.968    11.7460  32.799061    28.2624      5.915  277.49524  277.57051    40.2292    10.3344 0.0000e+00
 125.453128      6.010    11.7458  32.799644    28.2631      5.957  277.49511  277.57036    40.1669    10.3466 0.0000e+00
 125.453131      6.056    11.7455  32.799645    28.2631      6.002  277.49669  277.57191    40.2292    10.3425 0.0000e+00
 125.453134      6.096    11.7450  32.799003    28.2633      6.041  277.50007  277.57526    40.9762    10.2172 0.0000e+00
 125.453137      6.134    11.7444  32.799470    28.2640      6.079  277.50201  277.57715    40.9296    10.1848 0.0000e+00
 125.453139      6.163    11.7438  32.800229    28.2646      6.108  277.50309  277.57818    40.9296    10.2576 0.0000e+00
 125.453142      6.189    11.7433  32.800229    28.2651      6.134  277.50527  277.58032    40.8673    10.2050 -9.990e-29
 125.453145      6.203    11.7428  32.800054    28.2657      6.148  277.50808  277.58309    41.2097    10.3304 -9.990e-29
 125.453148      6.218    11.7424  32.799646    28.2656      6.162  277.51039  277.58539    41.2253    10.3425 -9.990e-29
 125.453151      6.227    11.7421  32.798595    28.2648      6.171  277.51390  277.58888    41.1630    10.3344 -9.990e-29
 125.453154      6.232    11.7419  32.800463    28.2668      6.176  277.51135  277.58630    41.1319    10.3587 -9.990e-29
 125.453157      6.243    11.7417  32.799821    28.2663      6.188  277.51348  277.58842    35.7311     9.6308 -9.990e-29
 125.453160      6.249    11.7416  32.800463    28.2670      6.193  277.51291  277.58783    35.7311     9.6308 -9.990e-29
 125.453163      6.255    11.7413  32.799821    28.2666      6.199  277.51503  277.58995    35.7934     9.6147 -9.990e-29
 125.453166      6.266    11.7414  32.800463    28.2671      6.210  277.51354  277.58845    35.8089     9.6227 -9.990e-29
 125.453168      6.278    11.7416  32.799179    28.2657      6.222  277.51501  277.58995    35.7622     9.3923 -9.990e-29
 125.453171      6.295    11.7418  32.800638    28.2665      6.238  277.51138  277.58632    35.6689     9.3761 -9.990e-29
 125.453174      6.324    11.7422  32.800463    28.2664      6.267  277.50987  277.58484    35.7778     9.3640 0.0000e+00
 125.453177      6.349    11.7425  32.800463    28.2663      6.292  277.50866  277.58365    35.7311     9.3720 0.0000e+00
 125.453180      6.375    11.7427  32.800055    28.2657      6.318  277.50851  277.58352    35.7467     9.3559 0.0000e+00
 125.453183      6.406    11.7430  32.800055    28.2655      6.348  277.50729  277.58233    37.0385     9.9786 0.0000e+00
 125.453186      6.441    11.7433  32.800055    28.2655      6.383  277.50608  277.58114    36.9607     9.9705 0.0000e+00
 125.453189      6.475    11.7436  32.800639    28.2653      6.417  277.50348  277.57855    36.9918    10.0231 0.0000e+00
 125.453192      6.508    11.7440  32.800639    28.2653      6.449  277.50196  277.57705    36.8984    10.0392 0.0000e+00
 125.453194      6.546    11.7446  32.800464    28.2646      6.488  277.49953  277.57467    40.2136    10.3830 0.0000e+00
 125.453197      6.579    11.7450  32.799179    28.2637      6.520  277.50009  277.57528    40.1358    10.3830 0.0000e+00
 125.453200      6.608    11.7455  32.800230    28.2634      6.549  277.49599  277.57121    40.1980    10.4396 0.0000e+00
