Processed/SBE19plus_01907321_2022_05_11_Cast131_wfilter.cnv
* Sea-Bird SBE19plus  Data File:
* FileName = E:\Prandtl_Daten\2022\CTD\Raw\SBE19plus_01907321_2022_05_11_Cast131.hex
* Software version 2.6.1.12
* Temperature SN = 7321
* Conductivity SN = 7321
* System UpLoad Time = May 11 2022 13:05:17
* <ApplicationData>
* <Seaterm232>
** Messpraktikum 2022
** CTD 10.05  BW2
** NMEA Latitude = 54 07.90N
** NMEA Longitude = 008 45.14E
# nquan = 11
# nvalues = 641                         
# units = specified
# name 0 = timeJ: Julian Days
# name 1 = prdM: Pressure, Strain Gauge [db]
# name 2 = tv290C: Temperature [ITS-90, deg C]
# name 3 = c0mS/cm: Conductivity [mS/cm]
# name 4 = sal00: Salinity, Practical [PSU]
# name 5 = depSM: Depth [salt water, m], lat = 54.00
# name 6 = oxsatMm/Kg: Oxygen Saturation, Weiss [umol/kg]
# name 7 = oxsolMm/Kg: Oxygen Saturation, Garcia & Gordon [umol/kg]
# name 8 = turbWETntu0: Turbidity, WET Labs ECO [NTU]
# name 9 = flECO-AFL: Fluorescence, WET Labs ECO-AFL/FL [mg/m^3]
# name 10 = flag:  0.000e+00
# span 0 = 131.539430, 131.541282       
# span 1 =      0.438,     15.391       
# span 2 =    13.9250,    14.1184       
# span 3 =  33.149408,  33.296361       
# span 4 =    26.9897,    27.0006       
# span 5 =      0.434,     15.253       
# span 6 =  266.34921,  267.41497       
# span 7 =  266.57495,  267.63056       
# span 8 =     8.4471,    98.5482       
# span 9 =     4.4954,    14.7703       
# span 10 = 0.0000e+00, 0.0000e+00      
# interval = seconds: 0.25
# start_time = May 11 2022 12:55:17 [Instrument's time stamp, header]
# bad_flag = -9.990e-29
*END*
[from data line 132]
 131.539812      3.361    14.0742  33.263204    26.9960      3.331  266.59001  266.81344     9.8167     5.3041 -9.990e-29
 131.539815      3.379    14.0745  33.262852    26.9955      3.349  266.58935  266.81280     9.8323     5.3486 -9.990e-29
 131.539818      3.399    14.0746  33.262382    26.9950      3.368  266.58982  266.81328    10.1280     5.3365 -9.990e-29
 131.539821      3.424    14.0744  33.261971    26.9949      3.394  266.59146  266.81491    10.0035     5.2839 -9.990e-29
 131.539823      3.454    14.0736  33.261561    26.9947      3.423  266.59530  266.81870    10.0035     5.3041 0.0000e+00
 131.539826      3.481    14.0733  33.260798    26.9949      3.450  266.59783  266.82123    10.0657     5.2961 0.0000e+00
 131.539829      3.519    14.0728  33.261385    26.9953      3.488  266.59908  266.82244     9.6455     5.4093 0.0000e+00
 131.539832      3.554    14.0725  33.261385    26.9954      3.522  266.60035  266.82370     9.8634     5.4538 0.0000e+00
 131.539835      3.590    14.0724  33.261150    26.9954      3.558  266.60139  266.82473     9.8478     5.4457 0.0000e+00
 131.539838      3.618    14.0721  33.260798    26.9954      3.585  266.60293  266.82626     9.8012     5.4295 -9.990e-29
 131.539841      3.643    14.0720  33.260740    26.9953      3.610  266.60367  266.82699     9.8945     5.4174 -9.990e-29
 131.539844      3.659    14.0716  33.260740    26.9955      3.627  266.60525  266.82855     9.8323     5.5185 -9.990e-29
 131.539847      3.669    14.0715  33.259390    26.9944      3.636  266.60781  266.83111     9.7545     5.5185 -9.990e-29
 131.539850      3.677    14.0709  33.258862    26.9943      3.645  266.61120  266.83447     9.7856     5.4942 -9.990e-29
 131.539852      3.686    14.0700  33.256632    26.9929      3.653  266.61866  266.84190     9.8634     5.5144 -9.990e-29
 131.539855      3.701    14.0683  33.253991    26.9918      3.668  266.63058  266.85373     9.8634     5.4335 -9.990e-29
 131.539858      3.721    14.0662  33.253580    26.9919      3.688  266.63974  266.86278     9.6922     5.4457 -9.990e-29
 131.539861      3.748    14.0641  33.250822    26.9916      3.715  266.65343  266.87636     9.7545     5.4254 0.0000e+00
 131.539864      3.785    14.0614  33.248123    26.9913      3.751  266.66922  266.89202     9.7545     5.4538 0.0000e+00
 131.539867      3.821    14.0586  33.245835    26.9913      3.787  266.68465  266.90730     9.7856     5.4578 0.0000e+00
 131.539870      3.862    14.0555  33.245014    26.9926      3.827  266.69921  266.92169     9.7389     5.4335 0.0000e+00
 131.539873      3.903    14.0531  33.243430    26.9929      3.868  266.71190  266.93425     9.8167     5.4659 0.0000e+00
 131.539876      3.934    14.0509  33.242257    26.9932      3.899  266.72328  266.94551     9.8945     5.4335 0.0000e+00
 131.539878      3.960    14.0489  33.241259    26.9934      3.925  266.73311  266.95523    10.5638     5.2880 -9.990e-29
 131.539881      3.975    14.0471  33.241260    26.9951      3.939  266.74065  266.96266    10.5949     5.2799 -9.990e-29
 131.539884      3.988    14.0462  33.240614    26.9951      3.952  266.74580  266.96777    10.5638     5.2920 -9.990e-29
 131.539887      3.993    14.0455  33.240262    26.9953      3.957  266.74921  266.97114    10.7973     5.3041 -9.990e-29
 131.539890      4.002    14.0448  33.239793    26.9953      3.966  266.75282  266.97472    10.5171     5.2961 -9.990e-29
 131.539893      4.017    14.0445  33.241847    26.9974      3.981  266.75099  266.97285     9.9412     5.3527 -9.990e-29
 131.539896      4.042    14.0452  33.242258    26.9958      4.006  266.74719  266.96908     9.9412     5.3608 -9.990e-29
 131.539899      4.068    14.0457  33.241025    26.9952      4.031  266.74705  266.96899     9.8478     5.3486 0.0000e+00
 131.539902      4.108    14.0454  33.239441    26.9946      4.071  266.75096  266.97289     9.7233     5.3527 0.0000e+00
 131.539905      4.146    14.0448  33.237681    26.9934      4.109  266.75641  266.97832     9.8167     5.4093 0.0000e+00
 131.539907      4.185    14.0431  33.236215    26.9933      4.147  266.76609  266.98791     9.6611     5.4052 0.0000e+00
 131.539910      4.223    14.0412  33.234631    26.9931      4.185  266.77658  266.99831     9.8323     5.4618 0.0000e+00
 131.539913      4.252    14.0393  33.233047    26.9931      4.214  266.78739  267.00901     9.8167     5.4335 0.0000e+00
 131.539916      4.278    14.0371  33.231639    26.9931      4.240  266.79915  267.02066    10.0502     5.3891 -9.990e-29
 131.539919      4.291    14.0351  33.231815    26.9949      4.252  266.80703  267.02841    10.0657     5.3648 -9.990e-29
 131.539922      4.298    14.0341  33.230759    26.9946      4.260  266.81318  267.03451    10.0035     5.3729 -9.990e-29
 131.539925      4.307    14.0330  33.230055    26.9947      4.269  266.81874  267.04002     9.9568     5.3729 -9.990e-29
 131.539928      4.318    14.0322  33.229703    26.9950      4.279  266.82310  267.04433    10.0813     5.3648 -9.990e-29
 131.539931      4.336    14.0313  33.229058    26.9934      4.297  266.82763  267.04882    10.0502     5.3648 -9.990e-29
 131.539933      4.364    14.0302  33.226360    26.9937      4.325  266.83684  267.05798    10.0191     5.3850 0.0000e+00
 131.539936      4.396    14.0285  33.225891    26.9941      4.357  266.84485  267.06590     9.9879     5.3446 0.0000e+00
 131.539939      4.433    14.0269  33.225128    26.9946      4.393  266.85304  267.07400    10.0502     5.3405 0.0000e+00
 131.539942      4.466    14.0257  33.224248    26.9946      4.426  266.85955  267.08044     9.7078     5.5144 0.0000e+00
 131.539945      4.506    14.0244  33.224483    26.9957      4.465  266.86451  267.08533     9.7856     5.5144 0.0000e+00
 131.539948      4.536    14.0239  33.224894    26.9961      4.496  266.86605  267.08683     9.6922     5.4618 0.0000e+00
 131.539951      4.568    14.0243  33.226889    26.9964      4.527  266.86118  267.08197     9.8634     5.4861 -9.990e-29
 131.539954      4.589    14.0252  33.229940    27.0000      4.548  266.85205  267.07287     9.7856     5.5872 -9.990e-29
 131.539957      4.608    14.0274  33.231172    26.9996      4.566  266.84092  267.06186     9.8634     5.5710 -9.990e-29
 131.539959      4.615    14.0297  33.233284    26.9999      4.574  266.82769  267.04875     9.7545     5.5832 -9.990e-29
 131.539962      4.626    14.0322  33.235982    27.0006      4.584  266.81286  267.03404     9.8790     5.5508 -9.990e-29
 131.539965      4.637    14.0350  33.236041    26.9986      4.595  266.80085  267.02220     9.5210     5.3324 -9.990e-29
 131.539968      4.653    14.0370  33.236627    26.9984      4.612  266.79141  267.01287     9.4899     5.3446 -9.990e-29
 131.539971      4.679    14.0384  33.238505    26.9978      4.637  266.78235  267.00388     9.4899     5.3608 0.0000e+00
 131.539974      4.712    14.0398  33.238270    26.9972      4.669  266.77680  266.99841     9.5833     5.3810 0.0000e+00
 131.539977      4.746    14.0409  33.237449    26.9967      4.704  266.77379  266.99547     9.6611     5.4457 0.0000e+00
 131.539980      4.781    14.0413  33.238857    26.9966      4.738  266.76959  266.99129     9.8012     5.4214 0.0000e+00
 131.539983      4.817    14.0420  33.239327    26.9966      4.774  266.76601  266.98775     9.8634     5.4335 0.0000e+00
 131.539986      4.850    14.0426  33.238505    26.9961      4.807  266.76489  266.98666     9.7078     5.4457 0.0000e+00
 131.539988      4.876    14.0430  33.239033    26.9955      4.832  266.76246  266.98425     9.8634     5.4457 -9.990e-29
 131.539991      4.889    14.0428  33.238329    26.9951      4.845  266.76426  266.98605    10.3303     5.5468 -9.990e-29
 131.539994      4.900    14.0423  33.237273    26.9946      4.856  266.76821  266.98998    10.1903     5.5710 -9.990e-29
 131.539997      4.900    14.0414  33.236393    26.9944      4.856  266.77344  266.99516    10.3770     5.5832 -9.990e-29
 131.540000      4.901    14.0406  33.236041    26.9946      4.858  266.77748  266.99915    10.2058     5.5710 -9.990e-29
 131.540003      4.914    14.0400  33.235983    26.9950      4.870  266.78009  267.00173    10.2836     5.5144 -9.990e-29
 131.540006      4.938    14.0394  33.236863    26.9967      4.894  266.78116  267.00276    10.2525     5.5225 -9.990e-29
 131.540009      4.971    14.0395  33.237450    26.9959      4.926  266.77989  267.00149    10.3148     5.5063 0.0000e+00
 131.540012      5.018    14.0398  33.235983    26.9951      4.973  266.78078  267.00242    10.1436     5.4982 0.0000e+00
 131.540014      5.069    14.0398  33.233871    26.9932      5.024  266.78463  267.00628    10.4704     5.8419 0.0000e+00
 131.540017      5.120    14.0381  33.230527    26.9914      5.075  266.79712  267.01869    10.5015     5.8096 0.0000e+00
 131.540020      5.166    14.0354  33.228474    26.9914      5.120  266.81216  267.03359    10.5171     5.8339 0.0000e+00
 131.540023      5.204    14.0326  33.226890    26.9917      5.158  266.82642  267.04771    10.5171     5.8541 0.0000e+00
 131.540026      5.230    14.0297  33.223840    26.9919      5.183  266.84374  267.06488    11.4510     5.6923 -9.990e-29
 131.540029      5.252    14.0269  33.220907    26.9905      5.205  266.86024  267.08123    11.3576     5.6964 -9.990e-29
 131.540032      5.255    14.0234  33.219675    26.9918      5.208  266.87703  267.09783    11.2486     5.6721 -9.990e-29
 131.540035      5.255    14.0205  33.217974    26.9924      5.208  266.89241  267.11305    11.2798     5.6964 -9.990e-29
 131.540038      5.253    14.0181  33.214337    26.9908      5.206  266.90849  267.12902    11.3109     5.6923 -9.990e-29
 131.540041      5.244    14.0150  33.213986    26.9926      5.197  266.92194  267.14229    11.6222     5.6438 -9.990e-29
 131.540043      5.248    14.0129  33.212344    26.9926      5.201  266.93377  267.15401    11.5288     5.6155 -9.990e-29
 131.540046      5.261    14.0105  33.209646    26.9919      5.213  266.94831  267.16842    11.5755     5.6519 -9.990e-29
 131.540049      5.282    14.0074  33.208180    26.9948      5.235  266.96362  267.18357    11.5288     5.6276 -9.990e-29
 131.540052      5.310    14.0051  33.208708    26.9942      5.262  266.97249  267.19230    11.0774     5.8783 0.0000e+00
 131.540055      5.346    14.0040  33.206479    26.9941      5.298  266.98092  267.20069    11.0774     5.8703 0.0000e+00
 131.540058      5.390    14.0024  33.205952    26.9941      5.342  266.98842  267.20809    11.1552     5.9066 0.0000e+00
 131.540061      5.434    14.0010  33.205424    26.9946      5.385  266.99528  267.21488    11.0152     5.9269 0.0000e+00
 131.540064      5.488    14.0001  33.204779    26.9946      5.439  267.00015  267.21970    11.7778     5.9552 0.0000e+00
 131.540067      5.527    13.9991  33.203958    26.9947      5.477  267.00594  267.22543    11.6533     5.9552 0.0000e+00
 131.540069      5.565    13.9982  33.204193    26.9950      5.515  267.00933  267.22878    11.6844     5.9835 0.0000e+00
 131.540072      5.596    13.9974  33.203137    26.9955      5.546  267.01425  267.23365    11.7467     5.9430 -9.990e-29
 131.540075      5.620    13.9971  33.203548    26.9956      5.569  267.01483  267.23422    11.3887     6.0360 -9.990e-29
 131.540078      5.634    13.9967  33.204193    26.9965      5.584  267.01565  267.23501    11.2953     6.0482 -9.990e-29
 131.540081      5.651    13.9970  33.204369    26.9964      5.600  267.01411  267.23348    11.2486     5.9835 -9.990e-29
 131.540084      5.661    13.9971  33.204780    26.9967      5.611  267.01281  267.23219    11.3887     6.0320 -9.990e-29
 131.540087      5.672    13.9974  33.204721    26.9965      5.622  267.01197  267.23136    11.3576     6.0280 -9.990e-29
 131.540090      5.680    13.9979  33.205836    26.9971      5.629  267.00793  267.22734    10.5638     5.6923 -9.990e-29
 131.540093      5.689    13.9985  33.205425    26.9963      5.638  267.00611  267.22555    10.8284     5.6964 -9.990e-29
 131.540095      5.703    13.9986  33.205132    26.9959      5.652  267.00597  267.22543    10.8284     5.7045 -9.990e-29
 131.540098      5.722    13.9986  33.204780    26.9956      5.670  267.00657  267.22603    10.7506     5.7125 -9.990e-29
 131.540101      5.742    13.9982  33.203138    26.9947      5.690  267.01120  267.23065    10.9529     5.6883 -9.990e-29
 131.540104      5.773    13.9974  33.202903    26.9949      5.721  267.01474  267.23415    10.8284     5.7085 0.0000e+00
 131.540107      5.805    13.9966  33.202728    26.9951      5.754  267.01851  267.23787    11.0152     5.7206 0.0000e+00
 131.540110      5.844    13.9960  33.202962    26.9958      5.791  267.02097  267.24029    10.9840     5.7206 0.0000e+00
 131.540113      5.878    13.9957  33.202904    26.9959      5.826  267.02234  267.24164    10.7973     5.7045 0.0000e+00
 131.540116      5.911    13.9958  33.202963    26.9960      5.858  267.02163  267.24094    10.8440     5.6883 0.0000e+00
 131.540119      5.940    13.9956  33.202904    26.9959      5.887  267.02269  267.24199    10.7817     5.7125 0.0000e+00
 131.540122      5.968    13.9954  33.201907    26.9956      5.915  267.02499  267.24429    10.8440     5.6802 0.0000e+00
 131.540124      5.994    13.9949  33.201731    26.9952      5.940  267.02750  267.24677    10.5171     5.6842 -9.990e-29
 131.540127      6.017    13.9942  33.202318    26.9964      5.963  267.02967  267.24889    10.6105     5.8258 -9.990e-29
 131.540130      6.039    13.9942  33.201555    26.9957      5.985  267.03064  267.24987    10.5638     5.8217 -9.990e-29
 131.540133      6.059    13.9939  33.201262    26.9956      6.005  267.03240  267.25161    10.5638     5.8217 -9.990e-29
 131.540136      6.083    13.9936  33.200617    26.9952      6.029  267.03474  267.25394    10.5171     5.8177 -9.990e-29
 131.540139      6.105    13.9933  33.200148    26.9950      6.050  267.03679  267.25598    10.9840     5.8258 -9.990e-29
 131.540142      6.130    13.9928  33.199796    26.9951      6.076  267.03959  267.25875    11.0930     5.8258 -9.990e-29
 131.540145      6.156    13.9923  33.198565    26.9943      6.101  267.04385  267.26299    10.8440     5.8096 -9.990e-29
 131.540148      6.180    13.9919  33.199386    26.9954      6.125  267.04438  267.26349    11.1241     5.8177 -9.990e-29
 131.540150      6.207    13.9915  33.198741    26.9950      6.152  267.04704  267.26613    10.8128     5.9066 -9.990e-29
 131.540153      6.226    13.9909  33.198155    26.9949      6.170  267.05053  267.26960    10.7039     5.8783 -9.990e-29
 131.540156      6.240    13.9903  33.198096    26.9953      6.184  267.05315  267.27218    10.7194     5.8703 -9.990e-29
 131.540159      6.262    13.9899  33.198390    26.9958      6.206  267.05425  267.27325    10.7973     5.8703 -9.990e-29
 131.540162      6.282    13.9895  33.198742    26.9964      6.226  267.05524  267.27422    10.5171     5.8096 -9.990e-29
 131.540165      6.304    13.9898  33.199152    26.9959      6.247  267.05332  267.27231    10.5638     5.8622 -9.990e-29
 131.540168      6.335    13.9900  33.198566    26.9960      6.278  267.05368  267.27269    10.5327     5.8015 0.0000e+00
 131.540171      6.364    13.9903  33.198976    26.9960      6.307  267.05176  267.27078    10.5482     5.8096 0.0000e+00
 131.540174      6.395    13.9904  33.199563    26.9960      6.338  267.05049  267.26951    10.5638     5.8177 0.0000e+00
 131.540177      6.426    13.9906  33.199152    26.9959      6.369  267.05025  267.26929    10.2058     5.8824 0.0000e+00
 131.540179      6.457    13.9904  33.198977    26.9959      6.399  267.05150  267.27053    10.2681     5.8703 0.0000e+00
 131.540182      6.490    13.9903  33.198742    26.9958      6.432  267.05223  267.27125    10.1903     5.8622 0.0000e+00
 131.540185      6.517    13.9901  33.198097    26.9958      6.459  267.05395  267.27296    10.2836     5.8622 -9.990e-29
