Processed/SBE19plus_01907321_2022_05_12_Cast132_wfilter.cnv
* Sea-Bird SBE19plus  Data File:
* FileName = E:\Prandtl_Daten\2022\CTD\Raw\SBE19plus_01907321_2022_05_12_Cast132.hex
* Software version 2.6.1.12
* Temperature SN = 7321
* Conductivity SN = 7321
* System UpLoad Time = May 12 2022 07:28:49
* <ApplicationData>
* <Seaterm232>
** Messpraktikum 2022
** CTD 10.05  M1
** NMEA Latitude = 54 10.79N
** NMEA Longitude = 008 36.62E
# nquan = 11
# nvalues = 564                         
# units = specified
# name 0 = timeJ: Julian Days
# name 1 = prdM: Pressure, Strain Gauge [db]
# name 2 = tv290C: Temperature [ITS-90, deg C]
# name 3 = c0mS/cm: Conductivity [mS/cm]
# name 4 = sal00: Salinity, Practical [PSU]
# name 5 = depSM: Depth [salt water, m], lat = 54.00
# name 6 = oxsatMm/Kg: Oxygen Saturation, Weiss [umol/kg]
# name 7 = oxsolMm/Kg: Oxygen Saturation, Garcia & Gordon [umol/kg]
# name 8 = turbWETntu0: Turbidity, WET Labs ECO [NTU]
# name 9 = flECO-AFL: Fluorescence, WET Labs ECO-AFL/FL [mg/m^3]
# name 10 = flag:  0.000e+00
# span 0 = 132.306872, 132.308501       
# span 1 =      0.616,     13.427       
# span 2 =    13.3711,    13.4959       
# span 3 =  33.342837,  33.385762       
# span 4 =    27.4842,    27.6003       
# span 5 =      0.610,     13.307       
# span 6 =  268.88909,  269.37349       
# span 7 =  269.07701,  269.55340       
# span 8 =     9.1008,    56.9140       
# span 9 =     3.7554,    10.8722       
# span 10 = 0.0000e+00, 0.0000e+00      
# interval = seconds: 0.25
# start_time = May 12 2022 07:20:40 [Instrument's time stamp, header]
# bad_flag = -9.990e-29
*END*
[from data line 525]
 132.308391     12.527    13.3721  33.381015    27.5990     12.415  269.36798  269.54794    28.3848     6.8043 0.0000e+00
 132.308394     12.580    13.3722  33.381250    27.5989     12.468  269.36730  269.54726    29.8945     7.6252 0.0000e+00
 132.308397     12.631    13.3723  33.381015    27.5988     12.518  269.36712  269.54708    29.8012     7.6414 0.0000e+00
 132.308400     12.674    13.3726  33.381250    27.5987     12.560  269.36550  269.54548    29.7389     7.6373 -9.990e-29
 132.308403     12.697    13.3727  33.381015    27.5984     12.584  269.36560  269.54560    30.0502     7.6697 -9.990e-29
 132.308406     12.712    13.3728  33.381250    27.5986     12.598  269.36490  269.54489    24.2603     6.6305 -9.990e-29
 132.308409     12.726    13.3729  33.381368    27.5986     12.612  269.36409  269.54409    24.1047     6.6588 -9.990e-29
 132.308411     12.741    13.3726  33.380604    27.5988     12.627  269.36665  269.54664    24.4004     6.6305 -9.990e-29
 132.308414     12.766    13.3726  33.381368    27.5985     12.652  269.36535  269.54534    24.1513     6.6143 0.0000e+00
 132.308417     12.799    13.3724  33.380604    27.5988     12.684  269.36762  269.54759    24.6027     6.6224 0.0000e+00
 132.308420     12.850    13.3724  33.381662    27.5990     12.735  269.36583  269.54580    24.7895     6.6224 0.0000e+00
 132.308423     12.894    13.3722  33.381368    27.5991     12.778  269.36699  269.54695    24.8673     6.6588 0.0000e+00
 132.308426     12.927    13.3722  33.381662    27.5990     12.811  269.36682  269.54677    24.7428     6.6952 -9.990e-29
 132.308429     12.950    13.3722  33.380605    27.5983     12.834  269.36833  269.54830    24.6027     6.6385 -9.990e-29
 132.308432     12.961    13.3722  33.381663    27.5993     12.845  269.36684  269.54679    24.7428     6.9661 -9.990e-29
 132.308435     12.952    13.3722  33.381604    27.5992     12.836  269.36662  269.54658    24.8673     6.9701 -9.990e-29
 132.308438     12.942    13.3722  33.381663    27.5992     12.826  269.36651  269.54647    24.7895     6.9216 -9.990e-29
 132.308440     12.927    13.3722  33.381604    27.5992     12.811  269.36692  269.54687    24.7584     6.9256 -9.990e-29
 132.308443     12.911    13.3722  33.381486    27.5991     12.795  269.36680  269.54676    30.9218     7.2896 -9.990e-29
 132.308446     12.907    13.3725  33.379782    27.5974     12.791  269.36878  269.54877    30.7350     7.2815 -9.990e-29
 132.308449     12.920    13.3726  33.380781    27.5983     12.804  269.36646  269.54645    30.7661     7.3098 -9.990e-29
 132.308452     12.963    13.3728  33.381016    27.5981     12.847  269.36546  269.54546    30.7973     7.2774 0.0000e+00
 132.308455     13.020    13.3729  33.380605    27.5978     12.904  269.36558  269.54559    24.7739     7.0712 0.0000e+00
 132.308458     13.102    13.3728  33.380605    27.5978     12.985  269.36594  269.54595    25.0385     7.0469 0.0000e+00
 132.308461     13.186    13.3729  33.381369    27.5984     13.068  269.36438  269.54438    25.0074     7.1116 0.0000e+00
 132.308464     13.265    13.3724  33.381664    27.5989     13.146  269.36610  269.54607    25.0385     7.0712 0.0000e+00
 132.308466     13.325    13.3725  33.381605    27.5990     13.206  269.36593  269.54590    30.0969     7.3340 0.0000e+00
 132.308469     13.363    13.3725  33.380841    27.5989     13.244  269.36695  269.54694    30.1591     7.3543 -9.990e-29
 132.308472     13.376    13.3726  33.380782    27.5980     13.256  269.36675  269.54674    30.2992     7.3704 -9.990e-29
 132.308475     13.358    13.3725  33.381252    27.5985     13.238  269.36624  269.54622    30.2836     7.3421 -9.990e-29
 132.308478     13.320    13.3725  33.380606    27.5980     13.200  269.36764  269.54762    30.3459     7.3543 -9.990e-29
 132.308481     13.276    13.3726  33.381370    27.5986     13.157  269.36568  269.54566    56.7739    10.8237 -9.990e-29
 132.308484     13.234    13.3725  33.381487    27.5988     13.115  269.36607  269.54605    56.9140    10.8722 -9.990e-29
 132.308487     13.195    13.3725  33.381193    27.5985     13.077  269.36624  269.54622    56.9140    10.8520 -9.990e-29
 132.308490     13.186    13.3728  33.380840    27.5980     13.068  269.36591  269.54590    56.7895    10.8399 -9.990e-29
 132.308492     13.219    13.3730  33.380605    27.5976     13.100  269.36540  269.54541    34.3303     7.9932 -9.990e-29
 132.308495     13.281    13.3733  33.379371    27.5949     13.162  269.36600  269.54605    34.1903     8.0093 -9.990e-29
 132.308498     13.368    13.3736  33.378196    27.5954     13.249  269.36683  269.54690    34.2836     8.0012 0.0000e+00
 132.308501     13.427    13.3737  33.379372    27.5959     13.307  269.36454  269.54461    34.1280     7.9285 0.0000e+00
