Processed/SBE19plus_01907321_2022_05_12_Cast133_wfilter.cnv
* Sea-Bird SBE19plus  Data File:
* FileName = E:\Prandtl_Daten\2022\CTD\Raw\SBE19plus_01907321_2022_05_12_Cast133.hex
* Software version 2.6.1.12
* Temperature SN = 7321
* Conductivity SN = 7321
* System UpLoad Time = May 12 2022 09:50:06
* <ApplicationData>
* <Seaterm232>
** Messpraktikum 2022
** CTD 10.05  M1
** NMEA Latitude = 54 00.22N
** NMEA Longitude = 008 41.53E
# nquan = 11
# nvalues = 283                         
# units = specified
# name 0 = timeJ: Julian Days
# name 1 = prdM: Pressure, Strain Gauge [db]
# name 2 = tv290C: Temperature [ITS-90, deg C]
# name 3 = c0mS/cm: Conductivity [mS/cm]
# name 4 = sal00: Salinity, Practical [PSU]
# name 5 = depSM: Depth [salt water, m], lat = 54.00
# name 6 = oxsatMm/Kg: Oxygen Saturation, Weiss [umol/kg]
# name 7 = oxsolMm/Kg: Oxygen Saturation, Garcia & Gordon [umol/kg]
# name 8 = turbWETntu0: Turbidity, WET Labs ECO [NTU]
# name 9 = flECO-AFL: Fluorescence, WET Labs ECO-AFL/FL [mg/m^3]
# name 10 = flag:  0.000e+00
# span 0 = 132.406672, 132.407488       
# span 1 =      0.536,      6.750       
# span 2 =    12.8361,    13.3365       
# span 3 =  28.789882,  29.625537       
# span 4 =    23.5767,    24.5349       
# span 5 =      0.531,      6.689       
# span 6 =  277.19124,  279.17691       
# span 7 =  277.40645,  279.36838       
# span 8 =    16.2603,    98.1747       
# span 9 =    14.8148,    26.2745       
# span 10 = 0.0000e+00, 0.0000e+00      
# interval = seconds: 0.25
# start_time = May 12 2022 09:44:27 [Instrument's time stamp, header]
# bad_flag = -9.990e-29
*END*
[from data line 132]
 132.407054      3.432    13.2210  28.851504    23.5908      3.401  277.86414  278.07347    16.2603    19.5378 -9.990e-29
 132.407057      3.450    13.2220  28.852615    23.5909      3.420  277.85748  278.06686    16.3070    19.5054 -9.990e-29
 132.407060      3.469    13.2232  28.852782    23.5903      3.438  277.85179  278.06123    18.6416    19.2547 -9.990e-29
 132.407063      3.483    13.2233  28.849060    23.5869      3.452  277.85794  278.06742    18.6105    19.2871 -9.990e-29
 132.407066      3.503    13.2208  28.842672    23.5807      3.472  277.88058  278.08998    18.4860    19.2790 -9.990e-29
 132.407069      3.529    13.2148  28.836452    23.5801      3.497  277.91918  278.12829    18.5638    19.2587 0.0000e+00
 132.407072      3.560    13.2069  28.829732    23.5805      3.528  277.96780  278.17651    18.3926    19.2628 0.0000e+00
 132.407075      3.600    13.1985  28.825068    23.5805      3.568  278.01521  278.22348    18.2369    19.2466 0.0000e+00
 132.407078      3.637    13.1903  28.821515    23.5824      3.604  278.05967  278.26751    18.2992    19.2426 0.0000e+00
 132.407080      3.678    13.1826  28.819350    23.5838      3.646  278.09968  278.30710    18.4237    19.2466 0.0000e+00
 132.407083      3.706    13.1764  28.816463    23.5852      3.673  278.13350  278.34059    18.3303    19.2749 -9.990e-29
 132.407086      3.726    13.1712  28.817352    23.5904      3.693  278.15633  278.36311    18.8751    20.1524 -9.990e-29
 132.407089      3.735    13.1664  28.814187    23.5905      3.702  278.18419  278.39073    19.0930    20.1483 -9.990e-29
 132.407092      3.730    13.1611  28.808469    23.5887      3.696  278.21889  278.42517    18.9996    20.1645 -9.990e-29
 132.407095      3.726    13.1540  28.805582    23.5905      3.693  278.25710  278.46300    19.0774    20.1241 -9.990e-29
 132.407098      3.710    13.1439  28.805417    23.5966      3.677  278.30475  278.51008    20.0735    18.7776 -9.990e-29
 132.407101      3.701    13.1344  28.800699    23.5982      3.668  278.35733  278.56215    20.0891    18.7412 -9.990e-29
 132.407104      3.697    13.1245  28.798090    23.6020      3.664  278.40826  278.61253    19.9957    18.7371 -9.990e-29
 132.407106      3.706    13.1128  28.794816    23.6121      3.673  278.46882  278.67245    19.9957    18.7897 -9.990e-29
 132.407109      3.732    13.0998  28.792319    23.6163      3.699  278.53411  278.73702    21.0541    20.3950 0.0000e+00
 132.407112      3.770    13.0881  28.793597    23.6205      3.736  278.58637  278.78860    21.0696    20.4233 0.0000e+00
 132.407115      3.817    13.0788  28.790046    23.6230      3.783  278.63627  278.83799    20.9140    20.4233 0.0000e+00
 132.407118      3.874    13.0719  28.792655    23.6297      3.840  278.66420  278.86551    21.1008    20.4071 0.0000e+00
 132.407121      3.933    13.0664  28.791157    23.6317      3.897  278.69258  278.89358    20.9296    20.4395 0.0000e+00
 132.407124      3.980    13.0599  28.790603    23.6352      3.944  278.72403  278.92465    21.6922    21.8628 0.0000e+00
 132.407127      4.024    13.0548  28.789882    23.6365      3.988  278.74900  278.94934    21.8012    21.8345 0.0000e+00
 132.407130      4.053    13.0508  28.790826    23.6377      4.017  278.76630  278.96640    21.7078    21.8628 -9.990e-29
 132.407133      4.075    13.0459  28.793547    23.6466      4.038  278.78453  278.98433    21.8167    21.8628 -9.990e-29
 132.407135      4.082    13.0393  28.795102    23.6521      4.046  278.81292  279.01232    23.1864    21.4544 -9.990e-29
 132.407138      4.089    13.0335  28.795269    23.6558      4.053  278.83968  279.03875    23.3109    21.5070 -9.990e-29
 132.407141      4.093    13.0287  28.796046    23.6595      4.056  278.86098  279.05976    23.2798    21.4747 -9.990e-29
 132.407144      4.096    13.0234  28.798212    23.6648      4.060  278.88185  279.08031    23.2019    21.5151 -9.990e-29
 132.407147      4.104    13.0169  28.800155    23.6706      4.067  278.90887  279.10694    23.1241    20.1403 -9.990e-29
 132.407150      4.124    13.0091  28.804820    23.6885      4.087  278.93718  279.13476    23.0619    20.1686 -9.990e-29
 132.407153      4.149    13.0014  28.809318    23.6921      4.112  278.96545  279.16254    22.9840    20.1645 0.0000e+00
 132.407156      4.180    12.9939  28.811984    23.6956      4.143  278.99592  279.19255    23.0930    20.1564 0.0000e+00
 132.407159      4.219    12.9882  28.814927    23.7018      4.181  279.01779  279.21407    23.8556    20.7872 0.0000e+00
 132.407161      4.263    12.9856  28.815538    23.7040      4.224  279.02891  279.22503    23.9957    20.8196 0.0000e+00
 132.407164      4.306    12.9847  28.817982    23.7067      4.268  279.02868  279.22473    23.8245    20.8075 0.0000e+00
 132.407167      4.350    12.9828  28.823369    23.7098      4.311  279.02833  279.22422    23.9334    20.8358 0.0000e+00
 132.407170      4.385    12.9787  28.826146    23.7128      4.346  279.04272  279.23834    23.9490    20.7953 -9.990e-29
 132.407173      4.408    12.9745  28.827868    23.7220      4.369  279.05929  279.25466    25.0696    22.4573 -9.990e-29
 132.407176      4.410    12.9706  28.830534    23.7269      4.371  279.07283  279.26795    24.9451    22.4573 -9.990e-29
 132.407179      4.398    12.9671  28.833311    23.7316      4.358  279.08447  279.27936    24.9451    22.4573 -9.990e-29
 132.407182      4.379    12.9645  28.837255    23.7368      4.340  279.08966  279.28437    24.9607    22.4775 -9.990e-29
 132.407185      4.363    12.9607  28.838922    23.7406      4.324  279.10428  279.29875    26.6727    19.6469 -9.990e-29
 132.407187      4.350    12.9566  28.848310    23.7517      4.311  279.10695  279.30110    26.6261    19.6388 -9.990e-29
 132.407190      4.347    12.9516  28.860532    23.7660      4.308  279.10900  279.30276    26.7817    19.6591 -9.990e-29
 132.407193      4.358    12.9455  28.858088    23.7815      4.319  279.14201  279.33543    26.6261    19.6672 -9.990e-29
 132.407196      4.385    12.9425  28.871368    23.7850      4.346  279.13275  279.32588    25.7545    21.0299 0.0000e+00
 132.407199      4.425    12.9391  28.876648    23.7884      4.386  279.13931  279.33219    25.8012    21.0501 0.0000e+00
 132.407202      4.493    12.9351  28.882484    23.7961      4.452  279.14760  279.34020    25.7389    21.0663 0.0000e+00
 132.407205      4.562    12.9322  28.893934    23.8084      4.521  279.14124  279.33357    25.7078    21.0663 0.0000e+00
 132.407208      4.626    12.9284  28.893156    23.8100      4.585  279.16019  279.35231    27.1552    20.4274 0.0000e+00
 132.407211      4.684    12.9263  28.898826    23.8133      4.642  279.16032  279.35226    27.2486    20.4152 0.0000e+00
 132.407214      4.724    12.9237  28.899772    23.8165      4.682  279.17081  279.36260    27.1864    20.4314 -9.990e-29
 132.407216      4.748    12.9213  28.905387    23.8255      4.706  279.17203  279.36362    27.3109    20.4435 -9.990e-29
 132.407219      4.766    12.9194  28.907778    23.8289      4.724  279.17691  279.36838    27.0463    20.4395 -9.990e-29
 132.407222      4.770    12.9179  28.912170    23.8338      4.727  279.17623  279.36757    28.2292    20.7670 -9.990e-29
 132.407225      4.783    12.9163  28.920621    23.8425      4.740  279.16871  279.35988    28.1358    20.7387 -9.990e-29
 132.407228      4.801    12.9142  28.930575    23.8528      4.758  279.16089  279.35185    28.0268    20.7104 -9.990e-29
 132.407231      4.822    12.9111  28.945314    23.8829      4.779  279.14932  279.33997    28.2447    20.7387 -9.990e-29
 132.407234      4.857    12.9074  28.958999    23.8829      4.814  279.14265  279.33297    29.0385    21.8912 0.0000e+00
 132.407237      4.886    12.9043  28.967901    23.8829      4.843  279.14140  279.33146    29.0074    21.8588 -9.990e-29
 132.407240      4.906    12.9020  28.978418    23.9039      4.862  279.13358  279.32341    28.9918    21.8588 -9.990e-29
 132.407242      4.924    12.8996  28.994279    23.9199      4.880  279.11697  279.30651    29.1319    21.8992 -9.990e-29
 132.407245      4.930    12.8972  29.002740    23.9291      4.886  279.11311  279.30243    28.8206    20.8843 -9.990e-29
 132.407248      4.924    12.8948  29.010478    23.9376      4.880  279.11085  279.29996    28.8517    20.8560 -9.990e-29
 132.407251      4.917    12.8928  29.020889    23.9483      4.873  279.10150  279.29041    28.8673    20.8681 -9.990e-29
 132.407254      4.906    12.8908  29.029185    23.9572      4.862  279.09622  279.28494    28.8673    20.8762 -9.990e-29
 132.407257      4.899    12.8888  29.042606    23.9706      4.855  279.08187  279.27036    27.6689    19.9947 -9.990e-29
 132.407260      4.903    12.8866  29.056754    23.9849      4.859  279.06691  279.25514    27.6222    19.9664 -9.990e-29
 132.407263      4.921    12.8840  29.060765    24.0009      4.877  279.07226  279.26030    27.7622    19.9583 -9.990e-29
 132.407266      4.959    12.8824  29.071517    24.0054      4.915  279.06063  279.24848    27.7000    19.9866 0.0000e+00
 132.407269      5.008    12.8808  29.080209    24.0099      4.964  279.05300  279.24067    27.6222    19.9623 0.0000e+00
 132.407271      5.063    12.8795  29.112702    24.0402      5.018  279.00119  279.18851    27.6533    21.5353 0.0000e+00
 132.407274      5.120    12.8777  29.126249    24.0536      5.074  278.98563  279.17272    27.7311    21.5555 0.0000e+00
 132.407277      5.169    12.8760  29.139130    24.0664      5.123  278.97090  279.15777    27.6689    21.5677 0.0000e+00
 132.407280      5.219    12.8747  29.145655    24.0732      5.172  278.96574  279.15248    27.6377    21.5555 0.0000e+00
 132.407283      5.252    12.8734  29.149559    24.0754      5.205  278.96489  279.15152    27.3576    20.6336 0.0000e+00
 132.407286      5.284    12.8724  29.155471    24.0776      5.237  278.95879  279.14532    27.3731    20.6336 -9.990e-29
 132.407289      5.304    12.8719  29.151623    24.0804      5.257  278.96797  279.15450    27.5288    20.6174 -9.990e-29
 132.407292      5.323    12.8718  29.153965    24.0826      5.275  278.96450  279.15100    27.4198    20.6053 -9.990e-29
 132.407295      5.341    12.8716  29.172931    24.0999      5.293  278.93159  279.11791    28.1202    21.0582 -9.990e-29
 132.407297      5.354    12.8709  29.174716    24.1020      5.306  278.93212  279.11838    28.1358    21.0582 -9.990e-29
 132.407300      5.377    12.8703  29.197817    24.1234      5.329  278.89389  279.07991    28.2603    21.0905 -9.990e-29
 132.407303      5.403    12.8695  29.215677    24.1402      5.355  278.86595  279.05177    28.0891    21.0379 -9.990e-29
 132.407306      5.423    12.8683  29.230526    24.1545      5.375  278.84535  279.03096    29.2253    21.5353 -9.990e-29
 132.407309      5.436    12.8674  29.250907    24.1736      5.387  278.81327  278.99865    29.2720    21.5434 -9.990e-29
 132.407312      5.443    12.8667  29.265987    24.1878      5.394  278.78991  278.97511    29.3342    21.5434 -9.990e-29
 132.407315      5.447    12.8657  29.279952    24.2011      5.398  278.76985  278.95487    29.3809    21.5555 -9.990e-29
 132.407318      5.447    12.8647  29.291908    24.2127      5.398  278.75335  278.93820    29.2720    21.5434 -9.990e-29
 132.407321      5.449    12.8637  29.305431    24.2256      5.400  278.73408  278.91875    29.7233    20.9692 -9.990e-29
 132.407323      5.456    12.8625  29.331087    24.2498      5.407  278.69431  278.87868    29.8323    20.9975 -9.990e-29
 132.407326      5.472    12.8607  29.350376    24.2741      5.423  278.66816  278.85226    29.6611    21.0177 -9.990e-29
 132.407329      5.498    12.8592  29.355521    24.2756      5.449  278.66608  278.85004    29.9568    20.9975 0.0000e+00
 132.407332      5.529    12.8582  29.358149    24.2771      5.479  278.66612  278.84999    31.1085    22.1702 0.0000e+00
 132.407335      5.569    12.8574  29.357982    24.2775      5.519  278.67011  278.85395    31.0930    22.1297 0.0000e+00
 132.407338      5.613    12.8572  29.365196    24.2842      5.562  278.65869  278.84244    31.0619    22.1338 0.0000e+00
 132.407341      5.657    12.8569  29.382704    24.3003      5.606  278.62869  278.81227    31.1085    22.1055 0.0000e+00
 132.407344      5.698    12.8559  29.392438    24.3098      5.647  278.61614  278.79958    30.8440    21.3978 0.0000e+00
 132.407347      5.738    12.8549  29.394341    24.3121      5.687  278.61747  278.80083    30.8906    21.3534 0.0000e+00
 132.407350      5.773    12.8540  29.396467    24.3134      5.721  278.61806  278.80134    30.7350    21.3776 0.0000e+00
 132.407352      5.800    12.8534  29.397586    24.3147      5.749  278.61876  278.80200    30.7661    21.3453 -9.990e-29
 132.407355      5.819    12.8529  29.398593    24.3173      5.767  278.61933  278.80253    30.7350    22.1338 -9.990e-29
 132.407358      5.832    12.8529  29.402007    24.3204      5.779  278.61329  278.79646    30.9529    22.1257 -9.990e-29
 132.407361      5.839    12.8527  29.401391    24.3200      5.787  278.61538  278.79855    30.8595    22.1419 -9.990e-29
 132.407364      5.839    12.8525  29.409897    24.3279      5.787  278.60131  278.78438    30.7973    22.1459 -9.990e-29
 132.407367      5.839    12.8523  29.422713    24.3397      5.787  278.57959  278.76254    30.9373    22.1580 -9.990e-29
 132.407370      5.841    12.8517  29.425623    24.3427      5.788  278.57710  278.75999    33.3187    21.8224 -9.990e-29
 132.407373      5.848    12.8515  29.435027    24.3695      5.796  278.56144  278.74423    33.1941    21.8386 -9.990e-29
 132.407376      5.874    12.8509  29.454454    24.3746      5.821  278.53002  278.71260    33.3342    21.7941 0.0000e+00
 132.407378      5.910    12.8498  29.464926    24.3798      5.857  278.51649  278.69891    33.3031    21.8143 0.0000e+00
 132.407381      5.959    12.8488  29.473943    24.3886      5.906  278.50520  278.68748    35.2642    23.2417 0.0000e+00
 132.407384      6.009    12.8483  29.477415    24.3920      5.955  278.50108  278.68330    35.2486    23.1973 0.0000e+00
 132.407387      6.053    12.8478  29.495341    24.4004      5.998  278.47166  278.65369    35.2331    23.2336 0.0000e+00
 132.407390      6.084    12.8466  29.509011    24.4087      6.029  278.45311  278.63495    35.2175    23.2256 -9.990e-29
 132.407393      6.104    12.8453  29.507443    24.4214      6.049  278.46223  278.64400    38.8906    23.5288 -9.990e-29
 132.407396      6.107    12.8445  29.510693    24.4249      6.053  278.46014  278.64183    39.0930    23.5450 -9.990e-29
 132.407399      6.109    12.8440  29.514727    24.4289      6.054  278.45532  278.63695    38.9996    23.5450 -9.990e-29
 132.407402      6.106    12.8435  29.517417    24.4316      6.051  278.45255  278.63412    38.8595    23.5531 -9.990e-29
 132.407405      6.100    12.8433  29.518706    24.4329      6.045  278.45126  278.63281    41.7078    22.8333 -9.990e-29
 132.407407      6.098    12.8433  29.522461    24.4364      6.044  278.44493  278.62645    41.6611    22.4613 -9.990e-29
 132.407410      6.111    12.8430  29.528962    24.4508      6.056  278.43441  278.61586    41.8478    22.4370 -9.990e-29
 132.407413      6.138    12.8423  29.537650    24.4533      6.083  278.42236  278.60368    41.6922    22.4290 0.0000e+00
 132.407416      6.182    12.8417  29.542695    24.4558      6.127  278.41643  278.59767    41.6922    22.4532 0.0000e+00
 132.407419      6.235    12.8415  29.544209    24.4573      6.179  278.41478  278.59599    43.8245    23.4237 0.0000e+00
 132.407422      6.299    12.8413  29.550151    24.4628      6.242  278.40495  278.58610    43.6222    23.3913 0.0000e+00
 132.407425      6.357    12.8412  29.555477    24.4678      6.300  278.39621  278.57730    43.4976    23.3913 0.0000e+00
 132.407428      6.408    12.8407  29.558673    24.4694      6.351  278.39290  278.57394    43.7934    23.4237 0.0000e+00
