Processed/SBE19plus_01907321_2022_05_11_Cast127_wfilter.cnv
* Sea-Bird SBE19plus  Data File:
* FileName = E:\Prandtl_Daten\2022\CTD\Raw\SBE19plus_01907321_2022_05_11_Cast127.hex
* Software version 2.6.1.12
* Temperature SN = 7321
* Conductivity SN = 7321
* System UpLoad Time = May 11 2022 10:15:12
* <ApplicationData>
* <Seaterm232>
** Messpraktikum 2022
** CTD 10.05  SW2
** NMEA Latitude = 54 04.82N
** NMEA Longitude = 008 29.53E
# nquan = 11
# nvalues = 354                         
# units = specified
# name 0 = timeJ: Julian Days
# name 1 = prdM: Pressure, Strain Gauge [db]
# name 2 = tv290C: Temperature [ITS-90, deg C]
# name 3 = c0mS/cm: Conductivity [mS/cm]
# name 4 = sal00: Salinity, Practical [PSU]
# name 5 = depSM: Depth [salt water, m], lat = 54.00
# name 6 = oxsatMm/Kg: Oxygen Saturation, Weiss [umol/kg]
# name 7 = oxsolMm/Kg: Oxygen Saturation, Garcia & Gordon [umol/kg]
# name 8 = turbWETntu0: Turbidity, WET Labs ECO [NTU]
# name 9 = flECO-AFL: Fluorescence, WET Labs ECO-AFL/FL [mg/m^3]
# name 10 = flag:  0.000e+00
# span 0 = 131.423278, 131.424300       
# span 1 =      0.482,     11.905       
# span 2 =    11.7271,    12.1296       
# span 3 =  32.703276,  33.076863       
# span 4 =    27.8866,    28.5390       
# span 5 =      0.478,     11.799       
# span 6 =  275.95676,  277.06851       
# span 7 =  276.06059,  277.13922       
# span 8 =    -2.5724,    12.7428       
# span 9 =     2.2108,     6.8690       
# span 10 = 0.0000e+00, 0.0000e+00      
# interval = seconds: 0.25
# start_time = May 11 2022 10:08:17 [Instrument's time stamp, header]
# bad_flag = -9.990e-29
*END*
[from data line 263]
 131.424039      8.942    11.8065  33.071635    28.4751      8.861  276.72226  276.79886     3.5910     4.3175 -9.990e-29
 131.424042      8.965    11.8027  33.071753    28.4769      8.885  276.73896  276.81528     3.7934     4.8836 -9.990e-29
 131.424045      8.991    11.7982  33.066834    28.4810      8.910  276.76808  276.84412     3.6533     4.9079 0.0000e+00
 131.424048      9.025    11.7937  33.071812    28.4832      8.944  276.77884  276.85450     3.8245     4.8108 0.0000e+00
 131.424051      9.069    11.7916  33.068182    28.4851      8.988  276.79482  276.87037     3.7622     4.8876 0.0000e+00
 131.424054      9.113    11.7908  33.069529    28.4851      9.031  276.79604  276.87152     5.2564     5.3041 0.0000e+00
 131.424057      9.160    11.7903  33.071227    28.4870      9.078  276.79477  276.87019     5.3498     5.2111 0.0000e+00
 131.424060      9.202    11.7885  33.073336    28.4904      9.120  276.79919  276.87444     5.2408     5.3082 0.0000e+00
 131.424062      9.242    11.7836  33.070584    28.4915      9.160  276.82613  276.90106     5.1475     5.2597 0.0000e+00
 131.424065      9.277    11.7780  33.073162    28.4982      9.194  276.84595  276.92044     3.5599     4.8270 0.0000e+00
 131.424068      9.306    11.7741  33.073924    28.5020      9.223  276.86207  276.93626     3.6844     4.7663 0.0000e+00
 131.424071      9.332    11.7713  33.074978    28.5051      9.248  276.87242  276.94639     3.6222     4.7704 0.0000e+00
 131.424074      9.359    11.7691  33.073749    28.5056      9.275  276.88455  276.95838     3.5132     4.8310 0.0000e+00
 131.424077      9.390    11.7656  33.073515    28.5080      9.306  276.90036  276.97394     3.2798     4.6733 0.0000e+00
 131.424080      9.423    11.7617  33.072871    28.5104      9.339  276.91878  276.99208     3.1397     4.7421 0.0000e+00
 131.424083      9.452    11.7590  33.073574    28.5131      9.367  276.92978  277.00287     3.3887     4.6733 0.0000e+00
 131.424086      9.485    11.7584  33.075156    28.5148      9.400  276.92933  277.00235     3.2486     4.7057 0.0000e+00
 131.424089      9.516    11.7589  33.075331    28.5148      9.431  276.92687  276.99993     3.3731     4.6693 0.0000e+00
 131.424091      9.543    11.7602  33.073692    28.5136      9.458  276.92410  276.99728     5.4899     4.3013 0.0000e+00
 131.424094      9.571    11.7608  33.072872    28.5123      9.485  276.92288  276.99611     5.5210     4.3377 -9.990e-29
 131.424097      9.594    11.7608  33.073926    28.5137      9.508  276.92125  276.99446     5.4899     4.3013 -9.990e-29
 131.424100      9.625    11.7604  33.075390    28.5125      9.539  276.92008  276.99326     5.5521     4.3660 0.0000e+00
 131.424103      9.651    11.7602  33.072872    28.5133      9.564  276.92570  276.99889     5.3654     4.5358 0.0000e+00
 131.424106      9.682    11.7603  33.074922    28.5132      9.595  276.92161  276.99478     5.3031     4.5480 0.0000e+00
 131.424109      9.718    11.7590  33.073692    28.5133      9.631  276.92975  277.00284     5.3498     4.5965 0.0000e+00
 131.424112      9.759    11.7577  33.073692    28.5141      9.671  276.93531  277.00831     5.2253     4.5682 0.0000e+00
 131.424115      9.799    11.7576  33.075157    28.5141      9.711  276.93323  277.00620     4.2292     4.6450 0.0000e+00
 131.424117      9.837    11.7570  33.071409    28.5149      9.749  276.94268  277.01565     4.1513     4.6531 0.0000e+00
 131.424120      9.871    11.7562  33.073342    28.5149      9.783  276.94280  277.01569     4.3226     4.5763 0.0000e+00
 131.424123      9.904    11.7549  33.074747    28.5172      9.815  276.94605  277.01882     4.4159     4.5844 0.0000e+00
 131.424126      9.931    11.7534  33.073518    28.5172      9.843  276.95511  277.02778     3.4821     4.4631 0.0000e+00
 131.424129      9.959    11.7528  33.072932    28.5172      9.870  276.95898  277.03162     3.7155     4.4509 0.0000e+00
 131.424132      9.985    11.7526  33.073928    28.5171      9.895  276.95776  277.03038     3.5288     4.4995 0.0000e+00
 131.424135     10.016    11.7534  33.072874    28.5182      9.926  276.95606  277.02875     3.5599     4.4995 0.0000e+00
 131.424138     10.043    11.7543  33.075743    28.5165      9.953  276.94675  277.01947     3.6377     4.4914 0.0000e+00
 131.424141     10.085    11.7548  33.071410    28.5183      9.995  276.95299  277.02580     4.7895     4.5439 0.0000e+00
 131.424144     10.127    11.7550  33.076036    28.5151     10.036  276.94320  277.01597     4.8206     4.5156 0.0000e+00
 131.424146     10.172    11.7553  33.072933    28.5160     10.081  276.94777  277.02059     4.9451     4.4914 0.0000e+00
 131.424149     10.212    11.7546  33.073284    28.5160     10.121  276.95052  277.02329     4.7895     4.5197 0.0000e+00
 131.424152     10.256    11.7532  33.074339    28.5170     10.164  276.95474  277.02739     5.5833     4.6046 0.0000e+00
 131.424155     10.291    11.7516  33.074573    28.5180     10.198  276.96139  277.03392     5.5677     4.5965 -9.990e-29
 131.424158     10.314    11.7508  33.072699    28.5182     10.222  276.96827  277.04076     5.5833     4.5965 -9.990e-29
 131.424161     10.327    11.7501  33.072934    28.5190     10.235  276.97091  277.04336     5.4276     4.6572 -9.990e-29
 131.424164     10.344    11.7498  33.074749    28.5210     10.251  276.96909  277.04148     6.3615     5.0777 -9.990e-29
 131.424167     10.356    11.7498  33.072055    28.5184     10.264  276.97410  277.04653     6.1903     5.0817 -9.990e-29
 131.424170     10.375    11.7499  33.074925    28.5210     10.282  276.96817  277.04057     6.3926     5.0453 -9.990e-29
 131.424172     10.398    11.7501  33.073520    28.5206     10.305  276.96987  277.04231     6.0969     5.1667 -9.990e-29
 131.424175     10.429    11.7502  33.074750    28.5201     10.336  276.96730  277.03973     6.9062     5.2273 0.0000e+00
 131.424178     10.473    11.7502  33.073696    28.5196     10.379  276.96929  277.04173     6.9373     5.1828 0.0000e+00
 131.424181     10.517    11.7501  33.071822    28.5196     10.423  276.97342  277.04587     6.7350     5.2273 0.0000e+00
 131.424184     10.564    11.7494  33.075336    28.5217     10.470  276.96969  277.04205     6.7973     5.2799 0.0000e+00
 131.424187     10.612    11.7482  33.074750    28.5221     10.517  276.97634  277.04862     6.8906     5.2314 0.0000e+00
 131.424190     10.656    11.7458  33.073521    28.5227     10.560  276.98910  277.06122     6.8128     4.7744 0.0000e+00
 131.424193     10.696    11.7440  33.073346    28.5240     10.600  276.99774  277.06973     6.9218     4.7906 0.0000e+00
 131.424196     10.731    11.7430  33.072877    28.5242     10.635  277.00294  277.07486     6.7039     4.7097 0.0000e+00
 131.424198     10.758    11.7427  33.076040    28.5258     10.661  276.99861  277.07047     6.6572     4.7704 0.0000e+00
 131.424201     10.783    11.7422  33.075161    28.5275     10.687  277.00211  277.07394     8.7117     5.3567 -9.990e-29
 131.424204     10.804    11.7421  33.075162    28.5271     10.707  277.00274  277.07456     8.9607     5.3567 -9.990e-29
 131.424207     10.824    11.7411  33.074342    28.5290     10.727  277.00857  277.08034     8.7895     5.2677 -9.990e-29
 131.424210     10.851    11.7398  33.075396    28.5293     10.754  277.01247  277.08412     8.7895     5.2880 0.0000e+00
 131.424213     10.878    11.7386  33.074986    28.5296     10.781  277.01878  277.09034     8.9607     6.8569 0.0000e+00
 131.424216     10.911    11.7378  33.075748    28.5296     10.813  277.02076  277.09226     9.1630     6.8529 0.0000e+00
 131.424219     10.942    11.7377  33.073288    28.5293     10.844  277.02597  277.09749     8.9451     6.8609 0.0000e+00
 131.424222     10.979    11.7380  33.074167    28.5293     10.880  277.02314  277.09467     9.1008     6.8690 0.0000e+00
 131.424225     11.012    11.7380  33.075338    28.5293     10.913  277.02098  277.09250     5.8945     5.4133 0.0000e+00
 131.424227     11.044    11.7381  33.074167    28.5298     10.945  277.02257  277.09411     6.0502     5.4052 0.0000e+00
 131.424230     11.081    11.7379  33.074753    28.5291     10.982  277.02243  277.09395     5.9879     5.4214 0.0000e+00
 131.424233     11.119    11.7372  33.072352    28.5298     11.020  277.02999  277.10149     6.0657     5.4457 0.0000e+00
 131.424236     11.154    11.7364  33.075398    28.5316     11.054  277.02803  277.09944     5.8945     5.4133 0.0000e+00
 131.424239     11.188    11.7357  33.074929    28.5316     11.088  277.03169  277.10305     7.0463     4.6450 0.0000e+00
 131.424242     11.225    11.7355  33.073290    28.5316     11.124  277.03569  277.10706     7.0619     4.6976 0.0000e+00
 131.424245     11.267    11.7353  33.075398    28.5322     11.166  277.03303  277.10435     7.0619     4.6814 0.0000e+00
 131.424248     11.309    11.7353  33.075164    28.5322     11.207  277.03349  277.10482     7.1397     4.6531 0.0000e+00
 131.424251     11.349    11.7353  33.074344    28.5322     11.247  277.03505  277.10638    11.8556     5.2880 0.0000e+00
 131.424253     11.391    11.7356  33.075808    28.5316     11.289  277.03082  277.10216    11.8089     5.3648 0.0000e+00
 131.424256     11.423    11.7355  33.074754    28.5320     11.321  277.03342  277.10476    11.7000     5.3244 0.0000e+00
 131.424259     11.449    11.7349  33.075164    28.5316     11.346  277.03513  277.10643    11.6377     5.3405 -9.990e-29
 131.424262     11.471    11.7343  33.074169    28.5319     11.368  277.03976  277.11102    11.3264     6.1978 -9.990e-29
 131.424265     11.487    11.7338  33.075809    28.5338     11.384  277.03887  277.11008    11.1552     6.2180 -9.990e-29
 131.424268     11.502    11.7334  33.074755    28.5331     11.399  277.04268  277.11387    11.2486     6.1937 -9.990e-29
 131.424271     11.520    11.7328  33.075926    28.5347     11.417  277.04297  277.11411    11.3264     6.2423 -9.990e-29
 131.424274     11.544    11.7326  33.075165    28.5355     11.440  277.04563  277.11676    10.4237     6.1088 -9.990e-29
 131.424277     11.569    11.7328  33.076863    28.5352     11.466  277.04127  277.11239    10.3303     6.0886 0.0000e+00
 131.424280     11.595    11.7332  33.076512    28.5351     11.491  277.04040  277.11156    10.1591     6.0563 0.0000e+00
 131.424282     11.632    11.7331  33.076629    28.5351     11.527  277.04052  277.11167    10.4237     6.0927 0.0000e+00
 131.424285     11.670    11.7328  33.076629    28.5351     11.565  277.04177  277.11290    10.1747     6.1007 0.0000e+00
 131.424288     11.715    11.7319  33.074756    28.5353     11.611  277.04959  277.12067    10.1280     5.9754 0.0000e+00
 131.424291     11.761    11.7308  33.076630    28.5368     11.656  277.05074  277.12172    10.2992     6.0482 0.0000e+00
 131.424294     11.808    11.7295  33.075752    28.5370     11.703  277.05855  277.12944    10.5171     6.0846 0.0000e+00
 131.424297     11.854    11.7282  33.074756    28.5370     11.748  277.06596  277.13677    10.4860     6.0158 0.0000e+00
 131.424300     11.905    11.7271  33.076045    28.5390     11.799  277.06851  277.13922    12.7428     5.3608 0.0000e+00
