Processed/SBE19plus_01907321_2022_05_12_Cast134_wfilter.cnv
* Sea-Bird SBE19plus  Data File:
* FileName = E:\Prandtl_Daten\2022\CTD\Raw\SBE19plus_01907321_2022_05_12_Cast134.hex
* Software version 2.6.1.12
* Temperature SN = 7321
* Conductivity SN = 7321
* System UpLoad Time = May 12 2022 12:25:43
* <ApplicationData>
* <Seaterm232>
** Messpraktikum 2022
** CTD 10.05  M1
** NMEA Latitude = 54 06.03N
** NMEA Longitude = 008 38.82E
# nquan = 11
# nvalues = 439                         
# units = specified
# name 0 = timeJ: Julian Days
# name 1 = prdM: Pressure, Strain Gauge [db]
# name 2 = tv290C: Temperature [ITS-90, deg C]
# name 3 = c0mS/cm: Conductivity [mS/cm]
# name 4 = sal00: Salinity, Practical [PSU]
# name 5 = depSM: Depth [salt water, m], lat = 54.00
# name 6 = oxsatMm/Kg: Oxygen Saturation, Weiss [umol/kg]
# name 7 = oxsolMm/Kg: Oxygen Saturation, Garcia & Gordon [umol/kg]
# name 8 = turbWETntu0: Turbidity, WET Labs ECO [NTU]
# name 9 = flECO-AFL: Fluorescence, WET Labs ECO-AFL/FL [mg/m^3]
# name 10 = flag:  0.000e+00
# span 0 = 132.513547, 132.514815       
# span 1 =      0.987,     11.148       
# span 2 =    13.5842,    13.7224       
# span 3 =  31.829905,  32.131259       
# span 4 =    26.0434,    26.2197       
# span 5 =      0.978,     11.048       
# span 6 =  269.98797,  271.09525       
# span 7 =  270.19969,  271.30124       
# span 8 =    23.3731,   228.3381       
# span 9 =    10.6296,    24.1718       
# span 10 = 0.0000e+00, 0.0000e+00      
# interval = seconds: 0.25
# start_time = May 12 2022 12:18:16 [Instrument's time stamp, header]
# bad_flag = -9.990e-29
*END*
[from data line 263]
 132.514308      7.145    13.7189  32.123618    26.2146      7.082  270.01501  270.22658    58.4548    15.9470 -9.990e-29
 132.514311      7.125    13.7182  32.124429    26.2158      7.061  270.01650  270.22803    58.5327    15.9510 -9.990e-29
 132.514314      7.101    13.7179  32.124255    26.2159      7.038  270.01806  270.22957    58.5949    15.9551 -9.990e-29
 132.514317      7.083    13.7178  32.125008    26.2166      7.020  270.01710  270.22860    58.5949    15.9389 -9.990e-29
 132.514320      7.078    13.7178  32.123618    26.2153      7.014  270.01944  270.23095    55.9957    15.4779 -9.990e-29
 132.514323      7.083    13.7178  32.125008    26.2166      7.020  270.01710  270.22860    56.0268    15.4982 -9.990e-29
 132.514326      7.103    13.7178  32.123271    26.2151      7.039  270.02004  270.23156    56.0580    15.4982 -9.990e-29
 132.514329      7.147    13.7176  32.123213    26.2144      7.083  270.02113  270.23263    55.9957    15.4739 0.0000e+00
 132.514332      7.202    13.7172  32.121187    26.2136      7.137  270.02650  270.23799    56.0735    15.5022 0.0000e+00
 132.514334      7.265    13.7162  32.119798    26.2136      7.200  270.03304  270.24448    52.7272    15.7529 0.0000e+00
 132.514337      7.329    13.7149  32.121014    26.2144      7.264  270.03677  270.24813    52.7272    15.7529 0.0000e+00
 132.514340      7.397    13.7141  32.119798    26.2144      7.331  270.04238  270.25370    52.6805    15.7772 0.0000e+00
 132.514343      7.461    13.7134  32.118409    26.2135      7.394  270.04764  270.25893    52.6805    15.7489 0.0000e+00
 132.514346      7.519    13.7127  32.113778    26.2098      7.452  270.05870  270.26999    71.7622    17.3825 0.0000e+00
 132.514349      7.563    13.7108  32.111520    26.2095      7.495  270.07085  270.28204    71.8868    17.3744 0.0000e+00
 132.514352      7.590    13.7092  32.109958    26.2091      7.522  270.08022  270.29133    71.9646    17.3987 -9.990e-29
 132.514355      7.612    13.7079  32.107932    26.2078      7.544  270.08941  270.30046    71.8556    17.3785 -9.990e-29
 132.514358      7.625    13.7060  32.107295    26.2085      7.557  270.09880  270.30974    65.6766    16.8285 -9.990e-29
 132.514361      7.637    13.7045  32.106311    26.2087      7.569  270.10686  270.31772    65.6299    16.8447 -9.990e-29
 132.514363      7.647    13.7034  32.106717    26.2098      7.578  270.11097  270.32177    65.5677    16.8204 -9.990e-29
 132.514366      7.656    13.7028  32.106890    26.2103      7.587  270.11324  270.32400    65.4432    16.8447 -9.990e-29
 132.514369      7.661    13.7029  32.109322    26.2124      7.593  270.10849  270.31924    65.3965    16.6263 -9.990e-29
 132.514372      7.656    13.7035  32.111116    26.2136      7.587  270.10290  270.31367    65.3965    16.5980 -9.990e-29
 132.514375      7.645    13.7044  32.112332    26.2141      7.577  270.09700  270.30781    65.4743    16.6061 -9.990e-29
 132.514378      7.630    13.7052  32.112968    26.2142      7.562  270.09240  270.30326    65.3342    16.5778 -9.990e-29
 132.514381      7.623    13.7056  32.114995    26.2157      7.555  270.08738  270.29823    65.3654    16.5535 -9.990e-29
 132.514384      7.617    13.7062  32.115979    26.2162      7.549  270.08315  270.29404    75.0307    17.1197 -9.990e-29
 132.514387      7.623    13.7069  32.115573    26.2154      7.555  270.08065  270.29158    75.0307    17.1156 -9.990e-29
 132.514389      7.643    13.7071  32.113374    26.2113      7.574  270.08342  270.29438    74.9529    17.1035 -9.990e-29
 132.514392      7.679    13.7068  32.110942    26.2107      7.611  270.08915  270.30011    75.1708    17.1601 0.0000e+00
 132.514395      7.739    13.7057  32.108743    26.2100      7.670  270.09738  270.30829    83.4198    18.6077 0.0000e+00
 132.514398      7.820    13.7040  32.105096    26.2083      7.750  270.11094  270.32179    83.3731    18.6037 0.0000e+00
 132.514401      7.898    13.7018  32.104055    26.2083      7.828  270.12233  270.33306    83.2642    18.6360 0.0000e+00
 132.514404      7.975    13.7000  32.103303    26.2083      7.903  270.13164  270.34226    83.4043    18.6158 0.0000e+00
 132.514407      8.039    13.6987  32.100467    26.2072      7.967  270.14191  270.35248    94.5482    19.1051 0.0000e+00
 132.514410      8.080    13.6974  32.095663    26.2054      8.008  270.15581  270.36634    94.6261    19.1051 0.0000e+00
 132.514413      8.108    13.6957  32.094216    26.2037      8.035  270.16562  270.37607    94.6416    19.1496 -9.990e-29
 132.514416      8.111    13.6940  32.093638    26.2042      8.039  270.17395  270.38430    94.6261    19.1415 -9.990e-29
 132.514418      8.102    13.6927  32.093812    26.2053      8.030  270.17940  270.38967    96.0580    19.1455 -9.990e-29
 132.514421      8.091    13.6922  32.094448    26.2062      8.019  270.18056  270.39079   100.1980    19.3194 -9.990e-29
 132.514424      8.071    13.6917  32.090397    26.2029      7.999  270.18964  270.39987   100.2447    19.3113 -9.990e-29
 132.514427      8.055    13.6909  32.088950    26.2022      7.983  270.19559  270.40579   100.2136    19.3315 -9.990e-29
 132.514430      8.048    13.6896  32.088198    26.2023      7.976  270.20229  270.41242   100.1825    19.3437 -9.990e-29
 132.514433      8.062    13.6885  32.088429    26.2033      7.990  270.20670  270.41677    96.4471    19.0930 -9.990e-29
 132.514436      8.092    13.6880  32.088024    26.2032      8.019  270.20964  270.41968    96.3692    19.0970 0.0000e+00
 132.514439      8.126    13.6875  32.087620    26.2033      8.054  270.21227  270.42228    96.3070    19.0606 0.0000e+00
 132.514442      8.170    13.6875  32.088430    26.2033      8.097  270.21124  270.42124    96.4004    19.0525 0.0000e+00
 132.514444      8.214    13.6874  32.087620    26.2033      8.140  270.21296  270.42296    89.1475    19.1334 0.0000e+00
 132.514447      8.250    13.6873  32.087388    26.2032      8.176  270.21369  270.42369    89.0385    19.1132 0.0000e+00
 132.514450      8.278    13.6875  32.089240    26.2031      8.204  270.20993  270.41993    89.0385    19.1334 -9.990e-29
 132.514453      8.298    13.6875  32.087794    26.2033      8.223  270.21239  270.42240    89.0696    19.1253 -9.990e-29
 132.514456      8.316    13.6879  32.091613    26.2065      8.242  270.20402  270.41403    73.8790    17.4068 -9.990e-29
 132.514459      8.331    13.6886  32.093813    26.2080      8.256  270.19712  270.40715    73.8634    17.4310 -9.990e-29
 132.514462      8.352    13.6899  32.096475    26.2095      8.278  270.18719  270.39728    73.9101    17.4310 -9.990e-29
 132.514465      8.372    13.6919  32.100700    26.2130      8.298  270.17143  270.38160    73.8790    17.3987 -9.990e-29
 132.514468      8.402    13.6939  32.103478    26.2128      8.326  270.15780  270.36807    73.8634    17.3744 0.0000e+00
 132.514470      8.431    13.6956  32.104289    26.2130      8.355  270.14910  270.35946    68.8984    17.4512 0.0000e+00
 132.514473      8.469    13.6972  32.105909    26.2130      8.393  270.13967  270.35011    68.9296    17.4755 0.0000e+00
 132.514476      8.513    13.6984  32.107936    26.2140      8.437  270.13084  270.34134    68.7428    17.4593 0.0000e+00
 132.514479      8.562    13.6996  32.109035    26.2140      8.485  270.12422  270.33477    68.8829    17.4351 0.0000e+00
 132.514482      8.600    13.7004  32.108920    26.2139      8.523  270.12060  270.33121    78.6261    18.3085 0.0000e+00
 132.514485      8.626    13.7012  32.107125    26.2135      8.549  270.12046  270.33112    78.5327    18.3166 -9.990e-29
 132.514488      8.648    13.7013  32.108515    26.2125      8.570  270.11748  270.32814    78.5794    18.3004 -9.990e-29
 132.514491      8.653    13.7012  32.107299    26.2115      8.576  270.12018  270.33084    78.7350    18.3004 -9.990e-29
 132.514494      8.650    13.7012  32.106315    26.2106      8.572  270.12184  270.33251    82.3459    18.0578 -9.990e-29
 132.514497      8.646    13.7009  32.106720    26.2112      8.569  270.12243  270.33308    82.4393    18.0133 -9.990e-29
 132.514499      8.646    13.7005  32.105099    26.2099      8.569  270.12677  270.33741    82.3459    18.0133 -9.990e-29
 132.514502      8.650    13.6997  32.102900    26.2085      8.572  270.13401  270.34462    82.4704    18.0335 -9.990e-29
 132.514505      8.662    13.6987  32.099832    26.2064      8.585  270.14368  270.35425    84.4315    18.0780 -9.990e-29
 132.514508      8.684    13.6979  32.101511    26.2095      8.607  270.14437  270.35488    84.3381    17.9971 -9.990e-29
 132.514511      8.713    13.6973  32.102263    26.2094      8.635  270.14535  270.35582    84.4004    18.0052 0.0000e+00
 132.514514      8.752    13.6969  32.101685    26.2093      8.673  270.14827  270.35872    84.3692    18.0578 0.0000e+00
 132.514517      8.799    13.6967  32.098675    26.2067      8.720  270.15402  270.36450    84.3226    18.0497 0.0000e+00
 132.514520      8.845    13.6959  32.094219    26.2032      8.766  270.16542  270.37588   110.6727    20.0189 0.0000e+00
 132.514523      8.887    13.6944  32.092656    26.2032      8.807  270.17448  270.38486   110.7817    20.0351 0.0000e+00
 132.514525      8.923    13.6931  32.093062    26.2035      8.843  270.17957  270.38987   110.6727    20.0473 0.0000e+00
 132.514528      8.952    13.6917  32.091036    26.2041      8.872  270.18877  270.39901   110.6883    20.0553 -9.990e-29
 132.514531      8.965    13.6906  32.086464    26.1998      8.885  270.20131  270.41151   109.1475    20.6619 -9.990e-29
 132.514534      8.974    13.6890  32.085596    26.2001      8.894  270.20981  270.41993   109.2097    20.6821 -9.990e-29
 132.514537      8.981    13.6878  32.083976    26.1995      8.901  270.21799  270.42805   109.1163    20.6862 -9.990e-29
 132.514540      8.987    13.6863  32.082182    26.1989      8.907  270.22742  270.43741   109.2564    20.6781 -9.990e-29
 132.514543      8.998    13.6855  32.083166    26.2002      8.918  270.22896  270.43889   116.0113    20.1160 -9.990e-29
 132.514546      9.014    13.6847  32.083398    26.1987      8.934  270.23209  270.44198   115.9023    20.0998 -9.990e-29
 132.514549      9.042    13.6846  32.080794    26.1991      8.961  270.23715  270.44705   115.8712    20.1241 0.0000e+00
 132.514552      9.075    13.6843  32.081546    26.1987      8.993  270.23718  270.44705   115.7778    20.0998 0.0000e+00
 132.514554      9.115    13.6839  32.077149    26.1973      9.033  270.24656  270.45645   103.6377    19.9583 0.0000e+00
 132.514557      9.160    13.6832  32.078190    26.1973      9.078  270.24771  270.45754   103.6222    19.9826 0.0000e+00
 132.514560      9.210    13.6825  32.078769    26.1983      9.127  270.24995  270.45974   103.5443    19.9664 0.0000e+00
 132.514563      9.246    13.6821  32.080158    26.1991      9.164  270.24922  270.45898   103.6377    19.9623 0.0000e+00
 132.514566      9.279    13.6821  32.077959    26.1998      9.196  270.25296  270.46274   103.6377    19.9745 -9.990e-29
 132.514569      9.294    13.6822  32.080969    26.2005      9.210  270.24756  270.45731   111.7467    20.9530 -9.990e-29
 132.514572      9.294    13.6828  32.081200    26.2002      9.210  270.24429  270.45408   111.7311    20.9369 -9.990e-29
 132.514575      9.290    13.6832  32.083573    26.2021      9.207  270.23867  270.44847   111.7934    20.9611 -9.990e-29
 132.514578      9.290    13.6839  32.084788    26.2028      9.207  270.23374  270.44357   111.5755    20.9247 -9.990e-29
 132.514580      9.288    13.6845  32.081778    26.1996      9.205  270.23596  270.44584   127.4198    21.2482 -9.990e-29
 132.514583      9.290    13.6849  32.082994    26.2005      9.207  270.23230  270.44220   127.5755    21.2401 -9.990e-29
 132.514586      9.303    13.6850  32.081489    26.1990      9.219  270.23454  270.44445   127.4821    21.2361 -9.990e-29
 132.514589      9.321    13.6844  32.079348    26.1969      9.237  270.24041  270.45031   127.4198    21.2442 -9.990e-29
 132.514592      9.348    13.6834  32.077959    26.1962      9.265  270.24725  270.45710   128.0113    21.4342 0.0000e+00
 132.514595      9.387    13.6824  32.075761    26.1956      9.303  270.25547  270.46528   127.9646    21.4383 0.0000e+00
 132.514598      9.436    13.6814  32.074141    26.1948      9.351  270.26240  270.47216   127.9646    21.4261 0.0000e+00
 132.514601      9.478    13.6802  32.070727    26.1935      9.393  270.27332  270.48304   127.9179    21.4180 0.0000e+00
 132.514604      9.522    13.6792  32.071133    26.1935      9.436  270.27713  270.48679   118.4393    20.6740 0.0000e+00
 132.514606      9.560    13.6787  32.074142    26.1965      9.474  270.27430  270.48390   118.4082    20.6781 0.0000e+00
 132.514609      9.587    13.6785  32.073910    26.1965      9.501  270.27535  270.48495   118.4082    20.6700 0.0000e+00
 132.514612      9.618    13.6785  32.073216    26.1958      9.532  270.27654  270.48615   118.3148    20.6619 0.0000e+00
 132.514615      9.655    13.6784  32.072348    26.1951      9.568  270.27867  270.48827   118.3303    20.6659 0.0000e+00
 132.514618      9.693    13.6783  32.070902    26.1951      9.606  270.28146  270.49107   119.0774    21.4180 0.0000e+00
 132.514621      9.735    13.6781  32.072348    26.1953      9.648  270.28000  270.48958   119.0152    21.4019 0.0000e+00
 132.514624      9.771    13.6784  32.072753    26.1954      9.684  270.27806  270.48766   119.0307    21.4261 0.0000e+00
 132.514627      9.802    13.6783  32.072117    26.1955      9.715  270.27979  270.48939   119.2175    21.4625 -9.990e-29
 132.514630      9.824    13.6785  32.073911    26.1965      9.736  270.27581  270.48540   109.2564    20.7347 -9.990e-29
 132.514633      9.833    13.6787  32.072349    26.1949      9.745  270.27750  270.48712   109.1163    20.7589 -9.990e-29
 132.514635      9.826    13.6788  32.070902    26.1935      9.738  270.27930  270.48895   109.1786    20.7508 -9.990e-29
 132.514638      9.808    13.6790  32.074316    26.1965      9.720  270.27288  270.48250   109.1163    20.7185 -9.990e-29
 132.514641      9.778    13.6794  32.074547    26.1964      9.691  270.27087  270.48051   117.3187    20.1443 -9.990e-29
 132.514644      9.742    13.6802  32.079176    26.2001      9.655  270.25949  270.46915   117.4432    20.1524 -9.990e-29
 132.514647      9.713    13.6815  32.080565    26.2004      9.626  270.25137  270.46109   117.3654    20.1645 -9.990e-29
 132.514650      9.700    13.6825  32.081375    26.2005      9.613  270.24584  270.45561   117.3187    20.1645 -9.990e-29
 132.514653      9.705    13.6829  32.081201    26.2001      9.618  270.24422  270.45402   111.9801    19.9543 -9.990e-29
 132.514656      9.736    13.6830  32.079581    26.1996      9.649  270.24634  270.45616   111.8556    19.9623 -9.990e-29
 132.514659      9.798    13.6830  32.080796    26.1995      9.711  270.24464  270.45444   111.9646    19.9623 0.0000e+00
 132.514661      9.884    13.6829  32.080565    26.1994      9.795  270.24540  270.45521   111.9179    19.9826 0.0000e+00
 132.514664      9.979    13.6827  32.079755    26.1988      9.890  270.24747  270.45727   111.8556    19.9745 0.0000e+00
 132.514667     10.072    13.6825  32.079351    26.1986      9.982  270.24949  270.45928   121.7856    19.8491 0.0000e+00
 132.514670     10.165    13.6820  32.076342    26.1961     10.074  270.25656  270.46634   121.8478    19.8249 0.0000e+00
 132.514673     10.243    13.6816  32.071134    26.1917     10.152  270.26734  270.47714   121.7545    19.8370 0.0000e+00
 132.514676     10.296    13.6802  32.069283    26.1913     10.204  270.27626  270.48599   121.7856    19.8612 0.0000e+00
 132.514679     10.324    13.6789  32.068126    26.1909     10.231  270.28399  270.49366   154.6416    21.4302 -9.990e-29
 132.514682     10.325    13.6774  32.068300    26.1920     10.233  270.29041  270.49998   154.6261    21.4140 -9.990e-29
