Processed/SBE19plus_01907321_2022_05_04_Cast20_wfilter.cnv
* Sea-Bird SBE19plus  Data File:
* FileName = E:\Prandtl Daten\2022\CTD\Raw\SBE19plus_01907321_2022_05_04_Cast20.hex
* Software version 2.6.1.12
* Temperature SN = 7321
* Conductivity SN = 7321
* System UpLoad Time = May 04 2022 13:37:05
* <ApplicationData>
* <Seaterm232>
** Messpraktikum 2022
** CTD 04.05 BM
# nquan = 11
# nvalues = 704                         
# units = specified
# name 0 = timeJ: Julian Days
# name 1 = prdM: Pressure, Strain Gauge [db]
# name 2 = tv290C: Temperature [ITS-90, deg C]
# name 3 = c0mS/cm: Conductivity [mS/cm]
# name 4 = sal00: Salinity, Practical [PSU]
# name 5 = depSM: Depth [salt water, m], lat = 54.00
# name 6 = oxsatMm/Kg: Oxygen Saturation, Weiss [umol/kg]
# name 7 = oxsolMm/Kg: Oxygen Saturation, Garcia & Gordon [umol/kg]
# name 8 = turbWETntu0: Turbidity, WET Labs ECO [NTU]
# name 9 = flECO-AFL: Fluorescence, WET Labs ECO-AFL/FL [mg/m^3]
# name 10 = flag:  0.000e+00
# span 0 = 124.562098, 124.564132       
# span 1 =      0.536,     17.069       
# span 2 =    12.0286,    12.2025       
# span 3 =  31.895318,  32.177687       
# span 4 =    27.0719,    27.4579       
# span 5 =      0.531,     16.916       
# span 6 =  277.07742,  277.47168       
# span 7 =  277.19414,  277.57859       
# span 8 =    12.8206,    33.5677       
# span 9 =     6.6668,     9.7158       
# span 10 = 0.0000e+00, 0.0000e+00      
# interval = seconds: 0.25
# start_time = May 04 2022 13:28:06 [Instrument's time stamp, header]
# bad_flag = -9.990e-29
*END*
[from data line 525]
 124.563617     12.876    12.0427  32.138229    27.4121     12.760  277.39164  277.49551    19.3264     8.4420 0.0000e+00
 124.563620     12.903    12.0428  32.138924    27.4120     12.788  277.38975  277.49363    19.3264     8.4218 0.0000e+00
 124.563623     12.929    12.0428  32.138518    27.4121     12.813  277.39083  277.49471    19.2175     8.4218 0.0000e+00
 124.563626     12.960    12.0427  32.138519    27.4120     12.844  277.39116  277.49504    19.4198     8.4137 -9.990e-29
 124.563628     12.984    12.0426  32.138924    27.4125     12.867  277.39106  277.49492    23.7311     8.4097 -9.990e-29
 124.563631     13.006    12.0428  32.138924    27.4123     12.889  277.39014  277.49401    23.6533     8.4137 -9.990e-29
 124.563634     13.029    12.0426  32.139330    27.4128     12.913  277.39004  277.49390    23.7000     8.3975 -9.990e-29
 124.563637     13.046    12.0427  32.140314    27.4137     12.929  277.38793  277.49178    23.6689     8.4258 -9.990e-29
 124.563640     13.064    12.0427  32.140719    27.4141     12.947  277.38719  277.49105    23.7000     8.4258 -9.990e-29
 124.563643     13.082    12.0427  32.140951    27.4143     12.965  277.38678  277.49063    19.7467     8.1306 -9.990e-29
 124.563646     13.103    12.0427  32.141357    27.4145     12.985  277.38605  277.48990    19.7622     8.1468 -9.990e-29
 124.563649     13.132    12.0426  32.141125    27.4149     13.014  277.38712  277.49096    19.8401     8.1913 0.0000e+00
 124.563652     13.161    12.0424  32.141762    27.4149     13.043  277.38660  277.49042    19.7000     8.1590 0.0000e+00
 124.563655     13.188    12.0423  32.142747    27.4152     13.070  277.38544  277.48924    21.9879     8.6199 -9.990e-29
 124.563657     13.210    12.0419  32.143384    27.4171     13.092  277.38586  277.48963    21.9879     8.6118 -9.990e-29
 124.563660     13.241    12.0418  32.144369    27.4181     13.122  277.38470  277.48845    22.0813     8.6401 -9.990e-29
 124.563663     13.263    12.0416  32.145122    27.4190     13.144  277.38427  277.48800    21.9568     8.6240 -9.990e-29
 124.563666     13.292    12.0413  32.145353    27.4194     13.173  277.38512  277.48883    22.0035     8.3045 -9.990e-29
 124.563669     13.316    12.0410  32.146570    27.4208     13.196  277.38448  277.48815    22.0346     8.2843 -9.990e-29
 124.563672     13.337    12.0408  32.146801    27.4211     13.218  277.38470  277.48835    21.9879     8.2722 -9.990e-29
 124.563675     13.354    12.0409  32.147612    27.4218     13.234  277.38290  277.48656    22.0502     8.3086 -9.990e-29
 124.563678     13.374    12.0407  32.148191    27.4225     13.254  277.38280  277.48643    22.7506     8.6968 -9.990e-29
 124.563681     13.389    12.0405  32.148597    27.4230     13.269  277.38300  277.48662    22.8128     8.6887 -9.990e-29
 124.563683     13.408    12.0402  32.148597    27.4232     13.288  277.38427  277.48787    22.7194     8.6644 -9.990e-29
 124.563686     13.428    12.0401  32.149640    27.4241     13.308  277.38269  277.48626    22.8128     8.6644 -9.990e-29
 124.563689     13.454    12.0399  32.149350    27.4243     13.333  277.38418  277.48774    22.5949     8.6765 0.0000e+00
 124.563692     13.483    12.0400  32.149814    27.4245     13.362  277.38303  277.48660    22.9373     8.5431 0.0000e+00
 124.563695     13.509    12.0399  32.149814    27.4245     13.388  277.38337  277.48693    22.8906     8.5674 0.0000e+00
 124.563698     13.534    12.0398  32.151030    27.4251     13.413  277.38178  277.48532    22.9062     8.5391 0.0000e+00
 124.563701     13.562    12.0395  32.151609    27.4258     13.440  277.38199  277.48550    22.9218     8.5552 -9.990e-29
 124.563704     13.586    12.0393  32.151609    27.4266     13.464  277.38263  277.48614    25.7233     8.7331 -9.990e-29
 124.563707     13.613    12.0392  32.152015    27.4271     13.491  277.38254  277.48602    25.6299     8.7574 -9.990e-29
 124.563709     13.635    12.0391  32.152420    27.4275     13.513  277.38212  277.48560    25.5988     8.7089 -9.990e-29
 124.563712     13.655    12.0391  32.152420    27.4275     13.532  277.38245  277.48592    25.7856     8.7291 -9.990e-29
 124.563715     13.675    12.0390  32.153058    27.4282     13.553  277.38161  277.48507    22.2836     8.8585 -9.990e-29
 124.563718     13.699    12.0389  32.154853    27.4300     13.576  277.37895  277.48239    22.1280     8.8828 -9.990e-29
 124.563721     13.719    12.0386  32.155085    27.4303     13.596  277.37948  277.48290    22.1591     8.8585 -9.990e-29
 124.563724     13.743    12.0384  32.156244    27.4321     13.619  277.37863  277.48201    22.0969     8.8787 -9.990e-29
 124.563727     13.770    12.0383  32.156649    27.4316     13.647  277.37822  277.48159    22.8284     8.6968 0.0000e+00
 124.563730     13.797    12.0380  32.155491    27.4321     13.674  277.38193  277.48530    22.7039     8.6846 0.0000e+00
 124.563733     13.823    12.0378  32.156476    27.4317     13.699  277.38077  277.48411    22.6572     8.6765 0.0000e+00
 124.563736     13.850    12.0377  32.155896    27.4322     13.726  277.38248  277.48582    22.7661     8.6806 -9.990e-29
 124.563738     13.874    12.0377  32.156649    27.4324     13.750  277.38080  277.48414    22.7039     8.6846 -9.990e-29
 124.563741     13.896    12.0376  32.156476    27.4324     13.771  277.38176  277.48509    20.8206     8.5471 -9.990e-29
 124.563744     13.919    12.0375  32.155839    27.4318     13.795  277.38326  277.48659    20.7895     8.5633 -9.990e-29
 124.563747     13.937    12.0377  32.155086    27.4310     13.812  277.38403  277.48738    20.7739     8.5471 -9.990e-29
 124.563750     13.958    12.0376  32.156071    27.4320     13.833  277.38255  277.48588    20.7895     8.5471 -9.990e-29
 124.563753     13.974    12.0375  32.155665    27.4316     13.849  277.38362  277.48695    22.3926     8.2964 -9.990e-29
 124.563756     13.989    12.0375  32.155318    27.4313     13.863  277.38427  277.48760    22.5638     8.2803 -9.990e-29
 124.563759     14.007    12.0377  32.154854    27.4307     13.882  277.38450  277.48785    22.3926     8.2964 -9.990e-29
 124.563762     14.029    12.0378  32.154449    27.4314     13.903  277.38463  277.48800    22.4393     8.3126 -9.990e-29
 124.563764     14.056    12.0378  32.155665    27.4313     13.930  277.38242  277.48577    19.7000     8.3733 0.0000e+00
 124.563767     14.084    12.0379  32.155492    27.4314     13.957  277.38244  277.48580    19.8401     8.3450 0.0000e+00
 124.563770     14.113    12.0380  32.156071    27.4312     13.986  277.38108  277.48444    19.7934     8.4016 0.0000e+00
 124.563773     14.144    12.0379  32.154449    27.4309     14.017  277.38440  277.48777    19.7311     8.3571 0.0000e+00
 124.563776     14.173    12.0376  32.155087    27.4302     14.046  277.38450  277.48785    23.0152     8.8747 0.0000e+00
 124.563779     14.201    12.0377  32.154334    27.4305     14.073  277.38528  277.48864    23.0930     8.8868 0.0000e+00
 124.563782     14.232    12.0377  32.154681    27.4301     14.104  277.38466  277.48802    23.0152     8.8909 -9.990e-29
 124.563785     14.248    12.0379  32.153870    27.4296     14.121  277.38553  277.48891    22.9840     8.8787 -9.990e-29
 124.563788     14.274    12.0378  32.154450    27.4302     14.146  277.38480  277.48817    22.9529     8.8545 -9.990e-29
 124.563791     14.290    12.0380  32.152654    27.4284     14.162  277.38748  277.49087    22.7973     8.6604 -9.990e-29
 124.563793     14.303    12.0381  32.153639    27.4292     14.175  277.38505  277.48845    22.7973     8.6765 -9.990e-29
 124.563796     14.323    12.0383  32.153871    27.4292     14.194  277.38370  277.48711    22.7194     8.6725 -9.990e-29
 124.563799     14.341    12.0384  32.153234    27.4285     14.213  277.38425  277.48768    22.7506     8.7048 -9.990e-29
 124.563802     14.363    12.0385  32.154508    27.4299     14.234  277.38161  277.48503    25.1319     8.8868 -9.990e-29
 124.563805     14.388    12.0384  32.154682    27.4304     14.259  277.38163  277.48503    25.2097     8.8706 0.0000e+00
 124.563808     14.414    12.0382  32.155493    27.4308     14.285  277.38110  277.48448    25.3031     8.8504 0.0000e+00
 124.563811     14.445    12.0381  32.155493    27.4309     14.316  277.38175  277.48512    25.1630     8.8787 0.0000e+00
 124.563814     14.474    12.0378  32.157288    27.4309     14.345  277.37972  277.48306    22.3926     8.9636 -9.990e-29
 124.563817     14.496    12.0375  32.157057    27.4327     14.366  277.38142  277.48474    22.4860     8.9919 -9.990e-29
 124.563819     14.527    12.0373  32.157057    27.4329     14.397  277.38238  277.48569    22.5638     8.9798 -9.990e-29
 124.563822     14.545    12.0371  32.157868    27.4338     14.415  277.38185  277.48513    22.3615     8.9717 -9.990e-29
 124.563825     14.567    12.0370  32.159895    27.4358     14.437  277.37877  277.48202    24.6961     8.5957 -9.990e-29
 124.563828     14.589    12.0369  32.160301    27.4362     14.458  277.37835  277.48159    24.6338     8.5957 -9.990e-29
 124.563831     14.605    12.0368  32.159722    27.4358     14.474  277.38006  277.48329    24.6494     8.6118 -9.990e-29
 124.563834     14.624    12.0367  32.159896    27.4360     14.493  277.38006  277.48329    24.6961     8.6280 -9.990e-29
 124.563837     14.642    12.0367  32.160938    27.4370     14.511  277.37816  277.48138    24.6961     8.5916 -9.990e-29
 124.563840     14.662    12.0365  32.161691    27.4376     14.531  277.37773  277.48093    24.7895     8.9919 -9.990e-29
 124.563843     14.690    12.0362  32.161286    27.4382     14.558  277.37975  277.48294    24.7584     8.9879 0.0000e+00
 124.563845     14.721    12.0363  32.162503    27.4387     14.589  277.37723  277.48040    24.7117     8.9636 0.0000e+00
 124.563848     14.746    12.0360  32.162618    27.4390     14.614  277.37829  277.48144    24.7895     9.0041 0.0000e+00
 124.563851     14.776    12.0358  32.163545    27.4395     14.643  277.37755  277.48068    24.3226     8.8787 0.0000e+00
 124.563854     14.803    12.0354  32.165341    27.4400     14.670  277.37615  277.47923    24.4004     8.8868 -9.990e-29
 124.563857     14.827    12.0351  32.164936    27.4419     14.694  277.37817  277.48123    24.4938     8.8787 -9.990e-29
 124.563860     14.852    12.0347  32.165573    27.4427     14.719  277.37890  277.48193    24.5560     8.8868 -9.990e-29
 124.563863     14.874    12.0345  32.166153    27.4434     14.741  277.37879  277.48180    24.4938     8.6240 -9.990e-29
 124.563866     14.896    12.0344  32.165979    27.4433     14.763  277.37944  277.48244    24.3692     8.6361 -9.990e-29
 124.563869     14.914    12.0343  32.166153    27.4436     14.781  277.37976  277.48275    24.3692     8.6361 -9.990e-29
 124.563872     14.931    12.0342  32.165689    27.4432     14.797  277.38094  277.48393    24.4938     8.6199 -9.990e-29
 124.563874     14.947    12.0343  32.165979    27.4434     14.813  277.38010  277.48310    23.2331     8.5391 -9.990e-29
 124.563877     14.969    12.0343  32.166558    27.4439     14.835  277.37905  277.48204    23.1864     8.5431 -9.990e-29
 124.563880     14.991    12.0342  32.165979    27.4434     14.857  277.38044  277.48344    23.2331     8.5593 -9.990e-29
 124.563883     15.017    12.0343  32.165979    27.4430     14.882  277.38015  277.48314    23.1552     8.5471 0.0000e+00
 124.563886     15.048    12.0343  32.165342    27.4428     14.913  277.38103  277.48403    23.2798     8.5391 0.0000e+00
 124.563889     15.077    12.0343  32.165342    27.4427     14.941  277.38136  277.48436    24.6650     8.9798 0.0000e+00
 124.563892     15.102    12.0341  32.165342    27.4428     14.967  277.38200  277.48500    24.6494     8.9758 -9.990e-29
 124.563895     15.126    12.0342  32.164705    27.4426     14.990  277.38288  277.48588    24.6338     8.9798 -9.990e-29
 124.563898     15.157    12.0343  32.165169    27.4426     15.021  277.38173  277.48474    24.6183     8.9758 0.0000e+00
 124.563900     15.184    12.0342  32.165748    27.4426     15.048  277.38100  277.48400    23.4510     8.5552 -9.990e-29
 124.563903     15.204    12.0341  32.165169    27.4427     15.068  277.38239  277.48539    23.3420     8.5633 -9.990e-29
 124.563906     15.222    12.0342  32.165748    27.4431     15.086  277.38103  277.48402    23.3420     8.5391 -9.990e-29
 124.563909     15.237    12.0343  32.165980    27.4433     15.101  277.38030  277.48330    23.4665     8.5754 -9.990e-29
 124.563912     15.252    12.0341  32.166733    27.4441     15.115  277.37955  277.48253    26.7661     8.9232 -9.990e-29
 124.563915     15.275    12.0341  32.167370    27.4447     15.138  277.37840  277.48137    26.7973     8.8909 -9.990e-29
 124.563918     15.299    12.0340  32.167602    27.4450     15.162  277.37862  277.48158    26.6883     8.9111 -9.990e-29
 124.563921     15.325    12.0339  32.167776    27.4452     15.187  277.37863  277.48158    26.6261     8.9475 -9.990e-29
 124.563924     15.346    12.0338  32.167544    27.4450     15.209  277.37938  277.48234    27.9023     8.8181 -9.990e-29
 124.563927     15.374    12.0337  32.167371    27.4449     15.236  277.38035  277.48329    27.8401     8.8100 0.0000e+00
 124.563929     15.405    12.0336  32.167139    27.4450     15.267  277.38111  277.48405    27.8712     8.8181 0.0000e+00
 124.563932     15.430    12.0336  32.168587    27.4459     15.292  277.37847  277.48139    27.9023     8.8059 0.0000e+00
 124.563935     15.456    12.0334  32.168182    27.4461     15.317  277.38017  277.48309    27.9490     8.7898 0.0000e+00
 124.563938     15.482    12.0332  32.167777    27.4459     15.343  277.38187  277.48478    24.6494     8.9555 -9.990e-29
 124.563941     15.502    12.0331  32.168588    27.4465     15.363  277.38103  277.48391    24.6650     8.9636 -9.990e-29
 124.563944     15.524    12.0329  32.168993    27.4470     15.384  277.38092  277.48380    24.7895     8.9596 -9.990e-29
 124.563947     15.540    12.0329  32.169804    27.4478     15.401  277.37976  277.48262    24.6650     8.9919 -9.990e-29
 124.563950     15.555    12.0329  32.169167    27.4472     15.415  277.38094  277.48381    26.2214     8.8342 -9.990e-29
 124.563953     15.576    12.0328  32.169167    27.4473     15.437  277.38127  277.48413    26.2214     8.8059 -9.990e-29
 124.563955     15.597    12.0327  32.170384    27.4484     15.457  277.37936  277.48221    26.1903     8.7938 -9.990e-29
 124.563958     15.624    12.0326  32.170210    27.4481     15.484  277.38033  277.48316    26.0657     8.7817 0.0000e+00
 124.563961     15.653    12.0326  32.169515    27.4481     15.513  277.38162  277.48447    25.9879     8.9636 0.0000e+00
 124.563964     15.680    12.0326  32.169979    27.4481     15.540  277.38048  277.48332    25.9257     8.9919 0.0000e+00
 124.563967     15.706    12.0325  32.170790    27.4486     15.565  277.37963  277.48246    25.9257     8.9636 0.0000e+00
 124.563970     15.735    12.0323  32.169979    27.4490     15.594  277.38208  277.48490    25.9257     8.9636 -9.990e-29
 124.563973     15.759    12.0323  32.169979    27.4483     15.618  277.38210  277.48492    26.5949     8.9960 -9.990e-29
 124.563976     15.788    12.0321  32.171196    27.4496     15.646  277.38083  277.48362    26.2681     8.9636 -9.990e-29
 124.563979     15.812    12.0319  32.171022    27.4495     15.670  277.38179  277.48458    26.3615     8.9515 -9.990e-29
 124.563981     15.832    12.0319  32.171427    27.4500     15.690  277.38137  277.48415    26.4704     8.9636 -9.990e-29
 124.563984     15.848    12.0319  32.171833    27.4503     15.706  277.38033  277.48310    26.4082     8.9798 -9.990e-29
 124.563987     15.867    12.0320  32.171428    27.4499     15.724  277.38077  277.48355    26.3459     8.7210 -9.990e-29
 124.563990     15.883    12.0321  32.171833    27.4502     15.741  277.37972  277.48251    26.4548     8.7574 -9.990e-29
