Processed/SBE19plus_01907321_2022_05_08_Cast88_wfilter.cnv
* Sea-Bird SBE19plus  Data File:
* FileName = E:\Prandtl Daten\2022\CTD\Raw\SBE19plus_01907321_2022_05_08_Cast88.hex
* Software version 2.6.1.12
* Temperature SN = 7321
* Conductivity SN = 7321
* System UpLoad Time = May 08 2022 12:32:52
* <ApplicationData>
* <Seaterm232>
** Messpraktikum 2022
** CTD 08.05 NP2
** NMEA Latitude = 54 09.28 N
** NMEA Longitude = 008 42.02 E
# nquan = 11
# nvalues = 448                         
# units = specified
# name 0 = timeJ: Julian Days
# name 1 = prdM: Pressure, Strain Gauge [db]
# name 2 = tv290C: Temperature [ITS-90, deg C]
# name 3 = c0mS/cm: Conductivity [mS/cm]
# name 4 = sal00: Salinity, Practical [PSU]
# name 5 = depSM: Depth [salt water, m], lat = 54.00
# name 6 = oxsatMm/Kg: Oxygen Saturation, Weiss [umol/kg]
# name 7 = oxsolMm/Kg: Oxygen Saturation, Garcia & Gordon [umol/kg]
# name 8 = turbWETntu0: Turbidity, WET Labs ECO [NTU]
# name 9 = flECO-AFL: Fluorescence, WET Labs ECO-AFL/FL [mg/m^3]
# name 10 = flag:  0.000e+00
# span 0 = 128.518261, 128.519554       
# span 1 =      0.468,     13.481       
# span 2 =    12.5700,    12.8013       
# span 3 =  32.712366,  32.765034       
# span 4 =    27.4425,    27.5947       
# span 5 =      0.464,     13.360       
# span 6 =  272.89672,  273.95229       
# span 7 =  273.04558,  274.08605       
# span 8 =    -0.5802,    48.1047       
# span 9 =     1.9762,    12.1662       
# span 10 = 0.0000e+00, 0.0000e+00      
# interval = seconds: 0.25
# start_time = May 08 2022 12:25:13 [Instrument's time stamp, header]
# bad_flag = -9.990e-29
*END*
 128.518261      0.468    12.6794  32.713823    27.4901      0.464  273.51734  273.65864     2.6261     3.1084 -9.990e-29
 128.518264      0.481    12.6801  32.713823    27.4896      0.477  273.51423  273.65557     2.5171     3.1044 -9.990e-29
 128.518267      0.484    12.6808  32.714406    27.4896      0.480  273.50976  273.65115     2.7817     3.1044 -9.990e-29
 128.518270      0.485    12.6813  32.713998    27.4888      0.480  273.50829  273.64973     2.6416     3.0680 -9.990e-29
 128.518273      0.490    12.6808  32.713998    27.4892      0.486  273.51080  273.65219     2.0502     2.8335 -9.990e-29
 128.518275      0.501    12.6798  32.712540    27.4889      0.497  273.51777  273.65911     2.1436     2.8497 -9.990e-29
 128.518278      0.528    12.6799  32.712949    27.4889      0.524  273.51675  273.65809     2.1436     2.8618 0.0000e+00
 128.518281      0.567    12.6799  32.712366    27.4889      0.561  273.51750  273.65885     2.1903     2.8173 -9.990e-29
 128.518284      0.587    12.6789  32.713999    27.4905      0.582  273.51898  273.66025     1.6299     2.7890 -9.990e-29
 128.518287      0.605    12.6784  32.713591    27.4897      0.600  273.52191  273.66315     1.7700     2.8416 -9.990e-29
 128.518290      0.636    12.6782  32.712541    27.4919      0.630  273.52473  273.66597     1.7700     2.8416 0.0000e+00
 128.518293      0.676    12.6792  32.718139    27.4942      0.670  273.51044  273.65169     1.9412     2.8537 0.0000e+00
 128.518296      0.720    12.6854  32.726361    27.4958      0.714  273.46869  273.61027     1.7078     2.8537 0.0000e+00
 128.518299      0.753    12.6976  32.726127    27.4973      0.746  273.41571  273.55810    -0.0354     2.1420 -9.990e-29
 128.518302      0.769    12.7072  32.727992    27.4829      0.762  273.37055  273.51356     0.0735     2.1137 -9.990e-29
 128.518304      0.780    12.7139  32.728866    27.4789      0.773  273.33964  273.48308    -0.0199     2.1744 -9.990e-29
 128.518307      0.791    12.7182  32.723442    27.4707      0.784  273.33020  273.47399     0.0580     2.1744 -9.990e-29
 128.518310      0.810    12.7173  32.728400    27.4759      0.802  273.32549  273.46916     0.0268     2.0894 -9.990e-29
 128.518313      0.835    12.7192  32.735398    27.4806      0.828  273.30466  273.44840     0.0891     2.0935 -9.990e-29
 128.518316      0.875    12.7287  32.742397    27.4770      0.867  273.25105  273.39534     0.1047     2.0652 0.0000e+00
 128.518319      0.921    12.7424  32.745487    27.4735      0.913  273.18531  273.33048     0.0735     2.1097 0.0000e+00
 128.518322      0.964    12.7533  32.745720    27.4658      0.956  273.13744  273.28332     0.4938     2.2067 0.0000e+00
 128.518325      0.999    12.7599  32.745952    27.4635      0.990  273.10830  273.25462     0.7428     2.2108 0.0000e+00
 128.518328      1.028    12.7635  32.744844    27.4612      1.019  273.09434  273.24091     0.7272     2.2350 -9.990e-29
 128.518330      1.050    12.7646  32.747352    27.4591      1.041  273.08523  273.23185     0.3848     2.1541 -9.990e-29
 128.518333      1.074    12.7662  32.745252    27.4559      1.064  273.08178  273.22852     1.3342     2.4817 -9.990e-29
 128.518336      1.097    12.7670  32.747702    27.4566      1.088  273.07402  273.22080     1.2564     2.4332 -9.990e-29
 128.518339      1.126    12.7684  32.747760    27.4564      1.116  273.06769  273.21456     1.3654     2.4857 0.0000e+00
 128.518342      1.156    12.7689  32.747527    27.4561      1.145  273.06625  273.21314     1.2253     2.4615 0.0000e+00
 128.518345      1.188    12.7685  32.747294    27.4561      1.178  273.06824  273.21512     1.5054     2.4938 0.0000e+00
 128.518348      1.218    12.7682  32.747352    27.4564      1.207  273.06941  273.21626     1.7856     2.7081 0.0000e+00
 128.518351      1.249    12.7685  32.748577    27.4564      1.237  273.06601  273.21288     2.0502     2.6839 0.0000e+00
 128.518354      1.278    12.7695  32.745894    27.4541      1.266  273.06640  273.21336     1.8945     2.7445 0.0000e+00
 128.518356      1.309    12.7683  32.742978    27.4522      1.297  273.07689  273.22380     1.8634     2.7526 0.0000e+00
 128.518359      1.340    12.7637  32.739303    27.4522      1.328  273.10373  273.25036     2.2369     2.7728 0.0000e+00
 128.518362      1.380    12.7576  32.739946    27.4572      1.368  273.12918  273.27541     1.9724     2.7809 0.0000e+00
 128.518365      1.416    12.7532  32.737146    27.4578      1.404  273.15353  273.29949     1.9879     2.7850 0.0000e+00
 128.518368      1.446    12.7482  32.735631    27.4600      1.433  273.17811  273.32376     2.0191     2.7647 0.0000e+00
 128.518371      1.479    12.7441  32.737848    27.4625      1.465  273.19202  273.33737     1.5988     2.7283 0.0000e+00
 128.518374      1.508    12.7434  32.738256    27.4650      1.494  273.19413  273.33944     1.6144     2.7122 -9.990e-29
 128.518377      1.533    12.7441  32.737148    27.4643      1.520  273.19298  273.33835     1.8478     2.7283 -9.990e-29
 128.518380      1.553    12.7432  32.735806    27.4637      1.539  273.19943  273.34475     1.7700     2.6960 -9.990e-29
 128.518383      1.577    12.7423  32.736856    27.4653      1.563  273.20165  273.34690     1.3809     2.4412 -9.990e-29
 128.518385      1.601    12.7421  32.737032    27.4657      1.586  273.20229  273.34753     1.3965     2.4291 -9.990e-29
 128.518388      1.619    12.7421  32.734582    27.4645      1.605  273.20633  273.35159     1.3187     2.4372 -9.990e-29
 128.518391      1.646    12.7419  32.735632    27.4648      1.632  273.20574  273.35097     1.3654     2.4898 0.0000e+00
 128.518394      1.677    12.7409  32.735632    27.4652      1.662  273.20982  273.35499     1.4587     2.4655 0.0000e+00
 128.518397      1.716    12.7395  32.737149    27.4673      1.700  273.21341  273.35847     1.4587     2.5342 0.0000e+00
 128.518400      1.750    12.7396  32.736857    27.4673      1.735  273.21364  273.35871     1.6766     2.4938 0.0000e+00
 128.518403      1.781    12.7399  32.736041    27.4663      1.765  273.21385  273.35895     1.6766     2.5302 0.0000e+00
 128.518406      1.816    12.7391  32.734758    27.4659      1.800  273.21927  273.36434     1.6144     2.5140 0.0000e+00
 128.518409      1.845    12.7379  32.735750    27.4656      1.828  273.22316  273.36813     1.6144     2.6111 -9.990e-29
 128.518411      1.869    12.7374  32.733533    27.4657      1.852  273.22898  273.37394     1.4899     2.6192 -9.990e-29
 128.518414      1.894    12.7366  32.734350    27.4673      1.877  273.23130  273.37619     1.6299     2.5626 -9.990e-29
 128.518417      1.923    12.7355  32.733767    27.4678      1.906  273.23704  273.38187     1.5833     2.5909 0.0000e+00
 128.518420      1.952    12.7344  32.733942    27.4683      1.935  273.24174  273.38650     0.9607     2.3078 0.0000e+00
 128.518423      1.985    12.7337  32.734992    27.4683      1.968  273.24303  273.38773     0.8517     2.3038 0.0000e+00
 128.518426      2.016    12.7339  32.733534    27.4695      1.998  273.24438  273.38911     0.8050     2.3321 0.0000e+00
 128.518429      2.056    12.7347  32.735576    27.4688      2.038  273.23736  273.38212     0.9296     2.3685 0.0000e+00
 128.518432      2.089    12.7360  32.735809    27.4688      2.071  273.23134  273.37619     1.5988     2.5828 0.0000e+00
 128.518435      2.122    12.7377  32.736042    27.4677      2.103  273.22345  273.36841     1.5833     2.5989 0.0000e+00
 128.518438      2.157    12.7384  32.735750    27.4670      2.137  273.22118  273.36618     1.6611     2.5626 0.0000e+00
 128.518440      2.188    12.7384  32.734351    27.4670      2.168  273.22368  273.36869     1.6455     2.5626 0.0000e+00
 128.518443      2.222    12.7371  32.734759    27.4670      2.202  273.22860  273.37353     1.5677     2.5747 0.0000e+00
 128.518446      2.253    12.7367  32.736451    27.4679      2.233  273.22719  273.37207     0.9918     2.2471 0.0000e+00
 128.518449      2.284    12.7384  32.736742    27.4688      2.264  273.21951  273.36450     0.8206     2.2633 -9.990e-29
 128.518452      2.308    12.7400  32.737034    27.4669      2.287  273.21182  273.35692     0.8206     2.2188 -9.990e-29
 128.518455      2.330    12.7411  32.738084    27.4671      2.309  273.20529  273.35045     0.6494     2.2633 -9.990e-29
 128.518458      2.345    12.7416  32.739542    27.4681      2.324  273.20053  273.34570     0.9140     2.2229 -9.990e-29
 128.518461      2.363    12.7434  32.742983    27.4699      2.342  273.18632  273.33159     0.7584     2.2714 -9.990e-29
 128.518464      2.385    12.7472  32.744675    27.4691      2.364  273.16678  273.31228     0.8362     2.2512 -9.990e-29
 128.518466      2.412    12.7530  32.749633    27.4678      2.391  273.13272  273.27855     0.9296     2.2876 0.0000e+00
 128.518469      2.441    12.7595  32.751849    27.4664      2.420  273.10038  273.24663     0.6961     2.2108 0.0000e+00
 128.518472      2.480    12.7654  32.749398    27.4599      2.458  273.07912  273.22577     0.5871     2.1663 0.0000e+00
 128.518475      2.516    12.7670  32.748990    27.4599      2.494  273.07268  273.21945     0.4315     2.2269 0.0000e+00
 128.518478      2.560    12.7667  32.751265    27.4594      2.537  273.07025  273.21697     0.4938     2.2269 0.0000e+00
 128.518481      2.593    12.7672  32.750274    27.4606      2.569  273.06984  273.21660     0.7584     2.3199 0.0000e+00
 128.518484      2.633    12.7670  32.751440    27.4594      2.609  273.06842  273.21517     0.8829     2.3159 0.0000e+00
 128.518487      2.668    12.7675  32.748757    27.4592      2.644  273.07100  273.21781     0.9140     2.3078 0.0000e+00
 128.518490      2.699    12.7668  32.748699    27.4577      2.675  273.07425  273.22101     1.1475     2.3523 -9.990e-29
 128.518492      2.721    12.7661  32.750041    27.4599      2.696  273.07502  273.22171     0.8829     2.3685 -9.990e-29
 128.518495      2.744    12.7653  32.749808    27.4602      2.720  273.07888  273.22553     0.8829     2.3482 -9.990e-29
 128.518498      2.764    12.7651  32.751441    27.4620      2.740  273.07695  273.22356     1.1319     2.3402 -9.990e-29
 128.518501      2.793    12.7659  32.752258    27.4618      2.768  273.07177  273.21844     1.1163     2.3118 0.0000e+00
 128.518504      2.821    12.7679  32.753308    27.4617      2.796  273.06118  273.20797     1.1163     2.3199 0.0000e+00
 128.518507      2.855    12.7691  32.754358    27.4615      2.830  273.05435  273.20120    -0.1132     2.0935 0.0000e+00
 128.518510      2.890    12.7697  32.754183    27.4617      2.864  273.05187  273.19877     0.3070     2.0652 0.0000e+00
 128.518513      2.917    12.7700  32.755992    27.4618      2.891  273.04775  273.19465     0.1669     2.1178 0.0000e+00
 128.518516      2.948    12.7715  32.756400    27.4625      2.922  273.04018  273.18717     0.1047     2.0894 0.0000e+00
 128.518519      2.981    12.7737  32.759317    27.4620      2.955  273.02536  273.17247    -0.5490     2.0531 0.0000e+00
 128.518521      3.012    12.7767  32.760659    27.4620      2.985  273.01019  273.15749    -0.5335     1.9924 0.0000e+00
 128.518524      3.045    12.7808  32.757858    27.4592      3.018  272.99704  273.14463    -0.4712     1.9762 0.0000e+00
 128.518527      3.071    12.7830  32.758441    27.4563      3.043  272.98634  273.13407    -0.5802     2.0126 -9.990e-29
 128.518530      3.091    12.7845  32.757507    27.4534      3.063  272.98176  273.12959    -0.0043     2.1056 -9.990e-29
 128.518533      3.115    12.7853  32.760541    27.4556      3.087  272.97297  273.12083    -0.1599     2.1137 -9.990e-29
 128.518536      3.138    12.7879  32.760716    27.4538      3.110  272.96112  273.10915    -0.0510     2.1946 -9.990e-29
 128.518539      3.166    12.7900  32.762816    27.4543      3.137  272.94836  273.09651    -0.2378     2.1582 -9.990e-29
 128.518542      3.189    12.7923  32.762991    27.4493      3.161  272.93807  273.08637    -0.2066     2.0773 -9.990e-29
 128.518545      3.217    12.7941  32.760716    27.4493      3.188  272.93398  273.08242    -0.0043     2.0733 0.0000e+00
 128.518547      3.255    12.7939  32.760541    27.4493      3.226  272.93526  273.08368     0.0891     2.0975 0.0000e+00
 128.518550      3.291    12.7937  32.761066    27.4496      3.262  272.93529  273.08370     0.1825     2.0692 0.0000e+00
 128.518553      3.326    12.7940  32.760949    27.4498      3.296  272.93427  273.08270     0.1202     2.0167 0.0000e+00
 128.518556      3.366    12.7943  32.761533    27.4498      3.336  272.93170  273.08015    -0.3778     2.2188 0.0000e+00
 128.518559      3.399    12.7948  32.762583    27.4498      3.369  272.92768  273.07615    -0.4090     2.2310 0.0000e+00
 128.518562      3.430    12.7958  32.762642    27.4500      3.399  272.92322  273.07176    -0.3156     2.1501 0.0000e+00
 128.518565      3.467    12.7969  32.763400    27.4497      3.436  272.91722  273.06582    -0.4712     2.1541 -9.990e-29
 128.518568      3.490    12.7974  32.763633    27.4495      3.459  272.91464  273.06326     0.1513     2.1946 -9.990e-29
 128.518571      3.512    12.7983  32.763809    27.4490      3.481  272.91059  273.05928    -0.0510     2.2067 -9.990e-29
 128.518573      3.529    12.7991  32.764042    27.4487      3.497  272.90675  273.05549    -0.1132     2.2431 -9.990e-29
 128.518576      3.554    12.7996  32.765034    27.4487      3.522  272.90283  273.05159     0.0580     2.2188 -9.990e-29
 128.518579      3.580    12.8003  32.765034    27.4483      3.548  272.89972  273.04853    -0.0510     2.4938 0.0000e+00
 128.518582      3.616    12.8011  32.764800    27.4479      3.584  272.89672  273.04558    -0.0043     2.5302 0.0000e+00
 128.518585      3.651    12.8013  32.763634    27.4467      3.618  272.89787  273.04675     0.0735     2.4979 0.0000e+00
 128.518588      3.686    12.8004  32.762992    27.4467      3.653  272.90277  273.05161     0.1202     2.4655 0.0000e+00
 128.518591      3.718    12.7992  32.762234    27.4467      3.685  272.90945  273.05821     0.2292     2.5585 0.0000e+00
 128.518594      3.751    12.7978  32.758442    27.4443      3.718  272.92210  273.07081    -0.3778     2.3159 0.0000e+00
 128.518597      3.786    12.7942  32.753716    27.4434      3.752  272.94641  273.09492    -0.0043     2.3199 0.0000e+00
 128.518600      3.815    12.7884  32.752900    27.4425      3.781  272.97318  273.12132     0.0113     2.3402 -9.990e-29
 128.518602      3.840    12.7835  32.752259    27.4489      3.806  272.99559  273.14341    -0.0821     2.3563 -9.990e-29
 128.518605      3.864    12.7801  32.751851    27.4510      3.829  273.01132  273.15893     2.6883     3.1408 -9.990e-29
 128.518608      3.888    12.7782  32.750626    27.4513      3.853  273.02194  273.16943     2.9218     3.1448 -9.990e-29
 128.518611      3.906    12.7767  32.751268    27.4529      3.871  273.02707  273.17446     2.6883     3.1893 -9.990e-29
 128.518614      3.926    12.7757  32.749460    27.4519      3.891  273.03465  273.18199     2.8595     3.1125 -9.990e-29
 128.518617      3.948    12.7739  32.744444    27.4483      3.912  273.05166  273.19893     8.9762     4.5237 -9.990e-29
 128.518620      3.975    12.7686  32.739953    27.4500      3.940  273.08275  273.22971     9.1630     4.5844 0.0000e+00
 128.518623      4.006    12.7593  32.736337    27.4517      3.970  273.12979  273.27618     8.8984     4.5763 0.0000e+00
 128.518626      4.043    12.7482  32.734589    27.4581      4.006  273.18136  273.32703     9.1008     4.5844 0.0000e+00
 128.518628      4.077    12.7362  32.736048    27.4681      4.041  273.23129  273.37616     9.7233     4.7785 0.0000e+00
 128.518631      4.114    12.7248  32.735000    27.4755      4.077  273.28317  273.42729     9.5833     4.7502 0.0000e+00
 128.518634      4.152    12.7104  32.735351    27.4862      4.115  273.34568  273.48884     9.8012     4.7866 0.0000e+00
 128.518637      4.190    12.7005  32.735411    27.4935      4.153  273.38902  273.53152     9.8012     4.7502 0.0000e+00
