Processed/SBE19plus_01907321_2022_05_08_Cast88_wfilter.cnv
* Sea-Bird SBE19plus  Data File:
* FileName = E:\Prandtl Daten\2022\CTD\Raw\SBE19plus_01907321_2022_05_08_Cast88.hex
* Software version 2.6.1.12
* Temperature SN = 7321
* Conductivity SN = 7321
* System UpLoad Time = May 08 2022 12:32:52
* <ApplicationData>
* <Seaterm232>
** Messpraktikum 2022
** CTD 08.05 NP2
** NMEA Latitude = 54 09.28 N
** NMEA Longitude = 008 42.02 E
# nquan = 11
# nvalues = 448                         
# units = specified
# name 0 = timeJ: Julian Days
# name 1 = prdM: Pressure, Strain Gauge [db]
# name 2 = tv290C: Temperature [ITS-90, deg C]
# name 3 = c0mS/cm: Conductivity [mS/cm]
# name 4 = sal00: Salinity, Practical [PSU]
# name 5 = depSM: Depth [salt water, m], lat = 54.00
# name 6 = oxsatMm/Kg: Oxygen Saturation, Weiss [umol/kg]
# name 7 = oxsolMm/Kg: Oxygen Saturation, Garcia & Gordon [umol/kg]
# name 8 = turbWETntu0: Turbidity, WET Labs ECO [NTU]
# name 9 = flECO-AFL: Fluorescence, WET Labs ECO-AFL/FL [mg/m^3]
# name 10 = flag:  0.000e+00
# span 0 = 128.518261, 128.519554       
# span 1 =      0.468,     13.481       
# span 2 =    12.5700,    12.8013       
# span 3 =  32.712366,  32.765034       
# span 4 =    27.4425,    27.5947       
# span 5 =      0.464,     13.360       
# span 6 =  272.89672,  273.95229       
# span 7 =  273.04558,  274.08605       
# span 8 =    -0.5802,    48.1047       
# span 9 =     1.9762,    12.1662       
# span 10 = 0.0000e+00, 0.0000e+00      
# interval = seconds: 0.25
# start_time = May 08 2022 12:25:13 [Instrument's time stamp, header]
# bad_flag = -9.990e-29
*END*
[from data line 263]
 128.519022      8.124    12.5726  32.745120    27.5943      8.051  273.93493  274.06882    21.0074     7.6211 0.0000e+00
 128.519025      8.157    12.5723  32.743895    27.5945      8.084  273.93839  274.07227    21.0229     7.6495 0.0000e+00
 128.519028      8.184    12.5723  32.745120    27.5941      8.111  273.93622  274.07009    20.8673     7.6050 0.0000e+00
 128.519031      8.213    12.5722  32.745178    27.5947      8.140  273.93644  274.07031    21.1163     7.6495 -9.990e-29
 128.519034      8.231    12.5722  32.744478    27.5941      8.158  273.93802  274.07189    20.9918     7.6131 -9.990e-29
 128.519036      8.250    12.5722  32.744478    27.5934      8.176  273.93772  274.07159    22.4548     7.5443 -9.990e-29
 128.519039      8.275    12.5724  32.743837    27.5936      8.201  273.93826  274.07215    22.5794     7.5524 0.0000e+00
 128.519042      8.303    12.5725  32.744304    27.5937      8.228  273.93682  274.07071    22.6416     7.5079 0.0000e+00
 128.519045      8.332    12.5723  32.745120    27.5941      8.257  273.93632  274.07019    22.7194     7.5241 0.0000e+00
 128.519048      8.366    12.5725  32.744712    27.5941      8.291  273.93644  274.07033    21.1630     7.7748 0.0000e+00
 128.519051      8.401    12.5724  32.744596    27.5941      8.326  273.93699  274.07087    21.1008     7.7586 0.0000e+00
 128.519054      8.436    12.5723  32.745121    27.5943      8.360  273.93638  274.07026    21.2253     7.7950 0.0000e+00
 128.519057      8.472    12.5724  32.744887    27.5943      8.396  273.93651  274.07039    21.1319     7.7708 0.0000e+00
 128.519060      8.501    12.5720  32.744596    27.5943      8.425  273.93861  274.07247    18.2525     6.5658 0.0000e+00
 128.519063      8.536    12.5720  32.742846    27.5926      8.460  273.94176  274.07564    18.2058     6.5536 0.0000e+00
 128.519065      8.565    12.5720  32.742030    27.5923      8.489  273.94355  274.07743    18.4082     6.5900 0.0000e+00
 128.519068      8.591    12.5719  32.743255    27.5919      8.514  273.94169  274.07555    18.2836     6.6385 -9.990e-29
 128.519071      8.607    12.5721  32.743430    27.5931      8.530  273.94045  274.07433    15.7934     6.4404 -9.990e-29
 128.519074      8.631    12.5724  32.743488    27.5929      8.554  273.93912  274.07301    15.6066     6.2665 -9.990e-29
 128.519077      8.657    12.5730  32.742846    27.5919      8.579  273.93779  274.07172    15.4976     6.2463 -9.990e-29
 128.519080      8.679    12.5735  32.741855    27.5908      8.601  273.93708  274.07106    15.5443     6.2746 -9.990e-29
 128.519083      8.713    12.5742  32.742671    27.5899      8.635  273.93252  274.06655    15.8245     6.3151 0.0000e+00
 128.519086      8.752    12.5749  32.741388    27.5890      8.673  273.93172  274.06581    15.4976     6.6749 0.0000e+00
 128.519089      8.786    12.5757  32.741621    27.5887      8.708  273.92821  274.06234    15.6222     6.5698 0.0000e+00
 128.519091      8.823    12.5763  32.740688    27.5874      8.744  273.92709  274.06127    15.5443     6.5698 0.0000e+00
 128.519094      8.856    12.5772  32.740163    27.5863      8.776  273.92431  274.05855    15.6844     6.6426 0.0000e+00
 128.519097      8.887    12.5787  32.739172    27.5844      8.807  273.91923  274.05360    15.8868     6.1735 0.0000e+00
 128.519100      8.919    12.5798  32.740280    27.5842      8.840  273.91260  274.04702    15.6844     6.1533 0.0000e+00
 128.519103      8.952    12.5803  32.739347    27.5838      8.872  273.91179  274.04626    15.9023     6.2099 0.0000e+00
 128.519106      8.985    12.5805  32.738938    27.5831      8.905  273.91192  274.04640    15.8868     6.2504 -9.990e-29
 128.519109      9.007    12.5806  32.740163    27.5837      8.926  273.90912  274.04360    17.6455     6.8569 -9.990e-29
 128.519112      9.029    12.5808  32.739697    27.5831      8.948  273.90934  274.04384    17.4899     6.8245 -9.990e-29
 128.519115      9.050    12.5806  32.739580    27.5821      8.969  273.91019  274.04468    17.5521     6.8569 -9.990e-29
 128.519117      9.079    12.5806  32.738530    27.5818      8.998  273.91208  274.04658    17.4899     6.8245 0.0000e+00
 128.519120      9.107    12.5806  32.737889    27.5815      9.025  273.91325  274.04775    18.8906     6.8407 0.0000e+00
 128.519123      9.138    12.5808  32.737947    27.5814      9.056  273.91223  274.04675    20.5716     6.8448 0.0000e+00
 128.519126      9.170    12.5810  32.736897    27.5814      9.088  273.91350  274.04804    20.5560     6.9095 0.0000e+00
 128.519129      9.201    12.5805  32.738764    27.5824      9.119  273.91237  274.04686    20.4938     6.9176 0.0000e+00
 128.519132      9.232    12.5798  32.738939    27.5831      9.150  273.91520  274.04964    20.5249     6.9014 0.0000e+00
 128.519135      9.263    12.5789  32.739348    27.5836      9.180  273.91823  274.05261    19.6533     7.1683 0.0000e+00
 128.519138      9.294    12.5780  32.738123    27.5841      9.211  273.92450  274.05882    19.5910     7.1440 0.0000e+00
 128.519141      9.327    12.5773  32.739581    27.5845      9.244  273.92504  274.05930    19.5910     7.0833 0.0000e+00
 128.519144      9.353    12.5768  32.739698    27.5854      9.269  273.92703  274.06126    19.9334     7.1763 -9.990e-29
 128.519146      9.377    12.5764  32.739582    27.5861      9.293  273.92881  274.06302    17.8323     6.8326 -9.990e-29
 128.519149      9.402    12.5758  32.738940    27.5859      9.318  273.93278  274.06695    17.5988     6.8407 -9.990e-29
 128.519152      9.426    12.5755  32.739349    27.5859      9.342  273.93332  274.06746    17.8945     6.8165 -9.990e-29
 128.519155      9.455    12.5753  32.738532    27.5865      9.371  273.93573  274.06987    17.7856     6.8852 0.0000e+00
 128.519158      9.482    12.5751  32.739757    27.5872      9.398  273.93450  274.06861    18.7350     7.1400 0.0000e+00
 128.519161      9.519    12.5747  32.739991    27.5872      9.434  273.93566  274.06975    18.4548     7.1036 0.0000e+00
 128.519164      9.554    12.5745  32.739116    27.5876      9.468  273.93818  274.07227    18.4548     7.1116 0.0000e+00
 128.519167      9.588    12.5742  32.739991    27.5870      9.502  273.93820  274.07226    18.5794     7.1278 0.0000e+00
 128.519170      9.625    12.5742  32.738299    27.5880      9.539  273.94125  274.07532    18.4082     7.0874 0.0000e+00
 128.519172      9.658    12.5739  32.740399    27.5883      9.571  273.93877  274.07280    20.2292     7.0833 0.0000e+00
 128.519175      9.687    12.5737  32.739933    27.5883      9.600  273.94056  274.07458    20.0580     7.0672 0.0000e+00
 128.519178      9.720    12.5737  32.739350    27.5883      9.633  273.94162  274.07564    20.1358     7.0550 0.0000e+00
 128.519181      9.752    12.5736  32.740983    27.5885      9.665  273.93904  274.07304    20.3226     7.0672 0.0000e+00
 128.519184      9.780    12.5735  32.741275    27.5893      9.692  273.93885  274.07284    20.6650     6.9459 -9.990e-29
 128.519187      9.803    12.5734  32.742033    27.5904      9.716  273.93813  274.07211    20.8206     6.9337 -9.990e-29
 128.519190      9.827    12.5737  32.741800    27.5900      9.739  273.93732  274.07132    20.7272     6.9176 -9.990e-29
 128.519193      9.851    12.5738  32.742442    27.5905      9.763  273.93556  274.06957    20.5871     6.9459 -9.990e-29
 128.519196      9.875    12.5738  32.741858    27.5896      9.786  273.93662  274.07063    20.6027     7.6171 -9.990e-29
 128.519198      9.906    12.5740  32.741625    27.5899      9.817  273.93643  274.07046    20.6650     7.6414 0.0000e+00
 128.519201      9.937    12.5742  32.742442    27.5896      9.848  273.93406  274.06809    20.7428     7.6171 0.0000e+00
 128.519204      9.968    12.5746  32.741100    27.5890      9.879  273.93461  274.06868    20.8362     7.6454 0.0000e+00
 128.519207     10.001    12.5749  32.741800    27.5890      9.911  273.93213  274.06621    18.9685     7.0429 0.0000e+00
 128.519210     10.032    12.5749  32.741800    27.5890      9.942  273.93215  274.06623    18.9996     7.0672 0.0000e+00
 128.519213     10.061    12.5751  32.742676    27.5897      9.971  273.92967  274.06376    18.9685     7.1076 0.0000e+00
 128.519216     10.088    12.5751  32.742676    27.5897      9.998  273.92969  274.06378    19.0307     7.1076 0.0000e+00
 128.519219     10.119    12.5749  32.742676    27.5898     10.029  273.93033  274.06441    19.0463     7.0591 0.0000e+00
 128.519222     10.149    12.5749  32.741393    27.5898     10.058  273.93265  274.06674    19.2331     6.9661 -9.990e-29
 128.519225     10.172    12.5747  32.742443    27.5897     10.081  273.93172  274.06579    19.3264     6.9539 -9.990e-29
 128.519227     10.192    12.5745  32.742268    27.5897     10.101  273.93298  274.06704    19.4976     7.0308 -9.990e-29
 128.519230     10.214    12.5745  32.741801    27.5897     10.123  273.93383  274.06789    19.3420     6.9701 -9.990e-29
 128.519233     10.245    12.5745  32.742268    27.5898     10.154  273.93333  274.06738    23.8245     7.7344 0.0000e+00
 128.519236     10.273    12.5745  32.742443    27.5898     10.181  273.93272  274.06678    23.9646     7.7586 0.0000e+00
 128.519239     10.309    12.5743  32.742443    27.5898     10.217  273.93368  274.06772    23.7000     7.7667 0.0000e+00
 128.519242     10.346    12.5742  32.741802    27.5896     10.253  273.93517  274.06921    24.1202     7.7829 0.0000e+00
 128.519245     10.388    12.5742  32.742035    27.5896     10.295  273.93509  274.06912    25.1008     7.9689 0.0000e+00
 128.519248     10.420    12.5743  32.742093    27.5896     10.327  273.93438  274.06843    25.0852     7.9649 0.0000e+00
 128.519251     10.457    12.5744  32.743493    27.5902     10.363  273.93160  274.06563    25.1475     7.9487 0.0000e+00
 128.519253     10.493    12.5745  32.742852    27.5905     10.399  273.93245  274.06650    25.1008     7.9527 0.0000e+00
 128.519256     10.524    12.5747  32.744019    27.5902     10.430  273.92914  274.06320    22.2525     7.6980 -9.990e-29
 128.519259     10.548    12.5747  32.744077    27.5911     10.453  273.92905  274.06311    22.2992     7.7061 -9.990e-29
 128.519262     10.573    12.5749  32.743669    27.5905     10.479  273.92886  274.06294    22.3303     7.7020 -9.990e-29
 128.519265     10.588    12.5751  32.743902    27.5906     10.493  273.92783  274.06191    22.2058     7.6818 -9.990e-29
 128.519268     10.604    12.5753  32.744019    27.5906     10.509  273.92670  274.06079    22.0969     7.6899 -9.990e-29
 128.519271     10.628    12.5754  32.743669    27.5902     10.533  273.92703  274.06113    21.1630     7.6535 -9.990e-29
 128.519274     10.651    12.5755  32.742852    27.5903     10.556  273.92788  274.06200    21.3965     7.6211 -9.990e-29
 128.519277     10.679    12.5757  32.744019    27.5899     10.583  273.92519  274.05931    21.0852     7.6292 0.0000e+00
 128.519280     10.712    12.5757  32.743261    27.5903     10.616  273.92625  274.06038    21.2720     7.6252 0.0000e+00
 128.519282     10.745    12.5757  32.744078    27.5895     10.648  273.92513  274.05925    23.2642     7.6292 0.0000e+00
 128.519285     10.779    12.5757  32.742444    27.5901     10.683  273.92807  274.06220    23.1241     7.5686 0.0000e+00
 128.519288     10.810    12.5757  32.743844    27.5901     10.713  273.92559  274.05971    23.2953     7.6454 0.0000e+00
 128.519291     10.845    12.5759  32.744078    27.5901     10.748  273.92395  274.05808    23.0619     7.5848 0.0000e+00
 128.519294     10.877    12.5764  32.742270    27.5891     10.780  273.92502  274.05920    20.4938     7.3664 0.0000e+00
 128.519297     10.908    12.5765  32.743436    27.5885     10.811  273.92264  274.05682    20.4159     7.3704 0.0000e+00
 128.519300     10.938    12.5767  32.742270    27.5891     10.840  273.92412  274.05832    20.4004     7.4311 -9.990e-29
 128.519303     10.963    12.5767  32.742678    27.5882     10.865  273.92310  274.05730    20.2914     7.3300 -9.990e-29
 128.519306     10.985    12.5770  32.743670    27.5890     10.887  273.92009  274.05430    20.8206     7.1359 -9.990e-29
 128.519308     11.016    12.5770  32.743845    27.5889     10.917  273.91980  274.05401    20.6961     7.0672 0.0000e+00
 128.519311     11.043    12.5772  32.743670    27.5888     10.945  273.91951  274.05373    20.8673     7.0389 0.0000e+00
 128.519314     11.073    12.5772  32.743495    27.5886     10.974  273.91984  274.05406    20.7117     7.0631 0.0000e+00
 128.519317     11.113    12.5774  32.743495    27.5884     11.013  273.91893  274.05317    20.5405     7.0348 0.0000e+00
 128.519320     11.147    12.5773  32.743437    27.5884     11.048  273.91937  274.05360    21.4899     7.3219 0.0000e+00
 128.519323     11.180    12.5775  32.743087    27.5879     11.080  273.91908  274.05333    21.3031     7.3260 0.0000e+00
 128.519326     11.213    12.5776  32.742679    27.5877     11.113  273.91952  274.05378    21.4276     7.3381 0.0000e+00
 128.519329     11.242    12.5776  32.743029    27.5877     11.141  273.91860  274.05286    21.3654     7.3179 0.0000e+00
 128.519332     11.272    12.5775  32.743671    27.5881     11.171  273.91810  274.05234    23.7622     7.9568 0.0000e+00
 128.519334     11.303    12.5775  32.743087    27.5884     11.201  273.91916  274.05341    23.8245     7.9689 -9.990e-29
 128.519337     11.323    12.5776  32.743904    27.5886     11.221  273.91740  274.05165    24.0735     7.9689 -9.990e-29
 128.519340     11.344    12.5774  32.742854    27.5877     11.243  273.91992  274.05417    23.9334     8.0093 -9.990e-29
 128.519343     11.366    12.5774  32.744079    27.5888     11.265  273.91774  274.05198    26.4393     8.5391 -9.990e-29
 128.519346     11.388    12.5773  32.743671    27.5885     11.286  273.91911  274.05334    26.5794     8.5593 -9.990e-29
 128.519349     11.410    12.5772  32.743263    27.5889     11.308  273.92048  274.05471    26.6261     8.5310 -9.990e-29
 128.519352     11.440    12.5771  32.743905    27.5887     11.337  273.91967  274.05388    26.4548     8.5148 0.0000e+00
 128.519355     11.471    12.5772  32.743496    27.5889     11.368  273.92010  274.05433    27.7934     8.8181 0.0000e+00
 128.519358     11.502    12.5772  32.744488    27.5893     11.399  273.91804  274.05226    27.8868     8.8221 0.0000e+00
 128.519361     11.533    12.5772  32.744605    27.5894     11.429  273.91785  274.05207    27.9023     8.7898 0.0000e+00
 128.519363     11.567    12.5769  32.744722    27.5897     11.464  273.91892  274.05311    27.7467     8.7978 0.0000e+00
 128.519366     11.597    12.5772  32.745772    27.5897     11.493  273.91581  274.05002    27.8556     8.8059 0.0000e+00
 128.519369     11.633    12.5770  32.744839    27.5898     11.529  273.91844  274.05264    34.7973     9.7198 0.0000e+00
 128.519372     11.664    12.5767  32.744722    27.5898     11.560  273.91992  274.05410    34.5327     9.7441 0.0000e+00
 128.519375     11.695    12.5767  32.745305    27.5904     11.590  273.91889  274.05307    34.8128     9.7643 0.0000e+00
 128.519378     11.724    12.5763  32.745131    27.5904     11.619  273.92110  274.05525    34.8284     9.7764 0.0000e+00
 128.519381     11.753    12.5761  32.745597    27.5905     11.648  273.92122  274.05535    31.2019     9.5742 -9.990e-29
 128.519384     11.777    12.5755  32.744722    27.5914     11.672  273.92529  274.05940    31.1085     9.5540 -9.990e-29
 128.519387     11.812    12.5752  32.745306    27.5921     11.706  273.92552  274.05960    31.3887     9.5702 0.0000e+00
 128.519389     11.837    12.5749  32.746414    27.5927     11.731  273.92512  274.05916    31.1708     9.5985 0.0000e+00
 128.519392     11.874    12.5746  32.746590    27.5928     11.768  273.92608  274.06010    30.5482     9.2669 0.0000e+00
 128.519395     11.908    12.5745  32.746181    27.5931     11.802  273.92745  274.06147    30.5638     9.2669 0.0000e+00
