Processed/SBE19plus_01907321_2022_05_06_Cast57_wfilter.cnv
* Sea-Bird SBE19plus  Data File:
* FileName = E:\Prandtl Daten\2022\CTD\Raw\SBE19plus_01907321_2022_05_06_Cast57.hex
* Software version 2.6.1.12
* Temperature SN = 7321
* Conductivity SN = 7321
* System UpLoad Time = May 06 2022 14:24:57
* <ApplicationData>
* <Seaterm232>
** Messpraktikum 2022
** CTD 06.05 BE
** NMEA Latitude = 54 07.501 N
** NMEA Longitude = 008 50.228 E
# nquan = 11
# nvalues = 703                         
# units = specified
# name 0 = timeJ: Julian Days
# name 1 = prdM: Pressure, Strain Gauge [db]
# name 2 = tv290C: Temperature [ITS-90, deg C]
# name 3 = c0mS/cm: Conductivity [mS/cm]
# name 4 = sal00: Salinity, Practical [PSU]
# name 5 = depSM: Depth [salt water, m], lat = 54.00
# name 6 = oxsatMm/Kg: Oxygen Saturation, Weiss [umol/kg]
# name 7 = oxsolMm/Kg: Oxygen Saturation, Garcia & Gordon [umol/kg]
# name 8 = turbWETntu0: Turbidity, WET Labs ECO [NTU]
# name 9 = flECO-AFL: Fluorescence, WET Labs ECO-AFL/FL [mg/m^3]
# name 10 = flag:  0.000e+00
# span 0 = 126.594439, 126.596470       
# span 1 =      0.496,     17.136       
# span 2 =    12.6523,    12.8059       
# span 3 =  32.202284,  32.322825       
# span 4 =    27.0229,    27.0546       
# span 5 =      0.492,     16.982       
# span 6 =  273.66530,  274.55197       
# span 7 =  273.81871,  274.69649       
# span 8 =     7.9801,    72.0891       
# span 9 =     4.2245,    13.4723       
# span 10 = 0.0000e+00, 0.0000e+00      
# interval = seconds: 0.25
# start_time = May 06 2022 14:14:48 [Instrument's time stamp, header]
# bad_flag = -9.990e-29
*END*
[from data line 525]
 126.595958     12.835    12.6743  32.222231    27.0329     12.720  274.42153  274.56731    35.7467     8.9313 -9.990e-29
 126.595961     12.857    12.6740  32.221941    27.0329     12.741  274.42332  274.56908    38.7039     9.4003 -9.990e-29
 126.595964     12.877    12.6738  32.221826    27.0329     12.761  274.42448  274.57024    38.7817     9.4327 -9.990e-29
 126.595966     12.904    12.6734  32.221594    27.0330     12.788  274.42649  274.57222    38.8906     9.4206 0.0000e+00
 126.595969     12.937    12.6731  32.221420    27.0329     12.821  274.42840  274.57411    38.7039     9.4206 0.0000e+00
 126.595972     12.967    12.6731  32.221188    27.0328     12.851  274.42883  274.57454    38.7194     9.4367 0.0000e+00
 126.595975     13.002    12.6729  32.221014    27.0327     12.886  274.42980  274.57550    34.0346     8.9192 0.0000e+00
 126.595978     13.033    12.6728  32.220783    27.0326     12.917  274.43086  274.57656    34.0035     8.8909 0.0000e+00
 126.595981     13.063    12.6726  32.219623    27.0322     12.946  274.43389  274.57958    33.9724     8.9192 0.0000e+00
 126.595984     13.090    12.6724  32.220783    27.0317     12.972  274.43279  274.57846    34.0035     8.8949 -9.990e-29
 126.595987     13.112    12.6722  32.220783    27.0330     12.994  274.43343  274.57909    36.1980     8.8059 -9.990e-29
 126.595990     13.132    12.6721  32.221015    27.0333     13.014  274.43367  274.57931    36.1825     8.8221 -9.990e-29
 126.595992     13.150    12.6721  32.220609    27.0329     13.032  274.43440  274.58005    36.2603     8.8140 -9.990e-29
 126.595995     13.166    12.6723  32.220609    27.0327     13.048  274.43346  274.57913    36.3226     8.8059 -9.990e-29
 126.595998     13.177    12.6724  32.220609    27.0327     13.059  274.43315  274.57883    37.4276     9.3114 -9.990e-29
 126.596001     13.199    12.6723  32.220435    27.0326     13.081  274.43379  274.57946    37.5677     9.2710 -9.990e-29
 126.596004     13.215    12.6720  32.219972    27.0323     13.097  274.43589  274.58155    37.4899     9.3033 -9.990e-29
 126.596007     13.239    12.6718  32.219798    27.0317     13.120  274.43716  274.58280    37.5366     9.3154 -9.990e-29
 126.596010     13.274    12.6717  32.218987    27.0323     13.155  274.43926  274.58490    37.5677     9.1901 0.0000e+00
 126.596013     13.305    12.6719  32.220378    27.0323     13.186  274.43586  274.58150    37.4276     9.1739 0.0000e+00
 126.596016     13.340    12.6717  32.219798    27.0323     13.220  274.43754  274.58318    37.5210     9.1375 0.0000e+00
 126.596019     13.376    12.6718  32.219798    27.0323     13.256  274.43725  274.58289    37.4276     9.1820 0.0000e+00
 126.596021     13.402    12.6716  32.219451    27.0321     13.282  274.43883  274.58446    37.5366     9.1133 0.0000e+00
 126.596024     13.429    12.6716  32.219393    27.0320     13.309  274.43895  274.58459    35.4821     8.9717 0.0000e+00
 126.596027     13.455    12.6713  32.219393    27.0320     13.335  274.44023  274.58585    35.5132     8.9839 -9.990e-29
 126.596030     13.476    12.6712  32.218987    27.0319     13.355  274.44160  274.58721    35.4510     8.9717 -9.990e-29
 126.596033     13.485    12.6711  32.218582    27.0316     13.364  274.44264  274.58825    35.5132     8.9717 -9.990e-29
 126.596036     13.496    12.6709  32.219161    27.0323     13.375  274.44257  274.58815    33.7700     8.6806 -9.990e-29
 126.596039     13.507    12.6708  32.219393    27.0326     13.386  274.44248  274.58806    33.7233     8.6968 -9.990e-29
 126.596042     13.530    12.6706  32.218466    27.0319     13.409  274.44509  274.59066    33.7078     8.6765 -9.990e-29
 126.596045     13.554    12.6704  32.218988    27.0318     13.433  274.44481  274.59037    33.8167     8.6765 -9.990e-29
 126.596047     13.589    12.6704  32.218350    27.0322     13.467  274.44596  274.59153    32.7584     9.0526 0.0000e+00
 126.596050     13.627    12.6704  32.219162    27.0320     13.505  274.44454  274.59010    32.7584     9.0324 0.0000e+00
 126.596053     13.669    12.6704  32.218582    27.0320     13.547  274.44560  274.59117    32.7428     9.0405 0.0000e+00
 126.596056     13.702    12.6703  32.218003    27.0320     13.579  274.44729  274.59285    32.7584     9.0526 0.0000e+00
 126.596059     13.731    12.6699  32.218177    27.0318     13.608  274.44889  274.59442    34.6727     8.3409 0.0000e+00
 126.596062     13.757    12.6693  32.217713    27.0320     13.633  274.45225  274.59775    34.6105     8.3571 -9.990e-29
 126.596065     13.777    12.6692  32.217771    27.0321     13.653  274.45248  274.59797    34.8284     8.3611 -9.990e-29
 126.596068     13.793    12.6692  32.217365    27.0317     13.670  274.45321  274.59871    34.7973     8.3692 -9.990e-29
 126.596071     13.804    12.6692  32.218351    27.0327     13.681  274.45178  274.59727    34.7661     8.3247 -9.990e-29
 126.596073     13.815    12.6694  32.217771    27.0319     13.691  274.45156  274.59707    36.5871     9.0283 -9.990e-29
 126.596076     13.828    12.6693  32.216960    27.0313     13.704  274.45364  274.59915    36.4471     9.0000 -9.990e-29
 126.596079     13.846    12.6691  32.217366    27.0323     13.722  274.45388  274.59937    36.5405     9.0526 -9.990e-29
 126.596082     13.871    12.6687  32.217540    27.0326     13.747  274.45548  274.60094    36.5093     9.0688 0.0000e+00
 126.596085     13.904    12.6686  32.218177    27.0327     13.779  274.45468  274.60013    37.7233     9.3761 0.0000e+00
 126.596088     13.939    12.6689  32.218177    27.0327     13.814  274.45344  274.59891    37.7389     9.3599 0.0000e+00
 126.596091     13.970    12.6691  32.217598    27.0327     13.845  274.45355  274.59903    37.7700     9.3680 0.0000e+00
 126.596094     14.002    12.6694  32.218583    27.0324     13.877  274.45055  274.59605    37.7545     9.3640 0.0000e+00
 126.596097     14.037    12.6696  32.218989    27.0327     13.911  274.44891  274.59441    34.4237     8.8342 -9.990e-29
 126.596100     14.062    12.6696  32.218757    27.0327     13.936  274.44933  274.59484    34.4704     8.8100 -9.990e-29
 126.596102     14.082    12.6700  32.217714    27.0314     13.956  274.44931  274.59486    34.5015     8.8221 -9.990e-29
 126.596105     14.104    12.6701  32.218352    27.0319     13.978  274.44787  274.59342    34.5327     8.8262 -9.990e-29
 126.596108     14.121    12.6701  32.218352    27.0319     13.994  274.44789  274.59343    35.8245     8.6038 -9.990e-29
 126.596111     14.134    12.6701  32.218584    27.0321     14.007  274.44748  274.59303    35.7000     8.6280 -9.990e-29
 126.596114     14.146    12.6700  32.218584    27.0322     14.020  274.44781  274.59334    35.8245     8.6240 -9.990e-29
 126.596117     14.166    12.6700  32.218178    27.0318     14.039  274.44854  274.59408    35.8089     8.6118 -9.990e-29
 126.596120     14.187    12.6699  32.217598    27.0324     14.059  274.44990  274.59544    35.7311     8.5916 -9.990e-29
 126.596123     14.217    12.6693  32.218294    27.0320     14.090  274.45152  274.59702    34.8751     8.5350 0.0000e+00
 126.596126     14.254    12.6692  32.217367    27.0320     14.126  274.45383  274.59932    34.9218     8.5229 0.0000e+00
 126.596128     14.288    12.6692  32.217773    27.0318     14.160  274.45313  274.59862    34.8906     8.5471 0.0000e+00
 126.596131     14.321    12.6691  32.217599    27.0318     14.193  274.45377  274.59926    34.8595     8.5391 0.0000e+00
 126.596134     14.356    12.6689  32.217367    27.0318     14.227  274.45484  274.60032    35.9957     8.4784 0.0000e+00
 126.596137     14.381    12.6685  32.216382    27.0317     14.252  274.45850  274.60397    35.9179     8.4946 -9.990e-29
 126.596140     14.403    12.6683  32.216962    27.0318     14.274  274.45843  274.60388    36.0424     8.4784 -9.990e-29
 126.596143     14.425    12.6682  32.217136    27.0320     14.296  274.45845  274.60389    35.9334     8.4824 -9.990e-29
 126.596146     14.442    12.6684  32.217368    27.0320     14.313  274.45710  274.60255    34.7817     8.9353 -9.990e-29
 126.596149     14.451    12.6686  32.217194    27.0318     14.322  274.45679  274.60225    34.6572     8.9192 -9.990e-29
 126.596152     14.460    12.6684  32.216962    27.0317     14.330  274.45815  274.60360    34.6883     8.9192 -9.990e-29
 126.596155     14.480    12.6682  32.217194    27.0321     14.350  274.45870  274.60413    34.7661     8.9030 -9.990e-29
 126.596157     14.500    12.6680  32.217368    27.0322     14.370  274.45903  274.60446    30.0969     8.8949 -9.990e-29
 126.596160     14.531    12.6680  32.217194    27.0324     14.400  274.45936  274.60479    30.0657     8.9111 0.0000e+00
 126.596163     14.567    12.6682  32.217890    27.0322     14.437  274.45720  274.60264    30.0969     8.9070 0.0000e+00
 126.596166     14.602    12.6685  32.217194    27.0319     14.471  274.45720  274.60266    29.9879     8.9111 0.0000e+00
 126.596169     14.635    12.6685  32.217368    27.0319     14.504  274.45691  274.60237    29.9879     8.8706 0.0000e+00
 126.596172     14.668    12.6685  32.217368    27.0319     14.537  274.45694  274.60239    33.3654     8.5229 0.0000e+00
 126.596175     14.695    12.6684  32.217774    27.0319     14.563  274.45655  274.60199    33.2097     8.5471 -9.990e-29
 126.596178     14.717    12.6684  32.216963    27.0316     14.585  274.45832  274.60377    33.3654     8.5148 -9.990e-29
 126.596181     14.739    12.6685  32.216963    27.0315     14.607  274.45770  274.60316    33.3342     8.5593 -9.990e-29
 126.596183     14.757    12.6684  32.217542    27.0321     14.625  274.45700  274.60245    36.5249     8.6038 -9.990e-29
 126.596186     14.772    12.6684  32.218006    27.0326     14.639  274.45650  274.60194    36.4782     8.5997 -9.990e-29
 126.596189     14.786    12.6685  32.217774    27.0323     14.654  274.45629  274.60174    36.5093     8.6240 -9.990e-29
 126.596192     14.808    12.6687  32.216789    27.0312     14.676  274.45743  274.60290    36.4471     8.6361 -9.990e-29
 126.596195     14.832    12.6687  32.217601    27.0327     14.699  274.45600  274.60146    45.5988    10.3910 -9.990e-29
 126.596198     14.858    12.6684  32.218180    27.0325     14.725  274.45593  274.60137    45.4743    10.3668 0.0000e+00
 126.596201     14.893    12.6687  32.218007    27.0327     14.759  274.45532  274.60077    45.5677    10.3749 0.0000e+00
 126.596204     14.922    12.6689  32.219050    27.0331     14.788  274.45253  274.59800    45.4743    10.3587 0.0000e+00
 126.596207     14.955    12.6690  32.219572    27.0331     14.821  274.45099  274.59646    44.6961    10.6134 0.0000e+00
 126.596209     14.984    12.6697  32.219572    27.0333     14.850  274.44817  274.59368    44.4938    10.5851 0.0000e+00
 126.596212     15.015    12.6702  32.220383    27.0330     14.880  274.44454  274.59008    44.6494    10.5770 -9.990e-29
 126.596215     15.037    12.6707  32.221601    27.0342     14.902  274.44018  274.58574    44.5249    10.6215 -9.990e-29
 126.596218     15.062    12.6716  32.221195    27.0331     14.927  274.43682  274.58244    44.4782    10.5730 -9.990e-29
 126.596221     15.088    12.6723  32.222818    27.0341     14.953  274.43079  274.57645    49.0852     9.9220 -9.990e-29
 126.596224     15.103    12.6731  32.223282    27.0340     14.967  274.42651  274.57221    49.0385     9.9382 -9.990e-29
 126.596227     15.116    12.6735  32.222412    27.0329     14.980  274.42617  274.57190    49.0385     9.9179 -9.990e-29
 126.596230     15.131    12.6740  32.223861    27.0339     14.995  274.42139  274.56715    49.0074     9.9503 -9.990e-29
 126.596233     15.151    12.6744  32.223050    27.0328     15.015  274.42096  274.56675    46.5949    10.4881 -9.990e-29
 126.596236     15.167    12.6747  32.226064    27.0344     15.031  274.41434  274.56012    46.5327    10.4396 -9.990e-29
 126.596238     15.196    12.6755  32.225658    27.0343     15.060  274.41161  274.55745    46.5949    10.4477 0.0000e+00
 126.596241     15.225    12.6763  32.225890    27.0341     15.089  274.40775  274.55363    46.6105    10.4638 0.0000e+00
 126.596244     15.256    12.6765  32.225021    27.0340     15.120  274.40837  274.55428    44.8517    10.1242 0.0000e+00
 126.596247     15.291    12.6766  32.226064    27.0334     15.154  274.40591  274.55181    45.1786    10.1039 0.0000e+00
 126.596250     15.324    12.6769  32.225659    27.0340     15.186  274.40570  274.55163    45.1475    10.1201 0.0000e+00
 126.596253     15.352    12.6770  32.227050    27.0340     15.215  274.40262  274.54854    44.9762    10.1080 0.0000e+00
 126.596256     15.385    12.6774  32.226876    27.0346     15.247  274.40137  274.54731    46.9218    10.3789 -9.990e-29
 126.596259     15.409    12.6775  32.226876    27.0341     15.271  274.40075  274.54671    47.0619    10.4113 -9.990e-29
 126.596262     15.429    12.6775  32.226644    27.0338     15.291  274.40118  274.54714    47.1864    10.3951 -9.990e-29
 126.596264     15.445    12.6776  32.226760    27.0338     15.307  274.40035  274.54632    46.9685    10.3991 -9.990e-29
 126.596267     15.458    12.6780  32.227282    27.0341     15.319  274.39786  274.54384    47.0152    10.3789 -9.990e-29
 126.596270     15.471    12.6780  32.227282    27.0341     15.332  274.39786  274.54385    50.8284    11.1674 -9.990e-29
 126.596273     15.487    12.6781  32.227282    27.0340     15.348  274.39724  274.54324    50.7661    11.1674 -9.990e-29
 126.596276     15.507    12.6783  32.228094    27.0346     15.368  274.39518  274.54118    50.7973    11.1755 -9.990e-29
 126.596279     15.531    12.6784  32.228094    27.0345     15.392  274.39457  274.54057    50.8284    11.1674 -9.990e-29
 126.596282     15.566    12.6786  32.228268    27.0345     15.426  274.39333  274.53935    49.5677    10.9855 0.0000e+00
 126.596285     15.601    12.6791  32.228500    27.0345     15.461  274.39105  274.53709    49.3965    10.9733 0.0000e+00
 126.596288     15.637    12.6796  32.229891    27.0352     15.497  274.38608  274.53214    49.4587    10.9935 0.0000e+00
 126.596291     15.668    12.6800  32.230703    27.0355     15.528  274.38308  274.52916    49.3965    10.9855 0.0000e+00
 126.596293     15.698    12.6806  32.230935    27.0356     15.557  274.38016  274.52628    49.8012    10.7226 0.0000e+00
 126.596296     15.727    12.6811  32.230935    27.0355     15.586  274.37765  274.52381    49.6922    10.7105 -9.990e-29
 126.596299     15.747    12.6813  32.231341    27.0353     15.606  274.37600  274.52217    49.8012    10.7388 -9.990e-29
 126.596302     15.763    12.6818  32.230703    27.0344     15.622  274.37525  274.52145    49.8323    10.7226 -9.990e-29
 126.596305     15.774    12.6818  32.231747    27.0353     15.632  274.37309  274.51928    49.1941    10.6620 -9.990e-29
 126.596308     15.785    12.6821  32.231921    27.0353     15.643  274.37152  274.51774    49.3031    10.6377 -9.990e-29
 126.596311     15.803    12.6825  32.231921    27.0350     15.661  274.36996  274.51619    49.3031    10.6862 -9.990e-29
 126.596314     15.823    12.6827  32.232558    27.0355     15.681  274.36789  274.51413    49.2564    10.6984 -9.990e-29
 126.596317     15.852    12.6828  32.232732    27.0352     15.710  274.36697  274.51322    49.2408    10.6458 0.0000e+00
 126.596319     15.879    12.6831  32.232153    27.0353     15.737  274.36676  274.51303    49.0541    10.5164 0.0000e+00
 126.596322     15.918    12.6833  32.232964    27.0353     15.775  274.36439  274.51067    49.1319    10.5245 0.0000e+00
 126.596325     15.954    12.6835  32.233138    27.0354     15.811  274.36348  274.50976    48.9762    10.5164 0.0000e+00
 126.596328     15.985    12.6837  32.233370    27.0354     15.842  274.36214  274.50844    49.0852    10.5083 0.0000e+00
 126.596331     16.020    12.6836  32.232559    27.0354     15.876  274.36423  274.51053    44.1825    10.1848 -9.990e-29
