Processed/SBE19plus_01907321_2022_05_08_Cast77_wfilter.cnv
* Sea-Bird SBE19plus  Data File:
* FileName = E:\Prandtl Daten\2022\CTD\Raw\SBE19plus_01907321_2022_05_08_Cast77.hex
* Software version 2.6.1.12
* Temperature SN = 7321
* Conductivity SN = 7321
* System UpLoad Time = May 08 2022 08:17:11
* <ApplicationData>
* <Seaterm232>
** Messpraktikum 2022
** CTD 08.05 BW2
** NMEA Latitude = 54 07.79 N
** NMEA Longitude = 008 44.93 E
# nquan = 11
# nvalues = 557                         
# units = specified
# name 0 = timeJ: Julian Days
# name 1 = prdM: Pressure, Strain Gauge [db]
# name 2 = tv290C: Temperature [ITS-90, deg C]
# name 3 = c0mS/cm: Conductivity [mS/cm]
# name 4 = sal00: Salinity, Practical [PSU]
# name 5 = depSM: Depth [salt water, m], lat = 54.00
# name 6 = oxsatMm/Kg: Oxygen Saturation, Weiss [umol/kg]
# name 7 = oxsolMm/Kg: Oxygen Saturation, Garcia & Gordon [umol/kg]
# name 8 = turbWETntu0: Turbidity, WET Labs ECO [NTU]
# name 9 = flECO-AFL: Fluorescence, WET Labs ECO-AFL/FL [mg/m^3]
# name 10 = flag:  0.000e+00
# span 0 = 128.340084, 128.341693       
# span 1 =      0.663,     15.392       
# span 2 =    12.9222,    13.0068       
# span 3 =  32.386170,  32.468641       
# span 4 =    27.0068,    27.0253       
# span 5 =      0.657,     15.254       
# span 6 =  272.52828,  273.03599       
# span 7 =  272.69328,  273.19629       
# span 8 =    24.0580,   165.5210       
# span 9 =     6.9863,    20.1200       
# span 10 = 0.0000e+00, 0.0000e+00      
# interval = seconds: 0.25
# start_time = May 08 2022 08:08:26 [Instrument's time stamp, header]
# bad_flag = -9.990e-29
*END*
[from data line 132]
 128.340466      4.095    12.9330  32.394114    27.0106      4.059  272.97236  273.13327    30.3770     9.4934 0.0000e+00
 128.340469      4.126    12.9336  32.394927    27.0102      4.089  272.96843  273.12937    32.4938     9.7481 0.0000e+00
 128.340472      4.155    12.9343  32.394695    27.0098      4.118  272.96539  273.12638    32.4626     9.7360 0.0000e+00
 128.340475      4.185    12.9346  32.394695    27.0098      4.147  272.96446  273.12547    32.4626     9.7521 0.0000e+00
 128.340477      4.217    12.9346  32.395102    27.0097      4.180  272.96345  273.12446    32.7272     9.7602 0.0000e+00
 128.340480      4.243    12.9345  32.395741    27.0099      4.205  272.96298  273.12397    35.4665    10.1363 -9.990e-29
 128.340483      4.267    12.9346  32.395102    27.0100      4.229  272.96380  273.12480    35.4043    10.1201 -9.990e-29
 128.340486      4.298    12.9346  32.394928    27.0098      4.259  272.96413  273.12513    35.5599    10.1565 -9.990e-29
 128.340489      4.318    12.9343  32.395102    27.0101      4.279  272.96509  273.12608    35.5288    10.1525 -9.990e-29
 128.340492      4.341    12.9341  32.394928    27.0101      4.302  272.96636  273.12733    35.4510    10.1484 -9.990e-29
 128.340495      4.359    12.9338  32.394289    27.0097      4.320  272.96844  273.12940    35.9490    10.5609 -9.990e-29
 128.340498      4.377    12.9333  32.393883    27.0097      4.338  272.97137  273.13231    36.0113    10.5326 -9.990e-29
 128.340501      4.390    12.9331  32.393708    27.0097      4.351  272.97263  273.13355    35.8712    10.5326 -9.990e-29
 128.340503      4.414    12.9324  32.393360    27.0094      4.375  272.97641  273.13729    35.9957    10.5285 -9.990e-29
 128.340506      4.445    12.9318  32.392489    27.0093      4.405  272.98048  273.14133    33.1475    10.2374 0.0000e+00
 128.340509      4.478    12.9309  32.391676    27.0094      4.438  272.98603  273.14683    33.0229    10.2899 0.0000e+00
 128.340512      4.513    12.9303  32.393302    27.0112      4.472  272.98572  273.14646    32.9918    10.2859 0.0000e+00
 128.340515      4.555    12.9307  32.393709    27.0112      4.514  272.98346  273.14422    32.9918    10.2414 0.0000e+00
 128.340518      4.590    12.9310  32.393361    27.0108      4.549  272.98283  273.14362    36.6961     9.5540 0.0000e+00
 128.340521      4.624    12.9310  32.392664    27.0105      4.583  272.98407  273.14487    36.7272     9.5621 0.0000e+00
 128.340524      4.657    12.9310  32.392896    27.0102      4.616  272.98337  273.14417    36.7428     9.5661 -9.990e-29
 128.340527      4.681    12.9313  32.393070    27.0103      4.639  272.98182  273.14263    36.7584     9.5702 -9.990e-29
 128.340530      4.703    12.9314  32.392257    27.0094      4.661  272.98295  273.14377    34.2992    10.1363 -9.990e-29
 128.340532      4.725    12.9312  32.392374    27.0097      4.682  272.98370  273.14451    34.2992    10.1080 -9.990e-29
 128.340535      4.738    12.9305  32.390863    27.0088      4.695  272.98920  273.14998    34.1280    10.1363 -9.990e-29
 128.340538      4.750    12.9300  32.392258    27.0104      4.708  272.98897  273.14970    34.2681    10.1686 -9.990e-29
 128.340541      4.771    12.9300  32.393071    27.0111      4.728  272.98755  273.14828    34.2681    10.1322 -9.990e-29
 128.340544      4.794    12.9302  32.394117    27.0117      4.751  272.98510  273.14583    35.2019    10.7105 -9.990e-29
 128.340547      4.825    12.9308  32.394291    27.0117      4.782  272.98198  273.14275    35.1708    10.7307 0.0000e+00
 128.340550      4.865    12.9317  32.394930    27.0116      4.822  272.97710  273.13792    35.0774    10.7307 0.0000e+00
 128.340553      4.902    12.9322  32.395104    27.0114      4.858  272.97461  273.13546    35.1552    10.7428 0.0000e+00
 128.340556      4.944    12.9324  32.393071    27.0094      4.899  272.97726  273.13814    38.3770    10.3789 0.0000e+00
 128.340558      4.978    12.9321  32.392490    27.0094      4.934  272.97956  273.14043    38.5171    10.3870 0.0000e+00
 128.340561      5.009    12.9317  32.394524    27.0101      4.964  272.97791  273.13873    38.3926    10.4153 0.0000e+00
 128.340564      5.036    12.9320  32.394117    27.0112      4.991  272.97738  273.13822    38.4393    10.3830 -9.990e-29
 128.340567      5.053    12.9324  32.393304    27.0096      5.007  272.97692  273.13780    40.4315    10.5326 -9.990e-29
 128.340570      5.067    12.9323  32.394524    27.0107      5.022  272.97511  273.13597    40.5093    10.5002 -9.990e-29
 128.340573      5.074    12.9322  32.393711    27.0101      5.029  272.97717  273.13803    40.4315    10.5487 -9.990e-29
 128.340576      5.085    12.9322  32.392491    27.0090      5.039  272.97932  273.14019    40.4159    10.5002 -9.990e-29
 128.340579      5.093    12.9316  32.394350    27.0117      5.047  272.97858  273.13940    41.8634    10.5204 -9.990e-29
 128.340582      5.118    12.9317  32.395105    27.0113      5.072  272.97696  273.13777    41.9568    10.5285 0.0000e+00
 128.340584      5.151    12.9322  32.394524    27.0115      5.105  272.97579  273.13665    41.9101    10.5204 0.0000e+00
 128.340587      5.189    12.9323  32.395337    27.0108      5.143  272.97376  273.13461    41.8012    10.5245 0.0000e+00
 128.340590      5.233    12.9327  32.394118    27.0101      5.186  272.97435  273.13524    41.8478    10.5245 0.0000e+00
 128.340593      5.277    12.9328  32.392898    27.0095      5.230  272.97620  273.13711    36.5249     9.6996 0.0000e+00
 128.340596      5.321    12.9322  32.393189    27.0095      5.273  272.97824  273.13911    36.4471     9.6591 0.0000e+00
 128.340599      5.354    12.9315  32.392898    27.0096      5.306  272.98161  273.14244    36.4471     9.6672 0.0000e+00
 128.340602      5.387    12.9310  32.393073    27.0097      5.339  272.98385  273.14464    36.4938     9.7036 -9.990e-29
 128.340605      5.410    12.9307  32.394699    27.0119      5.362  272.98195  273.14272    36.4159     9.8168 -9.990e-29
 128.340608      5.430    12.9313  32.394525    27.0113      5.382  272.97975  273.14055    36.5093     9.8128 -9.990e-29
 128.340611      5.447    12.9318  32.393363    27.0100      5.398  272.97991  273.14075    36.5560     9.8209 -9.990e-29
 128.340613      5.456    12.9323  32.395106    27.0112      5.407  272.97465  273.13551    36.5249     9.8290 -9.990e-29
 128.340616      5.467    12.9323  32.395106    27.0111      5.418  272.97434  273.13520    34.1280     9.8735 -9.990e-29
 128.340619      5.484    12.9325  32.395338    27.0112      5.435  272.97331  273.13418    34.3148     9.8573 -9.990e-29
 128.340622      5.507    12.9328  32.395513    27.0106      5.458  272.97176  273.13265    34.3615     9.9260 -9.990e-29
 128.340625      5.538    12.9330  32.395106    27.0101      5.489  272.97123  273.13214    34.1280     9.8775 0.0000e+00
 128.340628      5.576    12.9325  32.393712    27.0106      5.527  272.97623  273.13711    36.1980    10.2455 0.0000e+00
 128.340631      5.613    12.9315  32.394119    27.0108      5.563  272.97995  273.14077    36.1980    10.2657 0.0000e+00
 128.340634      5.648    12.9313  32.394526    27.0110      5.597  272.98021  273.14100    36.1047    10.2738 0.0000e+00
 128.340637      5.686    12.9313  32.394293    27.0110      5.635  272.98032  273.14113    36.3226    10.2455 0.0000e+00
 128.340639      5.717    12.9316  32.394294    27.0109      5.666  272.97908  273.13990    36.1825    10.2455 0.0000e+00
 128.340642      5.746    12.9318  32.393945    27.0108      5.694  272.97908  273.13992    34.8906     9.9422 -9.990e-29
 128.340645      5.770    12.9323  32.395339    27.0113      5.718  272.97444  273.13530    34.7350     9.9624 -9.990e-29
 128.340648      5.786    12.9328  32.394119    27.0098      5.734  272.97407  273.13498    34.7661     9.9665 -9.990e-29
 128.340651      5.808    12.9329  32.395107    27.0106      5.756  272.97204  273.13294    34.7039     9.9341 -9.990e-29
 128.340654      5.821    12.9332  32.395920    27.0112      5.769  272.96936  273.13027    38.3926    10.3546 -9.990e-29
 128.340657      5.842    12.9333  32.396443    27.0116      5.790  272.96814  273.12905    38.4704    10.3587 -9.990e-29
 128.340660      5.864    12.9337  32.396559    27.0114      5.812  272.96606  273.12699    38.3926    10.3344 -9.990e-29
 128.340663      5.897    12.9338  32.396734    27.0112      5.845  272.96514  273.12609    38.5015    10.3587 0.0000e+00
 128.340666      5.926    12.9342  32.396559    27.0110      5.873  272.96389  273.12486    34.2681     9.9220 0.0000e+00
 128.340668      5.959    12.9341  32.396559    27.0110      5.906  272.96423  273.12519    34.1903     9.9341 0.0000e+00
 128.340671      5.997    12.9343  32.395688    27.0106      5.944  272.96483  273.12582    34.1280     9.9422 0.0000e+00
 128.340674      6.027    12.9338  32.394701    27.0101      5.973  272.96879  273.12976    34.2992     9.9422 -9.990e-29
 128.340677      6.052    12.9330  32.394120    27.0105      5.998  272.97330  273.13422    36.0735    10.3951 -9.990e-29
 128.340680      6.085    12.9324  32.394701    27.0105      6.030  272.97514  273.13601    36.0891    10.3870 0.0000e+00
 128.340683      6.112    12.9323  32.394295    27.0105      6.057  272.97650  273.13736    36.0113    10.4234 -9.990e-29
 128.340686      6.136    12.9320  32.394934    27.0110      6.081  272.97634  273.13718    35.8556    10.3951 -9.990e-29
 128.340689      6.152    12.9320  32.395340    27.0113      6.097  272.97563  273.13648    35.9490    10.3870 -9.990e-29
 128.340692      6.172    12.9321  32.395108    27.0111      6.117  272.97574  273.13659    38.5171    10.4921 -9.990e-29
 128.340694      6.191    12.9322  32.394295    27.0118      6.135  272.97686  273.13772    38.4860    10.4719 -9.990e-29
 128.340697      6.218    12.9320  32.395922    27.0117      6.162  272.97466  273.13549    38.4082    10.4355 0.0000e+00
 128.340700      6.249    12.9323  32.395747    27.0115      6.193  272.97372  273.13458    38.3615    10.4517 0.0000e+00
 128.340703      6.276    12.9326  32.395515    27.0113      6.220  272.97288  273.13376    40.4315    10.4719 0.0000e+00
 128.340706      6.315    12.9330  32.396154    27.0110      6.258  272.96990  273.13080    40.4938    10.4436 0.0000e+00
 128.340709      6.345    12.9332  32.395515    27.0106      6.288  272.97041  273.13132    40.3537    10.4760 0.0000e+00
 128.340712      6.374    12.9328  32.394702    27.0104      6.317  272.97343  273.13433    40.4315    10.4962 0.0000e+00
 128.340715      6.400    12.9323  32.395109    27.0101      6.343  272.97494  273.13580    43.1552    10.5973 -9.990e-29
 128.340718      6.424    12.9322  32.394121    27.0100      6.366  272.97732  273.13818    43.1708    10.6094 -9.990e-29
 128.340720      6.448    12.9320  32.394702    27.0106      6.390  272.97694  273.13779    43.1241    10.5568 -9.990e-29
 128.340723      6.470    12.9317  32.394122    27.0104      6.412  272.97955  273.14039    43.1708    10.5932 -9.990e-29
 128.340726      6.492    12.9318  32.395516    27.0115      6.434  272.97649  273.13732    43.1241    11.2200 -9.990e-29
 128.340729      6.510    12.9319  32.395109    27.0111      6.452  272.97690  273.13774    43.0619    11.2159 -9.990e-29
 128.340732      6.534    12.9322  32.395690    27.0121      6.476  272.97464  273.13549    43.1708    11.2240 -9.990e-29
 128.340735      6.565    12.9325  32.396736    27.0118      6.506  272.97124  273.13211    43.0930    11.2442 0.0000e+00
 128.340738      6.596    12.9331  32.396562    27.0115      6.537  272.96905  273.12995    43.0930    11.1917 0.0000e+00
 128.340741      6.634    12.9333  32.396329    27.0115      6.575  272.96885  273.12976    40.6494    10.5932 0.0000e+00
 128.340744      6.672    12.9332  32.396736    27.0113      6.613  272.96848  273.12938    40.6650    10.6094 0.0000e+00
 128.340747      6.705    12.9336  32.396678    27.0113      6.645  272.96702  273.12795    40.6338    10.6094 0.0000e+00
 128.340749      6.736    12.9335  32.396330    27.0112      6.676  272.96797  273.12890    40.6338    10.5851 0.0000e+00
 128.340752      6.764    12.9333  32.395749    27.0110      6.703  272.96995  273.13087    43.3576    10.7024 -9.990e-29
 128.340755      6.787    12.9328  32.395923    27.0111      6.727  272.97187  273.13275    43.2019    10.6984 -9.990e-29
 128.340758      6.806    12.9329  32.396737    27.0118      6.745  272.96982  273.13071    43.2953    10.6579 -9.990e-29
 128.340761      6.824    12.9333  32.397143    27.0119      6.763  272.96754  273.12845    43.4821    10.6539 -9.990e-29
 128.340764      6.842    12.9338  32.397259    27.0116      6.781  272.96483  273.12577    46.3770    11.7537 -9.990e-29
 128.340767      6.858    12.9340  32.397143    27.0114      6.797  272.96441  273.12537    46.1903    11.7497 -9.990e-29
 128.340770      6.871    12.9343  32.397550    27.0104      6.810  272.96245  273.12341    46.3615    11.7659 -9.990e-29
 128.340773      6.898    12.9346  32.396562    27.0108      6.837  272.96294  273.12393    46.2836    11.7376 0.0000e+00
 128.340775      6.925    12.9346  32.397550    27.0108      6.863  272.96091  273.12190    46.3926    12.0853 0.0000e+00
 128.340778      6.958    12.9346  32.397027    27.0113      6.896  272.96216  273.12315    46.5482    12.0732 0.0000e+00
 128.340781      6.989    12.9346  32.398189    27.0118      6.926  272.95982  273.12081    46.5638    12.0611 0.0000e+00
 128.340784      7.031    12.9350  32.399003    27.0120      6.968  272.95685  273.11785    46.4704    12.0853 0.0000e+00
 128.340787      7.069    12.9356  32.399177    27.0120      7.006  272.95373  273.11477    46.4704    12.0772 0.0000e+00
 128.340790      7.100    12.9358  32.397550    27.0104      7.037  272.95597  273.11704    45.2720    11.2281 0.0000e+00
 128.340793      7.135    12.9356  32.396853    27.0099      7.071  272.95816  273.11922    45.3342    11.2281 0.0000e+00
 128.340796      7.164    12.9347  32.395750    27.0097      7.100  272.96390  273.12492    45.3498    11.2523 0.0000e+00
 128.340799      7.193    12.9335  32.395111    27.0095      7.129  272.97040  273.13134    45.3809    11.2079 -9.990e-29
 128.340802      7.217    12.9325  32.395750    27.0110      7.152  272.97371  273.13458    39.4976    11.6244 -9.990e-29
 128.340804      7.233    12.9323  32.395925    27.0113      7.168  272.97404  273.13490    39.4354    11.6244 -9.990e-29
 128.340807      7.248    12.9320  32.393485    27.0093      7.183  272.97991  273.14077    39.5288    11.6324 -9.990e-29
 128.340810      7.257    12.9316  32.394531    27.0105      7.192  272.97966  273.14049    39.3420    11.6203 -9.990e-29
 128.340813      7.273    12.9315  32.392672    27.0089      7.208  272.98356  273.14440    42.5482    11.0380 -9.990e-29
 128.340816      7.286    12.9312  32.394298    27.0099      7.221  272.98198  273.14278    42.7039    11.0218 -9.990e-29
 128.340819      7.312    12.9311  32.393485    27.0102      7.246  272.98374  273.14454    42.5327    11.0542 0.0000e+00
 128.340822      7.342    12.9311  32.394299    27.0104      7.277  272.98233  273.14313    42.5949    11.0502 0.0000e+00
 128.340825      7.377    12.9307  32.393776    27.0104      7.311  272.98484  273.14562    43.4198    11.0380 0.0000e+00
 128.340828      7.417    12.9304  32.393311    27.0102      7.351  272.98726  273.14802    43.2642    11.0299 0.0000e+00
 128.340830      7.463    12.9300  32.391859    27.0092      7.396  272.99173  273.15248    43.3576    11.0340 0.0000e+00
 128.340833      7.505    12.9292  32.390466    27.0092      7.438  272.99767  273.15838    43.3576    11.0178 0.0000e+00
 128.340836      7.549    12.9284  32.391047    27.0089      7.482  272.99984  273.16049    43.4198    11.0542 0.0000e+00
 128.340839      7.584    12.9277  32.389304    27.0095      7.516  273.00607  273.16670    46.7973    10.8641 -9.990e-29
