Processed/SBE19plus_01907321_2022_05_08_Cast78_wfilter.cnv
* Sea-Bird SBE19plus  Data File:
* FileName = E:\Prandtl Daten\2022\CTD\Raw\SBE19plus_01907321_2022_05_08_Cast78.hex
* Software version 2.6.1.12
* Temperature SN = 7321
* Conductivity SN = 7321
* System UpLoad Time = May 08 2022 08:46:43
* <ApplicationData>
* <Seaterm232>
** Messpraktikum 2022
** CTD 08.05 TS
** NMEA Latitude = 54 07.50 N
** NMEA Longitude = 008 42.15 E
# nquan = 11
# nvalues = 268                         
# units = specified
# name 0 = timeJ: Julian Days
# name 1 = prdM: Pressure, Strain Gauge [db]
# name 2 = tv290C: Temperature [ITS-90, deg C]
# name 3 = c0mS/cm: Conductivity [mS/cm]
# name 4 = sal00: Salinity, Practical [PSU]
# name 5 = depSM: Depth [salt water, m], lat = 54.00
# name 6 = oxsatMm/Kg: Oxygen Saturation, Weiss [umol/kg]
# name 7 = oxsolMm/Kg: Oxygen Saturation, Garcia & Gordon [umol/kg]
# name 8 = turbWETntu0: Turbidity, WET Labs ECO [NTU]
# name 9 = flECO-AFL: Fluorescence, WET Labs ECO-AFL/FL [mg/m^3]
# name 10 = flag:  0.000e+00
# span 0 = 128.362674, 128.363446       
# span 1 =      0.627,      7.372       
# span 2 =    12.8256,    12.9452       
# span 3 =  32.284304,  32.386147       
# span 4 =    26.9841,    26.9984       
# span 5 =      0.622,      7.306       
# span 6 =  272.93232,  273.63701       
# span 7 =  273.09407,  273.79201       
# span 8 =    15.9801,    49.7545       
# span 9 =     5.5387,    12.7283       
# span 10 = 0.0000e+00, 0.0000e+00      
# interval = seconds: 0.25
# start_time = May 08 2022 08:40:47 [Instrument's time stamp, header]
# bad_flag = -9.990e-29
*END*
[from data line 132]
 128.363056      4.067    12.8552  32.310459    26.9885      4.031  273.46135  273.61803    28.1358     9.2629 -9.990e-29
 128.363058      4.073    12.8547  32.309415    26.9878      4.037  273.46509  273.62175    27.8245     9.3518 -9.990e-29
 128.363061      4.082    12.8542  32.308080    26.9869      4.045  273.46965  273.62629    27.9334     9.3437 -9.990e-29
 128.363064      4.096    12.8529  32.306398    26.9860      4.060  273.47862  273.63519    27.9023     9.3518 -9.990e-29
 128.363067      4.125    12.8515  32.304947    26.9862      4.089  273.48720  273.64369    27.9334     9.3801 0.0000e+00
 128.363070      4.159    12.8499  32.304135    26.9863      4.122  273.49559  273.65199    23.1552     9.1982 0.0000e+00
 128.363073      4.202    12.8486  32.303729    26.9869      4.165  273.50233  273.65865    23.2642     9.2103 0.0000e+00
 128.363076      4.246    12.8475  32.303729    26.9870      4.208  273.50709  273.66334    23.2331     9.2346 0.0000e+00
 128.363079      4.288    12.8468  32.302511    26.9870      4.250  273.51242  273.66863    23.1864     9.2426 0.0000e+00
 128.363082      4.332    12.8460  32.301525    26.9867      4.293  273.51766  273.67383    26.5015     9.5459 0.0000e+00
 128.363084      4.368    12.8453  32.300307    26.9864      4.329  273.52299  273.67912    26.5015     9.5459 0.0000e+00
 128.363087      4.396    12.8445  32.301525    26.9860      4.357  273.52433  273.68040    26.3926     9.5985 -9.990e-29
 128.363090      4.417    12.8443  32.301525    26.9879      4.378  273.52529  273.68135    26.3770     9.5540 -9.990e-29
 128.363093      4.436    12.8440  32.301119    26.9877      4.396  273.52728  273.68332    31.0307     9.4812 -9.990e-29
 128.363096      4.443    12.8435  32.300771    26.9877      4.403  273.53010  273.68612    31.0307     9.4934 -9.990e-29
 128.363099      4.463    12.8435  32.301119    26.9880      4.423  273.52950  273.68552    30.9529     9.5014 -9.990e-29
 128.363102      4.474    12.8433  32.301119    26.9882      4.434  273.53046  273.68646    30.9840     9.4772 -9.990e-29
 128.363105      4.492    12.8433  32.300481    26.9876      4.452  273.53159  273.68760    30.9996     9.4772 -9.990e-29
 128.363108      4.516    12.8427  32.300888    26.9884      4.476  273.53342  273.68938    25.1008     9.3720 -9.990e-29
 128.363111      4.541    12.8429  32.301120    26.9883      4.501  273.53208  273.68805    25.2253     9.3640 0.0000e+00
 128.363113      4.567    12.8430  32.301120    26.9883      4.526  273.53146  273.68745    25.1475     9.3276 0.0000e+00
 128.363116      4.594    12.8433  32.301120    26.9881      4.553  273.53022  273.68622    25.2875     9.3963 0.0000e+00
 128.363119      4.629    12.8436  32.301120    26.9879      4.587  273.52898  273.68500    23.8868     9.3114 0.0000e+00
 128.363122      4.658    12.8434  32.300888    26.9878      4.616  273.53035  273.68636    23.9179     9.2750 0.0000e+00
 128.363125      4.691    12.8433  32.300482    26.9878      4.649  273.53141  273.68742    23.9646     9.3114 0.0000e+00
 128.363128      4.723    12.8430  32.300888    26.9878      4.681  273.53229  273.68827    23.9646     9.3033 0.0000e+00
 128.363131      4.753    12.8430  32.301352    26.9881      4.710  273.53117  273.68716    25.6922     9.5095 -9.990e-29
 128.363134      4.773    12.8433  32.301701    26.9886      4.730  273.52931  273.68531    25.6766     9.5014 -9.990e-29
 128.363137      4.787    12.8435  32.301701    26.9885      4.745  273.52869  273.68470    25.5988     9.5257 -9.990e-29
 128.363139      4.807    12.8437  32.301294    26.9879      4.764  273.52847  273.68450    25.6611     9.4934 -9.990e-29
 128.363142      4.826    12.8440  32.301701    26.9881      4.783  273.52650  273.68255    25.6922     9.6349 -9.990e-29
 128.363145      4.844    12.8440  32.301527    26.9879      4.800  273.52682  273.68287    25.7545     9.6389 -9.990e-29
 128.363148      4.864    12.8439  32.299786    26.9864      4.820  273.53022  273.68628    25.7389     9.6025 -9.990e-29
 128.363151      4.887    12.8437  32.300889    26.9873      4.844  273.52924  273.68527    25.7233     9.6349 -9.990e-29
 128.363154      4.917    12.8433  32.300308    26.9871      4.873  273.53217  273.68818    25.6299     9.6227 0.0000e+00
 128.363157      4.949    12.8429  32.299496    26.9868      4.905  273.53520  273.69120    25.0541     9.8128 0.0000e+00
 128.363160      4.984    12.8425  32.299090    26.9868      4.940  273.53784  273.69381    25.1941     9.7764 0.0000e+00
 128.363163      5.019    12.8424  32.299903    26.9874      4.974  273.53674  273.69270    25.1630     9.8249 0.0000e+00
 128.363166      5.055    12.8418  32.299381    26.9875      5.010  273.54021  273.69614    25.1941     9.8007 0.0000e+00
 128.363168      5.090    12.8415  32.299265    26.9874      5.044  273.54170  273.69761    25.6299     9.8290 0.0000e+00
 128.363171      5.117    12.8411  32.298859    26.9874      5.072  273.54433  273.70021    25.7700     9.8128 0.0000e+00
 128.363174      5.143    12.8410  32.297698    26.9869      5.097  273.54702  273.70291    25.5988     9.8209 0.0000e+00
 128.363177      5.170    12.8408  32.296886    26.9864      5.124  273.54910  273.70499    25.6766     9.8007 -9.990e-29
 128.363180      5.190    12.8403  32.297467    26.9867      5.144  273.55030  273.70615    24.8517     8.8989 -9.990e-29
 128.363183      5.209    12.8400  32.298047    26.9874      5.162  273.55055  273.70637    24.8673     8.8949 -9.990e-29
 128.363186      5.229    12.8397  32.298279    26.9878      5.182  273.55142  273.70722    24.9607     8.8949 -9.990e-29
 128.363189      5.245    12.8397  32.298047    26.9876      5.198  273.55215  273.70795    24.9451     8.9030 -9.990e-29
 128.363192      5.265    12.8396  32.297873    26.9875      5.218  273.55279  273.70858    26.2058     8.8909 -9.990e-29
 128.363194      5.287    12.8395  32.297467    26.9872      5.240  273.55415  273.70994    26.2992     8.9151 -9.990e-29
 128.363197      5.301    12.8395  32.296655    26.9865      5.254  273.55559  273.71139    26.1903     8.9192 -9.990e-29
 128.363200      5.325    12.8395  32.298221    26.9879      5.278  273.55284  273.70863    26.2214     8.9030 -9.990e-29
 128.363203      5.346    12.8395  32.298686    26.9883      5.298  273.55172  273.70751    26.0657     8.8949 -9.990e-29
 128.363206      5.362    12.8397  32.298686    26.9881      5.314  273.55079  273.70658    25.6766     9.5014 -9.990e-29
 128.363209      5.381    12.8400  32.298047    26.9873      5.332  273.55066  273.70648    25.6922     9.5136 -9.990e-29
 128.363212      5.401    12.8406  32.299672    26.9884      5.353  273.54529  273.70113    25.5833     9.4691 -9.990e-29
 128.363215      5.425    12.8410  32.300484    26.9889      5.376  273.54197  273.69784    25.7233     9.4610 -9.990e-29
 128.363218      5.448    12.8417  32.300542    26.9885      5.400  273.53873  273.69464    26.4237     9.5014 -9.990e-29
 128.363220      5.483    12.8429  32.301529    26.9878      5.434  273.53197  273.68794    26.4860     9.5014 0.0000e+00
 128.363223      5.525    12.8435  32.300484    26.9883      5.476  273.53131  273.68733    26.4082     9.5014 0.0000e+00
 128.363226      5.569    12.8438  32.302109    26.9882      5.519  273.52690  273.68293    26.4237     9.4934 0.0000e+00
 128.363229      5.611    12.8440  32.302109    26.9882      5.561  273.52598  273.68202    26.1280     9.4408 0.0000e+00
 128.363232      5.650    12.8446  32.302341    26.9880      5.599  273.52307  273.67915    26.1436     9.4246 0.0000e+00
 128.363235      5.684    12.8447  32.302516    26.9879      5.634  273.52247  273.67855    26.2369     9.4327 0.0000e+00
 128.363238      5.719    12.8449  32.302109    26.9875      5.668  273.52226  273.67836    26.1903     9.4408 0.0000e+00
 128.363241      5.747    12.8448  32.301529    26.9873      5.695  273.52362  273.67972    26.6727     9.1941 0.0000e+00
 128.363244      5.775    12.8446  32.301529    26.9870      5.723  273.52458  273.68067    26.5327     9.2467 -9.990e-29
 128.363247      5.789    12.8443  32.299673    26.9856      5.737  273.52913  273.68521    26.5327     9.2346 -9.990e-29
 128.363249      5.806    12.8441  32.301298    26.9873      5.754  273.52722  273.68328    26.6883     9.1901 -9.990e-29
 128.363252      5.811    12.8439  32.300949    26.9871      5.759  273.52878  273.68483    26.5949     9.2143 -9.990e-29
 128.363255      5.827    12.8435  32.300891    26.9873      5.775  273.53047  273.68650    26.6727     9.1416 -9.990e-29
 128.363258      5.838    12.8435  32.300485    26.9870      5.786  273.53151  273.68754    26.7350     9.1537 -9.990e-29
 128.363261      5.855    12.8435  32.299673    26.9862      5.802  273.53296  273.68899    26.7194     9.1860 -9.990e-29
 128.363264      5.871    12.8433  32.298455    26.9852      5.819  273.53575  273.69178    26.6261     9.1860 -9.990e-29
 128.363267      5.893    12.8430  32.299673    26.9865      5.840  273.53487  273.69088    26.3148     9.5136 -9.990e-29
 128.363270      5.920    12.8426  32.299383    26.9866      5.867  273.53730  273.69327    26.3770     9.5095 0.0000e+00
 128.363273      5.948    12.8421  32.299267    26.9868      5.894  273.53973  273.69567    26.4237     9.4772 0.0000e+00
 128.363275      5.980    12.8417  32.299093    26.9868      5.927  273.54163  273.69756    26.3926     9.5014 0.0000e+00
 128.363278      6.013    12.8416  32.298861    26.9867      5.959  273.54269  273.69861    29.1008    10.0716 0.0000e+00
 128.363281      6.049    12.8413  32.295670    26.9867      5.995  273.54961  273.70554    28.9762    10.0554 0.0000e+00
 128.363284      6.082    12.8411  32.298688    26.9855      6.028  273.54525  273.70114    29.0229    10.0635 0.0000e+00
 128.363287      6.113    12.8410  32.298862    26.9869      6.058  273.54528  273.70116    29.0074    10.0392 -9.990e-29
 128.363290      6.137    12.8411  32.298804    26.9870      6.082  273.54508  273.70097    33.2564     9.9826 -9.990e-29
 128.363293      6.158    12.8412  32.297295    26.9855      6.103  273.54713  273.70304    33.2564     9.9786 -9.990e-29
 128.363296      6.180    12.8412  32.298282    26.9864      6.125  273.54540  273.70130    33.2564    10.0150 -9.990e-29
 128.363299      6.202    12.8410  32.298050    26.9864      6.147  273.54709  273.70297    33.2253    10.0069 -9.990e-29
 128.363302      6.220    12.8407  32.297064    26.9857      6.164  273.55010  273.70598    33.3654    10.0150 -9.990e-29
 128.363304      6.246    12.8404  32.297296    26.9861      6.190  273.55097  273.70683    31.2019    10.1322 -9.990e-29
 128.363307      6.271    12.8398  32.295729    26.9850      6.215  273.55627  273.71211    31.2642    10.1201 -9.990e-29
 128.363310      6.300    12.8395  32.295439    26.9853      6.244  273.55838  273.71420    31.2642    10.1403 0.0000e+00
 128.363313      6.335    12.8392  32.295846    26.9856      6.278  273.55895  273.71474    31.2175    10.1403 0.0000e+00
 128.363316      6.373    12.8388  32.296252    26.9856      6.316  273.55984  273.71560    31.7934     9.8573 0.0000e+00
 128.363319      6.412    12.8384  32.294860    26.9857      6.354  273.56421  273.71996    31.7934     9.9018 0.0000e+00
 128.363322      6.439    12.8376  32.294860    26.9852      6.381  273.56770  273.72340    31.7622     9.8735 -9.990e-29
 128.363325      6.463    12.8372  32.293990    26.9852      6.405  273.57083  273.72651    31.7622     9.8573 -9.990e-29
 128.363328      6.483    12.8365  32.293642    26.9854      6.425  273.57461  273.73025    33.7700     9.8290 -9.990e-29
 128.363330      6.504    12.8359  32.293410    26.9856      6.446  273.57756  273.73316    33.6766     9.8209 -9.990e-29
 128.363333      6.522    12.8354  32.293410    26.9860      6.464  273.58009  273.73566    33.7545     9.8209 -9.990e-29
 128.363336      6.546    12.8351  32.291785    26.9847      6.487  273.58424  273.73980    33.7389     9.7926 -9.990e-29
 128.363339      6.564    12.8347  32.293236    26.9863      6.505  273.58327  273.73880    35.2953    10.3385 -9.990e-29
 128.363342      6.586    12.8345  32.291670    26.9850      6.527  273.58699  273.74252    35.1708    10.3587 -9.990e-29
 128.363345      6.602    12.8342  32.292424    26.9859      6.543  273.58725  273.74275    35.3109    10.3587 -9.990e-29
 128.363348      6.620    12.8337  32.291786    26.9857      6.561  273.59060  273.74607    35.2642    10.3263 -9.990e-29
 128.363351      6.642    12.8334  32.291786    26.9858      6.583  273.59156  273.74702    35.2798    10.3385 -9.990e-29
 128.363354      6.664    12.8326  32.290568    26.9843      6.605  273.59719  273.75261    32.5405    10.7064 -9.990e-29
 128.363356      6.690    12.8319  32.288943    26.9851      6.630  273.60355  273.75893    32.5560    10.6984 0.0000e+00
 128.363359      6.719    12.8310  32.289930    26.9851      6.659  273.60561  273.76093    32.5871    10.7469 0.0000e+00
 128.363362      6.747    12.8303  32.288770    26.9858      6.686  273.61083  273.76612    32.5249    10.7064 -9.990e-29
 128.363365      6.768    12.8297  32.287726    26.9842      6.708  273.61521  273.77047    32.5249     9.8654 -9.990e-29
 128.363368      6.798    12.8289  32.286508    26.9843      6.737  273.62117  273.77638    32.5093     9.8815 0.0000e+00
 128.363371      6.827    12.8281  32.286334    26.9845      6.766  273.62497  273.78013    32.4471     9.8856 0.0000e+00
 128.363374      6.860    12.8273  32.286740    26.9854      6.799  273.62743  273.78254    32.5249     9.8654 0.0000e+00
 128.363377      6.891    12.8267  32.286450    26.9854      6.830  273.63080  273.78587    36.1980    10.0918 0.0000e+00
 128.363380      6.926    12.8265  32.284710    26.9841      6.864  273.63484  273.78992    36.3070    10.0716 0.0000e+00
 128.363383      6.959    12.8263  32.284304    26.9841      6.897  273.63652  273.79159    36.1980    10.0716 0.0000e+00
 128.363385      7.001    12.8258  32.285290    26.9845      6.938  273.63670  273.79174    36.1825    10.0312 0.0000e+00
 128.363388      7.038    12.8257  32.285929    26.9851      6.975  273.63623  273.79125    30.4082    10.0716 -9.990e-29
 128.363391      7.063    12.8257  32.285523    26.9854      7.000  273.63697  273.79199    30.3926    10.0756 -9.990e-29
 128.363394      7.085    12.8257  32.286335    26.9861      7.022  273.63555  273.79056    30.1903    10.0756 -9.990e-29
 128.363397      7.102    12.8256  32.285871    26.9858      7.038  273.63701  273.79201    30.2992    10.0918 -9.990e-29
 128.363400      7.114    12.8258  32.285291    26.9851      7.051  273.63678  273.79181    30.3459    10.0716 -9.990e-29
 128.363403      7.121    12.8261  32.285929    26.9855      7.058  273.63471  273.78975    36.7584    10.4355 -9.990e-29
 128.363406      7.131    12.8265  32.287147    26.9863      7.067  273.63067  273.78573    36.7117    10.4396 -9.990e-29
 128.363409      7.147    12.8267  32.286509    26.9856      7.083  273.63086  273.78594    36.7584    10.4638 -9.990e-29
 128.363411      7.169    12.8267  32.286741    26.9852      7.105  273.63047  273.78554    36.7739    10.4638 -9.990e-29
 128.363414      7.196    12.8267  32.286103    26.9856      7.132  273.63161  273.78669    33.4276    10.3870 0.0000e+00
 128.363417      7.227    12.8266  32.286915    26.9853      7.162  273.63083  273.78589    33.4743    10.3870 0.0000e+00
 128.363420      7.258    12.8265  32.286103    26.9860      7.193  273.63260  273.78766    33.4899    10.3951 0.0000e+00
 128.363423      7.291    12.8263  32.286741    26.9857      7.225  273.63244  273.78748    33.3965    10.3951 0.0000e+00
 128.363426      7.334    12.8261  32.286510    26.9860      7.269  273.63351  273.78855    40.8517    10.2657 -9.990e-29
 128.363429      7.337    12.8261  32.286742    26.9861      7.271  273.63310  273.78813    40.9762    10.2819 -9.990e-29
