Processed/SBE19plus_01907321_2022_05_11_Cast126_wfilter.cnv
* Sea-Bird SBE19plus  Data File:
* FileName = E:\Prandtl_Daten\2022\CTD\Raw\SBE19plus_01907321_2022_05_126.hex
* Software version 2.6.1.12
* Temperature SN = 7321
* Conductivity SN = 7321
* System UpLoad Time = May 11 2022 09:58:38
* <ApplicationData>
* <Seaterm232>
** Messpraktikum 2022
** CTD 10.05  SW1
** NMEA Latitude = 54 06.01N
** NMEA Longitude = 008 29.42E
# nquan = 11
# nvalues = 422                         
# units = specified
# name 0 = timeJ: Julian Days
# name 1 = prdM: Pressure, Strain Gauge [db]
# name 2 = tv290C: Temperature [ITS-90, deg C]
# name 3 = c0mS/cm: Conductivity [mS/cm]
# name 4 = sal00: Salinity, Practical [PSU]
# name 5 = depSM: Depth [salt water, m], lat = 54.00
# name 6 = oxsatMm/Kg: Oxygen Saturation, Weiss [umol/kg]
# name 7 = oxsolMm/Kg: Oxygen Saturation, Garcia & Gordon [umol/kg]
# name 8 = turbWETntu0: Turbidity, WET Labs ECO [NTU]
# name 9 = flECO-AFL: Fluorescence, WET Labs ECO-AFL/FL [mg/m^3]
# name 10 = flag:  0.000e+00
# span 0 = 131.410327, 131.411545       
# span 1 =      0.395,     13.601       
# span 2 =    11.4063,    12.6937       
# span 3 =  31.987315,  33.145318       
# span 4 =    26.8390,    28.8473       
# span 5 =      0.391,     13.479       
# span 6 =  274.67456,  278.38566       
# span 7 =  274.82345,  278.43156       
# span 8 =    -2.0588,    11.6222       
# span 9 =     2.6798,     8.7129       
# span 10 = 0.0000e+00, 0.0000e+00      
# interval = seconds: 0.25
# start_time = May 11 2022 09:49:14 [Instrument's time stamp, header]
# bad_flag = -9.990e-29
*END*
 131.410327      0.395    12.6845  32.023602    26.8458      0.391  274.72144  274.86976     6.2836     7.9406 -9.990e-29
 131.410330      0.413    12.6854  32.023775    26.8449      0.409  274.71702  274.86540     6.0969     7.9325 -9.990e-29
 131.410333      0.451    12.6856  32.023602    26.8449      0.447  274.71641  274.86480     7.2175     7.6131 0.0000e+00
 131.410336      0.499    12.6854  32.023371    26.8449      0.494  274.71780  274.86618     7.0930     7.5726 0.0000e+00
 131.410339      0.544    12.6852  32.022966    26.8446      0.539  274.71950  274.86787     7.0307     7.5686 0.0000e+00
 131.410341      0.602    12.6849  32.019150    26.8442      0.597  274.72759  274.87598     6.9996     7.5362 0.0000e+00
 131.410344      0.663    12.6850  32.022388    26.8442      0.657  274.72155  274.86992     6.8284     7.7222 0.0000e+00
 131.410347      0.725    12.6850  32.022388    26.8442      0.718  274.72159  274.86996     6.8595     7.6737 0.0000e+00
 131.410350      0.772    12.6846  32.022389    26.8443      0.765  274.72353  274.87186     6.8440     7.7061 0.0000e+00
 131.410353      0.798    12.6846  32.023198    26.8445      0.791  274.72210  274.87043     6.8284     7.7101 -9.990e-29
 131.410356      0.803    12.6842  32.023777    26.8460      0.796  274.72266  274.87096     6.6883     7.7020 -9.990e-29
 131.410359      0.796    12.6841  32.024008    26.8463      0.789  274.72288  274.87117     6.1747     7.5160 -9.990e-29
 131.410362      0.778    12.6839  32.020770    26.8434      0.771  274.72926  274.87757     6.0346     7.5362 -9.990e-29
 131.410365      0.768    12.6837  32.023198    26.8458      0.762  274.72588  274.87416     5.9101     7.5403 -9.990e-29
 131.410367      0.779    12.6833  32.024991    26.8481      0.772  274.72429  274.87252     5.9101     7.5403 -9.990e-29
 131.410370      0.825    12.6823  32.024586    26.8486      0.817  274.72947  274.87764     6.2525     8.5269 0.0000e+00
 131.410373      0.885    12.6809  32.024587    26.8490      0.877  274.73584  274.88392     6.2214     8.5471 0.0000e+00
 131.410376      0.960    12.6797  32.023604    26.8491      0.951  274.74303  274.89103     6.2525     8.5552 0.0000e+00
 131.410379      1.022    12.6787  32.024009    26.8500      1.013  274.74678  274.89472     6.1591     8.5391 0.0000e+00
 131.410382      1.069    12.6778  32.025976    26.8513      1.060  274.74743  274.89529     6.7661     7.7222 0.0000e+00
 131.410385      1.110    12.6776  32.024993    26.8525      1.100  274.75016  274.89801     6.8440     7.6899 -9.990e-29
 131.410388      1.135    12.6776  32.025860    26.8525      1.125  274.74863  274.89648     6.6416     7.6899 -9.990e-29
 131.410391      1.155    12.6776  32.025398    26.8521      1.145  274.74946  274.89732     6.7973     7.7101 -9.990e-29
 131.410394      1.174    12.6779  32.024819    26.8513      1.163  274.74892  274.89680     6.5015     7.2451 -9.990e-29
 131.410396      1.192    12.6782  32.025398    26.8516      1.181  274.74664  274.89453     6.6261     7.2249 -9.990e-29
 131.410399      1.217    12.6788  32.024588    26.8505      1.206  274.74556  274.89350     6.7194     7.2370 -9.990e-29
 131.410402      1.241    12.6792  32.023778    26.8466      1.230  274.74512  274.89309     6.4704     7.1521 -9.990e-29
 131.410405      1.272    12.6802  32.021581    26.8466      1.261  274.74461  274.89267     6.4237     7.1804 0.0000e+00
 131.410408      1.307    12.6808  32.022217    26.8466      1.295  274.74065  274.88875     6.0502     6.8569 -9.990e-29
 131.410411      1.331    12.6810  32.021986    26.8464      1.319  274.74044  274.88855     5.9257     6.8892 -9.990e-29
 131.410414      1.369    12.6807  32.022564    26.8472      1.357  274.74071  274.88879     6.0502     6.8892 -9.990e-29
 131.410417      1.394    12.6822  32.025803    26.8492      1.382  274.72831  274.87646     6.0502     6.8124 -9.990e-29
 131.410420      1.429    12.6842  32.027422    26.8482      1.416  274.71659  274.86485     6.6416     6.6588 0.0000e+00
 131.410422      1.469    12.6870  32.027422    26.8472      1.456  274.70426  274.85271     6.4237     6.6466 0.0000e+00
 131.410425      1.507    12.6900  32.028809    26.8463      1.494  274.68820  274.83683     6.6416     6.6628 0.0000e+00
 131.410428      1.551    12.6925  32.026785    26.8445      1.537  274.68074  274.82955     6.4548     6.6911 0.0000e+00
 131.410431      1.588    12.6937  32.027421    26.8426      1.574  274.67456  274.82345     6.1436     6.6507 -9.990e-29
 131.410434      1.612    12.6937  32.027017    26.8420      1.597  274.67530  274.82419     6.2214     6.6588 -9.990e-29
 131.410437      1.641    12.6936  32.026381    26.8414      1.626  274.67676  274.82565     6.3459     6.6385 -9.990e-29
 131.410440      1.659    12.6931  32.025629    26.8411      1.644  274.68033  274.82919     6.2369     6.6628 -9.990e-29
 131.410443      1.686    12.6926  32.022969    26.8390      1.671  274.68729  274.83615     6.5949     6.7882 -9.990e-29
 131.410446      1.705    12.6927  32.024993    26.8410      1.689  274.68339  274.83223     6.5794     6.8892 -9.990e-29
 131.410448      1.734    12.6921  32.024820    26.8413      1.718  274.68625  274.83506     6.3303     6.9176 0.0000e+00
 131.410451      1.761    12.6905  32.024357    26.8413      1.746  274.69406  274.84277     6.5171     6.9176 0.0000e+00
 131.410454      1.796    12.6890  32.024820    26.8417      1.780  274.70023  274.84883     6.5794     6.9863 -9.990e-29
 131.410457      1.821    12.6886  32.024994    26.8438      1.805  274.70152  274.85010     9.0852     7.2491 -9.990e-29
 131.410460      1.852    12.6881  32.024820    26.8438      1.836  274.70407  274.85262     9.2564     7.2208 0.0000e+00
 131.410463      1.892    12.6878  32.024589    26.8438      1.875  274.70609  274.85462     9.0541     7.2127 0.0000e+00
 131.410466      1.934    12.6878  32.024011    26.8432      1.917  274.70683  274.85536     9.1163     7.2289 0.0000e+00
 131.410469      1.976    12.6885  32.024011    26.8428      1.959  274.70400  274.85258     7.3576     7.3179 0.0000e+00
 131.410472      2.013    12.6903  32.023375    26.8419      1.995  274.69692  274.84563     7.4198     7.2977 0.0000e+00
 131.410475      2.056    12.6881  32.022797    26.8419      2.038  274.70780  274.85637     7.3576     7.3219 0.0000e+00
 131.410477      2.095    12.6823  32.022219    26.8454      2.076  274.73451  274.88271     7.2642     7.2774 0.0000e+00
 131.410480      2.127    12.6785  32.024417    26.8478      2.108  274.74772  274.89565     6.9996     6.7841 0.0000e+00
 131.410483      2.153    12.6751  32.024360    26.8502      2.134  274.76305  274.91075     6.9840     6.7518 -9.990e-29
 131.410486      2.176    12.6697  32.024187    26.8562      2.157  274.78712  274.93448     7.1397     6.7275 -9.990e-29
 131.410489      2.195    12.6658  32.023378    26.8582      2.175  274.80600  274.95310     7.1241     6.7275 -9.990e-29
 131.410492      2.207    12.6640  32.024997    26.8610      2.188  274.81104  274.95802     7.2798     6.7720 -9.990e-29
 131.410495      2.222    12.6642  32.024824    26.8607      2.202  274.81041  274.95740     7.5132     7.8880 -9.990e-29
 131.410498      2.236    12.6653  32.024419    26.8595      2.216  274.80639  274.95345     7.5132     7.9123 -9.990e-29
 131.410501      2.260    12.6659  32.024014    26.8567      2.240  274.80459  274.95170     7.5288     7.8921 -9.990e-29
 131.410503      2.300    12.6672  32.022800    26.8567      2.280  274.80108  274.94828     7.5443     7.8638 0.0000e+00
 131.410506      2.344    12.6669  32.022800    26.8568      2.323  274.80205  274.94924     9.1163     7.6818 0.0000e+00
 131.410509      2.388    12.6652  32.024015    26.8592      2.367  274.80784  274.95490     9.0541     7.6171 0.0000e+00
 131.410512      2.430    12.6606  32.024189    26.8626      2.408  274.82783  274.97459     9.0385     7.6535 0.0000e+00
 131.410515      2.466    12.6556  32.022628    26.8647      2.444  274.85311  274.99956     9.0696     7.6980 0.0000e+00
 131.410518      2.503    12.6498  32.021414    26.8662      2.480  274.88095  275.02703     7.4354     8.7129 0.0000e+00
 131.410521      2.530    12.6388  32.019970    26.8677      2.508  274.93231  275.07768     7.4821     8.7089 -9.990e-29
 131.410524      2.552    12.6293  32.018988    26.8770      2.529  274.97650  275.12126     7.5132     8.6684 -9.990e-29
 131.410527      2.579    12.6228  32.010778    26.8797      2.556  275.01998  275.16439     7.6222     8.6361 0.0000e+00
 131.410530      2.609    12.6074  32.004767    26.8824      2.585  275.09912  275.24259     7.8245     8.5754 0.0000e+00
 131.410532      2.642    12.5913  32.002745    26.8920      2.618  275.17463  275.31705     7.9179     8.6159 0.0000e+00
 131.410535      2.680    12.5819  32.002920    26.8988      2.656  275.21613  275.35794     7.8868     8.5754 0.0000e+00
 131.410538      2.720    12.5787  32.002573    26.9008      2.696  275.23103  275.37262     7.7934     8.5633 0.0000e+00
 131.410541      2.762    12.5790  32.003556    26.9015      2.737  275.22803  275.36964     7.8712     8.5552 0.0000e+00
 131.410544      2.797    12.5816  32.005753    26.9016      2.772  275.21241  275.35417     8.4938     8.0983 0.0000e+00
 131.410547      2.828    12.5847  31.997601    26.9016      2.802  275.21339  275.35543     8.5871     8.1145 -9.990e-29
 131.410550      2.851    12.5821  31.993902    26.8902      2.826  275.23142  275.37333     8.4782     8.1468 -9.990e-29
 131.410553      2.870    12.5778  31.995347    26.8946      2.844  275.24816  275.38977     8.5716     8.0700 -9.990e-29
 131.410556      2.893    12.5785  31.996504    26.8952      2.867  275.24294  275.38459     8.6961     8.5633 -9.990e-29
 131.410558      2.912    12.5802  31.992919    26.8907      2.886  275.24176  275.38355     8.6961     8.5997 -9.990e-29
 131.410561      2.937    12.5779  31.991128    26.8945      2.911  275.25543  275.39709     8.7584     8.5512 -9.990e-29
 131.410564      2.970    12.5748  31.992920    26.8943      2.943  275.26586  275.40730     8.7895     8.5431 0.0000e+00
 131.410567      3.016    12.5735  31.991533    26.8945      2.989  275.27407  275.41544    11.6066     8.4016 0.0000e+00
 131.410570      3.054    12.5709  31.991302    26.8957      3.027  275.28622  275.42742    11.6222     8.4258 0.0000e+00
 131.410573      3.090    12.5688  31.991707    26.8964      3.063  275.29471  275.43576    11.3576     8.4339 0.0000e+00
 131.410576      3.121    12.5676  31.989511    26.8969      3.093  275.30404  275.44504    11.4354     8.4137 0.0000e+00
 131.410579      3.158    12.5641  31.987315    26.8967      3.129  275.32382  275.46461     8.3226     8.5552 0.0000e+00
 131.410582      3.185    12.5583  31.987662    26.8969      3.157  275.34918  275.48958     8.3070     8.5229 -9.990e-29
 131.410584      3.209    12.5527  31.988299    26.9059      3.180  275.37275  275.51278     8.4626     8.5512 -9.990e-29
 131.410587      3.227    12.5487  31.987490    26.9079      3.198  275.39194  275.53171     8.3692     8.5876 -9.990e-29
 131.410590      3.247    12.5443  31.987491    26.9141      3.218  275.41158  275.55106     8.1669     8.5471 -9.990e-29
 131.410593      3.277    12.5407  31.987896    26.9149      3.247  275.42733  275.56657     8.4626     8.5027 0.0000e+00
 131.410596      3.308    12.5385  31.987896    26.9156      3.278  275.43717  275.57625     8.3692     8.4865 0.0000e+00
 131.410599      3.340    12.5354  31.988706    26.9186      3.311  275.44935  275.58823     8.6027     8.5269 0.0000e+00
 131.410602      3.381    12.5324  31.990093    26.9220      3.350  275.46050  275.59916     8.5560     8.4865 0.0000e+00
 131.410605      3.423    12.5303  31.991308    26.9246      3.392  275.46753  275.60604     8.2914     7.6980 0.0000e+00
 131.410608      3.468    12.5287  31.993909    26.9281      3.437  275.46986  275.60824     8.2603     7.7303 0.0000e+00
 131.410611      3.506    12.5251  31.997147    26.9337      3.475  275.48022  275.61833     8.3226     7.7425 0.0000e+00
 131.410613      3.543    12.5184  31.999171    26.9404      3.511  275.50667  275.64432     8.3537     7.7384 0.0000e+00
 131.410616      3.576    12.5115  32.002988    26.9489      3.544  275.53054  275.66770     7.6066     8.6968 0.0000e+00
 131.410619      3.605    12.5052  32.004549    26.9519      3.573  275.55591  275.69263     7.5599     8.6644 0.0000e+00
 131.410622      3.631    12.5010  32.001543    26.9548      3.598  275.57999  275.71646     7.5755     8.7008 -9.990e-29
 131.410625      3.651    12.5003  32.003741    26.9575      3.618  275.57922  275.71563     7.4198     8.6887 -9.990e-29
 131.410628      3.662    12.5014  32.006169    26.9590      3.629  275.57013  275.70658     8.8673     8.1145 -9.990e-29
 131.410631      3.673    12.4997  32.011604    26.9653      3.640  275.56797  275.70425     8.6805     8.1266 -9.990e-29
 131.410634      3.693    12.4940  32.013166    26.9771      3.660  275.59048  275.72637     8.9296     8.0983 -9.990e-29
 131.410637      3.722    12.4884  32.015595    26.9817      3.689  275.61112  275.74661     8.8984     8.1387 0.0000e+00
 131.410639      3.755    12.4817  32.020395    26.9864      3.721  275.63256  275.76756     8.7272     8.1145 0.0000e+00
 131.410642      3.796    12.4727  32.021206    26.9935      3.762  275.67128  275.80567     9.3187     8.0215 0.0000e+00
 131.410645      3.849    12.4659  32.020397    26.9976      3.815  275.70280  275.83675     9.2564     8.0619 0.0000e+00
 131.410648      3.900    12.4627  32.023231    27.0026      3.865  275.71228  275.84598     9.2875     7.9891 0.0000e+00
 131.410651      3.949    12.4595  32.031038    27.0121      3.914  275.71249  275.84591     9.2720     8.0376 0.0000e+00
 131.410654      3.993    12.4525  32.032254    27.0152      3.957  275.74162  275.87456     8.2447     7.7303 0.0000e+00
 131.410657      4.030    12.4444  32.034048    27.0183      3.994  275.77444  275.90682     8.2914     7.7061 -9.990e-29
 131.410660      4.055    12.4391  32.035263    27.0307      4.019  275.79628  275.92829     8.2914     7.6818 -9.990e-29
 131.410663      4.073    12.4348  32.034454    27.0330      4.037  275.81670  275.94844     8.4471     7.7142 -9.990e-29
 131.410666      4.081    12.4329  32.035668    27.0355      4.044  275.82305  275.95464     7.2486     7.5039 -9.990e-29
 131.410668      4.090    12.4319  32.036478    27.0369      4.053  275.82602  275.95754     7.2019     7.4756 -9.990e-29
 131.410671      4.101    12.4311  32.039717    27.0406      4.064  275.82398  275.95541     7.2331     7.4513 -9.990e-29
 131.410674      4.117    12.4286  32.040701    27.0452      4.080  275.83328  275.96453     7.3264     7.4271 -9.990e-29
 131.410677      4.143    12.4258  32.040701    27.0463      4.106  275.84561  275.97668     7.8245     7.6818 0.0000e+00
 131.410680      4.179    12.4246  32.041974    27.0473      4.142  275.84903  275.98000     7.8868     7.7344 0.0000e+00
 131.410683      4.230    12.4239  32.045503    27.0511      4.192  275.84555  275.97645     7.9646     7.6737 0.0000e+00
 131.410686      4.281    12.4212  32.046544    27.0540      4.243  275.85603  275.98672     7.7778     7.6292 0.0000e+00
 131.410689      4.334    12.4182  32.047297    27.0568      4.295  275.86797  275.99846     7.7622     7.6899 0.0000e+00
 131.410692      4.385    12.4154  32.054181    27.0652      4.346  275.86791  275.99815     5.0852     6.1088 0.0000e+00
 131.410694      4.435    12.4101  32.062570    27.0769      4.395  275.87682  276.00661     4.8829     6.1250 0.0000e+00
 131.410697      4.473    12.4017  32.061588    27.0795      4.433  275.91586  276.04510     5.0229     6.1493 0.0000e+00
 131.410700      4.502    12.3952  32.062399    27.0820      4.462  275.94377  276.07257     4.8829     6.1735 -9.990e-29
 131.410703      4.520    12.3907  32.064598    27.0927      4.480  275.95970  276.08817     4.8206     6.9823 -9.990e-29
