Processed/SBE19plus_01907321_2022_05_04_Cast12_wfilter.cnv
* Sea-Bird SBE19plus  Data File:
* FileName = E:\Prandtl Daten\2022\CTD\Raw\SBE19plus_01907321_2022_05_04_Cast12.hex
* Software version 2.6.1.12
* Temperature SN = 7321
* Conductivity SN = 7321
* System UpLoad Time = May 04 2022 08:13:15
* <ApplicationData>
* <Seaterm232>
** Messpraktikum 2022
** CTD 04.05 SW2
# nquan = 11
# nvalues = 357                         
# units = specified
# name 0 = timeJ: Julian Days
# name 1 = prdM: Pressure, Strain Gauge [db]
# name 2 = tv290C: Temperature [ITS-90, deg C]
# name 3 = c0mS/cm: Conductivity [mS/cm]
# name 4 = sal00: Salinity, Practical [PSU]
# name 5 = depSM: Depth [salt water, m], lat = 54.00
# name 6 = oxsatMm/Kg: Oxygen Saturation, Weiss [umol/kg]
# name 7 = oxsolMm/Kg: Oxygen Saturation, Garcia & Gordon [umol/kg]
# name 8 = turbWETntu0: Turbidity, WET Labs ECO [NTU]
# name 9 = flECO-AFL: Fluorescence, WET Labs ECO-AFL/FL [mg/m^3]
# name 10 = flag:  0.000e+00
# span 0 = 124.337925, 124.338955       
# span 1 =      0.833,     10.365       
# span 2 =    11.0948,    11.7544       
# span 3 =  30.042003,  31.530507       
# span 4 =    25.6601,    27.5345       
# span 5 =      0.826,     10.272       
# span 6 =  282.00451,  283.18347       
# span 7 =  282.10372,  283.23821       
# span 8 =    67.1397,   103.1397       
# span 9 =    11.0946,    21.2887       
# span 10 = 0.0000e+00, 0.0000e+00      
# interval = seconds: 0.25
# start_time = May 04 2022 08:05:23 [Instrument's time stamp, header]
# bad_flag = -9.990e-29
*END*
 124.337925      0.833    11.7340  30.044034    25.6612      0.826  282.68971  282.79512    71.9334    16.2503 -9.990e-29
 124.337928      0.848    11.7335  30.044542    25.6621      0.840  282.69105  282.79642    71.8712    16.2058 -9.990e-29
 124.337931      0.875    11.7334  30.044598    25.6620      0.867  282.69162  282.79698    71.0463    16.2139 0.0000e+00
 124.337934      0.900    11.7334  30.044316    25.6620      0.892  282.69216  282.79753    71.1085    15.7570 0.0000e+00
 124.337937      0.928    11.7328  30.043470    25.6619      0.920  282.69670  282.80204    70.9529    15.7448 -9.990e-29
 124.337940      0.948    11.7317  30.043752    25.6625      0.939  282.70142  282.80667    71.1085    15.7246 -9.990e-29
 124.337943      0.964    11.7315  30.044204    25.6630      0.956  282.70123  282.80647    71.1397    15.7691 -9.990e-29
 124.337946      0.966    11.7315  30.043301    25.6622      0.957  282.70325  282.80850    67.8089    15.4820 -9.990e-29
 124.337948      0.973    11.7311  30.042963    25.6621      0.964  282.70552  282.81075    67.7000    15.5386 -9.990e-29
 124.337951      0.966    11.7308  30.042906    25.6623      0.957  282.70726  282.81246    67.8868    15.5224 -9.990e-29
 124.337954      0.933    11.7303  30.042963    25.6627      0.925  282.70942  282.81459    68.0268    15.5022 -9.990e-29
 124.337957      0.900    11.7299  30.042737    25.6627      0.892  282.71145  282.81660    68.9296    15.4052 -9.990e-29
 124.337960      0.865    11.7298  30.042003    25.6622      0.858  282.71346  282.81860    68.9607    15.3890 -9.990e-29
 124.337963      0.849    11.7301  30.043470    25.6633      0.842  282.70907  282.81422    68.8362    15.4052 -9.990e-29
 124.337966      0.858    11.7305  30.043752    25.6633      0.850  282.70691  282.81208    68.9918    15.3647 -9.990e-29
 124.337969      0.887    11.7307  30.044768    25.6640      0.879  282.70405  282.80922    67.1397    15.5750 -9.990e-29
 124.337972      0.931    11.7316  30.045332    25.6637      0.923  282.69877  282.80400    67.4198    15.5871 0.0000e+00
 124.337975      0.982    11.7328  30.045501    25.6633      0.973  282.69261  282.79792    67.4043    15.6276 0.0000e+00
 124.337977      1.048    11.7337  30.046066    25.6633      1.038  282.68768  282.79304    67.3576    15.6518 0.0000e+00
 124.337980      1.113    11.7344  30.045107    25.6619      1.104  282.68625  282.79167    67.2642    15.6033 0.0000e+00
 124.337983      1.181    11.7344  30.044035    25.6608      1.170  282.68798  282.79342    67.4665    15.1989 0.0000e+00
 124.337986      1.255    11.7340  30.043753    25.6608      1.244  282.69051  282.79593    67.6689    15.2475 0.0000e+00
 124.337989      1.321    11.7337  30.043866    25.6611      1.310  282.69198  282.79737    67.5910    15.2313 0.0000e+00
 124.337992      1.387    11.7335  30.044205    25.6612      1.375  282.69237  282.79774    67.7155    15.2879 0.0000e+00
 124.337995      1.435    11.7336  30.043923    25.6613      1.422  282.69227  282.79766    68.4626    15.4052 0.0000e+00
 124.337998      1.473    11.7339  30.044036    25.6612      1.460  282.69078  282.79619    68.1980    15.3809 -9.990e-29
 124.338001      1.488    11.7340  30.043585    25.6605      1.475  282.69098  282.79640    67.9334    15.3526 -9.990e-29
 124.338003      1.491    11.7340  30.043133    25.6601      1.478  282.69183  282.79725    68.1358    15.3364 -9.990e-29
 124.338006      1.491    11.7337  30.043190    25.6604      1.478  282.69336  282.79876    67.3576    15.5467 -9.990e-29
 124.338009      1.491    11.7333  30.043641    25.6611      1.478  282.69447  282.79984    67.3887    15.5709 -9.990e-29
 124.338012      1.495    11.7327  30.043359    25.6612      1.482  282.69762  282.80295    67.4043    15.5993 -9.990e-29
 124.338015      1.508    11.7319  30.042908    25.6613      1.494  282.70206  282.80735    67.3420    15.5588 -9.990e-29
 124.338018      1.524    11.7310  30.042739    25.6618      1.511  282.70664  282.81186    71.5910    16.3595 -9.990e-29
 124.338021      1.544    11.7304  30.043359    25.6628      1.531  282.70876  282.81393    71.5132    16.3028 -9.990e-29
 124.338024      1.570    11.7299  30.044037    25.6637      1.556  282.70946  282.81460    71.7000    16.3311 -9.990e-29
 124.338027      1.584    11.7296  30.044714    25.6646      1.570  282.70984  282.81494    71.7000    16.3150 -9.990e-29
 124.338030      1.597    11.7293  30.045334    25.6654      1.583  282.70999  282.81507    71.6377    16.3433 -9.990e-29
 124.338032      1.601    11.7295  30.044544    25.6645      1.587  282.71049  282.81560    74.7661    17.5402 -9.990e-29
 124.338035      1.605    11.7301  30.044206    25.6638      1.590  282.70852  282.81366    74.7817    17.5604 -9.990e-29
 124.338038      1.601    11.7306  30.044206    25.6635      1.587  282.70623  282.81141    74.8751    17.5928 -9.990e-29
 124.338041      1.602    11.7311  30.043754    25.6627      1.588  282.70446  282.80968    74.7817    17.5604 -9.990e-29
 124.338044      1.619    11.7312  30.043642    25.6627      1.605  282.70436  282.80958    71.6377    16.1290 -9.990e-29
 124.338047      1.657    11.7310  30.043755    25.6628      1.643  282.70482  282.81004    71.6533    16.1007 0.0000e+00
 124.338050      1.718    11.7312  30.044037    25.6627      1.702  282.70368  282.80890    71.5910    16.1209 0.0000e+00
 124.338053      1.789    11.7317  30.043924    25.6623      1.773  282.70133  282.80659    71.5288    16.1411 0.0000e+00
 124.338056      1.862    11.7324  30.043868    25.6621      1.845  282.69822  282.80352    70.2836    16.2948 0.0000e+00
 124.338058      1.940    11.7324  30.044150    25.6619      1.923  282.69807  282.80337    70.4548    16.2907 0.0000e+00
 124.338061      2.013    11.7321  30.043868    25.6621      1.995  282.69962  282.80491    70.4548    16.2220 0.0000e+00
 124.338064      2.084    11.7314  30.043869    25.6624      2.066  282.70326  282.80850    70.3770    16.2462 0.0000e+00
 124.338067      2.138    11.7309  30.043756    25.6625      2.118  282.70580  282.81100    74.7506    16.5050 0.0000e+00
 124.338070      2.187    11.7306  30.043136    25.6626      2.167  282.70862  282.81381    74.7194    16.5333 -9.990e-29
 124.338073      2.210    11.7304  30.046690    25.6657      2.191  282.70296  282.80810    74.9062    16.4808 -9.990e-29
 124.338076      2.225    11.7303  30.051881    25.6707      2.205  282.69357  282.79865    74.7973    16.4969 -9.990e-29
 124.338079      2.222    11.7302  30.056734    25.6753      2.202  282.68481  282.78983    74.8128    16.4929 -9.990e-29
 124.338082      2.211    11.7302  30.059160    25.6776      2.191  282.68026  282.78525    82.1747    17.0630 -9.990e-29
 124.338084      2.200    11.7303  30.064577    25.6827      2.180  282.66978  282.77471    82.1591    17.0509 -9.990e-29
 124.338087      2.185    11.7304  30.066722    25.6846      2.165  282.66542  282.77034    82.2214    17.0388 -9.990e-29
 124.338090      2.172    11.7304  30.066835    25.6847      2.153  282.66520  282.77012    82.3148    17.0873 -9.990e-29
 124.338093      2.163    11.7297  30.066158    25.6845      2.144  282.66940  282.77428    84.7117    16.9579 -9.990e-29
 124.338096      2.161    11.7295  30.067738    25.6862      2.142  282.66742  282.77227    85.0541    16.9256 -9.990e-29
 124.338099      2.176    11.7290  30.066722    25.6856      2.156  282.67195  282.77677    84.7428    16.9903 -9.990e-29
 124.338102      2.201    11.7285  30.066440    25.6850      2.182  282.67478  282.77957    84.8829    16.9296 -9.990e-29
 124.338105      2.230    11.7281  30.065481    25.6849      2.210  282.67823  282.78301    87.8401    18.5268 0.0000e+00
 124.338108      2.261    11.7288  30.065763    25.6848      2.241  282.67445  282.77928    87.7778    18.5511 0.0000e+00
 124.338111      2.291    11.7296  30.065876    25.6843      2.270  282.67067  282.77554    87.9957    18.5713 0.0000e+00
 124.338113      2.325    11.7302  30.064973    25.6830      2.304  282.66945  282.77437    87.9023    18.5471 0.0000e+00
 124.338116      2.362    11.7307  30.064409    25.6822      2.341  282.66824  282.77321    85.5366    18.1104 0.0000e+00
 124.338119      2.409    11.7309  30.064014    25.6822      2.388  282.66803  282.77302    85.5988    18.1023 0.0000e+00
 124.338122      2.458    11.7310  30.065481    25.6829      2.436  282.66499  282.76996    85.7078    18.0982 0.0000e+00
 124.338125      2.518    11.7309  30.066949    25.6844      2.496  282.66261  282.76756    85.5210    18.0820 0.0000e+00
 124.338128      2.584    11.7308  30.069601    25.6869      2.561  282.65834  282.76325    85.6144    18.1104 0.0000e+00
 124.338131      2.655    11.7306  30.075020    25.6922      2.631  282.64921  282.75405    88.4471    18.4824 0.0000e+00
 124.338134      2.713    11.7307  30.085236    25.7017      2.689  282.62947  282.73420    88.4004    18.5026 0.0000e+00
 124.338137      2.777    11.7318  30.091841    25.7071      2.752  282.61192  282.71665    88.6805    18.4702 0.0000e+00
 124.338139      2.823    11.7332  30.093874    25.7080      2.798  282.60161  282.70642    88.4471    18.4743 0.0000e+00
 124.338142      2.861    11.7340  30.099293    25.7103      2.835  282.58757  282.69238    90.1903    18.0416 0.0000e+00
 124.338145      2.889    11.7349  30.098390    25.7126      2.863  282.58504  282.68992    90.3459    17.9971 -9.990e-29
 124.338148      2.897    11.7351  30.099011    25.7116      2.872  282.58323  282.68811    90.2681    18.0537 -9.990e-29
 124.338151      2.896    11.7349  30.103810    25.7162      2.870  282.57490  282.67972    90.2992    18.0214 -9.990e-29
 124.338154      2.881    11.7352  30.113353    25.7250      2.855  282.55571  282.66045    94.0657    17.9284 -9.990e-29
 124.338157      2.852    11.7362  30.121202    25.7317      2.826  282.53610  282.64082    94.2214    17.8556 -9.990e-29
 124.338160      2.837    11.7372  30.119677    25.7296      2.812  282.53438  282.63918    94.2058    17.9163 -9.990e-29
 124.338163      2.819    11.7376  30.109400    25.7196      2.794  282.55166  282.65660    94.1436    17.9203 -9.990e-29
 124.338166      2.812    11.7373  30.113352    25.7235      2.786  282.54556  282.65043    93.9412    17.4876 -9.990e-29
 124.338168      2.819    11.7375  30.115498    25.7255      2.794  282.54089  282.64575    93.8790    17.5725 -9.990e-29
 124.338171      2.839    11.7377  30.112054    25.7248      2.814  282.54605  282.65097    93.8478    17.5240 -9.990e-29
 124.338174      2.865    11.7379  30.115103    25.7300      2.839  282.53970  282.64460    93.8478    17.5200 0.0000e+00
 124.338177      2.903    11.7384  30.126624    25.7353      2.877  282.51555  282.62036    93.8012    17.5281 0.0000e+00
 124.338180      2.956    11.7397  30.130295    25.7378      2.930  282.50284  282.60769    94.7350    18.8220 0.0000e+00
 124.338183      3.014    11.7409  30.131481    25.7381      2.987  282.49479  282.59971    94.7350    18.8989 0.0000e+00
 124.338186      3.071    11.7416  30.138994    25.7419      3.043  282.47783  282.58272    94.8440    18.8301 0.0000e+00
 124.338189      3.125    11.7421  30.136396    25.7447      3.098  282.48012  282.58507    94.8751    18.8220 0.0000e+00
 124.338192      3.180    11.7422  30.140463    25.7456      3.152  282.47222  282.57713    93.8634    18.8301 0.0000e+00
 124.338194      3.230    11.7423  30.144869    25.7497      3.201  282.46336  282.56823    93.9879    18.7978 0.0000e+00
 124.338197      3.270    11.7429  30.149445    25.7535      3.241  282.45188  282.55675    93.7856    18.8018 0.0000e+00
 124.338200      3.308    11.7440  30.156225    25.7591      3.279  282.43401  282.53887    93.9412    18.8382 0.0000e+00
 124.338203      3.343    11.7454  30.159445    25.7591      3.313  282.42148  282.52640    96.6027    19.6591 0.0000e+00
 124.338206      3.370    11.7465  30.157129    25.7597      3.340  282.42095  282.52596    96.5405    19.6348 0.0000e+00
 124.338209      3.398    11.7467  30.155547    25.7583      3.367  282.42262  282.52768    96.5093    19.6631 -9.990e-29
 124.338212      3.414    11.7468  30.156394    25.7574      3.384  282.42072  282.52577    96.5249    19.6348 -9.990e-29
 124.338215      3.436    11.7465  30.157129    25.7582      3.405  282.42066  282.52569    99.0152    19.9462 -9.990e-29
 124.338218      3.454    11.7466  30.159050    25.7600      3.423  282.41676  282.52176    98.8751    19.9906 -9.990e-29
 124.338220      3.475    11.7467  30.162384    25.7631      3.443  282.41021  282.51518    98.9996    19.9745 -9.990e-29
 124.338223      3.496    11.7468  30.164192    25.7647      3.465  282.40619  282.51115    99.2019    20.0230 -9.990e-29
 124.338226      3.513    11.7472  30.165944    25.7661      3.481  282.40129  282.50626    99.0152    19.9300 -9.990e-29
 124.338229      3.533    11.7474  30.166113    25.7660      3.501  282.39968  282.50467    98.1124    19.9179 -9.990e-29
 124.338232      3.557    11.7472  30.166170    25.7662      3.525  282.40057  282.50554    98.0813    19.9987 -9.990e-29
 124.338235      3.573    11.7467  30.164249    25.7648      3.541  282.40678  282.51174    98.1124    20.0068 -9.990e-29
 124.338238      3.597    11.7453  30.165379    25.7668      3.565  282.41120  282.51605    97.9101    19.9826 -9.990e-29
 124.338241      3.617    11.7442  30.166679    25.7688      3.585  282.41367  282.51843   102.3459    20.6659 -9.990e-29
 124.338244      3.641    11.7444  30.170465    25.7722      3.608  282.40595  282.51068   102.4393    20.6417 -9.990e-29
 124.338247      3.656    11.7443  30.167131    25.7691      3.623  282.41252  282.51729   102.3148    20.6902 -9.990e-29
 124.338249      3.674    11.7443  30.166340    25.7684      3.641  282.41402  282.51879   102.5015    20.6498 -9.990e-29
 124.338252      3.694    11.7447  30.167753    25.7694      3.661  282.40976  282.51454    97.9257    19.7399 -9.990e-29
 124.338255      3.716    11.7457  30.170239    25.7711      3.682  282.40023  282.50505    98.0502    19.7157 -9.990e-29
 124.338258      3.741    11.7467  30.173630    25.7789      3.708  282.38902  282.49387    97.8167    19.6833 -9.990e-29
 124.338261      3.778    11.7478  30.180185    25.7818      3.744  282.37156  282.47642    98.1903    19.7278 0.0000e+00
 124.338264      3.814    11.7492  30.187137    25.7846      3.780  282.35239  282.45726    99.2953    19.5297 0.0000e+00
 124.338267      3.852    11.7501  30.195955    25.7894      3.818  282.33136  282.43620    99.4821    19.4892 0.0000e+00
 124.338270      3.894    11.7505  30.193298    25.7894      3.859  282.33440  282.43930    99.4976    19.4973 0.0000e+00
 124.338273      3.941    11.7501  30.191829    25.7894      3.906  282.33914  282.44402    99.4821    19.5580 0.0000e+00
 124.338275      3.989    11.7495  30.197369    25.7939      3.953  282.33174  282.43652    99.3731    19.5458 0.0000e+00
 124.338278      4.039    11.7498  30.205114    25.8010      4.002  282.31598  282.42069    97.1941    19.0000 0.0000e+00
 124.338281      4.082    11.7504  30.216535    25.8113      4.046  282.29171  282.39635    97.2097    19.0202 0.0000e+00
 124.338284      4.117    11.7516  30.223546    25.8171      4.080  282.27309  282.37772    97.1475    19.0283 0.0000e+00
 124.338287      4.148    11.7527  30.228410    25.8193      4.111  282.25880  282.36346    97.3031    18.9959 0.0000e+00
 124.338290      4.173    11.7537  30.227392    25.8201      4.136  282.25617  282.36090    98.9996    19.6793 0.0000e+00
 124.338293      4.199    11.7544  30.227505    25.8193      4.161  282.25239  282.35718    98.9218    19.7521 -9.990e-29
 124.338296      4.217    11.7543  30.222472    25.8141      4.179  282.26214  282.36698    98.9218    19.7278 -9.990e-29
 124.338299      4.232    11.7539  30.223377    25.8153      4.194  282.26241  282.36721    98.9529    19.7359 -9.990e-29
 124.338302      4.245    11.7535  30.220154    25.8125      4.207  282.27040  282.37521    97.6144    20.9005 -9.990e-29
