Processed/SBE19plus_01907321_2022_05_10_Cast119_wfilter.cnv
* Sea-Bird SBE19plus  Data File:
* FileName = E:\Prandtl_Daten\2022\CTD\Raw\SBE19plus_01907321_2022_05_10_Cast119.hex
* Software version 2.6.1.12
* Temperature SN = 7321
* Conductivity SN = 7321
* System UpLoad Time = May 10 2022 15:17:30
* <ApplicationData>
* <Seaterm232>
** Messpraktikum 2022
** CTD 10.05  BM
** NMEA Latitude = 54 07.81N
** NMEA Longitude = 008 47.16E
# nquan = 11
# nvalues = 503                         
# units = specified
# name 0 = timeJ: Julian Days
# name 1 = prdM: Pressure, Strain Gauge [db]
# name 2 = tv290C: Temperature [ITS-90, deg C]
# name 3 = c0mS/cm: Conductivity [mS/cm]
# name 4 = sal00: Salinity, Practical [PSU]
# name 5 = depSM: Depth [salt water, m], lat = 54.00
# name 6 = oxsatMm/Kg: Oxygen Saturation, Weiss [umol/kg]
# name 7 = oxsolMm/Kg: Oxygen Saturation, Garcia & Gordon [umol/kg]
# name 8 = turbWETntu0: Turbidity, WET Labs ECO [NTU]
# name 9 = flECO-AFL: Fluorescence, WET Labs ECO-AFL/FL [mg/m^3]
# name 10 = flag:  0.000e+00
# span 0 = 130.632196, 130.633649       
# span 1 =      0.267,     16.064       
# span 2 =    13.8524,    13.8610       
# span 3 =  33.158923,  33.179082       
# span 4 =    27.0554,    27.0665       
# span 5 =      0.264,     15.920       
# span 6 =  267.64213,  267.69815       
# span 7 =  267.85361,  267.90933       
# span 8 =     0.9918,    96.8829       
# span 9 =     2.7041,    10.8035       
# span 10 = 0.0000e+00, 0.0000e+00      
# interval = seconds: 0.25
# start_time = May 10 2022 15:08:42 [Instrument's time stamp, header]
# bad_flag = -9.990e-29
*END*
[from data line 394]
 130.633336     12.750    13.8572  33.174323    27.0649     12.635  267.65892  267.87028    24.4315     7.1076 0.0000e+00
 130.633339     12.781    13.8571  33.174089    27.0649     12.666  267.65964  267.87100    24.4471     7.1359 0.0000e+00
 130.633342     12.812    13.8572  33.174089    27.0649     12.697  267.65935  267.87071    19.3420     5.8298 0.0000e+00
 130.633345     12.848    13.8573  33.174499    27.0650     12.733  267.65837  267.86973    19.3264     5.8096 0.0000e+00
 130.633348     12.881    13.8574  33.173913    27.0651     12.765  267.65906  267.87043    19.2642     5.8703 -9.990e-29
 130.633351     12.904    13.8574  33.173913    27.0645     12.789  267.65876  267.87014    19.3264     5.8056 -9.990e-29
 130.633354     12.930    13.8572  33.174089    27.0648     12.814  267.65942  267.87078    19.7155     6.3959 -9.990e-29
 130.633356     12.952    13.8571  33.174089    27.0648     12.836  267.65975  267.87110    19.8556     6.4242 -9.990e-29
 130.633359     12.983    13.8571  33.174324    27.0650     12.866  267.65937  267.87073    19.8245     6.3959 -9.990e-29
 130.633362     13.008    13.8573  33.173679    27.0649     12.892  267.65984  267.87121    19.7000     6.4081 -9.990e-29
 130.633365     13.043    13.8574  33.174324    27.0650     12.926  267.65847  267.86984    22.7506     6.4970 0.0000e+00
 130.633368     13.074    13.8573  33.174500    27.0649     12.957  267.65851  267.86987    22.7817     6.4525 0.0000e+00
 130.633371     13.114    13.8575  33.174500    27.0649     12.996  267.65759  267.86897    22.7194     6.4687 0.0000e+00
 130.633374     13.149    13.8574  33.174500    27.0649     13.031  267.65792  267.86930    22.7661     6.4728 0.0000e+00
 130.633377     13.187    13.8574  33.173269    27.0649     13.069  267.66032  267.87170    20.3537     6.4121 0.0000e+00
 130.633380     13.222    13.8576  33.174911    27.0649     13.104  267.65665  267.86803    20.3381     6.4081 0.0000e+00
 130.633383     13.253    13.8574  33.174500    27.0650     13.134  267.65799  267.86936    20.2914     6.3878 0.0000e+00
 130.633385     13.284    13.8575  33.174676    27.0649     13.165  267.65740  267.86878    20.2603     6.4202 -9.990e-29
 130.633388     13.308    13.8574  33.174090    27.0645     13.188  267.65871  267.87009    20.2292     6.4121 -9.990e-29
 130.633391     13.333    13.8575  33.174911    27.0652     13.214  267.65704  267.86841    15.6222     5.3850 -9.990e-29
 130.633394     13.355    13.8577  33.174911    27.0650     13.236  267.65611  267.86750    15.6533     5.3648 -9.990e-29
 130.633397     13.379    13.8576  33.174735    27.0650     13.259  267.65704  267.86843    15.6689     5.3486 -9.990e-29
 130.633400     13.412    13.8577  33.174911    27.0650     13.292  267.65614  267.86753    15.5910     5.3769 0.0000e+00
 130.633403     13.441    13.8576  33.174677    27.0649     13.321  267.65718  267.86856    20.7584     6.5455 0.0000e+00
 130.633406     13.481    13.8575  33.174501    27.0648     13.360  267.65781  267.86919    20.7739     6.5294 0.0000e+00
 130.633409     13.516    13.8574  33.174325    27.0647     13.395  267.65876  267.87013    20.8362     6.5455 0.0000e+00
 130.633411     13.556    13.8575  33.174325    27.0647     13.435  267.65815  267.86953    20.7739     6.5375 0.0000e+00
 130.633414     13.591    13.8575  33.175146    27.0651     13.469  267.65680  267.86817    24.7272     6.9176 0.0000e+00
 130.633417     13.626    13.8574  33.174912    27.0653     13.504  267.65753  267.86890    24.5871     6.9256 0.0000e+00
 130.633420     13.662    13.8576  33.175557    27.0654     13.540  267.65584  267.86722    24.7895     6.9499 0.0000e+00
 130.633423     13.699    13.8577  33.175499    27.0654     13.576  267.65533  267.86672    24.6183     6.9337 0.0000e+00
 130.633426     13.728    13.8578  33.175147    27.0651     13.605  267.65563  267.86702    20.0891     6.0846 0.0000e+00
 130.633429     13.762    13.8579  33.175323    27.0651     13.639  267.65473  267.86613    20.0268     6.1169 0.0000e+00
 130.633432     13.788    13.8578  33.176085    27.0657     13.664  267.65409  267.86548    20.0580     6.0927 0.0000e+00
 130.633435     13.815    13.8579  33.175968    27.0657     13.691  267.65368  267.86508    19.9334     6.0805 0.0000e+00
 130.633438     13.840    13.8578  33.174326    27.0653     13.716  267.65707  267.86847    19.9957     6.0724 0.0000e+00
 130.633440     13.873    13.8579  33.175558    27.0647     13.749  267.65440  267.86580    12.7739     4.9766 0.0000e+00
 130.633443     13.906    13.8579  33.174913    27.0649     13.781  267.65550  267.86691    12.7117     4.9887 0.0000e+00
 130.633446     13.946    13.8578  33.175089    27.0647     13.821  267.65586  267.86725    12.7895     4.9887 0.0000e+00
 130.633449     13.983    13.8578  33.174092    27.0649     13.857  267.65755  267.86895    12.7428     4.9806 0.0000e+00
 130.633452     14.019    13.8576  33.174913    27.0643     13.893  267.65683  267.86821    11.7311     5.0009 0.0000e+00
 130.633455     14.054    13.8577  33.174327    27.0644     13.928  267.65751  267.86891    11.7622     5.0090 0.0000e+00
 130.633458     14.090    13.8576  33.174327    27.0643     13.964  267.65816  267.86955    11.6222     4.9604 0.0000e+00
 130.633461     14.127    13.8577  33.173917    27.0640     14.000  267.65825  267.86965    11.8712     4.9928 0.0000e+00
 130.633464     14.158    13.8575  33.173917    27.0639     14.031  267.65921  267.87059    20.5249     6.5981 0.0000e+00
 130.633466     14.183    13.8574  33.173448    27.0637     14.056  267.66063  267.87202    20.4938     6.6021 0.0000e+00
 130.633469     14.211    13.8574  33.173507    27.0637     14.083  267.66055  267.87193    20.6494     6.6021 0.0000e+00
 130.633472     14.242    13.8573  33.173917    27.0637     14.114  267.66020  267.87157    20.5871     6.6021 -9.990e-29
 130.633475     14.264    13.8573  33.172921    27.0636     14.136  267.66188  267.87326    22.9685     6.6790 -9.990e-29
 130.633478     14.296    13.8574  33.173448    27.0640     14.168  267.66070  267.87208    22.9218     6.6507 0.0000e+00
 130.633481     14.324    13.8574  33.174328    27.0639     14.196  267.65925  267.87062    22.9529     6.6749 0.0000e+00
 130.633484     14.357    13.8575  33.173918    27.0644     14.228  267.65933  267.87071    22.9529     6.6790 0.0000e+00
 130.633487     14.390    13.8574  33.174739    27.0647     14.261  267.65829  267.86966    22.9529     6.6588 0.0000e+00
 130.633490     14.424    13.8576  33.174915    27.0648     14.295  267.65739  267.86877    29.0385     7.8274 0.0000e+00
 130.633492     14.463    13.8579  33.175794    27.0648     14.333  267.65468  267.86608    29.1630     7.8638 0.0000e+00
 130.633495     14.501    13.8582  33.174504    27.0653     14.371  267.65561  267.86703    29.0852     7.8516 0.0000e+00
 130.633498     14.539    13.8581  33.176322    27.0643     14.409  267.65290  267.86431    29.0541     7.8435 0.0000e+00
 130.633501     14.575    13.8585  33.175149    27.0656     14.445  267.65332  267.86476    22.7973     6.9256 0.0000e+00
 130.633504     14.608    13.8584  33.176498    27.0650     14.477  267.65140  267.86282    22.7350     6.9176 0.0000e+00
 130.633507     14.634    13.8585  33.176205    27.0656     14.503  267.65128  267.86271    22.6883     6.9256 -9.990e-29
 130.633510     14.658    13.8584  33.176381    27.0654     14.526  267.65162  267.86304    22.7973     6.9095 -9.990e-29
 130.633513     14.681    13.8585  33.176088    27.0654     14.550  267.65182  267.86324    18.2525     6.0927 -9.990e-29
 130.633516     14.709    13.8585  33.176381    27.0649     14.577  267.65134  267.86277    18.2525     6.0846 0.0000e+00
 130.633519     14.741    13.8585  33.175326    27.0652     14.609  267.65281  267.86425    18.3303     6.0846 0.0000e+00
 130.633521     14.778    13.8585  33.176206    27.0652     14.645  267.65168  267.86310    18.2836     6.0805 0.0000e+00
 130.633524     14.818    13.8585  33.176382    27.0653     14.685  267.65141  267.86283    21.4587     6.4849 0.0000e+00
 130.633527     14.858    13.8584  33.176323    27.0653     14.725  267.65184  267.86327    21.4587     6.4728 0.0000e+00
 130.633530     14.893    13.8585  33.176206    27.0652     14.759  267.65175  267.86317    21.5677     6.4768 0.0000e+00
 130.633533     14.926    13.8585  33.175971    27.0649     14.792  267.65185  267.86328    21.5054     6.4849 0.0000e+00
 130.633536     14.955    13.8584  33.174095    27.0648     14.821  267.65563  267.86707    21.5210     6.4768 0.0000e+00
 130.633539     14.986    13.8585  33.175796    27.0641     14.852  267.65249  267.86392    24.8829     7.2896 0.0000e+00
 130.633542     15.012    13.8584  33.175913    27.0648     14.877  267.65262  267.86405    24.6650     7.3260 -9.990e-29
 130.633545     15.035    13.8584  33.176206    27.0652     14.900  267.65215  267.86357    24.7584     7.3340 -9.990e-29
 130.633547     15.057    13.8585  33.176617    27.0654     14.922  267.65085  267.86228    24.7272     7.3098 -9.990e-29
 130.633550     15.077    13.8585  33.176910    27.0657     14.942  267.65037  267.86179    19.2953     6.0077 -9.990e-29
 130.633553     15.101    13.8589  33.177027    27.0656     14.966  267.64862  267.86007    19.2953     5.9996 -9.990e-29
 130.633556     15.130    13.8587  33.176910    27.0656     14.995  267.64977  267.86121    19.2953     5.9996 0.0000e+00
 130.633559     15.161    13.8588  33.177028    27.0656     15.025  267.64897  267.86041    19.2019     5.9916 0.0000e+00
 130.633562     15.197    13.8588  33.177028    27.0656     15.061  267.64930  267.86074    23.2798     6.7477 0.0000e+00
 130.633565     15.232    13.8588  33.177086    27.0656     15.095  267.64891  267.86036    23.2175     6.7356 0.0000e+00
 130.633568     15.268    13.8588  33.176383    27.0649     15.132  267.65011  267.86156    23.1552     6.7194 0.0000e+00
 130.633571     15.299    13.8589  33.175328    27.0649     15.162  267.65159  267.86305    23.3264     6.7154 0.0000e+00
 130.633573     15.334    13.8587  33.176618    27.0652     15.197  267.65039  267.86183    27.2019     7.7142 0.0000e+00
 130.633576     15.365    13.8589  33.177263    27.0656     15.227  267.64839  267.85983    27.1397     7.7061 0.0000e+00
 130.633579     15.396    13.8588  33.177322    27.0656     15.258  267.64862  267.86006    27.2019     7.7222 0.0000e+00
 130.633582     15.422    13.8589  33.177673    27.0657     15.283  267.64773  267.85918    27.2331     7.7142 -9.990e-29
 130.633585     15.443    13.8590  33.177673    27.0659     15.305  267.64743  267.85888    27.1397     7.7344 -9.990e-29
 130.633588     15.467    13.8591  33.177849    27.0650     15.328  267.64653  267.85798    34.3770     8.2883 -9.990e-29
 130.633591     15.494    13.8592  33.176794    27.0656     15.355  267.64800  267.85946    34.6572     8.2803 0.0000e+00
 130.633594     15.525    13.8592  33.178084    27.0661     15.386  267.64585  267.85731    34.5015     8.3490 0.0000e+00
 130.633597     15.560    13.8592  33.178260    27.0663     15.421  267.64558  267.85704    34.5482     8.2883 0.0000e+00
 130.633600     15.593    13.8594  33.178495    27.0663     15.453  267.64458  267.85605    36.1980     8.5431 0.0000e+00
 130.633602     15.628    13.8594  33.178084    27.0660     15.487  267.64529  267.85676    36.1669     8.5593 0.0000e+00
 130.633605     15.662    13.8595  33.177029    27.0660     15.522  267.64645  267.85794    36.2136     8.5391 0.0000e+00
 130.633608     15.690    13.8596  33.179081    27.0664     15.549  267.64272  267.85419    36.1202     8.5350 0.0000e+00
 130.633611     15.717    13.8596  33.178730    27.0665     15.576  267.64332  267.85480    44.1513     9.1456 0.0000e+00
 130.633614     15.746    13.8597  33.179082    27.0664     15.605  267.64213  267.85361    44.1825     9.1699 -9.990e-29
 130.633617     15.770    13.8596  33.178495    27.0661     15.629  267.64375  267.85523    44.0580     9.1618 -9.990e-29
 130.633620     15.792    13.8595  33.178495    27.0662     15.650  267.64408  267.85555    44.1669     9.1739 -9.990e-29
 130.633623     15.819    13.8597  33.178085    27.0657     15.678  267.64384  267.85533    38.3615     8.8828 -9.990e-29
 130.633626     15.841    13.8597  33.177851    27.0661     15.699  267.64456  267.85605    38.3459     8.8787 -9.990e-29
 130.633628     15.869    13.8597  33.178496    27.0661     15.726  267.64350  267.85498    38.3770     8.8787 0.0000e+00
 130.633631     15.898    13.8596  33.178496    27.0661     15.755  267.64383  267.85530    38.4548     8.8504 -9.990e-29
 130.633634     15.920    13.8597  33.178261    27.0657     15.777  267.64361  267.85509    38.4393     8.8868 -9.990e-29
 130.633637     15.953    13.8597  33.178085    27.0658     15.810  267.64423  267.85572    46.7661     9.8249 0.0000e+00
 130.633640     15.984    13.8596  33.178261    27.0657     15.841  267.64427  267.85575    46.6883     9.8088 0.0000e+00
 130.633643     16.030    13.8598  33.177675    27.0656     15.886  267.64434  267.85584    46.8284     9.8371 0.0000e+00
 130.633646     16.057    13.8597  33.177499    27.0652     15.913  267.64497  267.85646    46.7350     9.7966 -9.990e-29
 130.633649     16.064    13.8599  33.177851    27.0653     15.920  267.64375  267.85525    96.8829    10.8035 -9.990e-29
