Processed/SBE19plus_01907321_2022_05_11_Cast121_wfilter.cnv
* Sea-Bird SBE19plus  Data File:
* FileName = E:\Prandtl_Daten\2022\CTD\Raw\SBE19plus_01907321_2022_05_11_Cast121.hex
* Software version 2.6.1.12
* Temperature SN = 7321
* Conductivity SN = 7321
* System UpLoad Time = May 11 2022 07:22:44
* <ApplicationData>
* <Seaterm232>
** Messpraktikum 2022
** CTD 10.05  BE
** NMEA Latitude = 54 07.49N
** NMEA Longitude = 008 50.28E
# nquan = 11
# nvalues = 678                         
# units = specified
# name 0 = timeJ: Julian Days
# name 1 = prdM: Pressure, Strain Gauge [db]
# name 2 = tv290C: Temperature [ITS-90, deg C]
# name 3 = c0mS/cm: Conductivity [mS/cm]
# name 4 = sal00: Salinity, Practical [PSU]
# name 5 = depSM: Depth [salt water, m], lat = 54.00
# name 6 = oxsatMm/Kg: Oxygen Saturation, Weiss [umol/kg]
# name 7 = oxsolMm/Kg: Oxygen Saturation, Garcia & Gordon [umol/kg]
# name 8 = turbWETntu0: Turbidity, WET Labs ECO [NTU]
# name 9 = flECO-AFL: Fluorescence, WET Labs ECO-AFL/FL [mg/m^3]
# name 10 = flag:  0.000e+00
# span 0 = 131.301470, 131.303429       
# span 1 =      0.300,     15.645       
# span 2 =    13.6783,    13.7183       
# span 3 =  32.978813,  33.005176       
# span 4 =    26.9898,    27.0344       
# span 5 =      0.298,     15.504       
# span 6 =  268.56827,  268.71065       
# span 7 =  268.77285,  268.91269       
# span 8 =     0.7584,     4.1513       
# span 9 =     2.3280,     3.4400       
# span 10 = 0.0000e+00, 0.0000e+00      
# interval = seconds: 0.25
# start_time = May 11 2022 07:12:51 [Instrument's time stamp, header]
# bad_flag = -9.990e-29
*END*
[from data line 263]
 131.302231      6.261    13.6993  32.993222    27.0146      6.205  268.63004  268.83339     1.8167     2.7122 0.0000e+00
 131.302234      6.294    13.6993  32.993280    27.0146      6.238  268.62965  268.83300     1.8634     2.7122 0.0000e+00
 131.302237      6.325    13.6992  32.993222    27.0146      6.269  268.63039  268.83374     1.8634     2.8537 0.0000e+00
 131.302240      6.351    13.6990  32.992988    27.0146      6.294  268.63143  268.83477     1.8167     2.8456 -9.990e-29
 131.302242      6.374    13.6986  32.992110    27.0140      6.317  268.63481  268.83813     1.7545     2.8618 -9.990e-29
 131.302245      6.396    13.6985  32.993398    27.0152      6.339  268.63297  268.83627     1.8478     2.8375 -9.990e-29
 131.302248      6.411    13.6984  32.993222    27.0151      6.354  268.63359  268.83689     3.2798     2.8577 -9.990e-29
 131.302251      6.424    13.6982  32.993456    27.0155      6.366  268.63414  268.83743     3.3264     2.8456 -9.990e-29
 131.302254      6.439    13.6982  32.993807    27.0158      6.381  268.63356  268.83684     3.3264     2.8416 -9.990e-29
 131.302257      6.457    13.6979  32.993866    27.0163      6.399  268.63473  268.83799     3.3731     2.8416 -9.990e-29
 131.302260      6.482    13.6977  32.994042    27.0166      6.425  268.63539  268.83864     1.3187     2.6636 0.0000e+00
 131.302263      6.510    13.6973  32.994451    27.0168      6.452  268.63628  268.83951     1.3498     2.6556 0.0000e+00
 131.302266      6.541    13.6973  32.994276    27.0169      6.483  268.63691  268.84013     1.3187     2.6353 0.0000e+00
 131.302269      6.572    13.6975  32.994451    27.0168      6.513  268.63569  268.83893     1.2408     2.6677 -9.990e-29
 131.302271      6.594    13.6973  32.994218    27.0167      6.535  268.63673  268.83996     1.3031     2.6475 -9.990e-29
 131.302274      6.623    13.6967  32.994861    27.0177      6.564  268.63817  268.84136     1.8323     2.8335 -9.990e-29
 131.302277      6.643    13.6963  32.994452    27.0176      6.584  268.64076  268.84392     1.8167     2.8739 -9.990e-29
 131.302280      6.663    13.6959  32.995505    27.0189      6.603  268.64088  268.84401     1.7856     2.8375 -9.990e-29
 131.302283      6.690    13.6959  32.995447    27.0188      6.631  268.64100  268.84412     1.8323     2.8497 -9.990e-29
 131.302286      6.712    13.6958  32.995505    27.0189      6.652  268.64123  268.84435     1.9257     2.6515 -9.990e-29
 131.302289      6.729    13.6954  32.995681    27.0193      6.669  268.64251  268.84561     1.8167     2.6556 -9.990e-29
 131.302292      6.751    13.6951  32.995447    27.0193      6.690  268.64417  268.84726     1.8634     2.6434 -9.990e-29
 131.302295      6.765    13.6951  32.995271    27.0192      6.705  268.64479  268.84787     1.7856     2.6677 -9.990e-29
 131.302297      6.787    13.6951  32.995272    27.0192      6.726  268.64481  268.84789     2.4237     2.9224 -9.990e-29
 131.302300      6.810    13.6949  32.995038    27.0188      6.750  268.64584  268.84892     2.2214     2.9022 -9.990e-29
 131.302303      6.838    13.6951  32.994862    27.0189      6.776  268.64553  268.84861     2.2681     2.9184 0.0000e+00
 131.302306      6.863    13.6953  32.995272    27.0188      6.802  268.64391  268.84700     2.4237     2.8780 0.0000e+00
 131.302309      6.894    13.6953  32.994102    27.0187      6.832  268.64559  268.84870     1.4587     2.7728 0.0000e+00
 131.302312      6.925    13.6957  32.995272    27.0183      6.863  268.64206  268.84518     1.5677     2.7930 0.0000e+00
 131.302315      6.951    13.6959  32.994628    27.0187      6.889  268.64254  268.84567     1.6299     2.7930 -9.990e-29
 131.302318      6.971    13.6961  32.993868    27.0171      6.909  268.64289  268.84605     1.5521     2.8133 -9.990e-29
 131.302321      6.993    13.6962  32.994043    27.0172      6.930  268.64198  268.84514     1.4276     2.7728 -9.990e-29
 131.302323      7.008    13.6962  32.995272    27.0184      6.945  268.64023  268.84338     1.3498     2.7041 -9.990e-29
 131.302326      7.026    13.6962  32.994863    27.0179      6.963  268.64062  268.84377     1.3498     2.7243 -9.990e-29
 131.302329      7.038    13.6962  32.995506    27.0185      6.975  268.63954  268.84269     1.2875     2.7364 -9.990e-29
 131.302332      7.060    13.6962  32.995272    27.0183      6.997  268.64026  268.84341     1.3187     2.7162 -9.990e-29
 131.302335      7.082    13.6961  32.995272    27.0184      7.018  268.64059  268.84373     1.7856     2.7728 -9.990e-29
 131.302338      7.104    13.6956  32.994863    27.0178      7.040  268.64318  268.84630     1.6922     2.7728 -9.990e-29
 131.302341      7.131    13.6956  32.994278    27.0183      7.067  268.64418  268.84731     1.7856     2.7890 0.0000e+00
 131.302344      7.159    13.6956  32.995273    27.0185      7.095  268.64252  268.84564     1.8167     2.8173 0.0000e+00
 131.302347      7.184    13.6959  32.995273    27.0185      7.120  268.64160  268.84473     1.5833     3.0316 0.0000e+00
 131.302350      7.212    13.6961  32.994863    27.0180      7.147  268.64136  268.84451     1.5521     3.0276 0.0000e+00
 131.302352      7.238    13.6961  32.994863    27.0180      7.173  268.64138  268.84452     1.5210     3.0235 0.0000e+00
 131.302355      7.265    13.6962  32.993810    27.0175      7.200  268.64254  268.84571     1.6144     3.0478 0.0000e+00
 131.302358      7.291    13.6960  32.993869    27.0169      7.225  268.64340  268.84655     2.3459     2.9103 -9.990e-29
 131.302361      7.316    13.6962  32.995039    27.0180      7.251  268.64082  268.84397     2.2525     2.8860 -9.990e-29
 131.302364      7.338    13.6963  32.994864    27.0178      7.272  268.64050  268.84366     2.2681     2.8860 -9.990e-29
 131.302367      7.352    13.6962  32.994279    27.0173      7.286  268.64181  268.84497     2.2525     2.8820 -9.990e-29
 131.302370      7.363    13.6965  32.995039    27.0178      7.297  268.63959  268.84276     2.3926     2.8901 -9.990e-29
 131.302373      7.383    13.6967  32.994220    27.0169      7.317  268.63973  268.84292     1.5677     2.9022 -9.990e-29
 131.302376      7.402    13.6969  32.994454    27.0170      7.335  268.63872  268.84191     1.6455     2.9063 -9.990e-29
 131.302378      7.426    13.6971  32.994864    27.0172      7.359  268.63710  268.84031     1.5521     2.8860 -9.990e-29
 131.302381      7.451    13.6973  32.994220    27.0175      7.385  268.63757  268.84079     1.5054     2.8941 -9.990e-29
 131.302384      7.479    13.6972  32.995273    27.0174      7.412  268.63612  268.83933     3.8401     2.9629 0.0000e+00
 131.302387      7.509    13.6974  32.995274    27.0174      7.442  268.63520  268.83842     3.7778     2.9507 0.0000e+00
 131.302390      7.539    13.6973  32.995508    27.0173      7.471  268.63514  268.83835     3.7778     2.9871 -9.990e-29
 131.302393      7.562    13.6972  32.995859    27.0180      7.495  268.63519  268.83839     3.9646     2.9750 -9.990e-29
 131.302396      7.580    13.6965  32.996327    27.0189      7.512  268.63723  268.84040     1.6144     2.7728 -9.990e-29
 131.302399      7.606    13.6957  32.996327    27.0194      7.538  268.64070  268.84382     1.6299     2.8092 -9.990e-29
 131.302402      7.622    13.6954  32.996678    27.0199      7.554  268.64138  268.84447     1.6299     2.7971 -9.990e-29
 131.302405      7.642    13.6952  32.996912    27.0203      7.574  268.64194  268.84501     1.6299     2.7890 -9.990e-29
 131.302407      7.662    13.6950  32.996854    27.0204      7.594  268.64299  268.84605     1.4587     2.8982 -9.990e-29
 131.302410      7.679    13.6948  32.997556    27.0211      7.610  268.64244  268.84549     1.6144     2.8941 -9.990e-29
 131.302413      7.699    13.6946  32.997790    27.0215      7.630  268.64300  268.84604     1.5833     2.9103 -9.990e-29
 131.302416      7.723    13.6942  32.997849    27.0218      7.654  268.64449  268.84750     1.5521     2.9386 -9.990e-29
 131.302419      7.748    13.6938  32.997966    27.0222      7.679  268.64619  268.84917     1.5521     2.9265 -9.990e-29
 131.302422      7.772    13.6937  32.997966    27.0223      7.702  268.64683  268.84981     1.5833     2.7041 -9.990e-29
 131.302425      7.801    13.6935  32.997849    27.0223      7.731  268.64768  268.85064     1.5833     2.7122 0.0000e+00
 131.302428      7.828    13.6936  32.997966    27.0223      7.758  268.64718  268.85015     1.4899     2.7041 0.0000e+00
 131.302431      7.861    13.6939  32.997147    27.0219      7.790  268.64733  268.85032     1.5366     2.6960 0.0000e+00
 131.302433      7.888    13.6940  32.997849    27.0214      7.817  268.64553  268.84853     1.9101     2.7850 -9.990e-29
 131.302436      7.912    13.6942  32.997791    27.0217      7.841  268.64470  268.84772     1.7856     2.7769 -9.990e-29
 131.302439      7.932    13.6942  32.997147    27.0211      7.861  268.64580  268.84882     1.8634     2.7769 -9.990e-29
 131.302442      7.943    13.6943  32.997440    27.0213      7.872  268.64500  268.84802     1.8478     2.7728 -9.990e-29
 131.302445      7.952    13.6944  32.997791    27.0216      7.881  268.64410  268.84712     1.9412     2.9224 -9.990e-29
 131.302448      7.963    13.6945  32.997967    27.0216      7.892  268.64318  268.84621     1.7856     2.8941 -9.990e-29
 131.302451      7.983    13.6945  32.997850    27.0211      7.911  268.64339  268.84642     1.8945     2.9224 -9.990e-29
 131.302454      8.012    13.6945  32.997382    27.0213      7.940  268.64451  268.84754     1.8323     2.9427 0.0000e+00
 131.302457      8.041    13.6943  32.997791    27.0216      7.969  268.64447  268.84749     2.5171     2.5828 0.0000e+00
 131.302459      8.068    13.6944  32.997850    27.0216      7.996  268.64407  268.84709     2.5171     2.5585 0.0000e+00
 131.302462      8.096    13.6947  32.997792    27.0216      8.023  268.64293  268.84597     2.5015     2.5989 -9.990e-29
 131.302465      8.119    13.6949  32.997967    27.0213      8.047  268.64171  268.84476     2.4548     2.5828 -9.990e-29
 131.302468      8.143    13.6956  32.997850    27.0207      8.070  268.63909  268.84219     2.5015     2.5909 -9.990e-29
 131.302471      8.169    13.6958  32.997382    27.0201      8.096  268.63896  268.84207     1.9101     3.0923 -9.990e-29
 131.302474      8.193    13.6960  32.996914    27.0196      8.119  268.63882  268.84195     1.8634     3.0842 -9.990e-29
 131.302477      8.216    13.6960  32.997265    27.0199      8.143  268.63824  268.84137     1.8167     3.0882 -9.990e-29
 131.302480      8.234    13.6962  32.997382    27.0199      8.161  268.63743  268.84056     1.7856     3.1044 -9.990e-29
 131.302483      8.255    13.6962  32.997441    27.0199      8.181  268.63734  268.84047     1.8323     2.8537 -9.990e-29
 131.302486      8.273    13.6962  32.997148    27.0196      8.199  268.63753  268.84067     1.8478     2.8618 -9.990e-29
 131.302488      8.290    13.6962  32.997382    27.0198      8.215  268.63715  268.84028     1.7856     2.8416 -9.990e-29
 131.302491      8.311    13.6962  32.997441    27.0199      8.237  268.63737  268.84051     1.8945     2.8497 -9.990e-29
 131.302494      8.335    13.6957  32.997792    27.0205      8.260  268.63868  268.84178     1.8012     2.6677 -9.990e-29
 131.302497      8.357    13.6955  32.997792    27.0205      8.282  268.63964  268.84273     1.8945     2.6434 -9.990e-29
 131.302500      8.384    13.6955  32.997617    27.0207      8.309  268.63995  268.84304     1.9257     2.6596 0.0000e+00
 131.302503      8.417    13.6953  32.997968    27.0209      8.342  268.64000  268.84309     1.8323     2.6798 0.0000e+00
 131.302506      8.448    13.6953  32.998378    27.0211      8.373  268.63965  268.84272     1.3809     2.7203 0.0000e+00
 131.302509      8.478    13.6953  32.997851    27.0213      8.402  268.64055  268.84363     1.3498     2.7041 -9.990e-29
 131.302512      8.501    13.6952  32.998612    27.0216      8.425  268.63960  268.84266     1.4432     2.7324 -9.990e-29
 131.302514      8.525    13.6950  32.998788    27.0219      8.449  268.64026  268.84331     1.3654     2.7566 -9.990e-29
 131.302517      8.538    13.6947  32.999022    27.0223      8.461  268.64113  268.84416     1.3187     2.7122 -9.990e-29
 131.302520      8.548    13.6945  32.999256    27.0226      8.472  268.64168  268.84470     1.6766     2.8416 -9.990e-29
 131.302523      8.558    13.6945  32.999431    27.0227      8.481  268.64108  268.84410     1.5988     2.8173 -9.990e-29
 131.302526      8.576    13.6946  32.999256    27.0225      8.499  268.64107  268.84409     1.5988     2.8335 -9.990e-29
 131.302529      8.598    13.6944  32.999431    27.0237      8.521  268.64173  268.84474     1.5521     2.8416 -9.990e-29
 131.302532      8.625    13.6940  33.000075    27.0236      8.548  268.64223  268.84521     1.7700     2.7688 0.0000e+00
 131.302535      8.658    13.6941  32.999841    27.0234      8.580  268.64233  268.84532     1.8323     2.7688 0.0000e+00
 131.302538      8.685    13.6945  33.000075    27.0234      8.607  268.64038  268.84339     1.9568     2.8092 0.0000e+00
 131.302541      8.712    13.6945  33.000075    27.0233      8.634  268.64040  268.84341     1.8323     2.7809 -9.990e-29
 131.302543      8.732    13.6944  33.000193    27.0235      8.654  268.64053  268.84353     1.7856     2.8699 -9.990e-29
 131.302546      8.755    13.6943  33.000251    27.0236      8.676  268.64075  268.84376     1.8945     2.8780 -9.990e-29
 131.302549      8.778    13.6942  32.999842    27.0233      8.700  268.64209  268.84508     1.8634     2.8335 -9.990e-29
 131.302552      8.807    13.6938  33.000485    27.0241      8.728  268.64259  268.84556     1.8478     2.8618 -9.990e-29
 131.302555      8.831    13.6937  33.000251    27.0240      8.752  268.64331  268.84628     2.5794     3.0478 -9.990e-29
 131.302558      8.851    13.6936  33.000427    27.0242      8.772  268.64366  268.84661     2.6105     3.0599 -9.990e-29
 131.302561      8.876    13.6936  33.000252    27.0241      8.797  268.64397  268.84693     2.5949     3.0518 -9.990e-29
 131.302564      8.891    13.6934  32.999433    27.0234      8.811  268.64599  268.84894     2.6416     3.0437 -9.990e-29
 131.302567      8.904    13.6932  33.000427    27.0245      8.824  268.64526  268.84819     2.5171     3.0195 -9.990e-29
 131.302569      8.920    13.6929  32.999842    27.0241      8.840  268.64751  268.85043     2.0035     2.9912 -9.990e-29
 131.302572      8.942    13.6927  33.000252    27.0240      8.862  268.64778  268.85068     1.7389     2.9588 -9.990e-29
 131.302575      8.973    13.6925  32.999433    27.0245      8.893  268.64981  268.85271     1.7545     2.9588 0.0000e+00
 131.302578      9.003    13.6924  33.000486    27.0251      8.922  268.64868  268.85156     1.8634     2.9710 0.0000e+00
 131.302581      9.030    13.6923  33.000486    27.0252      8.949  268.64932  268.85220     1.5833     2.7243 0.0000e+00
 131.302584      9.063    13.6920  33.000428    27.0253      8.982  268.65070  268.85355     1.4587     2.7041 0.0000e+00
 131.302587      9.092    13.6915  33.000662    27.0256      9.011  268.65220  268.85503     1.6922     2.7203 0.0000e+00
 131.302590      9.118    13.6908  32.999843    27.0258      9.036  268.65674  268.85953     1.5210     2.7203 -9.990e-29
 131.302593      9.136    13.6900  33.000838    27.0270      9.054  268.65821  268.86095     3.8556     2.9224 -9.990e-29
 131.302595      9.143    13.6895  33.000897    27.0274      9.061  268.66032  268.86302     3.7934     2.8860 -9.990e-29
 131.302598      9.152    13.6892  33.001072    27.0278      9.070  268.66128  268.86397     3.7622     2.9265 -9.990e-29
 131.302601      9.165    13.6892  33.001014    27.0278      9.083  268.66170  268.86439     3.8712     2.9224 -9.990e-29
 131.302604      9.186    13.6891  33.000253    27.0276      9.104  268.66331  268.86600     2.5482     2.7203 -9.990e-29
