Processed/SBE19plus_01907321_2022_05_05_Cast37_wfilter.cnv
* Sea-Bird SBE19plus  Data File:
* FileName = E:\Prandtl Daten\2022\CTD\Raw\SBE19plus_01907321_2022_05_05_Cast37.hex
* Software version 2.6.1.12
* Temperature SN = 7321
* Conductivity SN = 7321
* System UpLoad Time = May 05 2022 13:26:50
* <ApplicationData>
* <Seaterm232>
** Messpraktikum 2022
** CTD 05.05 BM
# nquan = 11
# nvalues = 646                         
# units = specified
# name 0 = timeJ: Julian Days
# name 1 = prdM: Pressure, Strain Gauge [db]
# name 2 = tv290C: Temperature [ITS-90, deg C]
# name 3 = c0mS/cm: Conductivity [mS/cm]
# name 4 = sal00: Salinity, Practical [PSU]
# name 5 = depSM: Depth [salt water, m], lat = 54.00
# name 6 = oxsatMm/Kg: Oxygen Saturation, Weiss [umol/kg]
# name 7 = oxsolMm/Kg: Oxygen Saturation, Garcia & Gordon [umol/kg]
# name 8 = turbWETntu0: Turbidity, WET Labs ECO [NTU]
# name 9 = flECO-AFL: Fluorescence, WET Labs ECO-AFL/FL [mg/m^3]
# name 10 = flag:  0.000e+00
# span 0 = 125.555029, 125.556895       
# span 1 =      0.557,     16.774       
# span 2 =    12.0105,    12.1096       
# span 3 =  31.762408,  32.126255       
# span 4 =    27.0181,    27.4218       
# span 5 =      0.552,     16.624       
# span 6 =  277.46113,  277.80598       
# span 7 =  277.56660,  277.91693       
# span 8 =    15.2953,    65.9101       
# span 9 =     7.0995,    16.1613       
# span 10 = 0.0000e+00, 0.0000e+00      
# interval = seconds: 0.25
# start_time = May 05 2022 13:17:50 [Instrument's time stamp, header]
# bad_flag = -9.990e-29
*END*
[from data line 394]
 125.556169     10.581    12.0578  32.057824    27.3257     10.486  277.46971  277.57550    19.9646     7.9891 -9.990e-29
 125.556172     10.599    12.0574  32.060023    27.3281     10.504  277.46727  277.57301    20.2136     8.0457 -9.990e-29
 125.556175     10.624    12.0572  32.060775    27.3289     10.529  277.46685  277.57256    20.0424     8.0093 -9.990e-29
 125.556178     10.646    12.0569  32.061469    27.3288     10.551  277.46685  277.57254    20.1669     8.0174 -9.990e-29
 125.556181     10.677    12.0569  32.060428    27.3301     10.582  277.46909  277.57479    19.6377     7.9123 0.0000e+00
 125.556183     10.708    12.0565  32.062858    27.3314     10.612  277.46623  277.57187    19.7000     7.9082 0.0000e+00
 125.556186     10.739    12.0565  32.063263    27.3318     10.643  277.46582  277.57146    19.6377     7.9002 0.0000e+00
 125.556189     10.772    12.0560  32.064883    27.3336     10.676  277.46507  277.57066    19.6533     7.8880 0.0000e+00
 125.556192     10.801    12.0556  32.066272    27.3352     10.705  277.46412  277.56966    21.8790     8.0821 0.0000e+00
 125.556195     10.829    12.0550  32.069454    27.3387     10.732  277.46113  277.56660    21.5677     8.0821 0.0000e+00
 125.556198     10.858    12.0539  32.069859    27.3393     10.761  277.46544  277.57082    21.8634     8.0862 0.0000e+00
 125.556201     10.884    12.0530  32.070091    27.3398     10.786  277.46881  277.57413    21.7078     8.1064 -9.990e-29
 125.556204     10.900    12.0525  32.072811    27.3436     10.802  277.46603  277.57129    21.3498     7.9446 -9.990e-29
 125.556207     10.924    12.0518  32.073910    27.3452     10.826  277.46749  277.57268    21.1630     7.9972 -9.990e-29
 125.556209     10.938    12.0512  32.074894    27.3465     10.840  277.46821  277.57335    21.1630     7.9527 -9.990e-29
 125.556212     10.960    12.0507  32.074316    27.3492     10.862  277.47149  277.57660    21.2564     7.9406 -9.990e-29
 125.556215     10.987    12.0501  32.076920    27.3488     10.889  277.46956  277.57460    21.1630     8.3692 0.0000e+00
 125.556218     11.015    12.0497  32.075705    27.3492     10.916  277.47369  277.57872    21.2408     8.2883 0.0000e+00
 125.556221     11.044    12.0491  32.078135    27.3510     10.945  277.47177  277.57673    21.3654     8.3126 0.0000e+00
 125.556224     11.075    12.0490  32.079119    27.3521     10.976  277.47061  277.57556    21.1319     8.3369 0.0000e+00
 125.556227     11.104    12.0485  32.080566    27.3537     11.005  277.47018  277.57507    21.1941     8.3814 0.0000e+00
 125.556230     11.137    12.0480  32.080161    27.3538     11.037  277.47314  277.57801    21.9101     8.3894 0.0000e+00
 125.556233     11.164    12.0479  32.081434    27.3550     11.064  277.47145  277.57630    21.9101     8.4056 0.0000e+00
 125.556236     11.193    12.0476  32.083344    27.3560     11.093  277.46923  277.57403    21.9412     8.3773 0.0000e+00
 125.556238     11.219    12.0472  32.084964    27.3570     11.118  277.46784  277.57260    21.9412     8.3409 -9.990e-29
 125.556241     11.241    12.0464  32.085948    27.3603     11.140  277.46982  277.57452    21.0852     8.3167 -9.990e-29
 125.556244     11.257    12.0454  32.086180    27.3613     11.156  277.47381  277.57843    21.2875     8.2803 -9.990e-29
 125.556247     11.277    12.0448  32.085775    27.3613     11.176  277.47740  277.58198    21.1941     8.2520 -9.990e-29
 125.556250     11.301    12.0444  32.086990    27.3628     11.200  277.47707  277.58161    21.1163     8.2964 -9.990e-29
 125.556253     11.325    12.0440  32.087396    27.3645     11.224  277.47823  277.58274    22.0813     8.3086 -9.990e-29
 125.556256     11.354    12.0435  32.088206    27.3654     11.252  277.47865  277.58312    21.8323     8.2762 0.0000e+00
 125.556259     11.381    12.0429  32.089711    27.3664     11.279  277.47873  277.58314    21.7856     8.2722 0.0000e+00
 125.556262     11.414    12.0423  32.090000    27.3668     11.312  277.48074  277.58511    22.2214     8.2883 0.0000e+00
 125.556264     11.445    12.0421  32.089595    27.3671     11.343  277.48245  277.58680    20.8829     8.4622 0.0000e+00
 125.556267     11.476    12.0417  32.090811    27.3677     11.374  277.48244  277.58675    21.1319     8.3894 0.0000e+00
 125.556270     11.504    12.0414  32.090001    27.3683     11.401  277.48489  277.58919    20.9607     8.4258 0.0000e+00
 125.556273     11.529    12.0412  32.090580    27.3681     11.426  277.48478  277.58907    21.1163     8.3935 0.0000e+00
 125.556276     11.560    12.0414  32.091621    27.3684     11.457  277.48226  277.58655    20.9140     8.3814 -9.990e-29
 125.556279     11.584    12.0410  32.090985    27.3689     11.480  277.48502  277.58929    22.1436     8.6078 -9.990e-29
 125.556282     11.599    12.0410  32.091622    27.3695     11.495  277.48386  277.58812    22.0969     8.6321 -9.990e-29
 125.556285     11.621    12.0410  32.091969    27.3699     11.517  277.48355  277.58780    21.8012     8.6563 -9.990e-29
 125.556288     11.641    12.0407  32.093242    27.3712     11.536  277.48217  277.58639    21.9879     8.6401 -9.990e-29
 125.556291     11.663    12.0403  32.093821    27.3721     11.558  277.48332  277.58751    21.5833     8.2277 -9.990e-29
 125.556293     11.686    12.0399  32.094226    27.3730     11.582  277.48417  277.58832    21.5210     8.2924 -9.990e-29
 125.556296     11.719    12.0397  32.094400    27.3731     11.614  277.48481  277.58895    21.4120     8.2520 0.0000e+00
 125.556299     11.748    12.0394  32.094400    27.3732     11.643  277.48609  277.59021    21.5521     8.2803 0.0000e+00
 125.556302     11.776    12.0394  32.095442    27.3739     11.670  277.48420  277.58830    23.8556     8.6159 0.0000e+00
 125.556305     11.812    12.0393  32.095037    27.3742     11.706  277.48528  277.58939    24.0268     8.6321 0.0000e+00
 125.556308     11.843    12.0389  32.096832    27.3759     11.737  277.48421  277.58826    23.8868     8.6240 0.0000e+00
 125.556311     11.870    12.0382  32.096948    27.3762     11.764  277.48684  277.59085    24.0735     8.5957 0.0000e+00
 125.556314     11.900    12.0379  32.097469    27.3765     11.793  277.48748  277.59145    22.3770     8.4218 -9.990e-29
 125.556317     11.921    12.0377  32.097237    27.3771     11.815  277.48886  277.59282    22.3303     8.4501 -9.990e-29
 125.556319     11.942    12.0375  32.097064    27.3771     11.835  277.48982  277.59378    22.2214     8.3652 -9.990e-29
 125.556322     11.962    12.0375  32.096658    27.3767     11.854  277.49058  277.59454    22.2214     8.4299 -9.990e-29
 125.556325     11.983    12.0376  32.096253    27.3762     11.876  277.49102  277.59499    22.1591     8.4460 -9.990e-29
 125.556328     12.004    12.0379  32.095212    27.3750     11.896  277.49169  277.59569    21.6611     8.7129 -9.990e-29
 125.556331     12.027    12.0382  32.095848    27.3751     11.920  277.48928  277.59330    21.8167     8.7655 -9.990e-29
 125.556334     12.060    12.0386  32.095848    27.3747     11.952  277.48742  277.59146    21.8478     8.7372 0.0000e+00
 125.556337     12.091    12.0386  32.095038    27.3743     11.983  277.48861  277.59267    21.7233     8.7534 0.0000e+00
 125.556340     12.119    12.0387  32.094402    27.3743     12.010  277.48949  277.59356    22.2992     8.7291 0.0000e+00
 125.556343     12.151    12.0386  32.096833    27.3758     12.043  277.48567  277.58971    22.5015     8.7331 0.0000e+00
 125.556345     12.181    12.0383  32.096428    27.3760     12.072  277.48770  277.59171    22.4082     8.7574 0.0000e+00
 125.556348     12.213    12.0379  32.098048    27.3767     12.104  277.48663  277.59060    22.5949     8.7291 0.0000e+00
 125.556351     12.239    12.0375  32.098222    27.3776     12.129  277.48821  277.59215    20.8829     8.2762 -9.990e-29
 125.556354     12.263    12.0371  32.097875    27.3780     12.153  277.49044  277.59436    20.5405     8.2722 -9.990e-29
 125.556357     12.283    12.0372  32.096659    27.3768     12.173  277.49237  277.59631    20.5249     8.2277 -9.990e-29
 125.556360     12.303    12.0372  32.098049    27.3781     12.193  277.48983  277.59376    21.0229     8.2762 -9.990e-29
 125.556363     12.323    12.0373  32.096949    27.3770     12.213  277.49124  277.59518    20.7272     8.1387 -9.990e-29
 125.556366     12.341    12.0377  32.096428    27.3762     12.231  277.49063  277.59461    20.8206     8.2034 -9.990e-29
 125.556369     12.363    12.0381  32.095849    27.3752     12.253  277.48982  277.59384    20.6338     8.1913 -9.990e-29
 125.556372     12.391    12.0383  32.095849    27.3751     12.280  277.48890  277.59293    20.6183     8.1549 0.0000e+00
 125.556374     12.420    12.0385  32.095849    27.3750     12.309  277.48798  277.59202    20.7272     8.1670 0.0000e+00
 125.556377     12.451    12.0389  32.095618    27.3745     12.339  277.48654  277.59061    20.8984     8.3045 0.0000e+00
 125.556380     12.482    12.0391  32.095039    27.3742     12.370  277.48699  277.59108    20.9451     8.3450 0.0000e+00
 125.556383     12.516    12.0392  32.095445    27.3738     12.404  277.48564  277.58974    20.9607     8.3733 -9.990e-29
 125.556386     12.540    12.0394  32.095213    27.3726     12.428  277.48514  277.58925    20.8673     8.3490 -9.990e-29
 125.556389     12.569    12.0395  32.094113    27.3726     12.457  277.48687  277.59099    21.5054     8.1387 0.0000e+00
 125.556392     12.595    12.0397  32.093824    27.3726     12.482  277.48647  277.59062    21.4587     8.1913 -9.990e-29
 125.556395     12.617    12.0400  32.093419    27.3716     12.504  277.48597  277.59014    21.6144     8.1428 -9.990e-29
 125.556398     12.637    12.0403  32.093998    27.3719     12.524  277.48335  277.58754    21.6144     8.1590 -9.990e-29
 125.556400     12.653    12.0405  32.093824    27.3716     12.540  277.48274  277.58694    22.4082     8.1468 -9.990e-29
 125.556403     12.672    12.0405  32.092609    27.3704     12.558  277.48498  277.58920    22.4860     8.1509 -9.990e-29
 125.556406     12.693    12.0407  32.092840    27.3702     12.580  277.48363  277.58786    22.4082     8.1670 -9.990e-29
 125.556409     12.721    12.0410  32.092840    27.3700     12.607  277.48239  277.58664    22.5949     8.1590 0.0000e+00
 125.556412     12.746    12.0412  32.092435    27.3701     12.632  277.48252  277.58679    20.9918     8.1266 0.0000e+00
 125.556415     12.783    12.0411  32.092783    27.3701     12.668  277.48223  277.58648    20.2603     8.0902 0.0000e+00
 125.556418     12.810    12.0412  32.093651    27.3705     12.695  277.48002  277.58428    20.0268     8.1590 0.0000e+00
 125.556421     12.841    12.0411  32.093246    27.3708     12.726  277.48142  277.58567    20.2759     8.0862 0.0000e+00
 125.556424     12.870    12.0409  32.093420    27.3705     12.755  277.48206  277.58629    20.3226     8.0619 0.0000e+00
 125.556427     12.903    12.0408  32.091799    27.3701     12.787  277.48537  277.58962    20.4626     8.1832 0.0000e+00
 125.556429     12.930    12.0410  32.090005    27.3694     12.814  277.48806  277.59233    20.4938     8.1953 -9.990e-29
 125.556432     12.954    12.0412  32.088211    27.3656     12.838  277.49011  277.59442    20.3537     8.1468 -9.990e-29
 125.556435     12.977    12.0421  32.086591    27.3635     12.861  277.48933  277.59372    20.4004     8.1913 -9.990e-29
 125.556438     12.992    12.0429  32.086359    27.3627     12.876  277.48599  277.59044    20.7584     8.5148 -9.990e-29
 125.556441     13.018    12.0436  32.086591    27.3624     12.901  277.48244  277.58694    20.9918     8.5188 -9.990e-29
 125.556444     13.036    12.0439  32.086243    27.3618     12.919  277.48183  277.58635    20.8673     8.5027 -9.990e-29
 125.556447     13.060    12.0441  32.087169    27.3632     12.943  277.47920  277.58373    20.8673     8.5674 -9.990e-29
 125.556450     13.092    12.0440  32.087806    27.3637     12.975  277.47837  277.58289    20.5405     8.5997 0.0000e+00
 125.556453     13.118    12.0439  32.088790    27.3642     13.001  277.47721  277.58171    20.6650     8.6604 0.0000e+00
 125.556455     13.151    12.0436  32.090179    27.3657     13.033  277.47594  277.58040    20.5249     8.6401 0.0000e+00
 125.556458     13.184    12.0432  32.091800    27.3673     13.065  277.47487  277.57929    20.5249     8.6078 0.0000e+00
 125.556461     13.215    12.0425  32.090990    27.3674     13.096  277.47953  277.58390    20.4004     8.5754 0.0000e+00
 125.556464     13.244    12.0419  32.090585    27.3673     13.125  277.48280  277.58714    24.8673     9.0405 -9.990e-29
 125.556467     13.268    12.0417  32.092205    27.3689     13.149  277.48079  277.58510    24.8206     9.0324 -9.990e-29
 125.556470     13.295    12.0413  32.094116    27.3710     13.176  277.47919  277.58345    24.8829     9.0405 -9.990e-29
 125.556473     13.317    12.0409  32.094405    27.3716     13.198  277.48056  277.58478    24.8206     9.0445 -9.990e-29
 125.556476     13.334    12.0401  32.098052    27.3756     13.214  277.47733  277.58146    24.5249     9.0607 -9.990e-29
 125.556479     13.354    12.0391  32.100078    27.3783     13.234  277.47834  277.58238    24.3381     9.0162 -9.990e-29
 125.556481     13.374    12.0377  32.103261    27.3836     13.254  277.47879  277.58270    24.6183     9.0364 -9.990e-29
 125.556484     13.400    12.0359  32.103262    27.3848     13.279  277.48698  277.59076    24.4004     9.0647 0.0000e+00
 125.556487     13.429    12.0344  32.104709    27.3860     13.308  277.49094  277.59460    27.2019     9.1699 0.0000e+00
 125.556490     13.456    12.0333  32.104883    27.3870     13.335  277.49567  277.59925    27.1552     9.1335 0.0000e+00
 125.556493     13.487    12.0324  32.107488    27.3901     13.366  277.49468  277.59817    27.0619     9.1860 0.0000e+00
 125.556496     13.523    12.0316  32.108646    27.3918     13.402  277.49635  277.59977    27.0619     9.1779 0.0000e+00
 125.556499     13.554    12.0303  32.110556    27.3945     13.433  277.49851  277.60183    29.8012     9.5702 0.0000e+00
 125.556502     13.583    12.0292  32.111714    27.3964     13.462  277.50175  277.60497    29.8634     9.5338 0.0000e+00
 125.556505     13.609    12.0280  32.112525    27.3972     13.487  277.50530  277.60844    29.7233     9.5055 0.0000e+00
 125.556508     13.636    12.0272  32.112930    27.3980     13.514  277.50835  277.61142    29.8478     9.5581 -9.990e-29
 125.556510     13.660    12.0266  32.116173    27.4025     13.538  277.50492  277.60792    29.8323     9.5540 -9.990e-29
 125.556513     13.682    12.0251  32.117794    27.4051     13.560  277.50887  277.61174    28.1358     9.7400 -9.990e-29
 125.556516     13.700    12.0234  32.117562    27.4062     13.578  277.51716  277.61991    28.3070     9.7602 -9.990e-29
 125.556519     13.719    12.0223  32.117794    27.4071     13.596  277.52146  277.62414    28.0580     9.7441 -9.990e-29
 125.556522     13.744    12.0215  32.117505    27.4074     13.621  277.52546  277.62809    28.1047     9.7805 -9.990e-29
 125.556525     13.768    12.0207  32.116579    27.4097     13.644  277.53095  277.63353    29.5988    10.0352 -9.990e-29
 125.556528     13.797    12.0204  32.119010    27.4099     13.673  277.52807  277.63060    29.7233    10.0109 0.0000e+00
 125.556531     13.824    12.0205  32.119589    27.4101     13.700  277.52640  277.62893    29.6144     9.9988 0.0000e+00
 125.556534     13.855    12.0204  32.119821    27.4102     13.731  277.52662  277.62914    29.8634     9.9826 0.0000e+00
 125.556536     13.890    12.0197  32.121616    27.4104     13.766  277.52618  277.62863    30.9685    10.1322 -9.990e-29
 125.556539     13.914    12.0190  32.120979    27.4139     13.789  277.53082  277.63323    30.8440    10.1322 -9.990e-29
 125.556542     13.945    12.0190  32.122427    27.4139     13.820  277.52818  277.63057    30.6261    10.1282 0.0000e+00
