Processed/SBE19plus_01907321_2022_05_04_Cast13_wfilter.cnv
* Sea-Bird SBE19plus  Data File:
* FileName = E:\Prandtl Daten\2022\CTD\Raw\SBE19plus_01907321_2022_05_04_Cast13.hex
* Software version 2.6.1.12
* Temperature SN = 7321
* Conductivity SN = 7321
* System UpLoad Time = May 04 2022 08:45:43
* <ApplicationData>
* <Seaterm232>
** Messpraktikum 2022
** CTD 04.05 SW3
# nquan = 11
# nvalues = 328                         
# units = specified
# name 0 = timeJ: Julian Days
# name 1 = prdM: Pressure, Strain Gauge [db]
# name 2 = tv290C: Temperature [ITS-90, deg C]
# name 3 = c0mS/cm: Conductivity [mS/cm]
# name 4 = sal00: Salinity, Practical [PSU]
# name 5 = depSM: Depth [salt water, m], lat = 54.00
# name 6 = oxsatMm/Kg: Oxygen Saturation, Weiss [umol/kg]
# name 7 = oxsolMm/Kg: Oxygen Saturation, Garcia & Gordon [umol/kg]
# name 8 = turbWETntu0: Turbidity, WET Labs ECO [NTU]
# name 9 = flECO-AFL: Fluorescence, WET Labs ECO-AFL/FL [mg/m^3]
# name 10 = flag:  0.000e+00
# span 0 = 124.359644, 124.360590       
# span 1 =      0.535,      9.145       
# span 2 =    10.8977,    11.0680       
# span 3 =  28.383388,  30.234899       
# span 4 =    24.5426,    26.4292       
# span 5 =      0.530,      9.063       
# span 6 =  286.31435,  289.24907       
# span 7 =  286.35795,  289.32580       
# span 8 =    26.0969,    74.7194       
# span 9 =     9.4650,    14.6166       
# span 10 = 0.0000e+00, 0.0000e+00      
# interval = seconds: 0.25
# start_time = May 04 2022 08:36:24 [Instrument's time stamp, header]
# bad_flag = -9.990e-29
*END*
 124.359644      0.535    11.0663  28.390727    24.5479      0.530  289.07898  289.15777    26.1903     9.5014 0.0000e+00
 124.359647      0.582    11.0666  28.390728    24.5476      0.577  289.07733  289.15615    26.0969     9.4772 0.0000e+00
 124.359650      0.624    11.0668  28.390341    24.5471      0.619  289.07710  289.15594    26.1280     9.4650 0.0000e+00
 124.359653      0.674    11.0666  28.389237    24.5467      0.668  289.08029  289.15912    26.2369     9.4650 0.0000e+00
 124.359656      0.734    11.0658  28.389237    24.5466      0.727  289.08436  289.16314    27.6377     9.8371 0.0000e+00
 124.359659      0.801    11.0650  28.388685    24.5467      0.794  289.08917  289.16791    27.7467     9.8128 0.0000e+00
 124.359661      0.854    11.0644  28.388299    24.5466      0.847  289.09332  289.17201    27.6066     9.7926 0.0000e+00
 124.359664      0.893    11.0638  28.387747    24.5467      0.885  289.09744  289.17610    27.7467     9.8330 0.0000e+00
 124.359667      0.918    11.0634  28.388134    24.5466      0.910  289.09839  289.17702    28.1513    10.7792 -9.990e-29
 124.359670      0.922    11.0631  28.389128    24.5483      0.914  289.09814  289.17673    28.3226    10.7428 -9.990e-29
 124.359673      0.915    11.0633  28.389238    24.5483      0.907  289.09691  289.17552    28.1358    10.7428 -9.990e-29
 124.359676      0.911    11.0636  28.387416    24.5463      0.903  289.09877  289.17742    28.2136    10.7752 -9.990e-29
 124.359679      0.897    11.0641  28.390508    24.5490      0.889  289.09040  289.16905    28.1358    10.7873 -9.990e-29
 124.359682      0.906    11.0647  28.391060    24.5491      0.898  289.08630  289.16499    31.6844    10.6175 -9.990e-29
 124.359685      0.926    11.0657  28.391281    24.5484      0.917  289.08119  289.15993    31.5910    10.6822 -9.990e-29
 124.359688      0.953    11.0668  28.391833    24.5482      0.945  289.07442  289.15324    31.7311    10.6215 0.0000e+00
 124.359690      0.991    11.0678  28.391999    24.5482      0.983  289.06942  289.14831    31.4043    10.6458 0.0000e+00
 124.359693      1.030    11.0680  28.391281    24.5479      1.020  289.06983  289.14874    29.0541     9.5783 -9.990e-29
 124.359696      1.053    11.0679  28.390729    24.5466      1.044  289.07126  289.15017    29.1319     9.5702 -9.990e-29
 124.359699      1.101    11.0675  28.390729    24.5469      1.091  289.07331  289.15219    29.2253     9.5783 -9.990e-29
 124.359702      1.125    11.0670  28.390729    24.5458      1.114  289.07567  289.15452    28.9296     9.5459 -9.990e-29
 124.359705      1.159    11.0667  28.389073    24.5462      1.149  289.08060  289.15944    27.5443     9.8896 0.0000e+00
 124.359708      1.207    11.0663  28.389625    24.5460      1.196  289.08157  289.16038    27.5443     9.8815 0.0000e+00
 124.359711      1.258    11.0656  28.388521    24.5466      1.246  289.08711  289.16589    27.6377     9.9018 0.0000e+00
 124.359714      1.305    11.0654  28.389791    24.5470      1.293  289.08568  289.16443    27.7000     9.8411 0.0000e+00
 124.359716      1.358    11.0652  28.389405    24.5470      1.346  289.08714  289.16588    28.9762    10.3546 0.0000e+00
 124.359719      1.398    11.0649  28.389073    24.5470      1.386  289.08949  289.16822    28.9140    10.3263 0.0000e+00
 124.359722      1.431    11.0644  28.387914    24.5469      1.418  289.09412  289.17283    29.0385    10.3223 -9.990e-29
 124.359725      1.449    11.0635  28.387749    24.5466      1.436  289.09916  289.17780    29.1319    10.3021 -9.990e-29
 124.359728      1.462    11.0630  28.387031    24.5462      1.449  289.10291  289.18153    28.9140    10.3587 -9.990e-29
 124.359731      1.466    11.0631  28.386479    24.5456      1.452  289.10365  289.18228    33.1008    10.5487 -9.990e-29
 124.359734      1.469    11.0631  28.385927    24.5451      1.456  289.10473  289.18337    33.2564    10.5770 -9.990e-29
 124.359737      1.471    11.0632  28.386644    24.5457      1.458  289.10266  289.18130    33.1475    10.6296 -9.990e-29
 124.359740      1.473    11.0636  28.387197    24.5460      1.460  289.09991  289.17856    33.3965    10.5932 -9.990e-29
 124.359742      1.477    11.0639  28.387417    24.5460      1.464  289.09780  289.17648    33.4899    11.2564 -9.990e-29
 124.359745      1.484    11.0644  28.387417    24.5457      1.471  289.09546  289.17416    33.4276    11.2887 -9.990e-29
 124.359748      1.497    11.0650  28.387417    24.5452      1.483  289.09244  289.17119    33.6144    11.2483 -9.990e-29
 124.359751      1.511    11.0655  28.387031    24.5445      1.498  289.09051  289.16931    33.6144    11.1674 -9.990e-29
 124.359754      1.531    11.0663  28.385761    24.5426      1.517  289.08930  289.16816    30.2992    10.6134 -9.990e-29
 124.359757      1.575    11.0663  28.385540    24.5429      1.561  289.08976  289.16862    30.2992    10.6054 0.0000e+00
 124.359760      1.622    11.0657  28.385927    24.5433      1.608  289.09206  289.17088    30.2992    10.6377 0.0000e+00
 124.359763      1.668    11.0652  28.385927    24.5435      1.653  289.09445  289.17323    30.3303    10.6094 0.0000e+00
 124.359766      1.715    11.0645  28.385375    24.5435      1.700  289.09891  289.17765    32.7117    11.4424 0.0000e+00
 124.359769      1.765    11.0636  28.384437    24.5435      1.749  289.10547  289.18416    32.7272    11.4020 0.0000e+00
 124.359771      1.814    11.0619  28.384106    24.5441      1.798  289.11455  289.19313    32.6650    11.4909 0.0000e+00
 124.359774      1.863    11.0603  28.383388    24.5444      1.847  289.12370  289.20218    32.6961    11.4707 0.0000e+00
 124.359777      1.902    11.0590  28.384106    24.5452      1.885  289.12872  289.20710    32.6338    11.3656 0.0000e+00
 124.359780      1.927    11.0583  28.384824    24.5459      1.910  289.13103  289.20935    33.3965    11.2240 -9.990e-29
 124.359783      1.945    11.0580  28.385376    24.5478      1.928  289.13132  289.20961    33.2408    11.1917 -9.990e-29
 124.359786      1.956    11.0577  28.384990    24.5477      1.939  289.13375  289.21203    33.3809    11.2806 -9.990e-29
 124.359789      1.965    11.0568  28.385763    24.5490      1.948  289.13662  289.21483    33.4276    11.2038 -9.990e-29
 124.359792      1.967    11.0553  28.385542    24.5498      1.950  289.14445  289.22255    33.6766    10.9572 -9.990e-29
 124.359795      1.971    11.0537  28.385377    24.5506      1.953  289.15250  289.23050    33.7545    10.8884 -9.990e-29
 124.359797      1.982    11.0530  28.385763    24.5515      1.964  289.15545  289.23339    33.8167    10.9127 -9.990e-29
 124.359800      1.989    11.0522  28.386371    24.5526      1.972  289.15830  289.23618    33.7700    10.9208 -9.990e-29
 124.359803      2.011    11.0517  28.386647    24.5526      1.993  289.16047  289.23831    33.0696    10.9895 -9.990e-29
 124.359806      2.040    11.0510  28.385543    24.5530      2.022  289.16599  289.24380    33.1630    10.9976 0.0000e+00
 124.359809      2.082    11.0496  28.385377    24.5531      2.063  289.17340  289.25111    33.0696    11.0016 0.0000e+00
 124.359812      2.137    11.0489  28.384660    24.5534      2.117  289.17786  289.25553    32.8984    10.9652 0.0000e+00
 124.359815      2.193    11.0488  28.385930    24.5531      2.174  289.17609  289.25375    32.9140    10.5447 0.0000e+00
 124.359818      2.248    11.0493  28.384439    24.5544      2.228  289.17668  289.25438    32.6805    10.5730 0.0000e+00
 124.359821      2.288    11.0492  28.386482    24.5545      2.268  289.17307  289.25074    32.7739    10.5245 0.0000e+00
 124.359823      2.321    11.0486  28.385930    24.5545      2.300  289.17719  289.25483    32.8984    10.5164 0.0000e+00
 124.359826      2.348    11.0477  28.384053    24.5545      2.327  289.18556  289.26316    32.6961    10.4962 -9.990e-29
 124.359829      2.365    11.0467  28.384440    24.5543      2.344  289.18952  289.26705    35.7622    11.2604 -9.990e-29
 124.359832      2.381    11.0452  28.385379    24.5562      2.360  289.19510  289.27251    35.7155    11.1755 -9.990e-29
 124.359835      2.390    11.0437  28.385379    24.5572      2.369  289.20283  289.28013    35.7155    11.1957 -9.990e-29
 124.359838      2.403    11.0426  28.386483    24.5590      2.382  289.20606  289.28328    35.7000    11.2240 -9.990e-29
 124.359841      2.411    11.0415  28.386097    24.5593      2.389  289.21220  289.28934    35.1085    10.9531 -9.990e-29
 124.359844      2.414    11.0409  28.385931    24.5596      2.392  289.21554  289.29265    35.2798    10.9086 -9.990e-29
 124.359847      2.412    11.0404  28.386649    24.5606      2.390  289.21650  289.29356    35.2642    10.8965 -9.990e-29
 124.359850      2.418    11.0403  28.387036    24.5610      2.396  289.21642  289.29347    35.2953    10.9046 -9.990e-29
 124.359852      2.423    11.0402  28.386649    24.5608      2.402  289.21785  289.29489    34.1280    11.1755 -9.990e-29
 124.359855      2.423    11.0401  28.387588    24.5617      2.402  289.21636  289.29338    34.0969    11.2038 -9.990e-29
 124.359858      2.436    11.0401  28.387974    24.5621      2.414  289.21561  289.29264    34.0191    11.1674 -9.990e-29
 124.359861      2.453    11.0403  28.388526    24.5625      2.431  289.21354  289.29057    34.0191    11.1674 -9.990e-29
 124.359864      2.484    11.0404  28.388692    24.5634      2.461  289.21257  289.28961    32.4626    10.3708 0.0000e+00
 124.359867      2.533    11.0403  28.390349    24.5641      2.510  289.21005  289.28706    32.6183    10.4234 0.0000e+00
 124.359870      2.591    11.0398  28.389962    24.5641      2.568  289.21353  289.29050    32.3848    10.4315 0.0000e+00
 124.359873      2.666    11.0397  28.387975    24.5623      2.642  289.21778  289.29478    32.5716    10.3870 0.0000e+00
 124.359876      2.753    11.0400  28.388306    24.5623      2.729  289.21551  289.29253    32.3692    10.3830 0.0000e+00
 124.359878      2.845    11.0403  28.387975    24.5618      2.819  289.21488  289.29192    33.3654    10.5649 0.0000e+00
 124.359881      2.934    11.0400  28.387423    24.5616      2.908  289.21736  289.29438    33.5521    10.5204 0.0000e+00
 124.359884      3.012    11.0398  28.387424    24.5614      2.986  289.21875  289.29576    33.4276    10.5204 0.0000e+00
 124.359887      3.065    11.0393  28.386099    24.5611      3.038  289.22338  289.30038    33.6766    10.5083 0.0000e+00
 124.359890      3.096    11.0387  28.386651    24.5606      3.069  289.22569  289.30263    34.9218    10.7631 -9.990e-29
 124.359893      3.085    11.0380  28.387203    24.5625      3.058  289.22796  289.30485    34.9996    10.7833 -9.990e-29
 124.359896      3.051    11.0372  28.387976    24.5638      3.023  289.23047  289.30729    34.8128    10.7348 -9.990e-29
 124.359899      3.003    11.0367  28.389246    24.5653      2.976  289.23031  289.30709    35.1708    10.7914 -9.990e-29
 124.359902      2.946    11.0363  28.389246    24.5656      2.920  289.23229  289.30904    35.6689    10.6701 -9.990e-29
 124.359905      2.892    11.0360  28.389964    24.5666      2.866  289.23253  289.30925    35.7934    10.6417 -9.990e-29
 124.359907      2.859    11.0356  28.390350    24.5672      2.833  289.23344  289.31013    35.7622    10.6781 -9.990e-29
 124.359910      2.844    11.0353  28.391068    24.5681      2.819  289.23371  289.31037    35.7934    10.6296 -9.990e-29
 124.359913      2.854    11.0356  28.391454    24.5682      2.828  289.23129  289.30796    35.0619    11.3453 -9.990e-29
 124.359916      2.884    11.0356  28.390350    24.5671      2.859  289.23346  289.31014    35.1085    11.3373 -9.990e-29
 124.359919      2.941    11.0359  28.391455    24.5680      2.915  289.23000  289.30669    35.0463    11.3413 -9.990e-29
 124.359922      3.000    11.0360  28.392393    24.5694      2.973  289.22788  289.30456    35.0774    11.4060 -9.990e-29
 124.359925      3.072    11.0360  28.393111    24.5689      3.045  289.22619  289.30287    34.7661    11.4060 0.0000e+00
 124.359928      3.156    11.0361  28.392007    24.5694      3.128  289.22806  289.30476    33.9257    10.5002 0.0000e+00
 124.359931      3.229    11.0361  28.393498    24.5688      3.200  289.22521  289.30189    33.9568    10.4517 0.0000e+00
 124.359933      3.289    11.0362  28.392670    24.5695      3.260  289.22619  289.30289    34.0346    10.4274 0.0000e+00
 124.359936      3.349    11.0363  28.393499    24.5689      3.320  289.22428  289.30098    34.1591    10.4477 0.0000e+00
 124.359939      3.403    11.0362  28.392781    24.5689      3.372  289.22605  289.30275    35.0930    11.4020 0.0000e+00
 124.359942      3.446    11.0359  28.392008    24.5684      3.416  289.22926  289.30595    35.0619    11.3777 0.0000e+00
 124.359945      3.485    11.0356  28.391843    24.5684      3.454  289.23129  289.30796    34.8906    11.3858 0.0000e+00
 124.359948      3.518    11.0353  28.393499    24.5693      3.486  289.22943  289.30606    35.0619    11.3656 0.0000e+00
 124.359951      3.547    11.0350  28.384113    24.5702      3.515  289.24907  289.32580    36.6961    11.3817 -9.990e-29
 124.359954      3.572    11.0347  28.392561    24.5696      3.541  289.23398  289.31058    36.6805    11.3736 -9.990e-29
 124.359957      3.589    11.0343  28.391622    24.5690      3.557  289.23817  289.31475    36.5560    11.3696 -9.990e-29
 124.359959      3.602    11.0338  28.394052    24.5717      3.569  289.23580  289.31232    36.6494    11.3777 -9.990e-29
 124.359962      3.607    11.0333  28.394604    24.5725      3.575  289.23741  289.31389    37.3498    11.1553 -9.990e-29
 124.359965      3.609    11.0329  28.396426    24.5745      3.576  289.23555  289.31197    37.3342    11.1674 -9.990e-29
 124.359968      3.598    11.0322  28.396813    24.5753      3.566  289.23814  289.31452    37.5677    11.1674 -9.990e-29
 124.359971      3.581    11.0318  28.397752    24.5765      3.549  289.23866  289.31499    37.3654    11.2159 -9.990e-29
 124.359974      3.558    11.0315  28.398083    24.5770      3.526  289.23934  289.31565    37.2564    11.1189 -9.990e-29
 124.359977      3.530    11.0315  28.399574    24.5785      3.499  289.23642  289.31271    39.5288    11.7093 -9.990e-29
 124.359980      3.506    11.0314  28.399574    24.5786      3.475  289.23707  289.31335    39.4665    11.7133 -9.990e-29
 124.359983      3.496    11.0314  28.400513    24.5794      3.464  289.23490  289.31117    39.4821    11.6688 -9.990e-29
 124.359986      3.506    11.0316  28.399463    24.5794      3.475  289.23594  289.31224    39.3420    11.6527 -9.990e-29
 124.359988      3.534    11.0317  28.400678    24.5791      3.502  289.23326  289.30955    37.6299    11.9883 0.0000e+00
 124.359991      3.590    11.0320  28.400292    24.5788      3.558  289.23237  289.30869    37.7700    11.9802 0.0000e+00
 124.359994      3.661    11.0325  28.399409    24.5787      3.628  289.23179  289.30815    37.6922    11.9842 0.0000e+00
 124.359997      3.740    11.0327  28.400679    24.5787      3.706  289.22870  289.30505    37.5366    11.9357 0.0000e+00
 124.360000      3.831    11.0328  28.402170    24.5800      3.797  289.22518  289.30153    37.1941    11.4262 0.0000e+00
 124.360003      3.916    11.0327  28.402170    24.5801      3.881  289.22591  289.30225    37.1008    11.4464 0.0000e+00
 124.360006      4.004    11.0327  28.403827    24.5816      3.968  289.22274  289.29906    37.2564    11.3979 0.0000e+00
 124.360009      4.085    11.0323  28.406368    24.5818      4.048  289.21953  289.29579    37.2720    11.4505 0.0000e+00
 124.360012      4.147    11.0316  28.403331    24.5818      4.109  289.22918  289.30543    39.6377    11.3453 0.0000e+00
 124.360014      4.192    11.0311  28.402889    24.5818      4.155  289.23242  289.30864    39.6222    11.2685 0.0000e+00
 124.360017      4.225    11.0314  28.403055    24.5817      4.187  289.23077  289.30702    39.7155    11.2726 -9.990e-29
 124.360020      4.243    11.0313  28.403276    24.5819      4.205  289.23069  289.30693    39.6689    11.2766 -9.990e-29
