Processed/SBE19plus_01907321_2022_05_06_Cast51_wfilter.cnv
* Sea-Bird SBE19plus  Data File:
* FileName = E:\Prandtl Daten\2022\CTD\Raw\SBE19plus_01907321_2022_05_06_Cast51.hex
* Software version 2.6.1.12
* Temperature SN = 7321
* Conductivity SN = 7321
* System UpLoad Time = May 06 2022 12:04:15
* <ApplicationData>
* <Seaterm232>
** Messpraktikum 2022
** CTD 06.05 MP3
** NMEA Latitude = 54 03.530 N
** NMEA Longitude = 008 42.765 E
# nquan = 11
# nvalues = 460                         
# units = specified
# name 0 = timeJ: Julian Days
# name 1 = prdM: Pressure, Strain Gauge [db]
# name 2 = tv290C: Temperature [ITS-90, deg C]
# name 3 = c0mS/cm: Conductivity [mS/cm]
# name 4 = sal00: Salinity, Practical [PSU]
# name 5 = depSM: Depth [salt water, m], lat = 54.00
# name 6 = oxsatMm/Kg: Oxygen Saturation, Weiss [umol/kg]
# name 7 = oxsolMm/Kg: Oxygen Saturation, Garcia & Gordon [umol/kg]
# name 8 = turbWETntu0: Turbidity, WET Labs ECO [NTU]
# name 9 = flECO-AFL: Fluorescence, WET Labs ECO-AFL/FL [mg/m^3]
# name 10 = flag:  0.000e+00
# span 0 = 126.498681, 126.500009       
# span 1 =      0.480,     11.220       
# span 2 =    12.2822,    12.5341       
# span 3 =  31.558990,  31.729973       
# span 4 =    26.6572,    26.7731       
# span 5 =      0.476,     11.120       
# span 6 =  275.92093,  277.35534       
# span 7 =  276.06224,  277.48166       
# span 8 =    54.5482,   117.5988       
# span 9 =    11.1108,    15.9147       
# span 10 = 0.0000e+00, 0.0000e+00      
# interval = seconds: 0.25
# start_time = May 06 2022 11:56:50 [Instrument's time stamp, header]
# bad_flag = -9.990e-29
*END*
 126.498681      0.480    12.5305  31.728360    26.6810      0.476  275.93603  276.07714    54.6572    12.0045 0.0000e+00
 126.498683      0.509    12.5321  31.729973    26.6810      0.504  275.92616  276.06736    54.5482    12.0125 0.0000e+00
 126.498686      0.534    12.5336  31.728993    26.6793      0.530  275.92093  276.06224    58.2681    12.7768 0.0000e+00
 126.498689      0.562    12.5341  31.726170    26.6764      0.557  275.92410  276.06547    58.1436    12.8051 0.0000e+00
 126.498692      0.600    12.5327  31.720409    26.6742      0.595  275.94050  276.08184    58.2836    12.7525 0.0000e+00
 126.498695      0.628    12.5289  31.716837    26.6720      0.622  275.96411  276.10523    58.2525    12.7889 -9.990e-29
 126.498698      0.648    12.5242  31.712286    26.6704      0.642  275.99329  276.13414    57.2875    12.7000 -9.990e-29
 126.498701      0.653    12.5197  31.710328    26.6718      0.647  276.01717  276.15775    57.3031    12.7080 -9.990e-29
 126.498704      0.659    12.5150  31.708140    26.6731      0.653  276.04210  276.18239    57.2564    12.6757 -9.990e-29
 126.498707      0.683    12.5113  31.709926    26.6774      0.677  276.05546  276.19549    57.1163    12.7000 -9.990e-29
 126.498709      0.708    12.5099  31.713095    26.6792      0.702  276.05615  276.19606    60.4626    13.1771 -9.990e-29
 126.498712      0.735    12.5110  31.711712    26.6780      0.729  276.05356  276.19356    60.4315    13.2175 0.0000e+00
 126.498715      0.768    12.5114  31.709523    26.6769      0.761  276.05592  276.19596    60.3070    13.2095 0.0000e+00
 126.498718      0.799    12.5102  31.702553    26.6741      0.792  276.07355  276.21358    60.4938    13.1569 0.0000e+00
 126.498721      0.830    12.5060  31.697197    26.6712      0.823  276.10196  276.24177    60.4315    13.2135 -9.990e-29
 126.498724      0.852    12.5007  31.696449    26.6722      0.845  276.12719  276.26666    59.4510    13.0396 -9.990e-29
 126.498727      0.876    12.4962  31.692475    26.6718      0.868  276.15471  276.29392    59.6066    13.0720 -9.990e-29
 126.498730      0.894    12.4925  31.697026    26.6786      0.886  276.16310  276.30202    59.3887    13.0194 -9.990e-29
 126.498733      0.918    12.4919  31.701000    26.6827      0.910  276.15883  276.29767    59.6377    13.1407 -9.990e-29
 126.498736      0.929    12.4940  31.703189    26.6833      0.920  276.14536  276.28432    62.8284    13.6421 -9.990e-29
 126.498738      0.943    12.4968  31.702785    26.6809      0.935  276.13369  276.27283    62.8751    13.6583 -9.990e-29
 126.498741      0.958    12.4982  31.698638    26.6695      0.949  276.13446  276.27375    62.8595    13.6340 -9.990e-29
 126.498744      0.985    12.4970  31.690690    26.6675      0.977  276.15417  276.29345    62.7506    13.6664 0.0000e+00
 126.498747      1.018    12.4915  31.682340    26.6656      1.009  276.19402  276.33302    73.3965    14.4266 0.0000e+00
 126.498750      1.049    12.4836  31.667312    26.6614      1.040  276.25670  276.39533    73.3654    14.4711 0.0000e+00
 126.498753      1.077    12.4713  31.655396    26.6572      1.067  276.33355  276.47149    73.2097    14.4994 -9.990e-29
 126.498756      1.099    12.4564  31.647511    26.6580      1.089  276.41463  276.55166    73.3031    14.4711 -9.990e-29
 126.498759      1.119    12.4433  31.640375    26.6606      1.109  276.48640  276.62264    74.4082    14.5277 -9.990e-29
 126.498762      1.142    12.4321  31.630304    26.6642      1.132  276.55488  276.69048    74.7350    14.7622 -9.990e-29
 126.498764      1.170    12.4205  31.626910    26.6652      1.159  276.61324  276.74811    74.7817    14.7946 0.0000e+00
 126.498767      1.206    12.4113  31.621962    26.6652      1.195  276.66359  276.79790    74.6105    14.7946 0.0000e+00
 126.498770      1.241    12.4042  31.619603    26.6661      1.230  276.70004  276.83389    74.5327    14.8269 -9.990e-29
 126.498773      1.259    12.3988  31.615461    26.6689      1.248  276.73205  276.86558    70.5327    14.2406 -9.990e-29
 126.498776      1.276    12.3941  31.614081    26.6710      1.264  276.75557  276.88881    70.5794    14.2082 -9.990e-29
 126.498779      1.283    12.3907  31.616210    26.6753      1.271  276.76701  276.90000    70.5638    14.1840 -9.990e-29
 126.498782      1.301    12.3901  31.621792    26.6825      1.289  276.75981  276.89270    70.7194    14.2163 -9.990e-29
 126.498785      1.327    12.3928  31.625532    26.6825      1.315  276.74065  276.87369    72.9451    14.7743 0.0000e+00
 126.498788      1.354    12.3966  31.623345    26.6825      1.342  276.72775  276.86106    72.8984    14.7622 -9.990e-29
 126.498791      1.372    12.3984  31.620985    26.6743      1.360  276.72374  276.85719    72.6494    14.7824 -9.990e-29
 126.498793      1.392    12.3978  31.618626    26.6726      1.380  276.73088  276.86432    72.9607    14.7905 -9.990e-29
 126.498796      1.412    12.3959  31.615462    26.6709      1.400  276.74489  276.87823    82.0346    15.3445 -9.990e-29
 126.498799      1.432    12.3930  31.613678    26.6689      1.419  276.76118  276.89435    81.9724    15.3364 -9.990e-29
 126.498802      1.461    12.3901  31.608903    26.6677      1.448  276.78288  276.91590    81.8790    15.3122 0.0000e+00
 126.498805      1.490    12.3858  31.602978    26.6664      1.477  276.81335  276.94614    81.8323    15.2515 0.0000e+00
 126.498808      1.521    12.3797  31.595672    26.6652      1.508  276.85396  276.98643    81.8634    15.3000 0.0000e+00
 126.498811      1.550    12.3715  31.592912    26.6639      1.537  276.89592  277.02787    83.9334    15.5629 -9.990e-29
 126.498814      1.572    12.3645  31.588944    26.6684      1.558  276.93464  277.06617    83.9179    15.5467 -9.990e-29
 126.498817      1.578    12.3594  31.587391    26.6706      1.564  276.96071  277.09190    83.9801    15.5507 -9.990e-29
 126.498819      1.583    12.3545  31.582043    26.6691      1.569  276.99237  277.12329    83.8089    15.5709 -9.990e-29
 126.498822      1.607    12.3495  31.579110    26.6699      1.593  277.02030  277.15093    82.8128    15.3283 -9.990e-29
 126.498825      1.627    12.3442  31.578305    26.6729      1.612  277.04567  277.17594    83.0307    15.3445 -9.990e-29
 126.498828      1.649    12.3405  31.577903    26.6750      1.634  277.06297  277.19301    82.8751    15.3243 -9.990e-29
 126.498831      1.682    12.3381  31.575948    26.6756      1.667  277.07768  277.20758    82.9218    15.3243 0.0000e+00
 126.498834      1.717    12.3362  31.575718    26.6761      1.701  277.08672  277.21649    80.6338    15.3364 0.0000e+00
 126.498837      1.748    12.3350  31.575316    26.6766      1.732  277.09289  277.22258    80.5716    15.3081 0.0000e+00
 126.498840      1.782    12.3342  31.575834    26.6776      1.766  277.09547  277.22511    80.4004    15.3324 0.0000e+00
 126.498843      1.808    12.3340  31.575719    26.6776      1.792  277.09666  277.22628    80.3070    15.3283 0.0000e+00
 126.498845      1.834    12.3338  31.575719    26.6776      1.817  277.09763  277.22724    78.4548    15.0857 -9.990e-29
 126.498848      1.859    12.3339  31.578135    26.6799      1.843  277.09263  277.22223    78.3926    15.0776 -9.990e-29
 126.498851      1.872    12.3350  31.582276    26.6830      1.855  277.08004  277.20967    78.2681    15.0251 -9.990e-29
 126.498854      1.885    12.3383  31.585784    26.6840      1.868  277.05905  277.18886    78.4704    15.0534 -9.990e-29
 126.498857      1.896    12.3423  31.587969    26.6831      1.879  277.03695  277.16700    78.4237    15.0048 -9.990e-29
 126.498860      1.912    12.3458  31.583828    26.6737      1.895  277.02885  277.15918    85.1008    15.6073 -9.990e-29
 126.498863      1.943    12.3458  31.580492    26.6737      1.926  277.03491  277.16527    85.1008    15.6437 0.0000e+00
 126.498866      1.969    12.3434  31.578709    26.6737      1.951  277.04898  277.17920    85.0385    15.6639 0.0000e+00
 126.498869      2.001    12.3398  31.576697    26.6741      1.984  277.06889  277.19889    84.9296    15.6478 0.0000e+00
 126.498872      2.034    12.3364  31.573591    26.6744      2.016  277.08983  277.21963    87.1241    15.8621 -9.990e-29
 126.498874      2.054    12.3322  31.571176    26.6746      2.036  277.11301  277.24256    87.0774    15.9147 -9.990e-29
 126.498877      2.076    12.3273  31.568014    26.6751      2.058  277.14105  277.27031    86.9840    15.8742 -9.990e-29
 126.498880      2.098    12.3227  31.567670    26.6780      2.079  277.16240  277.29135    86.9685    15.8944 -9.990e-29
 126.498883      2.122    12.3188  31.566290    26.6795      2.103  277.18243  277.31114    87.2331    15.8297 -9.990e-29
 126.498886      2.153    12.3152  31.562898    26.6789      2.133  277.20485  277.33335    87.4354    15.8297 -9.990e-29
 126.498889      2.178    12.3121  31.564508    26.6826      2.159  277.21596  277.34424    87.3109    15.8580 -9.990e-29
 126.498892      2.200    12.3102  31.562898    26.6824      2.180  277.22750  277.35566    87.2019    15.8742 -9.990e-29
 126.498895      2.224    12.3089  31.562323    26.6828      2.204  277.23461  277.36269    86.3770    15.6073 -9.990e-29
 126.498898      2.240    12.3079  31.562094    26.6833      2.220  277.23949  277.36751    86.1747    15.5952 -9.990e-29
 126.498900      2.259    12.3068  31.561519    26.6835      2.238  277.24564  277.37360    86.2681    15.6923 -9.990e-29
 126.498903      2.279    12.3061  31.560541    26.6828      2.258  277.25062  277.37853    86.2058    15.6033 -9.990e-29
 126.498906      2.306    12.3055  31.559736    26.6831      2.285  277.25464  277.38253    86.2992    15.5952 0.0000e+00
 126.498909      2.339    12.3048  31.559967    26.6835      2.318  277.25743  277.38527    89.0385    15.7448 0.0000e+00
 126.498912      2.366    12.3047  31.560369    26.6839      2.345  277.25704  277.38486    89.0696    15.7286 0.0000e+00
 126.498915      2.394    12.3044  31.560139    26.6839      2.372  277.25907  277.38687    89.1630    15.7327 0.0000e+00
 126.498918      2.421    12.3043  31.560139    26.6839      2.400  277.25972  277.38752    89.1475    15.7650 -9.990e-29
 126.498921      2.441    12.3042  31.559564    26.6829      2.420  277.26110  277.38889    89.2097    15.7125 -9.990e-29
 126.498924      2.472    12.3043  31.558990    26.6829      2.450  277.26184  277.38965    89.1163    15.7853 0.0000e+00
 126.498927      2.500    12.3043  31.558990    26.6829      2.477  277.26186  277.38967    89.1319    15.7933 -9.990e-29
 126.498929      2.520    12.3041  31.559162    26.6832      2.497  277.26220  277.38999    88.9451    15.7529 -9.990e-29
 126.498932      2.538    12.3042  31.559967    26.6838      2.515  277.26043  277.38822    86.6572    15.6923 -9.990e-29
 126.498935      2.555    12.3043  31.559967    26.6837      2.532  277.25980  277.38761    86.6727    15.6761 -9.990e-29
 126.498938      2.577    12.3047  31.560255    26.6837      2.554  277.25739  277.38521    86.5949    15.6923 -9.990e-29
 126.498941      2.597    12.3052  31.560542    26.6837      2.573  277.25497  277.38282    86.5015    15.6680 -9.990e-29
 126.498944      2.615    12.3059  31.559162    26.6833      2.592  277.25430  277.38221    86.0657    15.6842 -9.990e-29
 126.498947      2.644    12.3068  31.561347    26.6832      2.620  277.24621  277.37416    86.0035    15.7125 0.0000e+00
 126.498950      2.673    12.3078  31.561922    26.6831      2.649  277.24073  277.36874    86.1280    15.7246 0.0000e+00
 126.498953      2.704    12.3086  31.562497    26.6830      2.680  277.23588  277.36395    86.0035    15.6963 0.0000e+00
 126.498955      2.735    12.3096  31.562727    26.6825      2.711  277.23103  277.35916    86.0813    15.6923 0.0000e+00
 126.498958      2.766    12.3105  31.563130    26.6824      2.741  277.22618  277.35436    86.3770    15.6639 0.0000e+00
 126.498961      2.794    12.3112  31.563302    26.6822      2.769  277.22301  277.35124    86.3303    15.6842 -9.990e-29
 126.498964      2.815    12.3114  31.563303    26.6818      2.790  277.22207  277.35031    86.2681    15.6923 -9.990e-29
 126.498967      2.835    12.3117  31.564108    26.6823      2.810  277.21935  277.34760    86.3459    15.7367 -9.990e-29
 126.498970      2.848    12.3119  31.562325    26.6805      2.823  277.22164  277.34992    86.4704    15.6397 -9.990e-29
 126.498973      2.861    12.3124  31.564510    26.6821      2.835  277.21514  277.34344    86.4237    15.7286 -9.990e-29
 126.498976      2.877    12.3128  31.562728    26.6802      2.852  277.21679  277.34513    86.4393    15.7367 -9.990e-29
 126.498979      2.899    12.3133  31.564683    26.6817      2.873  277.21103  277.33938    86.5171    15.6761 -9.990e-29
 126.498981      2.924    12.3128  31.563705    26.6811      2.898  277.21473  277.34306    85.4587    15.6478 -9.990e-29
 126.498984      2.948    12.3125  31.563475    26.6821      2.922  277.21675  277.34507    85.5366    15.6680 -9.990e-29
 126.498987      2.977    12.3119  31.564108    26.6826      2.951  277.21849  277.34676    85.5988    15.6801 0.0000e+00
 126.498990      3.005    12.3112  31.564683    26.6826      2.978  277.22033  277.34855    85.7078    15.7003 0.0000e+00
 126.498993      3.034    12.3107  31.565086    26.6831      3.007  277.22185  277.35003    84.6805    15.7529 -9.990e-29
 126.498996      3.054    12.3101  31.565489    26.6846      3.027  277.22400  277.35214    85.0852    15.7044 -9.990e-29
 126.498999      3.080    12.3094  31.565086    26.6847      3.052  277.22793  277.35602    84.7739    15.7974 -9.990e-29
 126.499002      3.105    12.3086  31.565086    26.6853      3.077  277.23145  277.35949    84.7584    15.7084 -9.990e-29
 126.499005      3.131    12.3076  31.565489    26.6864      3.103  277.23520  277.36317    84.9451    15.7893 -9.990e-29
 126.499008      3.151    12.3062  31.565662    26.6875      3.122  277.24127  277.36914    88.5560    15.5750 -9.990e-29
 126.499010      3.171    12.3046  31.565489    26.6885      3.142  277.24892  277.37669    88.6027    15.6033 -9.990e-29
 126.499013      3.192    12.3027  31.565087    26.6895      3.164  277.25826  277.38591    88.4782    15.6680 -9.990e-29
 126.499016      3.209    12.3011  31.565087    26.6914      3.180  277.26560  277.39314    88.4782    15.6114 -9.990e-29
 126.499019      3.236    12.2992  31.564513    26.6915      3.207  277.27526  277.40267    90.4860    15.7286 0.0000e+00
 126.499022      3.264    12.2978  31.563708    26.6916      3.235  277.28311  277.41044    90.6105    15.7327 0.0000e+00
 126.499025      3.289    12.2962  31.563708    26.6927      3.260  277.29013  277.41736    90.5794    15.7286 0.0000e+00
 126.499028      3.317    12.2950  31.563306    26.6930      3.287  277.29661  277.42376    90.6105    15.7610 0.0000e+00
 126.499031      3.343    12.2929  31.561753    26.6933      3.313  277.30868  277.43571    90.2681    15.4415 -9.990e-29
 126.499034      3.368    12.2909  31.562789    26.6957      3.338  277.31606  277.44293    90.3148    15.4456 -9.990e-29
 126.499036      3.392    12.2892  31.562904    26.6970      3.361  277.32351  277.45027    90.4237    15.4213 -9.990e-29
 126.499039      3.419    12.2880  31.563307    26.6982      3.389  277.32821  277.45489    90.3615    15.4658 -9.990e-29
 126.499042      3.443    12.2869  31.563479    26.6991      3.412  277.33269  277.45929    89.3031    15.4658 -9.990e-29
 126.499045      3.463    12.2860  31.563307    26.6996      3.432  277.33715  277.46370    89.5521    15.4456 -9.990e-29
 126.499048      3.479    12.2854  31.564515    26.7011      3.448  277.33784  277.46433    89.5677    15.5467 -9.990e-29
 126.499051      3.497    12.2849  31.564515    26.7015      3.466  277.34008  277.46654    89.6766    15.5022 -9.990e-29
 126.499054      3.514    12.2843  31.563480    26.7010      3.482  277.34483  277.47126    89.7389    15.4699 -9.990e-29
 126.499057      3.530    12.2837  31.564860    26.7026      3.499  277.34489  277.47126    90.5638    15.7408 -9.990e-29
