Processed/SBE19plus_01907321_2022_05_08_Cast77_wfilter.cnv
* Sea-Bird SBE19plus  Data File:
* FileName = E:\Prandtl Daten\2022\CTD\Raw\SBE19plus_01907321_2022_05_08_Cast77.hex
* Software version 2.6.1.12
* Temperature SN = 7321
* Conductivity SN = 7321
* System UpLoad Time = May 08 2022 08:17:11
* <ApplicationData>
* <Seaterm232>
** Messpraktikum 2022
** CTD 08.05 BW2
** NMEA Latitude = 54 07.79 N
** NMEA Longitude = 008 44.93 E
# nquan = 11
# nvalues = 557                         
# units = specified
# name 0 = timeJ: Julian Days
# name 1 = prdM: Pressure, Strain Gauge [db]
# name 2 = tv290C: Temperature [ITS-90, deg C]
# name 3 = c0mS/cm: Conductivity [mS/cm]
# name 4 = sal00: Salinity, Practical [PSU]
# name 5 = depSM: Depth [salt water, m], lat = 54.00
# name 6 = oxsatMm/Kg: Oxygen Saturation, Weiss [umol/kg]
# name 7 = oxsolMm/Kg: Oxygen Saturation, Garcia & Gordon [umol/kg]
# name 8 = turbWETntu0: Turbidity, WET Labs ECO [NTU]
# name 9 = flECO-AFL: Fluorescence, WET Labs ECO-AFL/FL [mg/m^3]
# name 10 = flag:  0.000e+00
# span 0 = 128.340084, 128.341693       
# span 1 =      0.663,     15.392       
# span 2 =    12.9222,    13.0068       
# span 3 =  32.386170,  32.468641       
# span 4 =    27.0068,    27.0253       
# span 5 =      0.657,     15.254       
# span 6 =  272.52828,  273.03599       
# span 7 =  272.69328,  273.19629       
# span 8 =    24.0580,   165.5210       
# span 9 =     6.9863,    20.1200       
# span 10 = 0.0000e+00, 0.0000e+00      
# interval = seconds: 0.25
# start_time = May 08 2022 08:08:26 [Instrument's time stamp, header]
# bad_flag = -9.990e-29
*END*
[from data line 525]
 128.341603     14.573    13.0061  32.466200    27.0206     14.443  272.53262  272.69758   130.8128    17.3744 0.0000e+00
 128.341606     14.608    13.0059  32.465619    27.0210     14.477  272.53460  272.69955   130.8595    17.3542 -9.990e-29
 128.341609     14.632    13.0056  32.465793    27.0210     14.501  272.53557  272.70050   130.8440    17.3744 -9.990e-29
 128.341612     14.654    13.0054  32.465502    27.0209     14.522  272.53704  272.70196   130.8751    17.4148 -9.990e-29
 128.341615     14.670    13.0050  32.464572    27.0203     14.539  272.54025  272.70516   130.3770    19.5054 -9.990e-29
 128.341617     14.687    13.0049  32.465386    27.0211     14.555  272.53947  272.70436   130.5015    19.5054 -9.990e-29
 128.341620     14.703    13.0044  32.464572    27.0207     14.572  272.54311  272.70797   130.3303    19.5216 -9.990e-29
 128.341623     14.725    13.0042  32.465735    27.0219     14.593  272.54204  272.70687   130.5171    19.5337 -9.990e-29
 128.341626     14.749    13.0043  32.465619    27.0196     14.617  272.54162  272.70647   133.1786    19.9057 -9.990e-29
 128.341629     14.776    13.0045  32.463526    27.0197     14.644  272.54436  272.70924   133.1941    19.9057 0.0000e+00
 128.341632     14.809    13.0045  32.463759    27.0198     14.676  272.54397  272.70885   133.0541    19.9340 0.0000e+00
 128.341635     14.837    13.0042  32.464573    27.0208     14.704  272.54383  272.70868   133.0852    19.9138 0.0000e+00
 128.341638     14.873    13.0039  32.464573    27.0208     14.740  272.54511  272.70994   127.7778    19.0283 0.0000e+00
 128.341641     14.909    13.0039  32.463527    27.0210     14.776  272.54728  272.71212   127.7000    19.0040 0.0000e+00
 128.341644     14.943    13.0036  32.464399    27.0210     14.810  272.54703  272.71185   127.6689    19.0080 0.0000e+00
 128.341646     14.977    13.0033  32.464399    27.0210     14.842  272.54832  272.71311   127.6377    19.0000 0.0000e+00
 128.341649     15.005    13.0034  32.463527    27.0208     14.871  272.54954  272.71435   127.8401    19.0080 0.0000e+00
 128.341652     15.032    13.0033  32.463585    27.0204     14.898  272.54977  272.71458   131.9334    19.5539 -9.990e-29
 128.341655     15.051    13.0031  32.464167    27.0211     14.916  272.54940  272.71419   131.8556    19.5297 -9.990e-29
 128.341658     15.067    13.0032  32.463760    27.0207     14.932  272.54981  272.71460   131.7778    19.4933 -9.990e-29
 128.341661     15.085    13.0031  32.462713    27.0198     14.949  272.55228  272.71708   131.8089    19.5216 -9.990e-29
 128.341664     15.101    13.0031  32.462307    27.0194     14.966  272.55268  272.71749   132.3692    19.7885 -9.990e-29
 128.341667     15.128    13.0032  32.464167    27.0210     14.993  272.54913  272.71393   132.3537    19.7399 -9.990e-29
 128.341670     15.152    13.0034  32.464574    27.0204     15.016  272.54749  272.71230   132.3848    19.7480 -9.990e-29
 128.341672     15.178    13.0035  32.463760    27.0193     15.041  272.54862  272.71343   132.5405    19.7925 0.0000e+00
 128.341675     15.207    13.0031  32.461086    27.0187     15.070  272.55489  272.71971   138.9062    20.0189 0.0000e+00
 128.341678     15.238    13.0027  32.461319    27.0182     15.102  272.55639  272.72118   138.9373    20.0473 0.0000e+00
 128.341681     15.269    13.0018  32.457947    27.0170     15.132  272.56609  272.73085   138.9062    20.0351 0.0000e+00
 128.341684     15.307    13.0011  32.458238    27.0170     15.170  272.56876  272.73347   139.0152    20.0392 0.0000e+00
 128.341687     15.337    13.0003  32.457831    27.0171     15.199  272.57295  272.73762   165.3809    19.2507 0.0000e+00
 128.341690     15.372    12.9995  32.457250    27.0172     15.234  272.57746  272.74208   165.5210    19.2507 -9.990e-29
 128.341693     15.392    12.9993  32.458064    27.0181     15.254  272.57699  272.74159   165.5210    19.2871 -9.990e-29
