Processed/SBE19plus_01907321_2022_05_10_Cast111_wfilter.cnv
* Sea-Bird SBE19plus  Data File:
* FileName = E:\Prandtl_Daten\2022\CTD\Raw\SBE19plus_01907321_2022_05_10_Cast111.hex
* Software version 2.6.1.12
* Temperature SN = 7321
* Conductivity SN = 7321
* System UpLoad Time = May 10 2022 10:34:34
* <ApplicationData>
* <Seaterm232>
** Messpraktikum 2022
** CTD 09.05  MP2
** NMEA Latitude = 54 04 16N
** NMEA Longitude = 008 42 09E
# nquan = 11
# nvalues = 411                         
# units = specified
# name 0 = timeJ: Julian Days
# name 1 = prdM: Pressure, Strain Gauge [db]
# name 2 = tv290C: Temperature [ITS-90, deg C]
# name 3 = c0mS/cm: Conductivity [mS/cm]
# name 4 = sal00: Salinity, Practical [PSU]
# name 5 = depSM: Depth [salt water, m], lat = 54.00
# name 6 = oxsatMm/Kg: Oxygen Saturation, Weiss [umol/kg]
# name 7 = oxsolMm/Kg: Oxygen Saturation, Garcia & Gordon [umol/kg]
# name 8 = turbWETntu0: Turbidity, WET Labs ECO [NTU]
# name 9 = flECO-AFL: Fluorescence, WET Labs ECO-AFL/FL [mg/m^3]
# name 10 = flag:  0.000e+00
# span 0 = 130.436424, 130.437610       
# span 1 =      0.440,     10.500       
# span 2 =    14.1214,    14.3092       
# span 3 =  33.238279,  33.427273       
# span 4 =    26.9349,    26.9852       
# span 5 =      0.436,     10.406       
# span 6 =  265.34067,  266.43529       
# span 7 =  265.57645,  266.66169       
# span 8 =    20.7584,   121.5677       
# span 9 =     9.6147,    22.8616       
# span 10 = 0.0000e+00, 0.0000e+00      
# interval = seconds: 0.25
# start_time = May 10 2022 10:26:58 [Instrument's time stamp, header]
# bad_flag = -9.990e-29
*END*
 130.436424      0.440    14.2235  33.322657    26.9461      0.436  265.86412  266.09574    22.3926    10.5002 -9.990e-29
 130.436427      0.464    14.2252  33.322833    26.9439      0.460  265.85663  266.08835    22.1903    11.0016 -9.990e-29
 130.436429      0.497    14.2266  33.322539    26.9436      0.492  265.85148  266.08328    22.2058    10.9491 0.0000e+00
 130.436432      0.531    14.2269  33.322187    26.9439      0.527  265.85051  266.08234    22.2214    11.0340 0.0000e+00
 130.436435      0.557    14.2274  33.325770    26.9462      0.552  265.84275  266.07458    22.1591    10.9369 0.0000e+00
 130.436438      0.591    14.2286  33.327884    26.9472      0.586  265.83428  266.06615    22.1903    10.9935 0.0000e+00
 130.436441      0.623    14.2301  33.332583    26.9488      0.617  265.82029  266.05222    22.4082    10.9652 0.0000e+00
 130.436444      0.655    14.2327  33.337165    26.9504      0.649  265.80211  266.03415    22.3303    10.9733 -9.990e-29
 130.436447      0.679    14.2356  33.337987    26.9514      0.673  265.78853  266.02073    22.2525    10.9774 -9.990e-29
 130.436450      0.701    14.2378  33.342628    26.9540      0.695  265.77182  266.00411    22.6416    10.3870 -9.990e-29
 130.436453      0.723    14.2401  33.344684    26.9542      0.717  265.75873  265.99114    22.7506    10.3749 -9.990e-29
 130.436455      0.736    14.2420  33.347211    26.9551      0.729  265.74642  265.97893    22.6261    10.4315 -9.990e-29
 130.436458      0.752    14.2440  33.349561    26.9558      0.746  265.73442  265.96701    22.7506    10.4477 -9.990e-29
 130.436461      0.771    14.2461  33.351206    26.9552      0.764  265.72294  265.95564    22.6883    10.4113 -9.990e-29
 130.436464      0.798    14.2477  33.351676    26.9543      0.791  265.71559  265.94839    21.2097     9.7158 0.0000e+00
 130.436467      0.829    14.2486  33.350559    26.9535      0.822  265.71337  265.94623    21.2720     9.7441 0.0000e+00
 130.436470      0.860    14.2492  33.348503    26.9513      0.852  265.71457  265.94747    21.1941     9.7805 0.0000e+00
 130.436473      0.889    14.2486  33.347680    26.9511      0.881  265.71813  265.95101    21.3342     9.7602 0.0000e+00
 130.436476      0.920    14.2483  33.348973    26.9509      0.912  265.71728  265.95014    21.1319     9.8492 -9.990e-29
 130.436479      0.944    14.2487  33.353967    26.9564      0.936  265.70752  265.94036    21.3498     9.8209 -9.990e-29
 130.436481      0.966    14.2504  33.356788    26.9577      0.957  265.69569  265.92860    21.1786     9.8492 -9.990e-29
 130.436484      0.988    14.2525  33.355025    26.9547      0.979  265.68981  265.92286    21.1786     9.8209 -9.990e-29
 130.436487      1.008    14.2530  33.353615    26.9531      0.999  265.69026  265.92334    21.1163     9.8411 -9.990e-29
 130.436490      1.023    14.2528  33.355436    26.9549      1.013  265.68822  265.92128    21.0852     9.8209 -9.990e-29
 130.436493      1.044    14.2531  33.356788    26.9559      1.035  265.68476  265.91782    20.9607     9.8088 -9.990e-29
 130.436496      1.059    14.2542  33.357551    26.9558      1.050  265.67880  265.91193    21.0074     9.8290 -9.990e-29
 130.436499      1.074    14.2549  33.355436    26.9534      1.064  265.67946  265.91264    20.8206     9.6268 -9.990e-29
 130.436502      1.097    14.2549  33.356376    26.9543      1.088  265.67793  265.91110    20.7584     9.6187 -9.990e-29
 130.436505      1.123    14.2549  33.349737    26.9483      1.113  265.68854  265.92176    20.7895     9.6227 -9.990e-29
 130.436508      1.141    14.2531  33.350207    26.9499      1.131  265.69531  265.92843    20.7895     9.6268 -9.990e-29
 130.436510      1.165    14.2515  33.347035    26.9485      1.155  265.70743  265.94048    20.8206     9.6147 -9.990e-29
 130.436513      1.198    14.2500  33.346154    26.9495      1.187  265.71518  265.94815    21.1008     9.7521 0.0000e+00
 130.436516      1.231    14.2491  33.347681    26.9485      1.220  265.71645  265.94936    20.9762     9.7279 0.0000e+00
 130.436519      1.263    14.2489  33.344920    26.9481      1.252  265.72195  265.95486    21.1163     9.7279 0.0000e+00
 130.436522      1.293    14.2480  33.343393    26.9477      1.281  265.72793  265.96081    20.8984     9.7441 0.0000e+00
 130.436525      1.320    14.2466  33.341983    26.9473      1.308  265.73622  265.96903    20.9296     9.7360 -9.990e-29
 130.436528      1.338    14.2456  33.342160    26.9479      1.326  265.74034  265.97308    21.0852     9.7481 -9.990e-29
 130.436531      1.349    14.2449  33.344275    26.9503      1.337  265.73969  265.97238    20.9607     9.7885 -9.990e-29
 130.436534      1.364    14.2450  33.346155    26.9519      1.351  265.73630  265.96898    20.9296     9.7521 -9.990e-29
 130.436536      1.380    14.2460  33.348270    26.9531      1.368  265.72844  265.96117    22.1903    10.0675 -9.990e-29
 130.436539      1.395    14.2472  33.349974    26.9523      1.382  265.72063  265.95341    22.2214    10.0716 -9.990e-29
 130.436542      1.426    14.2484  33.349327    26.9519      1.413  265.71669  265.94955    22.3303    10.0554 0.0000e+00
 130.436545      1.462    14.2490  33.348916    26.9516      1.449  265.71488  265.94777    22.1747    10.0595 0.0000e+00
 130.436548      1.495    14.2493  33.349210    26.9516      1.482  265.71316  265.94607    22.6105    10.0554 0.0000e+00
 130.436551      1.533    14.2499  33.350150    26.9516      1.520  265.70913  265.94206    22.6572    10.0231 0.0000e+00
 130.436554      1.564    14.2505  33.349563    26.9515      1.550  265.70760  265.94058    22.4860     9.9988 0.0000e+00
 130.436557      1.597    14.2507  33.351031    26.9510      1.583  265.70458  265.93755    22.4860     9.9948 -9.990e-29
 130.436560      1.617    14.2508  33.352383    26.9533      1.603  265.70175  265.93472    22.4860    10.0312 -9.990e-29
 130.436563      1.637    14.2512  33.354792    26.9552      1.623  265.69623  265.92921    23.0930    10.2131 -9.990e-29
 130.436565      1.650    14.2519  33.354381    26.9544      1.635  265.69409  265.92711    22.9529    10.2212 -9.990e-29
 130.436568      1.659    14.2529  33.355379    26.9545      1.645  265.68806  265.92113    23.1552    10.2212 -9.990e-29
 130.436571      1.668    14.2536  33.357318    26.9558      1.654  265.68206  265.91515    23.0307    10.2374 -9.990e-29
 130.436574      1.678    14.2546  33.358611    26.9563      1.663  265.67587  265.90900    23.2953    10.1767 -9.990e-29
 130.436577      1.698    14.2557  33.360726    26.9578      1.682  265.66770  265.90089    23.1864    10.2010 -9.990e-29
 130.436580      1.725    14.2569  33.362195    26.9580      1.710  265.66028  265.89353    23.1397    10.2010 0.0000e+00
 130.436583      1.767    14.2584  33.363841    26.9582      1.751  265.65133  265.88465    23.2019    10.2293 0.0000e+00
 130.436586      1.809    14.2597  33.365016    26.9583      1.793  265.64378  265.87717    22.9996    10.0716 0.0000e+00
 130.436589      1.849    14.2610  33.366603    26.9589      1.833  265.63587  265.86932    23.2953    10.0716 0.0000e+00
 130.436591      1.886    14.2622  33.368072    26.9593      1.869  265.62846  265.86197    23.2331    10.0878 0.0000e+00
 130.436594      1.920    14.2634  33.371657    26.9617      1.903  265.61757  265.85113    23.3264    10.0675 0.0000e+00
 130.436597      1.953    14.2653  33.376711    26.9633      1.936  265.60146  265.83508    23.5443    10.0473 0.0000e+00
 130.436600      1.981    14.2681  33.380884    26.9649      1.963  265.58302  265.81677    23.3887    10.4840 -9.990e-29
 130.436603      2.002    14.2715  33.388290    26.9709      1.985  265.55645  265.79035    23.4976    10.5204 -9.990e-29
 130.436606      2.023    14.2757  33.395108    26.9741      2.005  265.52803  265.76211    23.2798    10.4436 -9.990e-29
 130.436609      2.045    14.2808  33.397753    26.9729      2.026  265.50238  265.73673    23.5910    10.4557 -9.990e-29
 130.436612      2.064    14.2849  33.398693    26.9708      2.046  265.48360  265.71818    23.6066    10.3142 -9.990e-29
 130.436615      2.086    14.2871  33.398164    26.9678      2.068  265.47539  265.71010    23.5755    10.3061 -9.990e-29
 130.436617      2.112    14.2885  33.398105    26.9665      2.093  265.46954  265.70434    23.7000    10.2899 0.0000e+00
 130.436620      2.143    14.2889  33.395636    26.9653      2.124  265.47204  265.70687    23.7155    10.2940 0.0000e+00
 130.436623      2.180    14.2882  33.392462    26.9629      2.160  265.48009  265.71491    23.1085    10.0878 0.0000e+00
 130.436626      2.212    14.2867  33.390111    26.9619      2.193  265.49023  265.72498    23.3264    10.0473 0.0000e+00
 130.436629      2.244    14.2848  33.387642    26.9614      2.223  265.50214  265.73680    23.2642    10.0554 0.0000e+00
 130.436632      2.274    14.2829  33.383234    26.9610      2.254  265.51754  265.75213    23.1241    10.1161 -9.990e-29
 130.436635      2.295    14.2808  33.379003    26.9560      2.274  265.53328  265.76777    22.0657     9.9301 -9.990e-29
 130.436638      2.320    14.2778  33.379650    26.9587      2.299  265.54478  265.77910    21.9257     9.9422 -9.990e-29
 130.436641      2.338    14.2757  33.379826    26.9603      2.317  265.55329  265.78748    21.9568     9.9462 -9.990e-29
 130.436644      2.356    14.2748  33.377240    26.9586      2.335  265.56130  265.79547    21.9724     9.9139 -9.990e-29
 130.436646      2.378    14.2733  33.368719    26.9520      2.357  265.58126  265.81540    22.0969     9.9705 -9.990e-29
 130.436649      2.395    14.2700  33.360727    26.9472      2.374  265.60850  265.84251    21.0074     9.7279 -9.990e-29
 130.436652      2.415    14.2655  33.360434    26.9453      2.393  265.62751  265.86126    21.0229     9.7683 -9.990e-29
 130.436655      2.441    14.2616  33.352091    26.9422      2.419  265.65753  265.89113    20.9296     9.7441 0.0000e+00
 130.436658      2.472    14.2570  33.341574    26.9391      2.450  265.69427  265.92768    20.9607     9.7238 0.0000e+00
 130.436661      2.505    14.2505  33.335466    26.9391      2.482  265.73132  265.96440    21.1008    10.0150 0.0000e+00
 130.436664      2.534    14.2449  33.336171    26.9427      2.511  265.75372  265.98647    21.1008    10.0554 0.0000e+00
 130.436667      2.565    14.2411  33.334409    26.9437      2.542  265.77264  266.00518    20.9140     9.9867 0.0000e+00
 130.436670      2.594    14.2388  33.335878    26.9451      2.571  265.77965  266.01206    20.9140     9.9867 0.0000e+00
 130.436672      2.625    14.2382  33.337758    26.9466      2.601  265.77909  266.01145    22.1591    10.2091 -9.990e-29
 130.436675      2.648    14.2388  33.334821    26.9456      2.625  265.78142  266.01384    22.2214    10.1808 -9.990e-29
 130.436678      2.676    14.2381  33.335585    26.9468      2.652  265.78332  266.01569    22.2214    10.2131 -9.990e-29
 130.436681      2.696    14.2375  33.338405    26.9497      2.672  265.78090  266.01321    22.1903    10.2131 -9.990e-29
 130.436684      2.718    14.2381  33.340755    26.9515      2.693  265.77485  266.00718    23.4821    10.6984 -9.990e-29
 130.436687      2.738    14.2391  33.342811    26.9526      2.713  265.76709  265.99946    23.6222    10.6903 -9.990e-29
 130.436690      2.763    14.2408  33.343163    26.9517      2.739  265.75962  265.99209    23.4198    10.6417 -9.990e-29
 130.436693      2.787    14.2421  33.344515    26.9520      2.762  265.75177  265.98430    23.5910    10.6134 -9.990e-29
 130.436696      2.809    14.2435  33.349332    26.9575      2.784  265.73791  265.97048    23.5288    10.6458 -9.990e-29
 130.436698      2.836    14.2455  33.353386    26.9601      2.811  265.72310  265.95576    26.0191    11.2200 0.0000e+00
 130.436701      2.865    14.2484  33.361554    26.9628      2.840  265.69747  265.93024    26.0657    11.2038 0.0000e+00
 130.436704      2.894    14.2525  33.367841    26.9656      2.869  265.67022  265.90317    25.9568    11.1351 0.0000e+00
 130.436707      2.920    14.2567  33.373306    26.9671      2.894  265.64338  265.87654    25.9879    11.2159 0.0000e+00
 130.436710      2.946    14.2613  33.376421    26.9671      2.919  265.61915  265.85255    24.4626    10.8520 0.0000e+00
 130.436713      2.975    14.2651  33.376891    26.9660      2.948  265.60271  265.83632    24.6338    10.8803 0.0000e+00
 130.436716      3.002    14.2673  33.375421    26.9649      2.975  265.59573  265.82948    24.3848    10.8439 -9.990e-29
 130.436719      3.026    14.2682  33.374657    26.9607      2.999  265.59323  265.82704    24.4471    10.8156 -9.990e-29
 130.436722      3.046    14.2681  33.373129    26.9594      3.019  265.59638  265.83019    24.7584    10.8197 -9.990e-29
 130.436725      3.066    14.2676  33.373423    26.9600      3.039  265.59811  265.83189    24.5871    10.8075 -9.990e-29
 130.436727      3.088    14.2671  33.373776    26.9606      3.060  265.59942  265.83317    24.7584    10.8116 -9.990e-29
 130.436730      3.108    14.2669  33.376068    26.9620      3.080  265.59661  265.83033    24.6183    10.8116 -9.990e-29
 130.436733      3.134    14.2675  33.375657    26.9616      3.106  265.59480  265.82855    25.6922    11.3170 0.0000e+00
 130.436736      3.161    14.2682  33.375422    26.9620      3.133  265.59237  265.82617    25.5677    11.3332 0.0000e+00
 130.436739      3.188    14.2684  33.380711    26.9659      3.160  265.58277  265.81654    25.7856    11.2402 0.0000e+00
 130.436742      3.217    14.2700  33.386295    26.9697      3.189  265.56672  265.80055    25.8478    11.3211 0.0000e+00
 130.436745      3.248    14.2730  33.389528    26.9701      3.219  265.54921  265.78318    25.6611    11.2685 0.0000e+00
 130.436748      3.279    14.2762  33.391467    26.9706      3.250  265.53256  265.76670    25.7856    10.8116 0.0000e+00
 130.436751      3.305    14.2788  33.399697    26.9756      3.275  265.50810  265.74233    25.7389    10.7752 0.0000e+00
 130.436753      3.334    14.2832  33.405341    26.9766      3.304  265.48067  265.71511    25.6766    10.7671 0.0000e+00
 130.436756      3.362    14.2879  33.403341    26.9776      3.332  265.46453  265.69925    25.6611    10.7914 -9.990e-29
 130.436759      3.383    14.2898  33.397580    26.9660      3.353  265.46583  265.70070    25.5054    10.6903 -9.990e-29
 130.436762      3.402    14.2890  33.392701    26.9622      3.371  265.47729  265.71215    25.4276    10.6094 -9.990e-29
 130.436765      3.418    14.2861  33.393759    26.9651      3.388  265.48748  265.72217    25.5521    10.6620 -9.990e-29
 130.436768      3.436    14.2842  33.395700    26.9685      3.406  265.49247  265.72703    25.4276    10.7064 -9.990e-29
 130.436771      3.462    14.2842  33.396052    26.9690      3.431  265.49190  265.72647    27.0152    11.5030 0.0000e+00
 130.436774      3.488    14.2847  33.397581    26.9695      3.456  265.48722  265.72180    27.1708    11.4788 0.0000e+00
 130.436777      3.519    14.2854  33.399345    26.9706      3.487  265.48152  265.71613    27.0930    11.4909 0.0000e+00
 130.436780      3.550    14.2864  33.400520    26.9706      3.518  265.47522  265.70988    27.2642    11.4950 0.0000e+00
 130.436782      3.577    14.2875  33.399697    26.9698      3.545  265.47220  265.70692    27.7622    10.9935 0.0000e+00
 130.436785      3.614    14.2878  33.400285    26.9695      3.581  265.47000  265.70474    27.7467    10.9855 0.0000e+00
 130.436788      3.645    14.2882  33.400344    26.9698      3.612  265.46836  265.70311    27.6844    10.9814 0.0000e+00
 130.436791      3.676    14.2885  33.403460    26.9721      3.643  265.46201  265.69677    27.6222    11.0178 0.0000e+00
 130.436794      3.703    14.2897  33.405929    26.9728      3.670  265.45296  265.68777    27.9490    10.9127 0.0000e+00
 130.436797      3.730    14.2910  33.408516    26.9735      3.697  265.44309  265.67796    25.4120    10.9935 -9.990e-29
 130.436800      3.752    14.2929  33.409339    26.9742      3.719  265.43392  265.66888    25.3809    10.9652 -9.990e-29
