Processed/SBE19plus_01907321_2022_05_05_Cast32_wfilter.cnv
* Sea-Bird SBE19plus  Data File:
* FileName = E:\Prandtl Daten\2022\CTD\Raw\SBE19plus_01907321_2022_05_05_Cast32.hex
* Software version 2.6.1.12
* Temperature SN = 7321
* Conductivity SN = 7321
* System UpLoad Time = May 05 2022 11:38:24
* <ApplicationData>
* <Seaterm232>
** Messpraktikum 2022
** CTD 05.05 Schnitt5_2
# nquan = 11
# nvalues = 289                         
# units = specified
# name 0 = timeJ: Julian Days
# name 1 = prdM: Pressure, Strain Gauge [db]
# name 2 = tv290C: Temperature [ITS-90, deg C]
# name 3 = c0mS/cm: Conductivity [mS/cm]
# name 4 = sal00: Salinity, Practical [PSU]
# name 5 = depSM: Depth [salt water, m], lat = 54.00
# name 6 = oxsatMm/Kg: Oxygen Saturation, Weiss [umol/kg]
# name 7 = oxsolMm/Kg: Oxygen Saturation, Garcia & Gordon [umol/kg]
# name 8 = turbWETntu0: Turbidity, WET Labs ECO [NTU]
# name 9 = flECO-AFL: Fluorescence, WET Labs ECO-AFL/FL [mg/m^3]
# name 10 = flag:  0.000e+00
# span 0 = 125.480495, 125.481328       
# span 1 =      0.615,      7.865       
# span 2 =    11.8858,    11.9196       
# span 3 =  32.809734,  32.858820       
# span 4 =    28.1631,    28.1943       
# span 5 =      0.610,      7.795       
# span 6 =  276.60832,  276.83794       
# span 7 =  276.69551,  276.92349       
# span 8 =     6.7039,    42.3615       
# span 9 =     2.5828,     5.6357       
# span 10 = 0.0000e+00, 0.0000e+00      
# interval = seconds: 0.25
# start_time = May 05 2022 11:30:28 [Instrument's time stamp, header]
# bad_flag = -9.990e-29
*END*
 125.480495      0.615    11.9075  32.851227    28.1916      0.610  276.67529  276.76170     6.7973     2.5828 0.0000e+00
 125.480498      0.646    11.9086  32.855958    28.1916      0.640  276.66195  276.74838     7.2331     2.8699 -9.990e-29
 125.480501      0.663    11.9107  32.856484    28.1943      0.657  276.65172  276.73829     7.3420     2.8254 -9.990e-29
 125.480503      0.672    11.9125  32.855783    28.1922      0.666  276.64499  276.73170     7.2953     2.8577 -9.990e-29
 125.480506      0.665    11.9141  32.855549    28.1908      0.659  276.63831  276.72514     7.3264     2.8173 -9.990e-29
 125.480509      0.661    11.9148  32.856892    28.1913      0.655  276.63243  276.71930     7.2642     2.8577 -9.990e-29
 125.480512      0.687    11.9152  32.857009    28.1913      0.681  276.63068  276.71758     7.9646     3.0437 0.0000e+00
 125.480515      0.727    11.9156  32.857418    28.1913      0.721  276.62810  276.71502     8.0735     3.0599 -9.990e-29
 125.480518      0.734    11.9164  32.857652    28.1910      0.728  276.62397  276.71095     7.9957     3.0518 -9.990e-29
 125.480521      0.722    11.9171  32.857593    28.1904      0.715  276.62129  276.70831     8.0580     3.0114 -9.990e-29
 125.480524      0.723    11.9177  32.857184    28.1896      0.717  276.61926  276.70634     7.2175     2.8173 -9.990e-29
 125.480527      0.743    11.9181  32.856074    28.1882      0.737  276.61947  276.70658     7.2953     2.7688 -9.990e-29
 125.480530      0.765    11.9184  32.856366    28.1883      0.758  276.61771  276.70484     7.4198     2.7526 -9.990e-29
 125.480532      0.758    11.9184  32.856775    28.1887      0.751  276.61695  276.70408     7.2331     2.7769 -9.990e-29
 125.480535      0.736    11.9185  32.856775    28.1886      0.730  276.61632  276.70346     6.7973     2.9143 -9.990e-29
 125.480538      0.732    11.9189  32.858820    28.1890      0.726  276.61069  276.69784     6.7506     2.8699 -9.990e-29
 125.480541      0.778    11.9195  32.858060    28.1893      0.771  276.60965  276.69684     6.8284     2.8860 0.0000e+00
 125.480544      0.855    11.9196  32.858645    28.1893      0.847  276.60832  276.69551     6.7506     2.9103 0.0000e+00
 125.480547      0.907    11.9196  32.857827    28.1895      0.899  276.60955  276.69676     7.5288     3.0033 -9.990e-29
 125.480550      0.922    11.9195  32.855374    28.1864      0.914  276.61471  276.70193     7.4510     2.9750 -9.990e-29
 125.480553      0.905    11.9182  32.854498    28.1865      0.897  276.62187  276.70902     7.5288     2.9305 -9.990e-29
 125.480556      0.865    11.9166  32.852512    28.1859      0.858  276.63261  276.71967     7.5443     2.9427 -9.990e-29
 125.480558      0.849    11.9148  32.852687    28.1874      0.841  276.64031  276.72723     7.5288     2.9750 -9.990e-29
 125.480561      0.873    11.9139  32.852045    28.1885      0.865  276.64584  276.73270     8.3848     3.0074 -9.990e-29
 125.480564      0.938    11.9132  32.852513    28.1892      0.930  276.64812  276.73492     8.3226     3.0357 0.0000e+00
 125.480567      1.033    11.9128  32.853681    28.1896      1.024  276.64757  276.73434     8.1358     3.0437 0.0000e+00
 125.480570      1.137    11.9128  32.853506    28.1897      1.127  276.64797  276.73473     8.2759     3.0276 0.0000e+00
 125.480573      1.207    11.9128  32.852689    28.1896      1.196  276.64953  276.73630     6.8284     2.8860 -9.990e-29
 125.480576      1.232    11.9128  32.852747    28.1889      1.221  276.64944  276.73621     6.7817     2.9143 -9.990e-29
 125.480579      1.243    11.9130  32.854499    28.1904      1.232  276.64559  276.73236     6.7039     2.9265 -9.990e-29
 125.480582      1.254    11.9134  32.855142    28.1907      1.243  276.64256  276.72935     6.7973     2.9022 -9.990e-29
 125.480584      1.247    11.9141  32.854733    28.1898      1.236  276.64022  276.72706     7.7934     2.8213 -9.990e-29
 125.480587      1.250    11.9146  32.855784    28.1904      1.239  276.63581  276.72268     7.7934     2.8537 -9.990e-29
 125.480590      1.263    11.9155  32.856368    28.1902      1.252  276.63073  276.71766     7.6222     2.8375 -9.990e-29
 125.480593      1.280    11.9163  32.857245    28.1905      1.268  276.62572  276.71270     7.7467     2.8820 -9.990e-29
 125.480596      1.300    11.9167  32.856368    28.1893      1.288  276.62550  276.71251     7.8401     3.1246 -9.990e-29
 125.480599      1.320    11.9171  32.857186    28.1898      1.308  276.62215  276.70919     7.7467     3.1165 -9.990e-29
 125.480602      1.348    11.9170  32.856310    28.1891      1.336  276.62440  276.71144     7.8868     3.0923 -9.990e-29
 125.480605      1.365    11.9171  32.856602    28.1892      1.353  276.62326  276.71030     7.9179     3.1004 -9.990e-29
 125.480608      1.389    11.9171  32.857011    28.1888      1.376  276.62283  276.70986     7.6844     3.1125 -9.990e-29
 125.480611      1.427    11.9170  32.856077    28.1882      1.415  276.62489  276.71193     7.9646     3.2338 0.0000e+00
 125.480613      1.469    11.9165  32.854325    28.1875      1.456  276.63032  276.71734     7.9801     3.2257 0.0000e+00
 125.480616      1.513    11.9158  32.853682    28.1875      1.500  276.63462  276.72160     7.9957     3.2338 0.0000e+00
 125.480619      1.557    11.9147  32.853274    28.1876      1.543  276.64035  276.72726     7.9957     3.2014 0.0000e+00
 125.480622      1.586    11.9140  32.853741    28.1878      1.572  276.64260  276.72945     7.3264     3.1408 -9.990e-29
 125.480625      1.603    11.9132  32.853099    28.1887      1.588  276.64719  276.73400     7.2486     3.1570 -9.990e-29
 125.480628      1.592    11.9129  32.852865    28.1888      1.578  276.64916  276.73594     7.3264     3.1327 -9.990e-29
 125.480631      1.568    11.9125  32.852339    28.1886      1.554  276.65166  276.73842     7.2331     3.1287 -9.990e-29
 125.480634      1.550    11.9123  32.853274    28.1896      1.536  276.65085  276.73759     8.5093     3.2742 -9.990e-29
 125.480637      1.555    11.9119  32.851638    28.1885      1.541  276.65573  276.74245     8.4471     3.2945 -9.990e-29
 125.480639      1.599    11.9111  32.851171    28.1880      1.585  276.66033  276.74699     8.5871     3.2742 0.0000e+00
 125.480642      1.654    11.9103  32.849361    28.1874      1.639  276.66711  276.75374     8.4471     3.2904 0.0000e+00
 125.480645      1.730    11.9091  32.848310    28.1873      1.715  276.67435  276.76091     9.8945     3.4441 0.0000e+00
 125.480648      1.813    11.9080  32.845682    28.1857      1.796  276.68420  276.77071     9.7545     3.4198 0.0000e+00
 125.480651      1.889    11.9068  32.844807    28.1856      1.872  276.69144  276.77787     9.7545     3.4158 0.0000e+00
 125.480654      1.957    11.9057  32.843580    28.1853      1.939  276.69869  276.78505     9.7545     3.4683 0.0000e+00
 125.480657      2.011    11.9041  32.841478    28.1849      1.993  276.70941  276.79569     9.7233     3.3996 0.0000e+00
 125.480660      2.044    11.9027  32.840719    28.1844      2.026  276.71702  276.80320     9.7545     3.2783 -9.990e-29
 125.480663      2.059    11.9012  32.839668    28.1849      2.040  276.72577  276.81185     9.7700     3.2823 -9.990e-29
 125.480666      2.053    11.9002  32.839201    28.1852      2.034  276.73095  276.81697     9.9257     3.3025 -9.990e-29
 125.480668      2.034    11.8995  32.838792    28.1854      2.016  276.73478  276.82076     9.6455     3.2783 -9.990e-29
 125.480671      2.007    11.8989  32.838792    28.1858      1.989  276.73755  276.82347     9.3498     3.2217 -9.990e-29
 125.480674      1.985    11.8983  32.837566    28.1852      1.967  276.74258  276.82847     9.4120     3.2176 -9.990e-29
 125.480677      1.967    11.8977  32.837566    28.1856      1.949  276.74534  276.83120     9.2875     3.2298 -9.990e-29
 125.480680      1.954    11.8970  32.835931    28.1846      1.937  276.75144  276.83726     9.2875     3.2055 -9.990e-29
 125.480683      1.958    11.8966  32.837566    28.1865      1.940  276.75028  276.83605    10.6883     3.3470 -9.990e-29
 125.480686      1.978    11.8965  32.837800    28.1867      1.960  276.75017  276.83594    10.7973     3.3632 -9.990e-29
 125.480689      2.007    11.8963  32.836807    28.1871      1.989  276.75296  276.83872    10.8284     3.3106 -9.990e-29
 125.480692      2.057    11.8962  32.837975    28.1865      2.038  276.75114  276.83688    10.7194     3.3632 0.0000e+00
 125.480694      2.119    11.8961  32.836574    28.1861      2.100  276.75408  276.83984    10.8751     3.6058 0.0000e+00
 125.480697      2.188    11.8959  32.836808    28.1861      2.169  276.75463  276.84036    10.8284     3.6179 0.0000e+00
 125.480700      2.254    11.8953  32.836574    28.1864      2.234  276.75789  276.84358    10.8284     3.5937 0.0000e+00
 125.480703      2.320    11.8948  32.836341    28.1864      2.299  276.76053  276.84619    10.8284     3.5977 0.0000e+00
 125.480706      2.378    11.8945  32.835057    28.1864      2.357  276.76449  276.85014    10.9218     3.6099 0.0000e+00
 125.480709      2.420    11.8941  32.835699    28.1859      2.398  276.76487  276.85049     9.3965     3.4077 0.0000e+00
 125.480712      2.450    11.8937  32.836342    28.1864      2.428  276.76556  276.85114     9.4899     3.3955 -9.990e-29
 125.480715      2.475    11.8936  32.834823    28.1859      2.453  276.76869  276.85429     9.5210     3.4077 -9.990e-29
 125.480718      2.490    11.8934  32.835291    28.1865      2.468  276.76908  276.85465     9.5210     3.4158 -9.990e-29
 125.480720      2.501    11.8932  32.835291    28.1866      2.478  276.76970  276.85526    10.6883     3.5330 -9.990e-29
 125.480723      2.510    11.8932  32.836108    28.1874      2.487  276.76820  276.85375    10.8128     3.5249 -9.990e-29
 125.480726      2.517    11.8931  32.835057    28.1865      2.495  276.77046  276.85601    10.7506     3.5815 -9.990e-29
 125.480729      2.527    11.8929  32.835524    28.1871      2.504  276.77084  276.85637    10.6261     3.5411 -9.990e-29
 125.480732      2.539    11.8931  32.834473    28.1859      2.516  276.77155  276.85711    10.7350     3.3996 -9.990e-29
 125.480735      2.554    11.8928  32.835408    28.1870      2.531  276.77138  276.85691    10.8440     3.3915 -9.990e-29
 125.480738      2.578    11.8925  32.834707    28.1875      2.555  276.77393  276.85944    10.7350     3.4077 -9.990e-29
 125.480741      2.605    11.8923  32.835525    28.1870      2.582  276.77336  276.85885    10.7194     3.3955 0.0000e+00
 125.480744      2.632    11.8924  32.834649    28.1866      2.609  276.77469  276.86020    10.2369     3.4077 0.0000e+00
 125.480747      2.663    11.8922  32.833890    28.1863      2.640  276.77673  276.86224    10.3148     3.4602 0.0000e+00
 125.480749      2.694    11.8923  32.835116    28.1860      2.670  276.77418  276.85968    10.2681     3.4683 -9.990e-29
 125.480752      2.714    11.8923  32.834299    28.1863      2.690  276.77570  276.86121    10.2992     3.4845 -9.990e-29
 125.480755      2.734    11.8923  32.832897    28.1872      2.710  276.77831  276.86383    10.1436     3.4805 -9.990e-29
 125.480758      2.763    11.8926  32.835525    28.1872      2.738  276.77224  276.85775    12.8362     3.7878 0.0000e+00
 125.480761      2.794    11.8925  32.835292    28.1871      2.769  276.77331  276.85881    12.8829     3.7797 0.0000e+00
 125.480764      2.831    11.8924  32.834241    28.1871      2.805  276.77558  276.86109    12.8517     3.8039 0.0000e+00
 125.480767      2.867    11.8923  32.835292    28.1866      2.842  276.77398  276.85947    12.7895     3.7635 0.0000e+00
 125.480770      2.904    11.8920  32.834475    28.1866      2.878  276.77675  276.86223    13.3654     3.8484 0.0000e+00
 125.480773      2.933    11.8919  32.833657    28.1859      2.907  276.77890  276.86438    13.5366     3.8525 0.0000e+00
 125.480775      2.960    11.8917  32.832606    28.1851      2.934  276.78178  276.86726    13.3187     3.8646 0.0000e+00
 125.480778      2.995    11.8914  32.831614    28.1851      2.968  276.78488  276.87035    13.3965     3.8606 0.0000e+00
 125.480781      3.033    11.8910  32.833074    28.1851      3.006  276.78406  276.86949    13.9568     3.9617 0.0000e+00
 125.480784      3.068    11.8909  32.832023    28.1851      3.041  276.78665  276.87207    14.0346     3.9819 0.0000e+00
 125.480787      3.106    11.8904  32.830154    28.1849      3.078  276.79198  276.87740    13.8945     3.9859 0.0000e+00
 125.480790      3.146    11.8901  32.831205    28.1842      3.118  276.79161  276.87699    13.8478     3.9697 0.0000e+00
 125.480793      3.175    11.8897  32.828928    28.1849      3.147  276.79738  276.88276    13.8945     3.9859 -9.990e-29
 125.480796      3.188    11.8895  32.830738    28.1848      3.160  276.79498  276.88032    12.8517     3.8403 -9.990e-29
 125.480799      3.199    11.8895  32.830330    28.1845      3.171  276.79605  276.88139    12.7895     3.8767 -9.990e-29
 125.480802      3.207    11.8893  32.831089    28.1853      3.178  276.79527  276.88060    12.7584     3.8444 -9.990e-29
 125.480804      3.220    11.8893  32.830155    28.1845      3.191  276.79731  276.88265    12.7739     3.8525 -9.990e-29
 125.480807      3.227    11.8892  32.830972    28.1853      3.198  276.79612  276.88144    15.1864     4.1274 -9.990e-29
 125.480810      3.239    11.8892  32.829746    28.1841      3.211  276.79839  276.88372    15.2019     4.1194 -9.990e-29
 125.480813      3.263    11.8891  32.829337    28.1839      3.234  276.79947  276.88480    15.0930     4.1315 -9.990e-29
 125.480816      3.290    11.8889  32.829337    28.1836      3.261  276.80042  276.88573    15.2175     4.1194 0.0000e+00
 125.480819      3.317    11.8887  32.828520    28.1836      3.288  276.80287  276.88819    13.5521     4.0425 0.0000e+00
 125.480822      3.345    11.8884  32.827586    28.1833      3.315  276.80586  276.89116    13.4120     4.0425 -9.990e-29
 125.480825      3.369    11.8882  32.825601    28.1809      3.338  276.81047  276.89578    13.3809     4.0304 -9.990e-29
 125.480828      3.394    11.8879  32.827644    28.1831      3.363  276.80826  276.89352    13.3965     4.0668 -9.990e-29
 125.480830      3.414    11.8876  32.827586    28.1832      3.383  276.80961  276.89485    12.4004     3.9778 -9.990e-29
 125.480833      3.432    11.8874  32.827469    28.1833      3.401  276.81077  276.89600    12.2759     4.0264 -9.990e-29
 125.480836      3.458    11.8876  32.826652    28.1823      3.427  276.81137  276.89662    12.3226     3.9778 -9.990e-29
 125.480839      3.483    11.8874  32.826594    28.1834      3.452  276.81211  276.89736    12.3226     3.9980 -9.990e-29
 125.480842      3.520    11.8874  32.827645    28.1827      3.488  276.81051  276.89573    12.2292     3.9778 0.0000e+00
 125.480845      3.569    11.8873  32.826244    28.1829      3.537  276.81344  276.89868    12.8206     3.9333 0.0000e+00
 125.480848      3.626    11.8872  32.826945    28.1829      3.594  276.81280  276.89802    12.7584     3.9172 0.0000e+00
 125.480851      3.677    11.8872  32.827470    28.1829      3.644  276.81187  276.89708    12.6961     3.9172 0.0000e+00
 125.480854      3.720    11.8872  32.826244    28.1822      3.687  276.81416  276.89939    12.7272     3.9293 0.0000e+00
 125.480856      3.759    11.8870  32.826011    28.1821      3.725  276.81524  276.90046    14.5794     4.1800 0.0000e+00
 125.480859      3.787    11.8870  32.826595    28.1820      3.753  276.81418  276.89939    14.6261     4.1598 -9.990e-29
 125.480862      3.807    11.8868  32.826828    28.1829      3.773  276.81469  276.89989    14.7039     4.1679 -9.990e-29
 125.480865      3.816    11.8869  32.826011    28.1821      3.782  276.81590  276.90111    14.7039     4.1517 -9.990e-29
 125.480868      3.831    11.8868  32.824785    28.1810      3.797  276.81879  276.90401    14.4237     4.2002 -9.990e-29
 125.480871      3.851    11.8865  32.825194    28.1816      3.817  276.81898  276.90417    14.3770     4.1760 -9.990e-29
