Processed/SBE19plus_01907321_2022_05_04_Cast07_wfilter.cnv
* Sea-Bird SBE19plus  Data File:
* FileName = E:\Prandtl Daten\2022\CTD\Raw\SBE19plus_01907321_2022_05_04_Cast0708_0007.hex
* Software version 2.6.1.12
* Temperature SN = 7321
* Conductivity SN = 7321
* System UpLoad Time = May 04 2022 06:21:38
* <ApplicationData>
* <Seaterm232>
** Messpraktikum 2022
** CTD 04.05 BW1+2
# nquan = 11
# nvalues = 561                         
# units = specified
# name 0 = timeJ: Julian Days
# name 1 = prdM: Pressure, Strain Gauge [db]
# name 2 = tv290C: Temperature [ITS-90, deg C]
# name 3 = c0mS/cm: Conductivity [mS/cm]
# name 4 = sal00: Salinity, Practical [PSU]
# name 5 = depSM: Depth [salt water, m], lat = 54.00
# name 6 = oxsatMm/Kg: Oxygen Saturation, Weiss [umol/kg]
# name 7 = oxsolMm/Kg: Oxygen Saturation, Garcia & Gordon [umol/kg]
# name 8 = turbWETntu0: Turbidity, WET Labs ECO [NTU]
# name 9 = flECO-AFL: Fluorescence, WET Labs ECO-AFL/FL [mg/m^3]
# name 10 = flag:  0.000e+00
# span 0 = 124.250527, 124.252147       
# span 1 =      0.518,     14.622       
# span 2 =    12.5145,    12.5672       
# span 3 =  32.018593,  32.048760       
# span 4 =    26.9270,    26.9754       
# span 5 =      0.513,     14.491       
# span 6 =  275.24482,  275.47247       
# span 7 =  275.38545,  275.60970       
# span 8 =    29.4432,   162.0502       
# span 9 =     9.2265,    18.4541       
# span 10 = 0.0000e+00, 0.0000e+00      
# interval = seconds: 0.25
# start_time = May 04 2022 05:59:20 [Instrument's time stamp, header]
# bad_flag = -9.990e-29
*END*
 124.250527      0.518    12.5657  32.020203    26.9272      0.513  275.25597  275.39653    30.2525     9.9301 0.0000e+00
 124.250530      0.563    12.5653  32.021013    26.9282      0.558  275.25645  275.39697    30.3615     9.9341 0.0000e+00
 124.250532      0.631    12.5655  32.022227    26.9283      0.625  275.25337  275.39390    29.5210     9.7562 0.0000e+00
 124.250535      0.704    12.5663  32.021880    26.9288      0.697  275.25056  275.39114    29.4432     9.7036 0.0000e+00
 124.250538      0.751    12.5667  32.022227    26.9283      0.744  275.24807  275.38868    29.6611     9.7279 -9.990e-29
 124.250541      0.767    12.5669  32.022574    26.9285      0.760  275.24683  275.38744    29.5054     9.7360 -9.990e-29
 124.250544      0.749    12.5671  32.022979    26.9287      0.742  275.24482  275.38545    31.5288     9.4934 -9.990e-29
 124.250547      0.727    12.5672  32.021996    26.9277      0.721  275.24625  275.38689    31.5443     9.4570 -9.990e-29
 124.250550      0.712    12.5666  32.020782    26.9270      0.706  275.25126  275.39187    31.6222     9.5055 -9.990e-29
 124.250553      0.714    12.5649  32.019799    26.9292      0.708  275.26030  275.40081    31.4665     9.4934 -9.990e-29
 124.250556      0.756    12.5633  32.020609    26.9295      0.749  275.26616  275.40655    31.6689     9.4772 0.0000e+00
 124.250558      0.823    12.5610  32.019395    26.9297      0.816  275.27850  275.41876    41.3654    10.6337 0.0000e+00
 124.250561      0.896    12.5583  32.021188    26.9333      0.888  275.28768  275.42774    41.4276    10.5892 0.0000e+00
 124.250564      0.953    12.5558  32.021998    26.9345      0.944  275.29702  275.43691    41.3342    10.5973 0.0000e+00
 124.250567      0.989    12.5540  32.022229    26.9357      0.981  275.30485  275.44462    41.3965    10.6013 -9.990e-29
 124.250570      1.006    12.5532  32.022808    26.9384      0.997  275.30731  275.44702    68.4471    12.1945 -9.990e-29
 124.250573      1.013    12.5524  32.025988    26.9419      1.004  275.30542  275.44504    68.3692    12.1985 -9.990e-29
 124.250576      1.011    12.5479  32.026625    26.9457      1.002  275.32420  275.46353    68.3381    12.1783 -9.990e-29
 124.250579      1.004    12.5432  32.026221    26.9487      0.995  275.34580  275.48482    68.3537    12.1905 -9.990e-29
 124.250582      1.010    12.5392  32.026799    26.9521      1.001  275.36280  275.50154    56.4938    12.1379 -9.990e-29
 124.250584      1.028    12.5355  32.027031    26.9562      1.019  275.37884  275.51734    56.4626    12.1339 -9.990e-29
 124.250587      1.059    12.5326  32.026222    26.9568      1.050  275.39296  275.53128    56.4626    12.1541 0.0000e+00
 124.250590      1.116    12.5318  32.026801    26.9574      1.106  275.39576  275.53401    56.5560    12.1258 0.0000e+00
 124.250593      1.169    12.5314  32.027032    26.9578      1.158  275.39696  275.53519    45.9724    10.8439 0.0000e+00
 124.250596      1.216    12.5309  32.027032    26.9580      1.205  275.39920  275.53740    45.9879    10.8156 0.0000e+00
 124.250599      1.251    12.5315  32.026454    26.9581      1.240  275.39773  275.53597    46.0813    10.8358 -9.990e-29
 124.250602      1.262    12.5324  32.025991    26.9561      1.250  275.39477  275.53307    46.0657    10.8561 -9.990e-29
 124.250605      1.262    12.5333  32.025818    26.9553      1.251  275.39097  275.52934    46.0813    10.8197 -9.990e-29
 124.250608      1.262    12.5367  32.026627    26.9536      1.250  275.37434  275.51292    48.6338    11.0016 -9.990e-29
 124.250611      1.258    12.5421  32.025990    26.9491      1.247  275.35113  275.49007    48.6650    10.9531 -9.990e-29
 124.250613      1.276    12.5468  32.025007    26.9419      1.265  275.33202  275.47129    48.4938    10.9774 -9.990e-29
 124.250616      1.314    12.5497  32.024024    26.9419      1.302  275.32115  275.46062    48.5716    10.9612 0.0000e+00
 124.250619      1.373    12.5498  32.024197    26.9420      1.360  275.32025  275.45972    35.2019    10.2172 0.0000e+00
 124.250622      1.436    12.5490  32.024429    26.9420      1.424  275.32336  275.46278    35.2019    10.2131 0.0000e+00
 124.250625      1.493    12.5490  32.023215    26.9421      1.480  275.32557  275.46500    35.1397    10.1969 0.0000e+00
 124.250628      1.528    12.5495  32.024429    26.9416      1.514  275.32152  275.46097    35.3420    10.1848 -9.990e-29
 124.250631      1.540    12.5496  32.024949    26.9428      1.526  275.31996  275.45941    30.2681     9.2710 -9.990e-29
 124.250634      1.533    12.5491  32.025239    26.9434      1.519  275.32165  275.46107    30.2992     9.2346 -9.990e-29
 124.250637      1.514    12.5485  32.025239    26.9438      1.501  275.32449  275.46386    30.2836     9.2305 -9.990e-29
 124.250639      1.501    12.5500  32.025238    26.9428      1.488  275.31784  275.45731    30.4237     9.2265 -9.990e-29
 124.250642      1.505    12.5524  32.023619    26.9395      1.492  275.30967  275.44932    38.2992    10.5326 -9.990e-29
 124.250645      1.529    12.5536  32.023214    26.9371      1.515  275.30503  275.44477    38.1903    10.5487 -9.990e-29
 124.250648      1.573    12.5541  32.022405    26.9369      1.559  275.30429  275.44407    38.1903    10.5407 0.0000e+00
 124.250651      1.638    12.5544  32.022231    26.9371      1.624  275.30338  275.44318    38.1903    10.5528 0.0000e+00
 124.250654      1.704    12.5542  32.024429    26.9389      1.689  275.30044  275.44020    38.1124    10.5487 0.0000e+00
 124.250657      1.755    12.5523  32.025239    26.9400      1.740  275.30756  275.44719    66.6572    12.4209 0.0000e+00
 124.250660      1.795    12.5489  32.024603    26.9410      1.779  275.32391  275.46332    66.6261    12.4735 -9.990e-29
 124.250663      1.814    12.5467  32.023563    26.9435      1.798  275.33559  275.47487    66.5949    12.4856 -9.990e-29
 124.250666      1.823    12.5463  32.024835    26.9449      1.807  275.33522  275.47445    66.5171    12.4412 -9.990e-29
 124.250668      1.817    12.5459  32.025645    26.9459      1.801  275.33535  275.47455    47.0307    11.1836 -9.990e-29
 124.250671      1.808    12.5431  32.021423    26.9440      1.792  275.35555  275.49461    46.9996    11.1553 -9.990e-29
 124.250674      1.804    12.5392  32.027612    26.9525      1.788  275.36155  275.50029    46.9373    11.1755 -9.990e-29
 124.250677      1.822    12.5360  32.026802    26.9541      1.806  275.37724  275.51578    47.0619    11.1634 -9.990e-29
 124.250680      1.864    12.5344  32.025646    26.9541      1.848  275.38662  275.52506    64.1669    12.7080 0.0000e+00
 124.250683      1.910    12.5343  32.025415    26.9540      1.893  275.38769  275.52613    64.1047    12.7283 0.0000e+00
 124.250686      1.962    12.5350  32.025646    26.9537      1.945  275.38415  275.52263    64.2603    12.6636 0.0000e+00
 124.250689      2.004    12.5359  32.026225    26.9537      1.986  275.37903  275.51757    64.3070    12.7202 0.0000e+00
 124.250692      2.036    12.5361  32.026225    26.9536      2.017  275.37810  275.51665    59.2486    11.7901 -9.990e-29
 124.250694      2.057    12.5367  32.025704    26.9525      2.039  275.37652  275.51511    59.1397    11.8023 -9.990e-29
 124.250697      2.070    12.5360  32.027844    26.9550      2.052  275.37554  275.51407    59.2486    11.8265 -9.990e-29
 124.250700      2.081    12.5344  32.028654    26.9569      2.062  275.38137  275.51979    59.2953    11.8063 -9.990e-29
 124.250703      2.094    12.5326  32.029232    26.9586      2.075  275.38825  275.52654    59.3109    11.8063 -9.990e-29
 124.250706      2.121    12.5311  32.028018    26.9584      2.102  275.39709  275.53529    42.1591    10.9005 0.0000e+00
 124.250709      2.147    12.5305  32.027035    26.9581      2.127  275.40171  275.53988    42.2369    10.9046 0.0000e+00
 124.250712      2.174    12.5300  32.026226    26.9577      2.155  275.40539  275.54354    42.1280    10.9248 0.0000e+00
 124.250715      2.203    12.5298  32.025821    26.9575      2.184  275.40709  275.54522    42.0969    10.9410 0.0000e+00
 124.250718      2.234    12.5300  32.024028    26.9557      2.214  275.40937  275.54754    32.7272     9.8977 0.0000e+00
 124.250720      2.264    12.5306  32.022987    26.9542      2.243  275.40841  275.54663    32.7584     9.9584 0.0000e+00
 124.250723      2.291    12.5310  32.021600    26.9527      2.271  275.40933  275.54759    32.8673     9.9260 0.0000e+00
 124.250726      2.319    12.5308  32.020732    26.9523      2.298  275.41185  275.55011    32.6961     9.9382 0.0000e+00
 124.250729      2.348    12.5307  32.021022    26.9522      2.327  275.41167  275.54992    37.4587    10.5164 0.0000e+00
 124.250732      2.373    12.5307  32.020386    26.9523      2.352  275.41283  275.55108    37.4899    10.5245 -9.990e-29
 124.250735      2.398    12.5309  32.019807    26.9511      2.377  275.41325  275.55151    37.3965    10.5407 -9.990e-29
 124.250738      2.420    12.5308  32.019403    26.9507      2.399  275.41430  275.55257    37.5054    10.5204 -9.990e-29
 124.250741      2.451    12.5306  32.018825    26.9503      2.429  275.41631  275.55457    46.3303    11.3898 -9.990e-29
 124.250744      2.466    12.5303  32.018998    26.9507      2.444  275.41727  275.55551    46.2992    11.3939 -9.990e-29
 124.250747      2.491    12.5301  32.019172    26.9510      2.469  275.41793  275.55615    46.2836    11.3777 -9.990e-29
 124.250749      2.508    12.5302  32.018593    26.9504      2.485  275.41866  275.55689    46.1591    11.3413 -9.990e-29
 124.250752      2.526    12.5300  32.019403    26.9513      2.504  275.41785  275.55607    46.2525    11.3575 -9.990e-29
 124.250755      2.548    12.5296  32.019403    26.9516      2.525  275.41976  275.55795    65.8478    13.1852 -9.990e-29
 124.250758      2.573    12.5291  32.018999    26.9535      2.550  275.42272  275.56088    65.9257    13.1973 -9.990e-29
 124.250761      2.601    12.5284  32.020618    26.9539      2.578  275.42300  275.56109    65.8012    13.2054 0.0000e+00
 124.250764      2.632    12.5275  32.020792    26.9543      2.609  275.42682  275.56485    65.8634    13.1609 0.0000e+00
 124.250767      2.661    12.5265  32.021428    26.9556      2.637  275.42981  275.56778    66.9062    13.1205 0.0000e+00
 124.250770      2.692    12.5254  32.023221    26.9580      2.668  275.43168  275.56955    66.9373    13.1326 0.0000e+00
 124.250773      2.723    12.5246  32.023799    26.9585      2.699  275.43414  275.57196    66.8751    13.1488 0.0000e+00
 124.250775      2.758    12.5241  32.022816    26.9591      2.733  275.43814  275.57593    66.7506    13.1245 -9.990e-29
 124.250778      2.783    12.5236  32.023395    26.9594      2.759  275.43933  275.57709    46.0035    11.3696 -9.990e-29
 124.250781      2.814    12.5232  32.024204    26.9605      2.789  275.43980  275.57752    46.0346    11.3373 -9.990e-29
 124.250784      2.834    12.5226  32.025014    26.9617      2.809  275.44121  275.57887    46.0969    11.3453 -9.990e-29
 124.250787      2.845    12.5222  32.025824    26.9627      2.820  275.44134  275.57898    46.0657    11.3656 -9.990e-29
 124.250790      2.860    12.5219  32.025535    26.9626      2.834  275.44314  275.58076    51.6066    11.3332 -9.990e-29
 124.250793      2.872    12.5213  32.025650    26.9632      2.847  275.44578  275.58336    57.5366    12.5018 -9.990e-29
 124.250796      2.892    12.5209  32.026229    26.9638      2.867  275.44634  275.58389    57.5366    12.5261 -9.990e-29
 124.250799      2.921    12.5204  32.025651    26.9639      2.895  275.44961  275.58713    57.6922    12.5544 0.0000e+00
 124.250802      2.954    12.5200  32.025420    26.9639      2.928  275.45194  275.58944    57.3965    12.5099 0.0000e+00
 124.250804      2.996    12.5194  32.025825    26.9647      2.969  275.45409  275.59154    67.4354    13.2782 0.0000e+00
 124.250807      3.031    12.5187  32.026634    26.9653      3.004  275.45583  275.59322    67.3420    13.2580 0.0000e+00
 124.250810      3.065    12.5180  32.025998    26.9659      3.038  275.45983  275.59719    67.2642    13.2459 -9.990e-29
 124.250813      3.089    12.5175  32.025825    26.9660      3.061  275.46237  275.59970    67.4510    13.2822 -9.990e-29
 124.250816      3.109    12.5168  32.024842    26.9656      3.081  275.46731  275.60460    68.4315    13.2459 -9.990e-29
 124.250819      3.118    12.5158  32.024437    26.9659      3.091  275.47247  275.60970    68.5093    13.2378 -9.990e-29
 124.250822      3.137    12.5149  32.027445    26.9693      3.109  275.47120  275.60834    68.3848    13.2378 -9.990e-29
 124.250825      3.153    12.5153  32.028833    26.9704      3.125  275.46714  275.60429    68.4159    13.2378 -9.990e-29
 124.250828      3.172    12.5162  32.028659    26.9695      3.143  275.46336  275.60056    65.1163    13.2054 -9.990e-29
 124.250830      3.192    12.5166  32.027213    26.9681      3.163  275.46406  275.60132    65.0385    13.1690 -9.990e-29
 124.250833      3.219    12.5163  32.027213    26.9687      3.191  275.46535  275.60258    65.0696    13.2014 0.0000e+00
 124.250836      3.252    12.5158  32.028023    26.9692      3.223  275.46613  275.60332    65.1475    13.1771 0.0000e+00
 124.250839      3.285    12.5158  32.029816    26.9708      3.256  275.46294  275.60011    65.1319    13.2216 0.0000e+00
 124.250842      3.318    12.5161  32.030452    26.9709      3.288  275.46055  275.59774    66.6261    13.3874 0.0000e+00
 124.250845      3.356    12.5167  32.030626    26.9710      3.326  275.45742  275.59465    66.7194    13.3752 0.0000e+00
 124.250848      3.384    12.5172  32.030048    26.9709      3.354  275.45658  275.59384    66.6727    13.4197 -9.990e-29
 124.250851      3.409    12.5172  32.029527    26.9696      3.379  275.45753  275.59480    66.7506    13.3550 -9.990e-29
 124.250854      3.431    12.5169  32.030453    26.9706      3.401  275.45715  275.59439    66.3148    13.2054 -9.990e-29
 124.250856      3.451    12.5171  32.030857    26.9708      3.420  275.45549  275.59274    66.5327    13.1852 -9.990e-29
 124.250859      3.471    12.5175  32.031031    26.9707      3.440  275.45361  275.59088    66.4860    13.1933 -9.990e-29
 124.250862      3.490    12.5174  32.031262    26.9710      3.458  275.45352  275.59079    66.4393    13.2014 -9.990e-29
 124.250865      3.506    12.5175  32.030453    26.9701      3.475  275.45435  275.59163    67.4821    13.7958 -9.990e-29
 124.250868      3.526    12.5174  32.031031    26.9708      3.495  275.45396  275.59123    67.2953    13.7594 -9.990e-29
 124.250871      3.550    12.5173  32.031263    26.9711      3.518  275.45388  275.59114    67.4665    13.7675 -9.990e-29
 124.250874      3.579    12.5169  32.031031    26.9711      3.547  275.45621  275.59344    67.3887    13.7190 0.0000e+00
 124.250877      3.606    12.5167  32.030858    26.9711      3.574  275.45749  275.59471    70.0813    13.7513 0.0000e+00
 124.250880      3.643    12.5164  32.030858    26.9712      3.610  275.45877  275.59598    70.1280    13.7432 0.0000e+00
 124.250883      3.679    12.5163  32.030685    26.9712      3.646  275.45974  275.59694    70.2369    13.7675 0.0000e+00
 124.250885      3.710    12.5160  32.029239    26.9700      3.677  275.46330  275.60050    70.0969    13.7756 0.0000e+00
 124.250888      3.743    12.5155  32.028834    26.9700      3.710  275.46658  275.60374    70.0502    13.7432 0.0000e+00
 124.250891      3.771    12.5145  32.029818    26.9700      3.737  275.46926  275.60635    71.5755    13.6421 -9.990e-29
 124.250894      3.794    12.5145  32.030454    26.9722      3.760  275.46814  275.60522    71.5443    13.6300 -9.990e-29
 124.250897      3.807    12.5150  32.031032    26.9724      3.773  275.46489  275.60200    71.6377    13.6340 -9.990e-29
 124.250900      3.820    12.5156  32.031032    26.9719      3.786  275.46206  275.59921    71.6689    13.6381 -9.990e-29
 124.250903      3.832    12.5160  32.031842    26.9724      3.798  275.45872  275.59589    75.0774    14.0182 -9.990e-29
