Processed/SBE19plus_01907321_2022_05_03_Cast03_wfilter.cnv
* Sea-Bird SBE19plus  Data File:
* FileName = E:\Prandtl Daten\2022\CTD\Raw\SBE19plus_01907321_2022_05_03_Cast03.hex
* Software version 2.6.1.12
* Temperature SN = 7321
* Conductivity SN = 7321
* System UpLoad Time = May 03 2022 11:44:56
* <ApplicationData>
* <Seaterm232>
** Messpraktikum 2022
** Gelbsandnord - Mooring3
** 54°00.28N
** 008°40.27E
** Torbjörn Kagel, Isabella Schmidt
# nquan = 11
# nvalues = 302                         
# units = specified
# name 0 = timeJ: Julian Days
# name 1 = prdM: Pressure, Strain Gauge [db]
# name 2 = tv290C: Temperature [ITS-90, deg C]
# name 3 = c0mS/cm: Conductivity [mS/cm]
# name 4 = sal00: Salinity, Practical [PSU]
# name 5 = depSM: Depth [salt water, m], lat = 54.00
# name 6 = oxsatMm/Kg: Oxygen Saturation, Weiss [umol/kg]
# name 7 = oxsolMm/Kg: Oxygen Saturation, Garcia & Gordon [umol/kg]
# name 8 = turbWETntu0: Turbidity, WET Labs ECO [NTU]
# name 9 = flECO-AFL: Fluorescence, WET Labs ECO-AFL/FL [mg/m^3]
# name 10 = flag:  0.000e+00
# span 0 = 123.483805, 123.484676       
# span 1 =      0.534,      8.167       
# span 2 =    11.6695,    12.5067       
# span 3 =  30.459245,  30.602531       
# span 4 =    25.5622,    26.2280       
# span 5 =      0.529,      8.094       
# span 6 =  278.23264,  281.95846       
# span 7 =  278.38411,  282.05331       
# span 8 =    43.8245,    93.2875       
# span 9 =    12.3846,    16.3554       
# span 10 = 0.0000e+00, 0.0000e+00      
# interval = seconds: 0.25
# start_time = May 03 2022 11:35:13 [Instrument's time stamp, header]
# bad_flag = -9.990e-29
*END*
[from data line 263]
 123.484566      7.170    11.6769  30.595506    26.2210      7.106  281.92890  282.02425    88.4315    16.2826 -9.990e-29
 123.484569      7.200    11.6763  30.596699    26.2214      7.135  281.92927  282.02457    88.3381    16.2786 0.0000e+00
 123.484572      7.232    11.6754  30.596699    26.2217      7.168  281.93381  282.02904    88.2759    16.2543 0.0000e+00
 123.484575      7.266    11.6739  30.597325    26.2233      7.201  281.93944  282.03457    88.0113    16.0724 0.0000e+00
 123.484578      7.297    11.6728  30.596700    26.2235      7.231  281.94580  282.04086    88.0268    16.0602 0.0000e+00
 123.484580      7.333    11.6725  30.597268    26.2242      7.267  281.94637  282.04140    88.1669    16.0724 0.0000e+00
 123.484583      7.368    11.6727  30.597666    26.2244      7.302  281.94468  282.03972    88.1825    16.0602 0.0000e+00
 123.484586      7.397    11.6728  30.598518    26.2248      7.331  281.94278  282.03781    88.5405    16.0036 0.0000e+00
 123.484589      7.428    11.6730  30.598234    26.2252      7.361  281.94204  282.03710    88.6494    16.0198 -9.990e-29
 123.484592      7.446    11.6734  30.597837    26.2240      7.379  281.94086  282.03595    88.6183    15.9955 -9.990e-29
 123.484595      7.455    11.6732  30.597325    26.2238      7.388  281.94312  282.03819    88.5405    15.9874 -9.990e-29
 123.484598      7.468    11.6729  30.596871    26.2235      7.401  281.94527  282.04033    87.2798    15.8742 -9.990e-29
 123.484601      7.479    11.6724  30.597269    26.2242      7.412  281.94679  282.04182    87.2331    15.8742 -9.990e-29
 123.484604      7.499    11.6723  30.595962    26.2231      7.432  281.94990  282.04493    87.2798    15.8823 -9.990e-29
 123.484606      7.517    11.6721  30.597553    26.2244      7.450  281.94790  282.04290    87.2331    15.8702 -9.990e-29
 123.484609      7.547    11.6721  30.597269    26.2244      7.479  281.94813  282.04313    91.3109    15.6235 0.0000e+00
 123.484612      7.579    11.6723  30.597439    26.2245      7.512  281.94719  282.04220    91.3420    15.6397 0.0000e+00
 123.484615      7.616    11.6719  30.597326    26.2245      7.548  281.94904  282.04403    91.3109    15.6276 0.0000e+00
 123.484618      7.652    11.6718  30.596303    26.2246      7.584  281.95163  282.04662    91.4043    15.6033 0.0000e+00
 123.484621      7.687    11.6717  30.597837    26.2252      7.618  281.94910  282.04407    91.2798    15.6437 0.0000e+00
 123.484624      7.714    11.6716  30.597838    26.2253      7.645  281.94976  282.04472    89.9879    15.8823 0.0000e+00
 123.484627      7.744    11.6714  30.597326    26.2253      7.674  281.95171  282.04666    90.1124    15.8944 -9.990e-29
 123.484630      7.764    11.6712  30.596872    26.2246      7.694  281.95354  282.04849    90.0346    15.8742 -9.990e-29
 123.484633      7.775    11.6711  30.596872    26.2247      7.705  281.95387  282.04881    90.0191    15.8621 -9.990e-29
 123.484635      7.784    11.6710  30.596531    26.2244      7.714  281.95484  282.04978    90.7817    15.7286 -9.990e-29
 123.484638      7.793    11.6712  30.597099    26.2248      7.723  281.95314  282.04808    90.8128    15.7570 -9.990e-29
 123.484641      7.806    11.6713  30.596702    26.2244      7.736  281.95325  282.04820    90.7039    15.7529 -9.990e-29
 123.484644      7.824    11.6715  30.596304    26.2257      7.754  281.95304  282.04801    90.8128    15.7408 -9.990e-29
 123.484647      7.850    11.6713  30.598122    26.2261      7.779  281.95061  282.04555    93.2253    15.8297 0.0000e+00
 123.484650      7.877    11.6709  30.598577    26.2264      7.807  281.95171  282.04662    93.2875    15.7933 0.0000e+00
 123.484653      7.912    11.6704  30.598577    26.2267      7.841  281.95400  282.04887    93.2253    15.7772 0.0000e+00
 123.484656      7.946    11.6701  30.598747    26.2267      7.875  281.95499  282.04984    93.2097    15.8297 0.0000e+00
 123.484659      7.975    11.6701  30.598407    26.2267      7.904  281.95565  282.05050    91.9334    15.6154 0.0000e+00
 123.484661      8.012    11.6699  30.597441    26.2262      7.940  281.95846  282.05331    91.7778    15.6397 0.0000e+00
 123.484664      8.039    11.6703  30.598009    26.2261      7.967  281.95579  282.05066    91.9023    15.6114 0.0000e+00
 123.484667      8.070    11.6703  30.598918    26.2262      7.998  281.95379  282.04865    92.0113    15.6316 -9.990e-29
 123.484670      8.092    11.6702  30.599202    26.2278      8.020  281.95391  282.04876    91.9334    15.6154 -9.990e-29
 123.484673      8.121    11.6701  30.599543    26.2279      8.049  281.95362  282.04846    91.9490    15.8055 0.0000e+00
 123.484676      8.167    11.6695  30.599316    26.2280      8.094  281.95698  282.05178    91.8712    15.8217 0.0000e+00
