Processed/SBE19plus_01907321_2022_05_09_Cast95_wfilter.cnv
* Sea-Bird SBE19plus  Data File:
* FileName = E:\Prandtl Daten\2022\CTD\Raw\SBE19plus_01907321_2022_05_09_Cast95.hex
* Software version 2.6.1.12
* Temperature SN = 7321
* Conductivity SN = 7321
* System UpLoad Time = May 09 2022 09:00:21
* <ApplicationData>
* <Seaterm232>
** Messpraktikum 2022
** CTD 09.05 KFW
** NMEA Latitude = 54 01.481 N
** NMEA Longitude = 008 38.129 E
# nquan = 11
# nvalues = 260                         
# units = specified
# name 0 = timeJ: Julian Days
# name 1 = prdM: Pressure, Strain Gauge [db]
# name 2 = tv290C: Temperature [ITS-90, deg C]
# name 3 = c0mS/cm: Conductivity [mS/cm]
# name 4 = sal00: Salinity, Practical [PSU]
# name 5 = depSM: Depth [salt water, m], lat = 54.00
# name 6 = oxsatMm/Kg: Oxygen Saturation, Weiss [umol/kg]
# name 7 = oxsolMm/Kg: Oxygen Saturation, Garcia & Gordon [umol/kg]
# name 8 = turbWETntu0: Turbidity, WET Labs ECO [NTU]
# name 9 = flECO-AFL: Fluorescence, WET Labs ECO-AFL/FL [mg/m^3]
# name 10 = flag:  0.000e+00
# span 0 = 129.371490, 129.372240       
# span 1 =      0.533,      6.000       
# span 2 =    12.5602,    12.6056       
# span 3 =  28.555215,  28.654612       
# span 4 =    23.7304,    23.8202       
# span 5 =      0.528,      5.947       
# span 6 =  281.14511,  281.48536       
# span 7 =  281.32040,  281.65895       
# span 8 =    35.4976,    84.6183       
# span 9 =    13.6381,    20.1120       
# span 10 = 0.0000e+00, 0.0000e+00      
# interval = seconds: 0.25
# start_time = May 09 2022 08:53:43 [Instrument's time stamp, header]
# bad_flag = -9.990e-29
*END*
 129.371490      0.582    12.6026  28.629664    23.7759      0.576  281.16670  281.34188    36.7428    14.8512 -9.990e-29
 129.371493      0.567    12.6022  28.628944    23.7755      0.562  281.17001  281.34518    36.6650    14.8512 -9.990e-29
 129.371496      0.542    12.6012  28.628722    23.7759      0.537  281.17513  281.35024    36.6338    14.8471 -9.990e-29
 129.371499      0.533    12.6008  28.629886    23.7771      0.528  281.17472  281.34980    36.5560    14.7865 -9.990e-29
 129.371502      0.560    12.6007  28.629664    23.7781      0.555  281.17547  281.35055    36.4471    14.7622 0.0000e+00
 129.371505      0.604    12.6009  28.631935    23.7785      0.598  281.17074  281.34580    36.5405    14.7865 0.0000e+00
 129.371508      0.658    12.6020  28.632101    23.7785      0.653  281.16540  281.34053    36.5560    14.8148 0.0000e+00
 129.371510      0.692    12.6027  28.632268    23.7783      0.685  281.16141  281.33658    38.1280    14.9280 0.0000e+00
 129.371513      0.726    12.6037  28.633597    23.7781      0.719  281.15464  281.32986    38.2992    14.9644 -9.990e-29
 129.371516      0.744    12.6044  28.634539    23.7792      0.738  281.14958  281.32483    38.1903    14.9118 -9.990e-29
 129.371519      0.757    12.6051  28.635148    23.7793      0.750  281.14511  281.32040    38.1903    14.8957 -9.990e-29
 129.371522      0.777    12.6056  28.633597    23.7775      0.770  281.14554  281.32087    36.9607    14.7824 -9.990e-29
 129.371525      0.795    12.6052  28.632822    23.7771      0.788  281.14898  281.32429    36.8984    14.8067 -9.990e-29
 129.371528      0.817    12.6047  28.632102    23.7767      0.810  281.15231  281.32760    36.8984    14.7824 -9.990e-29
 129.371531      0.834    12.6046  28.632656    23.7773      0.826  281.15200  281.32728    36.9607    14.7663 -9.990e-29
 129.371534      0.846    12.6044  28.632877    23.7776      0.839  281.15229  281.32756    38.7506    15.0291 -9.990e-29
 129.371536      0.854    12.6041  28.631936    23.7769      0.846  281.15568  281.33093    38.6572    15.0210 -9.990e-29
 129.371539      0.874    12.6034  28.630219    23.7747      0.866  281.16216  281.33738    38.7039    15.0048 -9.990e-29
 129.371542      0.914    12.6021  28.628169    23.7754      0.906  281.17195  281.34712    38.7506    14.9684 0.0000e+00
 129.371545      0.950    12.6006  28.628723    23.7762      0.942  281.17808  281.35315    37.4276    14.0869 0.0000e+00
 129.371548      0.989    12.5995  28.629111    23.7767      0.980  281.18247  281.35748    37.4899    14.0991 0.0000e+00
 129.371551      1.019    12.5991  28.627228    23.7772      1.010  281.18791  281.36291    37.3031    14.0788 -9.990e-29
 129.371554      1.037    12.5983  28.625401    23.7746      1.028  281.19526  281.37023    37.3498    14.1152 -9.990e-29
 129.371557      1.054    12.5972  28.626508    23.7763      1.045  281.19835  281.37324    37.4899    14.0950 -9.990e-29
 129.371560      1.074    12.5966  28.625955    23.7761      1.064  281.20206  281.37693    36.8984    13.8200 -9.990e-29
 129.371563      1.085    12.5966  28.625567    23.7758      1.075  281.20311  281.37797    37.0229    13.8443 -9.990e-29
 129.371565      1.100    12.5966  28.626730    23.7768      1.090  281.20068  281.37554    37.0541    13.8281 -9.990e-29
 129.371568      1.120    12.5967  28.627007    23.7770      1.110  281.19986  281.37472    37.0229    13.8686 -9.990e-29
 129.371571      1.143    12.5975  28.626896    23.7764      1.133  281.19635  281.37126    38.8595    14.9280 -9.990e-29
 129.371574      1.171    12.5981  28.628170    23.7772      1.160  281.19104  281.36597    39.0930    14.9361 -9.990e-29
 129.371577      1.185    12.5985  28.628170    23.7769      1.174  281.18902  281.36398    38.8751    14.9401 -9.990e-29
 129.371580      1.214    12.5990  28.628170    23.7766      1.203  281.18701  281.36199    38.7973    14.9037 -9.990e-29
 129.371583      1.236    12.5992  28.628392    23.7751      1.225  281.18561  281.36060    35.6066    13.6704 -9.990e-29
 129.371586      1.263    12.5993  28.626841    23.7756      1.252  281.18773  281.36275    35.6689    13.6502 0.0000e+00
 129.371589      1.298    12.5992  28.627838    23.7756      1.286  281.18664  281.36164    35.4976    13.6381 0.0000e+00
 129.371591      1.331    12.5988  28.625014    23.7761      1.319  281.19343  281.36843    35.5288    13.6462 -9.990e-29
 129.371594      1.351    12.5982  28.628005    23.7769      1.339  281.19111  281.36604    37.6922    14.9361 -9.990e-29
 129.371597      1.360    12.5982  28.627839    23.7767      1.348  281.19141  281.36635    37.6144    15.1787 -9.990e-29
 129.371600      1.377    12.5980  28.626675    23.7758      1.364  281.19419  281.36913    37.6922    15.1949 -9.990e-29
 129.371603      1.402    12.5976  28.624682    23.7742      1.390  281.20015  281.37509    37.6611    15.1706 -9.990e-29
 129.371606      1.422    12.5968  28.624848    23.7748      1.409  281.20325  281.37814    37.7856    15.1706 -9.990e-29
 129.371609      1.439    12.5958  28.623186    23.7740      1.426  281.21132  281.38616    40.5716    15.1342 -9.990e-29
 129.371612      1.459    12.5946  28.621303    23.7730      1.446  281.22046  281.39525    40.6650    15.1019 -9.990e-29
 129.371615      1.477    12.5929  28.620584    23.7730      1.464  281.22955  281.40424    40.6961    15.1221 -9.990e-29
 129.371617      1.508    12.5916  28.619255    23.7734      1.494  281.23838  281.41301    40.7584    15.1423 0.0000e+00
 129.371620      1.537    12.5906  28.619476    23.7734      1.524  281.24274  281.41730    38.8284    14.8674 0.0000e+00
 129.371623      1.565    12.5897  28.618535    23.7738      1.551  281.24850  281.42302    38.8595    14.8471 -9.990e-29
 129.371626      1.587    12.5887  28.616652    23.7724      1.572  281.25664  281.43111    38.9685    14.8835 -9.990e-29
 129.371629      1.612    12.5872  28.616320    23.7731      1.598  281.26469  281.43908    39.0307    14.8471 -9.990e-29
 129.371632      1.634    12.5858  28.613330    23.7712      1.620  281.27651  281.45084    40.2603    15.7529 -9.990e-29
 129.371635      1.654    12.5844  28.613607    23.7723      1.640  281.28279  281.45703    40.1980    15.7408 -9.990e-29
 129.371638      1.678    12.5832  28.614991    23.7743      1.663  281.28606  281.46022    40.1358    15.7529 -9.990e-29
 129.371641      1.689    12.5824  28.614272    23.7742      1.674  281.29108  281.46520    40.0268    15.7691 -9.990e-29
 129.371644      1.713    12.5816  28.612389    23.7730      1.697  281.29854  281.47263    41.0074    15.7570 -9.990e-29
 129.371646      1.740    12.5803  28.612001    23.7734      1.724  281.30534  281.47935    41.9101    15.4941 -9.990e-29
 129.371649      1.755    12.5791  28.612777    23.7748      1.739  281.30936  281.48330    41.7545    15.5022 -9.990e-29
 129.371652      1.771    12.5784  28.612223    23.7748      1.755  281.31409  281.48799    41.8945    15.4658 -9.990e-29
 129.371655      1.786    12.5781  28.612777    23.7755      1.770  281.31412  281.48800    41.9879    15.4699 -9.990e-29
 129.371658      1.811    12.5776  28.611670    23.7739      1.795  281.31883  281.49269    44.6650    16.0764 -9.990e-29
 129.371661      1.838    12.5770  28.610341    23.7741      1.822  281.32395  281.49778    44.5560    16.0724 0.0000e+00
 129.371664      1.870    12.5754  28.609621    23.7741      1.853  281.33270  281.50645    44.5249    16.0643 0.0000e+00
 129.371667      1.897    12.5735  28.609566    23.7742      1.880  281.34195  281.51558    44.4782    16.1087 -9.990e-29
 129.371670      1.921    12.5713  28.610341    23.7775      1.903  281.35105  281.52454    44.7584    16.5859 -9.990e-29
 129.371672      1.937    12.5702  28.610175    23.7780      1.920  281.35677  281.53019    44.7272    16.5738 -9.990e-29
 129.371675      1.957    12.5692  28.609788    23.7783      1.940  281.36221  281.53558    44.8517    16.5657 -9.990e-29
 129.371678      1.983    12.5681  28.610729    23.7799      1.965  281.36594  281.53924    44.8517    16.5819 -9.990e-29
 129.371681      2.006    12.5675  28.610563    23.7801      1.989  281.36896  281.54222    44.5249    16.2058 -9.990e-29
 129.371684      2.026    12.5669  28.610785    23.7807      2.008  281.37162  281.54484    44.6027    16.1856 -9.990e-29
 129.371687      2.039    12.5665  28.611117    23.7812      2.021  281.37272  281.54591    44.5093    16.2179 -9.990e-29
 129.371690      2.050    12.5663  28.608681    23.7791      2.032  281.37813  281.55133    44.4626    16.2301 -9.990e-29
 129.371693      2.070    12.5661  28.605912    23.7767      2.052  281.38414  281.55736    44.4159    16.1815 -9.990e-29
 129.371696      2.089    12.5657  28.610010    23.7807      2.070  281.37846  281.55162    44.6961    15.9389 -9.990e-29
 129.371698      2.114    12.5653  28.610342    23.7845      2.095  281.37991  281.55304    44.8673    15.9713 -9.990e-29
 129.371701      2.145    12.5653  28.613942    23.7847      2.126  281.37344  281.54654    44.7428    15.9510 0.0000e+00
 129.371704      2.171    12.5652  28.614275    23.7845      2.151  281.37320  281.54629    44.8050    15.9389 0.0000e+00
 129.371707      2.198    12.5652  28.613721    23.7846      2.179  281.37421  281.54731    44.8829    16.8326 0.0000e+00
 129.371710      2.224    12.5651  28.616102    23.7843      2.204  281.37061  281.54368    45.2253    16.8447 -9.990e-29
 129.371713      2.246    12.5648  28.616102    23.7868      2.226  281.37198  281.54503    44.9607    16.8083 -9.990e-29
 129.371716      2.271    12.5647  28.616102    23.7868      2.251  281.37233  281.54538    45.0696    16.8487 -9.990e-29
 129.371719      2.298    12.5644  28.616435    23.7873      2.278  281.37310  281.54613    46.4548    16.3837 -9.990e-29
 129.371722      2.315    12.5642  28.616324    23.7874      2.294  281.37467  281.54767    46.4548    16.3918 -9.990e-29
 129.371725      2.338    12.5639  28.617044    23.7881      2.318  281.37440  281.54739    46.4704    16.4039 -9.990e-29
 129.371727      2.353    12.5637  28.617598    23.7888      2.332  281.37442  281.54739    46.4237    16.3918 -9.990e-29
 129.371730      2.373    12.5635  28.617986    23.7893      2.352  281.37475  281.54771    47.3109    16.8770 -9.990e-29
 129.371733      2.391    12.5632  28.619094    23.7905      2.370  281.37446  281.54738    47.2331    16.8164 -9.990e-29
 129.371736      2.419    12.5630  28.619592    23.7910      2.397  281.37425  281.54716    47.2331    16.8447 -9.990e-29
 129.371739      2.443    12.5628  28.620035    23.7913      2.421  281.37448  281.54738    47.2953    16.8366 -9.990e-29
 129.371742      2.474    12.5627  28.619648    23.7914      2.451  281.37588  281.54876    47.3731    16.8932 0.0000e+00
 129.371745      2.501    12.5627  28.620035    23.7913      2.479  281.37519  281.54808    45.4276    16.6223 0.0000e+00
 129.371748      2.528    12.5624  28.619482    23.7914      2.506  281.37722  281.55010    45.6455    16.6263 0.0000e+00
 129.371751      2.556    12.5622  28.619426    23.7913      2.533  281.37835  281.55122    45.4743    16.5940 -9.990e-29
 129.371753      2.576    12.5623  28.619094    23.7910      2.553  281.37862  281.55150    45.5833    16.5697 -9.990e-29
 129.371756      2.594    12.5624  28.619094    23.7909      2.571  281.37830  281.55117    52.8206    17.1722 -9.990e-29
 129.371759      2.616    12.5623  28.619482    23.7913      2.592  281.37795  281.55082    52.8050    17.2208 -9.990e-29
 129.371762      2.636    12.5624  28.619094    23.7909      2.612  281.37798  281.55086    52.7117    17.2127 -9.990e-29
 129.371765      2.649    12.5625  28.617045    23.7889      2.625  281.38134  281.55425    52.6805    17.2005 -9.990e-29
 129.371768      2.672    12.5625  28.617876    23.7897      2.649  281.37986  281.55276    61.3342    17.7626 -9.990e-29
 129.371771      2.694    12.5623  28.618707    23.7906      2.670  281.37939  281.55227    61.2564    17.7262 -9.990e-29
 129.371774      2.713    12.5622  28.619815    23.7915      2.688  281.37809  281.55094    61.1630    17.7262 -9.990e-29
 129.371777      2.740    12.5620  28.619482    23.7923      2.715  281.37938  281.55223    61.1163    17.7302 0.0000e+00
 129.371780      2.769    12.5620  28.621310    23.7923      2.744  281.37610  281.54894    71.4510    19.0930 0.0000e+00
 129.371782      2.798    12.5619  28.624689    23.7931      2.773  281.37071  281.54351    71.2331    19.0808 -9.990e-29
 129.371785      2.820    12.5620  28.624412    23.7983      2.795  281.37055  281.54335    71.4043    19.0566 -9.990e-29
 129.371788      2.845    12.5621  28.627071    23.7983      2.820  281.36543  281.53822    71.3109    19.0606 0.0000e+00
 129.371791      2.875    12.5624  28.627846    23.7983      2.849  281.36270  281.53550    71.5443    19.0727 -9.990e-29
 129.371794      2.900    12.5624  28.630782    23.8015      2.874  281.35709  281.52987    69.8790    18.6118 -9.990e-29
 129.371797      2.922    12.5629  28.633219    23.8034      2.896  281.35069  281.52346    69.9724    18.6158 -9.990e-29
 129.371800      2.940    12.5632  28.637872    23.8075      2.914  281.34097  281.51372    69.9101    18.5915 -9.990e-29
 129.371803      2.951    12.5637  28.641363    23.8104      2.925  281.33232  281.50507    69.7700    18.6118 -9.990e-29
 129.371806      2.970    12.5642  28.642138    23.8107      2.943  281.32823  281.50101    52.1980    17.2693 -9.990e-29
 129.371808      2.986    12.5646  28.640864    23.8093      2.959  281.32851  281.50132    52.4315    17.2450 -9.990e-29
 129.371811      3.010    12.5648  28.641030    23.8094      2.983  281.32755  281.50037    52.2292    17.2410 -9.990e-29
 129.371814      3.034    12.5649  28.638814    23.8073      3.007  281.33122  281.50406    52.1980    17.2652 -9.990e-29
 129.371817      3.063    12.5647  28.637097    23.8058      3.036  281.33500  281.50785    53.9724    17.6413 -9.990e-29
 129.371820      3.086    12.5644  28.635103    23.8041      3.059  281.33996  281.51281    54.0035    17.6413 -9.990e-29
 129.371823      3.112    12.5641  28.631724    23.8013      3.084  281.34775  281.52061    54.0035    17.6575 -9.990e-29
 129.371826      3.136    12.5636  28.629342    23.7958      3.108  281.35442  281.52727    53.9724    17.6615 -9.990e-29
 129.371829      3.165    12.5629  28.625022    23.7965      3.137  281.36526  281.53812    57.2408    17.9688 0.0000e+00
 129.371832      3.191    12.5622  28.625964    23.7965      3.162  281.36730  281.54010    57.2875    17.9769 0.0000e+00
 129.371834      3.216    12.5617  28.625299    23.7972      3.187  281.37088  281.54365    57.3187    17.9729 -9.990e-29
 129.371837      3.234    12.5612  28.625576    23.7974      3.205  281.37276  281.54550    57.2720    17.9607 -9.990e-29
 129.371840      3.251    12.5612  28.625798    23.7976      3.222  281.37237  281.54511    57.2875    17.9729 -9.990e-29
 129.371843      3.264    12.5612  28.628180    23.7998      3.234  281.36808  281.54080    54.7039    17.6332 -9.990e-29
 129.371846      3.280    12.5613  28.632112    23.8033      3.251  281.36033  281.53303    54.5794    17.6413 -9.990e-29
 129.371849      3.298    12.5618  28.632168    23.8030      3.269  281.35788  281.53060    54.7973    17.6494 -9.990e-29
 129.371852      3.322    12.5624  28.631005    23.8011      3.292  281.35695  281.52972    54.8284    17.6575 -9.990e-29
 129.371855      3.353    12.5626  28.630617    23.8017      3.323  281.35699  281.52977    52.5560    17.0954 0.0000e+00
 129.371858      3.380    12.5627  28.632113    23.8011      3.350  281.35397  281.52675    52.5716    17.0630 0.0000e+00
 129.371861      3.410    12.5628  28.630229    23.8015      3.379  281.35670  281.52951    52.5405    17.0630 0.0000e+00
 129.371863      3.437    12.5627  28.631171    23.8006      3.406  281.35536  281.52815    52.4782    17.0711 -9.990e-29
 129.371866      3.455    12.5628  28.629676    23.8001      3.424  281.35773  281.53054    51.5443    17.7019 -9.990e-29
