Processed/SBE19plus_01907321_2022_05_06_Cast48_wfilter.cnv
* Sea-Bird SBE19plus  Data File:
* FileName = E:\Prandtl Daten\2022\CTD\Raw\SBE19plus_01907321_2022_05_06_Cast48.hex
* Software version 2.6.1.12
* Temperature SN = 7321
* Conductivity SN = 7321
* System UpLoad Time = May 06 2022 11:10:18
* <ApplicationData>
* <Seaterm232>
** Messpraktikum 2022
** CTD 06.05 MP4
** NMEA Latitude = 54 03.276 N
** NMEA Longitude = 008 43.693 E
# nquan = 11
# nvalues = 162                         
# units = specified
# name 0 = timeJ: Julian Days
# name 1 = prdM: Pressure, Strain Gauge [db]
# name 2 = tv290C: Temperature [ITS-90, deg C]
# name 3 = c0mS/cm: Conductivity [mS/cm]
# name 4 = sal00: Salinity, Practical [PSU]
# name 5 = depSM: Depth [salt water, m], lat = 54.00
# name 6 = oxsatMm/Kg: Oxygen Saturation, Weiss [umol/kg]
# name 7 = oxsolMm/Kg: Oxygen Saturation, Garcia & Gordon [umol/kg]
# name 8 = turbWETntu0: Turbidity, WET Labs ECO [NTU]
# name 9 = flECO-AFL: Fluorescence, WET Labs ECO-AFL/FL [mg/m^3]
# name 10 = flag:  0.000e+00
# span 0 = 126.462228, 126.462694       
# span 1 =      0.640,      4.617       
# span 2 =    12.6303,    12.7251       
# span 3 =  32.116660,  32.173510       
# span 4 =    26.9541,    26.9709       
# span 5 =      0.634,      4.576       
# span 6 =  274.27615,  274.79722       
# span 7 =  274.42568,  274.94110       
# span 8 =    22.7194,    51.4976       
# span 9 =     9.5742,    13.0922       
# span 10 = 0.0000e+00, 0.0000e+00      
# interval = seconds: 0.25
# start_time = May 06 2022 11:04:09 [Instrument's time stamp, header]
# bad_flag = -9.990e-29
*END*
 126.462228      0.640    12.7174  32.170498    26.9584      0.634  274.31477  274.46382    23.2331     9.6874 0.0000e+00
 126.462231      0.665    12.7194  32.170903    26.9584      0.659  274.30522  274.45440    23.3420     9.6511 -9.990e-29
 126.462234      0.684    12.7206  32.171309    26.9568      0.677  274.29914  274.44839    23.2798     9.7077 -9.990e-29
 126.462237      0.698    12.7217  32.171483    26.9562      0.692  274.29410  274.44342    22.9685     9.9260 -9.990e-29
 126.462240      0.720    12.7223  32.171888    26.9561      0.714  274.29055  274.43991    23.0307     9.8209 -9.990e-29
 126.462242      0.742    12.7231  32.172873    26.9565      0.736  274.28534  274.43474    22.9529     9.9098 -9.990e-29
 126.462245      0.761    12.7237  32.172467    26.9556      0.754  274.28323  274.43268    22.9685     9.8815 -9.990e-29
 126.462248      0.784    12.7244  32.173510    26.9556      0.777  274.27855  274.42803    24.9451    10.3344 -9.990e-29
 126.462251      0.810    12.7248  32.173278    26.9554      0.803  274.27708  274.42659    24.9762    10.3506 0.0000e+00
 126.462254      0.839    12.7251  32.173105    26.9552      0.832  274.27615  274.42568    24.9918    10.3425 0.0000e+00
 126.462257      0.871    12.7248  32.172120    26.9545      0.863  274.27918  274.42870    25.0074    10.3263 0.0000e+00
 126.462260      0.900    12.7242  32.170904    26.9541      0.891  274.28388  274.43338    22.7973     9.5742 0.0000e+00
 126.462263      0.929    12.7233  32.170556    26.9541      0.921  274.28863  274.43807    22.7506     9.6511 0.0000e+00
 126.462266      0.960    12.7225  32.171309    26.9548      0.951  274.29079  274.44017    22.7194     9.6632 0.0000e+00
 126.462269      0.989    12.7219  32.171078    26.9554      0.980  274.29374  274.44309    22.7973     9.6389 -9.990e-29
 126.462271      1.013    12.7214  32.171310    26.9561      1.004  274.29556  274.44487    26.7506    10.2859 -9.990e-29
 126.462274      1.031    12.7214  32.171484    26.9563      1.022  274.29558  274.44488    26.5327    10.2940 -9.990e-29
 126.462277      1.046    12.7214  32.171484    26.9563      1.036  274.29559  274.44489    26.7506    10.2899 -9.990e-29
 126.462280      1.064    12.7216  32.171484    26.9562      1.055  274.29465  274.44397    26.6261    10.2576 -9.990e-29
 126.462283      1.080    12.7216  32.171078    26.9558      1.071  274.29538  274.44471    26.7350    10.2333 -9.990e-29
 126.462286      1.104    12.7216  32.170962    26.9546      1.095  274.29560  274.44493    28.5871    10.6984 -9.990e-29
 126.462289      1.130    12.7209  32.169283    26.9547      1.119  274.30144  274.45074    28.4626    10.7186 0.0000e+00
 126.462292      1.157    12.7197  32.168646    26.9547      1.147  274.30796  274.45719    28.4938    10.6984 0.0000e+00
 126.462295      1.186    12.7182  32.165460    26.9548      1.175  274.32059  274.46974    28.5560    10.7186 -9.990e-29
 126.462297      1.210    12.7153  32.163838    26.9547      1.199  274.33612  274.48511    25.7233    10.1282 -9.990e-29
 126.462300      1.240    12.7121  32.162622    26.9562      1.229  274.35252  274.50131    25.8945    10.1120 0.0000e+00
 126.462303      1.266    12.7097  32.164244    26.9562      1.255  274.36008  274.50870    25.8945    10.0756 0.0000e+00
 126.462306      1.293    12.7087  32.162217    26.9578      1.282  274.36812  274.51670    26.0346    10.1403 -9.990e-29
 126.462309      1.317    12.7074  32.162275    26.9577      1.305  274.37404  274.52252    23.3264     9.6066 -9.990e-29
 126.462312      1.335    12.7063  32.163202    26.9593      1.323  274.37714  274.52555    23.2175     9.6591 -9.990e-29
 126.462315      1.357    12.7062  32.164245    26.9603      1.345  274.37594  274.52432    23.2953     9.6106 -9.990e-29
 126.462318      1.372    12.7073  32.166852    26.9619      1.360  274.36626  274.51470    23.3264     9.6470 -9.990e-29
 126.462321      1.390    12.7096  32.167663    26.9611      1.378  274.35473  274.50330    23.5910     9.7036 -9.990e-29
 126.462323      1.414    12.7116  32.168473    26.9604      1.401  274.34446  274.49315    23.4510     9.6753 -9.990e-29
 126.462326      1.436    12.7135  32.169053    26.9598      1.423  274.33491  274.48373    23.3887     9.6834 -9.990e-29
 126.462329      1.465    12.7151  32.170559    26.9592      1.452  274.32531  274.47421    23.5288     9.6753 0.0000e+00
 126.462332      1.492    12.7167  32.170501    26.9586      1.479  274.31848  274.46749    23.4976     9.6591 0.0000e+00
 126.462335      1.525    12.7179  32.170501    26.9577      1.512  274.31281  274.46190    23.2642     9.8047 0.0000e+00
 126.462338      1.558    12.7184  32.170675    26.9575      1.544  274.31063  274.45975    23.3887     9.7643 0.0000e+00
 126.462341      1.584    12.7187  32.170269    26.9572      1.570  274.31010  274.45924    23.2175     9.7683 0.0000e+00
 126.462344      1.613    12.7189  32.170675    26.9569      1.599  274.30814  274.45729    23.2642     9.8209 -9.990e-29
 126.462347      1.636    12.7189  32.170501    26.9570      1.622  274.30878  274.45793    25.4276    10.2131 -9.990e-29
 126.462350      1.658    12.7190  32.170906    26.9573      1.643  274.30744  274.45660    25.4743    10.1848 -9.990e-29
 126.462352      1.680    12.7189  32.168242    26.9549      1.665  274.31281  274.46199    25.3187    10.1848 -9.990e-29
 126.462355      1.691    12.7183  32.168879    26.9559      1.676  274.31422  274.46335    25.5521    10.1686 -9.990e-29
 126.462358      1.707    12.7174  32.168474    26.9562      1.692  274.31905  274.46813    26.7973    10.4153 -9.990e-29
 126.462361      1.727    12.7164  32.168068    26.9564      1.712  274.32389  274.47291    26.6727    10.3991 -9.990e-29
 126.462364      1.751    12.7155  32.167663    26.9567      1.735  274.32874  274.47770    26.5794    10.4113 -9.990e-29
 126.462367      1.774    12.7148  32.166620    26.9561      1.759  274.33376  274.48269    26.5949    10.3789 -9.990e-29
 126.462370      1.807    12.7139  32.165868    26.9558      1.791  274.33891  274.48779    26.6105    10.3870 0.0000e+00
 126.462373      1.838    12.7124  32.164014    26.9559      1.822  274.34886  274.49766    26.6727    10.3951 0.0000e+00
 126.462376      1.868    12.7104  32.162856    26.9559      1.851  274.36010  274.50877    26.7350    10.4032 0.0000e+00
 126.462378      1.895    12.7082  32.162798    26.9567      1.878  274.37001  274.51854    26.5171    10.3991 0.0000e+00
 126.462381      1.924    12.7067  32.162393    26.9574      1.907  274.37707  274.52551    26.8128    10.3870 -9.990e-29
 126.462384      1.948    12.7058  32.162219    26.9585      1.930  274.38150  274.52988    26.9996    10.5164 -9.990e-29
 126.462387      1.974    12.7051  32.162625    26.9594      1.956  274.38396  274.53229    26.8128    10.5083 -9.990e-29
 126.462390      1.997    12.7050  32.163031    26.9599      1.979  274.38389  274.53220    26.7039    10.5326 -9.990e-29
 126.462393      2.017    12.7052  32.164015    26.9606      1.999  274.38089  274.52921    27.0619    10.5204 -9.990e-29
 126.462396      2.034    12.7062  32.164421    26.9603      2.016  274.37607  274.52445    25.6611    10.2495 -9.990e-29
 126.462399      2.056    12.7070  32.164015    26.9597      2.038  274.37333  274.52177    25.6922    10.2657 -9.990e-29
 126.462402      2.082    12.7075  32.164826    26.9590      2.063  274.36938  274.51785    25.7700    10.2657 0.0000e+00
 126.462405      2.107    12.7079  32.163610    26.9594      2.088  274.36997  274.51848    25.7856    10.2253 0.0000e+00
 126.462407      2.135    12.7082  32.165058    26.9587      2.116  274.36584  274.51435    31.7311    11.2523 0.0000e+00
 126.462410      2.162    12.7084  32.164421    26.9587      2.143  274.36636  274.51489    31.7311    11.2968 0.0000e+00
 126.462413      2.191    12.7081  32.161988    26.9569      2.171  274.37196  274.52050    31.8556    11.2847 0.0000e+00
 126.462416      2.218    12.7070  32.161409    26.9568      2.198  274.37806  274.52653    31.7622    11.2847 0.0000e+00
 126.462419      2.251    12.7053  32.158861    26.9569      2.231  274.38988  274.53826    31.8712    11.2564 -9.990e-29
 126.462422      2.275    12.7027  32.158572    26.9572      2.255  274.40178  274.55000    32.9451    11.5233 -9.990e-29
 126.462425      2.300    12.7007  32.157993    26.9581      2.280  274.41167  274.55977    32.8050    11.4950 -9.990e-29
 126.462428      2.320    12.6990  32.155966    26.9575      2.300  274.42319  274.57118    32.7895    11.4788 -9.990e-29
 126.462431      2.340    12.6965  32.152549    26.9560      2.319  274.44002  274.58789    32.7895    11.4828 -9.990e-29
 126.462433      2.357    12.6933  32.152317    26.9581      2.336  274.45466  274.60232    37.5833    12.2147 -9.990e-29
 126.462436      2.379    12.6905  32.150291    26.9582      2.358  274.47060  274.61810    37.6611    12.1985 -9.990e-29
 126.462439      2.397    12.6878  32.148322    26.9584      2.376  274.48643  274.63377    37.4743    12.1985 -9.990e-29
 126.462442      2.421    12.6849  32.146179    26.9589      2.399  274.50290  274.65007    37.4120    12.1541 -9.990e-29
 126.462445      2.450    12.6818  32.144269    26.9585      2.428  274.52022  274.66720    36.2914    12.3967 0.0000e+00
 126.462448      2.477    12.6784  32.140852    26.9589      2.455  274.54148  274.68827    36.2292    12.4169 0.0000e+00
 126.462451      2.504    12.6742  32.141026    26.9612      2.482  274.55952  274.70604    35.9646    12.4007 0.0000e+00
 126.462454      2.539    12.6711  32.139058    26.9616      2.516  274.57694  274.72328    36.2603    12.4048 0.0000e+00
 126.462457      2.565    12.6688  32.138827    26.9630      2.542  274.58748  274.73367    34.8440    11.6405 0.0000e+00
 126.462459      2.592    12.6668  32.137611    26.9631      2.569  274.59851  274.74459    34.7039    11.6082 0.0000e+00
 126.462462      2.618    12.6653  32.138422    26.9633      2.595  274.60372  274.74969    34.7039    11.6122 -9.990e-29
 126.462465      2.643    12.6647  32.138827    26.9659      2.620  274.60555  274.75147    34.6261    11.6001 -9.990e-29
 126.462468      2.662    12.6647  32.138885    26.9660      2.638  274.60577  274.75169    34.7973    11.5839 -9.990e-29
 126.462471      2.684    12.6647  32.138422    26.9656      2.660  274.60661  274.75253    35.4665    11.8751 -9.990e-29
 126.462474      2.697    12.6645  32.137611    26.9650      2.672  274.60901  274.75493    35.5288    11.9034 -9.990e-29
 126.462477      2.713    12.6637  32.136627    26.9646      2.689  274.61425  274.76012    35.4510    11.8710 -9.990e-29
 126.462480      2.736    12.6629  32.135990    26.9646      2.712  274.61887  274.76470    35.4821    11.8831 -9.990e-29
 126.462483      2.764    12.6621  32.135411    26.9645      2.739  274.62340  274.76918    34.5638    11.6850 0.0000e+00
 126.462486      2.793    12.6611  32.134427    26.9645      2.768  274.62959  274.77532    34.5171    11.6931 0.0000e+00
 126.462488      2.821    12.6596  32.133790    26.9644      2.796  274.63738  274.78302    34.5327    11.6769 -9.990e-29
 126.462491      2.846    12.6585  32.134485    26.9672      2.821  274.64090  274.78646    34.5949    11.6688 -9.990e-29
 126.462494      2.876    12.6581  32.135180    26.9672      2.850  274.64158  274.78710    34.4548    11.5799 0.0000e+00
 126.462497      2.903    12.6583  32.135818    26.9672      2.877  274.63951  274.78505    34.5015    11.5960 -9.990e-29
 126.462500      2.928    12.6590  32.135818    26.9671      2.902  274.63637  274.78195    34.5015    11.5273 -9.990e-29
 126.462503      2.954    12.6596  32.135991    26.9668      2.927  274.63355  274.77917    34.5482    11.5475 -9.990e-29
 126.462506      2.978    12.6599  32.136397    26.9670      2.951  274.63158  274.77721    33.0074    11.5597 -9.990e-29
 126.462509      2.991    12.6604  32.135991    26.9663      2.964  274.63010  274.77576    32.9607    11.5516 -9.990e-29
 126.462512      3.011    12.6607  32.136802    26.9668      2.984  274.62740  274.77308    33.1008    11.5313 -9.990e-29
 126.462514      3.033    12.6612  32.137149    26.9668      3.005  274.62459  274.77030    33.1008    11.5516 -9.990e-29
 126.462517      3.049    12.6615  32.136628    26.9664      3.022  274.62426  274.76999    32.9607    11.5475 -9.990e-29
 126.462520      3.080    12.6620  32.137439    26.9664      3.052  274.62031  274.76607    34.6105    11.7214 0.0000e+00
 126.462523      3.109    12.6625  32.137844    26.9664      3.081  274.61740  274.76319    34.9218    11.7497 0.0000e+00
 126.462526      3.135    12.6627  32.137613    26.9660      3.107  274.61688  274.76268    34.7350    11.7457 0.0000e+00
 126.462529      3.166    12.6630  32.136802    26.9654      3.137  274.61739  274.76322    34.7661    11.7659 0.0000e+00
 126.462532      3.195    12.6626  32.136802    26.9654      3.166  274.61899  274.76480    39.0463    12.4937 0.0000e+00
 126.462535      3.222    12.6622  32.136629    26.9654      3.193  274.62090  274.76668    38.9529    12.5342 0.0000e+00
 126.462538      3.249    12.6617  32.135992    26.9653      3.220  274.62458  274.77033    39.0619    12.5220 0.0000e+00
 126.462541      3.275    12.6609  32.134429    26.9652      3.245  274.63085  274.77657    38.8595    12.5342 -9.990e-29
 126.462543      3.295    12.6595  32.132981    26.9640      3.265  274.63976  274.78540    39.9334    12.5544 -9.990e-29
 126.462546      3.315    12.6577  32.130144    26.9626      3.285  274.65273  274.79828    40.0891    12.5948 -9.990e-29
 126.462549      3.330    12.6548  32.128581    26.9633      3.300  274.66848  274.81385    39.8089    12.5746 -9.990e-29
 126.462552      3.350    12.6515  32.127539    26.9646      3.320  274.68488  274.83005    39.9490    12.5787 -9.990e-29
 126.462555      3.368    12.6488  32.127134    26.9662      3.338  274.69762  274.84262    40.9607    12.9547 -9.990e-29
 126.462558      3.390    12.6471  32.126729    26.9669      3.359  274.70594  274.85083    40.9451    12.9183 -9.990e-29
 126.462561      3.417    12.6459  32.125745    26.9673      3.386  274.71277  274.85759    40.9607    12.9062 0.0000e+00
 126.462564      3.443    12.6444  32.125456    26.9673      3.412  274.71994  274.86466    40.9607    12.9062 0.0000e+00
 126.462567      3.472    12.6434  32.124530    26.9677      3.441  274.72603  274.87070    40.8206    12.9345 -9.990e-29
 126.462569      3.495    12.6425  32.124761    26.9680      3.464  274.72974  274.87435    38.9218    12.3765 -9.990e-29
 126.462572      3.521    12.6417  32.123719    26.9680      3.490  274.73509  274.87966    38.8284    12.3805 0.0000e+00
 126.462575      3.547    12.6412  32.122098    26.9680      3.515  274.74053  274.88507    38.8284    12.3846 -9.990e-29
 126.462578      3.568    12.6399  32.121288    26.9671      3.537  274.74767  274.89214    38.8751    12.3846 -9.990e-29
 126.462581      3.589    12.6382  32.120709    26.9677      3.557  274.75598  274.90035    38.7973    12.7242 -9.990e-29
 126.462584      3.611    12.6367  32.120710    26.9688      3.578  274.76295  274.90721    38.9062    12.7080 -9.990e-29
 126.462587      3.629    12.6356  32.120652    26.9695      3.597  274.76781  274.91200    39.0307    12.7485 -9.990e-29
 126.462590      3.647    12.6353  32.121289    26.9703      3.615  274.76826  274.91243    38.7973    12.6878 -9.990e-29
 126.462593      3.671    12.6353  32.121289    26.9703      3.638  274.76796  274.91213    38.9062    12.5948 -9.990e-29
 126.462595      3.698    12.6355  32.121521    26.9703      3.665  274.76662  274.91080    39.0152    12.5584 0.0000e+00
 126.462598      3.731    12.6360  32.121926    26.9703      3.698  274.76371  274.90792    38.9529    12.5948 0.0000e+00
 126.462601      3.766    12.6364  32.122100    26.9703      3.732  274.76184  274.90607    38.9373    12.5827 0.0000e+00
 126.462604      3.800    12.6372  32.122737    26.9702      3.767  274.75725  274.90153    42.3926    12.6919 0.0000e+00
