Processed/SBE19plus_01907321_2022_05_11_Cast127_wfilter.cnv
* Sea-Bird SBE19plus  Data File:
* FileName = E:\Prandtl_Daten\2022\CTD\Raw\SBE19plus_01907321_2022_05_11_Cast127.hex
* Software version 2.6.1.12
* Temperature SN = 7321
* Conductivity SN = 7321
* System UpLoad Time = May 11 2022 10:15:12
* <ApplicationData>
* <Seaterm232>
** Messpraktikum 2022
** CTD 10.05  SW2
** NMEA Latitude = 54 04.82N
** NMEA Longitude = 008 29.53E
# nquan = 11
# nvalues = 354                         
# units = specified
# name 0 = timeJ: Julian Days
# name 1 = prdM: Pressure, Strain Gauge [db]
# name 2 = tv290C: Temperature [ITS-90, deg C]
# name 3 = c0mS/cm: Conductivity [mS/cm]
# name 4 = sal00: Salinity, Practical [PSU]
# name 5 = depSM: Depth [salt water, m], lat = 54.00
# name 6 = oxsatMm/Kg: Oxygen Saturation, Weiss [umol/kg]
# name 7 = oxsolMm/Kg: Oxygen Saturation, Garcia & Gordon [umol/kg]
# name 8 = turbWETntu0: Turbidity, WET Labs ECO [NTU]
# name 9 = flECO-AFL: Fluorescence, WET Labs ECO-AFL/FL [mg/m^3]
# name 10 = flag:  0.000e+00
# span 0 = 131.423278, 131.424300       
# span 1 =      0.482,     11.905       
# span 2 =    11.7271,    12.1296       
# span 3 =  32.703276,  33.076863       
# span 4 =    27.8866,    28.5390       
# span 5 =      0.478,     11.799       
# span 6 =  275.95676,  277.06851       
# span 7 =  276.06059,  277.13922       
# span 8 =    -2.5724,    12.7428       
# span 9 =     2.2108,     6.8690       
# span 10 = 0.0000e+00, 0.0000e+00      
# interval = seconds: 0.25
# start_time = May 11 2022 10:08:17 [Instrument's time stamp, header]
# bad_flag = -9.990e-29
*END*
 131.423278      0.482    12.0697  32.726426    27.9516      0.478  276.18427  276.28364     0.1513     3.2378 0.0000e+00
 131.423281      0.531    12.0615  32.730743    27.9618      0.527  276.21271  276.31145     0.0268     3.2581 0.0000e+00
 131.423284      0.586    12.0524  32.731152    27.9689      0.581  276.25233  276.35043    -0.1132     3.2581 0.0000e+00
 131.423287      0.648    12.0461  32.730745    27.9733      0.642  276.28135  276.37900     0.0891     3.1772 0.0000e+00
 131.423290      0.694    12.0423  32.732787    27.9757      0.688  276.29439  276.39175    -0.5646     3.2338 0.0000e+00
 131.423293      0.723    12.0389  32.730513    27.9780      0.716  276.31378  276.41093    -0.5179     3.2298 -9.990e-29
 131.423296      0.739    12.0357  32.731330    27.9815      0.733  276.32626  276.42317    -0.5490     3.2136 -9.990e-29
 131.423299      0.748    12.0333  32.731972    27.9839      0.742  276.33563  276.43237    -0.5490     3.2298 -9.990e-29
 131.423302      0.761    12.0317  32.731155    27.9844      0.754  276.34458  276.44121    -0.7669     3.2257 -9.990e-29
 131.423304      0.779    12.0305  32.732380    27.9867      0.772  276.34762  276.44415    -1.1716     2.8780 -9.990e-29
 131.423307      0.812    12.0297  32.732089    27.9866      0.805  276.35159  276.44807    -1.2027     2.9022 0.0000e+00
 131.423310      0.845    12.0292  32.731564    27.9866      0.838  276.35506  276.45150    -1.1249     2.8618 0.0000e+00
 131.423313      0.878    12.0288  32.730514    27.9864      0.870  276.35856  276.45499    -1.2650     2.9305 0.0000e+00
 131.423316      0.907    12.0286  32.730923    27.9859      0.899  276.35876  276.45517    -1.4518     3.3591 0.0000e+00
 131.423319      0.936    12.0285  32.729931    27.9855      0.928  276.36091  276.45733    -1.4206     3.2904 0.0000e+00
 131.423322      0.974    12.0289  32.724799    27.9803      0.966  276.36849  276.46499    -1.3117     3.3632 0.0000e+00
 131.423325      1.013    12.0307  32.719026    27.9736      1.004  276.37135  276.46804    -1.4206     3.3470 0.0000e+00
 131.423328      1.060    12.0361  32.716634    27.9673      1.051  276.35188  276.44898    -1.0004     2.7041 0.0000e+00
 131.423330      1.113    12.0444  32.711794    27.9564      1.103  276.32355  276.42130    -1.0627     2.7122 0.0000e+00
 131.423333      1.161    12.0552  32.712842    27.9493      1.150  276.27387  276.37236    -0.8759     2.7324 0.0000e+00
 131.423336      1.206    12.0623  32.715291    27.9478      1.195  276.23775  276.33673    -0.9537     2.7000 0.0000e+00
 131.423339      1.239    12.0630  32.716224    27.9463      1.228  276.23327  276.33228    -0.0977     2.9143 -9.990e-29
 131.423342      1.264    12.0619  32.710801    27.9423      1.253  276.24788  276.34687    -0.2378     2.9143 -9.990e-29
 131.423345      1.288    12.0653  32.709751    27.9388      1.276  276.23492  276.33416    -0.2845     2.9143 -9.990e-29
 131.423348      1.301    12.0709  32.706252    27.9313      1.289  276.21650  276.31617    -0.1444     2.8941 -9.990e-29
 131.423351      1.310    12.0771  32.706893    27.9273      1.298  276.18770  276.28781    -0.2378     2.9346 -9.990e-29
 131.423354      1.321    12.0824  32.706076    27.9226      1.309  276.16560  276.26609    -1.6697     2.9588 -9.990e-29
 131.423356      1.332    12.0862  32.705434    27.9191      1.320  276.15002  276.25078    -1.6385     2.8860 -9.990e-29
 131.423359      1.355    12.0892  32.706017    27.9158      1.343  276.13561  276.23658    -1.7475     2.9022 -9.990e-29
 131.423362      1.392    12.0908  32.705609    27.9168      1.379  276.12893  276.23003    -1.5763     2.8941 0.0000e+00
 131.423365      1.434    12.0915  32.708291    27.9158      1.421  276.12126  276.22237    -1.5452     2.9386 0.0000e+00
 131.423368      1.485    12.0915  32.706075    27.9157      1.472  276.12535  276.22648    -1.6230     2.9305 0.0000e+00
 131.423371      1.540    12.0931  32.706833    27.9152      1.526  276.11686  276.21810    -1.3428     2.9427 0.0000e+00
 131.423374      1.594    12.0951  32.706484    27.9134      1.580  276.10853  276.20992    -1.2339     2.9022 0.0000e+00
 131.423377      1.645    12.0965  32.706658    27.9125      1.631  276.10203  276.20352    -1.9187     2.4291 0.0000e+00
 131.423380      1.697    12.0981  32.706075    27.9107      1.681  276.09599  276.19759    -1.9498     2.4049 0.0000e+00
 131.423383      1.735    12.1002  32.705842    27.9098      1.720  276.08713  276.18888    -1.6230     2.3887 0.0000e+00
 131.423385      1.764    12.1026  32.706075    27.9089      1.749  276.07616  276.17808    -1.9809     2.3887 -9.990e-29
 131.423388      1.779    12.1057  32.703568    27.9026      1.763  276.06678  276.16895    -0.9381     3.0761 -9.990e-29
 131.423391      1.783    12.1104  32.703276    27.8989      1.767  276.04681  276.14931    -0.7825     3.1165 -9.990e-29
 131.423394      1.790    12.1163  32.703567    27.8947      1.774  276.01988  276.12280    -0.9537     3.0801 -9.990e-29
 131.423397      1.796    12.1228  32.703974    27.8903      1.780  275.99025  276.09362    -0.7981     3.0761 -9.990e-29
 131.423400      1.812    12.1271  32.703799    27.8866      1.796  275.97163  276.07530    -0.8915     3.0923 -9.990e-29
 131.423403      1.843    12.1286  32.704673    27.8867      1.827  275.96322  276.06699    -0.3778     3.2338 0.0000e+00
 131.423406      1.874    12.1296  32.705839    27.8869      1.857  275.95676  276.06059    -0.2222     3.2378 0.0000e+00
 131.423409      1.918    12.1275  32.708114    27.8906      1.900  275.96196  276.06562    -0.1288     3.2257 0.0000e+00
 131.423411      1.963    12.1211  32.712196    27.8993      1.946  275.98312  276.08627    -0.1132     3.2176 0.0000e+00
 131.423414      2.007    12.1137  32.715054    27.9074      1.989  276.01054  276.11315    -0.4868     3.1287 0.0000e+00
 131.423417      2.052    12.1060  32.719604    27.9175      2.034  276.03673  276.13874    -0.3934     3.1529 0.0000e+00
 131.423420      2.103    12.0950  32.724329    27.9301      2.085  276.07687  276.17806    -0.3000     3.1893 0.0000e+00
 131.423423      2.149    12.0826  32.724039    27.9391      2.130  276.13238  276.23269    -0.4557     3.1772 0.0000e+00
 131.423426      2.189    12.0753  32.724331    27.9419      2.170  276.16415  276.26395    -0.7825     3.0882 0.0000e+00
 131.423429      2.222    12.0702  32.725382    27.9448      2.202  276.18491  276.28433    -0.9070     3.0761 -9.990e-29
 131.423432      2.247    12.0678  32.724799    27.9508      2.227  276.19655  276.29581    -0.8759     3.0923 -9.990e-29
 131.423435      2.275    12.0650  32.728182    27.9561      2.254  276.20309  276.30212    -0.7514     3.1327 -9.990e-29
 131.423438      2.295    12.0613  32.729699    27.9603      2.274  276.21647  276.31522    -0.1911     3.4077 -9.990e-29
 131.423440      2.315    12.0569  32.730924    27.9647      2.294  276.23409  276.33252    -0.3934     3.4724 -9.990e-29
 131.423443      2.341    12.0526  32.730750    27.9678      2.320  276.25336  276.35148    -0.5179     3.3915 -9.990e-29
 131.423446      2.361    12.0498  32.731917    27.9743      2.340  276.26364  276.36156    -0.3778     3.3834 -9.990e-29
 131.423449      2.391    12.0467  32.733025    27.9761      2.370  276.27559  276.37327    -0.5179     3.3632 0.0000e+00
 131.423452      2.419    12.0432  32.734017    27.9777      2.397  276.28931  276.38672    -0.8136     3.2338 0.0000e+00
 131.423455      2.452    12.0408  32.731918    27.9779      2.430  276.30373  276.40100    -0.7202     3.2378 0.0000e+00
 131.423458      2.492    12.0388  32.734251    27.9814      2.470  276.30847  276.40558    -0.7514     3.1853 0.0000e+00
 131.423461      2.536    12.0370  32.735068    27.9835      2.513  276.31507  276.41203    -0.5024     3.2581 0.0000e+00
 131.423464      2.576    12.0363  32.735068    27.9840      2.553  276.31820  276.41512     1.2097     3.0842 0.0000e+00
 131.423466      2.616    12.0349  32.736818    27.9867      2.593  276.32122  276.41802     1.3965     3.0801 0.0000e+00
 131.423469      2.646    12.0325  32.736935    27.9885      2.622  276.33157  276.42820     1.3031     3.0761 0.0000e+00
 131.423472      2.675    12.0308  32.736119    27.9891      2.651  276.34084  276.43736     1.3654     3.1206 0.0000e+00
 131.423475      2.704    12.0295  32.736411    27.9903      2.680  276.34591  276.44233     0.2136     3.5735 0.0000e+00
 131.423478      2.730    12.0289  32.737753    27.9920      2.705  276.34626  276.44262     0.4315     3.5371 0.0000e+00
 131.423481      2.764    12.0281  32.737753    27.9926      2.739  276.34970  276.44600     0.2603     3.5128 0.0000e+00
 131.423484      2.795    12.0274  32.737753    27.9928      2.770  276.35282  276.44908     0.0891     3.5896 0.0000e+00
 131.423487      2.824    12.0268  32.736995    27.9931      2.799  276.35702  276.45324     0.5716     3.4238 0.0000e+00
 131.423490      2.859    12.0255  32.738162    27.9949      2.833  276.36080  276.45691     0.5249     3.4360 0.0000e+00
 131.423492      2.890    12.0241  32.737929    27.9957      2.864  276.36745  276.46347     0.4938     3.4360 0.0000e+00
 131.423495      2.926    12.0227  32.738804    27.9976      2.900  276.37207  276.46798     0.7272     3.4400 0.0000e+00
 131.423498      2.963    12.0214  32.738571    27.9983      2.936  276.37811  276.47393     0.5560     3.4602 0.0000e+00
 131.423501      3.001    12.0204  32.741021    28.0012      2.974  276.37829  276.47401    -0.1132     3.1367 0.0000e+00
 131.423504      3.036    12.0198  32.740438    28.0014      3.009  276.38186  276.47755     0.0268     3.0599 0.0000e+00
 131.423507      3.067    12.0192  32.741138    28.0023      3.039  276.38308  276.47872     0.1358     3.0640 0.0000e+00
 131.423510      3.096    12.0189  32.743296    28.0043      3.068  276.38069  276.47628     0.2603     3.1408 0.0000e+00
 131.423513      3.123    12.0188  32.742888    28.0046      3.095  276.38208  276.47767     0.4315     3.2055 0.0000e+00
 131.423516      3.151    12.0190  32.743530    28.0047      3.123  276.37999  276.47558     0.3692     3.2217 0.0000e+00
 131.423519      3.178    12.0187  32.744463    28.0058      3.150  276.37953  276.47510     0.3537     3.1731 0.0000e+00
 131.423521      3.213    12.0185  32.744930    28.0064      3.184  276.37932  276.47487     0.4315     3.2742 0.0000e+00
 131.423524      3.242    12.0180  32.744930    28.0068      3.213  276.38182  276.47733     0.8362     3.5937 0.0000e+00
 131.423527      3.273    12.0173  32.746797    28.0090      3.244  276.38152  276.47696     0.9607     3.5613 0.0000e+00
 131.423530      3.302    12.0161  32.746622    28.0098      3.273  276.38713  276.48249     0.6494     3.6462 0.0000e+00
 131.423533      3.335    12.0149  32.747031    28.0110      3.305  276.39167  276.48694     0.9296     3.5896 0.0000e+00
 131.423536      3.375    12.0142  32.748256    28.0110      3.345  276.39255  276.48776     0.3226     3.1246 0.0000e+00
 131.423539      3.417    12.0138  32.745864    28.0127      3.387  276.39883  276.49404     0.4626     3.1853 0.0000e+00
 131.423542      3.454    12.0138  32.748256    28.0130      3.423  276.39447  276.48965     0.4626     3.1327 0.0000e+00
 131.423545      3.485    12.0139  32.748431    28.0131      3.454  276.39386  276.48904     0.4159     3.2055 0.0000e+00
 131.423547      3.527    12.0137  32.750357    28.0133      3.495  276.39097  276.48612     0.2292     3.2014 0.0000e+00
 131.423550      3.556    12.0136  32.748432    28.0137      3.524  276.39515  276.49031     0.3226     2.8860 0.0000e+00
 131.423553      3.583    12.0135  32.748840    28.0137      3.551  276.39473  276.48988     0.4004     2.7971 0.0000e+00
 131.423556      3.609    12.0132  32.751524    28.0151      3.577  276.39106  276.48616     0.3537     2.8618 0.0000e+00
 131.423559      3.635    12.0127  32.749774    28.0164      3.602  276.39677  276.49185     0.5249     2.8941 -9.990e-29
 131.423562      3.658    12.0114  32.753391    28.0218      3.626  276.39572  276.49068     0.5093     3.1084 -9.990e-29
 131.423565      3.687    12.0103  32.754850    28.0219      3.655  276.39803  276.49288     0.5405     3.0599 0.0000e+00
 131.423568      3.716    12.0095  32.754441    28.0219      3.683  276.40221  276.49701     0.7272     3.0478 0.0000e+00
 131.423571      3.747    12.0092  32.755025    28.0219      3.714  276.40271  276.49748     0.6027     3.0721 0.0000e+00
 131.423573      3.778    12.0093  32.751758    28.0227      3.745  276.40811  276.50293    -0.4557     3.2459 0.0000e+00
 131.423576      3.817    12.0095  32.756309    28.0232      3.783  276.39885  276.49363    -0.4712     3.1974 0.0000e+00
 131.423579      3.849    12.0096  32.755842    28.0232      3.815  276.39942  276.49421    -0.3000     3.2581 0.0000e+00
 131.423582      3.886    12.0097  32.755900    28.0232      3.851  276.39902  276.49383    -0.5490     3.2500 0.0000e+00
 131.423585      3.917    12.0096  32.757709    28.0249      3.882  276.39603  276.49081    -0.6269     3.0033 0.0000e+00
 131.423588      3.951    12.0093  32.759985    28.0273      3.916  276.39343  276.48816    -0.4712     3.0478 0.0000e+00
 131.423591      3.979    12.0088  32.764302    28.0317      3.943  276.38769  276.48234    -0.8448     3.0559 0.0000e+00
 131.423594      4.019    12.0078  32.764711    28.0329      3.983  276.39131  276.48588    -0.6269     3.0761 0.0000e+00
 131.423597      4.057    12.0071  32.766578    28.0351      4.021  276.39100  276.48551    -0.8448     3.0276 0.0000e+00
 131.423600      4.092    12.0063  32.769963    28.0389      4.055  276.38822  276.48263    -0.7669     3.2014 0.0000e+00
 131.423602      4.121    12.0055  32.772764    28.0422      4.084  276.38682  276.48114    -0.6891     3.1691 0.0000e+00
 131.423605      4.148    12.0049  32.773173    28.0430      4.111  276.38887  276.48314    -0.6736     3.1529 0.0000e+00
 131.423608      4.176    12.0045  32.775682    28.0457      4.138  276.38614  276.48036    -0.6580     3.1367 0.0000e+00
 131.423611      4.208    12.0043  32.777491    28.0475      4.171  276.38346  276.47765    -1.0315     3.2581 0.0000e+00
 131.423614      4.241    12.0042  32.783502    28.0532      4.204  276.37276  276.46687    -1.0471     3.2298 0.0000e+00
 131.423617      4.278    12.0041  32.785137    28.0549      4.240  276.37040  276.46448    -0.8292     3.2176 0.0000e+00
 131.423620      4.312    12.0039  32.786479    28.0553      4.274  276.36889  276.46294    -0.9226     3.2176 0.0000e+00
 131.423623      4.340    12.0038  32.785370    28.0558      4.301  276.37156  276.46562    -0.6113     3.0154 0.0000e+00
 131.423626      4.371    12.0041  32.787413    28.0553      4.332  276.36628  276.46034    -0.9381     3.0518 -9.990e-29
 131.423628      4.396    12.0044  32.789806    28.0590      4.357  276.36067  276.45472    -0.6736     3.0518 -9.990e-29
 131.423631      4.418    12.0045  32.791148    28.0603      4.379  276.35791  276.45195    -0.7514     3.0154 -9.990e-29
 131.423634      4.442    12.0043  32.793366    28.0618      4.402  276.35447  276.44848    -0.9070     2.7566 -9.990e-29
 131.423637      4.473    12.0041  32.792549    28.0629      4.433  276.35692  276.45093    -0.9070     2.7566 0.0000e+00
 131.423640      4.510    12.0042  32.794943    28.0640      4.469  276.35193  276.44592    -0.9070     2.8092 0.0000e+00
 131.423643      4.545    12.0041  32.797920    28.0669      4.504  276.34711  276.44106    -0.8292     2.8092 0.0000e+00
 131.423646      4.588    12.0038  32.797745    28.0670      4.547  276.34901  276.44293    -0.8759     2.7930 0.0000e+00
 131.423649      4.629    12.0035  32.800196    28.0695      4.587  276.34577  276.43965    -0.8759     3.2621 0.0000e+00
 131.423652      4.667    12.0035  32.804108    28.0730      4.625  276.33862  276.43245    -0.9693     3.2459 0.0000e+00
 131.423655      4.703    12.0032  32.803699    28.0732      4.661  276.34063  276.43445    -1.1560     3.2419 0.0000e+00
