Processed/SBE19plus_01907321_2022_05_04_Cast16_wfilter.cnv
* Sea-Bird SBE19plus  Data File:
* FileName = E:\Prandtl Daten\2022\CTD\Raw\SBE19plus_01907321_2022_05_04_Cast16.hex
* Software version 2.6.1.12
* Temperature SN = 7321
* Conductivity SN = 7321
* System UpLoad Time = May 04 2022 10:24:03
* <ApplicationData>
* <Seaterm232>
** Messpraktikum 2022
** CTD 04.05 NE2
# nquan = 11
# nvalues = 306                         
# units = specified
# name 0 = timeJ: Julian Days
# name 1 = prdM: Pressure, Strain Gauge [db]
# name 2 = tv290C: Temperature [ITS-90, deg C]
# name 3 = c0mS/cm: Conductivity [mS/cm]
# name 4 = sal00: Salinity, Practical [PSU]
# name 5 = depSM: Depth [salt water, m], lat = 54.00
# name 6 = oxsatMm/Kg: Oxygen Saturation, Weiss [umol/kg]
# name 7 = oxsolMm/Kg: Oxygen Saturation, Garcia & Gordon [umol/kg]
# name 8 = turbWETntu0: Turbidity, WET Labs ECO [NTU]
# name 9 = flECO-AFL: Fluorescence, WET Labs ECO-AFL/FL [mg/m^3]
# name 10 = flag:  0.000e+00
# span 0 = 124.429899, 124.430781       
# span 1 =      0.506,      8.502       
# span 2 =    11.5763,    11.6953       
# span 3 =  26.406858,  27.091405       
# span 4 =    22.2864,    22.9911       
# span 5 =      0.502,      8.425       
# span 6 =  288.93203,  289.77942       
# span 7 =  289.06309,  289.92013       
# span 8 =    44.5249,   144.5249       
# span 9 =    11.2079,    15.5871       
# span 10 = 0.0000e+00, 0.0000e+00      
# interval = seconds: 0.25
# start_time = May 04 2022 10:17:29 [Instrument's time stamp, header]
# bad_flag = -9.990e-29
*END*
[from data line 263]
 124.430660      7.392    11.5947  27.078327    22.9691      7.326  288.96356  289.09241    87.9179    15.1828 0.0000e+00
 124.430663      7.419    11.5943  27.076754    22.9691      7.353  288.96829  289.09713    87.8712    15.2070 0.0000e+00
 124.430666      7.445    11.5945  27.076646    22.9685      7.378  288.96782  289.09667    85.1319    14.5600 -9.990e-29
 124.430668      7.470    11.5947  27.077080    22.9695      7.403  288.96598  289.09483    85.2408    14.5843 -9.990e-29
 124.430671      7.498    11.5948  27.078165    22.9701      7.431  288.96324  289.09210    85.1786    14.6166 0.0000e+00
 124.430674      7.525    11.5949  27.079521    22.9705      7.458  288.96034  289.08919    85.0385    14.6409 0.0000e+00
 124.430677      7.552    11.5950  27.079412    22.9707      7.485  288.96022  289.08907    87.8401    15.5184 0.0000e+00
 124.430680      7.578    11.5946  27.080606    22.9718      7.510  288.95970  289.08852    87.9023    15.5305 0.0000e+00
 124.430683      7.607    11.5944  27.080769    22.9720      7.539  288.96045  289.08925    87.8089    15.5184 0.0000e+00
 124.430686      7.633    11.5941  27.080064    22.9721      7.565  288.96353  289.09232    87.9023    15.4901 -9.990e-29
 124.430689      7.651    11.5941  27.080335    22.9719      7.583  288.96303  289.09181    96.5093    15.5346 -9.990e-29
 124.430692      7.675    11.5938  27.079901    22.9717      7.606  288.96525  289.09402    96.6650    14.2204 -9.990e-29
 124.430694      7.697    11.5934  27.078653    22.9699      7.628  288.96936  289.09812    96.5871    14.2163 -9.990e-29
 124.430697      7.722    11.5932  27.077623    22.9697      7.653  288.97237  289.10113    96.6650    14.2244 0.0000e+00
 124.430700      7.748    11.5933  27.077406    22.9699      7.679  288.97245  289.10122    96.5405    14.2285 0.0000e+00
 124.430703      7.777    11.5930  27.078654    22.9709      7.708  288.97148  289.10022   102.9840    14.0465 0.0000e+00
 124.430706      7.807    11.5926  27.080227    22.9724      7.737  288.97059  289.09929   102.9529    14.0465 0.0000e+00
 124.430709      7.834    11.5915  27.079251    22.9725      7.764  288.97800  289.10663   102.8284    14.0061 0.0000e+00
 124.430712      7.862    11.5908  27.080390    22.9724      7.791  288.97966  289.10824   102.9373    14.0263 -9.990e-29
 124.430715      7.887    11.5897  27.080933    22.9751      7.817  288.98383  289.11234   120.3692    13.8888 -9.990e-29
 124.430718      7.920    11.5888  27.080770    22.9755      7.849  288.98900  289.11745   120.2292    13.8322 -9.990e-29
 124.430720      7.942    11.5876  27.081258    22.9767      7.871  288.99397  289.12234   120.3692    13.8443 -9.990e-29
 124.430723      7.966    11.5862  27.080608    22.9769      7.894  289.00249  289.13077   120.3537    13.8524 -9.990e-29
 124.430726      7.989    11.5853  27.079035    22.9760      7.918  289.00998  289.13823   118.5482    14.3457 -9.990e-29
 124.430729      8.015    11.5844  27.080228    22.9776      7.944  289.01189  289.14007   118.7350    14.3376 -9.990e-29
 124.430732      8.035    11.5841  27.083863    22.9824      7.963  289.00673  289.13485   118.7506    14.3498 -9.990e-29
 124.430735      8.062    11.5836  27.084785    22.9817      7.990  289.00742  289.13550   118.5327    14.4104 0.0000e+00
 124.430738      8.088    11.5831  27.083049    22.9811      8.016  289.01315  289.14122   118.6416    14.3659 0.0000e+00
 124.430741      8.119    11.5828  27.081476    22.9811      8.046  289.01788  289.14595   117.0696    14.3053 0.0000e+00
 124.430744      8.147    11.5826  27.086630    22.9823      8.074  289.00881  289.13681   117.1475    14.3336 0.0000e+00
 124.430747      8.177    11.5825  27.086359    22.9847      8.104  289.01004  289.13803   117.3187    14.3457 -9.990e-29
 124.430749      8.197    11.5824  27.087227    22.9854      8.124  289.00909  289.13707   117.0852    14.3376 -9.990e-29
 124.430752      8.217    11.5824  27.087607    22.9857      8.144  289.00838  289.13636   127.6844    13.6623 -9.990e-29
 124.430755      8.238    11.5818  27.090699    22.9890      8.164  289.00529  289.13320   127.7467    13.6462 -9.990e-29
 124.430758      8.254    11.5813  27.090211    22.9888      8.180  289.00865  289.13653   127.4821    13.6421 -9.990e-29
 124.430761      8.272    11.5807  27.090916    22.9898      8.198  289.01044  289.13827   127.7467    13.6462 -9.990e-29
 124.430764      8.290    11.5798  27.091405    22.9908      8.216  289.01402  289.14179   136.3848    13.2256 -9.990e-29
 124.430767      8.307    11.5789  27.089560    22.9911      8.232  289.02202  289.14976   136.3226    13.2216 -9.990e-29
 124.430770      8.334    11.5781  27.090537    22.9909      8.260  289.02434  289.15201   136.3226    13.2014 0.0000e+00
 124.430773      8.362    11.5775  27.089832    22.9911      8.287  289.02881  289.15645   136.3226    13.2135 0.0000e+00
 124.430775      8.400    11.5770  27.090049    22.9908      8.324  289.03084  289.15845   144.5249    13.3227 0.0000e+00
 124.430778      8.449    11.5765  27.088259    22.9899      8.373  289.03669  289.16429   144.4004    13.3308 0.0000e+00
 124.430781      8.502    11.5763  27.088096    22.9898      8.425  289.03807  289.16565   144.3226    13.3186 0.0000e+00
