Processed/SBE19plus_01907321_2022_05_11_Cast125_wfilter.cnv
* Sea-Bird SBE19plus  Data File:
* FileName = E:\Prandtl_Daten\2022\CTD\Raw\SBE19plus_01907321_2022_05_11_Cast125.hex
* Software version 2.6.1.12
* Temperature SN = 7321
* Conductivity SN = 7321
* System UpLoad Time = May 11 2022 09:21:57
* <ApplicationData>
* <Seaterm232>
** Messpraktikum 2022
** CTD 10.05  KFN2
** NMEA Latitude = 54 06.14N
** NMEA Longitude = 008 35.89E
# nquan = 11
# nvalues = 493                         
# units = specified
# name 0 = timeJ: Julian Days
# name 1 = prdM: Pressure, Strain Gauge [db]
# name 2 = tv290C: Temperature [ITS-90, deg C]
# name 3 = c0mS/cm: Conductivity [mS/cm]
# name 4 = sal00: Salinity, Practical [PSU]
# name 5 = depSM: Depth [salt water, m], lat = 54.00
# name 6 = oxsatMm/Kg: Oxygen Saturation, Weiss [umol/kg]
# name 7 = oxsolMm/Kg: Oxygen Saturation, Garcia & Gordon [umol/kg]
# name 8 = turbWETntu0: Turbidity, WET Labs ECO [NTU]
# name 9 = flECO-AFL: Fluorescence, WET Labs ECO-AFL/FL [mg/m^3]
# name 10 = flag:  0.000e+00
# span 0 = 131.385130, 131.386554       
# span 1 =      0.464,     16.018       
# span 2 =    12.2109,    12.8828       
# span 3 =  31.449596,  31.930453       
# span 4 =    26.2794,    27.0373       
# span 5 =      0.460,     15.874       
# span 6 =  274.10813,  277.12613       
# span 7 =  274.27019,  277.24447       
# span 8 =     0.9140,   351.0307       
# span 9 =     5.0858,    12.0247       
# span 10 = 0.0000e+00, 0.0000e+00      
# interval = seconds: 0.25
# start_time = May 11 2022 09:13:18 [Instrument's time stamp, header]
# bad_flag = -9.990e-29
*END*
[from data line 132]
 131.385512      4.646    12.7489  31.569359    26.3788      4.604  275.24400  275.40082     2.3148     7.4190 0.0000e+00
 131.385515      4.699    12.7498  31.569991    26.3788      4.657  275.23875  275.39563     2.0657     8.1064 0.0000e+00
 131.385518      4.759    12.7506  31.570567    26.3787      4.716  275.23425  275.39117     2.0969     8.1064 0.0000e+00
 131.385521      4.815    12.7507  31.570164    26.3783      4.772  275.23468  275.39161     2.0657     8.0821 0.0000e+00
 131.385524      4.868    12.7509  31.570394    26.3783      4.825  275.23303  275.38997     1.9257     8.1145 0.0000e+00
 131.385527      4.919    12.7511  31.570164    26.3780      4.875  275.23283  275.38978     2.5015     7.3543 0.0000e+00
 131.385530      4.958    12.7508  31.569014    26.3771      4.913  275.23617  275.39312     2.5482     7.3502 0.0000e+00
 131.385532      4.998    12.7506  31.567634    26.3765      4.953  275.23960  275.39655     2.4860     7.3502 0.0000e+00
 131.385535      5.027    12.7503  31.567807    26.3759      4.982  275.24060  275.39753     2.5327     7.2896 -9.990e-29
 131.385538      5.049    12.7502  31.569992    26.3784      5.004  275.23705  275.39396     2.7194     6.8569 -9.990e-29
 131.385541      5.065    12.7505  31.568785    26.3770      5.020  275.23793  275.39486     2.7506     6.8488 -9.990e-29
 131.385544      5.076    12.7511  31.570395    26.3781      5.031  275.23252  275.38947     2.8595     6.8326 -9.990e-29
 131.385547      5.085    12.7514  31.572523    26.3799      5.040  275.22747  275.38442     2.8284     6.8448 -9.990e-29
 131.385550      5.096    12.7524  31.576664    26.3830      5.051  275.21565  275.37263     2.8595     6.8892 -9.990e-29
 131.385553      5.111    12.7534  31.574938    26.3807      5.065  275.21393  275.37099     2.4548     6.5941 -9.990e-29
 131.385556      5.131    12.7545  31.581034    26.3855      5.085  275.19833  275.35540     2.6883     6.5698 -9.990e-29
 131.385558      5.153    12.7556  31.582817    26.3862      5.107  275.19038  275.34751     2.4237     6.5698 -9.990e-29
 131.385561      5.180    12.7567  31.583393    26.3862      5.134  275.18458  275.34177     2.6416     6.5577 0.0000e+00
 131.385564      5.220    12.7575  31.584198    26.3862      5.174  275.17934  275.33658     2.2369     6.6143 0.0000e+00
 131.385567      5.260    12.7582  31.584601    26.3863      5.213  275.17578  275.33305     2.0657     6.5536 0.0000e+00
 131.385570      5.306    12.7589  31.586154    26.3872      5.258  275.16986  275.32716     2.2525     6.6143 0.0000e+00
 131.385573      5.355    12.7595  31.590525    26.3907      5.307  275.15926  275.31656     2.2058     6.5860 0.0000e+00
 131.385576      5.397    12.7607  31.594494    26.3934      5.349  275.14713  275.30447     2.4393     6.5900 0.0000e+00
 131.385579      5.428    12.7622  31.595472    26.3936      5.379  275.13838  275.29582     2.3303     6.5536 0.0000e+00
 131.385582      5.455    12.7637  31.598809    26.3954      5.407  275.12609  275.28358     2.2836     6.5375 0.0000e+00
 131.385584      5.486    12.7653  31.601398    26.3954      5.437  275.11417  275.27174     2.2525     6.5051 0.0000e+00
 131.385587      5.516    12.7669  31.600592    26.3948      5.466  275.10826  275.26595     1.5988     6.5294 0.0000e+00
 131.385590      5.554    12.7682  31.601167    26.3944      5.504  275.10183  275.25959     1.4587     6.4889 0.0000e+00
 131.385593      5.596    12.7689  31.600765    26.3942      5.546  275.09905  275.25687     1.3965     6.5496 0.0000e+00
 131.385596      5.638    12.7689  31.601570    26.3942      5.588  275.09765  275.25546     1.3965     6.5455 0.0000e+00
 131.385599      5.685    12.7691  31.603757    26.3961      5.635  275.09317  275.25096     1.4743     6.5415 0.0000e+00
 131.385602      5.742    12.7701  31.609913    26.4011      5.691  275.07782  275.23562     1.6922     6.2099 0.0000e+00
 131.385605      5.791    12.7716  31.618601    26.4066      5.740  275.05574  275.21356     1.8167     6.2220 0.0000e+00
 131.385608      5.833    12.7750  31.619579    26.4074      5.781  275.03901  275.19703     1.7389     6.1978 0.0000e+00
 131.385611      5.870    12.7778  31.625679    26.4066      5.817  275.01545  275.17359     1.8634     6.1978 -9.990e-29
 131.385613      5.888    12.7808  31.627693    26.4100      5.835  274.99847  275.15679     3.6377     6.0482 -9.990e-29
 131.385616      5.893    12.7833  31.631433    26.4117      5.841  274.98066  275.13911     3.4976     5.9916 -9.990e-29
 131.385619      5.891    12.7855  31.641563    26.4195      5.839  274.95282  275.11131     3.5599     6.0320 -9.990e-29
 131.385622      5.886    12.7895  31.648642    26.4232      5.833  274.92239  275.08107     3.6844     6.0320 -9.990e-29
 131.385625      5.890    12.7940  31.656183    26.4271      5.837  274.88923  275.04813     2.0191     6.1210 -9.990e-29
 131.385628      5.900    12.7988  31.659752    26.4270      5.848  274.86152  275.02069     2.1124     6.1533 -9.990e-29
 131.385631      5.924    12.8029  31.666891    26.4281      5.871  274.83070  274.99006     2.2681     6.1776 -9.990e-29
 131.385634      5.966    12.8066  31.666891    26.4294      5.913  274.81412  274.97372     2.2058     6.1614 0.0000e+00
 131.385637      6.015    12.8094  31.671842    26.4307      5.962  274.79293  274.95266     1.1319     5.5063 0.0000e+00
 131.385639      6.075    12.8119  31.676218    26.4330      6.021  274.77405  274.93390     0.9140     5.4901 0.0000e+00
 131.385642      6.130    12.8143  31.680767    26.4343      6.075  274.75519  274.91515     1.1475     5.4861 0.0000e+00
 131.385645      6.190    12.8167  31.681343    26.4343      6.135  274.74367  274.90378     1.1319     5.5063 0.0000e+00
 131.385648      6.238    12.8186  31.682725    26.4342      6.182  274.73263  274.89285     1.0696     5.5185 0.0000e+00
 131.385651      6.274    12.8197  31.681919    26.4335      6.218  274.72929  274.88959     1.0074     5.9309 0.0000e+00
 131.385654      6.302    12.8205  31.682322    26.4327      6.245  274.72508  274.88543     1.2253     5.9147 -9.990e-29
 131.385657      6.318    12.8208  31.678176    26.4285      6.261  274.73115  274.89154     0.9918     5.9713 -9.990e-29
 131.385660      6.333    12.8204  31.678982    26.4295      6.276  274.73133  274.89170     1.1008     5.9916 -9.990e-29
 131.385663      6.353    12.8198  31.679731    26.4303      6.296  274.73257  274.89290     2.5015     5.5387 -9.990e-29
 131.385666      6.380    12.8195  31.679155    26.4297      6.323  274.73520  274.89551     2.6261     5.5468 0.0000e+00
 131.385668      6.411    12.8193  31.677773    26.4303      6.354  274.73862  274.89893     2.4237     5.4659 0.0000e+00
 131.385671      6.451    12.8192  31.681516    26.4327      6.393  274.73235  274.89262     2.4237     5.4699 0.0000e+00
 131.385674      6.495    12.8198  31.686296    26.4366      6.437  274.72138  274.88164     1.4899     5.6115 0.0000e+00
 131.385677      6.541    12.8212  31.689291    26.4384      6.482  274.70973  274.87005     1.4899     5.6479 0.0000e+00
 131.385680      6.583    12.8228  31.694244    26.4418      6.524  274.69397  274.85435     1.6455     5.6438 0.0000e+00
 131.385683      6.623    12.8246  31.696202    26.4424      6.564  274.68256  274.84303     1.4432     5.5912 0.0000e+00
 131.385686      6.652    12.8265  31.704727    26.4457      6.593  274.65889  274.81941     1.7389     5.7489 0.0000e+00
 131.385689      6.683    12.8297  31.721549    26.4489      6.623  274.61483  274.77539     1.4899     5.7975 -9.990e-29
 131.385692      6.707    12.8344  31.720050    26.4574      6.647  274.59642  274.75731     1.6144     5.7206 -9.990e-29
 131.385694      6.719    12.8374  31.721836    26.4570      6.659  274.57987  274.74093     1.6299     5.7166 -9.990e-29
 131.385697      6.730    12.8394  31.720396    26.4543      6.670  274.57381  274.73500     1.7078     5.7934 -9.990e-29
 131.385700      6.752    12.8403  31.731113    26.4703      6.692  274.55075  274.71190     4.3692     5.7045 -9.990e-29
 131.385703      6.778    12.8424  31.740102    26.4697      6.717  274.52564  274.68684     4.5560     5.6762 0.0000e+00
 131.385706      6.803    12.8458  31.741254    26.4690      6.743  274.50863  274.67003     4.2136     5.6640 0.0000e+00
 131.385709      6.834    12.8481  31.741081    26.4682      6.773  274.49874  274.66029     4.4159     5.6923 0.0000e+00
 131.385712      6.874    12.8493  31.743041    26.4682      6.813  274.48989  274.65150     2.0346     6.1088 0.0000e+00
 131.385715      6.911    12.8503  31.748228    26.4706      6.849  274.47629  274.63792     2.2214     6.0724 0.0000e+00
 131.385718      6.957    12.8519  31.747651    26.4717      6.895  274.47000  274.63173     2.1903     6.0684 0.0000e+00
 131.385720      6.999    12.8529  31.749611    26.4706      6.936  274.46210  274.62388     1.9568     6.0684 0.0000e+00
 131.385723      7.039    12.8539  31.746844    26.4705      6.976  274.46286  274.62473     2.0191     5.8703 0.0000e+00
 131.385726      7.081    12.8545  31.749611    26.4704      7.017  274.45513  274.61702     1.7389     5.8986 0.0000e+00
 131.385729      7.115    12.8549  31.749784    26.4705      7.052  274.45293  274.61484     1.7700     5.8622 0.0000e+00
 131.385732      7.143    12.8556  31.752608    26.4704      7.079  274.44510  274.60702     1.7545     5.9390 -9.990e-29
 131.385735      7.165    12.8564  31.753011    26.4723      7.100  274.44057  274.60255     1.7233     5.6034 -9.990e-29
 131.385738      7.188    12.8573  31.756182    26.4746      7.124  274.43117  274.59317     1.7856     5.5225 -9.990e-29
 131.385741      7.207    12.8585  31.759928    26.4769      7.142  274.41947  274.58150     1.4276     5.5670 -9.990e-29
 131.385744      7.236    12.8598  31.760562    26.4776      7.171  274.41230  274.57443     1.5210     5.5912 0.0000e+00
 131.385747      7.276    12.8607  31.762753    26.4782      7.211  274.40432  274.56648     1.5054     5.5427 0.0000e+00
 131.385749      7.322    12.8615  31.766327    26.4805      7.256  274.39454  274.55671     1.9101     5.8096 0.0000e+00
 131.385752      7.373    12.8627  31.766730    26.4805      7.307  274.38875  274.55100     1.7700     5.8703 0.0000e+00
 131.385755      7.424    12.8638  31.766903    26.4799      7.358  274.38370  274.54601     1.7389     5.8136 0.0000e+00
 131.385758      7.471    12.8643  31.766903    26.4795      7.405  274.38118  274.54353     1.7389     5.8096 0.0000e+00
 131.385761      7.513    12.8645  31.765289    26.4787      7.446  274.38309  274.54547     1.3187     5.2475 0.0000e+00
 131.385764      7.548    12.8645  31.766096    26.4778      7.480  274.38201  274.54438     1.5210     5.2273 -9.990e-29
 131.385767      7.566    12.8644  31.765289    26.4779      7.498  274.38376  274.54613     1.4587     5.2192 -9.990e-29
 131.385770      7.568    12.8642  31.762926    26.4759      7.500  274.38889  274.55127     1.3498     5.2516 -9.990e-29
 131.385773      7.568    12.8641  31.761946    26.4750      7.500  274.39094  274.55332     1.1163     5.9592 -9.990e-29
 131.385775      7.562    12.8637  31.760159    26.4737      7.495  274.39600  274.55837     1.1786     5.9188 -9.990e-29
 131.385778      7.560    12.8633  31.757738    26.4717      7.493  274.40218  274.56455     0.9607     5.9633 -9.990e-29
 131.385781      7.575    12.8628  31.756586    26.4710      7.507  274.40646  274.56880     1.0074     5.9147 -9.990e-29
 131.385784      7.598    12.8624  31.756586    26.4724      7.530  274.40807  274.57039     2.2836     5.3931 -9.990e-29
 131.385787      7.644    12.8618  31.757393    26.4714      7.576  274.40922  274.57150     2.3303     5.4214 0.0000e+00
 131.385790      7.695    12.8613  31.754799    26.4722      7.626  274.41606  274.57833     2.2214     5.4416 0.0000e+00
 131.385793      7.759    12.8610  31.756586    26.4713      7.689  274.41423  274.57647     2.2525     5.4740 0.0000e+00
 131.385796      7.832    12.8606  31.755376    26.4713      7.762  274.41832  274.58054     2.3615     5.4295 0.0000e+00
 131.385799      7.897    12.8600  31.754570    26.4713      7.827  274.42234  274.58453     1.6922     5.1222 0.0000e+00
 131.385802      7.957    12.8597  31.760968    26.4771      7.886  274.41269  274.57480     1.7545     5.1060 0.0000e+00
 131.385804      8.005    12.8600  31.770076    26.4812      7.933  274.39538  274.55742     1.9568     5.0858 0.0000e+00
 131.385807      8.038    12.8616  31.782817    26.4853      7.966  274.36559  274.52762     1.7389     5.1181 -9.990e-29
 131.385810      8.051    12.8637  31.791582    26.5025      7.979  274.34090  274.50298     2.2525     5.3001 -9.990e-29
 131.385813      8.060    12.8663  31.799136    26.5076      7.988  274.31611  274.47828     2.2836     5.2880 -9.990e-29
 131.385816      8.065    12.8685  31.796368    26.5035      7.993  274.31111  274.47345     2.4548     5.3446 -9.990e-29
 131.385819      8.074    12.8696  31.804499    26.5102      8.002  274.29168  274.45402     2.1903     5.3041 -9.990e-29
 131.385822      8.089    12.8710  31.815862    26.5197      8.017  274.26560  274.42793     2.1903     5.2880 -9.990e-29
 131.385825      8.109    12.8729  31.820072    26.5247      8.037  274.24959  274.41200     2.4237     5.2920 -9.990e-29
 131.385828      8.142    12.8749  31.824226    26.5254      8.069  274.23369  274.39618     2.3459     5.3203 0.0000e+00
 131.385830      8.177    12.8765  31.826995    26.5254      8.104  274.22150  274.38407     2.2836     5.3405 0.0000e+00
 131.385833      8.219    12.8777  31.827225    26.5254      8.145  274.21602  274.37867     2.2214     5.6721 0.0000e+00
 131.385836      8.262    12.8785  31.827629    26.5252      8.188  274.21152  274.37421     2.1903     5.6923 0.0000e+00
 131.385839      8.306    12.8790  31.824456    26.5222      8.232  274.21522  274.37797     1.9879     5.6519 0.0000e+00
 131.385842      8.346    12.8793  31.825033    26.5222      8.272  274.21264  274.37541     2.0502     5.6964 0.0000e+00
 131.385845      8.383    12.8795  31.827630    26.5234      8.308  274.20745  274.37020     2.0346     5.6681 0.0000e+00
 131.385848      8.408    12.8800  31.830399    26.5245      8.333  274.20004  274.36280     2.6572     5.4618 -9.990e-29
 131.385851      8.428    12.8807  31.833226    26.5288      8.353  274.19220  274.35498     2.7039     5.4538 -9.990e-29
 131.385854      8.448    12.8813  31.835764    26.5307      8.373  274.18488  274.34767     2.5949     5.4254 -9.990e-29
 131.385856      8.470    12.8818  31.838188    26.5375      8.394  274.17839  274.34120     2.4237     5.4295 -9.990e-29
 131.385859      8.497    12.8823  31.843958    26.5393      8.421  274.16601  274.32880     3.6222     5.3931 0.0000e+00
 131.385862      8.525    12.8826  31.847939    26.5410      8.448  274.15774  274.32051     3.8868     5.4335 0.0000e+00
 131.385865      8.563    12.8828  31.852960    26.5455      8.486  274.14829  274.31102     3.8089     5.4254 0.0000e+00
 131.385868      8.605    12.8828  31.854749    26.5471      8.528  274.14516  274.30788     3.9490     5.4254 0.0000e+00
 131.385871      8.654    12.8826  31.861097    26.5530      8.577  274.13465  274.29729     7.8245     6.3878 0.0000e+00
 131.385874      8.704    12.8820  31.867908    26.5597      8.626  274.12555  274.28809     7.7934     6.3878 0.0000e+00
 131.385877      8.753    12.8807  31.878298    26.5702      8.674  274.11301  274.27537     7.7467     6.3474 0.0000e+00
 131.385880      8.802    12.8775  31.889036    26.5823      8.723  274.10813  274.27019     7.6533     6.3636 0.0000e+00
 131.385883      8.839    12.8719  31.889845    26.5847      8.760  274.13186  274.29356     8.5871     6.7720 0.0000e+00
 131.385885      8.864    12.8677  31.901451    26.5870      8.785  274.12988  274.29120     8.4626     6.7032 -9.990e-29
