Processed/SBE19plus_01907321_2022_05_04_Cast06_wfilter.cnv
* Sea-Bird SBE19plus  Data File:
* FileName = E:\Prandtl Daten\2022\CTD\Raw\SBE19plus_01907321_2022_05_04_Cast06.hex
* Software version 2.6.1.12
* Temperature SN = 7321
* Conductivity SN = 7321
* System UpLoad Time = May 04 2022 05:53:20
* <ApplicationData>
* <Seaterm232>
** Messpraktikum 2022
** CTD 04.05 BM
# nquan = 11
# nvalues = 579                         
# units = specified
# name 0 = timeJ: Julian Days
# name 1 = prdM: Pressure, Strain Gauge [db]
# name 2 = tv290C: Temperature [ITS-90, deg C]
# name 3 = c0mS/cm: Conductivity [mS/cm]
# name 4 = sal00: Salinity, Practical [PSU]
# name 5 = depSM: Depth [salt water, m], lat = 54.00
# name 6 = oxsatMm/Kg: Oxygen Saturation, Weiss [umol/kg]
# name 7 = oxsolMm/Kg: Oxygen Saturation, Garcia & Gordon [umol/kg]
# name 8 = turbWETntu0: Turbidity, WET Labs ECO [NTU]
# name 9 = flECO-AFL: Fluorescence, WET Labs ECO-AFL/FL [mg/m^3]
# name 10 = flag:  0.000e+00
# span 0 = 124.238359, 124.240032       
# span 1 =      0.777,     14.031       
# span 2 =    12.5292,    12.6321       
# span 3 =  32.021437,  32.034663       
# span 4 =    26.8865,    26.9584       
# span 5 =      0.770,     13.906       
# span 6 =  274.94525,  275.41212       
# span 7 =  275.09010,  275.55031       
# span 8 =    39.2642,   205.6766       
# span 9 =    10.4396,    19.7440       
# span 10 = 0.0000e+00, 0.0000e+00      
# interval = seconds: 0.25
# start_time = May 04 2022 05:41:45 [Instrument's time stamp, header]
# bad_flag = -9.990e-29
*END*
[from data line 394]
 124.239499      9.640    12.5346  32.031048    26.9563      9.554  275.38112  275.51955   146.1124    19.0080 0.0000e+00
 124.239502      9.675    12.5346  32.029660    26.9550      9.588  275.38363  275.52207   146.1591    19.0000 0.0000e+00
 124.239505      9.711    12.5342  32.029256    26.9550      9.624  275.38627  275.52469   147.7467    17.2086 0.0000e+00
 124.239508      9.744    12.5330  32.030065    26.9566      9.657  275.39022  275.52855   147.6689    17.1844 0.0000e+00
 124.239511      9.775    12.5328  32.030297    26.9568      9.688  275.39046  275.52878   147.7311    17.1965 0.0000e+00
 124.239514      9.805    12.5326  32.029661    26.9569      9.717  275.39288  275.53119   147.6377    17.1722 -9.990e-29
 124.239517      9.829    12.5327  32.029661    26.9564      9.741  275.39226  275.53058   155.1241    17.2774 -9.990e-29
 124.239520      9.856    12.5330  32.030239    26.9567      9.768  275.38998  275.52831   155.0307    17.2693 -9.990e-29
 124.239523      9.873    12.5332  32.030239    26.9565      9.784  275.38904  275.52739   155.2019    17.2369 -9.990e-29
 124.239525      9.885    12.5336  32.030239    26.9562      9.797  275.38715  275.52553   155.2331    17.2531 -9.990e-29
 124.239528      9.900    12.5338  32.029430    26.9553      9.811  275.38767  275.52606   157.5210    18.4864 -9.990e-29
 124.239531      9.906    12.5340  32.030239    26.9559      9.817  275.38559  275.52398   157.5210    18.4702 -9.990e-29
 124.239534      9.917    12.5341  32.029430    26.9551      9.828  275.38641  275.52483   157.4899    18.4824 -9.990e-29
 124.239537      9.937    12.5341  32.029835    26.9555      9.848  275.38570  275.52411   157.5210    18.4905 -9.990e-29
 124.239540      9.960    12.5342  32.030644    26.9571      9.871  275.38395  275.52236   157.4276    18.4702 -9.990e-29
 124.239543      9.987    12.5341  32.031628    26.9567      9.898  275.38252  275.52091   150.7506    17.0671 0.0000e+00
 124.239546     10.024    12.5346  32.031049    26.9565      9.934  275.38168  275.52011   150.6572    17.0914 0.0000e+00
 124.239549     10.068    12.5350  32.031686    26.9564      9.978  275.37836  275.51681   150.6572    17.0509 0.0000e+00
 124.239552     10.109    12.5353  32.031859    26.9564     10.019  275.37681  275.51528   150.6883    17.0509 0.0000e+00
 124.239554     10.149    12.5357  32.030876    26.9558     10.058  275.37702  275.51552   137.6455    15.3930 0.0000e+00
 124.239557     10.187    12.5353  32.031281    26.9552     10.096  275.37790  275.51637   137.5988    15.3688 -9.990e-29
 124.239560     10.209    12.5349  32.031050    26.9559     10.118  275.38022  275.51868   137.5833    15.3809 -9.990e-29
 124.239563     10.222    12.5344  32.028852    26.9542     10.130  275.38638  275.52482   137.6766    15.3688 -9.990e-29
 124.239566     10.225    12.5340  32.030240    26.9558     10.134  275.38580  275.52419   125.4743    15.8863 -9.990e-29
 124.239569     10.229    12.5339  32.029836    26.9555     10.137  275.38684  275.52524   125.4120    15.8985 -9.990e-29
 124.239572     10.227    12.5342  32.029662    26.9551     10.136  275.38588  275.52430   125.4899    15.8540 -9.990e-29
 124.239575     10.245    12.5342  32.029546    26.9550     10.154  275.38610  275.52452   125.4120    15.8985 -9.990e-29
 124.239578     10.267    12.5342  32.029662    26.9562     10.175  275.38591  275.52433   131.1708    16.8568 -9.990e-29
 124.239580     10.296    12.5345  32.031050    26.9567     10.204  275.38218  275.52060   131.0463    16.8164 0.0000e+00
 124.239583     10.338    12.5348  32.032265    26.9562     10.246  275.37845  275.51688   131.1397    16.8568 0.0000e+00
 124.239586     10.380    12.5354  32.030877    26.9558     10.287  275.37843  275.51692   131.2175    16.8406 0.0000e+00
 124.239589     10.420    12.5355  32.031455    26.9554     10.327  275.37679  275.51528   131.2019    16.8366 0.0000e+00
 124.239592     10.453    12.5353  32.030472    26.9554     10.360  275.37952  275.51801   131.4198    15.5507 0.0000e+00
 124.239595     10.488    12.5350  32.029836    26.9550     10.394  275.38195  275.52042   131.3887    15.5507 -9.990e-29
 124.239598     10.512    12.5349  32.030646    26.9555     10.418  275.38115  275.51960   131.4510    15.5709 -9.990e-29
 124.239601     10.529    12.5352  32.031687    26.9562     10.435  275.37803  275.51649   131.3887    15.5507 -9.990e-29
 124.239604     10.544    12.5353  32.031456    26.9559     10.449  275.37813  275.51661   131.6222    16.9215 -9.990e-29
 124.239606     10.551    12.5355  32.030299    26.9547     10.457  275.37926  275.51776   131.6689    16.8973 -9.990e-29
 124.239609     10.558    12.5354  32.030877    26.9553     10.464  275.37855  275.51704   131.6844    16.8892 -9.990e-29
 124.239612     10.567    12.5355  32.030877    26.9552     10.473  275.37792  275.51642   131.6222    16.9053 -9.990e-29
 124.239615     10.587    12.5353  32.030473    26.9550     10.493  275.37992  275.51841   140.2447    17.4836 -9.990e-29
 124.239618     10.608    12.5353  32.031456    26.9553     10.513  275.37818  275.51665   140.2447    17.4755 -9.990e-29
 124.239621     10.637    12.5351  32.030646    26.9552     10.541  275.38028  275.51875   140.1825    17.4270 0.0000e+00
 124.239624     10.666    12.5351  32.030473    26.9553     10.570  275.38061  275.51908   140.1825    17.4634 0.0000e+00
 124.239627     10.703    12.5350  32.031456    26.9560     10.607  275.37919  275.51765   153.1475    16.3311 0.0000e+00
 124.239630     10.743    12.5350  32.031456    26.9560     10.647  275.37921  275.51767   153.2253    16.3109 0.0000e+00
 124.239633     10.779    12.5351  32.030647    26.9552     10.683  275.38037  275.51884   153.0696    16.3231 0.0000e+00
 124.239635     10.820    12.5348  32.029548    26.9548     10.723  275.38395  275.52241   153.2564    16.3392 0.0000e+00
 124.239638     10.853    12.5348  32.030647    26.9544     10.755  275.38168  275.52014   153.1319    16.3028 -9.990e-29
 124.239641     10.872    12.5345  32.030069    26.9551     10.775  275.38431  275.52275   160.8050    16.5131 -9.990e-29
 124.239644     10.881    12.5343  32.030474    26.9556     10.784  275.38423  275.52265   160.7895    16.5252 -9.990e-29
 124.239647     10.889    12.5347  32.031052    26.9559     10.791  275.38162  275.52006   160.8050    16.5414 -9.990e-29
 124.239650     10.894    12.5350  32.030878    26.9554     10.797  275.38035  275.51881   160.6650    16.5414 -9.990e-29
 124.239653     10.899    12.5352  32.029259    26.9538     10.802  275.38262  275.52111   156.9296    18.5592 -9.990e-29
 124.239656     10.914    12.5351  32.029837    26.9544     10.817  275.38191  275.52039   156.7584    18.5430 -9.990e-29
 124.239659     10.936    12.5348  32.031862    26.9563     10.838  275.37956  275.51801   156.8517    18.5390 -9.990e-29
 124.239661     10.962    12.5348  32.031688    26.9560     10.864  275.37989  275.51834   156.8206    18.5713 0.0000e+00
 124.239664     11.002    12.5346  32.030879    26.9561     10.904  275.38232  275.52076   161.2875    18.2438 0.0000e+00
 124.239667     11.044    12.5346  32.031284    26.9557     10.946  275.38162  275.52005   161.2564    18.2155 0.0000e+00
 124.239670     11.088    12.5346  32.030879    26.9557     10.989  275.38237  275.52081   161.2875    18.2236 0.0000e+00
 124.239673     11.128    12.5344  32.030648    26.9556     11.028  275.38376  275.52219   161.2875    18.2155 0.0000e+00
 124.239676     11.164    12.5343  32.031863    26.9556     11.064  275.38224  275.52065   169.5210    17.2693 -9.990e-29
 124.239679     11.188    12.5339  32.031284    26.9565     11.088  275.38488  275.52326   169.3654    17.2612 -9.990e-29
 124.239682     11.199    12.5337  32.031053    26.9565     11.098  275.38625  275.52462   169.1630    17.2612 -9.990e-29
 124.239685     11.208    12.5341  32.030475    26.9556     11.108  275.38539  275.52380   169.4276    17.2693 -9.990e-29
 124.239688     11.215    12.5343  32.030648    26.9557     11.115  275.38445  275.52287   169.3031    17.2491 -9.990e-29
 124.239690     11.227    12.5344  32.029665    26.9547     11.126  275.38559  275.52403   164.6183    18.8139 -9.990e-29
 124.239693     11.241    12.5343  32.031053    26.9560     11.141  275.38343  275.52185   164.6494    18.8139 -9.990e-29
 124.239696     11.263    12.5343  32.030648    26.9564     11.162  275.38448  275.52290   164.6494    18.8220 -9.990e-29
 124.239699     11.290    12.5343  32.031458    26.9564     11.189  275.38305  275.52146   164.8517    18.8180 0.0000e+00
 124.239702     11.323    12.5344  32.031689    26.9565     11.222  275.38202  275.52044   161.5210    18.6158 0.0000e+00
 124.239705     11.352    12.5343  32.031690    26.9565     11.250  275.38268  275.52108   161.4276    18.6037 0.0000e+00
 124.239708     11.385    12.5343  32.030649    26.9561     11.283  275.38456  275.52298   161.5210    18.6401 0.0000e+00
 124.239711     11.418    12.5343  32.032095    26.9556     11.315  275.38199  275.52040   161.4276    18.6320 -9.990e-29
 124.239714     11.441    12.5341  32.031690    26.9567     11.339  275.38337  275.52177   159.8245    17.1520 -9.990e-29
 124.239716     11.463    12.5342  32.030649    26.9556     11.361  275.38493  275.52334   159.8556    17.1075 -9.990e-29
 124.239719     11.480    12.5342  32.032500    26.9574     11.377  275.38163  275.52002   159.7155    17.1318 -9.990e-29
 124.239722     11.491    12.5343  32.031864    26.9567     11.388  275.38246  275.52086   159.8245    17.1480 -9.990e-29
 124.239725     11.513    12.5342  32.031690    26.9566     11.410  275.38310  275.52150   159.5443    18.3085 -9.990e-29
 124.239728     11.538    12.5341  32.031864    26.9568     11.434  275.38312  275.52152   159.5288    18.3287 -9.990e-29
 124.239731     11.561    12.5343  32.031864    26.9564     11.457  275.38219  275.52060   159.4510    18.2842 -9.990e-29
 124.239734     11.590    12.5345  32.031690    26.9564     11.486  275.38188  275.52031   159.4510    18.2923 0.0000e+00
 124.239737     11.616    12.5344  32.031690    26.9564     11.512  275.38222  275.52063   159.5288    18.2761 0.0000e+00
 124.239740     11.647    12.5346  32.031864    26.9564     11.542  275.38129  275.51972   153.3654    16.9053 -9.990e-29
 124.239742     11.669    12.5348  32.031864    26.9563     11.564  275.38036  275.51880   153.4276    16.9013 -9.990e-29
 124.239745     11.693    12.5348  32.032847    26.9572     11.588  275.37861  275.51704   153.3809    16.9175 -9.990e-29
 124.239748     11.716    12.5349  32.032095    26.9564     11.611  275.37934  275.51779   153.4899    16.8811 -9.990e-29
 124.239751     11.744    12.5348  32.031286    26.9557     11.639  275.38144  275.51989   160.5560    16.9296 -9.990e-29
 124.239754     11.768    12.5346  32.032096    26.9566     11.662  275.38064  275.51907   160.5871    16.9741 -9.990e-29
 124.239757     11.788    12.5344  32.031864    26.9565     11.682  275.38202  275.52043   160.5871    16.9539 -9.990e-29
 124.239760     11.809    12.5343  32.031460    26.9562     11.704  275.38339  275.52180   160.5249    16.9377 -9.990e-29
 124.239763     11.831    12.5338  32.031460    26.9565     11.725  275.38530  275.52369   176.9607    17.5968 -9.990e-29
 124.239766     11.848    12.5336  32.030881    26.9561     11.742  275.38730  275.52567   176.7895    17.5685 -9.990e-29
 124.239769     11.869    12.5334  32.030882    26.9563     11.763  275.38826  275.52662   176.9918    17.5604 -9.990e-29
 124.239771     11.889    12.5331  32.030072    26.9558     11.782  275.39130  275.52965   176.9918    17.6049 -9.990e-29
 124.239774     11.916    12.5327  32.029089    26.9551     11.809  275.39467  275.53300   168.2603    17.6898 -9.990e-29
 124.239777     11.935    12.5321  32.030882    26.9572     11.828  275.39400  275.53227   168.0891    17.6898 -9.990e-29
 124.239780     11.959    12.5318  32.031287    26.9577     11.852  275.39487  275.53312   168.2914    17.7141 -9.990e-29
 124.239783     11.986    12.5319  32.031287    26.9573     11.878  275.39425  275.53251   168.1202    17.7019 0.0000e+00
 124.239786     12.019    12.5320  32.030477    26.9577     11.911  275.39541  275.53368   168.2447    17.6939 0.0000e+00
 124.239789     12.046    12.5321  32.031692    26.9572     11.938  275.39262  275.53089   170.9685    18.0578 0.0000e+00
 124.239792     12.078    12.5319  32.030709    26.9573     11.970  275.39567  275.53393   171.1241    18.0659 0.0000e+00
 124.239795     12.111    12.5321  32.031056    26.9573     12.003  275.39412  275.53239   171.0307    18.0457 0.0000e+00
 124.239797     12.141    12.5322  32.031461    26.9575     12.032  275.39278  275.53105   171.0619    18.0335 0.0000e+00
 124.239800     12.166    12.5321  32.030883    26.9576     12.057  275.39446  275.53274   173.4120    17.9607 -9.990e-29
 124.239803     12.190    12.5318  32.030247    26.9567     12.080  275.39688  275.53514   173.4276    17.9971 -9.990e-29
 124.239806     12.206    12.5314  32.029264    26.9561     12.097  275.40055  275.53880   173.6299    17.9365 -9.990e-29
 124.239809     12.226    12.5311  32.030073    26.9571     12.117  275.40038  275.53860   173.4432    17.9769 -9.990e-29
 124.239812     12.248    12.5308  32.029842    26.9571     12.139  275.40207  275.54027   169.5833    18.7412 -9.990e-29
 124.239815     12.264    12.5304  32.029669    26.9571     12.155  275.40398  275.54216   169.6144    18.7048 -9.990e-29
 124.239818     12.285    12.5301  32.028281    26.9561     12.175  275.40806  275.54623   169.5833    18.7533 -9.990e-29
 124.239821     12.310    12.5292  32.029669    26.9580     12.200  275.40938  275.54748   169.8167    18.7695 -9.990e-29
 124.239823     12.329    12.5292  32.029380    26.9578     12.218  275.41023  275.54833   174.9685    19.2385 -9.990e-29
 124.239826     12.349    12.5293  32.029842    26.9581     12.238  275.40878  275.54688   174.9685    19.1860 -9.990e-29
 124.239829     12.374    12.5297  32.030479    26.9584     12.263  275.40576  275.54388   174.9062    19.1819 -9.990e-29
 124.239832     12.391    12.5300  32.028859    26.9566     12.280  275.40741  275.54557   174.8595    19.2143 -9.990e-29
 124.239835     12.405    12.5303  32.030247    26.9577     12.294  275.40367  275.54183   174.8128    19.2062 -9.990e-29
 124.239838     12.420    12.5303  32.030074    26.9576     12.308  275.40399  275.54215   177.8634    19.2062 -9.990e-29
 124.239841     12.439    12.5304  32.029669    26.9571     12.328  275.40409  275.54227   177.7545    19.1940 -9.990e-29
 124.239844     12.463    12.5306  32.030248    26.9584     12.351  275.40212  275.54031   177.8945    19.2102 -9.990e-29
 124.239847     12.494    12.5309  32.031462    26.9583     12.382  275.39902  275.53721   177.8634    19.2102 0.0000e+00
 124.239850     12.538    12.5313  32.031462    26.9581     12.426  275.39715  275.53537   177.5521    18.1710 0.0000e+00
 124.239852     12.578    12.5318  32.031289    26.9576     12.466  275.39527  275.53352   177.5521    18.1912 0.0000e+00
 124.239855     12.620    12.5320  32.030306    26.9565     12.507  275.39611  275.53439   177.5210    18.1346 0.0000e+00
 124.239858     12.657    12.5319  32.028860    26.9558     12.544  275.39904  275.53733   177.5366    18.1265 0.0000e+00
 124.239861     12.684    12.5315  32.028860    26.9552     12.571  275.40096  275.53922   173.9257    18.2923 -9.990e-29
 124.239864     12.706    12.5314  32.029265    26.9560     12.592  275.40088  275.53912   174.0035    18.3085 -9.990e-29
 124.239867     12.721    12.5312  32.029265    26.9560     12.607  275.40152  275.53976   173.9879    18.2842 -9.990e-29
 124.239870     12.733    12.5314  32.028455    26.9552     12.619  275.40235  275.54060   173.8945    18.2559 -9.990e-29
 124.239873     12.737    12.5314  32.028455    26.9551     12.622  275.40203  275.54029   178.0969    19.3922 -9.990e-29
