Processed/SBE19plus_01907321_2022_05_10_Cast108_wfilter.cnv
* Sea-Bird SBE19plus  Data File:
* FileName = E:\Prandtl_Daten\2022\CTD\Raw\SBE19plus_01907321_2022_05_10_Cast108.hex
* Software version 2.6.1.12
* Temperature SN = 7321
* Conductivity SN = 7321
* System UpLoad Time = May 10 2022 08:41:15
* <ApplicationData>
* <Seaterm232>
** Messpraktikum 2022
** CTD 09.05  BM
** NMEA Latitude = 54 07.80N
** NMEA Longitude = 008 4712E
# nquan = 11
# nvalues = 519                         
# units = specified
# name 0 = timeJ: Julian Days
# name 1 = prdM: Pressure, Strain Gauge [db]
# name 2 = tv290C: Temperature [ITS-90, deg C]
# name 3 = c0mS/cm: Conductivity [mS/cm]
# name 4 = sal00: Salinity, Practical [PSU]
# name 5 = depSM: Depth [salt water, m], lat = 54.00
# name 6 = oxsatMm/Kg: Oxygen Saturation, Weiss [umol/kg]
# name 7 = oxsolMm/Kg: Oxygen Saturation, Garcia & Gordon [umol/kg]
# name 8 = turbWETntu0: Turbidity, WET Labs ECO [NTU]
# name 9 = flECO-AFL: Fluorescence, WET Labs ECO-AFL/FL [mg/m^3]
# name 10 = flag:  0.000e+00
# span 0 = 130.357118, 130.358617       
# span 1 =      0.559,     15.035       
# span 2 =    13.5981,    13.7066       
# span 3 =  32.925677,  33.075139       
# span 4 =    27.0185,    27.0815       
# span 5 =      0.554,     14.901       
# span 6 =  268.46669,  269.16912       
# span 7 =  268.66983,  269.36687       
# span 8 =     0.9607,   305.4587       
# span 9 =     2.5989,     8.9555       
# span 10 = 0.0000e+00, 0.0000e+00      
# interval = seconds: 0.25
# start_time = May 10 2022 08:32:41 [Instrument's time stamp, header]
# bad_flag = -9.990e-29
*END*
 130.357118      0.559    13.7035  33.012864    27.0313      0.554  268.57514  268.77857     1.6144     2.6475 0.0000e+00
 130.357121      0.620    13.7019  33.013566    27.0322      0.614  268.58090  268.78423     1.6299     2.6556 0.0000e+00
 130.357124      0.656    13.7013  33.013567    27.0330      0.650  268.58344  268.78672     1.5210     2.6394 -9.990e-29
 130.357127      0.672    13.7010  33.013859    27.0339      0.666  268.58452  268.78779     1.6611     2.6394 -9.990e-29
 130.357130      0.680    13.7010  33.013333    27.0334      0.674  268.58510  268.78837     1.5366     2.5989 -9.990e-29
 130.357133      0.672    13.7013  33.012689    27.0326      0.666  268.58493  268.78822     1.4276     2.6515 -9.990e-29
 130.357135      0.680    13.7016  33.014444    27.0340      0.674  268.58071  268.78401     1.0229     2.7405 -9.990e-29
 130.357138      0.703    13.7015  33.013098    27.0336      0.697  268.58331  268.78662     1.1163     2.7688 -9.990e-29
 130.357141      0.745    13.7007  33.013333    27.0335      0.739  268.58640  268.78965     1.2564     2.7850 0.0000e+00
 130.357144      0.789    13.7004  33.012689    27.0336      0.782  268.58908  268.79232     1.0696     2.8133 0.0000e+00
 130.357147      0.836    13.7004  33.014386    27.0344      0.829  268.58624  268.78947     0.9607     2.8497 0.0000e+00
 130.357150      0.876    13.7007  33.014153    27.0345      0.869  268.58541  268.78865     1.1163     2.8456 0.0000e+00
 130.357153      0.920    13.7011  33.014621    27.0344      0.912  268.58276  268.78603     0.9918     2.8780 0.0000e+00
 130.357156      0.951    13.7016  33.011461    27.0329      0.943  268.58592  268.78924     0.9607     2.8537 0.0000e+00
 130.357159      0.977    13.7021  33.014972    27.0312      0.968  268.57781  268.78114     1.3654     2.8335 -9.990e-29
 130.357161      0.991    13.7021  33.015031    27.0341      0.983  268.57772  268.78104     1.4276     2.9265 -9.990e-29
 130.357164      1.002    13.7020  33.014797    27.0340      0.993  268.57875  268.78207     1.3965     2.8780 -9.990e-29
 130.357167      1.012    13.7018  33.014387    27.0337      1.003  268.58007  268.78339     1.2408     2.8780 -9.990e-29
 130.357170      1.023    13.7016  33.014036    27.0335      1.013  268.58161  268.78492     1.3187     2.9427 -9.990e-29
 130.357173      1.041    13.7014  33.013334    27.0324      1.031  268.58375  268.78705     1.3498     2.9467 -9.990e-29
 130.357176      1.086    13.7010  33.012280    27.0327      1.077  268.58744  268.79072     1.2253     2.9750 0.0000e+00
 130.357179      1.141    13.7001  33.012281    27.0330      1.131  268.59124  268.79447     1.3031     2.9467 0.0000e+00
 130.357182      1.197    13.6992  33.012281    27.0336      1.187  268.59504  268.79822     1.4432     3.0033 0.0000e+00
 130.357185      1.243    13.6987  33.013042    27.0342      1.232  268.59567  268.79881     2.1280     2.8739 0.0000e+00
 130.357188      1.289    13.6990  33.012925    27.0344      1.277  268.59464  268.79780     2.0346     2.8941 0.0000e+00
 130.357190      1.318    13.6990  33.011872    27.0342      1.306  268.59644  268.79961     2.0657     2.8860 -9.990e-29
 130.357193      1.325    13.6985  33.010116    27.0321      1.313  268.60160  268.80475     2.0969     2.9305 -9.990e-29
 130.357196      1.327    13.6973  33.005201    27.0285      1.315  268.61524  268.81836     1.4276     2.9224 -9.990e-29
 130.357199      1.325    13.6946  33.005669    27.0308      1.313  268.62575  268.82870     1.5521     3.0074 -9.990e-29
 130.357202      1.325    13.6929  33.007132    27.0333      1.313  268.63050  268.83334     1.1786     3.0074 -9.990e-29
 130.357205      1.336    13.6926  33.009590    27.0361      1.324  268.62762  268.83041     1.2875     2.9993 -9.990e-29
 130.357208      1.373    13.6937  33.010819    27.0353      1.360  268.62117  268.82402     1.8634     2.9467 0.0000e+00
 130.357211      1.424    13.6951  33.010117    27.0344      1.411  268.61611  268.81905     1.7700     2.8941 0.0000e+00
 130.357214      1.486    13.6962  33.008127    27.0334      1.473  268.61511  268.81813     1.6922     2.8658 0.0000e+00
 130.357216      1.537    13.6966  33.010234    27.0319      1.523  268.60970  268.81273     1.7545     2.8699 0.0000e+00
 130.357219      1.581    13.6965  33.007308    27.0321      1.567  268.61498  268.81803     1.7545     2.9467 0.0000e+00
 130.357222      1.612    13.6953  33.005670    27.0308      1.597  268.62310  268.82610     2.0969     2.7526 -9.990e-29
 130.357225      1.626    13.6932  33.003798    27.0300      1.612  268.63507  268.83795     2.0657     2.7728 -9.990e-29
 130.357228      1.634    13.6910  32.998415    27.0266      1.619  268.65358  268.85638     2.1436     2.7688 -9.990e-29
 130.357231      1.641    13.6872  32.993618    27.0249      1.626  268.67770  268.88031     2.1124     2.7769 -9.990e-29
 130.357234      1.652    13.6825  32.991688    27.0266      1.637  268.70138  268.90372     1.7389     2.7607 -9.990e-29
 130.357237      1.672    13.6783  32.988412    27.0276      1.657  268.72483  268.92694     1.7856     2.7850 -9.990e-29
 130.357240      1.709    13.6745  32.986716    27.0276      1.693  268.74374  268.94563     1.9101     2.7607 0.0000e+00
 130.357242      1.749    13.6713  32.984201    27.0276      1.733  268.76183  268.96355     1.8167     2.8335 0.0000e+00
 130.357245      1.793    13.6684  32.984903    27.0303      1.777  268.77291  268.97446     1.7233     2.9548 0.0000e+00
 130.357248      1.835    13.6667  32.985313    27.0311      1.818  268.77947  268.98090     1.8790     2.9143 0.0000e+00
 130.357251      1.868    13.6661  32.983968    27.0318      1.851  268.78428  268.98569     1.6766     2.9022 -9.990e-29
 130.357254      1.889    13.6657  32.984026    27.0314      1.873  268.78608  268.98746     1.6611     2.8780 -9.990e-29
 130.357257      1.913    13.6646  32.975720    27.0245      1.896  268.80454  269.00592     1.9879     2.9912 -9.990e-29
 130.357260      1.937    13.6606  32.971509    27.0236      1.919  268.82895  269.03013     1.9257     2.9143 -9.990e-29
 130.357263      1.962    13.6553  32.967649    27.0250      1.945  268.85811  269.05900     2.0035     2.9548 -9.990e-29
 130.357266      1.993    13.6503  32.965135    27.0264      1.975  268.88374  269.08435     2.2058     2.9548 0.0000e+00
 130.357269      2.028    13.6464  32.965194    27.0278      2.010  268.90030  269.10068     2.1436     2.9184 0.0000e+00
 130.357271      2.064    13.6444  32.970107    27.0328      2.046  268.90049  269.10070     2.2525     3.0963 0.0000e+00
 130.357274      2.101    13.6450  32.969698    27.0333      2.082  268.89838  269.09863     2.3926     3.1044 0.0000e+00
 130.357277      2.130    13.6464  32.968762    27.0328      2.111  268.89433  269.09467     2.2525     3.0923 -9.990e-29
 130.357280      2.154    13.6462  32.965545    27.0283      2.134  268.90073  269.10109     2.5171     3.1246 -9.990e-29
 130.357283      2.174    13.6446  32.963908    27.0279      2.154  268.91011  269.11039     1.3031     2.7971 -9.990e-29
 130.357286      2.186    13.6428  32.963791    27.0290      2.167  268.91785  269.11802     1.2097     2.8416 -9.990e-29
 130.357289      2.207    13.6419  32.962446    27.0284      2.187  268.92422  269.12435     1.3187     2.8416 -9.990e-29
 130.357292      2.228    13.6403  32.960575    27.0278      2.208  268.93400  269.13405     1.5210     2.8537 -9.990e-29
 130.357295      2.252    13.6385  32.958879    27.0277      2.232  268.94474  269.14469     2.1591     3.0154 -9.990e-29
 130.357297      2.291    13.6365  32.957476    27.0276      2.270  268.95562  269.15546     2.0502     2.9386 0.0000e+00
 130.357300      2.331    13.6346  32.955839    27.0275      2.310  268.96658  269.16632     2.0035     3.0357 0.0000e+00
 130.357303      2.376    13.6331  32.953909    27.0268      2.355  268.97616  269.17583     1.9724     2.9710 0.0000e+00
 130.357306      2.416    13.6306  32.951453    27.0268      2.395  268.99134  269.19087     2.1280     2.9669 0.0000e+00
 130.357309      2.453    13.6281  32.950869    27.0270      2.431  269.00303  269.20242     2.0035     2.9750 0.0000e+00
 130.357312      2.480    13.6266  32.950577    27.0276      2.458  269.00983  269.20912     1.9879     2.9588 -9.990e-29
 130.357315      2.493    13.6256  32.945431    27.0244      2.471  269.02264  269.22192     2.1747     2.9629 -9.990e-29
 130.357318      2.500    13.6229  32.940286    27.0216      2.478  269.04298  269.24214     2.0346     2.9993 -9.990e-29
 130.357321      2.506    13.6184  32.933387    27.0185      2.483  269.07384  269.27279     2.0346     3.0761 -9.990e-29
 130.357323      2.526    13.6121  32.930757    27.0206      2.503  269.10533  269.30392     2.1591     3.0154 -9.990e-29
 130.357326      2.549    13.6067  32.927835    27.0263      2.527  269.13355  269.33183     1.9879     3.0154 -9.990e-29
 130.357329      2.593    13.6023  32.929472    27.0267      2.570  269.14934  269.34734     2.0502     2.9993 0.0000e+00
 130.357332      2.635    13.6003  32.928654    27.0270      2.611  269.15955  269.35743     1.8012     3.1287 0.0000e+00
 130.357335      2.684    13.5993  32.930759    27.0295      2.660  269.16009  269.35789     1.9724     3.1165 0.0000e+00
 130.357338      2.721    13.5996  32.931811    27.0298      2.696  269.15707  269.35488     1.8945     3.1367 0.0000e+00
 130.357341      2.757    13.6005  32.931987    27.0301      2.733  269.15302  269.35089     1.7700     3.0963 0.0000e+00
 130.357344      2.790    13.6010  32.932162    27.0298      2.765  269.15055  269.34845     1.6144     3.1287 -9.990e-29
 130.357347      2.803    13.6014  32.930818    27.0280      2.778  269.15095  269.34889     1.6611     3.1448 -9.990e-29
 130.357350      2.823    13.6013  32.932162    27.0294      2.798  269.14931  269.34723     1.6611     3.1044 -9.990e-29
 130.357352      2.836    13.6013  32.932572    27.0297      2.810  269.14863  269.34654     1.4587     3.1327 -9.990e-29
 130.357355      2.852    13.6017  32.934384    27.0311      2.826  269.14368  269.34160     1.6766     3.2176 -9.990e-29
 130.357358      2.876    13.6026  32.935320    27.0323      2.850  269.13833  269.33630     1.6611     3.1974 -9.990e-29
 130.357361      2.903    13.6038  32.937366    27.0343      2.877  269.12985  269.32788     1.7078     3.2298 0.0000e+00
 130.357364      2.941    13.6056  32.943096    27.0362      2.915  269.11231  269.31039     1.7233     3.2500 0.0000e+00
 130.357367      2.974    13.6095  32.947949    27.0362      2.948  269.08776  269.28604     1.4899     3.2581 0.0000e+00
 130.357370      3.009    13.6145  32.948358    27.0347      2.982  269.06574  269.26432     1.8945     3.0478 0.0000e+00
 130.357373      3.042    13.6178  32.948825    27.0328      3.015  269.05052  269.24930     1.7233     3.0599 0.0000e+00
 130.357376      3.073    13.6200  32.949176    27.0317      3.045  269.04052  269.23943     1.7233     3.0154 0.0000e+00
 130.357378      3.100    13.6214  32.950404    27.0315      3.072  269.03280  269.23179     1.8167     3.0437 0.0000e+00
 130.357381      3.131    13.6224  32.950755    27.0315      3.103  269.02783  269.22687     1.4743     3.2257 0.0000e+00
 130.357384      3.158    13.6236  32.951690    27.0313      3.130  269.02092  269.22003     1.5521     3.2055 -9.990e-29
 130.357387      3.182    13.6246  32.950872    27.0319      3.154  269.01824  269.21742     1.5054     3.1974 -9.990e-29
 130.357390      3.210    13.6251  32.953562    27.0319      3.181  269.01150  269.21069     1.6922     3.2500 0.0000e+00
 130.357393      3.239    13.6264  32.956018    27.0319      3.210  269.00171  269.20095     1.4587     3.1489 -9.990e-29
 130.357396      3.261    13.6286  32.957889    27.0333      3.232  268.98913  269.18849     1.7389     3.1367 -9.990e-29
 130.357399      3.281    13.6306  32.960053    27.0335      3.251  268.97699  269.17646     1.4743     3.1893 -9.990e-29
 130.357402      3.312    13.6328  32.961398    27.0330      3.282  268.96531  269.16490     1.4432     3.1772 0.0000e+00
 130.357405      3.343    13.6349  32.961866    27.0325      3.313  268.95575  269.15546     2.0191     3.3106 0.0000e+00
 130.357407      3.374    13.6364  32.960462    27.0301      3.344  268.95186  269.15167     2.2214     3.3389 0.0000e+00
 130.357410      3.403    13.6364  32.954965    27.0251      3.373  268.96119  269.16105     2.0657     3.3834 0.0000e+00
 130.357413      3.434    13.6336  32.949176    27.0219      3.403  268.98295  269.18269     2.0813     3.3753 0.0000e+00
 130.357416      3.469    13.6287  32.945434    27.0219      3.438  269.01005  269.20952     2.0657     3.3551 0.0000e+00
 130.357419      3.498    13.6242  32.944440    27.0242      3.467  269.03122  269.23043     1.6611     3.1570 0.0000e+00
 130.357422      3.534    13.6205  32.943564    27.0259      3.503  269.04844  269.24742     1.8634     3.1772 0.0000e+00
 130.357425      3.565    13.6180  32.944675    27.0273      3.533  269.05725  269.25608     1.8634     3.1570 0.0000e+00
 130.357428      3.591    13.6172  32.944208    27.0287      3.559  269.06151  269.26030     1.8012     3.1893 -9.990e-29
 130.357431      3.609    13.6167  32.942980    27.0281      3.577  269.06581  269.26457     1.3031     3.0599 -9.990e-29
 130.357433      3.626    13.6161  32.943272    27.0288      3.593  269.06783  269.26656     1.2253     3.0114 -9.990e-29
 130.357436      3.644    13.6154  32.940290    27.0265      3.611  269.07573  269.27443     1.2408     3.0074 -9.990e-29
 130.357439      3.664    13.6142  32.940700    27.0265      3.631  269.08039  269.27901     1.4899     3.0680 -9.990e-29
 130.357442      3.691    13.6130  32.938361    27.0260      3.658  269.08939  269.28797     1.5521     3.3025 0.0000e+00
 130.357445      3.722    13.6117  32.936315    27.0260      3.689  269.09822  269.29674     1.6455     3.2823 0.0000e+00
 130.357448      3.768    13.6100  32.935497    27.0255      3.734  269.10718  269.30559     1.6922     3.3106 0.0000e+00
 130.357451      3.805    13.6083  32.932223    27.0249      3.771  269.11966  269.31801     1.6922     3.2702 0.0000e+00
 130.357454      3.847    13.6061  32.931347    27.0249      3.812  269.13091  269.32913     1.4276     3.2945 0.0000e+00
 130.357457      3.885    13.6041  32.931581    27.0265      3.850  269.13902  269.33712     1.2097     3.0235 0.0000e+00
 130.357459      3.916    13.6031  32.931990    27.0270      3.881  269.14275  269.34077     1.2564     3.0235 0.0000e+00
 130.357462      3.945    13.6028  32.930120    27.0276      3.910  269.14719  269.34522     1.3187     2.9386 -9.990e-29
 130.357465      3.965    13.6020  32.927021    27.0238      3.930  269.15592  269.35392     1.3498     2.9831 -9.990e-29
 130.357468      3.983    13.5999  32.925677    27.0241      3.948  269.16701  269.36489     1.7545     3.1165 -9.990e-29
 130.357471      4.003    13.5981  32.929068    27.0284      3.968  269.16912  269.36687     1.4587     3.1125 -9.990e-29
 130.357474      4.018    13.5982  32.932576    27.0315      3.982  269.16255  269.36027     1.6611     3.1125 -9.990e-29
 130.357477      4.038    13.6005  32.934388    27.0289      4.002  269.14975  269.34760     1.5054     3.1246 -9.990e-29
 130.357480      4.067    13.6028  32.933219    27.0285      4.031  269.14201  269.34001     2.3926     3.1893 0.0000e+00
 130.357483      4.096    13.6038  32.933218    27.0281      4.060  269.13763  269.33569     2.2214     3.1448 0.0000e+00
 130.357486      4.131    13.6040  32.933394    27.0281      4.094  269.13641  269.33449     2.2992     3.1206 0.0000e+00
 130.357488      4.167    13.6042  32.934446    27.0289      4.130  269.13371  269.33179     2.3615     3.1489 0.0000e+00
 130.357491      4.204    13.6047  32.937136    27.0310      4.166  269.12697  269.32506     1.5833     3.2459 0.0000e+00
 130.357494      4.238    13.6061  32.939299    27.0319      4.201  269.11735  269.31551     1.8478     3.1974 0.0000e+00
