Processed/SBE19plus_01907321_2022_05_07_Cast68_wfilter.cnv
* Sea-Bird SBE19plus  Data File:
* FileName = E:\Prandtl Daten\2022\CTD\Raw\SBE19plus_01907321_2022_05_07_Cast68.hex
* Software version 2.6.1.12
* Temperature SN = 7321
* Conductivity SN = 7321
* System UpLoad Time = May 07 2022 11:13:31
* <ApplicationData>
* <Seaterm232>
** Messpraktikum 2022
** CTD 07.05 MP2
** NMEA Latitude = 54 03.01 N
** NMEA Longitude = 008 42.12 E
# nquan = 11
# nvalues = 465                         
# units = specified
# name 0 = timeJ: Julian Days
# name 1 = prdM: Pressure, Strain Gauge [db]
# name 2 = tv290C: Temperature [ITS-90, deg C]
# name 3 = c0mS/cm: Conductivity [mS/cm]
# name 4 = sal00: Salinity, Practical [PSU]
# name 5 = depSM: Depth [salt water, m], lat = 54.00
# name 6 = oxsatMm/Kg: Oxygen Saturation, Weiss [umol/kg]
# name 7 = oxsolMm/Kg: Oxygen Saturation, Garcia & Gordon [umol/kg]
# name 8 = turbWETntu0: Turbidity, WET Labs ECO [NTU]
# name 9 = flECO-AFL: Fluorescence, WET Labs ECO-AFL/FL [mg/m^3]
# name 10 = flag:  0.000e+00
# span 0 = 127.463371, 127.464714       
# span 1 =      0.538,     12.971       
# span 2 =    13.4845,    13.7080       
# span 3 =  32.692523,  32.901435       
# span 4 =    26.8427,    26.9530       
# span 5 =      0.534,     12.855       
# span 6 =  268.75387,  270.03829       
# span 7 =  268.95846,  270.23102       
# span 8 =    12.4626,    84.8206       
# span 9 =     8.6442,    14.5722       
# span 10 = 0.0000e+00, 0.0000e+00      
# interval = seconds: 0.25
# start_time = May 07 2022 11:06:00 [Instrument's time stamp, header]
# bad_flag = -9.990e-29
*END*
[from data line 394]
 127.464511     11.143    13.6680  32.900909    26.9512     11.044  268.92231  269.12455    33.8790    13.5168 -9.990e-29
 127.464514     11.169    13.6679  32.900734    26.9515     11.069  268.92325  269.12548    33.8945    13.5370 0.0000e+00
 127.464517     11.198    13.6678  32.901260    26.9512     11.098  268.92270  269.12492    34.7194    13.6017 0.0000e+00
 127.464520     11.240    13.6676  32.900091    26.9513     11.140  268.92564  269.12786    34.8284    13.6300 0.0000e+00
 127.464523     11.273    13.6674  32.900500    26.9509     11.172  268.92591  269.12811    34.4860    13.6866 0.0000e+00
 127.464525     11.306    13.6671  32.899858    26.9513     11.205  268.92828  269.13047    34.8906    13.6623 0.0000e+00
 127.464528     11.337    13.6668  32.900267    26.9515     11.235  268.92886  269.13103    34.6727    13.6017 0.0000e+00
 127.464531     11.370    13.6665  32.900501    26.9517     11.268  268.92943  269.13159    34.4704    13.8120 0.0000e+00
 127.464534     11.399    13.6667  32.900442    26.9518     11.297  268.92892  269.13108    34.3615    13.8726 -9.990e-29
 127.464537     11.423    13.6664  32.899683    26.9512     11.320  268.93148  269.13363    34.4082    13.8281 -9.990e-29
 127.464540     11.444    13.6665  32.899683    26.9511     11.342  268.93118  269.13333    34.4704    13.7998 -9.990e-29
 127.464543     11.465    13.6660  32.899098    26.9509     11.362  268.93407  269.13620    35.0930    13.5976 -9.990e-29
 127.464546     11.485    13.6657  32.898865    26.9509     11.382  268.93605  269.13816    35.0463    13.5491 -9.990e-29
 127.464549     11.508    13.6651  32.898631    26.9511     11.405  268.93897  269.14105    34.9373    13.5936 -9.990e-29
 127.464552     11.534    13.6646  32.898222    26.9508     11.430  268.94157  269.14362    35.0463    13.5451 0.0000e+00
 127.464554     11.567    13.6643  32.897287    26.9505     11.463  268.94474  269.14678    35.0930    13.5936 0.0000e+00
 127.464557     11.599    13.6636  32.896761    26.9505     11.495  268.94848  269.15049    35.0930    13.5693 0.0000e+00
 127.464560     11.630    13.6632  32.896762    26.9507     11.526  268.95007  269.15206    35.1241    13.5774 0.0000e+00
 127.464563     11.663    13.6627  32.896353    26.9507     11.559  268.95299  269.15494    35.3731    13.5572 0.0000e+00
 127.464566     11.690    13.6625  32.897171    26.9516     11.586  268.95256  269.15450    36.0113    13.8807 0.0000e+00
 127.464569     11.727    13.6622  32.897171    26.9516     11.622  268.95384  269.15576    35.7155    13.8726 0.0000e+00
 127.464572     11.760    13.6619  32.896353    26.9515     11.655  268.95651  269.15841    35.9334    13.9414 0.0000e+00
 127.464575     11.785    13.6620  32.896996    26.9512     11.680  268.95512  269.15703    35.8868    13.8645 -9.990e-29
 127.464578     11.809    13.6621  32.896996    26.9517     11.703  268.95482  269.15673    35.8556    13.8969 -9.990e-29
 127.464580     11.831    13.6621  32.897522    26.9521     11.725  268.95363  269.15554    34.9062    13.8605 -9.990e-29
 127.464583     11.855    13.6623  32.898633    26.9530     11.749  268.95114  269.15305    35.0463    13.8686 -9.990e-29
 127.464586     11.875    13.6629  32.898633    26.9521     11.768  268.94863  269.15058    34.8906    13.9292 -9.990e-29
 127.464589     11.902    13.6631  32.898282    26.9521     11.796  268.94830  269.15026    35.0307    13.9131 0.0000e+00
 127.464592     11.933    13.6631  32.898224    26.9520     11.826  268.94842  269.15038    35.9334    13.7756 0.0000e+00
 127.464595     11.964    13.6630  32.896763    26.9512     11.857  268.95122  269.15319    35.8401    13.7796 0.0000e+00
 127.464598     11.999    13.6630  32.897289    26.9512     11.892  268.95035  269.15232    35.7622    13.7675 0.0000e+00
 127.464601     12.034    13.6624  32.897172    26.9515     11.926  268.95309  269.15502    35.9490    13.7917 0.0000e+00
 127.464604     12.063    13.6620  32.896997    26.9515     11.955  268.95529  269.15720    37.2564    13.8969 0.0000e+00
 127.464606     12.101    13.6615  32.896354    26.9514     11.993  268.95829  269.16018    37.4587    13.8969 0.0000e+00
 127.464609     12.130    13.6612  32.894718    26.9514     12.022  268.96265  269.16453    37.3031    13.9252 0.0000e+00
 127.464612     12.156    13.6607  32.895945    26.9508     12.047  268.96247  269.16432    37.5054    13.8847 0.0000e+00
 127.464615     12.183    13.6606  32.895712    26.9515     12.074  268.96352  269.16535    38.1436    14.1557 -9.990e-29
 127.464618     12.205    13.6603  32.895537    26.9515     12.096  268.96508  269.16690    37.9257    14.1152 -9.990e-29
 127.464621     12.225    13.6600  32.894894    26.9511     12.116  268.96744  269.16925    38.0035    14.1921 -9.990e-29
 127.464624     12.247    13.6598  32.895537    26.9516     12.137  268.96731  269.16910    38.1280    14.2123 -9.990e-29
 127.464627     12.272    13.6598  32.895361    26.9515     12.163  268.96731  269.16910    37.8478    14.1476 0.0000e+00
 127.464630     12.298    13.6597  32.894894    26.9513     12.188  268.96874  269.17053    40.5871    13.9090 0.0000e+00
 127.464633     12.331    13.6598  32.894719    26.9512     12.220  268.96875  269.17054    40.8050    13.8686 0.0000e+00
 127.464635     12.362    13.6593  32.894544    26.9510     12.251  268.97126  269.17303    40.8050    13.8928 0.0000e+00
 127.464638     12.394    13.6590  32.892849    26.9499     12.283  268.97541  269.17717    40.6183    13.8605 0.0000e+00
 127.464641     12.425    13.6581  32.891622    26.9497     12.314  268.98128  269.18300    42.3926    14.1799 0.0000e+00
 127.464644     12.456    13.6565  32.890804    26.9494     12.345  268.98929  269.19092    42.4237    14.2082 0.0000e+00
 127.464647     12.489    13.6553  32.889519    26.9496     12.377  268.99683  269.19840    42.4548    14.1233 0.0000e+00
 127.464650     12.519    13.6545  32.889344    26.9494     12.406  269.00061  269.20213    42.4704    14.1638 -9.990e-29
 127.464653     12.542    13.6532  32.889636    26.9510     12.430  269.00547  269.20692    40.9607    14.1880 -9.990e-29
 127.464656     12.562    13.6527  32.888059    26.9499     12.450  269.01036  269.21178    40.9451    14.1880 -9.990e-29
 127.464659     12.582    13.6519  32.885605    26.9482     12.470  269.01799  269.21938    40.7584    14.1193 -9.990e-29
 127.464661     12.606    13.6503  32.885313    26.9490     12.493  269.02510  269.22640    41.1008    14.1233 -9.990e-29
 127.464664     12.628    13.6489  32.884378    26.9504     12.515  269.03267  269.23390    44.7428    14.5115 -9.990e-29
 127.464667     12.655    13.6480  32.884963    26.9504     12.542  269.03579  269.23696    44.7272    14.5398 0.0000e+00
 127.464670     12.685    13.6474  32.884495    26.9503     12.571  269.03912  269.24025    44.6961    14.5560 0.0000e+00
 127.464673     12.719    13.6468  32.883736    26.9501     12.605  269.04294  269.24404    44.7895    14.5722 0.0000e+00
 127.464676     12.756    13.6466  32.883561    26.9500     12.641  269.04420  269.24530    44.7272    14.5398 0.0000e+00
 127.464679     12.787    13.6460  32.881340    26.9496     12.672  269.05050  269.25157    47.9957    13.8686 0.0000e+00
 127.464682     12.821    13.6456  32.882275    26.9490     12.706  269.05082  269.25186    47.8712    13.7958 0.0000e+00
 127.464685     12.854    13.6448  32.881049    26.9496     12.739  269.05607  269.25707    47.9957    13.9009 -9.990e-29
 127.464688     12.865    13.6444  32.880231    26.9485     12.750  269.05935  269.26033    48.1202    13.8726 -9.990e-29
 127.464690     12.878    13.6437  32.879588    26.9484     12.763  269.06327  269.26423    54.6261    13.6907 -9.990e-29
 127.464693     12.891    13.6435  32.878770    26.9478     12.775  269.06561  269.26656    54.4704    13.7392 -9.990e-29
 127.464696     12.909    13.6432  32.879822    26.9490     12.793  269.06510  269.26602    54.3303    13.7109 -9.990e-29
 127.464699     12.927    13.6430  32.879997    26.9493     12.811  269.06576  269.26666    54.5171    13.7351 -9.990e-29
 127.464702     12.946    13.6431  32.879588    26.9489     12.830  269.06615  269.26706    62.4704    14.3579 -9.990e-29
 127.464705     12.955    13.6429  32.879179    26.9486     12.839  269.06747  269.26838    62.3303    14.4347 -9.990e-29
 127.464708     12.966    13.6428  32.879355    26.9488     12.849  269.06750  269.26840    62.4548    14.3902 -9.990e-29
 127.464711     12.969    13.6426  32.879589    26.9492     12.853  269.06805  269.26893    62.5327    14.3942 -9.990e-29
 127.464714     12.971    13.6425  32.879589    26.9492     12.855  269.06836  269.26925    84.8206    14.4913 -9.990e-29
