Processed/SBE19plus_01907321_2022_05_08_Cast76_wfilter.cnv
* Sea-Bird SBE19plus  Data File:
* FileName = E:\Prandtl Daten\2022\CTD\Raw\SBE19plus_01907321_2022_05_08_Cast76.hex
* Software version 2.6.1.12
* Temperature SN = 7321
* Conductivity SN = 7321
* System UpLoad Time = May 08 2022 07:51:52
* <ApplicationData>
* <Seaterm232>
** Messpraktikum 2022
** CTD 08.05 BM
** NMEA Latitude = 54 07.82 N
** NMEA Longitude = 008 47.40 E
# nquan = 11
# nvalues = 605                         
# units = specified
# name 0 = timeJ: Julian Days
# name 1 = prdM: Pressure, Strain Gauge [db]
# name 2 = tv290C: Temperature [ITS-90, deg C]
# name 3 = c0mS/cm: Conductivity [mS/cm]
# name 4 = sal00: Salinity, Practical [PSU]
# name 5 = depSM: Depth [salt water, m], lat = 54.00
# name 6 = oxsatMm/Kg: Oxygen Saturation, Weiss [umol/kg]
# name 7 = oxsolMm/Kg: Oxygen Saturation, Garcia & Gordon [umol/kg]
# name 8 = turbWETntu0: Turbidity, WET Labs ECO [NTU]
# name 9 = flECO-AFL: Fluorescence, WET Labs ECO-AFL/FL [mg/m^3]
# name 10 = flag:  0.000e+00
# span 0 = 128.321722, 128.323469       
# span 1 =      0.704,     14.781       
# span 2 =    13.1666,    13.1751       
# span 3 =  32.488628,  32.626263       
# span 4 =    26.9274,    27.0506       
# span 5 =      0.697,     14.649       
# span 6 =  271.51560,  271.79129       
# span 7 =  271.68980,  271.96623       
# span 8 =    -6.3856,   399.1085       
# span 9 =    -0.1831,    21.1350       
# span 10 = 0.0000e+00, 0.0000e+00      
# interval = seconds: 0.25
# start_time = May 08 2022 07:42:13 [Instrument's time stamp, header]
# bad_flag = -9.990e-29
*END*
[from data line 525]
 128.323241     13.337    13.1722  32.619108    27.0446     13.217  271.54173  271.71583   145.2097    17.7909 0.0000e+00
 128.323244     13.364    13.1719  32.618351    27.0438     13.244  271.54432  271.71841   145.2408    17.7545 -9.990e-29
 128.323247     13.380    13.1717  32.618118    27.0433     13.260  271.54567  271.71975   145.1630    17.7464 -9.990e-29
 128.323249     13.393    13.1715  32.617885    27.0432     13.273  271.54703  271.72110   157.0852    18.7856 -9.990e-29
 128.323252     13.402    13.1716  32.617070    27.0424     13.282  271.54814  271.72221   157.0541    18.8139 -9.990e-29
 128.323255     13.413    13.1717  32.616604    27.0419     13.293  271.54832  271.72241   157.1008    18.7654 -9.990e-29
 128.323258     13.422    13.1716  32.615614    27.0410     13.302  271.55036  271.72446   157.0541    18.8220 -9.990e-29
 128.323261     13.443    13.1717  32.615614    27.0401     13.322  271.55006  271.72416   162.6416    19.3275 -9.990e-29
 128.323264     13.472    13.1718  32.614798    27.0401     13.351  271.55117  271.72529   162.5171    19.3396 0.0000e+00
 128.323267     13.510    13.1716  32.614624    27.0401     13.389  271.55213  271.72624   162.5171    19.3073 0.0000e+00
 128.323270     13.546    13.1712  32.614216    27.0400     13.425  271.55475  271.72883   162.4548    19.3517 0.0000e+00
 128.323273     13.580    13.1711  32.613983    27.0398     13.458  271.55549  271.72957   155.8401    18.3611 0.0000e+00
 128.323275     13.624    13.1711  32.613576    27.0395     13.501  271.55622  271.73031   155.8868    18.3691 0.0000e+00
 128.323278     13.664    13.1708  32.613459    27.0395     13.541  271.55771  271.73178   155.9179    18.3611 0.0000e+00
 128.323281     13.700    13.1709  32.612994    27.0395     13.577  271.55822  271.73230   155.7934    18.3328 -9.990e-29
 128.323284     13.724    13.1706  32.613168    27.0394     13.601  271.55920  271.73325   180.0580    19.6348 -9.990e-29
 128.323287     13.744    13.1705  32.612761    27.0391     13.621  271.56023  271.73428   179.9801    19.6429 -9.990e-29
 128.323290     13.762    13.1708  32.612295    27.0385     13.639  271.56010  271.73418   179.8868    19.6429 -9.990e-29
 128.323293     13.773    13.1710  32.612586    27.0385     13.650  271.55835  271.73244   180.0268    19.6712 -9.990e-29
 128.323296     13.784    13.1711  32.612120    27.0380     13.661  271.55885  271.73295   179.9801    19.6227 -9.990e-29
 128.323299     13.795    13.1711  32.611713    27.0377     13.672  271.55956  271.73366   206.5949    20.5891 -9.990e-29
 128.323302     13.815    13.1713  32.610955    27.0368     13.691  271.55994  271.73407   206.5949    20.6012 -9.990e-29
 128.323304     13.836    13.1713  32.609907    27.0358     13.712  271.56177  271.73590   206.5949    20.6255 -9.990e-29
 128.323307     13.861    13.1713  32.610082    27.0360     13.737  271.56180  271.73593   206.6883    20.6578 -9.990e-29
 128.323310     13.881    13.1710  32.609092    27.0353     13.756  271.56447  271.73859   248.8362    21.0865 -9.990e-29
 128.323313     13.903    13.1709  32.608976    27.0346     13.778  271.56532  271.73943   248.8206    21.1350 -9.990e-29
 128.323316     13.930    13.1707  32.608044    27.0341     13.805  271.56790  271.74200   248.8829    21.1350 0.0000e+00
 128.323319     13.961    13.1704  32.606821    27.0337     13.836  271.57130  271.74540   248.7739    21.1148 0.0000e+00
 128.323322     13.994    13.1703  32.606821    27.0337     13.869  271.57163  271.74573   262.5949    20.2171 0.0000e+00
 128.323325     14.022    13.1701  32.606647    27.0337     13.896  271.57290  271.74698   262.6105    20.2333 0.0000e+00
 128.323328     14.051    13.1697  32.606006    27.0335     13.925  271.57591  271.74998   262.7039    20.2292 0.0000e+00
 128.323330     14.080    13.1697  32.604783    27.0334     13.954  271.57805  271.75213   262.6105    20.2090 -9.990e-29
 128.323333     14.103    13.1699  32.603968    27.0313     13.977  271.57854  271.75263   231.3887    20.0432 -9.990e-29
 128.323336     14.127    13.1698  32.601988    27.0286     14.001  271.58230  271.75641   231.5132    20.0432 -9.990e-29
 128.323339     14.157    13.1700  32.601056    27.0282     14.030  271.58330  271.75743   231.5132    20.0594 0.0000e+00
 128.323342     14.188    13.1700  32.600241    27.0283     14.061  271.58474  271.75887   231.6377    20.0513 0.0000e+00
 128.323345     14.222    13.1702  32.600882    27.0280     14.095  271.58271  271.75684   231.2019    20.0351 0.0000e+00
 128.323348     14.250    13.1699  32.600416    27.0280     14.122  271.58479  271.75891   268.1669    20.7023 0.0000e+00
 128.323351     14.283    13.1701  32.599659    27.0276     14.155  271.58518  271.75932   268.1358    20.6781 0.0000e+00
 128.323354     14.310    13.1700  32.600242    27.0272     14.182  271.58450  271.75864   268.1825    20.6659 -9.990e-29
 128.323356     14.326    13.1702  32.599252    27.0267     14.198  271.58560  271.75975   268.2447    20.6942 -9.990e-29
 128.323359     14.341    13.1701  32.598029    27.0257     14.213  271.58804  271.76220   316.0268    19.8006 -9.990e-29
 128.323362     14.349    13.1700  32.597272    27.0250     14.220  271.58967  271.76384   316.1669    19.7844 -9.990e-29
 128.323365     14.356    13.1700  32.596981    27.0247     14.227  271.59018  271.76435   316.1202    19.7763 -9.990e-29
 128.323368     14.368    13.1698  32.594710    27.0228     14.240  271.59507  271.76925   316.0113    19.7763 -9.990e-29
 128.323371     14.385    13.1699  32.592672    27.0209     14.256  271.59830  271.77250   333.8323    19.8249 -9.990e-29
 128.323374     14.407    13.1698  32.592032    27.0198     14.278  271.59974  271.77394   333.8323    19.7642 -9.990e-29
 128.323377     14.445    13.1696  32.591275    27.0188     14.316  271.60202  271.77621   333.8634    19.7602 0.0000e+00
 128.323380     14.482    13.1693  32.588771    27.0177     14.352  271.60765  271.78184   333.8012    19.7642 0.0000e+00
 128.323383     14.520    13.1692  32.587374    27.0164     14.390  271.61041  271.78461   343.8868    17.9607 0.0000e+00
 128.323385     14.553    13.1692  32.585162    27.0144     14.422  271.61427  271.78849   343.8712    17.9284 0.0000e+00
 128.323388     14.583    13.1689  32.583240    27.0136     14.452  271.61888  271.79310   343.9334    17.9850 0.0000e+00
 128.323391     14.611    13.1685  32.582425    27.0128     14.480  271.62220  271.79640   343.8401    17.9810 -9.990e-29
 128.323394     14.627    13.1681  32.581203    27.0116     14.496  271.62622  271.80040   343.7778    17.9648 -9.990e-29
 128.323397     14.647    13.1677  32.579165    27.0099     14.516  271.63134  271.80552   369.4899    17.7181 -9.990e-29
 128.323400     14.656    13.1675  32.573868    27.0052     14.525  271.64148  271.81569   369.4432    17.7060 -9.990e-29
 128.323403     14.671    13.1675  32.573053    27.0045     14.539  271.64290  271.81712   369.3654    17.7181 -9.990e-29
 128.323406     14.681    13.1677  32.572005    27.0034     14.550  271.64378  271.81802   369.4276    17.7181 -9.990e-29
 128.323409     14.700    13.1679  32.569968    27.0014     14.568  271.64669  271.82096   399.1085    17.0792 -9.990e-29
 128.323411     14.723    13.1681  32.569560    27.0008     14.591  271.64616  271.82045   399.0307    17.0752 -9.990e-29
 128.323414     14.744    13.1683  32.567290    26.9986     14.611  271.64948  271.82380   399.0307    17.0792 -9.990e-29
 128.323417     14.750    13.1683  32.565893    26.9973     14.618  271.65190  271.82624   399.0619    17.0914 -9.990e-29
 128.323420     14.760    13.1678  32.563216    26.9952     14.627  271.65876  271.83308   218.5638     7.9568 -9.990e-29
 128.323423     14.760    13.1677  32.561586    26.9938     14.627  271.66190  271.83624   218.7661     7.9244 -9.990e-29
 128.323426     14.764    13.1676  32.557046    26.9897     14.631  271.67009  271.84446   218.4704     7.9851 -9.990e-29
 128.323429     14.758    13.1676  32.553379    26.9863     14.626  271.67645  271.85085   218.5327     7.9891 -9.990e-29
 128.323432     14.758    13.1676  32.550527    26.9837     14.626  271.68139  271.85582    -6.3856    -0.1507 -9.990e-29
 128.323435     14.762    13.1679  32.546221    26.9796     14.630  271.68792  271.86240    -6.2767    -0.1386 -9.990e-29
 128.323438     14.759    13.1679  32.541915    26.9757     14.626  271.69538  271.86991    -6.3078    -0.1831 -9.990e-29
 128.323440     14.763    13.1679  32.534757    26.9691     14.630  271.70780  271.88239    -6.2144    -0.1467 -9.990e-29
 128.323443     14.763    13.1678  32.523761    26.9591     14.630  271.72719  271.90187    -6.3856    -0.1305 -9.990e-29
 128.323446     14.770    13.1676  32.513696    26.9499     14.638  271.74528  271.92004    -6.3078    -0.1346 -9.990e-29
 128.323449     14.768    13.1674  32.507589    26.9445     14.636  271.75682  271.93162    -6.2611    -0.1507 -9.990e-29
 128.323452     14.770    13.1673  32.503110    26.9404     14.638  271.76490  271.93974    -6.3078    -0.1548 -9.990e-29
 128.323455     14.776    13.1671  32.488628    26.9274     14.643  271.79129  271.96623    -6.3389    -0.1386 -9.990e-29
 128.323458     14.778    13.1668  32.493106    26.9316     14.645  271.78447  271.95936    -6.2455    -0.1386 -9.990e-29
 128.323461     14.777    13.1668  32.492873    26.9314     14.645  271.78487  271.95977    -6.3701    -0.1548 -9.990e-29
 128.323464     14.779    13.1666  32.493920    26.9325     14.647  271.78400  271.95888    -6.2767    -0.1467 -9.990e-29
 128.323466     14.781    13.1666  32.493339    26.9320     14.649  271.78501  271.95989    -6.2455    -0.1548 -9.990e-29
 128.323469     14.781    13.1666  32.491071    26.9300     14.649  271.78926  271.96416    -6.2922    -0.1467 -9.990e-29
