Processed/SBE19plus_01907321_2022_05_09_Cast99_wfilter.cnv
* Sea-Bird SBE19plus  Data File:
* FileName = E:\Prandtl_Daten\2022\CTD\Raw\SBE19plus_01907321_2022_05_09_Cast99.hex
* Software version 2.6.1.12
* Temperature SN = 7321
* Conductivity SN = 7321
* System UpLoad Time = May 09 2022 11:28:20
* <ApplicationData>
* <Seaterm232>
** Messpraktikum 2022
** CTD 09.05 SW2
** NMEA Latitude = 54 04.851 N
** NMEA Longitude = 008 29.692 E
# nquan = 11
# nvalues = 483                         
# units = specified
# name 0 = timeJ: Julian Days
# name 1 = prdM: Pressure, Strain Gauge [db]
# name 2 = tv290C: Temperature [ITS-90, deg C]
# name 3 = c0mS/cm: Conductivity [mS/cm]
# name 4 = sal00: Salinity, Practical [PSU]
# name 5 = depSM: Depth [salt water, m], lat = 54.00
# name 6 = oxsatMm/Kg: Oxygen Saturation, Weiss [umol/kg]
# name 7 = oxsolMm/Kg: Oxygen Saturation, Garcia & Gordon [umol/kg]
# name 8 = turbWETntu0: Turbidity, WET Labs ECO [NTU]
# name 9 = flECO-AFL: Fluorescence, WET Labs ECO-AFL/FL [mg/m^3]
# name 10 = flag:  0.000e+00
# span 0 = 129.465072, 129.466467       
# span 1 =      0.383,     10.896       
# span 2 =    11.9687,    12.7454       
# span 3 =  30.981231,  31.630717       
# span 4 =    26.0874,    26.9719       
# span 5 =      0.380,     10.799       
# span 6 =  275.78652,  278.71647       
# span 7 =  275.94591,  278.84128       
# span 8 =    21.0229,    49.1319       
# span 9 =     8.7331,    18.0780       
# span 10 = 0.0000e+00, 0.0000e+00      
# interval = seconds: 0.25
# start_time = May 09 2022 11:08:32 [Instrument's time stamp, header]
# bad_flag = -9.990e-29
*END*
[from data line 394]
 129.466212      8.693    12.0434  31.603035    26.9085      8.616  278.36858  278.47824    23.2331     9.4287 0.0000e+00
 129.466215      8.722    12.0423  31.605221    26.9114      8.644  278.36967  278.47922    23.7622     9.1982 0.0000e+00
 129.466218      8.757    12.0415  31.605624    26.9123      8.679  278.37244  278.48194    23.7000     9.1820 0.0000e+00
 129.466221      8.796    12.0410  31.609191    26.9160      8.717  278.36813  278.47756    23.7778     9.1577 0.0000e+00
 129.466224      8.832    12.0404  31.610170    26.9174      8.753  278.36922  278.47859    23.7622     9.1941 0.0000e+00
 129.466227      8.867    12.0393  31.612759    26.9190      8.787  278.36956  278.47883    22.2681     9.3923 0.0000e+00
 129.466230      8.896    12.0384  31.613507    26.9206      8.816  278.37233  278.48153    22.1903     9.3882 -9.990e-29
 129.466233      8.919    12.0376  31.613910    26.9229      8.840  278.37510  278.48424    22.2214     9.3842 -9.990e-29
 129.466236      8.937    12.0372  31.613508    26.9228      8.857  278.37775  278.48687    22.2525     9.3801 -9.990e-29
 129.466238      8.945    12.0366  31.614889    26.9245      8.865  278.37776  278.48683    22.2525     9.3720 -9.990e-29
 129.466241      8.946    12.0356  31.618456    26.9285      8.866  278.37565  278.48461    22.2369     8.8828 -9.990e-29
 129.466244      8.945    12.0345  31.618054    26.9290      8.865  278.38146  278.49035    22.2525     8.8747 -9.990e-29
 129.466247      8.945    12.0330  31.619089    26.9311      8.865  278.38654  278.49531    22.3303     8.8545 -9.990e-29
 129.466250      8.950    12.0319  31.621219    26.9338      8.870  278.38739  278.49606    22.1591     8.8747 -9.990e-29
 129.466253      8.963    12.0315  31.619838    26.9329      8.883  278.39216  278.50081    24.2292     8.7331 -9.990e-29
 129.466256      8.981    12.0309  31.619665    26.9345      8.901  278.39503  278.50365    24.2603     8.7453 -9.990e-29
 129.466259      9.012    12.0307  31.621046    26.9339      8.931  278.39346  278.50205    24.2292     8.7857 0.0000e+00
 129.466262      9.047    12.0297  31.619090    26.9345      8.966  278.40152  278.51007    24.2136     8.7372 0.0000e+00
 129.466264      9.085    12.0285  31.624039    26.9389      9.004  278.39816  278.50657    22.7039     9.0162 0.0000e+00
 129.466267      9.131    12.0271  31.624788    26.9406      9.049  278.40284  278.51115    22.7194     9.0526 0.0000e+00
 129.466270      9.175    12.0257  31.624615    26.9415      9.093  278.40985  278.51806    22.7350     9.0647 0.0000e+00
 129.466273      9.228    12.0238  31.628184    26.9455      9.145  278.41189  278.51993    22.7506     9.0324 0.0000e+00
 129.466276      9.271    12.0220  31.626170    26.9462      9.188  278.42356  278.53150    23.9957     9.1537 0.0000e+00
 129.466279      9.310    12.0207  31.628932    26.9490      9.226  278.42453  278.53235    24.0580     9.1537 0.0000e+00
 129.466282      9.341    12.0190  31.630717    26.9516      9.257  278.42888  278.53657    23.9957     9.1456 0.0000e+00
 129.466285      9.373    12.0166  31.628530    26.9519      9.290  278.44403  278.55157    23.9334     9.1658 0.0000e+00
 129.466288      9.406    12.0136  31.630372    26.9536      9.322  278.45430  278.56162    23.9023     9.1537 0.0000e+00
 129.466291      9.433    12.0109  31.626171    26.9555      9.349  278.47411  278.58128    22.9062     9.2184 -9.990e-29
 129.466293      9.453    12.0084  31.628186    26.9571      9.369  278.48183  278.58881    22.9373     9.2346 -9.990e-29
 129.466296      9.474    12.0062  31.625769    26.9565      9.389  278.49645  278.60330    22.8595     9.2346 -9.990e-29
 129.466299      9.487    12.0044  31.627553    26.9594      9.402  278.50142  278.60813    23.0152     9.2507 -9.990e-29
 129.466302      9.497    12.0029  31.627956    26.9609      9.412  278.50735  278.61395    23.7311     9.1982 -9.990e-29
 129.466305      9.507    12.0015  31.627381    26.9614      9.422  278.51507  278.62158    23.8556     9.2426 -9.990e-29
 129.466308      9.514    12.0006  31.625194    26.9599      9.429  278.52291  278.62938    23.7311     9.2426 -9.990e-29
 129.466311      9.526    11.9998  31.626173    26.9615      9.441  278.52492  278.63133    23.6222     9.2467 -9.990e-29
 129.466314      9.539    11.9987  31.622605    26.9588      9.454  278.53626  278.64263    25.2875     8.9919 -9.990e-29
 129.466317      9.552    11.9981  31.624619    26.9612      9.467  278.53542  278.64172    25.1941     8.9798 -9.990e-29
 129.466319      9.572    11.9978  31.627382    26.9640      9.486  278.53161  278.63787    25.2097     8.9636 -9.990e-29
 129.466322      9.590    11.9976  31.625598    26.9642      9.504  278.53586  278.64212    25.2253     8.9798 -9.990e-29
 129.466325      9.620    11.9975  31.627382    26.9631      9.533  278.53323  278.63946    23.7155     9.4893 0.0000e+00
 129.466328      9.653    11.9971  31.624620    26.9630      9.566  278.53992  278.64616    23.7934     9.4893 0.0000e+00
 129.466331      9.689    11.9961  31.625023    26.9621      9.602  278.54396  278.65013    23.7155     9.4853 0.0000e+00
 129.466334      9.726    11.9946  31.623009    26.9628      9.639  278.55436  278.66044    23.7000     9.5095 0.0000e+00
 129.466337      9.766    11.9932  31.622606    26.9628      9.679  278.56179  278.66778    23.7155     9.5095 0.0000e+00
 129.466340      9.808    11.9917  31.622607    26.9638      9.720  278.56848  278.67436    24.1980     9.3437 0.0000e+00
 129.466343      9.854    11.9903  31.622031    26.9638      9.765  278.57591  278.68171    24.2136     9.3437 0.0000e+00
 129.466345      9.886    11.9889  31.620248    26.9643      9.798  278.58557  278.69128    24.1980     9.3640 0.0000e+00
 129.466348      9.926    11.9873  31.620478    26.9649      9.837  278.59247  278.69807    24.2759     9.3599 0.0000e+00
 129.466351      9.966    11.9860  31.619673    26.9650      9.877  278.60000  278.70552    24.1513     9.3963 0.0000e+00
 129.466354     10.001    11.9846  31.620249    26.9651      9.912  278.60531  278.71073    24.3692     9.3518 -9.990e-29
 129.466357     10.025    11.9835  31.617889    26.9652      9.935  278.61475  278.72012    24.2914     9.3923 -9.990e-29
 129.466360     10.047    11.9826  31.617717    26.9657      9.957  278.61921  278.72451    24.2136     9.3801 -9.990e-29
 129.466363     10.061    11.9821  31.619098    26.9674      9.971  278.61889  278.72415    24.0268     9.3114 -9.990e-29
 129.466366     10.079    11.9817  31.616509    26.9652      9.989  278.62526  278.73052    24.0891     9.2952 -9.990e-29
 129.466369     10.094    11.9813  31.615933    26.9649     10.004  278.62824  278.73347    23.9957     9.3276 -9.990e-29
 129.466372     10.107    11.9809  31.617890    26.9671     10.016  278.62654  278.73173    23.9023     9.3033 -9.990e-29
 129.466374     10.118    11.9806  31.617487    26.9669     10.027  278.62856  278.73373    24.7117     9.1577 -9.990e-29
 129.466377     10.122    11.9805  31.619444    26.9688     10.031  278.62527  278.73042    24.7272     9.1618 -9.990e-29
 129.466380     10.130    11.9805  31.618465    26.9679     10.040  278.62740  278.73255    24.7584     9.1941 -9.990e-29
 129.466383     10.135    11.9806  31.619674    26.9689     10.045  278.62454  278.72969    24.6650     9.1739 -9.990e-29
 129.466386     10.147    11.9803  31.617890    26.9675     10.056  278.62911  278.73425    24.6805     9.1658 -9.990e-29
 129.466389     10.167    11.9799  31.619271    26.9691     10.076  278.62848  278.73358    23.5599     8.8383 -9.990e-29
 129.466392     10.190    11.9794  31.617488    26.9690     10.099  278.63432  278.73940    23.4821     8.8302 -9.990e-29
 129.466395     10.219    11.9789  31.618466    26.9684     10.128  278.63476  278.73980    23.4510     8.8181 0.0000e+00
 129.466398     10.253    11.9787  31.616912    26.9690     10.161  278.63828  278.74332    23.3887     8.8100 0.0000e+00
 129.466400     10.292    11.9782  31.618063    26.9677     10.200  278.63840  278.74340    24.4938     9.4489 0.0000e+00
 129.466403     10.333    11.9775  31.615129    26.9691     10.240  278.64733  278.75231    24.4471     9.4206 0.0000e+00
 129.466406     10.380    11.9769  31.617086    26.9691     10.287  278.64629  278.75121    24.4471     9.4367 0.0000e+00
 129.466409     10.433    11.9767  31.618064    26.9692     10.340  278.64547  278.75037    24.4471     9.4044 0.0000e+00
 129.466412     10.479    11.9768  31.617086    26.9692     10.385  278.64699  278.75190    25.2253     9.4084 0.0000e+00
 129.466415     10.523    11.9764  31.615130    26.9692     10.428  278.65221  278.75712    25.2253     9.3761 0.0000e+00
 129.466418     10.566    11.9759  31.616683    26.9678     10.472  278.65160  278.75646    25.2720     9.3680 0.0000e+00
 129.466421     10.601    11.9755  31.614727    26.9686     10.506  278.65745  278.76230    25.2875     9.3801 0.0000e+00
 129.466424     10.628    11.9750  31.615303    26.9678     10.533  278.65863  278.76343    28.9607    10.0675 -9.990e-29
 129.466427     10.649    11.9748  31.615303    26.9688     10.553  278.65928  278.76407    28.8829    10.0635 -9.990e-29
 129.466429     10.665    11.9747  31.615706    26.9693     10.570  278.65918  278.76396    29.1008    10.0716 -9.990e-29
 129.466432     10.675    11.9744  31.616511    26.9703     10.579  278.65897  278.76372    28.9918    10.1120 -9.990e-29
 129.466435     10.680    11.9741  31.617317    26.9713     10.584  278.65907  278.76380    29.0385    10.0514 -9.990e-29
 129.466438     10.682    11.9738  31.615706    26.9699     10.586  278.66331  278.76803    32.6027    10.2819 -9.990e-29
 129.466441     10.682    11.9734  31.616914    26.9714     10.586  278.66299  278.76767    32.4471    10.2738 -9.990e-29
 129.466444     10.694    11.9729  31.617087    26.9719     10.599  278.66490  278.76954    32.4315    10.2738 -9.990e-29
 129.466447     10.706    11.9726  31.615131    26.9702     10.610  278.66978  278.77443    32.5560    10.2657 -9.990e-29
 129.466450     10.725    11.9724  31.614555    26.9708     10.629  278.67181  278.77645    34.7661    10.8601 -9.990e-29
 129.466453     10.751    11.9720  31.615303    26.9708     10.654  278.67235  278.77695    34.8440    10.8358 0.0000e+00
 129.466455     10.780    11.9714  31.615937    26.9708     10.683  278.67374  278.77829    34.7350    10.8520 -9.990e-29
 129.466458     10.803    11.9709  31.615304    26.9716     10.707  278.67746  278.78198    34.7194    10.8682 -9.990e-29
 129.466461     10.824    11.9701  31.616109    26.9716     10.727  278.67948  278.78394    49.1319    12.5342 -9.990e-29
 129.466464     10.858    11.9699  31.614556    26.9712     10.761  278.68332  278.78778    49.0385    12.5382 0.0000e+00
 129.466467     10.896    11.9687  31.612773    26.9708     10.799  278.69203  278.79643    48.9607    12.5180 0.0000e+00
