Processed/SBE19plus_01907321_2022_05_04_Cast19_wfilter.cnv
* Sea-Bird SBE19plus  Data File:
* FileName = E:\Prandtl Daten\2022\CTD\Raw\SBE19plus_01907321_2022_05_04_Cast19.hex
* Software version 2.6.1.12
* Temperature SN = 7321
* Conductivity SN = 7321
* System UpLoad Time = May 04 2022 13:20:22
* <ApplicationData>
* <Seaterm232>
** Messpraktikum 2022
** CTD 04.05 BW2
# nquan = 11
# nvalues = 742                         
# units = specified
# name 0 = timeJ: Julian Days
# name 1 = prdM: Pressure, Strain Gauge [db]
# name 2 = tv290C: Temperature [ITS-90, deg C]
# name 3 = c0mS/cm: Conductivity [mS/cm]
# name 4 = sal00: Salinity, Practical [PSU]
# name 5 = depSM: Depth [salt water, m], lat = 54.00
# name 6 = oxsatMm/Kg: Oxygen Saturation, Weiss [umol/kg]
# name 7 = oxsolMm/Kg: Oxygen Saturation, Garcia & Gordon [umol/kg]
# name 8 = turbWETntu0: Turbidity, WET Labs ECO [NTU]
# name 9 = flECO-AFL: Fluorescence, WET Labs ECO-AFL/FL [mg/m^3]
# name 10 = flag:  0.000e+00
# span 0 = 124.549896, 124.552040       
# span 1 =      0.581,     17.829       
# span 2 =    11.9223,    12.0681       
# span 3 =  31.541257,  32.546987       
# span 4 =    26.9391,    27.7895       
# span 5 =      0.576,     17.669       
# span 6 =  276.60278,  279.02710       
# span 7 =  276.70297,  279.12901       
# span 8 =    27.8868,    73.6299       
# span 9 =     9.4044,    15.0170       
# span 10 = 0.0000e+00, 0.0000e+00      
# interval = seconds: 0.25
# start_time = May 04 2022 13:08:04 [Instrument's time stamp, header]
# bad_flag = -9.990e-29
*END*
[from data line 263]
 124.550657      6.711    12.0137  31.933297    27.2413      6.651  277.89453  277.99858    37.2408    11.2564 -9.990e-29
 124.550660      6.736    12.0139  31.933933    27.2439      6.676  277.89243  277.99649    37.2253    11.2442 -9.990e-29
 124.550663      6.761    12.0137  31.935493    27.2437      6.701  277.89053  277.99455    35.7622    10.3587 0.0000e+00
 124.550666      6.788    12.0142  31.935319    27.2437      6.728  277.88898  277.99303    35.7622    10.3102 0.0000e+00
 124.550668      6.816    12.0143  31.934106    27.2434      6.755  277.89059  277.99467    35.7155    10.3385 -9.990e-29
 124.550671      6.837    12.0141  31.933933    27.2421      6.776  277.89187  277.99594    35.7000    10.3546 -9.990e-29
 124.550674      6.857    12.0139  31.933933    27.2423      6.796  277.89283  277.99688    35.0930    10.4638 -9.990e-29
 124.550677      6.877    12.0136  31.942541    27.2506      6.816  277.87828  277.98221    35.2798    10.5043 -9.990e-29
 124.550680      6.892    12.0143  31.951554    27.2586      6.830  277.85856  277.96245    35.1552    10.4679 -9.990e-29
 124.550683      6.914    12.0157  31.956349    27.2621      6.852  277.84345  277.94739    35.2642    10.4477 -9.990e-29
 124.550686      6.934    12.0170  31.962012    27.2665      6.872  277.82707  277.93103    35.2486    10.4638 -9.990e-29
 124.550689      6.959    12.0183  31.963745    27.2627      6.897  277.81823  277.92226    33.6299    10.4962 -9.990e-29
 124.550692      6.986    12.0189  31.959527    27.2627      6.924  277.82316  277.92729    33.6144    10.4881 0.0000e+00
 124.550694      7.014    12.0186  31.959354    27.2627      6.951  277.82476  277.92887    33.4743    10.4638 -9.990e-29
 124.550697      7.039    12.0185  31.971142    27.2740      6.976  277.80374  277.90770    33.5521    10.4760 -9.990e-29
 124.550700      7.067    12.0191  31.976748    27.2788      7.004  277.79061  277.89456    33.7078     9.9341 -9.990e-29
 124.550703      7.090    12.0205  31.974379    27.2755      7.027  277.78868  277.89276    33.7545     9.9260 -9.990e-29
 124.550706      7.120    12.0211  31.977384    27.2779      7.056  277.78066  277.88474    33.8478     9.9624 -9.990e-29
 124.550709      7.140    12.0216  31.977962    27.2781      7.076  277.77709  277.88120    33.7700     9.9422 -9.990e-29
 124.550712      7.160    12.0220  31.980390    27.2800      7.096  277.77075  277.87487    31.7622    10.0918 -9.990e-29
 124.550715      7.180    12.0224  31.989175    27.2881      7.116  277.75304  277.85709    31.8556    10.0352 -9.990e-29
 124.550718      7.202    12.0231  31.994609    27.2927      7.138  277.73992  277.84396    31.9023    10.0878 -9.990e-29
 124.550720      7.224    12.0241  31.999581    27.2966      7.160  277.72639  277.83044    31.7622    10.0756 -9.990e-29
 124.550723      7.246    12.0251  32.000563    27.2968      7.181  277.71988  277.82399    31.3420     9.8735 -9.990e-29
 124.550726      7.278    12.0257  32.001026    27.2968      7.212  277.71653  277.82067    31.4198     9.9260 0.0000e+00
 124.550729      7.307    12.0259  31.999812    27.2968      7.241  277.71752  277.82170    31.3576     9.8815 -9.990e-29
 124.550732      7.330    12.0257  31.999986    27.2958      7.265  277.71848  277.82263    31.2953     9.8896 -9.990e-29
 124.550735      7.356    12.0259  32.002992    27.2985      7.291  277.71202  277.81616    31.3731     9.8694 -9.990e-29
 124.550738      7.378    12.0262  32.007212    27.3023      7.312  277.70302  277.80714    31.0619     9.8411 -9.990e-29
 124.550741      7.393    12.0266  32.014671    27.3090      7.327  277.68744  277.79150    30.9062     9.8168 -9.990e-29
 124.550744      7.409    12.0273  32.041158    27.3334      7.343  277.63563  277.73946    31.0930     9.8047 -9.990e-29
 124.550747      7.421    12.0292  32.048966    27.3394      7.354  277.61248  277.71636    31.0930     9.8128 -9.990e-29
 124.550749      7.430    12.0310  32.051569    27.3406      7.363  277.59984  277.70382    28.5249     9.9624 -9.990e-29
 124.550752      7.446    12.0322  32.051569    27.3397      7.380  277.59451  277.69856    28.4782     9.9462 -9.990e-29
 124.550755      7.466    12.0327  32.064008    27.3496      7.400  277.56916  277.67312    28.6650     9.9422 -9.990e-29
 124.550758      7.492    12.0337  32.063255    27.3483      7.425  277.56615  277.67019    28.6338     9.9624 0.0000e+00
 124.550761      7.523    12.0347  32.061230    27.3496      7.456  277.56549  277.66962    33.2097    10.0069 0.0000e+00
 124.550764      7.567    12.0348  32.066669    27.3519      7.499  277.55490  277.65898    33.3498    10.0231 0.0000e+00
 124.550767      7.607    12.0352  32.078531    27.3629      7.539  277.53157  277.63555    33.3187    10.0069 0.0000e+00
 124.550770      7.652    12.0364  32.084549    27.3651      7.584  277.51489  277.61889    33.2408    10.0109 0.0000e+00
 124.550773      7.692    12.0377  32.082929    27.3651      7.623  277.51224  277.61634    31.4665     9.6389 0.0000e+00
 124.550775      7.723    12.0384  32.074712    27.3610      7.654  277.52389  277.62813    31.6222     9.6308 0.0000e+00
 124.550778      7.749    12.0384  32.069273    27.3568      7.679  277.53389  277.63820    31.5132     9.6227 -9.990e-29
 124.550781      7.767    12.0380  32.066727    27.3496      7.697  277.54047  277.64477    31.4510     9.6591 -9.990e-29
 124.550784      7.785    12.0376  32.069273    27.3523      7.715  277.53769  277.64194    31.4510     9.5904 -9.990e-29
 124.550787      7.794    12.0375  32.072108    27.3550      7.724  277.53312  277.63732    32.7584     9.8654 -9.990e-29
 124.550790      7.803    12.0376  32.071703    27.3546      7.733  277.53324  277.63746    32.7895     9.8815 -9.990e-29
 124.550793      7.809    12.0377  32.071472    27.3542      7.739  277.53304  277.63727    32.8829     9.8694 -9.990e-29
 124.550796      7.816    12.0378  32.077895    27.3602      7.746  277.52094  277.62510    32.6961     9.8775 -9.990e-29
 124.550799      7.834    12.0383  32.086344    27.3678      7.764  277.50323  277.60734    32.5871    10.0231 -9.990e-29
 124.550802      7.852    12.0394  32.092015    27.3724      7.782  277.48780  277.59193    32.4782    10.0231 -9.990e-29
 124.550804      7.877    12.0403  32.099019    27.3841      7.807  277.47087  277.57499    32.5249    10.0231 -9.990e-29
 124.550807      7.903    12.0412  32.105907    27.3869      7.832  277.45416  277.55826    32.5249    10.0109 0.0000e+00
 124.550810      7.936    12.0420  32.112506    27.3898      7.865  277.43861  277.54270    32.3692     9.8977 0.0000e+00
 124.550813      7.963    12.0429  32.119569    27.3958      7.892  277.42158  277.52565    32.2914     9.8937 0.0000e+00
 124.550816      7.994    12.0439  32.126227    27.4013      7.923  277.40498  277.50905    32.2914     9.8694 0.0000e+00
 124.550819      8.025    12.0449  32.133465    27.4074      7.954  277.38700  277.49107    32.2914     9.8896 0.0000e+00
 124.550822      8.053    12.0460  32.137287    27.4088      7.981  277.37530  277.47940    29.9412     9.7400 0.0000e+00
 124.550825      8.084    12.0472  32.139140    27.4102      8.011  277.36627  277.47043    30.1591     9.7441 -9.990e-29
 124.550828      8.106    12.0477  32.143773    27.4150      8.033  277.35558  277.45973    30.0969     9.7521 -9.990e-29
 124.550830      8.128    12.0487  32.146553    27.4169      8.055  277.34610  277.45029    29.9568     9.7279 -9.990e-29
 124.550833      8.148    12.0495  32.152229    27.4217      8.075  277.33224  277.43642    30.0657     9.7400 -9.990e-29
 124.550836      8.166    12.0506  32.151997    27.4201      8.093  277.32766  277.43192    34.0191     9.7360 -9.990e-29
 124.550839      8.195    12.0514  32.151997    27.4205      8.121  277.32422  277.42854    34.1591     9.8047 0.0000e+00
 124.550842      8.220    12.0517  32.153040    27.4205      8.147  277.32076  277.42509    34.0502     9.7521 0.0000e+00
 124.550845      8.248    12.0521  32.153619    27.4208      8.174  277.31783  277.42218    34.0035     9.7360 -9.990e-29
 124.550848      8.272    12.0521  32.151823    27.4193      8.198  277.32114  277.42551    30.5171     9.9584 -9.990e-29
 124.550851      8.295    12.0523  32.153040    27.4204      8.221  277.31830  277.42266    30.5015     9.9624 -9.990e-29
 124.550854      8.319    12.0523  32.152229    27.4196      8.245  277.31980  277.42418    30.5482     9.9422 -9.990e-29
 124.550856      8.343    12.0521  32.151824    27.4193      8.268  277.32119  277.42556    30.5949     9.9179 -9.990e-29
 124.550859      8.359    12.0519  32.149797    27.4175      8.285  277.32586  277.43024    32.2603    10.0675 -9.990e-29
 124.550862      8.379    12.0517  32.149797    27.4177      8.304  277.32682  277.43118    32.1669    10.0797 -9.990e-29
 124.550865      8.394    12.0516  32.149623    27.4176      8.319  277.32746  277.43182    32.1980    10.0554 -9.990e-29
 124.550868      8.409    12.0515  32.150202    27.4182      8.334  277.32703  277.43138    32.3848    10.0716 -9.990e-29
 124.550871      8.425    12.0514  32.149623    27.4177      8.350  277.32874  277.43308    33.2408    10.7307 -9.990e-29
 124.550874      8.442    12.0512  32.150029    27.4185      8.366  277.32863  277.43296    33.2564    10.7064 -9.990e-29
 124.550877      8.467    12.0513  32.150376    27.4187      8.391  277.32770  277.43203    33.3031    10.7145 0.0000e+00
 124.550880      8.494    12.0511  32.150666    27.4189      8.418  277.32813  277.43244    33.3031    10.7226 0.0000e+00
 124.550883      8.525    12.0509  32.151593    27.4199      8.449  277.32707  277.43137    33.2564    10.7348 0.0000e+00
 124.550885      8.560    12.0511  32.152635    27.4207      8.484  277.32456  277.42885    34.0657     9.7441 0.0000e+00
 124.550888      8.593    12.0511  32.152809    27.4207      8.516  277.32426  277.42855    34.0035     9.7360 0.0000e+00
 124.550891      8.620    12.0515  32.151419    27.4201      8.543  277.32495  277.42928    34.0035     9.7360 0.0000e+00
 124.550894      8.651    12.0513  32.149392    27.4193      8.574  277.32963  277.43397    34.0191     9.7521 -9.990e-29
 124.550897      8.673    12.0511  32.147597    27.4159      8.596  277.33357  277.43792    29.6299     9.6227 -9.990e-29
 124.550900      8.703    12.0511  32.146381    27.4148      8.625  277.33613  277.44049    29.5677     9.6147 -9.990e-29
 124.550903      8.723    12.0510  32.145512    27.4140      8.645  277.33805  277.44242    29.5210     9.6308 -9.990e-29
 124.550906      8.739    12.0511  32.143138    27.4117      8.661  277.34211  277.44650    29.5366     9.6106 -9.990e-29
 124.550909      8.753    12.0511  32.144180    27.4127      8.675  277.34020  277.44459    31.0774     9.7683 -9.990e-29
 124.550911      8.775    12.0511  32.144586    27.4130      8.697  277.33916  277.44354    30.9996     9.7521 -9.990e-29
 124.550914      8.795    12.0511  32.143775    27.4128      8.717  277.34098  277.44536    30.9373     9.7683 -9.990e-29
 124.550917      8.821    12.0509  32.144180    27.4124      8.742  277.34119  277.44556    31.0774     9.7279 0.0000e+00
 124.550920      8.854    12.0507  32.143138    27.4124      8.775  277.34375  277.44812    31.9023    10.1120 0.0000e+00
 124.550923      8.885    12.0507  32.142154    27.4119      8.806  277.34590  277.45027    31.7778    10.1444 -9.990e-29
 124.550926      8.909    12.0508  32.141285    27.4101      8.829  277.34688  277.45127    31.7155    10.1363 -9.990e-29
 124.550929      8.936    12.0507  32.141343    27.4103      8.856  277.34742  277.45180    31.7934    10.1363 -9.990e-29
 124.550932      8.957    12.0505  32.141922    27.4110      8.877  277.34731  277.45168    31.7778    10.1606 -9.990e-29
 124.550935      8.975    12.0504  32.142965    27.4120      8.895  277.34573  277.45007    29.8634     9.7562 -9.990e-29
 124.550938      8.992    12.0503  32.144760    27.4137      8.911  277.34276  277.44708    29.8012     9.7360 -9.990e-29
 124.550940      9.001    12.0502  32.144760    27.4138      8.920  277.34339  277.44770    29.8167     9.7481 -9.990e-29
 124.550943      9.013    12.0502  32.148003    27.4168      8.933  277.33713  277.44142    29.7233     9.7602 -9.990e-29
 124.550946      9.030    12.0505  32.153216    27.4216      8.949  277.32664  277.43088    33.4432     9.9988 -9.990e-29
 124.550949      9.048    12.0509  32.158371    27.4261      8.967  277.31531  277.41953    33.5521    10.0312 -9.990e-29
 124.550952      9.070    12.0512  32.161267    27.4293      8.989  277.30844  277.41265    33.5366    10.0312 -9.990e-29
 124.550955      9.097    12.0516  32.162310    27.4299      9.016  277.30466  277.40889    33.5210    10.0150 0.0000e+00
 124.550958      9.130    12.0517  32.163526    27.4300      9.048  277.30214  277.40636    32.5249    10.2697 0.0000e+00
 124.550961      9.170    12.0519  32.163295    27.4304      9.088  277.30165  277.40589    32.6338    10.2940 0.0000e+00
 124.550964      9.205    12.0521  32.164338    27.4300      9.123  277.29882  277.40306    32.4782    10.2374 0.0000e+00
 124.550966      9.243    12.0521  32.157850    27.4247      9.161  277.31106  277.41537    32.5249    10.2536 0.0000e+00
 124.550969      9.274    12.0517  32.155475    27.4237      9.191  277.31701  277.42132    31.7311     9.8815 0.0000e+00
 124.550972      9.305    12.0513  32.154143    27.4227      9.222  277.32136  277.42565    31.8245     9.8815 -9.990e-29
 124.550975      9.329    12.0514  32.150784    27.4185      9.246  277.32722  277.43156    31.7155     9.8735 -9.990e-29
 124.550978      9.349    12.0511  32.150205    27.4181      9.265  277.32924  277.43357    31.8245     9.9139 -9.990e-29
 124.550981      9.363    12.0511  32.150205    27.4181      9.279  277.32925  277.43358    31.8245     9.8613 -9.990e-29
 124.550984      9.378    12.0512  32.148410    27.4164      9.294  277.33224  277.43659    33.2564     9.9503 -9.990e-29
 124.550987      9.387    12.0513  32.149394    27.4172      9.303  277.33013  277.43447    33.1941     9.9260 -9.990e-29
 124.550990      9.394    12.0514  32.149626    27.4174      9.310  277.32908  277.43343    33.2875     9.9422 -9.990e-29
 124.550992      9.411    12.0514  32.150611    27.4183      9.326  277.32728  277.43163    33.3498     9.9179 -9.990e-29
 124.550995      9.429    12.0516  32.150263    27.4178      9.345  277.32731  277.43166    30.8595    10.3870 -9.990e-29
 124.550998      9.453    12.0516  32.153217    27.4247      9.368  277.32159  277.42592    30.8906    10.3830 -9.990e-29
 124.551001      9.484    12.0517  32.157677    27.4269      9.399  277.31311  277.41740    30.9218    10.4072 0.0000e+00
 124.551004      9.512    12.0518  32.162485    27.4291      9.426  277.30368  277.40793    30.7817    10.3587 0.0000e+00
 124.551007      9.544    12.0523  32.163296    27.4294      9.459  277.30034  277.40460    31.0774     9.9341 0.0000e+00
 124.551010      9.577    12.0525  32.163296    27.4296      9.491  277.29942  277.40369    31.1085     9.9503 0.0000e+00
 124.551013      9.611    12.0524  32.164339    27.4299      9.525  277.29784  277.40210    31.1241     9.9503 0.0000e+00
 124.551016      9.642    12.0524  32.164513    27.4304      9.556  277.29754  277.40180    30.9996     9.9422 -9.990e-29
 124.551019      9.662    12.0525  32.163528    27.4296      9.576  277.29873  277.40302    30.8284     9.9503 -9.990e-29
 124.551021      9.680    12.0526  32.163933    27.4299      9.594  277.29769  277.40197    30.8906    10.0231 -9.990e-29
 124.551024      9.693    12.0528  32.164513    27.4303      9.606  277.29601  277.40029    30.7350     9.9786 -9.990e-29
 124.551027      9.704    12.0532  32.164339    27.4298      9.617  277.29445  277.39877    30.8284    10.0109 -9.990e-29
 124.551030      9.719    12.0535  32.163702    27.4290      9.632  277.29406  277.39841    30.9218    10.0392 -9.990e-29
