Processed/SBE19plus_01907321_2022_05_06_Cast44_wfilter.cnv
* Sea-Bird SBE19plus  Data File:
* FileName = E:\Prandtl Daten\2022\CTD\Raw\SBE19plus_01907321_2022_05_06_Cast44.hex
* Software version 2.6.1.12
* Temperature SN = 7321
* Conductivity SN = 7321
* System UpLoad Time = May 06 2022 09:56:03
* <ApplicationData>
* <Seaterm232>
** Messpraktikum 2022
** CTD 06.05 KFN
** NMEA Latitude = 54 06.200 N
** NMEA Longitude = 008 36.258 E
# nquan = 11
# nvalues = 451                         
# units = specified
# name 0 = timeJ: Julian Days
# name 1 = prdM: Pressure, Strain Gauge [db]
# name 2 = tv290C: Temperature [ITS-90, deg C]
# name 3 = c0mS/cm: Conductivity [mS/cm]
# name 4 = sal00: Salinity, Practical [PSU]
# name 5 = depSM: Depth [salt water, m], lat = 54.00
# name 6 = oxsatMm/Kg: Oxygen Saturation, Weiss [umol/kg]
# name 7 = oxsolMm/Kg: Oxygen Saturation, Garcia & Gordon [umol/kg]
# name 8 = turbWETntu0: Turbidity, WET Labs ECO [NTU]
# name 9 = flECO-AFL: Fluorescence, WET Labs ECO-AFL/FL [mg/m^3]
# name 10 = flag:  0.000e+00
# span 0 = 126.409320, 126.410622       
# span 1 =      0.756,     13.442       
# span 2 =    11.9990,    12.1021       
# span 3 =  31.515624,  31.745741       
# span 4 =    26.8093,    27.0708       
# span 5 =      0.750,     13.322       
# span 6 =  278.20255,  278.47973       
# span 7 =  278.31682,  278.58904       
# span 8 =    13.0385,    20.8362       
# span 9 =     7.2249,    10.4840       
# span 10 = 0.0000e+00, 0.0000e+00      
# interval = seconds: 0.25
# start_time = May 06 2022 09:48:13 [Instrument's time stamp, header]
# bad_flag = -9.990e-29
*END*
 126.409320      0.756    12.1021  31.545149    26.8147      0.750  278.20255  278.31682    15.8089     8.2277 0.0000e+00
 126.409323      0.804    12.1001  31.545149    26.8147      0.797  278.21181  278.32594    15.9334     8.2156 -9.990e-29
 126.409326      0.811    12.0988  31.543999    26.8160      0.804  278.21996  278.33401    15.8868     8.2196 -9.990e-29
 126.409329      0.815    12.0980  31.544402    26.8170      0.808  278.22272  278.33672    15.8401     8.2560 -9.990e-29
 126.409332      0.826    12.0973  31.543367    26.8165      0.818  278.22781  278.34177    15.9490     8.4137 -9.990e-29
 126.409334      0.840    12.0961  31.541643    26.8157      0.833  278.23638  278.35028    16.0735     8.3935 -9.990e-29
 126.409337      0.861    12.0948  31.538251    26.8147      0.853  278.24866  278.36250    16.0891     8.4218 -9.990e-29
 126.409340      0.890    12.0925  31.537849    26.8162      0.882  278.25959  278.37329    16.1825     8.4016 0.0000e+00
 126.409343      0.927    12.0911  31.540034    26.8159      0.918  278.26197  278.37555    16.0580     8.0781 0.0000e+00
 126.409346      0.969    12.0908  31.537850    26.8168      0.960  278.26728  278.38086    16.0580     8.1023 0.0000e+00
 126.409349      1.022    12.0902  31.535895    26.8159      1.013  278.27376  278.38732    16.1513     8.1023 -9.990e-29
 126.409352      1.045    12.0895  31.536873    26.8159      1.036  278.27516  278.38866    16.1202     8.1387 -9.990e-29
 126.409355      1.051    12.0887  31.537505    26.8170      1.042  278.27750  278.39094    16.1358     8.1145 -9.990e-29
 126.409358      1.049    12.0887  31.537678    26.8172      1.040  278.27719  278.39062    15.5910     8.2277 -9.990e-29
 126.409361      1.068    12.0895  31.538655    26.8168      1.058  278.27191  278.38539    15.6844     8.2156 -9.990e-29
 126.409363      1.099    12.0899  31.538080    26.8166      1.089  278.27139  278.38490    15.6222     8.2479 0.0000e+00
 126.409366      1.148    12.0905  31.538253    26.8166      1.138  278.26825  278.38180    15.5443     8.2277 0.0000e+00
 126.409369      1.197    12.0911  31.538885    26.8164      1.187  278.26458  278.37816    15.9179     8.4137 -9.990e-29
 126.409372      1.217    12.0915  31.538655    26.8160      1.206  278.26279  278.37641    15.8245     8.4218 -9.990e-29
 126.409375      1.226    12.0918  31.538483    26.8157      1.215  278.26215  278.37579    15.9179     8.4339 -9.990e-29
 126.409378      1.235    12.0925  31.540610    26.8172      1.224  278.25508  278.36874    15.8245     8.4339 -9.990e-29
 126.409381      1.246    12.0929  31.539862    26.8162      1.235  278.25423  278.36794    15.6844     8.1994 -9.990e-29
 126.409384      1.270    12.0934  31.540035    26.8160      1.258  278.25171  278.36544    15.6844     8.1630 -9.990e-29
 126.409387      1.292    12.0938  31.541414    26.8170      1.280  278.24760  278.36134    15.5443     8.1670 -9.990e-29
 126.409389      1.317    12.0946  31.541644    26.8151      1.305  278.24370  278.35749    15.7622     8.1347 -9.990e-29
 126.409392      1.355    12.0950  31.540265    26.8158      1.343  278.24435  278.35818    15.6844     8.2156 0.0000e+00
 126.409395      1.403    12.0949  31.541645    26.8162      1.390  278.24217  278.35598    15.5910     8.1751 0.0000e+00
 126.409398      1.450    12.0951  31.541645    26.8163      1.437  278.24124  278.35508    15.6066     8.2277 0.0000e+00
 126.409401      1.483    12.0952  31.541817    26.8162      1.469  278.24063  278.35447    15.6689     8.2520 -9.990e-29
 126.409404      1.488    12.0953  31.540438    26.8150      1.475  278.24285  278.35670    15.6844     8.2317 -9.990e-29
 126.409407      1.486    12.0946  31.538885    26.8140      1.473  278.24855  278.36238    15.3109     8.1751 -9.990e-29
 126.409410      1.497    12.0934  31.539461    26.8158      1.484  278.25323  278.36697    15.3264     8.1670 -9.990e-29
 126.409413      1.523    12.0927  31.539461    26.8155      1.509  278.25611  278.36980    15.2953     8.1832 0.0000e+00
 126.409416      1.567    12.0925  31.538656    26.8158      1.553  278.25857  278.37226    15.2953     8.1590 0.0000e+00
 126.409418      1.603    12.0922  31.539231    26.8156      1.589  278.25913  278.37279    16.6183     8.1832 0.0000e+00
 126.409421      1.631    12.0920  31.538484    26.8160      1.616  278.26147  278.37512    16.4938     8.1711 -9.990e-29
 126.409424      1.649    12.0919  31.538484    26.8155      1.634  278.26180  278.37545    16.6183     8.1590 -9.990e-29
 126.409427      1.662    12.0918  31.539059    26.8161      1.647  278.26107  278.37471    16.5249     8.1590 -9.990e-29
 126.409430      1.676    12.0918  31.539634    26.8167      1.661  278.26035  278.37397    15.8245     8.4946 -9.990e-29
 126.409433      1.693    12.0920  31.539059    26.8161      1.677  278.26046  278.37410    15.7934     8.4744 -9.990e-29
 126.409436      1.727    12.0922  31.539461    26.8166      1.712  278.25847  278.37213    15.8089     8.4865 0.0000e+00
 126.409439      1.771    12.0927  31.540841    26.8161      1.755  278.25375  278.36743    15.8868     8.5107 0.0000e+00
 126.409442      1.806    12.0936  31.540036    26.8157      1.790  278.25143  278.36517    16.1980     8.4016 0.0000e+00
 126.409444      1.837    12.0937  31.539864    26.8156      1.821  278.25113  278.36489    16.1202     8.4258 0.0000e+00
 126.409447      1.864    12.0937  31.540036    26.8154      1.848  278.25083  278.36459    16.1047     8.4137 -9.990e-29
 126.409450      1.883    12.0939  31.540439    26.8158      1.866  278.24915  278.36292    16.1669     8.4016 -9.990e-29
 126.409453      1.908    12.0938  31.539634    26.8157      1.891  278.25128  278.36505    16.0268     8.4258 -9.990e-29
 126.409456      1.937    12.0939  31.540267    26.8157      1.920  278.24982  278.36359    16.0580     8.8625 0.0000e+00
 126.409459      1.968    12.0939  31.540439    26.8157      1.951  278.24953  278.36329    16.1047     8.8625 -9.990e-29
 126.409462      1.988    12.0939  31.540612    26.8159      1.971  278.24891  278.36267    16.0580     8.8504 -9.990e-29
 126.409465      2.001    12.0941  31.540037    26.8153      1.983  278.24933  278.36311    16.0268     8.8868 -9.990e-29
 126.409468      2.007    12.0944  31.533943    26.8093      1.989  278.25892  278.37279    16.1513     8.4784 -9.990e-29
 126.409470      2.021    12.0946  31.538657    26.8136      2.003  278.24965  278.36348    16.1980     8.5148 -9.990e-29
 126.409473      2.045    12.0946  31.540439    26.8152      2.026  278.24640  278.36021    16.0891     8.4703 -9.990e-29
 126.409476      2.085    12.0947  31.540439    26.8144      2.067  278.24579  278.35961    16.0424     8.4663 0.0000e+00
 126.409479      2.131    12.0948  31.538887    26.8148      2.112  278.24835  278.36219    16.1202     8.7736 0.0000e+00
 126.409482      2.167    12.0945  31.539865    26.8148      2.147  278.24785  278.36166    16.0580     8.7291 0.0000e+00
 126.409485      2.201    12.0947  31.540267    26.8149      2.182  278.24618  278.36000    16.1669     8.7574 0.0000e+00
 126.409488      2.227    12.0946  31.539060    26.8150      2.207  278.24905  278.36287    16.0424     8.7291 -9.990e-29
 126.409491      2.242    12.0947  31.539060    26.8138      2.222  278.24842  278.36226    15.9179     9.0283 -9.990e-29
 126.409494      2.258    12.0947  31.538658    26.8134      2.238  278.24917  278.36301    15.8712     9.2022 -9.990e-29
 126.409497      2.282    12.0948  31.539635    26.8143      2.261  278.24708  278.36091    15.8556     9.1699 -9.990e-29
 126.409499      2.305    12.0946  31.538256    26.8131      2.285  278.25026  278.36410    15.7934     9.1618 -9.990e-29
 126.409502      2.327    12.0940  31.536876    26.8122      2.306  278.25567  278.36948    15.8868     9.1820 -9.990e-29
 126.409505      2.349    12.0932  31.538083    26.8139      2.328  278.25696  278.37071    17.7700     9.4974 -9.990e-29
 126.409508      2.367    12.0929  31.537681    26.8138      2.346  278.25930  278.37303    17.7545     9.4934 -9.990e-29
 126.409511      2.395    12.0927  31.536474    26.8128      2.373  278.26249  278.37621    17.8945     9.5014 -9.990e-29
 126.409514      2.417    12.0922  31.536129    26.8135      2.395  278.26536  278.37906    17.8323     9.4934 -9.990e-29
 126.409517      2.450    12.0917  31.536474    26.8130      2.428  278.26698  278.38064    18.1436     9.5540 0.0000e+00
 126.409520      2.483    12.0913  31.535095    26.8125      2.460  278.27144  278.38508    18.0969     9.5459 0.0000e+00
 126.409523      2.522    12.0907  31.533945    26.8125      2.500  278.27612  278.38974    18.0657     9.5904 0.0000e+00
 126.409525      2.570    12.0902  31.535498    26.8118      2.547  278.27553  278.38910    18.1903     9.5459 0.0000e+00
 126.409528      2.610    12.0899  31.532739    26.8112      2.587  278.28189  278.39547    17.7856     9.4408 0.0000e+00
 126.409531      2.647    12.0885  31.530612    26.8106      2.623  278.29217  278.40568    17.8790     9.3923 0.0000e+00
 126.409534      2.674    12.0865  31.528198    26.8101      2.650  278.30584  278.41924    17.8634     9.4206 -9.990e-29
 126.409537      2.688    12.0839  31.529233    26.8121      2.664  278.31572  278.42893    17.7856     9.4327 -9.990e-29
 126.409540      2.703    12.0824  31.528429    26.8125      2.679  278.32421  278.43731    17.6144     9.4246 -9.990e-29
 126.409543      2.718    12.0819  31.528314    26.8127      2.693  278.32665  278.43973    17.3342     9.3640 -9.990e-29
 126.409546      2.734    12.0813  31.528199    26.8121      2.710  278.32942  278.44246    17.3654     9.3761 -9.990e-29
 126.409549      2.760    12.0808  31.526820    26.8124      2.735  278.33419  278.44721    17.3187     9.3559 0.0000e+00
 126.409552      2.797    12.0796  31.526647    26.8128      2.772  278.34026  278.45320    17.5521     9.4044 0.0000e+00
 126.409554      2.828    12.0787  31.526648    26.8134      2.802  278.34442  278.45729    17.6144     9.4570 0.0000e+00
 126.409557      2.864    12.0781  31.526418    26.8135      2.838  278.34772  278.46056    17.6299     9.4327 0.0000e+00
 126.409560      2.900    12.0778  31.526073    26.8135      2.874  278.34934  278.46216    17.5988     9.4206 0.0000e+00
 126.409563      2.940    12.0776  31.525671    26.8132      2.914  278.35105  278.46387    17.6611     9.4408 0.0000e+00
 126.409566      2.975    12.0771  31.524694    26.8127      2.948  278.35542  278.46820    17.0696     9.3033 0.0000e+00
 126.409569      3.010    12.0758  31.523660    26.8127      2.983  278.36306  278.47577    17.0541     9.3195 0.0000e+00
 126.409572      3.040    12.0750  31.523890    26.8130      3.013  278.36648  278.47913    17.1008     9.2993 0.0000e+00
 126.409575      3.071    12.0745  31.523085    26.8134      3.044  278.37020  278.48283    17.0852     9.2831 -9.990e-29
 126.409578      3.093    12.0741  31.523085    26.8132      3.066  278.37181  278.48441    16.1513     9.6511 -9.990e-29
 126.409580      3.113    12.0739  31.524465    26.8147      3.085  278.37024  278.48281    16.1513     9.6106 -9.990e-29
 126.409583      3.126    12.0739  31.522683    26.8130      3.098  278.37384  278.48642    15.9957     9.6308 -9.990e-29
 126.409586      3.153    12.0737  31.523488    26.8139      3.125  278.37302  278.48558    16.1513     9.6268 -9.990e-29
 126.409589      3.176    12.0735  31.523488    26.8143      3.147  278.37399  278.48654    16.1669     9.6106 -9.990e-29
 126.409592      3.203    12.0731  31.523488    26.8144      3.174  278.37591  278.48844    17.7389     9.8411 0.0000e+00
 126.409595      3.237    12.0730  31.523661    26.8145      3.208  278.37594  278.48846    17.9568     9.8209 0.0000e+00
 126.409598      3.274    12.0731  31.524293    26.8145      3.245  278.37448  278.48700    17.8012     9.8209 0.0000e+00
 126.409601      3.314    12.0734  31.523488    26.8140      3.284  278.37440  278.48695    17.8634     9.8128 0.0000e+00
 126.409604      3.354    12.0736  31.523488    26.8139      3.324  278.37347  278.48603    17.0852     9.2952 0.0000e+00
 126.409606      3.391    12.0736  31.522512    26.8135      3.360  278.37560  278.48817    17.0852     9.3437 0.0000e+00
 126.409609      3.420    12.0734  31.522914    26.8133      3.389  278.37584  278.48839    17.0385     9.3033 0.0000e+00
 126.409612      3.447    12.0729  31.522914    26.8135      3.416  278.37808  278.49060    17.1475     9.2952 -9.990e-29
 126.409615      3.469    12.0727  31.522914    26.8139      3.438  278.37874  278.49124    16.2603     9.3720 -9.990e-29
 126.409618      3.491    12.0726  31.523317    26.8144      3.460  278.37865  278.49114    16.3692     9.3559 -9.990e-29
 126.409621      3.509    12.0725  31.522512    26.8138      3.478  278.38077  278.49327    16.3226     9.3882 -9.990e-29
 126.409624      3.533    12.0725  31.523087    26.8142      3.502  278.37942  278.49191    16.3226     9.3761 -9.990e-29
 126.409627      3.564    12.0726  31.523087    26.8143      3.533  278.37912  278.49162    17.1008     9.3114 0.0000e+00
 126.409630      3.597    12.0729  31.523489    26.8142      3.565  278.37713  278.48964    17.0541     9.2750 0.0000e+00
 126.409633      3.636    12.0731  31.523087    26.8140      3.603  278.37694  278.48947    17.0541     9.3033 0.0000e+00
 126.409635      3.670    12.0733  31.523489    26.8140      3.638  278.37527  278.48781    17.1630     9.3478 0.0000e+00
 126.409638      3.705    12.0737  31.524064    26.8141      3.672  278.37233  278.48489    17.1163     9.3114 0.0000e+00
 126.409641      3.738    12.0742  31.524294    26.8142      3.705  278.36970  278.48230    16.9296     9.4570 -9.990e-29
 126.409644      3.763    12.0744  31.523087    26.8112      3.730  278.37098  278.48360    16.7895     9.4246 -9.990e-29
 126.409647      3.793    12.0748  31.521708    26.8122      3.759  278.37194  278.48460    16.8517     9.4408 0.0000e+00
 126.409650      3.822    12.0746  31.523662    26.8132      3.787  278.36933  278.48196    16.6961     9.4489 0.0000e+00
 126.409653      3.851    12.0746  31.523892    26.8133      3.816  278.36893  278.48155    16.6494     9.4691 0.0000e+00
 126.409656      3.880    12.0743  31.523892    26.8134      3.845  278.37022  278.48282    16.6650     9.4367 -9.990e-29
 126.409659      3.904    12.0741  31.523490    26.8133      3.869  278.37161  278.48421    16.5249     9.4246 -9.990e-29
 126.409661      3.927    12.0739  31.523088    26.8132      3.892  278.37364  278.48622    16.6183     9.4246 -9.990e-29
 126.409664      3.955    12.0733  31.523088    26.8135      3.919  278.37620  278.48875    15.8401     9.6268 -9.990e-29
 126.409667      3.976    12.0732  31.522916    26.8131      3.941  278.37685  278.48939    15.9179     9.6066 -9.990e-29
 126.409670      4.006    12.0728  31.522284    26.8135      3.970  278.37994  278.49246    15.8712     9.6511 0.0000e+00
 126.409673      4.040    12.0728  31.523088    26.8133      4.004  278.37848  278.49100    15.9179     9.6389 0.0000e+00
 126.409676      4.075    12.0728  31.522514    26.8133      4.039  278.37956  278.49208    16.6338     9.7643 0.0000e+00
 126.409679      4.108    12.0729  31.522284    26.8130      4.071  278.37937  278.49190    16.5716     9.7441 0.0000e+00
 126.409682      4.142    12.0727  31.520732    26.8130      4.105  278.38351  278.49604    16.5560     9.7400 0.0000e+00
 126.409685      4.183    12.0727  31.522744    26.8126      4.145  278.37985  278.49235    16.5560     9.7481 0.0000e+00
 126.409688      4.217    12.0726  31.522514    26.8136      4.180  278.38061  278.49312    16.5871     9.7441 -9.990e-29
 126.409690      4.241    12.0725  31.522284    26.8133      4.203  278.38168  278.49418    16.2914     9.8128 -9.990e-29
 126.409693      4.263    12.0722  31.522514    26.8136      4.225  278.38223  278.49471    16.2603     9.8128 -9.990e-29
 126.409696      4.278    12.0720  31.522284    26.8136      4.240  278.38362  278.49609    16.2914     9.8290 -9.990e-29
