Processed/SBE19plus_01907321_2022_05_08_Cast75_wfilter.cnv
* Sea-Bird SBE19plus  Data File:
* FileName = E:\Prandtl Daten\2022\CTD\Raw\SBE19plus_01907321_2022_05_08_Cast75.hex
* Software version 2.6.1.12
* Temperature SN = 7321
* Conductivity SN = 7321
* System UpLoad Time = May 08 2022 07:30:08
* <ApplicationData>
* <Seaterm232>
** Messpraktikum 2022
** CTD 08.05 BE
** NMEA Latitude = 54 07.48 N
** NMEA Longitude = 008 50.23 E
# nquan = 11
# nvalues = 701                         
# units = specified
# name 0 = timeJ: Julian Days
# name 1 = prdM: Pressure, Strain Gauge [db]
# name 2 = tv290C: Temperature [ITS-90, deg C]
# name 3 = c0mS/cm: Conductivity [mS/cm]
# name 4 = sal00: Salinity, Practical [PSU]
# name 5 = depSM: Depth [salt water, m], lat = 54.00
# name 6 = oxsatMm/Kg: Oxygen Saturation, Weiss [umol/kg]
# name 7 = oxsolMm/Kg: Oxygen Saturation, Garcia & Gordon [umol/kg]
# name 8 = turbWETntu0: Turbidity, WET Labs ECO [NTU]
# name 9 = flECO-AFL: Fluorescence, WET Labs ECO-AFL/FL [mg/m^3]
# name 10 = flag:  0.000e+00
# span 0 = 128.305972, 128.307998       
# span 1 =      0.401,     17.999       
# span 2 =    13.1129,    13.1569       
# span 3 =  32.520097,  32.592175       
# span 4 =    26.9931,    27.0383       
# span 5 =      0.398,     17.838       
# span 6 =  271.65111,  271.95963       
# span 7 =  271.82445,  272.13105       
# span 8 =    24.8673,    98.5638       
# span 9 =     7.6211,    17.0630       
# span 10 = 0.0000e+00, 0.0000e+00      
# interval = seconds: 0.25
# start_time = May 08 2022 07:19:30 [Instrument's time stamp, header]
# bad_flag = -9.990e-29
*END*
[from data line 656]
 128.307870     16.950    13.1152  32.562006    27.0304     16.798  271.89120  272.06222    94.9218    14.5803 0.0000e+00
 128.307873     16.981    13.1154  32.561191    27.0303     16.828  271.89169  272.06274    94.8751    14.5560 0.0000e+00
 128.307876     17.007    13.1152  32.560434    27.0298     16.854  271.89396  272.06500    95.0152    14.5722 -9.990e-29
 128.307879     17.027    13.1150  32.560784    27.0297     16.874  271.89400  272.06503    95.1864    15.3526 -9.990e-29
 128.307882     17.045    13.1149  32.560958    27.0299     16.892  271.89434  272.06535    95.3731    15.3890 -9.990e-29
 128.307885     17.054    13.1149  32.559969    27.0290     16.901  271.89575  272.06678    95.3109    15.3000 -9.990e-29
 128.307888     17.063    13.1149  32.560434    27.0294     16.910  271.89526  272.06628    95.2642    15.3041 -9.990e-29
 128.307891     17.070    13.1151  32.560958    27.0298     16.917  271.89341  272.06444    94.3770    16.7557 -9.990e-29
 128.307894     17.083    13.1151  32.561599    27.0304     16.930  271.89230  272.06333    94.3303    16.7921 -9.990e-29
 128.307896     17.103    13.1154  32.561773    27.0298     16.950  271.89075  272.06180    94.4548    16.7355 -9.990e-29
 128.307899     17.129    13.1156  32.561424    27.0300     16.975  271.89043  272.06149    94.3148    16.7476 0.0000e+00
 128.307902     17.164    13.1155  32.561773    27.0298     17.010  271.89016  272.06121    93.1163    15.9591 0.0000e+00
 128.307905     17.200    13.1155  32.561366    27.0302     17.046  271.89089  272.06195    93.1475    15.7367 0.0000e+00
 128.307908     17.242    13.1156  32.562006    27.0303     17.088  271.88949  272.06055    93.1163    15.7165 0.0000e+00
 128.307911     17.285    13.1158  32.562181    27.0303     17.130  271.88827  272.05934    93.1786    15.6923 0.0000e+00
 128.307914     17.317    13.1161  32.561832    27.0298     17.162  271.88764  272.05873    92.9296    15.8297 0.0000e+00
 128.307917     17.345    13.1161  32.560959    27.0294     17.189  271.88918  272.06027    94.7817    14.5277 0.0000e+00
 128.307920     17.374    13.1159  32.561774    27.0290     17.218  271.88872  272.05980    94.5794    14.5439 -9.990e-29
 128.307922     17.396    13.1159  32.561774    27.0298     17.240  271.88874  272.05981    94.6883    14.5722 -9.990e-29
 128.307925     17.410    13.1157  32.562007    27.0302     17.254  271.88897  272.06003    94.6416    14.5722 -9.990e-29
 128.307928     17.431    13.1158  32.562414    27.0305     17.274  271.88796  272.05902    97.1786    15.6478 -9.990e-29
 128.307931     17.445    13.1159  32.561600    27.0297     17.289  271.88907  272.06015    96.9607    15.6720 -9.990e-29
 128.307934     17.463    13.1159  32.561367    27.0294     17.307  271.88949  272.06057    97.2408    15.6559 -9.990e-29
 128.307937     17.487    13.1156  32.561833    27.0295     17.330  271.88995  272.06101    96.8673    15.7448 -9.990e-29
 128.307940     17.515    13.1155  32.561192    27.0295     17.358  271.89140  272.06245    95.9801    15.3000 0.0000e+00
 128.307943     17.544    13.1155  32.560552    27.0295     17.386  271.89253  272.06359    96.0113    15.3405 -9.990e-29
 128.307946     17.569    13.1154  32.561775    27.0301     17.412  271.89105  272.06209    95.9490    15.3485 -9.990e-29
 128.307948     17.595    13.1155  32.561367    27.0297     17.437  271.89146  272.06251    95.9179    15.3081 -9.990e-29
 128.307951     17.617    13.1150  32.561600    27.0302     17.459  271.89296  272.06398    96.4315    15.2838 -9.990e-29
 128.307954     17.643    13.1151  32.561193    27.0298     17.484  271.89337  272.06440    98.1747    14.2932 -9.990e-29
 128.307957     17.666    13.1151  32.562182    27.0307     17.508  271.89166  272.06268    98.0191    14.3740 -9.990e-29
 128.307960     17.690    13.1151  32.561775    27.0303     17.531  271.89238  272.06341    97.8478    14.3538 -9.990e-29
 128.307963     17.718    13.1153  32.562008    27.0304     17.559  271.89105  272.06209    97.9257    14.3902 -9.990e-29
 128.307966     17.743    13.1153  32.562183    27.0301     17.584  271.89077  272.06180    97.5054    14.4509 -9.990e-29
 128.307969     17.774    13.1154  32.561775    27.0303     17.615  271.89118  272.06222    97.6144    14.4994 0.0000e+00
 128.307972     17.804    13.1155  32.562416    27.0303     17.644  271.88977  272.06081    97.6299    14.4872 0.0000e+00
 128.307975     17.835    13.1156  32.562590    27.0306     17.675  271.88886  272.05991    97.6455    14.4509 -9.990e-29
 128.307977     17.858    13.1156  32.562008    27.0301     17.698  271.88988  272.06094    96.0113    14.3376 -9.990e-29
 128.307980     17.880    13.1155  32.561776    27.0299     17.720  271.89062  272.06167    96.1047    14.3700 -9.990e-29
 128.307983     17.902    13.1154  32.561776    27.0300     17.742  271.89126  272.06230    95.8712    14.3093 -9.990e-29
 128.307986     17.919    13.1152  32.561776    27.0301     17.758  271.89190  272.06294    96.2136    14.2932 -9.990e-29
 128.307989     17.931    13.1153  32.561252    27.0296     17.771  271.89250  272.06355    93.8012    14.6611 -9.990e-29
 128.307992     17.952    13.1157  32.561776    27.0298     17.790  271.89003  272.06109    93.7700    14.6530 -9.990e-29
 128.307995     17.972    13.1160  32.562009    27.0288     17.811  271.88838  272.05946    93.5988    14.6571 -9.990e-29
 128.307998     17.999    13.1160  32.560961    27.0288     17.838  271.88990  272.06100    93.6766    14.6369 0.0000e+00
