Processed/SBE19plus_01907321_2022_05_05_Cast36_wfilter.cnv
* Sea-Bird SBE19plus  Data File:
* FileName = E:\Prandtl Daten\2022\CTD\Raw\SBE19plus_01907321_2022_05_05_Cast36.hex
* Software version 2.6.1.12
* Temperature SN = 7321
* Conductivity SN = 7321
* System UpLoad Time = May 05 2022 13:09:53
* <ApplicationData>
* <Seaterm232>
** Messpraktikum 2022
** CTD 05.05 BW2
# nquan = 11
# nvalues = 624                         
# units = specified
# name 0 = timeJ: Julian Days
# name 1 = prdM: Pressure, Strain Gauge [db]
# name 2 = tv290C: Temperature [ITS-90, deg C]
# name 3 = c0mS/cm: Conductivity [mS/cm]
# name 4 = sal00: Salinity, Practical [PSU]
# name 5 = depSM: Depth [salt water, m], lat = 54.00
# name 6 = oxsatMm/Kg: Oxygen Saturation, Weiss [umol/kg]
# name 7 = oxsolMm/Kg: Oxygen Saturation, Garcia & Gordon [umol/kg]
# name 8 = turbWETntu0: Turbidity, WET Labs ECO [NTU]
# name 9 = flECO-AFL: Fluorescence, WET Labs ECO-AFL/FL [mg/m^3]
# name 10 = flag:  0.000e+00
# span 0 = 125.543194, 125.544997       
# span 1 =      0.607,     17.041       
# span 2 =    12.0157,    12.0776       
# span 3 =  31.611361,  32.354812       
# span 4 =    26.9335,    27.5973       
# span 5 =      0.602,     16.888       
# span 6 =  276.88973,  278.42769       
# span 7 =  276.99390,  278.53605       
# span 8 =    19.4976,    35.3576       
# span 9 =     7.1036,     9.8492       
# span 10 = 0.0000e+00, 0.0000e+00      
# interval = seconds: 0.25
# start_time = May 05 2022 13:00:30 [Instrument's time stamp, header]
# bad_flag = -9.990e-29
*END*
[from data line 525]
 125.544714     14.505    12.0740  32.322528    27.5634     14.375  276.91434  277.01843    29.8790     8.8262 -9.990e-29
 125.544716     14.534    12.0739  32.323922    27.5637     14.404  276.91212  277.01619    29.8945     8.8262 0.0000e+00
 125.544719     14.567    12.0738  32.324444    27.5640     14.436  276.91181  277.01586    29.7856     8.7898 0.0000e+00
 125.544722     14.598    12.0736  32.324560    27.5642     14.467  276.91256  277.01659    28.2292     8.6604 0.0000e+00
 125.544725     14.634    12.0735  32.324967    27.5646     14.503  276.91215  277.01618    28.3381     8.6523 0.0000e+00
 125.544728     14.667    12.0733  32.325373    27.5652     14.536  276.91237  277.01638    28.2292     8.5835 0.0000e+00
 125.544731     14.700    12.0732  32.325373    27.5652     14.568  276.91302  277.01702    28.3070     8.6442 0.0000e+00
 125.544734     14.734    12.0730  32.324154    27.5642     14.602  276.91590  277.01990    29.2408     8.8342 0.0000e+00
 125.544737     14.764    12.0728  32.323052    27.5637     14.631  276.91888  277.02288    29.3654     8.8140 0.0000e+00
 125.544740     14.795    12.0726  32.322704    27.5633     14.662  276.92047  277.02446    29.4587     8.7898 -9.990e-29
 125.544742     14.817    12.0726  32.322704    27.5631     14.684  276.92049  277.02448    29.3498     8.8059 -9.990e-29
 125.544745     14.837    12.0726  32.321079    27.5616     14.704  276.92348  277.02749    29.0852     8.5471 -9.990e-29
 125.544748     14.855    12.0726  32.322704    27.5631     14.722  276.92052  277.02451    28.9918     8.5229 -9.990e-29
 125.544751     14.873    12.0725  32.323342    27.5638     14.740  276.91998  277.02396    29.1008     8.5269 -9.990e-29
 125.544754     14.893    12.0723  32.324793    27.5652     14.760  276.91797  277.02191    29.1008     8.5593 -9.990e-29
 125.544757     14.915    12.0722  32.326186    27.5670     14.781  276.91605  277.01998    28.4004     8.8059 -9.990e-29
 125.544760     14.946    12.0722  32.326593    27.5677     14.812  276.91533  277.01925    28.2759     8.7857 0.0000e+00
 125.544763     14.979    12.0719  32.327812    27.5684     14.844  276.91437  277.01826    28.3692     8.8302 0.0000e+00
 125.544766     15.016    12.0718  32.329031    27.5696     14.881  276.91248  277.01635    28.4471     8.8302 0.0000e+00
 125.544769     15.054    12.0718  32.331353    27.5718     14.919  276.90856  277.01240    28.4938     8.7898 0.0000e+00
 125.544771     15.087    12.0716  32.331875    27.5724     14.951  276.90857  277.01239    28.2292     8.8545 0.0000e+00
 125.544774     15.119    12.0713  32.331875    27.5726     14.984  276.90953  277.01333    28.1358     8.8828 0.0000e+00
 125.544777     15.154    12.0711  32.333675    27.5744     15.018  276.90719  277.01096    28.1980     8.8787 0.0000e+00
 125.544780     15.185    12.0711  32.335532    27.5753     15.049  276.90412  277.00787    27.9646     8.8747 0.0000e+00
 125.544783     15.211    12.0711  32.333907    27.5762     15.074  276.90712  277.01088    29.3654     8.9919 -9.990e-29
 125.544786     15.229    12.0709  32.335649    27.5764     15.092  276.90457  277.00830    29.3031     8.9798 -9.990e-29
 125.544789     15.254    12.0707  32.336694    27.5775     15.118  276.90361  277.00732    29.3187     8.9879 -9.990e-29
 125.544792     15.274    12.0707  32.336694    27.5782     15.137  276.90362  277.00733    29.3187     8.9434 -9.990e-29
 125.544795     15.307    12.0706  32.337332    27.5785     15.170  276.90310  277.00679    31.7000     9.2103 0.0000e+00
 125.544797     15.334    12.0705  32.337913    27.5788     15.197  276.90237  277.00605    31.5910     9.2103 0.0000e+00
 125.544800     15.369    12.0704  32.338726    27.5796     15.231  276.90122  277.00488    31.5910     9.1982 0.0000e+00
 125.544803     15.400    12.0700  32.339481    27.5806     15.262  276.90173  277.00536    31.6222     9.1496 0.0000e+00
 125.544806     15.435    12.0697  32.339771    27.5808     15.296  276.90247  277.00608    31.0307     9.0566 0.0000e+00
 125.544809     15.468    12.0696  32.341977    27.5811     15.329  276.89908  277.00266    30.9996     9.0202 -9.990e-29
 125.544812     15.491    12.0694  32.342616    27.5842     15.352  276.89887  277.00242    30.9840     9.0081 -9.990e-29
 125.544815     15.524    12.0691  32.342616    27.5842     15.385  276.90014  277.00367    30.9996     9.0324 0.0000e+00
 125.544818     15.551    12.0688  32.344822    27.5842     15.412  276.89768  277.00117    31.0307     9.0283 -9.990e-29
 125.544821     15.573    12.0685  32.345867    27.5877     15.434  276.89703  277.00049    31.3264     9.3114 -9.990e-29
 125.544823     15.595    12.0685  32.345635    27.5875     15.455  276.89747  277.00093    31.2175     9.2952 -9.990e-29
 125.544826     15.615    12.0683  32.347667    27.5896     15.475  276.89470  276.99812    31.4354     9.2750 -9.990e-29
 125.544829     15.639    12.0681  32.348073    27.5901     15.499  276.89491  276.99831    31.3576     9.3316 -9.990e-29
 125.544832     15.663    12.0678  32.348480    27.5896     15.522  276.89512  276.99850    32.5405     9.3357 -9.990e-29
 125.544835     15.690    12.0676  32.347203    27.5906     15.549  276.89842  277.00180    32.4782     9.3882 0.0000e+00
 125.544838     15.725    12.0676  32.349293    27.5912     15.584  276.89492  276.99828    32.5405     9.4044 0.0000e+00
 125.544841     15.767    12.0674  32.348712    27.5912     15.625  276.89696  277.00030    32.6338     9.3640 0.0000e+00
 125.544844     15.801    12.0673  32.348713    27.5912     15.660  276.89729  277.00063    31.5910     9.1982 0.0000e+00
 125.544847     15.836    12.0671  32.351151    27.5936     15.694  276.89347  276.99678    31.5910     9.1577 0.0000e+00
 125.544850     15.865    12.0670  32.351558    27.5941     15.723  276.89337  276.99667    31.5443     9.1820 0.0000e+00
 125.544852     15.900    12.0668  32.352254    27.5945     15.757  276.89306  276.99633    31.5288     9.1699 0.0000e+00
 125.544855     15.933    12.0667  32.352371    27.5949     15.790  276.89349  276.99675    31.6377     9.1577 -9.990e-29
 125.544858     15.955    12.0665  32.352777    27.5955     15.812  276.89339  276.99664    31.8089     9.1739 -9.990e-29
 125.544861     15.977    12.0667  32.353358    27.5960     15.833  276.89172  276.99496    31.9023     9.1618 -9.990e-29
 125.544864     15.997    12.0664  32.352139    27.5950     15.853  276.89490  276.99815    31.9179     9.1820 -9.990e-29
 125.544867     16.019    12.0663  32.352952    27.5958     15.875  276.89405  276.99728    31.6689     9.1901 -9.990e-29
 125.544870     16.041    12.0664  32.353416    27.5962     15.897  276.89290  276.99613    33.1163     9.4408 -9.990e-29
 125.544873     16.066    12.0663  32.353590    27.5958     15.922  276.89291  276.99614    33.1319     9.4367 -9.990e-29
 125.544876     16.095    12.0663  32.352952    27.5960     15.951  276.89411  276.99733    33.2253     9.4327 0.0000e+00
 125.544878     16.128    12.0662  32.353184    27.5961     15.984  276.89401  276.99724    33.0696     9.4570 0.0000e+00
 125.544881     16.161    12.0662  32.353184    27.5961     16.016  276.89404  276.99726    31.0930     9.4570 0.0000e+00
 125.544884     16.193    12.0664  32.352836    27.5961     16.047  276.89407  276.99731    30.9840     9.4165 0.0000e+00
 125.544887     16.220    12.0663  32.353591    27.5960     16.074  276.89302  276.99624    31.1241     9.4570 0.0000e+00
 125.544890     16.251    12.0662  32.352778    27.5964     16.105  276.89516  276.99838    31.0774     9.4327 -9.990e-29
 125.544893     16.276    12.0662  32.353359    27.5962     16.131  276.89380  276.99702    31.1397     9.3437 -9.990e-29
 125.544896     16.302    12.0662  32.352778    27.5957     16.156  276.89519  276.99841    31.0619     9.3720 -9.990e-29
 125.544899     16.326    12.0662  32.352140    27.5950     16.179  276.89606  276.99930    31.0930     9.3801 -9.990e-29
 125.544902     16.351    12.0664  32.352082    27.5948     16.204  276.89525  276.99850    31.0619     9.3559 -9.990e-29
 125.544905     16.367    12.0665  32.350340    27.5931     16.221  276.89814  277.00141    34.0969     9.4044 -9.990e-29
 125.544907     16.391    12.0667  32.349121    27.5918     16.244  276.89945  277.00275    34.1591     9.5014 -9.990e-29
 125.544910     16.413    12.0669  32.350514    27.5924     16.265  276.89597  276.99928    33.8478     9.4974 -9.990e-29
 125.544913     16.444    12.0671  32.350108    27.5926     16.296  276.89580  276.99912    34.0035     9.4812 0.0000e+00
 125.544916     16.475    12.0671  32.350514    27.5928     16.327  276.89508  276.99839    34.0035     9.4691 0.0000e+00
 125.544919     16.511    12.0671  32.350921    27.5931     16.363  276.89436  276.99767    32.2914     9.7724 0.0000e+00
 125.544922     16.546    12.0671  32.352779    27.5949     16.398  276.89129  276.99458    32.2914     9.7683 0.0000e+00
 125.544925     16.581    12.0669  32.352953    27.5950     16.432  276.89193  276.99520    32.2759     9.7562 0.0000e+00
 125.544928     16.614    12.0666  32.352547    27.5950     16.465  276.89395  276.99721    32.2914     9.7360 0.0000e+00
 125.544931     16.647    12.0666  32.352547    27.5950     16.497  276.89397  276.99723    33.0852     9.7966 0.0000e+00
 125.544933     16.676    12.0665  32.352257    27.5950     16.526  276.89484  276.99809    32.8984     9.8168 -9.990e-29
 125.544936     16.700    12.0664  32.353360    27.5959     16.550  276.89315  276.99638    32.8673     9.8492 -9.990e-29
 125.544939     16.720    12.0665  32.352547    27.5951     16.570  276.89434  276.99759    33.0541     9.8209 -9.990e-29
 125.544942     16.738    12.0665  32.352547    27.5950     16.588  276.89435  276.99760    32.5249     9.5742 -9.990e-29
 125.544945     16.754    12.0664  32.353244    27.5958     16.604  276.89371  276.99694    32.5560     9.5702 -9.990e-29
 125.544948     16.776    12.0665  32.353186    27.5973     16.626  276.89321  276.99645    32.6338     9.5783 -9.990e-29
 125.544951     16.803    12.0664  32.354812    27.5969     16.653  276.89087  276.99409    32.4315     9.5581 0.0000e+00
 125.544954     16.833    12.0662  32.353767    27.5964     16.682  276.89343  276.99665    32.4471     9.5783 0.0000e+00
 125.544957     16.862    12.0664  32.353012    27.5959     16.711  276.89421  276.99744    32.5405     9.6066 0.0000e+00
 125.544959     16.893    12.0664  32.353361    27.5959     16.742  276.89359  276.99682    32.5249     9.5904 0.0000e+00
 125.544962     16.928    12.0662  32.353593    27.5959     16.776  276.89381  276.99704    32.4782     9.6147 0.0000e+00
 125.544965     16.957    12.0664  32.353361    27.5961     16.805  276.89363  276.99687    32.5249     9.6470 0.0000e+00
 125.544968     16.988    12.0665  32.353767    27.5960     16.835  276.89229  276.99552    31.7622     9.5419 0.0000e+00
 125.544971     17.017    12.0664  32.353768    27.5961     16.864  276.89262  276.99585    31.7934     9.5621 -9.990e-29
 125.544974     17.029    12.0665  32.353245    27.5956     16.877  276.89327  276.99652    31.5910     9.5864 -9.990e-29
 125.544977     17.033    12.0667  32.352374    27.5947     16.881  276.89424  276.99751    31.7934     9.5621 -9.990e-29
 125.544980     17.037    12.0668  32.352955    27.5951     16.884  276.89256  276.99582    33.7078     9.2952 -9.990e-29
 125.544983     17.035    12.0668  32.352548    27.5947     16.882  276.89330  276.99657    33.9257     9.2871 -9.990e-29
 125.544986     17.035    12.0669  32.353361    27.5955     16.882  276.89150  276.99477    33.7700     9.2993 -9.990e-29
 125.544988     17.041    12.0667  32.353419    27.5956     16.888  276.89202  276.99528    33.7389     9.3357 -9.990e-29
 125.544991     17.035    12.0667  32.352374    27.5947     16.882  276.89425  276.99751    35.2953     9.8209 -9.990e-29
 125.544994     17.037    12.0667  32.353768    27.5960     16.884  276.89169  276.99494    35.1864     9.8371 -9.990e-29
 125.544997     17.041    12.0666  32.353768    27.5960     16.888  276.89201  276.99525    35.3576     9.8249 -9.990e-29
