Processed/SBE19plus_01907321_2022_05_06_Cast57_wfilter.cnv
* Sea-Bird SBE19plus  Data File:
* FileName = E:\Prandtl Daten\2022\CTD\Raw\SBE19plus_01907321_2022_05_06_Cast57.hex
* Software version 2.6.1.12
* Temperature SN = 7321
* Conductivity SN = 7321
* System UpLoad Time = May 06 2022 14:24:57
* <ApplicationData>
* <Seaterm232>
** Messpraktikum 2022
** CTD 06.05 BE
** NMEA Latitude = 54 07.501 N
** NMEA Longitude = 008 50.228 E
# nquan = 11
# nvalues = 703                         
# units = specified
# name 0 = timeJ: Julian Days
# name 1 = prdM: Pressure, Strain Gauge [db]
# name 2 = tv290C: Temperature [ITS-90, deg C]
# name 3 = c0mS/cm: Conductivity [mS/cm]
# name 4 = sal00: Salinity, Practical [PSU]
# name 5 = depSM: Depth [salt water, m], lat = 54.00
# name 6 = oxsatMm/Kg: Oxygen Saturation, Weiss [umol/kg]
# name 7 = oxsolMm/Kg: Oxygen Saturation, Garcia & Gordon [umol/kg]
# name 8 = turbWETntu0: Turbidity, WET Labs ECO [NTU]
# name 9 = flECO-AFL: Fluorescence, WET Labs ECO-AFL/FL [mg/m^3]
# name 10 = flag:  0.000e+00
# span 0 = 126.594439, 126.596470       
# span 1 =      0.496,     17.136       
# span 2 =    12.6523,    12.8059       
# span 3 =  32.202284,  32.322825       
# span 4 =    27.0229,    27.0546       
# span 5 =      0.492,     16.982       
# span 6 =  273.66530,  274.55197       
# span 7 =  273.81871,  274.69649       
# span 8 =     7.9801,    72.0891       
# span 9 =     4.2245,    13.4723       
# span 10 = 0.0000e+00, 0.0000e+00      
# interval = seconds: 0.25
# start_time = May 06 2022 14:14:48 [Instrument's time stamp, header]
# bad_flag = -9.990e-29
*END*
 126.594439      0.496    12.7176  32.251119    27.0330      0.492  274.17063  274.31893    10.3303     4.3094 0.0000e+00
 126.594442      0.536    12.7168  32.250308    27.0328      0.531  274.17557  274.32382    10.2525     4.2892 0.0000e+00
 126.594444      0.582    12.7162  32.248279    27.0314      0.577  274.18204  274.33027    10.2525     4.3175 0.0000e+00
 126.594447      0.627    12.7148  32.246655    27.0311      0.622  274.19094  274.33910     9.7078     4.3701 0.0000e+00
 126.594450      0.664    12.7134  32.246771    27.0308      0.658  274.19676  274.34482     9.7545     4.3620 -9.990e-29
 126.594453      0.686    12.7124  32.247062    27.0329      0.680  274.20099  274.34898     9.8012     4.3781 -9.990e-29
 126.594456      0.706    12.7117  32.249091    27.0352      0.700  274.20024  274.34817     9.7856     4.3822 -9.990e-29
 126.594459      0.715    12.7124  32.249671    27.0353      0.709  274.19606  274.34403     9.9101     4.5197 -9.990e-29
 126.594462      0.722    12.7133  32.249671    27.0346      0.716  274.19228  274.34031    10.0813     4.4873 -9.990e-29
 126.594465      0.735    12.7141  32.249671    27.0341      0.729  274.18882  274.33690    10.0346     4.4995 -9.990e-29
 126.594468      0.748    12.7144  32.249033    27.0333      0.741  274.18870  274.33680    10.0502     4.5035 -9.990e-29
 126.594470      0.764    12.7142  32.249265    27.0336      0.757  274.18893  274.33702     9.8945     4.5763 -9.990e-29
 126.594473      0.788    12.7142  32.249671    27.0346      0.781  274.18822  274.33631    10.1280     4.5925 -9.990e-29
 126.594476      0.822    12.7143  32.250483    27.0345      0.815  274.18649  274.33457    10.1436     4.5520 0.0000e+00
 126.594479      0.853    12.7149  32.250715    27.0344      0.846  274.18326  274.33138    10.0813     4.5439 0.0000e+00
 126.594482      0.899    12.7155  32.250715    27.0343      0.891  274.18076  274.32893     9.9568     4.5480 0.0000e+00
 126.594485      0.937    12.7158  32.251295    27.0343      0.929  274.17850  274.32667     9.7078     4.6450 0.0000e+00
 126.594488      0.976    12.7164  32.253325    27.0350      0.967  274.17240  274.32059     9.6922     4.6289 0.0000e+00
 126.594491      1.007    12.7177  32.252687    27.0357      0.998  274.16787  274.31615     9.7545     4.6167 -9.990e-29
 126.594494      1.019    12.7187  32.253093    27.0338      1.010  274.16243  274.31078     9.7078     4.6450 -9.990e-29
 126.594497      1.031    12.7191  32.252107    27.0327      1.022  274.16261  274.31099     9.5054     4.4145 -9.990e-29
 126.594499      1.042    12.7187  32.252107    27.0329      1.032  274.16419  274.31255     9.4899     4.4469 -9.990e-29
 126.594502      1.050    12.7183  32.251295    27.0325      1.041  274.16753  274.31587     9.5521     4.4348 -9.990e-29
 126.594505      1.061    12.7182  32.252687    27.0338      1.052  274.16570  274.31402     9.5833     4.4226 -9.990e-29
 126.594508      1.080    12.7183  32.252745    27.0338      1.070  274.16498  274.31330    10.7039     4.5601 -9.990e-29
 126.594511      1.103    12.7185  32.252919    27.0341      1.094  274.16374  274.31207    10.7661     4.5358 -9.990e-29
 126.594514      1.133    12.7187  32.253325    27.0337      1.122  274.16240  274.31075    10.7973     4.5682 0.0000e+00
 126.594517      1.169    12.7189  32.252687    27.0333      1.159  274.16261  274.31098    10.7350     4.5399 0.0000e+00
 126.594520      1.215    12.7188  32.251701    27.0333      1.204  274.16471  274.31308    10.2836     4.5965 0.0000e+00
 126.594523      1.251    12.7184  32.252687    27.0330      1.240  274.16487  274.31321    10.2681     4.5763 0.0000e+00
 126.594525      1.292    12.7183  32.253499    27.0336      1.280  274.16378  274.31210    10.1903     4.6208 -9.990e-29
 126.594528      1.317    12.7189  32.253905    27.0344      1.305  274.16055  274.30890    10.2836     4.5965 -9.990e-29
 126.594531      1.328    12.7195  32.253731    27.0338      1.316  274.15803  274.30642    10.2214     4.6369 -9.990e-29
 126.594534      1.339    12.7197  32.253325    27.0333      1.327  274.15812  274.30653     8.3381     4.6976 -9.990e-29
 126.594537      1.350    12.7194  32.253326    27.0334      1.338  274.15908  274.30747     8.2603     4.6814 -9.990e-29
 126.594540      1.359    12.7197  32.254311    27.0342      1.347  274.15639  274.30479     8.3692     4.6733 -9.990e-29
 126.594543      1.372    12.7201  32.256979    27.0363      1.359  274.14977  274.29817     8.2292     4.6814 -9.990e-29
 126.594546      1.390    12.7217  32.259647    27.0375      1.378  274.13811  274.28659     9.0385     4.6774 -9.990e-29
 126.594549      1.416    12.7244  32.261618    27.0363      1.403  274.12233  274.27097     8.9918     4.6774 0.0000e+00
 126.594552      1.452    12.7273  32.261212    27.0355      1.439  274.11045  274.25929     8.9918     4.6814 0.0000e+00
 126.594554      1.492    12.7288  32.262836    27.0351      1.479  274.10098  274.24989     9.0541     4.6450 0.0000e+00
 126.594557      1.534    12.7302  32.261618    27.0334      1.521  274.09717  274.24619    10.0813     4.5480 0.0000e+00
 126.594560      1.571    12.7309  32.261792    27.0331      1.557  274.09342  274.24248    10.0502     4.5601 0.0000e+00
 126.594563      1.602    12.7310  32.261966    27.0331      1.588  274.09281  274.24188     9.9412     4.5480 0.0000e+00
 126.594566      1.633    12.7309  32.260806    27.0331      1.618  274.09521  274.24428    10.0969     4.5601 -9.990e-29
 126.594569      1.647    12.7304  32.259820    27.0315      1.633  274.09949  274.24854     9.7078     4.8189 -9.990e-29
 126.594572      1.658    12.7294  32.259994    27.0324      1.643  274.10360  274.25258     9.8634     4.7785 -9.990e-29
 126.594575      1.665    12.7289  32.260401    27.0331      1.650  274.10509  274.25404     9.7856     4.7946 -9.990e-29
 126.594578      1.676    12.7289  32.260807    27.0335      1.662  274.10438  274.25332     9.8012     4.7825 -9.990e-29
 126.594580      1.689    12.7289  32.260807    27.0335      1.674  274.10439  274.25333     9.6922     4.7906 -9.990e-29
 126.594583      1.709    12.7289  32.258893    27.0329      1.694  274.10780  274.25676    11.4976     4.9726 -9.990e-29
 126.594586      1.738    12.7286  32.259995    27.0332      1.723  274.10712  274.25605    11.4510     4.9806 0.0000e+00
 126.594589      1.775    12.7286  32.260633    27.0335      1.759  274.10601  274.25494    11.3887     4.9887 0.0000e+00
 126.594592      1.811    12.7287  32.261039    27.0336      1.795  274.10500  274.25393    11.4510     4.9685 0.0000e+00
 126.594595      1.851    12.7290  32.261039    27.0336      1.835  274.10345  274.25240    11.3576     4.7785 0.0000e+00
 126.594598      1.891    12.7290  32.260807    27.0335      1.874  274.10389  274.25284    11.2798     4.7987 0.0000e+00
 126.594601      1.922    12.7290  32.259067    27.0333      1.905  274.10700  274.25596    11.3264     4.7744 -9.990e-29
 126.594604      1.946    12.7282  32.257792    27.0311      1.929  274.11306  274.26198    11.2953     4.7825 -9.990e-29
 126.594606      1.961    12.7268  32.257560    27.0319      1.944  274.11947  274.26831    11.3109     4.8391 -9.990e-29
 126.594609      1.975    12.7259  32.257386    27.0324      1.958  274.12389  274.27267    11.1241     4.8715 -9.990e-29
 126.594612      1.984    12.7254  32.256168    27.0316      1.967  274.12827  274.27702    11.1241     4.8715 -9.990e-29
 126.594615      1.996    12.7244  32.254719    27.0309      1.978  274.13494  274.28366    11.2953     4.8593 -9.990e-29
 126.594618      2.012    12.7229  32.254313    27.0316      1.994  274.14230  274.29092    12.4938     5.1545 -9.990e-29
 126.594621      2.034    12.7215  32.251762    27.0315      2.016  274.15315  274.30170    12.4626     5.1262 -9.990e-29
 126.594624      2.061    12.7199  32.251878    27.0318      2.043  274.15990  274.30835    12.5405     5.1020 0.0000e+00
 126.594627      2.092    12.7188  32.251704    27.0321      2.073  274.16528  274.31365    12.5871     5.1222 0.0000e+00
 126.594630      2.128    12.7179  32.251704    27.0327      2.109  274.16909  274.31740    12.5249     5.1384 0.0000e+00
 126.594633      2.169    12.7175  32.251705    27.0330      2.149  274.17100  274.31929    11.3576     4.7946 0.0000e+00
 126.594635      2.207    12.7173  32.251879    27.0331      2.188  274.17167  274.31994    11.5288     4.7987 0.0000e+00
 126.594638      2.238    12.7177  32.253676    27.0333      2.218  274.16692  274.31520    11.4198     4.7946 -9.990e-29
 126.594641      2.262    12.7184  32.255532    27.0359      2.242  274.16017  274.30849    11.5443     4.7946 -9.990e-29
 126.594644      2.284    12.7201  32.255532    27.0347      2.263  274.15293  274.30135    11.2642     4.7502 -9.990e-29
 126.594647      2.298    12.7213  32.255126    27.0334      2.278  274.14830  274.29680    11.3576     4.7340 -9.990e-29
 126.594650      2.306    12.7218  32.254546    27.0325      2.285  274.14713  274.29567    11.2953     4.7502 -9.990e-29
 126.594653      2.315    12.7217  32.251879    27.0301      2.294  274.15218  274.30074    11.3264     4.7461 -9.990e-29
 126.594656      2.333    12.7199  32.249501    27.0292      2.312  274.16461  274.31308    14.0813     5.0292 -9.990e-29
 126.594659      2.353    12.7176  32.248864    27.0334      2.332  274.17585  274.32417    14.2058     5.0453 -9.990e-29
 126.594661      2.379    12.7157  32.250720    27.0340      2.358  274.18109  274.32927    13.9879     5.0211 0.0000e+00
 126.594664      2.414    12.7155  32.251879    27.0341      2.392  274.17969  274.32784    14.1591     5.0453 0.0000e+00
 126.594667      2.452    12.7164  32.252111    27.0345      2.430  274.17551  274.32373    12.1980     4.7623 0.0000e+00
 126.594670      2.485    12.7169  32.253503    27.0350      2.463  274.17054  274.31878    12.2603     4.7542 0.0000e+00
 126.594673      2.518    12.7182  32.254721    27.0351      2.495  274.16272  274.31103    12.3226     4.7502 0.0000e+00
 126.594676      2.553    12.7194  32.254547    27.0352      2.530  274.15801  274.30639    12.3381     4.7582 -9.990e-29
 126.594679      2.576    12.7207  32.254837    27.0335      2.553  274.15183  274.30030    12.2447     4.7461 -9.990e-29
 126.594682      2.598    12.7216  32.253503    27.0316      2.575  274.15011  274.29865    18.9529     5.5751 -9.990e-29
 126.594685      2.615    12.7210  32.251532    27.0302      2.591  274.15615  274.30467    18.9529     5.5670 -9.990e-29
 126.594688      2.626    12.7199  32.247067    27.0269      2.602  274.16912  274.31761    19.0930     5.5751 -9.990e-29
 126.594690      2.633    12.7165  32.243008    27.0255      2.610  274.19116  274.33947    19.0774     5.5589 -9.990e-29
 126.594693      2.646    12.7121  32.241385    27.0272      2.622  274.21361  274.36164    17.5210     5.8056 -9.990e-29
 126.594696      2.668    12.7080  32.237095    27.0229      2.644  274.23954  274.38734    17.5988     5.8622 -9.990e-29
 126.594699      2.699    12.7033  32.230081    27.0258      2.675  274.27252  274.42009    17.5366     5.8136 0.0000e+00
 126.594702      2.728    12.6977  32.231879    27.0286      2.704  274.29396  274.44115    17.5521     5.8419 0.0000e+00
 126.594705      2.765    12.6943  32.232517    27.0317      2.740  274.30831  274.45526    17.8323     5.6236 0.0000e+00
 126.594708      2.797    12.6933  32.234720    27.0340      2.772  274.30883  274.45570    17.8167     5.6438 0.0000e+00
 126.594711      2.835    12.6940  32.234894    27.0340      2.810  274.30539  274.45230    17.9724     5.6398 0.0000e+00
 126.594714      2.867    12.6951  32.235706    27.0340      2.841  274.29892  274.44590    17.7700     5.6236 0.0000e+00
 126.594716      2.896    12.6962  32.235010    27.0340      2.870  274.29545  274.44250    17.8167     5.5306 -9.990e-29
 126.594719      2.916    12.6964  32.233503    27.0310      2.890  274.29719  274.44427    17.8167     5.4254 -9.990e-29
 126.594722      2.927    12.6955  32.231880    27.0301      2.901  274.30418  274.45122    17.6922     5.4214 -9.990e-29
 126.594725      2.936    12.6938  32.231068    27.0306      2.909  274.31289  274.45983    17.8012     5.4012 -9.990e-29
 126.594728      2.948    12.6925  32.230662    27.0312      2.922  274.31961  274.46647    17.7389     5.4618 -9.990e-29
 126.594731      2.964    12.6913  32.229271    27.0307      2.938  274.32746  274.47425    15.0152     5.8500 -9.990e-29
 126.594734      2.984    12.6900  32.228866    27.0372      2.958  274.33355  274.48027    15.1241     5.8258 -9.990e-29
 126.594737      3.012    12.6890  32.234605    27.0399      2.985  274.32779  274.47438    15.1864     5.8217 0.0000e+00
 126.594740      3.047    12.6918  32.242432    27.0395      3.019  274.30191  274.44861    15.2175     5.8217 0.0000e+00
 126.594742      3.081    12.6975  32.243591    27.0395      3.054  274.27433  274.42139    16.7584     5.4254 0.0000e+00
 126.594745      3.119    12.7022  32.244635    27.0371      3.091  274.25200  274.39935    16.7272     5.4335 0.0000e+00
 126.594748      3.156    12.7055  32.243823    27.0339      3.128  274.23864  274.38622    16.8984     5.4416 0.0000e+00
 126.594751      3.187    12.7066  32.240982    27.0322      3.158  274.23897  274.38665    16.8050     5.4578 0.0000e+00
 126.594754      3.216    12.7055  32.236749    27.0305      3.188  274.25124  274.39889    11.9490     4.6652 -9.990e-29
 126.594757      3.238    12.7030  32.237909    27.0302      3.209  274.26023  274.40771    11.9801     4.7259 -9.990e-29
 126.594760      3.251    12.7015  32.237967    27.0313      3.222  274.26676  274.41414    12.0113     4.6733 -9.990e-29
 126.594763      3.258    12.7007  32.237968    27.0319      3.229  274.27024  274.41757    11.8556     4.7259 -9.990e-29
 126.594766      3.269    12.7007  32.241214    27.0350      3.240  274.26479  274.41209    11.4976     4.6693 -9.990e-29
 126.594769      3.282    12.7020  32.246259    27.0387      3.253  274.25017  274.39749    10.2836     4.7502 -9.990e-29
 126.594771      3.301    12.7058  32.251303    27.0546      3.271  274.22419  274.37172    10.1747     4.7582 -9.990e-29
 126.594774      3.330    12.7115  32.270847    27.0534      3.300  274.16428  274.31200    10.2214     4.7380 0.0000e+00
 126.594777      3.363    12.7237  32.277632    27.0522      3.333  274.09834  274.24679    10.1436     4.7380 0.0000e+00
 126.594780      3.398    12.7366  32.274789    27.0403      3.367  274.04665  274.19597     8.3226     4.2488 0.0000e+00
 126.594783      3.434    12.7431  32.274556    27.0403      3.404  274.01839  274.16813     8.2292     4.2609 0.0000e+00
 126.594786      3.472    12.7461  32.284302    27.0399      3.441  273.98790  274.13774     8.2292     4.2407 0.0000e+00
 126.594789      3.500    12.7524  32.286505    27.0411      3.469  273.95626  274.10650     8.2914     4.2245 0.0000e+00
 126.594792      3.533    12.7582  32.293235    27.0399      3.501  273.91851  274.06906     8.4626     4.3620 -9.990e-29
 126.594795      3.555    12.7633  32.286446    27.0320      3.523  273.90815  274.05910     8.6027     4.3539 -9.990e-29
 126.594797      3.570    12.7647  32.291204    27.0354      3.538  273.89375  274.04474     8.5249     4.3862 -9.990e-29
 126.594800      3.581    12.7664  32.303156    27.0453      3.549  273.86503  274.01602     8.4471     4.3539 -9.990e-29
 126.594803      3.591    12.7735  32.310466    27.0469      3.559  273.82057  273.97195     8.6494     4.4712 -9.990e-29
 126.594806      3.599    12.7836  32.317951    27.0466      3.567  273.76288  273.91485     8.4938     4.4792 -9.990e-29
 126.594809      3.619    12.7940  32.322825    27.0437      3.587  273.70857  273.86117     8.5560     4.4914 -9.990e-29
 126.594812      3.641    12.8024  32.320271    27.0305      3.608  273.67590  273.82907     8.4626     4.4873 -9.990e-29
 126.594815      3.676    12.8059  32.317717    27.0298      3.643  273.66530  273.81871     8.5093     4.4469 0.0000e+00
