Processed/SBE19plus_01907321_2022_05_11_Cast121_wfilter.cnv
* Sea-Bird SBE19plus  Data File:
* FileName = E:\Prandtl_Daten\2022\CTD\Raw\SBE19plus_01907321_2022_05_11_Cast121.hex
* Software version 2.6.1.12
* Temperature SN = 7321
* Conductivity SN = 7321
* System UpLoad Time = May 11 2022 07:22:44
* <ApplicationData>
* <Seaterm232>
** Messpraktikum 2022
** CTD 10.05  BE
** NMEA Latitude = 54 07.49N
** NMEA Longitude = 008 50.28E
# nquan = 11
# nvalues = 678                         
# units = specified
# name 0 = timeJ: Julian Days
# name 1 = prdM: Pressure, Strain Gauge [db]
# name 2 = tv290C: Temperature [ITS-90, deg C]
# name 3 = c0mS/cm: Conductivity [mS/cm]
# name 4 = sal00: Salinity, Practical [PSU]
# name 5 = depSM: Depth [salt water, m], lat = 54.00
# name 6 = oxsatMm/Kg: Oxygen Saturation, Weiss [umol/kg]
# name 7 = oxsolMm/Kg: Oxygen Saturation, Garcia & Gordon [umol/kg]
# name 8 = turbWETntu0: Turbidity, WET Labs ECO [NTU]
# name 9 = flECO-AFL: Fluorescence, WET Labs ECO-AFL/FL [mg/m^3]
# name 10 = flag:  0.000e+00
# span 0 = 131.301470, 131.303429       
# span 1 =      0.300,     15.645       
# span 2 =    13.6783,    13.7183       
# span 3 =  32.978813,  33.005176       
# span 4 =    26.9898,    27.0344       
# span 5 =      0.298,     15.504       
# span 6 =  268.56827,  268.71065       
# span 7 =  268.77285,  268.91269       
# span 8 =     0.7584,     4.1513       
# span 9 =     2.3280,     3.4400       
# span 10 = 0.0000e+00, 0.0000e+00      
# interval = seconds: 0.25
# start_time = May 11 2022 07:12:51 [Instrument's time stamp, header]
# bad_flag = -9.990e-29
*END*
[from data line 132]
 131.301852      3.293    13.7132  32.984260    26.9976      3.263  268.58396  268.78821     1.4587     2.8456 -9.990e-29
 131.301855      3.318    13.7134  32.984377    26.9976      3.288  268.58284  268.78710     1.2253     2.6515 -9.990e-29
 131.301858      3.340    13.7135  32.983850    26.9971      3.310  268.58343  268.78770     1.4276     2.6596 -9.990e-29
 131.301861      3.366    13.7133  32.983850    26.9971      3.336  268.58407  268.78833     1.3498     2.6273 -9.990e-29
 131.301863      3.382    13.7135  32.983207    26.9965      3.352  268.58454  268.78882     1.2720     2.6394 -9.990e-29
 131.301866      3.397    13.7136  32.984026    26.9971      3.366  268.58285  268.78713     1.2875     2.6839 -9.990e-29
 131.301869      3.411    13.7137  32.983851    26.9969      3.381  268.58253  268.78681     1.3965     2.6677 -9.990e-29
 131.301872      3.425    13.7135  32.982973    26.9962      3.395  268.58496  268.78924     1.3187     2.6717 -9.990e-29
 131.301875      3.447    13.7135  32.983851    26.9971      3.416  268.58349  268.78776     1.2875     2.6394 -9.990e-29
 131.301878      3.478    13.7136  32.984026    26.9971      3.447  268.58290  268.78718     1.2875     2.6919 0.0000e+00
 131.301881      3.506    13.7134  32.983792    26.9971      3.474  268.58394  268.78821     1.8012     2.7445 0.0000e+00
 131.301884      3.531    13.7131  32.984026    26.9974      3.499  268.58482  268.78907     1.8167     2.7243 0.0000e+00
 131.301887      3.560    13.7128  32.984436    26.9978      3.529  268.58540  268.78963     1.9257     2.7162 0.0000e+00
 131.301889      3.588    13.7130  32.984378    26.9980      3.556  268.58489  268.78913     1.8945     2.6919 0.0000e+00
 131.301892      3.617    13.7130  32.984670    26.9980      3.584  268.58441  268.78865     1.0385     2.7728 0.0000e+00
 131.301895      3.644    13.7130  32.984261    26.9981      3.611  268.58481  268.78905     1.1475     2.7769 -9.990e-29
 131.301898      3.664    13.7131  32.984202    26.9975      3.631  268.58460  268.78885     1.1475     2.7728 -9.990e-29
 131.301901      3.684    13.7130  32.984261    26.9977      3.651  268.58514  268.78938     0.9607     2.7890 -9.990e-29
 131.301904      3.697    13.7127  32.982799    26.9965      3.664  268.58856  268.79280     1.8167     2.7930 -9.990e-29
 131.301907      3.707    13.7129  32.983969    26.9975      3.674  268.58597  268.79020     1.8945     2.8173 -9.990e-29
 131.301910      3.724    13.7128  32.983852    26.9974      3.691  268.58649  268.79072     1.7856     2.7728 -9.990e-29
 131.301913      3.748    13.7126  32.984261    26.9976      3.714  268.58675  268.79097     1.8634     2.7728 -9.990e-29
 131.301916      3.779    13.7127  32.983969    26.9975      3.745  268.58695  268.79118     1.8167     2.6596 0.0000e+00
 131.301918      3.808    13.7126  32.983852    26.9975      3.774  268.58748  268.79170     1.8634     2.6798 0.0000e+00
 131.301921      3.838    13.7130  32.984261    26.9975      3.803  268.58524  268.78948     1.6611     2.6515 -9.990e-29
 131.301924      3.859    13.7133  32.984378    26.9975      3.825  268.58380  268.78805     1.9257     2.6596 -9.990e-29
 131.301927      3.887    13.7132  32.984262    26.9974      3.852  268.58433  268.78858     1.7700     2.6273 -9.990e-29
 131.301930      3.908    13.7134  32.983852    26.9969      3.874  268.58409  268.78836     2.0502     2.6879 -9.990e-29
 131.301933      3.927    13.7134  32.983969    26.9970      3.892  268.58390  268.78817     2.1124     2.7122 -9.990e-29
 131.301936      3.950    13.7132  32.983852    26.9971      3.915  268.58506  268.78931     2.0969     2.7405 -9.990e-29
 131.301939      3.965    13.7132  32.983794    26.9970      3.930  268.58516  268.78942     2.0657     2.7081 -9.990e-29
 131.301942      3.987    13.7128  32.982565    26.9961      3.952  268.58882  268.79307     1.3498     2.7000 -9.990e-29
 131.301944      4.006    13.7126  32.983619    26.9972      3.970  268.58800  268.79222     1.3965     2.7081 -9.990e-29
 131.301947      4.030    13.7125  32.983560    26.9972      3.994  268.58843  268.79265     1.1941     2.7203 -9.990e-29
 131.301950      4.052    13.7127  32.983853    26.9981      4.015  268.58732  268.79154     1.2720     2.7000 -9.990e-29
 131.301953      4.077    13.7124  32.984438    26.9981      4.041  268.58760  268.79181     1.0852     2.7971 0.0000e+00
 131.301956      4.104    13.7119  32.984964    26.9981      4.068  268.58893  268.79310     1.1319     2.7930 -9.990e-29
 131.301959      4.128    13.7114  32.984672    26.9990      4.091  268.59132  268.79547     1.0229     2.7647 -9.990e-29
 131.301962      4.157    13.7111  32.985491    27.0000      4.120  268.59153  268.79564     1.1630     2.8173 -9.990e-29
 131.301965      4.181    13.7108  32.985784    27.0004      4.144  268.59231  268.79640     2.3615     2.9305 -9.990e-29
 131.301968      4.204    13.7100  32.985901    27.0011      4.167  268.59527  268.79932     2.2525     2.9063 -9.990e-29
 131.301970      4.235    13.7095  32.986311    27.0018      4.198  268.59679  268.80081     2.2836     2.9224 -9.990e-29
 131.301973      4.257    13.7088  32.986720    27.0026      4.219  268.59894  268.80291     2.2836     2.8941 -9.990e-29
 131.301976      4.279    13.7083  32.986545    27.0029      4.241  268.60176  268.80570     2.3770     2.8982 -9.990e-29
 131.301979      4.297    13.7078  32.986721    27.0033      4.259  268.60336  268.80727     1.3965     2.9629 -9.990e-29
 131.301982      4.312    13.7080  32.985960    27.0025      4.273  268.60403  268.80795     1.4120     2.9790 -9.990e-29
 131.301985      4.325    13.7081  32.986721    27.0031      4.286  268.60212  268.80605     1.3809     2.9790 -9.990e-29
 131.301988      4.343    13.7078  32.986721    27.0033      4.304  268.60339  268.80730     1.2564     2.9871 -9.990e-29
 131.301991      4.361    13.7076  32.986545    27.0031      4.322  268.60464  268.80854     1.7856     2.7647 -9.990e-29
 131.301994      4.388    13.7076  32.986311    27.0031      4.349  268.60505  268.80895     1.8634     2.7850 0.0000e+00
 131.301997      4.417    13.7077  32.986545    27.0031      4.378  268.60405  268.80796     1.8167     2.8173 0.0000e+00
 131.301999      4.447    13.7080  32.986721    27.0031      4.407  268.60251  268.80644     1.7233     2.7809 0.0000e+00
 131.302002      4.476    13.7082  32.986312    27.0031      4.436  268.60259  268.80653     1.6766     2.7486 -9.990e-29
 131.302005      4.500    13.7085  32.987189    27.0032      4.459  268.59987  268.80382     1.6455     2.7324 -9.990e-29
 131.302008      4.525    13.7081  32.987540    27.0038      4.485  268.60086  268.80479     1.5833     2.7203 -9.990e-29
 131.302011      4.547    13.7077  32.988184    27.0047      4.506  268.60168  268.80557     1.6299     2.7243 -9.990e-29
 131.302014      4.565    13.7069  32.988009    27.0050      4.524  268.60513  268.80897     1.6299     2.7324 -9.990e-29
 131.302017      4.582    13.7066  32.987716    27.0050      4.541  268.60689  268.81072     1.5833     2.7041 -9.990e-29
 131.302020      4.596    13.7069  32.988009    27.0050      4.555  268.60514  268.80899     1.5833     2.6879 -9.990e-29
 131.302023      4.611    13.7071  32.988009    27.0049      4.570  268.60453  268.80838     1.4899     2.7243 -9.990e-29
 131.302025      4.633    13.7068  32.987716    27.0048      4.592  268.60629  268.81013     1.5366     2.7203 -9.990e-29
 131.302028      4.655    13.7064  32.986137    27.0052      4.613  268.61054  268.81437     1.0229     2.5221 -9.990e-29
 131.302031      4.684    13.7062  32.987716    27.0055      4.643  268.60883  268.81264     1.1008     2.5302 0.0000e+00
 131.302034      4.710    13.7059  32.988185    27.0054      4.668  268.60932  268.81310     1.1163     2.5504 0.0000e+00
 131.302037      4.738    13.7057  32.987600    27.0057      4.695  268.61095  268.81473     1.0229     2.5181 0.0000e+00
 131.302040      4.773    13.7057  32.988360    27.0054      4.730  268.61000  268.81377     1.6299     2.9629 -9.990e-29
 131.302043      4.792    13.7057  32.988419    27.0062      4.749  268.60991  268.81368     1.6611     2.9629 -9.990e-29
 131.302046      4.816    13.7057  32.987775    27.0063      4.773  268.61101  268.81479     1.4899     2.9629 -9.990e-29
 131.302049      4.842    13.7057  32.988536    27.0063      4.798  268.60975  268.81351     1.4899     2.9750 0.0000e+00
 131.302052      4.867    13.7050  32.989063    27.0063      4.824  268.61170  268.81542     2.1280     2.7890 -9.990e-29
 131.302054      4.886    13.7046  32.989063    27.0075      4.842  268.61328  268.81698     2.0035     2.7930 -9.990e-29
 131.302057      4.902    13.7045  32.989531    27.0080      4.858  268.61313  268.81682     2.0813     2.7647 -9.990e-29
 131.302060      4.917    13.7040  32.990058    27.0088      4.873  268.61445  268.81810     2.1591     2.7809 -9.990e-29
 131.302063      4.939    13.7032  32.990877    27.0101      4.894  268.61653  268.82013     1.5366     3.1125 -9.990e-29
 131.302066      4.957    13.7020  32.991287    27.0113      4.912  268.62088  268.82440     1.5521     3.1044 -9.990e-29
 131.302069      4.978    13.7012  32.991755    27.0130      4.934  268.62356  268.82703     1.6299     3.0963 -9.990e-29
 131.302072      5.006    13.7004  32.991930    27.0131      4.961  268.62642  268.82985     1.5521     3.1004 0.0000e+00
 131.302075      5.035    13.7000  32.991872    27.0132      4.990  268.62842  268.83182     1.5833     3.0842 0.0000e+00
 131.302078      5.062    13.6998  32.992340    27.0135      5.017  268.62859  268.83197     2.0813     2.7041 0.0000e+00
 131.302080      5.090    13.6998  32.992165    27.0138      5.044  268.62890  268.83229     2.1280     2.7203 -9.990e-29
 131.302083      5.111    13.6993  32.993686    27.0154      5.066  268.62855  268.83189     2.0657     2.7364 -9.990e-29
 131.302086      5.139    13.6983  32.992575    27.0150      5.093  268.63452  268.83781     2.1124     2.7243 -9.990e-29
 131.302089      5.161    13.6973  32.994623    27.0176      5.115  268.63548  268.83869     1.3498     2.8416 -9.990e-29
 131.302092      5.185    13.6965  32.994681    27.0182      5.138  268.63885  268.84201     1.4432     2.8577 -9.990e-29
 131.302095      5.201    13.6959  32.995032    27.0189      5.154  268.64046  268.84359     1.2875     2.8537 -9.990e-29
 131.302098      5.218    13.6953  32.995267    27.0196      5.171  268.64290  268.84599     1.3498     2.8294 -9.990e-29
 131.302101      5.239    13.6948  32.995852    27.0204      5.193  268.64381  268.84687     1.8945     2.9265 -9.990e-29
 131.302104      5.256    13.6941  32.995676    27.0208      5.209  268.64726  268.85027     1.8323     2.9386 -9.990e-29
 131.302106      5.280    13.6938  32.995676    27.0210      5.233  268.64853  268.85153     1.7856     2.9022 -9.990e-29
 131.302109      5.303    13.6940  32.995852    27.0210      5.256  268.64731  268.85031     1.8478     2.9184 -9.990e-29
 131.302112      5.331    13.6941  32.995911    27.0208      5.283  268.64691  268.84992     2.7817     2.7971 0.0000e+00
 131.302115      5.360    13.6942  32.995443    27.0208      5.312  268.64740  268.85042     2.6416     2.7728 0.0000e+00
 131.302118      5.386    13.6941  32.995677    27.0205      5.337  268.64734  268.85035     2.7973     2.7405 -9.990e-29
 131.302121      5.411    13.6942  32.995911    27.0205      5.363  268.64664  268.84966     2.8595     2.8011 -9.990e-29
 131.302124      5.437    13.6940  32.995443    27.0205      5.388  268.64808  268.85109     2.7817     2.7769 0.0000e+00
 131.302127      5.464    13.6941  32.996321    27.0205      5.415  268.64630  268.84931     1.0852     2.7930 -9.990e-29
 131.302130      5.488    13.6940  32.995677    27.0207      5.439  268.64771  268.85073     1.0852     2.7890 -9.990e-29
 131.302133      5.507    13.6936  32.995853    27.0212      5.458  268.64931  268.85230     1.1163     2.7850 -9.990e-29
 131.302135      5.516    13.6931  32.996730    27.0224      5.467  268.65004  268.85298     1.0229     2.7809 -9.990e-29
 131.302138      5.527    13.6928  32.996496    27.0224      5.478  268.65169  268.85462     1.7078     2.7203 -9.990e-29
 131.302141      5.542    13.6928  32.996438    27.0223      5.492  268.65180  268.85473     1.5833     2.7486 -9.990e-29
 131.302144      5.563    13.6925  32.995034    27.0216      5.514  268.65544  268.85837     1.6299     2.7081 -9.990e-29
 131.302147      5.594    13.6923  32.995268    27.0219      5.544  268.65601  268.85892     1.5054     2.6879 0.0000e+00
 131.302150      5.625    13.6922  32.995853    27.0218      5.575  268.65535  268.85825     2.5327     2.8901 0.0000e+00
 131.302153      5.658    13.6923  32.995502    27.0219      5.607  268.65565  268.85856     2.5638     2.9346 0.0000e+00
 131.302156      5.687    13.6923  32.995678    27.0219      5.636  268.65506  268.85797     2.5482     2.9063 0.0000e+00
 131.302159      5.714    13.6923  32.995444    27.0219      5.663  268.65547  268.85838     2.5794     2.9143 -9.990e-29
 131.302161      5.738    13.6923  32.995268    27.0215      5.687  268.65578  268.85869     1.3965     2.6919 -9.990e-29
 131.302164      5.756    13.6924  32.995269    27.0214      5.705  268.65548  268.85840     1.2875     2.7041 -9.990e-29
 131.302167      5.776    13.6925  32.991290    27.0177      5.725  268.66158  268.86454     1.1941     2.7283 -9.990e-29
 131.302170      5.794    13.6925  32.995035    27.0211      5.743  268.65527  268.85820     1.3187     2.7243 -9.990e-29
 131.302173      5.815    13.6930  32.995912    27.0216      5.763  268.65192  268.85486     1.3187     2.6960 -9.990e-29
 131.302176      5.833    13.6932  32.995444    27.0210      5.781  268.65178  268.85474     1.6299     2.6273 -9.990e-29
 131.302179      5.856    13.6934  32.995269    27.0207      5.804  268.65146  268.85443     1.5521     2.6636 -9.990e-29
 131.302182      5.875    13.6935  32.995035    27.0204      5.822  268.65124  268.85422     1.5988     2.6596 -9.990e-29
 131.302185      5.899    13.6937  32.994859    27.0201      5.846  268.65061  268.85361     1.5677     2.6353 -9.990e-29
 131.302188      5.920    13.6939  32.995035    27.0201      5.868  268.64970  268.85270     1.6455     2.8375 -9.990e-29
 131.302190      5.948    13.6942  32.994684    27.0195      5.895  268.64873  268.85177     1.6299     2.8416 -9.990e-29
 131.302193      5.973    13.6946  32.994450    27.0190      5.920  268.64758  268.85063     1.6299     2.8335 -9.990e-29
 131.302196      5.995    13.6950  32.994625    27.0178      5.942  268.64572  268.84880     1.6144     2.8456 -9.990e-29
 131.302199      6.026    13.6953  32.993689    27.0175      5.972  268.64575  268.84886     1.8167     2.7324 0.0000e+00
 131.302202      6.052    13.6958  32.993397    27.0175      5.998  268.64438  268.84751     1.8167     2.7081 0.0000e+00
 131.302205      6.081    13.6962  32.993221    27.0172      6.027  268.64281  268.84597     1.8167     2.7041 -9.990e-29
 131.302208      6.097    13.6969  32.992695    27.0158      6.043  268.64088  268.84409     1.8945     2.7203 -9.990e-29
 131.302211      6.115    13.6973  32.992987    27.0158      6.061  268.63851  268.84175     1.8167     2.7324 -9.990e-29
 131.302214      6.130    13.6979  32.992753    27.0151      6.075  268.63640  268.83968     1.7856     2.7162 -9.990e-29
 131.302216      6.145    13.6983  32.992519    27.0146      6.090  268.63524  268.83853     1.8167     2.7122 -9.990e-29
 131.302219      6.157    13.6987  32.991934    27.0139      6.102  268.63466  268.83799     1.8945     2.7203 -9.990e-29
 131.302222      6.181    13.6990  32.991934    27.0147      6.126  268.63311  268.83645     1.8478     2.7203 -9.990e-29
 131.302225      6.209    13.6990  32.993104    27.0149      6.153  268.63146  268.83479     1.8323     2.7041 0.0000e+00
