Processed/SBE19plus_01907321_2022_05_08_Cast80_wfilter.cnv
* Sea-Bird SBE19plus  Data File:
* FileName = E:\Prandtl Daten\2022\CTD\Raw\SBE19plus_01907321_2022_05_08_Cast80.hex
* Software version 2.6.1.12
* Temperature SN = 7321
* Conductivity SN = 7321
* System UpLoad Time = May 08 2022 09:47:53
* <ApplicationData>
* <Seaterm232>
** Messpraktikum 2022
** CTD 08.05 NP3
** NMEA Latitude = 54 09.89 N
** NMEA Longitude = 008 40.55 E
# nquan = 11
# nvalues = 442                         
# units = specified
# name 0 = timeJ: Julian Days
# name 1 = prdM: Pressure, Strain Gauge [db]
# name 2 = tv290C: Temperature [ITS-90, deg C]
# name 3 = c0mS/cm: Conductivity [mS/cm]
# name 4 = sal00: Salinity, Practical [PSU]
# name 5 = depSM: Depth [salt water, m], lat = 54.00
# name 6 = oxsatMm/Kg: Oxygen Saturation, Weiss [umol/kg]
# name 7 = oxsolMm/Kg: Oxygen Saturation, Garcia & Gordon [umol/kg]
# name 8 = turbWETntu0: Turbidity, WET Labs ECO [NTU]
# name 9 = flECO-AFL: Fluorescence, WET Labs ECO-AFL/FL [mg/m^3]
# name 10 = flag:  0.000e+00
# span 0 = 128.403602, 128.404878       
# span 1 =      0.550,     13.640       
# span 2 =    12.4766,    12.5653       
# span 3 =  32.492138,  32.574925       
# span 4 =    27.3682,    27.4870       
# span 5 =      0.546,     13.517       
# span 6 =  274.37886,  274.71947       
# span 7 =  274.51448,  274.84891       
# span 8 =     2.7506,    30.8284       
# span 9 =     2.9548,    10.7752       
# span 10 = 0.0000e+00, 0.0000e+00      
# interval = seconds: 0.25
# start_time = May 08 2022 09:40:01 [Instrument's time stamp, header]
# bad_flag = -9.990e-29
*END*
[from data line 394]
 128.404742     12.538    12.4921  32.560428    27.4791     12.426  274.62289  274.75322     9.7545     5.6074 0.0000e+00
 128.404745     12.565    12.4919  32.559730    27.4789     12.453  274.62510  274.75542    10.4548     5.9026 0.0000e+00
 128.404748     12.600    12.4914  32.557925    27.4782     12.487  274.63023  274.76055    10.5327     5.8743 0.0000e+00
 128.404751     12.637    12.4911  32.558391    27.4782     12.523  274.63099  274.76127    10.4237     5.9269 0.0000e+00
 128.404754     12.668    12.4911  32.558973    27.4788     12.554  274.62996  274.76024    10.4082     5.8986 0.0000e+00
 128.404757     12.699    12.4912  32.562233    27.4817     12.585  274.62383  274.75408    10.5171     5.8419 0.0000e+00
 128.404760     12.728    12.4918  32.564096    27.4824     12.614  274.61769  274.74796    10.6261     5.8339 0.0000e+00
 128.404763     12.753    12.4929  32.565143    27.4830     12.639  274.61114  274.74147    10.5482     5.8339 -9.990e-29
 128.404766     12.775    12.4936  32.567181    27.4827     12.661  274.60437  274.73473    10.6261     5.8177 -9.990e-29
 128.404769     12.802    12.4943  32.565725    27.4831     12.688  274.60387  274.73430    10.1124     5.9390 0.0000e+00
 128.404771     12.831    12.4949  32.567122    27.4828     12.716  274.59857  274.72902    10.0502     5.9713 0.0000e+00
 128.404774     12.861    12.4957  32.566948    27.4828     12.746  274.59546  274.72597    10.0813     5.9269 0.0000e+00
 128.404777     12.899    12.4961  32.566773    27.4823     12.783  274.59392  274.72446    10.0346     5.9188 0.0000e+00
 128.404780     12.939    12.4962  32.566541    27.4820     12.823  274.59405  274.72460    11.9646     6.2099 0.0000e+00
 128.404783     12.974    12.4964  32.564562    27.4800     12.858  274.59669  274.72727    12.0113     6.2099 0.0000e+00
 128.404786     13.006    12.4964  32.560196    27.4800     12.890  274.60454  274.73516    12.0268     6.2261 0.0000e+00
 128.404789     13.037    12.4965  32.565144    27.4786     12.920  274.59506  274.72565    11.9957     6.2342 0.0000e+00
 128.404792     13.068    12.4963  32.563048    27.4796     12.951  274.60009  274.73068    12.0424     6.1897 0.0000e+00
 128.404795     13.101    12.4959  32.563805    27.4796     12.984  274.60032  274.73087    15.8868     6.5375 0.0000e+00
 128.404797     13.128    12.4958  32.564911    27.4802     13.011  274.59898  274.72951    15.8712     6.5294 0.0000e+00
 128.404800     13.158    12.4956  32.564679    27.4807     13.040  274.60004  274.73057    15.8556     6.5577 -9.990e-29
 128.404803     13.178    12.4954  32.566367    27.4826     13.060  274.59797  274.72846    15.7934     6.5213 -9.990e-29
 128.404806     13.205    12.4958  32.566949    27.4830     13.087  274.59538  274.72589    16.1669     7.6616 0.0000e+00
 128.404809     13.232    12.4964  32.568171    27.4828     13.114  274.59039  274.72093    16.1669     7.6211 0.0000e+00
 128.404812     13.262    12.4970  32.568171    27.4833     13.143  274.58759  274.71818    16.0735     7.6252 0.0000e+00
 128.404815     13.298    12.4975  32.569219    27.4834     13.179  274.58386  274.71447    16.0268     7.6333 0.0000e+00
 128.404818     13.331    12.4977  32.569627    27.4834     13.212  274.58190  274.71252    16.5249     7.4432 0.0000e+00
 128.404821     13.366    12.4981  32.569045    27.4836     13.246  274.58141  274.71206    16.4315     7.4392 0.0000e+00
 128.404823     13.400    12.4980  32.571257    27.4845     13.280  274.57778  274.70840    16.3537     7.4392 0.0000e+00
 128.404826     13.431    12.4983  32.571024    27.4845     13.311  274.57696  274.70761    16.3848     7.4271 0.0000e+00
 128.404829     13.464    12.4985  32.571024    27.4843     13.343  274.57605  274.70671    21.2720     7.9082 0.0000e+00
 128.404832     13.497    12.4985  32.571024    27.4843     13.376  274.57638  274.70704    21.2875     7.9082 0.0000e+00
 128.404835     13.526    12.4982  32.570035    27.4840     13.405  274.57943  274.71007    21.1630     7.9082 0.0000e+00
 128.404838     13.552    12.4984  32.570617    27.4836     13.430  274.57746  274.70812    21.2564     7.8880 -9.990e-29
 128.404841     13.574    12.4984  32.570442    27.4838     13.452  274.57779  274.70845    21.2720     7.9082 -9.990e-29
 128.404844     13.592    12.4985  32.572771    27.4859     13.470  274.57300  274.70364    22.9218     8.0417 -9.990e-29
 128.404847     13.612    12.4987  32.572480    27.4854     13.490  274.57260  274.70326    23.0307     8.0417 -9.990e-29
 128.404850     13.623    12.4990  32.573702    27.4864     13.501  274.56916  274.69983    22.9996     8.0457 -9.990e-29
 128.404852     13.627    12.4993  32.574517    27.4869     13.505  274.56645  274.69713    22.9840     8.0012 -9.990e-29
 128.404855     13.631    12.4994  32.573761    27.4862     13.508  274.56750  274.69819    23.6844     8.7534 -9.990e-29
 128.404858     13.630    12.4997  32.574750    27.4869     13.508  274.56447  274.69517    23.8556     8.7493 -9.990e-29
 128.404861     13.632    12.4999  32.574517    27.4865     13.510  274.56395  274.69467    23.7934     8.7372 -9.990e-29
 128.404864     13.632    12.5001  32.573295    27.4852     13.510  274.56521  274.69595    23.6222     8.7493 -9.990e-29
 128.404867     13.632    12.4999  32.574750    27.4867     13.510  274.56322  274.69394    25.5054     9.3680 -9.990e-29
 128.404870     13.632    12.4999  32.573353    27.4854     13.510  274.56573  274.69646    25.5210     9.3640 -9.990e-29
 128.404873     13.638    12.5000  32.574750    27.4866     13.516  274.56292  274.69364    25.5210     9.3680 -9.990e-29
 128.404876     13.636    12.4999  32.574517    27.4865     13.514  274.56396  274.69467    25.5210     9.3923 -9.990e-29
 128.404878     13.640    12.4997  32.574925    27.4870     13.517  274.56385  274.69456    30.8284    10.7752 -9.990e-29
