Processed/SBE19plus_01907321_2022_05_06_Cast56_wfilter.cnv
* Sea-Bird SBE19plus  Data File:
* FileName = E:\Prandtl Daten\2022\CTD\Raw\SBE19plus_01907321_2022_05_06_Cast56.hex
* Software version 2.6.1.12
* Temperature SN = 7321
* Conductivity SN = 7321
* System UpLoad Time = May 06 2022 14:03:36
* <ApplicationData>
* <Seaterm232>
** Messpraktikum 2022
** CTD 06.05 BM
** NMEA Latitude = 54 07.840 N
** NMEA Longitude = 008 47.222 E
# nquan = 11
# nvalues = 692                         
# units = specified
# name 0 = timeJ: Julian Days
# name 1 = prdM: Pressure, Strain Gauge [db]
# name 2 = tv290C: Temperature [ITS-90, deg C]
# name 3 = c0mS/cm: Conductivity [mS/cm]
# name 4 = sal00: Salinity, Practical [PSU]
# name 5 = depSM: Depth [salt water, m], lat = 54.00
# name 6 = oxsatMm/Kg: Oxygen Saturation, Weiss [umol/kg]
# name 7 = oxsolMm/Kg: Oxygen Saturation, Garcia & Gordon [umol/kg]
# name 8 = turbWETntu0: Turbidity, WET Labs ECO [NTU]
# name 9 = flECO-AFL: Fluorescence, WET Labs ECO-AFL/FL [mg/m^3]
# name 10 = flag:  0.000e+00
# span 0 = 126.580026, 126.582025       
# span 1 =      0.539,     16.991       
# span 2 =    12.4768,    12.4968       
# span 3 =  32.143709,  32.365096       
# span 4 =    27.1014,    27.2964       
# span 5 =      0.534,     16.838       
# span 6 =  274.96707,  275.40792       
# span 7 =  275.09956,  275.54167       
# span 8 =     8.6494,    35.5910       
# span 9 =     4.7946,    10.8439       
# span 10 = 0.0000e+00, 0.0000e+00      
# interval = seconds: 0.25
# start_time = May 06 2022 13:54:10 [Instrument's time stamp, header]
# bad_flag = -9.990e-29
*END*
[from data line 394]
 126.581166      9.900    12.4953  32.320439    27.2541      9.811  275.03747  275.17041    14.0657     6.2059 0.0000e+00
 126.581169      9.927    12.4954  32.320613    27.2541      9.838  275.03655  275.16949    14.0969     6.2140 0.0000e+00
 126.581172      9.958    12.4956  32.319626    27.2533      9.869  275.03771  275.17067    14.1280     6.2180 0.0000e+00
 126.581175      9.983    12.4956  32.319800    27.2532      9.894  275.03741  275.17038    14.0657     6.2059 0.0000e+00
 126.581178     10.014    12.4957  32.319917    27.2533      9.925  275.03660  275.16957    12.4938     6.0401 -9.990e-29
 126.581181     10.034    12.4959  32.320845    27.2540      9.945  275.03400  275.16698    12.4004     6.0199 -9.990e-29
 126.581183     10.062    12.4961  32.319801    27.2528      9.972  275.03495  275.16795    12.4938     6.0239 -9.990e-29
 126.581186     10.078    12.4964  32.320613    27.2534      9.988  275.03225  275.16526    12.5405     6.0158 -9.990e-29
 126.581189     10.096    12.4963  32.319395    27.2523     10.006  275.03476  275.16778    12.6805     6.2827 -9.990e-29
 126.581192     10.111    12.4963  32.319220    27.2522     10.020  275.03540  275.16841    12.7895     6.2787 -9.990e-29
 126.581195     10.130    12.4963  32.319511    27.2524     10.040  275.03489  275.16790    12.6650     6.2948 -9.990e-29
 126.581198     10.151    12.4963  32.320033    27.2516     10.060  275.03396  275.16697    12.7895     6.2867 -9.990e-29
 126.581201     10.183    12.4962  32.318582    27.2517     10.092  275.03690  275.16992    13.8790     5.9309 0.0000e+00
 126.581204     10.209    12.4962  32.318815    27.2516     10.117  275.03650  275.16952    13.9257     5.9754 0.0000e+00
 126.581207     10.241    12.4962  32.318582    27.2517     10.150  275.03694  275.16996    13.9257     5.9471 0.0000e+00
 126.581209     10.274    12.4960  32.318002    27.2516     10.182  275.03863  275.17165    13.9412     5.9511 -9.990e-29
 126.581212     10.298    12.4960  32.316842    27.2509     10.206  275.04073  275.17376    12.9140     5.9592 -9.990e-29
 126.581215     10.324    12.4958  32.317596    27.2508     10.231  275.04034  275.17334    13.0074     5.8339 0.0000e+00
 126.581218     10.349    12.4960  32.317596    27.2508     10.257  275.03941  275.17243    12.8517     5.8339 0.0000e+00
 126.581221     10.375    12.4963  32.315159    27.2507     10.282  275.04254  275.17561    12.8362     5.8258 -9.990e-29
 126.581224     10.391    12.4964  32.312315    27.2455     10.298  275.04734  275.18044    12.9451     5.8177 -9.990e-29
 126.581227     10.402    12.4963  32.311909    27.2452     10.309  275.04839  275.18149    13.8323     6.2908 -9.990e-29
 126.581230     10.419    12.4960  32.311619    27.2452     10.326  275.05049  275.18357    13.5988     6.2746 -9.990e-29
 126.581233     10.441    12.4958  32.310110    27.2439     10.347  275.05384  275.18692    13.6299     6.2665 -9.990e-29
 126.581236     10.457    12.4959  32.310923    27.2446     10.364  275.05208  275.18516    13.6922     6.3151 -9.990e-29
 126.581238     10.485    12.4959  32.310923    27.2446     10.391  275.05210  275.18518    13.3965     6.3434 0.0000e+00
 126.581241     10.512    12.4959  32.310923    27.2446     10.418  275.05212  275.18520    13.3654     6.3514 0.0000e+00
 126.581244     10.541    12.4962  32.311503    27.2449     10.447  275.04984  275.18293    13.3187     6.3272 0.0000e+00
 126.581247     10.571    12.4963  32.313535    27.2467     10.476  275.04559  275.17867    13.3342     6.3636 0.0000e+00
 126.581250     10.602    12.4965  32.314347    27.2473     10.507  275.04321  275.17629    15.2175     6.9782 0.0000e+00
 126.581253     10.627    12.4968  32.316785    27.2486     10.532  275.03791  275.17098    15.2486     6.9701 0.0000e+00
 126.581256     10.655    12.4968  32.315972    27.2490     10.559  275.03938  275.17247    15.2019     6.9863 0.0000e+00
 126.581259     10.681    12.4968  32.323459    27.2486     10.585  275.02566  275.15867    15.1708     7.0065 -9.990e-29
 126.581262     10.698    12.4965  32.325897    27.2581     10.603  275.02287  275.15583    15.0930     6.9782 -9.990e-29
 126.581264     10.720    12.4960  32.327870    27.2602     10.624  275.02154  275.15445    14.6261     6.6143 -9.990e-29
 126.581267     10.733    12.4956  32.330192    27.2627     10.637  275.01896  275.15182    14.5171     6.5981 -9.990e-29
 126.581270     10.753    12.4951  32.328567    27.2615     10.657  275.02440  275.15724    14.6261     6.6143 -9.990e-29
 126.581273     10.771    12.4950  32.333849    27.2681     10.675  275.01525  275.14804    14.5949     6.5981 -9.990e-29
 126.581276     10.798    12.4946  32.335242    27.2681     10.702  275.01434  275.14709    16.5405     7.3907 0.0000e+00
 126.581279     10.830    12.4947  32.335358    27.2681     10.733  275.01384  275.14659    16.6338     7.3987 0.0000e+00
 126.581282     10.857    12.4949  32.334256    27.2669     10.760  275.01489  275.14767    16.5249     7.3907 0.0000e+00
 126.581285     10.890    12.4952  32.334430    27.2669     10.793  275.01334  275.14614    16.6027     7.3907 0.0000e+00
 126.581288     10.921    12.4953  32.334024    27.2669     10.823  275.01347  275.14628    17.5210     7.2613 -9.990e-29
 126.581291     10.945    12.4955  32.336055    27.2682     10.847  275.00921  275.14201    17.5988     7.2532 -9.990e-29
 126.581293     10.972    12.4955  32.336055    27.2681     10.874  275.00923  275.14203    17.6299     7.2653 -9.990e-29
 126.581296     10.994    12.4954  32.337100    27.2692     10.896  275.00768  275.14046    17.5677     7.2694 -9.990e-29
 126.581299     11.011    12.4956  32.340119    27.2719     10.912  275.00165  275.13441    21.1786     7.7829 -9.990e-29
 126.581302     11.027    12.4953  32.341919    27.2738     10.928  274.99969  275.13241    21.2253     7.7505 -9.990e-29
 126.581305     11.040    12.4951  32.343950    27.2758     10.941  274.99699  275.12969    21.2408     7.7667 -9.990e-29
 126.581308     11.058    12.4946  32.348827    27.2806     10.959  274.99014  275.12276    21.2720     7.7708 -9.990e-29
 126.581311     11.078    12.4940  32.348827    27.2811     10.979  274.99298  275.12555    21.1630     7.7708 -9.990e-29
 126.581314     11.100    12.4935  32.347957    27.2805     11.000  274.99676  275.12931    18.9685     7.2370 -9.990e-29
 126.581317     11.131    12.4936  32.347841    27.2812     11.031  274.99667  275.12923    18.9529     7.2330 0.0000e+00
 126.581319     11.158    12.4935  32.349234    27.2818     11.058  274.99451  275.12704    19.0930     7.2330 0.0000e+00
 126.581322     11.196    12.4939  32.350685    27.2829     11.096  274.99036  275.12290    18.9373     7.2491 0.0000e+00
 126.581325     11.225    12.4939  32.351266    27.2834     11.125  274.98933  275.12187    18.5171     7.7222 0.0000e+00
 126.581328     11.256    12.4939  32.352602    27.2846     11.155  274.98664  275.11917    18.5327     7.6858 0.0000e+00
 126.581331     11.283    12.4938  32.352718    27.2847     11.182  274.98708  275.11960    18.4860     7.6980 0.0000e+00
 126.581334     11.310    12.4939  32.352892    27.2848     11.209  274.98647  275.11900    18.5327     7.6737 -9.990e-29
 126.581337     11.331    12.4940  32.354111    27.2859     11.229  274.98367  275.11619    19.5443     7.7505 -9.990e-29
 126.581340     11.345    12.4938  32.355157    27.2871     11.244  274.98275  275.11524    19.4976     7.6818 -9.990e-29
 126.581343     11.360    12.4937  32.355331    27.2873     11.258  274.98276  275.11525    19.4976     7.7020 -9.990e-29
 126.581345     11.371    12.4935  32.353937    27.2861     11.269  274.98621  275.11870    19.4976     7.6980 -9.990e-29
 126.581348     11.389    12.4934  32.354924    27.2871     11.287  274.98477  275.11724    21.1163     7.6858 -9.990e-29
 126.581351     11.406    12.4936  32.355563    27.2876     11.303  274.98300  275.11548    20.8829     7.7182 -9.990e-29
 126.581354     11.431    12.4936  32.356144    27.2881     11.329  274.98198  275.11445    20.9296     7.7061 -9.990e-29
 126.581357     11.458    12.4936  32.356144    27.2882     11.356  274.98200  275.11447    21.0074     7.7142 0.0000e+00
 126.581360     11.491    12.4935  32.356376    27.2884     11.389  274.98191  275.11438    21.0696     7.6980 0.0000e+00
 126.581363     11.524    12.4936  32.357015    27.2884     11.421  274.98048  275.11294    21.4899     8.0740 0.0000e+00
 126.581366     11.554    12.4937  32.356376    27.2889     11.450  274.98101  275.11349    21.5210     8.0983 0.0000e+00
 126.581369     11.579    12.4937  32.357770    27.2890     11.475  274.97853  275.11100    21.5054     8.1185 0.0000e+00
 126.581372     11.608    12.4941  32.357596    27.2893     11.504  274.97729  275.10978    21.4899     8.0781 0.0000e+00
 126.581374     11.634    12.4943  32.356957    27.2890     11.530  274.97751  275.11002    17.0541     7.1036 -9.990e-29
 126.581377     11.654    12.4942  32.357596    27.2889     11.550  274.97669  275.10919    17.1163     7.1278 -9.990e-29
 126.581380     11.673    12.4936  32.357596    27.2893     11.568  274.97922  275.11168    17.0852     7.1238 -9.990e-29
 126.581383     11.684    12.4936  32.356783    27.2886     11.579  274.98100  275.11346    17.0074     7.0833 -9.990e-29
 126.581386     11.702    12.4936  32.356377    27.2882     11.597  274.98143  275.11390    16.0424     7.1278 -9.990e-29
 126.581389     11.720    12.4939  32.356145    27.2878     11.615  274.98091  275.11340    16.1202     7.1602 -9.990e-29
 126.581392     11.744    12.4937  32.356551    27.2875     11.639  274.98083  275.11330    15.9957     7.1157 -9.990e-29
 126.581395     11.771    12.4939  32.355855    27.2874     11.666  274.98115  275.11365    16.1047     7.1157 0.0000e+00
 126.581398     11.802    12.4939  32.355564    27.2872     11.697  274.98169  275.11420    15.2175     6.9176 0.0000e+00
 126.581400     11.830    12.4941  32.353532    27.2852     11.724  274.98473  275.11726    15.0930     6.9539 0.0000e+00
 126.581403     11.857    12.4943  32.353532    27.2850     11.751  274.98349  275.11604    15.0774     6.9459 0.0000e+00
 126.581406     11.888    12.4948  32.351675    27.2840     11.782  274.98496  275.11756    15.0930     6.9135 0.0000e+00
 126.581409     11.914    12.4950  32.351791    27.2829     11.807  274.98383  275.11644    15.1241     6.9337 -9.990e-29
 126.581412     11.936    12.4953  32.350281    27.2812     11.829  274.98529  275.11794    15.8245     6.4081 -9.990e-29
 126.581415     11.956    12.4953  32.348423    27.2794     11.849  274.98832  275.12099    15.9490     6.4040 -9.990e-29
 126.581418     11.978    12.4953  32.348656    27.2797     11.870  274.98792  275.12059    15.8245     6.4242 -9.990e-29
 126.581421     11.992    12.4954  32.347437    27.2785     11.885  274.98980  275.12249    15.9179     6.4161 -9.990e-29
 126.581424     12.011    12.4953  32.347204    27.2783     11.903  274.99055  275.12323    14.6105     6.3514 -9.990e-29
 126.581427     12.029    12.4953  32.347146    27.2783     11.921  274.99098  275.12365    14.5794     6.3514 -9.990e-29
 126.581429     12.051    12.4953  32.346392    27.2775     11.943  274.99203  275.12472    14.6416     6.3555 -9.990e-29
 126.581432     12.076    12.4953  32.345579    27.2767     11.968  274.99351  275.12620    14.4860     6.3151 -9.990e-29
 126.581435     12.100    12.4954  32.344999    27.2741     11.991  274.99425  275.12696    17.3031     6.5900 -9.990e-29
 126.581438     12.127    12.4956  32.342967    27.2726     12.018  274.99697  275.12971    17.3654     6.5860 0.0000e+00
 126.581441     12.160    12.4957  32.339890    27.2721     12.051  275.00220  275.13497    17.3187     6.6466 0.0000e+00
 126.581444     12.187    12.4958  32.340993    27.2712     12.078  274.99961  275.13238    17.3965     6.5779 0.0000e+00
 126.581447     12.213    12.4961  32.338903    27.2699     12.103  275.00212  275.13493    17.8790     7.0550 0.0000e+00
 126.581450     12.240    12.4961  32.338497    27.2697     12.131  275.00286  275.13568    17.8634     7.0348 0.0000e+00
 126.581453     12.269    12.4963  32.338904    27.2695     12.159  275.00152  275.13435    17.7700     7.0469 -9.990e-29
 126.581455     12.291    12.4963  32.339078    27.2699     12.181  275.00123  275.13405    17.7389     7.0469 -9.990e-29
 126.581458     12.315    12.4964  32.338497    27.2693     12.204  275.00165  275.13450    17.7078     7.0550 -9.990e-29
 126.581461     12.330    12.4965  32.338265    27.2690     12.219  275.00145  275.13431    21.4276     7.6495 -9.990e-29
 126.581464     12.353    12.4965  32.338091    27.2688     12.243  275.00209  275.13494    21.6299     7.6333 -9.990e-29
 126.581467     12.372    12.4964  32.338672    27.2697     12.261  275.00138  275.13422    21.5677     7.6373 -9.990e-29
 126.581470     12.399    12.4963  32.338904    27.2697     12.288  275.00130  275.13413    21.5366     7.6616 0.0000e+00
 126.581473     12.428    12.4964  32.340123    27.2697     12.317  274.99881  275.13164    18.9529     7.6535 -9.990e-29
 126.581476     12.450    12.4964  32.340820    27.2737     12.339  274.99758  275.13040    19.0152     7.6171 -9.990e-29
 126.581479     12.475    12.4963  32.343142    27.2737     12.364  274.99406  275.12684    19.0619     7.6818 0.0000e+00
 126.581481     12.503    12.4961  32.345406    27.2737     12.391  274.99064  275.12340    19.0619     7.6333 -9.990e-29
 126.581484     12.523    12.4959  32.346625    27.2772     12.410  274.98941  275.12214    18.9373     7.0389 -9.990e-29
 126.581487     12.545    12.4958  32.347612    27.2781     12.433  274.98797  275.12068    19.1397     7.0389 -9.990e-29
 126.581490     12.567    12.4958  32.349645    27.2801     12.454  274.98465  275.11734    19.0307     7.0550 -9.990e-29
 126.581493     12.588    12.4958  32.349703    27.2801     12.476  274.98456  275.11725    19.1241     7.0510 -9.990e-29
 126.581496     12.609    12.4953  32.350283    27.2810     12.496  274.98574  275.11838    22.1903     8.8059 -9.990e-29
 126.581499     12.627    12.4951  32.352722    27.2842     12.514  274.98200  275.11462    22.1903     8.8100 -9.990e-29
 126.581502     12.653    12.4948  32.353303    27.2842     12.539  274.98255  275.11513    22.2058     8.7978 0.0000e+00
 126.581505     12.678    12.4945  32.354348    27.2842     12.564  274.98195  275.11450    22.2214     8.8140 -9.990e-29
 126.581508     12.701    12.4944  32.354754    27.2855     12.587  274.98155  275.11409    22.1591     8.7938 -9.990e-29
 126.581510     12.729    12.4942  32.354348    27.2855     12.615  274.98324  275.11577    23.0619     8.3611 0.0000e+00
 126.581513     12.758    12.4941  32.355567    27.2855     12.643  274.98138  275.11390    22.9062     8.3733 -9.990e-29
 126.581516     12.780    12.4941  32.356148    27.2872     12.665  274.98036  275.11287    22.9685     8.3490 -9.990e-29
 126.581519     12.804    12.4940  32.356380    27.2875     12.689  274.98058  275.11309    22.9996     8.3611 -9.990e-29
 126.581522     12.825    12.4939  32.357193    27.2884     12.710  274.97977  275.11225    20.6338     7.7505 -9.990e-29
 126.581525     12.847    12.4939  32.357019    27.2882     12.732  274.98009  275.11258    20.7272     7.7586 -9.990e-29
 126.581528     12.865    12.4939  32.357600    27.2887     12.750  274.97875  275.11124    20.7428     7.7425 -9.990e-29
 126.581531     12.889    12.4939  32.358413    27.2895     12.774  274.97762  275.11009    20.6961     7.7788 -9.990e-29
 126.581534     12.913    12.4935  32.358413    27.2898     12.797  274.97921  275.11166    18.5015     7.2330 -9.990e-29
 126.581536     12.931    12.4933  32.358819    27.2903     12.815  274.97943  275.11186    18.4704     7.2451 -9.990e-29
 126.581539     12.955    12.4930  32.359226    27.2909     12.839  274.97998  275.11238    18.5638     7.2653 -9.990e-29
