Processed/SBE19plus_01907321_2022_05_07_Cast59_wfilter.cnv
* Sea-Bird SBE19plus  Data File:
* FileName = E:\Prandtl Daten\2022\CTD\Raw\SBE19plus_01907321_2022_05_07_Cast59.hex
* Software version 2.6.1.12
* Temperature SN = 7321
* Conductivity SN = 7321
* System UpLoad Time = May 07 2022 06:49:28
* <ApplicationData>
* <Seaterm232>
** Messpraktikum 2022
** CTD 07.05 BM
** NMEA Latitude = 54 07.724 N
** NMEA Longitude = 008 47.236 E
# nquan = 11
# nvalues = 511                         
# units = specified
# name 0 = timeJ: Julian Days
# name 1 = prdM: Pressure, Strain Gauge [db]
# name 2 = tv290C: Temperature [ITS-90, deg C]
# name 3 = c0mS/cm: Conductivity [mS/cm]
# name 4 = sal00: Salinity, Practical [PSU]
# name 5 = depSM: Depth [salt water, m], lat = 54.00
# name 6 = oxsatMm/Kg: Oxygen Saturation, Weiss [umol/kg]
# name 7 = oxsolMm/Kg: Oxygen Saturation, Garcia & Gordon [umol/kg]
# name 8 = turbWETntu0: Turbidity, WET Labs ECO [NTU]
# name 9 = flECO-AFL: Fluorescence, WET Labs ECO-AFL/FL [mg/m^3]
# name 10 = flag:  0.000e+00
# span 0 = 127.279323, 127.280799       
# span 1 =      0.571,     14.349       
# span 2 =    13.1563,    13.2724       
# span 3 =  32.576719,  32.651684       
# span 4 =    27.0041,    27.0374       
# span 5 =      0.566,     14.220       
# span 6 =  271.04383,  271.64555       
# span 7 =  271.22389,  271.81886       
# span 8 =    19.5910,   242.3459       
# span 9 =     6.4485,    21.3614       
# span 10 = 0.0000e+00, 0.0000e+00      
# interval = seconds: 0.25
# start_time = May 07 2022 06:40:28 [Instrument's time stamp, header]
# bad_flag = -9.990e-29
*END*
 127.279323      0.571    13.2692  32.648768    27.0065      0.566  271.06156  271.24144    20.5560     6.5253 0.0000e+00
 127.279326      0.600    13.2696  32.649409    27.0067      0.595  271.05890  271.23880    20.4159     6.5334 0.0000e+00
 127.279329      0.636    13.2700  32.649642    27.0067      0.631  271.05663  271.23656    20.6805     6.5334 0.0000e+00
 127.279332      0.688    13.2702  32.649643    27.0066      0.681  271.05572  271.23566    20.3226     6.6305 0.0000e+00
 127.279334      0.740    13.2705  32.649351    27.0064      0.734  271.05531  271.23527    20.1358     6.5536 0.0000e+00
 127.279337      0.795    13.2707  32.649818    27.0063      0.788  271.05360  271.23356    20.3070     6.5941 0.0000e+00
 127.279340      0.848    13.2708  32.649818    27.0063      0.840  271.05300  271.23297    20.4315     6.5779 0.0000e+00
 127.279343      0.890    13.2706  32.649410    27.0061      0.882  271.05468  271.23464    19.8401     6.4849 0.0000e+00
 127.279346      0.923    13.2702  32.649177    27.0060      0.914  271.05699  271.23692    19.7934     6.4566 -9.990e-29
 127.279349      0.937    13.2698  32.649236    27.0064      0.929  271.05847  271.23838    19.9801     6.4485 -9.990e-29
 127.279352      0.946    13.2695  32.649003    27.0064      0.938  271.06014  271.24003    19.5910     6.4687 -9.990e-29
 127.279355      0.946    13.2692  32.649003    27.0067      0.938  271.06171  271.24159    20.0580     6.6305 -9.990e-29
 127.279358      0.952    13.2692  32.649003    27.0067      0.943  271.06171  271.24159    20.0735     6.6466 -9.990e-29
 127.279361      0.952    13.2689  32.647138    27.0052      0.943  271.06619  271.24606    20.4626     6.6588 -9.990e-29
 127.279363      0.970    13.2687  32.649003    27.0071      0.961  271.06361  271.24346    20.4004     6.6264 -9.990e-29
 127.279366      1.003    13.2686  32.649003    27.0071      0.994  271.06426  271.24410    20.1825     6.6709 0.0000e+00
 127.279369      1.045    13.2686  32.649003    27.0071      1.035  271.06398  271.24382    20.2914     6.7679 0.0000e+00
 127.279372      1.101    13.2687  32.649236    27.0071      1.091  271.06329  271.24314    20.1825     6.7194 0.0000e+00
 127.279375      1.156    13.2688  32.649411    27.0072      1.146  271.06271  271.24256    20.0891     6.7315 0.0000e+00
 127.279378      1.196    13.2690  32.650227    27.0075      1.185  271.06039  271.24024    20.2447     6.6911 0.0000e+00
 127.279381      1.227    13.2696  32.650751    27.0078      1.216  271.05698  271.23687    20.4471     6.6426 -9.990e-29
 127.279384      1.242    13.2703  32.650868    27.0074      1.231  271.05364  271.23358    20.4626     6.5617 -9.990e-29
 127.279387      1.242    13.2711  32.651451    27.0074      1.231  271.04918  271.22915    20.6961     6.5779 -9.990e-29
 127.279389      1.240    13.2718  32.651684    27.0072      1.229  271.04594  271.22596    20.4782     6.5981 -9.990e-29
 127.279392      1.249    13.2721  32.651509    27.0067      1.238  271.04467  271.22471    20.9918     6.7315 -9.990e-29
 127.279395      1.271    13.2724  32.651276    27.0058      1.260  271.04383  271.22389    20.9140     6.7437 -9.990e-29
 127.279398      1.309    13.2723  32.650635    27.0058      1.298  271.04528  271.22534    21.0541     6.7356 0.0000e+00
 127.279401      1.360    13.2718  32.650227    27.0058      1.348  271.04853  271.22856    20.9607     6.7073 0.0000e+00
 127.279404      1.411    13.2712  32.650169    27.0061      1.399  271.05118  271.23117    20.8984     6.9701 0.0000e+00
 127.279407      1.453    13.2708  32.650228    27.0063      1.440  271.05268  271.23265    20.8829     6.9620 0.0000e+00
 127.279410      1.479    13.2706  32.650053    27.0064      1.466  271.05394  271.23390    20.9918     6.9095 -9.990e-29
 127.279413      1.494    13.2705  32.649645    27.0061      1.480  271.05528  271.23524    20.9607     6.9539 -9.990e-29
 127.279416      1.495    13.2705  32.650519    27.0069      1.482  271.05378  271.23372    21.1630     6.9459 -9.990e-29
 127.279418      1.494    13.2705  32.650461    27.0068      1.480  271.05356  271.23351    22.5482     7.1966 -9.990e-29
 127.279421      1.499    13.2707  32.649645    27.0060      1.486  271.05434  271.23431    22.4393     7.1804 -9.990e-29
 127.279424      1.516    13.2702  32.648189    27.0049      1.502  271.05907  271.23902    22.4237     7.1359 -9.990e-29
 127.279427      1.546    13.2692  32.647373    27.0049      1.533  271.06459  271.24448    22.3459     7.1885 0.0000e+00
 127.279430      1.596    13.2682  32.646558    27.0049      1.581  271.07043  271.25027    21.7856     7.2491 0.0000e+00
 127.279433      1.647    13.2672  32.646150    27.0051      1.632  271.07557  271.25535    21.8634     7.2410 0.0000e+00
 127.279436      1.691    13.2664  32.645451    27.0052      1.675  271.08027  271.26001    21.7233     7.2734 0.0000e+00
 127.279439      1.733    13.2660  32.645743    27.0057      1.717  271.08168  271.26139    22.0346     7.2896 0.0000e+00
 127.279442      1.760    13.2657  32.645917    27.0059      1.744  271.08266  271.26235    22.8284     7.0672 0.0000e+00
 127.279444      1.786    13.2655  32.646151    27.0060      1.770  271.08290  271.26258    23.0152     7.0591 -9.990e-29
 127.279447      1.806    13.2654  32.646034    27.0063      1.790  271.08343  271.26310    22.7973     7.0833 -9.990e-29
 127.279450      1.828    13.2654  32.645743    27.0061      1.811  271.08426  271.26393    22.8440     7.0712 -9.990e-29
 127.279453      1.843    13.2654  32.645743    27.0060      1.826  271.08427  271.26394    20.7584     7.0146 -9.990e-29
 127.279456      1.857    13.2654  32.646151    27.0064      1.841  271.08358  271.26324    20.6338     7.0389 -9.990e-29
 127.279459      1.879    13.2654  32.645860    27.0061      1.862  271.08378  271.26345    20.6183     6.9944 -9.990e-29
 127.279462      1.895    13.2654  32.646151    27.0067      1.878  271.08360  271.26327    20.7272     7.0389 -9.990e-29
 127.279465      1.923    13.2652  32.646326    27.0070      1.905  271.08394  271.26360    20.8984     7.0065 0.0000e+00
 127.279468      1.950    13.2654  32.647142    27.0072      1.933  271.08192  271.26158    20.9451     6.8650 0.0000e+00
 127.279470      1.985    13.2660  32.647608    27.0073      1.967  271.07831  271.25800    21.0229     6.9459 0.0000e+00
 127.279473      2.023    13.2665  32.648191    27.0072      2.005  271.07512  271.25485    20.8673     6.8933 0.0000e+00
 127.279476      2.060    13.2670  32.648016    27.0069      2.041  271.07356  271.25331    20.9607     6.8326 0.0000e+00
 127.279479      2.100    13.2674  32.648016    27.0066      2.081  271.07170  271.25148    21.7856     6.9620 0.0000e+00
 127.279482      2.138    13.2673  32.647200    27.0063      2.119  271.07344  271.25323    21.5988     6.9216 0.0000e+00
 127.279485      2.166    13.2669  32.646734    27.0059      2.146  271.07615  271.25591    21.8323     6.9499 -9.990e-29
 127.279488      2.191    13.2664  32.646967    27.0063      2.171  271.07797  271.25770    21.7856     6.8933 -9.990e-29
 127.279491      2.206    13.2660  32.645744    27.0055      2.186  271.08167  271.26138    23.5599     7.3421 -9.990e-29
 127.279494      2.216    13.2653  32.644288    27.0046      2.197  271.08733  271.26701    23.2642     7.2694 -9.990e-29
 127.279497      2.227    13.2644  32.644695    27.0056      2.207  271.09041  271.27004    23.5599     7.3462 -9.990e-29
 127.279499      2.240    13.2635  32.644113    27.0058      2.220  271.09552  271.27509    23.4043     7.3138 -9.990e-29
 127.279502      2.256    13.2629  32.643880    27.0059      2.236  271.09845  271.27798    23.7000     7.3583 -9.990e-29
 127.279505      2.291    13.2625  32.643531    27.0061      2.271  271.10065  271.28016    23.5910     7.3583 0.0000e+00
 127.279508      2.333    13.2620  32.643706    27.0062      2.312  271.10258  271.28206    23.7622     7.3745 0.0000e+00
 127.279511      2.373    13.2617  32.643298    27.0062      2.352  271.10456  271.28403    23.7622     7.4068 0.0000e+00
 127.279514      2.413    13.2614  32.642249    27.0058      2.392  271.10766  271.28712    23.7622     7.3624 0.0000e+00
 127.279517      2.439    13.2612  32.642949    27.0054      2.417  271.10773  271.28716    23.0307     7.2694 -9.990e-29
 127.279520      2.462    13.2609  32.643065    27.0065      2.440  271.10849  271.28790    23.0930     7.2896 -9.990e-29
 127.279523      2.482    13.2610  32.643065    27.0065      2.460  271.10818  271.28761    22.8751     7.3624 -9.990e-29
 127.279525      2.502    13.2612  32.643473    27.0067      2.480  271.10686  271.28629    22.9218     7.3583 -9.990e-29
 127.279528      2.520    13.2613  32.644289    27.0074      2.498  271.10484  271.28427    22.2992     7.2370 -9.990e-29
 127.279531      2.544    13.2619  32.643881    27.0066      2.521  271.10304  271.28251    22.2214     7.2613 -9.990e-29
 127.279534      2.569    13.2625  32.644697    27.0065      2.546  271.09881  271.27832    22.4548     7.2774 -9.990e-29
 127.279537      2.604    13.2628  32.644522    27.0067      2.581  271.09819  271.27771    22.4237     7.1844 0.0000e+00
 127.279540      2.642    13.2629  32.645047    27.0068      2.619  271.09668  271.27621    22.2836     7.1683 0.0000e+00
 127.279543      2.682    13.2633  32.645338    27.0069      2.659  271.09431  271.27386    22.0191     7.0914 0.0000e+00
 127.279546      2.719    13.2638  32.646328    27.0071      2.695  271.09074  271.27031    22.3926     7.1157 0.0000e+00
 127.279549      2.750    13.2646  32.647377    27.0074      2.725  271.08549  271.26510    22.4548     7.1319 -9.990e-29
 127.279552      2.775    13.2656  32.647436    27.0071      2.750  271.08100  271.26067    24.0891     7.4796 -9.990e-29
 127.279554      2.784    13.2662  32.646969    27.0062      2.760  271.07897  271.25869    23.9957     7.4554 -9.990e-29
 127.279557      2.797    13.2663  32.646736    27.0060      2.772  271.07907  271.25879    23.9179     7.5484 -9.990e-29
 127.279560      2.810    13.2662  32.646154    27.0055      2.785  271.08071  271.26043    23.9801     7.5120 -9.990e-29
 127.279563      2.824    13.2657  32.644289    27.0041      2.799  271.08583  271.26554    23.8712     7.4918 -9.990e-29
 127.279566      2.848    13.2646  32.644115    27.0052      2.823  271.09087  271.27051    24.3848     7.6333 -9.990e-29
 127.279569      2.881    13.2634  32.643707    27.0050      2.855  271.09694  271.27651    24.4626     7.6211 0.0000e+00
 127.279572      2.921    13.2625  32.642542    27.0051      2.895  271.10275  271.28228    24.4938     7.6050 0.0000e+00
 127.279575      2.963    13.2614  32.642018    27.0051      2.937  271.10872  271.28818    24.6650     7.6333 0.0000e+00
 127.279578      3.001    13.2605  32.641843    27.0055      2.975  271.11282  271.29223    24.3537     7.7061 0.0000e+00
 127.279580      3.038    13.2598  32.641203    27.0055      3.011  271.11710  271.29647    24.1669     7.7061 0.0000e+00
 127.279583      3.064    13.2591  32.641145    27.0055      3.036  271.12005  271.29938    24.2603     7.7425 -9.990e-29
 127.279586      3.089    13.2588  32.641203    27.0061      3.062  271.12123  271.30053    24.1669     7.6939 -9.990e-29
 127.279589      3.111    13.2585  32.641028    27.0062      3.084  271.12312  271.30240    25.1941     7.8719 -9.990e-29
 127.279592      3.128    13.2584  32.641028    27.0062      3.100  271.12344  271.30272    25.0229     7.9568 -9.990e-29
 127.279595      3.142    13.2585  32.641553    27.0066      3.114  271.12191  271.30120    25.0385     7.8557 -9.990e-29
 127.279598      3.168    13.2586  32.641436    27.0064      3.140  271.12182  271.30111    25.1319     7.9487 -9.990e-29
 127.279601      3.192    13.2588  32.641029    27.0054      3.163  271.12159  271.30090    24.5249     7.6656 -9.990e-29
 127.279604      3.224    13.2585  32.640213    27.0054      3.196  271.12459  271.30389    24.6338     7.6292 0.0000e+00
 127.279606      3.257    13.2580  32.639805    27.0054      3.228  271.12752  271.30679    24.4004     7.5767 0.0000e+00
 127.279609      3.294    13.2573  32.639398    27.0054      3.264  271.13108  271.31031    24.3226     7.6211 0.0000e+00
 127.279612      3.323    13.2564  32.638582    27.0053      3.293  271.13629  271.31547    24.3226     7.5848 0.0000e+00
 127.279615      3.358    13.2559  32.637942    27.0053      3.328  271.13993  271.31908    26.0813     7.9851 0.0000e+00
 127.279618      3.394    13.2548  32.638058    27.0060      3.364  271.14416  271.32325    26.2992     8.0174 0.0000e+00
 127.279621      3.422    13.2545  32.637942    27.0061      3.391  271.14595  271.32502    26.1124     8.0215 0.0000e+00
 127.279624      3.451    13.2541  32.637709    27.0061      3.420  271.14795  271.32699    26.2369     8.0134 -9.990e-29
 127.279627      3.476    13.2535  32.637301    27.0062      3.445  271.15119  271.33020    26.0969     8.0376 -9.990e-29
 127.279630      3.491    13.2532  32.637476    27.0065      3.460  271.15215  271.33114    25.8945     7.9649 -9.990e-29
 127.279633      3.511    13.2530  32.637535    27.0067      3.479  271.15301  271.33199    25.9257     8.0498 -9.990e-29
 127.279635      3.523    13.2530  32.637302    27.0065      3.492  271.15342  271.33240    25.9257     8.0659 -9.990e-29
 127.279638      3.538    13.2528  32.637127    27.0065      3.506  271.15467  271.33364    26.2992     7.9527 -9.990e-29
 127.279641      3.562    13.2527  32.637069    27.0065      3.530  271.15510  271.33407    26.5638     7.9972 -9.990e-29
 127.279644      3.584    13.2527  32.636894    27.0065      3.552  271.15573  271.33469    26.2992     7.9851 -9.990e-29
 127.279647      3.618    13.2524  32.636894    27.0066      3.586  271.15670  271.33565    26.5638     7.9244 0.0000e+00
 127.279650      3.655    13.2524  32.637127    27.0067      3.622  271.15632  271.33527    24.7584     7.9608 0.0000e+00
 127.279653      3.684    13.2526  32.637652    27.0068      3.651  271.15480  271.33375    24.6961     8.0862 0.0000e+00
 127.279656      3.728    13.2528  32.637535    27.0068      3.694  271.15409  271.33305    24.6961     8.0821 0.0000e+00
 127.279659      3.766    13.2530  32.636487    27.0061      3.732  271.15498  271.33397    24.5716     8.0498 0.0000e+00
 127.279661      3.804    13.2529  32.636895    27.0059      3.770  271.15461  271.33359    24.6805     8.0700 0.0000e+00
 127.279664      3.832    13.2527  32.636312    27.0061      3.797  271.15658  271.33555    25.1630     7.8638 -9.990e-29
 127.279667      3.855    13.2524  32.637128    27.0067      3.821  271.15676  271.33570    25.2720     7.8638 -9.990e-29
 127.279670      3.875    13.2525  32.636720    27.0062      3.841  271.15685  271.33580    25.1941     7.7950 -9.990e-29
 127.279673      3.881    13.2524  32.636895    27.0064      3.846  271.15687  271.33581    25.1786     7.8638 -9.990e-29
 127.279676      3.897    13.2521  32.635672    27.0055      3.862  271.16025  271.33919    25.0074     7.7829 -9.990e-29
 127.279679      3.917    13.2518  32.635497    27.0056      3.882  271.16214  271.34106    25.0074     7.7748 -9.990e-29
 127.279682      3.941    13.2509  32.634856    27.0056      3.906  271.16704  271.34591    25.2875     7.7748 -9.990e-29
 127.279685      3.970    13.2499  32.634041    27.0054      3.935  271.17287  271.35168    25.2253     7.7546 0.0000e+00
 127.279687      4.003    13.2489  32.632759    27.0051      3.967  271.17951  271.35827    27.2019     7.8880 0.0000e+00
 127.279690      4.041    13.2478  32.631595    27.0048      4.005  271.18627  271.36497    27.2331     7.9244 0.0000e+00
 127.279693      4.070    13.2461  32.630139    27.0048      4.034  271.19604  271.37466    27.2175     7.8880 0.0000e+00
 127.279696      4.109    13.2447  32.629731    27.0053      4.072  271.20307  271.38159    27.2642     7.9163 0.0000e+00
 127.279699      4.140    13.2434  32.630256    27.0059      4.103  271.20753  271.38598    27.1241     7.8597 0.0000e+00
