Processed/SBE19plus_01907321_2022_05_08_Cast89_wfilter.cnv
* Sea-Bird SBE19plus  Data File:
* FileName = E:\Prandtl Daten\2022\CTD\Raw\SBE19plus_01907321_2022_05_08_Cast89.hex
* Software version 2.6.1.12
* Temperature SN = 7321
* Conductivity SN = 7321
* System UpLoad Time = May 08 2022 13:02:32
* <ApplicationData>
* <Seaterm232>
** Messpraktikum 2022
** CTD 08.05 BW2
** NMEA Latitude = 54 07.80 N
** NMEA Longitude = 008 45.07 E
# nquan = 11
# nvalues = 522                         
# units = specified
# name 0 = timeJ: Julian Days
# name 1 = prdM: Pressure, Strain Gauge [db]
# name 2 = tv290C: Temperature [ITS-90, deg C]
# name 3 = c0mS/cm: Conductivity [mS/cm]
# name 4 = sal00: Salinity, Practical [PSU]
# name 5 = depSM: Depth [salt water, m], lat = 54.00
# name 6 = oxsatMm/Kg: Oxygen Saturation, Weiss [umol/kg]
# name 7 = oxsolMm/Kg: Oxygen Saturation, Garcia & Gordon [umol/kg]
# name 8 = turbWETntu0: Turbidity, WET Labs ECO [NTU]
# name 9 = flECO-AFL: Fluorescence, WET Labs ECO-AFL/FL [mg/m^3]
# name 10 = flag:  0.000e+00
# span 0 = 128.538695, 128.540203       
# span 1 =      0.597,     15.981       
# span 2 =    12.5861,    13.2960       
# span 3 =  32.170153,  32.719881       
# span 4 =    26.9969,    27.0685       
# span 5 =      0.591,     15.837       
# span 6 =  270.82320,  274.90739       
# span 7 =  271.00412,  275.04788       
# span 8 =     2.5171,   322.6105       
# span 9 =     3.3187,    20.1726       
# span 10 = 0.0000e+00, 0.0000e+00      
# interval = seconds: 0.25
# start_time = May 08 2022 12:54:24 [Instrument's time stamp, header]
# bad_flag = -9.990e-29
*END*
[from data line 263]
 128.539456      8.303    13.0251  32.496358    27.0367      8.229  272.39272  272.55860    11.8868     7.2694 0.0000e+00
 128.539459      8.334    13.0249  32.495427    27.0367      8.259  272.39532  272.56118    12.0735     7.2491 0.0000e+00
 128.539462      8.363    13.0244  32.494962    27.0367      8.288  272.39835  272.56419    11.4043     6.7720 0.0000e+00
 128.539465      8.392    13.0242  32.495777    27.0371      8.317  272.39789  272.56371    11.6222     6.7801 0.0000e+00
 128.539468      8.427    13.0242  32.495370    27.0375      8.352  272.39863  272.56445    11.4821     6.7922 0.0000e+00
 128.539470      8.454    13.0242  32.496009    27.0371      8.379  272.39752  272.56334    11.4976     6.8043 0.0000e+00
 128.539473      8.487    13.0243  32.495137    27.0367      8.411  272.39844  272.56428    12.8206     7.1885 0.0000e+00
 128.539476      8.525    13.0240  32.494149    27.0367      8.449  272.40145  272.56728    12.7428     7.1966 0.0000e+00
 128.539479      8.555    13.0235  32.494963    27.0365      8.478  272.40225  272.56804    13.0229     7.2006 0.0000e+00
 128.539482      8.588    13.0232  32.494730    27.0371      8.511  272.40425  272.57002    12.6961     7.1521 -9.990e-29
 128.539485      8.608    13.0230  32.495254    27.0377      8.531  272.40398  272.56973    12.7895     7.1804 -9.990e-29
 128.539488      8.633    13.0227  32.494324    27.0371      8.556  272.40688  272.57263    13.0229     7.3260 -9.990e-29
 128.539491      8.653    13.0230  32.494149    27.0368      8.576  272.40626  272.57201    12.8673     7.3340 -9.990e-29
 128.539494      8.677    13.0231  32.494731    27.0372      8.599  272.40463  272.57039    12.9296     7.2936 -9.990e-29
 128.539497      8.706    13.0231  32.494731    27.0374      8.628  272.40464  272.57041    12.8517     7.3219 0.0000e+00
 128.539499      8.736    13.0232  32.495254    27.0372      8.657  272.40343  272.56920    10.9373     7.0995 0.0000e+00
 128.539502      8.770    13.0233  32.494557    27.0374      8.692  272.40436  272.57013    11.0307     7.1076 0.0000e+00
 128.539505      8.798    13.0238  32.495545    27.0374      8.719  272.40045  272.56624    11.2175     7.1319 0.0000e+00
 128.539508      8.838    13.0240  32.497406    27.0389      8.759  272.39596  272.56176    11.1552     7.0793 0.0000e+00
 128.539511      8.874    13.0249  32.498337    27.0391      8.795  272.39058  272.55642    11.2953     7.0631 0.0000e+00
 128.539514      8.910    13.0256  32.499035    27.0391      8.831  272.38623  272.55212    11.3887     7.0227 0.0000e+00
 128.539517      8.941    13.0264  32.499210    27.0389      8.861  272.38249  272.54842    11.3576     7.0469 0.0000e+00
 128.539520      8.976    13.0271  32.499617    27.0389      8.896  272.37896  272.54493    11.1241     7.0712 0.0000e+00
 128.539523      9.005    13.0278  32.500024    27.0388      8.925  272.37512  272.54113    10.7973     6.9297 -9.990e-29
 128.539525      9.029    13.0284  32.500315    27.0384      8.948  272.37179  272.53785    10.9218     6.9135 -9.990e-29
 128.539528      9.051    13.0289  32.500257    27.0389      8.970  272.37002  272.53610    10.8906     6.9418 -9.990e-29
 128.539531      9.080    13.0295  32.501711    27.0388      8.999  272.36498  272.53108    10.9373     6.9539 0.0000e+00
 128.539534      9.105    13.0297  32.501711    27.0387      9.024  272.36374  272.52986    10.9218     6.9135 0.0000e+00
 128.539537      9.140    13.0300  32.499442    27.0380      9.058  272.36678  272.53293    11.7934     7.0227 0.0000e+00
 128.539540      9.171    13.0299  32.501071    27.0380      9.089  272.36427  272.53040    11.7311     6.9863 0.0000e+00
 128.539543      9.204    13.0298  32.501711    27.0380      9.122  272.36348  272.52961    11.6222     6.9863 0.0000e+00
 128.539546      9.233    13.0299  32.501071    27.0380      9.150  272.36431  272.53044    11.7311     6.9863 0.0000e+00
 128.539549      9.271    13.0298  32.499617    27.0373      9.188  272.36718  272.53333    15.0619     7.2774 0.0000e+00
 128.539552      9.301    13.0295  32.500083    27.0367      9.217  272.36765  272.53377    15.0930     7.2532 0.0000e+00
 128.539554      9.335    13.0290  32.495546    27.0335      9.252  272.37780  272.54393    14.8440     7.2289 0.0000e+00
 128.539557      9.366    13.0271  32.493744    27.0335      9.282  272.38947  272.55550    15.1085     7.2289 0.0000e+00
 128.539560      9.392    13.0248  32.493104    27.0337      9.308  272.40037  272.56626    17.9257     8.0417 0.0000e+00
 128.539563      9.417    13.0230  32.489848    27.0342      9.333  272.41426  272.58006    17.6299     8.0012 -9.990e-29
 128.539566      9.441    13.0209  32.489208    27.0334      9.357  272.42453  272.59020    17.7545     8.0619 -9.990e-29
 128.539569      9.459    13.0192  32.485778    27.0314      9.375  272.43778  272.60338    17.8945     8.0457 -9.990e-29
 128.539572      9.483    13.0171  32.486766    27.0308      9.398  272.44520  272.61066    17.7078     8.0134 -9.990e-29
 128.539575      9.509    13.0165  32.482929    27.0311      9.423  272.45476  272.62021    17.4587     8.0296 0.0000e+00
 128.539578      9.538    13.0150  32.482406    27.0313      9.453  272.46231  272.62766    17.4276     8.0134 0.0000e+00
 128.539580      9.572    13.0128  32.482290    27.0315      9.487  272.47198  272.63720    17.5521     8.0498 0.0000e+00
 128.539583      9.609    13.0111  32.479673    27.0315      9.523  272.48382  272.64896    17.5677     8.0296 0.0000e+00
 128.539586      9.644    13.0091  32.476359    27.0306      9.557  272.49877  272.66381    22.6883     8.4905 0.0000e+00
 128.539589      9.682    13.0060  32.474731    27.0304      9.595  272.51487  272.67973    22.9529     8.4784 0.0000e+00
 128.539592      9.719    13.0036  32.472697    27.0304      9.632  272.52885  272.69358    22.6727     8.4703 0.0000e+00
 128.539595      9.757    13.0013  32.470488    27.0300      9.669  272.54313  272.70773    22.6727     8.4865 0.0000e+00
 128.539598      9.788    12.9986  32.468221    27.0299      9.700  272.55877  272.72322    23.3264     8.7251 0.0000e+00
 128.539601      9.819    12.9962  32.465372    27.0298      9.731  272.57417  272.73849    23.1708     8.7493 -9.990e-29
 128.539604      9.843    12.9933  32.461477    27.0274      9.754  272.59360  272.75777    23.2175     8.7291 -9.990e-29
 128.539606      9.865    12.9899  32.459094    27.0276      9.776  272.61291  272.77688    22.9996     8.7453 -9.990e-29
 128.539609      9.888    12.9859  32.459269    27.0306      9.800  272.62995  272.79366    24.5560     8.9636 -9.990e-29
 128.539612      9.912    12.9838  32.460665    27.0300      9.823  272.63697  272.80054    24.3848     8.9717 -9.990e-29
 128.539615      9.945    12.9833  32.456595    27.0307      9.856  272.64632  272.80989    24.4471     8.9475 0.0000e+00
 128.539618      9.971    12.9823  32.457235    27.0300      9.881  272.64963  272.81313    24.4471     8.9717 0.0000e+00
 128.539621     10.005    12.9812  32.454619    27.0297      9.916  272.65895  272.82241    25.3498     9.1779 0.0000e+00
 128.539624     10.036    12.9800  32.451946    27.0283      9.946  272.66901  272.83241    25.3342     9.1820 0.0000e+00
 128.539627     10.075    12.9783  32.450900    27.0280      9.984  272.67811  272.84142    25.3342     9.1537 0.0000e+00
 128.539630     10.102    12.9768  32.448284    27.0283     10.012  272.68933  272.85256    25.4120     9.1699 0.0000e+00
 128.539633     10.137    12.9753  32.450493    27.0293     10.046  272.69178  272.85490    25.5210     9.1739 0.0000e+00
 128.539635     10.170    12.9746  32.449215    27.0293     10.079  272.69751  272.86059    27.0463     9.1779 0.0000e+00
 128.539638     10.197    12.9740  32.446832    27.0284     10.106  272.70422  272.86729    27.0930     9.1779 0.0000e+00
 128.539641     10.223    12.9728  32.445204    27.0275     10.131  272.71213  272.87514    27.0930     9.1618 -9.990e-29
 128.539644     10.237    12.9712  32.445379    27.0281     10.146  272.71876  272.88167    27.0152     9.1618 -9.990e-29
 128.539647     10.261    12.9704  32.443752    27.0272     10.169  272.72509  272.88797    27.9646     9.5176 -9.990e-29
 128.539650     10.285    12.9697  32.441252    27.0262     10.192  272.73264  272.89549    27.9490     9.5702 -9.990e-29
 128.539653     10.319    12.9684  32.441136    27.0258     10.227  272.73854  272.90130    27.9179     9.5257 0.0000e+00
 128.539656     10.350    12.9671  32.439277    27.0254     10.258  272.74749  272.91019    27.9023     9.5581 0.0000e+00
 128.539659     10.389    12.9661  32.437243    27.0242     10.296  272.75549  272.91814    25.0229     9.0445 0.0000e+00
 128.539661     10.423    12.9647  32.433989    27.0233     10.330  272.76751  272.93011    25.1319     9.0405 0.0000e+00
 128.539664     10.465    12.9630  32.433873    27.0233     10.371  272.77499  272.93748    25.2253     9.0243 0.0000e+00
 128.539667     10.503    12.9615  32.434628    27.0251     10.409  272.78062  272.94300    25.1941     9.0324 0.0000e+00
 128.539670     10.538    12.9610  32.435210    27.0260     10.444  272.78183  272.94418    25.9257     8.6644 0.0000e+00
 128.539673     10.574    12.9606  32.435210    27.0261     10.480  272.78343  272.94575    25.8790     8.6765 0.0000e+00
 128.539676     10.605    12.9605  32.434803    27.0262     10.510  272.78448  272.94680    25.8478     8.6523 -9.990e-29
 128.539679     10.622    12.9604  32.433467    27.0248     10.527  272.78746  272.94978    26.0346     8.6927 -9.990e-29
 128.539682     10.647    12.9597  32.433409    27.0252     10.552  272.79073  272.95301    25.9257     8.6765 -9.990e-29
 128.539685     10.665    12.9589  32.434397    27.0267     10.570  272.79248  272.95469    26.7817     9.3720 -9.990e-29
 128.539688     10.685    12.9588  32.436024    27.0279     10.590  272.78995  272.95215    26.9062     9.3801 -9.990e-29
 128.539690     10.711    12.9596  32.436257    27.0287     10.615  272.78610  272.94834    26.9218     9.3518 0.0000e+00
 128.539693     10.746    12.9602  32.438523    27.0293     10.649  272.77962  272.94189    26.9685     9.3680 0.0000e+00
 128.539696     10.778    12.9612  32.439104    27.0293     10.682  272.77390  272.93623    26.3303     9.1335 0.0000e+00
 128.539699     10.808    12.9622  32.438698    27.0282     10.711  272.77054  272.93293    26.3615     9.1820 0.0000e+00
 128.539702     10.846    12.9627  32.436257    27.0256     10.749  272.77263  272.93508    26.4082     9.1658 0.0000e+00
 128.539705     10.879    12.9620  32.433002    27.0233     10.782  272.78119  272.94363    26.4082     9.1739 0.0000e+00
 128.539708     10.914    12.9607  32.432305    27.0233     10.816  272.78811  272.95047    23.0307     8.4784 0.0000e+00
 128.539711     10.945    12.9594  32.432364    27.0237     10.847  272.79402  272.95628    23.0930     8.4663 0.0000e+00
 128.539714     10.974    12.9586  32.431143    27.0241     10.876  272.79932  272.96156    22.9062     8.4986 0.0000e+00
 128.539716     11.001    12.9580  32.431783    27.0237     10.903  272.80106  272.96324    23.0619     8.4703 -9.990e-29
 128.539719     11.025    12.9579  32.433991    27.0269     10.926  272.79783  272.95999    40.9140    11.0259 -9.990e-29
 128.539722     11.049    12.9584  32.439687    27.0328     10.950  272.78566  272.94780    40.9918    10.9976 -9.990e-29
 128.539725     11.075    12.9604  32.442360    27.0323     10.976  272.77217  272.93441    40.9451    10.9572 0.0000e+00
 128.539728     11.106    12.9629  32.443174    27.0318     11.006  272.75973  272.92213    40.7428    10.9814 0.0000e+00
 128.539731     11.140    12.9645  32.439512    27.0272     11.041  272.75893  272.92146    41.0385    11.0421 0.0000e+00
 128.539734     11.177    12.9645  32.429109    27.0176     11.076  272.77749  272.94012    43.5288    10.8035 0.0000e+00
 128.539737     11.211    12.9602  32.413537    27.0152     11.111  272.82372  272.98621    43.5288    10.7914 0.0000e+00
 128.539740     11.250    12.9520  32.416908    27.0152     11.149  272.85345  273.01540    43.6066    10.7792 0.0000e+00
 128.539742     11.283    12.9463  32.415689    27.0175     11.182  272.88083  273.04241    43.7934    10.8035 0.0000e+00
 128.539745     11.315    12.9438  32.413016    27.0175     11.214  272.89657  273.05802    36.8984    10.3223 0.0000e+00
 128.539748     11.345    12.9415  32.410576    27.0172     11.243  272.91095  273.07228    36.9140    10.3546 0.0000e+00
 128.539751     11.374    12.9401  32.411564    27.0169     11.272  272.91523  273.07645    37.0229    10.3183 -9.990e-29
 128.539754     11.399    12.9392  32.408950    27.0170     11.297  272.92393  273.08512    36.9762    10.2778 -9.990e-29
 128.539757     11.419    12.9381  32.400236    27.0097     11.317  272.94396  273.10516    35.5132    10.0756 -9.990e-29
 128.539760     11.441    12.9353  32.402444    27.0138     11.339  272.95239  273.11340    35.4354    10.0918 -9.990e-29
 128.539763     11.463    12.9331  32.400004    27.0130     11.360  272.96615  273.12703    35.6533    10.0918 -9.990e-29
 128.539766     11.489    12.9316  32.398784    27.0137     11.386  272.97492  273.13572    35.4354    10.0635 0.0000e+00
 128.539769     11.518    12.9304  32.399424    27.0144     11.415  272.97918  273.13990    52.6183    10.0554 0.0000e+00
 128.539771     11.545    12.9295  32.400644    27.0159     11.442  272.98084  273.14149    52.7584    12.5018 0.0000e+00
 128.539774     11.585    12.9293  32.400237    27.0159     11.482  272.98252  273.14316    52.5560    12.5140 0.0000e+00
 128.539777     11.620    12.9292  32.392511    27.0089     11.516  272.99674  273.15744    52.7584    12.5463 0.0000e+00
 128.539780     11.656    12.9261  32.387400    27.0064     11.552  273.01929  273.17984    52.6494    12.5220 0.0000e+00
 128.539783     11.693    12.9205  32.375437    27.0030     11.588  273.06460  273.22491    65.1319    12.9951 0.0000e+00
 128.539786     11.728    12.9129  32.373579    27.0030     11.623  273.10163  273.26146    65.1008    12.9709 0.0000e+00
 128.539789     11.764    12.9062  32.373173    27.0069     11.659  273.13169  273.29110    65.2408    13.0275 0.0000e+00
 128.539792     11.793    12.9021  32.369515    27.0072     11.688  273.15611  273.31529    65.0852    13.0073 0.0000e+00
 128.539795     11.819    12.8990  32.368703    27.0069     11.713  273.17112  273.33011    59.2175    11.9236 -9.990e-29
 128.539797     11.841    12.8961  32.364348    27.0064     11.735  273.19140  273.35025    59.2019    11.8872 -9.990e-29
 128.539800     11.865    12.8922  32.355290    27.0008     11.758  273.22438  273.38305    59.2175    11.9034 -9.990e-29
 128.539803     11.888    12.8859  32.346176    26.9969     11.782  273.26818  273.42654    59.2019    11.9478 -9.990e-29
 128.539806     11.912    12.8768  32.344319    27.0044     11.806  273.31152  273.46931    55.7934    11.9923 -9.990e-29
 128.539809     11.943    12.8700  32.342114    27.0048     11.836  273.34539  273.50275    55.7467    12.0085 0.0000e+00
 128.539812     11.976    12.8657  32.339677    27.0052     11.869  273.36863  273.52574    55.9023    12.0166 0.0000e+00
 128.539815     12.013    12.8622  32.339793    27.0078     11.905  273.38390  273.54078    55.7000    12.0692 0.0000e+00
 128.539818     12.045    12.8606  32.340664    27.0098     11.938  273.38932  273.54610    55.6844    11.9559 0.0000e+00
 128.539821     12.078    12.8606  32.341071    27.0098     11.970  273.38863  273.54540    61.5054    12.3603 0.0000e+00
 128.539823     12.111    12.8610  32.340258    27.0091     12.003  273.38850  273.54531    61.5210    12.3846 0.0000e+00
 128.539826     12.144    12.8612  32.339445    27.0081     12.035  273.38870  273.54552    61.3654    12.3846 0.0000e+00
 128.539829     12.171    12.8607  32.337646    27.0075     12.062  273.39441  273.55121    61.3031    12.3967 0.0000e+00
