Processed/SBE19plus_01907321_2022_05_04_Cast05_wfilter.cnv
* Sea-Bird SBE19plus  Data File:
* FileName = E:\Prandtl Daten\2022\CTD\Raw\SBE19plus_01907321_2022_05_04_Cast04.hex
* Software version 2.6.1.12
* Temperature SN = 7321
* Conductivity SN = 7321
* System UpLoad Time = May 04 2022 05:37:21
* <ApplicationData>
* <Seaterm232>
** Messpraktikum 2022
** CTD 04.05 BE
# nquan = 11
# nvalues = 545                         
# units = specified
# name 0 = timeJ: Julian Days
# name 1 = prdM: Pressure, Strain Gauge [db]
# name 2 = tv290C: Temperature [ITS-90, deg C]
# name 3 = c0mS/cm: Conductivity [mS/cm]
# name 4 = sal00: Salinity, Practical [PSU]
# name 5 = depSM: Depth [salt water, m], lat = 54.00
# name 6 = oxsatMm/Kg: Oxygen Saturation, Weiss [umol/kg]
# name 7 = oxsolMm/Kg: Oxygen Saturation, Garcia & Gordon [umol/kg]
# name 8 = turbWETntu0: Turbidity, WET Labs ECO [NTU]
# name 9 = flECO-AFL: Fluorescence, WET Labs ECO-AFL/FL [mg/m^3]
# name 10 = flag:  0.000e+00
# span 0 = 124.226701, 124.228275       
# span 1 =      0.588,     14.051       
# span 2 =    12.5729,    12.5966       
# span 3 =  31.986943,  32.020234       
# span 4 =    26.8865,    26.9127       
# span 5 =      0.582,     13.925       
# span 6 =  275.12560,  275.29238       
# span 7 =  275.26823,  275.43378       
# span 8 =    63.1085,   177.6611       
# span 9 =    11.2685,    15.7772       
# span 10 = 0.0000e+00, 0.0000e+00      
# interval = seconds: 0.25
# start_time = May 04 2022 05:24:57 [Instrument's time stamp, header]
# bad_flag = -9.990e-29
*END*
[from data line 132]
 124.227083      3.816    12.5846  32.013793    26.9065      3.782  275.18542  275.32730    75.2175    12.2430 0.0000e+00
 124.227086      3.851    12.5845  32.013561    26.9066      3.816  275.18649  275.32836    78.7661    12.5787 0.0000e+00
 124.227089      3.880    12.5847  32.014197    26.9067      3.845  275.18442  275.32630    78.7039    12.5018 0.0000e+00
 124.227092      3.906    12.5846  32.013966    26.9069      3.871  275.18516  275.32704    78.6727    12.4937 -9.990e-29
 124.227095      3.928    12.5849  32.014776    26.9073      3.893  275.18247  275.32436    78.8440    12.5665 -9.990e-29
 124.227098      3.950    12.5851  32.015007    26.9073      3.914  275.18112  275.32302    94.1436    13.3752 -9.990e-29
 124.227101      3.972    12.5853  32.015412    26.9076      3.936  275.17978  275.32168    94.0035    13.3833 -9.990e-29
 124.227104      3.986    12.5850  32.015412    26.9077      3.951  275.18073  275.32263    94.2058    13.3591 -9.990e-29
 124.227106      3.999    12.5852  32.015586    26.9078      3.963  275.17980  275.32170    94.3459    13.4197 -9.990e-29
 124.227109      4.015    12.5850  32.015586    26.9079      3.980  275.18044  275.32234    93.9412    13.3591 -9.990e-29
 124.227112      4.026    12.5849  32.015007    26.9075      3.990  275.18212  275.32401    95.6222    13.3874 -9.990e-29
 124.227115      4.043    12.5849  32.015759    26.9081      4.007  275.18078  275.32267    95.9334    13.4197 -9.990e-29
 124.227118      4.063    12.5853  32.015990    26.9081      4.026  275.17880  275.32070    95.7467    13.3712 -9.990e-29
 124.227121      4.086    12.5857  32.015990    26.9078      4.050  275.17692  275.31885    95.8401    13.3752 -9.990e-29
 124.227124      4.121    12.5860  32.016395    26.9079      4.084  275.17495  275.31690   100.5871    13.6543 -9.990e-29
 124.227127      4.145    12.5860  32.016800    26.9083      4.108  275.17393  275.31587   100.4626    13.6462 -9.990e-29
 124.227130      4.174    12.5860  32.015759    26.9073      4.137  275.17581  275.31776   100.5249    13.6543 -9.990e-29
 124.227133      4.199    12.5858  32.016569    26.9082      4.162  275.17564  275.31757   100.3070    13.6543 -9.990e-29
 124.227135      4.227    12.5856  32.016396    26.9082      4.189  275.17660  275.31853   101.8323    13.7837 0.0000e+00
 124.227138      4.254    12.5855  32.015760    26.9082      4.216  275.17807  275.32000   102.0191    13.7837 -9.990e-29
 124.227141      4.272    12.5855  32.016396    26.9083      4.234  275.17726  275.31918   101.9101    13.7715 -9.990e-29
 124.227144      4.294    12.5851  32.016512    26.9086      4.256  275.17865  275.32054   101.8012    13.7675 -9.990e-29
 124.227147      4.309    12.5853  32.016569    26.9086      4.270  275.17793  275.31983    96.7739    13.4521 -9.990e-29
 124.227150      4.329    12.5852  32.016570    26.9086      4.290  275.17826  275.32015    96.6494    13.4723 -9.990e-29
 124.227153      4.347    12.5853  32.016570    26.9087      4.308  275.17795  275.31985    96.8829    13.4440 -9.990e-29
 124.227156      4.373    12.5855  32.016974    26.9087      4.334  275.17598  275.31789    97.0074    13.4642 0.0000e+00
 124.227159      4.402    12.5863  32.016801    26.9087      4.363  275.17283  275.31479    96.8362    13.4480 -9.990e-29
 124.227161      4.422    12.5870  32.016974    26.9077      4.383  275.16968  275.31169    94.1436    13.2459 -9.990e-29
 124.227164      4.452    12.5876  32.017610    26.9078      4.412  275.16572  275.30776    94.1436    13.2822 -9.990e-29
 124.227167      4.476    12.5881  32.017379    26.9072      4.436  275.16393  275.30601    94.2992    13.2539 -9.990e-29
 124.227170      4.499    12.5884  32.017611    26.9077      4.459  275.16227  275.30436    94.0502    13.2661 -9.990e-29
 124.227173      4.532    12.5886  32.018247    26.9071      4.491  275.16020  275.30230    87.6533    12.9790 0.0000e+00
 124.227176      4.563    12.5885  32.016975    26.9071      4.522  275.16281  275.30492    87.8089    12.9709 0.0000e+00
 124.227179      4.589    12.5884  32.017611    26.9065      4.548  275.16232  275.30442    87.7778    12.9749 -9.990e-29
 124.227182      4.614    12.5881  32.017206    26.9070      4.573  275.16433  275.30641    87.6689    12.9466 -9.990e-29
 124.227185      4.638    12.5880  32.017206    26.9071      4.597  275.16466  275.30674    92.2136    13.3874 -9.990e-29
 124.227188      4.655    12.5877  32.017611    26.9076      4.613  275.16522  275.30727    92.2914    13.3874 -9.990e-29
 124.227190      4.673    12.5877  32.017206    26.9072      4.631  275.16595  275.30801    92.0424    13.3672 -9.990e-29
 124.227193      4.691    12.5877  32.018016    26.9080      4.650  275.16483  275.30688    92.3381    13.3914 -9.990e-29
 124.227196      4.713    12.5877  32.017785    26.9078      4.671  275.16526  275.30731    90.1124    13.4036 -9.990e-29
 124.227199      4.737    12.5876  32.017611    26.9077      4.695  275.16590  275.30795    90.1124    13.4197 -9.990e-29
 124.227202      4.761    12.5881  32.017611    26.9073      4.718  275.16370  275.30578    90.0502    13.3914 -9.990e-29
 124.227205      4.797    12.5887  32.017843    26.9071      4.755  275.16046  275.30258    90.0657    13.3712 -9.990e-29
 124.227208      4.821    12.5893  32.017207    26.9067      4.778  275.15908  275.30124    90.0657    13.3833 -9.990e-29
 124.227211      4.849    12.5897  32.018190    26.9066      4.805  275.15576  275.29794    90.9840    13.2742 0.0000e+00
 124.227214      4.883    12.5905  32.018594    26.9066      4.840  275.15126  275.29349    90.9996    13.2822 0.0000e+00
 124.227216      4.909    12.5913  32.018594    26.9065      4.865  275.14780  275.29008    91.1397    13.2782 -9.990e-29
 124.227219      4.932    12.5918  32.018595    26.9056      4.888  275.14560  275.28791    91.0930    13.2701 -9.990e-29
 124.227222      4.956    12.5924  32.018826    26.9053      4.912  275.14235  275.28470    92.2292    13.3955 -9.990e-29
 124.227225      4.973    12.5928  32.018190    26.9045      4.928  275.14192  275.28430    92.1047    13.3752 -9.990e-29
 124.227228      4.989    12.5926  32.018190    26.9046      4.944  275.14288  275.28524    92.2292    13.3955 -9.990e-29
 124.227231      5.005    12.5919  32.018826    26.9056      4.960  275.14460  275.28692    92.2292    13.3874 -9.990e-29
 124.227234      5.031    12.5914  32.017785    26.9051      4.986  275.14901  275.29130    93.6766    13.4036 -9.990e-29
 124.227237      5.055    12.5909  32.018017    26.9061      5.009  275.15051  275.29277    94.0035    13.3833 -9.990e-29
 124.227240      5.082    12.5907  32.018422    26.9063      5.037  275.15075  275.29300    93.6922    13.3874 0.0000e+00
 124.227242      5.115    12.5907  32.018826    26.9062      5.069  275.15005  275.29229    93.7233    13.3591 0.0000e+00
 124.227245      5.144    12.5907  32.018595    26.9062      5.098  275.15048  275.29273    93.6611    13.3672 0.0000e+00
 124.227248      5.172    12.5908  32.018595    26.9062      5.125  275.15019  275.29243    91.4665    13.3955 0.0000e+00
 124.227251      5.201    12.5907  32.019174    26.9068      5.154  275.14980  275.29204    91.7155    13.3752 0.0000e+00
 124.227254      5.230    12.5908  32.019405    26.9068      5.183  275.14878  275.29102    91.7155    13.3591 0.0000e+00
 124.227257      5.259    12.5906  32.019174    26.9069      5.212  275.15016  275.29239    91.7000    13.3874 -9.990e-29
 124.227260      5.279    12.5908  32.018827    26.9064      5.232  275.14984  275.29209    87.3420    13.1933 -9.990e-29
 124.227263      5.297    12.5910  32.019000    26.9064      5.250  275.14860  275.29085    87.3420    13.2378 -9.990e-29
 124.227266      5.316    12.5912  32.019174    26.9064      5.268  275.14766  275.28993    87.2953    13.2378 -9.990e-29
 124.227269      5.334    12.5916  32.018191    26.9053      5.286  275.14722  275.28952    87.1864    13.2256 -9.990e-29
 124.227271      5.359    12.5922  32.018827    26.9053      5.312  275.14356  275.28590    89.5210    13.2418 0.0000e+00
 124.227274      5.389    12.5925  32.019174    26.9053      5.341  275.14170  275.28405    89.5988    13.2459 0.0000e+00
 124.227277      5.416    12.5929  32.018422    26.9045      5.368  275.14148  275.28386    89.6766    13.2539 0.0000e+00
 124.227280      5.447    12.5934  32.018596    26.9043      5.398  275.13865  275.28107    89.4743    13.2580 0.0000e+00
 124.227283      5.478    12.5939  32.019001    26.9042      5.429  275.13605  275.27850    83.5443    12.9628 0.0000e+00
 124.227286      5.511    12.5943  32.019001    26.9040      5.462  275.13417  275.27665    83.5755    12.9345 0.0000e+00
 124.227289      5.546    12.5947  32.018827    26.9035      5.496  275.13261  275.27511    83.5755    12.9790 0.0000e+00
 124.227292      5.577    12.5950  32.018596    26.9033      5.527  275.13178  275.27430    83.6533    12.9709 0.0000e+00
 124.227295      5.602    12.5954  32.018423    26.9031      5.552  275.13020  275.27276    83.6377    12.9871 -9.990e-29
 124.227297      5.626    12.5960  32.018191    26.9019      5.576  275.12810  275.27069    86.1591    13.2054 -9.990e-29
 124.227300      5.648    12.5963  32.018191    26.9017      5.597  275.12685  275.26946    86.0657    13.1973 -9.990e-29
 124.227303      5.661    12.5964  32.018076    26.9015      5.610  275.12643  275.26905    86.1747    13.2297 -9.990e-29
 124.227306      5.674    12.5966  32.018192    26.9015      5.623  275.12560  275.26823    86.0346    13.1892 -9.990e-29
 124.227309      5.701    12.5960  32.018596    26.9023      5.650  275.12743  275.27001    89.0385    13.4642 -9.990e-29
 124.227312      5.718    12.5953  32.018192    26.9021      5.666  275.13101  275.27356    89.0852    13.4602 -9.990e-29
 124.227315      5.750    12.5947  32.017382    26.9028      5.699  275.13532  275.27784    88.9451    13.4319 0.0000e+00
 124.227318      5.783    12.5938  32.018192    26.9035      5.732  275.13801  275.28046    88.8517    13.4642 0.0000e+00
 124.227321      5.816    12.5929  32.018192    26.9038      5.764  275.14183  275.28423    89.2253    13.2661 0.0000e+00
 124.227323      5.857    12.5922  32.017383    26.9041      5.804  275.14647  275.28883    89.2097    13.2742 0.0000e+00
 124.227326      5.889    12.5916  32.018193    26.9050      5.837  275.14789  275.29020    89.1319    13.2661 0.0000e+00
 124.227329      5.924    12.5908  32.018019    26.9054      5.871  275.15171  275.29396    89.3809    13.2620 0.0000e+00
 124.227332      5.955    12.5904  32.018020    26.9055      5.902  275.15363  275.29585    91.9490    13.6138 0.0000e+00
 124.227335      5.984    12.5899  32.017673    26.9057      5.931  275.15648  275.29868    91.8401    13.5774 -9.990e-29
 124.227338      6.006    12.5892  32.017789    26.9063      5.953  275.15914  275.30129    91.9023    13.6057 -9.990e-29
 124.227341      6.023    12.5884  32.017210    26.9063      5.969  275.16398  275.30608    91.9646    13.5936 -9.990e-29
 124.227344      6.041    12.5880  32.017384    26.9067      5.987  275.16527  275.30734    91.7778    13.5815 -9.990e-29
 124.227347      6.056    12.5872  32.017615    26.9075      6.002  275.16834  275.31037    93.8790    13.5693 -9.990e-29
 124.227350      6.072    12.5867  32.018020    26.9082      6.018  275.16985  275.31183    93.9724    13.6017 -9.990e-29
 124.227352      6.105    12.5862  32.017789    26.9084      6.050  275.17281  275.31477    93.8634    13.5936 -9.990e-29
 124.227355      6.123    12.5858  32.017616    26.9076      6.068  275.17472  275.31665    94.0035    13.6098 -9.990e-29
 124.227358      6.154    12.5855  32.016402    26.9079      6.099  275.17849  275.32041    90.5482    13.2661 0.0000e+00
 124.227361      6.183    12.5854  32.016980    26.9082      6.128  275.17779  275.31970    90.6572    13.2337 0.0000e+00
 124.227364      6.218    12.5853  32.017616    26.9089      6.162  275.17731  275.31921    90.6261    13.2580 0.0000e+00
 124.227367      6.243    12.5853  32.017847    26.9089      6.188  275.17691  275.31881    90.5015    13.2539 0.0000e+00
 124.227370      6.276    12.5853  32.017212    26.9088      6.220  275.17807  275.31997    95.7778    13.7109 0.0000e+00
 124.227373      6.306    12.5854  32.017385    26.9085      6.249  275.17715  275.31905    95.8712    13.7230 -9.990e-29
 124.227376      6.329    12.5855  32.017790    26.9088      6.272  275.17612  275.31803    95.8089    13.7149 -9.990e-29
 124.227378      6.349    12.5854  32.017790    26.9089      6.292  275.17645  275.31836    95.9334    13.7109 -9.990e-29
 124.227381      6.369    12.5854  32.017617    26.9087      6.312  275.17678  275.31868    99.9179    13.8524 -9.990e-29
 124.227384      6.388    12.5852  32.017790    26.9090      6.331  275.17743  275.31932    99.8712    13.8241 -9.990e-29
 124.227387      6.410    12.5848  32.018022    26.9095      6.352  275.17861  275.32047    99.5599    13.8443 -9.990e-29
 124.227390      6.433    12.5847  32.017790    26.9095      6.376  275.17967  275.32153    99.6689    13.7998 -9.990e-29
 124.227393      6.462    12.5845  32.017790    26.9096      6.404  275.18064  275.32248    99.8089    13.8322 0.0000e+00
 124.227396      6.493    12.5844  32.018022    26.9098      6.435  275.18056  275.32240   103.1864    13.9535 0.0000e+00
 124.227399      6.521    12.5842  32.018080    26.9100      6.462  275.18143  275.32325   103.1397    13.9616 0.0000e+00
 124.227402      6.547    12.5840  32.018195    26.9101      6.488  275.18187  275.32368   102.9685    13.9737 0.0000e+00
 124.227405      6.572    12.5839  32.017791    26.9102      6.514  275.18324  275.32505   103.3109    13.9494 -9.990e-29
 124.227407      6.592    12.5840  32.016981    26.9090      6.533  275.18407  275.32589   104.4159    14.0344 -9.990e-29
 124.227410      6.614    12.5841  32.017386    26.9093      6.555  275.18305  275.32487   104.3537    14.0020 -9.990e-29
 124.227413      6.627    12.5838  32.017791    26.9099      6.568  275.18360  275.32540   104.4159    14.0141 -9.990e-29
 124.227416      6.642    12.5835  32.017618    26.9100      6.582  275.18550  275.32728   104.4159    14.0101 -9.990e-29
 124.227419      6.655    12.5834  32.017618    26.9100      6.595  275.18582  275.32760   105.5988    14.2163 -9.990e-29
 124.227422      6.673    12.5833  32.017618    26.9107      6.613  275.18615  275.32792   105.6299    14.2123 -9.990e-29
 124.227425      6.706    12.5833  32.018196    26.9101      6.646  275.18546  275.32722   105.5988    14.2042 0.0000e+00
 124.227428      6.746    12.5830  32.016808    26.9101      6.685  275.18891  275.33067   105.6611    14.2163 0.0000e+00
 124.227431      6.786    12.5828  32.017271    26.9101      6.725  275.18938  275.33111   107.7467    14.2689 0.0000e+00
 124.227433      6.830    12.5826  32.017792    26.9104      6.768  275.18943  275.33114   107.7467    14.3053 0.0000e+00
 124.227436      6.868    12.5823  32.017214    26.9106      6.806  275.19175  275.33345   107.6222    14.2972 0.0000e+00
 124.227439      6.904    12.5820  32.017619    26.9104      6.843  275.19232  275.33400   107.7155    14.2770 -9.990e-29
 124.227442      6.928    12.5820  32.016809    26.9102      6.866  275.19378  275.33547   107.6844    14.2608 -9.990e-29
 124.227445      6.954    12.5818  32.017214    26.9107      6.892  275.19402  275.33569   110.8440    14.3376 -9.990e-29
 124.227448      6.968    12.5818  32.017619    26.9111      6.906  275.19331  275.33498   110.9529    14.3579 -9.990e-29
 124.227451      6.977    12.5814  32.018024    26.9117      6.915  275.19417  275.33581   110.9062    14.3457 -9.990e-29
 124.227454      6.995    12.5814  32.017388    26.9111      6.933  275.19532  275.33697   110.8440    14.3659 -9.990e-29
 124.227457      7.008    12.5813  32.016578    26.9104      6.946  275.19709  275.33874   107.0152    14.3053 -9.990e-29
