Processed/SBE19plus_01907321_2022_05_05_Cast24_wfilter.cnv
* Sea-Bird SBE19plus  Data File:
* FileName = E:\Prandtl Daten\2022\CTD\Raw\SBE19plus_01907321_2022_05_05_Cast24.hex
* Software version 2.6.1.12
* Temperature SN = 7321
* Conductivity SN = 7321
* System UpLoad Time = May 05 2022 08:32:15
* <ApplicationData>
* <Seaterm232>
** Messpraktikum 2022
** CTD 05.05 BW2
# nquan = 11
# nvalues = 565                         
# units = specified
# name 0 = timeJ: Julian Days
# name 1 = prdM: Pressure, Strain Gauge [db]
# name 2 = tv290C: Temperature [ITS-90, deg C]
# name 3 = c0mS/cm: Conductivity [mS/cm]
# name 4 = sal00: Salinity, Practical [PSU]
# name 5 = depSM: Depth [salt water, m], lat = 54.00
# name 6 = oxsatMm/Kg: Oxygen Saturation, Weiss [umol/kg]
# name 7 = oxsolMm/Kg: Oxygen Saturation, Garcia & Gordon [umol/kg]
# name 8 = turbWETntu0: Turbidity, WET Labs ECO [NTU]
# name 9 = flECO-AFL: Fluorescence, WET Labs ECO-AFL/FL [mg/m^3]
# name 10 = flag:  0.000e+00
# span 0 = 125.348964, 125.350596       
# span 1 =      0.591,     15.558       
# span 2 =    12.2376,    12.3436       
# span 3 =  31.849528,  31.924299       
# span 4 =    26.9910,    27.0024       
# span 5 =      0.586,     15.419       
# span 6 =  276.42410,  277.04350       
# span 7 =  276.55083,  277.16388       
# span 8 =    20.2292,    96.8517       
# span 9 =     9.6308,    16.7840       
# span 10 = 0.0000e+00, 0.0000e+00      
# interval = seconds: 0.25
# start_time = May 05 2022 08:21:10 [Instrument's time stamp, header]
# bad_flag = -9.990e-29
*END*
[from data line 132]
 125.349346      4.130    12.3340  31.918066    26.9957      4.094  276.47830  276.60444    29.7389    11.6163 -9.990e-29
 125.349349      4.156    12.3343  31.917257    26.9956      4.119  276.47820  276.60437    28.3381    11.6688 0.0000e+00
 125.349352      4.181    12.3343  31.917084    26.9957      4.144  276.47853  276.60470    28.4159    11.6769 0.0000e+00
 125.349355      4.213    12.3341  31.917257    26.9957      4.175  276.47918  276.60534    28.4938    11.6810 0.0000e+00
 125.349358      4.244    12.3341  31.917084    26.9957      4.206  276.47983  276.60599    28.3848    11.6769 0.0000e+00
 125.349361      4.278    12.3341  31.916102    26.9957      4.240  276.48132  276.60749    27.6844    11.0542 0.0000e+00
 125.349363      4.304    12.3343  31.917720    26.9961      4.265  276.47777  276.60394    27.6844    11.0421 0.0000e+00
 125.349366      4.333    12.3344  31.917893    26.9962      4.294  276.47685  276.60302    27.5910    11.0421 0.0000e+00
 125.349369      4.362    12.3347  31.917084    26.9962      4.323  276.47707  276.60327    27.7311    11.0421 -9.990e-29
 125.349372      4.386    12.3346  31.917085    26.9953      4.347  276.47771  276.60391    26.8595    11.3413 -9.990e-29
 125.349375      4.408    12.3347  31.917258    26.9953      4.368  276.47678  276.60298    26.9685    11.3817 -9.990e-29
 125.349378      4.430    12.3346  31.917662    26.9958      4.390  276.47670  276.60288    26.9062    11.3534 -9.990e-29
 125.349381      4.452    12.3346  31.917258    26.9954      4.412  276.47744  276.60363    26.7817    11.3817 -9.990e-29
 125.349384      4.466    12.3348  31.918067    26.9963      4.426  276.47504  276.60124    26.8440    11.3494 -9.990e-29
 125.349387      4.494    12.3351  31.918702    26.9961      4.453  276.47233  276.59854    27.4665    11.9559 0.0000e+00
 125.349389      4.523    12.3354  31.918298    26.9958      4.483  276.47181  276.59805    27.4976    11.9357 0.0000e+00
 125.349392      4.552    12.3357  31.917893    26.9954      4.511  276.47130  276.59756    27.5288    11.9438 0.0000e+00
 125.349395      4.585    12.3353  31.917894    26.9953      4.544  276.47290  276.59914    27.3576    11.9640 0.0000e+00
 125.349398      4.618    12.3354  31.917894    26.9953      4.577  276.47261  276.59885    25.3965    11.1068 0.0000e+00
 125.349401      4.653    12.3352  31.913100    26.9932      4.611  276.48226  276.60853    25.3654    11.1027 0.0000e+00
 125.349404      4.684    12.3350  31.917894    26.9910      4.642  276.47423  276.60045    25.3498    11.0704 -9.990e-29
 125.349407      4.709    12.3350  31.917663    26.9954      4.667  276.47498  276.60120    25.5677    11.1310 -9.990e-29
 125.349410      4.740    12.3352  31.918298    26.9958      4.698  276.47291  276.59913    27.7000    11.3777 -9.990e-29
 125.349413      4.764    12.3352  31.917490    26.9951      4.721  276.47438  276.60062    27.6222    11.3656 -9.990e-29
 125.349416      4.787    12.3348  31.917259    26.9952      4.744  276.47672  276.60292    27.5599    11.3736 -9.990e-29
 125.349418      4.813    12.3344  31.917490    26.9956      4.770  276.47790  276.60408    27.7000    11.3615 -9.990e-29
 125.349421      4.833    12.3343  31.916855    26.9951      4.790  276.47938  276.60556    29.3342    12.4654 -9.990e-29
 125.349424      4.853    12.3342  31.917895    26.9958      4.810  276.47814  276.60430    29.3965    12.4371 -9.990e-29
 125.349427      4.878    12.3344  31.917664    26.9960      4.835  276.47763  276.60381    29.5210    12.4816 0.0000e+00
 125.349430      4.906    12.3348  31.918299    26.9958      4.862  276.47491  276.60111    29.2564    12.4614 0.0000e+00
 125.349433      4.935    12.3350  31.916855    26.9954      4.891  276.47660  276.60282    29.2097    12.4493 0.0000e+00
 125.349436      4.968    12.3347  31.917491    26.9951      4.923  276.47673  276.60293    29.0074    12.3482 0.0000e+00
 125.349439      5.004    12.3342  31.916855    26.9954      4.959  276.48012  276.60630    28.9918    12.3199 0.0000e+00
 125.349442      5.033    12.3341  31.917491    26.9958      4.988  276.47962  276.60578    28.9607    12.3441 0.0000e+00
 125.349444      5.060    12.3342  31.917664    26.9958      5.015  276.47870  276.60486    28.9607    12.3037 0.0000e+00
 125.349447      5.088    12.3341  31.917664    26.9958      5.042  276.47935  276.60550    29.4899    11.8953 0.0000e+00
 125.349450      5.117    12.3341  31.917260    26.9959      5.071  276.48010  276.60626    29.5054    11.8751 -9.990e-29
 125.349453      5.140    12.3340  31.916856    26.9952      5.095  276.48116  276.60732    29.5054    11.8791 -9.990e-29
 125.349456      5.161    12.3335  31.916971    26.9957      5.114  276.48318  276.60931    29.5988    11.8589 -9.990e-29
 125.349459      5.177    12.3335  31.916510    26.9952      5.131  276.48403  276.61016    29.4899    12.2632 -9.990e-29
 125.349462      5.195    12.3338  31.918300    26.9963      5.149  276.47953  276.60566    29.3654    12.2592 -9.990e-29
 125.349465      5.223    12.3343  31.918300    26.9959      5.176  276.47734  276.60350    29.4432    12.2754 0.0000e+00
 125.349468      5.252    12.3346  31.917665    26.9959      5.205  276.47692  276.60312    29.4899    12.2673 0.0000e+00
 125.349470      5.284    12.3350  31.918473    26.9956      5.237  276.47358  276.59980    29.6455    11.7497 0.0000e+00
 125.349473      5.317    12.3353  31.918300    26.9959      5.270  276.47297  276.59920    29.7233    11.7537 0.0000e+00
 125.349476      5.348    12.3353  31.918704    26.9958      5.300  276.47226  276.59849    29.8323    11.7578 0.0000e+00
 125.349479      5.381    12.3357  31.918878    26.9958      5.333  276.47007  276.59632    30.0035    11.7578 0.0000e+00
 125.349482      5.410    12.3361  31.918474    26.9952      5.362  276.46892  276.59521    29.6299    11.7376 0.0000e+00
 125.349485      5.438    12.3362  31.918705    26.9952      5.389  276.46789  276.59418    29.0696    11.3130 0.0000e+00
 125.349488      5.472    12.3360  31.917665    26.9952      5.423  276.47074  276.59703    28.9762    11.3130 -9.990e-29
 125.349491      5.494    12.3355  31.917896    26.9950      5.445  276.47287  276.59912    28.9607    11.2928 -9.990e-29
 125.349494      5.514    12.3349  31.917896    26.9954      5.465  276.47542  276.60163    29.0541    11.3009 -9.990e-29
 125.349497      5.534    12.3350  31.919283    26.9966      5.485  276.47260  276.59881    28.9762    12.0772 -9.990e-29
 125.349499      5.555    12.3358  31.919860    26.9966      5.505  276.46809  276.59434    28.9918    12.0570 -9.990e-29
 125.349502      5.578    12.3363  31.920033    26.9962      5.528  276.46526  276.59155    29.1008    12.0530 -9.990e-29
 125.349505      5.609    12.3368  31.920265    26.9960      5.559  276.46265  276.58897    29.1008    12.0530 0.0000e+00
 125.349508      5.635    12.3373  31.920265    26.9958      5.584  276.46045  276.58680    30.2214    11.9357 0.0000e+00
 125.349511      5.668    12.3374  31.919860    26.9955      5.617  276.46057  276.58694    30.1903    11.9276 0.0000e+00
 125.349514      5.701    12.3375  31.920091    26.9955      5.650  276.45986  276.58623    30.2836    11.9357 0.0000e+00
 125.349517      5.731    12.3374  31.920496    26.9955      5.680  276.45947  276.58582    30.3303    11.9640 0.0000e+00
 125.349520      5.762    12.3374  31.919283    26.9954      5.711  276.46168  276.58805    27.9023    11.5475 0.0000e+00
 125.349523      5.788    12.3372  31.919687    26.9948      5.736  276.46223  276.58858    27.9179    11.5556 0.0000e+00
 125.349525      5.816    12.3370  31.917262    26.9943      5.764  276.46727  276.59364    27.8245    11.5516 0.0000e+00
 125.349528      5.841    12.3367  31.918071    26.9932      5.789  276.46741  276.59374    27.9334    11.5718 -9.990e-29
 125.349531      5.861    12.3361  31.918475    26.9950      5.809  276.46922  276.59551    27.9023    11.5556 -9.990e-29
 125.349534      5.879    12.3353  31.918475    26.9955      5.827  276.47271  276.59895    29.4120    12.0692 -9.990e-29
 125.349537      5.896    12.3355  31.920266    26.9970      5.843  276.46853  276.59477    29.5366    12.0611 -9.990e-29
 125.349540      5.914    12.3365  31.920497    26.9966      5.861  276.46402  276.59031    29.5677    12.0489 -9.990e-29
 125.349543      5.941    12.3372  31.920497    26.9961      5.888  276.46087  276.58721    29.5366    12.0570 -9.990e-29
 125.349546      5.965    12.3377  31.920034    26.9950      5.912  276.45919  276.58557    29.8167    12.0206 -9.990e-29
 125.349549      6.000    12.3375  31.919688    26.9949      5.946  276.46079  276.58716    29.7233    11.9842 0.0000e+00
 125.349552      6.031    12.3372  31.919284    26.9950      5.977  276.46281  276.58917    29.8790    12.0085 0.0000e+00
 125.349554      6.065    12.3367  31.920266    26.9961      6.011  276.46327  276.58958    29.6611    12.0004 0.0000e+00
 125.349557      6.100    12.3370  31.920901    26.9961      6.046  276.46088  276.58720    29.0541    11.5556 0.0000e+00
 125.349560      6.135    12.3375  31.920093    26.9956      6.080  276.46015  276.58652    28.9607    11.5313 0.0000e+00
 125.349563      6.162    12.3377  31.920497    26.9954      6.107  276.45849  276.58486    29.0385    11.5475 0.0000e+00
 125.349566      6.188    12.3380  31.920093    26.9953      6.133  276.45797  276.58437    28.9296    11.5435 0.0000e+00
 125.349569      6.213    12.3377  31.920093    26.9950      6.158  276.45925  276.58563    28.8050    11.5030 -9.990e-29
 125.349572      6.233    12.3375  31.920266    26.9955      6.178  276.45990  276.58627    28.8517    11.4869 -9.990e-29
 125.349575      6.252    12.3377  31.921306    26.9963      6.196  276.45740  276.58376    28.9918    11.4869 -9.990e-29
 125.349578      6.277    12.3380  31.921075    26.9959      6.221  276.45625  276.58264    28.7428    11.5030 -9.990e-29
 125.349580      6.299    12.3384  31.921306    26.9959      6.243  276.45395  276.58037    28.8050    11.5071 -9.990e-29
 125.349583      6.329    12.3388  31.921710    26.9956      6.272  276.45166  276.57809    28.5560    11.7578 0.0000e+00
 125.349586      6.358    12.3391  31.921306    26.9952      6.301  276.45083  276.57729    28.7895    11.7901 0.0000e+00
 125.349589      6.394    12.3392  31.921364    26.9952      6.337  276.45043  276.57690    28.8362    11.7699 0.0000e+00
 125.349592      6.423    12.3393  31.921480    26.9953      6.366  276.44992  276.57640    28.8517    11.7740 0.0000e+00
 125.349595      6.453    12.3391  31.921884    26.9953      6.395  276.44984  276.57630    29.9257    11.6729 0.0000e+00
 125.349598      6.484    12.3391  31.921307    26.9955      6.426  276.45091  276.57738    30.0191    11.6931 0.0000e+00
 125.349601      6.511    12.3391  31.921307    26.9952      6.453  276.45124  276.57770    29.9879    11.7133 -9.990e-29
 125.349604      6.535    12.3389  31.920671    26.9948      6.476  276.45336  276.57981    30.0035    11.7093 -9.990e-29
 125.349606      6.562    12.3384  31.920672    26.9951      6.503  276.45527  276.58170    27.8556    11.4950 -9.990e-29
 125.349609      6.582    12.3381  31.921307    26.9959      6.523  276.45572  276.58211    27.8556    11.5030 -9.990e-29
 125.349612      6.604    12.3383  31.922289    26.9967      6.545  276.45301  276.57941    27.9490    11.5030 -9.990e-29
 125.349615      6.624    12.3389  31.922462    26.9964      6.565  276.44986  276.57630    27.7934    11.4626 -9.990e-29
 125.349618      6.648    12.3395  31.922693    26.9956      6.588  276.44693  276.57340    28.8206    11.8872 -9.990e-29
 125.349621      6.675    12.3401  31.922462    26.9953      6.616  276.44483  276.57135    28.8829    12.0125 0.0000e+00
 125.349624      6.704    12.3403  31.922058    26.9950      6.645  276.44464  276.57117    28.7428    11.9964 0.0000e+00
 125.349627      6.737    12.3400  31.921885    26.9950      6.677  276.44624  276.57275    28.7584    12.0125 0.0000e+00
 125.349630      6.770    12.3398  31.921885    26.9952      6.709  276.44721  276.57371    28.8829    12.0368 0.0000e+00
 125.349633      6.803    12.3396  31.922289    26.9952      6.742  276.44745  276.57393    28.9918    11.4747 0.0000e+00
 125.349635      6.834    12.3396  31.921365    26.9950      6.773  276.44914  276.57563    29.0229    11.4424 0.0000e+00
 125.349638      6.863    12.3395  31.921481    26.9948      6.801  276.44926  276.57575    29.0541    11.4060 0.0000e+00
 125.349641      6.890    12.3391  31.920499    26.9947      6.828  276.45264  276.57912    28.9296    11.4545 0.0000e+00
 125.349644      6.917    12.3388  31.920904    26.9943      6.856  276.45351  276.57996    28.7584    11.5071 -9.990e-29
 125.349647      6.940    12.3386  31.921308    26.9954      6.878  276.45343  276.57986    28.8050    11.5030 -9.990e-29
 125.349650      6.960    12.3387  31.922463    26.9964      6.897  276.45103  276.57746    28.8206    11.5233 -9.990e-29
 125.349653      6.978    12.3393  31.921481    26.9950      6.915  276.44997  276.57645    28.8206    11.4909 -9.990e-29
 125.349656      6.996    12.3398  31.922867    26.9954      6.933  276.44526  276.57176    29.4587    12.2228 -9.990e-29
 125.349659      7.023    12.3401  31.922463    26.9950      6.960  276.44506  276.57158    29.5833    12.1985 0.0000e+00
 125.349661      7.054    12.3403  31.921886    26.9951      6.991  276.44518  276.57172    29.5988    12.1905 0.0000e+00
 125.349664      7.082    12.3403  31.922290    26.9951      7.018  276.44447  276.57100    29.3498    12.1783 0.0000e+00
 125.349667      7.118    12.3401  31.922464    26.9951      7.054  276.44513  276.57164    29.8790    12.1985 0.0000e+00
 125.349670      7.149    12.3401  31.921713    26.9949      7.085  276.44651  276.57303    30.0346    12.2066 0.0000e+00
 125.349673      7.182    12.3400  31.921886    26.9948      7.118  276.44653  276.57305    29.9257    12.1783 0.0000e+00
 125.349676      7.209    12.3396  31.921482    26.9948      7.145  276.44918  276.57567    30.0657    12.1945 0.0000e+00
 125.349679      7.235    12.3392  31.920038    26.9943      7.170  276.45339  276.57988    29.9257    12.1702 0.0000e+00
 125.349682      7.264    12.3384  31.918883    26.9937      7.199  276.45930  276.58574    28.9451    12.1419 -9.990e-29
 125.349685      7.286    12.3372  31.919114    26.9943      7.221  276.46427  276.59063    29.0852    12.1217 -9.990e-29
 125.349688      7.308    12.3366  31.919692    26.9952      7.243  276.46577  276.59208    28.8984    12.1096 -9.990e-29
 125.349690      7.321    12.3364  31.920097    26.9958      7.256  276.46600  276.59229    29.0229    12.0975 -9.990e-29
 125.349693      7.343    12.3365  31.919692    26.9953      7.277  276.46611  276.59242    31.3264    12.8496 -9.990e-29
 125.349696      7.366    12.3365  31.919692    26.9953      7.300  276.46612  276.59243    31.2642    12.8294 -9.990e-29
 125.349699      7.398    12.3365  31.919692    26.9952      7.331  276.46646  276.59277    31.1241    12.8334 0.0000e+00
 125.349702      7.429    12.3364  31.919288    26.9950      7.362  276.46753  276.59383    31.1552    12.8577 0.0000e+00
 125.349705      7.465    12.3361  31.919115    26.9950      7.398  276.46913  276.59542    30.8595    12.6393 0.0000e+00
 125.349708      7.496    12.3357  31.918884    26.9951      7.429  276.47147  276.59773    30.9218    12.6555 0.0000e+00
 125.349711      7.525    12.3357  31.919289    26.9952      7.458  276.47076  276.59701    31.0307    12.6676 0.0000e+00
 125.349714      7.556    12.3358  31.919115    26.9952      7.489  276.47046  276.59673    31.0152    12.6555 0.0000e+00
 125.349716      7.582    12.3359  31.918885    26.9949      7.514  276.47058  276.59685    30.9840    12.6474 0.0000e+00
 125.349719      7.611    12.3358  31.918076    26.9946      7.543  276.47269  276.59897    32.8362    12.3765 0.0000e+00
