Processed/SBE19plus_01907321_2022_05_04_Cast06_wfilter.cnv
* Sea-Bird SBE19plus  Data File:
* FileName = E:\Prandtl Daten\2022\CTD\Raw\SBE19plus_01907321_2022_05_04_Cast06.hex
* Software version 2.6.1.12
* Temperature SN = 7321
* Conductivity SN = 7321
* System UpLoad Time = May 04 2022 05:53:20
* <ApplicationData>
* <Seaterm232>
** Messpraktikum 2022
** CTD 04.05 BM
# nquan = 11
# nvalues = 579                         
# units = specified
# name 0 = timeJ: Julian Days
# name 1 = prdM: Pressure, Strain Gauge [db]
# name 2 = tv290C: Temperature [ITS-90, deg C]
# name 3 = c0mS/cm: Conductivity [mS/cm]
# name 4 = sal00: Salinity, Practical [PSU]
# name 5 = depSM: Depth [salt water, m], lat = 54.00
# name 6 = oxsatMm/Kg: Oxygen Saturation, Weiss [umol/kg]
# name 7 = oxsolMm/Kg: Oxygen Saturation, Garcia & Gordon [umol/kg]
# name 8 = turbWETntu0: Turbidity, WET Labs ECO [NTU]
# name 9 = flECO-AFL: Fluorescence, WET Labs ECO-AFL/FL [mg/m^3]
# name 10 = flag:  0.000e+00
# span 0 = 124.238359, 124.240032       
# span 1 =      0.777,     14.031       
# span 2 =    12.5292,    12.6321       
# span 3 =  32.021437,  32.034663       
# span 4 =    26.8865,    26.9584       
# span 5 =      0.770,     13.906       
# span 6 =  274.94525,  275.41212       
# span 7 =  275.09010,  275.55031       
# span 8 =    39.2642,   205.6766       
# span 9 =    10.4396,    19.7440       
# span 10 = 0.0000e+00, 0.0000e+00      
# interval = seconds: 0.25
# start_time = May 04 2022 05:41:45 [Instrument's time stamp, header]
# bad_flag = -9.990e-29
*END*
 124.238359      0.777    12.6298  32.028409    26.8890      0.770  274.95633  275.10102    40.2292    10.4840 0.0000e+00
 124.238362      0.821    12.6301  32.028004    26.8884      0.814  274.95581  275.10053    40.1669    10.4638 0.0000e+00
 124.238365      0.859    12.6299  32.027599    26.8882      0.851  274.95719  275.10190    40.1202    10.4638 0.0000e+00
 124.238368      0.889    12.6298  32.029219    26.8881      0.881  274.95464  275.09933    39.9334    10.4396 -9.990e-29
 124.238371      0.905    12.6304  32.029797    26.8898      0.897  274.95108  275.09581    40.5249    10.6660 -9.990e-29
 124.238374      0.919    12.6317  32.029045    26.8882      0.911  274.94674  275.09155    40.5871    10.6822 -9.990e-29
 124.238377      0.927    12.6321  32.028814    26.8877      0.918  274.94525  275.09010    40.6338    10.6660 -9.990e-29
 124.238380      0.943    12.6319  32.029045    26.8880      0.935  274.94580  275.09063    40.6494    10.6539 -9.990e-29
 124.238383      0.958    12.6319  32.028814    26.8878      0.949  274.94622  275.09106    40.6961    10.5326 -9.990e-29
 124.238385      0.981    12.6318  32.028525    26.8868      0.972  274.94707  275.09190    40.7272    10.5124 -9.990e-29
 124.238388      1.017    12.6315  32.027426    26.8865      1.008  274.95064  275.09546    40.6650    10.5124 0.0000e+00
 124.238391      1.058    12.6309  32.026385    26.8868      1.048  274.95505  275.09984    40.6650    10.4881 0.0000e+00
 124.238394      1.104    12.6298  32.026386    26.8870      1.094  274.96015  275.10486    40.7117    10.5043 0.0000e+00
 124.238397      1.145    12.6289  32.026617    26.8878      1.135  274.96356  275.10822    39.3887    10.6054 0.0000e+00
 124.238400      1.182    12.6285  32.027022    26.8882      1.171  274.96476  275.10939    39.2642    10.5730 0.0000e+00
 124.238403      1.209    12.6286  32.027196    26.8885      1.198  274.96415  275.10878    39.3264    10.5770 -9.990e-29
 124.238406      1.224    12.6286  32.027427    26.8888      1.213  274.96375  275.10838    39.3731    10.5851 -9.990e-29
 124.238409      1.231    12.6288  32.027427    26.8886      1.220  274.96249  275.10713    39.5599    10.5285 -9.990e-29
 124.238411      1.230    12.6290  32.027022    26.8881      1.219  274.96258  275.10724    39.7000    10.5366 -9.990e-29
 124.238414      1.232    12.6289  32.027600    26.8887      1.221  274.96186  275.10651    39.5599    10.5407 -9.990e-29
 124.238417      1.245    12.6292  32.028005    26.8889      1.233  274.95988  275.10455    39.5910    10.5164 -9.990e-29
 124.238420      1.263    12.6295  32.027832    26.8879      1.251  274.95894  275.10362    40.1358    10.6215 -9.990e-29
 124.238423      1.294    12.6298  32.027427    26.8877      1.282  274.95841  275.10312    40.1358    10.6054 0.0000e+00
 124.238426      1.327    12.6297  32.026791    26.8874      1.315  274.95989  275.10459    40.1047    10.5770 0.0000e+00
 124.238429      1.362    12.6295  32.026386    26.8873      1.349  274.96158  275.10628    40.1825    10.5690 0.0000e+00
 124.238432      1.398    12.6287  32.025982    26.8873      1.386  274.96581  275.11046    43.5910    10.7590 0.0000e+00
 124.238435      1.426    12.6282  32.025982    26.8877      1.413  274.96804  275.11266    43.5910    10.7671 0.0000e+00
 124.238438      1.455    12.6277  32.025635    26.8877      1.442  274.97090  275.11549    43.7000    10.7428 0.0000e+00
 124.238440      1.487    12.6272  32.025809    26.8880      1.474  274.97282  275.11738    43.6689    10.7792 0.0000e+00
 124.238443      1.515    12.6266  32.025231    26.8882      1.501  274.97640  275.12093    43.6222    10.8156 -9.990e-29
 124.238446      1.538    12.6265  32.025520    26.8884      1.525  274.97654  275.12105    44.5093    11.0542 -9.990e-29
 124.238449      1.555    12.6261  32.027428    26.8904      1.541  274.97473  275.11920    44.5716    11.0785 -9.990e-29
 124.238452      1.575    12.6264  32.027197    26.8900      1.561  274.97389  275.11838    44.5405    11.0542 -9.990e-29
 124.238455      1.593    12.6266  32.027833    26.8904      1.579  274.97181  275.11631    44.4626    11.0825 -9.990e-29
 124.238458      1.617    12.6266  32.027428    26.8901      1.602  274.97255  275.11705    43.1864    11.1027 -9.990e-29
 124.238461      1.637    12.6265  32.028643    26.8913      1.622  274.97103  275.11551    43.1552    11.1149 -9.990e-29
 124.238464      1.658    12.6266  32.029395    26.8919      1.643  274.96907  275.11356    43.2019    11.0946 -9.990e-29
 124.238466      1.684    12.6268  32.029048    26.8914      1.669  274.96907  275.11357    43.1085    11.0946 -9.990e-29
 124.238469      1.702    12.6264  32.028643    26.8914      1.687  274.97171  275.11618    45.2720    11.3858 -9.990e-29
 124.238472      1.721    12.6259  32.029048    26.8920      1.706  274.97290  275.11734    45.3031    11.3656 -9.990e-29
 124.238475      1.743    12.6256  32.029222    26.8924      1.728  274.97418  275.11860    45.1941    11.3453 -9.990e-29
 124.238478      1.773    12.6250  32.028759    26.8924      1.757  274.97756  275.12194    45.2253    11.3817 0.0000e+00
 124.238481      1.800    12.6244  32.028817    26.8924      1.784  274.98001  275.12435    47.0463    11.9155 -9.990e-29
 124.238484      1.825    12.6240  32.029396    26.8937      1.809  274.98089  275.12520    46.9062    11.8670 -9.990e-29
 124.238487      1.849    12.6236  32.030437    26.8949      1.832  274.98095  275.12522    47.0619    11.8589 -9.990e-29
 124.238490      1.867    12.6234  32.030610    26.8953      1.850  274.98160  275.12586    47.0463    11.9034 -9.990e-29
 124.238492      1.888    12.6234  32.030842    26.8958      1.872  274.98120  275.12546    46.9685    11.8589 -9.990e-29
 124.238495      1.914    12.6232  32.031015    26.8961      1.897  274.98186  275.12610    47.4976    11.7942 0.0000e+00
 124.238498      1.940    12.6228  32.031420    26.8961      1.922  274.98274  275.12695    47.5443    11.8023 0.0000e+00
 124.238501      1.965    12.6223  32.031247    26.8964      1.947  274.98528  275.12946    47.4510    11.8063 -9.990e-29
 124.238504      1.989    12.6219  32.031016    26.8965      1.971  274.98761  275.13176    47.3731    11.8346 -9.990e-29
 124.238507      2.018    12.6214  32.030437    26.8973      2.000  274.99087  275.13500    47.2642    11.6769 0.0000e+00
 124.238510      2.046    12.6207  32.031594    26.8973      2.028  274.99167  275.13575    47.2953    11.6769 0.0000e+00
 124.238513      2.072    12.6212  32.031247    26.8973      2.053  274.99010  275.13421    47.4043    11.6607 0.0000e+00
 124.238516      2.107    12.6214  32.031421    26.8973      2.088  274.98918  275.13330    47.2642    11.6567 0.0000e+00
 124.238519      2.134    12.6217  32.031016    26.8973      2.115  274.98833  275.13248    49.8790    12.0247 -9.990e-29
 124.238521      2.156    12.6225  32.031421    26.8965      2.136  274.98414  275.12834    50.0657    12.0934 -9.990e-29
 124.238524      2.176    12.6232  32.031826    26.8964      2.156  274.98027  275.12451    49.8634    12.1015 -9.990e-29
 124.238527      2.181    12.6244  32.032809    26.8964      2.162  274.97314  275.11745    49.9879    12.0692 -9.990e-29
 124.238530      2.194    12.6259  32.033213    26.8958      2.174  274.96609  275.11049    50.1280    11.9276 -9.990e-29
 124.238533      2.205    12.6271  32.033618    26.8952      2.185  274.95968  275.10416    50.0346    11.9640 -9.990e-29
 124.238536      2.219    12.6276  32.032809    26.8941      2.200  274.95892  275.10344    49.9412    11.9721 -9.990e-29
 124.238539      2.238    12.6272  32.031421    26.8934      2.218  274.96331  275.10781    50.1591    11.9398 -9.990e-29
 124.238542      2.267    12.6261  32.030843    26.8942      2.246  274.96942  275.11386    49.9257    11.9357 0.0000e+00
 124.238545      2.301    12.6246  32.031421    26.8950      2.281  274.97506  275.11939    49.9568    12.4614 0.0000e+00
 124.238547      2.339    12.6239  32.031421    26.8950      2.318  274.97793  275.12222    50.0035    12.4412 0.0000e+00
 124.238550      2.379    12.6236  32.030612    26.8954      2.358  274.98098  275.12526    49.9412    12.4493 0.0000e+00
 124.238553      2.417    12.6227  32.031653    26.8957      2.396  274.98295  275.12716    49.9257    12.4573 0.0000e+00
 124.238556      2.456    12.6224  32.032636    26.8965      2.434  274.98249  275.12667    51.7000    12.7606 -9.990e-29
 124.238559      2.479    12.6222  32.033041    26.8981      2.457  274.98273  275.12689    51.7155    12.7606 -9.990e-29
 124.238562      2.501    12.6221  32.033041    26.8982      2.479  274.98338  275.12753    51.8089    12.7768 -9.990e-29
 124.238565      2.512    12.6215  32.033446    26.8990      2.489  274.98519  275.12931    51.7311    12.7525 -9.990e-29
 124.238568      2.519    12.6206  32.034256    26.9004      2.497  274.98787  275.13191    56.5249    12.3360 -9.990e-29
 124.238571      2.526    12.6199  32.034488    26.9011      2.504  274.99063  275.13462    56.5716    12.3037 -9.990e-29
 124.238573      2.539    12.6184  32.034025    26.9017      2.517  274.99811  275.14201    56.6805    12.3118 -9.990e-29
 124.238576      2.559    12.6170  32.033620    26.9042      2.536  275.00517  275.14898    56.5093    12.3118 -9.990e-29
 124.238579      2.585    12.6152  32.034257    26.9045      2.562  275.01196  275.15565    56.3381    12.3360 0.0000e+00
 124.238582      2.614    12.6135  32.033621    26.9048      2.591  275.02071  275.16430    56.3070    12.7525 0.0000e+00
 124.238585      2.649    12.6117  32.033216    26.9057      2.625  275.02937  275.17284    56.2603    12.7687 0.0000e+00
 124.238588      2.680    12.6099  32.033853    26.9076      2.656  275.03648  275.17983    56.1980    12.7687 0.0000e+00
 124.238591      2.711    12.6086  32.034663    26.9093      2.687  275.04075  275.18400    56.3381    12.7444 0.0000e+00
 124.238594      2.740    12.6076  32.034258    26.9095      2.716  275.04593  275.18912    54.5015    12.9911 0.0000e+00
 124.238597      2.766    12.6067  32.034258    26.9096      2.741  275.05006  275.19319    54.4704    12.9911 -9.990e-29
 124.238600      2.784    12.6062  32.033854    26.9102      2.760  275.05301  275.19611    54.5171    13.0032 -9.990e-29
 124.238602      2.799    12.6054  32.033738    26.9106      2.774  275.05639  275.19944    54.5638    13.0194 -9.990e-29
 124.238605      2.819    12.6052  32.034027    26.9110      2.794  275.05683  275.19987    54.7039    12.6636 -9.990e-29
 124.238608      2.837    12.6049  32.033623    26.9109      2.812  275.05915  275.20217    54.6572    12.6555 -9.990e-29
 124.238611      2.859    12.6046  32.033854    26.9109      2.834  275.06002  275.20301    54.7973    12.6676 -9.990e-29
 124.238614      2.888    12.6044  32.033218    26.9108      2.863  275.06212  275.20511    54.7350    12.6474 0.0000e+00
 124.238617      2.914    12.6037  32.032466    26.9109      2.888  275.06633  275.20928    54.7350    13.0032 0.0000e+00
 124.238620      2.941    12.6030  32.032640    26.9110      2.915  275.06952  275.21242    54.7350    12.9911 0.0000e+00
 124.238623      2.967    12.6024  32.033218    26.9113      2.940  275.07103  275.21389    54.8595    12.9951 -9.990e-29
 124.238626      2.989    12.6022  32.033623    26.9127      2.962  275.07096  275.21380    54.6727    12.9871 -9.990e-29
 124.238628      3.012    12.6022  32.033218    26.9124      2.985  275.07201  275.21486    54.7039    13.0154 -9.990e-29
 124.238631      3.032    12.6021  32.033045    26.9118      3.005  275.07265  275.21549    54.2214    12.9951 -9.990e-29
 124.238634      3.061    12.6016  32.032178    26.9118      3.034  275.07643  275.21925    54.2369    13.0275 0.0000e+00
 124.238637      3.087    12.6008  32.032640    26.9118      3.060  275.07911  275.22187    54.1747    13.0032 -9.990e-29
 124.238640      3.111    12.6001  32.032814    26.9135      3.083  275.08198  275.22469    54.2525    13.0154 -9.990e-29
 124.238643      3.136    12.5995  32.031831    26.9130      3.108  275.08660  275.22928    53.6766    12.9790 -9.990e-29
 124.238646      3.160    12.5987  32.031022    26.9128      3.132  275.09154  275.23418    53.7545    13.0113 -9.990e-29
 124.238649      3.189    12.5976  32.031427    26.9139      3.160  275.09558  275.23814    53.8634    12.9951 -9.990e-29
 124.238652      3.210    12.5963  32.031658    26.9150      3.182  275.10088  275.24335    53.7700    12.9871 -9.990e-29
 124.238655      3.234    12.5954  32.031427    26.9155      3.205  275.10542  275.24784    55.0619    12.9709 -9.990e-29
 124.238657      3.254    12.5941  32.031659    26.9166      3.225  275.11072  275.25305    54.9218    12.9911 -9.990e-29
 124.238660      3.274    12.5931  32.031427    26.9171      3.245  275.11557  275.25784    54.9373    12.9183 -9.990e-29
 124.238663      3.291    12.5921  32.031601    26.9180      3.261  275.12002  275.26222    54.9996    12.9628 -9.990e-29
 124.238666      3.313    12.5913  32.031428    26.9184      3.283  275.12382  275.26597    55.5288    13.1124 -9.990e-29
 124.238669      3.336    12.5907  32.031023    26.9184      3.307  275.12709  275.26921    55.5599    13.1367 -9.990e-29
 124.238672      3.367    12.5902  32.031254    26.9190      3.337  275.12892  275.27099    55.4198    13.1245 -9.990e-29
 124.238675      3.389    12.5904  32.031428    26.9190      3.359  275.12767  275.26976    55.5288    13.1326 -9.990e-29
 124.238678      3.414    12.5907  32.031255    26.9186      3.384  275.12705  275.26915    55.4976    13.1448 -9.990e-29
 124.238681      3.433    12.5910  32.031659    26.9188      3.402  275.12475  275.26688    55.1708    13.1771 -9.990e-29
 124.238683      3.451    12.5916  32.031255    26.9180      3.420  275.12296  275.26513    55.2019    13.1852 -9.990e-29
 124.238686      3.475    12.5919  32.032643    26.9191      3.444  275.11923  275.26140    55.3264    13.2297 -9.990e-29
 124.238689      3.497    12.5926  32.032643    26.9181      3.466  275.11576  275.25799    55.1864    13.2014 -9.990e-29
 124.238692      3.526    12.5934  32.032816    26.9179      3.495  275.11199  275.25426    55.9646    13.1933 0.0000e+00
 124.238695      3.554    12.5940  32.032932    26.9178      3.522  275.10927  275.25158    55.9490    13.2135 0.0000e+00
 124.238698      3.581    12.5941  32.032816    26.9177      3.549  275.10886  275.25118    55.9801    13.1812 0.0000e+00
 124.238701      3.612    12.5941  32.032643    26.9176      3.580  275.10919  275.25152    55.9334    13.1933 -9.990e-29
 124.238704      3.635    12.5935  32.032469    26.9177      3.603  275.11236  275.25465    58.5638    13.2459 -9.990e-29
 124.238707      3.659    12.5917  32.032065    26.9186      3.626  275.12101  275.26318    58.4704    13.2459 -9.990e-29
 124.238709      3.686    12.5899  32.031255    26.9191      3.654  275.13071  275.27276    58.4082    13.2742 -9.990e-29
 124.238712      3.703    12.5885  32.031256    26.9201      3.670  275.13673  275.27870    58.5015    13.2539 -9.990e-29
 124.238715      3.725    12.5872  32.031025    26.9208      3.691  275.14317  275.28505    56.9762    13.0639 -9.990e-29
 124.238718      3.745    12.5860  32.030446    26.9211      3.711  275.14959  275.29140    57.0074    13.0598 -9.990e-29
 124.238721      3.765    12.5845  32.030042    26.9218      3.731  275.15697  275.29869    57.0074    13.0396 -9.990e-29
 124.238724      3.794    12.5826  32.030216    26.9233      3.760  275.16491  275.30650    57.0385    13.1003 -9.990e-29
 124.238727      3.813    12.5805  32.029927    26.9245      3.778  275.17493  275.31638    56.9607    13.0801 -9.990e-29
 124.238730      3.842    12.5787  32.029638    26.9255      3.807  275.18338  275.32471    60.4159    13.1731 -9.990e-29
 124.238733      3.867    12.5776  32.029811    26.9265      3.833  275.18814  275.32941    60.3381    13.1892 -9.990e-29
 124.238736      3.889    12.5765  32.030216    26.9276      3.854  275.19218  275.33337    60.3537    13.1771 -9.990e-29
