Processed/SBE19plus_01907321_2022_05_09_Cast94_wfilter.cnv
* Sea-Bird SBE19plus  Data File:
* FileName = E:\Prandtl Daten\2022\CTD\Raw\SBE19plus_01907321_2022_05_09_Cast94.hex
* Software version 2.6.1.12
* Temperature SN = 7321
* Conductivity SN = 7321
* System UpLoad Time = May 09 2022 07:59:34
* <ApplicationData>
* <Seaterm232>
** Messpraktikum 2022
** CTD 09.05 KFN
** NMEA Latitude = 54 06.179 N
** NMEA Longitude = 008 35.830 E
# nquan = 11
# nvalues = 541                         
# units = specified
# name 0 = timeJ: Julian Days
# name 1 = prdM: Pressure, Strain Gauge [db]
# name 2 = tv290C: Temperature [ITS-90, deg C]
# name 3 = c0mS/cm: Conductivity [mS/cm]
# name 4 = sal00: Salinity, Practical [PSU]
# name 5 = depSM: Depth [salt water, m], lat = 54.00
# name 6 = oxsatMm/Kg: Oxygen Saturation, Weiss [umol/kg]
# name 7 = oxsolMm/Kg: Oxygen Saturation, Garcia & Gordon [umol/kg]
# name 8 = turbWETntu0: Turbidity, WET Labs ECO [NTU]
# name 9 = flECO-AFL: Fluorescence, WET Labs ECO-AFL/FL [mg/m^3]
# name 10 = flag:  0.000e+00
# span 0 = 129.328038, 129.329601       
# span 1 =      0.643,     13.756       
# span 2 =    12.1816,    12.3427       
# span 3 =  31.348425,  31.888760       
# span 4 =    26.5412,    26.9598       
# span 5 =      0.637,     13.633       
# span 6 =  276.49874,  278.16867       
# span 7 =  276.62580,  278.29060       
# span 8 =     0.7584,    36.0735       
# span 9 =     2.6353,     7.9123       
# span 10 = 0.0000e+00, 0.0000e+00      
# interval = seconds: 0.25
# start_time = May 09 2022 07:51:13 [Instrument's time stamp, header]
# bad_flag = -9.990e-29
*END*
[from data line 394]
 129.329178     10.108    12.3168  31.818290    26.9143     10.017  276.74024  276.86627    17.2408     6.2140 -9.990e-29
 129.329181     10.135    12.3164  31.818694    26.9147     10.044  276.74111  276.86711    17.1008     6.2342 0.0000e+00
 129.329184     10.160    12.3164  31.819732    26.9146     10.069  276.73925  276.86523    17.2253     6.2261 0.0000e+00
 129.329187     10.188    12.3164  31.819098    26.9152     10.097  276.74041  276.86641    17.0074     6.2140 0.0000e+00
 129.329190     10.224    12.3167  31.820136    26.9148     10.133  276.73761  276.86360    15.8868     6.3151 0.0000e+00
 129.329193     10.257    12.3167  31.819502    26.9148     10.165  276.73846  276.86447    15.9334     6.2746 0.0000e+00
 129.329196     10.286    12.3167  31.818291    26.9142     10.194  276.74067  276.86670    15.9179     6.3029 0.0000e+00
 129.329198     10.319    12.3166  31.817310    26.9137     10.226  276.74311  276.86913    16.1202     6.2787 -9.990e-29
 129.329201     10.344    12.3163  31.818002    26.9137     10.252  276.74314  276.86913    14.9529     5.6074 -9.990e-29
 129.329204     10.364    12.3163  31.817541    26.9132     10.272  276.74399  276.86999    14.8906     5.6074 -9.990e-29
 129.329207     10.384    12.3163  31.816503    26.9123     10.291  276.74588  276.87189    14.8906     5.6317 -9.990e-29
 129.329210     10.395    12.3160  31.816734    26.9127     10.302  276.74674  276.87273    14.8128     5.6438 -9.990e-29
 129.329213     10.410    12.3159  31.816734    26.9128     10.317  276.74738  276.87336    12.9918     5.6964 -9.990e-29
 129.329216     10.425    12.3159  31.815349    26.9115     10.331  276.74990  276.87590    12.9762     5.6681 -9.990e-29
 129.329219     10.443    12.3156  31.812754    26.9074     10.349  276.75588  276.88189    13.0852     5.7206 -9.990e-29
 129.329222     10.470    12.3152  31.810562    26.9058     10.377  276.76146  276.88746    13.2564     5.6640 0.0000e+00
 129.329225     10.498    12.3145  31.806583    26.9042     10.404  276.77186  276.89785    16.7272     6.0522 0.0000e+00
 129.329227     10.525    12.3136  31.805199    26.9036     10.431  276.77850  276.90445    16.8517     6.0441 0.0000e+00
 129.329230     10.556    12.3126  31.803180    26.9024     10.461  276.78662  276.91253    17.0229     6.0401 0.0000e+00
 129.329233     10.589    12.3120  31.801566    26.9024     10.494  276.79242  276.91830    16.8206     6.0522 0.0000e+00
 129.329236     10.618    12.3113  31.803007    26.9018     10.523  276.79300  276.91882    16.6961     6.0482 0.0000e+00
 129.329239     10.647    12.3112  31.801566    26.9025     10.552  276.79595  276.92177    16.3848     5.5993 0.0000e+00
 129.329242     10.675    12.3112  31.802604    26.9018     10.579  276.79409  276.91990    16.4626     5.5872 -9.990e-29
 129.329245     10.696    12.3111  31.800586    26.9010     10.601  276.79839  276.92422    16.4626     5.5589 -9.990e-29
 129.329248     10.715    12.3109  31.801220    26.9017     10.619  276.79789  276.92370    16.4471     5.5508 -9.990e-29
 129.329251     10.733    12.3108  31.801220    26.9018     10.637  276.79853  276.92434    19.7000     6.4081 -9.990e-29
 129.329253     10.751    12.3109  31.802374    26.9028     10.655  276.79614  276.92193    19.3887     6.3959 -9.990e-29
 129.329256     10.770    12.3109  31.802374    26.9028     10.673  276.79615  276.92195    19.5910     6.3878 -9.990e-29
 129.329259     10.791    12.3108  31.802374    26.9057     10.695  276.79648  276.92227    19.6377     6.3959 -9.990e-29
 129.329262     10.819    12.3112  31.805776    26.9080     10.722  276.78843  276.91421    22.2992     6.6183 0.0000e+00
 129.329265     10.854    12.3114  31.810737    26.9102     10.756  276.77883  276.90457    22.1280     6.6102 0.0000e+00
 129.329268     10.886    12.3125  31.813159    26.9117     10.789  276.76939  276.89518    22.2992     6.5981 0.0000e+00
 129.329271     10.923    12.3138  31.822100    26.9191     10.825  276.74751  276.87329    22.0657     6.6183 0.0000e+00
 129.329274     10.968    12.3159  31.832888    26.9277     10.870  276.71848  276.84430    22.0969     6.4444 0.0000e+00
 129.329277     11.009    12.3185  31.836638    26.9293     10.910  276.69999  276.82595    21.8167     6.3959 0.0000e+00
 129.329280     11.049    12.3206  31.840215    26.9302     10.950  276.68403  276.81010    21.9568     6.3959 0.0000e+00
 129.329282     11.078    12.3226  31.846447    26.9311     10.979  276.66358  276.78971    21.9568     6.3797 -9.990e-29
 129.329285     11.096    12.3246  31.852390    26.9396     10.997  276.64395  276.77016    21.8945     6.3919 -9.990e-29
 129.329288     11.107    12.3266  31.857007    26.9425     11.008  276.62673  276.75303    20.7428     6.8245 -9.990e-29
 129.329291     11.113    12.3286  31.857815    26.9418     11.013  276.61641  276.74282    20.8206     6.8731 -9.990e-29
 129.329294     11.116    12.3298  31.857007    26.9402     11.017  276.61217  276.73868    20.8673     6.8933 -9.990e-29
 129.329297     11.120    12.3306  31.860989    26.9433     11.020  276.60148  276.72800    20.6961     6.8448 -9.990e-29
 129.329300     11.122    12.3313  31.860007    26.9419     11.022  276.60009  276.72667    22.1436     6.4081 -9.990e-29
 129.329303     11.127    12.3315  31.861566    26.9432     11.027  276.59632  276.72290    22.2525     6.4121 -9.990e-29
 129.329306     11.140    12.3317  31.856776    26.9386     11.040  276.60405  276.73069    22.1591     6.4404 -9.990e-29
 129.329308     11.156    12.3316  31.859777    26.9452     11.056  276.59926  276.72587    22.2525     6.4081 -9.990e-29
 129.329311     11.183    12.3316  31.863759    26.9454     11.083  276.59207  276.71863    22.9529     6.8488 0.0000e+00
 129.329314     11.218    12.3323  31.864798    26.9456     11.118  276.58705  276.71365    23.0307     6.8650 0.0000e+00
 129.329317     11.262    12.3332  31.867742    26.9477     11.161  276.57763  276.70426    23.0307     6.8812 0.0000e+00
 129.329320     11.304    12.3340  31.868550    26.9479     11.203  276.57271  276.69939    23.0307     6.8650 0.0000e+00
 129.329323     11.346    12.3346  31.870339    26.9491     11.244  276.56665  276.69335    23.5910     6.9459 0.0000e+00
 129.329326     11.389    12.3354  31.871955    26.9491     11.287  276.56027  276.68701    23.6377     6.9337 0.0000e+00
 129.329329     11.428    12.3360  31.870570    26.9495     11.325  276.56027  276.68706    23.2953     6.9499 0.0000e+00
 129.329332     11.463    12.3362  31.871955    26.9483     11.360  276.55683  276.68362    23.4354     6.9216 0.0000e+00
 129.329334     11.494    12.3363  31.870743    26.9489     11.391  276.55842  276.68523    23.6222     6.9256 0.0000e+00
 129.329337     11.523    12.3362  31.871956    26.9482     11.420  276.55656  276.68335    20.8829     6.7437 -9.990e-29
 129.329340     11.545    12.3363  31.871552    26.9490     11.441  276.55699  276.68379    20.8362     6.6992 -9.990e-29
 129.329343     11.567    12.3365  31.871379    26.9486     11.463  276.55636  276.68318    20.9296     6.7315 -9.990e-29
 129.329346     11.585    12.3363  31.871956    26.9493     11.481  276.55628  276.68308    21.0229     6.7437 -9.990e-29
 129.329349     11.600    12.3365  31.871783    26.9491     11.496  276.55597  276.68278    21.6455     7.0914 -9.990e-29
 129.329352     11.612    12.3364  31.871379    26.9487     11.508  276.55703  276.68384    21.5833     7.0429 -9.990e-29
 129.329355     11.633    12.3365  31.871148    26.9485     11.528  276.55714  276.68396    21.5677     7.0389 -9.990e-29
 129.329358     11.647    12.3365  31.870744    26.9481     11.543  276.55788  276.68470    21.8634     7.0833 -9.990e-29
 129.329361     11.662    12.3363  31.870167    26.9476     11.557  276.55957  276.68639    23.5910     7.1885 -9.990e-29
 129.329363     11.678    12.3364  31.871148    26.9485     11.574  276.55749  276.68430    23.2798     7.2047 -9.990e-29
 129.329366     11.691    12.3365  31.871783    26.9490     11.586  276.55572  276.68253    23.4665     7.1966 -9.990e-29
 129.329369     11.711    12.3367  31.871783    26.9489     11.606  276.55510  276.68192    23.4354     7.1602 -9.990e-29
 129.329372     11.735    12.3367  31.871552    26.9491     11.630  276.55521  276.68204    22.2214     6.8084 -9.990e-29
 129.329375     11.760    12.3368  31.872129    26.9491     11.655  276.55387  276.68070    22.1436     6.8245 0.0000e+00
 129.329378     11.791    12.3367  31.871956    26.9490     11.686  276.55452  276.68135    22.0191     6.8043 0.0000e+00
 129.329381     11.822    12.3368  31.869763    26.9490     11.716  276.55819  276.68505    22.0969     6.7922 0.0000e+00
 129.329384     11.859    12.3367  31.872130    26.9491     11.753  276.55425  276.68108    22.3770     6.7882 0.0000e+00
 129.329387     11.893    12.3368  31.872361    26.9491     11.787  276.55354  276.68037    23.0774     6.8852 0.0000e+00
 129.329389     11.923    12.3369  31.871784    26.9492     11.816  276.55429  276.68113    23.0463     6.8529 0.0000e+00
 129.329392     11.950    12.3369  31.873169    26.9492     11.843  276.55180  276.67862    23.0774     6.8488 0.0000e+00
 129.329395     11.979    12.3372  31.872938    26.9499     11.872  276.55097  276.67781    23.0307     6.8448 -9.990e-29
 129.329398     11.996    12.3372  31.873054    26.9496     11.888  276.55077  276.67762    23.6533     7.0389 -9.990e-29
 129.329401     12.012    12.3371  31.872938    26.9495     11.905  276.55131  276.67815    23.6533     7.0753 -9.990e-29
 129.329404     12.029    12.3372  31.872938    26.9494     11.921  276.55068  276.67754    23.6689     7.0712 -9.990e-29
 129.329407     12.049    12.3372  31.873342    26.9498     11.941  276.54996  276.67681    23.8245     7.0672 -9.990e-29
 129.329410     12.069    12.3374  31.872938    26.9507     11.961  276.55008  276.67694    23.3576     6.9256 -9.990e-29
 129.329413     12.098    12.3373  31.874382    26.9507     11.990  276.54780  276.67464    23.1241     6.9095 0.0000e+00
 129.329416     12.131    12.3374  31.874382    26.9507     12.022  276.54719  276.67404    23.3109     6.9337 0.0000e+00
 129.329418     12.167    12.3377  31.874728    26.9506     12.058  276.54564  276.67250    23.0930     6.9297 0.0000e+00
 129.329421     12.204    12.3376  31.874382    26.9508     12.095  276.54660  276.67347    21.6611     6.7275 0.0000e+00
 129.329424     12.240    12.3377  31.875363    26.9512     12.131  276.54454  276.67139    21.6611     6.7639 0.0000e+00
 129.329427     12.281    12.3378  31.875363    26.9513     12.171  276.54393  276.67079    21.8634     6.7356 0.0000e+00
 129.329430     12.308    12.3379  31.875133    26.9512     12.198  276.54373  276.67061    21.7700     6.6749 -9.990e-29
 129.329433     12.326    12.3380  31.874729    26.9504     12.216  276.54416  276.67105    21.6922     6.7437 -9.990e-29
 129.329436     12.333    12.3381  31.874555    26.9502     12.223  276.54416  276.67105    21.5210     6.5536 -9.990e-29
 129.329439     12.332    12.3381  31.873343    26.9490     12.221  276.54604  276.67295    21.2875     6.5536 -9.990e-29
 129.329442     12.328    12.3381  31.872362    26.9481     12.218  276.54781  276.67473    21.5054     6.5860 -9.990e-29
 129.329444     12.322    12.3379  31.873343    26.9493     12.212  276.54730  276.67419    21.6922     6.5536 -9.990e-29
 129.329447     12.324    12.3377  31.873747    26.9497     12.214  276.54720  276.67408    23.1708     6.3919 -9.990e-29
 129.329450     12.337    12.3378  31.873574    26.9495     12.226  276.54720  276.67409    22.9529     6.3797 -9.990e-29
 129.329453     12.355    12.3378  31.873055    26.9486     12.244  276.54816  276.67505    23.0152     6.4202 -9.990e-29
 129.329456     12.386    12.3377  31.872535    26.9484     12.275  276.54975  276.67664    22.9218     6.4121 0.0000e+00
 129.329459     12.430    12.3377  31.872131    26.9482     12.318  276.55019  276.67709    23.4665     6.4768 0.0000e+00
 129.329462     12.479    12.3374  31.871381    26.9482     12.367  276.55285  276.67973    23.3264     6.4889 0.0000e+00
 129.329465     12.530    12.3374  31.872363    26.9486     12.418  276.55143  276.67829    23.4510     6.4647 0.0000e+00
 129.329468     12.596    12.3373  31.873344    26.9496     12.483  276.55001  276.67686    23.3576     6.4404 0.0000e+00
 129.329470     12.652    12.3374  31.873575    26.9496     12.539  276.54900  276.67586    22.7817     6.1169 0.0000e+00
 129.329473     12.703    12.3375  31.872132    26.9482     12.589  276.55132  276.67821    22.6416     6.1614 0.0000e+00
 129.329476     12.741    12.3376  31.871786    26.9481     12.627  276.55166  276.67855    22.6883     6.1371 0.0000e+00
 129.329479     12.767    12.3375  31.871959    26.9479     12.653  276.55168  276.67856    22.6727     6.1776 -9.990e-29
 129.329482     12.774    12.3374  31.871151    26.9474     12.660  276.55378  276.68066    22.8128     6.1129 -9.990e-29
 129.329485     12.782    12.3374  31.872132    26.9483     12.667  276.55169  276.67857    20.6494     6.4768 -9.990e-29
 129.329488     12.780    12.3372  31.871786    26.9481     12.665  276.55327  276.68014    20.7117     6.4606 -9.990e-29
 129.329491     12.772    12.3374  31.871786    26.9480     12.658  276.55263  276.67951    20.4159     6.4404 -9.990e-29
 129.329494     12.771    12.3374  31.870978    26.9472     12.656  276.55409  276.68098    20.4004     6.5253 -9.990e-29
 129.329497     12.767    12.3372  31.869766    26.9462     12.652  276.55692  276.68380    22.2681     6.4364 -9.990e-29
 129.329499     12.776    12.3373  31.870574    26.9469     12.662  276.55514  276.68203    22.2992     6.4323 -9.990e-29
 129.329502     12.785    12.3372  31.870747    26.9471     12.671  276.55515  276.68203    22.2058     6.3878 -9.990e-29
 129.329505     12.805    12.3370  31.869593    26.9443     12.691  276.55820  276.68508    22.2836     6.4768 -9.990e-29
 129.329508     12.836    12.3367  31.867342    26.9446     12.721  276.56357  276.69045    24.0580     7.1844 0.0000e+00
 129.329511     12.865    12.3363  31.867746    26.9445     12.750  276.56475  276.69160    24.0268     7.1642 0.0000e+00
 129.329514     12.904    12.3360  31.866996    26.9445     12.788  276.56772  276.69455    23.9957     7.1763 0.0000e+00
 129.329517     12.935    12.3358  31.866765    26.9445     12.819  276.56879  276.69562    23.9957     7.1925 0.0000e+00
 129.329520     12.969    12.3358  31.868381    26.9459     12.853  276.56589  276.69270    25.4276     7.1278 0.0000e+00
 129.329523     13.006    12.3360  31.872941    26.9500     12.889  276.55703  276.68380    25.5054     7.1359 0.0000e+00
 129.329525     13.048    12.3365  31.874731    26.9506     12.931  276.55160  276.67839    25.4587     7.0874 0.0000e+00
 129.329528     13.090    12.3372  31.874558    26.9513     12.973  276.54878  276.67561    25.5210     7.1400 0.0000e+00
 129.329531     13.132    12.3377  31.876751    26.9516     13.014  276.54262  276.66946    25.5521     7.0955 0.0000e+00
 129.329534     13.174    12.3381  31.876347    26.9519     13.056  276.54148  276.66835    29.5054     7.1885 0.0000e+00
 129.329537     13.207    12.3382  31.876752    26.9519     13.088  276.54013  276.66702    29.4587     7.1966 0.0000e+00
 129.329540     13.236    12.3385  31.877329    26.9521     13.118  276.53784  276.66474    29.4899     7.1966 0.0000e+00
 129.329543     13.262    12.3386  31.878541    26.9522     13.143  276.53503  276.66193    29.6144     7.2168 -9.990e-29
 129.329546     13.282    12.3390  31.880158    26.9545     13.163  276.53054  276.65744    31.4665     7.9082 -9.990e-29
 129.329549     13.296    12.3394  31.880158    26.9542     13.177  276.52865  276.65558    31.2486     7.9123 -9.990e-29
 129.329552     13.309    12.3397  31.878945    26.9528     13.190  276.52958  276.65654    31.2331     7.8921 -9.990e-29
