Processed/SBE19plus_01907321_2022_05_05_Cast24_wfilter.cnv
* Sea-Bird SBE19plus  Data File:
* FileName = E:\Prandtl Daten\2022\CTD\Raw\SBE19plus_01907321_2022_05_05_Cast24.hex
* Software version 2.6.1.12
* Temperature SN = 7321
* Conductivity SN = 7321
* System UpLoad Time = May 05 2022 08:32:15
* <ApplicationData>
* <Seaterm232>
** Messpraktikum 2022
** CTD 05.05 BW2
# nquan = 11
# nvalues = 565                         
# units = specified
# name 0 = timeJ: Julian Days
# name 1 = prdM: Pressure, Strain Gauge [db]
# name 2 = tv290C: Temperature [ITS-90, deg C]
# name 3 = c0mS/cm: Conductivity [mS/cm]
# name 4 = sal00: Salinity, Practical [PSU]
# name 5 = depSM: Depth [salt water, m], lat = 54.00
# name 6 = oxsatMm/Kg: Oxygen Saturation, Weiss [umol/kg]
# name 7 = oxsolMm/Kg: Oxygen Saturation, Garcia & Gordon [umol/kg]
# name 8 = turbWETntu0: Turbidity, WET Labs ECO [NTU]
# name 9 = flECO-AFL: Fluorescence, WET Labs ECO-AFL/FL [mg/m^3]
# name 10 = flag:  0.000e+00
# span 0 = 125.348964, 125.350596       
# span 1 =      0.591,     15.558       
# span 2 =    12.2376,    12.3436       
# span 3 =  31.849528,  31.924299       
# span 4 =    26.9910,    27.0024       
# span 5 =      0.586,     15.419       
# span 6 =  276.42410,  277.04350       
# span 7 =  276.55083,  277.16388       
# span 8 =    20.2292,    96.8517       
# span 9 =     9.6308,    16.7840       
# span 10 = 0.0000e+00, 0.0000e+00      
# interval = seconds: 0.25
# start_time = May 05 2022 08:21:10 [Instrument's time stamp, header]
# bad_flag = -9.990e-29
*END*
[from data line 525]
 125.350483     14.705    12.2533  31.858007    26.9957     14.573  276.95693  277.07828    44.5249    13.7594 0.0000e+00
 125.350486     14.732    12.2513  31.857430    26.9957     14.600  276.96686  277.08808    44.6650    13.7553 0.0000e+00
 125.350489     14.759    12.2500  31.857834    26.9964     14.627  276.97216  277.09328    44.5249    13.7715 0.0000e+00
 125.350492     14.789    12.2494  31.858584    26.9970     14.656  276.97335  277.09443    44.5249    13.7675 -9.990e-29
 125.350495     14.813    12.2493  31.858815    26.9984     14.680  276.97358  277.09464    41.8945    14.4792 -9.990e-29
 125.350498     14.835    12.2494  31.858007    26.9975     14.702  276.97443  277.09551    41.9257    14.4792 -9.990e-29
 125.350501     14.859    12.2490  31.857430    26.9981     14.725  276.97739  277.09845    41.8634    14.4589 -9.990e-29
 125.350503     14.884    12.2486  31.858008    26.9975     14.751  276.97826  277.09928    42.0035    14.4549 0.0000e+00
 125.350506     14.914    12.2478  31.855988    26.9970     14.780  276.98575  277.10674    45.5366    15.0857 0.0000e+00
 125.350509     14.943    12.2466  31.855238    26.9968     14.809  276.99251  277.11343    45.4743    15.0251 0.0000e+00
 125.350512     14.972    12.2457  31.853449    26.9965     14.838  276.99990  277.12077    45.5366    15.0412 0.0000e+00
 125.350515     15.008    12.2451  31.853622    26.9965     14.874  277.00214  277.12297    45.4743    15.0655 0.0000e+00
 125.350518     15.038    12.2447  31.854430    26.9975     14.903  277.00227  277.12307    47.2953    13.5329 0.0000e+00
 125.350521     15.067    12.2440  31.854604    26.9980     14.932  277.00514  277.12589    47.2798    13.5006 0.0000e+00
 125.350524     15.096    12.2435  31.854027    26.9982     14.961  277.00874  277.12946    47.1864    13.5087 0.0000e+00
 125.350527     15.123    12.2430  31.853911    26.9982     14.988  277.01119  277.13187    47.2642    13.5289 0.0000e+00
 125.350530     15.149    12.2430  31.855008    26.9983     15.013  277.00921  277.12989    50.9840    14.3457 -9.990e-29
 125.350532     15.171    12.2432  31.854604    26.9987     15.035  277.00901  277.12970    50.9996    14.3215 -9.990e-29
 125.350535     15.195    12.2432  31.855008    26.9991     15.058  277.00829  277.12898    51.0774    14.3457 -9.990e-29
 125.350538     15.213    12.2433  31.854431    26.9985     15.076  277.00903  277.12974    51.0307    14.3538 -9.990e-29
 125.350541     15.235    12.2431  31.853623    26.9979     15.098  277.01147  277.13216    51.0463    14.3295 -9.990e-29
 125.350544     15.258    12.2428  31.854200    26.9974     15.122  277.01138  277.13206    48.0580    15.1625 -9.990e-29
 125.350547     15.286    12.2426  31.852816    26.9979     15.149  277.01487  277.13555    48.0891    15.1868 0.0000e+00
 125.350550     15.320    12.2419  31.853450    26.9981     15.183  277.01690  277.13753    47.9957    15.1787 0.0000e+00
 125.350553     15.351    12.2414  31.852643    26.9981     15.214  277.02061  277.14121    48.0891    15.1625 0.0000e+00
 125.350556     15.381    12.2412  31.852008    26.9978     15.243  277.02273  277.14332    49.5054    14.0869 0.0000e+00
 125.350558     15.412    12.2409  31.852008    26.9976     15.274  277.02402  277.14459    49.5054    14.1193 0.0000e+00
 125.350561     15.439    12.2405  31.850623    26.9973     15.301  277.02845  277.14901    49.5677    14.0505 0.0000e+00
 125.350564     15.468    12.2396  31.851431    26.9968     15.330  277.03112  277.15161    49.5366    14.0627 -9.990e-29
 125.350567     15.492    12.2390  31.850854    26.9981     15.353  277.03503  277.15548    53.1786    14.2932 -9.990e-29
 125.350570     15.516    12.2388  31.850451    26.9979     15.377  277.03642  277.15686    53.1630    14.2770 -9.990e-29
 125.350573     15.536    12.2385  31.850855    26.9985     15.396  277.03728  277.15769    53.2097    14.2810 -9.990e-29
 125.350576     15.556    12.2383  31.851028    26.9987     15.416  277.03761  277.15801    53.2875    14.2648 -9.990e-29
 125.350579     15.552    12.2383  31.850220    26.9980     15.413  277.03908  277.15949    74.8284    15.3688 -9.990e-29
 125.350582     15.558    12.2383  31.849643    26.9974     15.418  277.04013  277.16055    74.9062    15.3890 -9.990e-29
 125.350584     15.554    12.2378  31.850451    26.9986     15.415  277.04087  277.16125    74.8751    15.3607 -9.990e-29
 125.350587     15.552    12.2377  31.850855    26.9990     15.413  277.04077  277.16113    74.9062    15.3728 -9.990e-29
 125.350590     15.556    12.2376  31.849528    26.9978     15.417  277.04350  277.16388    74.8906    15.3890 -9.990e-29
 125.350593     15.556    12.2376  31.850624    26.9989     15.417  277.04151  277.16187    96.7739    16.7840 -9.990e-29
 125.350596     15.558    12.2378  31.849816    26.9980     15.419  277.04235  277.16273    96.8517    16.7679 -9.990e-29
