Processed/SBE19plus_01907321_2022_05_10_Cast115_wfilter.cnv
* Sea-Bird SBE19plus  Data File:
* FileName = E:\Prandtl_Daten\2022\CTD\Raw\SBE19plus_01907321_2022_05_10_Cast115.hex
* Software version 2.6.1.12
* Temperature SN = 7321
* Conductivity SN = 7321
* System UpLoad Time = May 10 2022 13:23:39
* <ApplicationData>
* <Seaterm232>
** Messpraktikum 2022
** CTD 10.05  Mp3
** NMEA Latitude = 54 03.50N
** NMEA Longitude = 008 42.83E
# nquan = 11
# nvalues = 396                         
# units = specified
# name 0 = timeJ: Julian Days
# name 1 = prdM: Pressure, Strain Gauge [db]
# name 2 = tv290C: Temperature [ITS-90, deg C]
# name 3 = c0mS/cm: Conductivity [mS/cm]
# name 4 = sal00: Salinity, Practical [PSU]
# name 5 = depSM: Depth [salt water, m], lat = 54.00
# name 6 = oxsatMm/Kg: Oxygen Saturation, Weiss [umol/kg]
# name 7 = oxsolMm/Kg: Oxygen Saturation, Garcia & Gordon [umol/kg]
# name 8 = turbWETntu0: Turbidity, WET Labs ECO [NTU]
# name 9 = flECO-AFL: Fluorescence, WET Labs ECO-AFL/FL [mg/m^3]
# name 10 = flag:  0.000e+00
# span 0 = 130.552688, 130.553831       
# span 1 =      0.552,      8.219       
# span 2 =    14.3850,    14.4804       
# span 3 =  33.428548,  33.590794       
# span 4 =    26.9261,    27.0051       
# span 5 =      0.547,      8.145       
# span 6 =  264.36156,  265.01349       
# span 7 =  264.60586,  265.25354       
# span 8 =     4.2447,    51.6533       
# span 9 =     6.6385,    14.4145       
# span 10 = 0.0000e+00, 0.0000e+00      
# interval = seconds: 0.25
# start_time = May 10 2022 13:14:37 [Instrument's time stamp, header]
# bad_flag = -9.990e-29
*END*
[from data line 132]
 130.553070      3.152    14.3850  33.433613    26.9321      3.124  265.01026  265.25029     4.5560     7.0550 -9.990e-29
 130.553073      3.171    14.3851  33.433849    26.9322      3.142  265.00926  265.24930     4.5249     7.0469 -9.990e-29
 130.553076      3.182    14.3851  33.434202    26.9325      3.153  265.00869  265.24873     4.4938     7.0469 -9.990e-29
 130.553079      3.189    14.3851  33.434849    26.9331      3.160  265.00764  265.24767     4.5405     7.0348 -9.990e-29
 130.553082      3.200    14.3851  33.434849    26.9331      3.171  265.00764  265.24768     4.5716     7.0672 -9.990e-29
 130.553084      3.216    14.3851  33.435025    26.9332      3.187  265.00737  265.24740     4.3226     6.7113 -9.990e-29
 130.553087      3.240    14.3855  33.434202    26.9322      3.211  265.00715  265.24721     4.3537     6.7032 -9.990e-29
 130.553090      3.265    14.3854  33.434672    26.9328      3.236  265.00703  265.24708     4.3537     6.7315 -9.990e-29
 130.553093      3.293    14.3854  33.434849    26.9331      3.263  265.00644  265.24650     4.2447     6.7113 0.0000e+00
 130.553096      3.322    14.3857  33.435731    26.9331      3.292  265.00408  265.24414     4.7895     6.7639 0.0000e+00
 130.553099      3.353    14.3862  33.438260    26.9335      3.323  264.99778  265.23785     4.8206     6.7518 -9.990e-29
 130.553102      3.378    14.3876  33.437201    26.9334      3.348  264.99356  265.23372     4.8673     6.7760 -9.990e-29
 130.553105      3.398    14.3888  33.437672    26.9330      3.368  264.98778  265.22801     4.8206     6.7154 -9.990e-29
 130.553108      3.418    14.3896  33.439907    26.9344      3.388  264.98101  265.22126     5.0229     6.7639 -9.990e-29
 130.553111      3.434    14.3902  33.437848    26.9322      3.404  264.98187  265.22217     5.0541     6.8043 -9.990e-29
 130.553113      3.447    14.3898  33.435908    26.9307      3.416  264.98661  265.22690     5.0852     6.7882 -9.990e-29
 130.553116      3.465    14.3887  33.436437    26.9319      3.434  264.99046  265.23069     5.0852     6.8003 -9.990e-29
 130.553119      3.478    14.3878  33.436731    26.9328      3.447  264.99344  265.23362     5.3187     7.0025 -9.990e-29
 130.553122      3.491    14.3877  33.436261    26.9325      3.460  264.99485  265.23502     5.3498     7.0025 -9.990e-29
 130.553125      3.509    14.3872  33.436143    26.9327      3.478  264.99693  265.23708     5.2408     6.9903 -9.990e-29
 130.553128      3.531    14.3872  33.437614    26.9340      3.499  264.99486  265.23499     5.3654     6.9944 -9.990e-29
 130.553131      3.549    14.3875  33.437673    26.9339      3.517  264.99352  265.23367     5.2564     6.9944 -9.990e-29
 130.553134      3.571    14.3881  33.437378    26.9331      3.539  264.99119  265.23138     5.1786     7.0025 -9.990e-29
 130.553137      3.593    14.3885  33.436437    26.9320      3.561  264.99117  265.23138     5.4120     7.0227 -9.990e-29
 130.553139      3.613    14.3885  33.438261    26.9336      3.581  264.98820  265.22841     5.2564     6.9984 -9.990e-29
 130.553142      3.637    14.3886  33.437261    26.9327      3.604  264.98954  265.22975     5.3965     7.0106 -9.990e-29
 130.553145      3.659    14.3886  33.436967    26.9324      3.626  264.99003  265.23025     5.3187     7.0469 -9.990e-29
 130.553148      3.679    14.3884  33.437261    26.9328      3.646  264.99019  265.23039     5.3187     7.0550 -9.990e-29
 130.553151      3.695    14.3882  33.437202    26.9329      3.662  264.99123  265.23143     5.3654     7.0308 -9.990e-29
 130.553154      3.715    14.3878  33.437085    26.9330      3.682  264.99301  265.23318     5.3031     7.0389 -9.990e-29
 130.553157      3.733    14.3876  33.435909    26.9321      3.700  264.99588  265.23605     5.0074     7.3583 -9.990e-29
 130.553160      3.748    14.3873  33.436850    26.9332      3.714  264.99561  265.23575     5.1163     7.3583 -9.990e-29
 130.553163      3.764    14.3876  33.438026    26.9340      3.730  264.99244  265.23260     5.0541     7.3340 -9.990e-29
 130.553166      3.782    14.3878  33.438026    26.9339      3.749  264.99183  265.23199     5.0229     7.3098 -9.990e-29
 130.553168      3.808    14.3881  33.437085    26.9328      3.774  264.99181  265.23200     5.8323     6.6749 -9.990e-29
 130.553171      3.832    14.3884  33.438673    26.9340      3.797  264.98798  265.22817     5.7545     6.6588 -9.990e-29
 130.553174      3.854    14.3890  33.437262    26.9323      3.819  264.98810  265.22833     5.6611     6.6385 -9.990e-29
 130.553177      3.879    14.3891  33.434850    26.9301      3.845  264.99173  265.23199     5.8167     6.6628 -9.990e-29
 130.553180      3.903    14.3893  33.438085    26.9328      3.868  264.98553  265.22577     5.7078     6.6668 -9.990e-29
 130.553183      3.927    14.3899  33.439085    26.9333      3.892  264.98140  265.22167     5.0074     6.8205 -9.990e-29
 130.553186      3.949    14.3906  33.437262    26.9312      3.914  264.98125  265.22158     5.1163     6.8043 -9.990e-29
 130.553189      3.969    14.3912  33.436144    26.9298      3.933  264.98089  265.22126     4.9607     6.7962 -9.990e-29
 130.553192      3.978    14.3910  33.439085    26.9325      3.942  264.97672  265.21706     5.0852     6.8084 -9.990e-29
 130.553194      3.993    14.3906  33.439497    26.9332      3.957  264.97794  265.21825     5.3498     6.9256 -9.990e-29
 130.553197      4.004    14.3901  33.440085    26.9340      3.968  264.97887  265.21915     5.1630     6.9135 -9.990e-29
 130.553200      4.015    14.3900  33.441203    26.9351      3.979  264.97768  265.21795     5.3498     6.9459 -9.990e-29
 130.553203      4.031    14.3900  33.436733    26.9311      3.995  264.98467  265.22497     5.3187     6.9176 -9.990e-29
 130.553206      4.051    14.3897  33.440909    26.9351      4.015  264.97944  265.21969     5.0229     7.0308 -9.990e-29
 130.553209      4.071    14.3897  33.438850    26.9317      4.035  264.98250  265.22276     5.0541     7.0833 -9.990e-29
 130.553212      4.098    14.3897  33.437262    26.9317      4.062  264.98510  265.22538     5.0541     7.0753 0.0000e+00
 130.553215      4.124    14.3894  33.440968    26.9317      4.087  264.98033  265.22056     5.1475     7.0429 -9.990e-29
 130.553218      4.148    14.3893  33.441674    26.9360      4.111  264.97982  265.22004     5.3342     6.9176 -9.990e-29
 130.553220      4.173    14.3897  33.442909    26.9368      4.136  264.97625  265.21648     5.3498     6.9378 -9.990e-29
 130.553223      4.195    14.3905  33.442086    26.9355      4.157  264.97415  265.21444     5.3031     6.9176 -9.990e-29
 130.553226      4.215    14.3909  33.440792    26.9340      4.177  264.97439  265.21472     5.2408     6.9378 -9.990e-29
 130.553229      4.231    14.3910  33.442086    26.9351      4.193  264.97198  265.21230     5.3654     6.8731 -9.990e-29
 130.553232      4.242    14.3909  33.442262    26.9354      4.204  264.97233  265.21263     5.7700     7.2330 -9.990e-29
 130.553235      4.260    14.3905  33.439498    26.9332      4.222  264.97841  265.21872     5.8478     7.1966 -9.990e-29
 130.553238      4.277    14.3903  33.442439    26.9359      4.238  264.97457  265.21484     5.7389     7.1763 -9.990e-29
 130.553241      4.297    14.3903  33.440145    26.9338      4.258  264.97801  265.21830     5.7545     7.2127 -9.990e-29
 130.553244      4.317    14.3906  33.442086    26.9354      4.278  264.97391  265.21420     5.1630     7.0025 -9.990e-29
 130.553247      4.344    14.3903  33.442910    26.9363      4.305  264.97353  265.21380     5.2875     7.0065 -9.990e-29
 130.553249      4.368    14.3899  33.443498    26.9371      4.329  264.97446  265.21471     5.2564     7.0065 -9.990e-29
 130.553252      4.390    14.3901  33.442674    26.9362      4.351  264.97488  265.21514     5.2253     6.9701 -9.990e-29
 130.553255      4.414    14.3903  33.443910    26.9371      4.374  264.97194  265.21220     5.4432     7.0227 -9.990e-29
 130.553258      4.434    14.3904  33.443498    26.9367      4.394  264.97231  265.21258     5.5833     7.0025 -9.990e-29
 130.553261      4.452    14.3904  33.443322    26.9365      4.412  264.97260  265.21288     5.4743     7.0065 -9.990e-29
 130.553264      4.470    14.3906  33.442675    26.9358      4.430  264.97273  265.21302     5.4120     6.9620 -9.990e-29
 130.553267      4.489    14.3909  33.443910    26.9367      4.449  264.96947  265.20977     5.6922     7.0065 -9.990e-29
 130.553270      4.501    14.3909  33.443498    26.9364      4.461  264.97046  265.21076     5.5521     7.0389 -9.990e-29
 130.553273      4.516    14.3908  33.443498    26.9364      4.476  264.97079  265.21108     5.5210     6.9863 -9.990e-29
 130.553275      4.531    14.3905  33.444381    26.9374      4.490  264.97061  265.21088     5.5210     7.0227 -9.990e-29
 130.553278      4.543    14.3910  33.444792    26.9374      4.503  264.96775  265.20805     5.6299     6.9701 -9.990e-29
 130.553281      4.565    14.3912  33.444087    26.9366      4.525  264.96797  265.20829     5.6611     7.0914 -9.990e-29
 130.553284      4.589    14.3909  33.444381    26.9371      4.548  264.96876  265.20906     5.5210     7.0429 -9.990e-29
 130.553287      4.611    14.3907  33.444087    26.9370      4.570  264.97020  265.21048     5.5833     7.0469 -9.990e-29
 130.553290      4.635    14.3906  33.444146    26.9371      4.593  264.97074  265.21102     5.5833     7.0793 -9.990e-29
 130.553293      4.658    14.3907  33.444087    26.9370      4.617  264.97022  265.21051     5.7545     7.2572 -9.990e-29
 130.553296      4.684    14.3912  33.445616    26.9379      4.642  264.96555  265.20586     5.7700     7.2370 -9.990e-29
 130.553299      4.707    14.3917  33.445734    26.9377      4.665  264.96349  265.20382     5.8012     7.2613 -9.990e-29
 130.553302      4.729    14.3919  33.446028    26.9378      4.687  264.96208  265.20242     5.8945     7.2694 -9.990e-29
 130.553304      4.749    14.3924  33.443675    26.9354      4.707  264.96373  265.20412     5.2875     7.1561 -9.990e-29
 130.553307      4.768    14.3924  33.445852    26.9373      4.725  264.96051  265.20088     5.3809     7.1885 -9.990e-29
 130.553310      4.782    14.3922  33.445499    26.9371      4.739  264.96172  265.20208     5.3342     7.1844 -9.990e-29
 130.553313      4.795    14.3921  33.446264    26.9379      4.752  264.96111  265.20146     5.3031     7.1602 -9.990e-29
 130.553316      4.809    14.3924  33.445087    26.9366      4.766  264.96178  265.20216     5.6144     7.0308 -9.990e-29
 130.553319      4.826    14.3926  33.445852    26.9372      4.782  264.95960  265.19998     5.5366     7.0429 -9.990e-29
 130.553322      4.846    14.3921  33.446264    26.9378      4.802  264.96082  265.20118     5.4899     7.0631 -9.990e-29
 130.553325      4.871    14.3923  33.446911    26.9383      4.828  264.95916  265.19951     5.4587     7.0914 -9.990e-29
 130.553328      4.893    14.3927  33.447499    26.9412      4.849  264.95664  265.19702     5.5210     7.0389 -9.990e-29
 130.553330      4.920    14.3936  33.451146    26.9412      4.876  264.94695  265.18735     5.7545     6.9944 0.0000e+00
 130.553333      4.946    14.3944  33.451970    26.9412      4.902  264.94217  265.18261     5.7389     6.9701 -9.990e-29
 130.553336      4.966    14.3952  33.451558    26.9404      4.921  264.93940  265.17989     5.8634     6.9863 -9.990e-29
 130.553339      4.990    14.3958  33.451087    26.9396      4.945  264.93799  265.17851     5.8634     6.9701 -9.990e-29
 130.553342      5.006    14.3961  33.450911    26.9392      4.961  264.93672  265.17726     5.9568     7.2047 -9.990e-29
 130.553345      5.021    14.3958  33.450911    26.9394      4.976  264.93798  265.17851     5.8478     7.1763 -9.990e-29
 130.553348      5.033    14.3957  33.450146    26.9388      4.988  264.93986  265.18039     5.8323     7.1885 -9.990e-29
 130.553351      5.044    14.3954  33.447734    26.9368      4.999  264.94505  265.18558     5.7545     7.1966 -9.990e-29
 130.553354      5.062    14.3946  33.448323    26.9379      5.017  264.94724  265.18772     6.1903     7.9082 -9.990e-29
 130.553356      5.079    14.3939  33.448794    26.9388      5.034  264.94962  265.19006     6.2369     7.8719 -9.990e-29
 130.553359      5.103    14.3937  33.448382    26.9386      5.057  264.95125  265.19167     6.3148     7.9042 -9.990e-29
 130.553362      5.123    14.3939  33.449735    26.9411      5.077  264.94811  265.18854     6.2836     7.8719 -9.990e-29
 130.553365      5.150    14.3946  33.451970    26.9411      5.104  264.94166  265.18211     6.2836     6.9863 0.0000e+00
 130.553368      5.179    14.3955  33.453559    26.9411      5.133  264.93501  265.17550     6.3303     6.9984 -9.990e-29
 130.553371      5.201    14.3962  33.453029    26.9409      5.155  264.93306  265.17360     6.2525     6.9863 -9.990e-29
 130.553374      5.223    14.3966  33.452735    26.9404      5.176  264.93199  265.17255     6.2525     6.9782 -9.990e-29
 130.553377      5.245    14.3969  33.453029    26.9404      5.198  264.93027  265.17084     6.2992     6.9580 -9.990e-29
 130.553380      5.267    14.3970  33.453735    26.9410      5.220  264.92850  265.16908     5.5521     7.2047 -9.990e-29
 130.553383      5.283    14.3975  33.455147    26.9419      5.236  264.92433  265.16492     5.4587     7.2047 -9.990e-29
 130.553385      5.296    14.3981  33.454559    26.9409      5.249  264.92278  265.16342     5.4899     7.1763 -9.990e-29
 130.553388      5.310    14.3983  33.454912    26.9412      5.263  264.92159  265.16223     5.5210     7.2087 -9.990e-29
 130.553391      5.325    14.3983  33.455735    26.9418      5.278  264.91994  265.16058     6.5171     7.4715 -9.990e-29
 130.553394      5.342    14.3989  33.457030    26.9426      5.294  264.91565  265.15630     6.6261     7.4271 -9.990e-29
 130.553397      5.362    14.3995  33.459383    26.9443      5.314  264.90931  265.14999     6.4237     7.4634 -9.990e-29
 130.553400      5.384    14.4004  33.460206    26.9443      5.335  264.90391  265.14463     6.5327     7.4311 -9.990e-29
 130.553403      5.407    14.4013  33.460206    26.9437      5.359  264.90047  265.14124     5.7700     7.3098 -9.990e-29
 130.553406      5.431    14.4022  33.460383    26.9433      5.383  264.89643  265.13725     5.8634     7.3381 -9.990e-29
 130.553409      5.457    14.4029  33.459147    26.9416      5.408  264.89532  265.13620     5.8945     7.2936 -9.990e-29
 130.553411      5.477    14.4032  33.458559    26.9409      5.428  264.89504  265.13593     5.7545     7.3260 -9.990e-29
 130.553414      5.495    14.4035  33.459559    26.9416      5.446  264.89217  265.13307     5.2875     6.9984 -9.990e-29
 130.553417      5.521    14.4032  33.458794    26.9411      5.471  264.89468  265.13557     5.3031     6.9782 -9.990e-29
 130.553420      5.542    14.4028  33.458089    26.9408      5.493  264.89773  265.13860     5.3187     7.0389 -9.990e-29
 130.553423      5.557    14.4026  33.458383    26.9412      5.507  264.89820  265.13906     5.3654     6.9903 -9.990e-29
 130.553426      5.568    14.4022  33.459148    26.9421      5.518  264.89853  265.13936     5.2720     6.9863 -9.990e-29
 130.553429      5.584    14.4022  33.459383    26.9423      5.534  264.89815  265.13898     6.0191     7.3260 -9.990e-29
 130.553432      5.595    14.4026  33.459560    26.9422      5.545  264.89599  265.13684     6.0502     7.3057 -9.990e-29
 130.553435      5.615    14.4029  33.459560    26.9419      5.565  264.89475  265.13562     5.9724     7.3179 -9.990e-29
 130.553438      5.635    14.4032  33.459795    26.9420      5.585  264.89343  265.13431     6.1280     7.3340 -9.990e-29
 130.553440      5.659    14.4032  33.459795    26.9410      5.608  264.89345  265.13433     5.5366     7.5079 -9.990e-29
 130.553443      5.684    14.4032  33.458736    26.9410      5.633  264.89487  265.13577     5.4899     7.5079 0.0000e+00
