Processed/SBE19plus_01907321_2022_05_05_Cast37_wfilter.cnv
* Sea-Bird SBE19plus  Data File:
* FileName = E:\Prandtl Daten\2022\CTD\Raw\SBE19plus_01907321_2022_05_05_Cast37.hex
* Software version 2.6.1.12
* Temperature SN = 7321
* Conductivity SN = 7321
* System UpLoad Time = May 05 2022 13:26:50
* <ApplicationData>
* <Seaterm232>
** Messpraktikum 2022
** CTD 05.05 BM
# nquan = 11
# nvalues = 646                         
# units = specified
# name 0 = timeJ: Julian Days
# name 1 = prdM: Pressure, Strain Gauge [db]
# name 2 = tv290C: Temperature [ITS-90, deg C]
# name 3 = c0mS/cm: Conductivity [mS/cm]
# name 4 = sal00: Salinity, Practical [PSU]
# name 5 = depSM: Depth [salt water, m], lat = 54.00
# name 6 = oxsatMm/Kg: Oxygen Saturation, Weiss [umol/kg]
# name 7 = oxsolMm/Kg: Oxygen Saturation, Garcia & Gordon [umol/kg]
# name 8 = turbWETntu0: Turbidity, WET Labs ECO [NTU]
# name 9 = flECO-AFL: Fluorescence, WET Labs ECO-AFL/FL [mg/m^3]
# name 10 = flag:  0.000e+00
# span 0 = 125.555029, 125.556895       
# span 1 =      0.557,     16.774       
# span 2 =    12.0105,    12.1096       
# span 3 =  31.762408,  32.126255       
# span 4 =    27.0181,    27.4218       
# span 5 =      0.552,     16.624       
# span 6 =  277.46113,  277.80598       
# span 7 =  277.56660,  277.91693       
# span 8 =    15.2953,    65.9101       
# span 9 =     7.0995,    16.1613       
# span 10 = 0.0000e+00, 0.0000e+00      
# interval = seconds: 0.25
# start_time = May 05 2022 13:17:50 [Instrument's time stamp, header]
# bad_flag = -9.990e-29
*END*
 125.555029      0.557    12.1096  31.788062    27.0377      0.552  277.72349  277.83570    17.3187     8.3692 -9.990e-29
 125.555032      0.562    12.1085  31.789619    27.0399      0.557  277.72539  277.83751    17.3654     8.3733 -9.990e-29
 125.555035      0.566    12.1071  31.790426    27.0417      0.561  277.73025  277.84226    16.2603     8.5997 -9.990e-29
 125.555038      0.568    12.1057  31.792618    27.0448      0.563  277.73256  277.84446    16.4315     8.5471 -9.990e-29
 125.555041      0.581    12.1043  31.794809    27.0484      0.575  277.73489  277.84666    16.3537     8.5471 -9.990e-29
 125.555043      0.608    12.1029  31.794406    27.0484      0.603  277.74197  277.85366    16.3381     8.5552 0.0000e+00
 125.555046      0.639    12.1015  31.794637    27.0484      0.633  277.74790  277.85949    16.9451     8.0093 -9.990e-29
 125.555049      0.659    12.1009  31.794810    27.0503      0.653  277.75044  277.86198    16.8206     8.0417 -9.990e-29
 125.555052      0.684    12.1005  31.796425    27.0521      0.678  277.74940  277.86090    16.8362     7.9932 -9.990e-29
 125.555055      0.703    12.1006  31.796713    27.0523      0.696  277.74857  277.86007    16.8050     8.0376 -9.990e-29
 125.555058      0.726    12.1006  31.798616    27.0552      0.720  277.74478  277.85626    15.4198     7.6292 -9.990e-29
 125.555061      0.754    12.1004  31.799597    27.0559      0.747  277.74427  277.85572    15.3887     7.6171 0.0000e+00
 125.555064      0.785    12.0999  31.800808    27.0557      0.778  277.74429  277.85569    15.3264     7.6333 0.0000e+00
 125.555067      0.810    12.0997  31.799770    27.0566      0.803  277.74684  277.85825    15.5132     7.6211 0.0000e+00
 125.555069      0.840    12.0996  31.800981    27.0566      0.832  277.74527  277.85666    15.3731     7.6333 0.0000e+00
 125.555072      0.867    12.0995  31.800577    27.0570      0.859  277.74635  277.85773    15.9023     7.4392 0.0000e+00
 125.555075      0.892    12.0996  31.801962    27.0573      0.884  277.74351  277.85489    15.9023     7.4432 0.0000e+00
 125.555078      0.922    12.0993  31.801385    27.0579      0.913  277.74585  277.85721    15.7311     7.4634 -9.990e-29
 125.555081      0.938    12.0988  31.801558    27.0581      0.930  277.74808  277.85940    15.7311     7.4634 -9.990e-29
 125.555084      0.951    12.0985  31.801385    27.0581      0.942  277.74935  277.86066    15.5443     7.2330 -9.990e-29
 125.555087      0.958    12.0983  31.800578    27.0575      0.950  277.75210  277.86340    15.3887     7.2370 -9.990e-29
 125.555090      0.976    12.0985  31.795388    27.0524      0.968  277.76036  277.87173    15.6222     7.2370 -9.990e-29
 125.555093      1.002    12.1002  31.785873    27.0423      0.993  277.77021  277.88180    15.4510     7.2491 -9.990e-29
 125.555095      1.026    12.1031  31.762408    27.0181      1.016  277.80023  277.91227    15.4510     7.3866 -9.990e-29
 125.555098      1.057    12.1053  31.789044    27.0415      1.047  277.74134  277.85325    15.3887     7.3785 -9.990e-29
 125.555101      1.077    12.1063  31.788871    27.0407      1.067  277.73724  277.84922    15.4665     7.3866 -9.990e-29
 125.555104      1.094    12.1071  31.785873    27.0372      1.084  277.73894  277.85101    15.2953     7.3624 -9.990e-29
 125.555107      1.077    12.1080  31.788467    27.0391      1.067  277.73038  277.84248    15.7622     7.4311 -9.990e-29
 125.555110      1.064    12.1080  31.794407    27.0447      1.055  277.71950  277.83153    15.8089     7.4392 -9.990e-29
 125.555113      1.066    12.1064  31.791062    27.0426      1.057  277.73259  277.84455    15.9179     7.4554 -9.990e-29
 125.555116      1.066    12.1060  31.792619    27.0444      1.056  277.73195  277.84386    15.8089     7.4392 -9.990e-29
 125.555119      1.075    12.1054  31.793196    27.0470      1.066  277.73343  277.84530    15.8556     7.4392 -9.990e-29
 125.555122      1.101    12.1045  31.794234    27.0470      1.091  277.73566  277.84746    16.0268     7.1238 0.0000e+00
 125.555124      1.132    12.1034  31.797002    27.0470      1.122  277.73536  277.84705    16.1202     7.0995 -9.990e-29
 125.555127      1.156    12.1023  31.800174    27.0541      1.145  277.73463  277.84621    16.0891     7.1116 -9.990e-29
 125.555130      1.179    12.1005  31.800578    27.0558      1.169  277.74213  277.85358    16.1358     7.1359 -9.990e-29
 125.555133      1.203    12.0988  31.800002    27.0608      1.192  277.75111  277.86245    16.4938     7.4149 -9.990e-29
 125.555136      1.241    12.0970  31.803174    27.0620      1.230  277.75323  277.86442    16.5871     7.4271 0.0000e+00
 125.555139      1.282    12.0958  31.804962    27.0633      1.270  277.75536  277.86644    16.5560     7.4594 0.0000e+00
 125.555142      1.333    12.0944  31.803982    27.0633      1.321  277.76352  277.87452    16.4626     7.4230 0.0000e+00
 125.555145      1.384    12.0934  31.801964    27.0629      1.372  277.77168  277.88263    16.6494     7.4634 0.0000e+00
 125.555148      1.424    12.0922  31.801849    27.0622      1.411  277.77761  277.88848    16.5716     7.4230 0.0000e+00
 125.555150      1.460    12.0913  31.793429    27.0556      1.447  277.79686  277.90776    16.3537     7.4473 0.0000e+00
 125.555153      1.508    12.0913  31.788470    27.0539      1.494  277.80598  277.91693    16.6338     7.4311 0.0000e+00
 125.555156      1.546    12.0918  31.792045    27.0524      1.532  277.79724  277.90819    15.3576     7.3583 0.0000e+00
 125.555159      1.581    12.0922  31.791815    27.0539      1.566  277.79579  277.90677    15.3887     7.3462 -9.990e-29
 125.555162      1.602    12.0923  31.788470    27.0502      1.588  277.80162  277.91264    15.3420     7.3179 -9.990e-29
 125.555165      1.615    12.0935  31.786452    27.0474      1.601  277.79994  277.91107    15.3420     7.3017 -9.990e-29
 125.555168      1.625    12.0953  31.788643    27.0482      1.610  277.78802  277.89925    15.5132     7.3421 -9.990e-29
 125.555171      1.637    12.0964  31.801561    27.0596      1.622  277.75930  277.87046    16.9918     7.4918 -9.990e-29
 125.555174      1.655    12.0960  31.810962    27.0687      1.641  277.74367  277.85471    16.9918     7.5039 -9.990e-29
 125.555177      1.674    12.0948  31.818287    27.0765      1.659  277.73596  277.84683    17.1941     7.4998 -9.990e-29
 125.555179      1.679    12.0934  31.828498    27.0870      1.664  277.72326  277.83393    17.0229     7.5201 -9.990e-29
 125.555182      1.694    12.0913  31.829479    27.0895      1.679  277.73127  277.84178    17.2408     7.4634 -9.990e-29
 125.555185      1.712    12.0899  31.839634    27.1001      1.697  277.71900  277.82930    17.2875     7.5160 -9.990e-29
 125.555188      1.732    12.0877  31.857407    27.1184      1.716  277.69623  277.80620    17.3965     7.4796 -9.990e-29
 125.555191      1.754    12.0850  31.861794    27.1244      1.738  277.70053  277.81027    17.2253     7.5079 -9.990e-29
 125.555194      1.779    12.0830  31.863987    27.1261      1.763  277.70537  277.81495    16.9607     7.2855 -9.990e-29
 125.555197      1.809    12.0817  31.860986    27.1307      1.792  277.71690  277.82641    17.0696     7.2572 0.0000e+00
 125.555200      1.834    12.0804  31.869759    27.1307      1.818  277.70652  277.81585    17.0229     7.2208 0.0000e+00
 125.555203      1.862    12.0793  31.877148    27.1352      1.845  277.69804  277.80722    16.9296     7.2491 -9.990e-29
 125.555205      1.882    12.0783  31.880727    27.1557      1.865  277.69591  277.80499    17.9568     7.3502 -9.990e-29
 125.555208      1.913    12.0776  31.889329    27.1599      1.896  277.68364  277.79257    18.2525     7.4109 0.0000e+00
 125.555211      1.940    12.0769  31.897701    27.1641      1.923  277.67146  277.78025    18.0191     7.3421 0.0000e+00
 125.555214      1.967    12.0757  31.902725    27.1696      1.950  277.66732  277.77598    17.8634     7.3785 0.0000e+00
 125.555217      2.002    12.0751  31.906536    27.1736      1.984  277.66320  277.77177    18.2525     7.3704 0.0000e+00
 125.555220      2.037    12.0744  31.908500    27.1760      2.019  277.66277  277.77128    18.5327     7.3866 0.0000e+00
 125.555223      2.070    12.0736  31.910290    27.1782      2.051  277.66299  277.77142    18.5171     7.3664 0.0000e+00
 125.555226      2.106    12.0732  31.913524    27.1815      2.087  277.65897  277.76734    18.5171     7.3947 0.0000e+00
 125.555229      2.143    12.0729  31.917913    27.1859      2.123  277.65253  277.76083    18.5638     7.3502 0.0000e+00
 125.555231      2.184    12.0725  31.917914    27.1859      2.165  277.65413  277.76241    17.9568     7.5160 0.0000e+00
 125.555234      2.221    12.0725  31.899896    27.1692      2.201  277.68751  277.79598    17.8323     7.5120 0.0000e+00
 125.555237      2.255    12.0727  31.871955    27.1560      2.235  277.73784  277.84661    17.7856     7.5160 0.0000e+00
 125.555240      2.285    12.0734  31.865548    27.1428      2.264  277.74613  277.85503    17.9101     7.5564 -9.990e-29
 125.555243      2.310    12.0739  31.863355    27.1334      2.290  277.74796  277.85692    18.2214     7.5160 -9.990e-29
 125.555246      2.339    12.0744  31.863355    27.1378      2.318  277.74577  277.85476    18.1903     7.5362 0.0000e+00
 125.555249      2.367    12.0747  31.872936    27.1422      2.346  277.72695  277.83586    18.0502     7.4918 0.0000e+00
 125.555252      2.394    12.0748  31.877727    27.1466      2.372  277.71787  277.82673    18.1591     7.4958 0.0000e+00
 125.555255      2.423    12.0746  31.879344    27.1466      2.402  277.71556  277.82439    18.0969     7.4998 0.0000e+00
 125.555258      2.454    12.0746  31.873744    27.1430      2.432  277.72585  277.83474    18.0346     7.4837 0.0000e+00
 125.555260      2.480    12.0748  31.864567    27.1386      2.458  277.74175  277.85075    18.0502     7.4918 0.0000e+00
 125.555263      2.511    12.0750  31.860758    27.1342      2.488  277.74812  277.85718    18.0191     7.4918 -9.990e-29
 125.555266      2.533    12.0750  31.860989    27.1283      2.510  277.74740  277.85646    18.1903     7.5039 -9.990e-29
 125.555269      2.562    12.0753  31.858796    27.1283      2.539  277.75017  277.85928    17.3809     7.4554 0.0000e+00
 125.555272      2.588    12.0753  31.855391    27.1283      2.564  277.75644  277.86557    17.2875     7.4675 -9.990e-29
 125.555275      2.606    12.0755  31.855218    27.1249      2.583  277.75613  277.86528    17.2720     7.4715 -9.990e-29
 125.555278      2.628    12.0753  31.850024    27.1201      2.604  277.76630  277.87550    17.4120     7.4675 -9.990e-29
 125.555281      2.644    12.0753  31.847024    27.1094      2.621  277.77182  277.88105    17.4120     7.5160 -9.990e-29
 125.555284      2.670    12.0753  31.838657    27.1094      2.646  277.78750  277.89681    17.6766     7.4715 0.0000e+00
 125.555286      2.696    12.0752  31.837446    27.1094      2.672  277.79005  277.89937    17.6922     7.5120 -9.990e-29
 125.555289      2.719    12.0750  31.835830    27.1110      2.695  277.79366  277.90299    17.5677     7.5241 -9.990e-29
 125.555292      2.758    12.0748  31.840042    27.1128      2.733  277.78723  277.89649    17.3498     7.6535 0.0000e+00
 125.555295      2.787    12.0745  31.843620    27.1146      2.762  277.78195  277.89116    17.4120     7.6333 0.0000e+00
 125.555298      2.822    12.0742  31.844255    27.1154      2.797  277.78207  277.89126    17.2875     7.6495 0.0000e+00
 125.555301      2.856    12.0739  31.850025    27.1210      2.831  277.77278  277.88188    17.4120     7.6131 0.0000e+00
 125.555304      2.891    12.0737  31.854411    27.1253      2.865  277.76571  277.87474    17.2564     7.6535 0.0000e+00
 125.555307      2.924    12.0736  31.855623    27.1253      2.898  277.76382  277.87284    16.8362     7.4634 0.0000e+00
 125.555310      2.952    12.0733  31.851988    27.1249      2.925  277.77209  277.88112    16.8050     7.4473 0.0000e+00
 125.555313      2.979    12.0733  31.851007    27.1233      2.952  277.77390  277.88295    16.7895     7.3866 -9.990e-29
 125.555315      2.999    12.0731  31.847025    27.1187      2.972  277.78217  277.89124    16.9918     7.4190 -9.990e-29
 125.555318      3.017    12.0730  31.847833    27.1195      2.990  277.78102  277.89008    17.3654     7.5928 -9.990e-29
 125.555321      3.035    12.0729  31.848814    27.1205      3.008  277.77954  277.88859    17.2564     7.5928 -9.990e-29
 125.555324      3.050    12.0732  31.852623    27.1239      3.023  277.77130  277.88033    17.4120     7.5686 -9.990e-29
 125.555327      3.072    12.0732  31.853200    27.1244      3.044  277.77026  277.87928    17.2253     7.5443 -9.990e-29
 125.555330      3.094    12.0733  31.854181    27.1273      3.066  277.76816  277.87717    17.1163     7.3704 -9.990e-29
 125.555333      3.125    12.0733  31.856374    27.1300      3.097  277.76416  277.87315    17.1163     7.3583 0.0000e+00
 125.555336      3.152    12.0733  31.862030    27.1326      3.124  277.75381  277.86274    16.9451     7.3583 0.0000e+00
 125.555339      3.181    12.0732  31.870168    27.1403      3.153  277.73922  277.84805    17.2097     7.3826 0.0000e+00
 125.555341      3.209    12.0734  31.875132    27.1449      3.180  277.72950  277.83829    17.8478     7.5767 0.0000e+00
 125.555344      3.238    12.0736  31.881944    27.1480      3.209  277.71608  277.82482    17.8323     7.5888 0.0000e+00
 125.555347      3.265    12.0734  31.887948    27.1512      3.236  277.70572  277.81438    17.8167     7.5848 -9.990e-29
 125.555350      3.288    12.0736  31.888525    27.1573      3.258  277.70373  277.81240    17.9724     7.6009 -9.990e-29
 125.555353      3.315    12.0735  31.894299    27.1628      3.285  277.69379  277.80239    17.7700     7.5605 -9.990e-29
 125.555356      3.333    12.0734  31.895338    27.1639      3.303  277.69253  277.80111    17.2564     7.4796 -9.990e-29
 125.555359      3.355    12.0732  31.892740    27.1615      3.325  277.69794  277.80654    17.5054     7.5726 -9.990e-29
 125.555362      3.379    12.0729  31.886505    27.1559      3.348  277.71065  277.81930    17.1475     7.5322 -9.990e-29
 125.555365      3.402    12.0732  31.884138    27.1515      3.372  277.71406  277.82275    17.3809     7.4958 -9.990e-29
 125.555367      3.433    12.0730  31.881945    27.1514      3.403  277.71874  277.82744    17.6766     7.5079 0.0000e+00
 125.555370      3.462    12.0730  31.881714    27.1513      3.432  277.71918  277.82788    17.7078     7.4473 0.0000e+00
 125.555373      3.493    12.0731  31.881137    27.1513      3.462  277.71994  277.82866    17.6922     7.5322 0.0000e+00
 125.555376      3.524    12.0729  31.882349    27.1512      3.493  277.71837  277.82706    17.6144     7.5079 0.0000e+00
 125.555379      3.557    12.0730  31.881714    27.1516      3.525  277.71924  277.82795    17.0541     7.5079 0.0000e+00
 125.555382      3.588    12.0727  31.882118    27.1512      3.556  277.71979  277.82846    17.1786     7.5120 -9.990e-29
 125.555385      3.612    12.0727  31.881945    27.1516      3.580  277.72012  277.82880    17.0229     7.5362 -9.990e-29
 125.555388      3.637    12.0729  31.882580    27.1521      3.605  277.71803  277.82671    16.9607     7.5079 -9.990e-29
 125.555391      3.663    12.0730  31.882754    27.1522      3.630  277.71741  277.82610    18.4860     7.6414 -9.990e-29
 125.555394      3.677    12.0732  31.884312    27.1535      3.644  277.71393  277.82261    18.5949     7.6616 -9.990e-29
 125.555396      3.696    12.0731  31.886506    27.1556      3.663  277.71023  277.81889    18.4860     7.6454 -9.990e-29
 125.555399      3.710    12.0730  31.890316    27.1593      3.677  277.70357  277.81218    18.5327     7.6373 -9.990e-29
 125.555402      3.734    12.0727  31.891356    27.1605      3.701  277.70294  277.81152    18.5327     7.6373 -9.990e-29
 125.555405      3.754    12.0725  31.893319    27.1655      3.720  277.70062  277.80916    17.7233     7.6616 -9.990e-29
