Processed/SBE19plus_01907321_2022_05_08_Cast86_wfilter.cnv
* Sea-Bird SBE19plus  Data File:
* FileName = E:\Prandtl Daten\2022\CTD\Raw\SBE19plus_01907321_2022_05_08_Cast86.hex
* Software version 2.6.1.12
* Temperature SN = 7321
* Conductivity SN = 7321
* System UpLoad Time = May 08 2022 12:02:41
* <ApplicationData>
* <Seaterm232>
** Messpraktikum 2022
** CTD 08.05 NP4
** NMEA Latitude = 54 10.44 N
** NMEA Longitude = 008 38.53 E
# nquan = 11
# nvalues = 628                         
# units = specified
# name 0 = timeJ: Julian Days
# name 1 = prdM: Pressure, Strain Gauge [db]
# name 2 = tv290C: Temperature [ITS-90, deg C]
# name 3 = c0mS/cm: Conductivity [mS/cm]
# name 4 = sal00: Salinity, Practical [PSU]
# name 5 = depSM: Depth [salt water, m], lat = 54.00
# name 6 = oxsatMm/Kg: Oxygen Saturation, Weiss [umol/kg]
# name 7 = oxsolMm/Kg: Oxygen Saturation, Garcia & Gordon [umol/kg]
# name 8 = turbWETntu0: Turbidity, WET Labs ECO [NTU]
# name 9 = flECO-AFL: Fluorescence, WET Labs ECO-AFL/FL [mg/m^3]
# name 10 = flag:  0.000e+00
# span 0 = 128.496617, 128.498432       
# span 1 =      0.669,     14.436       
# span 2 =    12.5539,    12.6548       
# span 3 =  32.927617,  32.978340       
# span 4 =    27.7519,    27.7804       
# span 5 =      0.663,     14.307       
# span 6 =  273.15763,  273.68994       
# span 7 =  273.29472,  273.82076       
# span 8 =     2.9529,    72.8984       
# span 9 =     3.2661,    16.4039       
# span 10 = 0.0000e+00, 0.0000e+00      
# interval = seconds: 0.25
# start_time = May 08 2022 11:53:38 [Instrument's time stamp, header]
# bad_flag = -9.990e-29
*END*
[from data line 132]
 128.496999      3.512    12.6420  32.972091    27.7567      3.480  273.22356  273.35985     4.0891     3.3996 -9.990e-29
 128.497002      3.532    12.6422  32.972793    27.7572      3.500  273.22139  273.35769     4.0891     3.4036 -9.990e-29
 128.497005      3.548    12.6424  32.972968    27.7573      3.517  273.22047  273.35677     4.4004     3.7352 -9.990e-29
 128.497008      3.568    12.6425  32.972734    27.7569      3.536  273.22028  273.35659     4.3381     3.7352 -9.990e-29
 128.497011      3.576    12.6427  32.971448    27.7556      3.544  273.22195  273.35829     4.2603     3.7473 -9.990e-29
 128.497014      3.590    12.6427  32.973144    27.7571      3.558  273.21863  273.35496     4.2914     3.7109 -9.990e-29
 128.497017      3.601    12.6428  32.971097    27.7552      3.569  273.22197  273.35832     3.4821     3.7352 -9.990e-29
 128.497020      3.618    12.6415  32.969050    27.7542      3.585  273.23121  273.36750     3.5288     3.7473 -9.990e-29
 128.497023      3.636    12.6385  32.965482    27.7531      3.603  273.25093  273.38705     3.4821     3.7231 -9.990e-29
 128.497025      3.660    12.6353  32.966302    27.7580      3.627  273.26347  273.39937     3.6689     3.7393 -9.990e-29
 128.497028      3.687    12.6327  32.966127    27.7580      3.654  273.27499  273.41071     4.3848     3.6746 0.0000e+00
 128.497031      3.718    12.6312  32.967940    27.7580      3.685  273.27830  273.41391     4.2136     3.6422 -9.990e-29
 128.497034      3.743    12.6313  32.966536    27.7594      3.710  273.28051  273.41613     4.2759     3.6543 -9.990e-29
 128.497037      3.771    12.6304  32.962910    27.7566      3.737  273.29071  273.42631     4.3537     3.6746 -9.990e-29
 128.497040      3.794    12.6272  32.963203    27.7592      3.760  273.30418  273.43957     4.0580     3.7716 -9.990e-29
 128.497043      3.818    12.6254  32.963203    27.7606      3.784  273.31228  273.44754     4.0268     3.8080 -9.990e-29
 128.497046      3.836    12.6236  32.963555    27.7622      3.802  273.31943  273.45457     4.1980     3.7635 -9.990e-29
 128.497049      3.862    12.6229  32.965485    27.7645      3.827  273.31912  273.45419     4.0268     3.7878 -9.990e-29
 128.497052      3.887    12.6242  32.964256    27.7624      3.852  273.31542  273.45059     3.9490     3.7878 -9.990e-29
 128.497054      3.913    12.6246  32.962911    27.7608      3.878  273.31628  273.45149     4.5560     3.9859 -9.990e-29
 128.497057      3.933    12.6233  32.959461    27.7586      3.898  273.32803  273.46319     4.4315     3.9900 -9.990e-29
 128.497060      3.955    12.6211  32.958409    27.7607      3.919  273.33955  273.47457     4.6494     3.9778 -9.990e-29
 128.497063      3.982    12.6185  32.958000    27.7607      3.946  273.35179  273.48664     4.6027     3.9980 0.0000e+00
 128.497066      4.008    12.6158  32.957824    27.7607      3.972  273.36392  273.49859     4.6183     3.9414 -9.990e-29
 128.497069      4.031    12.6138  32.958410    27.7645      3.995  273.37128  273.50582     4.5716     4.0061 -9.990e-29
 128.497072      4.057    12.6128  32.957825    27.7647      4.021  273.37700  273.51147     4.5093     3.9819 -9.990e-29
 128.497075      4.080    12.6125  32.956538    27.7637      4.044  273.38055  273.51502     4.5560     4.0021 -9.990e-29
 128.497078      4.104    12.6124  32.956948    27.7642      4.067  273.38015  273.51460     4.2447     3.5937 -9.990e-29
 128.497080      4.124    12.6128  32.958176    27.7650      4.087  273.37642  273.51089     4.2603     3.6220 -9.990e-29
 128.497083      4.146    12.6130  32.959053    27.7657      4.109  273.37394  273.50841     4.2603     3.6220 -9.990e-29
 128.497086      4.166    12.6130  32.958410    27.7651      4.129  273.37510  273.50958     4.2759     3.6099 -9.990e-29
 128.497089      4.179    12.6128  32.958001    27.7649      4.141  273.37677  273.51124     4.2447     3.9778 -9.990e-29
 128.497092      4.193    12.6126  32.957591    27.7646      4.156  273.37844  273.51290     4.3070     4.0061 -9.990e-29
 128.497095      4.201    12.6123  32.958644    27.7658      4.163  273.37782  273.51224     4.3226     4.0183 -9.990e-29
 128.497098      4.212    12.6123  32.958410    27.7656      4.174  273.37824  273.51267     4.2603     3.9778 -9.990e-29
 128.497101      4.234    12.6122  32.958410    27.7656      4.196  273.37856  273.51299     4.2603     3.9940 -9.990e-29
 128.497104      4.254    12.6123  32.959229    27.7676      4.216  273.37650  273.51092     4.7584     3.9617 -9.990e-29
 128.497106      4.283    12.6135  32.961569    27.7668      4.244  273.36738  273.50186     4.7739     4.0102 0.0000e+00
 128.497109      4.314    12.6153  32.961101    27.7659      4.275  273.36047  273.49507     4.8362     4.0061 0.0000e+00
 128.497112      4.348    12.6170  32.961744    27.7652      4.310  273.35189  273.48660     4.8673     3.9778 0.0000e+00
 128.497115      4.383    12.6180  32.961978    27.7647      4.344  273.34715  273.48192     4.3537     3.8201 0.0000e+00
 128.497118      4.419    12.6187  32.961744    27.7639      4.380  273.34448  273.47931     4.3226     3.7756 0.0000e+00
 128.497121      4.451    12.6190  32.961744    27.7638      4.411  273.34326  273.47811     4.2447     3.8363 0.0000e+00
 128.497124      4.482    12.6197  32.962563    27.7637      4.442  273.33872  273.47360     4.2914     3.7797 -9.990e-29
 128.497127      4.500    12.6205  32.963615    27.7643      4.460  273.33313  273.46806     5.0696     3.6826 -9.990e-29
 128.497130      4.515    12.6217  32.963615    27.7634      4.474  273.32816  273.46318     5.0541     3.6705 -9.990e-29
 128.497133      4.524    12.6226  32.964142    27.7632      4.483  273.32319  273.45826     5.0541     3.6705 -9.990e-29
 128.497135      4.536    12.6231  32.964025    27.7628      4.496  273.32124  273.45634     5.0541     3.6665 -9.990e-29
 128.497138      4.546    12.6234  32.964434    27.7629      4.505  273.31896  273.45408     5.7078     3.8161 -9.990e-29
 128.497141      4.560    12.6238  32.964142    27.7623      4.519  273.31794  273.45309     5.8323     3.7797 -9.990e-29
 128.497144      4.580    12.6239  32.962563    27.7612      4.539  273.32014  273.45532     5.7078     3.7999 -9.990e-29
 128.497147      4.606    12.6234  32.962563    27.7615      4.565  273.32264  273.45778     5.6922     3.8080 0.0000e+00
 128.497150      4.633    12.6225  32.962563    27.7618      4.592  273.32639  273.46147     5.7233     3.7918 0.0000e+00
 128.497153      4.664    12.6216  32.962797    27.7624      4.623  273.33003  273.46505     5.7233     3.7352 0.0000e+00
 128.497156      4.690    12.6211  32.962154    27.7625      4.648  273.33337  273.46836     5.8167     3.7190 0.0000e+00
 128.497159      4.717    12.6203  32.960750    27.7624      4.675  273.33930  273.47425     5.6455     3.7433 -9.990e-29
 128.497161      4.739    12.6195  32.959698    27.7613      4.697  273.34492  273.47982     5.8167     3.7150 -9.990e-29
 128.497164      4.765    12.6183  32.959757    27.7622      4.722  273.34980  273.48463     5.1630     3.8282 -9.990e-29
 128.497167      4.783    12.6171  32.961102    27.7643      4.740  273.35270  273.48743     5.1941     3.8282 -9.990e-29
 128.497170      4.796    12.6168  32.960108    27.7636      4.753  273.35572  273.49045     5.3654     3.7918 -9.990e-29
 128.497173      4.807    12.6165  32.961160    27.7649      4.764  273.35541  273.49010     5.2564     3.7837 -9.990e-29
 128.497176      4.820    12.6165  32.959874    27.7636      4.777  273.35740  273.49210     5.2564     3.9697 -9.990e-29
 128.497179      4.840    12.6160  32.959465    27.7636      4.796  273.36032  273.49499     5.3187     3.9091 -9.990e-29
 128.497182      4.862    12.6150  32.959406    27.7643      4.818  273.36478  273.49939     5.2408     3.9253 -9.990e-29
 128.497185      4.887    12.6141  32.957360    27.7645      4.843  273.37249  273.50705     5.3965     3.9617 -9.990e-29
 128.497188      4.916    12.6118  32.957184    27.7655      4.872  273.38276  273.51717     4.8517     3.8848 0.0000e+00
 128.497190      4.946    12.6104  32.958003    27.7653      4.901  273.38784  273.52215     4.8206     3.8484 0.0000e+00
 128.497193      4.977    12.6098  32.956366    27.7660      4.932  273.39327  273.52755     4.8362     3.8403 0.0000e+00
 128.497196      5.008    12.6095  32.956951    27.7657      4.963  273.39349  273.52775     4.8673     3.8565 0.0000e+00
 128.497199      5.040    12.6091  32.958004    27.7660      4.995  273.39350  273.52772     4.8517     3.8484 -9.990e-29
 128.497202      5.064    12.6096  32.958413    27.7672      5.019  273.39030  273.52456     4.6961     3.5735 -9.990e-29
 128.497205      5.086    12.6107  32.959875    27.7678      5.040  273.38305  273.51736     4.7895     3.6341 -9.990e-29
 128.497208      5.101    12.6121  32.959583    27.7665      5.055  273.37737  273.51178     4.8050     3.6139 -9.990e-29
 128.497211      5.113    12.6133  32.960928    27.7668      5.068  273.36970  273.50418     4.7272     3.6018 -9.990e-29
 128.497214      5.128    12.6145  32.960694    27.7657      5.082  273.36484  273.49941     4.4004     3.9172 -9.990e-29
 128.497216      5.137    12.6160  32.961337    27.7652      5.091  273.35718  273.49184     4.1513     3.9010 -9.990e-29
 128.497219      5.153    12.6173  32.961746    27.7647      5.107  273.35087  273.48561     4.2292     3.9172 -9.990e-29
 128.497222      5.172    12.6190  32.962974    27.7646      5.125  273.34155  273.47639     4.2603     3.9455 -9.990e-29
 128.497225      5.190    12.6200  32.961161    27.7621      5.143  273.34013  273.47506     4.2292     3.7878 -9.990e-29
 128.497228      5.214    12.6204  32.962565    27.7630      5.167  273.33609  273.47103     4.4004     3.8039 -9.990e-29
 128.497231      5.243    12.6206  32.962565    27.7627      5.196  273.33518  273.47013     4.4159     3.7797 0.0000e+00
 128.497234      5.275    12.6208  32.962156    27.7630      5.228  273.33500  273.46997     4.3848     3.7676 0.0000e+00
 128.497237      5.306    12.6206  32.962975    27.7633      5.259  273.33450  273.46944     3.9957     3.7959 0.0000e+00
 128.497240      5.339    12.6207  32.962975    27.7633      5.291  273.33421  273.46916     4.0891     3.7393 0.0000e+00
 128.497242      5.366    12.6206  32.963150    27.7633      5.318  273.33422  273.46917     4.0735     3.7514 -9.990e-29
 128.497245      5.388    12.6210  32.964262    27.7642      5.340  273.33040  273.46536     4.0268     3.7352 -9.990e-29
 128.497248      5.403    12.6220  32.964846    27.7640      5.354  273.32501  273.46004     3.9957     3.7554 -9.990e-29
 128.497251      5.415    12.6233  32.964320    27.7626      5.367  273.32037  273.45549     4.4782     3.8565 -9.990e-29
 128.497254      5.430    12.6242  32.964437    27.7620      5.382  273.31613  273.45131     4.6338     3.8565 -9.990e-29
 128.497257      5.449    12.6244  32.963618    27.7611      5.400  273.31667  273.45187     4.6650     3.8767 -9.990e-29
 128.497260      5.474    12.6243  32.964729    27.7622      5.425  273.31533  273.45051     4.5871     3.8363 -9.990e-29
 128.497263      5.498    12.6245  32.965256    27.7625      5.449  273.31348  273.44867     4.5093     3.8039 -9.990e-29
 128.497266      5.521    12.6252  32.965256    27.7615      5.472  273.31038  273.44562     4.5249     3.8767 -9.990e-29
 128.497269      5.551    12.6262  32.965490    27.7612      5.501  273.30564  273.44094     4.5249     3.8242 0.0000e+00
 128.497271      5.584    12.6266  32.965080    27.7608      5.534  273.30484  273.44017     4.7117     3.7918 0.0000e+00
 128.497274      5.611    12.6266  32.964028    27.7603      5.561  273.30673  273.44207     5.5521     3.7959 0.0000e+00
 128.497277      5.642    12.6266  32.965139    27.7598      5.592  273.30446  273.43979     5.5521     3.7959 -9.990e-29
 128.497280      5.657    12.6264  32.965256    27.7610      5.606  273.30519  273.44051     5.4587     3.8444 -9.990e-29
 128.497283      5.672    12.6264  32.964847    27.7607      5.621  273.30624  273.44156     5.5988     3.7716 -9.990e-29
 128.497286      5.681    12.6265  32.964496    27.7603      5.630  273.30625  273.44158     4.7739     3.7918 -9.990e-29
 128.497289      5.692    12.6269  32.965081    27.7606      5.641  273.30366  273.43901     4.8517     3.8120 -9.990e-29
 128.497292      5.697    12.6266  32.964847    27.7605      5.646  273.30502  273.44035     4.8050     3.7676 -9.990e-29
 128.497295      5.719    12.6261  32.963911    27.7603      5.668  273.30887  273.44419     4.8673     3.7837 -9.990e-29
 128.497297      5.746    12.6251  32.963385    27.7597      5.695  273.31449  273.44973     4.8984     3.8120 0.0000e+00
 128.497300      5.774    12.6241  32.961338    27.7603      5.722  273.32250  273.45770     4.3226     4.0506 0.0000e+00
 128.497303      5.806    12.6232  32.963151    27.7607      5.754  273.32333  273.45845     4.2292     3.9980 0.0000e+00
 128.497306      5.836    12.6227  32.961982    27.7614      5.784  273.32761  273.46271     4.3848     4.0223 0.0000e+00
 128.497309      5.870    12.6224  32.962976    27.7618      5.818  273.32710  273.46217     4.2603     4.0466 0.0000e+00
 128.497312      5.896    12.6223  32.962918    27.7618      5.843  273.32754  273.46260     4.4626     3.7797 0.0000e+00
 128.497315      5.921    12.6221  32.962158    27.7616      5.868  273.32984  273.46490     4.5405     3.8120 0.0000e+00
 128.497318      5.949    12.6217  32.962392    27.7613      5.896  273.33099  273.46603     4.6183     3.8242 -9.990e-29
 128.497321      5.965    12.6217  32.962333    27.7617      5.912  273.33142  273.46645     4.5871     3.7999 -9.990e-29
 128.497323      5.976    12.6218  32.962977    27.7622      5.922  273.32966  273.46469     5.9879     3.8767 -9.990e-29
 128.497326      5.981    12.6222  32.961748    27.7608      5.928  273.32999  273.46506     6.1280     3.8767 -9.990e-29
 128.497329      6.001    12.6227  32.963912    27.7624      5.948  273.32397  273.45906     5.9257     3.9293 -9.990e-29
 128.497332      6.021    12.6229  32.962977    27.7614      5.967  273.32472  273.45983     6.0657     3.9010 -9.990e-29
 128.497335      6.043    12.6223  32.961749    27.7607      5.989  273.32972  273.46479     6.5949     3.9536 -9.990e-29
 128.497338      6.078    12.6209  32.961983    27.7619      6.023  273.33554  273.47052     6.3926     4.0304 -9.990e-29
 128.497341      6.103    12.6202  32.961749    27.7622      6.048  273.33876  273.47370     6.5949     4.0223 -9.990e-29
 128.497344      6.136    12.6197  32.961340    27.7622      6.081  273.34200  273.47691     6.4704     3.9576 0.0000e+00
 128.497347      6.169    12.6190  32.960170    27.7622      6.114  273.34690  273.48178     6.4860     3.9778 -9.990e-29
 128.497350      6.191    12.6180  32.959235    27.7614      6.136  273.35293  273.48775     5.5833     4.0304 -9.990e-29
 128.497352      6.216    12.6171  32.959878    27.7627      6.161  273.35584  273.49059     5.5521     3.9940 -9.990e-29
 128.497355      6.233    12.6161  32.959177    27.7628      6.177  273.36145  273.49614     5.5677     3.9455 -9.990e-29
 128.497358      6.251    12.6150  32.957188    27.7617      6.195  273.36967  273.50430     5.5210     4.0183 -9.990e-29
 128.497361      6.266    12.6138  32.959703    27.7650      6.210  273.37079  273.50531     6.6727     4.0910 -9.990e-29
 128.497364      6.271    12.6143  32.961750    27.7665      6.215  273.36466  273.49920     6.4860     4.0991 -9.990e-29
 128.497367      6.280    12.6159  32.960697    27.7643      6.224  273.35971  273.49437     6.4860     4.0830 -9.990e-29
 128.497370      6.301    12.6166  32.959060    27.7623      6.244  273.35953  273.49425     6.6261     4.1517 -9.990e-29
 128.497373      6.323    12.6159  32.956604    27.7633      6.266  273.36703  273.50173     6.9685     4.4388 -9.990e-29
