Processed/SBE19plus_01907321_2022_05_08_Cast79_wfilter.cnv
* Sea-Bird SBE19plus  Data File:
* FileName = E:\Prandtl Daten\2022\CTD\Raw\SBE19plus_01907321_2022_05_08_Cast79.hex
* Software version 2.6.1.12
* Temperature SN = 7321
* Conductivity SN = 7321
* System UpLoad Time = May 08 2022 09:29:10
* <ApplicationData>
* <Seaterm232>
** Messpraktikum 2022
** CTD 08.05 NP2
** NMEA Latitude = 54 09.25 N
** NMEA Longitude = 008 42.16 E
# nquan = 11
# nvalues = 399                         
# units = specified
# name 0 = timeJ: Julian Days
# name 1 = prdM: Pressure, Strain Gauge [db]
# name 2 = tv290C: Temperature [ITS-90, deg C]
# name 3 = c0mS/cm: Conductivity [mS/cm]
# name 4 = sal00: Salinity, Practical [PSU]
# name 5 = depSM: Depth [salt water, m], lat = 54.00
# name 6 = oxsatMm/Kg: Oxygen Saturation, Weiss [umol/kg]
# name 7 = oxsolMm/Kg: Oxygen Saturation, Garcia & Gordon [umol/kg]
# name 8 = turbWETntu0: Turbidity, WET Labs ECO [NTU]
# name 9 = flECO-AFL: Fluorescence, WET Labs ECO-AFL/FL [mg/m^3]
# name 10 = flag:  0.000e+00
# span 0 = 128.391288, 128.392439       
# span 1 =      0.694,     11.416       
# span 2 =    12.0492,    12.6813       
# span 3 =  32.075532,  32.400640       
# span 4 =    27.1958,    27.3583       
# span 5 =      0.687,     11.314       
# span 6 =  274.06773,  277.47318       
# span 7 =  274.21220,  277.57817       
# span 8 =     2.2214,   101.2097       
# span 9 =     2.1865,    19.9785       
# span 10 = 0.0000e+00, 0.0000e+00      
# interval = seconds: 0.25
# start_time = May 08 2022 09:22:04 [Instrument's time stamp, header]
# bad_flag = -9.990e-29
*END*
[from data line 263]
 128.392049      7.936    12.3410  32.229497    27.2816      7.865  275.88589  276.00934     8.9607     5.6074 0.0000e+00
 128.392052      7.969    12.3351  32.219643    27.2811      7.898  275.93015  276.05329     9.1941     5.6155 0.0000e+00
 128.392054      7.998    12.3232  32.215181    27.2811      7.927  275.99138  276.11376     9.1008     5.6681 0.0000e+00
 128.392057      8.027    12.3114  32.207880    27.2820      7.955  276.05713  276.17879     8.9140     5.3122 0.0000e+00
 128.392060      8.057    12.2996  32.209909    27.2828      7.984  276.10630  276.22713     8.8517     5.3122 -9.990e-29
 128.392063      8.080    12.2931  32.209736    27.2979      8.008  276.13555  276.25594     8.8050     5.2637 -9.990e-29
 128.392066      8.106    12.2907  32.208114    27.2981      8.033  276.14920  276.26944     9.1475     5.3163 -9.990e-29
 128.392069      8.124    12.2901  32.208693    27.2991      8.051  276.15099  276.27118     9.3031     5.2394 -9.990e-29
 128.392072      8.148    12.2893  32.207708    27.2988      8.075  276.15656  276.27671     9.2253     5.2111 -9.990e-29
 128.392075      8.171    12.2881  32.207477    27.2988      8.098  276.16234  276.28241     9.3031     5.2273 -9.990e-29
 128.392078      8.202    12.2866  32.205680    27.2992      8.129  276.17222  276.29221     9.1786     5.2152 0.0000e+00
 128.392080      8.233    12.2847  32.205043    27.2996      8.160  276.18189  276.30175     9.2875     5.6276 0.0000e+00
 128.392083      8.264    12.2830  32.205855    27.3002      8.190  276.18798  276.30772     9.2253     5.6398 0.0000e+00
 128.392086      8.299    12.2828  32.204232    27.3002      8.224  276.19189  276.31163     9.1786     5.6600 0.0000e+00
 128.392089      8.330    12.2819  32.203247    27.2999      8.255  276.19779  276.31748     9.4432     5.5953 0.0000e+00
 128.392092      8.359    12.2800  32.197336    27.2978      8.284  276.21701  276.33664     9.4899     5.5993 0.0000e+00
 128.392095      8.386    12.2755  32.194787    27.2957      8.311  276.24147  276.36081     8.8362     5.6317 -9.990e-29
 128.392098      8.410    12.2703  32.191948    27.2977      8.335  276.26990  276.38892     8.8517     5.6357 -9.990e-29
 128.392101      8.441    12.2653  32.186908    27.2966      8.365  276.30139  276.42012     8.6183     5.6276 -9.990e-29
 128.392104      8.465    12.2589  32.185460    27.2998      8.389  276.33265  276.45096     8.8362     5.6236 -9.990e-29
 128.392106      8.484    12.2534  32.183085    27.3017      8.408  276.36182  276.47977     8.4004     5.5629 -9.990e-29
 128.392109      8.508    12.2487  32.180652    27.3028      8.432  276.38732  276.50497     8.2603     5.5589 -9.990e-29
 128.392112      8.532    12.2442  32.178219    27.3053      8.456  276.41156  276.52894     8.0735     5.5387 -9.990e-29
 128.392115      8.563    12.2397  32.176366    27.3061      8.486  276.43539  276.55248     8.3848     5.5589 0.0000e+00
 128.392118      8.594    12.2362  32.175381    27.3069      8.517  276.45292  276.56978     9.8323     5.8217 0.0000e+00
 128.392121      8.631    12.2335  32.175787    27.3092      8.553  276.46416  276.58082     9.7389     5.8339 0.0000e+00
 128.392124      8.665    12.2324  32.175208    27.3092      8.588  276.47026  276.58686     9.6766     5.8258 0.0000e+00
 128.392127      8.700    12.2314  32.173760    27.3088      8.622  276.47732  276.59387     9.7700     5.8298 0.0000e+00
 128.392130      8.735    12.2298  32.170574    27.3070      8.657  276.49006  276.60653     8.7428     5.5670 0.0000e+00
 128.392133      8.766    12.2264  32.163102    27.3059      8.687  276.51907  276.63539     8.5249     5.5427 0.0000e+00
 128.392135      8.806    12.2202  32.162060    27.3059      8.727  276.54867  276.66457     8.7584     5.5670 0.0000e+00
 128.392138      8.834    12.2147  32.160844    27.3074      8.755  276.57543  276.69097     8.8517     5.5832 0.0000e+00
 128.392141      8.863    12.2109  32.160091    27.3088      8.783  276.59380  276.70908     8.8050     5.5144 -9.990e-29
 128.392144      8.883    12.2076  32.159281    27.3125      8.803  276.61038  276.72544     8.8984     5.5589 -9.990e-29
 128.392147      8.907    12.2048  32.156443    27.3126      8.827  276.62814  276.74304     8.6027     5.5468 -9.990e-29
 128.392150      8.934    12.2025  32.155459    27.3133      8.854  276.64001  276.75477     8.7895     5.5872 0.0000e+00
 128.392153      8.963    12.2003  32.155227    27.3140      8.883  276.65051  276.76512     8.9296     5.5589 0.0000e+00
 128.392156      8.990    12.1982  32.153837    27.3142      8.910  276.66250  276.77697     8.4471     5.7570 0.0000e+00
 128.392159      9.029    12.1964  32.155286    27.3168      8.948  276.66775  276.78208     8.3848     5.7732 0.0000e+00
 128.392161      9.063    12.1962  32.156444    27.3174      8.982  276.66660  276.78091     8.1202     5.7570 0.0000e+00
 128.392164      9.100    12.1968  32.156213    27.3174      9.018  276.66422  276.77858     8.1825     5.7409 0.0000e+00
 128.392167      9.135    12.1973  32.155634    27.3165      9.053  276.66341  276.77780     9.6299     5.6155 0.0000e+00
 128.392170      9.166    12.1973  32.154244    27.3155      9.084  276.66596  276.78037     9.4587     5.6438 0.0000e+00
 128.392173      9.200    12.1960  32.153607    27.3155      9.118  276.67281  276.78713     9.6922     5.6074 0.0000e+00
 128.392176      9.228    12.1948  32.153433    27.3158      9.145  276.67849  276.79273     9.6455     5.6276 0.0000e+00
 128.392179      9.257    12.1936  32.150190    27.3162      9.174  276.68976  276.80396     8.8673     5.7166 -9.990e-29
 128.392182      9.279    12.1918  32.148568    27.3138      9.196  276.70091  276.81500     8.8206     5.6721 -9.990e-29
 128.392185      9.301    12.1902  32.148974    27.3153      9.217  276.70710  276.82108     8.7584     5.6519 -9.990e-29
 128.392188      9.322    12.1888  32.149380    27.3164      9.239  276.71266  276.82654     8.7272     5.7125 -9.990e-29
 128.392190      9.353    12.1875  32.147990    27.3174      9.270  276.72119  276.83499     8.7428     5.7166 0.0000e+00
 128.392193      9.382    12.1865  32.149206    27.3183      9.298  276.72371  276.83743     8.6805     5.7409 0.0000e+00
 128.392196      9.414    12.1860  32.148975    27.3183      9.329  276.72604  276.83973     8.7272     5.7813 0.0000e+00
 128.392199      9.450    12.1862  32.149786    27.3183      9.365  276.72396  276.83765     8.7428     5.7772 0.0000e+00
 128.392202      9.486    12.1866  32.148801    27.3177      9.401  276.72389  276.83762     8.8206     5.7368 0.0000e+00
 128.392205      9.519    12.1860  32.147180    27.3177      9.434  276.72938  276.84309     9.0385     5.3567 0.0000e+00
 128.392208      9.554    12.1851  32.147759    27.3166      9.468  276.73275  276.84639     8.8517     5.3324 0.0000e+00
 128.392211      9.585    12.1846  32.145964    27.3179      9.499  276.73793  276.85156     9.1786     5.3971 0.0000e+00
 128.392214      9.612    12.1844  32.147586    27.3173      9.526  276.73594  276.84953     8.8984     5.3931 0.0000e+00
 128.392216      9.643    12.1844  32.146543    27.3181      9.557  276.73786  276.85147     9.3031     5.4254 -9.990e-29
 128.392219      9.667    12.1848  32.147760    27.3180      9.580  276.73409  276.84771     9.1786     5.4578 -9.990e-29
 128.392222      9.687    12.1851  32.148570    27.3172      9.600  276.73105  276.84468     9.2097     5.4457 -9.990e-29
 128.392225      9.712    12.1859  32.147760    27.3174      9.625  276.72909  276.84278     9.3498     5.4457 0.0000e+00
 128.392228      9.738    12.1864  32.148570    27.3173      9.651  276.72543  276.83915     9.0852     5.8986 0.0000e+00
 128.392231      9.765    12.1867  32.148571    27.3173      9.678  276.72387  276.83762     9.0385     5.9066 0.0000e+00
 128.392234      9.798    12.1870  32.148397    27.3170      9.710  276.72295  276.83672     9.2408     5.9026 0.0000e+00
 128.392237      9.833    12.1874  32.148397    27.3166      9.745  276.72109  276.83489     9.0229     5.8986 0.0000e+00
 128.392240      9.869    12.1876  32.148571    27.3166      9.781  276.71985  276.83366     9.0696     5.8945 0.0000e+00
 128.392242      9.904    12.1881  32.148571    27.3166      9.815  276.71799  276.83183     8.4782     5.2839 0.0000e+00
 128.392245      9.936    12.1887  32.150192    27.3174      9.847  276.71223  276.82609     8.2914     5.2799 0.0000e+00
 128.392248      9.969    12.1895  32.151003    27.3174      9.880  276.70700  276.82091     8.4626     5.3122 0.0000e+00
 128.392251     10.004    12.1906  32.151409    27.3171      9.915  276.70157  276.81555     8.6183     5.2961 0.0000e+00
 128.392254     10.037    12.1914  32.151640    27.3169      9.947  276.69740  276.81143     8.9296     5.4901 0.0000e+00
 128.392257     10.063    12.1921  32.151177    27.3167      9.973  276.69511  276.80920     9.1941     5.5023 -9.990e-29
 128.392260     10.085    12.1927  32.151409    27.3155      9.994  276.69219  276.80632     9.1630     5.4861 -9.990e-29
 128.392263     10.107    12.1937  32.151177    27.3152     10.016  276.68822  276.80242     8.9296     5.5185 -9.990e-29
 128.392266     10.134    12.1942  32.152220    27.3151     10.043  276.68383  276.79805     8.7272     5.5629 0.0000e+00
 128.392269     10.160    12.1947  32.152393    27.3152     10.069  276.68133  276.79558     8.9296     5.5953 0.0000e+00
 128.392271     10.193    12.1952  32.153031    27.3150     10.101  276.67830  276.79258     8.7117     5.5872 0.0000e+00
 128.392274     10.227    12.1958  32.153031    27.3149     10.136  276.67550  276.78982     8.9296     5.5468 0.0000e+00
 128.392277     10.264    12.1967  32.153899    27.3148     10.172  276.66985  276.78423     9.7545     5.5791 0.0000e+00
 128.392280     10.297    12.1975  32.154015    27.3144     10.205  276.66620  276.78063     9.7078     5.5872 0.0000e+00
 128.392283     10.332    12.1980  32.153204    27.3139     10.239  276.66550  276.77997     9.8634     5.5710 0.0000e+00
 128.392286     10.368    12.1975  32.152799    27.3133     10.275  276.66815  276.78260     9.6611     5.5185 -9.990e-29
 128.392289     10.392    12.1968  32.152394    27.3143     10.299  276.67237  276.78676     9.6922     5.5751 -9.990e-29
 128.392292     10.427    12.1960  32.152800    27.3145     10.333  276.67511  276.78945     8.7584     5.3729 0.0000e+00
 128.392295     10.452    12.1959  32.153031    27.3145     10.358  276.67533  276.78966     8.7584     5.3648 0.0000e+00
 128.392297     10.481    12.1958  32.150367    27.3146     10.387  276.68052  276.79487     8.6961     5.3729 -9.990e-29
 128.392300     10.498    12.1954  32.152221    27.3142     10.404  276.67904  276.79335     8.8206     5.3769 -9.990e-29
 128.392303     10.521    12.1954  32.153032    27.3149     10.427  276.67758  276.79188     9.1630     5.5710 -9.990e-29
 128.392306     10.548    12.1962  32.153611    27.3140     10.454  276.67277  276.78712     9.2564     5.5670 0.0000e+00
 128.392309     10.577    12.1968  32.152221    27.3131     10.483  276.67249  276.78690     9.1941     5.5387 0.0000e+00
 128.392312     10.614    12.1973  32.152221    27.3128     10.519  276.67063  276.78506     9.1163     5.5751 0.0000e+00
 128.392315     10.650    12.1973  32.152221    27.3127     10.555  276.67034  276.78478     8.3848     5.7328 0.0000e+00
 128.392318     10.685    12.1963  32.150599    27.3120     10.589  276.67803  276.79242     8.5560     5.7570 0.0000e+00
 128.392321     10.721    12.1939  32.147994    27.3112     10.625  276.69350  276.80774     8.6183     5.7530 0.0000e+00
 128.392323     10.754    12.1897  32.144519    27.3112     10.658  276.71872  276.83271     8.5249     5.7611 0.0000e+00
 128.392326     10.787    12.1858  32.145331    27.3140     10.690  276.73456  276.84828     8.5871     5.7570 0.0000e+00
 128.392329     10.818    12.1827  32.142319    27.3146     10.721  276.75422  276.86775     8.8673     5.7247 0.0000e+00
 128.392332     10.844    12.1785  32.142146    27.3154     10.746  276.77342  276.88667     8.7584     5.6964 0.0000e+00
 128.392335     10.871    12.1758  32.141741    27.3169     10.773  276.78613  276.89919     8.8517     5.6964 -9.990e-29
 128.392338     10.891    12.1734  32.135661    27.3145     10.793  276.80792  276.92089     8.6494     5.6681 -9.990e-29
 128.392341     10.918    12.1671  32.129640    27.3134     10.820  276.84722  276.95982    10.0502     6.0037 -9.990e-29
 128.392344     10.942    12.1581  32.124835    27.3195     10.844  276.89626  277.00829    10.0191     6.0482 -9.990e-29
 128.392347     10.969    12.1488  32.121883    27.3217     10.871  276.94350  277.05491     9.8634     6.0158 0.0000e+00
 128.392350     11.004    12.1405  32.120205    27.3239     10.905  276.98370  277.09456    10.0657     6.0320 0.0000e+00
 128.392352     11.042    12.1347  32.117137    27.3253     10.943  277.01543  277.12592    10.2214     6.2140 0.0000e+00
 128.392355     11.079    12.1288  32.112912    27.3253     10.980  277.04959  277.15972    10.2058     6.2099 0.0000e+00
 128.392358     11.115    12.1225  32.107298    27.3256     11.016  277.08850  277.19825    10.3770     6.1978 0.0000e+00
 128.392361     11.148    12.1148  32.105678    27.3290     11.048  277.12608  277.23531    10.2369     6.2140 0.0000e+00
 128.392364     11.179    12.1088  32.105505    27.3311     11.079  277.15315  277.26197     9.1008     5.9471 0.0000e+00
 128.392367     11.210    12.1040  32.098849    27.3332     11.110  277.18705  277.29561     9.1941     5.9673 -9.990e-29
 128.392370     11.234    12.0969  32.094798    27.3318     11.133  277.22656  277.33467     8.9607     5.9633 -9.990e-29
 128.392373     11.261    12.0901  32.093352    27.3354     11.160  277.25973  277.36739     8.8673     5.9916 -9.990e-29
 128.392376     11.281    12.0850  32.092021    27.3378     11.180  277.28514  277.39245     9.0696     5.9633 -9.990e-29
 128.392378     11.305    12.0813  32.091211    27.3356     11.204  277.30331  277.41037    10.2214     6.3029 -9.990e-29
 128.392381     11.334    12.0774  32.083746    27.3370     11.233  277.33462  277.44149    10.4548     6.2948 0.0000e+00
 128.392384     11.373    12.0704  32.081374    27.3370     11.271  277.37013  277.47655    10.2058     6.2665 0.0000e+00
 128.392387     11.402    12.0642  32.078945    27.3384     11.300  277.40260  277.50861    10.3148     6.2504 -9.990e-29
 128.392390     11.404    12.0592  32.077151    27.3426     11.302  277.42853  277.53421    11.1085     6.0401 -9.990e-29
 128.392393     11.406    12.0549  32.076342    27.3450     11.303  277.44920  277.55459    10.9529     6.0401 -9.990e-29
 128.392396     11.404    12.0521  32.075937    27.3467     11.302  277.46284  277.56803    11.1552     6.0239 -9.990e-29
 128.392399     11.409    12.0505  32.075532    27.3475     11.307  277.47082  277.57591    11.0619     5.9996 -9.990e-29
 128.392402     11.407    12.0492  32.077326    27.3501     11.305  277.47318  277.57817    12.0424     6.6668 -9.990e-29
 128.392405     11.409    12.0521  32.088205    27.3583     11.307  277.44033  277.54539    12.0268     6.6507 -9.990e-29
 128.392407     11.411    12.0603  32.089999    27.3539     11.309  277.39994  277.50556    12.0735     6.6749 -9.990e-29
 128.392410     11.411    12.0674  32.087972    27.3468     11.309  277.37158  277.47772    12.1513     6.6749 -9.990e-29
 128.392413     11.411    12.0704  32.085368    27.3422     11.309  277.36284  277.46921    63.2019    12.0772 -9.990e-29
 128.392416     11.413    12.0695  32.082937    27.3405     11.311  277.37138  277.47772    63.1241    12.1096 -9.990e-29
 128.392419     11.409    12.0671  32.080970    27.3405     11.307  277.38599  277.49218    63.1397    12.0692 -9.990e-29
 128.392422     11.413    12.0648  32.079523    27.3408     11.311  277.39903  277.50507    63.2642    12.0934 -9.990e-29
