Processed/SBE19plus_01907321_2022_05_06_Cast51_wfilter.cnv
* Sea-Bird SBE19plus  Data File:
* FileName = E:\Prandtl Daten\2022\CTD\Raw\SBE19plus_01907321_2022_05_06_Cast51.hex
* Software version 2.6.1.12
* Temperature SN = 7321
* Conductivity SN = 7321
* System UpLoad Time = May 06 2022 12:04:15
* <ApplicationData>
* <Seaterm232>
** Messpraktikum 2022
** CTD 06.05 MP3
** NMEA Latitude = 54 03.530 N
** NMEA Longitude = 008 42.765 E
# nquan = 11
# nvalues = 460                         
# units = specified
# name 0 = timeJ: Julian Days
# name 1 = prdM: Pressure, Strain Gauge [db]
# name 2 = tv290C: Temperature [ITS-90, deg C]
# name 3 = c0mS/cm: Conductivity [mS/cm]
# name 4 = sal00: Salinity, Practical [PSU]
# name 5 = depSM: Depth [salt water, m], lat = 54.00
# name 6 = oxsatMm/Kg: Oxygen Saturation, Weiss [umol/kg]
# name 7 = oxsolMm/Kg: Oxygen Saturation, Garcia & Gordon [umol/kg]
# name 8 = turbWETntu0: Turbidity, WET Labs ECO [NTU]
# name 9 = flECO-AFL: Fluorescence, WET Labs ECO-AFL/FL [mg/m^3]
# name 10 = flag:  0.000e+00
# span 0 = 126.498681, 126.500009       
# span 1 =      0.480,     11.220       
# span 2 =    12.2822,    12.5341       
# span 3 =  31.558990,  31.729973       
# span 4 =    26.6572,    26.7731       
# span 5 =      0.476,     11.120       
# span 6 =  275.92093,  277.35534       
# span 7 =  276.06224,  277.48166       
# span 8 =    54.5482,   117.5988       
# span 9 =    11.1108,    15.9147       
# span 10 = 0.0000e+00, 0.0000e+00      
# interval = seconds: 0.25
# start_time = May 06 2022 11:56:50 [Instrument's time stamp, header]
# bad_flag = -9.990e-29
*END*
[from data line 394]
 126.499821      9.804    12.2924  31.646518    26.7706      9.717  277.16168  277.28782    68.6338    13.8645 -9.990e-29
 126.499823      9.819    12.2924  31.647727    26.7717      9.731  277.15918  277.28531    68.6650    13.8726 -9.990e-29
 126.499826      9.843    12.2925  31.647324    26.7713      9.755  277.15960  277.28575    68.6494    13.8847 -9.990e-29
 126.499829      9.865    12.2925  31.647151    26.7711      9.776  277.15993  277.28608    68.8673    13.9171 -9.990e-29
 126.499832      9.888    12.2926  31.646173    26.7721      9.800  277.16141  277.28757    67.6533    14.3417 -9.990e-29
 126.499835      9.916    12.2926  31.648303    26.7717      9.827  277.15724  277.28338    67.3420    14.2770 0.0000e+00
 126.499838      9.947    12.2927  31.647554    26.7713      9.858  277.15830  277.28446    67.4976    14.3053 0.0000e+00
 126.499841      9.976    12.2930  31.647555    26.7711      9.886  277.15705  277.28322    67.5443    14.2406 0.0000e+00
 126.499844     10.003    12.2931  31.646749    26.7707      9.914  277.15789  277.28409    68.4782    13.8767 0.0000e+00
 126.499847     10.032    12.2932  31.646519    26.7702      9.942  277.15801  277.28421    68.3692    13.9131 -9.990e-29
 126.499850     10.054    12.2931  31.648533    26.7719      9.964  277.15469  277.28086    68.1980    13.9009 -9.990e-29
 126.499852     10.078    12.2932  31.649339    26.7726      9.988  277.15292  277.27909    68.2603    13.8686 -9.990e-29
 126.499855     10.096    12.2935  31.650088    26.7731     10.006  277.15031  277.27649    71.0307    13.8362 -9.990e-29
 126.499858     10.118    12.2936  31.647152    26.7702     10.027  277.15501  277.28123    71.0774    13.8120 -9.990e-29
 126.499861     10.134    12.2936  31.648706    26.7717     10.043  277.15220  277.27841    70.9218    13.8564 -9.990e-29
 126.499864     10.152    12.2936  31.649915    26.7728     10.061  277.15034  277.27653    71.0774    13.8524 -9.990e-29
 126.499867     10.178    12.2936  31.649340    26.7723     10.087  277.15108  277.27728    70.8751    13.8807 -9.990e-29
 126.499870     10.202    12.2936  31.649685    26.7707     10.110  277.15079  277.27698    70.5638    13.7432 -9.990e-29
 126.499873     10.229    12.2937  31.647728    26.7707     10.138  277.15372  277.27994    70.6572    13.7796 0.0000e+00
 126.499876     10.257    12.2938  31.649110    26.7707     10.165  277.15060  277.27681    70.6883    13.7553 -9.990e-29
 126.499878     10.280    12.2937  31.650088    26.7712     10.188  277.14947  277.27567    70.7194    13.7756 -9.990e-29
 126.499881     10.309    12.2940  31.648534    26.7712     10.217  277.15104  277.27727    74.3148    13.6098 0.0000e+00
 126.499884     10.342    12.2941  31.649513    26.7712     10.250  277.14865  277.27488    74.2681    13.6421 -9.990e-29
 126.499887     10.366    12.2941  31.650319    26.7728     10.273  277.14720  277.27343    74.5015    13.6381 -9.990e-29
 126.499890     10.395    12.2944  31.648304    26.7707     10.302  277.14961  277.27587    74.3303    13.6623 -9.990e-29
 126.499893     10.419    12.2946  31.648131    26.7703     10.326  277.14898  277.27526    72.1513    13.9090 -9.990e-29
 126.499896     10.439    12.2945  31.649110    26.7713     10.346  277.14786  277.27412    72.1825    13.8807 -9.990e-29
 126.499899     10.456    12.2945  31.649110    26.7713     10.362  277.14755  277.27381    72.0891    13.9050 -9.990e-29
 126.499902     10.472    12.2945  31.648937    26.7712     10.378  277.14819  277.27445    72.0891    13.9373 -9.990e-29
 126.499905     10.489    12.2945  31.647729    26.7700     10.395  277.15008  277.27636    70.2214    14.0586 -9.990e-29
 126.499907     10.509    12.2947  31.649513    26.7718     10.415  277.14622  277.27249    69.9724    14.1314 -9.990e-29
 126.499910     10.534    12.2948  31.649916    26.7719     10.440  277.14487  277.27114    69.9724    14.1435 0.0000e+00
 126.499913     10.563    12.2947  31.650089    26.7721     10.469  277.14521  277.27147    69.9568    14.0829 0.0000e+00
 126.499916     10.594    12.2947  31.651125    26.7729     10.500  277.14335  277.26960    70.1591    14.0910 0.0000e+00
 126.499919     10.625    12.2948  31.651125    26.7729     10.530  277.14273  277.26900    72.9140    14.3174 0.0000e+00
 126.499922     10.658    12.2950  31.650722    26.7729     10.563  277.14253  277.26881    72.7428    14.3740 0.0000e+00
 126.499925     10.686    12.2949  31.651471    26.7724     10.590  277.14183  277.26809    72.9451    14.3053 0.0000e+00
 126.499928     10.715    12.2950  31.650320    26.7726     10.619  277.14362  277.26990    72.9296    14.3983 0.0000e+00
 126.499931     10.740    12.2950  31.650320    26.7720     10.644  277.14364  277.26992    82.0346    13.8120 -9.990e-29
 126.499933     10.753    12.2950  31.651126    26.7727     10.657  277.14186  277.26814    81.7233    13.8120 -9.990e-29
 126.499936     10.769    12.2952  31.649917    26.7714     10.673  277.14311  277.26942    81.8478    13.8362 -9.990e-29
 126.499939     10.788    12.2953  31.649111    26.7706     10.691  277.14427  277.27059    82.0502    13.7998 -9.990e-29
 126.499942     10.810    12.2953  31.648305    26.7699     10.713  277.14575  277.27207    83.8401    14.0869 -9.990e-29
 126.499945     10.834    12.2954  31.650090    26.7709     10.737  277.14221  277.26852    84.0268    14.0546 -9.990e-29
 126.499948     10.861    12.2954  31.649514    26.7703     10.763  277.14327  277.26959    84.0113    14.1274 0.0000e+00
 126.499951     10.892    12.2955  31.648133    26.7696     10.794  277.14548  277.27182    83.9334    14.1031 0.0000e+00
 126.499954     10.925    12.2955  31.648133    26.7696     10.827  277.14550  277.27184    93.1630    13.8807 0.0000e+00
 126.499957     10.954    12.2956  31.648709    26.7696     10.856  277.14384  277.27018    93.1786    13.8928 0.0000e+00
 126.499959     10.987    12.2955  31.647730    26.7696     10.888  277.14627  277.27261    93.1008    13.9292 0.0000e+00
 126.499962     11.014    12.2957  31.647154    26.7692     10.915  277.14638  277.27274    93.1786    13.9009 -9.990e-29
 126.499965     11.036    12.2957  31.646521    26.7678     10.937  277.14723  277.27360    93.3031    13.9009 -9.990e-29
 126.499968     11.063    12.2961  31.645370    26.7665     10.964  277.14774  277.27415    99.2486    13.6745 -9.990e-29
 126.499971     11.085    12.2961  31.645946    26.7670     10.986  277.14671  277.27312    99.2642    13.6421 -9.990e-29
 126.499974     11.105    12.2961  31.646522    26.7675     11.005  277.14568  277.27208    99.2642    13.6785 -9.990e-29
 126.499977     11.114    12.2962  31.645946    26.7669     11.015  277.14641  277.27282    99.2798    13.6340 -9.990e-29
 126.499980     11.132    12.2963  31.644967    26.7659     11.033  277.14757  277.27399   107.9023    13.9131 -9.990e-29
 126.499983     11.158    12.2962  31.644968    26.7660     11.058  277.14822  277.27464   107.8401    13.9009 -9.990e-29
 126.499986     11.182    12.2963  31.645140    26.7661     11.082  277.14729  277.27371   107.7778    13.8726 -9.990e-29
 126.499988     11.204    12.2963  31.643586    26.7646     11.103  277.15012  277.27656   107.8089    13.9131 -9.990e-29
 126.499991     11.205    12.2965  31.635643    26.7570     11.105  277.16358  277.29012   110.2836    12.5099 -9.990e-29
 126.499994     11.205    12.2964  31.629313    26.7512     11.105  277.17538  277.30198   110.3148    12.5261 -9.990e-29
 126.499997     11.207    12.2965  31.636679    26.7580     11.107  277.16170  277.28823   110.1903    12.5342 -9.990e-29
 126.500000     11.211    12.2964  31.637830    26.7591     11.111  277.15993  277.28644   110.1747    12.5180 -9.990e-29
 126.500003     11.213    12.2964  31.634262    26.7558     11.112  277.16641  277.29295   117.5366    11.1108 -9.990e-29
 126.500006     11.215    12.2966  31.629946    26.7517     11.114  277.17360  277.30021   117.5366    11.1189 -9.990e-29
 126.500009     11.220    12.2966  31.630521    26.7522     11.120  277.17256  277.29916   117.5988    11.1270 -9.990e-29
