Processed/SBE19plus_01907321_2022_05_04_Cast10_wfilter.cnv
* Sea-Bird SBE19plus  Data File:
* FileName = E:\Prandtl Daten\2022\CTD\Raw\SBE19plus_01907321_2022_010_Cast08.hex
* Software version 2.6.1.12
* Temperature SN = 7321
* Conductivity SN = 7321
* System UpLoad Time = May 04 2022 07:23:58
* <ApplicationData>
* <Seaterm232>
** Messpraktikum 2022
** CTD 04.05 KFN2
# nquan = 11
# nvalues = 510                         
# units = specified
# name 0 = timeJ: Julian Days
# name 1 = prdM: Pressure, Strain Gauge [db]
# name 2 = tv290C: Temperature [ITS-90, deg C]
# name 3 = c0mS/cm: Conductivity [mS/cm]
# name 4 = sal00: Salinity, Practical [PSU]
# name 5 = depSM: Depth [salt water, m], lat = 54.00
# name 6 = oxsatMm/Kg: Oxygen Saturation, Weiss [umol/kg]
# name 7 = oxsolMm/Kg: Oxygen Saturation, Garcia & Gordon [umol/kg]
# name 8 = turbWETntu0: Turbidity, WET Labs ECO [NTU]
# name 9 = flECO-AFL: Fluorescence, WET Labs ECO-AFL/FL [mg/m^3]
# name 10 = flag:  0.000e+00
# span 0 = 124.297378, 124.298851       
# span 1 =      0.591,     14.095       
# span 2 =    12.0507,    12.0657       
# span 3 =  31.826911,  31.846479       
# span 4 =    27.1037,    27.1295       
# span 5 =      0.586,     13.969       
# span 6 =  277.81870,  277.90247       
# span 7 =  277.92728,  278.01013       
# span 8 =    35.7934,    67.4665       
# span 9 =     9.0566,    13.9899       
# span 10 = 0.0000e+00, 0.0000e+00      
# interval = seconds: 0.25
# start_time = May 04 2022 07:07:03 [Instrument's time stamp, header]
# bad_flag = -9.990e-29
*END*
[from data line 394]
 124.298519     11.116    12.0609  31.831299    27.1099     11.016  277.87153  277.97996    57.2253    12.1298 -9.990e-29
 124.298521     11.136    12.0613  31.830723    27.1091     11.036  277.87102  277.97948    57.3498    12.1500 -9.990e-29
 124.298524     11.147    12.0613  31.831703    27.1099     11.047  277.86891  277.97737    57.1630    12.1136 -9.990e-29
 124.298527     11.156    12.0615  31.831876    27.1100     11.056  277.86796  277.97643    57.2720    12.1136 -9.990e-29
 124.298530     11.158    12.0613  31.831126    27.1094     11.058  277.87029  277.97875    58.8751    13.3227 -9.990e-29
 124.298533     11.156    12.0611  31.832050    27.1104     11.056  277.86923  277.97767    58.9373    13.3186 -9.990e-29
 124.298536     11.152    12.0609  31.832280    27.1108     11.052  277.87007  277.97849    58.8284    13.3348 -9.990e-29
 124.298539     11.143    12.0609  31.832511    27.1111     11.044  277.86964  277.97805    58.8284    13.3227 -9.990e-29
 124.298542     11.138    12.0609  31.832107    27.1107     11.038  277.87037  277.97880    58.6727    13.3308 -9.990e-29
 124.298545     11.136    12.0609  31.832107    27.1106     11.036  277.87006  277.97848    58.7039    12.7849 -9.990e-29
 124.298547     11.154    12.0608  31.832915    27.1121     11.054  277.86922  277.97763    58.7350    12.7768 -9.990e-29
 124.298550     11.191    12.0606  31.833492    27.1123     11.091  277.86882  277.97721    58.8128    12.7525 0.0000e+00
 124.298553     11.233    12.0605  31.833665    27.1121     11.132  277.86916  277.97754    58.7661    12.7727 0.0000e+00
 124.298556     11.291    12.0603  31.832915    27.1124     11.190  277.87152  277.97990    61.9412    12.8294 0.0000e+00
 124.298559     11.357    12.0600  31.834300    27.1133     11.255  277.87061  277.97894    61.9412    12.8213 0.0000e+00
 124.298562     11.432    12.0597  31.834301    27.1133     11.329  277.87192  277.98024    61.9257    12.8213 0.0000e+00
 124.298565     11.505    12.0599  31.832281    27.1131     11.402  277.87473  277.98308    61.8945    12.8496 0.0000e+00
 124.298568     11.578    12.0598  31.834070    27.1131     11.474  277.87181  277.98014    62.9062    11.2442 0.0000e+00
 124.298571     11.640    12.0600  31.834705    27.1135     11.535  277.87006  277.97839    62.8128    11.2079 0.0000e+00
 124.298573     11.685    12.0598  31.834474    27.1136     11.581  277.87114  277.97947    62.8284    11.2483 0.0000e+00
 124.298576     11.714    12.0598  31.834071    27.1135     11.610  277.87190  277.98023    62.7506    11.2483 -9.990e-29
 124.298579     11.729    12.0601  31.832513    27.1114     11.624  277.87351  277.98188    58.2369    12.0004 -9.990e-29
 124.298582     11.729    12.0602  31.834301    27.1130     11.624  277.86959  277.97795    58.2058    11.9802 -9.990e-29
 124.298585     11.718    12.0603  31.834301    27.1129     11.613  277.86927  277.97763    58.2992    11.9923 -9.990e-29
 124.298588     11.700    12.0606  31.833897    27.1123     11.595  277.86842  277.97681    58.3303    11.9964 -9.990e-29
 124.298591     11.676    12.0613  31.834301    27.1123     11.572  277.86482  277.97325    58.1747    12.0408 -9.990e-29
 124.298594     11.654    12.0613  31.834474    27.1124     11.550  277.86448  277.97291    61.7078    11.8710 -9.990e-29
 124.298597     11.641    12.0613  31.834474    27.1124     11.537  277.86448  277.97290    61.5833    11.9155 -9.990e-29
 124.298600     11.641    12.0613  31.834705    27.1126     11.537  277.86374  277.97217    61.7078    11.8710 -9.990e-29
 124.298602     11.661    12.0611  31.835109    27.1124     11.557  277.86427  277.97268    61.5833    11.8629 -9.990e-29
 124.298605     11.691    12.0606  31.833897    27.1126     11.586  277.86873  277.97711    65.2875    12.8617 0.0000e+00
 124.298608     11.735    12.0602  31.834071    27.1128     11.629  277.87034  277.97869    65.1475    12.8374 0.0000e+00
 124.298611     11.789    12.0598  31.834475    27.1128     11.684  277.87121  277.97954    65.0541    12.8213 0.0000e+00
 124.298614     11.844    12.0596  31.833667    27.1134     11.738  277.87368  277.98200    65.2564    12.8294 0.0000e+00
 124.298617     11.902    12.0593  31.835687    27.1149     11.796  277.87159  277.97987    63.5132    11.6890 0.0000e+00
 124.298620     11.955    12.0591  31.836668    27.1160     11.848  277.87046  277.97872    63.3731    11.6931 0.0000e+00
 124.298623     12.006    12.0591  31.837072    27.1161     11.899  277.86975  277.97801    63.3887    11.6769 0.0000e+00
 124.298626     12.054    12.0588  31.836668    27.1163     11.946  277.87179  277.98003    63.3420    11.6931 0.0000e+00
 124.298628     12.092    12.0588  31.837072    27.1163     11.984  277.87139  277.97962    67.4510    12.0449 0.0000e+00
 124.298631     12.127    12.0584  31.838457    27.1165     12.018  277.87045  277.97864    67.4665    12.0125 -9.990e-29
 124.298634     12.151    12.0581  31.837880    27.1177     12.042  277.87279  277.98097    67.4665    12.0166 -9.990e-29
 124.298637     12.172    12.0582  31.838688    27.1184     12.063  277.87101  277.97918    67.3264    12.0247 -9.990e-29
 124.298640     12.193    12.0581  31.838861    27.1187     12.083  277.87134  277.97950    67.4665    12.0166 -9.990e-29
 124.298643     12.213    12.0577  31.839092    27.1192     12.103  277.87251  277.98064    65.8634    13.4885 -9.990e-29
 124.298646     12.237    12.0573  31.839496    27.1198     12.127  277.87368  277.98178    65.9101    13.5451 -9.990e-29
 124.298649     12.257    12.0568  31.839092    27.1198     12.147  277.87665  277.98472    65.8167    13.5249 -9.990e-29
 124.298652     12.286    12.0564  31.840477    27.1214     12.176  277.87602  277.98405    65.8012    13.5006 -9.990e-29
 124.298655     12.310    12.0561  31.841054    27.1221     12.199  277.87624  277.98424    67.2331    13.8928 -9.990e-29
 124.298657     12.328    12.0559  31.841054    27.1223     12.218  277.87720  277.98519    67.1085    13.9414 -9.990e-29
 124.298660     12.348    12.0557  31.839670    27.1211     12.237  277.88070  277.98869    67.2331    13.8686 -9.990e-29
 124.298663     12.368    12.0557  31.839900    27.1213     12.257  277.88029  277.98828    67.1552    13.8969 -9.990e-29
 124.298666     12.385    12.0556  31.841054    27.1225     12.274  277.87850  277.98647    65.7856    13.9131 -9.990e-29
 124.298669     12.386    12.0555  31.842439    27.1238     12.275  277.87628  277.98423    66.0346    13.8928 -9.990e-29
 124.298672     12.390    12.0551  31.843247    27.1249     12.279  277.87701  277.98492    65.8634    13.8807 -9.990e-29
 124.298675     12.394    12.0544  31.842266    27.1245     12.283  277.88197  277.98984    65.9412    13.9131 -9.990e-29
 124.298678     12.405    12.0542  31.842439    27.1248     12.294  277.88261  277.99046    66.0346    13.2175 -9.990e-29
 124.298681     12.419    12.0540  31.844459    27.1268     12.308  277.87954  277.98737    65.9101    13.1771 -9.990e-29
 124.298683     12.443    12.0537  31.846248    27.1294     12.332  277.87786  277.98564    65.8790    13.2337 -9.990e-29
 124.298686     12.469    12.0530  31.846479    27.1294     12.357  277.88029  277.98803    65.8323    13.1690 0.0000e+00
 124.298689     12.511    12.0524  31.846075    27.1295     12.399  277.88391  277.99160    65.8634    13.1933 0.0000e+00
 124.298692     12.553    12.0518  31.845671    27.1295     12.440  277.88752  277.99517    66.7661    13.9737 0.0000e+00
 124.298695     12.604    12.0511  31.844287    27.1291     12.491  277.89294  278.00057    66.9062    13.9899 0.0000e+00
 124.298698     12.657    12.0507  31.844460    27.1287     12.543  277.89456  278.00215    66.9840    13.9858 0.0000e+00
 124.298701     12.715    12.0507  31.842672    27.1274     12.601  277.89788  278.00549    66.7817    13.9656 0.0000e+00
 124.298704     12.764    12.0509  31.839671    27.1244     12.650  277.90247  278.01013    61.7545    11.4343 0.0000e+00
 124.298707     12.812    12.0525  31.837883    27.1216     12.697  277.89852  278.00631    61.7078    11.4100 0.0000e+00
 124.298709     12.844    12.0539  31.838460    27.1214     12.729  277.89148  277.99936    61.5988    11.4303 0.0000e+00
 124.298712     12.872    12.0547  31.838460    27.1211     12.756  277.88771  277.99564    61.7545    11.4181 -9.990e-29
 124.298715     12.890    12.0552  31.837479    27.1192     12.775  277.88731  277.99529    60.2603    12.7283 -9.990e-29
 124.298718     12.908    12.0553  31.838056    27.1197     12.793  277.88563  277.99361    60.2914    12.7202 -9.990e-29
 124.298721     12.923    12.0555  31.836498    27.1181     12.807  277.88786  277.99588    60.0424    12.6919 -9.990e-29
 124.298724     12.945    12.0559  31.836094    27.1174     12.829  277.88672  277.99477    60.2914    12.7000 -9.990e-29
 124.298727     12.965    12.0561  31.835517    27.1169     12.849  277.88685  277.99491    64.3692    13.7149 -9.990e-29
 124.298730     12.990    12.0563  31.835863    27.1162     12.874  277.88528  277.99336    64.3537    13.7230 0.0000e+00
 124.298733     13.020    12.0570  31.834883    27.1162     12.903  277.88394  277.99208    64.3070    13.6947 0.0000e+00
 124.298736     13.047    12.0574  31.834710    27.1154     12.930  277.88238  277.99055    64.4471    13.7311 -9.990e-29
 124.298738     13.069    12.0581  31.833960    27.1137     12.952  277.88061  277.98884    64.6494    13.7028 -9.990e-29
 124.298741     13.086    12.0584  31.834479    27.1140     12.968  277.87841  277.98664    61.3498    13.3995 -9.990e-29
 124.298744     13.095    12.0586  31.833325    27.1128     12.978  277.87958  277.98785    61.3342    13.3712 -9.990e-29
 124.298747     13.089    12.0584  31.832113    27.1118     12.972  277.88275  277.99101    61.3965    13.3752 -9.990e-29
 124.298750     13.077    12.0587  31.832517    27.1120     12.960  277.88074  277.98901    61.3654    13.4197 -9.990e-29
 124.298753     13.066    12.0597  31.833498    27.1121     12.949  277.87419  277.98253    64.4159    12.6272 -9.990e-29
 124.298756     13.059    12.0603  31.833325    27.1116     12.942  277.87197  277.98035    64.4938    12.6353 -9.990e-29
 124.298759     13.064    12.0604  31.832517    27.1107     12.947  277.87283  277.98122    64.4782    12.6393 -9.990e-29
 124.298762     13.088    12.0605  31.831709    27.1109     12.971  277.87401  277.98242    64.4159    12.6676 -9.990e-29
 124.298764     13.134    12.0606  31.832921    27.1107     13.016  277.87150  277.97990    66.7039    12.8577 0.0000e+00
 124.298767     13.198    12.0604  31.832287    27.1107     13.080  277.87366  277.98205    66.6261    12.8334 0.0000e+00
 124.298770     13.273    12.0604  31.832518    27.1107     13.154  277.87328  277.98168    66.5015    12.8496 0.0000e+00
 124.298773     13.364    12.0602  31.833095    27.1111     13.244  277.87292  277.98130    66.4393    12.8051 0.0000e+00
 124.298776     13.453    12.0602  31.832922    27.1111     13.333  277.87361  277.98199    63.6689    12.4169 0.0000e+00
 124.298779     13.539    12.0601  31.832518    27.1111     13.418  277.87473  277.98310    63.7000    10.7873 0.0000e+00
 124.298782     13.605    12.0600  31.834711    27.1108     13.483  277.87106  277.97941    63.6377    10.8075 0.0000e+00
 124.298785     13.652    12.0600  31.830500    27.1109     13.530  277.87883  277.98722    63.6377    10.7873 0.0000e+00
 124.298788     13.679    12.0598  31.832923    27.1089     13.557  277.87535  277.98370    63.5288    10.8278 -9.990e-29
 124.298791     13.688    12.0597  31.834307    27.1127     13.566  277.87313  277.98146    64.8984    12.5787 -9.990e-29
 124.298793     13.681    12.0600  31.834884    27.1130     13.559  277.87080  277.97914    64.9296    12.5665 -9.990e-29
 124.298796     13.661    12.0602  31.834077    27.1121     13.539  277.87132  277.97969    64.8362    12.5827 -9.990e-29
 124.298799     13.645    12.0604  31.835288    27.1131     13.522  277.86814  277.97651    64.9762    12.6070 -9.990e-29
 124.298802     13.628    12.0606  31.835288    27.1130     13.506  277.86749  277.97587    64.8673    11.6324 -9.990e-29
 124.298805     13.614    12.0604  31.834884    27.1128     13.492  277.86917  277.97754    65.0229    11.6324 -9.990e-29
 124.298808     13.603    12.0605  31.833903    27.1118     13.481  277.87033  277.97872    65.0074    11.6284 -9.990e-29
 124.298811     13.597    12.0604  31.834134    27.1121     13.475  277.87054  277.97891    64.9762    11.6122 -9.990e-29
 124.298814     13.599    12.0605  31.834307    27.1121     13.477  277.86959  277.97797    64.0735    12.6757 -9.990e-29
 124.298817     13.606    12.0602  31.833903    27.1120     13.484  277.87160  277.97997    64.2292    12.6312 -9.990e-29
 124.298819     13.626    12.0604  31.834884    27.1127     13.504  277.86887  277.97724    64.1980    12.6353 -9.990e-29
 124.298822     13.650    12.0603  31.834307    27.1129     13.528  277.87057  277.97894    64.0891    12.6474 -9.990e-29
 124.298825     13.681    12.0600  31.834711    27.1131     13.559  277.87143  277.97977    64.1202    12.6676 0.0000e+00
 124.298828     13.721    12.0597  31.834885    27.1129     13.598  277.87209  277.98042    64.8984    12.6070 0.0000e+00
 124.298831     13.774    12.0596  31.834481    27.1132     13.651  277.87350  277.98182    64.9296    12.5665 0.0000e+00
 124.298834     13.838    12.0592  31.835866    27.1140     13.714  277.87290  277.98117    64.8984    12.5787 0.0000e+00
 124.298837     13.904    12.0589  31.835116    27.1145     13.779  277.87558  277.98385    64.9140    12.5827 0.0000e+00
 124.298840     13.951    12.0586  31.836501    27.1154     13.826  277.87434  277.98257    65.3965    11.4707 0.0000e+00
 124.298843     14.002    12.0586  31.837309    27.1161     13.876  277.87320  277.98142    65.4120    11.4788 0.0000e+00
 124.298845     14.044    12.0584  31.837078    27.1161     13.918  277.87429  277.98250    65.3965    11.4950 0.0000e+00
 124.298848     14.079    12.0583  31.836905    27.1161     13.953  277.87526  277.98347    65.3342    11.4707 -9.990e-29
 124.298851     14.095    12.0581  31.838290    27.1174     13.969  277.87336  277.98154    63.5755    12.3603 -9.990e-29
