Processed/SBE19plus_01907321_2022_05_08_Cast85_wfilter.cnv
* Sea-Bird SBE19plus  Data File:
* FileName = E:\Prandtl Daten\2022\CTD\Raw\SBE19plus_01907321_2022_05_08_Cast85.hex
* Software version 2.6.1.12
* Temperature SN = 7321
* Conductivity SN = 7321
* System UpLoad Time = May 08 2022 11:42:22
* <ApplicationData>
* <Seaterm232>
** Messpraktikum 2022
** CTD 08.05 NP5
** NMEA Latitude = 54 10.79 N
** NMEA Longitude = 008 36.47 E
# nquan = 11
# nvalues = 427                         
# units = specified
# name 0 = timeJ: Julian Days
# name 1 = prdM: Pressure, Strain Gauge [db]
# name 2 = tv290C: Temperature [ITS-90, deg C]
# name 3 = c0mS/cm: Conductivity [mS/cm]
# name 4 = sal00: Salinity, Practical [PSU]
# name 5 = depSM: Depth [salt water, m], lat = 54.00
# name 6 = oxsatMm/Kg: Oxygen Saturation, Weiss [umol/kg]
# name 7 = oxsolMm/Kg: Oxygen Saturation, Garcia & Gordon [umol/kg]
# name 8 = turbWETntu0: Turbidity, WET Labs ECO [NTU]
# name 9 = flECO-AFL: Fluorescence, WET Labs ECO-AFL/FL [mg/m^3]
# name 10 = flag:  0.000e+00
# span 0 = 128.483432, 128.484664       
# span 1 =      0.518,     11.179       
# span 2 =    12.5306,    12.7060       
# span 3 =  32.947447,  33.065088       
# span 4 =    27.7857,    27.8171       
# span 5 =      0.513,     11.079       
# span 6 =  272.78461,  273.75840       
# span 7 =  272.92430,  273.88745       
# span 8 =     2.4548,    32.8517       
# span 9 =     2.8780,    10.6984       
# span 10 = 0.0000e+00, 0.0000e+00      
# interval = seconds: 0.25
# start_time = May 08 2022 11:34:38 [Instrument's time stamp, header]
# bad_flag = -9.990e-29
*END*
[from data line 263]
 128.484193      7.116    12.6489  33.021132    27.7961      7.052  273.10895  273.24523     5.7545     3.4966 -9.990e-29
 128.484196      7.136    12.6476  33.021133    27.7969      7.072  273.11424  273.25044     5.6611     3.5613 -9.990e-29
 128.484198      7.169    12.6461  33.019904    27.7969      7.105  273.12297  273.25908     5.8478     3.5371 0.0000e+00
 128.484201      7.203    12.6436  33.017856    27.7969      7.139  273.13781  273.27377     5.6611     3.5815 0.0000e+00
 128.484204      7.242    12.6402  33.016393    27.7980      7.177  273.15502  273.29077     3.5910     3.1529 0.0000e+00
 128.484207      7.287    12.6375  33.014755    27.7985      7.222  273.17007  273.30565     3.6533     3.1246 0.0000e+00
 128.484210      7.329    12.6348  33.014287    27.7998      7.264  273.18273  273.31813     3.5599     3.1772 0.0000e+00
 128.484213      7.366    12.6325  33.012239    27.7999      7.300  273.19633  273.33160     3.4821     3.1367 0.0000e+00
 128.484216      7.397    12.6306  33.016570    27.7998      7.330  273.19672  273.33182     4.3537     3.1570 -9.990e-29
 128.484219      7.419    12.6306  33.016395    27.8050      7.352  273.19704  273.33215     4.2603     3.1246 -9.990e-29
 128.484222      7.437    12.6309  33.016395    27.8048      7.370  273.19581  273.33094     4.2914     3.1570 -9.990e-29
 128.484225      7.457    12.6315  33.017331    27.8052      7.390  273.19168  273.32683     4.2759     3.1570 -9.990e-29
 128.484227      7.473    12.6322  33.016804    27.8042      7.406  273.18952  273.32473     4.5871     3.6260 -9.990e-29
 128.484230      7.488    12.6326  33.017565    27.8046      7.421  273.18663  273.32185     4.4626     3.5937 -9.990e-29
 128.484233      7.506    12.6328  33.018268    27.8051      7.439  273.18446  273.31969     4.5093     3.5896 -9.990e-29
 128.484236      7.515    12.6333  33.017448    27.8040      7.448  273.18344  273.31871     4.4626     3.6220 -9.990e-29
 128.484239      7.533    12.6332  33.016161    27.8029      7.466  273.18636  273.32164     4.9607     3.4683 -9.990e-29
 128.484242      7.557    12.6320  33.015342    27.8039      7.489  273.19311  273.32832     5.0074     3.4238 -9.990e-29
 128.484245      7.588    12.6308  33.015342    27.8044      7.520  273.19841  273.33353     5.0385     3.4845 0.0000e+00
 128.484248      7.622    12.6291  33.015167    27.8044      7.554  273.20619  273.34120     5.0541     3.4845 0.0000e+00
 128.484251      7.659    12.6282  33.013879    27.8049      7.590  273.21223  273.34720     4.8829     3.4522 0.0000e+00
 128.484253      7.695    12.6273  33.013880    27.8050      7.627  273.21629  273.35120     4.4471     3.3308 0.0000e+00
 128.484256      7.726    12.6264  33.013763    27.8053      7.657  273.22024  273.35509     4.5871     3.3591 0.0000e+00
 128.484259      7.752    12.6262  33.014114    27.8055      7.683  273.22057  273.35540     4.5405     3.3794 -9.990e-29
 128.484262      7.774    12.6258  33.011422    27.8038      7.704  273.22724  273.36206     4.5249     3.3551 -9.990e-29
 128.484265      7.796    12.6239  33.007677    27.8017      7.726  273.24199  273.37673     4.2292     3.2055 -9.990e-29
 128.484268      7.814    12.6212  33.008497    27.8045      7.744  273.25265  273.38719     4.2447     3.2095 -9.990e-29
 128.484271      7.827    12.6190  33.007034    27.8047      7.757  273.26457  273.39899     4.4315     3.1974 -9.990e-29
 128.484274      7.847    12.6173  33.008029    27.8069      7.777  273.27057  273.40486     4.3226     3.2338 -9.990e-29
 128.484277      7.869    12.6170  33.009551    27.8099      7.799  273.26912  273.40337     3.5288     3.2298 -9.990e-29
 128.484280      7.896    12.6180  33.011833    27.8087      7.826  273.26073  273.39503     3.6689     3.2095 0.0000e+00
 128.484282      7.927    12.6202  33.011014    27.8075      7.857  273.25228  273.38674     3.5755     3.2257 0.0000e+00
 128.484285      7.964    12.6224  33.012652    27.8073      7.893  273.23976  273.37435     3.6222     3.2176 0.0000e+00
 128.484288      8.004    12.6247  33.013003    27.8060      7.932  273.22954  273.36428     3.8556     3.4764 0.0000e+00
 128.484291      8.041    12.6262  33.013705    27.8055      7.969  273.22149  273.35632     3.8868     3.4602 0.0000e+00
 128.484294      8.072    12.6264  33.012242    27.8055      7.999  273.22349  273.35835     3.7934     3.4845 0.0000e+00
 128.484297      8.105    12.6263  33.014583    27.8051      8.032  273.21966  273.35449     3.8245     3.4845 0.0000e+00
 128.484300      8.132    12.6269  33.013881    27.8063      8.059  273.21844  273.35332     3.7000     3.4602 -9.990e-29
 128.484303      8.156    12.6275  33.011189    27.8022      8.083  273.22046  273.35540     3.4198     3.2419 -9.990e-29
 128.484306      8.176    12.6266  33.011833    27.8034      8.103  273.22305  273.35793     3.4976     3.1974 -9.990e-29
 128.484308      8.192    12.6256  33.010546    27.8030      8.119  273.23001  273.36483     3.4510     3.2338 -9.990e-29
 128.484311      8.201    12.6242  33.009551    27.8031      8.128  273.23768  273.37242     3.6377     3.1934 -9.990e-29
 128.484314      8.218    12.6227  33.009844    27.8045      8.144  273.24400  273.37864     4.7895     3.5452 -9.990e-29
 128.484317      8.236    12.6217  33.009083    27.8044      8.162  273.24940  273.38398     4.8517     3.5249 -9.990e-29
 128.484320      8.251    12.6212  33.010371    27.8061      8.177  273.24960  273.38413     4.7428     3.5371 -9.990e-29
 128.484323      8.275    12.6209  33.010020    27.8059      8.201  273.25148  273.38600     4.7272     3.5532 -9.990e-29
 128.484326      8.293    12.6214  33.010371    27.8054      8.218  273.24839  273.38294     6.5794     3.8929 -9.990e-29
 128.484329      8.326    12.6214  33.009961    27.8040      8.251  273.24914  273.38369     6.5171     3.9293 0.0000e+00
 128.484332      8.353    12.6209  33.006450    27.8026      8.278  273.25789  273.39244     6.5794     3.9050 0.0000e+00
 128.484334      8.386    12.6195  33.005163    27.8024      8.311  273.26641  273.40088     6.5794     3.8929 0.0000e+00
 128.484337      8.420    12.6166  33.002238    27.8018      8.345  273.28406  273.41837     5.8634     3.8767 0.0000e+00
 128.484340      8.455    12.6128  32.997382    27.8006      8.379  273.30919  273.44328     5.7078     3.8767 0.0000e+00
 128.484343      8.490    12.6080  32.994165    27.8003      8.414  273.33605  273.46985     5.7389     3.8727 0.0000e+00
 128.484346      8.517    12.6028  32.993814    27.8006      8.441  273.35935  273.49281     5.7856     3.8767 -9.990e-29
 128.484349      8.537    12.5988  32.991650    27.8050      8.461  273.38092  273.51413     5.7700     3.8646 -9.990e-29
 128.484352      8.559    12.5952  32.988140    27.8044      8.482  273.40271  273.53571     5.7856     3.7918 -9.990e-29
 128.484355      8.575    12.5918  32.987263    27.8060      8.499  273.41919  273.55197     5.7233     3.8039 -9.990e-29
 128.484358      8.599    12.5894  32.988726    27.8092      8.522  273.42715  273.55975     5.8323     3.8039 -9.990e-29
 128.484361      8.621    12.5880  32.990013    27.8126      8.544  273.43108  273.56357     5.9101     3.8039 -9.990e-29
 128.484363      8.648    12.5876  32.991008    27.8126      8.571  273.43087  273.56333     6.2214     3.9495 0.0000e+00
 128.484366      8.678    12.5888  32.991242    27.8126      8.600  273.42520  273.55774     6.2836     3.9778 -9.990e-29
 128.484369      8.701    12.5897  32.989604    27.8089      8.623  273.42441  273.55702     6.1591     3.9738 -9.990e-29
 128.484372      8.729    12.5892  32.988258    27.8095      8.651  273.42900  273.56159     6.2369     4.0142 0.0000e+00
 128.484375      8.758    12.5875  32.988317    27.8093      8.680  273.43606  273.56854     5.8945     4.1194 0.0000e+00
 128.484378      8.789    12.5862  32.986445    27.8097      8.710  273.44531  273.57772     5.7856     4.1719 0.0000e+00
 128.484381      8.818    12.5848  32.987265    27.8093      8.739  273.45008  273.58239     5.8012     4.1194 -9.990e-29
 128.484384      8.838    12.5838  32.986680    27.8113      8.759  273.45517  273.58742     5.7233     4.0789 -9.990e-29
 128.484387      8.860    12.5838  32.985861    27.8105      8.781  273.45665  273.58890     6.4704     4.0627 -9.990e-29
 128.484389      8.878    12.5831  32.985510    27.8107      8.799  273.46039  273.59260     6.7350     4.0749 -9.990e-29
 128.484392      8.889    12.5823  32.985218    27.8110      8.810  273.46464  273.59680     6.6261     4.0385 -9.990e-29
 128.484395      8.906    12.5814  32.982527    27.8094      8.826  273.47318  273.60531     6.5949     4.0304 -9.990e-29
 128.484398      8.933    12.5803  32.981942    27.8100      8.853  273.47921  273.61127     6.6572     4.0506 0.0000e+00
 128.484401      8.959    12.5786  32.981884    27.8106      8.878  273.48647  273.61842     6.1903     4.3943 0.0000e+00
 128.484404      8.990    12.5775  32.981708    27.8113      8.909  273.49177  273.62364     6.3148     4.3741 0.0000e+00
 128.484407      9.026    12.5768  32.981533    27.8113      8.945  273.49521  273.62704     6.2836     4.3539 0.0000e+00
 128.484410      9.055    12.5760  32.980012    27.8107      8.974  273.50136  273.63315     6.2369     4.3943 0.0000e+00
 128.484413      9.083    12.5749  32.978784    27.8104      9.002  273.50854  273.64026     7.4821     4.1921 0.0000e+00
 128.484416      9.114    12.5734  32.977380    27.8104      9.032  273.51758  273.64922     7.5288     4.1436 0.0000e+00
 128.484418      9.145    12.5722  32.977322    27.8106      9.063  273.52267  273.65423     7.5599     4.1598 0.0000e+00
 128.484421      9.179    12.5712  32.976094    27.8108      9.097  273.52954  273.66105     7.5599     4.2043 0.0000e+00
 128.484424      9.205    12.5698  32.974807    27.8106      9.123  273.53776  273.66918     7.8556     4.5642 -9.990e-29
 128.484427      9.219    12.5681  32.972994    27.8100      9.137  273.54845  273.67978     7.6533     4.5763 -9.990e-29
 128.484430      9.232    12.5662  32.972117    27.8105      9.150  273.55841  273.68961     7.9957     4.5722 -9.990e-29
 128.484433      9.245    12.5642  32.969485    27.8096      9.162  273.57212  273.70321     7.7311     4.5480 -9.990e-29
 128.484436      9.263    12.5621  32.967146    27.8077      9.181  273.58531  273.71629     8.4315     5.0413 -9.990e-29
 128.484439      9.291    12.5594  32.963754    27.8090      9.208  273.60319  273.73401     8.4938     5.0534 0.0000e+00
 128.484442      9.318    12.5556  32.963638    27.8104      9.235  273.61987  273.75044     8.4159     5.0696 0.0000e+00
 128.484444      9.351    12.5539  32.964457    27.8121      9.268  273.62619  273.75663     8.6338     5.0251 0.0000e+00
 128.484447      9.390    12.5529  32.963346    27.8123      9.305  273.63254  273.76293     8.4315     5.0453 0.0000e+00
 128.484450      9.421    12.5518  32.960714    27.8121      9.336  273.64192  273.77227     7.9490     4.7866 -9.990e-29
 128.484453      9.442    12.5498  32.961124    27.8123      9.358  273.64990  273.78011     7.8245     4.7987 -9.990e-29
 128.484456      9.466    12.5485  32.963171    27.8152      9.381  273.65216  273.78225     7.7622     4.7866 -9.990e-29
 128.484459      9.486    12.5487  32.961358    27.8133      9.401  273.65417  273.78430     7.7622     4.7866 -9.990e-29
 128.484462      9.499    12.5486  32.959896    27.8120      9.414  273.65741  273.78755     7.8712     4.9685 -9.990e-29
 128.484465      9.514    12.5472  32.958200    27.8115      9.429  273.66666  273.79672     8.0735     4.9928 -9.990e-29
 128.484468      9.537    12.5456  32.956797    27.8126      9.452  273.67632  273.80628     8.0268     4.9523 -9.990e-29
 128.484470      9.565    12.5441  32.956972    27.8129      9.479  273.68224  273.81210     8.2136     4.9766 0.0000e+00
 128.484473      9.592    12.5431  32.956856    27.8132      9.506  273.68712  273.81691     8.9607     4.9564 0.0000e+00
 128.484476      9.625    12.5422  32.956563    27.8132      9.539  273.69139  273.82113     9.1008     4.9604 0.0000e+00
 128.484479      9.661    12.5416  32.954517    27.8129      9.575  273.69787  273.82758     9.0229     4.9928 0.0000e+00
 128.484482      9.700    12.5400  32.952470    27.8121      9.613  273.70838  273.83801     8.9918     4.9645 -9.990e-29
 128.484485      9.724    12.5384  32.951827    27.8133      9.636  273.71669  273.84622     8.2447     4.7704 -9.990e-29
 128.484488      9.754    12.5368  32.952003    27.8136      9.667  273.72323  273.85265     8.3070     4.8229 0.0000e+00
 128.484491      9.780    12.5360  32.952120    27.8133      9.692  273.72645  273.85581     8.3070     4.7946 0.0000e+00
 128.484494      9.809    12.5359  32.950366    27.8132      9.721  273.73023  273.85960     8.3537     4.8027 0.0000e+00
 128.484497      9.840    12.5350  32.949547    27.8124      9.752  273.73575  273.86507     8.1202     4.7785 -9.990e-29
 128.484499      9.860    12.5332  32.948554    27.8127      9.772  273.74530  273.87451     7.3420     4.6369 -9.990e-29
 128.484502      9.875    12.5321  32.949548    27.8144      9.786  273.74850  273.87762     7.6844     4.6491 -9.990e-29
 128.484505      9.889    12.5317  32.951185    27.8162      9.801  273.74713  273.87622     7.4976     4.6572 -9.990e-29
 128.484508      9.904    12.5324  32.952706    27.8171      9.815  273.74132  273.87043     7.6533     4.6208 -9.990e-29
 128.484511      9.922    12.5338  32.953290    27.8157      9.833  273.73439  273.86359     8.1047     4.8553 -9.990e-29
 128.484514      9.950    12.5353  32.953466    27.8156      9.860  273.72757  273.85687     7.9490     4.8796 0.0000e+00
 128.484517      9.982    12.5360  32.953875    27.8155      9.893  273.72345  273.85280     8.0113     4.8270 0.0000e+00
 128.484520     10.022    12.5366  32.953466    27.8155      9.933  273.72172  273.85111     8.0580     4.8593 0.0000e+00
 128.484523     10.053    12.5372  32.955337    27.8153      9.963  273.71592  273.84533     7.4354     4.5561 0.0000e+00
 128.484525     10.083    12.5381  32.955630    27.8160      9.992  273.71138  273.84085     7.5755     4.5399 -9.990e-29
 128.484528     10.106    12.5391  32.956975    27.8161     10.016  273.70464  273.83417     7.4976     4.5399 -9.990e-29
 128.484531     10.119    12.5403  32.957852    27.8160     10.028  273.69780  273.82740     7.6377     4.5642 -9.990e-29
 128.484534     10.135    12.5421  32.959021    27.8158     10.045  273.68765  273.81736     7.9023     4.6814 -9.990e-29
 128.484537     10.150    12.5434  32.958261    27.8141     10.059  273.68343  273.81324     7.5910     4.6895 -9.990e-29
 128.484540     10.166    12.5442  32.959489    27.8147     10.075  273.67783  273.80768     7.9023     4.6774 -9.990e-29
 128.484543     10.185    12.5449  32.960776    27.8144     10.094  273.67244  273.80232     7.8089     4.6572 -9.990e-29
 128.484546     10.218    12.5458  32.960542    27.8143     10.126  273.66885  273.79879     7.6222     4.6733 0.0000e+00
 128.484549     10.243    12.5462  32.960542    27.8142     10.152  273.66731  273.79728     7.7778     4.5399 0.0000e+00
 128.484552     10.282    12.5468  32.959782    27.8138     10.189  273.66590  273.79592     7.5910     4.5925 0.0000e+00
 128.484554     10.322    12.5468  32.960717    27.8138     10.229  273.66426  273.79427     7.4821     4.5965 0.0000e+00
 128.484557     10.365    12.5473  32.961361    27.8140     10.272  273.66096  273.79100     7.4198     4.5439 0.0000e+00
 128.484560     10.396    12.5475  32.962180    27.8146     10.303  273.65859  273.78863     7.5910     4.2124 0.0000e+00
 128.484563     10.431    12.5481  32.962999    27.8148     10.338  273.65467  273.78474     7.5755     4.1477 0.0000e+00
 128.484566     10.458    12.5490  32.962823    27.8150     10.365  273.65127  273.78141     7.5599     4.1881 -9.990e-29
