Processed/SBE19plus_01907321_2022_05_08_Cast87_wfilter.cnv
* Sea-Bird SBE19plus  Data File:
* FileName = E:\Prandtl Daten\2022\CTD\Raw\SBE19plus_01907321_2022_05_08_Cast87.hex
* Software version 2.6.1.12
* Temperature SN = 7321
* Conductivity SN = 7321
* System UpLoad Time = May 08 2022 12:17:55
* <ApplicationData>
* <Seaterm232>
** Messpraktikum 2022
** CTD 08.05 NP3
** NMEA Latitude = 54 09.95 N
** NMEA Longitude = 008 40.41 E
# nquan = 11
# nvalues = 550                         
# units = specified
# name 0 = timeJ: Julian Days
# name 1 = prdM: Pressure, Strain Gauge [db]
# name 2 = tv290C: Temperature [ITS-90, deg C]
# name 3 = c0mS/cm: Conductivity [mS/cm]
# name 4 = sal00: Salinity, Practical [PSU]
# name 5 = depSM: Depth [salt water, m], lat = 54.00
# name 6 = oxsatMm/Kg: Oxygen Saturation, Weiss [umol/kg]
# name 7 = oxsolMm/Kg: Oxygen Saturation, Garcia & Gordon [umol/kg]
# name 8 = turbWETntu0: Turbidity, WET Labs ECO [NTU]
# name 9 = flECO-AFL: Fluorescence, WET Labs ECO-AFL/FL [mg/m^3]
# name 10 = flag:  0.000e+00
# span 0 = 128.507700, 128.509288       
# span 1 =      0.582,     14.789       
# span 2 =    12.5196,    12.7601       
# span 3 =  32.660569,  33.019915       
# span 4 =    27.5349,    27.7159       
# span 5 =      0.576,     14.657       
# span 6 =  272.63322,  274.29254       
# span 7 =  272.77695,  274.42387       
# span 8 =    -6.4790,    72.5716       
# span 9 =    -0.2154,    15.0776       
# span 10 = 0.0000e+00, 0.0000e+00      
# interval = seconds: 0.25
# start_time = May 08 2022 12:10:02 [Instrument's time stamp, header]
# bad_flag = -9.990e-29
*END*
[from data line 132]
 128.508082      4.081    12.5388  32.662842    27.5439      4.045  274.22783  274.36025    -0.2845     2.4372 -9.990e-29
 128.508084      4.094    12.5385  32.662434    27.5437      4.057  274.23013  274.36253    -0.4090     2.3078 -9.990e-29
 128.508087      4.105    12.5375  32.660569    27.5427      4.068  274.23784  274.37020    -0.5024     2.3644 -9.990e-29
 128.508090      4.119    12.5366  32.660570    27.5444      4.083  274.24160  274.37389    -0.4090     2.3846 -9.990e-29
 128.508093      4.145    12.5359  32.661211    27.5451      4.108  274.24359  274.37583    -0.6269     2.3240 0.0000e+00
 128.508096      4.178    12.5357  32.662435    27.5457      4.140  274.24236  274.37458     0.0268     2.6192 0.0000e+00
 128.508099      4.213    12.5354  32.662551    27.5459      4.175  274.24343  274.37562    -0.3778     2.5828 0.0000e+00
 128.508102      4.253    12.5346  32.661852    27.5460      4.215  274.24814  274.38029    -0.1444     2.5989 0.0000e+00
 128.508105      4.295    12.5336  32.662668    27.5475      4.256  274.25139  274.38346    -0.3311     2.5585 0.0000e+00
 128.508108      4.331    12.5322  32.664300    27.5500      4.292  274.25443  274.38639     0.0424     2.5545 0.0000e+00
 128.508111      4.362    12.5303  32.665291    27.5523      4.323  274.26110  274.39293     0.1513     2.6879 0.0000e+00
 128.508113      4.391    12.5289  32.664709    27.5525      4.352  274.26810  274.39984     0.0891     2.6717 0.0000e+00
 128.508116      4.417    12.5280  32.664709    27.5527      4.377  274.27218  274.40385     0.1047     2.6960 -9.990e-29
 128.508119      4.439    12.5274  32.664709    27.5538      4.399  274.27500  274.40663     0.0580     2.6758 -9.990e-29
 128.508122      4.453    12.5265  32.666166    27.5559      4.413  274.27646  274.40802    -0.1288     2.7971 -9.990e-29
 128.508125      4.468    12.5255  32.666341    27.5567      4.428  274.28022  274.41171    -0.0043     2.7607 -9.990e-29
 128.508128      4.486    12.5249  32.666749    27.5575      4.446  274.28231  274.41375     0.1980     2.7728 -9.990e-29
 128.508131      4.503    12.5238  32.665875    27.5575      4.462  274.28857  274.41995    -0.0043     2.7971 -9.990e-29
 128.508134      4.528    12.5230  32.665759    27.5585      4.488  274.29254  274.42387     0.2603     2.8254 -9.990e-29
 128.508137      4.561    12.5228  32.666167    27.5588      4.520  274.29245  274.42377     0.1513     2.8254 0.0000e+00
 128.508139      4.597    12.5229  32.666750    27.5585      4.556  274.29112  274.42244     0.0735     2.8173 0.0000e+00
 128.508142      4.632    12.5232  32.666284    27.5589      4.590  274.29073  274.42207     0.1513     2.8294 0.0000e+00
 128.508145      4.668    12.5238  32.667391    27.5583      4.626  274.28596  274.41733     1.1941     2.5585 0.0000e+00
 128.508148      4.701    12.5238  32.664477    27.5582      4.659  274.29152  274.42291     1.3031     2.5868 0.0000e+00
 128.508151      4.734    12.5238  32.666750    27.5572      4.692  274.28716  274.41853     0.9918     2.5909 0.0000e+00
 128.508154      4.763    12.5235  32.666867    27.5582      4.720  274.28853  274.41988     1.3187     2.6313 -9.990e-29
 128.508157      4.787    12.5234  32.667799    27.5595      4.744  274.28719  274.41852     1.1163     2.5828 -9.990e-29
 128.508160      4.807    12.5235  32.665527    27.5573      4.764  274.29096  274.42232     0.1825     2.4736 -9.990e-29
 128.508163      4.823    12.5239  32.665527    27.5570      4.780  274.28909  274.42049     0.1980     2.4736 -9.990e-29
 128.508166      4.836    12.5242  32.667275    27.5584      4.793  274.28472  274.41612     0.0735     2.4655 -9.990e-29
 128.508168      4.856    12.5242  32.665760    27.5570      4.813  274.28745  274.41886     0.1047     2.4615 -9.990e-29
 128.508171      4.874    12.5240  32.665935    27.5583      4.831  274.28809  274.41948     0.3381     2.7162 -9.990e-29
 128.508174      4.904    12.5236  32.666751    27.5592      4.860  274.28821  274.41957     0.3692     2.7769 0.0000e+00
 128.508177      4.933    12.5231  32.668208    27.5601      4.889  274.28811  274.41942     0.3226     2.7405 0.0000e+00
 128.508180      4.964    12.5229  32.670481    27.5623      4.919  274.28469  274.41597     0.3226     2.7203 0.0000e+00
 128.508183      4.999    12.5228  32.672288    27.5640      4.954  274.28179  274.41304     0.7895     2.5140 0.0000e+00
 128.508186      5.035    12.5225  32.672929    27.5649      4.990  274.28223  274.41345     0.4471     2.5464 0.0000e+00
 128.508189      5.064    12.5224  32.677009    27.5687      5.019  274.27525  274.40643     0.5249     2.5140 0.0000e+00
 128.508192      5.101    12.5225  32.681323    27.5707      5.055  274.26725  274.39839     0.6183     2.5140 0.0000e+00
 128.508194      5.126    12.5223  32.679283    27.5727      5.080  274.27154  274.40269     0.4159     2.7728 -9.990e-29
 128.508197      5.148    12.5228  32.682722    27.5738      5.102  274.26352  274.39467     0.5871     2.7607 -9.990e-29
 128.508200      5.172    12.5229  32.683829    27.5747      5.125  274.26093  274.39208     0.6494     2.7930 -9.990e-29
 128.508203      5.186    12.5227  32.686511    27.5773      5.140  274.25708  274.38818     0.5560     2.7809 -9.990e-29
 128.508206      5.203    12.5224  32.691000    27.5817      5.156  274.25030  274.38134     0.7117     2.7647 -9.990e-29
 128.508209      5.225    12.5219  32.692865    27.5841      5.178  274.24916  274.38015     0.0891     2.6475 -9.990e-29
 128.508212      5.250    12.5212  32.692632    27.5845      5.203  274.25272  274.38366     0.5249     2.6717 0.0000e+00
 128.508215      5.280    12.5211  32.693273    27.5841      5.232  274.25221  274.38314     0.4004     2.6192 0.0000e+00
 128.508218      5.312    12.5208  32.692224    27.5848      5.265  274.25536  274.38628     0.5560     2.6030 0.0000e+00
 128.508220      5.345    12.5210  32.694032    27.5840      5.298  274.25121  274.38212     0.0891     2.7850 0.0000e+00
 128.508223      5.382    12.5209  32.691000    27.5844      5.334  274.25729  274.38822     0.3381     2.7728 0.0000e+00
 128.508226      5.417    12.5205  32.692458    27.5844      5.368  274.25626  274.38716     0.5249     2.7769 0.0000e+00
 128.508229      5.451    12.5200  32.693682    27.5850      5.402  274.25627  274.38713     0.3226     2.8254 0.0000e+00
 128.508232      5.480    12.5197  32.692458    27.5855      5.431  274.25973  274.39058     0.5560     2.7769 0.0000e+00
 128.508235      5.508    12.5196  32.692050    27.5850      5.459  274.26111  274.39195     0.6338     2.7688 -9.990e-29
 128.508238      5.526    12.5200  32.694324    27.5865      5.477  274.25518  274.38602     0.4782     2.7283 -9.990e-29
 128.508241      5.541    12.5202  32.694440    27.5864      5.491  274.25404  274.38490     0.2603     2.7930 -9.990e-29
 128.508244      5.555    12.5204  32.694732    27.5866      5.506  274.25291  274.38377     0.5249     2.7769 -9.990e-29
 128.508247      5.570    12.5203  32.694907    27.5868      5.520  274.25291  274.38377     0.5093     2.7688 -9.990e-29
 128.508249      5.588    12.5202  32.695548    27.5885      5.538  274.25209  274.38294     0.7117     2.7566 -9.990e-29
 128.508252      5.616    12.5206  32.697006    27.5890      5.565  274.24763  274.37849     0.5871     2.7647 0.0000e+00
 128.508255      5.647    12.5211  32.698405    27.5888      5.596  274.24327  274.37415     0.4315     2.7647 0.0000e+00
 128.508258      5.674    12.5216  32.698172    27.5895      5.623  274.24121  274.37213     0.6805     3.0074 0.0000e+00
 128.508261      5.714    12.5223  32.703769    27.5913      5.663  274.22810  274.35901     0.5871     3.0518 0.0000e+00
 128.508264      5.749    12.5232  32.702078    27.5935      5.697  274.22740  274.35839     0.6961     3.0559 0.0000e+00
 128.508267      5.783    12.5241  32.708259    27.5964      5.732  274.21231  274.34329     0.4938     3.0235 0.0000e+00
 128.508270      5.820    12.5249  32.710533    27.5971      5.768  274.20483  274.33584     0.4626     2.9022 0.0000e+00
 128.508273      5.851    12.5263  32.710708    27.5975      5.798  274.19861  274.32971     0.5093     2.9386 0.0000e+00
 128.508275      5.876    12.5272  32.709716    27.5971      5.824  274.19603  274.32721     0.6183     2.8699 -9.990e-29
 128.508278      5.898    12.5275  32.709483    27.5950      5.846  274.19522  274.32642     0.6183     2.9184 -9.990e-29
 128.508281      5.922    12.5280  32.712165    27.5971      5.869  274.18825  274.31946     0.1513     2.7324 -9.990e-29
 128.508284      5.944    12.5287  32.715606    27.5999      5.891  274.17930  274.31052     0.6183     2.7445 -9.990e-29
 128.508287      5.968    12.5294  32.717763    27.6029      5.915  274.17202  274.30327     0.1825     2.7486 -9.990e-29
 128.508290      5.994    12.5304  32.720213    27.6036      5.940  274.16329  274.29458     0.1980     2.7890 0.0000e+00
 128.508293      6.021    12.5314  32.722487    27.6043      5.967  274.15519  274.28652     0.4315     2.9386 0.0000e+00
 128.508296      6.050    12.5328  32.728144    27.6064      5.996  274.13854  274.26991     0.4626     2.9346 0.0000e+00
 128.508299      6.078    12.5346  32.728669    27.6085      6.023  274.12982  274.26131     0.4315     2.9912 -9.990e-29
 128.508302      6.103    12.5360  32.730885    27.6103      6.048  274.11994  274.25150     0.4626     2.9346 -9.990e-29
 128.508304      6.130    12.5372  32.733626    27.6103      6.075  274.10945  274.24106     0.4626     2.9386 0.0000e+00
 128.508307      6.159    12.5384  32.734618    27.6103      6.104  274.10270  274.23439     0.9607     2.6839 -9.990e-29
 128.508310      6.183    12.5395  32.737476    27.6122      6.128  274.09262  274.22435     1.1475     2.6273 -9.990e-29
 128.508313      6.208    12.5408  32.733976    27.6080      6.153  274.09328  274.22513     1.0852     2.7203 -9.990e-29
 128.508316      6.230    12.5410  32.734618    27.6085      6.175  274.09121  274.22307     1.0074     2.6556 -9.990e-29
 128.508319      6.245    12.5414  32.736892    27.6103      6.189  274.08528  274.21715     0.9607     3.0235 -9.990e-29
 128.508322      6.267    12.5421  32.737884    27.6107      6.211  274.08041  274.21231     1.1163     3.0316 -9.990e-29
 128.508325      6.289    12.5426  32.741501    27.6155      6.232  274.07177  274.20367     1.0696     3.0559 -9.990e-29
 128.508328      6.316    12.5440  32.744475    27.6153      6.259  274.06055  274.19251     1.1630     3.0316 0.0000e+00
 128.508330      6.347    12.5453  32.745117    27.6151      6.290  274.05349  274.18554     0.9607     3.0963 0.0000e+00
 128.508333      6.378    12.5467  32.745759    27.6151      6.321  274.04644  274.17858     0.8829     3.1206 0.0000e+00
 128.508336      6.414    12.5481  32.750134    27.6177      6.357  274.03241  274.16460     0.8829     3.1287 0.0000e+00
 128.508339      6.451    12.5500  32.754567    27.6205      6.393  274.01640  274.14867     0.6494     3.0963 0.0000e+00
 128.508342      6.482    12.5519  32.757076    27.6210      6.424  274.00352  274.13589     1.2253     2.9871 0.0000e+00
 128.508345      6.518    12.5539  32.756259    27.6214      6.460  273.99597  274.12848     1.2097     2.9831 -9.990e-29
 128.508348      6.540    12.5553  32.756959    27.6187      6.482  273.98850  274.12110     1.0074     2.9548 -9.990e-29
 128.508351      6.564    12.5559  32.756434    27.6178      6.505  273.98696  274.11960     1.2720     2.9831 -9.990e-29
 128.508354      6.588    12.5561  32.757659    27.6188      6.529  273.98416  274.11681     1.1008     2.9548 -9.990e-29
 128.508356      6.604    12.5565  32.760693    27.6213      6.545  273.97688  274.10952     1.7233     3.2459 -9.990e-29
 128.508359      6.619    12.5571  32.761977    27.6221      6.560  273.97179  274.10446     1.3498     3.2419 -9.990e-29
 128.508362      6.639    12.5580  32.763027    27.6224      6.579  273.96618  274.09891     1.5521     3.2783 -9.990e-29
 128.508365      6.668    12.5585  32.763436    27.6218      6.608  273.96329  274.09604     1.5210     3.2783 0.0000e+00
 128.508368      6.695    12.5588  32.762444    27.6212      6.635  273.96352  274.09631     1.1786     3.6422 0.0000e+00
 128.508371      6.722    12.5585  32.761977    27.6212      6.662  273.96593  274.09870     0.9918     3.6826 0.0000e+00
 128.508374      6.755    12.5583  32.763436    27.6225      6.695  273.96397  274.09672     1.0541     3.6948 0.0000e+00
 128.508377      6.784    12.5583  32.763844    27.6229      6.724  273.96326  274.09600     1.0385     3.6705 0.0000e+00
 128.508380      6.813    12.5585  32.765712    27.6244      6.753  273.95932  274.09205     2.1591     3.1246 0.0000e+00
 128.508383      6.841    12.5588  32.765945    27.6245      6.780  273.95737  274.09012     2.2369     3.1974 0.0000e+00
 128.508385      6.868    12.5593  32.769038    27.6244      6.807  273.94999  274.08274     2.2214     3.1812 -9.990e-29
 128.508388      6.892    12.5605  32.771663    27.6285      6.830  273.94001  274.07282     1.9879     3.1570 -9.990e-29
 128.508391      6.917    12.5621  32.772538    27.6282      6.856  273.93130  274.06421     3.4510     3.7676 -9.990e-29
 128.508394      6.937    12.5636  32.775223    27.6296      6.875  273.91997  274.05295     3.3109     3.8565 -9.990e-29
 128.508397      6.950    12.5648  32.779541    27.6327      6.888  273.90697  274.03999     3.3576     3.7756 -9.990e-29
 128.508400      6.972    12.5667  32.786136    27.6374      6.910  273.88679  274.01987     3.3887     3.8242 -9.990e-29
 128.508403      6.996    12.5693  32.788178    27.6374      6.933  273.87163  274.00487     3.5288     3.7959 -9.990e-29
 128.508406      7.021    12.5720  32.791913    27.6381      6.959  273.85345  273.98683     6.0502     3.8161 -9.990e-29
 128.508409      7.051    12.5742  32.792730    27.6384      6.988  273.84235  273.97587     5.9568     3.8848 0.0000e+00
 128.508411      7.078    12.5753  32.794189    27.6386      7.015  273.83478  273.96836     5.8945     3.8403 0.0000e+00
 128.508414      7.107    12.5762  32.795824    27.6395      7.044  273.82814  273.96177     6.0657     3.8282 0.0000e+00
 128.508417      7.137    12.5768  32.797049    27.6395      7.073  273.82317  273.95682     3.0152     3.7756 0.0000e+00
 128.508420      7.169    12.5778  32.795824    27.6383      7.105  273.82102  273.95475     3.2953     3.7433 0.0000e+00
 128.508423      7.200    12.5784  32.795415    27.6379      7.136  273.81896  273.95274     3.4976     3.7635 0.0000e+00
 128.508426      7.226    12.5783  32.794073    27.6374      7.161  273.82200  273.95578     3.2642     3.6746 -9.990e-29
 128.508429      7.250    12.5784  32.795590    27.6376      7.185  273.81868  273.95246     3.9490     3.6341 -9.990e-29
 128.508432      7.268    12.5784  32.796641    27.6386      7.203  273.81713  273.95090     4.2603     3.6665 -9.990e-29
 128.508435      7.283    12.5786  32.796408    27.6382      7.218  273.81662  273.95040     4.0268     3.6179 -9.990e-29
 128.508438      7.301    12.5789  32.798976    27.6404      7.235  273.81081  273.94458     4.1202     3.6543 -9.990e-29
 128.508440      7.319    12.5795  32.804697    27.6453      7.253  273.79781  273.93156     2.6883     3.5290 -9.990e-29
 128.508443      7.341    12.5813  32.810242    27.6491      7.275  273.78013  273.91396     2.6572     3.5007 -9.990e-29
 128.508446      7.366    12.5838  32.814738    27.6493      7.300  273.76123  273.89517     2.6883     3.4400 -9.990e-29
 128.508449      7.395    12.5868  32.814796    27.6476      7.329  273.74775  273.88190     2.6727     3.5047 0.0000e+00
 128.508452      7.432    12.5892  32.812927    27.6458      7.365  273.74083  273.87515     2.5327     3.5007 0.0000e+00
 128.508455      7.465    12.5898  32.811935    27.6444      7.398  273.73982  273.87420     3.1864     3.2783 0.0000e+00
