Processed/SBE19plus_01907321_2022_05_04_Cast11_wfilter.cnv
* Sea-Bird SBE19plus  Data File:
* FileName = E:\Prandtl Daten\2022\CTD\Raw\SBE19plus_01907321_2022_05_04_Cast11.hex
* Software version 2.6.1.12
* Temperature SN = 7321
* Conductivity SN = 7321
* System UpLoad Time = May 04 2022 07:54:09
* <ApplicationData>
* <Seaterm232>
** Messpraktikum 2022
** CTD 04.05 SW1
# nquan = 11
# nvalues = 523                         
# units = specified
# name 0 = timeJ: Julian Days
# name 1 = prdM: Pressure, Strain Gauge [db]
# name 2 = tv290C: Temperature [ITS-90, deg C]
# name 3 = c0mS/cm: Conductivity [mS/cm]
# name 4 = sal00: Salinity, Practical [PSU]
# name 5 = depSM: Depth [salt water, m], lat = 54.00
# name 6 = oxsatMm/Kg: Oxygen Saturation, Weiss [umol/kg]
# name 7 = oxsolMm/Kg: Oxygen Saturation, Garcia & Gordon [umol/kg]
# name 8 = turbWETntu0: Turbidity, WET Labs ECO [NTU]
# name 9 = flECO-AFL: Fluorescence, WET Labs ECO-AFL/FL [mg/m^3]
# name 10 = flag:  0.000e+00
# span 0 = 124.324722, 124.326233       
# span 1 =      0.719,     12.999       
# span 2 =    11.3857,    11.4435       
# span 3 =  30.694376,  31.215531       
# span 4 =    26.4922,    27.0154       
# span 5 =      0.712,     12.883       
# span 6 =  282.09777,  282.96940       
# span 7 =  282.16566,  283.04487       
# span 8 =    43.0463,    78.7817       
# span 9 =    10.9976,    14.8835       
# span 10 = 0.0000e+00, 0.0000e+00      
# interval = seconds: 0.25
# start_time = May 04 2022 07:46:23 [Instrument's time stamp, header]
# bad_flag = -9.990e-29
*END*
[from data line 132]
 124.325104      2.632    11.4311  30.705473    26.5008      2.609  282.87045  282.94718    48.4938    12.7364 0.0000e+00
 124.325107      2.678    11.4309  30.707009    26.5016      2.654  282.86853  282.94523    49.4587    12.9062 0.0000e+00
 124.325110      2.743    11.4314  30.709058    26.5016      2.719  282.86243  282.93915    49.5210    12.9102 0.0000e+00
 124.325113      2.801    11.4328  30.707977    26.5011      2.776  282.85777  282.93460    49.5366    12.9183 0.0000e+00
 124.325116      2.856    11.4334  30.707579    26.5003      2.831  282.85567  282.93255    49.5210    12.9224 0.0000e+00
 124.325119      2.906    11.4334  30.707237    26.5001      2.880  282.85636  282.93324    43.7778    11.8346 0.0000e+00
 124.325122      2.938    11.4327  30.707010    26.5000      2.912  282.86035  282.93718    43.8245    11.8104 -9.990e-29
 124.325124      2.956    11.4321  30.706441    26.5001      2.930  282.86401  282.94081    43.5910    11.8225 -9.990e-29
 124.325127      2.952    11.4320  30.706441    26.5002      2.926  282.86465  282.94144    43.5599    11.8265 -9.990e-29
 124.325130      2.941    11.4320  30.708660    26.5023      2.915  282.86043  282.93720    43.7622    11.7861 -9.990e-29
 124.325133      2.912    11.4328  30.708375    26.5015      2.886  282.85709  282.93392    43.2019    12.3279 -9.990e-29
 124.325136      2.886    11.4337  30.708944    26.5014      2.861  282.85182  282.92870    43.0463    12.3118 -9.990e-29
 124.325139      2.861    11.4343  30.708716    26.5008      2.835  282.84966  282.92658    43.1241    12.3522 -9.990e-29
 124.325142      2.854    11.4345  30.708204    26.5002      2.828  282.84966  282.92661    43.0930    12.3724 -9.990e-29
 124.325145      2.869    11.4346  30.708375    26.5002      2.843  282.84871  282.92566    45.9724    12.6231 -9.990e-29
 124.325148      2.899    11.4340  30.706043    26.5001      2.874  282.85605  282.93299    46.0657    12.5787 -9.990e-29
 124.325150      2.947    11.4326  30.706839    26.5006      2.921  282.86100  282.93783    46.0502    12.5665 0.0000e+00
 124.325153      3.007    11.4320  30.707408    26.5001      2.980  282.86285  282.93963    46.0813    12.5908 0.0000e+00
 124.325156      3.073    11.4317  30.706043    26.5011      3.045  282.86710  282.94387    51.2953    12.1702 0.0000e+00
 124.325159      3.141    11.4316  30.707580    26.5000      3.113  282.86455  282.94130    51.2486    12.1824 0.0000e+00
 124.325162      3.203    11.4314  30.705076    26.4993      3.174  282.87031  282.94707    51.3264    12.2228 0.0000e+00
 124.325165      3.255    11.4295  30.701208    26.4992      3.226  282.88637  282.96305    51.0930    12.1905 0.0000e+00
 124.325168      3.297    11.4256  30.700697    26.4980      3.268  282.90602  282.98242    53.2253    12.5463 0.0000e+00
 124.325171      3.332    11.4222  30.700925    26.4992      3.302  282.92137  282.99752    53.1941    12.5625 -9.990e-29
 124.325174      3.354    11.4200  30.701494    26.5040      3.324  282.93091  283.00690    53.2253    12.6272 -9.990e-29
 124.325177      3.369    11.4194  30.701778    26.5046      3.339  282.93295  283.00890    53.2720    12.5544 -9.990e-29
 124.325179      3.376    11.4198  30.702234    26.5048      3.346  282.93016  283.00613    53.1475    12.6070 -9.990e-29
 124.325182      3.381    11.4202  30.701494    26.5038      3.351  282.92996  283.00597    51.2331    12.9183 -9.990e-29
 124.325185      3.398    11.4201  30.702063    26.5044      3.367  282.92922  283.00521    51.2486    12.8900 -9.990e-29
 124.325188      3.425    11.4203  30.702803    26.5049      3.395  282.92687  283.00286    51.2642    12.9183 -9.990e-29
 124.325191      3.447    11.4207  30.702063    26.5036      3.416  282.92636  283.00239    51.2953    12.9102 -9.990e-29
 124.325194      3.480    11.4204  30.701494    26.5035      3.449  282.92907  283.00509    50.0035    12.4856 0.0000e+00
 124.325197      3.515    11.4198  30.700812    26.5034      3.483  282.93296  283.00895    49.9724    12.5220 0.0000e+00
 124.325200      3.549    11.4188  30.699390    26.5031      3.518  282.94051  283.01644    50.0035    12.5463 0.0000e+00
 124.325203      3.581    11.4180  30.699390    26.5027      3.549  282.94407  283.01994    50.0813    12.5342 -9.990e-29
 124.325205      3.606    11.4171  30.699390    26.5039      3.574  282.94859  283.02439    47.9957    12.5584 -9.990e-29
 124.325208      3.628    11.4163  30.700585    26.5056      3.595  282.94987  283.02561    47.9801    12.5908 -9.990e-29
 124.325211      3.643    11.4168  30.702974    26.5075      3.610  282.94309  283.01883    47.8089    12.5787 -9.990e-29
 124.325214      3.652    11.4189  30.704339    26.5073      3.619  282.93053  283.00641    48.0113    12.5948 -9.990e-29
 124.325217      3.652    11.4212  30.703600    26.5050      3.619  282.92133  282.99738    54.5949    13.7513 -9.990e-29
 124.325220      3.659    11.4224  30.703599    26.5041      3.626  282.91555  282.99169    54.7039    13.7675 -9.990e-29
 124.325223      3.664    11.4227  30.703201    26.5035      3.632  282.91502  282.99119    54.7973    13.7796 -9.990e-29
 124.325226      3.677    11.4224  30.702803    26.5033      3.644  282.91707  282.99322    54.8284    13.7675 -9.990e-29
 124.325229      3.695    11.4219  30.701267    26.5024      3.662  282.92258  282.99871    54.7817    13.7594 -9.990e-29
 124.325231      3.723    11.4204  30.700357    26.5019      3.689  282.93108  283.00711    49.6611    13.3105 0.0000e+00
 124.325234      3.761    11.4188  30.698025    26.5024      3.727  282.94325  283.01920    49.8323    13.3308 0.0000e+00
 124.325237      3.805    11.4167  30.697627    26.5024      3.771  282.95368  283.02949    49.5210    13.3348 0.0000e+00
 124.325240      3.857    11.4153  30.700529    26.5062      3.823  282.95495  283.03062    49.6766    13.3146 0.0000e+00
 124.325243      3.908    11.4160  30.701780    26.5062      3.873  282.94940  283.02510    54.5015    12.8374 0.0000e+00
 124.325246      3.968    11.4176  30.701667    26.5056      3.933  282.94226  283.01808    54.6572    12.8819 0.0000e+00
 124.325249      4.025    11.4187  30.701837    26.5050      3.989  282.93683  283.01273    54.5327    12.8294 0.0000e+00
 124.325252      4.085    11.4191  30.701269    26.5041      4.049  282.93603  283.01196    54.5327    12.8374 0.0000e+00
 124.325255      4.131    11.4189  30.700984    26.5041      4.094  282.93756  283.01348    56.9140    13.0073 0.0000e+00
 124.325258      4.177    11.4182  30.700700    26.5042      4.139  282.94135  283.01722    56.6494    12.9385 0.0000e+00
 124.325260      4.209    11.4174  30.700700    26.5044      4.172  282.94491  283.02073    56.8984    12.9951 0.0000e+00
 124.325263      4.243    11.4167  30.699790    26.5047      4.205  282.95020  283.02597    56.7117    13.0194 -9.990e-29
 124.325266      4.255    11.4160  30.699961    26.5050      4.217  282.95310  283.02882    52.6183    13.5653 -9.990e-29
 124.325269      4.259    11.4160  30.700530    26.5056      4.221  282.95202  283.02774    52.4626    13.5855 -9.990e-29
 124.325272      4.237    11.4162  30.701668    26.5065      4.199  282.94887  283.02460    52.5249    13.5774 -9.990e-29
 124.325275      4.204    11.4163  30.702009    26.5068      4.167  282.94756  283.02329    52.4626    13.5653 -9.990e-29
 124.325278      4.161    11.4172  30.701667    26.5059      4.123  282.94432  283.02011    52.4626    13.5410 -9.990e-29
 124.325281      4.111    11.4174  30.701496    26.5056      4.075  282.94365  283.01945    53.6455    13.0841 -9.990e-29
 124.325284      4.071    11.4176  30.700700    26.5046      4.035  282.94385  283.01968    53.8634    13.0477 -9.990e-29
 124.325286      4.055    11.4172  30.699562    26.5039      4.019  282.94825  283.02406    53.8012    13.0558 -9.990e-29
 124.325289      4.060    11.4160  30.699562    26.5047      4.024  282.95372  283.02945    53.8790    13.0801 -9.990e-29
 124.325292      4.108    11.4146  30.698026    26.5043      4.071  282.96342  283.03907    57.7389    13.5532 -9.990e-29
 124.325295      4.182    11.4135  30.698823    26.5078      4.145  282.96710  283.04266    57.8012    13.5532 -9.990e-29
 124.325298      4.290    11.4124  30.700189    26.5095      4.252  282.96940  283.04487    57.7545    13.5693 0.0000e+00
 124.325301      4.413    11.4118  30.703205    26.5111      4.373  282.96665  283.04204    57.7856    13.5532 0.0000e+00
 124.325304      4.538    11.4113  30.706619    26.5147      4.498  282.96282  283.03813    57.7389    12.3401 0.0000e+00
 124.325307      4.657    11.4105  30.708553    26.5170      4.615  282.96308  283.03831    57.7545    12.3482 0.0000e+00
 124.325310      4.748    11.4097  30.710033    26.5190      4.706  282.96387  283.03902    57.6611    12.3279 0.0000e+00
 124.325313      4.814    11.4095  30.710830    26.5194      4.771  282.96336  283.03850    57.7700    12.3118 0.0000e+00
 124.325315      4.843    11.4094  30.710090    26.5199      4.800  282.96543  283.04056    60.0735    12.8415 -9.990e-29
 124.325318      4.838    11.4092  30.708383    26.5177      4.795  282.96931  283.04446    59.9334    12.8091 -9.990e-29
 124.325321      4.811    11.4096  30.710659    26.5196      4.768  282.96304  283.03819    60.1202    12.8698 -9.990e-29
 124.325324      4.761    11.4098  30.711399    26.5202      4.719  282.96064  283.03579    60.2759    12.8213 -9.990e-29
 124.325327      4.705    11.4099  30.711967    26.5207      4.663  282.95919  283.03434    60.0268    12.8496 -9.990e-29
 124.325330      4.644    11.4097  30.711398    26.5203      4.603  282.96120  283.03634    57.6922    12.3684 -9.990e-29
 124.325333      4.592    11.4098  30.712252    26.5211      4.551  282.95922  283.03436    57.7856    12.4048 -9.990e-29
 124.325336      4.572    11.4096  30.712365    26.5214      4.531  282.95995  283.03507    57.8167    12.4412 -9.990e-29
 124.325339      4.585    11.4095  30.711398    26.5205      4.544  282.96212  283.03725    57.9101    12.3886 -9.990e-29
 124.325341      4.625    11.4089  30.711967    26.5214      4.583  282.96364  283.03872    58.3148    13.7513 -9.990e-29
 124.325344      4.696    11.4085  30.712081    26.5218      4.654  282.96572  283.04077    58.3615    13.7594 -9.990e-29
 124.325347      4.792    11.4084  30.713333    26.5255      4.749  282.96373  283.03876    58.4082    13.7958 -9.990e-29
 124.325350      4.898    11.4085  30.716008    26.5253      4.854  282.95840  283.03340    58.3926    13.7513 0.0000e+00
 124.325353      5.007    11.4085  30.715667    26.5255      4.963  282.95912  283.03413    63.1397    12.5301 0.0000e+00
 124.325356      5.093    11.4087  30.716976    26.5256      5.048  282.95573  283.03073    63.2331    12.5342 0.0000e+00
 124.325359      5.155    11.4084  30.719252    26.5262      5.109  282.95273  283.02769    63.1708    12.5099 -9.990e-29
 124.325362      5.175    11.4089  30.721187    26.5300      5.129  282.94682  283.02178    63.0307    12.4856 -9.990e-29
 124.325365      5.164    11.4092  30.721756    26.5303      5.118  282.94412  283.01911    62.5638    13.2539 -9.990e-29
 124.325367      5.129    11.4094  30.722154    26.5306      5.084  282.94270  283.01769    62.4082    13.2418 -9.990e-29
 124.325370      5.080    11.4096  30.722495    26.5308      5.035  282.94105  283.01605    62.5015    13.2459 -9.990e-29
 124.325373      5.018    11.4097  30.721186    26.5295      4.973  282.94285  283.01788    62.3926    13.2661 -9.990e-29
 124.325376      4.962    11.4099  30.722154    26.5303      4.917  282.94001  283.01504    62.3615    13.2701 -9.990e-29
 124.325379      4.921    11.4098  30.721357    26.5296      4.877  282.94182  283.01685    60.4471    12.8617 -9.990e-29
 124.325382      4.923    11.4098  30.723462    26.5316      4.879  282.93782  283.01283    60.4938    12.8374 -9.990e-29
 124.325385      4.965    11.4096  30.723462    26.5317      4.921  282.93881  283.01380    60.5560    12.8132 -9.990e-29
 124.325388      5.046    11.4095  30.724146    26.5342      5.000  282.93821  283.01319    60.4004    12.8334 -9.990e-29
 124.325391      5.148    11.4093  30.725796    26.5348      5.102  282.93611  283.01105    62.0191    13.1528 0.0000e+00
 124.325394      5.264    11.4092  30.727105    26.5354      5.217  282.93402  283.00894    62.0969    13.1326 0.0000e+00
 124.325396      5.376    11.4092  30.727675    26.5354      5.328  282.93334  283.00825    62.2681    13.1245 0.0000e+00
 124.325399      5.480    11.4092  30.727163    26.5360      5.431  282.93438  283.00930    62.1124    13.1609 0.0000e+00
 124.325402      5.561    11.4092  30.728814    26.5361      5.511  282.93098  283.00588    60.8362    12.4856 0.0000e+00
 124.325405      5.612    11.4092  30.728074    26.5369      5.561  282.93242  283.00733    60.9140    12.5746 -9.990e-29
 124.325408      5.630    11.4093  30.726537    26.5347      5.580  282.93503  283.00997    60.8829    12.5463 -9.990e-29
 124.325411      5.628    11.4093  30.726993    26.5351      5.577  282.93417  283.00910    60.9918    12.4776 -9.990e-29
 124.325414      5.604    11.4091  30.726537    26.5348      5.554  282.93598  283.01090    61.7233    12.5099 -9.990e-29
 124.325417      5.575    11.4089  30.726139    26.5346      5.526  282.93736  283.01228    62.2058    13.7837 -9.990e-29
 124.325420      5.552    11.4088  30.725797    26.5344      5.502  282.93863  283.01355    62.1280    13.7756 -9.990e-29
 124.325422      5.530    11.4089  30.726992    26.5354      5.481  282.93570  283.01061    62.0657    13.7553 -9.990e-29
 124.325425      5.512    11.4088  30.727505    26.5360      5.462  282.93536  283.01025    62.1591    13.7675 -9.990e-29
 124.325428      5.512    11.4089  30.728813    26.5371      5.462  282.93223  283.00712    60.0113    13.8281 -9.990e-29
 124.325431      5.517    11.4087  30.728244    26.5367      5.468  282.93428  283.00916    59.9334    13.7998 -9.990e-29
 124.325434      5.541    11.4084  30.728757    26.5375      5.491  282.93493  283.00978    60.1047    13.8281 -9.990e-29
 124.325437      5.563    11.4084  30.728245    26.5391      5.513  282.93592  283.01077    59.9801    13.8524 -9.990e-29
 124.325440      5.598    11.4085  30.730578    26.5407      5.547  282.93118  283.00601    61.1163    14.8593 0.0000e+00
 124.325443      5.637    11.4083  30.733822    26.5423      5.587  282.92569  283.00047    61.1319    14.8674 0.0000e+00
 124.325446      5.683    11.4087  30.735017    26.5431      5.632  282.92152  282.99632    61.2253    14.8835 0.0000e+00
 124.325448      5.732    11.4089  30.737465    26.5451      5.681  282.91594  282.99072    61.1941    14.8552 0.0000e+00
 124.325451      5.783    11.4092  30.737465    26.5451      5.731  282.91469  282.98949    58.9996    13.4966 0.0000e+00
 124.325454      5.845    11.4093  30.737238    26.5451      5.793  282.91484  282.98965    59.0307    13.4804 0.0000e+00
 124.325457      5.918    11.4092  30.738262    26.5456      5.865  282.91327  282.98806    58.9996    13.5087 0.0000e+00
 124.325460      5.996    11.4092  30.738035    26.5458      5.943  282.91407  282.98887    58.9685    13.5491 0.0000e+00
 124.325463      6.069    11.4092  30.738433    26.5460      6.015  282.91337  282.98816    59.0307    13.4925 0.0000e+00
 124.325466      6.142    11.4092  30.738604    26.5461      6.087  282.91309  282.98788    58.1280    12.5342 0.0000e+00
 124.325469      6.202    11.4090  30.738662    26.5461      6.147  282.91367  282.98845    57.9724    12.5180 0.0000e+00
 124.325472      6.237    11.4092  30.739003    26.5462      6.181  282.91240  282.98718    57.8323    12.5544 -9.990e-29
 124.325475      6.250    11.4096  30.739914    26.5470      6.194  282.90843  282.98324    58.1124    12.5503 -9.990e-29
 124.325477      6.241    11.4100  30.739003    26.5459      6.185  282.90855  282.98339    58.1747    13.0881 -9.990e-29
