Processed/SBE19plus_01907321_2022_05_06_Cast41_wfilter.cnv
* Sea-Bird SBE19plus  Data File:
* FileName = E:\Prandtl Daten\2022\CTD\Raw\SBE19plus_01907321_2022_05_06_Cast41.hex
* Software version 2.6.1.12
* Temperature SN = 7321
* Conductivity SN = 7321
* System UpLoad Time = May 06 2022 08:29:23
* <ApplicationData>
* <Seaterm232>
** Messpraktikum 2022
** CTD 06.05 BW2
** NMEA Latitude = 54 07.81 N
** NMEA Longitude = 008 44.917 E
# nquan = 11
# nvalues = 617                         
# units = specified
# name 0 = timeJ: Julian Days
# name 1 = prdM: Pressure, Strain Gauge [db]
# name 2 = tv290C: Temperature [ITS-90, deg C]
# name 3 = c0mS/cm: Conductivity [mS/cm]
# name 4 = sal00: Salinity, Practical [PSU]
# name 5 = depSM: Depth [salt water, m], lat = 54.00
# name 6 = oxsatMm/Kg: Oxygen Saturation, Weiss [umol/kg]
# name 7 = oxsolMm/Kg: Oxygen Saturation, Garcia & Gordon [umol/kg]
# name 8 = turbWETntu0: Turbidity, WET Labs ECO [NTU]
# name 9 = flECO-AFL: Fluorescence, WET Labs ECO-AFL/FL [mg/m^3]
# name 10 = flag:  0.000e+00
# span 0 = 126.347630, 126.349413       
# span 1 =      0.627,     15.301       
# span 2 =    12.7000,    12.7245       
# span 3 =  32.217966,  32.241007       
# span 4 =    27.0088,    27.0224       
# span 5 =      0.621,     15.163       
# span 6 =  274.16887,  274.30798       
# span 7 =  274.31777,  274.45546       
# span 8 =    17.6611,    80.4938       
# span 9 =     7.9204,    14.2446       
# span 10 = 0.0000e+00, 0.0000e+00      
# interval = seconds: 0.25
# start_time = May 06 2022 08:19:19 [Instrument's time stamp, header]
# bad_flag = -9.990e-29
*END*
[from data line 263]
 126.348391      6.928    12.7051  32.225050    27.0155      6.866  274.27633  274.42408    29.9412    11.2442 0.0000e+00
 126.348394      6.954    12.7055  32.225456    27.0156      6.891  274.27405  274.42182    30.0346    11.2847 0.0000e+00
 126.348397      6.981    12.7060  32.225630    27.0157      6.919  274.27123  274.41904    29.9568    10.9410 -9.990e-29
 126.348400      7.003    12.7065  32.225630    27.0151      6.940  274.26936  274.41719    29.9257    10.9733 -9.990e-29
 126.348403      7.023    12.7066  32.226210    27.0155      6.960  274.26771  274.41555    29.7856    10.9895 -9.990e-29
 126.348406      7.043    12.7069  32.226442    27.0155      6.980  274.26605  274.41390    29.9412    10.9531 -9.990e-29
 126.348409      7.063    12.7074  32.226326    27.0151      7.000  274.26406  274.41194    30.7817    11.2685 -9.990e-29
 126.348411      7.078    12.7073  32.226442    27.0152      7.015  274.26418  274.41206    30.7194    11.2887 -9.990e-29
 126.348414      7.098    12.7074  32.226210    27.0152      7.034  274.26429  274.41217    30.9218    11.2726 -9.990e-29
 126.348417      7.123    12.7079  32.226848    27.0153      7.060  274.26096  274.40888    30.9685    11.3292 0.0000e+00
 126.348420      7.152    12.7080  32.227022    27.0153      7.088  274.26036  274.40827    31.0152    11.2685 0.0000e+00
 126.348423      7.180    12.7082  32.227253    27.0153      7.116  274.25901  274.40694    31.1708    11.2362 0.0000e+00
 126.348426      7.211    12.7084  32.227254    27.0153      7.146  274.25809  274.40603    31.1864    11.2119 0.0000e+00
 126.348429      7.242    12.7087  32.227717    27.0152      7.177  274.25602  274.40398    31.0930    11.2200 0.0000e+00
 126.348432      7.267    12.7090  32.227833    27.0152      7.202  274.25426  274.40224    30.1124    11.1836 0.0000e+00
 126.348435      7.295    12.7092  32.227428    27.0149      7.229  274.25405  274.40205    30.2214    11.1270 0.0000e+00
 126.348438      7.322    12.7097  32.228239    27.0147      7.257  274.25073  274.39875    29.9257    11.1229 -9.990e-29
 126.348440      7.346    12.7098  32.228239    27.0150      7.280  274.25011  274.39814    29.9412    11.1391 -9.990e-29
 126.348443      7.361    12.7098  32.228471    27.0152      7.295  274.24971  274.39774    30.2525    11.1108 -9.990e-29
 126.348446      7.381    12.7102  32.228471    27.0149      7.315  274.24815  274.39620    31.7934    11.3736 -9.990e-29
 126.348449      7.394    12.7102  32.228471    27.0149      7.327  274.24816  274.39621    31.9801    11.3696 -9.990e-29
 126.348452      7.416    12.7103  32.228877    27.0152      7.349  274.24682  274.39487    31.8245    11.3575 -9.990e-29
 126.348455      7.438    12.7104  32.228645    27.0149      7.371  274.24661  274.39468    31.7622    11.3413 -9.990e-29
 126.348458      7.465    12.7107  32.229051    27.0150      7.398  274.24465  274.39273    31.8556    11.2887 -9.990e-29
 126.348461      7.489    12.7107  32.228877    27.0152      7.422  274.24529  274.39337    31.7467    11.3130 -9.990e-29
 126.348464      7.523    12.7108  32.229283    27.0150      7.456  274.24396  274.39204    31.9023    11.2968 0.0000e+00
 126.348466      7.549    12.7109  32.228878    27.0152      7.481  274.24438  274.39247    31.9801    11.3009 0.0000e+00
 126.348469      7.580    12.7110  32.229457    27.0151      7.512  274.24274  274.39084    32.4315    11.0987 0.0000e+00
 126.348472      7.605    12.7109  32.229284    27.0151      7.537  274.24338  274.39148    32.4315    11.1472 0.0000e+00
 126.348475      7.631    12.7110  32.229689    27.0151      7.563  274.24236  274.39046    32.2914    11.0785 -9.990e-29
 126.348478      7.655    12.7110  32.228646    27.0144      7.586  274.24423  274.39233    32.2136    11.1027 -9.990e-29
 126.348481      7.673    12.7111  32.229284    27.0149      7.604  274.24279  274.39090    31.8712    11.0744 -9.990e-29
 126.348484      7.691    12.7110  32.229690    27.0154      7.622  274.24240  274.39050    30.8906    11.2079 -9.990e-29
 126.348487      7.710    12.7110  32.229052    27.0148      7.641  274.24354  274.39165    31.2642    11.1432 -9.990e-29
 126.348490      7.730    12.7110  32.229864    27.0155      7.660  274.24212  274.39021    30.9996    11.1229 -9.990e-29
 126.348492      7.753    12.7109  32.230096    27.0158      7.684  274.24204  274.39012    31.0152    11.1755 -9.990e-29
 126.348495      7.779    12.7109  32.230096    27.0157      7.709  274.24205  274.39014    30.7350    11.5637 0.0000e+00
 126.348498      7.806    12.7109  32.230096    27.0157      7.736  274.24207  274.39016    30.6572    11.5556 0.0000e+00
 126.348501      7.839    12.7109  32.230096    27.0157      7.769  274.24209  274.39018    30.3148    11.5758 0.0000e+00
 126.348504      7.868    12.7109  32.229864    27.0156      7.797  274.24284  274.39092    30.6105    11.5718 0.0000e+00
 126.348507      7.899    12.7108  32.229053    27.0148      7.828  274.24461  274.39270    31.8868    11.1027 0.0000e+00
 126.348510      7.924    12.7106  32.228241    27.0145      7.854  274.24702  274.39510    31.4665    11.1068 0.0000e+00
 126.348513      7.954    12.7103  32.228067    27.0142      7.883  274.24861  274.39667    31.6689    11.1310 -9.990e-29
 126.348516      7.978    12.7098  32.228473    27.0150      7.906  274.25011  274.39814    31.6844    11.1391 -9.990e-29
 126.348519      7.994    12.7095  32.228473    27.0152      7.922  274.25139  274.39939    30.6572    11.2928 -9.990e-29
 126.348521      8.016    12.7094  32.227836    27.0147      7.944  274.25316  274.40117    30.7506    11.2402 -9.990e-29
 126.348524      8.029    12.7091  32.227836    27.0149      7.957  274.25443  274.40242    30.7350    11.3332 -9.990e-29
 126.348527      8.045    12.7092  32.227720    27.0147      7.973  274.25402  274.40202    30.8595    11.3049 -9.990e-29
 126.348530      8.063    12.7088  32.227836    27.0151      7.991  274.25572  274.40369    30.7973    11.2726 -9.990e-29
 126.348533      8.087    12.7087  32.228242    27.0156      8.014  274.25564  274.40360    30.5949    11.4424 -9.990e-29
 126.348536      8.116    12.7090  32.228474    27.0156      8.043  274.25399  274.40196    30.3615    11.4303 0.0000e+00
 126.348539      8.141    12.7090  32.228474    27.0156      8.069  274.25401  274.40198    30.4548    11.3898 0.0000e+00
 126.348542      8.175    12.7092  32.228474    27.0156      8.101  274.25276  274.40076    30.5638    11.4100 -9.990e-29
 126.348545      8.200    12.7093  32.228068    27.0151      8.127  274.25319  274.40119    32.9296    11.3170 -9.990e-29
 126.348547      8.231    12.7093  32.228300    27.0151      8.157  274.25279  274.40079    32.6338    11.2806 0.0000e+00
 126.348550      8.257    12.7094  32.228648    27.0151      8.183  274.25188  274.39988    32.8984    11.2645 -9.990e-29
 126.348553      8.280    12.7096  32.228648    27.0152      8.206  274.25095  274.39896    32.9762    11.2847 -9.990e-29
 126.348556      8.299    12.7097  32.228474    27.0150      8.224  274.25095  274.39897    30.2525    11.3413 -9.990e-29
 126.348559      8.319    12.7097  32.227431    27.0140      8.244  274.25282  274.40085    30.0346    11.3898 -9.990e-29
 126.348562      8.337    12.7096  32.228242    27.0148      8.262  274.25170  274.39972    29.7545    11.3736 -9.990e-29
 126.348565      8.355    12.7094  32.227837    27.0146      8.280  274.25338  274.40139    29.9568    11.3777 -9.990e-29
 126.348568      8.377    12.7093  32.227721    27.0145      8.302  274.25392  274.40192    28.8984    11.5394 -9.990e-29
 126.348571      8.399    12.7090  32.227837    27.0152      8.324  274.25499  274.40297    28.9140    11.5273 -9.990e-29
 126.348573      8.432    12.7090  32.228243    27.0152      8.356  274.25461  274.40258    28.6494    11.5435 0.0000e+00
 126.348576      8.461    12.7090  32.228243    27.0152      8.385  274.25462  274.40260    29.0074    11.5475 0.0000e+00
 126.348579      8.492    12.7091  32.227837    27.0147      8.416  274.25473  274.40272    28.6027    11.5556 0.0000e+00
 126.348582      8.523    12.7091  32.227258    27.0145      8.446  274.25578  274.40378    31.9957    11.0663 0.0000e+00
 126.348585      8.548    12.7092  32.227663    27.0144      8.472  274.25445  274.40245    31.8556    11.0946 0.0000e+00
 126.348588      8.576    12.7091  32.227490    27.0145      8.499  274.25541  274.40340    31.9801    11.0865 -9.990e-29
 126.348591      8.599    12.7089  32.227664    27.0147      8.522  274.25606  274.40404    32.0580    11.1068 -9.990e-29
 126.348594      8.623    12.7088  32.227838    27.0149      8.546  274.25608  274.40405    28.4004    11.1229 -9.990e-29
 126.348597      8.641    12.7089  32.227432    27.0145      8.564  274.25650  274.40448    28.4471    11.1229 -9.990e-29
 126.348600      8.658    12.7087  32.227838    27.0149      8.580  274.25642  274.40439    28.5560    11.1310 -9.990e-29
 126.348602      8.672    12.7088  32.227664    27.0147      8.595  274.25642  274.40439    28.3381    11.0623 -9.990e-29
 126.348605      8.692    12.7089  32.227838    27.0148      8.614  274.25581  274.40379    31.0930    11.2079 -9.990e-29
 126.348608      8.716    12.7087  32.227316    27.0146      8.638  274.25738  274.40535    31.1552    11.1310 -9.990e-29
 126.348611      8.743    12.7084  32.227258    27.0147      8.665  274.25908  274.40703    31.0774    11.2079 0.0000e+00
 126.348614      8.771    12.7082  32.227432    27.0147      8.692  274.25942  274.40736    30.9996    11.2079 0.0000e+00
 126.348617      8.798    12.7082  32.227258    27.0147      8.719  274.25975  274.40769    30.5327    10.9855 0.0000e+00
 126.348620      8.827    12.7081  32.226853    27.0146      8.748  274.26112  274.40905    30.5949    10.9855 0.0000e+00
 126.348623      8.858    12.7079  32.226621    27.0144      8.779  274.26250  274.41042    30.3615    10.9652 -9.990e-29
 126.348626      8.880    12.7074  32.226853    27.0146      8.801  274.26431  274.41220    30.6572    10.9733 -9.990e-29
 126.348628      8.908    12.7075  32.226563    27.0146      8.828  274.26453  274.41242    30.5327    10.9652 0.0000e+00
 126.348631      8.935    12.7075  32.226621    27.0146      8.855  274.26444  274.41234    28.0268    11.0502 -9.990e-29
 126.348634      8.953    12.7073  32.226621    27.0147      8.873  274.26508  274.41297    27.9957    10.9935 -9.990e-29
 126.348637      8.968    12.7073  32.226216    27.0143      8.888  274.26581  274.41370    28.2759    11.0178 -9.990e-29
 126.348640      8.986    12.7072  32.226448    27.0146      8.906  274.26573  274.41361    28.0891    11.0785 -9.990e-29
 126.348643      9.004    12.7072  32.226216    27.0144      8.924  274.26615  274.41404    30.1591    10.9491 -9.990e-29
 126.348646      9.028    12.7070  32.225984    27.0148      8.947  274.26753  274.41540    30.2214    10.9855 -9.990e-29
 126.348649      9.054    12.7071  32.226622    27.0148      8.973  274.26609  274.41397    30.2992    10.9774 0.0000e+00
 126.348652      9.081    12.7071  32.226622    27.0148      9.000  274.26611  274.41399    30.2681    10.9612 0.0000e+00
 126.348655      9.108    12.7072  32.226854    27.0149      9.027  274.26509  274.41297    30.5482    11.0340 0.0000e+00
 126.348657      9.143    12.7077  32.227260    27.0149      9.061  274.26250  274.41040    30.4860    11.0178 -9.990e-29
 126.348660      9.167    12.7077  32.227260    27.0149      9.085  274.26220  274.41010    30.5015    11.0016 -9.990e-29
 126.348663      9.196    12.7080  32.227434    27.0149      9.114  274.26096  274.40888    30.3926    11.0016 -9.990e-29
 126.348666      9.220    12.7080  32.227144    27.0147      9.137  274.26149  274.40941    30.3148    11.3615 -9.990e-29
 126.348669      9.245    12.7078  32.227434    27.0150      9.162  274.26162  274.40953    30.3926    11.3413 -9.990e-29
 126.348672      9.265    12.7081  32.227260    27.0147      9.182  274.26068  274.40861    30.2525    11.3494 -9.990e-29
 126.348675      9.284    12.7080  32.227434    27.0149      9.200  274.26070  274.40863    30.3770    11.3898 -9.990e-29
 126.348678      9.298    12.7082  32.227434    27.0147      9.215  274.26008  274.40801    30.0813    11.3453 -9.990e-29
 126.348681      9.318    12.7082  32.227434    27.0147      9.235  274.26009  274.40803    30.2214    11.0016 -9.990e-29
 126.348683      9.336    12.7082  32.227840    27.0150      9.253  274.25907  274.40700    30.1903    11.0623 -9.990e-29
 126.348686      9.364    12.7084  32.227898    27.0147      9.280  274.25835  274.40630    30.2681    11.0178 0.0000e+00
 126.348689      9.390    12.7085  32.227434    27.0150      9.306  274.25888  274.40683    30.5949    11.0502 0.0000e+00
 126.348692      9.419    12.7085  32.228072    27.0150      9.334  274.25745  274.40540    31.5910    11.4869 0.0000e+00
 126.348695      9.450    12.7086  32.228072    27.0150      9.365  274.25715  274.40511    31.5755    11.5152 0.0000e+00
 126.348698      9.479    12.7087  32.228246    27.0150      9.394  274.25623  274.40420    31.7934    11.5071 0.0000e+00
 126.348701      9.510    12.7089  32.228652    27.0151      9.425  274.25490  274.40287    31.5599    11.4990 0.0000e+00
 126.348704      9.535    12.7089  32.227840    27.0153      9.450  274.25636  274.40434    30.8906    11.2362 -9.990e-29
 126.348707      9.557    12.7091  32.228478    27.0150      9.472  274.25429  274.40228    30.7350    11.2362 -9.990e-29
 126.348709      9.585    12.7092  32.228246    27.0147      9.499  274.25441  274.40240    30.8595    11.1917 -9.990e-29
 126.348712      9.605    12.7093  32.228478    27.0148      9.519  274.25338  274.40138    30.5949    11.2564 -9.990e-29
 126.348715      9.621    12.7093  32.228246    27.0146      9.535  274.25380  274.40180    30.3303    10.9855 -9.990e-29
 126.348718      9.636    12.7093  32.228246    27.0146      9.549  274.25381  274.40181    30.2681    11.0340 -9.990e-29
 126.348721      9.654    12.7093  32.228247    27.0146      9.567  274.25382  274.40182    30.2992    11.0785 -9.990e-29
 126.348724      9.678    12.7092  32.227841    27.0144      9.591  274.25519  274.40318    30.0657    11.0097 -9.990e-29
 126.348727      9.707    12.7091  32.227899    27.0147      9.620  274.25542  274.40341    30.4548    11.0542 0.0000e+00
 126.348730      9.734    12.7090  32.228479    27.0148      9.647  274.25472  274.40271    32.9918    11.3251 0.0000e+00
 126.348733      9.762    12.7092  32.228479    27.0148      9.674  274.25379  274.40179    33.1786    11.3696 0.0000e+00
 126.348736      9.787    12.7092  32.228479    27.0148      9.700  274.25381  274.40181    33.2253    11.3575 0.0000e+00
 126.348738      9.822    12.7092  32.228247    27.0147      9.734  274.25456  274.40255    33.0074    11.3534 0.0000e+00
 126.348741      9.847    12.7090  32.228247    27.0146      9.759  274.25521  274.40319    28.0735    11.3332 0.0000e+00
 126.348744      9.875    12.7091  32.227436    27.0143      9.786  274.25635  274.40435    27.9957    11.3898 0.0000e+00
 126.348747      9.900    12.7091  32.228653    27.0139      9.812  274.25421  274.40219    28.1669    11.3413 -9.990e-29
 126.348750      9.920    12.7091  32.228653    27.0150      9.832  274.25422  274.40221    28.2136    11.3656 -9.990e-29
 126.348753      9.942    12.7094  32.228653    27.0148      9.853  274.25297  274.40098    30.0657    11.2321 -9.990e-29
 126.348756      9.957    12.7094  32.227842    27.0140      9.868  274.25442  274.40243    30.0346    11.1836 -9.990e-29
 126.348759      9.973    12.7094  32.228074    27.0142      9.884  274.25370  274.40172    30.0346    11.2402 -9.990e-29
 126.348762      9.995    12.7094  32.228248    27.0144      9.906  274.25372  274.40173    30.1591    11.2442 -9.990e-29
 126.348764     10.017    12.7092  32.227842    27.0142      9.928  274.25541  274.40341    30.3615    11.5313 -9.990e-29
