Processed/SBE19plus_01907321_2022_05_07_Cast71_wfilter.cnv
* Sea-Bird SBE19plus  Data File:
* FileName = E:\Prandtl Daten\2022\CTD\Raw\SBE19plus_01907321_2022_05_07_Cast71.hex
* Software version 2.6.1.12
* Temperature SN = 7321
* Conductivity SN = 7321
* System UpLoad Time = May 07 2022 12:53:36
* <ApplicationData>
* <Seaterm232>
** Messpraktikum 2022
** CTD 07.05 BW2
** NMEA Latitude = 54 07.826 N
** NMEA Longitude = 008 45.210 E
# nquan = 11
# nvalues = 575                         
# units = specified
# name 0 = timeJ: Julian Days
# name 1 = prdM: Pressure, Strain Gauge [db]
# name 2 = tv290C: Temperature [ITS-90, deg C]
# name 3 = c0mS/cm: Conductivity [mS/cm]
# name 4 = sal00: Salinity, Practical [PSU]
# name 5 = depSM: Depth [salt water, m], lat = 54.00
# name 6 = oxsatMm/Kg: Oxygen Saturation, Weiss [umol/kg]
# name 7 = oxsolMm/Kg: Oxygen Saturation, Garcia & Gordon [umol/kg]
# name 8 = turbWETntu0: Turbidity, WET Labs ECO [NTU]
# name 9 = flECO-AFL: Fluorescence, WET Labs ECO-AFL/FL [mg/m^3]
# name 10 = flag:  0.000e+00
# span 0 = 127.531166, 127.532827       
# span 1 =      0.422,     16.116       
# span 2 =    12.9342,    13.0936       
# span 3 =  32.329322,  32.516162       
# span 4 =    26.9797,    27.0135       
# span 5 =      0.419,     15.972       
# span 6 =  272.05471,  273.04300       
# span 7 =  272.22473,  273.20518       
# span 8 =     8.2447,   138.0035       
# span 9 =     4.3579,    13.6866       
# span 10 = 0.0000e+00, 0.0000e+00      
# interval = seconds: 0.25
# start_time = May 07 2022 12:43:40 [Instrument's time stamp, header]
# bad_flag = -9.990e-29
*END*
[from data line 132]
 127.531548      4.075    13.0247  32.466165    27.0105      4.039  272.44465  272.61075    12.8206     5.2394 0.0000e+00
 127.531551      4.110    13.0272  32.468025    27.0113      4.073  272.43039  272.59664    12.8829     5.2516 -9.990e-29
 127.531554      4.134    13.0296  32.470642    27.0120      4.097  272.41544  272.58182    11.6377     4.9200 -9.990e-29
 127.531557      4.159    13.0321  32.471862    27.0113      4.122  272.40229  272.56882    11.7934     4.9160 -9.990e-29
 127.531560      4.181    13.0350  32.474130    27.0113      4.144  272.38575  272.55244    11.7622     4.9321 -9.990e-29
 127.531563      4.201    13.0377  32.476572    27.0116      4.164  272.36984  272.53668    11.6222     4.9402 -9.990e-29
 127.531565      4.221    13.0403  32.478200    27.0092      4.184  272.35567  272.52266    14.1903     5.4618 -9.990e-29
 127.531568      4.249    13.0427  32.477792    27.0084      4.211  272.34600  272.51314    14.1591     5.4295 0.0000e+00
 127.531571      4.279    13.0439  32.476978    27.0075      4.241  272.34177  272.50900    14.1124     5.4254 0.0000e+00
 127.531574      4.316    13.0442  32.476339    27.0067      4.277  272.34164  272.50891    14.1124     5.4699 0.0000e+00
 127.531577      4.356    13.0440  32.475176    27.0058      4.317  272.34465  272.51190    13.9257     5.4295 0.0000e+00
 127.531580      4.389    13.0435  32.473490    27.0046      4.349  272.34981  272.51706    16.9140     5.9228 0.0000e+00
 127.531583      4.423    13.0421  32.468839    27.0015      4.384  272.36394  272.53114    16.8362     5.9471 0.0000e+00
 127.531586      4.453    13.0392  32.466804    27.0014      4.413  272.38043  272.54746    16.9296     5.9875 0.0000e+00
 127.531589      4.480    13.0362  32.460875    27.0015      4.440  272.40404  272.57093    16.9451     5.9592 -9.990e-29
 127.531591      4.505    13.0322  32.451516    26.9924      4.465  272.43774  272.60446    17.4899     6.1048 -9.990e-29
 127.531594      4.523    13.0251  32.450877    26.9969      4.483  272.47007  272.63634    17.6611     6.1048 -9.990e-29
 127.531597      4.544    13.0195  32.449251    26.9993      4.503  272.49719  272.66313    17.5988     6.0522 -9.990e-29
 127.531600      4.556    13.0158  32.443148    26.9964      4.516  272.52426  272.69001    17.5521     6.0360 -9.990e-29
 127.531603      4.580    13.0112  32.440068    26.9970      4.539  272.54951  272.71500    18.5171     6.2989 -9.990e-29
 127.531606      4.606    13.0070  32.437162    26.9974      4.564  272.57289  272.73814    18.4860     6.2746 0.0000e+00
 127.531609      4.635    13.0034  32.435187    26.9975      4.593  272.59244  272.75748    18.4704     6.2827 0.0000e+00
 127.531612      4.666    13.0000  32.432340    26.9977      4.624  272.61194  272.77679    18.5327     6.2746 0.0000e+00
 127.531615      4.701    12.9964  32.429725    26.9975      4.659  272.63262  272.79726    19.9490     6.4040 0.0000e+00
 127.531617      4.732    12.9931  32.423973    26.9948      4.689  272.65720  272.82168    19.8712     6.3838 0.0000e+00
 127.531620      4.764    12.9884  32.418918    26.9941      4.722  272.68656  272.85079    19.7311     6.3919 0.0000e+00
 127.531623      4.799    12.9833  32.420139    26.9934      4.756  272.70652  272.87041    19.7311     6.4323 -9.990e-29
 127.531626      4.823    12.9806  32.416478    26.9966      4.780  272.72492  272.88868    19.8245     6.3959 -9.990e-29
 127.531629      4.850    12.9782  32.414445    26.9966      4.807  272.73922  272.90283    19.9957     6.4808 0.0000e+00
 127.531632      4.880    12.9751  32.412005    26.9966      4.836  272.75707  272.92051    19.9334     6.4647 -9.990e-29
 127.531635      4.900    12.9722  32.411366    26.9980      4.856  272.77081  272.93407    20.0735     6.4768 -9.990e-29
 127.531638      4.920    12.9703  32.410147    26.9994      4.876  272.78116  272.94431    20.0580     6.4647 -9.990e-29
 127.531641      4.945    12.9689  32.410379    27.0012      4.901  272.78707  272.95013    15.0930     5.8703 0.0000e+00
 127.531644      4.973    12.9681  32.413807    27.0028      4.928  272.78424  272.94722    15.1085     5.8864 0.0000e+00
 127.531646      4.998    12.9691  32.414214    27.0031      4.953  272.77944  272.94248    14.9996     5.8864 0.0000e+00
 127.531649      5.033    12.9703  32.420315    27.0075      4.988  272.76342  272.92648    15.1241     5.8783 0.0000e+00
 127.531652      5.066    12.9735  32.422755    27.0075      5.020  272.74529  272.90853    20.1202     6.3717 0.0000e+00
 127.531655      5.100    12.9769  32.425835    27.0078      5.055  272.72479  272.88823    20.0735     6.3231 0.0000e+00
 127.531658      5.135    12.9805  32.432169    27.0078      5.089  272.69828  272.86188    19.9957     6.3353 0.0000e+00
 127.531661      5.162    12.9851  32.431529    27.0073      5.116  272.67924  272.84315    20.0113     6.3636 0.0000e+00
 127.531664      5.195    12.9879  32.429611    27.0054      5.149  272.67002  272.83412    31.4665     8.0296 0.0000e+00
 127.531667      5.222    12.9889  32.429321    27.0034      5.176  272.66644  272.83061    31.3109     8.0255 -9.990e-29
 127.531670      5.244    12.9890  32.428100    27.0013      5.197  272.66796  272.83215    31.3264     8.0296 -9.990e-29
 127.531672      5.265    12.9888  32.425834    26.9993      5.218  272.67289  272.83708    31.2331     8.0498 -9.990e-29
 127.531675      5.279    12.9875  32.428101    27.0023      5.232  272.67460  272.83869    31.2486     8.0215 -9.990e-29
 127.531678      5.295    12.9872  32.421825    26.9968      5.248  272.68718  272.85130    20.9918     6.4606 -9.990e-29
 127.531681      5.319    12.9848  32.416073    26.9932      5.272  272.70767  272.87169    21.0852     6.4404 -9.990e-29
 127.531684      5.343    12.9806  32.416248    27.0008      5.295  272.72566  272.88942    21.0852     6.5051 -9.990e-29
 127.531687      5.376    12.9778  32.418921    27.0017      5.328  272.73330  272.89685    21.0229     6.4606 0.0000e+00
 127.531690      5.407    12.9774  32.420548    27.0026      5.359  272.73236  272.89587    15.8556     6.1857 0.0000e+00
 127.531693      5.440    12.9782  32.422814    27.0041      5.391  272.72494  272.88848    15.8712     6.2342 0.0000e+00
 127.531696      5.471    12.9798  32.425836    27.0057      5.422  272.71242  272.87604    15.7622     6.1937 0.0000e+00
 127.531698      5.504    12.9820  32.428683    27.0067      5.454  272.69800  272.86173    15.9490     6.2099 0.0000e+00
 127.531701      5.535    12.9847  32.430717    27.0067      5.485  272.68248  272.84637    19.0307     6.4687 0.0000e+00
 127.531704      5.566    12.9873  32.430310    27.0055      5.516  272.67187  272.83592    19.0619     6.4728 0.0000e+00
 127.531707      5.593    12.9887  32.429612    27.0044      5.543  272.66712  272.83127    19.0619     6.4687 -9.990e-29
 127.531710      5.613    12.9889  32.429089    27.0022      5.563  272.66710  272.83127    18.8595     6.4323 -9.990e-29
 127.531713      5.639    12.9891  32.430310    27.0031      5.588  272.66403  272.82821    16.4626     5.9026 -9.990e-29
 127.531716      5.655    12.9893  32.430949    27.0035      5.605  272.66198  272.82616    16.3070     5.8864 -9.990e-29
 127.531719      5.681    12.9899  32.432170    27.0043      5.630  272.65734  272.82154    16.4782     5.8662 -9.990e-29
 127.531722      5.703    12.9908  32.434610    27.0060      5.652  272.64898  272.81323    16.4626     5.8662 -9.990e-29
 127.531725      5.736    12.9921  32.435831    27.0068      5.684  272.64120  272.80551    16.3226     5.8783 0.0000e+00
 127.531727      5.767    12.9941  32.439085    27.0063      5.715  272.62670  272.79111    14.0657     5.6883 0.0000e+00
 127.531730      5.801    12.9964  32.439492    27.0063      5.749  272.61592  272.78048    13.9568     5.6883 0.0000e+00
 127.531733      5.830    12.9982  32.440480    27.0063      5.778  272.60665  272.77131    14.0969     5.7125 0.0000e+00
 127.531736      5.861    12.9997  32.442398    27.0060      5.809  272.59669  272.76143    14.1903     5.7004 0.0000e+00
 127.531739      5.891    13.0012  32.442340    27.0055      5.838  272.59020  272.75503    18.7973     6.2099 0.0000e+00
 127.531742      5.920    13.0022  32.442107    27.0051      5.867  272.58621  272.75111    18.7973     6.2544 0.0000e+00
 127.531745      5.951    13.0029  32.441933    27.0046      5.898  272.58370  272.74864    18.7194     6.2180 -9.990e-29
 127.531748      5.975    13.0027  32.440480    27.0027      5.921  272.58688  272.75183    18.7973     6.1452 -9.990e-29
 127.531751      5.989    13.0020  32.437923    27.0008      5.936  272.59452  272.75944    22.4548     6.8731 -9.990e-29
 127.531753      6.011    13.0008  32.435192    26.9992      5.957  272.60467  272.76954    22.5949     6.8650 -9.990e-29
 127.531756      6.033    12.9987  32.433797    26.9994      5.979  272.61626  272.78102    22.5327     6.8488 -9.990e-29
 127.531759      6.053    12.9964  32.431938    26.9999      5.999  272.62962  272.79424    22.5327     6.8488 -9.990e-29
 127.531762      6.082    12.9944  32.431124    26.9988      6.028  272.63957  272.80407    26.6261     7.5241 0.0000e+00
 127.531765      6.117    12.9928  32.427463    26.9977      6.062  272.65325  272.81768    26.7194     7.5160 0.0000e+00
 127.531768      6.144    12.9899  32.419910    26.9928      6.089  272.67909  272.84341    26.5949     7.4918 0.0000e+00
 127.531771      6.184    12.9851  32.414042    26.9928      6.129  272.71052  272.87458    26.6572     7.4918 0.0000e+00
 127.531774      6.221    12.9796  32.413636    26.9943      6.165  272.73521  272.89893    26.5949     7.5322 0.0000e+00
 127.531777      6.248    12.9756  32.414450    26.9979      6.192  272.75114  272.91460    26.1280     7.2208 0.0000e+00
 127.531780      6.279    12.9743  32.414043    26.9979      6.223  272.75787  272.92124    26.0969     7.2208 0.0000e+00
 127.531782      6.304    12.9730  32.409047    26.9967      6.248  272.77231  272.93565    26.1591     7.2491 0.0000e+00
 127.531785      6.332    12.9704  32.407943    26.9948      6.275  272.78530  272.94848    26.2525     7.2370 -9.990e-29
 127.531788      6.353    12.9686  32.405910    26.9950      6.297  272.79707  272.96016    18.2681     6.1493 -9.990e-29
 127.531791      6.370    12.9665  32.404458    26.9951      6.313  272.80877  272.97174    18.3303     6.1452 -9.990e-29
 127.531794      6.392    12.9639  32.401031    26.9938      6.335  272.82614  272.98897    18.3615     6.1412 -9.990e-29
 127.531797      6.417    12.9613  32.399346    26.9936      6.360  272.84046  273.00314    18.2525     6.2059 -9.990e-29
 127.531800      6.443    12.9586  32.396733    26.9939      6.385  272.85704  273.01957    25.3965     7.3179 0.0000e+00
 127.531803      6.476    12.9556  32.395107    26.9943      6.418  272.87315  273.03551    25.4587     7.2855 0.0000e+00
 127.531806      6.510    12.9533  32.395514    26.9962      6.452  272.88224  273.04445    25.4899     7.3098 0.0000e+00
 127.531808      6.539    12.9519  32.395514    26.9972      6.481  272.88856  273.05068    25.4899     7.3260 0.0000e+00
 127.531811      6.569    12.9515  32.395862    26.9972      6.510  272.88986  273.05195    39.6844     9.2305 0.0000e+00
 127.531814      6.598    12.9512  32.394294    26.9969      6.539  272.89358  273.05566    39.6066     9.2426 0.0000e+00
 127.531817      6.625    12.9507  32.394294    26.9966      6.566  272.89612  273.05817    39.5599     9.2548 0.0000e+00
 127.531820      6.654    12.9501  32.393481    26.9967      6.595  272.90008  273.06210    39.4976     9.2184 0.0000e+00
 127.531823      6.680    12.9496  32.392901    26.9966      6.620  272.90333  273.06532    39.7000     9.2143 -9.990e-29
 127.531826      6.700    12.9491  32.392029    26.9960      6.640  272.90707  273.06904    34.8284     8.6078 -9.990e-29
 127.531829      6.720    12.9484  32.391449    26.9959      6.660  272.91126  273.07319    34.7039     8.6038 -9.990e-29
 127.531832      6.746    12.9478  32.390461    26.9954      6.685  272.91553  273.07743    34.7194     8.5997 -9.990e-29
 127.531834      6.769    12.9469  32.390055    26.9957      6.709  272.92036  273.08220    34.7661     8.6361 -9.990e-29
 127.531837      6.793    12.9463  32.389648    26.9960      6.732  272.92361  273.08542    39.0930     8.9475 -9.990e-29
 127.531840      6.822    12.9458  32.389649    26.9959      6.761  272.92552  273.08730    38.9529     8.9717 0.0000e+00
 127.531843      6.851    12.9455  32.389126    26.9958      6.790  272.92803  273.08980    38.9062     8.9839 0.0000e+00
 127.531846      6.888    12.9452  32.388429    26.9953      6.826  272.93054  273.09229    39.0152     8.9839 0.0000e+00
 127.531849      6.919    12.9448  32.387790    26.9953      6.857  272.93326  273.09499    35.7934     8.8059 0.0000e+00
 127.531852      6.952    12.9445  32.388429    26.9953      6.890  272.93373  273.09544    35.6689     8.8181 0.0000e+00
 127.531855      6.981    12.9443  32.387790    26.9953      6.919  272.93550  273.09721    35.6222     8.7978 0.0000e+00
 127.531858      7.012    12.9444  32.386397    26.9947      6.949  272.93765  273.09937    35.7467     8.7736 0.0000e+00
 127.531861      7.037    12.9443  32.387791    26.9940      6.974  272.93585  273.09755    39.4354     9.0324 -9.990e-29
 127.531863      7.059    12.9443  32.387616    26.9952      6.996  272.93617  273.09787    39.3887     9.0566 -9.990e-29
 127.531866      7.079    12.9440  32.387210    26.9950      7.016  272.93785  273.09954    39.6689     9.0769 -9.990e-29
 127.531869      7.098    12.9439  32.386978    26.9949      7.034  272.93890  273.10058    39.5288     9.0526 -9.990e-29
 127.531872      7.120    12.9438  32.386223    26.9942      7.056  272.94086  273.10255    39.5132     9.0405 -9.990e-29
 127.531875      7.143    12.9434  32.386397    26.9951      7.080  272.94215  273.10381    32.0113     8.2803 -9.990e-29
 127.531878      7.173    12.9433  32.386804    26.9952      7.108  272.94209  273.10373    32.1358     8.2964 0.0000e+00
 127.531881      7.211    12.9431  32.386978    26.9953      7.146  272.94244  273.10407    32.1358     8.2883 0.0000e+00
 127.531884      7.238    12.9430  32.386804    26.9953      7.173  272.94307  273.10471    32.0424     8.2883 0.0000e+00
 127.531887      7.275    12.9433  32.329322    26.9953      7.209  273.04300  273.20518    20.9140     6.6749 0.0000e+00
 127.531889      7.304    12.9435  32.388314    26.9963      7.238  272.93826  273.09991    21.0074     6.6830 0.0000e+00
 127.531892      7.335    12.9438  32.389825    26.9968      7.269  272.93437  273.09602    21.0074     6.6305 0.0000e+00
 127.531895      7.362    12.9447  32.389825    26.9971      7.296  272.93060  273.09231    20.8517     6.6507 0.0000e+00
 127.531898      7.389    12.9454  32.390870    26.9968      7.323  272.92563  273.08738    17.7078     6.2827 -9.990e-29
 127.531901      7.411    12.9463  32.392671    26.9983      7.345  272.91839  273.08018    17.4276     6.2463 -9.990e-29
 127.531904      7.437    12.9476  32.394355    26.9989      7.370  272.90978  273.07163    17.3654     6.2989 -9.990e-29
 127.531907      7.459    12.9487  32.394704    26.9985      7.392  272.90476  273.06668    17.6144     6.2706 -9.990e-29
 127.531910      7.484    12.9497  32.397143    26.9999      7.417  272.89577  273.05774    17.5833     6.2787 -9.990e-29
 127.531913      7.506    12.9513  32.399177    26.9998      7.439  272.88528  273.04733    17.5988     6.2787 -9.990e-29
 127.531916      7.533    12.9530  32.399583    27.0002      7.466  272.87702  273.03918    17.6299     6.3029 0.0000e+00
 127.531918      7.568    12.9544  32.401500    27.0006      7.500  272.86769  273.02992    17.7389     6.2867 0.0000e+00
 127.531921      7.599    12.9560  32.403243    27.0010      7.531  272.85772  273.02003    17.4743     6.2908 0.0000e+00
