Processed/SBE19plus_01907321_2022_05_06_Cast54_wfilter.cnv
* Sea-Bird SBE19plus  Data File:
* FileName = E:\Prandtl Daten\2022\CTD\Raw\SBE19plus_01907321_2022_05_06_Cast54.hex
* Software version 2.6.1.12
* Temperature SN = 7321
* Conductivity SN = 7321
* System UpLoad Time = May 06 2022 13:17:19
* <ApplicationData>
* <Seaterm232>
** Messpraktikum 2022
** CTD 06.05 TS
** NMEA Latitude = 54 07,63 N
** NMEA Longitude = 008 42.13 E
# nquan = 11
# nvalues = 467                         
# units = specified
# name 0 = timeJ: Julian Days
# name 1 = prdM: Pressure, Strain Gauge [db]
# name 2 = tv290C: Temperature [ITS-90, deg C]
# name 3 = c0mS/cm: Conductivity [mS/cm]
# name 4 = sal00: Salinity, Practical [PSU]
# name 5 = depSM: Depth [salt water, m], lat = 54.00
# name 6 = oxsatMm/Kg: Oxygen Saturation, Weiss [umol/kg]
# name 7 = oxsolMm/Kg: Oxygen Saturation, Garcia & Gordon [umol/kg]
# name 8 = turbWETntu0: Turbidity, WET Labs ECO [NTU]
# name 9 = flECO-AFL: Fluorescence, WET Labs ECO-AFL/FL [mg/m^3]
# name 10 = flag:  0.000e+00
# span 0 = 126.549418, 126.550767       
# span 1 =      0.541,     12.204       
# span 2 =    12.1096,    12.3938       
# span 3 =  31.489011,  31.927277       
# span 4 =    26.7128,    27.0250       
# span 5 =      0.536,     12.095       
# span 6 =  276.60775,  278.26976       
# span 7 =  276.73172,  278.38514       
# span 8 =    13.4587,    72.1358       
# span 9 =     7.4715,    15.5912       
# span 10 = 0.0000e+00, 0.0000e+00      
# interval = seconds: 0.25
# start_time = May 06 2022 13:09:56 [Instrument's time stamp, header]
# bad_flag = -9.990e-29
*END*
 126.549418      0.554    12.3938  31.684940    26.7375      0.549  276.62841  276.76091    13.5366     7.8597 -9.990e-29
 126.549421      0.588    12.3897  31.685344    26.7408      0.583  276.64615  276.77838    13.4587     7.8435 -9.990e-29
 126.549424      0.588    12.3870  31.681946    26.7395      0.583  276.66469  276.79676    14.1280     7.9487 -9.990e-29
 126.549427      0.561    12.3837  31.676994    26.7372      0.556  276.68824  276.82015    14.0346     7.9608 -9.990e-29
 126.549430      0.541    12.3791  31.671064    26.7350      0.536  276.71962  276.85128    14.1591     7.9972 -9.990e-29
 126.549433      0.565    12.3729  31.667092    26.7353      0.560  276.75480  276.88609    14.0813     7.9446 -9.990e-29
 126.549436      0.614    12.3668  31.661968    26.7371      0.608  276.79177  276.92270    14.0346     7.9689 0.0000e+00
 126.549439      0.667    12.3605  31.660990    26.7388      0.661  276.82188  276.95240    14.0035     8.2600 0.0000e+00
 126.549442      0.697    12.3556  31.661567    26.7428      0.691  276.84312  276.97331    13.9568     8.3045 0.0000e+00
 126.549444      0.727    12.3537  31.661740    26.7435      0.720  276.85109  276.98116    13.8167     8.2883 0.0000e+00
 126.549447      0.754    12.3527  31.660185    26.7443      0.747  276.85869  276.98870    13.7856     8.3045 -9.990e-29
 126.549450      0.761    12.3513  31.658170    26.7426      0.754  276.86839  276.99833    14.3303     7.9163 -9.990e-29
 126.549453      0.774    12.3493  31.656213    26.7419      0.767  276.88116  277.01098    14.5949     7.9042 -9.990e-29
 126.549456      0.799    12.3470  31.654026    26.7422      0.792  276.89563  277.02532    14.5327     7.8921 0.0000e+00
 126.549459      0.830    12.3446  31.653048    26.7426      0.823  276.90792  277.03746    14.5015     7.9002 0.0000e+00
 126.549462      0.872    12.3429  31.654833    26.7441      0.865  276.91267  277.04208    14.1124     7.7748 0.0000e+00
 126.549465      0.907    12.3422  31.655639    26.7455      0.899  276.91441  277.04377    14.0502     7.7465 -9.990e-29
 126.549468      0.922    12.3424  31.655812    26.7468      0.914  276.91315  277.04252    14.0502     7.7586 -9.990e-29
 126.549470      0.936    12.3428  31.656042    26.7467      0.928  276.91084  277.04023    14.1280     7.7505 -9.990e-29
 126.549473      0.953    12.3432  31.655006    26.7454      0.944  276.91082  277.04025    13.6922     7.4998 -9.990e-29
 126.549476      0.974    12.3436  31.655236    26.7467      0.966  276.90851  277.03796    13.7233     7.4715 -9.990e-29
 126.549479      1.009    12.3440  31.657021    26.7467      1.000  276.90371  277.03317    13.7078     7.5120 0.0000e+00
 126.549482      1.051    12.3446  31.657596    26.7468      1.042  276.89983  277.02933    13.7856     7.4958 0.0000e+00
 126.549485      1.086    12.3456  31.658575    26.7469      1.076  276.89395  277.02350    13.6144     7.5241 0.0000e+00
 126.549488      1.113    12.3463  31.657193    26.7470      1.103  276.89329  277.02290    16.1513     7.9608 -9.990e-29
 126.549491      1.119    12.3467  31.658402    26.7460      1.109  276.88888  277.01851    16.2447     7.9325 -9.990e-29
 126.549494      1.131    12.3472  31.655409    26.7429      1.121  276.89240  277.02209    16.0268     7.9810 -9.990e-29
 126.549497      1.148    12.3456  31.650285    26.7384      1.138  276.90900  277.03863    16.2447     7.9729 -9.990e-29
 126.549499      1.182    12.3421  31.646717    26.7356      1.172  276.93106  277.06051    14.9062     7.8840 0.0000e+00
 126.549502      1.233    12.3377  31.637220    26.7327      1.222  276.96833  277.09757    14.9529     7.9163 0.0000e+00
 126.549505      1.274    12.3300  31.626114    26.7302      1.262  277.02284  277.15168    14.9840     7.9082 0.0000e+00
 126.549508      1.303    12.3190  31.626345    26.7277      1.291  277.07207  277.20018    14.8595     7.9163 -9.990e-29
 126.549511      1.310    12.3121  31.634863    26.7486      1.298  277.08781  277.21537    17.4432     8.5229 -9.990e-29
 126.549514      1.316    12.3121  31.636417    26.7500      1.304  277.08500  277.21254    17.3965     8.5391 -9.990e-29
 126.549517      1.321    12.3152  31.635842    26.7473      1.309  277.07237  277.20012    17.2875     8.5471 -9.990e-29
 126.549520      1.319    12.3170  31.639813    26.7497      1.308  277.05690  277.18473    17.3654     8.5391 -9.990e-29
 126.549523      1.339    12.3193  31.638604    26.7296      1.327  277.04892  277.17692    20.4159     8.9960 -9.990e-29
 126.549525      1.394    12.3193  31.620015    26.7268      1.382  277.08233  277.21052    20.2292     8.9919 0.0000e+00
 126.549528      1.454    12.3102  31.607243    26.7295      1.441  277.14690  277.27461    20.2914     8.9636 0.0000e+00
 126.549531      1.504    12.2964  31.602584    26.7268      1.490  277.21744  277.34427    20.1980     8.9636 0.0000e+00
 126.549534      1.534    12.2860  31.599249    26.7295      1.521  277.27061  277.39678    20.1202     8.9758 -9.990e-29
 126.549537      1.549    12.2784  31.592922    26.7333      1.535  277.31648  277.44220    15.2331     8.3409 -9.990e-29
 126.549540      1.556    12.2702  31.587803    26.7344      1.542  277.36302  277.48824    15.4043     8.3652 -9.990e-29
 126.549543      1.549    12.2631  31.595109    26.7463      1.535  277.38188  277.50655    15.4976     8.3490 -9.990e-29
 126.549546      1.551    12.2621  31.602243    26.7537      1.537  277.37336  277.49789    15.2486     8.3733 -9.990e-29
 126.549549      1.567    12.2662  31.608341    26.7565      1.553  277.34384  277.46858    15.8712     8.4905 -9.990e-29
 126.549552      1.591    12.2730  31.612886    26.7529      1.577  277.30474  277.42990    15.8868     8.5027 -9.990e-29
 126.549554      1.633    12.2800  31.615072    26.7515      1.618  277.26931  277.39491    15.9490     8.5229 0.0000e+00
 126.549557      1.673    12.2849  31.615877    26.7501      1.658  277.24560  277.37153    15.8868     8.5027 0.0000e+00
 126.549560      1.704    12.2881  31.616222    26.7482      1.689  277.23068  277.35682    15.9490     8.4946 0.0000e+00
 126.549563      1.742    12.2900  31.615646    26.7466      1.726  277.22316  277.34943    16.2292     8.4582 0.0000e+00
 126.549566      1.773    12.2903  31.616222    26.7465      1.757  277.22055  277.34683    16.0735     8.5067 0.0000e+00
 126.549569      1.808    12.2907  31.613460    26.7466      1.792  277.22399  277.35033    16.1513     8.4865 -9.990e-29
 126.549572      1.833    12.2900  31.601838    26.7333      1.817  277.24797  277.37438    25.8478    10.8722 -9.990e-29
 126.549575      1.863    12.2836  31.585214    26.7223      1.846  277.30745  277.43360    26.0969    10.8803 -9.990e-29
 126.549578      1.888    12.2690  31.563879    26.7128      1.871  277.41213  277.53752    25.8945    10.8439 -9.990e-29
 126.549580      1.917    12.2492  31.558361    26.7216      1.900  277.51165  277.63576    25.8323    10.8156 -9.990e-29
 126.549583      1.938    12.2336  31.552038    26.7269      1.920  277.59416  277.71729    26.0191    10.8318 -9.990e-29
 126.549586      1.952    12.2203  31.538472    26.7236      1.935  277.67906  277.80143    27.9957    10.6822 -9.990e-29
 126.549589      1.965    12.2069  31.538243    26.7329      1.947  277.73998  277.86145    28.1202    10.7752 -9.990e-29
 126.549592      1.978    12.1980  31.541003    26.7419      1.960  277.77570  277.89654    28.1358    10.7509 -9.990e-29
 126.549595      1.998    12.1945  31.542613    26.7459      1.980  277.78869  277.90927    28.3226    10.7509 -9.990e-29
 126.549598      2.014    12.1937  31.534106    26.7385      1.996  277.80772  277.92834    25.8634    10.1525 -9.990e-29
 126.549601      2.036    12.1896  31.522266    26.7346      2.018  277.84781  277.96828    25.8634    10.1080 -9.990e-29
 126.549604      2.065    12.1803  31.519738    26.7385      2.047  277.89479  278.01465    25.7078    10.1525 0.0000e+00
 126.549606      2.102    12.1728  31.522268    26.7423      2.083  277.92426  278.04359    25.6299    10.1525 0.0000e+00
 126.549609      2.149    12.1703  31.527613    26.7475      2.130  277.92599  278.04509    21.4587     9.3357 0.0000e+00
 126.549612      2.191    12.1714  31.526809    26.7475      2.171  277.92208  278.04127    21.6922     9.3680 0.0000e+00
 126.549615      2.225    12.1728  31.524682    26.7460      2.206  277.91962  278.03893    21.5054     9.4246 0.0000e+00
 126.549618      2.251    12.1724  31.530947    26.7445      2.231  277.91042  278.02963    21.3965     9.3882 -9.990e-29
 126.549621      2.262    12.1747  31.536868    26.7545      2.242  277.88880  278.00810    32.2759     9.4246 -9.990e-29
 126.549624      2.264    12.1796  31.537499    26.7516      2.243  277.86568  277.98531    32.4471    11.3130 -9.990e-29
 126.549627      2.271    12.1834  31.537097    26.7486      2.251  277.84923  277.96912    32.2603    11.3170 -9.990e-29
 126.549630      2.286    12.1853  31.538879    26.7429      2.265  277.83708  277.95708    32.1825    11.2887 -9.990e-29
 126.549633      2.313    12.1866  31.533533    26.7407      2.292  277.84112  277.96127    32.2136    11.2806 0.0000e+00
 126.549635      2.357    12.1852  31.527842    26.7386      2.336  277.85790  277.97802    28.7117    11.2159 0.0000e+00
 126.549638      2.397    12.1802  31.516003    26.7312      2.375  277.90215  278.02205    28.5560    11.1836 0.0000e+00
 126.549641      2.433    12.1711  31.509281    26.7312      2.412  277.95585  278.07520    28.6494    11.2442 0.0000e+00
 126.549644      2.463    12.1622  31.509511    26.7345      2.441  277.99589  278.11463    28.4315    11.2685 0.0000e+00
 126.549647      2.490    12.1569  31.508708    26.7378      2.468  278.02125  278.13965    23.1552    10.0918 -9.990e-29
 126.549650      2.514    12.1532  31.503766    26.7388      2.491  278.04750  278.16569    23.0463    10.0716 -9.990e-29
 126.549653      2.537    12.1485  31.501641    26.7401      2.515  278.07242  278.19032    23.1708    10.0797 -9.990e-29
 126.549656      2.552    12.1446  31.505146    26.7462      2.529  278.08385  278.20144    23.2642    10.0918 -9.990e-29
 126.549659      2.576    12.1438  31.507330    26.7509      2.553  278.08369  278.20121    26.6572    11.0097 -9.990e-29
 126.549661      2.605    12.1452  31.510663    26.7509      2.582  278.07093  278.18851    26.8284    10.9976 0.0000e+00
 126.549664      2.642    12.1481  31.512272    26.7509      2.618  278.05496  278.17272    26.5638    10.9935 -9.990e-29
 126.549667      2.667    12.1512  31.511467    26.7474      2.644  278.04244  278.16041    26.6261    10.9612 -9.990e-29
 126.549670      2.684    12.1522  31.508536    26.7439      2.660  278.04303  278.16111    26.7817    10.9855 -9.990e-29
 126.549673      2.695    12.1511  31.504399    26.7408      2.671  278.05570  278.17374    30.5638    11.4747 -9.990e-29
 126.549676      2.704    12.1489  31.506123    26.7440      2.680  278.06274  278.18062    30.5949    11.3898 -9.990e-29
 126.549679      2.713    12.1475  31.505376    26.7443      2.689  278.07048  278.18827    30.4860    11.3736 -9.990e-29
 126.549682      2.729    12.1465  31.502618    26.7378      2.705  278.07999  278.19774    30.5171    11.4505 -9.990e-29
 126.549685      2.755    12.1440  31.495896    26.7379      2.730  278.10345  278.22110    28.0580    11.4262 0.0000e+00
 126.549688      2.802    12.1389  31.492162    26.7380      2.777  278.13388  278.25122    28.2136    11.4545 0.0000e+00
 126.549690      2.864    12.1336  31.492967    26.7425      2.839  278.15633  278.27331    28.3070    11.4586 0.0000e+00
 126.549693      2.914    12.1305  31.491187    26.7428      2.888  278.17395  278.29073    28.1980    11.4788 0.0000e+00
 126.549696      2.948    12.1285  31.492164    26.7431      2.922  278.18110  278.29774    22.9062     9.7400 -9.990e-29
 126.549699      2.968    12.1279  31.493715    26.7473      2.942  278.18114  278.29772    23.1241     9.7441 -9.990e-29
 126.549702      2.981    12.1285  31.495496    26.7485      2.954  278.17502  278.29163    23.1864     9.7198 -9.990e-29
 126.549705      2.985    12.1300  31.500265    26.7519      2.958  278.15929  278.27595    23.0619     9.7643 -9.990e-29
 126.549708      2.981    12.1332  31.503195    26.7524      2.954  278.13960  278.25644    21.1319     9.6794 -9.990e-29
 126.549711      2.992    12.1370  31.505551    26.7537      2.965  278.11779  278.23487    21.0696     9.7117 -9.990e-29
 126.549714      3.019    12.1406  31.510262    26.7530      2.992  278.09295  278.21022    21.2875     9.6915 0.0000e+00
 126.549716      3.058    12.1449  31.512044    26.7523      3.030  278.07030  278.18784    21.2564     9.6996 0.0000e+00
 126.549719      3.099    12.1489  31.514629    26.7518      3.072  278.04745  278.16524    21.2564     9.7077 0.0000e+00
 126.549722      3.141    12.1525  31.515031    26.7496      3.113  278.03019  278.14822    20.0268     9.7521 0.0000e+00
 126.549725      3.182    12.1557  31.517158    26.7496      3.153  278.01200  278.13023    20.1825     9.7602 0.0000e+00
 126.549728      3.215    12.1585  31.522100    26.7506      3.186  277.99026  278.10862    20.1047     9.7683 0.0000e+00
 126.549731      3.240    12.1622  31.525031    26.7519      3.211  277.96805  278.08663    20.1669     9.7764 -9.990e-29
 126.549734      3.257    12.1661  31.526410    26.7505      3.227  277.94771  278.06655    22.0657     9.9179 -9.990e-29
 126.549737      3.264    12.1695  31.530606    26.7520      3.235  277.92478  278.04380    22.0035     9.8815 -9.990e-29
 126.549740      3.271    12.1731  31.532330    26.7511      3.242  277.90540  278.02464    21.9412     9.8775 -9.990e-29
 126.549742      3.277    12.1762  31.530950    26.7476      3.247  277.89360  278.01307    22.0657     9.8654 -9.990e-29
 126.549745      3.295    12.1777  31.529973    26.7456      3.265  277.88871  278.00829    23.4043    10.3061 -9.990e-29
 126.549748      3.315    12.1780  31.529570    26.7444      3.285  277.88818  278.00779    23.6377    10.3627 -9.990e-29
 126.549751      3.348    12.1775  31.528593    26.7431      3.318  277.89190  278.01149    23.4510    10.3021 0.0000e+00
 126.549754      3.388    12.1763  31.524857    26.7418      3.358  277.90448  278.02402    23.5288    10.3425 0.0000e+00
 126.549757      3.428    12.1736  31.518536    26.7377      3.397  277.92815  278.04757    25.3965    10.4962 0.0000e+00
 126.549760      3.463    12.1694  31.513824    26.7363      3.432  277.95588  278.07507    25.3187    10.5083 0.0000e+00
 126.549763      3.495    12.1644  31.509687    26.7363      3.464  277.98639  278.10528    25.5988    10.4800 0.0000e+00
 126.549766      3.524    12.1582  31.506929    26.7378      3.493  278.01947  278.13797    25.3809    10.5083 0.0000e+00
 126.549769      3.557    12.1524  31.506757    26.7413      3.526  278.04623  278.16434    25.3342    10.5366 0.0000e+00
 126.549771      3.590    12.1489  31.503597    26.7416      3.558  278.06795  278.18586    23.2331    10.2495 0.0000e+00
 126.549774      3.619    12.1457  31.501414    26.7413      3.587  278.08629  278.20401    23.2331    10.2738 -9.990e-29
 126.549777      3.628    12.1428  31.504747    26.7467      3.596  278.09358  278.21106    23.2953    10.2536 -9.990e-29
 126.549780      3.641    12.1428  31.508310    26.7501      3.609  278.08707  278.20451    23.1552    10.2819 -9.990e-29
 126.549783      3.650    12.1450  31.510264    26.7503      3.618  278.07363  278.19120    22.6105    10.3183 -9.990e-29
 126.549786      3.665    12.1475  31.510896    26.7491      3.632  278.06102  278.17876    22.5794    10.3183 -9.990e-29
 126.549789      3.683    12.1492  31.510896    26.7479      3.650  278.05340  278.17125    22.4082    10.3021 -9.990e-29
 126.549792      3.707    12.1506  31.512620    26.7469      3.674  278.04389  278.16182    22.5327    10.3263 -9.990e-29
 126.549795      3.740    12.1520  31.512045    26.7469      3.706  278.03828  278.15631    24.0268    10.6134 0.0000e+00
