Processed/SBE19plus_01907321_2022_05_08_Cast89_wfilter.cnv
* Sea-Bird SBE19plus  Data File:
* FileName = E:\Prandtl Daten\2022\CTD\Raw\SBE19plus_01907321_2022_05_08_Cast89.hex
* Software version 2.6.1.12
* Temperature SN = 7321
* Conductivity SN = 7321
* System UpLoad Time = May 08 2022 13:02:32
* <ApplicationData>
* <Seaterm232>
** Messpraktikum 2022
** CTD 08.05 BW2
** NMEA Latitude = 54 07.80 N
** NMEA Longitude = 008 45.07 E
# nquan = 11
# nvalues = 522                         
# units = specified
# name 0 = timeJ: Julian Days
# name 1 = prdM: Pressure, Strain Gauge [db]
# name 2 = tv290C: Temperature [ITS-90, deg C]
# name 3 = c0mS/cm: Conductivity [mS/cm]
# name 4 = sal00: Salinity, Practical [PSU]
# name 5 = depSM: Depth [salt water, m], lat = 54.00
# name 6 = oxsatMm/Kg: Oxygen Saturation, Weiss [umol/kg]
# name 7 = oxsolMm/Kg: Oxygen Saturation, Garcia & Gordon [umol/kg]
# name 8 = turbWETntu0: Turbidity, WET Labs ECO [NTU]
# name 9 = flECO-AFL: Fluorescence, WET Labs ECO-AFL/FL [mg/m^3]
# name 10 = flag:  0.000e+00
# span 0 = 128.538695, 128.540203       
# span 1 =      0.597,     15.981       
# span 2 =    12.5861,    13.2960       
# span 3 =  32.170153,  32.719881       
# span 4 =    26.9969,    27.0685       
# span 5 =      0.591,     15.837       
# span 6 =  270.82320,  274.90739       
# span 7 =  271.00412,  275.04788       
# span 8 =     2.5171,   322.6105       
# span 9 =     3.3187,    20.1726       
# span 10 = 0.0000e+00, 0.0000e+00      
# interval = seconds: 0.25
# start_time = May 08 2022 12:54:24 [Instrument's time stamp, header]
# bad_flag = -9.990e-29
*END*
 128.538695      0.597    13.2960  32.719881    27.0526      0.591  270.82320  271.00412     3.0619     3.7433 0.0000e+00
 128.538698      0.626    13.2949  32.716616    27.0526      0.621  270.83356  271.01444     3.5288     3.8201 -9.990e-29
 128.538701      0.639    13.2927  32.708802    27.0448      0.633  270.85646  271.03728     3.5599     3.7878 -9.990e-29
 128.538704      0.656    13.2904  32.715333    27.0524      0.650  270.85528  271.03590     3.4821     3.8080 -9.990e-29
 128.538707      0.672    13.2887  32.713934    27.0523      0.666  270.86493  271.04546     3.5443     3.8161 -9.990e-29
 128.538709      0.677    13.2870  32.714576    27.0541      0.671  270.87138  271.05179     3.4665     3.7959 -9.990e-29
 128.538712      0.677    13.2862  32.714342    27.0544      0.671  270.87492  271.05529     3.0774     3.6058 -9.990e-29
 128.538715      0.685    13.2858  32.713759    27.0542      0.679  270.87782  271.05816     3.0619     3.6179 -9.990e-29
 128.538718      0.705    13.2857  32.714984    27.0554      0.698  270.87635  271.05667     3.0463     3.6139 -9.990e-29
 128.538721      0.749    13.2857  32.714984    27.0559      0.742  270.87638  271.05670     3.1552     3.5654 0.0000e+00
 128.538724      0.789    13.2863  32.716675    27.0558      0.782  270.87066  271.05101     2.7973     3.6462 0.0000e+00
 128.538727      0.823    13.2871  32.716617    27.0558      0.816  270.86732  271.04772     2.8751     3.6503 0.0000e+00
 128.538730      0.851    13.2875  32.714984    27.0543      0.843  270.86858  271.04902     2.7973     3.6422 0.0000e+00
 128.538733      0.878    13.2876  32.715393    27.0541      0.870  270.86726  271.04771     2.7506     3.6584 0.0000e+00
 128.538736      0.925    13.2866  32.705539    27.0460      0.917  270.88868  271.06915     3.3576     4.0506 0.0000e+00
 128.538738      0.984    13.2816  32.700583    27.0450      0.975  270.91896  271.09916     3.2486     4.0304 0.0000e+00
 128.538741      1.042    13.2747  32.682046    27.0390      1.033  270.98053  271.16047     3.2175     4.0142 0.0000e+00
 128.538744      1.075    13.2651  32.686594    27.0329      1.065  271.01454  271.19383     3.2953     4.0708 -9.990e-29
 128.538747      1.091    13.2575  32.687702    27.0503      1.082  271.04566  271.22446     3.5132     4.0425 -9.990e-29
 128.538750      1.093    13.2533  32.683331    27.0493      1.083  271.07113  271.24972     3.4510     4.0142 -9.990e-29
 128.538753      1.093    13.2495  32.681641    27.0504      1.083  271.09040  271.26877     3.5599     4.0870 -9.990e-29
 128.538756      1.106    13.2459  32.674705    27.0466      1.096  271.11812  271.29631     3.5599     4.0385 -9.990e-29
 128.538759      1.130    13.2405  32.671675    27.0476      1.119  271.14664  271.32453     3.5599     4.0749 -9.990e-29
 128.538762      1.161    13.2352  32.665440    27.0457      1.150  271.18071  271.35832     3.1552     3.9819 -9.990e-29
 128.538764      1.182    13.2294  32.662760    27.0510      1.172  271.21021  271.38748     3.3420     3.9900 -9.990e-29
 128.538767      1.213    13.2242  32.662760    27.0504      1.203  271.23287  271.40981     3.3420     3.9980 0.0000e+00
 128.538770      1.253    13.2206  32.658740    27.0499      1.242  271.25557  271.43232     3.2019     3.9455 0.0000e+00
 128.538773      1.301    13.2172  32.655361    27.0492      1.289  271.27623  271.45280     3.5755     3.8646 0.0000e+00
 128.538776      1.345    13.2134  32.652331    27.0492      1.333  271.29786  271.47422     3.7000     3.8484 0.0000e+00
 128.538779      1.383    13.2098  32.653672    27.0529      1.371  271.31129  271.48741     3.5599     3.8484 0.0000e+00
 128.538782      1.421    13.2081  32.655187    27.0542      1.409  271.31593  271.49192     3.5599     3.8282 0.0000e+00
 128.538785      1.451    13.2077  32.655187    27.0555      1.438  271.31783  271.49380     4.1047     3.9980 -9.990e-29
 128.538788      1.472    13.2077  32.653323    27.0540      1.459  271.32076  271.49675     3.9334     4.0021 -9.990e-29
 128.538791      1.491    13.2069  32.651691    27.0531      1.477  271.32737  271.50332     4.1047     3.9738 -9.990e-29
 128.538793      1.504    13.2060  32.652099    27.0541      1.490  271.33044  271.50634     4.1202     3.9617 -9.990e-29
 128.538796      1.520    13.2051  32.649419    27.0523      1.507  271.33887  271.51473     3.5599     3.4441 -9.990e-29
 128.538799      1.537    13.2031  32.642661    27.0475      1.523  271.35939  271.53518     3.5443     3.4036 -9.990e-29
 128.538802      1.560    13.1987  32.645691    27.0615      1.546  271.37303  271.54852     3.5288     3.4077 -9.990e-29
 128.538805      1.593    13.1976  32.653732    27.0624      1.579  271.36384  271.53920     3.5910     3.4198 0.0000e+00
 128.538808      1.635    13.2013  32.658685    27.0633      1.620  271.33925  271.51480     3.5910     3.4400 0.0000e+00
 128.538811      1.677    13.2066  32.662589    27.0633      1.662  271.30988  271.48572     3.0930     3.5815 0.0000e+00
 128.538814      1.713    13.2118  32.664453    27.0612      1.698  271.28404  271.46019     3.0463     3.6058 0.0000e+00
 128.538817      1.754    13.2156  32.667075    27.0612      1.738  271.26286  271.43923     3.0619     3.6301 0.0000e+00
 128.538819      1.788    13.2194  32.670397    27.0609      1.772  271.24078  271.41736     2.9996     3.5775 0.0000e+00
 128.538822      1.819    13.2229  32.667716    27.0588      1.803  271.23035  271.40716     3.4198     3.7393 0.0000e+00
 128.538825      1.848    13.2243  32.660140    27.0563      1.832  271.23749  271.41446     3.2642     3.7514 -9.990e-29
 128.538828      1.861    13.2213  32.653322    27.0442      1.844  271.26219  271.43903     3.2798     3.7271 -9.990e-29
 128.538831      1.881    13.2161  32.657227    27.0515      1.864  271.27778  271.45426     3.2642     3.7109 -9.990e-29
 128.538834      1.903    13.2140  32.662181    27.0603      1.886  271.27866  271.45496     3.1085     3.5532 -9.990e-29
 128.538837      1.936    13.2148  32.665794    27.0596      1.918  271.26897  271.44529     3.1085     3.5128 0.0000e+00
 128.538840      1.972    13.2176  32.666493    27.0589      1.954  271.25551  271.43201     2.9840     3.5128 0.0000e+00
 128.538843      2.007    13.2199  32.663404    27.0567      1.989  271.25082  271.42749     3.0152     3.5452 0.0000e+00
 128.538845      2.038    13.2201  32.660083    27.0544      2.020  271.25595  271.43266     3.8401     3.7797 -9.990e-29
 128.538848      2.060    13.2181  32.657169    27.0500      2.041  271.26950  271.44611     3.8556     3.7878 -9.990e-29
 128.538851      2.081    13.2155  32.654955    27.0506      2.063  271.28467  271.46113     3.8245     3.7716 -9.990e-29
 128.538854      2.109    13.2127  32.653732    27.0515      2.090  271.29875  271.47506     3.8245     3.7797 0.0000e+00
 128.538857      2.136    13.2099  32.653558    27.0506      2.117  271.31134  271.48747     3.8245     3.8282 0.0000e+00
 128.538860      2.171    13.2079  32.649945    27.0524      2.152  271.32610  271.50214     3.6377     3.5330 0.0000e+00
 128.538863      2.204    13.2054  32.650470    27.0528      2.184  271.33623  271.51210     3.5755     3.5209 0.0000e+00
 128.538866      2.233    13.2038  32.654549    27.0553      2.213  271.33610  271.51184     3.6689     3.5209 0.0000e+00
 128.538869      2.264    13.2049  32.661484    27.0577      2.244  271.31940  271.49515     3.5755     3.5169 -9.990e-29
 128.538872      2.279    13.2092  32.666087    27.0640      2.259  271.29258  271.46855     2.8595     3.3308 -9.990e-29
 128.538874      2.306    13.2148  32.669991    27.0649      2.286  271.26194  271.43823     2.7817     3.3551 0.0000e+00
 128.538877      2.339    13.2206  32.676519    27.0658      2.318  271.22520  271.40180     2.8284     3.3187 0.0000e+00
 128.538880      2.381    13.2275  32.684795    27.0685      2.360  271.18136  271.35832     2.8284     3.3349 0.0000e+00
 128.538883      2.418    13.2357  32.691964    27.0685      2.396  271.13315  271.31056     2.5949     3.4238 0.0000e+00
 128.538886      2.455    13.2447  32.696278    27.0680      2.433  271.08705  271.26499     2.6883     3.4238 0.0000e+00
 128.538889      2.495    13.2524  32.698726    27.0668      2.472  271.04921  271.22761     2.6261     3.4400 -9.990e-29
 128.538892      2.518    13.2581  32.698259    27.0590      2.496  271.02551  271.20427     2.5638     3.4158 -9.990e-29
 128.538895      2.538    13.2608  32.694644    27.0543      2.516  271.02013  271.19909     2.5171     3.4885 -9.990e-29
 128.538898      2.568    13.2606  32.695052    27.0543      2.545  271.02039  271.19933     2.5949     3.4724 0.0000e+00
 128.538900      2.595    13.2598  32.696451    27.0543      2.572  271.02113  271.20001     2.6572     3.4683 -9.990e-29
 128.538903      2.619    13.2606  32.700824    27.0595      2.595  271.01014  271.18903     2.5171     3.4845 -9.990e-29
 128.538906      2.641    13.2631  32.703447    27.0602      2.617  270.99494  271.17396     2.5327     3.4602 -9.990e-29
 128.538909      2.666    13.2662  32.704672    27.0584      2.642  270.97932  271.15853     2.8128     3.5007 -9.990e-29
 128.538912      2.692    13.2695  32.706479    27.0568      2.668  270.96207  271.14147     2.8751     3.4805 0.0000e+00
 128.538915      2.724    13.2718  32.704904    27.0568      2.700  270.95475  271.13431     2.8440     3.5007 0.0000e+00
 128.538918      2.755    13.2726  32.707178    27.0553      2.731  270.94739  271.12697     2.7039     3.4764 0.0000e+00
 128.538921      2.794    13.2736  32.702864    27.0522      2.769  270.95077  271.13045     3.4354     3.5856 0.0000e+00
 128.538924      2.828    13.2722  32.698841    27.0495      2.803  270.96370  271.14334     3.2175     3.6341 0.0000e+00
 128.538927      2.863    13.2691  32.696451    27.0495      2.837  270.98137  271.16083     3.3420     3.6382 0.0000e+00
 128.538929      2.894    13.2655  32.694819    27.0495      2.868  270.99961  271.17886     3.2486     3.6058 0.0000e+00
 128.538932      2.925    13.2620  32.689690    27.0494      2.899  271.02358  271.20266     3.6222     3.7393 0.0000e+00
 128.538935      2.954    13.2573  32.680072    27.0483      2.928  271.06064  271.23951     3.3420     3.7352 -9.990e-29
 128.538938      2.976    13.2499  32.668299    27.0373      2.949  271.11307  271.29158     3.5132     3.7514 -9.990e-29
 128.538941      3.005    13.2405  32.667893    27.0436      2.978  271.15468  271.33260     3.5132     3.6988 -9.990e-29
 128.538944      3.029    13.2326  32.660959    27.0472      3.002  271.20065  271.37814     3.6844     3.6665 -9.990e-29
 128.538947      3.056    13.2251  32.659910    27.0476      3.029  271.23520  271.41222     3.4510     3.6665 0.0000e+00
 128.538950      3.082    13.2194  32.656415    27.0480      3.054  271.26579  271.44250     3.5755     3.6543 0.0000e+00
 128.538953      3.109    13.2146  32.653327    27.0486      3.081  271.29191  271.46834     3.5288     3.6584 0.0000e+00
 128.538955      3.136    13.2106  32.652920    27.0493      3.108  271.30993  271.48612     3.6533     3.6746 0.0000e+00
 128.538958      3.173    13.2079  32.649016    27.0510      3.145  271.32835  271.50440     3.3264     3.6220 0.0000e+00
 128.538961      3.211    13.2058  32.650065    27.0504      3.183  271.33599  271.51190     3.2486     3.5613 0.0000e+00
 128.538964      3.250    13.2032  32.646570    27.0517      3.221  271.35308  271.52886     3.2953     3.5896 0.0000e+00
 128.538967      3.290    13.2003  32.645696    27.0517      3.260  271.36720  271.54280     3.2642     3.5977 0.0000e+00
 128.538970      3.330    13.1978  32.647153    27.0548      3.300  271.37571  271.55114     3.8245     3.6260 0.0000e+00
 128.538973      3.365    13.1968  32.648610    27.0568      3.334  271.37761  271.55297     3.8245     3.6584 0.0000e+00
 128.538976      3.397    13.1972  32.650067    27.0573      3.367  271.37322  271.54859     3.7467     3.6746 0.0000e+00
 128.538979      3.428    13.1985  32.650766    27.0578      3.398  271.36637  271.54182     3.8868     3.6786 -9.990e-29
 128.538981      3.447    13.1998  32.650882    27.0567      3.416  271.36052  271.53605     3.4821     3.9091 -9.990e-29
 128.538984      3.467    13.2005  32.649659    27.0551      3.436  271.35982  271.53540     3.6533     3.9414 -9.990e-29
 128.538987      3.481    13.2005  32.648202    27.0538      3.450  271.36235  271.53794     3.4665     3.9010 -9.990e-29
 128.538990      3.500    13.1998  32.646862    27.0530      3.468  271.36752  271.54308     3.5288     3.9495 -9.990e-29
 128.538993      3.516    13.1984  32.641211    27.0488      3.485  271.38329  271.55881     4.5716     4.1841 -9.990e-29
 128.538996      3.538    13.1955  32.637133    27.0500      3.506  271.40295  271.57832     4.5560     4.1719 -9.990e-29
 128.538999      3.565    13.1911  32.636900    27.0500      3.533  271.42256  271.59766     4.5093     4.1598 0.0000e+00
 128.539002      3.598    13.1879  32.634338    27.0499      3.566  271.44086  271.61578     4.4471     4.1679 0.0000e+00
 128.539005      3.631    13.1851  32.629153    27.0472      3.599  271.46213  271.63692     4.6494     4.1841 0.0000e+00
 128.539008      3.664    13.1818  32.623795    27.0446      3.631  271.48591  271.66054     4.5249     4.3054 0.0000e+00
 128.539010      3.702    13.1763  32.616806    27.0446      3.669  271.52196  271.69631     4.5560     4.2932 0.0000e+00
 128.539013      3.737    13.1697  32.615758    27.0457      3.704  271.55243  271.72637     4.5405     4.3013 0.0000e+00
 128.539016      3.777    13.1650  32.612090    27.0458      3.744  271.57896  271.75264     4.5249     4.3054 0.0000e+00
 128.539019      3.812    13.1618  32.615177    27.0508      3.778  271.58747  271.76092     3.9957     4.0506 0.0000e+00
 128.539022      3.843    13.1602  32.617449    27.0541      3.809  271.59078  271.76411     4.1202     4.0264 0.0000e+00
 128.539025      3.874    13.1608  32.621060    27.0562      3.839  271.58171  271.75504     3.9646     4.0264 0.0000e+00
 128.539028      3.901    13.1632  32.622166    27.0566      3.867  271.56942  271.74290     4.1202     4.0183 0.0000e+00
 128.539031      3.927    13.1656  32.622574    27.0562      3.892  271.55835  271.73197     4.0268     4.2245 -9.990e-29
 128.539034      3.951    13.1670  32.619720    27.0503      3.915  271.55734  271.73108     4.0268     4.2407 -9.990e-29
 128.539036      3.987    13.1666  32.618322    27.0495      3.952  271.56136  271.73509     4.0268     4.2204 0.0000e+00
 128.539039      4.014    13.1652  32.615410    27.0498      3.979  271.57272  271.74638     4.0580     4.2326 0.0000e+00
 128.539042      4.051    13.1630  32.615003    27.0498      4.015  271.58289  271.75642     4.1202     4.2285 0.0000e+00
 128.539045      4.084    13.1611  32.615003    27.0511      4.047  271.59109  271.76450     3.8868     4.2124 0.0000e+00
 128.539048      4.113    13.1603  32.615411    27.0520      4.076  271.59386  271.76722     4.0268     4.2568 0.0000e+00
 128.539051      4.144    13.1604  32.616809    27.0532      4.107  271.59114  271.76449     4.0424     4.2366 0.0000e+00
 128.539054      4.173    13.1610  32.617624    27.0534      4.136  271.58723  271.76060     4.1669     4.2649 0.0000e+00
 128.539057      4.200    13.1616  32.619080    27.0536      4.163  271.58220  271.75560     4.7584     4.3094 -9.990e-29
 128.539060      4.220    13.1628  32.619488    27.0540      4.183  271.57616  271.74963     4.7739     4.3013 -9.990e-29
 128.539063      4.244    13.1640  32.619080    27.0527      4.206  271.57153  271.74509     4.7895     4.2892 -9.990e-29
 128.539065      4.264    13.1649  32.616226    27.0495      4.226  271.57272  271.74636     4.8206     4.3134 -9.990e-29
 128.539068      4.284    13.1645  32.615819    27.0490      4.246  271.57501  271.74863     5.8167     4.5722 -9.990e-29
 128.539071      4.317    13.1629  32.614188    27.0482      4.278  271.58479  271.75832     5.7233     4.5358 0.0000e+00
