Processed/SBE19plus_01907321_2022_05_07_Cast71_wfilter.cnv
* Sea-Bird SBE19plus  Data File:
* FileName = E:\Prandtl Daten\2022\CTD\Raw\SBE19plus_01907321_2022_05_07_Cast71.hex
* Software version 2.6.1.12
* Temperature SN = 7321
* Conductivity SN = 7321
* System UpLoad Time = May 07 2022 12:53:36
* <ApplicationData>
* <Seaterm232>
** Messpraktikum 2022
** CTD 07.05 BW2
** NMEA Latitude = 54 07.826 N
** NMEA Longitude = 008 45.210 E
# nquan = 11
# nvalues = 575                         
# units = specified
# name 0 = timeJ: Julian Days
# name 1 = prdM: Pressure, Strain Gauge [db]
# name 2 = tv290C: Temperature [ITS-90, deg C]
# name 3 = c0mS/cm: Conductivity [mS/cm]
# name 4 = sal00: Salinity, Practical [PSU]
# name 5 = depSM: Depth [salt water, m], lat = 54.00
# name 6 = oxsatMm/Kg: Oxygen Saturation, Weiss [umol/kg]
# name 7 = oxsolMm/Kg: Oxygen Saturation, Garcia & Gordon [umol/kg]
# name 8 = turbWETntu0: Turbidity, WET Labs ECO [NTU]
# name 9 = flECO-AFL: Fluorescence, WET Labs ECO-AFL/FL [mg/m^3]
# name 10 = flag:  0.000e+00
# span 0 = 127.531166, 127.532827       
# span 1 =      0.422,     16.116       
# span 2 =    12.9342,    13.0936       
# span 3 =  32.329322,  32.516162       
# span 4 =    26.9797,    27.0135       
# span 5 =      0.419,     15.972       
# span 6 =  272.05471,  273.04300       
# span 7 =  272.22473,  273.20518       
# span 8 =     8.2447,   138.0035       
# span 9 =     4.3579,    13.6866       
# span 10 = 0.0000e+00, 0.0000e+00      
# interval = seconds: 0.25
# start_time = May 07 2022 12:43:40 [Instrument's time stamp, header]
# bad_flag = -9.990e-29
*END*
[from data line 394]
 127.532306     11.246    12.9375  32.383158    26.9952     11.145  272.97634  273.13766    47.9646     9.9543 -9.990e-29
 127.532309     11.283    12.9386  32.384784    26.9949     11.182  272.96878  273.13016    47.6377     9.9139 0.0000e+00
 127.532312     11.308    12.9396  32.384958    26.9946     11.207  272.96407  273.12551    48.0268     9.9260 0.0000e+00
 127.532315     11.345    12.9405  32.384552    26.9936     11.243  272.96103  273.12253    47.7934     9.9422 0.0000e+00
 127.532318     11.374    12.9409  32.384261    26.9936     11.272  272.95966  273.12119    53.6299    10.5770 0.0000e+00
 127.532321     11.409    12.9411  32.385365    26.9939     11.306  272.95680  273.11834    53.5677    10.5366 0.0000e+00
 127.532323     11.436    12.9416  32.386004    26.9940     11.333  272.95349  273.11505    53.7700    10.5609 0.0000e+00
 127.532326     11.461    12.9420  32.385772    26.9941     11.359  272.95234  273.11392    53.7389    10.5407 -9.990e-29
 127.532329     11.481    12.9425  32.386411    26.9938     11.379  272.94871  273.11032    55.5599    10.5043 -9.990e-29
 127.532332     11.500    12.9431  32.387805    26.9947     11.397  272.94375  273.10539    55.8401    10.6013 -9.990e-29
 127.532335     11.518    12.9441  32.388734    26.9948     11.415  272.93772  273.09941    55.8712    10.5002 -9.990e-29
 127.532338     11.540    12.9449  32.389024    26.9945     11.437  272.93375  273.09550    55.6689    10.5609 -9.990e-29
 127.532341     11.564    12.9460  32.389663    26.9944     11.460  272.92792  273.08973    55.8401    10.9248 -9.990e-29
 127.532344     11.595    12.9466  32.390244    26.9944     11.491  272.92408  273.08593    55.7155    10.8965 0.0000e+00
 127.532347     11.624    12.9474  32.390883    26.9944     11.520  272.91951  273.08140    55.7622    10.8803 0.0000e+00
 127.532350     11.659    12.9483  32.392045    26.9944     11.554  272.91371  273.07565    55.9801    10.8439 0.0000e+00
 127.532352     11.690    12.9496  32.392509    26.9943     11.585  272.90724  273.06925    55.8868    10.9005 0.0000e+00
 127.532355     11.722    12.9507  32.392916    26.9939     11.617  272.90182  273.06390    53.8323    10.8278 0.0000e+00
 127.532358     11.752    12.9512  32.392684    26.9937     11.646  272.89972  273.06184    53.6299    10.8237 0.0000e+00
 127.532361     11.783    12.9515  32.393323    26.9935     11.677  272.89736  273.05949    53.8012    10.7914 0.0000e+00
 127.532364     11.810    12.9517  32.393207    26.9937     11.704  272.89695  273.05909    53.6922    10.8722 -9.990e-29
 127.532367     11.834    12.9518  32.393091    26.9932     11.728  272.89654  273.05869    55.6222    10.5083 -9.990e-29
 127.532370     11.854    12.9520  32.392277    26.9923     11.748  272.89703  273.05920    55.3887    10.5690 -9.990e-29
 127.532373     11.878    12.9520  32.392510    26.9926     11.772  272.89695  273.05912    55.5443    10.5164 -9.990e-29
 127.532376     11.902    12.9517  32.392684    26.9921     11.795  272.89793  273.06007    55.5910    10.4840 -9.990e-29
 127.532378     11.929    12.9518  32.391871    26.9924     11.822  272.89874  273.06090    56.4938    10.8844 0.0000e+00
 127.532381     11.958    12.9515  32.392394    26.9928     11.851  272.89910  273.06124    56.5716    10.8439 0.0000e+00
 127.532384     11.986    12.9515  32.393091    26.9934     11.878  272.89790  273.06003    56.6183    10.9329 0.0000e+00
 127.532387     12.015    12.9519  32.393498    26.9935     11.907  272.89563  273.05778    56.4159    10.9208 0.0000e+00
 127.532390     12.048    12.9522  32.393904    26.9935     11.940  272.89336  273.05553    55.1708    11.0138 0.0000e+00
 127.532393     12.073    12.9527  32.394137    26.9935     11.965  272.89076  273.05296    55.2019    11.0785 0.0000e+00
 127.532396     12.102    12.9532  32.394718    26.9935     11.994  272.88787  273.05009    55.2642    11.0663 -9.990e-29
 127.532399     12.126    12.9535  32.393904    26.9927     12.017  272.88773  273.04999    55.4354    11.0138 -9.990e-29
 127.532402     12.149    12.9536  32.394718    26.9933     12.041  272.88601  273.04826    55.2642    11.0502 -9.990e-29
 127.532405     12.173    12.9538  32.394311    26.9929     12.064  272.88610  273.04837    59.3731    11.1027 -9.990e-29
 127.532407     12.200    12.9538  32.394311    26.9929     12.091  272.88612  273.04839    59.4043    11.1310 -9.990e-29
 127.532410     12.224    12.9540  32.395125    26.9934     12.115  272.88376  273.04603    59.5288    11.0663 -9.990e-29
 127.532413     12.246    12.9541  32.395531    26.9937     12.136  272.88243  273.04471    59.5288    11.0623 -9.990e-29
 127.532416     12.268    12.9545  32.397797    26.9947     12.158  272.87658  273.03887    59.8089    10.7064 -9.990e-29
 127.532419     12.297    12.9557  32.397797    26.9944     12.187  272.87156  273.03392    59.7622    10.6822 0.0000e+00
 127.532422     12.326    12.9567  32.397971    26.9947     12.216  272.86686  273.02928    59.9490    10.7307 0.0000e+00
 127.532425     12.363    12.9573  32.399191    26.9948     12.252  272.86222  273.02466    59.7622    10.6620 0.0000e+00
 127.532428     12.394    12.9580  32.400237    26.9952     12.283  272.85725  273.01973    81.9101    12.3765 0.0000e+00
 127.532431     12.428    12.9592  32.402270    26.9963     12.317  272.84866  273.01120    81.5210    12.4007 0.0000e+00
 127.532433     12.457    12.9610  32.406337    26.9979     12.346  272.83336  272.99598    81.7389    12.3643 0.0000e+00
 127.532436     12.487    12.9643  32.407963    26.9979     12.375  272.81634  272.97915    81.7545    12.3846 0.0000e+00
 127.532439     12.514    12.9678  32.410170    26.9974     12.402  272.79704  272.96006    68.7584    11.6850 0.0000e+00
 127.532442     12.540    12.9709  32.412552    26.9974     12.427  272.77933  272.94252    68.7739    11.7133 0.0000e+00
 127.532445     12.565    12.9738  32.414876    26.9974     12.453  272.76234  272.92571    68.6338    11.7618 -9.990e-29
 127.532448     12.587    12.9764  32.415457    26.9961     12.474  272.75031  272.91382    68.5871    11.7254 -9.990e-29
 127.532451     12.613    12.9783  32.414876    26.9942     12.500  272.74283  272.90648    68.5560    11.7214 -9.990e-29
 127.532454     12.636    12.9794  32.415689    26.9941     12.523  272.73637  272.90009    62.4860    11.2685 -9.990e-29
 127.532457     12.669    12.9800  32.415283    26.9933     12.556  272.73459  272.89834    62.3926    11.2685 -9.990e-29
 127.532459     12.691    12.9801  32.414062    26.9911     12.577  272.73642  272.90019    62.2992    11.3049 -9.990e-29
 127.532462     12.726    12.9794  32.412436    26.9912     12.612  272.74213  272.90587    62.2681    11.3453 0.0000e+00
 127.532465     12.760    12.9782  32.411623    26.9911     12.646  272.74925  272.91292    53.8634    10.3506 0.0000e+00
 127.532468     12.791    12.9770  32.410170    26.9913     12.677  272.75686  272.92047    53.7856    10.3951 0.0000e+00
 127.532471     12.821    12.9760  32.410229    26.9907     12.706  272.76119  272.92473    53.7700    10.3304 0.0000e+00
 127.532474     12.852    12.9750  32.408544    26.9911     12.736  272.76857  272.93207    53.6144    10.3142 0.0000e+00
 127.532477     12.881    12.9735  32.406917    26.9906     12.765  272.77775  272.94117    54.8284    10.5002 -9.990e-29
 127.532480     12.904    12.9716  32.404710    26.9895     12.789  272.79014  272.95346    54.9373    10.5245 -9.990e-29
 127.532483     12.927    12.9698  32.403665    26.9898     12.811  272.79987  272.96308    54.7350    10.5164 -9.990e-29
 127.532486     12.946    12.9681  32.402677    26.9901     12.830  272.80918  272.97229    54.6727    10.5002 -9.990e-29
 127.532488     12.965    12.9664  32.401458    26.9910     12.849  272.81859  272.98160    60.6183    10.8156 -9.990e-29
 127.532491     12.990    12.9647  32.401051    26.9905     12.874  272.82688  272.98979    60.6961    10.8641 0.0000e+00
 127.532494     13.018    12.9635  32.399018    26.9910     12.901  272.83551  272.99836    60.7272    10.8035 0.0000e+00
 127.532497     13.049    12.9626  32.400006    26.9915     12.932  272.83790  273.00068    60.6494    10.7954 0.0000e+00
 127.532500     13.080    12.9621  32.400529    26.9923     12.963  272.83921  273.00195    60.5871    10.8439 0.0000e+00
 127.532503     13.113    12.9620  32.401226    26.9923     12.995  272.83864  273.00137    54.6727    10.2455 0.0000e+00
 127.532506     13.145    12.9620  32.400239    26.9921     13.028  272.84007  273.00282    54.7661    10.2859 0.0000e+00
 127.532509     13.176    12.9620  32.399193    26.9912     13.058  272.84224  273.00499    54.7973    10.2536 0.0000e+00
 127.532512     13.205    12.9615  32.397392    26.9905     13.087  272.84762  273.01036    54.7039    10.2940 0.0000e+00
 127.532514     13.236    12.9606  32.397799    26.9899     13.118  272.85072  273.01339    57.8945    10.5487 -9.990e-29
 127.532517     13.260    12.9597  32.397277    26.9910     13.141  272.85543  273.01805    57.8945    10.6296 -9.990e-29
 127.532520     13.282    12.9586  32.395941    26.9905     13.163  272.86252  273.02508    57.8634    10.5407 -9.990e-29
 127.532523     13.302    12.9578  32.395767    26.9910     13.183  272.86662  273.02913    57.8323    10.5851 -9.990e-29
 127.532526     13.320    12.9571  32.395360    26.9911     13.201  272.87050  273.03297    55.9646    10.3061 -9.990e-29
 127.532529     13.340    12.9564  32.395767    26.9916     13.221  272.87263  273.03506    56.0268    10.2899 -9.990e-29
 127.532532     13.368    12.9558  32.394954    26.9911     13.248  272.87692  273.03931    56.0735    10.2576 0.0000e+00
 127.532535     13.397    12.9555  32.393502    26.9905     13.277  272.88074  273.04313    56.1358    10.2819 0.0000e+00
 127.532538     13.426    12.9548  32.392689    26.9905     13.306  272.88534  273.04769    61.3965    10.8965 0.0000e+00
 127.532541     13.457    12.9535  32.392514    26.9905     13.337  272.89103  273.05330    61.3031    10.8722 0.0000e+00
 127.532543     13.488    12.9528  32.391469    26.9909     13.367  272.89603  273.05827    61.5210    10.8722 0.0000e+00
 127.532546     13.521    12.9527  32.393386    26.9923     13.400  272.89301  273.05522    61.5210    10.9046 0.0000e+00
 127.532549     13.547    12.9528  32.394141    26.9929     13.425  272.89138  273.05360    61.4276    10.8358 0.0000e+00
 127.532552     13.576    12.9532  32.395129    26.9935     13.454  272.88809  273.05032    57.2097    10.4962 0.0000e+00
 127.532555     13.602    12.9541  32.396174    26.9937     13.480  272.88218  273.04445    57.2720    10.4274 0.0000e+00
 127.532558     13.627    12.9548  32.395942    26.9938     13.505  272.87976  273.04208    57.3031    10.4881 -9.990e-29
 127.532561     13.645    12.9556  32.394955    26.9917     13.523  272.87804  273.04042    57.0385    10.4962 -9.990e-29
 127.532564     13.669    12.9553  32.392631    26.9897     13.547  272.88307  273.04546    61.0229    10.3668 -9.990e-29
 127.532567     13.684    12.9538  32.391470    26.9918     13.561  272.89174  273.05404    60.8829    10.3546 -9.990e-29
 127.532569     13.715    12.9525  32.392690    26.9922     13.592  272.89561  273.05782    61.0074    10.4113 0.0000e+00
 127.532572     13.742    12.9520  32.393096    26.9922     13.619  272.89713  273.05929    60.8050    10.4113 0.0000e+00
 127.532575     13.771    12.9522  32.392922    26.9924     13.648  272.89650  273.05869    62.2681    10.8035 0.0000e+00
 127.532578     13.806    12.9522  32.393213    26.9924     13.682  272.89570  273.05789    62.3926    10.8116 0.0000e+00
 127.532581     13.837    12.9527  32.395362    26.9935     13.713  272.88975  273.05194    62.5171    10.7833 0.0000e+00
 127.532584     13.869    12.9536  32.395536    26.9935     13.745  272.88568  273.04793    62.5171    10.8318 0.0000e+00
 127.532587     13.900    12.9547  32.396350    26.9935     13.776  272.87954  273.04185    58.6572    10.6458 0.0000e+00
 127.532590     13.926    12.9558  32.395362    26.9917     13.801  272.87624  273.03864    58.6105    10.5609 0.0000e+00
 127.532593     13.953    12.9561  32.395304    26.9916     13.828  272.87510  273.03752    58.5949    10.5770 0.0000e+00
 127.532595     13.979    12.9558  32.395536    26.9915     13.854  272.87597  273.03837    58.6261    10.6013 -9.990e-29
 127.532598     14.001    12.9558  32.395943    26.9923     13.875  272.87559  273.03797    58.3926    10.5730 -9.990e-29
 127.532601     14.019    12.9561  32.396350    26.9924     13.893  272.87331  273.03572    84.7117    12.3360 -9.990e-29
 127.532604     14.041    12.9566  32.396989    26.9927     13.915  272.87031  273.03274    84.7117    12.2916 -9.990e-29
 127.532607     14.063    12.9574  32.398034    26.9930     13.937  272.86471  273.02718    84.6650    12.2835 -9.990e-29
 127.532610     14.085    12.9584  32.399603    26.9938     13.958  272.85756  273.02008    84.5405    12.2673 -9.990e-29
 127.532613     14.110    12.9599  32.402449    26.9973     13.984  272.84628  273.00887    93.3342    12.5423 -9.990e-29
 127.532616     14.140    12.9623  32.406516    26.9971     14.013  272.82845  272.99116    93.3809    12.5544 0.0000e+00
 127.532619     14.169    12.9659  32.408956    26.9970     14.042  272.80843  272.97135    93.5054    12.4856 0.0000e+00
 127.532622     14.194    12.9702  32.411396    26.9962     14.067  272.78525  272.94842    93.2253    12.5584 0.0000e+00
 127.532624     14.224    12.9740  32.409827    26.9920     14.096  272.77131  272.93474    83.4043    12.5423 0.0000e+00
 127.532627     14.255    12.9759  32.411221    26.9920     14.127  272.76069  272.92422    83.4043    12.4937 0.0000e+00
 127.532630     14.284    12.9769  32.414881    26.9934     14.156  272.75020  272.91376    83.3109    12.4856 0.0000e+00
 127.532633     14.315    12.9789  32.416276    26.9947     14.186  272.73863  272.90232    83.3264    12.4937 -9.990e-29
 127.532636     14.335    12.9810  32.416275    26.9930     14.206  272.72982  272.89363    83.3731    12.5220 -9.990e-29
 127.532639     14.360    12.9825  32.416856    26.9924     14.232  272.72188  272.88579    83.3420    12.4654 -9.990e-29
 127.532642     14.384    12.9837  32.417089    26.9918     14.255  272.71645  272.88042    83.3420    12.4695 -9.990e-29
 127.532645     14.404    12.9843  32.417321    26.9911     14.275  272.71353  272.87754    83.2798    12.4654 -9.990e-29
 127.532648     14.434    12.9846  32.417089    26.9911     14.304  272.71238  272.87642    83.4821    12.5423 0.0000e+00
 127.532650     14.459    12.9848  32.417089    26.9910     14.329  272.71176  272.87581    80.6805    12.1460 0.0000e+00
 127.532653     14.492    12.9848  32.416624    26.9910     14.362  272.71228  272.87634    80.6027    12.1096 0.0000e+00
 127.532656     14.521    12.9851  32.417496    26.9909     14.391  272.70951  272.87358    80.6338    12.0813 0.0000e+00
 127.532659     14.556    12.9851  32.417322    26.9911     14.425  272.70984  272.87391    80.8984    12.0975 0.0000e+00
 127.532662     14.591    12.9848  32.417322    26.9909     14.460  272.71113  272.87518    76.5093    12.0692 0.0000e+00
 127.532665     14.627    12.9846  32.416683    26.9911     14.496  272.71321  272.87726    76.4938    11.9317 0.0000e+00
 127.532668     14.658    12.9843  32.417031    26.9909     14.527  272.71420  272.87822    76.4315    12.0045 0.0000e+00
 127.532671     14.687    12.9840  32.416276    26.9912     14.556  272.71680  272.88081    76.3381    11.9640 -9.990e-29
 127.532674     14.711    12.9836  32.415463    26.9903     14.579  272.72013  272.88412    81.8790    12.2835 -9.990e-29
 127.532677     14.733    12.9832  32.415695    26.9908     14.601  272.72132  272.88528    81.9724    12.2673 -9.990e-29
 127.532679     14.749    12.9826  32.414882    26.9907     14.617  272.72527  272.88920    81.8012    12.2349 -9.990e-29
