Processed/SBE19plus_01907321_2022_05_04_Cast16_wfilter.cnv
* Sea-Bird SBE19plus  Data File:
* FileName = E:\Prandtl Daten\2022\CTD\Raw\SBE19plus_01907321_2022_05_04_Cast16.hex
* Software version 2.6.1.12
* Temperature SN = 7321
* Conductivity SN = 7321
* System UpLoad Time = May 04 2022 10:24:03
* <ApplicationData>
* <Seaterm232>
** Messpraktikum 2022
** CTD 04.05 NE2
# nquan = 11
# nvalues = 306                         
# units = specified
# name 0 = timeJ: Julian Days
# name 1 = prdM: Pressure, Strain Gauge [db]
# name 2 = tv290C: Temperature [ITS-90, deg C]
# name 3 = c0mS/cm: Conductivity [mS/cm]
# name 4 = sal00: Salinity, Practical [PSU]
# name 5 = depSM: Depth [salt water, m], lat = 54.00
# name 6 = oxsatMm/Kg: Oxygen Saturation, Weiss [umol/kg]
# name 7 = oxsolMm/Kg: Oxygen Saturation, Garcia & Gordon [umol/kg]
# name 8 = turbWETntu0: Turbidity, WET Labs ECO [NTU]
# name 9 = flECO-AFL: Fluorescence, WET Labs ECO-AFL/FL [mg/m^3]
# name 10 = flag:  0.000e+00
# span 0 = 124.429899, 124.430781       
# span 1 =      0.506,      8.502       
# span 2 =    11.5763,    11.6953       
# span 3 =  26.406858,  27.091405       
# span 4 =    22.2864,    22.9911       
# span 5 =      0.502,      8.425       
# span 6 =  288.93203,  289.77942       
# span 7 =  289.06309,  289.92013       
# span 8 =    44.5249,   144.5249       
# span 9 =    11.2079,    15.5871       
# span 10 = 0.0000e+00, 0.0000e+00      
# interval = seconds: 0.25
# start_time = May 04 2022 10:17:29 [Instrument's time stamp, header]
# bad_flag = -9.990e-29
*END*
 124.429899      0.506    11.6946  26.416424    22.2955      0.502  289.70790  289.85001    47.0463    11.8063 0.0000e+00
 124.429902      0.539    11.6953  26.416907    22.2955      0.534  289.70350  289.84564    44.5249    11.2079 0.0000e+00
 124.429905      0.585    11.6952  26.412662    22.2916      0.580  289.71190  289.85409    44.6650    11.2645 0.0000e+00
 124.429907      0.631    11.6946  26.410996    22.2910      0.625  289.71788  289.86005    44.5716    11.2281 0.0000e+00
 124.429910      0.662    11.6942  26.408739    22.2904      0.656  289.72427  289.86644    44.5249    11.2362 -9.990e-29
 124.429913      0.684    11.6946  26.407933    22.2876      0.678  289.72405  289.86625    47.7311    11.6729 -9.990e-29
 124.429916      0.695    11.6949  26.406858    22.2864      0.689  289.72434  289.86657    47.6844    11.6890 -9.990e-29
 124.429919      0.703    11.6943  26.407395    22.2872      0.696  289.72648  289.86867    47.7311    11.6607 -9.990e-29
 124.429922      0.710    11.6935  26.409760    22.2899      0.704  289.72622  289.86834    47.8089    11.6607 -9.990e-29
 124.429925      0.717    11.6929  26.410781    22.2930      0.711  289.72710  289.86917    47.8401    11.7052 -9.990e-29
 124.429928      0.745    11.6921  26.412286    22.2946      0.738  289.72813  289.87014    50.6883    12.0247 0.0000e+00
 124.429931      0.772    11.6910  26.414866    22.2961      0.765  289.72888  289.87079    50.7350    11.9964 0.0000e+00
 124.429933      0.814    11.6895  26.417124    22.2991      0.807  289.73271  289.87449    50.8440    12.0247 0.0000e+00
 124.429936      0.858    11.6880  26.420295    22.3029      0.850  289.73410  289.87577    50.7661    11.9964 0.0000e+00
 124.429939      0.907    11.6865  26.425241    22.3084      0.899  289.73249  289.87401    51.0774    11.9236 0.0000e+00
 124.429942      0.955    11.6850  26.433627    22.3171      0.946  289.72438  289.86572    51.0152    11.9276 0.0000e+00
 124.429945      0.993    11.6832  26.434756    22.3181      0.984  289.73103  289.87225    50.9373    11.9236 0.0000e+00
 124.429948      1.021    11.6815  26.438842    22.3191      1.012  289.73208  289.87315    50.9685    11.9559 -9.990e-29
 124.429951      1.035    11.6799  26.440079    22.3261      1.026  289.73816  289.87912    52.1980    12.6595 -9.990e-29
 124.429954      1.046    11.6785  26.445133    22.3316      1.037  289.73561  289.87644    52.3381    12.6150 -9.990e-29
 124.429957      1.052    11.6772  26.449919    22.3368      1.042  289.73287  289.87357    52.3070    12.6272 -9.990e-29
 124.429959      1.066    11.6761  26.446854    22.3346      1.057  289.74428  289.88494    52.1669    12.6433 -9.990e-29
 124.429962      1.079    11.6753  26.448199    22.3363      1.070  289.74595  289.88655    56.1358    12.8213 -9.990e-29
 124.429965      1.097    11.6750  26.449597    22.3385      1.088  289.74507  289.88563    55.9179    12.8657 -9.990e-29
 124.429968      1.123    11.6748  26.450134    22.3420      1.113  289.74512  289.88566    55.8868    12.8374 0.0000e+00
 124.429971      1.157    11.6740  26.457233    22.3455      1.147  289.73557  289.87599    56.0424    12.8132 0.0000e+00
 124.429974      1.208    11.6728  26.465623    22.3540      1.197  289.72568  289.86594    55.8401    12.8253 0.0000e+00
 124.429977      1.253    11.6716  26.468313    22.3572      1.242  289.72692  289.86708    51.6066    12.1015 0.0000e+00
 124.429980      1.286    11.6707  26.473907    22.3601      1.274  289.72091  289.86095    51.6222    12.0732 0.0000e+00
 124.429983      1.313    11.6701  26.475467    22.3629      1.301  289.72078  289.86077    51.7311    12.0975 -9.990e-29
 124.429986      1.329    11.6696  26.476489    22.3660      1.317  289.72166  289.86160    51.7000    12.0853 -9.990e-29
 124.429988      1.336    11.6685  26.477134    22.3672      1.324  289.72569  289.86557    47.2019    12.0125 -9.990e-29
 124.429991      1.351    11.6674  26.474983    22.3658      1.339  289.73537  289.87521    47.2175    11.9842 -9.990e-29
 124.429994      1.367    11.6668  26.479286    22.3702      1.355  289.73039  289.87014    47.4510    11.9721 -9.990e-29
 124.429997      1.393    11.6673  26.474983    22.3659      1.380  289.73610  289.87592    47.3576    12.0166 -9.990e-29
 124.430000      1.416    11.6683  26.472562    22.3631      1.403  289.73579  289.87570    49.1630    11.9074 -9.990e-29
 124.430003      1.447    11.6694  26.467614    22.3578      1.434  289.73957  289.87960    49.2720    11.9276 -9.990e-29
 124.430006      1.470    11.6702  26.461160    22.3428      1.457  289.74759  289.88774    49.2720    11.9276 -9.990e-29
 124.430009      1.496    11.6707  26.452340    22.3396      1.482  289.76184  289.90211    49.3498    11.9519 0.0000e+00
 124.430012      1.527    11.6715  26.445834    22.3363      1.513  289.76996  289.91035    46.6883    12.0085 0.0000e+00
 124.430014      1.553    11.6732  26.444759    22.3343      1.539  289.76361  289.90411    46.8595    11.9721 0.0000e+00
 124.430017      1.584    11.6741  26.442608    22.3317      1.570  289.76279  289.90337    46.8284    12.0328 0.0000e+00
 124.430020      1.617    11.6745  26.432716    22.3223      1.603  289.77942  289.92013    46.7350    12.0085 0.0000e+00
 124.430023      1.657    11.6761  26.432393    22.3210      1.643  289.77234  289.91315    46.6883    11.9923 0.0000e+00
 124.430026      1.692    11.6770  26.432070    22.3202      1.677  289.76807  289.90894    48.4315    11.7821 0.0000e+00
 124.430029      1.729    11.6774  26.430404    22.3193      1.713  289.76914  289.91006    48.4938    11.8387 0.0000e+00
 124.430032      1.762    11.6775  26.431533    22.3184      1.746  289.76667  289.90758    48.5716    11.7982 -9.990e-29
 124.430035      1.782    11.6776  26.433468    22.3211      1.766  289.76267  289.90357    48.5249    11.7659 -9.990e-29
 124.430038      1.804    11.6772  26.434436    22.3222      1.788  289.76261  289.90347    47.3264    11.9236 -9.990e-29
 124.430041      1.827    11.6769  26.434167    22.3221      1.811  289.76488  289.90573    47.2953    11.9236 -9.990e-29
 124.430043      1.840    11.6765  26.434974    22.3231      1.824  289.76547  289.90628    47.2953    11.9398 -9.990e-29
 124.430046      1.859    11.6764  26.434974    22.3232      1.842  289.76583  289.90664    47.2953    11.9681 -9.990e-29
 124.430049      1.879    11.6770  26.433254    22.3212      1.862  289.76629  289.90715    49.4276    12.5746 -9.990e-29
 124.430052      1.901    11.6774  26.433254    22.3204      1.884  289.76420  289.90509    49.5988    12.5787 -9.990e-29
 124.430055      1.929    11.6776  26.432716    22.3201      1.911  289.76418  289.90509    49.3654    12.5544 0.0000e+00
 124.430058      1.958    11.6779  26.432394    22.3199      1.940  289.76341  289.90433    49.5054    12.5948 0.0000e+00
 124.430061      1.987    11.6777  26.430028    22.3188      1.969  289.76860  289.90954    49.9101    12.2309 0.0000e+00
 124.430064      2.016    11.6768  26.433093    22.3178      1.998  289.76738  289.90823    49.8167    12.2511 -9.990e-29
 124.430067      2.038    11.6757  26.436157    22.3247      2.020  289.76755  289.90830    49.7389    12.2673 -9.990e-29
 124.430069      2.060    11.6755  26.438039    22.3265      2.041  289.76471  289.90543    49.7389    12.2835 -9.990e-29
 124.430072      2.082    11.6756  26.437018    22.3301      2.063  289.76630  289.90704    49.8790    12.2552 -9.990e-29
 124.430075      2.107    11.6751  26.441695    22.3316      2.089  289.75993  289.90058    49.7700    12.4169 0.0000e+00
 124.430078      2.135    11.6751  26.444814    22.3302      2.116  289.75404  289.89467    49.7700    12.4897 0.0000e+00
 124.430081      2.167    11.6755  26.442072    22.3302      2.148  289.75715  289.89782    49.8478    12.4493 0.0000e+00
 124.430084      2.198    11.6751  26.441104    22.3302      2.178  289.76110  289.90176    49.7233    12.4452 0.0000e+00
 124.430087      2.233    11.6743  26.450137    22.3384      2.213  289.74789  289.88841    51.0463    12.4776 0.0000e+00
 124.430090      2.265    11.6741  26.452127    22.3394      2.245  289.74554  289.88603    51.0930    12.4735 0.0000e+00
 124.430093      2.295    11.6739  26.455407    22.3404      2.274  289.74006  289.88050    51.0307    12.4695 -9.990e-29
 124.430095      2.318    11.6741  26.458634    22.3464      2.298  289.73327  289.87368    50.9218    12.4250 -9.990e-29
 124.430098      2.345    11.6743  26.463743    22.3510      2.325  289.72222  289.86260    51.7778    12.6474 -9.990e-29
 124.430101      2.367    11.6740  26.468154    22.3553      2.346  289.71564  289.85595    51.8401    12.6474 -9.990e-29
 124.430104      2.393    11.6732  26.460140    22.3483      2.371  289.73502  289.87536    51.6689    12.6393 -9.990e-29
 124.430107      2.409    11.6721  26.457882    22.3468      2.388  289.74455  289.88486    51.7000    12.6474 -9.990e-29
 124.430110      2.429    11.6710  26.458097    22.3477      2.407  289.74976  289.89000    52.4938    13.1933 -9.990e-29
 124.430113      2.451    11.6705  26.465089    22.3616      2.429  289.73935  289.87948    52.3537    13.1892 -9.990e-29
 124.430116      2.478    11.6709  26.472995    22.3637      2.456  289.72231  289.86238    52.5405    13.1892 0.0000e+00
 124.430119      2.504    11.6712  26.477675    22.3658      2.482  289.71207  289.85211    52.5405    13.2054 0.0000e+00
 124.430122      2.535    11.6711  26.478912    22.3669      2.512  289.71010  289.85012    52.4626    13.2216 0.0000e+00
 124.430124      2.564    11.6706  26.479074    22.3674      2.541  289.71226  289.85225    53.4743    13.1407 0.0000e+00
 124.430127      2.597    11.6703  26.483270    22.3704      2.574  289.70609  289.84602    53.4743    13.1245 0.0000e+00
 124.430130      2.624    11.6700  26.481979    22.3710      2.601  289.70995  289.84987    53.5677    13.1448 0.0000e+00
 124.430133      2.651    11.6693  26.481818    22.3704      2.628  289.71378  289.85365    53.3809    13.1245 -9.990e-29
 124.430136      2.675    11.6688  26.479128    22.3685      2.651  289.72133  289.86121    49.9724    12.4048 -9.990e-29
 124.430139      2.697    11.6676  26.479935    22.3699      2.673  289.72612  289.86591    49.9879    12.3886 -9.990e-29
 124.430142      2.717    11.6663  26.485046    22.3754      2.692  289.72276  289.86242    49.9412    12.3603 -9.990e-29
 124.430145      2.731    11.6652  26.484347    22.3754      2.707  289.72970  289.86930    50.0191    12.3967 -9.990e-29
 124.430148      2.744    11.6644  26.485423    22.3769      2.720  289.73187  289.87141    50.1280    12.4331 -9.990e-29
 124.430150      2.768    11.6641  26.486714    22.3783      2.743  289.73119  289.87069    50.0657    12.4533 -9.990e-29
 124.430153      2.792    11.6641  26.489620    22.3797      2.767  289.72571  289.86518    49.8945    12.4856 -9.990e-29
 124.430156      2.821    11.6653  26.489028    22.3774      2.796  289.72054  289.86010    49.9412    12.4209 0.0000e+00
 124.430159      2.861    11.6671  26.485208    22.3751      2.836  289.71869  289.85840    52.8517    12.6595 0.0000e+00
 124.430162      2.903    11.6679  26.481819    22.3733      2.877  289.72128  289.86107    52.7272    12.6353 0.0000e+00
 124.430165      2.949    11.6674  26.483487    22.3733      2.923  289.72025  289.86000    52.7739    12.6676 0.0000e+00
 124.430168      2.991    11.6674  26.485531    22.3740      2.964  289.71641  289.85613    52.7272    12.6150 0.0000e+00
 124.430171      3.024    11.6692  26.485423    22.3745      2.997  289.70788  289.84771    52.9607    12.6474 0.0000e+00
 124.430174      3.053    11.6704  26.485692    22.3740      3.026  289.70109  289.84099    53.0385    12.3846 -9.990e-29
 124.430177      3.075    11.6715  26.487414    22.3744      3.048  289.69224  289.83220    52.9607    12.4129 -9.990e-29
 124.430179      3.095    11.6719  26.489458    22.3761      3.068  289.68629  289.82625    53.0074    12.3805 -9.990e-29
 124.430182      3.114    11.6717  26.491019    22.3776      3.086  289.68440  289.82433    52.9918    12.3522 -9.990e-29
 124.430185      3.121    11.6714  26.493709    22.3803      3.093  289.68106  289.82094    50.7039    12.6676 -9.990e-29
 124.430188      3.134    11.6707  26.495269    22.3822      3.106  289.68162  289.82144    50.7817    12.7202 -9.990e-29
 124.430191      3.143    11.6704  26.496561    22.3835      3.115  289.68058  289.82037    50.7194    12.7364 -9.990e-29
 124.430194      3.159    11.6699  26.494731    22.3822      3.131  289.68685  289.82663    50.6261    12.7444 -9.990e-29
 124.430197      3.183    11.6692  26.493871    22.3800      3.155  289.69165  289.83139    50.7661    12.7444 -9.990e-29
 124.430200      3.208    11.6684  26.491503    22.3792      3.180  289.70034  289.84006    50.7973    12.7364 0.0000e+00
 124.430203      3.237    11.6675  26.489190    22.3800      3.208  289.70929  289.84898    50.5949    12.7080 0.0000e+00
 124.430205      3.274    11.6662  26.490858    22.3806      3.245  289.71280  289.85240    50.7350    12.7080 0.0000e+00
 124.430208      3.309    11.6659  26.490482    22.3806      3.279  289.71494  289.85452    52.6650    12.6636 0.0000e+00
 124.430211      3.343    11.6661  26.489728    22.3798      3.313  289.71568  289.85528    52.7584    12.4856 0.0000e+00
 124.430214      3.378    11.6671  26.487415    22.3784      3.348  289.71483  289.85451    52.7428    12.5018 0.0000e+00
 124.430217      3.411    11.6689  26.486500    22.3770      3.380  289.70748  289.84728    52.6650    12.5099 -9.990e-29
 124.430220      3.436    11.6703  26.489621    22.3771      3.406  289.69424  289.83410    52.8829    12.5342 -9.990e-29
 124.430223      3.462    11.6703  26.490643    22.3780      3.431  289.69232  289.83217    54.3459    12.8900 -9.990e-29
 124.430226      3.481    11.6705  26.489459    22.3768      3.450  289.69387  289.83374    54.2681    12.8900 -9.990e-29
 124.430229      3.495    11.6701  26.490159    22.3777      3.464  289.69466  289.83450    54.2992    12.8981 -9.990e-29
 124.430231      3.510    11.6699  26.496024    22.3832      3.479  289.68427  289.82404    54.1903    12.9102 -9.990e-29
 124.430234      3.534    11.6699  26.503772    22.3917      3.502  289.66998  289.80966    52.9296    13.1448 -9.990e-29
 124.430237      3.560    11.6700  26.505225    22.3941      3.528  289.66655  289.80622    52.9918    13.0801 0.0000e+00
 124.430240      3.587    11.6694  26.509961    22.3964      3.555  289.66040  289.79999    53.0385    13.1165 0.0000e+00
 124.430243      3.619    11.6684  26.512868    22.3990      3.587  289.66017  289.79967    53.1941    13.0962 0.0000e+00
 124.430246      3.659    11.6670  26.511146    22.3990      3.627  289.67080  289.81023    56.3070    12.6474 0.0000e+00
 124.430249      3.694    11.6659  26.508401    22.3990      3.661  289.68161  289.82100    56.3070    12.6272 0.0000e+00
 124.430252      3.738    11.6650  26.512814    22.4017      3.704  289.67749  289.81678    56.3537    12.6353 0.0000e+00
 124.430255      3.778    11.6650  26.515075    22.4028      3.744  289.67324  289.81250    56.2914    12.6393 0.0000e+00
 124.430258      3.807    11.6652  26.514752    22.4038      3.773  289.67282  289.81210    56.1980    12.6393 -9.990e-29
 124.430260      3.832    11.6655  26.521373    22.4093      3.798  289.65890  289.79813    59.4043    12.8577 -9.990e-29
 124.430263      3.845    11.6657  26.519489    22.4074      3.811  289.66143  289.80069    59.5288    12.8577 -9.990e-29
 124.430266      3.853    11.6660  26.525786    22.4131      3.818  289.64812  289.78733    59.5755    12.8213 -9.990e-29
 124.430269      3.861    11.6654  26.542745    22.4292      3.827  289.61919  289.75818    59.6533    12.8819 -9.990e-29
 124.430272      3.872    11.6643  26.561862    22.4477      3.838  289.58862  289.72734    62.6416    13.4278 -9.990e-29
 124.430275      3.892    11.6628  26.561215    22.4480      3.857  289.59754  289.73618    62.5949    13.4521 -9.990e-29
