Processed/SBE19plus_01907321_2022_05_03_Cast02_wfilter.cnv
* Sea-Bird SBE19plus  Data File:
* FileName = E:\Prandtl Daten\2022\CTD\Raw\SBE19plus_01907321_2022_05_03_Cast02.hex
* Software version 2.6.1.12
* Temperature SN = 7321
* Conductivity SN = 7321
* System UpLoad Time = May 03 2022 10:21:02
* <ApplicationData>
* <Seaterm232>
** Messpraktikum 2022
** Suederpiep - Mooring2
** 54 06.05N
** 008 38.61E
** Jan Ladwig, Torbjörn Kagel
# nquan = 11
# nvalues = 549                         
# units = specified
# name 0 = timeJ: Julian Days
# name 1 = prdM: Pressure, Strain Gauge [db]
# name 2 = tv290C: Temperature [ITS-90, deg C]
# name 3 = c0mS/cm: Conductivity [mS/cm]
# name 4 = sal00: Salinity, Practical [PSU]
# name 5 = depSM: Depth [salt water, m], lat = 54.00
# name 6 = oxsatMm/Kg: Oxygen Saturation, Weiss [umol/kg]
# name 7 = oxsolMm/Kg: Oxygen Saturation, Garcia & Gordon [umol/kg]
# name 8 = turbWETntu0: Turbidity, WET Labs ECO [NTU]
# name 9 = flECO-AFL: Fluorescence, WET Labs ECO-AFL/FL [mg/m^3]
# name 10 = flag:  0.000e+00
# span 0 = 123.423640, 123.425226       
# span 1 =      0.655,     14.517       
# span 2 =    11.5538,    11.7942       
# span 3 =  30.901389,  31.154215       
# span 4 =    26.4355,    26.8345       
# span 5 =      0.649,     14.387       
# span 6 =  280.78693,  281.46794       
# span 7 =  280.88683,  281.54846       
# span 8 =    51.1397,   147.0463       
# span 9 =    12.1217,    15.5224       
# span 10 = 0.0000e+00, 0.0000e+00      
# interval = seconds: 0.25
# start_time = May 03 2022 10:08:30 [Instrument's time stamp, header]
# bad_flag = -9.990e-29
*END*
[from data line 263]
 123.424401      7.358    11.6349  31.060645    26.6901      7.292  281.25167  281.33880   109.5833    14.2972 -9.990e-29
 123.424404      7.367    11.6321  31.061616    26.6930      7.301  281.26296  281.34989   108.2759    14.3619 -9.990e-29
 123.424407      7.382    11.6301  31.060245    26.6931      7.316  281.27482  281.36162   108.2914    14.3376 -9.990e-29
 123.424410      7.382    11.6290  31.059274    26.6930      7.316  281.28144  281.36818   108.1047    14.3457 -9.990e-29
 123.424413      7.385    11.6288  31.057902    26.6919      7.319  281.28530  281.37203   108.2136    14.3174 -9.990e-29
 123.424416      7.385    11.6293  31.054245    26.6880      7.319  281.28961  281.37642    98.0191    13.9211 -9.990e-29
 123.424418      7.393    11.6307  31.050359    26.6833      7.326  281.29052  281.37747    98.1280    13.8767 -9.990e-29
 123.424421      7.405    11.6328  31.046931    26.6745      7.339  281.28705  281.37420    98.1436    13.9211 -9.990e-29
 123.424424      7.433    11.6350  31.044360    26.6696      7.366  281.28198  281.36931    98.0813    13.9171 0.0000e+00
 123.424427      7.471    11.6375  31.036018    26.6648      7.404  281.28616  281.37376    98.0191    14.1031 0.0000e+00
 123.424430      7.515    11.6414  31.030191    26.6564      7.447  281.27857  281.36652    98.1124    14.1152 0.0000e+00
 123.424433      7.562    11.6459  31.025392    26.6486      7.495  281.26681  281.35513    98.1436    14.0991 0.0000e+00
 123.424436      7.619    11.6503  31.025392    26.6455      7.550  281.24637  281.33500    98.0813    14.1031 0.0000e+00
 123.424439      7.671    11.6530  31.026763    26.6448      7.603  281.23135  281.32016    99.7778    14.0586 0.0000e+00
 123.424442      7.719    11.6541  31.027106    26.6444      7.650  281.22594  281.31482   102.9062    14.1476 0.0000e+00
 123.424444      7.755    11.6543  31.027334    26.6444      7.686  281.22458  281.31346   102.8128    14.1233 0.0000e+00
 123.424447      7.788    11.6546  31.022879    26.6444      7.719  281.23136  281.32032   102.9529    14.1476 -9.990e-29
 123.424450      7.805    11.6564  31.021679    26.6375      7.735  281.22530  281.31440   102.9529    14.1557 -9.990e-29
 123.424453      7.810    11.6581  31.024706    26.6392      7.740  281.21162  281.30081   105.6611    13.9980 -9.990e-29
 123.424456      7.808    11.6581  31.030819    26.6450      7.738  281.20047  281.28959   105.6611    14.0263 -9.990e-29
 123.424459      7.803    11.6555  31.036589    26.6523      7.733  281.20149  281.29035   105.6299    14.0303 -9.990e-29
 123.424462      7.797    11.6516  31.042417    26.6607      7.728  281.20879  281.29731   105.5366    14.0546 -9.990e-29
 123.424465      7.799    11.6472  31.042588    26.6639      7.729  281.22862  281.31684   104.5716    14.0101 -9.990e-29
 123.424468      7.812    11.6443  31.045103    26.6684      7.742  281.23767  281.32564   104.5560    14.0020 -9.990e-29
 123.424470      7.832    11.6419  31.044075    26.6716      7.762  281.25081  281.33863   104.7428    14.0101 -9.990e-29
 123.424473      7.863    11.6404  31.045503    26.6745      7.793  281.25486  281.34256   104.5405    14.0424 0.0000e+00
 123.424476      7.892    11.6390  31.050531    26.6773      7.822  281.25184  281.33939   105.4743    14.1840 0.0000e+00
 123.424479      7.929    11.6366  31.051332    26.6798      7.858  281.26188  281.34924   105.3809    14.1678 0.0000e+00
 123.424482      7.969    11.6343  31.053846    26.6839      7.898  281.26774  281.35491   105.2875    14.1476 0.0000e+00
 123.424485      8.005    11.6325  31.052875    26.6842      7.934  281.27790  281.36496   105.3809    14.1476 0.0000e+00
 123.424488      8.035    11.6316  31.052418    26.6844      7.963  281.28294  281.36993   105.5521    14.1678 0.0000e+00
 123.424491      8.064    11.6312  31.055961    26.6880      7.992  281.27790  281.36483   107.6844    14.2002 0.0000e+00
 123.424494      8.101    11.6299  31.059047    26.6919      8.028  281.27820  281.36501   107.8712    14.2204 0.0000e+00
 123.424497      8.141    11.6281  31.060019    26.6941      8.068  281.28504  281.37170   107.5755    14.2325 0.0000e+00
 123.424499      8.184    11.6263  31.060419    26.6958      8.111  281.29263  281.37916   107.7467    14.2244 0.0000e+00
 123.424502      8.225    11.6253  31.061220    26.6972      8.151  281.29595  281.38240   106.9996    14.1718 0.0000e+00
 123.424505      8.265    11.6244  31.062820    26.6983      8.191  281.29681  281.38318   107.0152    14.1638 0.0000e+00
 123.424508      8.299    11.6231  31.066649    26.6993      8.225  281.29571  281.38195   107.0774    14.1557 -9.990e-29
 123.424511      8.320    11.6212  31.067221    26.7058      8.245  281.30360  281.38970   107.1397    14.1557 -9.990e-29
 123.424514      8.325    11.6197  31.054249    26.6945      8.250  281.33470  281.42084    95.1085    14.2608 -9.990e-29
 123.424517      8.330    11.6234  31.041050    26.6794      8.256  281.34256  281.42911    95.0307    14.2123 -9.990e-29
 123.424520      8.327    11.6308  31.037564    26.6707      8.252  281.31456  281.40167    95.2331    14.2446 -9.990e-29
 123.424523      8.327    11.6371  31.039791    26.6684      8.252  281.28126  281.36880    95.1397    14.2082 -9.990e-29
 123.424525      8.325    11.6403  31.045676    26.6717      8.250  281.25550  281.34319   111.8089    14.0263 -9.990e-29
 123.424528      8.338    11.6399  31.051104    26.6771      8.263  281.24691  281.33452   111.6066    14.0141 -9.990e-29
 123.424531      8.356    11.6372  31.062533    26.6941      8.281  281.23794  281.32522   111.6377    14.0222 -9.990e-29
 123.424534      8.383    11.6324  31.063334    26.6961      8.308  281.25916  281.34608   111.6533    14.0182 0.0000e+00
 123.424537      8.424    11.6286  31.064706    26.6981      8.348  281.27387  281.36052   111.6844    14.0101 0.0000e+00
 123.424540      8.464    11.6259  31.068764    26.7038      8.388  281.27874  281.36516   116.8984    14.3457 0.0000e+00
 123.424543      8.505    11.6232  31.074194    26.7073      8.429  281.28136  281.36751   116.8829    14.3255 0.0000e+00
 123.424546      8.533    11.6196  31.079625    26.7109      8.456  281.28779  281.37363   117.0074    14.3659 -9.990e-29
 123.424549      8.555    11.6154  31.084655    26.7265      8.478  281.29785  281.38333   116.8673    14.3457 -9.990e-29
 123.424552      8.568    11.6115  31.085628    26.7302      8.491  281.31392  281.39912   110.3926    14.3215 -9.990e-29
 123.424554      8.577    11.6091  31.080769    26.7273      8.500  281.33457  281.41965   110.5327    14.3659 -9.990e-29
 123.424557      8.590    11.6089  31.072081    26.7192      8.513  281.35187  281.43704   110.3303    14.3781 -9.990e-29
 123.424560      8.608    11.6112  31.069395    26.7144      8.531  281.34607  281.43143   110.5638    14.3417 -9.990e-29
 123.424563      8.637    11.6137  31.070709    26.7139      8.560  281.33211  281.41763   106.5949    14.0748 0.0000e+00
 123.424566      8.679    11.6151  31.070709    26.7134      8.601  281.32575  281.41137   106.6261    14.1031 0.0000e+00
 123.424569      8.725    11.6156  31.070138    26.7125      8.647  281.32429  281.40996   106.5015    14.0788 0.0000e+00
 123.424572      8.772    11.6159  31.068194    26.7104      8.694  281.32670  281.41241   106.6105    14.0748 0.0000e+00
 123.424575      8.820    11.6163  31.062537    26.7047      8.741  281.33545  281.42125   100.4315    14.1718 0.0000e+00
 123.424578      8.869    11.6186  31.059394    26.7000      8.789  281.33052  281.41653   100.4782    14.1638 0.0000e+00
 123.424580      8.907    11.6215  31.053850    26.6963      8.827  281.32786  281.41413   100.3692    14.1597 0.0000e+00
 123.424583      8.940    11.6250  31.048422    26.6927      8.860  281.32145  281.40804   100.3848    14.1678 -9.990e-29
 123.424586      8.963    11.6295  31.046079    26.6796      8.883  281.30540  281.39232   100.4938    14.1274 -9.990e-29
 123.424589      8.976    11.6327  31.050764    26.6817      8.896  281.28157  281.36867   100.7117    14.2770 -9.990e-29
 123.424592      8.974    11.6335  31.050535    26.6809      8.894  281.27816  281.36533   100.7272    14.2972 -9.990e-29
 123.424595      8.970    11.6332  31.047964    26.6787      8.890  281.28427  281.37144   100.7739    14.2932 -9.990e-29
 123.424598      8.972    11.6341  31.046307    26.6764      8.892  281.28323  281.37048   100.7739    14.2972 -9.990e-29
 123.424601      8.978    11.6348  31.048021    26.6776      8.898  281.27681  281.36409   104.8050    14.2770 -9.990e-29
 123.424604      8.991    11.6352  31.050535    26.6797      8.910  281.27018  281.35746   104.7117    14.2932 -9.990e-29
 123.424606      9.011    11.6347  31.052078    26.6815      8.930  281.26985  281.35708   104.7117    14.2729 -9.990e-29
 123.424609      9.027    11.6338  31.052078    26.6821      8.946  281.27402  281.36119   104.8829    14.2972 -9.990e-29
 123.424612      9.051    11.6328  31.055107    26.6873      8.970  281.27315  281.36020   104.9607    14.4226 -9.990e-29
 123.424615      9.087    11.6315  31.055793    26.6870      9.006  281.27796  281.36492   104.7895    14.4185 0.0000e+00
 123.424618      9.122    11.6305  31.054422    26.6868      9.040  281.28504  281.37194   105.0696    14.4428 0.0000e+00
 123.424621      9.168    11.6304  31.054422    26.6868      9.086  281.28571  281.37260   104.9296    14.4185 0.0000e+00
 123.424624      9.217    11.6304  31.056765    26.6890      9.134  281.28134  281.36821   114.6416    14.3740 0.0000e+00
 123.424627      9.272    11.6297  31.061565    26.6940      9.189  281.27524  281.36201   114.5949    14.3983 0.0000e+00
 123.424630      9.324    11.6276  31.069567    26.7031      9.241  281.27016  281.35668   114.7194    14.3983 0.0000e+00
 123.424633      9.366    11.6238  31.074768    26.7069      9.283  281.27800  281.36419   114.6416    14.3821 0.0000e+00
 123.424635      9.409    11.6199  31.081571    26.7107      9.324  281.28346  281.36930   114.6572    14.3902 -9.990e-29
 123.424638      9.434    11.6155  31.088145    26.7294      9.350  281.29157  281.37703   113.6611    14.5358 -9.990e-29
 123.424641      9.454    11.6107  31.091633    26.7362      9.370  281.30740  281.39247   113.7389    14.5398 -9.990e-29
 123.424644      9.458    11.6070  31.092834    26.7400      9.373  281.32207  281.40687   113.7078    14.5600 -9.990e-29
 123.424647      9.451    11.6045  31.084888    26.7342      9.366  281.34852  281.43323   113.7389    14.5277 -9.990e-29
 123.424650      9.447    11.6053  31.072827    26.7222      9.363  281.36768  281.45259   103.9179    14.4185 -9.990e-29
 123.424653      9.449    11.6102  31.067968    26.7141      9.364  281.35413  281.43943   103.8401    14.3983 -9.990e-29
 123.424656      9.466    11.6149  31.069511    26.7122      9.381  281.32950  281.41512   103.8089    14.4428 -9.990e-29
 123.424659      9.489    11.6177  31.071854    26.7116      9.404  281.31201  281.39780   103.9646    14.4064 -9.990e-29
 123.424661      9.526    11.6184  31.071683    26.7101      9.440  281.30884  281.39469   104.8829    14.2689 0.0000e+00
 123.424664      9.562    11.6184  31.068368    26.7085      9.476  281.31541  281.40130   104.7895    14.2851 0.0000e+00
 123.424667      9.600    11.6195  31.066025    26.7054      9.514  281.31441  281.40040   104.8829    14.2770 0.0000e+00
 123.424670      9.637    11.6209  31.063910    26.7024      9.551  281.31201  281.39813   104.9607    14.3134 0.0000e+00
 123.424673      9.668    11.6225  31.061967    26.7009      9.581  281.30833  281.39458   108.8829    14.3538 0.0000e+00
 123.424676      9.694    11.6240  31.061396    26.6994      9.607  281.30239  281.38876   108.9140    14.3498 -9.990e-29
 123.424679      9.708    11.6253  31.061224    26.6967      9.621  281.29665  281.38311   109.0229    14.3659 -9.990e-29
 123.424682      9.714    11.6257  31.061967    26.6971      9.627  281.29334  281.37982   108.7272    14.3498 -9.990e-29
 123.424685      9.710    11.6261  31.062824    26.6977      9.623  281.29012  281.37662   108.8673    14.3740 -9.990e-29
 123.424688      9.715    11.6258  31.065453    26.7003      9.628  281.28647  281.37291   110.9840    14.4226 -9.990e-29
 123.424690      9.719    11.6245  31.067625    26.7033      9.632  281.28846  281.37479   111.1552    14.4589 -9.990e-29
 123.424693      9.741    11.6232  31.070140    26.7108      9.653  281.28983  281.37604   110.9218    14.4428 -9.990e-29
 123.424696      9.777    11.6213  31.073055    26.7131      9.690  281.29333  281.37936   110.9529    14.4145 0.0000e+00
 123.424699      9.832    11.6192  31.076313    26.7154      9.744  281.29683  281.38268   116.6961    14.6935 0.0000e+00
 123.424702      9.899    11.6169  31.081401    26.7219      9.811  281.29818  281.38381   116.8050    14.6571 0.0000e+00
 123.424705      9.972    11.6140  31.084260    26.7266      9.883  281.30596  281.39136   116.6961    14.6733 0.0000e+00
 123.424708     10.035    11.6111  31.089519    26.7336      9.945  281.30954  281.39467   116.7272    14.6692 0.0000e+00
 123.424711     10.089    11.6078  31.095122    26.7413      9.999  281.31437  281.39921   116.4004    14.4872 0.0000e+00
 123.424714     10.132    11.6038  31.101755    26.7459     10.041  281.32046  281.40493   116.4471    14.4872 0.0000e+00
 123.424716     10.157    11.5995  31.105243    26.7505     10.066  281.33404  281.41816   116.3226    14.4994 -9.990e-29
 123.424719     10.161    11.5952  31.107131    26.7618     10.070  281.35061  281.43441   116.4471    14.4872 -9.990e-29
 123.424722     10.150    11.5926  31.108503    26.7650     10.059  281.36015  281.44375   118.7506    14.2972 -9.990e-29
 123.424725     10.130    11.5906  31.108332    26.7662     10.039  281.36940  281.45286   118.5794    14.3255 -9.990e-29
 123.424728     10.104    11.5895  31.107188    26.7660     10.014  281.37697  281.46036   118.6105    14.3295 -9.990e-29
 123.424731     10.088    11.5890  31.107531    26.7666      9.997  281.37823  281.46158   118.6261    14.3659 -9.990e-29
 123.424734     10.088    11.5888  31.106388    26.7657      9.997  281.38134  281.46469   118.4860    14.3498 -9.990e-29
 123.424737     10.100    11.5888  31.106960    26.7662     10.010  281.38027  281.46362   118.1280    14.4872 -9.990e-29
 123.424740     10.130    11.5889  31.108561    26.7708     10.039  281.37696  281.46029   118.1436    14.4872 -9.990e-29
 123.424742     10.172    11.5884  31.111420    26.7713     10.081  281.37384  281.45711   118.2681    14.4872 0.0000e+00
 123.424745     10.221    11.5872  31.111649    26.7718     10.129  281.37919  281.46237   118.1591    14.4711 0.0000e+00
 123.424748     10.269    11.5862  31.112793    26.7737     10.177  281.38186  281.46495   118.6416    14.6611 0.0000e+00
 123.424751     10.308    11.5851  31.113022    26.7743     10.216  281.38625  281.46926   118.6105    14.6854 0.0000e+00
 123.424754     10.349    11.5844  31.112222    26.7746     10.256  281.39097  281.47395   118.7350    14.6571 0.0000e+00
 123.424757     10.383    11.5844  31.112851    26.7750     10.290  281.39013  281.47309   118.6727    14.7096 0.0000e+00
 123.424760     10.418    11.5842  31.114338    26.7765     10.324  281.38799  281.47093   117.9257    14.7380 0.0000e+00
 123.424763     10.451    11.5837  31.114738    26.7772     10.357  281.38950  281.47240   117.8478    14.7016 0.0000e+00
 123.424766     10.480    11.5831  31.116511    26.7793     10.386  281.38905  281.47189   117.8634    14.7218 0.0000e+00
 123.424769     10.514    11.5827  31.116282    26.7793     10.420  281.39142  281.47423   117.9101    14.7460 0.0000e+00
 123.424771     10.546    11.5824  31.114167    26.7776     10.451  281.39703  281.47983   120.4782    14.6894 0.0000e+00
 123.424774     10.586    11.5825  31.112222    26.7756     10.491  281.40008  281.48291   120.3848    14.6611 0.0000e+00
