Processed/SBE19plus_01907321_2022_05_06_Cast50_wfilter.cnv
* Sea-Bird SBE19plus  Data File:
* FileName = E:\Prandtl Daten\2022\CTD\Raw\SBE19plus_01907321_2022_05_06_Cast50.hex
* Software version 2.6.1.12
* Temperature SN = 7321
* Conductivity SN = 7321
* System UpLoad Time = May 06 2022 11:46:47
* <ApplicationData>
* <Seaterm232>
** Messpraktikum 2022
** CTD 06.05 MP4
** NMEA Latitude = 54 03.258 N
** NMEA Longitude = 008 43.758 E
# nquan = 11
# nvalues = 262                         
# units = specified
# name 0 = timeJ: Julian Days
# name 1 = prdM: Pressure, Strain Gauge [db]
# name 2 = tv290C: Temperature [ITS-90, deg C]
# name 3 = c0mS/cm: Conductivity [mS/cm]
# name 4 = sal00: Salinity, Practical [PSU]
# name 5 = depSM: Depth [salt water, m], lat = 54.00
# name 6 = oxsatMm/Kg: Oxygen Saturation, Weiss [umol/kg]
# name 7 = oxsolMm/Kg: Oxygen Saturation, Garcia & Gordon [umol/kg]
# name 8 = turbWETntu0: Turbidity, WET Labs ECO [NTU]
# name 9 = flECO-AFL: Fluorescence, WET Labs ECO-AFL/FL [mg/m^3]
# name 10 = flag:  0.000e+00
# span 0 = 126.487896, 126.488652       
# span 1 =      0.365,      6.968       
# span 2 =    12.5811,    12.7871       
# span 3 =  31.943464,  32.170492       
# span 4 =    26.8416,    26.9214       
# span 5 =      0.362,      6.905       
# span 6 =  274.01580,  275.32292       
# span 7 =  274.16940,  275.46534       
# span 8 =    34.4548,   154.9840       
# span 9 =     9.8573,    12.8617       
# span 10 = 0.0000e+00, 0.0000e+00      
# interval = seconds: 0.25
# start_time = May 06 2022 11:41:25 [Instrument's time stamp, header]
# bad_flag = -9.990e-29
*END*
[from data line 132]
 126.488278      3.698    12.6154  32.002168    26.8739      3.665  275.06901  275.21303    54.3303    11.7821 -9.990e-29
 126.488281      3.718    12.6129  32.000549    26.8742      3.685  275.08299  275.22687    54.0813    11.8063 -9.990e-29
 126.488284      3.742    12.6109  32.000318    26.8752      3.709  275.09229  275.23603    54.1747    11.7578 -9.990e-29
 126.488287      3.768    12.6096  31.999162    26.8756      3.734  275.10039  275.24405    53.3654    11.8993 0.0000e+00
 126.488290      3.799    12.6086  31.999336    26.8757      3.765  275.10421  275.24782    53.3654    11.9357 0.0000e+00
 126.488293      3.828    12.6078  31.998353    26.8760      3.794  275.10979  275.25334    53.2097    11.9155 0.0000e+00
 126.488296      3.861    12.6071  31.998122    26.8760      3.826  275.11339  275.25690    53.1941    11.9357 0.0000e+00
 126.488299      3.894    12.6067  31.998758    26.8768      3.859  275.11386  275.25734    53.2253    11.9034 0.0000e+00
 126.488302      3.930    12.6064  31.999337    26.8769      3.895  275.11443  275.25789    53.6766    11.9317 0.0000e+00
 126.488304      3.959    12.6063  31.998527    26.8769      3.924  275.11621  275.25967    53.5366    11.9074 0.0000e+00
 126.488307      3.987    12.6062  31.996331    26.8749      3.951  275.12047  275.26394    53.6455    11.9034 0.0000e+00
 126.488310      4.016    12.6056  31.994365    26.8742      3.980  275.12685  275.27030    53.6455    11.8912 0.0000e+00
 126.488313      4.043    12.6043  31.992920    26.8735      4.007  275.13515  275.27853    54.3770    12.0085 -9.990e-29
 126.488316      4.063    12.6032  31.993325    26.8742      4.027  275.13919  275.28250    54.0346    11.9600 -9.990e-29
 126.488319      4.078    12.6022  31.992921    26.8746      4.042  275.14435  275.28760    54.4237    11.9802 -9.990e-29
 126.488322      4.100    12.6015  31.991302    26.8736      4.063  275.15043  275.29364    54.2992    12.0247 -9.990e-29
 126.488325      4.120    12.6007  31.990898    26.8738      4.083  275.15496  275.29813    54.8284    11.8346 -9.990e-29
 126.488328      4.144    12.5998  31.990089    26.8740      4.107  275.16022  275.30334    54.8128    11.8872 -9.990e-29
 126.488330      4.177    12.5993  31.990089    26.8742      4.139  275.16278  275.30586    54.8284    11.8872 0.0000e+00
 126.488333      4.204    12.5986  31.989916    26.8740      4.166  275.16596  275.30899    54.5638    11.8953 0.0000e+00
 126.488336      4.235    12.5984  31.988933    26.8743      4.197  275.16868  275.31172    53.9257    12.0085 0.0000e+00
 126.488339      4.271    12.5979  31.990320    26.8744      4.233  275.16844  275.31143    54.1124    12.0045 0.0000e+00
 126.488342      4.301    12.5980  31.990089    26.8752      4.262  275.16824  275.31124    53.9724    12.0408 -9.990e-29
 126.488345      4.326    12.5980  31.990378    26.8747      4.287  275.16806  275.31105    54.0969    12.0732 -9.990e-29
 126.488348      4.357    12.5980  31.989916    26.8747      4.318  275.16859  275.31159    54.0346    12.0287 0.0000e+00
 126.488351      4.385    12.5980  31.989916    26.8747      4.345  275.16861  275.31161    55.9334    12.2552 -9.990e-29
 126.488354      4.405    12.5979  31.989338    26.8742      4.365  275.17029  275.31328    56.0268    12.2754 -9.990e-29
 126.488356      4.425    12.5975  31.988702    26.8739      4.385  275.17334  275.31631    55.9646    12.2713 -9.990e-29
 126.488359      4.445    12.5971  31.985928    26.8718      4.405  275.18021  275.32318    56.0735    12.3118 -9.990e-29
 126.488362      4.472    12.5963  31.985524    26.8717      4.432  275.18411  275.32704    59.6377    12.2673 0.0000e+00
 126.488365      4.498    12.5953  31.984483    26.8716      4.457  275.19042  275.33330    59.7155    12.2511 0.0000e+00
 126.488368      4.529    12.5944  31.983906    26.8715      4.488  275.19591  275.33873    59.9334    12.2390 0.0000e+00
 126.488371      4.561    12.5936  31.982923    26.8712      4.521  275.20085  275.34363    59.8712    12.2754 0.0000e+00
 126.488374      4.594    12.5927  31.980496    26.8696      4.553  275.20933  275.35207    60.3381    12.3886 0.0000e+00
 126.488377      4.627    12.5916  31.978878    26.8689      4.586  275.21731  275.35999    60.1513    12.3482 0.0000e+00
 126.488380      4.662    12.5905  31.977375    26.8689      4.620  275.22477  275.36740    60.0424    12.3805 0.0000e+00
 126.488383      4.687    12.5896  31.979514    26.8702      4.646  275.22508  275.36763    60.1358    12.4088 0.0000e+00
 126.488385      4.717    12.5889  31.978300    26.8706      4.675  275.23012  275.37264    61.3031    12.3118 0.0000e+00
 126.488388      4.746    12.5887  31.977896    26.8702      4.703  275.23213  275.37463    61.2408    12.3239 -9.990e-29
 126.488391      4.768    12.5884  31.977896    26.8702      4.725  275.23341  275.37590    61.4743    12.3118 -9.990e-29
 126.488394      4.790    12.5882  31.976913    26.8695      4.747  275.23613  275.37861    61.5521    12.3279 -9.990e-29
 126.488397      4.810    12.5878  31.977318    26.8701      4.767  275.23701  275.37946    61.3654    12.2673 -9.990e-29
 126.488400      4.834    12.5875  31.977492    26.8705      4.790  275.23830  275.38072    56.3381    12.0530 -9.990e-29
 126.488403      4.852    12.5872  31.978070    26.8706      4.808  275.23822  275.38063    56.6027    12.0894 -9.990e-29
 126.488406      4.887    12.5872  31.977492    26.8706      4.843  275.23928  275.38169    56.5405    12.0692 0.0000e+00
 126.488409      4.916    12.5873  31.977492    26.8706      4.872  275.23898  275.38140    56.6183    12.0611 0.0000e+00
 126.488411      4.949    12.5872  31.977319    26.8704      4.904  275.23963  275.38205    58.0346    12.2916 0.0000e+00
 126.488414      4.978    12.5873  31.977319    26.8704      4.933  275.23933  275.38175    57.6299    12.2592 0.0000e+00
 126.488417      5.014    12.5871  31.977203    26.8704      4.970  275.24051  275.38292    57.8945    12.2754 0.0000e+00
 126.488420      5.040    12.5869  31.976279    26.8704      4.995  275.24313  275.38554    57.8167    12.2916 0.0000e+00
 126.488423      5.073    12.5867  31.977088    26.8701      5.027  275.24234  275.38473    55.7467    12.1824 0.0000e+00
 126.488426      5.100    12.5867  31.976915    26.8705      5.055  275.24267  275.38506    55.5755    12.2147 -9.990e-29
 126.488429      5.124    12.5866  31.978302    26.8718      5.078  275.24084  275.38320    55.4354    12.1541 -9.990e-29
 126.488432      5.146    12.5867  31.977897    26.8713      5.100  275.24094  275.38332    55.5599    12.2228 -9.990e-29
 126.488435      5.166    12.5868  31.977319    26.8707      5.119  275.24167  275.38406    57.0385    12.2835 -9.990e-29
 126.488438      5.187    12.5866  31.977724    26.8706      5.141  275.24191  275.38428    57.3498    12.3522 -9.990e-29
 126.488440      5.213    12.5864  31.976915    26.8705      5.166  275.24433  275.38669    57.2408    12.3522 0.0000e+00
 126.488443      5.238    12.5864  31.976684    26.8706      5.192  275.24476  275.38712    57.1630    12.3118 0.0000e+00
 126.488446      5.268    12.5862  31.977320    26.8705      5.220  275.24459  275.38694    57.2097    12.3360 0.0000e+00
 126.488449      5.299    12.5862  31.976684    26.8705      5.251  275.24575  275.38810    58.8906    12.3118 0.0000e+00
 126.488452      5.332    12.5860  31.975471    26.8695      5.284  275.24857  275.39092    58.7973    12.2713 0.0000e+00
 126.488455      5.361    12.5855  31.975066    26.8695      5.313  275.25185  275.39417    58.7973    12.2794 0.0000e+00
 126.488458      5.392    12.5853  31.974893    26.8695      5.343  275.25313  275.39544    58.8440    12.2390 0.0000e+00
 126.488461      5.424    12.5852  31.975297    26.8697      5.376  275.25274  275.39504    55.9334    12.3967 0.0000e+00
 126.488464      5.450    12.5848  31.974315    26.8699      5.401  275.25641  275.39870    56.1047    12.3724 -9.990e-29
 126.488466      5.475    12.5847  31.975067    26.8700      5.426  275.25540  275.39768    55.9490    12.4290 -9.990e-29
 126.488469      5.497    12.5845  31.975298    26.8704      5.448  275.25596  275.39821    55.9334    12.3482 -9.990e-29
 126.488472      5.517    12.5844  31.975702    26.8708      5.468  275.25556  275.39781    56.6961    12.1945 -9.990e-29
 126.488475      5.534    12.5845  31.974720    26.8698      5.484  275.25701  275.39927    56.6961    12.1298 -9.990e-29
 126.488478      5.556    12.5848  31.975876    26.8705      5.506  275.25369  275.39596    56.6338    12.1379 -9.990e-29
 126.488481      5.583    12.5850  31.975876    26.8706      5.533  275.25244  275.39473    56.5716    12.1702 0.0000e+00
 126.488484      5.612    12.5853  31.976281    26.8705      5.562  275.25079  275.39309    57.3187    12.3360 0.0000e+00
 126.488487      5.640    12.5853  31.975298    26.8705      5.589  275.25225  275.39456    57.3342    12.2956 0.0000e+00
 126.488490      5.672    12.5854  31.976223    26.8705      5.622  275.25030  275.39261    57.2408    12.3279 0.0000e+00
 126.488492      5.707    12.5853  31.976107    26.8705      5.656  275.25116  275.39346    57.2564    12.2956 0.0000e+00
 126.488495      5.738    12.5854  31.975876    26.8702      5.687  275.25096  275.39327    57.3809    12.3077 0.0000e+00
 126.488498      5.767    12.5853  31.975876    26.8702      5.716  275.25161  275.39392    59.2953    12.3320 0.0000e+00
 126.488501      5.800    12.5852  31.976281    26.8702      5.748  275.25123  275.39352    59.5755    12.3805 0.0000e+00
 126.488504      5.826    12.5852  31.975472    26.8703      5.773  275.25269  275.39499    59.4043    12.3805 0.0000e+00
 126.488507      5.851    12.5853  31.974721    26.8699      5.799  275.25373  275.39605    59.1241    12.3320 -9.990e-29
 126.488510      5.871    12.5853  31.974894    26.8693      5.818  275.25344  275.39575    60.4938    12.4088 -9.990e-29
 126.488513      5.889    12.5853  31.975472    26.8698      5.837  275.25242  275.39472    60.4004    12.3886 -9.990e-29
 126.488516      5.915    12.5856  31.975299    26.8694      5.862  275.25116  275.39349    60.3070    12.3846 -9.990e-29
 126.488519      5.937    12.5858  31.975877    26.8698      5.884  275.24919  275.39153    60.3070    12.3886 -9.990e-29
 126.488521      5.962    12.5860  31.975877    26.8698      5.909  275.24826  275.39061    61.1786    12.4654 -9.990e-29
 126.488524      5.993    12.5858  31.975877    26.8690      5.940  275.24923  275.39157    61.2097    12.4371 0.0000e+00
 126.488527      6.028    12.5860  31.974317    26.8684      5.974  275.25140  275.39377    61.1941    12.4614 0.0000e+00
 126.488530      6.059    12.5862  31.974721    26.8684      6.005  275.24975  275.39213    61.1319    12.4614 0.0000e+00
 126.488533      6.088    12.5860  31.976282    26.8700      6.034  275.24762  275.38997    55.1085    12.2875 0.0000e+00
 126.488536      6.116    12.5863  31.976918    26.8703      6.061  275.24523  275.38759    55.0619    12.3118 0.0000e+00
 126.488539      6.147    12.5865  31.977900    26.8707      6.092  275.24254  275.38491    55.2019    12.2835 0.0000e+00
 126.488542      6.176    12.5871  31.978710    26.8711      6.120  275.23858  275.38098    55.2019    12.3279 -9.990e-29
 126.488545      6.199    12.5874  31.978074    26.8706      6.144  275.23847  275.38089    55.1085    12.3118 -9.990e-29
 126.488547      6.223    12.5879  31.978305    26.8705      6.168  275.23585  275.37830    60.4004    12.3441 -9.990e-29
 126.488550      6.238    12.5881  31.978710    26.8707      6.182  275.23419  275.37665    60.4471    12.4209 -9.990e-29
 126.488553      6.260    12.5881  31.978074    26.8694      6.204  275.23534  275.37781    60.5405    12.3724 -9.990e-29
 126.488556      6.287    12.5878  31.977091    26.8692      6.231  275.23838  275.38084    60.4315    12.3805 0.0000e+00
 126.488559      6.318    12.5876  31.976514    26.8690      6.262  275.24038  275.38283    60.8673    12.2511 0.0000e+00
 126.488562      6.349    12.5872  31.975878    26.8687      6.292  275.24344  275.38587    60.9607    12.2552 0.0000e+00
 126.488565      6.387    12.5869  31.975069    26.8681      6.330  275.24618  275.38860    61.2097    12.2511 0.0000e+00
 126.488568      6.422    12.5865  31.974318    26.8681      6.365  275.24913  275.39153    60.8984    12.2673 0.0000e+00
 126.488571      6.451    12.5862  31.975301    26.8688      6.393  275.24866  275.39103    60.6650    12.5180 0.0000e+00
 126.488573      6.484    12.5860  31.976110    26.8697      6.426  275.24850  275.39085    60.8362    12.5140 0.0000e+00
 126.488576      6.517    12.5862  31.976514    26.8697      6.459  275.24653  275.38889    60.8206    12.4937 0.0000e+00
 126.488579      6.550    12.5865  31.975705    26.8695      6.491  275.24705  275.38943    61.0074    12.5180 0.0000e+00
 126.488582      6.575    12.5865  31.975474    26.8690      6.516  275.24716  275.38955    71.3420    12.7566 -9.990e-29
 126.488585      6.599    12.5865  31.976110    26.8693      6.540  275.24604  275.38843    71.5755    12.7727 -9.990e-29
 126.488588      6.625    12.5865  31.975301    26.8686      6.565  275.24782  275.39021    71.4821    12.7485 -9.990e-29
 126.488591      6.643    12.5863  31.974723    26.8681      6.583  275.24950  275.39188    71.5910    12.7606 -9.990e-29
 126.488594      6.670    12.5860  31.974492    26.8681      6.610  275.25120  275.39357    71.3264    12.7970 -9.990e-29
 126.488597      6.694    12.5860  31.973914    26.8663      6.634  275.25256  275.39493    80.6338    12.5665 -9.990e-29
 126.488600      6.727    12.5858  31.972412    26.8659      6.666  275.25622  275.39859    80.7739    12.5948 0.0000e+00
 126.488602      6.754    12.5858  31.971487    26.8655      6.694  275.25789  275.40027    80.7428    12.5827 0.0000e+00
 126.488605      6.787    12.5857  31.971487    26.8655      6.726  275.25823  275.40060    80.5405    12.5706 0.0000e+00
 126.488608      6.822    12.5855  31.970505    26.8647      6.761  275.26096  275.40333    79.0619    12.8536 0.0000e+00
 126.488611      6.854    12.5855  31.968887    26.8632      6.793  275.26355  275.40594    79.2019    12.8213 0.0000e+00
 126.488614      6.884    12.5853  31.968483    26.8632      6.822  275.26524  275.40763    79.2331    12.8617 0.0000e+00
 126.488617      6.917    12.5850  31.968714    26.8631      6.855  275.26612  275.40848    79.0774    12.8051 0.0000e+00
 126.488620      6.942    12.5848  31.967269    26.8633      6.880  275.26967  275.41203   105.1941    12.4412 -9.990e-29
 126.488623      6.955    12.5843  31.965073    26.8605      6.893  275.27582  275.41817   105.1163    12.4493 -9.990e-29
 126.488626      6.953    12.5839  31.955250    26.8516      6.891  275.29528  275.43770   105.1475    12.4695 -9.990e-29
 126.488628      6.959    12.5830  31.948490    26.8460      6.896  275.31149  275.45391   105.1163    12.4573 -9.990e-29
 126.488631      6.960    12.5826  31.943464    26.8416      6.898  275.32206  275.46451   129.0229    12.4735 -9.990e-29
 126.488634      6.960    12.5823  31.943869    26.8422      6.898  275.32292  275.46534   154.8440    10.7226 -9.990e-29
 126.488637      6.964    12.5821  31.945544    26.8439      6.901  275.32088  275.46327   154.9840    10.7186 -9.990e-29
 126.488640      6.962    12.5817  31.952477    26.8506      6.900  275.31007  275.45237   154.7973    10.6822 -9.990e-29
 126.488643      6.964    12.5816  31.953286    26.8515      6.902  275.30926  275.45154   154.8440    10.7388 -9.990e-29
 126.488646      6.966    12.5814  31.953690    26.8520      6.903  275.30917  275.45144   147.9334    11.1270 -9.990e-29
 126.488649      6.964    12.5811  31.954673    26.8531      6.902  275.30868  275.45092   148.0268    11.0865 -9.990e-29
 126.488652      6.968    12.5811  31.953055    26.8516      6.905  275.31189  275.45414   147.7934    11.0987 -9.990e-29
