Processed/SBE19plus_01907321_2022_05_09_Cast103_wfilter.cnv
* Sea-Bird SBE19plus  Data File:
* FileName = E:\Prandtl_Daten\2022\CTD\Raw\SBE19plus_01907321_2022_05_09_Cast103.hex
* Software version 2.6.1.12
* Temperature SN = 7321
* Conductivity SN = 7321
* System UpLoad Time = May 09 2022 13:36:02
* <ApplicationData>
* <Seaterm232>
** Messpraktikum 2022
** CTD 09.05  BW2
** NMEA Latitude = 54 07 998N
** NMEA Longitude = 008 45 150E
# nquan = 11
# nvalues = 515                         
# units = specified
# name 0 = timeJ: Julian Days
# name 1 = prdM: Pressure, Strain Gauge [db]
# name 2 = tv290C: Temperature [ITS-90, deg C]
# name 3 = c0mS/cm: Conductivity [mS/cm]
# name 4 = sal00: Salinity, Practical [PSU]
# name 5 = depSM: Depth [salt water, m], lat = 54.00
# name 6 = oxsatMm/Kg: Oxygen Saturation, Weiss [umol/kg]
# name 7 = oxsolMm/Kg: Oxygen Saturation, Garcia & Gordon [umol/kg]
# name 8 = turbWETntu0: Turbidity, WET Labs ECO [NTU]
# name 9 = flECO-AFL: Fluorescence, WET Labs ECO-AFL/FL [mg/m^3]
# name 10 = flag:  0.000e+00
# span 0 = 129.561861, 129.563348       
# span 1 =      0.505,     13.671       
# span 2 =    13.2435,    14.3945       
# span 3 =  32.692559,  33.617947       
# span 4 =    26.8875,    27.1504       
# span 5 =      0.500,     13.548       
# span 6 =  264.67306,  271.09678       
# span 7 =  264.91227,  271.27470       
# span 8 =    -1.7164,    14.0502       
# span 9 =     1.0866,     5.5144       
# span 10 = 0.0000e+00, 0.0000e+00      
# interval = seconds: 0.25
# start_time = May 09 2022 13:27:29 [Instrument's time stamp, header]
# bad_flag = -9.990e-29
*END*
[from data line 263]
 129.562622      7.431    13.2516  32.714367    27.0776      7.365  271.02879  271.20702     4.0268     3.9293 -9.990e-29
 129.562624      7.456    13.2524  32.716000    27.0776      7.390  271.02253  271.20080     4.1513     3.8606 0.0000e+00
 129.562627      7.482    13.2533  32.717516    27.0776      7.415  271.01616  271.19446     4.0424     3.8767 -9.990e-29
 129.562630      7.506    13.2538  32.718683    27.0791      7.439  271.01196  271.19029     3.9957     3.9131 -9.990e-29
 129.562633      7.530    13.2543  32.722415    27.0822      7.462  271.00365  271.18197     4.9607     3.7473 -9.990e-29
 129.562636      7.555    13.2554  32.724048    27.0854      7.487  270.99582  271.17419     4.9762     3.7150 -9.990e-29
 129.562639      7.586    13.2564  32.727664    27.0862      7.518  270.98519  271.16360     5.1630     3.7352 0.0000e+00
 129.562642      7.617    13.2578  32.730405    27.0869      7.549  270.97451  271.15298     5.2875     3.7756 0.0000e+00
 129.562645      7.648    13.2594  32.734137    27.0880      7.580  270.96117  271.13971     5.0229     3.4238 0.0000e+00
 129.562648      7.677    13.2609  32.733962    27.0880      7.608  270.95521  271.13384     4.9296     3.5209 0.0000e+00
 129.562650      7.705    13.2618  32.733496    27.0875      7.636  270.95195  271.13064     5.1008     3.4643 0.0000e+00
 129.562653      7.730    13.2622  32.732096    27.0869      7.661  270.95281  271.13154     5.0696     3.4522 -9.990e-29
 129.562656      7.752    13.2622  32.730638    27.0840      7.683  270.95503  271.13377     4.4626     3.5047 -9.990e-29
 129.562659      7.776    13.2618  32.731221    27.0848      7.706  270.95592  271.13464     4.6027     3.5290 -9.990e-29
 129.562662      7.794    13.2615  32.735363    27.0907      7.724  270.95004  271.12870     4.6027     3.5896 -9.990e-29
 129.562665      7.823    13.2620  32.737812    27.0914      7.753  270.94363  271.12230     4.5871     3.5371 0.0000e+00
 129.562668      7.850    13.2632  32.740437    27.0922      7.780  270.93409  271.11281     5.3342     3.6907 0.0000e+00
 129.562671      7.877    13.2646  32.742362    27.0925      7.807  270.92450  271.10330     5.1941     3.8161 0.0000e+00
 129.562674      7.907    13.2661  32.742770    27.0929      7.836  270.91754  271.09642     5.2875     3.7959 -9.990e-29
 129.562677      7.927    13.2673  32.745453    27.0933      7.856  270.90758  271.08651     5.1786     3.8403 -9.990e-29
 129.562679      7.956    13.2684  32.745745    27.0934      7.885  270.90238  271.08138     5.2720     3.7878 0.0000e+00
 129.562682      7.983    13.2693  32.746678    27.0935      7.912  270.89702  271.07607     5.7700     3.9414 0.0000e+00
 129.562685      8.009    13.2701  32.747729    27.0937      7.937  270.89177  271.07086     5.7078     3.8848 0.0000e+00
 129.562688      8.038    13.2707  32.746912    27.0939      7.966  270.89068  271.06981     5.7545     3.9172 -9.990e-29
 129.562691      8.060    13.2709  32.747495    27.0931      7.988  270.88875  271.06789     5.7700     3.9819 -9.990e-29
 129.562694      8.085    13.2711  32.746270    27.0918      8.013  270.88993  271.06910     5.2720     3.9617 -9.990e-29
 129.562697      8.109    13.2710  32.745045    27.0908      8.036  270.89269  271.07186     5.2720     3.9536 -9.990e-29
 129.562700      8.125    13.2710  32.746504    27.0915      8.053  270.89018  271.06934     5.2097     3.9576 -9.990e-29
 129.562703      8.153    13.2715  32.746270    27.0920      8.080  270.88809  271.06728     5.1786     4.0304 0.0000e+00
 129.562705      8.186    13.2712  32.747087    27.0925      8.113  270.88827  271.06744     5.5833     3.9414 0.0000e+00
 129.562708      8.215    13.2709  32.747729    27.0931      8.141  270.88844  271.06758     5.5988     3.9778 0.0000e+00
 129.562711      8.250    13.2711  32.747671    27.0931      8.176  270.88762  271.06678     5.6922     3.9010 0.0000e+00
 129.562714      8.281    13.2710  32.746913    27.0931      8.207  270.88926  271.06842     5.6144     3.9697 0.0000e+00
 129.562717      8.310    13.2708  32.747904    27.0935      8.236  270.88851  271.06765     4.1980     3.9657 0.0000e+00
 129.562720      8.341    13.2710  32.748488    27.0935      8.266  270.88658  271.06573     3.8712     3.6099 0.0000e+00
 129.562723      8.370    13.2712  32.746271    27.0928      8.295  270.88980  271.06897     3.9646     3.6139 0.0000e+00
 129.562726      8.403    13.2707  32.743413    27.0917      8.328  270.89663  271.07580     4.1513     3.6058 -9.990e-29
 129.562729      8.427    13.2702  32.739680    27.0863      8.351  270.90529  271.08446     4.0891     3.5977 -9.990e-29
 129.562731      8.454    13.2692  32.736705    27.0843      8.379  270.91484  271.09397     4.3692     3.7837 -9.990e-29
 129.562734      8.472    13.2676  32.735772    27.0846      8.397  270.92368  271.10272     4.1980     3.7554 -9.990e-29
 129.562737      8.487    13.2661  32.735597    27.0855      8.411  270.93028  271.10923     4.2603     3.7797 -9.990e-29
 129.562740      8.502    13.2654  32.735131    27.0856      8.426  270.93424  271.11314     4.5093     3.8403 -9.990e-29
 129.562743      8.524    13.2648  32.736006    27.0868      8.447  270.93525  271.11412     5.3187     3.6139 -9.990e-29
 129.562746      8.547    13.2651  32.736998    27.0875      8.471  270.93230  271.11117     5.1786     3.6705 -9.990e-29
 129.562749      8.571    13.2657  32.738048    27.0872      8.494  270.92768  271.10658     5.4120     3.6746 -9.990e-29
 129.562752      8.602    13.2666  32.737873    27.0849      8.525  270.92423  271.10319     5.3187     3.6584 0.0000e+00
 129.562755      8.635    13.2676  32.733731    27.0827      8.558  270.92699  271.10605     5.0696     3.6341 0.0000e+00
 129.562758      8.664    13.2671  32.733323    27.0826      8.586  270.92992  271.10895     4.9762     3.6826 0.0000e+00
 129.562760      8.695    13.2662  32.732507    27.0826      8.617  270.93543  271.11441     5.1163     3.6988 0.0000e+00
 129.562763      8.726    13.2657  32.733149    27.0834      8.648  270.93623  271.11518     5.0541     3.6341 0.0000e+00
 129.562766      8.755    13.2657  32.733090    27.0834      8.677  270.93666  271.11560     4.9140     3.6220 0.0000e+00
 129.562769      8.784    13.2657  32.732507    27.0834      8.706  270.93737  271.11633     4.7739     3.7756 -9.990e-29
 129.562772      8.808    13.2656  32.734957    27.0852      8.729  270.93379  271.11271     4.8362     3.8606 -9.990e-29
 129.562775      8.832    13.2660  32.734140    27.0842      8.753  270.93364  271.11259     4.7895     3.8080 -9.990e-29
 129.562778      8.852    13.2658  32.734724    27.0850      8.773  270.93328  271.11221     4.9607     3.8767 -9.990e-29
 129.562781      8.877    13.2655  32.734724    27.0849      8.798  270.93455  271.11347     5.4120     3.8848 0.0000e+00
 129.562784      8.906    13.2651  32.734141    27.0850      8.827  270.93746  271.11636     5.2253     3.8484 0.0000e+00
 129.562786      8.936    13.2652  32.734957    27.0848      8.856  270.93544  271.11434     5.2408     3.8403 0.0000e+00
 129.562789      8.967    13.2655  32.734316    27.0846      8.886  270.93531  271.11423     5.3342     3.8403 0.0000e+00
 129.562792      8.994    13.2660  32.734549    27.0845      8.913  270.93272  271.11168     4.8829     4.0061 0.0000e+00
 129.562795      9.021    13.2661  32.735774    27.0844      8.941  270.93031  271.10926     5.0229     3.9455 -9.990e-29
 129.562798      9.045    13.2660  32.736416    27.0866      8.964  270.92954  271.10847     5.1008     4.0385 -9.990e-29
 129.562801      9.072    13.2664  32.737232    27.0866      8.991  270.92657  271.10553     5.1475     4.0021 0.0000e+00
 129.562804      9.098    13.2667  32.737116    27.0866      9.016  270.92553  271.10451     4.6027     3.5411 -9.990e-29
 129.562807      9.123    13.2671  32.739099    27.0878      9.042  270.92024  271.09923     4.9762     3.5128 -9.990e-29
 129.562810      9.145    13.2675  32.739916    27.0883      9.063  270.91728  271.09628     4.6183     3.5290 -9.990e-29
 129.562813      9.169    13.2680  32.741141    27.0890      9.087  270.91298  271.09200     4.7895     3.5573 -9.990e-29
 129.562815      9.187    13.2686  32.742599    27.0899      9.105  270.90765  271.08669     4.9140     3.5290 -9.990e-29
 129.562818      9.207    13.2692  32.745457    27.0921      9.125  270.90021  271.07927     5.3498     4.0142 -9.990e-29
 129.562821      9.233    13.2700  32.749191    27.0949      9.150  270.89033  271.06941     5.2720     3.9617 -9.990e-29
 129.562824      9.256    13.2712  32.749249    27.0972      9.174  270.88522  271.06437     5.3342     3.9900 -9.990e-29
 129.562827      9.287    13.2721  32.753274    27.0970      9.204  270.87453  271.05370     5.2875     3.9374 0.0000e+00
 129.562830      9.318    13.2731  32.753683    27.0968      9.235  270.86913  271.04837     5.7545     3.8565 0.0000e+00
 129.562833      9.351    13.2741  32.753274    27.0957      9.268  270.86577  271.04507     5.8478     3.8444 0.0000e+00
 129.562836      9.382    13.2745  32.753391    27.0955      9.298  270.86371  271.04303     5.7078     3.8525 0.0000e+00
 129.562839      9.413    13.2747  32.752283    27.0944      9.329  270.86501  271.04435     5.8634     3.8565 0.0000e+00
 129.562841      9.443    13.2748  32.751816    27.0941      9.358  270.86521  271.04456     3.8868     3.4845 0.0000e+00
 129.562844      9.477    13.2748  32.749833    27.0938      9.393  270.86865  271.04802     4.1825     3.4643 -9.990e-29
 129.562847      9.501    13.2747  32.751641    27.0938      9.416  270.86617  271.04552     3.9023     3.4400 -9.990e-29
 129.562850      9.527    13.2746  32.753683    27.0957      9.442  270.86298  271.04231     4.2136     3.4360 -9.990e-29
 129.562853      9.551    13.2750  32.756775    27.0982      9.465  270.85609  271.03541     5.1630     3.7797 -9.990e-29
 129.562856      9.571    13.2758  32.761034    27.1015      9.485  270.84499  271.02433     5.2097     3.7716 -9.990e-29
 129.562859      9.593    13.2771  32.761501    27.1027      9.507  270.83886  271.01827     5.1786     3.8363 -9.990e-29
 129.562862      9.618    13.2779  32.764010    27.1028      9.532  270.83078  271.01022     5.2564     3.8161 0.0000e+00
 129.562865      9.644    13.2788  32.764944    27.1028      9.557  270.82542  271.00491     5.1630     3.8565 0.0000e+00
 129.562867      9.675    13.2797  32.766461    27.1029      9.588  270.81905  270.99858     5.5988     4.0304 -9.990e-29
 129.562870      9.700    13.2806  32.768094    27.1046      9.613  270.81248  270.99206     5.6299     4.0223 -9.990e-29
 129.562873      9.728    13.2814  32.772471    27.1080      9.640  270.80150  270.98108     5.5210     4.0668 -9.990e-29
 129.562876      9.751    13.2825  32.775155    27.1092      9.664  270.79186  270.97150     5.5521     4.0385 -9.990e-29
 129.562879      9.777    13.2842  32.775972    27.1106      9.689  270.78325  270.96298     5.1786     3.9536 0.0000e+00
 129.562882      9.804    13.2854  32.780057    27.1120      9.716  270.77089  270.95066     4.9762     3.9293 0.0000e+00
 129.562885      9.835    13.2867  32.782800    27.1136      9.747  270.76084  270.94067     5.0696     3.9253 0.0000e+00
 129.562888      9.862    13.2881  32.785251    27.1148      9.774  270.75035  270.93025     5.0852     3.9253 0.0000e+00
 129.562891      9.888    13.2895  32.788110    27.1156      9.799  270.73948  270.91943     5.6455     3.8201 0.0000e+00
 129.562894      9.915    13.2905  32.787935    27.1158      9.826  270.73540  270.91542     5.3965     3.8201 0.0000e+00
 129.562896      9.944    13.2910  32.788519    27.1158      9.855  270.73253  270.91257     5.6299     3.8929 0.0000e+00
 129.562899      9.977    13.2912  32.788752    27.1158      9.888  270.73120  270.91126     5.5521     3.8848 0.0000e+00
 129.562902     10.003    13.2915  32.791612    27.1182      9.913  270.72504  270.90509     5.6299     3.6786 0.0000e+00
 129.562905     10.032    13.2920  32.793597    27.1197      9.942  270.71944  270.89950     5.5833     3.6503 0.0000e+00
 129.562908     10.057    13.2929  32.795115    27.1200      9.967  270.71307  270.89318     5.5521     3.7069 0.0000e+00
 129.562911     10.085    13.2938  32.799025    27.1204      9.994  270.70227  270.88240     5.7078     3.6867 -9.990e-29
 129.562914     10.106    13.2947  32.798909    27.1244     10.016  270.69840  270.87859     5.4899     3.6462 -9.990e-29
 129.562917     10.132    13.2955  32.801535    27.1244     10.041  270.69076  270.87097     5.6299     3.8565 0.0000e+00
 129.562920     10.159    13.2961  32.801710    27.1244     10.068  270.68796  270.86821     5.6611     3.8646 -9.990e-29
 129.562922     10.178    13.2969  32.803170    27.1249     10.087  270.68201  270.86229     5.3498     3.8565 -9.990e-29
 129.562925     10.203    13.2974  32.804454    27.1257     10.112  270.67730  270.85761     5.4899     3.8646 -9.990e-29
 129.562928     10.225    13.2977  32.802995    27.1226     10.134  270.67888  270.85922     5.6922     3.8363 -9.990e-29
 129.562931     10.251    13.2974  32.801127    27.1232     10.159  270.68306  270.86340     5.5521     3.7716 0.0000e+00
 129.562934     10.276    13.2971  32.802236    27.1238     10.184  270.68242  270.86273     5.8634     3.7595 0.0000e+00
 129.562937     10.305    13.2968  32.803812    27.1255     10.213  270.68129  270.86157     5.8012     3.7878 0.0000e+00
 129.562940     10.333    13.2971  32.805213    27.1255     10.240  270.67733  270.85761     5.7856     3.5937 0.0000e+00
 129.562943     10.360    13.2977  32.803987    27.1250     10.267  270.67726  270.85759     5.7545     3.5492 0.0000e+00
 129.562946     10.391    13.2982  32.802878    27.1243     10.298  270.67668  270.85705     5.7233     3.5896 0.0000e+00
 129.562948     10.417    13.2981  32.803404    27.1236     10.323  270.67642  270.85678     5.8167     3.6220 -9.990e-29
 129.562951     10.438    13.2982  32.805447    27.1260     10.345  270.67260  270.85294     6.1747     3.7595 -9.990e-29
 129.562954     10.462    13.2988  32.807373    27.1273     10.369  270.66647  270.84684     6.0191     3.6988 -9.990e-29
 129.562957     10.484    13.2998  32.806906    27.1261     10.390  270.66289  270.84333     6.1280     3.7716 -9.990e-29
 129.562960     10.508    13.3009  32.804396    27.1229     10.414  270.66252  270.84305     5.9568     3.7352 -9.990e-29
 129.562963     10.535    13.3006  32.804046    27.1230     10.441  270.66440  270.84491     5.9724     3.7231 0.0000e+00
 129.562966     10.561    13.3001  32.803813    27.1231     10.466  270.66733  270.84781     5.3654     3.7676 0.0000e+00
 129.562969     10.590    13.2994  32.805214    27.1248     10.495  270.66776  270.84818     5.3498     3.8484 0.0000e+00
 129.562972     10.623    13.2993  32.806498    27.1260     10.528  270.66588  270.84629     5.2097     3.8120 0.0000e+00
 129.562975     10.656    13.2993  32.806615    27.1262     10.560  270.66601  270.84642     5.1163     3.8039 0.0000e+00
 129.562977     10.689    13.2993  32.806674    27.1262     10.593  270.66593  270.84634     5.7545     3.7797 0.0000e+00
 129.562980     10.723    13.2993  32.806265    27.1258     10.627  270.66635  270.84676     5.9101     3.8120 0.0000e+00
 129.562983     10.753    13.2995  32.806207    27.1257     10.656  270.66584  270.84626     5.6144     3.8161 0.0000e+00
 129.562986     10.778    13.2993  32.803171    27.1256     10.682  270.67171  270.85215     5.8945     3.8120 -9.990e-29
 129.562989     10.798    13.2984  32.801712    27.1223     10.701  270.67832  270.85871     6.5171     3.9819 -9.990e-29
 129.562992     10.820    13.2972  32.797568    27.1193     10.723  270.69049  270.87085     6.5949     3.9697 -9.990e-29
 129.562995     10.840    13.2961  32.795350    27.1181     10.743  270.69935  270.87965     6.4860     3.9900 -9.990e-29
