Processed/SBE19plus_01907321_2022_05_09_Cast104_wfilter.cnv
* Sea-Bird SBE19plus  Data File:
* FileName = E:\Prandtl_Daten\2022\CTD\Raw\SBE19plus_01907321_2022_05_09_Cast104.hex
* Software version 2.6.1.12
* Temperature SN = 7321
* Conductivity SN = 7321
* System UpLoad Time = May 09 2022 13:53:17
* <ApplicationData>
* <Seaterm232>
** Messpraktikum 2022
** CTD 09.05  BM
** NMEA Latitude = 54 07 838N
** NMEA Longitude = 008 47 148E
# nquan = 11
# nvalues = 513                         
# units = specified
# name 0 = timeJ: Julian Days
# name 1 = prdM: Pressure, Strain Gauge [db]
# name 2 = tv290C: Temperature [ITS-90, deg C]
# name 3 = c0mS/cm: Conductivity [mS/cm]
# name 4 = sal00: Salinity, Practical [PSU]
# name 5 = depSM: Depth [salt water, m], lat = 54.00
# name 6 = oxsatMm/Kg: Oxygen Saturation, Weiss [umol/kg]
# name 7 = oxsolMm/Kg: Oxygen Saturation, Garcia & Gordon [umol/kg]
# name 8 = turbWETntu0: Turbidity, WET Labs ECO [NTU]
# name 9 = flECO-AFL: Fluorescence, WET Labs ECO-AFL/FL [mg/m^3]
# name 10 = flag:  0.000e+00
# span 0 = 129.573605, 129.575087       
# span 1 =      0.493,     15.420       
# span 2 =    13.1314,    14.5070       
# span 3 =  32.621565,  33.654308       
# span 4 =    27.0053,    27.1251       
# span 5 =      0.489,     15.282       
# span 6 =  264.14874,  271.71590       
# span 7 =  264.39407,  271.88742       
# span 8 =    -1.0627,   290.4548       
# span 9 =     1.3535,    12.2835       
# span 10 = 0.0000e+00, 0.0000e+00      
# interval = seconds: 0.25
# start_time = May 09 2022 13:44:34 [Instrument's time stamp, header]
# bad_flag = -9.990e-29
*END*
[from data line 263]
 129.574366      8.240    13.1981  32.669604    27.0719      8.166  271.33870  271.51397     8.1669     5.1909 0.0000e+00
 129.574369      8.271    13.1952  32.664417    27.0727      8.197  271.36028  271.53541     8.1358     5.1747 0.0000e+00
 129.574372      8.307    13.1913  32.663485    27.0718      8.233  271.37890  271.55379     4.6805     4.3256 0.0000e+00
 129.574375      8.335    13.1879  32.663194    27.0727      8.260  271.39388  271.56857     4.7739     4.2973 -9.990e-29
 129.574378      8.360    13.1861  32.663195    27.0761      8.285  271.40176  271.57633     4.9140     4.3175 -9.990e-29
 129.574381      8.386    13.1847  32.661388    27.0754      8.310  271.41088  271.58538     4.8206     4.2892 -9.990e-29
 129.574384      8.404    13.1834  32.662904    27.0777      8.328  271.41424  271.58864     5.0074     4.2407 -9.990e-29
 129.574387      8.425    13.1829  32.664827    27.0781      8.350  271.41312  271.58747     5.0074     4.1719 -9.990e-29
 129.574389      8.455    13.1841  32.663836    27.0793      8.379  271.40951  271.58395     5.0541     4.1396 0.0000e+00
 129.574392      8.484    13.1850  32.667100    27.0804      8.408  271.39979  271.57425     5.0074     4.2083 0.0000e+00
 129.574395      8.511    13.1865  32.668965    27.0804      8.435  271.39029  271.56483     4.9296     4.2124 0.0000e+00
 129.574398      8.544    13.1884  32.668557    27.0793      8.468  271.38284  271.55750     4.5249     4.4995 0.0000e+00
 129.574401      8.579    13.1902  32.668964    27.0784      8.502  271.37430  271.54907     4.5871     4.4914 0.0000e+00
 129.574404      8.608    13.1910  32.668964    27.0778      8.531  271.37054  271.54537     4.5871     4.4550 0.0000e+00
 129.574407      8.647    13.1916  32.669314    27.0777      8.569  271.36776  271.54262     4.5249     4.5035 0.0000e+00
 129.574410      8.672    13.1920  32.668557    27.0767      8.594  271.36720  271.54210     4.6961     4.1800 0.0000e+00
 129.574413      8.703    13.1924  32.667508    27.0767      8.625  271.36747  271.54239     4.7272     4.1679 0.0000e+00
 129.574416      8.734    13.1922  32.668965    27.0762      8.656  271.36559  271.54049     4.7895     4.1881 0.0000e+00
 129.574418      8.760    13.1924  32.670305    27.0769      8.681  271.36266  271.53756     4.7895     4.1841 -9.990e-29
 129.574421      8.784    13.1929  32.671413    27.0786      8.705  271.35824  271.53317     4.7584     4.2407 -9.990e-29
 129.574424      8.805    13.1944  32.671646    27.0781      8.727  271.35156  271.52658     4.8673     4.2528 -9.990e-29
 129.574427      8.831    13.1950  32.672462    27.0784      8.752  271.34734  271.52239     4.7895     4.2407 0.0000e+00
 129.574430      8.860    13.1958  32.673627    27.0786      8.781  271.34219  271.51728     4.7428     4.2407 0.0000e+00
 129.574433      8.891    13.1967  32.674502    27.0787      8.812  271.33661  271.51175     6.7661     4.2245 0.0000e+00
 129.574436      8.930    13.1976  32.675551    27.0787      8.850  271.33073  271.50592     7.2953     4.8027 0.0000e+00
 129.574439      8.962    13.1987  32.675609    27.0783      8.882  271.32625  271.50150     7.2486     4.7744 0.0000e+00
 129.574442      9.001    13.1993  32.673919    27.0763      8.920  271.32637  271.50168     7.2642     4.7946 0.0000e+00
 129.574444      9.032    13.1985  32.669781    27.0741      8.951  271.33702  271.51231     7.3887     4.7744 0.0000e+00
 129.574447      9.063    13.1966  32.669373    27.0741      8.981  271.34623  271.52140     8.5560     5.1100 0.0000e+00
 129.574450      9.099    13.1944  32.667800    27.0742      9.018  271.35841  271.53346     8.5249     5.0817 0.0000e+00
 129.574453      9.128    13.1919  32.671006    27.0765      9.046  271.36357  271.53843     8.6183     5.0979 0.0000e+00
 129.574456      9.154    13.1919  32.668325    27.0788      9.072  271.36823  271.54312     8.3848     5.1100 -9.990e-29
 129.574459      9.172    13.1913  32.664012    27.0729      9.090  271.37854  271.55342    11.3576     5.5548 -9.990e-29
 129.574462      9.197    13.1884  32.663663    27.0746      9.115  271.39142  271.56613    11.5132     5.5670 -9.990e-29
 129.574465      9.219    13.1861  32.662789    27.0766      9.137  271.40301  271.57758    11.4976     5.5751 -9.990e-29
 129.574468      9.245    13.1847  32.663023    27.0753      9.162  271.40891  271.58339    11.5443     5.5548 0.0000e+00
 129.574470      9.274    13.1834  32.659118    27.0740      9.191  271.42135  271.59579    14.8595     6.2746 0.0000e+00
 129.574473      9.305    13.1811  32.656263    27.0729      9.221  271.43607  271.61039    14.9373     6.2989 0.0000e+00
 129.574476      9.334    13.1781  32.653758    27.0729      9.251  271.45332  271.62747    14.8595     6.2827 0.0000e+00
 129.574479      9.367    13.1745  32.651078    27.0729      9.283  271.47371  271.64766    14.8595     6.2948 0.0000e+00
 129.574482      9.402    13.1708  32.652943    27.0752      9.317  271.48685  271.66054    14.7817     6.2746 0.0000e+00
 129.574485      9.433    13.1690  32.649389    27.0772      9.348  271.50058  271.67419    17.7545     6.7315 0.0000e+00
 129.574488      9.465    13.1670  32.650089    27.0773      9.381  271.50819  271.68167    17.8167     6.7194 0.0000e+00
 129.574491      9.495    13.1652  32.648866    27.0774      9.410  271.51787  271.69126    17.8323     6.7437 0.0000e+00
 129.574494      9.522    13.1637  32.648225    27.0776      9.437  271.52592  271.69921    17.7700     6.7194 0.0000e+00
 129.574497      9.548    13.1624  32.647468    27.0779      9.462  271.53260  271.70582    15.8868     6.6143 -9.990e-29
 129.574499      9.572    13.1608  32.645545    27.0774      9.486  271.54286  271.71600    15.7934     6.6264 -9.990e-29
 129.574502      9.595    13.1588  32.645953    27.0785      9.509  271.55098  271.72398    15.7934     6.6143 -9.990e-29
 129.574505      9.624    13.1573  32.643914    27.0787      9.538  271.56113  271.73406    15.8401     6.5779 0.0000e+00
 129.574508      9.657    13.1558  32.643157    27.0788      9.571  271.56876  271.74160    14.3926     6.3029 0.0000e+00
 129.574511      9.694    13.1547  32.644148    27.0805      9.607  271.57209  271.74485    14.3303     6.2908 0.0000e+00
 129.574514      9.725    13.1540  32.643915    27.0805      9.638  271.57535  271.74807    14.4082     6.2989 0.0000e+00
 129.574517      9.758    13.1535  32.642925    27.0807      9.670  271.57929  271.75199    14.4237     6.2827 0.0000e+00
 129.574520      9.791    13.1523  32.643158    27.0802      9.703  271.58425  271.75687    13.9568     6.3636 0.0000e+00
 129.574523      9.825    13.1519  32.640828    27.0799      9.737  271.59020  271.76281    13.8012     6.3393 0.0000e+00
 129.574525      9.864    13.1510  32.640653    27.0797      9.775  271.59430  271.76686    14.0657     6.3595 0.0000e+00
 129.574528      9.893    13.1501  32.641469    27.0799      9.804  271.59668  271.76918    13.8012     6.3595 -9.990e-29
 129.574531      9.918    13.1495  32.641003    27.0812      9.830  271.60033  271.77279    13.8790     6.3272 -9.990e-29
 129.574534      9.938    13.1494  32.641236    27.0815      9.849  271.60026  271.77271    14.8284     6.3514 -9.990e-29
 129.574537      9.960    13.1487  32.640828    27.0816      9.871  271.60381  271.77622    14.9529     6.3555 -9.990e-29
 129.574540      9.980    13.1482  32.640246    27.0814      9.891  271.60703  271.77942    14.9529     6.3474 -9.990e-29
 129.574543     10.002    13.1481  32.640595    27.0825      9.913  271.60707  271.77945    14.8595     6.3514 -9.990e-29
 129.574546     10.028    13.1477  32.641062    27.0825      9.938  271.60785  271.78020    17.1319     6.5294 0.0000e+00
 129.574549     10.057    13.1478  32.641237    27.0825      9.967  271.60725  271.77960    17.0229     6.4768 0.0000e+00
 129.574552     10.088    13.1479  32.640829    27.0826      9.997  271.60735  271.77971    17.0541     6.4687 0.0000e+00
 129.574554     10.122    13.1483  32.641761    27.0821     10.032  271.60418  271.77656    16.9140     6.4768 0.0000e+00
 129.574557     10.157    13.1487  32.641062    27.0817     10.066  271.60353  271.77594    16.5093     6.7922 0.0000e+00
 129.574560     10.190    13.1485  32.640654    27.0817     10.099  271.60520  271.77760    16.4938     6.8165 0.0000e+00
 129.574563     10.226    13.1482  32.641587    27.0815     10.135  271.60518  271.77755    16.4626     6.7760 0.0000e+00
 129.574566     10.263    13.1482  32.639839    27.0816     10.171  271.60823  271.78062    16.6961     6.7801 0.0000e+00
 129.574569     10.296    13.1475  32.640014    27.0816     10.204  271.61078  271.78313    16.7895     6.4808 0.0000e+00
 129.574572     10.321    13.1470  32.640014    27.0820     10.229  271.61300  271.78531    16.8206     6.4768 0.0000e+00
 129.574575     10.350    13.1466  32.640247    27.0820     10.258  271.61450  271.78678    16.8517     6.4768 0.0000e+00
 129.574578     10.378    13.1466  32.639606    27.0819     10.285  271.61563  271.78792    16.8050     6.4647 0.0000e+00
 129.574580     10.403    13.1462  32.639024    27.0819     10.310  271.61823  271.79050    16.7895     6.5011 0.0000e+00
 129.574583     10.431    13.1456  32.639199    27.0821     10.337  271.62046  271.79269    16.2914     6.4849 0.0000e+00
 129.574586     10.462    13.1453  32.639432    27.0826     10.368  271.62133  271.79355    16.3226     6.4728 0.0000e+00
 129.574589     10.493    13.1452  32.639607    27.0828     10.399  271.62168  271.79388    16.3381     6.5011 0.0000e+00
 129.574592     10.529    13.1453  32.640015    27.0828     10.435  271.62068  271.79288    16.2914     6.4768 0.0000e+00
 129.574595     10.562    13.1456  32.639024    27.0831     10.468  271.62116  271.79339    15.4510     6.5253 0.0000e+00
 129.574598     10.589    13.1454  32.640248    27.0832     10.494  271.61968  271.79189    15.7000     6.5455 0.0000e+00
 129.574601     10.622    13.1457  32.640656    27.0834     10.527  271.61774  271.78996    15.6533     6.5294 0.0000e+00
 129.574604     10.651    13.1461  32.641472    27.0836     10.556  271.61477  271.78701    15.5755     6.5294 0.0000e+00
 129.574606     10.680    13.1464  32.641472    27.0839     10.585  271.61321  271.78548    17.6144     6.6830 -9.990e-29
 129.574609     10.702    13.1469  32.641763    27.0835     10.607  271.61083  271.78313    17.6455     6.6547 -9.990e-29
 129.574612     10.724    13.1471  32.641239    27.0828     10.628  271.61050  271.78282    17.4587     6.6668 -9.990e-29
 129.574615     10.746    13.1474  32.641880    27.0832     10.650  271.60814  271.78047    17.5210     6.6305 -9.990e-29
 129.574618     10.766    13.1479  32.642928    27.0838     10.670  271.60445  271.77680    15.9801     6.2423 -9.990e-29
 129.574621     10.794    13.1483  32.643161    27.0837     10.697  271.60218  271.77455    16.1202     6.1897 0.0000e+00
 129.574624     10.825    13.1487  32.643336    27.0836     10.728  271.60001  271.77240    16.1513     6.2220 0.0000e+00
 129.574627     10.861    13.1491  32.642929    27.0830     10.764  271.59917  271.77159    16.0735     6.2423 0.0000e+00
 129.574630     10.896    13.1492  32.642696    27.0830     10.798  271.59896  271.77140    15.8556     6.2140 0.0000e+00
 129.574633     10.936    13.1492  32.643162    27.0830     10.838  271.59818  271.77061    13.5210     6.0684 0.0000e+00
 129.574635     10.976    13.1494  32.643511    27.0832     10.878  271.59697  271.76941    13.6299     6.0522 0.0000e+00
 129.574638     11.007    13.1495  32.643919    27.0833     10.908  271.59565  271.76809    13.6611     6.0927 0.0000e+00
 129.574641     11.049    13.1498  32.643920    27.0833     10.950  271.59474  271.76719    13.6611     6.0765 0.0000e+00
 129.574644     11.080    13.1500  32.642754    27.0827     10.981  271.59583  271.76832    14.6727     5.9633 0.0000e+00
 129.574647     11.109    13.1503  32.643920    27.0821     11.010  271.59257  271.76506    14.6883     5.9794 -9.990e-29
 129.574650     11.133    13.1505  32.644561    27.0834     11.033  271.59053  271.76303    14.7194     5.9552 -9.990e-29
 129.574653     11.157    13.1506  32.644735    27.0834     11.057  271.58962  271.76212    14.6572     5.9471 -9.990e-29
 129.574656     11.177    13.1508  32.645318    27.0838     11.077  271.58767  271.76019    17.6611     6.6143 -9.990e-29
 129.574659     11.201    13.1511  32.646192    27.0844     11.100  271.58491  271.75744    17.5988     6.6143 -9.990e-29
 129.574661     11.223    13.1518  32.646775    27.0841     11.122  271.58109  271.75365    17.5833     6.6062 -9.990e-29
 129.574664     11.252    13.1525  32.647008    27.0840     11.151  271.57756  271.75016    17.5521     6.5900 0.0000e+00
 129.574667     11.283    13.1532  32.647241    27.0841     11.182  271.57434  271.74699    15.7622     6.2261 0.0000e+00
 129.574670     11.312    13.1534  32.647649    27.0841     11.211  271.57271  271.74536    15.8245     6.2423 0.0000e+00
 129.574673     11.348    13.1540  32.648465    27.0844     11.247  271.56880  271.74148    15.6066     6.2140 0.0000e+00
 129.574676     11.378    13.1545  32.649047    27.0844     11.276  271.56561  271.73832    15.6066     6.2059 0.0000e+00
 129.574679     11.412    13.1550  32.648814    27.0846     11.310  271.56352  271.73627    15.7155     6.1897 0.0000e+00
 129.574682     11.444    13.1556  32.650504    27.0845     11.341  271.55809  271.73086    15.7934     6.4849 0.0000e+00
 129.574685     11.473    13.1564  32.650271    27.0851     11.370  271.55506  271.72788    15.8401     6.4768 -9.990e-29
 129.574688     11.498    13.1571  32.650096    27.0836     11.395  271.55255  271.72541    15.7778     6.4485 -9.990e-29
 129.574690     11.526    13.1572  32.650213    27.0836     11.423  271.55173  271.72461    15.9646     6.4687 -9.990e-29
 129.574693     11.549    13.1572  32.650912    27.0843     11.446  271.55054  271.72340    20.8673     7.0469 -9.990e-29
 129.574696     11.580    13.1577  32.651320    27.0840     11.477  271.54765  271.72054    21.0385     7.0914 0.0000e+00
 129.574699     11.606    13.1580  32.651087    27.0838     11.502  271.54681  271.71973    21.0541     7.0510 0.0000e+00
 129.574702     11.641    13.1581  32.650563    27.0833     11.536  271.54743  271.72035    21.0385     7.0914 0.0000e+00
 129.574705     11.675    13.1581  32.650097    27.0829     11.571  271.54826  271.72119    25.6611     8.0700 0.0000e+00
 129.574708     11.710    13.1576  32.648873    27.0820     11.605  271.55229  271.72520    25.6299     8.0943 0.0000e+00
 129.574711     11.744    13.1568  32.647650    27.0820     11.639  271.55789  271.73077    25.5521     8.1145 0.0000e+00
 129.574714     11.777    13.1558  32.647475    27.0815     11.672  271.56293  271.73574    25.6299     8.0700 0.0000e+00
 129.574716     11.807    13.1549  32.643513    27.0801     11.701  271.57360  271.74639    24.9607     7.9527 0.0000e+00
 129.574719     11.838    13.1532  32.643339    27.0796     11.732  271.58147  271.75415    24.9451     7.9608 0.0000e+00
 129.574722     11.865    13.1513  32.643164    27.0801     11.759  271.58965  271.76222    24.9762     7.9770 -9.990e-29
 129.574725     11.887    13.1504  32.642932    27.0817     11.780  271.59416  271.76666    24.9607     7.9649 -9.990e-29
 129.574728     11.907    13.1498  32.640426    27.0798     11.800  271.60135  271.77384    24.9296     7.9891 -9.990e-29
 129.574731     11.929    13.1486  32.639203    27.0795     11.822  271.60851  271.78094    22.4393     7.4109 -9.990e-29
 129.574734     11.952    13.1472  32.640835    27.0820     11.845  271.61167  271.78400    22.4237     7.4392 -9.990e-29
 129.574737     11.976    13.1468  32.639844    27.0822     11.869  271.61529  271.78760    22.4082     7.4392 -9.990e-29
 129.574740     12.009    13.1462  32.640252    27.0826     11.901  271.61712  271.78939    22.4860     7.4554 0.0000e+00
