Processed/SBE19plus_01907321_2022_05_11_Cast130_wfilter.cnv
* Sea-Bird SBE19plus  Data File:
* FileName = E:\Prandtl_Daten\2022\CTD\Raw\SBE19plus_01907321_2022_05_11_Cast130.hex
* Software version 2.6.1.12
* Temperature SN = 7321
* Conductivity SN = 7321
* System UpLoad Time = May 11 2022 12:39:17
* <ApplicationData>
* <Seaterm232>
** Messpraktikum 2022
** CTD 10.05  TS
** NMEA Latitude = 54 07.73N
** NMEA Longitude = 008 42.56E
# nquan = 11
# nvalues = 472                         
# units = specified
# name 0 = timeJ: Julian Days
# name 1 = prdM: Pressure, Strain Gauge [db]
# name 2 = tv290C: Temperature [ITS-90, deg C]
# name 3 = c0mS/cm: Conductivity [mS/cm]
# name 4 = sal00: Salinity, Practical [PSU]
# name 5 = depSM: Depth [salt water, m], lat = 54.00
# name 6 = oxsatMm/Kg: Oxygen Saturation, Weiss [umol/kg]
# name 7 = oxsolMm/Kg: Oxygen Saturation, Garcia & Gordon [umol/kg]
# name 8 = turbWETntu0: Turbidity, WET Labs ECO [NTU]
# name 9 = flECO-AFL: Fluorescence, WET Labs ECO-AFL/FL [mg/m^3]
# name 10 = flag:  0.000e+00
# span 0 = 131.522182, 131.523545       
# span 1 =      0.549,     11.528       
# span 2 =    13.7535,    13.8832       
# span 3 =  32.994456,  33.080761       
# span 4 =    26.9548,    26.9784       
# span 5 =      0.544,     11.424       
# span 6 =  267.70152,  268.39813       
# span 7 =  267.91513,  268.60474       
# span 8 =     5.6611,    21.3654       
# span 9 =     3.5452,     7.4554       
# span 10 = 0.0000e+00, 0.0000e+00      
# interval = seconds: 0.25
# start_time = May 11 2022 12:30:07 [Instrument's time stamp, header]
# bad_flag = -9.990e-29
*END*
[from data line 263]
 131.522943      6.612    13.7731  33.006321    26.9742      6.553  268.29402  268.50169     9.1941     5.3850 -9.990e-29
 131.522946      6.638    13.7725  33.005678    26.9744      6.578  268.29732  268.50496    10.0969     5.2637 0.0000e+00
 131.522948      6.678    13.7723  33.005854    26.9743      6.618  268.29830  268.50593     9.9568     5.2435 0.0000e+00
 131.522951      6.727    13.7720  33.005327    26.9743      6.667  268.30047  268.50809     9.9412     5.2314 0.0000e+00
 131.522954      6.773    13.7711  33.004391    26.9740      6.712  268.30553  268.51311     9.8167     5.2516 0.0000e+00
 131.522957      6.808    13.7701  33.003162    26.9738      6.747  268.31202  268.51954     9.0229     5.4174 0.0000e+00
 131.522960      6.839    13.7686  33.002753    26.9736      6.777  268.31901  268.52645     9.2720     5.3971 -9.990e-29
 131.522963      6.859    13.7675  33.002929    26.9752      6.797  268.32345  268.53081     9.4276     5.3648 -9.990e-29
 131.522966      6.870    13.7671  33.002753    26.9753      6.808  268.32563  268.53298     9.1941     5.3567 -9.990e-29
 131.522969      6.866    13.7665  33.001583    26.9747      6.805  268.33011  268.53743     9.9257     5.3931 -9.990e-29
 131.522972      6.861    13.7659  33.001525    26.9750      6.799  268.33272  268.54001     9.7856     5.4538 -9.990e-29
 131.522975      6.861    13.7652  33.001700    26.9757      6.799  268.33557  268.54281     9.8167     5.4376 -9.990e-29
 131.522977      6.884    13.7648  33.001174    26.9757      6.823  268.33804  268.54526     9.6766     5.4254 -9.990e-29
 131.522980      6.924    13.7643  33.001057    26.9759      6.863  268.34015  268.54734    10.2836     5.5993 0.0000e+00
 131.522983      6.985    13.7637  33.001057    26.9758      6.922  268.34301  268.55017    10.3615     5.5912 0.0000e+00
 131.522986      7.050    13.7635  33.000589    26.9758      6.987  268.34447  268.55162    10.1903     5.6276 0.0000e+00
 131.522989      7.107    13.7630  32.997372    26.9745      7.043  268.35212  268.55927    10.4082     5.5427 0.0000e+00
 131.522992      7.149    13.7620  32.999244    26.9732      7.085  268.35339  268.56046    10.2836     5.5508 -9.990e-29
 131.522995      7.171    13.7613  32.999420    26.9763      7.107  268.35594  268.56297    12.2759     5.7934 -9.990e-29
 131.522998      7.180    13.7609  32.998776    26.9759      7.116  268.35860  268.56561    12.3537     5.7611 -9.990e-29
 131.523001      7.169    13.7604  32.998601    26.9761      7.105  268.36109  268.56807    12.3070     5.7813 -9.990e-29
 131.523003      7.154    13.7598  32.998776    26.9768      7.090  268.36361  268.57055    12.3692     5.7489 -9.990e-29
 131.523006      7.130    13.7596  32.998776    26.9769      7.067  268.36423  268.57116    11.6844     5.6964 -9.990e-29
 131.523009      7.114    13.7592  32.998425    26.9768      7.050  268.36638  268.57329    11.8089     5.6519 -9.990e-29
 131.523012      7.116    13.7591  32.998191    26.9763      7.052  268.36740  268.57431    11.6066     5.7004 -9.990e-29
 131.523015      7.141    13.7586  32.997372    26.9766      7.077  268.37100  268.57788    11.8712     5.7166 0.0000e+00
 131.523018      7.194    13.7582  32.997840    26.9770      7.130  268.37181  268.57867    10.5015     5.5912 0.0000e+00
 131.523021      7.254    13.7579  32.997958    26.9773      7.189  268.37291  268.57974    10.6105     5.5589 0.0000e+00
 131.523024      7.322    13.7581  32.998192    26.9773      7.256  268.37193  268.57877    10.5171     5.6155 0.0000e+00
 131.523027      7.380    13.7582  32.996846    26.9768      7.314  268.37360  268.58046    10.5327     5.5832 0.0000e+00
 131.523030      7.427    13.7580  32.997549    26.9764      7.361  268.37339  268.58023    10.5171     5.5387 0.0000e+00
 131.523032      7.466    13.7580  32.997549    26.9768      7.399  268.37341  268.58026    10.4237     5.5387 -9.990e-29
 131.523035      7.489    13.7583  32.998251    26.9772      7.422  268.37099  268.57784    10.5638     5.5912 -9.990e-29
 131.523038      7.502    13.7583  32.997783    26.9768      7.435  268.37178  268.57864    10.4548     5.5832 -9.990e-29
 131.523041      7.502    13.7584  32.998368    26.9773      7.435  268.37048  268.57734    10.4548     5.5427 -9.990e-29
 131.523044      7.489    13.7585  32.998426    26.9772      7.422  268.36975  268.57662    10.4860     5.5670 -9.990e-29
 131.523047      7.477    13.7588  32.999245    26.9778      7.410  268.36711  268.57399    10.3770     5.5427 -9.990e-29
 131.523050      7.466    13.7590  32.999245    26.9777      7.399  268.36647  268.57336    10.3615     5.5468 -9.990e-29
 131.523053      7.460    13.7593  32.997256    26.9756      7.393  268.36824  268.57517    10.5949     5.6115 -9.990e-29
 131.523056      7.480    13.7588  32.998602    26.9773      7.413  268.36819  268.57508    13.1163     5.6479 -9.990e-29
 131.523058      7.513    13.7587  32.998602    26.9772      7.446  268.36884  268.57572    13.1008     5.6762 0.0000e+00
 131.523061      7.569    13.7587  32.998427    26.9770      7.502  268.36886  268.57574    12.9918     5.6802 0.0000e+00
 131.523064      7.628    13.7587  32.997959    26.9766      7.560  268.36999  268.57688    12.7272     5.6195 0.0000e+00
 131.523067      7.690    13.7582  32.997549    26.9766      7.621  268.37261  268.57946    11.9334     5.7692 0.0000e+00
 131.523070      7.746    13.7578  32.997023    26.9766      7.677  268.37541  268.58225    12.1202     5.7328 0.0000e+00
 131.523073      7.788    13.7573  32.997140    26.9766      7.719  268.37713  268.58394    11.9957     5.7287 0.0000e+00
 131.523076      7.819    13.7572  32.997842    26.9768      7.749  268.37659  268.58339    11.8868     5.7409 -9.990e-29
 131.523079      7.830    13.7573  32.996906    26.9766      7.760  268.37786  268.58467    10.6572     5.7045 -9.990e-29
 131.523082      7.834    13.7573  32.997550    26.9772      7.764  268.37678  268.58358    10.8440     5.7409 -9.990e-29
 131.523084      7.825    13.7571  32.997433    26.9772      7.755  268.37760  268.58439    10.7350     5.6681 -9.990e-29
 131.523087      7.810    13.7570  32.997960    26.9778      7.740  268.37733  268.58411    10.7039     5.6600 -9.990e-29
 131.523090      7.797    13.7571  32.998369    26.9781      7.727  268.37601  268.58279    10.7661     5.7206 -9.990e-29
 131.523093      7.812    13.7575  32.997023    26.9771      7.742  268.37640  268.58322    13.2097     5.7328 -9.990e-29
 131.523096      7.841    13.7573  32.997550    26.9768      7.771  268.37647  268.58328    13.1319     5.6883 0.0000e+00
 131.523099      7.881    13.7573  32.996907    26.9766      7.810  268.37789  268.58470    13.2564     5.7085 0.0000e+00
 131.523102      7.932    13.7568  32.996029    26.9766      7.861  268.38129  268.58807    13.1475     5.7085 0.0000e+00
 131.523105      7.985    13.7564  32.996731    26.9767      7.914  268.38171  268.58847    11.8712     5.8096 0.0000e+00
 131.523108      8.038    13.7562  32.996322    26.9768      7.966  268.38337  268.59012    11.8868     5.7287 0.0000e+00
 131.523111      8.080    13.7557  32.996849    26.9767      8.008  268.38471  268.59143    11.7155     5.7611 -9.990e-29
 131.523113      8.100    13.7557  32.996088    26.9769      8.028  268.38600  268.59272    11.7934     5.7732 -9.990e-29
 131.523116      8.113    13.7558  32.995679    26.9764      8.040  268.38639  268.59312    13.1319     5.9633 -9.990e-29
 131.523119      8.111    13.7558  32.996673    26.9773      8.038  268.38471  268.59143    13.1163     5.9592 -9.990e-29
 131.523122      8.098    13.7558  32.996088    26.9768      8.026  268.38569  268.59241    13.1941     5.9309 -9.990e-29
 131.523125      8.091    13.7556  32.996732    26.9775      8.018  268.38523  268.59194    13.1319     5.9309 -9.990e-29
 131.523128      8.095    13.7556  32.996849    26.9776      8.022  268.38503  268.59174    13.3187     5.7894 -9.990e-29
 131.523131      8.113    13.7560  32.997141    26.9767      8.040  268.38298  268.58971    13.0229     5.8015 -9.990e-29
 131.523134      8.145    13.7562  32.996322    26.9770      8.073  268.38344  268.59019    13.1319     5.8056 0.0000e+00
 131.523137      8.189    13.7562  32.997025    26.9773      8.116  268.38228  268.58903    13.1475     5.8177 0.0000e+00
 131.523139      8.238    13.7559  32.996908    26.9773      8.165  268.38377  268.59049    13.2253     5.7894 0.0000e+00
 131.523142      8.282    13.7559  32.996030    26.9774      8.208  268.38558  268.59232    12.5093     5.8703 0.0000e+00
 131.523145      8.326    13.7555  32.996733    26.9771      8.251  268.38600  268.59270    12.6338     5.9026 0.0000e+00
 131.523148      8.362    13.7554  32.996499    26.9775      8.288  268.38673  268.59343    12.6494     5.8703 -9.990e-29
 131.523151      8.386    13.7554  32.996265    26.9771      8.311  268.38714  268.59384    12.3848     5.9228 -9.990e-29
 131.523154      8.402    13.7553  32.996499    26.9775      8.327  268.38738  268.59408    11.9801     6.2827 -9.990e-29
 131.523157      8.417    13.7552  32.996499    26.9775      8.342  268.38771  268.59439    11.9179     6.2746 -9.990e-29
 131.523160      8.435    13.7551  32.996850    26.9779      8.360  268.38744  268.59412    11.9646     6.2989 -9.990e-29
 131.523163      8.453    13.7552  32.997143    26.9780      8.378  268.38665  268.59333    12.0580     6.3029 -9.990e-29
 131.523166      8.479    13.7558  32.997552    26.9780      8.403  268.38346  268.59017    13.3187     5.9511 0.0000e+00
 131.523168      8.510    13.7563  32.997845    26.9780      8.434  268.38078  268.58753    13.0385     5.9147 -9.990e-29
 131.523171      8.532    13.7570  32.997786    26.9774      8.455  268.37807  268.58485    13.2720     5.9066 -9.990e-29
 131.523174      8.551    13.7575  32.998781    26.9779      8.475  268.37389  268.58070    13.3187     5.9471 -9.990e-29
 131.523177      8.570    13.7581  32.999015    26.9777      8.493  268.37099  268.57784    12.8673     6.0603 -9.990e-29
 131.523180      8.581    13.7587  32.999249    26.9775      8.504  268.36841  268.57528    12.6805     6.0320 -9.990e-29
 131.523183      8.582    13.7595  33.000244    26.9778      8.506  268.36328  268.57019    12.9607     6.0360 -9.990e-29
 131.523186      8.582    13.7601  33.000009    26.9771      8.506  268.36084  268.56780    13.0852     6.0239 -9.990e-29
 131.523189      8.586    13.7606  32.999015    26.9759      8.509  268.36064  268.56763    12.9607     6.0320 -9.990e-29
 131.523192      8.594    13.7607  33.000244    26.9770      8.517  268.35826  268.56524    14.8595     6.2463 -9.990e-29
 131.523194      8.615    13.7612  32.999834    26.9767      8.538  268.35676  268.56378    14.9840     6.2220 -9.990e-29
 131.523197      8.648    13.7614  33.000478    26.9762      8.571  268.35475  268.56178    14.8284     6.2504 0.0000e+00
 131.523200      8.694    13.7613  32.999425    26.9757      8.616  268.35687  268.56390    14.9218     6.2220 0.0000e+00
 131.523203      8.745    13.7609  32.998840    26.9755      8.667  268.35977  268.56678    13.9412     5.9188 0.0000e+00
 131.523206      8.798    13.7598  32.997787    26.9755      8.719  268.36597  268.57293    13.8012     5.9956 0.0000e+00
 131.523209      8.847    13.7587  32.997553    26.9758      8.768  268.37111  268.57801    14.0191     5.9228 0.0000e+00
 131.523212      8.889    13.7577  32.997436    26.9764      8.809  268.37573  268.58257    13.7233     5.9633 0.0000e+00
 131.523215      8.922    13.7570  32.997378    26.9766      8.842  268.37868  268.58547    13.9568     6.3636 0.0000e+00
 131.523218      8.949    13.7567  32.997027    26.9768      8.869  268.38055  268.58732    13.9257     6.4404 -9.990e-29
 131.523220      8.964    13.7562  32.996500    26.9766      8.883  268.38364  268.59039    13.7233     6.3878 -9.990e-29
 131.523223      8.967    13.7559  32.996501    26.9769      8.887  268.38521  268.59194    13.8478     6.3838 -9.990e-29
 131.523226      8.964    13.7556  32.996442    26.9770      8.883  268.38657  268.59328    13.2875     5.9835 -9.990e-29
 131.523229      8.958    13.7555  32.996325    26.9770      8.878  268.38708  268.59378    13.2564     5.9309 -9.990e-29
 131.523232      8.958    13.7554  32.996910    26.9775      8.878  268.38640  268.59310    13.3031     5.9107 -9.990e-29
 131.523235      8.976    13.7556  32.997261    26.9777      8.896  268.38488  268.59159    13.3498     5.9956 -9.990e-29
 131.523238      9.007    13.7557  32.997378    26.9770      8.927  268.38439  268.59110    12.9918     5.9673 0.0000e+00
 131.523241      9.044    13.7560  32.996091    26.9764      8.963  268.38532  268.59206    12.5560     6.0684 0.0000e+00
 131.523244      9.091    13.7559  32.996033    26.9764      9.010  268.38576  268.59250    12.5560     6.0643 0.0000e+00
 131.523247      9.126    13.7560  32.997379    26.9771      9.044  268.38321  268.58994    12.6183     6.0927 0.0000e+00
 131.523249      9.160    13.7559  32.996911    26.9773      9.078  268.38433  268.59106    12.4471     6.1129 0.0000e+00
 131.523252      9.186    13.7559  32.997028    26.9771      9.104  268.38415  268.59088    10.9529     5.7328 -9.990e-29
 131.523255      9.206    13.7559  32.997379    26.9776      9.123  268.38388  268.59061    10.9373     5.7570 -9.990e-29
 131.523258      9.221    13.7560  32.997789    26.9778      9.138  268.38257  268.58930    10.9529     5.7530 -9.990e-29
 131.523261      9.215    13.7565  32.998842    26.9784      9.133  268.37860  268.58535    11.0152     5.7975 -9.990e-29
 131.523264      9.206    13.7573  32.998783    26.9779      9.123  268.37555  268.58234    11.4043     5.6802 -9.990e-29
 131.523267      9.199    13.7580  32.998198    26.9768      9.116  268.37339  268.58023    11.2019     5.6155 -9.990e-29
 131.523270      9.208    13.7584  32.999602    26.9778      9.125  268.36914  268.57600    11.3420     5.6317 -9.990e-29
 131.523273      9.230    13.7590  33.000246    26.9775      9.147  268.36556  268.57245    11.1864     5.6236 -9.990e-29
 131.523275      9.270    13.7598  33.000480    26.9770      9.187  268.36173  268.56867    11.4976     5.9390 0.0000e+00
 131.523278      9.319    13.7603  32.999602    26.9766      9.235  268.36135  268.56832    11.5910     5.9713 0.0000e+00
 131.523281      9.388    13.7604  32.999836    26.9764      9.304  268.36069  268.56766    11.6066     5.9390 0.0000e+00
 131.523284      9.461    13.7602  32.998198    26.9753      9.376  268.36412  268.57110    11.5599     5.8905 0.0000e+00
 131.523287      9.525    13.7597  32.998023    26.9753      9.440  268.36665  268.57360    11.5599     5.9066 0.0000e+00
 131.523290      9.576    13.7589  32.998784    26.9760      9.490  268.36886  268.57575    12.2447     5.4012 0.0000e+00
 131.523293      9.620    13.7587  32.998609    26.9766      9.534  268.37013  268.57701    12.2292     5.3891 -9.990e-29
 131.523296      9.636    13.7585  32.997556    26.9757      9.550  268.37254  268.57942    12.1980     5.3648 -9.990e-29
 131.523299      9.633    13.7582  32.998199    26.9765      9.546  268.37271  268.57957    12.2603     5.3850 -9.990e-29
 131.523302      9.612    13.7578  32.996678    26.9754      9.526  268.37683  268.58368    13.8012     5.9996 -9.990e-29
 131.523304      9.578    13.7572  32.997556    26.9767      9.492  268.37816  268.58496    13.9412     6.0037 -9.990e-29
 131.523307      9.545    13.7567  32.996093    26.9757      9.459  268.38280  268.58958    13.9568     6.0441 -9.990e-29
 131.523310      9.527    13.7561  32.996444    26.9764      9.441  268.38440  268.59115    14.0191     6.0482 -9.990e-29
 131.523313      9.523    13.7559  32.996502    26.9766      9.437  268.38524  268.59197    14.9529     6.2504 -9.990e-29
 131.523316      9.552    13.7556  32.996912    26.9773      9.466  268.38614  268.59285    14.9062     6.2059 -9.990e-29
