Processed/SBE19plus_01907321_2022_05_06_Cast56_wfilter.cnv
* Sea-Bird SBE19plus  Data File:
* FileName = E:\Prandtl Daten\2022\CTD\Raw\SBE19plus_01907321_2022_05_06_Cast56.hex
* Software version 2.6.1.12
* Temperature SN = 7321
* Conductivity SN = 7321
* System UpLoad Time = May 06 2022 14:03:36
* <ApplicationData>
* <Seaterm232>
** Messpraktikum 2022
** CTD 06.05 BM
** NMEA Latitude = 54 07.840 N
** NMEA Longitude = 008 47.222 E
# nquan = 11
# nvalues = 692                         
# units = specified
# name 0 = timeJ: Julian Days
# name 1 = prdM: Pressure, Strain Gauge [db]
# name 2 = tv290C: Temperature [ITS-90, deg C]
# name 3 = c0mS/cm: Conductivity [mS/cm]
# name 4 = sal00: Salinity, Practical [PSU]
# name 5 = depSM: Depth [salt water, m], lat = 54.00
# name 6 = oxsatMm/Kg: Oxygen Saturation, Weiss [umol/kg]
# name 7 = oxsolMm/Kg: Oxygen Saturation, Garcia & Gordon [umol/kg]
# name 8 = turbWETntu0: Turbidity, WET Labs ECO [NTU]
# name 9 = flECO-AFL: Fluorescence, WET Labs ECO-AFL/FL [mg/m^3]
# name 10 = flag:  0.000e+00
# span 0 = 126.580026, 126.582025       
# span 1 =      0.539,     16.991       
# span 2 =    12.4768,    12.4968       
# span 3 =  32.143709,  32.365096       
# span 4 =    27.1014,    27.2964       
# span 5 =      0.534,     16.838       
# span 6 =  274.96707,  275.40792       
# span 7 =  275.09956,  275.54167       
# span 8 =     8.6494,    35.5910       
# span 9 =     4.7946,    10.8439       
# span 10 = 0.0000e+00, 0.0000e+00      
# interval = seconds: 0.25
# start_time = May 06 2022 13:54:10 [Instrument's time stamp, header]
# bad_flag = -9.990e-29
*END*
[from data line 656]
 126.581924     16.128    12.4943  32.363300    27.2926     15.984  274.96913  275.10159    22.1280     8.3530 -9.990e-29
 126.581927     16.147    12.4942  32.361500    27.2910     16.002  274.97268  275.10516    27.7155     8.9839 -9.990e-29
 126.581930     16.171    12.4942  32.363068    27.2925     16.026  274.96989  275.10235    27.6844     8.9798 -9.990e-29
 126.581933     16.198    12.4942  32.363475    27.2928     16.053  274.96917  275.10163    27.7000     9.0000 -9.990e-29
 126.581936     16.221    12.4943  32.362081    27.2922     16.076  274.97138  275.10385    27.6533     9.0000 -9.990e-29
 126.581939     16.249    12.4943  32.362894    27.2925     16.103  274.96994  275.10241    27.5910     9.0000 0.0000e+00
 126.581942     16.275    12.4945  32.363649    27.2925     16.129  274.96766  275.10013    31.3576     9.8654 0.0000e+00
 126.581944     16.302    12.4947  32.363301    27.2928     16.156  274.96736  275.09985    31.2486     9.8654 -9.990e-29
 126.581947     16.318    12.4948  32.363069    27.2920     16.172  274.96747  275.09997    31.3109     9.8937 -9.990e-29
 126.581950     16.342    12.4947  32.363475    27.2924     16.195  274.96707  275.09956    31.2486     9.8815 -9.990e-29
 126.581953     16.364    12.4948  32.362488    27.2914     16.217  274.96823  275.10074    29.5366     9.3720 -9.990e-29
 126.581956     16.380    12.4948  32.362895    27.2918     16.234  274.96782  275.10033    29.6299     9.3559 -9.990e-29
 126.581959     16.402    12.4946  32.363417    27.2924     16.255  274.96784  275.10033    29.5988     9.3923 -9.990e-29
 126.581962     16.422    12.4943  32.363475    27.2927     16.275  274.96901  275.10147    29.5521     9.3720 -9.990e-29
 126.581965     16.439    12.4941  32.363301    27.2927     16.292  274.97027  275.10273    28.7739     9.5823 -9.990e-29
 126.581968     16.464    12.4940  32.363069    27.2926     16.317  274.97102  275.10347    28.7895     9.5742 -9.990e-29
 126.581970     16.492    12.4939  32.363069    27.2921     16.344  274.97167  275.10411    28.8362     9.5661 0.0000e+00
 126.581973     16.521    12.4936  32.361850    27.2926     16.372  274.97482  275.10725    28.7895     9.5702 0.0000e+00
 126.581976     16.554    12.4934  32.363069    27.2922     16.405  274.97359  275.10600    27.2331     9.4367 0.0000e+00
 126.581979     16.587    12.4935  32.363302    27.2929     16.438  274.97288  275.10530    27.2642     9.4246 -9.990e-29
 126.581982     16.608    12.4932  32.363708    27.2936     16.459  274.97343  275.10582    27.1397     9.3923 -9.990e-29
 126.581985     16.639    12.4932  32.363708    27.2936     16.490  274.97345  275.10584    27.1241     9.4165 0.0000e+00
 126.581988     16.665    12.4931  32.362489    27.2936     16.515  274.97628  275.10867    27.1397     9.3801 -9.990e-29
 126.581991     16.685    12.4930  32.363651    27.2937     16.535  274.97452  275.10690    25.1319     9.6834 -9.990e-29
 126.581994     16.703    12.4930  32.363302    27.2934     16.553  274.97516  275.10754    25.1786     9.6794 -9.990e-29
 126.581997     16.721    12.4929  32.363070    27.2932     16.571  274.97622  275.10859    25.2564     9.7077 -9.990e-29
 126.581999     16.734    12.4930  32.363709    27.2937     16.584  274.97445  275.10683    25.1630     9.6672 -9.990e-29
 126.582002     16.745    12.4929  32.363070    27.2932     16.595  274.97623  275.10861    30.0346     9.6834 -9.990e-29
 126.582005     16.759    12.4928  32.362664    27.2929     16.609  274.97728  275.10966    30.2214     9.6955 -9.990e-29
 126.582008     16.786    12.4929  32.362664    27.2928     16.636  274.97699  275.10937    30.0969     9.6753 -9.990e-29
 126.582011     16.808    12.4926  32.361851    27.2930     16.657  274.97940  275.11178    30.0346     9.6915 -9.990e-29
 126.582014     16.834    12.4926  32.362664    27.2935     16.683  274.97828  275.11064    33.4899    10.0029 0.0000e+00
 126.582017     16.867    12.4926  32.363709    27.2939     16.715  274.97642  275.10877    33.5677    10.0231 0.0000e+00
 126.582020     16.896    12.4926  32.363709    27.2939     16.744  274.97613  275.10848    33.4899    10.0231 0.0000e+00
 126.582023     16.929    12.4926  32.363651    27.2939     16.777  274.97657  275.10892    33.5677     9.9867 0.0000e+00
 126.582025     16.991    12.4925  32.363710    27.2940     16.838  274.97682  275.10916    35.5910    10.8439 0.0000e+00
