Processed/SBE19plus_01907321_2022_05_09_Cast103_wfilter.cnv
* Sea-Bird SBE19plus  Data File:
* FileName = E:\Prandtl_Daten\2022\CTD\Raw\SBE19plus_01907321_2022_05_09_Cast103.hex
* Software version 2.6.1.12
* Temperature SN = 7321
* Conductivity SN = 7321
* System UpLoad Time = May 09 2022 13:36:02
* <ApplicationData>
* <Seaterm232>
** Messpraktikum 2022
** CTD 09.05  BW2
** NMEA Latitude = 54 07 998N
** NMEA Longitude = 008 45 150E
# nquan = 11
# nvalues = 515                         
# units = specified
# name 0 = timeJ: Julian Days
# name 1 = prdM: Pressure, Strain Gauge [db]
# name 2 = tv290C: Temperature [ITS-90, deg C]
# name 3 = c0mS/cm: Conductivity [mS/cm]
# name 4 = sal00: Salinity, Practical [PSU]
# name 5 = depSM: Depth [salt water, m], lat = 54.00
# name 6 = oxsatMm/Kg: Oxygen Saturation, Weiss [umol/kg]
# name 7 = oxsolMm/Kg: Oxygen Saturation, Garcia & Gordon [umol/kg]
# name 8 = turbWETntu0: Turbidity, WET Labs ECO [NTU]
# name 9 = flECO-AFL: Fluorescence, WET Labs ECO-AFL/FL [mg/m^3]
# name 10 = flag:  0.000e+00
# span 0 = 129.561861, 129.563348       
# span 1 =      0.505,     13.671       
# span 2 =    13.2435,    14.3945       
# span 3 =  32.692559,  33.617947       
# span 4 =    26.8875,    27.1504       
# span 5 =      0.500,     13.548       
# span 6 =  264.67306,  271.09678       
# span 7 =  264.91227,  271.27470       
# span 8 =    -1.7164,    14.0502       
# span 9 =     1.0866,     5.5144       
# span 10 = 0.0000e+00, 0.0000e+00      
# interval = seconds: 0.25
# start_time = May 09 2022 13:27:29 [Instrument's time stamp, header]
# bad_flag = -9.990e-29
*END*
[from data line 394]
 129.563001     10.884    13.2942  32.795759    27.1198     10.787  270.70683  270.88702     6.5794     3.9495 -9.990e-29
 129.563003     10.904    13.2941  32.797335    27.1213     10.807  270.70445  270.88461     6.5482     4.0142 -9.990e-29
 129.563006     10.924    13.2945  32.798211    27.1218     10.826  270.70138  270.88156     6.4237     3.9819 -9.990e-29
 129.563009     10.946    13.2949  32.799670    27.1245     10.848  270.69700  270.87719     6.7350     3.9374 -9.990e-29
 129.563012     10.979    13.2954  32.801888    27.1244     10.880  270.69100  270.87121     6.4393     4.0385 0.0000e+00
 129.563015     11.004    13.2959  32.802122    27.1243     10.906  270.68842  270.86865     6.2058     4.1881 0.0000e+00
 129.563018     11.033    13.2966  32.801305    27.1240     10.935  270.68702  270.86730     6.1436     4.1557 0.0000e+00
 129.563021     11.064    13.2966  32.802355    27.1240     10.965  270.68491  270.86519     6.0969     4.2204 0.0000e+00
 129.563024     11.097    13.2966  32.802647    27.1243     10.998  270.68474  270.86502     6.0502     4.1315 0.0000e+00
 129.563027     11.125    13.2967  32.804399    27.1258     11.025  270.68112  270.86138     5.7856     4.0304 0.0000e+00
 129.563030     11.156    13.2969  32.805041    27.1262     11.056  270.67909  270.85936     5.8634     4.0061 0.0000e+00
 129.563032     11.187    13.2971  32.805800    27.1268     11.087  270.67686  270.85714     5.9412     3.9617 0.0000e+00
 129.563035     11.216    13.2977  32.806500    27.1268     11.115  270.67347  270.85378     5.6766     4.0223 0.0000e+00
 129.563038     11.247    13.2982  32.806267    27.1267     11.146  270.67170  270.85204     5.7545     3.9940 0.0000e+00
 129.563041     11.272    13.2985  32.806384    27.1264     11.171  270.67026  270.85062     5.9879     3.9697 -9.990e-29
 129.563044     11.291    13.2982  32.806676    27.1267     11.189  270.67071  270.85105     5.8478     4.0061 -9.990e-29
 129.563047     11.309    13.2983  32.806092    27.1262     11.208  270.67141  270.85176     5.9879     4.0061 -9.990e-29
 129.563050     11.331    13.2981  32.805041    27.1260     11.229  270.67418  270.85452     6.0035     4.1194 -9.990e-29
 129.563053     11.356    13.2977  32.805392    27.1262     11.255  270.67547  270.85579     5.9724     4.1274 0.0000e+00
 129.563056     11.382    13.2971  32.805450    27.1264     11.280  270.67758  270.85787     5.8945     4.0910 0.0000e+00
 129.563058     11.411    13.2972  32.805684    27.1264     11.309  270.67689  270.85718     6.0502     4.1274 0.0000e+00
 129.563061     11.437    13.2976  32.805042    27.1257     11.334  270.67644  270.85676     6.0346     4.0910 0.0000e+00
 129.563064     11.468    13.2979  32.803407    27.1243     11.365  270.67802  270.85837     6.3459     3.9010 0.0000e+00
 129.563067     11.493    13.2979  32.803816    27.1243     11.390  270.67733  270.85768     6.3615     3.9536 0.0000e+00
 129.563070     11.524    13.2979  32.805626    27.1260     11.421  270.67423  270.85456     6.2836     3.9617 0.0000e+00
 129.563073     11.551    13.2977  32.807319    27.1268     11.448  270.67196  270.85227     6.3303     3.9172 0.0000e+00
 129.563076     11.582    13.2980  32.808370    27.1276     11.479  270.66892  270.84923     6.0346     4.2245 -9.990e-29
 129.563079     11.604    13.2985  32.808370    27.1280     11.501  270.66705  270.84739     6.1747     4.2851 -9.990e-29
 129.563082     11.626    13.2991  32.810530    27.1295     11.522  270.66052  270.84088     6.0346     4.2083 -9.990e-29
 129.563084     11.648    13.2998  32.810997    27.1294     11.544  270.65659  270.83699     5.8945     4.2447 -9.990e-29
 129.563087     11.665    13.3009  32.810821    27.1289     11.560  270.65219  270.83267     6.6572     3.9172 -9.990e-29
 129.563090     11.692    13.3009  32.811288    27.1287     11.587  270.65140  270.83187     6.5327     3.9050 0.0000e+00
 129.563093     11.721    13.3009  32.810822    27.1289     11.616  270.65254  270.83301     6.6727     3.9617 0.0000e+00
 129.563096     11.748    13.3006  32.812048    27.1299     11.643  270.65170  270.83214     6.5171     3.8970 0.0000e+00
 129.563099     11.781    13.3003  32.812048    27.1300     11.676  270.65266  270.83309     7.3731     4.2285 0.0000e+00
 129.563102     11.814    13.3003  32.812515    27.1305     11.708  270.65219  270.83261     7.2019     4.2609 0.0000e+00
 129.563105     11.845    13.3004  32.813508    27.1306     11.739  270.64988  270.83030     7.1864     4.2043 0.0000e+00
 129.563108     11.872    13.3003  32.812690    27.1313     11.766  270.65161  270.83204     7.5132     4.2124 0.0000e+00
 129.563111     11.902    13.3006  32.815259    27.1317     11.795  270.64627  270.82668     7.3420     4.2973 0.0000e+00
 129.563113     11.933    13.3006  32.817011    27.1327     11.826  270.64296  270.82336     8.2447     4.1962 -9.990e-29
 129.563116     11.957    13.3012  32.817419    27.1342     11.849  270.63976  270.82019     8.4159     4.1557 -9.990e-29
 129.563119     11.978    13.3016  32.816427    27.1331     11.871  270.63991  270.82038     8.5560     4.1962 -9.990e-29
 129.563122     11.995    13.3017  32.819463    27.1358     11.887  270.63438  270.81483     8.3848     4.2043 -9.990e-29
 129.563125     12.013    13.3019  32.821331    27.1373     11.905  270.62992  270.81037     9.0541     4.3175 -9.990e-29
 129.563128     12.035    13.3025  32.823609    27.1389     11.927  270.62381  270.80427     9.3342     4.3701 -9.990e-29
 129.563131     12.060    13.3027  32.823725    27.1389     11.952  270.62237  270.80285     9.3031     4.4186 0.0000e+00
 129.563134     12.089    13.3031  32.824017    27.1389     11.981  270.62032  270.80082     9.5054     4.3620 0.0000e+00
 129.563137     12.119    13.3039  32.825711    27.1398     12.010  270.61397  270.79450     8.0891     4.0264 0.0000e+00
 129.563139     12.150    13.3043  32.826645    27.1398     12.041  270.61050  270.79105     8.2603     4.0951 0.0000e+00
 129.563142     12.177    13.3048  32.826295    27.1399     12.068  270.60924  270.78982     7.9179     4.0991 0.0000e+00
 129.563145     12.210    13.3054  32.826937    27.1397     12.100  270.60564  270.78625     8.0268     4.0304 0.0000e+00
 129.563148     12.237    13.3054  32.825886    27.1394     12.128  270.60715  270.78778     9.5210     4.1153 0.0000e+00
 129.563151     12.265    13.3054  32.827112    27.1389     12.155  270.60506  270.78568     9.6611     4.2083 -9.990e-29
 129.563154     12.290    13.3055  32.827346    27.1401     12.180  270.60436  270.78498     9.3342     4.1598 -9.990e-29
 129.563157     12.312    13.3056  32.828631    27.1413     12.202  270.60185  270.78246     9.3965     4.1881 -9.990e-29
 129.563160     12.330    13.3057  32.828397    27.1409     12.220  270.60163  270.78226     9.6455     4.1598 -9.990e-29
 129.563163     12.347    13.3059  32.829623    27.1413     12.236  270.59859  270.77922     9.2253     4.6936 -9.990e-29
 129.563166     12.372    13.3059  32.828981    27.1414     12.262  270.60003  270.78066     9.3965     4.6814 0.0000e+00
 129.563168     12.398    13.3057  32.828981    27.1414     12.287  270.60099  270.78160     9.3187     4.7138 0.0000e+00
 129.563171     12.427    13.3057  32.828981    27.1415     12.316  270.60069  270.78131     9.1941     4.7178 0.0000e+00
 129.563174     12.462    13.3057  32.829799    27.1422     12.350  270.59962  270.78023     8.5093     4.4833 0.0000e+00
 129.563177     12.500    13.3059  32.829974    27.1422     12.388  270.59809  270.77871     8.6961     4.4348 0.0000e+00
 129.563180     12.531    13.3064  32.831084    27.1429     12.419  270.59431  270.77495     8.5249     4.4833 0.0000e+00
 129.563183     12.564    13.3066  32.831493    27.1429     12.451  270.59269  270.77334     8.6183     4.4914 0.0000e+00
 129.563186     12.591    13.3067  32.831201    27.1427     12.478  270.59258  270.77324     9.6922     4.7299 0.0000e+00
 129.563189     12.620    13.3069  32.830850    27.1425     12.507  270.59257  270.77325     9.6611     4.6814 0.0000e+00
 129.563192     12.648    13.3070  32.830442    27.1422     12.534  270.59267  270.77336     9.9412     4.7016 -9.990e-29
 129.563194     12.670    13.3071  32.832077    27.1432     12.556  270.58955  270.77023     9.8634     4.6895 -9.990e-29
 129.563197     12.691    13.3074  32.832544    27.1434     12.578  270.58751  270.76820     8.9762     5.2435 -9.990e-29
 129.563200     12.709    13.3076  32.833128    27.1438     12.596  270.58557  270.76627     9.0541     5.2475 -9.990e-29
 129.563203     12.724    13.3078  32.833303    27.1438     12.610  270.58434  270.76505     8.9296     5.2435 -9.990e-29
 129.563206     12.746    13.3084  32.833946    27.1440     12.632  270.58074  270.76148     9.0541     5.2637 -9.990e-29
 129.563209     12.766    13.3082  32.833770    27.1454     12.652  270.58199  270.76272     8.9296     5.2273 -9.990e-29
 129.563212     12.791    13.3083  32.835406    27.1453     12.677  270.57888  270.75960     8.9607     4.8432 0.0000e+00
 129.563215     12.817    13.3089  32.835698    27.1452     12.702  270.57588  270.75664     8.6961     4.8472 0.0000e+00
 129.563218     12.846    13.3097  32.836223    27.1451     12.731  270.57123  270.75204     8.7272     4.8755 0.0000e+00
 129.563220     12.874    13.3105  32.836223    27.1445     12.758  270.56811  270.74896     8.8829     4.8108 0.0000e+00
 129.563223     12.901    13.3108  32.836457    27.1445     12.785  270.56616  270.74703     7.8401     5.0170 0.0000e+00
 129.563226     12.939    13.3112  32.836107    27.1440     12.823  270.56521  270.74611     7.9334     4.9483 0.0000e+00
 129.563229     12.970    13.3111  32.836223    27.1440     12.854  270.56535  270.74624     7.9490     5.0009 0.0000e+00
 129.563232     13.003    13.3108  32.836632    27.1447     12.887  270.56623  270.74710     8.1202     5.0130 0.0000e+00
 129.563235     13.031    13.3105  32.837275    27.1450     12.914  270.56640  270.74724     8.8984     4.6531 0.0000e+00
 129.563238     13.058    13.3104  32.836866    27.1454     12.941  270.56743  270.74828     8.8517     4.6046 -9.990e-29
 129.563241     13.080    13.3102  32.837041    27.1454     12.963  270.56777  270.74861     9.0852     4.6046 -9.990e-29
 129.563244     13.102    13.3099  32.837275    27.1458     12.984  270.56895  270.74976     8.9918     4.6369 -9.990e-29
 129.563247     13.129    13.3096  32.837450    27.1462     13.011  270.56992  270.75071     9.7078     5.0737 -9.990e-29
 129.563249     13.151    13.3097  32.836633    27.1454     13.033  270.57103  270.75183     9.7233     5.0494 -9.990e-29
 129.563252     13.175    13.3097  32.837100    27.1458     13.057  270.57024  270.75104     9.7856     5.0292 -9.990e-29
 129.563255     13.200    13.3100  32.837042    27.1455     13.082  270.56879  270.74961     9.7545     5.0858 -9.990e-29
 129.563258     13.228    13.3100  32.837042    27.1456     13.109  270.56912  270.74994     9.8167     5.0292 0.0000e+00
 129.563261     13.253    13.3102  32.837276    27.1455     13.135  270.56779  270.74862     9.8945     4.8108 0.0000e+00
 129.563264     13.284    13.3108  32.837276    27.1452     13.165  270.56530  270.74617    10.0969     4.7138 0.0000e+00
 129.563267     13.314    13.3112  32.836633    27.1442     13.194  270.56455  270.74544     9.9568     4.8391 0.0000e+00
 129.563270     13.343    13.3110  32.835582    27.1438     13.223  270.56700  270.74790    10.0191     4.7542 0.0000e+00
 129.563273     13.368    13.3108  32.836108    27.1434     13.248  270.56737  270.74824    12.1047     4.6976 -9.990e-29
 129.563275     13.392    13.3107  32.836225    27.1442     13.272  270.56749  270.74836    12.2447     4.6814 -9.990e-29
 129.563278     13.408    13.3106  32.834765    27.1429     13.288  270.57033  270.75121    12.0580     4.6936 -9.990e-29
 129.563281     13.428    13.3103  32.833364    27.1418     13.308  270.57401  270.75488    12.1047     4.7178 -9.990e-29
 129.563284     13.450    13.3100  32.833948    27.1426     13.330  270.57459  270.75543    11.0463     4.8553 -9.990e-29
 129.563287     13.476    13.3097  32.833773    27.1417     13.355  270.57585  270.75668    11.0307     4.8391 0.0000e+00
 129.563290     13.503    13.3095  32.831670    27.1408     13.382  270.58043  270.76126    11.1552     4.8310 0.0000e+00
 129.563293     13.538    13.3092  32.830970    27.1404     13.417  270.58322  270.76404    10.9218     4.8391 0.0000e+00
 129.563296     13.572    13.3086  32.829218    27.1404     13.451  270.58846  270.76926    12.0113     4.8189 0.0000e+00
 129.563299     13.605    13.3079  32.830036    27.1404     13.483  270.59021  270.77096    12.0268     4.7542 0.0000e+00
 129.563302     13.634    13.3077  32.831788    27.1413     13.512  270.58815  270.76887    12.0113     4.7340 0.0000e+00
 129.563304     13.660    13.3078  32.832722    27.1422     13.537  270.58593  270.76665    11.9023     4.7906 -9.990e-29
 129.563307     13.656    13.3084  32.833131    27.1429     13.534  270.58303  270.76378    11.8712     4.8189 -9.990e-29
 129.563310     13.660    13.3087  32.832138    27.1418     13.537  270.58317  270.76395    12.6650     5.2111 -9.990e-29
 129.563313     13.656    13.3091  32.830853    27.1403     13.534  270.58381  270.76463    12.7584     5.2314 -9.990e-29
 129.563316     13.660    13.3085  32.828576    27.1387     13.537  270.59024  270.77104    12.5871     5.2637 -9.990e-29
 129.563319     13.660    13.3077  32.829978    27.1405     13.537  270.59128  270.77202    12.8517     5.2516 -9.990e-29
 129.563322     13.663    13.3071  32.831905    27.1427     13.541  270.59048  270.77116    13.9879     5.3486 -9.990e-29
 129.563325     13.667    13.3072  32.832722    27.1434     13.544  270.58876  270.76944    14.0191     5.4012 -9.990e-29
 129.563328     13.663    13.3077  32.835000    27.1451     13.541  270.58264  270.76333    14.0502     5.4214 -9.990e-29
 129.563330     13.665    13.3082  32.834941    27.1447     13.542  270.58055  270.76127    14.0191     5.3891 -9.990e-29
 129.563333     13.665    13.3088  32.835992    27.1453     13.542  270.57623  270.75698    13.3965     5.3486 -9.990e-29
 129.563336     13.669    13.3092  32.836226    27.1452     13.546  270.57394  270.75472    13.5366     5.3729 -9.990e-29
 129.563339     13.667    13.3097  32.836109    27.1447     13.544  270.57195  270.75276    13.4432     5.3971 -9.990e-29
 129.563342     13.667    13.3099  32.827525    27.1367     13.544  270.58610  270.76699    13.4276     5.3608 -9.990e-29
 129.563345     13.667    13.3098  32.835992    27.1445     13.545  270.57183  270.75265    13.0541     5.4901 -9.990e-29
 129.563348     13.671    13.3100  32.835700    27.1442     13.548  270.57171  270.75254    13.0541     5.5144 -9.990e-29
