Processed/SBE19plus_01907321_2022_05_05_Cast23_wfilter.cnv
* Sea-Bird SBE19plus  Data File:
* FileName = E:\Prandtl Daten\2022\CTD\Raw\SBE19plus_01907321_2022_05_04_Cast23.hex
* Software version 2.6.1.12
* Temperature SN = 7321
* Conductivity SN = 7321
* System UpLoad Time = May 05 2022 08:00:07
* <ApplicationData>
* <Seaterm232>
** Messpraktikum 2022
** CTD 05.05 BM
# nquan = 11
# nvalues = 522                         
# units = specified
# name 0 = timeJ: Julian Days
# name 1 = prdM: Pressure, Strain Gauge [db]
# name 2 = tv290C: Temperature [ITS-90, deg C]
# name 3 = c0mS/cm: Conductivity [mS/cm]
# name 4 = sal00: Salinity, Practical [PSU]
# name 5 = depSM: Depth [salt water, m], lat = 54.00
# name 6 = oxsatMm/Kg: Oxygen Saturation, Weiss [umol/kg]
# name 7 = oxsolMm/Kg: Oxygen Saturation, Garcia & Gordon [umol/kg]
# name 8 = turbWETntu0: Turbidity, WET Labs ECO [NTU]
# name 9 = flECO-AFL: Fluorescence, WET Labs ECO-AFL/FL [mg/m^3]
# name 10 = flag:  0.000e+00
# span 0 = 125.328900, 125.330408       
# span 1 =      0.576,     13.441       
# span 2 =    12.2978,    12.3328       
# span 3 =  31.834243,  31.889107       
# span 4 =    26.9444,    26.9688       
# span 5 =      0.571,     13.321       
# span 6 =  276.54293,  276.78392       
# span 7 =  276.66932,  276.90857       
# span 8 =    -6.3389,    87.8556       
# span 9 =    -0.1790,    16.5495       
# span 10 = 0.0000e+00, 0.0000e+00      
# interval = seconds: 0.25
# start_time = May 05 2022 07:51:39 [Instrument's time stamp, header]
# bad_flag = -9.990e-29
*END*
[from data line 263]
 125.329661      7.168    12.3137  31.851976    26.9477      7.104  276.69118  276.81664    32.7272    12.1258 -9.990e-29
 125.329664      7.195    12.3136  31.851168    26.9479      7.131  276.69298  276.81845    33.3342    11.1755 0.0000e+00
 125.329667      7.224    12.3138  31.851572    26.9479      7.160  276.69163  276.81711    33.1630    11.1553 0.0000e+00
 125.329670      7.250    12.3142  31.852207    26.9480      7.185  276.68860  276.81409    33.1786    11.1553 -9.990e-29
 125.329673      7.272    12.3141  31.851803    26.9479      7.207  276.68966  276.81516    33.3342    11.1512 -9.990e-29
 125.329676      7.290    12.3141  31.850995    26.9471      7.225  276.69114  276.81664    33.7389    11.4950 -9.990e-29
 125.329679      7.310    12.3137  31.851572    26.9480      7.245  276.69201  276.81747    33.7856    11.4707 -9.990e-29
 125.329682      7.334    12.3135  31.852207    26.9487      7.268  276.69182  276.81727    33.8167    11.5071 -9.990e-29
 125.329685      7.361    12.3138  31.851976    26.9482      7.296  276.69068  276.81615    33.6922    11.5030 -9.990e-29
 125.329688      7.385    12.3144  31.852207    26.9480      7.319  276.68774  276.81325    32.8050    11.8063 -9.990e-29
 125.329690      7.409    12.3143  31.851399    26.9475      7.343  276.68985  276.81536    32.8206    11.8265 -9.990e-29
 125.329693      7.440    12.3143  31.851572    26.9475      7.374  276.68956  276.81507    32.8362    11.8144 0.0000e+00
 125.329696      7.471    12.3140  31.851803    26.9475      7.404  276.69043  276.81591    32.8362    11.8023 -9.990e-29
 125.329699      7.495    12.3139  31.851803    26.9482      7.428  276.69076  276.81624    32.7739    11.4262 -9.990e-29
 125.329702      7.524    12.3138  31.851977    26.9482      7.457  276.69078  276.81626    32.8517    11.4141 0.0000e+00
 125.329705      7.550    12.3140  31.852207    26.9482      7.482  276.68975  276.81523    32.6650    11.4262 -9.990e-29
 125.329708      7.574    12.3140  31.852785    26.9488      7.506  276.68840  276.81388    32.6961    11.4181 -9.990e-29
 125.329711      7.599    12.3144  31.852208    26.9480      7.531  276.68788  276.81339    32.7428    11.4020 -9.990e-29
 125.329714      7.619    12.3144  31.852381    26.9481      7.551  276.68758  276.81309    34.6261    11.8104 -9.990e-29
 125.329716      7.638    12.3148  31.852785    26.9482      7.569  276.68528  276.81080    34.4704    11.8184 -9.990e-29
 125.329719      7.660    12.3146  31.853016    26.9486      7.591  276.68551  276.81102    34.4704    11.8184 -9.990e-29
 125.329722      7.680    12.3148  31.854574    26.9498      7.611  276.68206  276.80757    34.5171    11.8265 -9.990e-29
 125.329725      7.707    12.3152  31.854805    26.9498      7.638  276.67945  276.80499    33.4587    12.2916 0.0000e+00
 125.329728      7.738    12.3155  31.854978    26.9498      7.668  276.67789  276.80344    33.4587    12.3077 0.0000e+00
 125.329731      7.767    12.3157  31.853997    26.9497      7.697  276.67873  276.80432    33.4587    12.2592 -9.990e-29
 125.329734      7.792    12.3155  31.853420    26.9488      7.722  276.68106  276.80663    33.5988    12.2430 -9.990e-29
 125.329737      7.819    12.3155  31.853997    26.9493      7.750  276.68003  276.80560    34.0035    11.4060 0.0000e+00
 125.329740      7.847    12.3154  31.854978    26.9493      7.776  276.67859  276.80414    34.0346    11.3939 0.0000e+00
 125.329742      7.876    12.3156  31.854574    26.9498      7.805  276.67839  276.80396    34.0813    11.4424 -9.990e-29
 125.329745      7.901    12.3155  31.855382    26.9501      7.831  276.67758  276.80313    33.9879    11.4424 -9.990e-29
 125.329748      7.923    12.3159  31.855786    26.9501      7.852  276.67496  276.80054    33.7233    11.7861 -9.990e-29
 125.329751      7.940    12.3160  31.855613    26.9499      7.869  276.67465  276.80024    33.7856    11.8387 -9.990e-29
 125.329754      7.962    12.3159  31.854979    26.9494      7.891  276.67645  276.80203    33.6611    11.7982 -9.990e-29
 125.329757      7.980    12.3156  31.854979    26.9496      7.909  276.67773  276.80329    33.8012    11.7982 -9.990e-29
 125.329760      8.009    12.3155  31.856999    26.9515      7.938  276.67472  276.80026    33.6922    11.7982 -9.990e-29
 125.329763      8.033    12.3160  31.857172    26.9513      7.961  276.67189  276.79746    33.8167    11.9519 -9.990e-29
 125.329766      8.062    12.3169  31.857807    26.9503      7.990  276.66696  276.79258    33.8012    11.9478 0.0000e+00
 125.329769      8.089    12.3174  31.855960    26.9503      8.017  276.66811  276.79378    33.8167    11.9155 0.0000e+00
 125.329771      8.124    12.3171  31.856191    26.9492      8.052  276.66898  276.79463    33.7545    11.9478 -9.990e-29
 125.329774      8.146    12.3167  31.856191    26.9501      8.073  276.67089  276.79652    34.5482    11.3939 -9.990e-29
 125.329777      8.172    12.3163  31.856191    26.9501      8.099  276.67249  276.79809    34.4860    11.3858 0.0000e+00
 125.329780      8.201    12.3161  31.856364    26.9501      8.128  276.67315  276.79873    34.4237    11.3534 -9.990e-29
 125.329783      8.223    12.3160  31.857172    26.9512      8.149  276.67202  276.79759    34.4860    11.3777 -9.990e-29
 125.329786      8.250    12.3164  31.857576    26.9513      8.176  276.66972  276.79531    35.1552    12.1379 -9.990e-29
 125.329789      8.272    12.3167  31.857172    26.9507      8.198  276.66888  276.79450    35.1864    12.1339 -9.990e-29
 125.329792      8.296    12.3169  31.856595    26.9501      8.222  276.66931  276.79494    35.2642    12.1015 -9.990e-29
 125.329795      8.316    12.3166  31.856365    26.9500      8.242  276.67101  276.79663    35.3576    12.1500 -9.990e-29
 125.329797      8.338    12.3161  31.855614    26.9497      8.263  276.67460  276.80019    35.2019    11.8023 -9.990e-29
 125.329800      8.360    12.3157  31.856769    26.9514      8.285  276.67411  276.79966    35.2953    11.7942 -9.990e-29
 125.329803      8.391    12.3160  31.857404    26.9509      8.316  276.67171  276.79728    35.2642    11.8144 0.0000e+00
 125.329806      8.420    12.3161  31.856538    26.9514      8.344  276.67298  276.79856    35.2175    11.8427 0.0000e+00
 125.329809      8.447    12.3162  31.858558    26.9514      8.372  276.66871  276.79428    35.2019    11.8265 0.0000e+00
 125.329812      8.477    12.3166  31.858558    26.9523      8.401  276.66714  276.79274    34.3615    11.6244 -9.990e-29
 125.329815      8.500    12.3167  31.858789    26.9521      8.424  276.66611  276.79171    34.3148    11.6324 -9.990e-29
 125.329818      8.526    12.3167  31.858789    26.9521      8.449  276.66612  276.79173    34.3615    11.6284 0.0000e+00
 125.329821      8.551    12.3167  31.858558    26.9521      8.475  276.66656  276.79216    34.2992    11.6163 -9.990e-29
 125.329823      8.575    12.3169  31.859193    26.9524      8.498  276.66479  276.79040    36.0113    12.1460 -9.990e-29
 125.329826      8.591    12.3169  31.859597    26.9527      8.514  276.66375  276.78936    35.8401    12.1419 -9.990e-29
 125.329829      8.610    12.3171  31.859193    26.9522      8.533  276.66386  276.78949    35.9646    12.1419 -9.990e-29
 125.329832      8.628    12.3167  31.858789    26.9521      8.551  276.66619  276.79179    35.9646    12.1258 -9.990e-29
 125.329835      8.653    12.3164  31.860579    26.9540      8.576  276.66423  276.78980    34.2836    12.6191 -9.990e-29
 125.329838      8.677    12.3167  31.862368    26.9549      8.599  276.65974  276.78531    34.2369    12.5706 -9.990e-29
 125.329841      8.711    12.3174  31.862368    26.9549      8.633  276.65660  276.78221    34.3459    12.5827 0.0000e+00
 125.329844      8.744    12.3179  31.862772    26.9549      8.666  276.65367  276.77931    34.2369    12.5827 0.0000e+00
 125.329847      8.779    12.3183  31.861791    26.9543      8.701  276.65357  276.77925    37.2564    11.6810 0.0000e+00
 125.329850      8.816    12.3183  31.861964    26.9537      8.737  276.65328  276.77896    37.1786    11.6729 -9.990e-29
 125.329852      8.841    12.3183  31.862368    26.9543      8.762  276.65288  276.77855    37.2097    11.6810 -9.990e-29
 125.329855      8.870    12.3185  31.861387    26.9532      8.791  276.65373  276.77942    37.1941    11.6810 -9.990e-29
 125.329858      8.892    12.3183  31.861964    26.9538      8.813  276.65333  276.77901    37.1163    11.6688 -9.990e-29
 125.329861      8.914    12.3183  31.861156    26.9531      8.834  276.65513  276.78081    39.1864    12.6110 -9.990e-29
 125.329864      8.931    12.3183  31.861387    26.9533      8.851  276.65440  276.78009    39.1241    12.5706 -9.990e-29
 125.329867      8.944    12.3185  31.860868    26.9527      8.864  276.65472  276.78042    39.2642    12.5584 -9.990e-29
 125.329870      8.960    12.3181  31.860579    26.9527      8.880  276.65715  276.78283    39.1708    12.5706 -9.990e-29
 125.329873      8.980    12.3176  31.860983    26.9547      8.900  276.65833  276.78398    40.4315    13.3752 -9.990e-29
 125.329876      9.007    12.3176  31.862369    26.9549      8.927  276.65616  276.78178    40.4626    13.4036 0.0000e+00
 125.329878      9.035    12.3180  31.863177    26.9551      8.954  276.65281  276.77846    40.4315    13.4278 0.0000e+00
 125.329881      9.066    12.3180  31.868775    26.9581      8.985  276.64269  276.76828    40.3692    13.3752 0.0000e+00
 125.329884      9.104    12.3188  31.866986    26.9581      9.023  276.64216  276.76782    37.7233    12.2632 0.0000e+00
 125.329887      9.135    12.3193  31.865370    26.9572      9.054  276.64321  276.76892    37.7233    12.2673 0.0000e+00
 125.329890      9.168    12.3189  31.865947    26.9563      9.086  276.64377  276.76945    37.6144    12.2592 -9.990e-29
 125.329893      9.192    12.3188  31.867333    26.9588      9.110  276.64159  276.76725    37.6922    12.2592 -9.990e-29
 125.329896      9.217    12.3191  31.867968    26.9588      9.135  276.63919  276.76486    38.3926    12.3926 0.0000e+00
 125.329899      9.244    12.3193  31.868141    26.9588      9.162  276.63794  276.76363    38.2214    12.3724 -9.990e-29
 125.329902      9.259    12.3196  31.867737    26.9582      9.176  276.63742  276.76313    38.1436    12.4007 -9.990e-29
 125.329905      9.277    12.3198  31.867333    26.9577      9.194  276.63753  276.76325    38.2525    12.3886 -9.990e-29
 125.329907      9.294    12.3198  31.868545    26.9588      9.211  276.63503  276.76074    38.2525    12.3926 -9.990e-29
 125.329910      9.314    12.3200  31.867968    26.9581      9.231  276.63545  276.76118    36.2914    13.5734 -9.990e-29
 125.329913      9.334    12.3199  31.868949    26.9591      9.250  276.63401  276.75972    36.1980    13.5896 -9.990e-29
 125.329916      9.361    12.3199  31.872528    26.9624      9.277  276.62754  276.75322    36.1513    13.5572 -9.990e-29
 125.329919      9.386    12.3202  31.874144    26.9632      9.302  276.62336  276.74905    36.1825    13.5896 -9.990e-29
 125.329922      9.423    12.3212  31.874375    26.9625      9.339  276.61854  276.74428    36.9918    12.9466 0.0000e+00
 125.329925      9.452    12.3215  31.873048    26.9617      9.368  276.61938  276.74516    37.0229    12.9790 0.0000e+00
 125.329928      9.487    12.3214  31.872759    26.9617      9.402  276.62024  276.74602    36.9140    12.9547 0.0000e+00
 125.329931      9.514    12.3212  31.873971    26.9623      9.429  276.61901  276.74477    36.8206    12.9507 0.0000e+00
 125.329933      9.542    12.3214  31.873567    26.9626      9.456  276.61913  276.74490    45.8167    12.7687 0.0000e+00
 125.329936      9.567    12.3214  31.872528    26.9623      9.481  276.62103  276.74681    45.7389    12.7687 -9.990e-29
 125.329939      9.591    12.3212  31.872528    26.9614      9.505  276.62168  276.74745    45.7545    12.8091 -9.990e-29
 125.329942      9.607    12.3212  31.870739    26.9597      9.521  276.62525  276.75103    45.7856    12.7768 -9.990e-29
 125.329945      9.626    12.3210  31.871778    26.9608      9.540  276.62401  276.74977    42.9373    13.7230 -9.990e-29
 125.329948      9.646    12.3209  31.871778    26.9609      9.559  276.62466  276.75041    42.9373    13.6947 -9.990e-29
 125.329951      9.664    12.3210  31.871778    26.9619      9.577  276.62404  276.74980    42.8284    13.7149 -9.990e-29
 125.329954      9.690    12.3210  31.872933    26.9626      9.603  276.62228  276.74803    42.9373    13.6907 0.0000e+00
 125.329957      9.721    12.3211  31.874376    26.9632      9.634  276.61905  276.74479    42.9373    13.7270 0.0000e+00
 125.329959      9.750    12.3213  31.875531    26.9634      9.663  276.61603  276.74177    43.1241    13.3227 0.0000e+00
 125.329962      9.783    12.3217  31.875127    26.9634      9.695  276.61520  276.74097    43.1085    13.3227 0.0000e+00
 125.329965      9.812    12.3218  31.874376    26.9633      9.725  276.61595  276.74174    43.2019    13.3308 0.0000e+00
 125.329968      9.841    12.3216  31.874954    26.9630      9.753  276.61587  276.74164    43.2642    13.3429 0.0000e+00
 125.329971      9.869    12.3215  31.874550    26.9631      9.780  276.61694  276.74271    47.2486    12.6514 0.0000e+00
 125.329974      9.894    12.3212  31.874377    26.9630      9.806  276.61853  276.74429    47.3264    12.6433 -9.990e-29
 125.329977      9.916    12.3212  31.876570    26.9651      9.828  276.61489  276.74062    47.3264    12.6555 -9.990e-29
 125.329980      9.935    12.3214  31.875358    26.9637      9.846  276.61583  276.74159    47.2642    12.6555 -9.990e-29
 125.329983      9.951    12.3219  31.875127    26.9632      9.862  276.61436  276.74015    43.5599    13.5774 -9.990e-29
 125.329986      9.969    12.3219  31.875762    26.9638      9.880  276.61291  276.73869    43.7000    13.5976 -9.990e-29
 125.329988      9.989    12.3221  31.875935    26.9653      9.900  276.61166  276.73746    43.4821    13.5855 -9.990e-29
 125.329991     10.015    12.3221  31.877552    26.9660      9.925  276.60875  276.73453    43.5599    13.5815 0.0000e+00
 125.329994     10.048    12.3223  31.879341    26.9664      9.958  276.60489  276.73067    44.0891    13.5532 0.0000e+00
 125.329997     10.075    12.3229  31.879341    26.9664      9.985  276.60238  276.72819    44.2759    13.4116 0.0000e+00
 125.330000     10.104    12.3233  31.877956    26.9648     10.014  276.60269  276.72855    44.1980    13.3955 0.0000e+00
 125.330003     10.140    12.3232  31.877725    26.9647     10.050  276.60377  276.72962    44.2292    13.3955 0.0000e+00
 125.330006     10.172    12.3232  31.877725    26.9646     10.081  276.60379  276.72964    44.3381    13.3914 -9.990e-29
 125.330009     10.195    12.3233  31.878360    26.9651     10.104  276.60202  276.72788    44.8050    12.8860 -9.990e-29
 125.330012     10.219    12.3233  31.877552    26.9644     10.128  276.60382  276.72968    44.7272    12.8698 -9.990e-29
 125.330014     10.243    12.3231  31.879342    26.9662     10.151  276.60154  276.72737    44.8517    12.8900 -9.990e-29
 125.330017     10.263    12.3236  31.878938    26.9655     10.171  276.60007  276.72593    44.8206    12.9062 -9.990e-29
 125.330020     10.286    12.3237  31.878765    26.9652     10.194  276.59977  276.72564    47.0152    13.5774 -9.990e-29
 125.330023     10.301    12.3237  31.878765    26.9652     10.209  276.59978  276.72565    47.0463    13.5653 -9.990e-29
 125.330026     10.319    12.3236  31.877322    26.9639     10.227  276.60272  276.72860    46.8440    13.5976 -9.990e-29
 125.330029     10.343    12.3233  31.878130    26.9670     10.251  276.60254  276.72839    47.0930    13.6138 -9.990e-29
 125.330032     10.371    12.3232  31.880323    26.9667     10.278  276.59922  276.72504    43.5910    13.5855 0.0000e+00
 125.330035     10.400    12.3235  31.879919    26.9669     10.307  276.59870  276.72455    43.6377    13.5613 0.0000e+00
