Processed/SBE19plus_01907321_2022_05_09_Cast96_wfilter.cnv
* Sea-Bird SBE19plus  Data File:
* FileName = E:\Prandtl_Daten\2022\CTD\Raw\SBE19plus_01907321_2022_05_09_Cast96.hex
* Software version 2.6.1.12
* Temperature SN = 7321
* Conductivity SN = 7321
* System UpLoad Time = May 09 2022 09:34:39
* <ApplicationData>
* <Seaterm232>
** Messpraktikum 2022
** CTD 09.05 NE2
** NMEA Latitude = 54 00.29 N
** NMEA Longitude = 008 39.85 E
# nquan = 11
# nvalues = 220                         
# units = specified
# name 0 = timeJ: Julian Days
# name 1 = prdM: Pressure, Strain Gauge [db]
# name 2 = tv290C: Temperature [ITS-90, deg C]
# name 3 = c0mS/cm: Conductivity [mS/cm]
# name 4 = sal00: Salinity, Practical [PSU]
# name 5 = depSM: Depth [salt water, m], lat = 54.00
# name 6 = oxsatMm/Kg: Oxygen Saturation, Weiss [umol/kg]
# name 7 = oxsolMm/Kg: Oxygen Saturation, Garcia & Gordon [umol/kg]
# name 8 = turbWETntu0: Turbidity, WET Labs ECO [NTU]
# name 9 = flECO-AFL: Fluorescence, WET Labs ECO-AFL/FL [mg/m^3]
# name 10 = flag:  0.000e+00
# span 0 = 129.393947, 129.394580       
# span 1 =      0.563,      6.747       
# span 2 =    12.5197,    12.6699       
# span 3 =  27.862715,  28.997478       
# span 4 =    23.1068,    24.0677       
# span 5 =      0.558,      6.686       
# span 6 =  280.19212,  282.79851       
# span 7 =  280.36798,  282.97748       
# span 8 =    24.1358,    29.0229       
# span 9 =    13.4157,    16.1007       
# span 10 = 0.0000e+00, 0.0000e+00      
# interval = seconds: 0.25
# start_time = May 09 2022 09:26:03 [Instrument's time stamp, header]
# bad_flag = -9.990e-29
*END*
[from data line 132]
 129.394329      4.273    12.6392  28.879121    23.9797      4.235  280.54729  280.72239    25.4276    14.2285 0.0000e+00
 129.394332      4.303    12.6418  28.887402    23.9827      4.264  280.52035  280.69552    25.0229    13.6017 0.0000e+00
 129.394334      4.330    12.6442  28.894572    23.9857      4.292  280.49606  280.67132    24.8829    13.6462 -9.990e-29
 129.394337      4.350    12.6464  28.898074    23.9925      4.311  280.47970  280.65505    24.9140    13.6866 -9.990e-29
 129.394340      4.376    12.6479  28.899797    23.9931      4.337  280.46922  280.64465    25.0074    13.6704 -9.990e-29
 129.394343      4.401    12.6489  28.898463    23.9898      4.362  280.46726  280.64275    24.9296    13.6462 -9.990e-29
 129.394346      4.430    12.6492  28.897073    23.9881      4.391  280.46808  280.64361    24.8362    14.1314 0.0000e+00
 129.394349      4.461    12.6490  28.893404    23.9865      4.421  280.47569  280.65124    24.8673    14.0950 0.0000e+00
 129.394352      4.500    12.6483  28.886624    23.9808      4.459  280.49123  280.66680    24.6961    14.1921 0.0000e+00
 129.394355      4.529    12.6471  28.881399    23.9768      4.489  280.50633  280.68188    24.8206    14.1233 0.0000e+00
 129.394358      4.569    12.6454  28.874064    23.9711      4.528  280.52725  280.70277    24.8362    13.7473 0.0000e+00
 129.394361      4.600    12.6436  28.868230    23.9699      4.559  280.54648  280.72194    24.8206    13.7917 0.0000e+00
 129.394363      4.633    12.6419  28.870286    23.9690      4.592  280.55090  280.72624    25.0852    13.6987 0.0000e+00
 129.394366      4.659    12.6411  28.868786    23.9695      4.617  280.55731  280.73261    24.9607    13.7675 0.0000e+00
 129.394369      4.690    12.6406  28.874954    23.9690      4.648  280.54862  280.72384    25.2564    13.8969 -9.990e-29
 129.394372      4.711    12.6411  28.870286    23.9703      4.669  280.55465  280.72994    25.1319    13.7998 -9.990e-29
 129.394375      4.732    12.6419  28.878733    23.9775      4.689  280.53547  280.71074    25.2564    13.8605 -9.990e-29
 129.394378      4.752    12.6422  28.884957    23.9830      4.709  280.52298  280.69820    25.3187    13.8524 -9.990e-29
 129.394381      4.774    12.6430  28.894406    23.9950      4.731  280.50235  280.67753    25.0696    13.9050 -9.990e-29
 129.394384      4.799    12.6444  28.899576    23.9948      4.756  280.48637  280.66159    25.2720    13.8160 0.0000e+00
 129.394387      4.828    12.6461  28.900187    23.9950      4.785  280.47755  280.65286    25.2253    13.8726 0.0000e+00
 129.394389      4.863    12.6471  28.901466    23.9950      4.819  280.47023  280.64560    25.1630    13.7756 0.0000e+00
 129.394392      4.894    12.6479  28.911195    24.0034      4.850  280.44911  280.62443    25.2720    13.8847 0.0000e+00
 129.394395      4.925    12.6493  28.915754    24.0067      4.881  280.43456  280.60993    25.8323    13.9980 0.0000e+00
 129.394398      4.958    12.6507  28.917811    24.0076      4.914  280.42417  280.59960    25.6455    13.9858 0.0000e+00
 129.394401      4.993    12.6518  28.923649    24.0122      4.948  280.40834  280.58379    25.8012    13.9211 0.0000e+00
 129.394404      5.022    12.6531  28.926763    24.0143      4.977  280.39672  280.57222    25.4899    13.9292 0.0000e+00
 129.394407      5.053    12.6541  28.927431    24.0143      5.007  280.39117  280.56672    24.1980    14.0708 0.0000e+00
 129.394410      5.082    12.6549  28.935161    24.0143      5.036  280.37331  280.54883    24.4626    14.0344 -9.990e-29
 129.394413      5.102    12.6561  28.936829    24.0215      5.056  280.36461  280.54020    24.2603    14.0303 -9.990e-29
 129.394416      5.124    12.6571  28.942669    24.0262      5.078  280.34945  280.52504    24.1358    14.0627 -9.990e-29
 129.394418      5.148    12.6580  28.944338    24.0286      5.102  280.34211  280.51774    25.5054    13.9575 -9.990e-29
 129.394421      5.177    12.6588  28.946451    24.0287      5.130  280.33464  280.51030    25.3031    13.9494 0.0000e+00
 129.394424      5.204    12.6595  28.947174    24.0288      5.157  280.33000  280.50569    25.4432    14.0101 0.0000e+00
 129.394427      5.237    12.6599  28.948732    24.0300      5.190  280.32555  280.50125    25.2875    13.9575 0.0000e+00
 129.394430      5.270    12.6604  28.951124    24.0318      5.223  280.31893  280.49464    25.3654    13.7634 0.0000e+00
 129.394433      5.303    12.6610  28.954740    24.0348      5.255  280.30978  280.48549    25.4276    13.7756 0.0000e+00
 129.394436      5.336    12.6616  28.957132    24.0357      5.288  280.30249  280.47822    25.4899    13.7311 0.0000e+00
 129.394439      5.365    12.6625  28.956798    24.0365      5.317  280.29907  280.47486    25.4587    13.7715 0.0000e+00
 129.394442      5.396    12.6628  28.958300    24.0368      5.348  280.29472  280.47051    25.3342    13.7513 0.0000e+00
 129.394444      5.427    12.6633  28.958690    24.0369      5.378  280.29169  280.46751    25.6299    14.1759 0.0000e+00
 129.394447      5.452    12.6635  28.958745    24.0369      5.403  280.29060  280.46643    25.3654    14.1840 -9.990e-29
 129.394450      5.474    12.6640  28.959802    24.0374      5.425  280.28636  280.46221    25.3654    14.1557 -9.990e-29
 129.394453      5.498    12.6642  28.960359    24.0378      5.449  280.28471  280.46056    25.4587    14.0991 -9.990e-29
 129.394456      5.516    12.6645  28.960526    24.0378      5.467  280.28308  280.45895    26.0657    13.4602 -9.990e-29
 129.394459      5.540    12.6648  28.961805    24.0392      5.491  280.27912  280.45500    25.7233    13.4319 -9.990e-29
 129.394462      5.566    12.6652  28.962640    24.0394      5.516  280.27562  280.45152    25.8634    13.4966 0.0000e+00
 129.394465      5.600    12.6655  28.963196    24.0392      5.550  280.27364  280.44954    25.7856    13.4157 0.0000e+00
 129.394468      5.630    12.6657  28.963029    24.0396      5.579  280.27261  280.44853    25.6455    14.0020 0.0000e+00
 129.394470      5.661    12.6657  28.963920    24.0396      5.610  280.27137  280.44728    25.5677    13.9899 0.0000e+00
 129.394473      5.692    12.6655  28.963363    24.0396      5.641  280.27306  280.44897    25.8167    14.0424 0.0000e+00
 129.394476      5.726    12.6652  28.962807    24.0396      5.675  280.27542  280.45132    25.4899    14.0222 0.0000e+00
 129.394479      5.757    12.6652  28.963920    24.0404      5.706  280.27378  280.44966    25.4120    14.6288 0.0000e+00
 129.394482      5.788    12.6650  28.965089    24.0415      5.737  280.27238  280.44824    25.4587    14.6692 0.0000e+00
 129.394485      5.814    12.6650  28.965812    24.0419      5.762  280.27110  280.44696    25.3654    14.7016 0.0000e+00
 129.394488      5.841    12.6650  28.966368    24.0422      5.789  280.27012  280.44597    25.3342    14.6611 -9.990e-29
 129.394491      5.863    12.6650  28.969317    24.0453      5.811  280.26485  280.44068    25.4587    14.7299 -9.990e-29
 129.394494      5.881    12.6650  28.969039    24.0451      5.829  280.26536  280.44119    25.2097    14.1355 -9.990e-29
 129.394497      5.905    12.6651  28.969985    24.0465      5.852  280.26335  280.43917    25.1319    14.1395 -9.990e-29
 129.394499      5.934    12.6652  28.970708    24.0470      5.881  280.26173  280.43755    25.3187    14.1759 0.0000e+00
 129.394502      5.965    12.6651  28.971821    24.0476      5.912  280.26010  280.43590    25.2253    14.1314 0.0000e+00
 129.394505      5.997    12.6652  28.973379    24.0489      5.943  280.25699  280.43278    25.2253    14.1152 0.0000e+00
 129.394508      6.031    12.6652  28.975438    24.0508      5.977  280.25299  280.42877    25.1319    14.1071 0.0000e+00
 129.394511      6.064    12.6656  28.976106    24.0510      6.010  280.25013  280.42593    25.2875    14.0869 0.0000e+00
 129.394514      6.097    12.6660  28.974882    24.0511      6.042  280.25032  280.42616    25.2875    14.0829 -9.990e-29
 129.394517      6.122    12.6660  28.977497    24.0522      6.067  280.24599  280.42180    25.6299    13.5693 -9.990e-29
 129.394520      6.150    12.6664  28.980168    24.0543      6.095  280.23921  280.41502    25.7545    13.5774 -9.990e-29
 129.394523      6.175    12.6666  28.980781    24.0547      6.120  280.23712  280.41294    25.5677    13.6179 -9.990e-29
 129.394525      6.205    12.6669  28.982061    24.0557      6.149  280.23350  280.40932    25.8634    13.5491 -9.990e-29
 129.394528      6.225    12.6671  28.984509    24.0578      6.169  280.22812  280.40393    25.9724    14.5722 -9.990e-29
 129.394531      6.239    12.6674  28.986958    24.0598      6.184  280.22207  280.39788    26.1903    14.5075 -9.990e-29
 129.394534      6.263    12.6677  28.987570    24.0614      6.207  280.21964  280.39546    26.0969    14.5600 -9.990e-29
 129.394537      6.290    12.6679  28.989017    24.0617      6.234  280.21640  280.39221    26.1903    14.5075 0.0000e+00
 129.394540      6.322    12.6679  28.989574    24.0614      6.265  280.21508  280.39090    26.0657    14.5883 0.0000e+00
 129.394543      6.356    12.6681  28.988461    24.0612      6.299  280.21642  280.39226    27.4510    14.3093 0.0000e+00
 129.394546      6.395    12.6681  28.989017    24.0608      6.337  280.21545  280.39128    27.5443    14.2891 0.0000e+00
 129.394549      6.426    12.6682  28.988628    24.0608      6.368  280.21549  280.39133    27.4198    14.3134 0.0000e+00
 129.394552      6.462    12.6684  28.988628    24.0607      6.404  280.21451  280.39036    27.2642    14.2972 0.0000e+00
 129.394554      6.493    12.6683  28.988628    24.0607      6.435  280.21520  280.39104    26.1124    15.0251 0.0000e+00
 129.394557      6.528    12.6686  28.989018    24.0607      6.470  280.21318  280.38904    26.2992    15.0372 0.0000e+00
 129.394560      6.555    12.6687  28.988628    24.0609      6.497  280.21356  280.38942    26.0657    15.0938 0.0000e+00
 129.394563      6.581    12.6686  28.989574    24.0609      6.522  280.21221  280.38807    26.2992    15.0898 0.0000e+00
 129.394566      6.607    12.6689  28.993303    24.0614      6.547  280.20421  280.38005    26.4237    14.2851 -9.990e-29
 129.394569      6.625    12.6692  28.993916    24.0650      6.566  280.20178  280.37763    26.2214    14.2608 -9.990e-29
 129.394572      6.646    12.6693  28.995252    24.0661      6.587  280.19873  280.37457    26.2681    14.2689 -9.990e-29
 129.394575      6.670    12.6696  28.996365    24.0672      6.611  280.19541  280.37126    26.1591    14.2972 -9.990e-29
 129.394578      6.699    12.6697  28.996754    24.0675      6.639  280.19439  280.37024    25.1319    13.6987 0.0000e+00
 129.394580      6.747    12.6699  28.997478    24.0677      6.686  280.19212  280.36798    24.7895    13.6543 0.0000e+00
