Processed/SBE19plus_01907321_2022_05_09_Cast97_wfilter.cnv
* Sea-Bird SBE19plus  Data File:
* FileName = E:\Prandtl_Daten\2022\CTD\Raw\SBE19plus_01907321_2022_05_09_Cast97.hex
* Software version 2.6.1.12
* Temperature SN = 7321
* Conductivity SN = 7321
* System UpLoad Time = May 09 2022 10:14:45
* <ApplicationData>
* <Seaterm232>
** Messpraktikum 2022
** CTD 09.05 NM
** NMEA Latitude = 54 01.446 N
** NMEA Longitude = 008 33.477 E
# nquan = 11
# nvalues = 509                         
# units = specified
# name 0 = timeJ: Julian Days
# name 1 = prdM: Pressure, Strain Gauge [db]
# name 2 = tv290C: Temperature [ITS-90, deg C]
# name 3 = c0mS/cm: Conductivity [mS/cm]
# name 4 = sal00: Salinity, Practical [PSU]
# name 5 = depSM: Depth [salt water, m], lat = 54.00
# name 6 = oxsatMm/Kg: Oxygen Saturation, Weiss [umol/kg]
# name 7 = oxsolMm/Kg: Oxygen Saturation, Garcia & Gordon [umol/kg]
# name 8 = turbWETntu0: Turbidity, WET Labs ECO [NTU]
# name 9 = flECO-AFL: Fluorescence, WET Labs ECO-AFL/FL [mg/m^3]
# name 10 = flag:  0.000e+00
# span 0 = 129.421696, 129.423166       
# span 1 =      0.659,     15.643       
# span 2 =    11.6817,    12.1499       
# span 3 =  26.913655,  30.749134       
# span 4 =    22.4815,    26.3562       
# span 5 =      0.654,     15.503       
# span 6 =  281.58147,  286.49637       
# span 7 =  281.67664,  286.66043       
# span 8 =    14.3459,   104.0735       
# span 9 =    13.5046,    21.9639       
# span 10 = 0.0000e+00, 0.0000e+00      
# interval = seconds: 0.25
# start_time = May 09 2022 10:06:03 [Instrument's time stamp, header]
# bad_flag = -9.990e-29
*END*
[from data line 394]
 129.422836     12.492    11.9721  29.438377    24.9267     12.380  282.69671  282.82456    56.3070    20.3020 0.0000e+00
 129.422839     12.518    11.9695  29.447950    24.9279     12.406  282.69125  282.81883    56.1669    19.9502 -9.990e-29
 129.422841     12.538    11.9678  29.450246    24.9418     12.426  282.69529  282.82273    56.1358    19.9583 -9.990e-29
 129.422844     12.547    11.9667  29.459821    24.9515     12.435  282.68286  282.81012    55.9801    19.9259 -9.990e-29
 129.422847     12.553    11.9652  29.468501    24.9606     12.441  282.67373  282.80081    56.1047    19.9219 -9.990e-29
 129.422850     12.558    11.9632  29.486088    24.9783     12.446  282.65074  282.77750    58.6416    20.2292 -9.990e-29
 129.422853     12.573    11.9605  29.494099    24.9876     12.460  282.64881  282.77531    58.4237    20.2333 -9.990e-29
 129.422856     12.591    11.9581  29.495612    25.0032     12.478  282.65727  282.78360    58.4393    20.2413 -9.990e-29
 129.422859     12.622    11.9562  29.507658    25.0090     12.509  282.64422  282.77030    58.4548    20.2333 0.0000e+00
 129.422862     12.654    11.9544  29.518866    25.0148     12.541  282.63174  282.75758    57.2720    21.9639 0.0000e+00
 129.422865     12.702    11.9524  29.572795    25.0665     12.588  282.54138  282.66652    57.2408    21.9559 0.0000e+00
 129.422867     12.748    11.9471  29.607011    25.1020     12.633  282.50307  282.62750    57.3342    21.9275 0.0000e+00
 129.422870     12.797    11.9412  29.646631    25.1430     12.683  282.45768  282.58130    57.2564    21.9518 0.0000e+00
 129.422873     12.841    11.9347  29.696212    25.1938     12.726  282.39673  282.51940    56.2292    18.9353 0.0000e+00
 129.422876     12.888    11.9264  29.761957    25.2609     12.773  282.31397  282.43540    56.2136    18.9393 0.0000e+00
 129.422879     12.927    11.9162  29.776801    25.2713     12.811  282.33449  282.45508    56.3070    18.9595 0.0000e+00
 129.422882     12.959    11.9088  29.783493    25.2817     12.843  282.35728  282.47730    56.2292    18.9433 -9.990e-29
 129.422885     12.981    11.9048  29.780682    25.2930     12.865  282.38159  282.50138    56.3226    18.9393 -9.990e-29
 129.422888     12.997    11.9032  29.790129    25.3029     12.881  282.37128  282.49087    54.8128    19.3760 -9.990e-29
 129.422891     13.011    11.9020  29.804133    25.3168     12.895  282.35087  282.47023    54.7661    19.3962 -9.990e-29
 129.422894     13.028    11.8997  29.835075    25.3474     12.911  282.30457  282.42344    54.7194    19.4043 -9.990e-29
 129.422896     13.046    11.8954  29.855559    25.3695     12.929  282.28688  282.40525    54.7350    19.4367 -9.990e-29
 129.422899     13.064    11.8908  29.867662    25.3773     12.947  282.28608  282.40401    61.6766    20.9288 -9.990e-29
 129.422902     13.092    11.8881  29.858543    25.3894     12.974  282.31585  282.43370    61.7700    20.9490 0.0000e+00
 129.422905     13.125    11.8868  29.883425    25.4015     13.007  282.27553  282.39302    61.7389    20.9288 0.0000e+00
 129.422908     13.159    11.8838  29.911583    25.4299     13.042  282.23731  282.35431    61.6922    20.9207 0.0000e+00
 129.422911     13.194    11.8786  30.016866    25.5322     13.076  282.06618  282.18170    57.2408    20.3586 0.0000e+00
 129.422914     13.239    11.8674  30.077182    25.5964     13.121  282.00672  282.12083    57.1630    20.3627 0.0000e+00
 129.422917     13.281    11.8550  30.112242    25.6379     13.162  282.00033  282.11322    57.3031    20.3707 0.0000e+00
 129.422920     13.319    11.8433  30.182351    25.7118     13.200  281.92468  282.03603    57.2720    20.3829 0.0000e+00
 129.422922     13.350    11.8314  30.201401    25.7249     13.230  281.94530  282.05564    56.9607    18.5147 0.0000e+00
 129.422925     13.376    11.8230  30.200272    25.7379     13.256  281.98686  282.09664    57.0229    18.4702 -9.990e-29
 129.422928     13.394    11.8186  30.189871    25.7359     13.274  282.02680  282.13640    57.0385    18.4985 -9.990e-29
 129.422931     13.417    11.8168  30.205134    25.8096     13.297  282.00683  282.11614    57.1008    18.5107 -9.990e-29
 129.422934     13.443    11.8142  30.265028    25.8244     13.322  281.90758  282.01605    57.0385    18.4905 0.0000e+00
 129.422937     13.470    11.8069  30.291059    25.8392     13.350  281.89323  282.00092    58.2369    20.3667 0.0000e+00
 129.422940     13.505    11.8002  30.299153    25.8514     13.384  281.90938  282.01654    58.3615    20.3910 0.0000e+00
 129.422943     13.540    11.7954  30.315966    25.8688     13.418  281.90080  282.00744    58.2836    20.3707 0.0000e+00
 129.422946     13.578    11.7922  30.311778    25.8706     13.456  281.92359  282.03007    58.2681    20.3667 0.0000e+00
 129.422948     13.616    11.7902  30.330802    25.8881     13.494  281.89755  282.00367    60.8050    20.0189 0.0000e+00
 129.422951     13.647    11.7877  30.347678    25.9058     13.525  281.87777  281.98354    60.7739    20.0594 0.0000e+00
 129.422954     13.684    11.7851  30.376682    25.9349     13.561  281.83600  281.94127    60.6961    20.0351 0.0000e+00
 129.422957     13.715    11.7807  30.415503    25.9547     13.592  281.78400  281.88855    60.6961    20.0028 0.0000e+00
 129.422960     13.741    11.7742  30.405981    25.9745     13.618  281.83230  281.93650    64.1669    19.2021 -9.990e-29
 129.422963     13.761    11.7709  30.405584    25.9720     13.637  281.84863  281.95261    64.1669    19.1940 -9.990e-29
 129.422966     13.779    11.7694  30.414710    25.9817     13.655  281.83873  281.94251    64.2759    19.2102 -9.990e-29
 129.422969     13.797    11.7676  30.432852    26.0509     13.674  281.81296  281.91642    64.2447    19.2102 -9.990e-29
 129.422972     13.823    11.7650  30.484975    26.0696     13.699  281.72793  281.83064    63.6689    21.7092 0.0000e+00
 129.422975     13.854    11.7589  30.520046    26.0883     13.730  281.69093  281.79283    63.6689    21.6809 0.0000e+00
 129.422977     13.890    11.7521  30.536566    26.1087     13.766  281.69212  281.79336    63.6377    21.6809 0.0000e+00
 129.422980     13.925    11.7455  30.579385    26.1451     13.800  281.64283  281.74314    63.8712    21.6688 0.0000e+00
 129.422983     13.965    11.7373  30.564164    26.1451     13.840  281.70979  281.80971    63.6533    21.6688 0.0000e+00
 129.422986     14.000    11.7342  30.547640    26.1316     13.875  281.75495  281.85484    65.7700    19.5216 0.0000e+00
 129.422989     14.033    11.7351  30.543268    26.1316     13.907  281.75927  281.85926    65.6611    19.5256 0.0000e+00
 129.422992     14.066    11.7361  30.585692    26.1662     13.940  281.67509  281.77469    65.8012    19.5378 0.0000e+00
 129.422995     14.093    11.7330  30.608589    26.1780     13.967  281.64650  281.74563    65.7389    19.5297 0.0000e+00
 129.422998     14.124    11.7283  30.621092    26.1899     13.998  281.64542  281.74408    67.3887    20.9530 -9.990e-29
 129.423001     14.146    11.7236  30.617285    26.2048     14.019  281.67452  281.77289    67.5599    20.9530 -9.990e-29
 129.423003     14.166    11.7208  30.623764    26.2129     14.039  281.67532  281.77343    67.3420    20.9692 -9.990e-29
 129.423006     14.190    11.7187  30.618024    26.2119     14.062  281.69609  281.79412    67.3264    20.9611 -9.990e-29
 129.423009     14.215    11.7180  30.620696    26.2205     14.088  281.69434  281.79229    66.8284    21.6283 0.0000e+00
 129.423012     14.250    11.7182  30.638998    26.2291     14.122  281.65913  281.75689    66.9062    21.6485 0.0000e+00
 129.423015     14.281    11.7166  30.657930    26.2481     14.153  281.63114  281.72858    66.9373    21.6283 0.0000e+00
 129.423018     14.313    11.7129  30.660034    26.2481     14.185  281.64432  281.74149    66.8751    21.5960 0.0000e+00
 129.423021     14.348    11.7105  30.653325    26.2526     14.220  281.66820  281.76527    66.2058    20.4354 0.0000e+00
 129.423024     14.384    11.7098  30.661570    26.2563     14.256  281.65601  281.75294    66.1747    20.4193 0.0000e+00
 129.423027     14.421    11.7091  30.663390    26.2585     14.292  281.65586  281.75272    66.2058    20.4516 0.0000e+00
 129.423030     14.455    11.7086  30.663845    26.2593     14.326  281.65761  281.75443    66.2836    20.4435 0.0000e+00
 129.423032     14.490    11.7088  30.664414    26.2597     14.360  281.65560  281.75243    66.1903    20.4152 0.0000e+00
 129.423035     14.523    11.7084  30.666916    26.2622     14.393  281.65255  281.74932    70.9218    20.6781 0.0000e+00
 129.423038     14.550    11.7083  30.667996    26.2628     14.420  281.65119  281.74794    70.8751    20.6659 0.0000e+00
 129.423041     14.578    11.7084  30.669191    26.2634     14.447  281.64865  281.74539    70.8128    20.6821 -9.990e-29
 129.423044     14.596    11.7078  30.670328    26.2659     14.465  281.64944  281.74612    70.9373    20.6902 -9.990e-29
 129.423047     14.620    11.7062  30.677665    26.2739     14.489  281.64281  281.73931    74.2681    19.9543 -9.990e-29
 129.423050     14.642    11.7052  30.681987    26.2788     14.511  281.63957  281.73595    74.1436    19.9906 -9.990e-29
 129.423053     14.665    11.7047  30.691543    26.2881     14.534  281.62394  281.72018    74.1436    19.9866 -9.990e-29
 129.423056     14.697    11.7034  30.705311    26.3021     14.565  281.60430  281.70030    74.1436    19.9866 -9.990e-29
 129.423058     14.720    11.7011  30.714699    26.3143     14.589  281.59769  281.69342    75.0307    20.7266 -9.990e-29
 129.423061     14.751    11.6989  30.714870    26.3150     14.619  281.60738  281.70296    75.1708    20.7387 0.0000e+00
 129.423064     14.784    11.6977  30.715610    26.3158     14.652  281.61150  281.70698    75.1708    20.7468 0.0000e+00
 129.423067     14.819    11.6971  30.719252    26.3184     14.686  281.60792  281.70332    75.0619    20.7468 0.0000e+00
 129.423070     14.859    11.6968  30.717716    26.3197     14.726  281.61179  281.70719    77.4587    20.3465 0.0000e+00
 129.423073     14.892    11.6973  30.726365    26.3262     14.758  281.59336  281.68869    77.5677    20.3546 0.0000e+00
 129.423076     14.921    11.6964  30.735130    26.3352     14.787  281.58147  281.67664    77.4743    20.3910 0.0000e+00
 129.423079     14.948    11.6946  30.737805    26.3390     14.814  281.58485  281.67986    77.6766    20.3627 0.0000e+00
 129.423082     14.975    11.6935  30.737236    26.3390     14.841  281.59076  281.68571    77.4899    20.3222 0.0000e+00
 129.423084     15.001    11.6924  30.735927    26.3391     14.866  281.59839  281.69327    74.4393    20.2980 0.0000e+00
 129.423087     15.030    11.6912  30.736895    26.3405     14.895  281.60239  281.69718    74.2992    20.2899 0.0000e+00
 129.423090     15.057    11.6912  30.737066    26.3406     14.922  281.60209  281.69688    74.3303    20.2858 0.0000e+00
 129.423093     15.092    11.6913  30.742473    26.3457     14.956  281.59166  281.68639    74.2992    20.3101 0.0000e+00
 129.423096     15.121    11.6905  30.744352    26.3480     14.985  281.59170  281.68636    76.5405    20.1241 0.0000e+00
 129.423099     15.161    11.6897  30.746059    26.3502     15.025  281.59239  281.68697    76.6027    20.1362 0.0000e+00
 129.423102     15.195    11.6891  30.746857    26.3502     15.059  281.59350  281.68803    76.5093    20.0958 0.0000e+00
 129.423105     15.230    11.6887  30.744921    26.3513     15.093  281.59908  281.69360    76.5249    20.1160 0.0000e+00
 129.423108     15.259    11.6883  30.746629    26.3510     15.122  281.59783  281.69231    77.8945    20.1888 0.0000e+00
 129.423111     15.294    11.6881  30.745889    26.3513     15.157  281.59988  281.69436    77.8790    20.1807 0.0000e+00
 129.423113     15.320    11.6878  30.745662    26.3510     15.182  281.60194  281.69639    77.9568    20.1726 -9.990e-29
 129.423116     15.340    11.6879  30.745320    26.3507     15.202  281.60227  281.69673    77.8323    20.1847 -9.990e-29
 129.423119     15.360    11.6881  30.747199    26.3521     15.222  281.59780  281.69225    78.9373    20.8479 -9.990e-29
 129.423122     15.385    11.6884  30.747199    26.3507     15.248  281.59653  281.69100    78.9218    20.8681 0.0000e+00
 129.423125     15.413    11.6889  30.744523    26.3521     15.275  281.59898  281.69353    78.9529    20.8519 0.0000e+00
 129.423128     15.442    11.6892  30.748110    26.3523     15.304  281.59067  281.68520    78.9996    20.8802 0.0000e+00
 129.423131     15.473    11.6892  30.748337    26.3526     15.335  281.59059  281.68511    79.0774    20.8883 0.0000e+00
 129.423134     15.501    11.6888  30.748167    26.3527     15.362  281.59286  281.68735    80.2447    20.4840 0.0000e+00
 129.423137     15.526    11.6892  30.749134    26.3528     15.387  281.58881  281.68333    80.1513    20.4840 0.0000e+00
 129.423139     15.552    11.6896  30.748964    26.3528     15.413  281.58754  281.68208    80.2136    20.5042 0.0000e+00
 129.423142     15.578    11.6899  30.748736    26.3526     15.438  281.58669  281.68126    80.2136    20.4840 0.0000e+00
 129.423145     15.623    11.6894  30.748736    26.3524     15.483  281.58898  281.68351    81.4432    21.1673 -9.990e-29
 129.423148     15.631    11.6890  30.746459    26.3508     15.490  281.59486  281.68939    81.4432    21.1876 -9.990e-29
 129.423151     15.629    11.6877  30.746346    26.3516     15.488  281.60119  281.69563    81.3342    21.1916 -9.990e-29
 129.423154     15.634    11.6856  30.745094    26.3520     15.494  281.61352  281.70783    81.4120    21.1350 -9.990e-29
 129.423157     15.634    11.6840  30.746232    26.3542     15.494  281.61879  281.71298   103.9646    18.5430 -9.990e-29
 129.423160     15.640    11.6829  30.745322    26.3541     15.499  281.62566  281.71977   103.7000    18.5552 -9.990e-29
 129.423163     15.634    11.6822  30.745891    26.3551     15.494  281.62780  281.72187   104.0735    18.5511 -9.990e-29
 129.423166     15.643    11.6817  30.746631    26.3562     15.503  281.62868  281.72270   103.8401    18.5754 -9.990e-29
