Processed/SBE19plus_01907321_2022_05_05_Cast25_wfilter.cnv
* Sea-Bird SBE19plus  Data File:
* FileName = E:\Prandtl Daten\2022\CTD\Raw\SBE19plus_01907321_2022_05_05_Cast25.hex
* Software version 2.6.1.12
* Temperature SN = 7321
* Conductivity SN = 7321
* System UpLoad Time = May 05 2022 08:51:50
* <ApplicationData>
* <Seaterm232>
** Messpraktikum 2022
** CTD 05.05 NP1
# nquan = 11
# nvalues = 197                         
# units = specified
# name 0 = timeJ: Julian Days
# name 1 = prdM: Pressure, Strain Gauge [db]
# name 2 = tv290C: Temperature [ITS-90, deg C]
# name 3 = c0mS/cm: Conductivity [mS/cm]
# name 4 = sal00: Salinity, Practical [PSU]
# name 5 = depSM: Depth [salt water, m], lat = 54.00
# name 6 = oxsatMm/Kg: Oxygen Saturation, Weiss [umol/kg]
# name 7 = oxsolMm/Kg: Oxygen Saturation, Garcia & Gordon [umol/kg]
# name 8 = turbWETntu0: Turbidity, WET Labs ECO [NTU]
# name 9 = flECO-AFL: Fluorescence, WET Labs ECO-AFL/FL [mg/m^3]
# name 10 = flag:  0.000e+00
# span 0 = 125.366395, 125.366962       
# span 1 =      0.697,      5.645       
# span 2 =    11.7591,    12.1133       
# span 3 =  31.785913,  31.959498       
# span 4 =    27.1959,    27.3919       
# span 5 =      0.691,      5.595       
# span 6 =  277.39303,  279.27334       
# span 7 =  277.50367,  279.36104       
# span 8 =     4.7739,    14.9373       
# span 9 =     3.0761,     7.3179       
# span 10 = 0.0000e+00, 0.0000e+00      
# interval = seconds: 0.25
# start_time = May 05 2022 08:46:13 [Instrument's time stamp, header]
# bad_flag = -9.990e-29
*END*
[from data line 132]
 125.366777      4.160    11.7701  31.879958    27.3706      4.122  279.09606  279.18350    11.2175     6.6062 -9.990e-29
 125.366780      4.185    11.7709  31.878976    27.3691      4.147  279.09444  279.18195    10.9685     6.7194 -9.990e-29
 125.366782      4.203    11.7707  31.881747    27.3718      4.166  279.08992  279.17739    10.9840     6.7275 -9.990e-29
 125.366785      4.223    11.7708  31.885153    27.3750      4.185  279.08328  279.17071    11.0152     6.7801 -9.990e-29
 125.366788      4.240    11.7720  31.891562    27.3802      4.202  279.06601  279.15345    10.9529     6.7032 -9.990e-29
 125.366791      4.261    11.7737  31.894564    27.3827      4.223  279.05288  279.14041    12.3070     7.0308 -9.990e-29
 125.366794      4.293    11.7752  31.896758    27.3803      4.254  279.04158  279.12920    12.1513     7.3138 0.0000e+00
 125.366797      4.326    11.7768  31.892774    27.3788      4.287  279.04209  279.12986    12.1980     7.3057 0.0000e+00
 125.366800      4.353    11.7773  31.894217    27.3781      4.314  279.03691  279.12470    12.2447     7.2977 0.0000e+00
 125.366803      4.386    11.7776  31.893756    27.3788      4.346  279.03653  279.12435    12.2914     7.2896 0.0000e+00
 125.366806      4.415    11.7775  31.894564    27.3790      4.375  279.03567  279.12348    11.2019     6.5617 0.0000e+00
 125.366808      4.442    11.7775  31.896354    27.3799      4.402  279.03236  279.12014    11.2486     6.5375 0.0000e+00
 125.366811      4.473    11.7777  31.899126    27.3807      4.433  279.02628  279.11405    11.2175     6.5294 -9.990e-29
 125.366814      4.497    11.7779  31.898952    27.3827      4.457  279.02536  279.11315    11.2798     6.5536 -9.990e-29
 125.366817      4.521    11.7783  31.898952    27.3825      4.480  279.02380  279.11161    12.6650     6.8124 -9.990e-29
 125.366820      4.539    11.7783  31.898779    27.3823      4.498  279.02414  279.11195    12.8206     6.7841 -9.990e-29
 125.366823      4.559    11.7784  31.899357    27.3828      4.518  279.02276  279.11057    12.7895     6.8165 -9.990e-29
 125.366826      4.583    11.7783  31.898953    27.3825      4.542  279.02385  279.11166    12.7117     6.8043 -9.990e-29
 125.366829      4.608    11.7782  31.901551    27.3866      4.567  279.01934  279.10712    11.6533     6.9620 -9.990e-29
 125.366832      4.636    11.7786  31.903572    27.3863      4.594  279.01403  279.10181    11.7934     6.9944 0.0000e+00
 125.366834      4.666    11.7791  31.903341    27.3860      4.625  279.01227  279.10009    11.7311     7.0146 0.0000e+00
 125.366837      4.694    11.7793  31.902533    27.3860      4.652  279.01254  279.10038    11.8245     7.0389 0.0000e+00
 125.366840      4.730    11.7795  31.903745    27.3860      4.688  279.00936  279.09721    11.9179     6.9863 0.0000e+00
 125.366843      4.757    11.7797  31.904554    27.3867      4.715  279.00725  279.09510    12.4626     6.4606 0.0000e+00
 125.366846      4.785    11.7799  31.905362    27.3873      4.742  279.00482  279.09267    12.4626     6.4444 0.0000e+00
 125.366849      4.817    11.7803  31.906402    27.3877      4.774  279.00102  279.08889    12.4004     6.4647 0.0000e+00
 125.366852      4.846    11.7806  31.906344    27.3880      4.803  278.99989  279.08778    12.4938     6.4768 -9.990e-29
 125.366855      4.870    11.7809  31.906518    27.3877      4.827  278.99832  279.08623    12.4782     6.6224 -9.990e-29
 125.366858      4.892    11.7811  31.906749    27.3877      4.848  278.99665  279.08458    12.4938     6.5860 -9.990e-29
 125.366861      4.910    11.7814  31.907326    27.3880      4.866  278.99433  279.08227    12.4626     6.5981 -9.990e-29
 125.366863      4.924    11.7816  31.908943    27.3894      4.880  278.99039  279.07832    12.5716     6.6062 -9.990e-29
 125.366866      4.948    11.7822  31.910329    27.3902      4.904  278.98499  279.07296    11.9957     7.3179 -9.990e-29
 125.366869      4.972    11.7833  31.912119    27.3900      4.927  278.97664  279.06467    11.9957     7.3179 -9.990e-29
 125.366872      5.001    11.7842  31.911715    27.3891      4.956  278.97332  279.06142    11.9957     7.3057 0.0000e+00
 125.366875      5.032    11.7849  31.910156    27.3888      4.987  278.97341  279.06157    12.0113     7.2977 0.0000e+00
 125.366878      5.063    11.7850  31.910964    27.3888      5.018  278.97130  279.05946    12.8206     6.6668 0.0000e+00
 125.366881      5.101    11.7851  31.912119    27.3898      5.056  278.96886  279.05701    12.6805     6.6668 0.0000e+00
 125.366884      5.130    11.7854  31.913332    27.3907      5.084  278.96537  279.05352    12.6650     6.6507 0.0000e+00
 125.366887      5.158    11.7859  31.913736    27.3907      5.112  278.96212  279.05031    12.7895     6.6547 0.0000e+00
 125.366889      5.187    11.7867  31.914314    27.3907      5.141  278.95760  279.04584    12.7428     6.6911 0.0000e+00
 125.366892      5.213    11.7872  31.914314    27.3907      5.166  278.95510  279.04338    12.4004     6.4849 -9.990e-29
 125.366895      5.237    11.7878  31.914718    27.3902      5.190  278.95154  279.03985    12.5249     6.4970 -9.990e-29
 125.366898      5.255    11.7881  31.915123    27.3903      5.208  278.94954  279.03787    12.4315     6.4687 -9.990e-29
 125.366901      5.275    11.7881  31.914718    27.3899      5.228  278.95030  279.03864    12.5093     6.4525 -9.990e-29
 125.366904      5.291    11.7883  31.915527    27.3914      5.244  278.94787  279.03621    12.9607     7.0025 -9.990e-29
 125.366907      5.321    11.7887  31.916740    27.3911      5.273  278.94406  279.03241    12.8206     6.9539 0.0000e+00
 125.366910      5.347    11.7892  31.916335    27.3909      5.299  278.94263  279.03102    12.8206     6.9661 0.0000e+00
 125.366913      5.378    11.7896  31.916913    27.3907      5.329  278.93937  279.02779    12.7739     6.9823 0.0000e+00
 125.366916      5.410    11.7899  31.916913    27.3909      5.362  278.93813  279.02658    13.1163     6.5536 0.0000e+00
 125.366918      5.443    11.7901  31.917953    27.3913      5.395  278.93559  279.02403    13.0541     6.5536 0.0000e+00
 125.366921      5.472    11.7904  31.917953    27.3915      5.423  278.93404  279.02251    13.1630     6.5536 0.0000e+00
 125.366924      5.501    11.7909  31.918761    27.3913      5.452  278.93035  279.01885    13.1319     6.5536 0.0000e+00
 125.366927      5.527    11.7914  31.918761    27.3915      5.477  278.92817  279.01670    12.8517     6.2787 0.0000e+00
 125.366930      5.558    11.7917  31.918530    27.3913      5.508  278.92705  279.01560    12.8206     6.2625 -9.990e-29
 125.366933      5.578    11.7923  31.919512    27.3913      5.528  278.92272  279.01130    12.8517     6.2787 -9.990e-29
 125.366936      5.598    11.7925  31.919512    27.3912      5.548  278.92179  279.01038    12.9140     6.2867 -9.990e-29
 125.366939      5.614    11.7927  31.919917    27.3914      5.564  278.92010  279.00871    12.8829     6.2948 -9.990e-29
 125.366942      5.633    11.7928  31.919917    27.3913      5.583  278.91980  279.00841    14.2214     6.5334 -9.990e-29
 125.366944      5.644    11.7930  31.919339    27.3906      5.593  278.91994  279.00857    14.1436     6.5334 -9.990e-29
 125.366947      5.643    11.7928  31.918762    27.3902      5.593  278.92196  279.01058    14.1591     6.5334 -9.990e-29
 125.366950      5.642    11.7926  31.920148    27.3917      5.591  278.92032  279.00892    14.0346     6.5294 -9.990e-29
 125.366953      5.642    11.7928  31.920148    27.3916      5.591  278.91938  279.00799    14.8906     7.0469 -9.990e-29
 125.366956      5.643    11.7934  31.920956    27.3919      5.593  278.91504  279.00369    14.9373     7.0995 -9.990e-29
 125.366959      5.644    11.7938  31.920552    27.3912      5.593  278.91391  279.00259    14.8906     7.0753 -9.990e-29
 125.366962      5.645    11.7940  31.920321    27.3908      5.595  278.91339  279.00209    14.9062     7.0227 -9.990e-29
