Processed/SBE19plus_01907321_2022_05_12_Cast134_wfilter.cnv
* Sea-Bird SBE19plus  Data File:
* FileName = E:\Prandtl_Daten\2022\CTD\Raw\SBE19plus_01907321_2022_05_12_Cast134.hex
* Software version 2.6.1.12
* Temperature SN = 7321
* Conductivity SN = 7321
* System UpLoad Time = May 12 2022 12:25:43
* <ApplicationData>
* <Seaterm232>
** Messpraktikum 2022
** CTD 10.05  M1
** NMEA Latitude = 54 06.03N
** NMEA Longitude = 008 38.82E
# nquan = 11
# nvalues = 439                         
# units = specified
# name 0 = timeJ: Julian Days
# name 1 = prdM: Pressure, Strain Gauge [db]
# name 2 = tv290C: Temperature [ITS-90, deg C]
# name 3 = c0mS/cm: Conductivity [mS/cm]
# name 4 = sal00: Salinity, Practical [PSU]
# name 5 = depSM: Depth [salt water, m], lat = 54.00
# name 6 = oxsatMm/Kg: Oxygen Saturation, Weiss [umol/kg]
# name 7 = oxsolMm/Kg: Oxygen Saturation, Garcia & Gordon [umol/kg]
# name 8 = turbWETntu0: Turbidity, WET Labs ECO [NTU]
# name 9 = flECO-AFL: Fluorescence, WET Labs ECO-AFL/FL [mg/m^3]
# name 10 = flag:  0.000e+00
# span 0 = 132.513547, 132.514815       
# span 1 =      0.987,     11.148       
# span 2 =    13.5842,    13.7224       
# span 3 =  31.829905,  32.131259       
# span 4 =    26.0434,    26.2197       
# span 5 =      0.978,     11.048       
# span 6 =  269.98797,  271.09525       
# span 7 =  270.19969,  271.30124       
# span 8 =    23.3731,   228.3381       
# span 9 =    10.6296,    24.1718       
# span 10 = 0.0000e+00, 0.0000e+00      
# interval = seconds: 0.25
# start_time = May 12 2022 12:18:16 [Instrument's time stamp, header]
# bad_flag = -9.990e-29
*END*
 132.513547      0.993    13.6055  31.855459    26.0517      0.984  270.95866  271.16569    24.2136    13.2620 -9.990e-29
 132.513550      0.987    13.6049  31.857652    26.0541      0.978  270.95750  271.16447    24.2603    13.2539 -9.990e-29
 132.513553      1.002    13.6045  31.854824    26.0498      0.993  270.96392  271.17089    24.2292    13.2903 -9.990e-29
 132.513556      1.031    13.6034  31.851823    26.0503      1.022  270.97385  271.18078    24.1669    13.2742 0.0000e+00
 132.513559      1.076    13.6018  31.851650    26.0508      1.067  270.98122  271.18806    23.6844    11.7618 0.0000e+00
 132.513562      1.140    13.6006  31.854017    26.0523      1.130  270.98237  271.18912    23.6533    11.7578 0.0000e+00
 132.513565      1.180    13.6010  31.854017    26.0537      1.170  270.98079  271.18756    23.7311    11.7659 -9.990e-29
 132.513568      1.187    13.6029  31.854017    26.0521      1.177  270.97246  271.17934    23.7155    11.7659 -9.990e-29
 132.513571      1.181    13.6040  31.857710    26.0547      1.171  270.96136  271.16829    23.4198    10.6620 -9.990e-29
 132.513573      1.174    13.6054  31.857998    26.0540      1.164  270.95478  271.16178    23.3731    10.6822 -9.990e-29
 132.513576      1.154    13.6067  31.858402    26.0535      1.144  270.94862  271.15570    23.4198    10.6539 -9.990e-29
 132.513579      1.160    13.6074  31.856440    26.0510      1.149  270.94876  271.15589    23.4043    10.6296 -9.990e-29
 132.513582      1.191    13.6070  31.855805    26.0509      1.180  270.95178  271.15889    24.2292    11.4950 0.0000e+00
 132.513585      1.231    13.6061  31.855055    26.0508      1.220  270.95661  271.16368    24.1980    11.5030 0.0000e+00
 132.513588      1.267    13.6057  31.853613    26.0508      1.256  270.96100  271.16806    24.1825    11.4950 0.0000e+00
 132.513591      1.300    13.6048  31.854421    26.0501      1.288  270.96350  271.17050    24.0891    11.4990 0.0000e+00
 132.513594      1.344    13.6043  31.852863    26.0501      1.332  270.96842  271.17540    23.4665    10.9895 0.0000e+00
 132.513597      1.389    13.6045  31.852228    26.0498      1.377  270.96888  271.17588    23.5132    10.9814 0.0000e+00
 132.513600      1.424    13.6047  31.855806    26.0494      1.412  270.96186  271.16884    23.4665    10.9693 -9.990e-29
 132.513602      1.446    13.6047  31.854652    26.0514      1.433  270.96384  271.17082    23.4198    10.9491 -9.990e-29
 132.513605      1.470    13.6042  31.853440    26.0506      1.457  270.96815  271.17512    23.4976    10.9733 -9.990e-29
 132.513608      1.486    13.6027  31.852460    26.0508      1.473  270.97625  271.18313    24.0891    11.5637 -9.990e-29
 132.513611      1.490    13.6014  31.852056    26.0512      1.477  270.98239  271.18920    24.2292    11.5556 -9.990e-29
 132.513614      1.499    13.6005  31.852864    26.0526      1.486  270.98519  271.19194    24.1669    11.5839 -9.990e-29
 132.513617      1.516    13.6001  31.851652    26.0516      1.502  270.98886  271.19561    24.2603    11.5718 -9.990e-29
 132.513620      1.547    13.6000  31.851421    26.0532      1.533  270.98959  271.19633    24.6805    12.0247 0.0000e+00
 132.513623      1.579    13.6005  31.855230    26.0547      1.565  270.98121  271.18795    24.6805    12.0125 0.0000e+00
 132.513626      1.609    13.6009  31.856442    26.0555      1.594  270.97725  271.18400    24.6494    12.0125 0.0000e+00
 132.513628      1.636    13.6009  31.857827    26.0561      1.621  270.97491  271.18165    24.7117    12.0125 0.0000e+00
 132.513631      1.661    13.6006  31.859212    26.0568      1.646  270.97417  271.18088    26.5638    13.1650 -9.990e-29
 132.513634      1.676    13.6007  31.864984    26.0634      1.661  270.96373  271.17040    26.6261    13.1448 -9.990e-29
 132.513637      1.698    13.6024  31.874796    26.0725      1.682  270.93968  271.14637    26.7350    13.1407 -9.990e-29
 132.513640      1.734    13.6048  31.878202    26.0716      1.719  270.92334  271.13014    26.6883    13.1165 0.0000e+00
 132.513643      1.780    13.6070  31.877971    26.0718      1.764  270.91446  271.12139    28.7117    12.9264 0.0000e+00
 132.513646      1.812    13.6078  31.879760    26.0713      1.796  270.90759  271.11456    28.7584    12.9588 0.0000e+00
 132.513649      1.844    13.6084  31.883397    26.0718      1.827  270.89886  271.10584    28.8206    12.9992 -9.990e-29
 132.513652      1.865    13.6092  31.884552    26.0752      1.849  270.89339  271.10040    28.7584    12.9709 -9.990e-29
 132.513655      1.873    13.6107  31.889574    26.0787      1.856  270.87845  271.08551    28.8206    12.9588 -9.990e-29
 132.513657      1.878    13.6125  31.894366    26.0818      1.861  270.86230  271.06943    28.4938    13.5249 -9.990e-29
 132.513660      1.889    13.6145  31.901930    26.0873      1.872  270.84080  271.04798    28.5560    13.5208 -9.990e-29
 132.513663      1.894    13.6164  31.904759    26.0886      1.878  270.82798  271.03526    28.5093    13.5046 -9.990e-29
 132.513666      1.887    13.6179  31.901756    26.0848      1.870  270.82635  271.03374    28.5560    13.5289 -9.990e-29
 132.513669      1.891    13.6186  31.903546    26.0859      1.874  270.82011  271.02752    27.3264    13.2175 -9.990e-29
 132.513672      1.902    13.6187  31.903142    26.0855      1.885  270.82048  271.02790    27.4043    13.2014 -9.990e-29
 132.513675      1.908    13.6185  31.901352    26.0841      1.890  270.82449  271.03191    27.5288    13.1973 -9.990e-29
 132.513678      1.915    13.6179  31.894539    26.0783      1.898  270.83863  271.04607    27.4354    13.2135 -9.990e-29
 132.513681      1.931    13.6161  31.892980    26.0750      1.914  270.84898  271.05633    29.7545    12.9830 -9.990e-29
 132.513683      1.970    13.6147  31.888477    26.0741      1.952  270.86306  271.07037    29.9257    13.0154 0.0000e+00
 132.513686      2.002    13.6128  31.884956    26.0731      1.984  270.87740  271.08462    29.7700    13.0194 0.0000e+00
 132.513689      2.039    13.6107  31.881377    26.0731      2.021  270.89248  271.09961    29.7233    13.0113 0.0000e+00
 132.513692      2.097    13.6099  31.882994    26.0733      2.079  270.89329  271.10036    26.6883    13.2014 0.0000e+00
 132.513695      2.169    13.6094  31.883398    26.0733      2.149  270.89489  271.10193    26.6727    13.2256 0.0000e+00
 132.513698      2.236    13.6089  31.878376    26.0697      2.216  270.90571  271.11276    26.6261    13.2175 0.0000e+00
 132.513701      2.293    13.6080  31.873181    26.0656      2.272  270.91842  271.12546    26.7506    13.1973 0.0000e+00
 132.513704      2.336    13.6058  31.865793    26.0630      2.316  270.94063  271.14759    26.6883    13.1973 0.0000e+00
 132.513707      2.366    13.6031  31.864986    26.0604      2.345  270.95388  271.16069    24.1202    12.9749 -9.990e-29
 132.513709      2.379    13.6011  31.861812    26.0600      2.357  270.96794  271.17466    24.1358    12.9749 -9.990e-29
 132.513712      2.384    13.5996  31.858407    26.0579      2.363  270.98015  271.18681    24.2292    13.0113 -9.990e-29
 132.513715      2.388    13.5978  31.855810    26.0568      2.366  270.99258  271.19916    24.2292    12.9709 -9.990e-29
 132.513718      2.388    13.5957  31.851828    26.0546      2.366  271.00833  271.21482    25.9568    12.9304 -9.990e-29
 132.513721      2.393    13.5938  31.848828    26.0532      2.372  271.02178  271.22817    25.8012    12.9102 -9.990e-29
 132.513724      2.398    13.5915  31.844096    26.0505      2.377  271.03977  271.24607    25.9568    12.8860 -9.990e-29
 132.513727      2.409    13.5895  31.840058    26.0482      2.388  271.05563  271.26184    26.0035    12.9345 -9.990e-29
 132.513730      2.429    13.5879  31.840866    26.0501      2.408  271.06133  271.26743    24.6494    13.1812 -9.990e-29
 132.513733      2.444    13.5868  31.840866    26.0507      2.422  271.06583  271.27187    24.6494    13.1245 -9.990e-29
 132.513736      2.462    13.5866  31.839481    26.0496      2.440  271.06915  271.27520    24.7739    13.1326 -9.990e-29
 132.513738      2.489    13.5862  31.840289    26.0506      2.467  271.06940  271.27542    24.7272    13.1569 -9.990e-29
 132.513741      2.498    13.5869  31.840058    26.0499      2.476  271.06691  271.27297    24.7272    12.9951 -9.990e-29
 132.513744      2.506    13.5873  31.838904    26.0486      2.483  271.06695  271.27305    24.7584    13.0032 -9.990e-29
 132.513747      2.518    13.5875  31.836308    26.0462      2.496  271.07074  271.27686    24.6961    12.9951 -9.990e-29
 132.513750      2.528    13.5870  31.836885    26.0470      2.505  271.07169  271.27778    24.7895    13.0073 -9.990e-29
 132.513753      2.542    13.5865  31.835904    26.0464      2.520  271.07561  271.28168    24.6338    13.0032 -9.990e-29
 132.513756      2.563    13.5865  31.834289    26.0441      2.540  271.07837  271.28445    23.5288    12.7080 -9.990e-29
 132.513759      2.599    13.5859  31.832904    26.0448      2.576  271.08332  271.28937    23.5599    12.7323 0.0000e+00
 132.513762      2.643    13.5851  31.833712    26.0441      2.619  271.08582  271.29182    23.4665    12.7000 0.0000e+00
 132.513764      2.697    13.5848  31.831289    26.0434      2.673  271.09093  271.29694    23.4665    12.7444 0.0000e+00
 132.513767      2.757    13.5844  31.829905    26.0434      2.733  271.09525  271.30124    27.1085    13.0841 0.0000e+00
 132.513770      2.821    13.5842  31.836713    26.0487      2.796  271.08467  271.29059    27.2019    13.0801 0.0000e+00
 132.513773      2.874    13.5854  31.853620    26.0559      2.849  271.05080  271.25665    27.2953    13.0558 0.0000e+00
 132.513776      2.911    13.5891  31.867009    26.0631      2.885  271.01169  271.21766    27.1552    13.0881 -9.990e-29
 132.513779      2.931    13.5949  31.894948    26.0940      2.905  270.93886  271.14494    27.2331    13.3510 -9.990e-29
 132.513782      2.943    13.6023  31.906323    26.0992      2.916  270.88716  271.09359    27.2642    13.3429 -9.990e-29
 132.513785      2.941    13.6089  31.908170    26.0964      2.915  270.85551  271.06231    27.1552    13.3146 -9.990e-29
 132.513788      2.928    13.6138  31.908169    26.0931      2.902  270.83403  271.04113    27.2019    13.3146 -9.990e-29
 132.513791      2.910    13.6161  31.912154    26.0951      2.884  270.81732  271.02452    27.2798    13.1852 -9.990e-29
 132.513793      2.897    13.6178  31.915330    26.0968      2.871  270.80423  271.01150    27.2019    13.1771 -9.990e-29
 132.513796      2.904    13.6192  31.908919    26.0901      2.878  270.80935  271.01676    27.2642    13.2014 -9.990e-29
 132.513799      2.924    13.6190  31.894369    26.0669      2.898  270.83472  271.04224    27.2175    13.1812 -9.990e-29
 132.513802      2.972    13.6164  31.881091    26.0673      2.945  270.86885  271.07631    27.0930    13.2135 0.0000e+00
 132.513805      3.036    13.6126  31.879186    26.0669      3.008  270.88847  271.09573    24.5249    12.7687 0.0000e+00
 132.513808      3.100    13.6096  31.872606    26.0637      3.072  270.91284  271.11997    24.4315    12.7525 0.0000e+00
 132.513811      3.153    13.6070  31.869778    26.0629      3.124  270.92890  271.13590    24.4626    12.7930 0.0000e+00
 132.513814      3.196    13.6053  31.862622    26.0603      3.168  270.94878  271.15575    24.4004    12.7323 0.0000e+00
 132.513817      3.224    13.6028  31.852061    26.0576      3.195  270.97766  271.18456    29.7389    13.1852 -9.990e-29
 132.513819      3.235    13.5990  31.846637    26.0474      3.206  271.00324  271.20997    29.8323    13.2054 -9.990e-29
 132.513822      3.227    13.5954  31.848657    26.0517      3.198  271.01552  271.22201    29.8478    13.1933 -9.990e-29
 132.513825      3.218    13.5943  31.861642    26.0642      3.189  270.99824  271.20456    29.7389    13.1973 -9.990e-29
 132.513828      3.207    13.5956  31.857659    26.0597      3.178  270.99956  271.20598    37.7389    14.4711 -9.990e-29
 132.513831      3.205    13.5969  31.869202    26.0693      3.176  270.97415  271.18057    37.6611    14.5115 -9.990e-29
 132.513834      3.220    13.5999  31.902571    26.1168      3.191  270.90428  271.11060    37.7700    14.4509 -9.990e-29
 132.513837      3.260    13.6073  31.929713    26.1229      3.231  270.82581  271.03235    37.6455    14.4509 0.0000e+00
 132.513840      3.306    13.6170  31.950336    26.1289      3.276  270.74885  270.95579    34.3303    14.3417 0.0000e+00
 132.513843      3.364    13.6269  31.971773    26.1415      3.334  270.66927  270.87662    34.2369    14.3336 0.0000e+00
 132.513845      3.415    13.6364  31.980615    26.1423      3.385  270.61269  270.82053    34.1903    14.3376 0.0000e+00
 132.513848      3.463    13.6436  31.980961    26.1430      3.432  270.58108  270.78935    34.2836    14.3579 -9.990e-29
 132.513851      3.486    13.6482  31.982810    26.1369      3.455  270.55779  270.76632    34.1436    14.3376 -9.990e-29
 132.513854      3.496    13.6505  31.983619    26.1361      3.464  270.54651  270.75516    34.7973    14.1395 -9.990e-29
 132.513857      3.488    13.6517  31.982983    26.1346      3.457  270.54214  270.75087    34.6883    14.1395 -9.990e-29
 132.513860      3.481    13.6520  31.979573    26.1314      3.450  270.54664  270.75541    34.6883    14.1557 -9.990e-29
 132.513863      3.467    13.6517  31.977608    26.1298      3.436  270.55156  270.76033    34.8284    14.1759 -9.990e-29
 132.513866      3.452    13.6511  31.967148    26.1208      3.421  270.57185  270.78067    32.6338    13.5774 -9.990e-29
 132.513869      3.452    13.6489  31.949756    26.1066      3.421  270.61095  270.81978    32.8050    13.5774 -9.990e-29
 132.513872      3.474    13.6447  31.943343    26.1087      3.443  270.64010  270.84873    32.8517    13.5976 -9.990e-29
 132.513874      3.518    13.6412  31.946348    26.1039      3.486  270.65008  270.85849    32.7428    13.5855 0.0000e+00
 132.513877      3.587    13.6389  31.933928    26.0990      3.555  270.68112  270.88950    28.7895    13.2014 0.0000e+00
 132.513880      3.671    13.6355  31.925322    26.0936      3.638  270.71084  270.91908    28.8050    13.2297 0.0000e+00
 132.513883      3.760    13.6312  31.920933    26.0925      3.727  270.73692  270.94495    28.7428    13.2095 0.0000e+00
 132.513886      3.830    13.6278  31.918161    26.0924      3.795  270.75641  270.96425    28.7895    13.1892 0.0000e+00
 132.513889      3.886    13.6253  31.913542    26.0923      3.851  270.77518  270.98292    32.3381    13.6179 -9.990e-29
 132.513892      3.910    13.6233  31.911925    26.0897      3.875  270.78659  270.99422    32.1980    13.7958 -9.990e-29
 132.513895      3.913    13.6215  31.911175    26.0902      3.878  270.79588  271.00341    32.2136    13.7837 -9.990e-29
 132.513898      3.901    13.6201  31.916545    26.0960      3.866  270.79284  271.00024    32.3070    13.7513 -9.990e-29
 132.513900      3.868    13.6208  31.935317    26.1125      3.833  270.75773  270.96503    32.2914    13.7513 -9.990e-29
 132.513903      3.820    13.6247  31.937743    26.1121      3.786  270.73661  270.94412    35.9801    14.3659 -9.990e-29
 132.513906      3.773    13.6283  31.940342    26.1120      3.739  270.71647  270.92417    35.8712    14.3457 -9.990e-29
 132.513909      3.721    13.6307  31.945136    26.1147      3.688  270.69806  270.90585    35.9801    14.3336 -9.990e-29
 132.513912      3.687    13.6328  31.943345    26.1117      3.654  270.69211  270.90004    35.9646    14.3376 -9.990e-29
 132.513915      3.674    13.6335  31.934160    26.1029      3.641  270.70449  270.91254    28.5560    13.2620 -9.990e-29
 132.513918      3.702    13.6329  31.938955    26.1076      3.668  270.69893  270.90691    28.5560    13.2459 -9.990e-29
 132.513921      3.769    13.6326  31.930521    26.0913      3.735  270.71457  270.92259    28.6805    13.2499 -9.990e-29
 132.513924      3.862    13.6313  31.919721    26.0912      3.828  270.73872  270.94676    28.5871    13.2580 0.0000e+00
