Processed/SBE19plus_01907321_2022_05_07_Cast67_wfilter.cnv
* Sea-Bird SBE19plus  Data File:
* FileName = E:\Prandtl Daten\2022\CTD\Raw\SBE19plus_01907321_2022_05_07_Cast67.hex
* Software version 2.6.1.12
* Temperature SN = 7321
* Conductivity SN = 7321
* System UpLoad Time = May 07 2022 10:58:39
* <ApplicationData>
* <Seaterm232>
** Messpraktikum 2022
** CTD 07.05 MP3
** NMEA Latitude = 54 03.511 N
** NMEA Longitude = 008 42.838 E
# nquan = 11
# nvalues = 362                         
# units = specified
# name 0 = timeJ: Julian Days
# name 1 = prdM: Pressure, Strain Gauge [db]
# name 2 = tv290C: Temperature [ITS-90, deg C]
# name 3 = c0mS/cm: Conductivity [mS/cm]
# name 4 = sal00: Salinity, Practical [PSU]
# name 5 = depSM: Depth [salt water, m], lat = 54.00
# name 6 = oxsatMm/Kg: Oxygen Saturation, Weiss [umol/kg]
# name 7 = oxsolMm/Kg: Oxygen Saturation, Garcia & Gordon [umol/kg]
# name 8 = turbWETntu0: Turbidity, WET Labs ECO [NTU]
# name 9 = flECO-AFL: Fluorescence, WET Labs ECO-AFL/FL [mg/m^3]
# name 10 = flag:  0.000e+00
# span 0 = 127.452818, 127.453863       
# span 1 =      0.566,      8.946       
# span 2 =    13.3098,    13.4046       
# span 3 =  32.585700,  32.705322       
# span 4 =    26.9016,    27.0042       
# span 5 =      0.561,      8.866       
# span 6 =  270.47943,  270.99174       
# span 7 =  270.66759,  271.17469       
# span 8 =     9.4276,    58.8440       
# span 9 =     7.6778,    14.7501       
# span 10 = 0.0000e+00, 0.0000e+00      
# interval = seconds: 0.25
# start_time = May 07 2022 10:50:55 [Instrument's time stamp, header]
# bad_flag = -9.990e-29
*END*
[from data line 132]
 127.453200      3.277    13.3890  32.648181    26.9204      3.247  270.54619  270.73351    11.2331     9.3397 -9.990e-29
 127.453203      3.297    13.3895  32.651037    26.9227      3.267  270.53941  270.72674    11.2642     9.3680 -9.990e-29
 127.453206      3.318    13.3884  32.650862    26.9233      3.289  270.54414  270.73140    10.7506     8.4703 -9.990e-29
 127.453209      3.340    13.3869  32.650454    26.9244      3.311  270.55147  270.73864    10.6416     8.4946 -9.990e-29
 127.453212      3.370    13.3846  32.649173    26.9237      3.340  270.56345  270.75050    10.6727     8.4622 0.0000e+00
 127.453215      3.397    13.3838  32.646959    26.9230      3.367  270.57105  270.75806    10.7661     8.4986 0.0000e+00
 127.453218      3.428    13.3835  32.646726    26.9230      3.397  270.57273  270.75973    13.0229     9.2143 0.0000e+00
 127.453220      3.455    13.3838  32.645735    26.9218      3.424  270.57287  270.75990    12.9607     9.2629 0.0000e+00
 127.453223      3.484    13.3841  32.644687    26.9212      3.453  270.57374  270.76079    13.2720     9.2386 0.0000e+00
 127.453226      3.512    13.3833  32.644687    26.9212      3.480  270.57723  270.76423    13.1319     9.2588 0.0000e+00
 127.453229      3.539    13.3812  32.645328    26.9222      3.508  270.58497  270.77184    13.1475     9.2346 0.0000e+00
 127.453232      3.566    13.3798  32.646261    26.9232      3.535  270.58937  270.77615    13.7545    10.0433 -9.990e-29
 127.453235      3.583    13.3795  32.646552    26.9255      3.551  270.59014  270.77690    14.0346    10.0069 -9.990e-29
 127.453238      3.601    13.3802  32.647368    26.9258      3.569  270.58592  270.77271    13.8167    10.0150 -9.990e-29
 127.453241      3.618    13.3812  32.647601    26.9253      3.585  270.58112  270.76797    13.9879    10.0029 -9.990e-29
 127.453244      3.641    13.3819  32.648183    26.9253      3.609  270.57730  270.76418    14.5638    10.1525 -9.990e-29
 127.453247      3.663    13.3817  32.647368    26.9249      3.630  270.57934  270.76622    14.1747    10.1969 -9.990e-29
 127.453249      3.690    13.3814  32.647368    26.9239      3.657  270.58093  270.76779    14.3770    10.1282 0.0000e+00
 127.453252      3.722    13.3806  32.644513    26.9229      3.688  270.58932  270.77615    14.3148    10.1686 0.0000e+00
 127.453255      3.752    13.3790  32.643115    26.9229      3.719  270.59867  270.78542    13.7545    10.2050 0.0000e+00
 127.453258      3.780    13.3760  32.642008    26.9238      3.746  270.61351  270.80008    13.7545    10.1606 0.0000e+00
 127.453261      3.811    13.3741  32.640610    26.9239      3.777  270.62412  270.81059    13.5054    10.1929 0.0000e+00
 127.453264      3.837    13.3729  32.641193    26.9246      3.802  270.62818  270.81457    13.6299    10.2293 0.0000e+00
 127.453267      3.864    13.3722  32.640786    26.9252      3.829  270.63205  270.81840    15.2175    10.2172 -9.990e-29
 127.453270      3.889    13.3716  32.642242    26.9271      3.855  270.63208  270.81839    15.4821    10.2050 -9.990e-29
 127.453273      3.909    13.3718  32.643466    26.9281      3.874  270.62905  270.81536    15.5132    10.2374 -9.990e-29
 127.453275      3.928    13.3725  32.644689    26.9286      3.893  270.62381  270.81015    15.3576    10.2212 -9.990e-29
 127.453278      3.944    13.3733  32.647428    26.9306      3.909  270.61565  270.80202    15.4354    10.1889 -9.990e-29
 127.453281      3.964    13.3746  32.647602    26.9298      3.929  270.60969  270.79614    15.0463     9.5297 -9.990e-29
 127.453284      3.988    13.3752  32.648593    26.9298      3.952  270.60580  270.79227    14.9529     9.5540 -9.990e-29
 127.453287      4.014    13.3762  32.648826    26.9291      3.978  270.60101  270.78754    15.0930     9.5459 0.0000e+00
 127.453290      4.043    13.3772  32.648010    26.9283      4.006  270.59801  270.78461    15.1708     9.5702 0.0000e+00
 127.453293      4.070    13.3778  32.646728    26.9268      4.034  270.59771  270.78436    15.2175    10.0756 0.0000e+00
 127.453296      4.104    13.3767  32.643874    26.9268      4.068  270.60736  270.79396    15.1864    10.0918 0.0000e+00
 127.453299      4.132    13.3757  32.645331    26.9270      4.095  270.60929  270.79582    15.0774    10.0837 0.0000e+00
 127.453302      4.157    13.3749  32.644865    26.9270      4.120  270.61325  270.79974    15.1864    10.0999 0.0000e+00
 127.453304      4.188    13.3745  32.644923    26.9270      4.151  270.61506  270.80152    15.8556    10.1322 -9.990e-29
 127.453307      4.210    13.3742  32.644515    26.9272      4.173  270.61704  270.80348    16.0113    10.1363 -9.990e-29
 127.453310      4.237    13.3742  32.645331    26.9279      4.199  270.61566  270.80209    16.0580    10.1444 -9.990e-29
 127.453313      4.256    13.3748  32.646263    26.9284      4.218  270.61155  270.79801    15.9646    10.1525 -9.990e-29
 127.453316      4.270    13.3749  32.646729    26.9287      4.232  270.61044  270.79691    15.3576     9.7279 -9.990e-29
 127.453319      4.289    13.3738  32.647604    26.9303      4.250  270.61336  270.79976    15.3887     9.7360 -9.990e-29
 127.453322      4.311    13.3730  32.647371    26.9307      4.272  270.61756  270.80390    15.2175     9.7562 -9.990e-29
 127.453325      4.334    13.3730  32.647196    26.9308      4.296  270.61787  270.80422    15.2175     9.7360 -9.990e-29
 127.453328      4.364    13.3724  32.647138    26.9309      4.325  270.62051  270.80682    15.4510     9.7198 0.0000e+00
 127.453330      4.396    13.3718  32.646730    26.9309      4.357  270.62375  270.81003    14.9529     9.6713 0.0000e+00
 127.453333      4.424    13.3709  32.646322    26.9311      4.384  270.62825  270.81448    15.2331     9.6672 0.0000e+00
 127.453336      4.450    13.3696  32.645449    26.9312      4.410  270.63544  270.82159    15.0307     9.6915 0.0000e+00
 127.453339      4.482    13.3677  32.645915    26.9312      4.442  270.64285  270.82889    15.1864     9.7077 -9.990e-29
 127.453342      4.506    13.3668  32.645100    26.9337      4.466  270.64805  270.83404    15.2019     9.6713 -9.990e-29
 127.453345      4.534    13.3667  32.645915    26.9337      4.493  270.64729  270.83327    15.2175     9.7117 0.0000e+00
 127.453348      4.561    13.3667  32.645857    26.9337      4.520  270.64741  270.83338    14.9218     9.6834 -9.990e-29
 127.453351      4.578    13.3663  32.646556    26.9345      4.537  270.64780  270.83374    15.1864     9.6915 -9.990e-29
 127.453354      4.596    13.3662  32.646964    26.9350      4.555  270.64774  270.83367    15.5599     9.8896 -9.990e-29
 127.453356      4.614    13.3663  32.647372    26.9353      4.573  270.64673  270.83267    15.7000     9.9018 -9.990e-29
 127.453359      4.634    13.3657  32.646615    26.9350      4.593  270.65057  270.83647    15.7311     9.8532 -9.990e-29
 127.453362      4.659    13.3654  32.647373    26.9359      4.618  270.65054  270.83642    15.4043     9.8532 -9.990e-29
 127.453365      4.681    13.3652  32.646557    26.9366      4.640  270.65259  270.83846    11.8712     8.8706 -9.990e-29
 127.453368      4.716    13.3643  32.647373    26.9368      4.674  270.65530  270.84111    11.7622     8.8868 0.0000e+00
 127.453371      4.745    13.3619  32.645858    26.9366      4.703  270.66832  270.85400    11.8556     8.8585 0.0000e+00
 127.453374      4.772    13.3601  32.643470    26.9365      4.730  270.68000  270.86559    11.7778     8.8585 0.0000e+00
 127.453377      4.805    13.3584  32.639800    26.9360      4.762  270.69389  270.87940    11.7622     8.8868 -9.990e-29
 127.453380      4.829    13.3570  32.641955    26.9368      4.786  270.69619  270.88160    12.4315     8.6765 -9.990e-29
 127.453383      4.860    13.3569  32.642655    26.9375      4.816  270.69532  270.88072    12.5249     8.6684 -9.990e-29
 127.453385      4.882    13.3569  32.641198    26.9362      4.838  270.69815  270.88356    12.4471     8.6765 -9.990e-29
 127.453388      4.906    13.3563  32.643296    26.9385      4.862  270.69677  270.88213    12.5871     8.6401 -9.990e-29
 127.453391      4.922    13.3562  32.643878    26.9391      4.878  270.69641  270.88175    12.9607     8.9798 -9.990e-29
 127.453394      4.937    13.3569  32.643296    26.9381      4.893  270.69458  270.87997    13.2564     8.9798 -9.990e-29
 127.453397      4.960    13.3571  32.637120    26.9322      4.916  270.70395  270.88941    13.1630     9.0000 -9.990e-29
 127.453400      4.983    13.3551  32.634266    26.9311      4.938  270.71769  270.90305    12.9762     8.9919 -9.990e-29
 127.453403      5.004    13.3524  32.633567    26.9327      4.959  270.73057  270.91576    13.0541     8.9030 -9.990e-29
 127.453406      5.037    13.3504  32.632402    26.9297      4.992  270.74141  270.92649    13.1941     8.9394 0.0000e+00
 127.453409      5.067    13.3485  32.624597    26.9268      5.021  270.76272  270.94776    13.1008     8.9272 0.0000e+00
 127.453411      5.099    13.3467  32.621102    26.9268      5.054  270.77663  270.96158    13.2253     8.9434 0.0000e+00
 127.453414      5.129    13.3440  32.622617    26.9282      5.083  270.78602  270.97079    12.5249     8.7372 0.0000e+00
 127.453417      5.162    13.3426  32.622734    26.9282      5.116  270.79183  270.97651    12.5560     8.7736 0.0000e+00
 127.453420      5.187    13.3423  32.621103    26.9293      5.141  270.79591  270.98059    12.4938     8.7291 0.0000e+00
 127.453423      5.215    13.3421  32.623200    26.9291      5.168  270.79327  270.97791    12.5560     8.7372 0.0000e+00
 127.453426      5.242    13.3424  32.623375    26.9301      5.195  270.79141  270.97608    12.5716     8.7129 -9.990e-29
 127.453429      5.256    13.3427  32.626462    26.9326      5.210  270.78485  270.96951    11.6689     8.5633 -9.990e-29
 127.453432      5.277    13.3434  32.632579    26.9377      5.229  270.77151  270.95616    11.7467     8.5674 -9.990e-29
 127.453435      5.293    13.3450  32.634268    26.9381      5.245  270.76168  270.94641    11.8556     8.5714 -9.990e-29
 127.453438      5.311    13.3461  32.631413    26.9347      5.264  270.76156  270.94639    11.7622     8.5310 -9.990e-29
 127.453440      5.340    13.3466  32.624015    26.9276      5.292  270.77241  270.95732    12.0424     8.7453 -9.990e-29
 127.453443      5.364    13.3448  32.622326    26.9282      5.316  270.78289  270.96771    12.1047     8.6927 -9.990e-29
 127.453446      5.393    13.3428  32.621744    26.9284      5.345  270.79273  270.97744    12.2603     8.7372 0.0000e+00
 127.453449      5.422    13.3415  32.621220    26.9286      5.374  270.79932  270.98395    12.0580     8.7736 0.0000e+00
 127.453452      5.451    13.3405  32.621337    26.9290      5.403  270.80355  270.98812    11.3109     8.4622 0.0000e+00
 127.453455      5.480    13.3395  32.617027    26.9294      5.431  270.81508  270.99962    11.0930     8.4703 -9.990e-29
 127.453458      5.500    13.3381  32.617027    26.9272      5.451  270.82140  271.00585    11.2175     8.4784 -9.990e-29
 127.453461      5.530    13.3367  32.615746    26.9270      5.480  270.82961  271.01399    11.4198     8.4784 -9.990e-29
 127.453464      5.553    13.3354  32.606952    26.9199      5.503  270.85042  271.03479    12.4159     8.8059 -9.990e-29
 127.453466      5.571    13.3321  32.604099    26.9196      5.521  270.86953  271.05372    12.5560     8.8181 -9.990e-29
 127.453469      5.591    13.3285  32.606545    26.9243      5.541  270.88078  271.06473    12.5249     8.8262 -9.990e-29
 127.453472      5.606    13.3274  32.605963    26.9246      5.556  270.88683  271.07072    12.4159     8.8019 -9.990e-29
 127.453475      5.628    13.3263  32.598975    26.9138      5.578  270.90360  271.08748    12.3692     8.7615 -9.990e-29
 127.453478      5.654    13.3232  32.590998    26.9134      5.603  270.93058  271.11434    12.3537     8.9192 0.0000e+00
 127.453481      5.681    13.3176  32.585700    26.9134      5.630  270.96400  271.14746    12.1825     8.9272 0.0000e+00
 127.453484      5.716    13.3126  32.588146    26.9129      5.664  270.98125  271.16438    12.1513     8.9232 -9.990e-29
 127.453487      5.741    13.3099  32.589020    26.9232      5.690  270.99174  271.17469    12.3226     8.9030 -9.990e-29
 127.453490      5.774    13.3098  32.591000    26.9248      5.723  270.98867  271.17160    13.5521     9.0486 0.0000e+00
 127.453492      5.802    13.3102  32.594901    26.9265      5.750  270.98039  271.16331    13.5833     9.0364 0.0000e+00
 127.453495      5.834    13.3113  32.596939    26.9271      5.782  270.97186  271.15483    13.6299     9.0526 0.0000e+00
 127.453498      5.862    13.3126  32.596473    26.9276      5.809  270.96700  271.15006    13.5054     9.0566 -9.990e-29
 127.453501      5.885    13.3132  32.600433    26.9295      5.833  270.95799  271.14105    14.5638     9.2063 -9.990e-29
 127.453504      5.909    13.3142  32.601656    26.9298      5.856  270.95117  271.13429    14.6572     9.1618 -9.990e-29
 127.453507      5.926    13.3160  32.605325    26.9319      5.873  270.93730  271.12049    14.7350     9.1375 -9.990e-29
 127.453510      5.944    13.3180  32.611498    26.9362      5.891  270.91818  271.10143    14.6261     9.1982 -9.990e-29
 127.453513      5.962    13.3212  32.619302    26.9410      5.909  270.89089  271.07428    14.4704     9.5702 -9.990e-29
 127.453516      5.979    13.3256  32.622330    26.9396      5.925  270.86647  271.05010    14.6105     9.5581 -9.990e-29
 127.453519      6.008    13.3295  32.624194    26.9373      5.954  270.84658  271.03044    14.5327     9.5621 0.0000e+00
 127.453521      6.033    13.3317  32.621049    26.9351      5.979  270.84224  271.02626    14.7661     9.5702 0.0000e+00
 127.453524      6.062    13.3321  32.617204    26.9337      6.008  270.84729  271.03137    14.6416     9.5540 0.0000e+00
 127.453527      6.090    13.3310  32.618894    26.9325      6.035  270.84913  271.03313    14.7973     9.5378 0.0000e+00
 127.453530      6.123    13.3306  32.618661    26.9337      6.068  270.85113  271.03511    15.0930     9.5661 -9.990e-29
 127.453533      6.144    13.3304  32.618719    26.9339      6.089  270.85199  271.03595    14.7817     9.5985 -9.990e-29
 127.453536      6.177    13.3300  32.619476    26.9348      6.122  270.85228  271.03622    15.1085     9.5297 -9.990e-29
 127.453539      6.199    13.3301  32.622564    26.9376      6.144  270.84667  271.03058    16.3848     9.7360 -9.990e-29
 127.453542      6.221    13.3306  32.620525    26.9354      6.165  270.84830  271.03226    16.6650     9.7400 -9.990e-29
 127.453545      6.243    13.3308  32.620642    26.9353      6.187  270.84685  271.03083    16.4626     9.7481 -9.990e-29
 127.453547      6.258    13.3308  32.624020    26.9384      6.202  270.84105  271.02499    16.8206     9.7158 -9.990e-29
 127.453550      6.279    13.3316  32.629146    26.9426      6.223  270.82909  271.01304    15.8245    10.3425 -9.990e-29
 127.453553      6.298    13.3336  32.629961    26.9436      6.242  270.81888  271.00294    15.9334    10.3061 -9.990e-29
 127.453556      6.325    13.3355  32.633340    26.9423      6.268  270.80489  270.98905    15.9179    10.3263 0.0000e+00
 127.453559      6.352    13.3373  32.631767    26.9409      6.296  270.79974  270.98402    15.9334    10.3870 0.0000e+00
 127.453562      6.382    13.3381  32.631185    26.9401      6.325  270.79761  270.98194    15.2331     9.7481 0.0000e+00
 127.453565      6.414    13.3382  32.631592    26.9401      6.357  270.79629  270.98063    15.0619     9.7602 0.0000e+00
 127.453568      6.442    13.3387  32.635088    26.9429      6.384  270.78809  270.97243    15.0930     9.7805 0.0000e+00
 127.453571      6.475    13.3399  32.638758    26.9442      6.417  270.77676  270.96114    15.2175     9.7360 0.0000e+00
 127.453573      6.500    13.3418  32.647148    26.9454      6.442  270.75416  270.93859    14.8595     9.7521 -9.990e-29
