Processed/SBE19plus_01907321_2022_05_07_Cast70_wfilter.cnv
* Sea-Bird SBE19plus  Data File:
* FileName = E:\Prandtl Daten\2022\CTD\Raw\SBE19plus_01907321_2022_05_07_Cast70.hex
* Software version 2.6.1.12
* Temperature SN = 7321
* Conductivity SN = 7321
* System UpLoad Time = May 07 2022 12:26:13
* <ApplicationData>
* <Seaterm232>
** Messpraktikum 2022
** CTD 07.05 TS
** NMEA Latitude = 54 07.61 N
** NMEA Longitude = 008 42.25 E
# nquan = 11
# nvalues = 424                         
# units = specified
# name 0 = timeJ: Julian Days
# name 1 = prdM: Pressure, Strain Gauge [db]
# name 2 = tv290C: Temperature [ITS-90, deg C]
# name 3 = c0mS/cm: Conductivity [mS/cm]
# name 4 = sal00: Salinity, Practical [PSU]
# name 5 = depSM: Depth [salt water, m], lat = 54.00
# name 6 = oxsatMm/Kg: Oxygen Saturation, Weiss [umol/kg]
# name 7 = oxsolMm/Kg: Oxygen Saturation, Garcia & Gordon [umol/kg]
# name 8 = turbWETntu0: Turbidity, WET Labs ECO [NTU]
# name 9 = flECO-AFL: Fluorescence, WET Labs ECO-AFL/FL [mg/m^3]
# name 10 = flag:  0.000e+00
# span 0 = 127.513964, 127.515188       
# span 1 =      0.620,     10.923       
# span 2 =    12.7359,    12.7695       
# span 3 =  32.135980,  32.232708       
# span 4 =    26.9066,    26.9755       
# span 5 =      0.614,     10.826       
# span 6 =  273.98134,  274.27476       
# span 7 =  274.13324,  274.42526       
# span 8 =    14.0035,    66.5171       
# span 9 =     5.4416,     9.5985       
# span 10 = 0.0000e+00, 0.0000e+00      
# interval = seconds: 0.25
# start_time = May 07 2022 12:19:01 [Instrument's time stamp, header]
# bad_flag = -9.990e-29
*END*
 127.513964      0.620    12.7408  32.143098    26.9163      0.614  274.25969  274.41053    15.3264     5.8986 0.0000e+00
 127.513967      0.655    12.7409  32.143272    26.9164      0.649  274.25909  274.40993    16.4315     6.2301 0.0000e+00
 127.513970      0.686    12.7409  32.143272    26.9164      0.680  274.25911  274.40995    16.4938     6.2342 0.0000e+00
 127.513973      0.715    12.7408  32.143446    26.9164      0.709  274.25913  274.40997    16.1980     6.1654 -9.990e-29
 127.513976      0.722    12.7406  32.143678    26.9169      0.716  274.25936  274.41019    16.2136     6.2220 -9.990e-29
 127.513979      0.719    12.7405  32.144257    26.9176      0.712  274.25896  274.40978    16.3537     6.1937 -9.990e-29
 127.513981      0.706    12.7406  32.143852    26.9172      0.700  274.25936  274.41018    15.7778     6.1735 -9.990e-29
 127.513984      0.693    12.7405  32.142867    26.9163      0.687  274.26141  274.41224    15.7934     6.1614 -9.990e-29
 127.513987      0.677    12.7405  32.144257    26.9176      0.671  274.25894  274.40975    15.9334     6.1533 -9.990e-29
 127.513990      0.666    12.7402  32.143272    26.9169      0.660  274.26194  274.41274    15.7934     6.1169 -9.990e-29
 127.513993      0.660    12.7401  32.144489    26.9181      0.654  274.26041  274.41119    16.1980     6.0158 -9.990e-29
 127.513996      0.650    12.7400  32.144083    26.9178      0.644  274.26144  274.41222    16.0268     6.0239 -9.990e-29
 127.513999      0.644    12.7399  32.143852    26.9177      0.638  274.26248  274.41325    16.0735     6.0118 -9.990e-29
 127.514002      0.639    12.7399  32.144662    26.9184      0.633  274.26104  274.41180    16.0891     5.9875 -9.990e-29
 127.514005      0.648    12.7398  32.144257    26.9181      0.642  274.26208  274.41284    16.6183     5.9996 -9.990e-29
 127.514008      0.675    12.7397  32.144257    26.9182      0.669  274.26241  274.41317    16.6183     6.0199 -9.990e-29
 127.514010      0.704    12.7396  32.143852    26.9179      0.698  274.26378  274.41454    16.4471     5.9956 -9.990e-29
 127.514013      0.719    12.7395  32.145473    26.9194      0.712  274.26123  274.41197    16.5560     6.0037 -9.990e-29
 127.514016      0.717    12.7393  32.145068    26.9192      0.710  274.26290  274.41362    16.5560     6.0401 -9.990e-29
 127.514019      0.711    12.7392  32.145242    26.9194      0.705  274.26290  274.41362    16.4626     6.0360 -9.990e-29
 127.514022      0.719    12.7390  32.144257    26.9186      0.712  274.26560  274.41632    16.5716     5.9875 -9.990e-29
 127.514025      0.735    12.7390  32.145068    26.9194      0.729  274.26418  274.41488    16.6027     6.0280 -9.990e-29
 127.514028      0.739    12.7391  32.145068    26.9193      0.732  274.26386  274.41457    16.6183     5.9916 -9.990e-29
 127.514031      0.748    12.7391  32.145068    26.9193      0.741  274.26355  274.41427    17.1630     6.0158 -9.990e-29
 127.514034      0.752    12.7393  32.145010    26.9191      0.745  274.26302  274.41375    17.1319     6.0360 -9.990e-29
 127.514036      0.775    12.7395  32.145242    26.9199      0.769  274.26168  274.41242    17.0385     6.0077 -9.990e-29
 127.514039      0.817    12.7393  32.145879    26.9200      0.810  274.26153  274.41224    17.1630     5.9996 0.0000e+00
 127.514042      0.870    12.7393  32.146053    26.9199      0.862  274.26125  274.41197    17.2875     6.1250 0.0000e+00
 127.514045      0.925    12.7389  32.145474    26.9201      0.917  274.26390  274.41459    17.2875     6.1816 0.0000e+00
 127.514048      0.963    12.7389  32.145880    26.9200      0.955  274.26352  274.41421    17.3809     6.1371 0.0000e+00
 127.514051      0.989    12.7386  32.146285    26.9202      0.980  274.26376  274.41444    17.2875     6.1210 -9.990e-29
 127.514054      1.000    12.7386  32.146285    26.9207      0.991  274.26377  274.41444    16.4782     5.8783 -9.990e-29
 127.514057      1.003    12.7387  32.146343    26.9207      0.994  274.26335  274.41403    16.5560     5.8824 -9.990e-29
 127.514060      1.014    12.7385  32.146285    26.9208      1.005  274.26441  274.41508    16.6027     5.8864 -9.990e-29
 127.514062      1.025    12.7386  32.145648    26.9191      1.016  274.26492  274.41560    16.5560     5.8703 -9.990e-29
 127.514065      1.053    12.7387  32.144664    26.9197      1.043  274.26636  274.41706    15.9490     5.6519 0.0000e+00
 127.514068      1.087    12.7387  32.145880    26.9202      1.078  274.26423  274.41491    16.0268     5.6236 0.0000e+00
 127.514071      1.124    12.7386  32.146285    26.9202      1.114  274.26385  274.41452    16.0424     5.6155 0.0000e+00
 127.514074      1.155    12.7387  32.145880    26.9204      1.145  274.26427  274.41496    15.9801     5.5710 0.0000e+00
 127.514077      1.188    12.7389  32.146691    26.9202      1.177  274.26191  274.41260    16.0891     5.6317 -9.990e-29
 127.514080      1.208    12.7389  32.146575    26.9207      1.197  274.26244  274.41313    14.9685     5.6115 -9.990e-29
 127.514083      1.233    12.7390  32.146691    26.9203      1.222  274.26162  274.41231    14.8595     5.5993 0.0000e+00
 127.514086      1.264    12.7391  32.146054    26.9203      1.253  274.26214  274.41285    14.8906     5.6600 0.0000e+00
 127.514089      1.293    12.7394  32.145243    26.9200      1.282  274.26233  274.41307    15.0307     5.6236 -9.990e-29
 127.514091      1.310    12.7396  32.145475    26.9192      1.298  274.26130  274.41204    15.6377     5.8136 -9.990e-29
 127.514094      1.319    12.7397  32.146054    26.9196      1.307  274.25965  274.41039    15.4976     5.7894 -9.990e-29
 127.514097      1.330    12.7399  32.146054    26.9194      1.318  274.25870  274.40946    15.5599     5.8500 -9.990e-29
 127.514100      1.345    12.7401  32.144491    26.9186      1.333  274.26085  274.41164    15.7311     5.8056 -9.990e-29
 127.514103      1.372    12.7403  32.145417    26.9188      1.360  274.25828  274.40907    15.9179     5.8298 0.0000e+00
 127.514106      1.410    12.7404  32.145881    26.9189      1.398  274.25717  274.40796    16.2292     5.7975 0.0000e+00
 127.514109      1.456    12.7402  32.145881    26.9189      1.443  274.25783  274.40861    16.1669     5.8096 0.0000e+00
 127.514112      1.503    12.7403  32.145649    26.9188      1.490  274.25795  274.40874    16.0580     5.8015 0.0000e+00
 127.514115      1.543    12.7406  32.145650    26.9187      1.529  274.25672  274.40752    14.8906     5.9147 0.0000e+00
 127.514117      1.574    12.7406  32.144665    26.9185      1.560  274.25848  274.40930    15.0774     5.8945 -9.990e-29
 127.514120      1.587    12.7406  32.145071    26.9179      1.573  274.25745  274.40827    15.2642     5.9066 -9.990e-29
 127.514123      1.598    12.7407  32.144491    26.9173      1.583  274.25817  274.40900    15.0619     5.8783 -9.990e-29
 127.514126      1.605    12.7408  32.145013    26.9178      1.590  274.25694  274.40776    15.0307     5.8783 -9.990e-29
 127.514129      1.614    12.7409  32.145071    26.9178      1.600  274.25652  274.40735    14.9685     5.7692 -9.990e-29
 127.514132      1.623    12.7409  32.144086    26.9169      1.609  274.25827  274.40911    14.8595     5.7206 -9.990e-29
 127.514135      1.643    12.7410  32.143044    26.9166      1.628  274.25950  274.41036    15.0930     5.7287 -9.990e-29
 127.514138      1.676    12.7409  32.143855    26.9165      1.661  274.25840  274.40925    14.9373     5.7813 0.0000e+00
 127.514141      1.718    12.7411  32.143855    26.9164      1.703  274.25748  274.40834    14.8440     5.7045 0.0000e+00
 127.514144      1.760    12.7412  32.143044    26.9156      1.744  274.25863  274.40950    15.0930     5.6964 0.0000e+00
 127.514146      1.805    12.7416  32.140206    26.9141      1.789  274.26179  274.41272    15.0619     5.6681 0.0000e+00
 127.514149      1.842    12.7421  32.140959    26.9126      1.825  274.25827  274.40922    15.2331     5.7045 -9.990e-29
 127.514152      1.860    12.7424  32.140612    26.9124      1.843  274.25763  274.40861    14.1591     5.5912 -9.990e-29
 127.514155      1.875    12.7428  32.140612    26.9122      1.858  274.25606  274.40706    14.0657     5.5589 -9.990e-29
 127.514158      1.887    12.7431  32.139048    26.9105      1.870  274.25726  274.40830    14.0035     5.5629 -9.990e-29
 127.514161      1.891    12.7434  32.139222    26.9105      1.874  274.25601  274.40705    14.0502     5.5589 -9.990e-29
 127.514164      1.898    12.7435  32.139222    26.9104      1.882  274.25538  274.40644    15.0152     5.4861 -9.990e-29
 127.514167      1.919    12.7435  32.139222    26.9104      1.901  274.25539  274.40645    15.1552     5.4416 -9.990e-29
 127.514170      1.942    12.7436  32.138411    26.9100      1.925  274.25621  274.40729    15.1397     5.5104 -9.990e-29
 127.514172      1.977    12.7438  32.139049    26.9096      1.959  274.25447  274.40555    14.9996     5.4821 0.0000e+00
 127.514175      2.019    12.7441  32.138470    26.9092      2.001  274.25426  274.40536    15.0307     5.4780 0.0000e+00
 127.514178      2.066    12.7442  32.137196    26.9079      2.048  274.25592  274.40704    16.1669     5.7894 0.0000e+00
 127.514181      2.108    12.7447  32.135980    26.9069      2.089  274.25589  274.40706    16.1202     5.7206 0.0000e+00
 127.514184      2.145    12.7451  32.136791    26.9066      2.126  274.25289  274.40408    15.9957     5.7489 0.0000e+00
 127.514187      2.172    12.7456  32.137428    26.9069      2.153  274.24957  274.40078    16.1513     5.7045 -9.990e-29
 127.514190      2.191    12.7458  32.138412    26.9079      2.171  274.24688  274.39810    14.9529     5.8864 -9.990e-29
 127.514193      2.198    12.7459  32.138238    26.9076      2.178  274.24656  274.39779    14.8440     5.8541 -9.990e-29
 127.514196      2.200    12.7460  32.139454    26.9087      2.180  274.24409  274.39531    14.7973     5.8783 -9.990e-29
 127.514198      2.203    12.7460  32.139628    26.9089      2.184  274.24379  274.39501    14.8595     5.9228 -9.990e-29
 127.514201      2.212    12.7459  32.138817    26.9087      2.193  274.24555  274.39677    14.8284     6.0765 -9.990e-29
 127.514204      2.244    12.7460  32.139455    26.9089      2.224  274.24412  274.39534    14.9529     6.0603 0.0000e+00
 127.514207      2.278    12.7462  32.140034    26.9089      2.258  274.24249  274.39371    14.9529     6.0886 0.0000e+00
 127.514210      2.322    12.7464  32.140034    26.9089      2.301  274.24157  274.39280    14.9373     6.0927 0.0000e+00
 127.514213      2.366    12.7469  32.140034    26.9085      2.345  274.23906  274.39034    15.5599     6.0077 0.0000e+00
 127.514216      2.402    12.7472  32.139629    26.9079      2.381  274.23854  274.38984    15.4976     6.0037 0.0000e+00
 127.514219      2.444    12.7477  32.139802    26.9079      2.422  274.23636  274.38769    15.4665     6.0441 0.0000e+00
 127.514222      2.475    12.7473  32.140208    26.9078      2.453  274.23725  274.38854    15.4354     6.0441 -9.990e-29
 127.514225      2.499    12.7471  32.139455    26.9078      2.477  274.23954  274.39083    15.7155     6.0118 -9.990e-29
 127.514227      2.512    12.7464  32.140208    26.9090      2.489  274.24138  274.39262    18.9062     6.5617 -9.990e-29
 127.514230      2.519    12.7457  32.140440    26.9098      2.497  274.24414  274.39532    19.0774     6.5294 -9.990e-29
 127.514233      2.517    12.7450  32.140440    26.9102      2.495  274.24698  274.39813    18.9996     6.5496 -9.990e-29
 127.514236      2.523    12.7445  32.140208    26.9104      2.500  274.24961  274.40072    19.0774     6.5536 -9.990e-29
 127.514239      2.541    12.7444  32.140440    26.9106      2.518  274.24953  274.40064    18.3926     6.1654 -9.990e-29
 127.514242      2.565    12.7441  32.141656    26.9141      2.542  274.24897  274.40004    18.6105     6.1614 -9.990e-29
 127.514245      2.606    12.7439  32.143857    26.9143      2.583  274.24572  274.39677    18.4860     6.1250 0.0000e+00
 127.514248      2.649    12.7434  32.143857    26.9145      2.625  274.24828  274.39929    18.5482     6.1695 0.0000e+00
 127.514251      2.698    12.7426  32.144842    26.9159      2.673  274.24973  274.40068    18.3926     6.1857 0.0000e+00
 127.514253      2.740    12.7415  32.145248    26.9171      2.715  274.25410  274.40497    18.3926     6.1735 0.0000e+00
 127.514256      2.781    12.7407  32.145885    26.9177      2.756  274.25647  274.40729    18.2681     6.1452 0.0000e+00
 127.514259      2.807    12.7400  32.146464    26.9182      2.782  274.25862  274.40939    18.3615     6.1573 -9.990e-29
 127.514262      2.827    12.7397  32.146059    26.9191      2.802  274.26062  274.41137    18.5638     6.4364 -9.990e-29
 127.514265      2.836    12.7394  32.146059    26.9193      2.811  274.26189  274.41262    18.5482     6.3797 -9.990e-29
 127.514268      2.843    12.7391  32.144843    26.9184      2.818  274.26532  274.41604    18.4237     6.4161 -9.990e-29
 127.514271      2.850    12.7386  32.146465    26.9203      2.825  274.26497  274.41565    18.7039     6.4081 -9.990e-29
 127.514274      2.863    12.7379  32.145654    26.9200      2.838  274.26927  274.41990    18.5949     6.3959 -9.990e-29
 127.514277      2.880    12.7374  32.145249    26.9205      2.854  274.27252  274.42313    19.2486     6.3959 -9.990e-29
 127.514280      2.911    12.7369  32.145480    26.9209      2.885  274.27403  274.42461    19.3264     6.4323 0.0000e+00
 127.514282      2.953    12.7369  32.146465    26.9214      2.926  274.27263  274.42319    19.3576     6.4121 0.0000e+00
 127.514285      2.991    12.7366  32.147102    26.9222      2.964  274.27247  274.42301    19.1864     6.4161 0.0000e+00
 127.514288      3.035    12.7364  32.147913    26.9226      3.008  274.27201  274.42253    18.1124     6.0846 0.0000e+00
 127.514291      3.071    12.7362  32.147276    26.9229      3.044  274.27411  274.42462    18.0813     6.0805 0.0000e+00
 127.514294      3.100    12.7361  32.147103    26.9226      3.073  274.27476  274.42526    18.0657     6.0765 -9.990e-29
 127.514297      3.122    12.7360  32.148087    26.9235      3.095  274.27366  274.42415    18.0969     6.0441 -9.990e-29
 127.514300      3.144    12.7360  32.148087    26.9235      3.116  274.27367  274.42416    17.5054     6.4808 -9.990e-29
 127.514303      3.155    12.7360  32.148319    26.9237      3.127  274.27327  274.42375    17.6299     6.4606 -9.990e-29
 127.514306      3.168    12.7360  32.149535    26.9248      3.140  274.27112  274.42159    17.5833     6.4647 -9.990e-29
 127.514308      3.181    12.7361  32.149535    26.9248      3.153  274.27081  274.42129    17.6611     6.4647 -9.990e-29
 127.514311      3.199    12.7361  32.149304    26.9250      3.171  274.27092  274.42140    18.0346     6.4930 -9.990e-29
 127.514314      3.227    12.7359  32.149709    26.9251      3.198  274.27116  274.42163    17.9879     6.4364 0.0000e+00
 127.514317      3.260    12.7361  32.149999    26.9252      3.230  274.27004  274.42052    18.0657     6.4647 0.0000e+00
 127.514320      3.296    12.7361  32.151099    26.9261      3.267  274.26779  274.41827    18.1591     6.4849 0.0000e+00
 127.514323      3.333    12.7362  32.152316    26.9272      3.303  274.26535  274.41581    18.0813     6.4849 0.0000e+00
 127.514326      3.365    12.7363  32.152721    26.9273      3.335  274.26433  274.41480    17.3187     6.1371 0.0000e+00
 127.514329      3.396    12.7362  32.152142    26.9275      3.366  274.26569  274.41616    17.3654     6.1169 -9.990e-29
 127.514332      3.420    12.7362  32.152142    26.9270      3.390  274.26571  274.41618    17.4587     6.1452 -9.990e-29
 127.514334      3.442    12.7363  32.152548    26.9273      3.411  274.26469  274.41516    17.1941     6.1412 -9.990e-29
 127.514337      3.468    12.7364  32.152548    26.9272      3.437  274.26407  274.41455    20.0735     6.7235 -9.990e-29
 127.514340      3.490    12.7366  32.152316    26.9268      3.459  274.26355  274.41404    19.9957     6.7154 -9.990e-29
