Processed/SBE19plus_01907321_2022_05_05_Cast36_wfilter.cnv
* Sea-Bird SBE19plus  Data File:
* FileName = E:\Prandtl Daten\2022\CTD\Raw\SBE19plus_01907321_2022_05_05_Cast36.hex
* Software version 2.6.1.12
* Temperature SN = 7321
* Conductivity SN = 7321
* System UpLoad Time = May 05 2022 13:09:53
* <ApplicationData>
* <Seaterm232>
** Messpraktikum 2022
** CTD 05.05 BW2
# nquan = 11
# nvalues = 624                         
# units = specified
# name 0 = timeJ: Julian Days
# name 1 = prdM: Pressure, Strain Gauge [db]
# name 2 = tv290C: Temperature [ITS-90, deg C]
# name 3 = c0mS/cm: Conductivity [mS/cm]
# name 4 = sal00: Salinity, Practical [PSU]
# name 5 = depSM: Depth [salt water, m], lat = 54.00
# name 6 = oxsatMm/Kg: Oxygen Saturation, Weiss [umol/kg]
# name 7 = oxsolMm/Kg: Oxygen Saturation, Garcia & Gordon [umol/kg]
# name 8 = turbWETntu0: Turbidity, WET Labs ECO [NTU]
# name 9 = flECO-AFL: Fluorescence, WET Labs ECO-AFL/FL [mg/m^3]
# name 10 = flag:  0.000e+00
# span 0 = 125.543194, 125.544997       
# span 1 =      0.607,     17.041       
# span 2 =    12.0157,    12.0776       
# span 3 =  31.611361,  32.354812       
# span 4 =    26.9335,    27.5973       
# span 5 =      0.602,     16.888       
# span 6 =  276.88973,  278.42769       
# span 7 =  276.99390,  278.53605       
# span 8 =    19.4976,    35.3576       
# span 9 =     7.1036,     9.8492       
# span 10 = 0.0000e+00, 0.0000e+00      
# interval = seconds: 0.25
# start_time = May 05 2022 13:00:30 [Instrument's time stamp, header]
# bad_flag = -9.990e-29
*END*
[from data line 263]
 125.543955      7.291    12.0627  31.897950    27.1727      7.226  277.73873  277.84655    20.9918     7.7505 0.0000e+00
 125.543958      7.320    12.0627  31.884555    27.1601      7.255  277.76332  277.87129    20.8984     7.8274 0.0000e+00
 125.543961      7.346    12.0625  31.882131    27.1601      7.280  277.76842  277.87641    21.0229     7.8476 0.0000e+00
 125.543964      7.377    12.0627  31.885133    27.1606      7.311  277.76230  277.87027    21.0385     7.8476 0.0000e+00
 125.543967      7.406    12.0628  31.892927    27.1678      7.340  277.74739  277.85528    20.9918     7.8557 0.0000e+00
 125.543970      7.435    12.0632  31.907305    27.1745      7.369  277.71945  277.82721    19.9957     7.7222 0.0000e+00
 125.543973      7.465    12.0637  31.926941    27.1811      7.398  277.68124  277.78882    20.0580     7.6818 -9.990e-29
 125.543976      7.488    12.0641  31.943346    27.2143      7.421  277.64895  277.75639    20.1202     7.7263 -9.990e-29
 125.543979      7.505    12.0646  31.962529    27.2320      7.438  277.61157  277.71884    19.9334     7.7020 -9.990e-29
 125.543981      7.525    12.0650  31.982756    27.2598      7.458  277.57290  277.67998    20.2759     7.7182 -9.990e-29
 125.543984      7.552    12.0653  31.992583    27.2682      7.485  277.55332  277.66032    20.1825     7.7222 0.0000e+00
 125.543987      7.579    12.0657  32.010678    27.2766      7.512  277.51858  277.62540    20.2603     7.7222 0.0000e+00
 125.543990      7.611    12.0659  32.013222    27.2766      7.542  277.51299  277.61980    20.1669     7.7142 0.0000e+00
 125.543993      7.642    12.0662  32.002642    27.2687      7.573  277.53115  277.63810    20.2136     7.6737 0.0000e+00
 125.543996      7.671    12.0664  31.995011    27.2613      7.602  277.54422  277.65127    20.0580     7.7222 0.0000e+00
 125.543999      7.705    12.0664  31.993970    27.2603      7.636  277.54615  277.65321    19.9646     7.6980 0.0000e+00
 125.544002      7.731    12.0663  31.984779    27.2560      7.662  277.56334  277.67049    19.9334     7.7142 0.0000e+00
 125.544005      7.760    12.0662  31.975532    27.2517      7.691  277.58064  277.68788    20.0268     7.6899 -9.990e-29
 125.544008      7.784    12.0662  31.958542    27.2270      7.714  277.61182  277.71924    21.1941     8.0538 -9.990e-29
 125.544010      7.809    12.0659  31.940343    27.2101      7.739  277.64679  277.75439    21.2408     8.0336 -9.990e-29
 125.544013      7.829    12.0658  31.925498    27.1962      7.759  277.67467  277.78242    21.1786     8.0336 -9.990e-29
 125.544016      7.849    12.0656  31.907537    27.1794      7.779  277.70826  277.81619    21.3809     8.0255 -9.990e-29
 125.544019      7.862    12.0655  31.906901    27.1789      7.792  277.70975  277.81768    20.4626     7.6980 -9.990e-29
 125.544022      7.884    12.0654  31.902109    27.1744      7.813  277.71919  277.82716    20.4938     7.7101 -9.990e-29
 125.544025      7.908    12.0653  31.903899    27.1762      7.837  277.71655  277.82450    20.5716     7.7384 -9.990e-29
 125.544028      7.935    12.0651  31.903726    27.1771      7.864  277.71752  277.82546    20.5093     7.7384 0.0000e+00
 125.544031      7.962    12.0651  31.905516    27.1762      7.891  277.71457  277.82248    21.4276     7.8961 0.0000e+00
 125.544034      7.992    12.0649  31.901936    27.1746      7.920  277.72179  277.82973    21.5210     7.8880 0.0000e+00
 125.544036      8.021    12.0650  31.900723    27.1734      7.949  277.72372  277.83168    21.5366     7.9163 0.0000e+00
 125.544039      8.048    12.0648  31.900319    27.1733      7.976  277.72511  277.83306    21.5833     7.8961 0.0000e+00
 125.544042      8.076    12.0651  31.903553    27.1731      8.004  277.71793  277.82587    21.5833     7.9082 -9.990e-29
 125.544045      8.100    12.0651  31.905343    27.1777      8.027  277.71498  277.82290    21.3809     7.7708 -9.990e-29
 125.544048      8.120    12.0652  31.907942    27.1800      8.047  277.70960  277.81749    21.2720     7.7829 -9.990e-29
 125.544051      8.143    12.0653  31.908750    27.1807      8.071  277.70750  277.81540    21.2097     7.7869 -9.990e-29
 125.544054      8.163    12.0655  31.911695    27.1833      8.090  277.70116  277.80904    21.4276     7.7627 -9.990e-29
 125.544057      8.187    12.0653  31.912908    27.1846      8.114  277.69990  277.80776    20.8673     7.6252 -9.990e-29
 125.544060      8.205    12.0656  31.918337    27.1895      8.132  277.68869  277.79651    20.8362     7.6454 -9.990e-29
 125.544063      8.227    12.0659  31.919723    27.1906      8.153  277.68490  277.79272    20.7584     7.6373 -9.990e-29
 125.544065      8.249    12.0661  31.920705    27.1913      8.175  277.68217  277.78999    20.8673     7.6656 -9.990e-29
 125.544068      8.273    12.0661  31.920936    27.1969      8.199  277.68176  277.78958    21.0229     7.7182 -9.990e-29
 125.544071      8.304    12.0662  31.926712    27.2008      8.229  277.67056  277.77833    20.9296     7.7101 0.0000e+00
 125.544074      8.331    12.0664  31.935319    27.2048      8.257  277.65384  277.76153    21.0541     7.7142 0.0000e+00
 125.544077      8.362    12.0666  31.955135    27.2233      8.287  277.61688  277.72438    21.1319     7.6939 0.0000e+00
 125.544080      8.388    12.0664  31.981949    27.2487      8.313  277.56835  277.67555    20.2603     7.5160 0.0000e+00
 125.544083      8.419    12.0662  31.996400    27.2556      8.343  277.54313  277.65015    20.2136     7.5120 0.0000e+00
 125.544086      8.446    12.0658  31.996805    27.2625      8.370  277.54398  277.65097    20.2136     7.5039 -9.990e-29
 125.544089      8.466    12.0658  31.999407    27.2656      8.390  277.53922  277.64619    20.2447     7.5039 -9.990e-29
 125.544091      8.482    12.0659  31.996401    27.2627      8.406  277.54443  277.65143    20.3381     7.4998 -9.990e-29
 125.544094      8.500    12.0660  31.982354    27.2494      8.424  277.56989  277.67705    21.2253     7.6292 -9.990e-29
 125.544097      8.513    12.0664  31.971951    27.2393      8.437  277.58709  277.69439    21.2564     7.6495 -9.990e-29
 125.544100      8.537    12.0666  31.964727    27.2323      8.461  277.59941  277.70680    21.2097     7.6616 -9.990e-29
 125.544103      8.561    12.0668  31.964323    27.2318      8.484  277.59922  277.70663    21.1941     7.6899 -9.990e-29
 125.544106      8.581    12.0669  31.966114    27.2360      8.504  277.59532  277.70272    22.4860     7.6414 -9.990e-29
 125.544109      8.614    12.0670  31.968946    27.2364      8.537  277.58983  277.69721    22.5015     7.6616 0.0000e+00
 125.544112      8.646    12.0669  31.969640    27.2367      8.569  277.58921  277.69657    22.3926     7.6252 0.0000e+00
 125.544115      8.676    12.0669  31.973165    27.2400      8.598  277.58277  277.69009    22.4548     7.6495 0.0000e+00
 125.544117      8.705    12.0668  31.974379    27.2412      8.627  277.58088  277.68818    21.3342     7.6009 0.0000e+00
 125.544120      8.738    12.0667  31.974784    27.2416      8.659  277.58047  277.68776    21.1941     7.5767 0.0000e+00
 125.544123      8.770    12.0665  31.975362    27.2419      8.692  277.58038  277.68765    21.2253     7.5645 0.0000e+00
 125.544126      8.796    12.0666  31.974148    27.2423      8.717  277.58231  277.68960    21.2097     7.5767 -9.990e-29
 125.544129      8.818    12.0666  31.974784    27.2417      8.739  277.58116  277.68844    21.1786     7.7142 -9.990e-29
 125.544132      8.838    12.0664  31.978367    27.2452      8.759  277.57554  277.68277    21.2720     7.6899 -9.990e-29
 125.544135      8.858    12.0662  31.982760    27.2494      8.779  277.56813  277.67530    21.3654     7.6858 -9.990e-29
 125.544138      8.876    12.0662  31.987962    27.2544      8.797  277.55892  277.66603    21.3498     7.7222 -9.990e-29
 125.544141      8.898    12.0661  31.992008    27.2674      8.818  277.55183  277.65889    21.1319     7.7222 -9.990e-29
 125.544144      8.929    12.0660  32.001605    27.2708      8.849  277.53488  277.64183    19.5443     7.1278 0.0000e+00
 125.544146      8.954    12.0660  32.008774    27.2741      8.874  277.52175  277.62862    19.4976     7.1359 0.0000e+00
 125.544149      8.985    12.0658  32.014441    27.2796      8.905  277.51232  277.61912    19.6222     7.1036 0.0000e+00
 125.544152      9.018    12.0656  32.017679    27.2827      8.937  277.50703  277.61379    19.6066     7.1278 0.0000e+00
 125.544155      9.049    12.0653  32.017852    27.2832      8.968  277.50831  277.61504    20.2914     7.6373 0.0000e+00
 125.544158      9.077    12.0653  32.020281    27.2843      8.995  277.50387  277.61058    20.3537     7.6737 0.0000e+00
 125.544161      9.102    12.0652  32.023288    27.2854      9.021  277.49869  277.60536    20.2914     7.6211 -9.990e-29
 125.544164      9.124    12.0653  32.024907    27.2897      9.042  277.49511  277.60177    20.2603     7.6292 -9.990e-29
 125.544167      9.144    12.0654  32.025081    27.2898      9.062  277.49449  277.60115    21.1786     7.6697 -9.990e-29
 125.544170      9.170    12.0655  32.027279    27.2918      9.087  277.49016  277.59680    21.2253     7.6373 -9.990e-29
 125.544172      9.193    12.0655  32.034334    27.2985      9.111  277.47724  277.58380    21.1786     7.6535 -9.990e-29
 125.544175      9.208    12.0654  32.048158    27.3245      9.126  277.45221  277.55862    21.2408     7.6373 -9.990e-29
 125.544178      9.234    12.0653  32.061811    27.3269      9.151  277.42782  277.53408    21.4743     7.5928 0.0000e+00
 125.544181      9.261    12.0649  32.066671    27.3293      9.178  277.42050  277.52668    21.4276     7.5848 0.0000e+00
 125.544184      9.289    12.0645  32.070085    27.3324      9.205  277.41614  277.52226    21.5677     7.6050 0.0000e+00
 125.544187      9.314    12.0643  32.069449    27.3328      9.231  277.41827  277.52438    21.4587     7.5928 0.0000e+00
 125.544190      9.341    12.0639  32.069680    27.3329      9.258  277.41944  277.52552    21.4276     7.5686 0.0000e+00
 125.544193      9.372    12.0635  32.076682    27.3397      9.289  277.40851  277.51448    20.9762     7.7667 0.0000e+00
 125.544196      9.398    12.0635  32.085189    27.3478      9.314  277.39292  277.49881    21.1319     7.7586 0.0000e+00
 125.544198      9.424    12.0639  32.094796    27.3522      9.339  277.37343  277.47925    21.0541     7.7708 0.0000e+00
 125.544201      9.456    12.0645  32.101857    27.3565      9.372  277.35799  277.46377    20.9140     7.7425 -9.990e-29
 125.544204      9.476    12.0648  32.104288    27.3648      9.392  277.35229  277.45806    21.1630     7.5767 -9.990e-29
 125.544207      9.495    12.0646  32.104867    27.3655      9.410  277.35187  277.45762    21.2253     7.5888 -9.990e-29
 125.544210      9.509    12.0642  32.102436    27.3602      9.424  277.35822  277.46397    21.3654     7.5888 -9.990e-29
 125.544213      9.535    12.0635  32.098443    27.3602      9.450  277.36871  277.47445    21.1008     7.5403 0.0000e+00
 125.544216      9.562    12.0625  32.097864    27.3602      9.477  277.37450  277.48018    22.0346     7.5281 -9.990e-29
 125.544219      9.584    12.0614  32.095433    27.3576      9.498  277.38369  277.48932    21.9724     7.5039 -9.990e-29
 125.544222      9.613    12.0604  32.093234    27.3569      9.527  277.39246  277.49804    21.9879     7.4877 0.0000e+00
 125.544225      9.648    12.0597  32.091209    27.3562      9.562  277.39935  277.50490    21.9568     7.5120 0.0000e+00
 125.544227      9.679    12.0592  32.090572    27.3559      9.592  277.40273  277.50826    20.7895     7.5079 0.0000e+00
 125.544230      9.708    12.0588  32.089762    27.3559      9.621  277.40613  277.51163    20.7584     7.5079 0.0000e+00
 125.544233      9.736    12.0588  32.090399    27.3557      9.648  277.40466  277.51017    20.7895     7.5201 0.0000e+00
 125.544236      9.763    12.0588  32.089588    27.3560      9.675  277.40648  277.51199    20.9140     7.5322 -9.990e-29
 125.544239      9.785    12.0590  32.089415    27.3549      9.697  277.40587  277.51140    20.9607     7.4877 -9.990e-29
 125.544242      9.812    12.0592  32.088373    27.3538      9.724  277.40686  277.51241    19.7155     7.6009 -9.990e-29
 125.544245      9.829    12.0595  32.089126    27.3543      9.741  277.40423  277.50980    19.7000     7.5645 -9.990e-29
 125.544248      9.849    12.0599  32.089994    27.3548      9.761  277.40077  277.50635    19.8245     7.5928 -9.990e-29
 125.544251      9.867    12.0602  32.089589    27.3542      9.779  277.40027  277.50587    19.7934     7.6050 -9.990e-29
 125.544253      9.889    12.0603  32.091209    27.3562      9.800  277.39668  277.50228    20.7272     7.4392 -9.990e-29
 125.544256      9.920    12.0600  32.091614    27.3565      9.831  277.39721  277.50279    20.7895     7.4473 0.0000e+00
 125.544259      9.949    12.0598  32.092193    27.3567      9.860  277.39712  277.50267    20.7895     7.4432 0.0000e+00
 125.544262      9.975    12.0595  32.091788    27.3569      9.885  277.39913  277.50467    20.7895     7.4473 0.0000e+00
 125.544265     10.006    12.0595  32.092425    27.3573      9.916  277.39799  277.50352    20.1358     7.4554 0.0000e+00
 125.544268     10.037    12.0593  32.092830    27.3578      9.947  277.39821  277.50372    20.1980     7.4351 0.0000e+00
 125.544271     10.071    12.0593  32.093525    27.3585      9.981  277.39727  277.50277    20.1980     7.4311 0.0000e+00
 125.544274     10.099    12.0593  32.093641    27.3586     10.008  277.39708  277.50258    20.1358     7.4513 0.0000e+00
 125.544277     10.126    12.0593  32.094798    27.3592     10.036  277.39497  277.50046    21.0385     7.8476 0.0000e+00
 125.544280     10.157    12.0597  32.096419    27.3597     10.066  277.39014  277.49564    21.0074     7.8678 -9.990e-29
 125.544282     10.179    12.0602  32.100239    27.3641     10.088  277.38063  277.48613    21.0541     7.8031 -9.990e-29
 125.544285     10.199    12.0615  32.102091    27.3649     10.108  277.37159  277.47715    21.1163     7.8516 -9.990e-29
 125.544288     10.223    12.0630  32.104291    27.3659     10.131  277.36097  277.46661    21.0229     7.8355 -9.990e-29
 125.544291     10.243    12.0639  32.105275    27.3670     10.151  277.35478  277.46048    20.0268     7.7061 -9.990e-29
 125.544294     10.272    12.0645  32.106722    27.3679     10.180  277.34963  277.45536    19.9646     7.7303 0.0000e+00
 125.544297     10.307    12.0651  32.109038    27.3688     10.214  277.34289  277.44863    20.1669     7.7020 0.0000e+00
 125.544300     10.340    12.0658  32.110948    27.3688     10.247  277.33627  277.44204    19.9334     7.7303 0.0000e+00
 125.544303     10.376    12.0665  32.109096    27.3701     10.283  277.33623  277.44208    20.5249     7.9446 0.0000e+00
 125.544306     10.409    12.0672  32.112337    27.3697     10.316  277.32717  277.43302    20.6338     7.9527 0.0000e+00
 125.544308     10.440    12.0676  32.112106    27.3697     10.346  277.32573  277.43162    20.6338     7.9689 0.0000e+00
 125.544311     10.473    12.0677  32.111296    27.3693     10.379  277.32692  277.43282    20.4315     7.9729 0.0000e+00
 125.544314     10.502    12.0679  32.113727    27.3689     10.408  277.32154  277.42743    21.4899     7.8274 -9.990e-29
 125.544317     10.525    12.0678  32.117143    27.3744     10.431  277.31592  277.42177    21.4899     7.8355 -9.990e-29
 125.544320     10.555    12.0677  32.119806    27.3769     10.460  277.31138  277.41719    21.5988     7.8314 -9.990e-29
 125.544323     10.577    12.0678  32.124206    27.3810     10.482  277.30301  277.40878    21.4276     7.8476 -9.990e-29
 125.544326     10.595    12.0677  32.129070    27.3856     10.500  277.29442  277.40013    21.8478     7.8112 -9.990e-29
 125.544329     10.620    12.0678  32.137119    27.3931     10.525  277.27905  277.38469    21.7389     7.6899 -9.990e-29
