Processed/SBE19plus_01907321_2022_05_05_Cast32_wfilter.cnv
* Sea-Bird SBE19plus  Data File:
* FileName = E:\Prandtl Daten\2022\CTD\Raw\SBE19plus_01907321_2022_05_05_Cast32.hex
* Software version 2.6.1.12
* Temperature SN = 7321
* Conductivity SN = 7321
* System UpLoad Time = May 05 2022 11:38:24
* <ApplicationData>
* <Seaterm232>
** Messpraktikum 2022
** CTD 05.05 Schnitt5_2
# nquan = 11
# nvalues = 289                         
# units = specified
# name 0 = timeJ: Julian Days
# name 1 = prdM: Pressure, Strain Gauge [db]
# name 2 = tv290C: Temperature [ITS-90, deg C]
# name 3 = c0mS/cm: Conductivity [mS/cm]
# name 4 = sal00: Salinity, Practical [PSU]
# name 5 = depSM: Depth [salt water, m], lat = 54.00
# name 6 = oxsatMm/Kg: Oxygen Saturation, Weiss [umol/kg]
# name 7 = oxsolMm/Kg: Oxygen Saturation, Garcia & Gordon [umol/kg]
# name 8 = turbWETntu0: Turbidity, WET Labs ECO [NTU]
# name 9 = flECO-AFL: Fluorescence, WET Labs ECO-AFL/FL [mg/m^3]
# name 10 = flag:  0.000e+00
# span 0 = 125.480495, 125.481328       
# span 1 =      0.615,      7.865       
# span 2 =    11.8858,    11.9196       
# span 3 =  32.809734,  32.858820       
# span 4 =    28.1631,    28.1943       
# span 5 =      0.610,      7.795       
# span 6 =  276.60832,  276.83794       
# span 7 =  276.69551,  276.92349       
# span 8 =     6.7039,    42.3615       
# span 9 =     2.5828,     5.6357       
# span 10 = 0.0000e+00, 0.0000e+00      
# interval = seconds: 0.25
# start_time = May 05 2022 11:30:28 [Instrument's time stamp, header]
# bad_flag = -9.990e-29
*END*
[from data line 132]
 125.480877      3.895    11.8865  32.825019    28.1815      3.861  276.81964  276.90483    14.4237     4.1436 -9.990e-29
 125.480880      3.903    11.8863  32.824551    28.1811      3.868  276.82113  276.90631    16.3692     4.2407 -9.990e-29
 125.480883      3.919    11.8863  32.825603    28.1822      3.884  276.81951  276.90468    16.2603     4.2649 -9.990e-29
 125.480885      3.930    11.8863  32.823968    28.1806      3.895  276.82254  276.90772    16.3070     4.2326 -9.990e-29
 125.480888      3.948    11.8861  32.823851    28.1806      3.913  276.82369  276.90887    16.2914     4.2204 -9.990e-29
 125.480891      3.970    11.8860  32.824552    28.1814      3.934  276.82272  276.90788    16.2914     4.2204 -9.990e-29
 125.480894      3.995    11.8861  32.823968    28.1807      3.959  276.82351  276.90868    15.6066     4.1760 -9.990e-29
 125.480897      4.032    11.8859  32.824202    28.1811      3.995  276.82372  276.90888    15.6533     4.1881 -9.990e-29
 125.480900      4.053    11.8859  32.824143    28.1810      4.017  276.82384  276.90901    15.5599     4.2124 -9.990e-29
 125.480903      4.073    11.8858  32.823735    28.1807      4.037  276.82523  276.91039    15.5599     4.2043 -9.990e-29
 125.480906      4.097    11.8859  32.823209    28.1802      4.060  276.82591  276.91108    18.6572     4.6046 -9.990e-29
 125.480909      4.126    11.8859  32.823326    28.1805      4.089  276.82540  276.91058    18.6416     4.6410 0.0000e+00
 125.480911      4.161    11.8858  32.823735    28.1802      4.124  276.82529  276.91045    18.5171     4.6369 0.0000e+00
 125.480914      4.199    11.8859  32.822918    28.1798      4.162  276.82621  276.91139    18.5482     4.6046 0.0000e+00
 125.480917      4.247    11.8863  32.822451    28.1790      4.209  276.82556  276.91077    17.3654     4.5116 0.0000e+00
 125.480920      4.298    11.8864  32.821283    28.1778      4.259  276.82714  276.91237    17.3342     4.5075 0.0000e+00
 125.480923      4.345    11.8864  32.820232    28.1776      4.306  276.82911  276.91435    17.3187     4.4833 0.0000e+00
 125.480926      4.395    11.8866  32.821283    28.1771      4.355  276.82628  276.91152    17.4276     4.5035 0.0000e+00
 125.480929      4.437    11.8868  32.820875    28.1774      4.397  276.82613  276.91140    16.4004     4.3094 0.0000e+00
 125.480932      4.469    11.8870  32.819415    28.1771      4.430  276.82823  276.91353    16.3848     4.3215 -9.990e-29
 125.480935      4.489    11.8872  32.820700    28.1766      4.449  276.82464  276.90994    16.4004     4.2932 -9.990e-29
 125.480938      4.497    11.8874  32.821459    28.1772      4.457  276.82262  276.90792    16.3070     4.3134 -9.990e-29
 125.480940      4.490    11.8874  32.820875    28.1766      4.449  276.82339  276.90870    16.3692     4.3134 -9.990e-29
 125.480943      4.479    11.8876  32.820875    28.1765      4.439  276.82276  276.90808    18.2214     4.6814 -9.990e-29
 125.480946      4.466    11.8876  32.820699    28.1763      4.426  276.82308  276.90840    18.4082     4.6652 -9.990e-29
 125.480949      4.459    11.8874  32.819415    28.1752      4.419  276.82606  276.91139    18.3303     4.6612 -9.990e-29
 125.480952      4.462    11.8873  32.821459    28.1772      4.422  276.82291  276.90820    18.2525     4.6733 -9.990e-29
 125.480955      4.479    11.8873  32.821634    28.1765      4.439  276.82260  276.90789    18.0502     4.4833 -9.990e-29
 125.480958      4.513    11.8872  32.820641    28.1763      4.473  276.82507  276.91037    18.0346     4.4833 0.0000e+00
 125.480961      4.562    11.8874  32.820233    28.1760      4.521  276.82493  276.91025    18.0657     4.4995 0.0000e+00
 125.480964      4.622    11.8873  32.819707    28.1760      4.581  276.82626  276.91157    18.1280     4.4954 0.0000e+00
 125.480966      4.688    11.8873  32.821051    28.1755      4.646  276.82382  276.90912    17.3187     4.3781 0.0000e+00
 125.480969      4.740    11.8872  32.819007    28.1752      4.698  276.82794  276.91326    17.3654     4.3701 0.0000e+00
 125.480972      4.788    11.8873  32.819416    28.1750      4.745  276.82691  276.91223    17.3187     4.3862 0.0000e+00
 125.480975      4.817    11.8873  32.820467    28.1752      4.774  276.82499  276.91030    17.4120     4.3498 -9.990e-29
 125.480978      4.835    11.8874  32.821460    28.1770      4.792  276.82255  276.90786    16.6961     4.3498 -9.990e-29
 125.480981      4.852    11.8875  32.821460    28.1769      4.809  276.82225  276.90756    16.6650     4.4024 -9.990e-29
 125.480984      4.858    11.8876  32.821285    28.1767      4.814  276.82227  276.90759    16.5871     4.3620 -9.990e-29
 125.480987      4.876    11.8877  32.821051    28.1764      4.832  276.82241  276.90773    16.6338     4.3862 -9.990e-29
 125.480990      4.889    11.8877  32.820642    28.1760      4.845  276.82286  276.90820    16.5716     4.3579 -9.990e-29
 125.480992      4.909    11.8877  32.820292    28.1749      4.865  276.82352  276.90886    17.5210     4.5197 -9.990e-29
 125.480995      4.938    11.8878  32.819592    28.1758      4.894  276.82453  276.90988    17.4432     4.4914 0.0000e+00
 125.480998      4.967    11.8877  32.821460    28.1765      4.923  276.82141  276.90673    17.6299     4.4995 0.0000e+00
 125.481001      5.003    11.8879  32.821285    28.1765      4.959  276.82114  276.90648    17.6611     4.5197 0.0000e+00
 125.481004      5.031    11.8878  32.820117    28.1760      4.986  276.82362  276.90897    14.7817     4.1800 0.0000e+00
 125.481007      5.062    11.8877  32.820468    28.1754      5.017  276.82331  276.90864    14.8906     4.1719 -9.990e-29
 125.481010      5.086    11.8877  32.819417    28.1748      5.040  276.82526  276.91061    14.9685     4.2043 -9.990e-29
 125.481013      5.109    11.8877  32.819300    28.1747      5.064  276.82581  276.91115    14.8595     4.1962 -9.990e-29
 125.481016      5.128    11.8877  32.820468    28.1757      5.082  276.82335  276.90869    14.6727     3.9091 -9.990e-29
 125.481019      5.144    11.8879  32.820643    28.1758      5.098  276.82242  276.90777    14.6883     3.9293 -9.990e-29
 125.481021      5.171    11.8874  32.820293    28.1763      5.125  276.82494  276.91026    14.7506     3.9414 0.0000e+00
 125.481024      5.202    11.8874  32.821461    28.1758      5.156  276.82312  276.90842    14.5638     3.9253 0.0000e+00
 125.481027      5.244    11.8871  32.819417    28.1769      5.197  276.82816  276.91346    12.9296     3.8484 0.0000e+00
 125.481030      5.283    11.8870  32.821286    28.1770      5.235  276.82535  276.91063    12.8829     3.8565 0.0000e+00
 125.481033      5.321    11.8868  32.821286    28.1771      5.273  276.82631  276.91156    12.9296     3.8767 0.0000e+00
 125.481036      5.352    11.8867  32.821695    28.1772      5.304  276.82588  276.91113    12.8517     3.8767 -9.990e-29
 125.481039      5.372    11.8867  32.820644    28.1766      5.324  276.82784  276.91310    12.7739     3.8565 -9.990e-29
 125.481042      5.385    11.8866  32.821870    28.1778      5.337  276.82589  276.91113    14.1591     4.0506 -9.990e-29
 125.481045      5.399    11.8865  32.822104    28.1781      5.351  276.82578  276.91101    14.1591     4.0668 -9.990e-29
 125.481047      5.403    11.8866  32.819827    28.1759      5.354  276.82968  276.91494    14.1280     4.0385 -9.990e-29
 125.481050      5.421    11.8865  32.820119    28.1762      5.373  276.82977  276.91502    14.1591     4.0749 -9.990e-29
 125.481053      5.436    11.8867  32.821695    28.1776      5.387  276.82594  276.91119    13.2564     3.9212 -9.990e-29
 125.481056      5.456    11.8867  32.820878    28.1758      5.407  276.82746  276.91272    13.1630     3.9172 -9.990e-29
 125.481059      5.487    11.8867  32.819827    28.1765      5.438  276.82943  276.91470    13.2253     3.9091 0.0000e+00
 125.481062      5.522    11.8868  32.821462    28.1763      5.472  276.82581  276.91108    13.0696     3.9172 0.0000e+00
 125.481065      5.563    11.8868  32.820469    28.1769      5.514  276.82799  276.91325    13.0696     4.0547 0.0000e+00
 125.481068      5.604    11.8868  32.821053    28.1766      5.554  276.82693  276.91220    13.1941     4.0183 0.0000e+00
 125.481071      5.647    11.8868  32.820878    28.1769      5.597  276.82698  276.91225    13.2097     4.0344 0.0000e+00
 125.481073      5.684    11.8870  32.821871    28.1766      5.633  276.82455  276.90982    13.1630     4.0627 0.0000e+00
 125.481076      5.720    11.8870  32.820470    28.1769      5.669  276.82686  276.91215    15.5755     4.0466 0.0000e+00
 125.481079      5.745    11.8873  32.821638    28.1764      5.694  276.82348  276.90878    15.6844     4.0183 0.0000e+00
 125.481082      5.773    11.8873  32.820061    28.1769      5.721  276.82641  276.91173    15.6222     4.0466 -9.990e-29
 125.481085      5.793    11.8875  32.821696    28.1768      5.741  276.82248  276.90779    15.5755     4.0627 -9.990e-29
 125.481088      5.804    11.8876  32.820879    28.1760      5.752  276.82369  276.90901    15.6533     4.0385 -9.990e-29
 125.481091      5.803    11.8878  32.821463    28.1764      5.751  276.82168  276.90702    17.5988     4.4631 -9.990e-29
 125.481094      5.799    11.8879  32.820879    28.1757      5.747  276.82214  276.90749    17.5210     4.4469 -9.990e-29
 125.481097      5.795    11.8879  32.820470    28.1754      5.744  276.82320  276.90855    17.5366     4.4428 -9.990e-29
 125.481100      5.801    11.8882  32.820120    28.1748      5.749  276.82231  276.90769    17.6144     4.4186 -9.990e-29
 125.481102      5.803    11.8880  32.819594    28.1745      5.751  276.82421  276.90958    17.1941     4.3013 -9.990e-29
 125.481105      5.815    11.8879  32.819010    28.1733      5.763  276.82560  276.91097    17.3187     4.3054 -9.990e-29
 125.481108      5.845    11.8879  32.818310    28.1735      5.793  276.82692  276.91230    17.3187     4.3054 0.0000e+00
 125.481111      5.887    11.8881  32.818777    28.1734      5.834  276.82547  276.91085    17.3187     4.3094 0.0000e+00
 125.481114      5.938    11.8881  32.818602    28.1734      5.885  276.82551  276.91091    17.7700     4.4428 0.0000e+00
 125.481117      5.992    11.8883  32.817143    28.1734      5.939  276.82763  276.91305    17.7233     4.4550 0.0000e+00
 125.481120      6.058    11.8885  32.819011    28.1726      6.004  276.82330  276.90871    17.8945     4.4509 0.0000e+00
 125.481123      6.133    11.8887  32.818369    28.1726      6.078  276.82361  276.90905    17.7700     4.4307 0.0000e+00
 125.481126      6.206    11.8886  32.817143    28.1716      6.150  276.82654  276.91198    19.2486     4.6289 0.0000e+00
 125.481128      6.259    11.8888  32.817319    28.1715      6.203  276.82502  276.91048    19.3109     4.6046 0.0000e+00
 125.481131      6.302    11.8888  32.816093    28.1715      6.246  276.82732  276.91279    19.2175     4.6208 0.0000e+00
 125.481134      6.330    11.8888  32.817377    28.1710      6.273  276.82527  276.91072    19.2486     4.6329 0.0000e+00
 125.481137      6.356    11.8888  32.818895    28.1716      6.299  276.82249  276.90792    19.1864     4.6289 -9.990e-29
 125.481140      6.359    11.8888  32.817961    28.1721      6.302  276.82421  276.90966    20.7895     4.5965 -9.990e-29
 125.481143      6.355    11.8888  32.816502    28.1707      6.298  276.82691  276.91237    20.7739     4.6167 -9.990e-29
 125.481146      6.342    11.8887  32.817903    28.1721      6.286  276.82462  276.91006    20.6961     4.6127 -9.990e-29
 125.481149      6.326    11.8890  32.817552    28.1716      6.269  276.82402  276.90948    20.7895     4.6046 -9.990e-29
 125.481152      6.309    11.8891  32.817786    28.1717      6.253  276.82296  276.90843    18.5015     4.4833 -9.990e-29
 125.481155      6.302    11.8890  32.817144    28.1712      6.246  276.82476  276.91023    18.5171     4.5035 -9.990e-29
 125.481157      6.299    11.8890  32.817319    28.1713      6.242  276.82412  276.90959    18.5638     4.4995 -9.990e-29
 125.481160      6.303    11.8889  32.816326    28.1705      6.246  276.82657  276.91205    18.5171     4.5156 -9.990e-29
 125.481163      6.323    11.8888  32.815684    28.1700      6.266  276.82839  276.91387    18.0969     4.4752 -9.990e-29
 125.481166      6.347    11.8888  32.815743    28.1694      6.290  276.82830  276.91377    18.0657     4.4388 -9.990e-29
 125.481169      6.374    11.8887  32.815100    28.1696      6.317  276.82982  276.91529    17.9879     4.4469 0.0000e+00
 125.481172      6.410    11.8888  32.815509    28.1698      6.353  276.82878  276.91425    18.0657     4.4307 0.0000e+00
 125.481175      6.454    11.8888  32.816093    28.1698      6.397  276.82773  276.91320    18.0191     4.6410 0.0000e+00
 125.481178      6.509    11.8887  32.813408    28.1694      6.451  276.83304  276.91853    17.9412     4.6167 0.0000e+00
 125.481181      6.567    11.8888  32.815276    28.1692      6.508  276.82901  276.91449    18.0657     4.6005 0.0000e+00
 125.481183      6.631    11.8889  32.815101    28.1692      6.571  276.82907  276.91456    18.0191     4.6612 0.0000e+00
 125.481186      6.691    11.8889  32.814985    28.1691      6.631  276.82933  276.91482    18.0969     4.6046 0.0000e+00
 125.481189      6.755    11.8887  32.814693    28.1691      6.695  276.83084  276.91632    18.8284     4.7582 0.0000e+00
 125.481192      6.808    11.8886  32.815102    28.1689      6.747  276.83043  276.91590    18.7661     4.7542 0.0000e+00
 125.481195      6.854    11.8890  32.814810    28.1688      6.793  276.82945  276.91495    18.7973     4.7582 0.0000e+00
 125.481198      6.885    11.8889  32.814460    28.1687      6.823  276.83043  276.91593    18.7817     4.7259 0.0000e+00
 125.481201      6.910    11.8889  32.814285    28.1685      6.848  276.83077  276.91627    20.2914     4.7502 -9.990e-29
 125.481204      6.919    11.8889  32.815102    28.1691      6.857  276.82927  276.91476    20.1825     4.7785 -9.990e-29
 125.481207      6.923    11.8891  32.814810    28.1687      6.861  276.82888  276.91439    20.2292     4.7623 -9.990e-29
 125.481209      6.915    11.8891  32.813409    28.1673      6.854  276.83147  276.91699    20.2292     4.7380 -9.990e-29
 125.481212      6.908    11.8891  32.814285    28.1682      6.846  276.82984  276.91536    21.5521     4.7866 -9.990e-29
 125.481215      6.895    11.8890  32.814401    28.1683      6.834  276.82993  276.91544    21.4743     4.7623 -9.990e-29
 125.481218      6.890    11.8890  32.813818    28.1678      6.828  276.83131  276.91682    21.5210     4.7461 -9.990e-29
 125.481221      6.895    11.8890  32.813000    28.1670      6.833  276.83252  276.91804    21.4587     4.7380 -9.990e-29
 125.481224      6.902    11.8890  32.813818    28.1678      6.841  276.83132  276.91683    23.4354     5.2637 -9.990e-29
 125.481227      6.926    11.8888  32.813000    28.1673      6.864  276.83378  276.91928    23.4043     5.2435 -9.990e-29
 125.481230      6.959    11.8889  32.813234    28.1671      6.897  276.83275  276.91826    23.5443     5.2435 0.0000e+00
 125.481233      6.994    11.8890  32.813001    28.1670      6.932  276.83290  276.91842    23.6066     5.2597 0.0000e+00
 125.481236      7.040    11.8890  32.812650    28.1667      6.977  276.83357  276.91910    23.3576     5.2718 0.0000e+00
 125.481238      7.089    11.8890  32.810140    28.1655      7.026  276.83794  276.92349    21.5833     5.2273 0.0000e+00
 125.481241      7.135    11.8892  32.811600    28.1655      7.071  276.83465  276.92021    21.4743     5.2475 0.0000e+00
 125.481244      7.179    11.8890  32.813001    28.1655      7.114  276.83272  276.91824    21.4899     5.2435 0.0000e+00
 125.481247      7.222    11.8892  32.811600    28.1660      7.158  276.83472  276.92027    21.5833     5.2556 0.0000e+00
 125.481250      7.259    11.8891  32.812184    28.1660      7.194  276.83397  276.91951    22.1591     5.0696 0.0000e+00
