Processed/SBE19plus_01907321_2022_05_06_Cast52_wfilter.cnv
* Sea-Bird SBE19plus  Data File:
* FileName = E:\Prandtl Daten\2022\CTD\Raw\SBE19plus_01907321_2022_05_06_Cast52.hex
* Software version 2.6.1.12
* Temperature SN = 7321
* Conductivity SN = 7321
* System UpLoad Time = May 06 2022 12:21:00
* <ApplicationData>
* <Seaterm232>
** Messpraktikum 2022
** CTD 06.05 MP2
** NMEA Latitude = 54 04.017 N
** NMEA Longitude = 008 42.129 E
# nquan = 11
# nvalues = 604                         
# units = specified
# name 0 = timeJ: Julian Days
# name 1 = prdM: Pressure, Strain Gauge [db]
# name 2 = tv290C: Temperature [ITS-90, deg C]
# name 3 = c0mS/cm: Conductivity [mS/cm]
# name 4 = sal00: Salinity, Practical [PSU]
# name 5 = depSM: Depth [salt water, m], lat = 54.00
# name 6 = oxsatMm/Kg: Oxygen Saturation, Weiss [umol/kg]
# name 7 = oxsolMm/Kg: Oxygen Saturation, Garcia & Gordon [umol/kg]
# name 8 = turbWETntu0: Turbidity, WET Labs ECO [NTU]
# name 9 = flECO-AFL: Fluorescence, WET Labs ECO-AFL/FL [mg/m^3]
# name 10 = flag:  0.000e+00
# span 0 = 126.509737, 126.511481       
# span 1 =      0.310,     13.409       
# span 2 =    12.2750,    13.2718       
# span 3 =  31.560981,  32.292129       
# span 4 =    26.6359,    26.8136       
# span 5 =      0.307,     13.289       
# span 6 =  271.68800,  277.39639       
# span 7 =  271.87126,  277.52228       
# span 8 =    26.9996,   111.3731       
# span 9 =     8.4703,    13.3348       
# span 10 = 0.0000e+00, 0.0000e+00      
# interval = seconds: 0.25
# start_time = May 06 2022 12:12:54 [Instrument's time stamp, header]
# bad_flag = -9.990e-29
*END*
[from data line 394]
 126.511152     10.552    12.2908  31.604396    26.7321     10.458  277.24562  277.37209    42.1591    10.9693 -9.990e-29
 126.511155     10.578    12.2914  31.604799    26.7321     10.483  277.24236  277.36887    42.2369    10.9167 -9.990e-29
 126.511157     10.596    12.2916  31.603418    26.7306     10.501  277.24392  277.37046    42.0969    10.9127 -9.990e-29
 126.511160     10.614    12.2912  31.602843    26.7303     10.519  277.24657  277.37309    41.1941    10.7590 -9.990e-29
 126.511163     10.634    12.2907  31.601635    26.7307     10.539  277.25132  277.37782    41.3031    10.8035 -9.990e-29
 126.511166     10.660    12.2902  31.602440    26.7309     10.565  277.25211  277.37856    41.2564    10.7631 0.0000e+00
 126.511169     10.688    12.2897  31.602440    26.7310     10.592  277.25435  277.38077    41.3342    10.7954 0.0000e+00
 126.511172     10.722    12.2895  31.602613    26.7311     10.626  277.25502  277.38142    44.8517    11.1229 0.0000e+00
 126.511175     10.751    12.2894  31.602268    26.7311     10.655  277.25598  277.38238    44.7428    11.1108 0.0000e+00
 126.511178     10.784    12.2893  31.602268    26.7311     10.688  277.25632  277.38272    44.7272    11.1149 0.0000e+00
 126.511181     10.819    12.2890  31.601463    26.7305     10.722  277.25908  277.38546    44.9296    11.0865 0.0000e+00
 126.511183     10.848    12.2885  31.600830    26.7304     10.751  277.26279  277.38915    44.9296    11.0865 0.0000e+00
 126.511186     10.876    12.2881  31.601463    26.7303     10.778  277.26325  277.38958    45.4120    11.2159 -9.990e-29
 126.511189     10.896    12.2879  31.600255    26.7302     10.798  277.26641  277.39274    45.6455    11.2442 -9.990e-29
 126.511192     10.921    12.2874  31.598299    26.7287     10.824  277.27221  277.39852    45.5833    11.2442 -9.990e-29
 126.511195     10.943    12.2866  31.597896    26.7289     10.845  277.27677  277.40303    45.5988    11.2200 -9.990e-29
 126.511198     10.965    12.2860  31.597321    26.7288     10.867  277.28070  277.40692    47.4354    11.2847 -9.990e-29
 126.511201     10.983    12.2853  31.597494    26.7294     10.885  277.28326  277.40944    47.5599    11.3130 -9.990e-29
 126.511204     11.007    12.2848  31.597322    26.7296     10.909  277.28582  277.41196    47.5755    11.3049 -9.990e-29
 126.511207     11.029    12.2844  31.595711    26.7289     10.930  277.29066  277.41680    47.5288    11.2766 -9.990e-29
 126.511209     11.058    12.2839  31.595941    26.7290     10.959  277.29249  277.41859    46.7817    11.3575 0.0000e+00
 126.511212     11.091    12.2834  31.595711    26.7291     10.992  277.29516  277.42123    46.7350    11.3939 0.0000e+00
 126.511215     11.120    12.2832  31.595539    26.7291     11.020  277.29645  277.42250    46.8440    11.3615 0.0000e+00
 126.511218     11.155    12.2829  31.596287    26.7295     11.055  277.29670  277.42273    46.6727    11.3858 0.0000e+00
 126.511221     11.189    12.2826  31.595539    26.7295     11.089  277.29936  277.42537    47.7155    11.3656 0.0000e+00
 126.511224     11.218    12.2824  31.594734    26.7292     11.118  277.30180  277.42780    47.7778    11.4343 0.0000e+00
 126.511227     11.244    12.2822  31.594906    26.7289     11.143  277.30245  277.42844    47.7155    11.4545 0.0000e+00
 126.511230     11.269    12.2818  31.594159    26.7287     11.168  277.30542  277.43139    47.7000    11.4424 0.0000e+00
 126.511233     11.295    12.2814  31.593123    26.7283     11.193  277.30923  277.43518    47.8712    11.4141 0.0000e+00
 126.511236     11.320    12.2807  31.591570    26.7280     11.219  277.31493  277.44086    44.1669    11.1108 -9.990e-29
 126.511238     11.344    12.2801  31.591743    26.7276     11.242  277.31749  277.44338    44.0424    11.0906 -9.990e-29
 126.511241     11.367    12.2795  31.591973    26.7287     11.266  277.31996  277.44580    44.1358    11.0906 -9.990e-29
 126.511244     11.395    12.2796  31.592549    26.7294     11.293  277.31829  277.44414    44.1825    11.1149 0.0000e+00
 126.511247     11.424    12.2795  31.593929    26.7296     11.322  277.31644  277.44226    40.6650    10.8358 0.0000e+00
 126.511250     11.455    12.2800  31.593757    26.7301     11.353  277.31455  277.44040    40.7117    10.8601 0.0000e+00
 126.511253     11.490    12.2804  31.594907    26.7303     11.387  277.31057  277.43645    40.7428    10.8763 0.0000e+00
 126.511256     11.525    12.2812  31.596288    26.7310     11.422  277.30427  277.43019    40.7117    10.8722 0.0000e+00
 126.511259     11.561    12.2820  31.597324    26.7314     11.458  277.29891  277.42487    43.2798    11.1391 0.0000e+00
 126.511262     11.590    12.2833  31.598704    26.7317     11.487  277.29038  277.41641    43.5288    11.1836 0.0000e+00
 126.511264     11.620    12.2847  31.600257    26.7317     11.516  277.28153  277.40764    43.3731    11.1553 0.0000e+00
 126.511267     11.645    12.2858  31.599855    26.7317     11.541  277.27719  277.40337    43.4976    11.1755 0.0000e+00
 126.511270     11.671    12.2864  31.599452    26.7311     11.566  277.27539  277.40162    43.9646    11.1876 -9.990e-29
 126.511273     11.693    12.2864  31.599682    26.7304     11.588  277.27467  277.40090    45.1786    11.0987 -9.990e-29
 126.511276     11.713    12.2864  31.599452    26.7303     11.608  277.27542  277.40165    45.0541    11.1068 -9.990e-29
 126.511279     11.734    12.2858  31.598474    26.7297     11.628  277.27975  277.40595    45.0229    11.1108 -9.990e-29
 126.511282     11.759    12.2857  31.599682    26.7310     11.654  277.27821  277.40439    45.1008    11.0623 -9.990e-29
 126.511285     11.781    12.2857  31.599280    26.7310     11.676  277.27896  277.40514    44.5405    11.0946 -9.990e-29
 126.511288     11.814    12.2853  31.599453    26.7298     11.708  277.28026  277.40641    44.6338    11.0987 0.0000e+00
 126.511291     11.845    12.2853  31.596921    26.7307     11.739  277.28487  277.41106    44.5716    11.1027 0.0000e+00
 126.511293     11.881    12.2849  31.598877    26.7305     11.775  277.28325  277.40939    44.5405    11.1270 0.0000e+00
 126.511296     11.920    12.2847  31.598475    26.7307     11.813  277.28497  277.41109    46.2369    11.6446 0.0000e+00
 126.511299     11.949    12.2843  31.599108    26.7305     11.842  277.28574  277.41184    46.2369    11.6041 0.0000e+00
 126.511302     11.978    12.2842  31.597670    26.7303     11.871  277.28869  277.41480    46.3615    11.5920 0.0000e+00
 126.511305     12.003    12.2838  31.597670    26.7303     11.896  277.29062  277.41669    46.2681    11.6324 0.0000e+00
 126.511308     12.029    12.2834  31.597670    26.7304     11.921  277.29223  277.41828    47.5599    11.2685 0.0000e+00
 126.511311     12.054    12.2830  31.596922    26.7306     11.946  277.29551  277.42154    47.4976    11.3170 -9.990e-29
 126.511314     12.078    12.2828  31.595714    26.7292     11.970  277.29868  277.42470    47.5910    11.2726 -9.990e-29
 126.511317     12.098    12.2822  31.595024    26.7289     11.990  277.30249  277.42849    47.4976    11.2968 -9.990e-29
 126.511319     12.120    12.2819  31.594909    26.7291     12.011  277.30430  277.43028    47.4821    11.3170 -9.990e-29
 126.511322     12.143    12.2814  31.594564    26.7295     12.035  277.30686  277.43281    49.1941    11.7012 -9.990e-29
 126.511325     12.173    12.2813  31.594909    26.7291     12.064  277.30688  277.43282    49.2408    11.6688 0.0000e+00
 126.511328     12.207    12.2810  31.593759    26.7287     12.098  277.31027  277.43620    49.2720    11.6850 0.0000e+00
 126.511331     12.240    12.2808  31.593759    26.7287     12.131  277.31125  277.43716    49.2253    11.6607 0.0000e+00
 126.511334     12.275    12.2804  31.594565    26.7297     12.165  277.31172  277.43760    50.0657    11.8872 0.0000e+00
 126.511337     12.313    12.2803  31.594565    26.7297     12.203  277.31206  277.43794    50.1591    11.9074 0.0000e+00
 126.511340     12.344    12.2800  31.594162    26.7296     12.234  277.31408  277.43995    50.0035    11.8508 0.0000e+00
 126.511343     12.375    12.2801  31.594162    26.7296     12.264  277.31379  277.43965    50.0502    11.8993 0.0000e+00
 126.511345     12.402    12.2798  31.594162    26.7296     12.291  277.31540  277.44124    51.7934    12.1177 0.0000e+00
 126.511348     12.430    12.2799  31.594738    26.7298     12.318  277.31373  277.43958    51.7311    12.1783 -9.990e-29
 126.511351     12.452    12.2798  31.593932    26.7295     12.340  277.31553  277.44138    51.7000    12.1379 -9.990e-29
 126.511354     12.474    12.2796  31.593530    26.7293     12.362  277.31723  277.44307    51.6689    12.1419 -9.990e-29
 126.511357     12.490    12.2794  31.593357    26.7294     12.378  277.31851  277.44433    53.7700    12.0813 -9.990e-29
 126.511360     12.516    12.2792  31.593357    26.7297     12.403  277.31948  277.44529    53.7700    12.0894 0.0000e+00
 126.511363     12.541    12.2789  31.593760    26.7294     12.428  277.32004  277.44583    53.8167    12.0692 0.0000e+00
 126.511366     12.570    12.2786  31.592782    26.7296     12.457  277.32311  277.44889    53.7856    12.0772 0.0000e+00
 126.511369     12.607    12.2784  31.592955    26.7292     12.494  277.32409  277.44985    53.8012    12.0732 0.0000e+00
 126.511372     12.639    12.2779  31.591977    26.7294     12.526  277.32780  277.45354    54.9840    12.0732 0.0000e+00
 126.511374     12.670    12.2776  31.592150    26.7293     12.557  277.32909  277.45481    54.7817    12.0692 0.0000e+00
 126.511377     12.701    12.2774  31.591978    26.7294     12.587  277.33007  277.45578    55.0619    12.0813 0.0000e+00
 126.511380     12.734    12.2772  31.592380    26.7296     12.620  277.33063  277.45632    54.9685    12.0651 0.0000e+00
 126.511383     12.763    12.2770  31.591978    26.7298     12.649  277.33202  277.45770    54.8595    11.7376 0.0000e+00
 126.511386     12.790    12.2765  31.590770    26.7296     12.676  277.33677  277.46243    54.8440    11.7174 -9.990e-29
 126.511389     12.814    12.2761  31.591173    26.7294     12.699  277.33765  277.46328    54.8128    11.7537 -9.990e-29
 126.511392     12.838    12.2755  31.591403    26.7301     12.723  277.34011  277.46570    54.7661    11.7780 -9.990e-29
 126.511395     12.858    12.2754  31.591173    26.7299     12.743  277.34086  277.46644    59.2175    12.2835 -9.990e-29
 126.511398     12.878    12.2753  31.592381    26.7311     12.762  277.33900  277.46456    59.3264    12.2794 -9.990e-29
 126.511400     12.901    12.2753  31.591978    26.7297     12.786  277.33975  277.46531    59.2953    12.2592 -9.990e-29
 126.511403     12.929    12.2752  31.590771    26.7300     12.813  277.34259  277.46817    59.3264    12.2713 0.0000e+00
 126.511406     12.960    12.2751  31.591403    26.7303     12.844  277.34178  277.46734    58.6572    12.2552 0.0000e+00
 126.511409     12.993    12.2750  31.591576    26.7305     12.877  277.34213  277.46768    58.6105    12.2835 0.0000e+00
 126.511412     13.024    12.2751  31.591576    26.7305     12.908  277.34151  277.46707    58.4704    12.2956 0.0000e+00
 126.511415     13.057    12.2752  31.591404    26.7305     12.940  277.34153  277.46709    58.6416    12.2511 0.0000e+00
 126.511418     13.091    12.2755  31.592957    26.7304     12.974  277.33746  277.46303    58.3615    12.2835 0.0000e+00
 126.511421     13.117    12.2754  31.591749    26.7311     12.999  277.33999  277.46556    55.9490    12.1945 0.0000e+00
 126.511424     13.144    12.2754  31.592554    26.7311     13.027  277.33854  277.46411    55.9957    12.1985 0.0000e+00
 126.511427     13.170    12.2755  31.592957    26.7313     13.052  277.33751  277.46308    56.0735    12.2309 0.0000e+00
 126.511429     13.196    12.2753  31.592152    26.7314     13.077  277.33994  277.46551    56.0891    12.1864 -9.990e-29
 126.511432     13.215    12.2754  31.593130    26.7316     13.097  277.33754  277.46311    55.6533    12.1985 -9.990e-29
 126.511435     13.236    12.2753  31.592152    26.7308     13.117  277.33965  277.46522    55.7778    12.2066 -9.990e-29
 126.511438     13.258    12.2755  31.592555    26.7316     13.139  277.33798  277.46356    55.8556    12.1985 -9.990e-29
 126.511441     13.283    12.2753  31.592957    26.7312     13.164  277.33854  277.46409    55.7622    12.2026 0.0000e+00
 126.511444     13.311    12.2754  31.592325    26.7315     13.191  277.33907  277.46464    66.9685    11.5516 0.0000e+00
 126.511447     13.340    12.2755  31.593130    26.7312     13.220  277.33699  277.46256    66.8284    11.5799 0.0000e+00
 126.511450     13.371    12.2755  31.592785    26.7315     13.251  277.33764  277.46321    66.6727    11.5677 -9.990e-29
 126.511453     13.385    12.2757  31.592152    26.7305     13.266  277.33816  277.46375    66.9062    11.5313 -9.990e-29
 126.511455     13.396    12.2757  31.589621    26.7280     13.276  277.34245  277.46807    93.0074    10.9976 -9.990e-29
 126.511458     13.396    12.2762  31.588586    26.7268     13.276  277.34242  277.46808    92.9918    10.9935 -9.990e-29
 126.511461     13.398    12.2762  31.582086    26.7206     13.278  277.35391  277.47964    92.7117    10.9855 -9.990e-29
 126.511464     13.402    12.2762  31.582316    26.7209     13.282  277.35381  277.47954    92.7739    10.9855 -9.990e-29
 126.511467     13.402    12.2759  31.578348    26.7174     13.282  277.36229  277.48804    93.0074    10.9733 -9.990e-29
 126.511470     13.400    12.2755  31.575357    26.7149     13.280  277.36931  277.49507    94.8440    11.5111 -9.990e-29
 126.511473     13.400    12.2755  31.575357    26.7149     13.280  277.36931  277.49507    94.9840    11.4747 -9.990e-29
 126.511476     13.402    12.2754  31.568054    26.7081     13.282  277.38322  277.50904    94.9373    11.4828 -9.990e-29
 126.511479     13.406    12.2753  31.560981    26.7016     13.286  277.39639  277.52228    94.9218    11.4788 -9.990e-29
 126.511481     13.409    12.2753  31.561958    26.7025     13.289  277.39493  277.52081   111.3731    11.1674 -9.990e-29
