Processed/SBE19plus_01907321_2022_05_05_Cast27_wfilter.cnv
* Sea-Bird SBE19plus  Data File:
* FileName = E:\Prandtl Daten\2022\CTD\Raw\SBE19plus_01907321_2022_05_05_Cast27.hex
* Software version 2.6.1.12
* Temperature SN = 7321
* Conductivity SN = 7321
* System UpLoad Time = May 05 2022 09:29:00
* <ApplicationData>
* <Seaterm232>
** Messpraktikum 2022
** CTD 05.05 NP3
# nquan = 11
# nvalues = 482                         
# units = specified
# name 0 = timeJ: Julian Days
# name 1 = prdM: Pressure, Strain Gauge [db]
# name 2 = tv290C: Temperature [ITS-90, deg C]
# name 3 = c0mS/cm: Conductivity [mS/cm]
# name 4 = sal00: Salinity, Practical [PSU]
# name 5 = depSM: Depth [salt water, m], lat = 54.00
# name 6 = oxsatMm/Kg: Oxygen Saturation, Weiss [umol/kg]
# name 7 = oxsolMm/Kg: Oxygen Saturation, Garcia & Gordon [umol/kg]
# name 8 = turbWETntu0: Turbidity, WET Labs ECO [NTU]
# name 9 = flECO-AFL: Fluorescence, WET Labs ECO-AFL/FL [mg/m^3]
# name 10 = flag:  0.000e+00
# span 0 = 125.388238, 125.389630       
# span 1 =      0.661,     13.835       
# span 2 =    11.7454,    11.7928       
# span 3 =  31.790289,  32.017891       
# span 4 =    27.2723,    27.4851       
# span 5 =      0.655,     13.711       
# span 6 =  278.74495,  279.30779       
# span 7 =  278.83251,  279.39413       
# span 8 =     7.2175,    37.9568       
# span 9 =     4.7582,    10.3951       
# span 10 = 0.0000e+00, 0.0000e+00      
# interval = seconds: 0.25
# start_time = May 05 2022 09:17:23 [Instrument's time stamp, header]
# bad_flag = -9.990e-29
*END*
[from data line 263]
 125.388999      7.931    11.7501  31.852844    27.3582      7.860  279.24020  279.32654    14.6261     7.2572 -9.990e-29
 125.389002      7.957    11.7507  31.854864    27.3597      7.886  279.23394  279.32029    14.0813     7.2249 -9.990e-29
 125.389005      7.973    11.7512  31.856249    27.3606      7.902  279.22885  279.31522    14.1591     7.0025 -9.990e-29
 125.389008      7.999    11.7514  31.856018    27.3602      7.927  279.22835  279.31474    14.1124     7.0025 -9.990e-29
 125.389010      8.020    11.7516  31.857230    27.3637      7.949  279.22516  279.31156    14.0502     6.9782 -9.990e-29
 125.389013      8.048    11.7519  31.860058    27.3637      7.976  279.21865  279.30503    14.1280     6.9903 0.0000e+00
 125.389016      8.081    11.7525  31.860404    27.3637      8.009  279.21551  279.30193    14.5949     6.9782 0.0000e+00
 125.389019      8.113    11.7525  31.863002    27.3660      8.041  279.21038  279.29677    14.5794     6.9782 0.0000e+00
 125.389022      8.146    11.7528  31.866003    27.3687      8.073  279.20386  279.29024    14.6572     6.9944 0.0000e+00
 125.389025      8.179    11.7533  31.868196    27.3704      8.106  279.19728  279.28367    14.7661     6.9782 0.0000e+00
 125.389028      8.210    11.7539  31.872006    27.3735      8.137  279.18737  279.27376    14.3459     7.1157 0.0000e+00
 125.389031      8.239    11.7546  31.875816    27.3753      8.165  279.17745  279.26385    14.4393     7.1076 0.0000e+00
 125.389034      8.266    11.7553  31.875007    27.3766      8.192  279.17551  279.26197    14.4237     7.1157 0.0000e+00
 125.389036      8.297    11.7558  31.878009    27.3766      8.223  279.16774  279.25420    14.3615     7.1076 0.0000e+00
 125.389039      8.324    11.7561  31.881184    27.3778      8.250  279.16058  279.24702    13.6299     6.9095 -9.990e-29
 125.389042      8.346    11.7567  31.886553    27.3852      8.272  279.14776  279.23419    13.5521     6.9297 -9.990e-29
 125.389045      8.366    11.7573  31.886380    27.3846      8.291  279.14527  279.23174    13.5988     6.9459 -9.990e-29
 125.389048      8.386    11.7579  31.886784    27.3825      8.311  279.14169  279.22820    13.6922     6.9499 -9.990e-29
 125.389051      8.416    11.7581  31.884763    27.3847      8.340  279.14485  279.23139    13.6922     6.9014 0.0000e+00
 125.389054      8.445    11.7584  31.889555    27.3866      8.369  279.13437  279.22088    13.8945     7.0227 0.0000e+00
 125.389057      8.474    11.7585  31.889440    27.3868      8.398  279.13429  279.22081    13.8634     7.0631 0.0000e+00
 125.389060      8.507    11.7586  31.889786    27.3867      8.431  279.13304  279.21956    13.8634     7.0308 0.0000e+00
 125.389062      8.536    11.7588  31.889786    27.3868      8.460  279.13243  279.21896    13.8945     7.0550 0.0000e+00
 125.389065      8.570    11.7589  31.890595    27.3867      8.494  279.13032  279.21685    13.8323     6.9742 0.0000e+00
 125.389068      8.598    11.7589  31.889556    27.3864      8.521  279.13227  279.21882    13.7856     7.0025 0.0000e+00
 125.389071      8.625    11.7591  31.889556    27.3863      8.548  279.13134  279.21791    13.9101     6.9863 0.0000e+00
 125.389074      8.656    11.7593  31.889787    27.3862      8.579  279.13031  279.21688    13.9568     6.9701 -9.990e-29
 125.389077      8.681    11.7595  31.889383    27.3858      8.604  279.13013  279.21672    13.3654     7.0672 -9.990e-29
 125.389080      8.705    11.7593  31.888170    27.3848      8.627  279.13335  279.21994    13.3965     7.0267 -9.990e-29
 125.389083      8.723    11.7590  31.886785    27.3836      8.645  279.13689  279.22348    13.4587     7.0308 -9.990e-29
 125.389086      8.743    11.7587  31.885977    27.3831      8.665  279.13998  279.22656    13.4587     7.0793 -9.990e-29
 125.389089      8.767    11.7585  31.884360    27.3831      8.689  279.14396  279.23054    13.8323     6.9782 -9.990e-29
 125.389091      8.794    11.7584  31.885804    27.3830      8.716  279.14192  279.22847    13.8790     7.0025 0.0000e+00
 125.389094      8.825    11.7582  31.885400    27.3829      8.746  279.14332  279.22987    13.8634     6.9661 0.0000e+00
 125.389097      8.855    11.7582  31.885400    27.3828      8.775  279.14365  279.23020    13.8945     7.0227 0.0000e+00
 125.389100      8.891    11.7583  31.885169    27.3829      8.812  279.14348  279.23004    13.8323     6.9863 0.0000e+00
 125.389103      8.926    11.7584  31.886381    27.3825      8.846  279.14062  279.22717    13.6922     7.0348 0.0000e+00
 125.389106      8.959    11.7584  31.884996    27.3826      8.879  279.14322  279.22979    13.6922     7.0914 0.0000e+00
 125.389109      8.990    11.7584  31.885285    27.3823      8.910  279.14302  279.22958    13.5677     7.0550 0.0000e+00
 125.389112      9.021    11.7583  31.884015    27.3820      8.940  279.14572  279.23229    13.6455     7.0429 0.0000e+00
 125.389115      9.047    11.7584  31.884765    27.3814      8.966  279.14403  279.23059    15.6222     7.3179 -9.990e-29
 125.389117      9.065    11.7583  31.885400    27.3827      8.984  279.14317  279.22972    15.5599     7.3219 -9.990e-29
 125.389120      9.085    11.7584  31.887998    27.3851      9.004  279.13803  279.22456    15.5599     7.3017 -9.990e-29
 125.389123      9.106    11.7584  31.892559    27.3894      9.024  279.12923  279.21572    15.6689     7.3179 -9.990e-29
 125.389126      9.126    11.7591  31.896543    27.3995      9.044  279.11868  279.20516    16.2914     7.2289 -9.990e-29
 125.389129      9.153    11.7597  31.904165    27.4057      9.071  279.10198  279.18842    16.3070     7.2613 0.0000e+00
 125.389132      9.178    11.7606  31.917967    27.4119      9.096  279.07188  279.15824    16.4004     7.2613 0.0000e+00
 125.389135      9.213    11.7623  31.928132    27.4203      9.131  279.04542  279.13178    16.3226     7.2491 0.0000e+00
 125.389138      9.248    11.7642  31.935757    27.4261      9.165  279.02244  279.10886    14.6105     6.9378 0.0000e+00
 125.389141      9.283    11.7659  31.937952    27.4269      9.200  279.01083  279.09734    14.6261     6.9176 0.0000e+00
 125.389144      9.315    11.7674  31.944538    27.4319      9.232  278.99199  279.07853    14.6727     6.9176 0.0000e+00
 125.389146      9.341    11.7684  31.945174    27.4320      9.257  278.98611  279.07271    14.5327     6.9176 0.0000e+00
 125.389149      9.376    11.7689  31.940956    27.4319      9.292  278.99147  279.07816    14.6572     6.9014 -9.990e-29
 125.389152      9.398    11.7692  31.939570    27.4260      9.313  278.99312  279.07984    14.3303     6.9014 -9.990e-29
 125.389155      9.425    11.7691  31.936681    27.4233      9.341  278.99883  279.08558    14.4082     6.9499 -9.990e-29
 125.389158      9.445    11.7688  31.932754    27.4198      9.360  279.00742  279.09419    14.4548     6.9216 -9.990e-29
 125.389161      9.461    11.7681  31.931541    27.4191      9.377  279.01283  279.09957    14.2992     6.9135 -9.990e-29
 125.389164      9.483    11.7680  31.931945    27.4208      9.398  279.01241  279.09914    15.4043     6.9944 -9.990e-29
 125.389167      9.511    11.7676  31.932927    27.4221      9.426  279.01249  279.09917    15.2642     7.0146 0.0000e+00
 125.389170      9.543    11.7675  31.935527    27.4234      9.458  279.00830  279.09495    15.3264     6.9944 0.0000e+00
 125.389172      9.573    11.7677  31.938531    27.4260      9.487  279.00178  279.08841    15.3576     6.9944 0.0000e+00
 125.389175      9.611    11.7680  31.940379    27.4275      9.525  278.99679  279.08343    15.6533     7.1359 0.0000e+00
 125.389178      9.648    11.7684  31.943557    27.4303      9.561  278.98933  279.07595    15.5288     7.1116 0.0000e+00
 125.389181      9.679    11.7688  31.950548    27.4366      9.592  278.97445  279.06103    15.6066     7.1157 0.0000e+00
 125.389184      9.708    11.7696  31.955979    27.4394      9.621  278.96090  279.04747    15.6533     7.1278 0.0000e+00
 125.389187      9.741    11.7706  31.954939    27.4412      9.654  278.95815  279.04480    17.8634     7.3826 0.0000e+00
 125.389190      9.768    11.7712  31.961584    27.4423      9.681  278.94328  279.02990    17.7856     7.3785 0.0000e+00
 125.389193      9.796    11.7721  31.964589    27.4453      9.708  278.93362  279.02027    17.8790     7.3866 -9.990e-29
 125.389196      9.815    11.7729  31.969096    27.4511      9.728  278.92147  279.00813    17.7078     7.3785 -9.990e-29
 125.389198      9.838    11.7737  31.970772    27.4521      9.750  278.91460  279.00129    17.7856     7.3785 -9.990e-29
 125.389201      9.858    11.7744  31.975164    27.4598      9.770  278.90329  278.98999    17.5210     7.3745 -9.990e-29
 125.389204      9.884    11.7752  31.980019    27.4591      9.795  278.89082  278.97752    17.5677     7.3866 0.0000e+00
 125.389207      9.913    11.7761  31.979210    27.4598      9.824  278.88795  278.97472    17.4899     7.3866 0.0000e+00
 125.389210      9.942    11.7766  31.983603    27.4621      9.853  278.87759  278.96435    17.6144     7.3785 0.0000e+00
 125.389213      9.973    11.7772  31.986839    27.4648      9.884  278.86908  278.95584    15.3420     7.1359 0.0000e+00
 125.389216     10.008    11.7779  31.987996    27.4653      9.918  278.86381  278.95061    15.4510     7.1561 0.0000e+00
 125.389219     10.042    11.7784  31.988631    27.4656      9.952  278.86045  278.94728    15.3420     7.1116 0.0000e+00
 125.389222     10.071    11.7786  31.990192    27.4656      9.981  278.85631  278.94314    15.2953     7.0995 0.0000e+00
 125.389225     10.097    11.7791  31.989036    27.4661     10.006  278.85628  278.94316    15.0930     6.9863 0.0000e+00
 125.389227     10.127    11.7793  31.991233    27.4654     10.037  278.85127  278.93814    14.9996     7.0106 -9.990e-29
 125.389230     10.151    11.7795  31.990424    27.4664     10.060  278.85216  278.93905    15.0930     7.0065 -9.990e-29
 125.389233     10.172    11.7796  31.989499    27.4654     10.081  278.85327  278.94018    15.0774     7.0186 -9.990e-29
 125.389236     10.195    11.7796  31.987418    27.4635     10.104  278.85716  278.94409    14.6572     6.9863 -9.990e-29
 125.389239     10.217    11.7794  31.984586    27.4609     10.126  278.86339  278.95034    14.6727     7.0106 -9.990e-29
 125.389242     10.239    11.7790  31.980193    27.4535     10.148  278.87346  278.96043    14.5794     6.9782 -9.990e-29
 125.389245     10.268    11.7784  31.975974    27.4518     10.177  278.88416  278.97113    14.5949     6.9863 0.0000e+00
 125.389248     10.297    11.7778  31.971987    27.4501     10.205  278.89411  278.98109    14.6416     6.9661 0.0000e+00
 125.389251     10.328    11.7773  31.968808    27.4483     10.236  278.90225  278.98923    14.5638     6.9256 0.0000e+00
 125.389253     10.359    11.7766  31.969155    27.4474     10.267  278.90477  278.99169    14.7194     6.8973 0.0000e+00
 125.389256     10.398    11.7761  31.967768    27.4478     10.305  278.90989  278.99679    14.7194     6.9459 0.0000e+00
 125.389259     10.429    11.7757  31.968000    27.4478     10.335  278.91105  278.99793    14.6572     6.9620 0.0000e+00
 125.389262     10.456    11.7755  31.969387    27.4493     10.362  278.90975  278.99659    18.3459     7.4392 0.0000e+00
 125.389265     10.485    11.7755  31.969965    27.4498     10.391  278.90838  278.99522    18.3303     7.4432 0.0000e+00
 125.389268     10.516    11.7757  31.971756    27.4513     10.422  278.90412  278.99096    18.2836     7.4554 0.0000e+00
 125.389271     10.543    11.7761  31.973779    27.4522     10.449  278.89881  278.98564    18.1747     7.4715 0.0000e+00
 125.389274     10.569    11.7765  31.975802    27.4530     10.474  278.89317  278.98002    21.6922     8.1468 -9.990e-29
 125.389277     10.589    11.7770  31.981177    27.4645     10.494  278.88099  278.96780    21.7078     8.1832 -9.990e-29
 125.389280     10.614    11.7777  31.987188    27.4640     10.519  278.86668  278.95347    21.6766     8.1428 0.0000e+00
 125.389282     10.640    11.7786  31.986841    27.4645     10.544  278.86325  278.95012    21.7700     8.1387 0.0000e+00
 125.389285     10.669    11.7791  31.990194    27.4663     10.573  278.85452  278.94139    21.3654     7.9932 0.0000e+00
 125.389288     10.702    11.7799  31.994414    27.4697     10.606  278.84324  278.93011    21.2875     7.9649 0.0000e+00
 125.389291     10.734    11.7806  31.997420    27.4720     10.638  278.83453  278.92142    21.1941     7.9810 0.0000e+00
 125.389294     10.765    11.7813  32.000657    27.4740     10.669  278.82507  278.91198    21.2875     7.9487 0.0000e+00
 125.389297     10.796    11.7825  32.001062    27.4745     10.700  278.81900  278.90599    21.1475     7.9770 0.0000e+00
 125.389300     10.829    11.7831  32.003837    27.4751     10.732  278.81135  278.89834    23.2953     8.8585 0.0000e+00
 125.389303     10.862    11.7837  32.007480    27.4763     10.764  278.80177  278.88877    23.1708     8.8585 -9.990e-29
 125.389306     10.886    11.7845  32.006901    27.4781     10.788  278.79940  278.88647    23.1552     8.8666 -9.990e-29
 125.389308     10.910    11.7848  32.008462    27.4793     10.812  278.79495  278.88202    23.2798     8.8504 -9.990e-29
 125.389311     10.933    11.7854  32.010081    27.4805     10.835  278.78944  278.87653    22.5327     8.5674 -9.990e-29
 125.389314     10.955    11.7860  32.010891    27.4808     10.857  278.78512  278.87225    22.3926     8.5633 -9.990e-29
 125.389317     10.977    11.7864  32.011874    27.4814     10.879  278.78143  278.86857    22.5171     8.5229 -9.990e-29
 125.389320     10.999    11.7869  32.012279    27.4805     10.901  278.77849  278.86567    22.4704     8.5350 -9.990e-29
 125.389323     11.028    11.7869  32.011296    27.4816     10.930  278.78034  278.86753    21.9568     8.2439 0.0000e+00
 125.389326     11.062    11.7869  32.013666    27.4827     10.962  278.77595  278.86311    21.9879     8.2196 0.0000e+00
 125.389329     11.092    11.7870  32.014881    27.4835     10.993  278.77309  278.86024    22.0657     8.2439 0.0000e+00
 125.389332     11.129    11.7872  32.014707    27.4837     11.029  278.77281  278.85998    22.0657     8.2520 0.0000e+00
 125.389334     11.165    11.7873  32.015112    27.4835     11.065  278.77145  278.85863    19.7467     8.2722 0.0000e+00
 125.389337     11.196    11.7875  32.014881    27.4837     11.096  278.77096  278.85815    19.7311     8.2641 0.0000e+00
 125.389340     11.231    11.7873  32.015112    27.4837     11.130  278.77150  278.85867    19.8868     8.3086 0.0000e+00
 125.389343     11.260    11.7873  32.015286    27.4838     11.160  278.77119  278.85837    19.8556     8.2803 0.0000e+00
 125.389346     11.290    11.7872  32.015517    27.4839     11.188  278.77110  278.85826    19.6844     8.2883 -9.990e-29
 125.389349     11.309    11.7874  32.014881    27.4834     11.208  278.77167  278.85885    20.6338     8.5593 -9.990e-29
 125.389352     11.331    11.7874  32.015286    27.4838     11.230  278.77093  278.85811    20.4315     8.5431 -9.990e-29
 125.389355     11.353    11.7876  32.015691    27.4840     11.251  278.76925  278.85644    20.5405     8.5471 -9.990e-29
 125.389358     11.373    11.7876  32.015286    27.4834     11.271  278.77002  278.85721    20.4938     8.5391 -9.990e-29
 125.389361     11.400    11.7878  32.015286    27.4836     11.298  278.76878  278.85599    21.5054     7.9527 0.0000e+00
 125.389363     11.429    11.7877  32.015518    27.4837     11.327  278.76900  278.85620    21.5521     7.9487 0.0000e+00
 125.389366     11.464    11.7876  32.015518    27.4837     11.362  278.76934  278.85653    21.5677     7.9527 0.0000e+00
 125.389369     11.497    11.7877  32.015691    27.4837     11.394  278.76872  278.85592    21.5677     7.9932 0.0000e+00
 125.389372     11.528    11.7878  32.015692    27.4837     11.425  278.76811  278.85532    19.2331     8.1306 0.0000e+00
