Processed/SBE19plus_01907321_2022_05_06_Cast47_wfilter.cnv
* Sea-Bird SBE19plus  Data File:
* FileName = E:\Prandtl Daten\2022\CTD\Raw\SBE19plus_01907321_2022_05_06_Cast47.hex
* Software version 2.6.1.12
* Temperature SN = 7321
* Conductivity SN = 7321
* System UpLoad Time = May 06 2022 11:00:30
* <ApplicationData>
* <Seaterm232>
** Messpraktikum 2022
** CTD 06.05 MP2
** NMEA Latitude = 54 03.522 N
** NMEA Longitude = 008 42.838 E
# nquan = 11
# nvalues = 340                         
# units = specified
# name 0 = timeJ: Julian Days
# name 1 = prdM: Pressure, Strain Gauge [db]
# name 2 = tv290C: Temperature [ITS-90, deg C]
# name 3 = c0mS/cm: Conductivity [mS/cm]
# name 4 = sal00: Salinity, Practical [PSU]
# name 5 = depSM: Depth [salt water, m], lat = 54.00
# name 6 = oxsatMm/Kg: Oxygen Saturation, Weiss [umol/kg]
# name 7 = oxsolMm/Kg: Oxygen Saturation, Garcia & Gordon [umol/kg]
# name 8 = turbWETntu0: Turbidity, WET Labs ECO [NTU]
# name 9 = flECO-AFL: Fluorescence, WET Labs ECO-AFL/FL [mg/m^3]
# name 10 = flag:  0.000e+00
# span 0 = 126.454896, 126.455877       
# span 1 =      0.573,      8.884       
# span 2 =    12.6831,    12.8137       
# span 3 =  32.147531,  32.235282       
# span 4 =    26.9466,    26.9651       
# span 5 =      0.567,      8.804       
# span 6 =  273.77667,  274.51172       
# span 7 =  273.93138,  274.65878       
# span 8 =    37.8167,   106.6416       
# span 9 =    10.6741,    15.9066       
# span 10 = 0.0000e+00, 0.0000e+00      
# interval = seconds: 0.25
# start_time = May 06 2022 10:53:54 [Instrument's time stamp, header]
# bad_flag = -9.990e-29
*END*
[from data line 263]
 126.455657      7.004    12.7023  32.164437    26.9612      6.942  274.39635  274.54450    74.5949    14.6409 -9.990e-29
 126.455660      7.030    12.7025  32.164437    26.9611      6.967  274.39573  274.54389    73.7545    14.7299 0.0000e+00
 126.455663      7.057    12.7027  32.164263    26.9611      6.994  274.39511  274.54329    73.9101    14.6571 0.0000e+00
 126.455666      7.085    12.7029  32.164668    26.9611      7.021  274.39346  274.54165    73.9257    14.6652 0.0000e+00
 126.455668      7.117    12.7028  32.164842    26.9611      7.054  274.39349  274.54167    73.9724    14.7016 0.0000e+00
 126.455671      7.145    12.7032  32.164842    26.9610      7.081  274.39161  274.53982    77.7233    14.8593 0.0000e+00
 126.455674      7.174    12.7035  32.164669    26.9607      7.110  274.39099  274.53922    77.4743    14.8431 0.0000e+00
 126.455677      7.200    12.7035  32.164669    26.9607      7.135  274.39101  274.53923    77.4276    14.8957 0.0000e+00
 126.455680      7.227    12.7034  32.165074    26.9607      7.162  274.39062  274.53884    77.6144    14.8835 -9.990e-29
 126.455683      7.249    12.7034  32.165074    26.9611      7.184  274.39064  274.53885    77.6766    14.8512 -9.990e-29
 126.455686      7.271    12.7035  32.165190    26.9611      7.206  274.39013  274.53835    74.7661    14.7622 -9.990e-29
 126.455689      7.287    12.7036  32.164843    26.9607      7.222  274.39012  274.53836    74.9685    14.7622 -9.990e-29
 126.455692      7.307    12.7037  32.164437    26.9602      7.242  274.39023  274.53847    74.7973    14.7299 -9.990e-29
 126.455694      7.327    12.7035  32.164669    26.9606      7.262  274.39077  274.53900    74.7350    14.7258 -9.990e-29
 126.455697      7.351    12.7035  32.164264    26.9604      7.285  274.39183  274.54005    77.8012    14.7622 -9.990e-29
 126.455700      7.378    12.7034  32.164438    26.9603      7.312  274.39185  274.54007    78.0657    14.8107 0.0000e+00
 126.455703      7.409    12.7033  32.164032    26.9601      7.343  274.39291  274.54113    77.8012    14.8188 0.0000e+00
 126.455706      7.437    12.7033  32.164032    26.9601      7.370  274.39293  274.54115    77.9412    14.7501 0.0000e+00
 126.455709      7.466    12.7032  32.164438    26.9603      7.399  274.39286  274.54106    79.6377    14.7096 0.0000e+00
 126.455712      7.494    12.7028  32.164033    26.9606      7.427  274.39517  274.54336    79.7934    14.7622 -9.990e-29
 126.455715      7.517    12.7027  32.163627    26.9601      7.450  274.39623  274.54441    79.5910    14.7663 -9.990e-29
 126.455718      7.543    12.7024  32.163859    26.9606      7.475  274.39741  274.54557    79.7311    14.6854 -9.990e-29
 126.455720      7.563    12.7020  32.163222    26.9602      7.495  274.40013  274.54828    81.8790    15.2313 -9.990e-29
 126.455723      7.577    12.7018  32.163222    26.9604      7.510  274.40109  274.54922    82.1591    15.1504 -9.990e-29
 126.455726      7.599    12.7016  32.162006    26.9594      7.531  274.40421  274.55234    82.3303    15.2111 -9.990e-29
 126.455729      7.612    12.7013  32.162817    26.9603      7.544  274.40405  274.55215    82.1747    15.1261 -9.990e-29
 126.455732      7.629    12.7011  32.162527    26.9602      7.560  274.40552  274.55361    82.3926    15.1868 -9.990e-29
 126.455735      7.652    12.7007  32.162006    26.9599      7.584  274.40804  274.55611    80.1669    14.7339 -9.990e-29
 126.455738      7.681    12.7003  32.161600    26.9596      7.613  274.41068  274.55873    80.2292    14.7096 0.0000e+00
 126.455741      7.709    12.6999  32.160616    26.9594      7.640  274.41434  274.56237    80.1513    14.7622 0.0000e+00
 126.455744      7.740    12.6992  32.160211    26.9593      7.671  274.41824  274.56623    80.3226    14.7299 0.0000e+00
 126.455747      7.771    12.6983  32.158589    26.9594      7.701  274.42493  274.57288    77.3031    14.7501 0.0000e+00
 126.455749      7.798    12.6980  32.160616    26.9601      7.728  274.42293  274.57083    77.3187    14.8229 0.0000e+00
 126.455752      7.829    12.6980  32.160037    26.9603      7.759  274.42398  274.57189    77.1163    14.7784 0.0000e+00
 126.455755      7.858    12.6980  32.160964    26.9601      7.788  274.42235  274.57025    77.4276    14.8229 -9.990e-29
 126.455758      7.880    12.6982  32.161196    26.9610      7.810  274.42100  274.56892    81.9724    15.1464 -9.990e-29
 126.455761      7.900    12.6984  32.161428    26.9610      7.829  274.41966  274.56758    82.3926    15.1908 -9.990e-29
 126.455764      7.922    12.6986  32.161428    26.9609      7.851  274.41872  274.56666    82.0035    15.2151 -9.990e-29
 126.455767      7.939    12.6990  32.161196    26.9604      7.868  274.41757  274.56553    82.1124    15.1828 -9.990e-29
 126.455770      7.959    12.6991  32.161601    26.9607      7.888  274.41623  274.56420    89.3965    15.1989 -9.990e-29
 126.455773      7.983    12.6991  32.161196    26.9586      7.911  274.41696  274.56494    89.4120    15.2636 -9.990e-29
 126.455775      8.010    12.6989  32.159227    26.9586      7.938  274.42143  274.56941    89.4120    15.2070 0.0000e+00
 126.455778      8.037    12.6977  32.158995    26.9586      7.965  274.42691  274.57482    89.3809    15.2596 -9.990e-29
 126.455781      8.061    12.6967  32.156968    26.9581      7.989  274.43527  274.58313    89.0696    15.1989 -9.990e-29
 126.455784      8.094    12.6954  32.155984    26.9581      8.021  274.44273  274.59051    97.4432    15.8014 0.0000e+00
 126.455787      8.123    12.6939  32.156389    26.9581      8.050  274.44866  274.59634    97.2875    15.7246 -9.990e-29
 126.455790      8.145    12.6931  32.155752    26.9595      8.072  274.45328  274.60092    97.4587    15.7165 -9.990e-29
 126.455793      8.174    12.6925  32.154594    26.9588      8.101  274.45820  274.60581    97.2097    15.7327 -9.990e-29
 126.455796      8.198    12.6915  32.153783    26.9587      8.125  274.46377  274.61132    95.3109    15.8217 -9.990e-29
 126.455799      8.220    12.6905  32.153320    26.9591      8.146  274.46935  274.61683    95.4043    15.8419 -9.990e-29
 126.455802      8.238    12.6896  32.152336    26.9587      8.164  274.47490  274.62234    95.5132    15.8217 -9.990e-29
 126.455804      8.258    12.6887  32.151757    26.9589      8.184  274.48005  274.62744    95.4665    15.8419 -9.990e-29
 126.455807      8.276    12.6878  32.151120    26.9589      8.202  274.48530  274.63263    90.9529    15.4820 -9.990e-29
 126.455810      8.296    12.6871  32.151120    26.9594      8.222  274.48816  274.63545    91.0152    15.4618 -9.990e-29
 126.455813      8.320    12.6866  32.150541    26.9598      8.246  274.49141  274.63868    91.1085    15.4294 -9.990e-29
 126.455816      8.349    12.6863  32.150946    26.9593      8.274  274.49229  274.63953    90.7661    15.4901 0.0000e+00
 126.455819      8.382    12.6858  32.149325    26.9592      8.307  274.49741  274.64463    99.0930    15.7327 0.0000e+00
 126.455822      8.411    12.6852  32.149441    26.9592      8.336  274.49975  274.64693    98.9685    15.6478 0.0000e+00
 126.455825      8.442    12.6848  32.149557    26.9592      8.367  274.50146  274.64861    99.0307    15.6923 0.0000e+00
 126.455828      8.468    12.6845  32.148746    26.9590      8.392  274.50418  274.65132    98.8751    15.7125 0.0000e+00
 126.455830      8.495    12.6842  32.148109    26.9588      8.419  274.50660  274.65373    98.8906    15.6356 0.0000e+00
 126.455833      8.524    12.6836  32.148746    26.9586      8.448  274.50801  274.65510    94.0502    15.6559 -9.990e-29
 126.455836      8.546    12.6831  32.148747    26.9599      8.470  274.51024  274.65729    94.2525    15.6801 -9.990e-29
 126.455839      8.564    12.6831  32.148920    26.9601      8.488  274.50994  274.65699    94.0035    15.6963 -9.990e-29
 126.455842      8.585    12.6831  32.148747    26.9599      8.508  274.51026  274.65732    94.1124    15.6397 -9.990e-29
 126.455845      8.603    12.6831  32.148110    26.9594      8.526  274.51172  274.65878    93.4587    15.2879 -9.990e-29
 126.455848      8.621    12.6832  32.148921    26.9600      8.544  274.50966  274.65672    93.4743    15.3122 -9.990e-29
 126.455851      8.643    12.6834  32.148747    26.9601      8.565  274.50904  274.65611    93.6144    15.3122 -9.990e-29
 126.455854      8.670    12.6836  32.149326    26.9600      8.593  274.50739  274.65447    93.1630    15.3283 0.0000e+00
 126.455856      8.699    12.6836  32.149152    26.9599      8.621  274.50740  274.65449   100.6961    15.8863 0.0000e+00
 126.455859      8.730    12.6838  32.149326    26.9599      8.652  274.50617  274.65326   100.8050    15.9066 0.0000e+00
 126.455862      8.756    12.6841  32.149153    26.9599      8.678  274.50554  274.65265   100.6338    15.8257 0.0000e+00
 126.455865      8.785    12.6841  32.149558    26.9598      8.707  274.50484  274.65195   100.6027    15.8621 0.0000e+00
 126.455868      8.816    12.6842  32.149442    26.9600      8.738  274.50444  274.65155   106.6105    15.7570 -9.990e-29
 126.455871      8.838    12.6842  32.148747    26.9591      8.759  274.50569  274.65281   106.6416    15.7529 -9.990e-29
 126.455874      8.858    12.6842  32.148516    26.9580      8.779  274.50611  274.65324   106.5171    15.7448 -9.990e-29
 126.455877      8.884    12.6841  32.147531    26.9580      8.804  274.50851  274.65564   106.6105    15.7853 0.0000e+00
