Processed/SBE19plus_01907321_2022_05_10_Cast119_wfilter.cnv
* Sea-Bird SBE19plus  Data File:
* FileName = E:\Prandtl_Daten\2022\CTD\Raw\SBE19plus_01907321_2022_05_10_Cast119.hex
* Software version 2.6.1.12
* Temperature SN = 7321
* Conductivity SN = 7321
* System UpLoad Time = May 10 2022 15:17:30
* <ApplicationData>
* <Seaterm232>
** Messpraktikum 2022
** CTD 10.05  BM
** NMEA Latitude = 54 07.81N
** NMEA Longitude = 008 47.16E
# nquan = 11
# nvalues = 503                         
# units = specified
# name 0 = timeJ: Julian Days
# name 1 = prdM: Pressure, Strain Gauge [db]
# name 2 = tv290C: Temperature [ITS-90, deg C]
# name 3 = c0mS/cm: Conductivity [mS/cm]
# name 4 = sal00: Salinity, Practical [PSU]
# name 5 = depSM: Depth [salt water, m], lat = 54.00
# name 6 = oxsatMm/Kg: Oxygen Saturation, Weiss [umol/kg]
# name 7 = oxsolMm/Kg: Oxygen Saturation, Garcia & Gordon [umol/kg]
# name 8 = turbWETntu0: Turbidity, WET Labs ECO [NTU]
# name 9 = flECO-AFL: Fluorescence, WET Labs ECO-AFL/FL [mg/m^3]
# name 10 = flag:  0.000e+00
# span 0 = 130.632196, 130.633649       
# span 1 =      0.267,     16.064       
# span 2 =    13.8524,    13.8610       
# span 3 =  33.158923,  33.179082       
# span 4 =    27.0554,    27.0665       
# span 5 =      0.264,     15.920       
# span 6 =  267.64213,  267.69815       
# span 7 =  267.85361,  267.90933       
# span 8 =     0.9918,    96.8829       
# span 9 =     2.7041,    10.8035       
# span 10 = 0.0000e+00, 0.0000e+00      
# interval = seconds: 0.25
# start_time = May 10 2022 15:08:42 [Instrument's time stamp, header]
# bad_flag = -9.990e-29
*END*
 130.632196      0.267    13.8595  33.161737    27.0563      0.264  267.66262  267.87418     1.1475     2.9386 0.0000e+00
 130.632199      0.355    13.8594  33.160682    27.0559      0.351  267.66506  267.87663     1.1008     2.9386 0.0000e+00
 130.632202      0.406    13.8595  33.158923    27.0554      0.402  267.66741  267.87900     1.1319     2.9710 -9.990e-29
 130.632205      0.429    13.8597  33.162147    27.0565      0.426  267.66140  267.87297     1.1008     2.9871 -9.990e-29
 130.632208      0.431    13.8598  33.163144    27.0573      0.428  267.65911  267.87068     1.1008     3.0437 -9.990e-29
 130.632211      0.435    13.8599  33.162968    27.0570      0.431  267.65909  267.87066     1.1630     3.0235 -9.990e-29
 130.632214      0.459    13.8599  33.160858    27.0576      0.455  267.66233  267.87392     1.1163     3.0316 -9.990e-29
 130.632216      0.523    13.8600  33.163731    27.0579      0.518  267.65724  267.86882     0.9918     3.0235 0.0000e+00
 130.632219      0.592    13.8602  33.164434    27.0579      0.587  267.65516  267.86675     1.1786     3.0599 0.0000e+00
 130.632222      0.636    13.8608  33.163731    27.0581      0.630  267.65417  267.86579     1.5833     3.0882 -9.990e-29
 130.632225      0.658    13.8608  33.164434    27.0577      0.652  267.65301  267.86462     1.5521     3.0842 -9.990e-29
 130.632228      0.656    13.8609  33.164259    27.0574      0.650  267.65267  267.86430     1.6144     3.0963 -9.990e-29
 130.632231      0.663    13.8608  33.164083    27.0568      0.657  267.65329  267.86491     1.5521     3.1004 -9.990e-29
 130.632234      0.694    13.8610  33.163614    27.0566      0.688  267.65346  267.86510     1.5521     3.1125 0.0000e+00
 130.632237      0.742    13.8607  33.162969    27.0566      0.735  267.65583  267.86745     1.5366     3.0842 0.0000e+00
 130.632240      0.798    13.8605  33.163145    27.0565      0.791  267.65619  267.86781     1.5366     3.0923 0.0000e+00
 130.632242      0.842    13.8600  33.162969    27.0566      0.834  267.65871  267.87029     1.6455     3.0357 -9.990e-29
 130.632245      0.864    13.8599  33.163145    27.0570      0.856  267.65874  267.87032     1.4899     3.0680 -9.990e-29
 130.632248      0.882    13.8602  33.163380    27.0571      0.874  267.65742  267.86901     1.4899     3.0599 -9.990e-29
 130.632251      0.902    13.8601  33.163790    27.0565      0.894  267.65706  267.86864     1.6611     3.0599 -9.990e-29
 130.632254      0.933    13.8602  33.162735    27.0568      0.925  267.65853  267.87013     1.5833     3.0923 0.0000e+00
 130.632257      0.970    13.8600  33.163380    27.0566      0.961  267.65810  267.86968     2.1280     3.1691 0.0000e+00
 130.632260      1.026    13.8601  33.162911    27.0571      1.017  267.65861  267.87020     2.0657     3.1731 0.0000e+00
 130.632263      1.078    13.8599  33.163615    27.0570      1.068  267.65840  267.86997     2.1280     3.1570 0.0000e+00
 130.632266      1.107    13.8597  33.163615    27.0574      1.097  267.65936  267.87092     2.0502     3.1731 -9.990e-29
 130.632269      1.130    13.8596  33.163322    27.0573      1.120  267.66018  267.87173     2.0346     3.1731 -9.990e-29
 130.632271      1.147    13.8595  33.164026    27.0580      1.137  267.65932  267.87087     1.5833     3.0437 -9.990e-29
 130.632274      1.165    13.8599  33.163498    27.0570      1.155  267.65865  267.87022     1.5210     3.0397 -9.990e-29
 130.632277      1.200    13.8599  33.163205    27.0565      1.189  267.65916  267.87074     1.4120     3.0114 0.0000e+00
 130.632280      1.229    13.8596  33.161916    27.0570      1.218  267.66259  267.87416     1.6922     3.0316 0.0000e+00
 130.632283      1.271    13.8584  33.162326    27.0572      1.260  267.66695  267.87844     1.5988     2.9912 0.0000e+00
 130.632286      1.313    13.8576  33.162151    27.0574      1.301  267.67072  267.88217     1.4587     2.9467 0.0000e+00
 130.632289      1.351    13.8569  33.160861    27.0576      1.339  267.67572  267.88714     1.5521     2.9669 -9.990e-29
 130.632292      1.375    13.8563  33.161506    27.0582      1.363  267.67717  267.88854     1.5988     2.9871 -9.990e-29
 130.632295      1.404    13.8559  33.161506    27.0582      1.392  267.67907  267.89042     1.3187     2.7283 0.0000e+00
 130.632297      1.435    13.8556  33.161330    27.0582      1.422  267.68032  267.89166     1.3031     2.7041 0.0000e+00
 130.632300      1.464    13.8554  33.160686    27.0579      1.451  267.68267  267.89400     1.2875     2.7081 0.0000e+00
 130.632303      1.504    13.8552  33.160686    27.0579      1.491  267.68332  267.89464     1.3809     2.7324 0.0000e+00
 130.632306      1.537    13.8546  33.160745    27.0579      1.523  267.68575  267.89704     1.4587     2.8820 0.0000e+00
 130.632309      1.575    13.8542  33.159865    27.0584      1.561  267.68882  267.90009     1.5833     2.9022 0.0000e+00
 130.632312      1.601    13.8540  33.160745    27.0588      1.587  267.68830  267.89955     1.5833     2.8941 0.0000e+00
 130.632315      1.628    13.8538  33.160686    27.0589      1.613  267.68936  267.90059     1.5366     2.8901 0.0000e+00
 130.632318      1.653    13.8538  33.161097    27.0589      1.639  267.68868  267.89992     1.4899     2.8941 -9.990e-29
 130.632321      1.674    13.8538  33.160921    27.0585      1.659  267.68899  267.90022     1.5833     2.9103 -9.990e-29
 130.632323      1.699    13.8540  33.160452    27.0587      1.684  267.68885  267.90010     1.4743     2.9184 0.0000e+00
 130.632326      1.729    13.8539  33.160745    27.0587      1.713  267.68901  267.90024     1.5833     2.9022 0.0000e+00
 130.632329      1.765    13.8537  33.160452    27.0587      1.749  267.69015  267.90138     1.6144     2.8941 0.0000e+00
 130.632332      1.805    13.8537  33.160042    27.0585      1.789  267.69086  267.90209     1.9879     2.8739 0.0000e+00
 130.632335      1.849    13.8536  33.160159    27.0585      1.832  267.69132  267.90254     2.0502     2.8941 0.0000e+00
 130.632338      1.889    13.8535  33.160687    27.0585      1.872  267.69077  267.90199     2.1280     2.8820 0.0000e+00
 130.632341      1.920    13.8534  33.159222    27.0590      1.903  267.69387  267.90509     2.0035     2.8941 0.0000e+00
 130.632344      1.955    13.8533  33.160512    27.0584      1.937  267.69204  267.90325     2.0346     2.9588 0.0000e+00
 130.632347      1.982    13.8536  33.160453    27.0590      1.964  267.69091  267.90213     2.1280     2.9386 -9.990e-29
 130.632350      2.006    13.8535  33.160512    27.0588      1.988  267.69114  267.90235     2.1280     2.9548 -9.990e-29
 130.632352      2.024    13.8534  33.160688    27.0590      2.006  267.69117  267.90238     2.1124     2.9548 -9.990e-29
 130.632355      2.051    13.8535  33.160043    27.0583      2.033  267.69195  267.90317     1.3187     2.9629 -9.990e-29
 130.632358      2.075    13.8534  33.160512    27.0590      2.056  267.69149  267.90271     1.3498     2.9386 -9.990e-29
 130.632361      2.110    13.8534  33.160688    27.0587      2.091  267.69122  267.90243     1.4120     3.0074 0.0000e+00
 130.632364      2.150    13.8534  33.159926    27.0587      2.130  267.69252  267.90374     1.2720     2.9629 0.0000e+00
 130.632367      2.184    13.8533  33.160278    27.0587      2.165  267.69258  267.90379     1.2875     2.9871 0.0000e+00
 130.632370      2.222    13.8533  33.160454    27.0587      2.202  267.69231  267.90351     1.4276     3.1853 0.0000e+00
 130.632373      2.262    13.8532  33.160337    27.0588      2.242  267.69284  267.90404     1.3498     3.1489 0.0000e+00
 130.632376      2.299    13.8532  33.160454    27.0587      2.278  267.69267  267.90387     1.3342     3.1651 0.0000e+00
 130.632378      2.330    13.8532  33.160337    27.0588      2.309  267.69288  267.90409     1.3498     3.1408 0.0000e+00
 130.632381      2.363    13.8532  33.160454    27.0587      2.341  267.69270  267.90391     1.0229     2.9993 -9.990e-29
 130.632384      2.388    13.8531  33.160454    27.0589      2.367  267.69303  267.90423     1.1163     2.9629 -9.990e-29
 130.632387      2.414    13.8531  33.160337    27.0588      2.392  267.69356  267.90475     1.1319     2.9507 -9.990e-29
 130.632390      2.434    13.8531  33.160454    27.0589      2.412  267.69306  267.90426     1.0852     2.9629 -9.990e-29
 130.632393      2.459    13.8532  33.160689    27.0589      2.437  267.69237  267.90357     2.0346     3.2298 -9.990e-29
 130.632396      2.491    13.8531  33.160513    27.0589      2.468  267.69331  267.90451     2.0969     3.2378 0.0000e+00
 130.632399      2.524    13.8530  33.160455    27.0589      2.501  267.69374  267.90493     2.0502     3.2257 0.0000e+00
 130.632402      2.560    13.8531  33.160338    27.0589      2.537  267.69365  267.90484     2.0969     3.2459 0.0000e+00
 130.632405      2.600    13.8530  33.160455    27.0589      2.577  267.69379  267.90498     2.0191     3.1651 0.0000e+00
 130.632407      2.639    13.8529  33.160455    27.0589      2.615  267.69413  267.90531     2.1436     3.1651 0.0000e+00
 130.632410      2.676    13.8529  33.160514    27.0589      2.652  267.69405  267.90524     2.0813     3.1651 0.0000e+00
 130.632413      2.708    13.8528  33.159459    27.0590      2.684  267.69615  267.90734     2.0035     3.1408 0.0000e+00
 130.632416      2.741    13.8527  33.160338    27.0590      2.717  267.69533  267.90650     1.9724     3.1731 0.0000e+00
 130.632419      2.767    13.8526  33.160690    27.0590      2.742  267.69507  267.90623     1.8012     3.0114 0.0000e+00
 130.632422      2.802    13.8528  33.160456    27.0592      2.777  267.69485  267.90603     1.8634     3.0154 0.0000e+00
 130.632425      2.829    13.8527  33.160514    27.0590      2.804  267.69509  267.90626     1.8323     3.0235 -9.990e-29
 130.632428      2.849    13.8526  33.160456    27.0593      2.824  267.69551  267.90668     1.8790     3.0154 -9.990e-29
 130.632431      2.876    13.8527  33.160749    27.0593      2.851  267.69472  267.90589     2.4082     2.9750 0.0000e+00
 130.632433      2.904    13.8528  33.160866    27.0593      2.878  267.69423  267.90540     2.3303     2.9588 0.0000e+00
 130.632436      2.935    13.8528  33.160691    27.0593      2.908  267.69454  267.90572     2.2836     2.9750 0.0000e+00
 130.632439      2.964    13.8526  33.160749    27.0592      2.937  267.69509  267.90626     2.2992     2.9629 0.0000e+00
 130.632442      3.000    13.8528  33.160456    27.0592      2.974  267.69497  267.90615     2.8284     3.0518 0.0000e+00
 130.632445      3.035    13.8527  33.160691    27.0592      3.008  267.69492  267.90609     2.8284     3.0235 0.0000e+00
 130.632448      3.073    13.8527  33.160750    27.0592      3.046  267.69484  267.90601     2.7973     3.0235 0.0000e+00
 130.632451      3.108    13.8526  33.160691    27.0592      3.080  267.69527  267.90644     2.8440     3.0235 0.0000e+00
 130.632454      3.141    13.8527  33.159929    27.0590      3.113  267.69626  267.90744     1.7856     3.1004 0.0000e+00
 130.632457      3.174    13.8525  33.160457    27.0590      3.145  267.69602  267.90719     1.8478     3.0923 0.0000e+00
 130.632459      3.208    13.8524  33.160457    27.0590      3.179  267.69667  267.90783     1.8167     3.0842 0.0000e+00
 130.632462      3.237    13.8525  33.160516    27.0591      3.208  267.69627  267.90744     1.7700     3.0963 -9.990e-29
 130.632465      3.261    13.8524  33.160457    27.0591      3.232  267.69670  267.90786     1.8323     3.0599 -9.990e-29
 130.632468      3.292    13.8524  33.160750    27.0594      3.263  267.69623  267.90738     1.9257     2.9952 -9.990e-29
 130.632471      3.316    13.8524  33.160692    27.0592      3.286  267.69634  267.90750     1.8323     2.9629 -9.990e-29
 130.632474      3.349    13.8525  33.160692    27.0591      3.319  267.69573  267.90690     1.9257     2.9629 0.0000e+00
 130.632477      3.385    13.8525  33.160516    27.0592      3.355  267.69605  267.90722     1.8478     2.9912 0.0000e+00
 130.632480      3.416    13.8525  33.160692    27.0590      3.386  267.69577  267.90694     2.4548     3.1084 0.0000e+00
 130.632483      3.456    13.8526  33.160516    27.0590      3.425  267.69578  267.90695     2.5015     3.1004 0.0000e+00
 130.632486      3.491    13.8527  33.160692    27.0590      3.459  267.69519  267.90637     2.5327     3.1044 0.0000e+00
 130.632488      3.527    13.8525  33.160458    27.0590      3.496  267.69655  267.90771     2.5482     3.1206 0.0000e+00
 130.632491      3.558    13.8525  33.160517    27.0590      3.527  267.69647  267.90763     2.2525     3.1974 0.0000e+00
 130.632494      3.593    13.8525  33.160693    27.0590      3.561  267.69620  267.90736     2.3459     3.2540 0.0000e+00
 130.632497      3.622    13.8524  33.160517    27.0590      3.590  267.69682  267.90798     2.3303     3.2298 0.0000e+00
 130.632500      3.651    13.8524  33.160458    27.0590      3.618  267.69694  267.90810     2.3148     3.2176 0.0000e+00
 130.632503      3.676    13.8525  33.160693    27.0590      3.644  267.69593  267.90710     2.3459     3.0235 -9.990e-29
 130.632506      3.700    13.8525  33.160928    27.0593      3.667  267.69555  267.90672     2.2525     3.0235 -9.990e-29
 130.632509      3.728    13.8526  33.160869    27.0592      3.694  267.69536  267.90652     2.4860     3.0357 -9.990e-29
 130.632512      3.753    13.8526  33.160048    27.0590      3.720  267.69675  267.90792     2.3770     3.0235 -9.990e-29
 130.632514      3.786    13.8526  33.160752    27.0591      3.752  267.69559  267.90676     2.3148     3.0599 0.0000e+00
 130.632517      3.817    13.8528  33.161104    27.0590      3.783  267.69439  267.90557     2.6572     3.2257 0.0000e+00
 130.632520      3.848    13.8525  33.160342    27.0591      3.814  267.69694  267.90811     2.5171     3.2298 0.0000e+00
 130.632523      3.886    13.8526  33.160869    27.0591      3.852  267.69545  267.90662     2.5949     3.2378 0.0000e+00
 130.632526      3.921    13.8525  33.160870    27.0591      3.886  267.69579  267.90695     2.5638     3.2055 0.0000e+00
 130.632529      3.962    13.8525  33.160518    27.0590      3.926  267.69671  267.90788     2.1903     3.1044 0.0000e+00
 130.632532      3.994    13.8525  33.160694    27.0590      3.959  267.69644  267.90760     2.0969     3.0761 0.0000e+00
 130.632535      4.031    13.8525  33.160753    27.0590      3.995  267.69636  267.90753     2.0502     3.0842 0.0000e+00
 130.632538      4.067    13.8525  33.160694    27.0589      4.031  267.69617  267.90734     2.1903     3.0842 0.0000e+00
 130.632541      4.093    13.8525  33.160284    27.0589      4.056  267.69687  267.90804     2.0502     3.3025 0.0000e+00
 130.632543      4.122    13.8527  33.160753    27.0589      4.085  267.69548  267.90665     1.9879     3.2783 0.0000e+00
 130.632546      4.151    13.8526  33.160870    27.0590      4.114  267.69561  267.90678     2.0035     3.3106 0.0000e+00
 130.632549      4.179    13.8527  33.160929    27.0590      4.141  267.69522  267.90639     2.0502     3.2783 0.0000e+00
 130.632552      4.206    13.8527  33.160284    27.0590      4.168  267.69632  267.90750     2.2525     3.0154 0.0000e+00
 130.632555      4.239    13.8526  33.160871    27.0590      4.201  267.69567  267.90684     2.3615     3.0154 0.0000e+00
 130.632558      4.273    13.8526  33.161164    27.0592      4.235  267.69520  267.90637     2.2992     3.0154 0.0000e+00
 130.632561      4.310    13.8525  33.161105    27.0592      4.271  267.69563  267.90680     2.2992     3.0074 0.0000e+00
 130.632564      4.348    13.8525  33.161105    27.0592      4.309  267.69565  267.90682     2.3148     3.0195 0.0000e+00
 130.632567      4.383    13.8527  33.160930    27.0589      4.344  267.69534  267.90652     2.2836     3.2661 0.0000e+00
 130.632569      4.417    13.8525  33.159640    27.0589      4.378  267.69815  267.90933     2.2058     3.2257 0.0000e+00
 130.632572      4.448    13.8527  33.161340    27.0591      4.409  267.69470  267.90587     2.3615     3.2176 0.0000e+00
