Processed/SBE19plus_01907321_2022_05_05_Cast22_wfilter.cnv
* Sea-Bird SBE19plus  Data File:
* FileName = E:\Prandtl Daten\2022\CTD\Raw\SBE19plus_01907321_2022_05_04_Cast22.hex
* Software version 2.6.1.12
* Temperature SN = 7321
* Conductivity SN = 7321
* System UpLoad Time = May 05 2022 07:37:03
* <ApplicationData>
* <Seaterm232>
** Messpraktikum 2022
** CTD 05.05 BE
# nquan = 11
# nvalues = 546                         
# units = specified
# name 0 = timeJ: Julian Days
# name 1 = prdM: Pressure, Strain Gauge [db]
# name 2 = tv290C: Temperature [ITS-90, deg C]
# name 3 = c0mS/cm: Conductivity [mS/cm]
# name 4 = sal00: Salinity, Practical [PSU]
# name 5 = depSM: Depth [salt water, m], lat = 54.00
# name 6 = oxsatMm/Kg: Oxygen Saturation, Weiss [umol/kg]
# name 7 = oxsolMm/Kg: Oxygen Saturation, Garcia & Gordon [umol/kg]
# name 8 = turbWETntu0: Turbidity, WET Labs ECO [NTU]
# name 9 = flECO-AFL: Fluorescence, WET Labs ECO-AFL/FL [mg/m^3]
# name 10 = flag:  0.000e+00
# span 0 = 125.312242, 125.313819       
# span 1 =      0.430,     14.636       
# span 2 =    12.0602,    12.1596       
# span 3 =  31.544004,  31.717142       
# span 4 =    26.8344,    26.9338       
# span 5 =      0.427,     14.505       
# span 6 =  277.64623,  278.35233       
# span 7 =  277.76257,  278.46435       
# span 8 =    19.2331,   118.7194       
# span 9 =     8.2520,    15.6235       
# span 10 = 0.0000e+00, 0.0000e+00      
# interval = seconds: 0.25
# start_time = May 05 2022 07:27:25 [Instrument's time stamp, header]
# bad_flag = -9.990e-29
*END*
 125.312242      0.430    12.0802  31.551474    26.8365      0.427  278.29025  278.40296    19.9179     8.2520 -9.990e-29
 125.312245      0.440    12.0797  31.550899    26.8363      0.436  278.29354  278.40622    19.8556     8.2883 -9.990e-29
 125.312248      0.454    12.0792  31.550324    26.8362      0.450  278.29715  278.40979    19.9023     8.2964 -9.990e-29
 125.312251      0.466    12.0783  31.550325    26.8368      0.461  278.30129  278.41387    19.7000     8.2762 -9.990e-29
 125.312254      0.473    12.0775  31.550670    26.8377      0.469  278.30416  278.41668    19.2642     8.5512 -9.990e-29
 125.312257      0.474    12.0773  31.550727    26.8379      0.470  278.30500  278.41752    19.2953     8.5269 -9.990e-29
 125.312260      0.469    12.0775  31.550325    26.8374      0.465  278.30479  278.41732    19.2331     8.5471 -9.990e-29
 125.312263      0.460    12.0778  31.551877    26.8386      0.456  278.30034  278.41288    19.2953     8.5633 -9.990e-29
 125.312266      0.446    12.0789  31.551877    26.8378      0.442  278.29556  278.40817    19.2331     8.5471 -9.990e-29
 125.312269      0.433    12.0799  31.551474    26.8367      0.429  278.29153  278.40421    19.4198     8.4177 -9.990e-29
 125.312271      0.433    12.0801  31.551302    26.8364      0.429  278.29089  278.40359    19.5288     8.3652 -9.990e-29
 125.312274      0.455    12.0800  31.551474    26.8372      0.451  278.29122  278.40391    19.5288     8.3450 -9.990e-29
 125.312277      0.491    12.0802  31.552279    26.8370      0.487  278.28882  278.40151    19.4976     8.3611 0.0000e+00
 125.312280      0.533    12.0807  31.552279    26.8369      0.528  278.28662  278.39935    20.5405     8.4824 0.0000e+00
 125.312283      0.566    12.0811  31.551704    26.8360      0.561  278.28579  278.39855    20.4315     8.4865 0.0000e+00
 125.312286      0.599    12.0812  31.550670    26.8350      0.594  278.28739  278.40017    20.6338     8.5027 0.0000e+00
 125.312289      0.630    12.0804  31.550095    26.8350      0.624  278.29228  278.40501    20.5560     8.4703 0.0000e+00
 125.312292      0.657    12.0794  31.549520    26.8350      0.651  278.29749  278.41016    20.0424     8.6199 -9.990e-29
 125.312295      0.676    12.0786  31.549693    26.8359      0.669  278.30100  278.41361    20.0268     8.6078 -9.990e-29
 125.312297      0.697    12.0778  31.549923    26.8366      0.691  278.30409  278.41665    20.1202     8.5835 -9.990e-29
 125.312300      0.719    12.0775  31.549923    26.8369      0.713  278.30569  278.41823    19.9957     8.5997 -9.990e-29
 125.312303      0.743    12.0774  31.549693    26.8365      0.736  278.30645  278.41898    21.4120     8.6846 -9.990e-29
 125.312306      0.769    12.0771  31.549291    26.8366      0.762  278.30847  278.42099    21.4587     8.6846 0.0000e+00
 125.312309      0.794    12.0768  31.549291    26.8365      0.787  278.31008  278.42258    21.5366     8.6846 0.0000e+00
 125.312312      0.821    12.0767  31.548716    26.8368      0.814  278.31147  278.42397    21.4587     8.6604 0.0000e+00
 125.312315      0.854    12.0767  31.549694    26.8370      0.847  278.31002  278.42250    21.4276     8.6968 0.0000e+00
 125.312318      0.883    12.0774  31.550096    26.8370      0.876  278.30580  278.41833    21.5054     8.7412 0.0000e+00
 125.312321      0.916    12.0780  31.549694    26.8365      0.908  278.30402  278.41659    21.4899     8.7493 0.0000e+00
 125.312323      0.951    12.0785  31.550326    26.8363      0.942  278.30066  278.41326    21.4587     8.7372 0.0000e+00
 125.312326      0.976    12.0789  31.550326    26.8362      0.968  278.29877  278.41140    21.4899     8.7453 0.0000e+00
 125.312329      1.006    12.0791  31.549924    26.8359      0.997  278.29857  278.41122    21.8323     8.6199 0.0000e+00
 125.312332      1.037    12.0788  31.548946    26.8356      1.027  278.30198  278.41461    21.8167     8.5957 -9.990e-29
 125.312335      1.060    12.0785  31.549291    26.8354      1.051  278.30231  278.41493    21.8478     8.6280 -9.990e-29
 125.312338      1.090    12.0781  31.548544    26.8350      1.080  278.30561  278.41821    21.7078     8.6321 -9.990e-29
 125.312341      1.110    12.0777  31.548544    26.8353      1.100  278.30753  278.42010    22.5015     8.8706 -9.990e-29
 125.312344      1.128    12.0773  31.548487    26.8355      1.118  278.30956  278.42210    22.5794     8.8585 -9.990e-29
 125.312347      1.141    12.0769  31.548315    26.8356      1.131  278.31147  278.42399    22.3926     8.8423 -9.990e-29
 125.312350      1.161    12.0767  31.547567    26.8351      1.151  278.31413  278.42663    22.3926     8.8909 -9.990e-29
 125.312352      1.186    12.0762  31.547337    26.8346      1.176  278.31647  278.42895    21.6922     8.7129 -9.990e-29
 125.312355      1.212    12.0758  31.546360    26.8344      1.201  278.32019  278.43265    21.6611     8.7210 0.0000e+00
 125.312358      1.248    12.0750  31.545383    26.8346      1.237  278.32582  278.43824    21.8323     8.7331 0.0000e+00
 125.312361      1.285    12.0734  31.544751    26.8348      1.273  278.33432  278.44663    21.6922     8.7291 0.0000e+00
 125.312364      1.316    12.0723  31.544981    26.8357      1.304  278.33869  278.45093    21.6922     8.7574 0.0000e+00
 125.312367      1.347    12.0713  31.545154    26.8362      1.335  278.34284  278.45501    20.7584     8.5471 0.0000e+00
 125.312370      1.376    12.0709  31.545384    26.8366      1.364  278.34435  278.45649    20.8050     8.5714 -9.990e-29
 125.312373      1.400    12.0709  31.545556    26.8373      1.387  278.34437  278.45650    20.8206     8.5391 -9.990e-29
 125.312376      1.424    12.0709  31.544752    26.8365      1.411  278.34554  278.45768    20.7272     8.5350 -9.990e-29
 125.312378      1.445    12.0708  31.544982    26.8368      1.433  278.34577  278.45790    21.6766     8.5714 -9.990e-29
 125.312381      1.465    12.0706  31.544982    26.8369      1.452  278.34674  278.45885    21.7856     8.5391 -9.990e-29
 125.312384      1.489    12.0701  31.544004    26.8364      1.476  278.35077  278.46287    21.6144     8.5471 -9.990e-29
 125.312387      1.511    12.0698  31.544579    26.8379      1.498  278.35100  278.46307    21.7078     8.5512 -9.990e-29
 125.312390      1.542    12.0695  31.545154    26.8383      1.528  278.35156  278.46360    22.3148     8.8262 0.0000e+00
 125.312393      1.569    12.0693  31.545787    26.8384      1.555  278.35105  278.46307    22.3615     8.7938 0.0000e+00
 125.312396      1.601    12.0696  31.545787    26.8384      1.586  278.34980  278.46184    22.2369     8.8019 0.0000e+00
 125.312399      1.632    12.0696  31.545787    26.8384      1.617  278.34982  278.46186    22.1903     8.8140 0.0000e+00
 125.312402      1.659    12.0698  31.546132    26.8384      1.644  278.34825  278.46031    21.4899     8.5552 0.0000e+00
 125.312405      1.690    12.0699  31.545787    26.8385      1.675  278.34827  278.46034    21.4432     8.5633 -9.990e-29
 125.312407      1.714    12.0698  31.545960    26.8383      1.698  278.34861  278.46066    21.4743     8.5310 -9.990e-29
 125.312410      1.739    12.0699  31.545787    26.8381      1.724  278.34862  278.46068    21.4587     8.5552 -9.990e-29
 125.312413      1.763    12.0697  31.545385    26.8378      1.747  278.35001  278.46207    21.4899     8.5431 -9.990e-29
 125.312416      1.787    12.0695  31.546362    26.8389      1.771  278.34919  278.46122    21.2720     8.5391 -9.990e-29
 125.312419      1.809    12.0697  31.546535    26.8389      1.793  278.34825  278.46029    21.2564     8.5471 -9.990e-29
 125.312422      1.829    12.0697  31.545960    26.8384      1.812  278.34932  278.46136    21.2875     8.5391 -9.990e-29
 125.312425      1.849    12.0698  31.545788    26.8381      1.832  278.34901  278.46107    21.2564     8.5471 -9.990e-29
 125.312428      1.871    12.0697  31.544408    26.8381      1.854  278.35220  278.46426    20.5560     8.5027 -9.990e-29
 125.312431      1.898    12.0692  31.545386    26.8383      1.881  278.35233  278.46435    20.5560     8.4784 0.0000e+00
 125.312433      1.927    12.0692  31.545788    26.8383      1.910  278.35161  278.46363    20.5249     8.4703 0.0000e+00
 125.312436      1.957    12.0700  31.546133    26.8385      1.939  278.34750  278.45957    20.5405     8.4663 0.0000e+00
 125.312439      1.991    12.0709  31.547570    26.8383      1.973  278.34107  278.45318    21.2564     8.3450 0.0000e+00
 125.312442      2.022    12.0720  31.546535    26.8374      2.004  278.33790  278.45010    21.2875     8.3692 0.0000e+00
 125.312445      2.051    12.0727  31.547340    26.8372      2.033  278.33295  278.44519    21.1630     8.3490 0.0000e+00
 125.312448      2.080    12.0733  31.546938    26.8366      2.062  278.33116  278.44345    21.3031     8.3490 0.0000e+00
 125.312451      2.106    12.0734  31.545558    26.8360      2.087  278.33308  278.44539    21.6922     8.5148 0.0000e+00
 125.312454      2.135    12.0734  31.546363    26.8356      2.116  278.33162  278.44392    21.6922     8.5431 0.0000e+00
 125.312457      2.161    12.0735  31.546363    26.8360      2.142  278.33132  278.44362    21.8634     8.5633 -9.990e-29
 125.312459      2.179    12.0733  31.547168    26.8368      2.160  278.33081  278.44309    21.7389     8.5593 -9.990e-29
 125.312462      2.199    12.0734  31.547743    26.8372      2.179  278.32913  278.44142    21.7856     8.5552 -9.990e-29
 125.312465      2.219    12.0740  31.548318    26.8374      2.199  278.32554  278.43786    22.2525     8.8828 -9.990e-29
 125.312468      2.243    12.0748  31.549295    26.8376      2.223  278.32027  278.43263    22.2681     8.9272 -9.990e-29
 125.312471      2.272    12.0765  31.550503    26.8374      2.252  278.31013  278.42260    22.2214     8.9555 0.0000e+00
 125.312474      2.301    12.0780  31.551078    26.8371      2.281  278.30242  278.41498    22.0969     8.8909 0.0000e+00
 125.312477      2.332    12.0796  31.551480    26.8363      2.311  278.29439  278.40706    21.2408     8.8585 0.0000e+00
 125.312480      2.361    12.0804  31.550100    26.8344      2.340  278.29344  278.40618    21.2720     8.8666 0.0000e+00
 125.312483      2.395    12.0802  31.549928    26.8344      2.373  278.29441  278.40714    21.3654     8.8585 0.0000e+00
 125.312486      2.422    12.0800  31.550100    26.8347      2.400  278.29507  278.40778    21.2564     8.8545 0.0000e+00
 125.312488      2.449    12.0795  31.549928    26.8348      2.427  278.29763  278.41031    22.5794     8.7574 0.0000e+00
 125.312491      2.477    12.0790  31.550331    26.8348      2.454  278.29914  278.41178    22.5327     8.7453 -9.990e-29
 125.312494      2.495    12.0785  31.550331    26.8359      2.473  278.30169  278.41430    22.4548     8.7655 -9.990e-29
 125.312497      2.517    12.0783  31.550101    26.8359      2.494  278.30308  278.41568    22.4860     8.7291 -9.990e-29
 125.312500      2.532    12.0778  31.549526    26.8356      2.509  278.30605  278.41862    25.0541     9.4974 -9.990e-29
 125.312503      2.553    12.0781  31.550331    26.8362      2.531  278.30364  278.41621    24.9451     9.4934 -9.990e-29
 125.312506      2.583    12.0780  31.550331    26.8363      2.560  278.30398  278.41655    24.7895     9.5095 -9.990e-29
 125.312509      2.603    12.0778  31.550734    26.8364      2.580  278.30389  278.41644    24.8673     9.4853 -9.990e-29
 125.312512      2.636    12.0778  31.550331    26.8361      2.612  278.30465  278.41721    25.0229     9.5014 0.0000e+00
 125.312514      2.672    12.0772  31.549296    26.8364      2.648  278.30943  278.42196    21.5988     8.7978 0.0000e+00
 125.312517      2.710    12.0746  31.549527    26.8379      2.686  278.32111  278.43346    21.4899     8.8100 0.0000e+00
 125.312520      2.741    12.0724  31.550102    26.8391      2.717  278.32993  278.44213    21.5366     8.8019 0.0000e+00
 125.312523      2.776    12.0719  31.548722    26.8400      2.751  278.33472  278.44689    21.4743     8.8221 0.0000e+00
 125.312526      2.805    12.0722  31.550332    26.8397      2.780  278.33019  278.44237    21.6922     8.6765 0.0000e+00
 125.312529      2.838    12.0728  31.549930    26.8403      2.813  278.32841  278.44063    21.7233     8.6684 -9.990e-29
 125.312532      2.858    12.0733  31.549930    26.8392      2.832  278.32620  278.43845    21.7856     8.6806 -9.990e-29
 125.312535      2.878    12.0739  31.550505    26.8393      2.852  278.32261  278.43490    21.6922     8.6684 -9.990e-29
 125.312538      2.896    12.0751  31.550102    26.8380      2.870  278.31764  278.43002    21.2253     9.0364 -9.990e-29
 125.312541      2.911    12.0761  31.550102    26.8373      2.885  278.31320  278.42565    21.1941     9.0849 -9.990e-29
 125.312543      2.927    12.0766  31.549527    26.8364      2.901  278.31204  278.42453    21.2564     9.0486 -9.990e-29
 125.312546      2.949    12.0766  31.550332    26.8377      2.923  278.31058  278.42306    21.1786     9.0809 -9.990e-29
 125.312549      2.978    12.0765  31.550907    26.8377      2.952  278.30986  278.42233    21.8634     9.0445 0.0000e+00
 125.312552      3.013    12.0767  31.550907    26.8376      2.986  278.30925  278.42172    21.8323     9.0445 0.0000e+00
 125.312555      3.046    12.0775  31.549930    26.8370      3.019  278.30725  278.41979    21.7856     9.0162 0.0000e+00
 125.312558      3.081    12.0771  31.550678    26.8370      3.053  278.30749  278.42000    21.8167     9.0243 0.0000e+00
 125.312561      3.114    12.0762  31.550678    26.8377      3.086  278.31164  278.42410    21.7545     9.0405 0.0000e+00
 125.312564      3.143    12.0762  31.551080    26.8377      3.114  278.31093  278.42337    22.9529     8.8262 0.0000e+00
 125.312567      3.172    12.0769  31.549298    26.8370      3.143  278.31135  278.42386    22.8906     8.8140 0.0000e+00
 125.312569      3.201    12.0772  31.549931    26.8359      3.172  278.30862  278.42115    22.8906     8.8302 -9.990e-29
 125.312572      3.223    12.0776  31.550908    26.8369      3.194  278.30526  278.41780    23.0152     8.8019 -9.990e-29
 125.312575      3.239    12.0779  31.551483    26.8372      3.210  278.30262  278.41518    23.1864     9.2952 -9.990e-29
 125.312578      3.254    12.0783  31.551310    26.8368      3.225  278.30136  278.41394    23.2642     9.2669 -9.990e-29
 125.312581      3.278    12.0785  31.551081    26.8364      3.248  278.30084  278.41344    23.2331     9.2831 -9.990e-29
 125.312584      3.301    12.0785  31.550678    26.8358      3.272  278.30128  278.41389    23.2486     9.3276 -9.990e-29
 125.312587      3.331    12.0779  31.550103    26.8361      3.301  278.30522  278.41779    23.5132     9.2143 0.0000e+00
 125.312590      3.362    12.0768  31.549701    26.8363      3.332  278.31106  278.42356    23.3887     9.2507 0.0000e+00
 125.312593      3.395    12.0739  31.550334    26.8389      3.364  278.32296  278.43525    23.4510     9.2184 0.0000e+00
 125.312595      3.429    12.0721  31.550564    26.8404      3.399  278.33082  278.44299    23.4198     9.2467 0.0000e+00
 125.312598      3.462    12.0713  31.549932    26.8404      3.431  278.33582  278.44794    23.1864     9.2346 0.0000e+00
 125.312601      3.488    12.0712  31.549300    26.8398      3.457  278.33731  278.44944    22.8284     8.9394 0.0000e+00
 125.312604      3.520    12.0714  31.548725    26.8394      3.489  278.33744  278.44958    22.7661     8.9475 0.0000e+00
 125.312607      3.546    12.0724  31.550679    26.8391      3.514  278.32942  278.44161    22.7194     8.9394 -9.990e-29
 125.312610      3.570    12.0734  31.550507    26.8394      3.538  278.32530  278.43756    22.7973     8.9555 -9.990e-29
 125.312613      3.592    12.0743  31.550909    26.8391      3.560  278.32044  278.43276    22.3926     9.0081 -9.990e-29
 125.312616      3.608    12.0751  31.551082    26.8387      3.576  278.31632  278.42870    22.4860     9.0405 -9.990e-29
 125.312619      3.628    12.0760  31.550909    26.8379      3.596  278.31252  278.42496    22.3926     9.0162 -9.990e-29
