Processed/SBE19plus_01907321_2022_05_06_Cast44_wfilter.cnv
* Sea-Bird SBE19plus  Data File:
* FileName = E:\Prandtl Daten\2022\CTD\Raw\SBE19plus_01907321_2022_05_06_Cast44.hex
* Software version 2.6.1.12
* Temperature SN = 7321
* Conductivity SN = 7321
* System UpLoad Time = May 06 2022 09:56:03
* <ApplicationData>
* <Seaterm232>
** Messpraktikum 2022
** CTD 06.05 KFN
** NMEA Latitude = 54 06.200 N
** NMEA Longitude = 008 36.258 E
# nquan = 11
# nvalues = 451                         
# units = specified
# name 0 = timeJ: Julian Days
# name 1 = prdM: Pressure, Strain Gauge [db]
# name 2 = tv290C: Temperature [ITS-90, deg C]
# name 3 = c0mS/cm: Conductivity [mS/cm]
# name 4 = sal00: Salinity, Practical [PSU]
# name 5 = depSM: Depth [salt water, m], lat = 54.00
# name 6 = oxsatMm/Kg: Oxygen Saturation, Weiss [umol/kg]
# name 7 = oxsolMm/Kg: Oxygen Saturation, Garcia & Gordon [umol/kg]
# name 8 = turbWETntu0: Turbidity, WET Labs ECO [NTU]
# name 9 = flECO-AFL: Fluorescence, WET Labs ECO-AFL/FL [mg/m^3]
# name 10 = flag:  0.000e+00
# span 0 = 126.409320, 126.410622       
# span 1 =      0.756,     13.442       
# span 2 =    11.9990,    12.1021       
# span 3 =  31.515624,  31.745741       
# span 4 =    26.8093,    27.0708       
# span 5 =      0.750,     13.322       
# span 6 =  278.20255,  278.47973       
# span 7 =  278.31682,  278.58904       
# span 8 =    13.0385,    20.8362       
# span 9 =     7.2249,    10.4840       
# span 10 = 0.0000e+00, 0.0000e+00      
# interval = seconds: 0.25
# start_time = May 06 2022 09:48:13 [Instrument's time stamp, header]
# bad_flag = -9.990e-29
*END*
[from data line 263]
 126.410081      8.183    12.0627  31.523332    26.8199      8.110  278.42695  278.53878    16.3537     9.4408 -9.990e-29
 126.410084      8.203    12.0627  31.524079    26.8198      8.130  278.42559  278.53741    16.0424     9.3842 -9.990e-29
 126.410087      8.228    12.0625  31.523102    26.8199      8.155  278.42836  278.54018    16.0891     9.3640 0.0000e+00
 126.410090      8.260    12.0625  31.523332    26.8200      8.186  278.42764  278.53946    16.1202     9.3640 0.0000e+00
 126.410093      8.298    12.0625  31.523677    26.8203      8.224  278.42703  278.53885    16.0424     9.3640 0.0000e+00
 126.410095      8.336    12.0626  31.524482    26.8210      8.262  278.42526  278.53707    17.7545     9.4650 0.0000e+00
 126.410098      8.371    12.0625  31.524712    26.8210      8.296  278.42550  278.53730    17.8323     9.4650 0.0000e+00
 126.410101      8.408    12.0623  31.523160    26.8213      8.332  278.42901  278.54082    17.8167     9.4893 0.0000e+00
 126.410104      8.442    12.0622  31.525057    26.8210      8.367  278.42618  278.53796    17.8945     9.4812 0.0000e+00
 126.410107      8.471    12.0620  31.524080    26.8218      8.395  278.42863  278.54041    15.8089     9.5095 0.0000e+00
 126.410110      8.497    12.0620  31.525057    26.8214      8.421  278.42717  278.53894    15.7155     9.4812 0.0000e+00
 126.410113      8.524    12.0616  31.527644    26.8219      8.448  278.42403  278.53575    15.8401     9.5014 -9.990e-29
 126.410116      8.544    12.0609  31.527874    26.8253      8.468  278.42680  278.53847    15.8712     9.4934 -9.990e-29
 126.410119      8.561    12.0599  31.529426    26.8275      8.484  278.42873  278.54031    16.6183     9.4650 -9.990e-29
 126.410122      8.586    12.0587  31.530978    26.8298      8.509  278.43131  278.54279    16.8984     8.8504 -9.990e-29
 126.410124      8.610    12.0576  31.530001    26.8335      8.533  278.43820  278.54962    16.9296     8.8949 -9.990e-29
 126.410127      8.639    12.0567  31.533392    26.8340      8.562  278.43613  278.54744    16.8829     8.8545 0.0000e+00
 126.410130      8.672    12.0555  31.533565    26.8345      8.594  278.44124  278.55247    17.0541     8.8787 0.0000e+00
 126.410133      8.706    12.0545  31.534543    26.8361      8.628  278.44392  278.55507    14.5949     9.0000 0.0000e+00
 126.410136      8.745    12.0539  31.536152    26.8380      8.667  278.44353  278.55463    14.7039     9.0000 0.0000e+00
 126.410139      8.781    12.0527  31.542246    26.8447      8.703  278.43808  278.54903    14.6572     8.9879 0.0000e+00
 126.410142      8.820    12.0504  31.543051    26.8471      8.741  278.44712  278.55790    14.7506     8.9798 0.0000e+00
 126.410145      8.851    12.0486  31.544201    26.8494      8.771  278.45298  278.56362    15.3731     8.3733 0.0000e+00
 126.410148      8.882    12.0475  31.549548    26.8523      8.802  278.44826  278.55877    15.3264     8.3409 0.0000e+00
 126.410150      8.907    12.0463  31.554263    26.8552      8.828  278.44501  278.55540    15.3731     8.3733 -9.990e-29
 126.410153      8.931    12.0451  31.550354    26.8577      8.851  278.45794  278.56827    15.4043     8.3652 -9.990e-29
 126.410156      8.953    12.0447  31.552079    26.8596      8.873  278.45637  278.56667    15.0930     8.6604 -9.990e-29
 126.410159      8.973    12.0447  31.555873    26.8631      8.893  278.44941  278.55966    15.2175     8.6846 -9.990e-29
 126.410162      8.991    12.0437  31.559783    26.8675      8.911  278.44700  278.55714    15.2019     8.6765 -9.990e-29
 126.410165      9.015    12.0418  31.562946    26.8736      8.934  278.44978  278.55976    15.0930     8.6846 -9.990e-29
 126.410168      9.046    12.0401  31.563522    26.8737      8.965  278.45637  278.56623    14.9529     8.6684 0.0000e+00
 126.410171      9.082    12.0389  31.562774    26.8738      9.001  278.46349  278.57327    14.9529     8.8059 0.0000e+00
 126.410174      9.119    12.0382  31.565535    26.8768      9.037  278.46130  278.57101    14.9373     8.8342 0.0000e+00
 126.410177      9.157    12.0376  31.569100    26.8806      9.075  278.45763  278.56726    14.9373     8.8181 0.0000e+00
 126.410179      9.195    12.0370  31.573241    26.8849      9.113  278.45259  278.56213    14.8906     8.7898 0.0000e+00
 126.410182      9.228    12.0359  31.574679    26.8871      9.145  278.45536  278.56481    14.6572     8.5714 0.0000e+00
 126.410185      9.259    12.0348  31.575197    26.8883      9.176  278.45920  278.56857    14.6572     8.5552 0.0000e+00
 126.410188      9.288    12.0339  31.574622    26.8884      9.205  278.46440  278.57372    14.6416     8.5431 0.0000e+00
 126.410191      9.317    12.0337  31.576980    26.8908      9.234  278.46104  278.57031    14.5949     8.5471 0.0000e+00
 126.410194      9.343    12.0333  31.577555    26.8912      9.259  278.46159  278.57083    14.8284     8.6604 0.0000e+00
 126.410197      9.368    12.0328  31.581927    26.8916      9.284  278.45611  278.56527    14.8440     8.6604 -9.990e-29
 126.410200      9.392    12.0321  31.580949    26.8956      9.308  278.46110  278.57022    14.8128     8.6846 -9.990e-29
 126.410203      9.416    12.0312  31.581927    26.8979      9.331  278.46313  278.57218    14.8595     8.7048 -9.990e-29
 126.410205      9.445    12.0307  31.582330    26.8973      9.360  278.46495  278.57396    15.9957     9.1092 0.0000e+00
 126.410208      9.476    12.0302  31.580547    26.8966      9.391  278.47047  278.57946    15.9646     9.0728 0.0000e+00
 126.410211      9.507    12.0301  31.578936    26.8952      9.422  278.47409  278.58309    16.0891     9.0971 0.0000e+00
 126.410214      9.540    12.0308  31.578189    26.8940      9.455  278.47231  278.58137    16.0580     9.1133 0.0000e+00
 126.410217      9.573    12.0310  31.576751    26.8924      9.487  278.47370  278.58280    16.0891     9.1011 0.0000e+00
 126.410220      9.608    12.0312  31.576579    26.8921      9.522  278.47309  278.58220    15.9179     8.9151 0.0000e+00
 126.410223      9.642    12.0317  31.575773    26.8909      9.556  278.47237  278.58152    15.8712     8.9070 0.0000e+00
 126.410226      9.668    12.0319  31.574221    26.8893      9.581  278.47429  278.58348    15.8556     8.9272 0.0000e+00
 126.410229      9.695    12.0321  31.574221    26.8892      9.608  278.47368  278.58287    15.7934     8.9394 0.0000e+00
 126.410231      9.721    12.0325  31.572265    26.8892      9.634  278.47538  278.58463    15.1864     8.2277 -9.990e-29
 126.410234      9.743    12.0329  31.568873    26.8836      9.656  278.47973  278.58904    15.1241     8.2520 -9.990e-29
 126.410237      9.767    12.0331  31.569678    26.8842      9.679  278.47731  278.58663    15.2642     8.2196 -9.990e-29
 126.410240      9.790    12.0334  31.568298    26.8819      9.703  278.47860  278.58794    15.1241     8.2196 -9.990e-29
 126.410243      9.818    12.0337  31.567723    26.8817      9.730  278.47840  278.58777    14.2369     8.3490 0.0000e+00
 126.410246      9.849    12.0339  31.567493    26.8819      9.761  278.47789  278.58728    14.1591     8.3611 0.0000e+00
 126.410249      9.885    12.0338  31.574394    26.8881      9.797  278.46555  278.57486    14.1903     8.3409 0.0000e+00
 126.410252      9.916    12.0333  31.582503    26.8960      9.828  278.45288  278.56207    14.1747     8.3571 0.0000e+00
 126.410255      9.947    12.0322  31.595964    26.9095      9.858  278.43355  278.54251    13.7233     7.9810 0.0000e+00
 126.410258      9.984    12.0299  31.602062    26.9169      9.894  278.43284  278.54158    13.6299     7.9689 0.0000e+00
 126.410260     10.013    12.0281  31.602465    26.9185      9.923  278.44005  278.54867    13.7233     7.9810 0.0000e+00
 126.410263     10.046    12.0269  31.611383    26.9278      9.956  278.42938  278.53782    13.6922     7.9770 0.0000e+00
 126.410266     10.075    12.0255  31.610348    26.9278      9.985  278.43734  278.54569    13.7389     7.9770 0.0000e+00
 126.410269     10.106    12.0250  31.610348    26.9282     10.015  278.43990  278.54822    13.5988     7.6899 0.0000e+00
 126.410272     10.133    12.0245  31.611556    26.9290     10.043  278.43992  278.54819    13.8634     7.7263 0.0000e+00
 126.410275     10.161    12.0248  31.615929    26.9297     10.070  278.43062  278.53886    13.6922     7.7303 -9.990e-29
 126.410278     10.182    12.0244  31.622432    26.9399     10.091  278.42026  278.52841    13.6455     7.7061 -9.990e-29
 126.410281     10.206    12.0236  31.626805    26.9438     10.115  278.41572  278.52377    15.0930     7.7829 -9.990e-29
 126.410284     10.233    12.0227  31.625194    26.9438     10.142  278.42315  278.53115    15.2331     7.7344 0.0000e+00
 126.410286     10.263    12.0219  31.624619    26.9438     10.171  278.42772  278.53567    14.9685     7.7667 0.0000e+00
 126.410289     10.292    12.0215  31.630949    26.9500     10.200  278.41799  278.52585    14.9840     7.7748 0.0000e+00
 126.410292     10.326    12.0209  31.636072    26.9553     10.234  278.41113  278.51889    13.7545     7.7142 0.0000e+00
 126.410295     10.361    12.0202  31.637050    26.9567     10.268  278.41285  278.52054    13.5521     7.7061 0.0000e+00
 126.410298     10.390    12.0191  31.640619    26.9608     10.297  278.41106  278.51865    13.5988     7.7142 0.0000e+00
 126.410301     10.423    12.0181  31.642807    26.9636     10.330  278.41181  278.51930    13.5988     7.7142 0.0000e+00
 126.410304     10.456    12.0174  31.643785    26.9650     10.362  278.41321  278.52064    14.1280     7.6292 0.0000e+00
 126.410307     10.483    12.0169  31.645167    26.9666     10.389  278.41259  278.51997    14.1747     7.6737 0.0000e+00
 126.410310     10.512    12.0165  31.644822    26.9666     10.418  278.41546  278.52282    14.1591     7.6171 0.0000e+00
 126.410313     10.538    12.0165  31.644591    26.9667     10.444  278.41590  278.52326    14.1124     7.6211 0.0000e+00
 126.410315     10.564    12.0162  31.648736    26.9685     10.469  278.40924  278.51655    14.0969     7.6454 0.0000e+00
 126.410318     10.589    12.0158  31.651327    26.9705     10.494  278.40640  278.51364    14.3303     7.7586 -9.990e-29
 126.410321     10.613    12.0151  31.653111    26.9759     10.518  278.40630  278.51348    14.2369     7.7586 -9.990e-29
 126.410324     10.649    12.0142  31.652939    26.9774     10.554  278.41076  278.51788    14.4704     7.7748 0.0000e+00
 126.410327     10.682    12.0135  31.655645    26.9789     10.587  278.40898  278.51602    14.3615     7.7708 0.0000e+00
 126.410330     10.719    12.0129  31.656105    26.9796     10.623  278.41101  278.51800    13.0541     7.7101 0.0000e+00
 126.410333     10.750    12.0128  31.655875    26.9796     10.654  278.41209  278.51907    13.2564     7.6939 0.0000e+00
 126.410336     10.783    12.0127  31.654494    26.9789     10.686  278.41497  278.52197    13.2875     7.6818 0.0000e+00
 126.410339     10.808    12.0130  31.655300    26.9789     10.711  278.41224  278.51924    13.0696     7.7222 0.0000e+00
 126.410341     10.841    12.0132  31.655875    26.9789     10.744  278.40993  278.51695    14.1591     7.5645 0.0000e+00
 126.410344     10.870    12.0132  31.653918    26.9783     10.773  278.41355  278.52059    14.0969     7.5767 0.0000e+00
 126.410347     10.895    12.0133  31.654897    26.9779     10.798  278.41145  278.51849    14.2214     7.5848 0.0000e+00
 126.410350     10.923    12.0132  31.656854    26.9783     10.825  278.40818  278.51519    14.2369     7.5888 -9.990e-29
 126.410353     10.947    12.0132  31.656451    26.9798     10.849  278.40894  278.51596    13.2564     7.5686 -9.990e-29
 126.410356     10.965    12.0132  31.655070    26.9785     10.867  278.41150  278.51853    13.2097     7.5767 -9.990e-29
 126.410359     10.992    12.0135  31.655300    26.9781     10.894  278.40982  278.51687    13.2408     7.5767 0.0000e+00
 126.410362     11.022    12.0137  31.654667    26.9785     10.923  278.41037  278.51744    13.0385     7.5524 0.0000e+00
 126.410365     11.053    12.0139  31.656855    26.9796     10.954  278.40510  278.51216    13.0852     7.5524 0.0000e+00
 126.410367     11.085    12.0137  31.657891    26.9808     10.986  278.40448  278.51151    13.7700     7.2410 0.0000e+00
 126.410370     11.126    12.0135  31.661806    26.9846     11.026  278.39826  278.50523    13.6922     7.2370 0.0000e+00
 126.410373     11.158    12.0126  31.666182    26.9893     11.058  278.39403  278.50090    13.7389     7.2249 0.0000e+00
 126.410376     11.191    12.0114  31.670731    26.9945     11.091  278.39139  278.49812    13.6922     7.2572 0.0000e+00
 126.410379     11.220    12.0098  31.669925    26.9948     11.120  278.39987  278.50650    13.7078     7.6292 0.0000e+00
 126.410382     11.257    12.0089  31.671710    26.9962     11.156  278.40072  278.50728    13.6766     7.6373 0.0000e+00
 126.410385     11.286    12.0082  31.670156    26.9967     11.185  278.40678  278.51330    13.6922     7.6454 0.0000e+00
 126.410388     11.313    12.0081  31.672747    26.9962     11.212  278.40266  278.50914    13.5988     7.6575 -9.990e-29
 126.410391     11.333    12.0079  31.676662    27.0025     11.232  278.39642  278.50284    15.3264     8.0134 -9.990e-29
 126.410394     11.355    12.0067  31.680463    27.0070     11.253  278.39482  278.50112    15.3887     8.0134 -9.990e-29
 126.410396     11.377    12.0049  31.681039    27.0097     11.275  278.40170  278.50787    15.3576     8.0498 -9.990e-29
 126.410399     11.406    12.0037  31.681040    27.0083     11.304  278.40742  278.51351    15.3576     8.0174 0.0000e+00
 126.410402     11.439    12.0031  31.677700    27.0080     11.337  278.41613  278.52221    13.5210     7.8031 0.0000e+00
 126.410405     11.472    12.0031  31.678852    27.0080     11.369  278.41403  278.52010    13.4120     7.8355 0.0000e+00
 126.410408     11.512    12.0033  31.679082    27.0080     11.409  278.41268  278.51877    13.4743     7.8799 0.0000e+00
 126.410411     11.547    12.0033  31.681270    27.0080     11.443  278.40868  278.51474    13.3809     7.8435 0.0000e+00
 126.410414     11.579    12.0032  31.677700    27.0101     11.476  278.41590  278.52200    13.4276     7.8274 0.0000e+00
 126.410417     11.611    12.0029  31.681616    27.0087     11.507  278.41030  278.51633    13.7078     7.5241 0.0000e+00
 126.410420     11.641    12.0025  31.681040    27.0107     11.537  278.41297  278.51897    13.7078     7.4998 -9.990e-29
 126.410422     11.663    12.0029  31.679831    27.0090     11.559  278.41362  278.51967    13.7233     7.4877 -9.990e-29
 126.410425     11.691    12.0031  31.682826    27.0117     11.586  278.40718  278.51321    13.7545     7.5281 -9.990e-29
 126.410428     11.716    12.0031  31.684841    27.0136     11.611  278.40348  278.50949    13.8167     7.6495 -9.990e-29
 126.410431     11.733    12.0024  31.686972    27.0161     11.628  278.40242  278.50836    14.0191     7.5969 -9.990e-29
 126.410434     11.762    12.0017  31.690543    27.0200     11.657  278.39935  278.50520    13.8945     7.6252 -9.990e-29
 126.410437     11.786    12.0010  31.691753    27.0218     11.680  278.40031  278.50610    13.9101     7.6454 -9.990e-29
 126.410440     11.819    12.0004  31.691580    27.0222     11.713  278.40319  278.50894    14.9529     7.9527 0.0000e+00
 126.410443     11.850    12.0003  31.692329    27.0226     11.744  278.40215  278.50788    14.8284     7.9487 0.0000e+00
 126.410446     11.884    12.0002  31.694345    27.0246     11.778  278.39909  278.50480    14.9218     7.9770 0.0000e+00
 126.410448     11.919    12.0001  31.697283    27.0269     11.812  278.39434  278.50000    14.8906     7.9608 0.0000e+00
 126.410451     11.955    11.9998  31.696534    27.0274     11.848  278.39701  278.50266    14.7661     7.7061 0.0000e+00
 126.410454     11.988    11.9995  31.698320    27.0282     11.881  278.39501  278.50063    14.8906     7.7142 0.0000e+00
