Processed/SBE19plus_01907321_2022_05_07_Cast70_wfilter.cnv
* Sea-Bird SBE19plus  Data File:
* FileName = E:\Prandtl Daten\2022\CTD\Raw\SBE19plus_01907321_2022_05_07_Cast70.hex
* Software version 2.6.1.12
* Temperature SN = 7321
* Conductivity SN = 7321
* System UpLoad Time = May 07 2022 12:26:13
* <ApplicationData>
* <Seaterm232>
** Messpraktikum 2022
** CTD 07.05 TS
** NMEA Latitude = 54 07.61 N
** NMEA Longitude = 008 42.25 E
# nquan = 11
# nvalues = 424                         
# units = specified
# name 0 = timeJ: Julian Days
# name 1 = prdM: Pressure, Strain Gauge [db]
# name 2 = tv290C: Temperature [ITS-90, deg C]
# name 3 = c0mS/cm: Conductivity [mS/cm]
# name 4 = sal00: Salinity, Practical [PSU]
# name 5 = depSM: Depth [salt water, m], lat = 54.00
# name 6 = oxsatMm/Kg: Oxygen Saturation, Weiss [umol/kg]
# name 7 = oxsolMm/Kg: Oxygen Saturation, Garcia & Gordon [umol/kg]
# name 8 = turbWETntu0: Turbidity, WET Labs ECO [NTU]
# name 9 = flECO-AFL: Fluorescence, WET Labs ECO-AFL/FL [mg/m^3]
# name 10 = flag:  0.000e+00
# span 0 = 127.513964, 127.515188       
# span 1 =      0.620,     10.923       
# span 2 =    12.7359,    12.7695       
# span 3 =  32.135980,  32.232708       
# span 4 =    26.9066,    26.9755       
# span 5 =      0.614,     10.826       
# span 6 =  273.98134,  274.27476       
# span 7 =  274.13324,  274.42526       
# span 8 =    14.0035,    66.5171       
# span 9 =     5.4416,     9.5985       
# span 10 = 0.0000e+00, 0.0000e+00      
# interval = seconds: 0.25
# start_time = May 07 2022 12:19:01 [Instrument's time stamp, header]
# bad_flag = -9.990e-29
*END*
[from data line 263]
 127.514725      6.850    12.7465  32.187664    26.9514      6.789  274.15946  274.31027    24.1047     7.1238 -9.990e-29
 127.514728      6.868    12.7467  32.187837    26.9517      6.807  274.15853  274.30935    24.2447     7.1076 -9.990e-29
 127.514731      6.894    12.7469  32.188243    26.9519      6.832  274.15688  274.30771    24.6805     7.0429 0.0000e+00
 127.514734      6.923    12.7469  32.188823    26.9521      6.861  274.15556  274.30638    24.6494     7.0550 0.0000e+00
 127.514737      6.952    12.7471  32.189054    26.9521      6.890  274.15453  274.30537    24.7895     7.0591 0.0000e+00
 127.514740      6.985    12.7472  32.188069    26.9512      6.922  274.15567  274.30652    24.5716     7.0672 0.0000e+00
 127.514742      7.016    12.7473  32.187664    26.9510      6.953  274.15609  274.30695    25.2720     7.0227 0.0000e+00
 127.514745      7.047    12.7472  32.184419    26.9508      6.984  274.16218  274.31307    25.2564     7.0550 -9.990e-29
 127.514748      7.070    12.7469  32.184999    26.9485      7.007  274.16243  274.31329    25.1941     7.0469 -9.990e-29
 127.514751      7.094    12.7468  32.184825    26.9485      7.031  274.16339  274.31424    25.2097     7.0753 -9.990e-29
 127.514754      7.118    12.7464  32.184999    26.9489      7.054  274.16467  274.31550    25.1941     7.0510 -9.990e-29
 127.514757      7.138    12.7463  32.185579    26.9495      7.074  274.16429  274.31511    23.9646     7.0914 -9.990e-29
 127.514760      7.160    12.7464  32.185810    26.9493      7.096  274.16326  274.31409    23.5599     7.0591 -9.990e-29
 127.514763      7.189    12.7464  32.185405    26.9490      7.125  274.16432  274.31514    23.8245     7.0550 0.0000e+00
 127.514766      7.218    12.7464  32.184826    26.9490      7.154  274.16505  274.31588    23.7000     7.0550 0.0000e+00
 127.514769      7.251    12.7463  32.184594    26.9487      7.186  274.16611  274.31694    21.4120     6.7113 -9.990e-29
 127.514771      7.271    12.7464  32.183609    26.9476      7.206  274.16755  274.31839    21.3965     6.7154 -9.990e-29
 127.514774      7.293    12.7461  32.183030    26.9472      7.228  274.16986  274.32068    21.4432     6.7599 -9.990e-29
 127.514777      7.319    12.7459  32.182276    26.9466      7.253  274.17184  274.32267    21.8323     6.7194 -9.990e-29
 127.514780      7.337    12.7459  32.180596    26.9451      7.271  274.17515  274.32598    22.5015     7.0106 -9.990e-29
 127.514783      7.357    12.7457  32.178742    26.9436      7.291  274.17939  274.33023    22.3770     6.9863 -9.990e-29
 127.514786      7.373    12.7452  32.179785    26.9448      7.307  274.17945  274.33025    22.5327     6.9459 -9.990e-29
 127.514789      7.401    12.7452  32.178974    26.9441      7.334  274.18122  274.33203    22.4704     6.9903 -9.990e-29
 127.514792      7.424    12.7450  32.178743    26.9433      7.358  274.18228  274.33308    24.4782     7.0914 -9.990e-29
 127.514795      7.450    12.7450  32.177990    26.9436      7.383  274.18363  274.33444    24.4315     7.1278 0.0000e+00
 127.514797      7.487    12.7447  32.178337    26.9438      7.420  274.18430  274.33509    24.5249     7.1076 0.0000e+00
 127.514800      7.519    12.7446  32.178859    26.9443      7.452  274.18372  274.33449    24.3692     7.1359 0.0000e+00
 127.514803      7.548    12.7447  32.179149    26.9444      7.481  274.18291  274.33368    24.4782     7.1319 0.0000e+00
 127.514806      7.576    12.7449  32.182219    26.9445      7.508  274.17653  274.32729    25.6922     6.8529 -9.990e-29
 127.514809      7.597    12.7454  32.182799    26.9474      7.529  274.17331  274.32410    25.8323     6.8205 -9.990e-29
 127.514812      7.621    12.7461  32.183031    26.9471      7.553  274.17007  274.32090    25.8323     6.8488 -9.990e-29
 127.514815      7.628    12.7463  32.183610    26.9475      7.560  274.16810  274.31894    25.8167     6.8812 -9.990e-29
 127.514818      7.650    12.7466  32.184247    26.9479      7.582  274.16572  274.31657    27.6689     7.4715 -9.990e-29
 127.514821      7.669    12.7469  32.187318    26.9496      7.600  274.15871  274.30955    27.4976     7.4918 -9.990e-29
 127.514823      7.696    12.7475  32.186855    26.9496      7.627  274.15702  274.30791    27.6066     7.4958 0.0000e+00
 127.514826      7.731    12.7479  32.187029    26.9496      7.662  274.15484  274.30575    27.6689     7.4796 0.0000e+00
 127.514829      7.771    12.7482  32.191896    26.9538      7.701  274.14529  274.29617    35.9646     7.3138 0.0000e+00
 127.514832      7.815    12.7490  32.196358    26.9569      7.745  274.13362  274.28452    35.9801     7.3138 0.0000e+00
 127.514835      7.851    12.7503  32.196938    26.9571      7.781  274.12693  274.27790    36.0891     7.2896 0.0000e+00
 127.514838      7.881    12.7513  32.204008    26.9569      7.810  274.11000  274.26097    35.9957     7.3219 -9.990e-29
 127.514841      7.906    12.7529  32.206848    26.9643      7.835  274.09804  274.24908    33.1786     7.2653 -9.990e-29
 127.514844      7.926    12.7547  32.204993    26.9613      7.855  274.09344  274.24462    33.0385     7.2289 -9.990e-29
 127.514847      7.939    12.7553  32.204587    26.9604      7.868  274.09133  274.24255    33.1008     7.2491 -9.990e-29
 127.514850      7.945    12.7555  32.205225    26.9608      7.873  274.08925  274.24048    33.0229     7.2289 -9.990e-29
 127.514852      7.956    12.7557  32.206036    26.9614      7.884  274.08688  274.23811    32.9607     7.2977 -9.990e-29
 127.514855      7.965    12.7557  32.207833    26.9631      7.894  274.08370  274.23492    29.9257     7.3502 -9.990e-29
 127.514858      7.987    12.7560  32.208065    26.9624      7.915  274.08204  274.23328    29.7233     7.3907 -9.990e-29
 127.514861      8.023    12.7564  32.207659    26.9620      7.951  274.08089  274.23215    29.7233     7.3866 0.0000e+00
 127.514864      8.058    12.7564  32.206906    26.9624      7.986  274.08224  274.23352    29.7700     7.3704 0.0000e+00
 127.514867      8.101    12.7566  32.208239    26.9628      8.029  274.07928  274.23055    27.8401     7.3826 0.0000e+00
 127.514870      8.140    12.7564  32.208471    26.9632      8.067  274.07984  274.23110    27.9646     7.4109 0.0000e+00
 127.514873      8.173    12.7564  32.209051    26.9632      8.099  274.07883  274.23009    27.9179     7.3987 0.0000e+00
 127.514876      8.198    12.7564  32.207660    26.9630      8.125  274.08100  274.23227    27.8556     7.3704 0.0000e+00
 127.514878      8.224    12.7567  32.209456    26.9624      8.150  274.07689  274.22815    27.5599     7.5160 -9.990e-29
 127.514881      8.238    12.7567  32.208645    26.9630      8.164  274.07802  274.22929    27.4043     7.4796 -9.990e-29
 127.514884      8.249    12.7566  32.207892    26.9624      8.175  274.07999  274.23127    27.4976     7.5039 -9.990e-29
 127.514887      8.260    12.7564  32.207660    26.9624      8.186  274.08135  274.23262    27.3887     7.4877 -9.990e-29
 127.514890      8.275    12.7562  32.207428    26.9623      8.201  274.08272  274.23398    28.5871     7.7142 -9.990e-29
 127.514893      8.298    12.7559  32.206443    26.9618      8.224  274.08575  274.23699    28.4782     7.6899 -9.990e-29
 127.514896      8.329    12.7558  32.206617    26.9620      8.255  274.08577  274.23701    28.4938     7.6980 0.0000e+00
 127.514899      8.364    12.7557  32.206849    26.9618      8.289  274.08602  274.23724    28.5716     7.7263 0.0000e+00
 127.514902      8.406    12.7555  32.206211    26.9617      8.331  274.08781  274.23903    28.5871     7.7061 0.0000e+00
 127.514905      8.441    12.7555  32.206327    26.9617      8.365  274.08762  274.23884    29.3342     7.3300 0.0000e+00
 127.514907      8.473    12.7554  32.206849    26.9620      8.398  274.08704  274.23825    29.3342     7.2855 0.0000e+00
 127.514910      8.499    12.7553  32.206617    26.9622      8.423  274.08809  274.23930    29.2875     7.3098 -9.990e-29
 127.514913      8.523    12.7552  32.207023    26.9625      8.447  274.08771  274.23890    29.3965     7.3017 -9.990e-29
 127.514916      8.541    12.7552  32.207429    26.9629      8.465  274.08700  274.23819    30.0813     7.4351 -9.990e-29
 127.514919      8.554    12.7554  32.207835    26.9631      8.477  274.08534  274.23655    30.0346     7.4432 -9.990e-29
 127.514922      8.574    12.7554  32.207661    26.9629      8.497  274.08566  274.23687    30.1591     7.4796 -9.990e-29
 127.514925      8.587    12.7554  32.208067    26.9633      8.510  274.08495  274.23615    30.1124     7.4190 -9.990e-29
 127.514928      8.605    12.7555  32.208472    26.9636      8.528  274.08393  274.23513    28.3070     7.5888 -9.990e-29
 127.514931      8.625    12.7559  32.207661    26.9631      8.548  274.08380  274.23503    28.2292     7.5807 -9.990e-29
 127.514933      8.652    12.7559  32.208241    26.9633      8.575  274.08248  274.23371    28.2759     7.5888 0.0000e+00
 127.514936      8.685    12.7561  32.208878    26.9636      8.607  274.08074  274.23197    28.1047     7.5686 0.0000e+00
 127.514939      8.716    12.7562  32.209284    26.9637      8.638  274.07972  274.23096    27.2953     7.8395 0.0000e+00
 127.514942      8.749    12.7562  32.209052    26.9637      8.671  274.08015  274.23139    27.5755     7.8638 0.0000e+00
 127.514945      8.782    12.7563  32.208241    26.9628      8.703  274.08098  274.23224    27.2642     7.8193 0.0000e+00
 127.514948      8.809    12.7562  32.207662    26.9624      8.730  274.08266  274.23391    27.4043     7.8476 0.0000e+00
 127.514951      8.836    12.7559  32.205807    26.9616      8.757  274.08691  274.23816    27.6222     7.8152 0.0000e+00
 127.514954      8.864    12.7557  32.207430    26.9608      8.784  274.08500  274.23622    30.0346     7.8355 -9.990e-29
 127.514957      8.887    12.7557  32.205807    26.9610      8.808  274.08820  274.23944    29.8945     7.8355 -9.990e-29
 127.514959      8.907    12.7557  32.207430    26.9625      8.828  274.08534  274.23656    30.0657     7.7991 -9.990e-29
 127.514962      8.928    12.7556  32.207662    26.9627      8.848  274.08526  274.23648    29.9879     7.8435 -9.990e-29
 127.514965      8.951    12.7556  32.208068    26.9631      8.871  274.08456  274.23577    31.2486     7.8476 -9.990e-29
 127.514968      8.969    12.7557  32.207488    26.9631      8.889  274.08496  274.23619    31.2642     7.8274 -9.990e-29
 127.514971      8.995    12.7557  32.208242    26.9629      8.914  274.08364  274.23486    31.2953     7.8395 0.0000e+00
 127.514974      9.024    12.7557  32.207662    26.9627      8.943  274.08469  274.23592    31.2953     7.8435 0.0000e+00
 127.514977      9.052    12.7560  32.208068    26.9627      8.971  274.08273  274.23397    30.5794     7.6495 0.0000e+00
 127.514980      9.084    12.7560  32.208879    26.9627      9.003  274.08131  274.23254    30.6261     7.6616 -9.990e-29
 127.514983      9.108    12.7561  32.209459    26.9640      9.027  274.07998  274.23121    30.5327     7.6292 -9.990e-29
 127.514986      9.135    12.7564  32.209459    26.9637      9.054  274.07874  274.22999    30.4860     7.6090 -9.990e-29
 127.514988      9.156    12.7564  32.210387    26.9646      9.074  274.07711  274.22835    31.8712     7.6009 -9.990e-29
 127.514991      9.185    12.7565  32.210097    26.9642      9.103  274.07701  274.22826    31.7934     7.5888 -9.990e-29
 127.514994      9.209    12.7567  32.210271    26.9642      9.126  274.07577  274.22703    31.7311     7.5726 -9.990e-29
 127.514997      9.229    12.7568  32.209691    26.9636      9.146  274.07649  274.22777    31.7622     7.5605 -9.990e-29
 127.515000      9.252    12.7569  32.210851    26.9646      9.170  274.07414  274.22541    31.7934     7.5767 -9.990e-29
 127.515003      9.272    12.7570  32.211082    26.9647      9.189  274.07311  274.22439    32.0735     7.3583 -9.990e-29
 127.515006      9.291    12.7571  32.210503    26.9642      9.208  274.07383  274.22512    32.0891     7.3583 -9.990e-29
 127.515009      9.314    12.7572  32.211546    26.9651      9.231  274.07168  274.22297    32.0268     7.3704 -9.990e-29
 127.515012      9.337    12.7573  32.211662    26.9672      9.253  274.07086  274.22215    32.0891     7.3866 -9.990e-29
 127.515014      9.368    12.7578  32.214328    26.9672      9.284  274.06395  274.21524    33.1475     7.4958 0.0000e+00
 127.515017      9.393    12.7582  32.213923    26.9672      9.309  274.06279  274.21412    33.1008     7.5120 -9.990e-29
 127.515020      9.418    12.7586  32.213691    26.9662      9.334  274.06163  274.21299    33.2875     7.4958 -9.990e-29
 127.515023      9.446    12.7586  32.213923    26.9669      9.361  274.06124  274.21260    33.2875     7.4796 0.0000e+00
 127.515026      9.473    12.7589  32.215546    26.9673      9.388  274.05712  274.20848    35.6222     7.8678 0.0000e+00
 127.515029      9.502    12.7592  32.215604    26.9675      9.417  274.05577  274.20715    35.7622     7.8880 0.0000e+00
 127.515032      9.532    12.7594  32.216531    26.9680      9.446  274.05320  274.20458    35.7311     7.8719 0.0000e+00
 127.515035      9.564    12.7594  32.218328    26.9688      9.479  274.04973  274.20109    35.7934     7.8880 0.0000e+00
 127.515038      9.590    12.7602  32.217749    26.9696      9.504  274.04730  274.19872    35.4665     7.9042 -9.990e-29
 127.515041      9.610    12.7606  32.217343    26.9679      9.524  274.04645  274.19790    33.9724     8.1226 -9.990e-29
 127.515043      9.630    12.7609  32.218966    26.9691      9.543  274.04201  274.19347    34.0502     8.0821 -9.990e-29
 127.515046      9.648    12.7613  32.219778    26.9696      9.562  274.03900  274.19048    34.0191     8.0902 -9.990e-29
 127.515049      9.672    12.7614  32.219256    26.9685      9.585  274.03931  274.19080    34.1436     8.0457 -9.990e-29
 127.515052      9.699    12.7615  32.218734    26.9684      9.612  274.03994  274.19144    35.5288     7.9770 0.0000e+00
 127.515055      9.727    12.7616  32.218734    26.9685      9.639  274.03964  274.19114    35.6222     7.9932 0.0000e+00
 127.515058      9.757    12.7615  32.218735    26.9685      9.670  274.03997  274.19147    35.4665     7.9689 0.0000e+00
 127.515061      9.787    12.7617  32.219778    26.9691      9.699  274.03751  274.18901    35.5132     7.9810 0.0000e+00
 127.515064      9.816    12.7617  32.219546    26.9691      9.728  274.03794  274.18944    35.7467     8.1145 0.0000e+00
 127.515067      9.845    12.7616  32.219546    26.9691      9.757  274.03828  274.18977    35.6222     8.0983 0.0000e+00
 127.515069      9.874    12.7615  32.219430    26.9691      9.786  274.03882  274.19031    35.7467     8.1023 -9.990e-29
 127.515072      9.894    12.7616  32.219778    26.9693      9.806  274.03790  274.18939    35.8245     8.1104 -9.990e-29
 127.515075      9.918    12.7618  32.219778    26.9692      9.829  274.03697  274.18848    33.7700     8.0255 -9.990e-29
 127.515078      9.934    12.7617  32.219952    26.9694      9.845  274.03699  274.18849    33.7700     8.0296 -9.990e-29
 127.515081      9.953    12.7619  32.219778    26.9691      9.864  274.03667  274.18819    33.8945     8.0093 -9.990e-29
 127.515084      9.965    12.7618  32.219141    26.9686      9.876  274.03813  274.18964    33.8323     8.0012 -9.990e-29
 127.515087      9.986    12.7619  32.218329    26.9677      9.896  274.03926  274.19079    33.8478     8.0296 -9.990e-29
 127.515090     10.009    12.7617  32.219025    26.9677      9.920  274.03868  274.19019    53.5988     9.0405 -9.990e-29
 127.515093     10.039    12.7619  32.218330    26.9687      9.949  274.03930  274.19082    53.6611     9.0324 0.0000e+00
 127.515095     10.069    12.7617  32.220185    26.9696      9.979  274.03698  274.18847    53.4432     9.0405 0.0000e+00
 127.515098     10.108    12.7619  32.221982    26.9710     10.017  274.03256  274.18406    53.3809     9.0324 0.0000e+00
